YEAR,age,gender,marital_status,race,birth_place,education,occupation,industry,hours_per_week,income
1990,30,1,0,3,3,1,503,6,55,0
1990,28,2,0,3,3,1,185,3,10,0
1990,27,1,1,3,3,1,64,4,25,0
1990,63,2,0,0,0,1,254,4,40,1
1990,68,1,0,0,0,0,584,0,40,0
1990,50,1,0,0,0,1,418,6,49,0
1990,46,2,0,0,0,0,195,6,40,0
1990,36,1,0,0,0,1,47,0,42,1
1990,36,2,0,0,0,1,185,1,8,0
1990,21,1,1,0,0,0,904,6,60,0
1990,21,1,0,0,0,0,804,6,40,0
1990,23,2,0,0,0,1,379,4,4,0
1990,34,1,0,0,0,1,226,6,50,1
1990,34,2,0,0,0,1,459,5,15,0
1990,28,1,0,0,0,1,308,6,55,0
1990,37,2,0,0,0,1,337,3,40,0
1990,57,1,0,0,0,0,22,2,40,1
1990,59,2,0,0,0,1,156,5,0,0
1990,49,2,1,0,0,0,22,2,54,0
1990,38,2,1,0,0,1,889,3,45,0
1990,39,1,2,3,0,0,575,0,40,0
1990,72,2,3,3,0,0,0,0,0,0
1990,32,1,0,0,0,0,243,3,40,0
1990,27,2,0,0,0,0,335,4,0,0
1990,68,1,2,0,0,1,0,0,0,0
1990,37,2,2,0,0,1,189,5,16,0
1990,31,1,1,0,0,0,883,2,24,0
1990,44,1,0,0,0,1,876,2,30,0
1990,39,2,0,0,0,1,379,5,40,1
1990,34,2,1,0,0,1,389,6,37,0
1990,60,1,0,0,0,0,259,3,40,1
1990,59,2,0,0,0,0,22,1,40,0
1990,39,1,0,0,0,1,259,3,30,0
1990,49,2,0,0,2,1,84,5,40,1
1990,46,1,0,3,3,0,809,2,40,1
1990,45,2,0,3,3,0,449,4,40,0
1990,21,2,1,3,3,0,276,3,40,0
1990,19,1,1,3,3,0,0,0,0,0
1990,44,2,2,0,0,0,447,5,50,0
1990,27,1,0,0,0,0,515,6,50,0
1990,30,2,0,0,0,0,379,5,45,0
1990,42,1,0,0,0,1,243,3,60,1
1990,36,2,0,0,0,1,313,3,3,0
1990,45,1,0,0,0,1,699,1,84,1
1990,43,2,0,0,0,1,0,0,0,0
1990,42,1,0,3,0,0,883,2,40,0
1990,30,2,0,0,0,1,466,5,40,0
1990,55,1,0,0,0,1,36,6,0,0
1990,56,2,0,0,0,1,0,0,0,0
1990,52,1,2,0,0,0,804,2,40,1
1990,33,2,2,0,0,0,278,1,12,0
1990,46,1,0,0,0,1,65,6,40,0
1990,43,2,0,0,0,0,274,3,40,0
1990,19,1,1,0,0,1,276,3,28,0
1990,28,1,1,0,0,1,505,4,38,0
1990,30,1,0,0,0,0,486,0,40,0
1990,22,2,0,0,0,0,276,3,32,0
1990,26,2,3,0,0,1,275,4,40,0
1990,28,1,2,0,0,0,505,4,40,0
1990,28,2,1,0,0,1,75,0,40,1
1990,31,1,0,0,0,1,22,4,60,0
1990,29,2,0,0,0,1,95,5,40,0
1990,32,1,1,0,0,1,213,6,40,0
1990,55,1,0,0,0,1,22,6,40,1
1990,43,2,0,0,0,1,227,6,40,1
1990,49,2,0,0,0,1,313,5,40,0
1990,36,1,0,0,0,1,189,4,50,0
1990,25,1,0,2,0,0,617,0,60,1
1990,24,2,0,0,0,0,313,3,40,0
1990,42,1,0,0,0,1,213,6,40,0
1990,42,2,0,0,0,1,348,2,40,0
1990,39,2,2,0,0,1,303,6,40,0
1990,40,1,0,1,0,1,157,5,50,1
1990,39,2,0,1,0,0,156,5,40,1
1990,68,2,2,1,0,0,0,0,0,0
1990,34,1,0,0,0,1,696,0,50,1
1990,29,2,0,0,0,1,216,0,48,0
1990,58,2,2,0,0,1,808,5,40,0
1990,22,1,1,0,0,1,505,3,35,0
1990,48,1,0,0,0,0,22,2,40,0
1990,43,2,0,0,0,1,453,5,40,0
1990,22,1,1,0,0,1,176,5,0,0
1990,19,1,1,0,0,1,365,3,40,0
1990,18,1,1,0,0,1,804,3,25,0
1990,49,1,2,0,0,0,558,0,40,1
1990,39,2,2,0,0,0,869,0,40,0
1990,19,2,3,0,0,0,435,3,40,0
1990,40,1,0,0,0,1,243,3,55,0
1990,27,2,0,0,0,0,337,3,40,0
1990,75,1,0,0,0,0,0,0,0,1
1990,73,2,0,0,0,0,0,0,0,0
1990,31,2,1,0,0,1,379,1,28,0
1990,22,2,1,0,0,1,313,5,20,0
1990,29,1,1,0,2,1,22,1,70,0
1990,41,2,2,3,0,1,379,1,40,0
1990,39,1,2,0,0,0,22,3,46,0
1990,37,1,0,0,0,0,327,2,40,0
1990,36,2,0,0,0,0,466,5,48,0
1990,21,1,1,2,0,0,904,6,60,0
1990,21,1,0,1,0,1,505,6,40,0
1990,22,2,0,1,0,0,447,5,40,0
1990,29,1,0,0,0,0,869,6,40,0
1990,27,2,0,0,0,0,466,5,40,0
1990,26,1,3,1,0,1,453,4,40,0
1990,25,1,1,0,0,1,17,4,0,0
1990,22,2,2,0,3,1,435,4,40,0
1990,26,1,0,0,0,1,169,6,40,0
1990,25,2,0,0,0,1,203,5,40,0
1990,58,1,0,0,0,0,558,0,48,0
1990,62,2,0,0,0,0,337,5,40,0
1990,36,2,2,0,0,0,33,5,40,0
1990,58,1,3,0,0,0,453,4,50,0
1990,32,1,0,1,2,0,22,6,40,0
1990,31,2,0,3,0,1,36,6,37,0
1990,42,1,0,0,0,1,27,6,50,0
1990,40,2,0,0,0,1,365,6,40,0
1990,18,2,1,0,0,0,436,3,20,0
1990,22,1,1,0,0,0,877,3,40,0
1990,18,1,1,0,0,0,889,4,10,0
1990,19,2,1,0,0,0,17,3,25,0
1990,33,1,0,0,0,1,534,4,37,0
1990,28,2,0,0,0,1,379,6,12,0
1990,73,1,0,0,0,1,22,1,77,0
1990,72,2,0,0,0,0,0,0,0,0
1990,23,1,1,0,0,0,597,0,55,0
1990,56,1,0,0,0,1,22,1,72,1
1990,47,2,0,0,0,1,22,1,40,0
1990,52,1,0,0,0,1,23,5,48,0
1990,53,2,0,0,0,1,313,5,40,0
1990,60,1,0,0,0,0,766,1,60,0
1990,59,2,0,0,0,0,55,2,40,1
1990,37,1,2,0,0,1,7,5,50,0
1990,28,1,2,3,3,0,436,3,40,0
1990,73,2,3,0,0,1,17,4,25,1
1990,34,2,2,3,0,0,449,5,40,0
1990,52,2,3,0,0,1,157,5,40,1
1990,46,1,0,0,0,0,27,1,48,1
1990,33,2,0,0,0,0,36,1,40,0
1990,35,1,1,0,0,0,544,0,40,0
1990,43,1,0,0,0,1,226,2,40,1
1990,43,2,0,0,0,1,447,5,36,0
1990,35,2,2,0,0,1,313,4,40,0
1990,23,1,1,0,2,0,317,4,20,0
1990,32,1,0,0,0,1,13,3,40,1
1990,24,2,0,0,0,0,22,2,0,0
1990,36,1,0,0,0,0,418,6,37,1
1990,35,2,0,0,0,0,337,6,40,0
1990,38,1,0,0,0,1,567,0,40,0
1990,33,2,0,0,0,1,445,5,20,0
1990,49,1,0,0,0,0,613,0,84,1
1990,50,2,0,0,0,0,0,0,0,0
1990,50,1,1,0,0,0,446,5,0,0
1990,62,2,0,0,4,1,157,5,20,0
1990,62,1,0,0,3,1,259,3,30,0
1990,39,1,0,0,0,1,157,5,99,0
1990,38,2,0,0,0,1,95,5,20,0
1990,29,1,0,3,0,0,453,5,30,0
1990,22,2,0,3,0,0,446,5,30,0
1990,59,2,2,0,0,1,436,3,40,0
1990,60,1,0,0,0,0,0,0,0,0
1990,63,2,0,0,0,0,0,0,0,0
1990,38,1,0,0,0,0,869,0,0,0
1990,31,2,0,0,0,0,453,5,20,0
1990,47,1,1,3,0,0,0,0,0,0
1990,28,2,1,0,0,0,228,2,32,0
1990,42,1,0,0,0,1,5,6,40,0
1990,41,2,0,0,0,1,156,5,40,0
1990,37,1,3,0,0,1,844,5,70,0
1990,71,1,2,0,0,1,263,3,0,0
1990,67,1,0,0,0,1,175,5,40,0
1990,70,2,0,0,0,0,0,0,0,0
1990,42,1,0,0,0,0,243,4,40,0
1990,38,2,0,3,0,1,313,4,0,0
1990,29,1,0,0,0,0,889,2,45,0
1990,25,2,0,0,0,1,277,3,0,0
1990,66,1,0,0,0,1,26,5,48,0
1990,54,2,0,0,0,1,0,0,0,0
1990,48,1,0,1,0,1,355,2,0,0
1990,46,2,0,1,0,1,444,5,40,0
1990,67,2,3,0,0,0,0,0,0,0
1990,39,1,0,0,0,1,183,5,99,0
1990,33,2,0,3,0,0,466,5,99,0
1990,71,2,3,0,0,1,0,0,0,0
1990,58,1,0,0,0,0,498,0,12,1
1990,50,2,0,0,0,0,253,4,70,1
1990,53,2,3,0,0,0,809,2,40,0
1990,25,1,1,3,0,0,0,0,0,0
1990,42,2,3,0,0,1,36,6,50,0
1990,66,2,3,3,0,0,0,0,0,0
1990,37,1,1,3,0,0,418,6,46,0
1990,28,2,1,3,0,0,453,5,5,0
1990,41,1,0,0,0,1,426,6,37,0
1990,30,2,0,0,0,1,337,5,37,0
1990,40,2,3,3,0,1,156,5,45,0
1990,35,1,2,0,0,0,833,2,99,0
1990,25,1,0,3,0,0,533,1,86,0
1990,26,2,0,3,0,0,447,5,20,0
1990,21,1,1,0,0,0,385,6,48,0
1990,22,2,0,0,0,0,227,6,50,0
1990,25,1,0,0,0,0,21,5,40,0
1990,48,1,0,0,0,1,8,6,40,1
1990,42,2,0,0,0,1,253,4,40,0
1990,53,1,0,3,0,0,498,0,30,0
1990,48,2,0,3,0,0,436,5,30,0
1990,26,2,1,3,0,0,0,0,0,0
1990,24,1,1,3,0,0,0,0,0,0
1990,18,1,1,3,0,0,547,6,24,0
1990,40,1,0,0,0,1,53,0,50,0
1990,36,2,0,3,0,1,156,5,0,0
1990,30,1,0,3,0,0,453,5,27,0
1990,23,2,0,3,0,0,156,5,30,0
1990,66,2,3,3,0,0,387,5,2,0
1990,40,1,1,3,0,1,869,0,40,0
1990,26,1,1,3,0,0,498,0,30,0
1990,27,1,1,3,0,0,869,0,40,0
1990,39,2,2,3,0,0,449,4,0,0
1990,68,1,2,0,0,0,498,0,0,0
1990,56,1,0,3,0,0,0,0,0,0
1990,68,2,0,3,0,0,0,0,0,0
1990,47,1,0,0,0,0,226,2,50,1
1990,43,2,0,0,0,0,22,5,24,0
1990,23,1,2,0,0,0,874,1,40,0
1990,50,2,0,0,0,1,313,5,40,0
1990,52,1,0,0,0,1,84,5,40,1
1990,36,1,0,0,0,0,549,1,89,1
1990,31,2,0,0,0,0,0,0,0,0
1990,33,1,3,3,3,0,688,1,84,0
1990,45,1,0,0,0,1,426,4,84,0
1990,44,2,0,0,0,1,276,3,40,0
1990,28,1,0,3,0,0,0,0,0,0
1990,26,2,0,3,0,0,505,4,0,0
1990,61,1,3,0,0,0,567,0,0,0
1990,31,1,0,0,0,1,22,6,40,0
1990,28,2,0,0,0,0,274,3,0,0
1990,39,1,0,0,0,0,494,1,70,1
1990,38,2,0,0,0,0,436,1,35,0
1990,18,2,1,0,0,0,436,3,25,0
1990,40,1,0,0,0,1,417,6,40,1
1990,41,2,0,3,0,1,155,5,0,0
1990,37,1,1,3,0,0,373,0,37,0
1990,33,2,2,3,0,1,313,6,40,0
1990,41,2,2,3,0,1,5,6,37,0
1990,25,1,0,3,0,0,804,3,99,0
1990,26,2,0,3,0,0,447,4,99,0
1990,41,1,1,3,0,0,869,0,38,1
1990,55,2,3,0,0,1,17,3,70,0
1990,37,1,1,0,0,0,36,6,70,0
1990,38,1,1,0,0,0,754,0,50,0
1990,58,1,0,0,0,0,22,2,40,0
1990,53,2,0,0,0,0,386,0,40,0
1990,29,1,1,3,0,0,0,0,0,0
1990,39,1,1,0,0,0,22,2,60,0
1990,72,1,0,3,0,0,498,0,60,1
1990,62,2,0,3,0,0,0,0,0,0
1990,27,2,0,3,0,0,335,5,40,0
1990,38,1,0,0,0,0,804,3,40,0
1990,57,1,0,3,0,0,695,2,0,0
1990,54,2,0,3,0,0,0,0,0,0
1990,27,1,1,3,0,0,889,5,0,0
1990,26,1,1,3,0,0,0,0,0,0
1990,32,1,0,0,0,1,883,2,60,0
1990,31,2,0,0,0,1,156,5,50,0
1990,24,1,2,0,0,1,549,1,60,0
1990,34,2,2,0,0,0,436,3,35,0
1990,46,1,2,0,0,1,783,0,40,0
1990,29,1,0,0,0,1,498,0,60,0
1990,31,2,0,0,0,1,17,4,70,0
1990,36,2,2,0,0,1,156,5,40,0
1990,42,1,0,0,0,1,529,2,40,1
1990,35,2,0,0,0,0,243,3,30,0
1990,42,1,3,0,0,0,497,0,60,0
1990,31,1,1,0,0,0,804,2,60,0
1990,33,1,2,3,0,0,844,0,42,0
1990,38,2,0,2,1,0,435,3,38,0
1990,54,1,0,2,1,1,779,1,0,0
1990,19,2,1,2,1,1,264,3,40,0
1990,20,1,1,0,0,1,829,6,50,0
1990,43,1,0,3,0,0,254,4,37,0
1990,34,2,0,3,0,0,468,5,3,0
1990,31,2,1,0,0,1,156,5,40,0
1990,40,1,0,3,0,0,865,5,40,0
1990,37,2,0,3,0,0,0,0,0,0
1990,72,1,0,3,0,0,156,5,35,0
1990,62,2,0,3,0,0,674,1,14,0
1990,24,1,1,3,0,0,779,2,40,0
1990,22,2,1,3,0,0,0,0,0,0
1990,19,1,1,3,0,0,869,0,49,0
1990,27,1,1,3,0,0,577,2,40,0
1990,26,2,1,3,0,1,453,5,0,0
1990,49,1,3,0,0,1,27,6,37,1
1990,58,2,1,0,0,1,156,5,40,0
1990,49,2,2,3,0,0,3,6,40,0
1990,55,1,2,3,0,0,615,0,75,0
1990,30,2,1,0,0,1,95,5,40,0
1990,36,1,1,3,0,0,877,3,84,0
1990,44,1,2,0,0,1,22,2,40,0
1990,26,1,1,0,0,0,453,4,0,0
1990,61,1,0,3,0,0,453,6,10,0
1990,48,2,0,3,0,0,447,5,15,0
1990,42,1,2,0,0,1,518,4,38,1
1990,28,2,1,0,0,1,95,5,40,0
1990,26,1,1,3,0,1,418,6,40,0
1990,26,1,0,0,0,1,558,0,70,0
1990,23,2,0,0,0,0,744,1,40,0
1990,70,2,3,0,0,0,0,0,0,0
1990,19,1,0,0,0,1,657,1,40,0
1990,20,2,0,0,0,1,313,3,25,0
1990,43,1,0,0,0,0,849,0,40,0
1990,38,2,0,0,0,0,0,0,0,0
1990,19,2,1,0,0,1,0,0,0,0
1990,52,1,0,0,0,0,22,1,0,0
1990,52,2,0,0,0,0,22,1,40,0
1990,51,1,0,0,0,1,33,1,45,0
1990,48,2,0,0,0,1,8,1,43,0
1990,23,1,0,0,0,0,516,2,40,0
1990,22,2,0,0,0,1,0,0,0,0
1990,46,2,0,0,0,0,458,4,24,0
1990,51,1,0,0,0,0,779,1,40,0
1990,57,1,0,0,0,0,883,1,40,0
1990,52,2,0,0,0,0,0,0,0,0
1990,44,1,0,0,0,1,415,1,45,0
1990,43,2,0,0,0,0,744,1,40,0
1990,19,2,1,0,0,0,274,3,30,0
1990,59,1,0,0,0,0,533,2,40,0
1990,52,2,0,0,0,1,0,0,0,0
1990,55,1,0,0,0,0,53,0,40,0
1990,51,2,0,0,0,0,0,0,0,0
1990,41,2,1,0,0,1,95,5,50,0
1990,45,2,2,0,0,1,445,5,50,0
1990,47,1,0,0,0,0,22,2,45,1
1990,45,2,0,0,0,1,156,5,35,0
1990,26,1,0,0,0,1,878,1,50,0
1990,25,2,0,0,0,1,315,5,0,0
1990,55,1,0,0,0,0,888,1,40,0
1990,49,2,0,0,0,0,0,0,0,0
1990,33,1,2,0,0,1,22,1,40,0
1990,29,1,0,0,0,0,505,4,40,0
1990,28,2,0,0,0,0,276,3,0,0
1990,42,1,0,0,0,0,0,0,0,0
1990,42,2,0,0,0,0,458,4,30,0
1990,57,1,0,0,0,0,0,0,0,0
1990,54,2,0,0,0,0,447,5,2,0
1990,18,1,1,0,0,0,453,3,16,0
1990,60,2,2,0,0,1,243,3,40,0
1990,60,1,0,0,0,1,637,1,40,0
1990,57,2,0,0,0,0,313,5,35,0
1990,78,1,3,0,0,0,0,0,0,0
1990,76,2,3,0,0,0,0,0,0,0
1990,41,1,0,0,0,1,637,2,40,0
1990,39,2,0,0,0,0,744,1,30,0
1990,70,2,3,0,0,0,0,0,0,0
1990,43,1,0,0,0,0,804,3,60,0
1990,36,2,0,0,0,1,385,5,38,0
1990,75,1,3,1,0,0,0,0,0,0
1990,66,1,0,0,0,0,0,0,0,0
1990,62,2,0,0,0,0,0,0,0,0
1990,55,1,0,0,0,0,855,0,72,0
1990,46,2,0,0,0,1,579,2,0,0
1990,76,2,2,0,0,1,313,5,40,0
1990,67,1,0,1,0,0,0,0,0,0
1990,57,2,0,1,0,0,0,0,0,0
1990,28,1,0,1,0,1,95,5,13,0
1990,27,2,0,1,0,1,276,3,30,0
1990,30,1,1,0,0,1,259,3,40,0
1990,77,1,0,0,0,0,0,0,0,0
1990,70,2,0,0,0,0,0,0,0,0
1990,43,1,0,0,0,0,783,0,40,0
1990,40,2,0,0,0,0,436,5,30,0
1990,20,1,1,0,0,0,259,1,40,0
1990,18,1,1,0,0,0,443,3,20,0
1990,42,1,0,1,0,1,45,1,40,0
1990,42,2,0,1,0,1,0,0,0,0
1990,61,1,0,0,0,0,243,3,48,0
1990,61,2,0,0,0,0,0,0,0,0
1990,29,2,1,0,0,1,29,3,40,0
1990,69,2,3,0,0,0,0,0,0,0
1990,62,1,3,1,0,0,0,0,0,0
1990,20,1,1,0,0,1,365,3,44,0
1990,29,1,0,0,0,0,597,0,40,0
1990,27,2,0,0,0,1,744,1,40,0
1990,58,1,0,0,0,0,0,0,0,0
1990,79,2,0,0,0,0,0,0,0,0
1990,33,1,0,0,0,0,563,0,40,0
1990,30,2,0,0,0,1,313,5,45,0
1990,51,1,0,0,0,0,259,1,35,0
1990,50,2,0,0,0,0,0,0,0,0
1990,18,2,1,0,0,0,0,0,0,0
1990,33,1,0,0,0,0,366,2,40,0
1990,30,2,0,0,0,0,17,3,55,0
1990,52,1,0,0,0,0,0,0,0,1
1990,48,2,0,0,0,0,5,2,40,0
1990,64,1,0,0,0,0,259,3,20,0
1990,61,2,0,0,0,0,0,0,0,0
1990,39,1,0,0,0,0,0,0,0,0
1990,38,2,0,0,0,0,744,1,40,0
1990,23,1,0,0,0,0,486,0,40,0
1990,35,2,0,0,0,0,435,3,40,0
1990,60,1,0,0,0,0,486,0,0,0
1990,51,2,0,0,0,0,0,0,0,0
1990,33,1,0,0,0,0,844,6,40,0
1990,32,2,0,0,0,0,337,5,40,0
1990,58,1,0,0,0,0,796,1,0,0
1990,47,2,0,0,0,0,0,0,0,0
1990,27,1,0,0,0,0,496,1,15,0
1990,24,2,0,0,0,0,449,4,0,0
1990,32,1,0,1,0,1,889,2,40,0
1990,27,2,0,1,0,1,674,1,40,0
1990,48,1,0,0,0,0,643,2,40,0
1990,49,2,0,0,0,0,243,1,37,0
1990,18,1,1,0,0,0,0,0,0,0
1990,77,2,3,0,0,0,0,0,0,0
1990,55,2,1,0,0,0,0,0,0,0
1990,40,1,0,0,0,0,613,0,40,0
1990,37,2,0,0,0,1,315,4,40,0
1990,58,2,2,0,0,0,744,1,0,0
1990,35,1,0,0,0,0,616,0,50,0
1990,33,2,0,0,0,0,785,1,35,0
1990,27,1,0,0,0,0,577,2,40,0
1990,29,2,0,0,0,0,308,3,40,0
1990,32,1,0,0,0,0,856,2,40,0
1990,29,2,0,0,0,1,95,5,40,0
1990,50,1,0,0,0,0,783,0,36,0
1990,49,2,0,0,0,0,383,4,40,0
1990,48,1,0,0,0,1,213,1,40,1
1990,43,2,0,0,0,0,376,3,40,1
1990,79,2,3,0,0,0,0,0,0,0
1990,69,1,0,0,0,0,426,5,40,0
1990,67,2,0,0,0,0,0,0,0,0
1990,39,1,2,0,0,1,577,2,40,0
1990,38,1,0,0,0,1,734,1,40,0
1990,30,2,0,0,0,0,709,1,40,0
1990,67,1,0,0,0,0,804,0,24,0
1990,63,2,0,0,0,0,447,5,0,0
1990,51,1,0,0,0,1,217,0,45,0
1990,44,2,0,0,0,0,319,5,43,0
1990,73,1,0,0,0,0,259,3,45,0
1990,70,2,0,0,0,0,313,3,18,0
1990,34,1,0,0,0,0,14,5,40,0
1990,32,2,0,0,0,0,0,0,0,0
1990,44,1,0,0,0,1,637,1,40,0
1990,39,2,0,0,0,1,7,4,35,0
1990,19,2,1,0,0,1,447,5,24,0
1990,54,1,0,0,0,0,783,1,40,0
1990,48,2,0,0,0,0,338,0,40,0
1990,80,2,1,0,0,0,0,0,0,0
1990,61,2,2,0,0,0,0,0,0,0
1990,61,2,2,1,0,1,5,6,40,0
1990,29,1,0,0,0,1,56,1,48,0
1990,28,2,0,0,0,0,383,4,40,0
1990,32,2,1,1,0,0,447,5,40,0
1990,32,1,0,0,0,0,0,0,0,0
1990,40,2,0,0,0,1,207,5,40,0
1990,39,1,0,0,0,0,579,0,40,0
1990,35,2,0,0,0,1,95,5,40,0
1990,61,1,0,0,0,0,859,1,48,0
1990,58,2,0,0,0,0,687,3,48,0
1990,62,1,0,0,0,0,628,1,8,0
1990,58,2,0,0,0,0,319,6,40,0
1990,32,2,2,0,0,0,744,1,40,0
1990,19,1,0,1,0,0,888,1,40,0
1990,22,2,0,1,0,0,744,1,40,0
1990,51,1,0,0,0,0,453,1,13,0
1990,54,2,0,0,0,0,276,3,40,0
1990,41,2,3,0,0,0,744,1,35,0
1990,37,1,2,0,0,0,544,1,45,0
1990,26,1,1,1,0,0,759,1,40,0
1990,25,2,1,1,0,1,777,1,40,0
1990,56,1,1,1,0,0,808,5,20,0
1990,41,2,0,0,0,1,379,4,40,0
1990,41,1,0,0,0,0,0,0,0,0
1990,75,2,3,0,0,1,0,0,0,0
1990,76,2,3,0,0,0,0,0,0,0
1990,47,1,1,0,0,0,0,0,0,0
1990,65,1,0,0,0,0,0,0,0,0
1990,45,2,0,0,0,1,254,4,32,0
1990,64,1,0,0,0,0,243,3,60,0
1990,64,2,0,0,0,0,0,0,0,0
1990,43,1,0,0,0,1,23,5,40,1
1990,43,2,0,0,0,1,156,5,40,0
1990,23,2,1,0,0,1,23,5,45,0
1990,21,1,1,0,0,1,23,5,5,0
1990,55,1,0,0,0,0,724,1,48,0
1990,53,2,0,0,0,0,739,1,40,0
1990,62,1,0,0,0,0,0,0,0,0
1990,59,2,0,0,0,0,0,0,0,0
1990,79,2,3,0,0,0,0,0,0,0
1990,53,1,0,0,0,0,585,4,40,0
1990,53,2,0,0,0,0,744,1,24,0
1990,27,1,0,0,0,1,567,1,56,0
1990,26,2,0,0,0,1,207,5,40,0
1990,50,1,0,1,0,0,859,0,40,0
1990,50,2,0,1,0,0,744,1,32,0
1990,18,2,1,1,0,0,0,0,0,0
1990,30,1,3,1,0,1,744,1,32,0
1990,48,2,1,1,0,0,447,5,40,0
1990,73,2,3,1,0,0,0,0,0,0
1990,36,2,3,1,0,1,747,1,35,0
1990,26,1,0,0,0,0,779,1,48,0
1990,29,2,0,0,0,1,67,1,42,0
1990,76,2,0,0,0,0,0,0,0,0
1990,76,1,0,0,0,0,253,4,20,0
1990,41,1,0,0,0,1,179,6,40,1
1990,34,2,0,0,0,1,156,5,40,0
1990,73,1,0,0,0,0,0,0,0,0
1990,71,2,0,0,0,0,0,0,0,0
1990,59,1,0,0,0,1,17,3,40,0
1990,57,2,0,0,0,1,243,3,60,0
1990,32,2,3,1,0,0,436,3,37,0
1990,70,2,3,1,0,0,0,0,0,0
1990,33,2,1,1,0,0,0,0,0,0
1990,35,1,0,0,0,0,389,1,0,0
1990,34,2,0,0,0,0,25,4,0,0
1990,36,1,0,0,0,1,22,2,50,0
1990,30,2,0,0,0,0,185,3,30,0
1990,39,1,1,1,0,0,0,0,0,0
1990,45,1,0,0,0,1,27,6,40,0
1990,45,2,0,0,0,0,337,2,45,0
1990,65,1,0,0,0,1,0,0,0,0
1990,66,2,0,0,0,0,0,0,0,0
1990,21,1,1,1,0,0,744,1,30,0
1990,53,1,0,0,0,1,26,5,40,0
1990,50,2,0,0,0,1,156,5,40,0
1990,69,2,3,0,0,0,0,0,0,0
1990,44,1,1,0,0,0,0,0,0,0
1990,26,1,0,0,0,0,783,1,40,0
1990,22,2,0,0,0,0,888,1,40,0
1990,21,1,1,0,0,0,274,3,40,0
1990,51,2,2,0,0,0,436,3,40,0
1990,19,2,2,0,0,0,438,3,40,0
1990,58,2,3,0,0,0,0,0,0,0
1990,70,1,0,1,0,0,0,0,0,0
1990,71,2,0,1,0,0,0,0,0,0
1990,32,1,0,0,0,0,829,0,40,0
1990,27,2,0,0,0,0,276,3,31,0
1990,27,2,1,1,0,0,0,0,0,0
1990,69,1,0,1,0,0,0,0,0,0
1990,67,2,0,1,0,0,436,5,37,0
1990,52,1,0,1,0,0,567,0,40,0
1990,51,2,0,1,0,0,0,0,0,0
1990,31,1,1,1,0,0,567,0,0,0
1990,55,2,3,1,0,0,436,3,24,0
1990,44,2,2,1,0,0,666,4,35,0
1990,26,1,1,1,0,1,866,2,45,0
1990,65,2,3,1,0,0,0,0,0,0
1990,35,1,2,1,0,0,593,0,40,0
1990,28,1,1,1,0,0,883,3,40,0
1990,20,2,1,1,0,1,0,0,0,0
1990,61,1,0,0,0,0,777,1,40,0
1990,55,2,0,0,0,0,0,0,0,0
1990,52,2,0,0,0,0,0,0,0,0
1990,52,1,0,0,0,0,795,3,40,0
1990,64,1,0,0,0,0,885,1,0,0
1990,60,2,0,0,0,0,0,0,0,0
1990,76,2,3,0,0,0,274,3,40,0
1990,68,1,0,0,0,0,0,0,0,0
1990,66,2,0,0,0,0,0,0,0,0
1990,34,1,0,0,0,1,84,5,70,0
1990,22,2,0,0,0,1,377,5,48,0
1990,36,1,0,0,0,0,628,0,60,0
1990,31,2,0,0,0,1,22,0,40,0
1990,18,1,1,0,2,0,0,0,0,0
1990,43,1,0,0,0,0,709,0,90,0
1990,45,2,0,0,0,1,387,5,40,0
1990,38,1,0,0,0,0,366,2,0,0
1990,35,2,0,0,0,1,0,0,0,0
1990,65,1,3,0,0,0,426,4,40,0
1990,38,1,0,1,0,0,475,0,46,0
1990,39,2,0,1,0,1,167,5,40,0
1990,19,2,1,1,0,1,0,0,0,0
1990,75,2,3,0,0,1,243,3,0,0
1990,55,1,2,0,0,1,216,5,45,0
1990,78,2,2,0,0,1,183,5,39,0
1990,20,2,0,0,0,1,243,3,40,0
1990,21,1,0,0,0,0,274,3,0,0
1990,72,2,3,1,0,0,0,0,0,0
1990,26,2,1,1,0,1,447,5,40,0
1990,49,2,2,1,0,1,95,5,40,0
1990,29,2,3,1,2,1,373,3,30,0
1990,42,1,0,0,3,1,145,5,40,0
1990,47,2,0,0,0,1,156,5,46,0
1990,28,1,0,1,0,0,263,3,45,0
1990,26,2,0,1,0,1,315,3,25,0
1990,63,1,0,0,0,1,266,3,45,0
1990,62,2,0,0,0,0,337,3,40,0
1990,29,2,1,0,0,0,785,5,0,0
1990,22,1,1,0,0,1,379,6,40,0
1990,64,1,2,0,0,0,426,3,35,0
1990,21,1,1,0,0,1,0,0,0,0
1990,19,2,1,0,0,1,274,3,0,0
1990,23,1,1,0,0,1,386,4,15,0
1990,44,1,0,1,0,0,727,1,40,0
1990,41,2,0,1,0,0,407,4,21,0
1990,41,1,2,0,0,1,235,5,40,1
1990,19,2,1,1,0,1,276,3,32,0
1990,39,2,0,1,0,1,447,5,40,0
1990,40,1,0,1,0,0,844,0,40,0
1990,37,1,0,1,0,0,447,5,0,0
1990,35,2,0,1,0,0,686,1,40,0
1990,19,1,1,1,0,0,0,0,0,0
1990,41,2,2,1,0,0,14,5,40,0
1990,30,1,1,0,0,1,276,3,17,0
1990,22,1,1,0,0,1,274,3,25,0
1990,32,1,0,0,0,0,303,3,40,0
1990,28,2,0,0,0,0,185,3,40,0
1990,66,1,0,0,0,1,5,6,40,1
1990,62,2,0,0,0,1,154,5,40,0
1990,62,1,0,0,0,0,0,0,0,0
1990,63,2,0,0,0,0,313,2,40,0
1990,22,2,1,1,0,1,433,3,32,0
1990,49,1,0,0,0,1,505,4,40,0
1990,48,2,0,0,0,0,0,0,0,0
1990,18,1,1,0,0,0,877,3,40,0
1990,44,1,0,1,0,1,16,2,40,1
1990,41,2,0,1,0,1,95,5,40,0
1990,18,2,1,1,0,1,666,1,0,0
1990,54,1,0,0,0,1,56,1,45,0
1990,52,2,0,0,0,1,274,3,20,0
1990,18,2,1,1,0,1,315,5,40,0
1990,27,2,1,1,0,1,447,5,40,0
1990,78,2,3,1,0,0,0,0,0,0
1990,29,1,0,0,0,1,259,3,40,0
1990,27,2,0,0,0,1,154,5,6,0
1990,47,1,0,0,0,0,473,0,84,0
1990,47,2,0,0,0,0,0,0,0,0
1990,52,1,0,0,0,1,79,0,50,1
1990,50,2,0,0,0,1,156,5,20,0
1990,18,2,1,0,0,0,379,0,20,0
1990,37,1,0,0,0,0,0,0,0,0
1990,35,2,0,0,0,1,754,1,40,0
1990,19,1,1,0,0,0,486,0,40,0
1990,23,2,3,1,0,0,785,1,30,0
1990,77,2,3,1,0,0,443,5,0,0
1990,23,2,1,1,0,1,446,5,0,0
1990,37,2,2,1,0,1,313,6,40,0
1990,33,1,0,0,0,0,549,1,40,0
1990,32,2,0,0,0,0,0,0,0,0
1990,72,1,0,0,0,0,0,0,0,0
1990,61,2,0,0,0,0,0,0,0,0
1990,19,1,1,0,0,0,473,0,72,0
1990,58,2,3,1,0,0,0,0,0,0
1990,28,1,1,1,0,0,579,1,20,0
1990,79,2,0,1,0,0,0,0,0,0
1990,21,1,0,0,0,1,734,1,32,0
1990,21,2,0,0,0,1,329,5,12,0
1990,39,1,0,1,0,1,804,2,50,0
1990,34,2,0,1,0,0,418,6,40,0
1990,33,2,1,1,0,0,0,0,0,0
1990,40,1,0,0,0,0,259,1,50,0
1990,30,2,0,0,0,0,313,3,35,0
1990,18,2,1,0,0,1,0,0,0,0
1990,51,2,2,1,0,0,449,4,28,0
1990,61,1,0,0,0,0,534,1,40,0
1990,56,2,0,0,0,0,0,0,0,0
1990,60,1,0,0,0,1,0,0,0,0
1990,59,2,0,0,0,1,0,0,0,0
1990,43,1,0,1,0,0,804,0,50,0
1990,42,2,0,1,0,0,436,3,0,0
1990,21,2,1,1,0,1,0,0,0,0
1990,20,1,1,1,0,1,733,1,40,0
1990,20,2,1,1,0,0,436,3,30,0
1990,74,1,0,0,0,0,0,0,0,0
1990,59,2,0,0,0,0,448,5,40,0
1990,45,1,0,0,0,0,796,1,40,0
1990,48,2,0,0,0,0,276,3,20,0
1990,56,1,0,0,0,0,878,1,60,1
1990,59,2,0,0,0,0,316,6,0,0
1990,63,1,0,0,0,0,303,4,40,0
1990,61,2,0,0,0,0,243,3,0,0
1990,28,1,0,0,0,0,783,1,40,0
1990,20,2,0,0,0,0,744,1,40,0
1990,53,1,0,0,0,0,686,3,40,0
1990,49,2,0,0,0,0,22,1,40,0
1990,34,1,0,0,0,0,47,2,40,0
1990,23,2,0,0,0,1,243,5,40,0
1990,66,1,0,0,0,0,796,1,15,0
1990,60,2,0,0,0,0,0,0,0,0
1990,56,1,0,0,0,0,856,1,40,0
1990,44,2,0,0,0,0,0,0,0,0
1990,21,1,1,0,0,0,453,1,40,0
1990,65,1,0,0,0,1,266,3,30,0
1990,64,2,0,0,0,1,266,3,9,0
1990,71,1,0,0,0,0,0,0,0,0
1990,62,2,0,0,0,0,0,0,0,0
1990,58,1,0,0,0,1,179,6,40,1
1990,58,2,0,0,0,0,355,2,4,0
1990,70,2,3,0,4,1,156,5,40,0
1990,55,1,0,0,0,0,869,0,84,0
1990,45,2,0,0,0,0,0,0,0,0
1990,39,1,0,1,0,0,453,5,12,0
1990,47,2,0,1,0,0,447,5,37,0
1990,47,2,2,0,0,0,276,3,40,0
1990,49,2,3,1,0,0,453,4,40,0
1990,22,1,0,1,0,0,0,0,0,0
1990,33,1,0,0,0,0,266,3,40,0
1990,26,2,0,0,0,0,385,2,45,0
1990,31,1,0,0,0,0,496,1,60,0
1990,31,2,0,0,0,0,628,1,40,0
1990,76,2,3,1,0,0,0,0,0,0
1990,61,1,3,1,0,0,0,0,0,0
1990,24,1,0,0,0,0,804,2,50,0
1990,21,2,0,0,0,0,385,2,45,0
1990,38,1,3,1,0,0,909,6,0,0
1990,71,1,2,0,0,0,0,0,0,0
1990,47,1,0,0,0,1,48,1,40,1
1990,45,2,0,0,0,1,0,0,0,0
1990,60,1,0,0,0,1,22,2,45,0
1990,57,2,0,0,0,1,95,5,35,0
1990,48,1,0,0,0,0,235,1,40,0
1990,44,2,0,0,0,0,383,4,24,0
1990,20,2,1,0,0,1,264,3,15,0
1990,28,2,3,1,0,0,447,5,40,0
1990,58,2,3,0,0,0,0,0,0,0
1990,79,1,0,0,0,0,426,1,40,0
1990,72,2,0,0,0,0,0,0,0,0
1990,67,1,0,0,0,0,473,0,50,0
1990,52,2,0,0,0,0,0,0,0,0
1990,54,2,1,0,0,0,0,0,0,0
1990,43,1,0,0,0,1,575,1,0,0
1990,27,2,0,0,0,1,276,3,50,0
1990,78,2,3,1,0,0,0,0,0,0
1990,33,1,3,1,0,0,453,6,40,0
1990,20,2,1,1,0,0,0,0,0,0
1990,60,1,0,0,0,1,203,5,60,0
1990,52,2,0,0,0,1,14,5,40,0
1990,63,2,3,0,0,0,0,0,0,0
1990,48,2,2,1,0,1,174,6,40,0
1990,61,1,0,0,0,1,79,0,25,0
1990,59,2,0,0,0,0,274,3,16,0
1990,33,2,2,1,0,0,385,6,40,0
1990,51,1,0,0,0,0,628,1,60,0
1990,49,2,0,0,0,0,0,0,0,0
1990,51,1,0,0,0,1,757,1,40,0
1990,43,2,0,3,3,1,473,0,40,0
1990,56,1,0,0,0,0,804,1,50,0
1990,55,2,0,0,0,0,329,5,40,0
1990,70,2,0,1,0,0,0,0,0,0
1990,35,1,1,1,0,0,558,0,8,0
1990,36,2,3,1,0,0,777,1,40,0
1990,68,1,0,0,0,0,0,0,0,0
1990,64,2,0,0,0,0,0,0,0,0
1990,45,1,0,0,0,0,0,0,0,0
1990,43,2,0,0,0,0,0,0,0,0
1990,20,2,1,0,0,1,0,0,0,0
1990,38,1,0,1,0,1,207,5,40,0
1990,33,2,0,1,0,1,458,4,40,0
1990,67,1,0,0,0,0,27,3,40,1
1990,61,2,0,0,0,0,0,0,0,0
1990,43,1,3,0,0,1,599,0,0,0
1990,18,1,1,0,0,0,0,0,0,0
1990,19,2,1,0,0,0,0,0,0,0
1990,18,1,1,0,0,0,0,0,0,0
1990,76,1,3,0,0,0,0,0,0,0
1990,52,1,0,0,0,0,573,0,20,0
1990,36,2,0,0,0,1,308,4,40,0
1990,80,1,3,0,0,0,17,3,0,0
1990,39,2,2,0,0,1,95,5,40,0
1990,18,1,1,0,0,0,276,3,20,0
1990,60,1,0,0,0,0,507,0,40,0
1990,60,2,0,0,0,0,0,0,0,0
1990,27,1,0,0,0,0,678,5,40,0
1990,28,2,0,0,0,0,888,3,30,0
1990,37,1,0,0,0,1,549,5,40,0
1990,36,2,0,0,0,1,208,5,40,0
1990,29,1,0,0,0,1,529,2,40,0
1990,23,2,0,0,0,1,104,5,40,0
1990,49,1,0,0,0,0,274,3,38,0
1990,43,2,0,0,0,0,0,0,0,0
1990,21,2,1,0,0,1,276,3,15,0
1990,38,1,0,0,0,0,486,0,40,1
1990,36,2,0,0,0,0,276,3,21,0
1990,58,2,0,0,0,0,327,3,25,0
1990,55,1,0,0,0,0,426,4,30,0
1990,28,1,0,0,0,1,518,1,50,0
1990,27,2,0,0,0,1,0,0,0,0
1990,45,1,0,0,0,1,257,4,47,0
1990,44,2,0,0,0,0,274,3,24,0
1990,21,1,1,0,0,1,383,4,38,0
1990,32,1,2,0,0,0,585,0,40,0
1990,27,2,1,1,0,0,276,3,35,0
1990,63,1,0,0,0,0,736,1,40,0
1990,63,2,0,0,0,0,365,5,0,0
1990,70,1,0,0,0,1,885,3,55,0
1990,70,2,0,0,0,0,0,0,0,0
1990,27,1,1,0,0,1,274,3,30,0
1990,78,2,3,0,0,1,0,0,0,0
1990,64,2,3,0,0,0,0,0,0,0
1990,57,1,0,0,0,0,828,1,0,0
1990,60,2,0,0,0,0,438,1,40,0
1990,39,2,3,1,0,1,228,2,40,0
1990,20,1,1,1,0,0,444,3,0,0
1990,19,1,1,1,0,0,276,3,18,0
1990,75,2,3,1,0,0,447,5,0,0
1990,68,2,1,1,0,0,0,0,0,0
1990,63,1,2,1,0,0,0,0,0,0
1990,56,1,2,1,0,0,579,5,15,0
1990,41,1,3,1,0,0,769,1,40,0
1990,33,2,1,1,0,1,447,5,24,0
1990,55,1,3,1,0,0,845,2,0,0
1990,68,1,3,1,0,0,808,5,0,0
1990,33,2,2,1,0,0,0,0,0,0
1990,62,2,3,1,0,0,207,5,35,0
1990,22,2,1,1,0,1,156,5,0,0
1990,65,1,0,0,0,1,549,4,0,0
1990,64,2,0,0,0,0,804,2,50,0
1990,34,2,2,3,3,0,407,4,30,0
1990,38,2,1,0,0,1,253,4,40,1
1990,63,1,1,0,0,0,0,0,0,0
1990,26,2,1,1,0,0,0,0,0,0
1990,25,2,1,1,0,0,0,0,0,0
1990,59,1,2,1,0,1,159,6,40,0
1990,69,2,3,3,0,0,0,0,0,0
1990,54,2,3,0,0,0,276,3,36,0
1990,69,2,3,0,0,0,276,3,0,0
1990,25,2,2,0,0,1,337,3,40,0
1990,42,1,0,0,0,1,699,1,40,0
1990,33,2,0,0,0,1,189,4,40,0
1990,20,2,1,0,0,1,276,3,27,0
1990,18,2,1,0,0,0,438,3,20,0
1990,43,1,0,0,0,0,828,2,84,0
1990,43,2,0,0,0,0,276,4,37,0
1990,21,1,0,0,0,0,566,3,40,0
1990,21,2,0,0,0,1,447,5,58,0
1990,49,2,2,1,0,0,628,4,40,0
1990,28,2,1,1,0,0,95,5,40,0
1990,19,1,1,1,0,0,796,6,30,0
1990,29,1,1,0,0,1,17,3,50,0
1990,26,1,1,0,0,1,734,1,40,0
1990,54,1,0,1,0,0,804,3,45,0
1990,52,2,0,1,0,0,0,0,0,0
1990,26,2,1,1,0,1,777,3,0,0
1990,25,2,1,1,0,1,436,3,30,0
1990,29,2,1,1,0,0,909,6,0,0
1990,73,1,0,0,0,1,0,0,0,0
1990,69,2,0,0,0,1,0,0,0,0
1990,34,1,1,0,0,1,216,5,0,0
1990,78,1,0,0,0,0,0,0,0,0
1990,60,2,0,0,0,0,22,4,50,0
1990,25,1,2,1,0,0,889,4,40,0
1990,52,2,2,1,0,0,453,5,40,0
1990,64,1,0,0,0,0,275,4,0,0
1990,63,2,0,0,0,0,0,0,0,0
1990,78,1,0,0,0,0,0,0,0,0
1990,77,2,0,0,0,0,0,0,0,0
1990,67,1,0,0,0,0,637,2,40,0
1990,66,2,0,0,0,0,0,0,0,0
1990,64,1,0,0,0,0,243,3,40,1
1990,67,2,0,0,0,0,0,0,0,0
1990,28,2,2,0,0,1,193,3,35,0
1990,21,1,1,0,0,0,436,3,20,0
1990,46,2,2,0,0,0,319,5,45,0
1990,32,1,0,0,0,0,259,1,40,0
1990,25,2,0,0,0,1,18,4,40,0
1990,35,2,2,0,0,1,243,3,53,0
1990,20,2,1,0,0,1,155,5,30,0
1990,80,2,0,0,0,0,0,0,0,0
1990,42,1,0,1,0,1,253,4,40,0
1990,43,2,0,1,0,1,263,3,28,0
1990,18,1,1,1,0,0,0,0,0,0
1990,24,1,1,1,0,0,174,5,36,0
1990,34,1,0,0,0,1,216,5,40,0
1990,29,2,0,0,0,1,206,5,40,0
1990,53,1,0,0,0,0,0,0,0,0
1990,53,2,0,0,0,0,27,6,0,0
1990,43,1,0,0,0,1,188,5,40,0
1990,41,2,0,0,0,1,468,5,12,0
1990,68,2,3,0,0,1,0,0,0,0
1990,41,2,2,0,0,1,313,1,40,0
1990,21,2,2,0,0,0,436,3,20,0
1990,20,1,1,2,1,1,0,0,0,0
1990,20,2,3,0,0,0,379,1,0,0
1990,21,1,1,1,0,1,883,2,40,0
1990,21,1,1,1,0,1,883,2,40,0
1990,20,1,1,1,0,1,549,4,12,0
1990,46,2,2,0,0,1,254,4,30,0
1990,49,2,2,0,0,1,22,2,40,0
1990,18,1,1,0,0,1,877,3,25,0
1990,24,2,1,0,0,0,313,3,40,0
1990,24,2,1,0,0,0,15,5,40,0
1990,43,1,0,0,0,1,33,5,45,1
1990,42,2,0,0,0,1,319,5,40,0
1990,19,2,1,0,0,1,0,0,0,0
1990,57,1,0,0,0,1,154,5,60,1
1990,51,2,0,0,0,0,877,3,24,0
1990,68,1,0,0,0,0,0,0,0,0
1990,70,2,0,0,0,0,0,0,0,0
1990,31,2,3,1,0,1,0,0,0,0
1990,51,2,2,1,0,0,466,5,12,0
1990,35,1,3,1,0,0,869,0,0,0
1990,52,1,3,1,0,1,869,0,0,0
1990,76,2,0,1,0,0,0,0,0,0
1990,33,2,1,1,0,1,0,0,0,0
1990,67,2,2,1,0,0,888,3,0,0
1990,30,1,1,1,0,0,505,3,0,0
1990,61,1,0,0,0,0,637,1,40,0
1990,58,2,0,0,0,0,0,0,0,0
1990,54,1,3,0,0,1,176,5,0,0
1990,27,1,2,0,0,1,889,3,50,0
1990,62,1,2,0,0,1,889,4,0,0
1990,35,1,0,0,0,0,777,1,44,0
1990,28,2,0,0,0,0,688,3,25,0
1990,73,2,3,0,0,0,0,0,0,0
1990,36,2,1,0,0,0,435,3,24,0
1990,67,2,3,1,0,0,356,2,0,0
1990,34,1,2,0,0,1,253,4,60,0
1990,45,1,1,0,0,1,447,5,40,0
1990,38,1,0,0,0,0,715,1,50,0
1990,30,2,0,0,0,0,253,4,8,0
1990,71,1,0,0,0,0,337,6,40,0
1990,62,2,0,0,0,0,378,5,40,0
1990,61,1,0,0,0,0,22,5,48,0
1990,45,2,0,0,0,1,95,5,40,0
1990,32,1,0,3,0,0,547,3,40,0
1990,31,2,0,3,0,1,406,4,40,0
1990,76,2,0,0,0,0,0,0,0,0
1990,62,1,0,1,0,0,883,1,40,0
1990,58,2,0,1,0,0,0,0,0,0
1990,36,2,1,1,0,0,407,4,30,0
1990,23,2,1,1,0,1,769,3,0,0
1990,31,1,1,1,0,0,777,1,40,1
1990,78,2,3,1,0,1,0,0,0,0
1990,23,1,1,0,0,1,424,6,30,0
1990,22,1,1,0,0,0,269,3,40,0
1990,51,1,0,0,0,0,558,0,55,0
1990,52,2,0,0,0,0,319,0,0,0
1990,23,1,1,0,0,0,276,3,40,0
1990,35,1,1,0,0,0,856,1,45,0
1990,68,1,3,0,0,0,0,0,0,0
1990,35,1,0,0,0,1,695,2,40,0
1990,29,2,0,0,0,1,22,5,40,0
1990,23,1,1,0,0,0,869,0,9,0
1990,78,2,3,0,0,0,0,0,0,0
1990,69,2,2,0,0,1,0,0,0,0
1990,64,1,0,0,0,1,268,3,25,0
1990,61,2,0,0,0,0,0,0,0,0
1990,34,1,0,1,0,0,804,2,40,0
1990,35,2,0,1,0,1,476,0,42,0
1990,75,2,3,0,0,0,317,4,16,0
1990,50,1,0,0,0,1,558,0,50,0
1990,51,2,0,0,0,1,313,3,40,0
1990,73,2,0,0,0,0,0,0,0,0
1990,43,2,2,0,0,0,436,3,20,0
1990,66,1,0,0,0,0,0,0,0,0
1990,63,2,0,0,0,0,0,0,0,0
1990,53,1,0,0,0,0,505,4,40,0
1990,55,2,0,0,0,0,653,1,40,0
1990,21,1,1,0,0,0,828,2,84,0
1990,70,1,0,0,0,0,364,3,40,0
1990,58,2,0,0,0,1,0,0,0,0
1990,65,1,0,0,0,1,85,5,0,0
1990,52,2,0,0,0,0,22,5,75,0
1990,76,1,3,0,0,0,567,0,40,0
1990,72,1,3,0,0,0,0,0,0,0
1990,52,1,2,0,0,0,22,3,50,0
1990,57,1,0,0,0,1,22,0,60,0
1990,59,2,0,0,0,0,0,0,0,0
1990,31,1,2,0,0,1,22,0,50,0
1990,45,1,0,0,0,0,22,0,40,0
1990,38,2,0,0,0,1,254,4,40,0
1990,54,2,2,0,0,0,447,5,40,0
1990,32,2,1,0,0,1,205,5,40,0
1990,56,1,2,0,0,0,426,4,57,0
1990,71,2,3,0,0,0,274,3,10,0
1990,33,1,1,0,0,0,516,0,40,0
1990,39,1,1,0,0,0,575,1,40,0
1990,40,2,2,0,0,1,21,5,30,0
1990,18,1,1,0,0,0,459,5,25,0
1990,60,1,0,0,0,0,779,0,40,0
1990,56,2,0,0,0,0,0,0,0,0
1990,22,1,1,0,0,0,577,2,40,0
1990,45,1,0,0,0,1,228,6,50,0
1990,45,2,0,0,0,1,243,4,50,0
1990,18,2,1,0,0,0,264,3,40,0
1990,61,2,2,0,0,0,23,4,35,0
1990,61,1,0,0,0,0,453,4,40,0
1990,62,2,0,0,0,0,0,0,0,0
1990,40,1,0,0,0,0,269,3,60,0
1990,38,2,0,0,0,1,313,3,50,0
1990,44,1,0,0,0,1,253,4,40,1
1990,43,2,0,0,0,1,5,6,40,0
1990,24,1,0,0,2,1,243,3,40,0
1990,22,2,0,0,0,0,343,3,30,0
1990,52,2,3,1,0,0,407,4,20,0
1990,26,1,1,1,0,0,888,1,0,0
1990,29,1,3,1,0,0,567,0,30,0
1990,40,1,3,0,0,0,744,1,40,0
1990,19,1,1,0,0,1,877,3,30,0
1990,58,2,3,0,0,0,0,0,0,0
1990,38,1,0,0,0,1,176,5,50,0
1990,36,2,0,0,0,1,159,5,6,0
1990,59,2,3,0,0,0,389,6,40,0
1990,26,1,0,0,0,0,878,4,40,0
1990,22,2,0,0,0,0,796,1,40,0
1990,34,1,0,0,0,0,785,1,40,0
1990,29,2,0,0,0,0,435,3,0,0
1990,47,1,0,0,0,1,355,2,40,0
1990,64,2,0,0,0,1,0,0,0,0
1990,48,2,2,0,0,1,338,2,40,0
1990,18,1,1,0,0,0,0,0,0,0
1990,79,1,0,0,0,0,0,0,0,0
1990,77,2,0,0,0,0,0,0,0,0
1990,41,1,0,0,0,0,804,0,40,0
1990,37,2,0,0,0,0,156,5,24,0
1990,18,1,1,0,0,0,785,3,40,0
1990,70,1,0,0,0,0,689,2,0,0
1990,64,2,0,0,0,0,23,3,0,0
1990,26,2,2,0,0,0,744,1,0,0
1990,60,1,0,0,0,1,0,0,0,0
1990,52,2,0,3,3,1,744,1,40,0
1990,62,2,3,0,0,0,436,3,40,0
1990,76,1,0,0,0,0,473,0,30,0
1990,61,2,0,0,0,0,0,0,0,0
1990,73,2,3,0,0,1,156,5,40,1
1990,60,1,0,0,0,0,804,0,43,0
1990,47,2,0,0,0,1,159,5,14,0
1990,26,1,1,0,0,1,129,5,40,0
1990,23,2,1,0,0,1,274,3,15,0
1990,53,2,3,0,0,0,458,4,40,0
1990,43,1,0,0,0,1,503,6,40,0
1990,42,2,0,0,0,1,156,5,40,0
1990,57,2,3,0,0,0,749,1,40,0
1990,79,2,3,0,0,0,0,0,0,1
1990,69,1,3,0,0,0,378,3,20,0
1990,45,2,3,0,0,0,744,1,40,0
1990,20,1,1,0,0,0,37,3,50,0
1990,42,2,2,0,0,0,458,4,40,0
1990,32,1,0,0,0,0,79,0,40,0
1990,32,2,0,0,0,0,744,1,40,0
1990,46,1,0,0,0,0,473,0,40,0
1990,45,2,0,0,0,0,744,1,40,0
1990,23,1,1,0,0,0,475,0,35,0
1990,73,2,2,0,0,0,0,0,0,0
1990,49,1,2,0,0,0,0,0,0,0
1990,41,1,0,0,0,0,843,1,40,0
1990,40,2,0,0,0,0,744,1,40,0
1990,19,2,1,0,0,0,796,1,20,0
1990,41,1,0,0,0,0,27,6,60,1
1990,38,2,0,0,0,1,95,6,40,0
1990,40,1,0,1,0,1,418,6,40,0
1990,40,2,0,1,0,1,447,5,40,0
1990,57,2,2,0,0,0,0,0,0,0
1990,50,1,0,0,0,0,804,2,40,0
1990,42,2,0,0,0,0,458,4,40,0
1990,18,2,1,0,0,0,0,0,0,0
1990,46,2,2,1,0,1,453,5,35,0
1990,76,1,3,0,0,0,0,0,0,0
1990,32,1,3,1,0,0,744,1,40,0
1990,32,2,3,1,0,0,744,1,40,0
1990,75,1,0,0,0,1,0,0,0,0
1990,64,2,0,0,0,1,0,0,0,0
1990,18,2,1,0,0,0,0,0,0,0
1990,38,2,3,1,0,0,0,0,0,0
1990,19,2,1,1,0,0,0,0,0,0
1990,46,1,0,1,0,0,448,5,40,0
1990,44,2,0,1,0,0,744,1,40,0
1990,59,1,0,0,0,0,585,0,40,0
1990,56,2,0,0,0,0,444,3,20,0
1990,78,2,3,1,0,0,0,0,0,0
1990,37,1,3,1,0,0,869,0,40,0
1990,30,1,3,1,0,0,0,0,0,0
1990,36,2,3,1,0,0,889,1,40,0
1990,36,1,1,1,0,0,558,0,0,0
1990,66,2,3,1,0,0,799,1,0,0
1990,19,2,1,1,0,0,488,0,0,0
1990,59,1,0,0,0,0,777,1,40,0
1990,58,2,0,0,0,1,95,6,40,0
1990,76,1,0,0,0,0,0,0,0,0
1990,73,2,0,0,0,0,0,0,0,0
1990,45,1,0,0,0,1,473,0,80,0
1990,42,2,0,0,0,1,156,5,35,0
1990,41,2,2,1,0,1,487,0,30,0
1990,18,1,1,1,0,0,0,0,0,0
1990,37,2,3,1,0,0,453,5,50,0
1990,49,2,2,0,0,1,0,0,0,0
1990,32,1,0,1,0,1,785,1,40,0
1990,30,2,0,1,0,1,389,5,40,0
1990,25,2,2,0,0,0,744,1,40,0
1990,18,1,1,0,0,0,595,0,40,0
1990,66,1,0,0,0,0,909,6,0,0
1990,62,2,0,0,0,0,909,6,0,0
1990,77,2,3,0,0,0,0,0,0,0
1990,38,1,0,0,0,1,628,2,40,0
1990,33,2,0,0,0,0,25,2,40,0
1990,73,2,3,0,0,0,0,0,0,0
1990,57,2,2,0,0,0,447,5,40,0
1990,20,1,1,0,0,0,579,0,0,0
1990,79,2,3,0,0,0,0,0,0,0
1990,31,1,0,0,0,1,253,4,40,0
1990,31,2,0,0,0,1,156,5,40,0
1990,43,2,2,1,0,0,405,4,35,0
1990,19,1,1,1,0,0,259,3,18,0
1990,41,2,0,1,0,0,436,3,20,0
1990,44,1,0,1,0,0,779,1,0,0
1990,25,1,0,0,0,1,628,1,40,0
1990,23,2,0,0,0,1,379,1,40,0
1990,38,2,2,1,0,0,0,0,0,0
1990,29,2,1,1,0,0,0,0,0,0
1990,35,1,0,1,0,1,414,6,60,0
1990,42,2,0,1,0,1,418,6,66,0
1990,23,1,0,1,0,0,883,1,40,0
1990,24,2,0,1,0,0,276,3,35,0
1990,67,1,0,0,0,0,866,0,40,0
1990,49,2,0,0,0,0,785,1,40,0
1990,49,1,0,0,0,1,22,2,55,0
1990,48,2,0,0,0,1,259,3,0,0
1990,57,1,0,0,0,0,804,1,50,0
1990,59,2,0,0,0,0,436,5,30,0
1990,26,1,0,0,0,0,374,2,50,0
1990,26,2,0,0,0,0,385,2,45,0
1990,72,2,2,0,0,0,0,0,0,0
1990,72,2,3,0,0,0,155,5,20,0
1990,78,1,0,0,0,0,808,6,40,0
1990,74,2,0,0,0,0,0,0,0,0
1990,69,2,3,1,0,0,0,0,0,0
1990,46,2,3,0,0,0,468,5,40,0
1990,76,2,3,0,0,0,406,4,35,0
1990,54,1,0,0,0,0,276,3,38,0
1990,41,2,0,0,0,1,0,0,0,0
1990,74,1,0,0,0,0,0,0,0,0
1990,73,2,0,0,0,0,0,0,0,0
1990,28,1,0,0,0,1,575,1,40,0
1990,29,2,0,0,0,1,23,4,40,0
1990,36,1,0,0,0,0,505,4,50,0
1990,29,2,0,0,0,0,243,3,50,0
1990,73,1,0,1,0,1,0,0,0,0
1990,74,2,0,1,0,1,0,0,0,0
1990,56,1,2,0,0,0,869,0,40,0
1990,58,1,0,0,0,0,243,3,50,1
1990,51,2,0,0,0,0,313,3,30,0
1990,73,1,0,0,0,1,243,3,30,0
1990,73,2,0,0,0,1,0,0,0,0
1990,45,1,1,1,0,1,486,4,40,0
1990,36,1,0,1,0,0,563,0,40,0
1990,24,2,0,1,0,0,364,1,40,0
1990,58,1,0,0,0,0,0,0,0,0
1990,57,2,0,0,0,0,0,0,0,0
1990,33,1,0,0,0,0,259,3,40,0
1990,35,2,0,0,0,1,95,5,45,0
1990,26,1,0,0,0,0,453,1,68,0
1990,32,2,0,0,0,0,274,4,38,0
1990,73,2,3,0,0,0,0,0,0,0
1990,54,1,2,0,0,0,909,6,0,0
1990,44,2,2,0,0,0,435,3,40,0
1990,67,1,0,0,0,0,0,0,0,0
1990,67,2,0,0,0,0,0,0,0,0
1990,49,1,0,0,0,0,418,6,42,0
1990,49,2,0,0,0,0,274,3,30,0
1990,25,1,0,0,0,0,274,3,60,0
1990,23,2,0,0,0,0,379,1,42,0
1990,63,1,0,1,0,0,496,1,40,0
1990,62,2,0,1,0,0,808,5,30,0
1990,18,2,1,1,0,0,436,5,30,0
1990,75,2,3,1,0,0,436,3,0,0
1990,71,1,0,1,0,0,0,0,0,0
1990,65,2,0,1,0,0,0,0,0,0
1990,47,2,0,0,0,1,15,5,70,0
1990,65,1,0,0,0,1,447,6,70,0
1990,23,1,2,0,0,0,567,0,40,0
1990,76,1,0,0,0,0,0,0,0,0
1990,72,2,0,0,0,0,0,0,0,0
1990,48,1,0,1,0,0,787,1,40,0
1990,47,2,0,1,0,0,0,0,0,0
1990,27,2,1,1,0,1,0,0,0,0
1990,26,2,3,1,0,0,0,0,0,0
1990,22,1,0,0,0,1,597,0,40,0
1990,23,2,0,0,0,0,785,1,40,0
1990,55,2,3,0,0,0,0,0,0,0
1990,71,2,3,1,0,0,407,4,0,0
1990,19,1,1,1,0,0,365,3,6,0
1990,26,2,3,1,0,1,95,5,40,0
1990,47,1,0,0,0,1,159,2,40,0
1990,42,2,0,0,0,1,376,4,40,0
1990,20,1,1,0,0,0,479,0,30,0
1990,79,2,3,0,0,0,0,0,0,0
1990,69,1,0,0,0,0,809,5,0,0
1990,71,2,0,0,0,1,447,5,40,0
1990,32,1,0,0,0,1,84,5,40,0
1990,33,2,0,0,0,1,95,5,0,0
1990,26,1,1,0,0,1,903,6,60,0
1990,22,1,0,0,0,1,226,6,40,0
1990,22,2,0,0,0,1,156,5,40,0
1990,31,1,1,0,0,0,889,1,8,0
1990,53,1,0,0,0,0,759,2,40,1
1990,45,2,0,0,0,0,313,5,0,0
1990,25,2,2,0,0,1,207,5,40,0
1990,50,1,0,0,0,0,567,0,40,0
1990,50,2,0,0,0,0,744,1,0,0
1990,56,1,0,1,0,0,496,1,40,0
1990,59,2,0,1,0,0,466,5,40,0
1990,22,1,1,1,0,1,486,0,0,0
1990,47,1,0,0,0,0,475,0,70,0
1990,45,2,0,0,0,0,755,1,45,0
1990,68,1,0,0,0,0,0,0,0,0
1990,67,2,0,0,0,0,0,0,0,0
1990,60,1,0,0,0,0,653,0,40,0
1990,48,2,0,0,0,0,0,0,0,0
1990,28,1,1,0,0,1,164,5,40,0
1990,18,1,0,0,0,0,486,0,40,0
1990,19,2,0,0,0,0,276,3,0,0
1990,46,1,0,0,0,0,579,0,0,0
1990,49,2,0,0,0,0,447,4,30,0
1990,30,1,0,0,0,0,889,1,40,0
1990,24,2,0,0,0,0,0,0,0,0
1990,47,1,0,0,0,1,64,4,40,0
1990,45,2,0,0,0,1,23,3,40,0
1990,23,2,1,0,0,0,96,3,40,0
1990,52,1,0,0,0,1,744,1,48,0
1990,54,2,0,0,0,1,338,1,44,0
1990,20,1,1,0,0,1,379,1,40,0
1990,63,1,0,0,0,0,426,4,35,0
1990,55,2,0,0,0,0,276,3,20,0
1990,70,2,3,0,0,1,0,0,0,0
1990,37,1,0,0,0,1,164,5,35,0
1990,37,2,0,0,0,1,156,5,40,0
1990,72,2,3,1,0,0,0,0,0,0
1990,36,1,1,0,0,1,254,4,40,0
1990,70,1,0,0,0,0,0,0,0,0
1990,73,2,0,0,0,0,0,0,0,0
1990,73,1,0,0,0,0,0,0,0,0
1990,66,2,0,0,0,0,0,0,0,0
1990,72,1,2,0,0,0,0,0,0,0
1990,59,2,3,1,0,0,0,0,0,0
1990,26,2,1,1,0,0,785,1,0,0
1990,30,2,2,1,0,1,387,5,0,0
1990,34,1,0,1,0,0,453,5,40,0
1990,35,2,0,1,0,0,348,1,40,0
1990,18,1,1,1,0,0,444,3,40,0
1990,68,2,3,0,0,0,256,1,20,0
1990,73,1,0,0,0,0,0,0,0,0
1990,72,2,0,0,0,0,0,0,0,0
1990,32,1,0,0,0,0,447,5,0,0
1990,28,2,0,0,0,1,683,1,50,0
1990,37,1,0,2,0,0,809,2,72,0
1990,33,2,0,2,0,0,276,3,48,0
1990,32,1,2,0,0,0,243,3,43,0
1990,27,2,2,0,0,1,754,1,38,0
1990,20,2,1,0,0,0,0,0,0,0
1990,53,1,0,1,0,1,738,1,0,0
1990,40,2,0,1,0,1,95,5,40,0
1990,27,1,0,1,0,0,785,1,40,0
1990,29,2,0,1,0,0,686,1,40,0
1990,22,1,0,0,0,1,453,5,40,0
1990,23,2,0,0,0,1,467,5,25,0
1990,69,1,0,0,0,1,235,5,0,0
1990,69,2,0,0,0,1,163,5,0,0
1990,19,1,1,0,0,0,156,5,32,0
1990,18,2,1,0,0,1,0,0,0,0
1990,20,2,1,1,0,1,373,3,10,0
1990,70,2,3,1,0,0,0,0,0,0
1990,38,2,0,1,0,0,738,1,64,0
1990,37,1,0,1,0,1,804,0,40,0
1990,38,2,1,1,0,0,683,1,40,0
1990,38,2,3,1,0,1,379,6,45,0
1990,44,1,0,0,0,1,305,5,40,1
1990,43,2,0,0,0,1,14,5,84,0
1990,19,2,1,0,0,1,435,3,10,0
1990,28,1,1,0,0,0,856,1,40,0
1990,46,2,3,0,0,0,243,3,40,0
1990,41,1,0,0,0,1,22,1,40,1
1990,40,2,0,0,0,1,313,1,40,0
1990,20,1,1,0,0,1,777,1,40,0
1990,18,2,1,0,0,0,0,0,0,0
1990,48,2,3,1,0,0,739,1,42,0
1990,47,1,2,1,0,0,439,3,42,0
1990,30,1,0,0,0,0,804,2,40,0
1990,38,2,0,0,2,0,364,3,5,0
1990,68,1,0,0,0,0,628,1,40,0
1990,65,2,0,0,0,0,0,0,0,0
1990,48,1,2,0,0,0,585,0,60,0
1990,32,1,0,0,0,0,259,1,45,0
1990,31,2,0,0,0,0,8,5,44,0
1990,56,2,3,1,0,0,0,0,0,0
1990,39,2,3,1,0,0,0,0,0,0
1990,65,2,3,1,0,0,453,2,0,0
1990,32,1,0,0,0,1,256,1,45,0
1990,32,2,0,0,0,1,13,4,40,0
1990,22,1,1,0,0,1,225,5,45,0
1990,22,1,1,0,0,1,379,5,40,0
1990,23,1,1,0,0,1,0,0,0,0
1990,34,1,0,0,0,1,268,3,50,0
1990,31,2,0,0,0,1,163,5,40,0
1990,40,2,0,0,0,1,156,5,50,0
1990,46,1,0,0,0,1,156,5,50,0
1990,21,2,1,0,0,1,313,5,45,0
1990,18,2,1,0,0,1,804,3,40,0
1990,19,2,1,0,0,0,467,5,30,0
1990,19,2,1,0,0,0,283,4,12,0
1990,19,2,1,0,0,1,435,3,15,0
1990,19,2,1,0,0,1,264,3,30,0
1990,68,1,0,0,0,0,503,3,0,0
1990,56,2,0,0,0,1,22,5,50,0
1990,44,1,0,0,0,1,756,1,40,0
1990,49,2,0,0,0,0,677,3,40,0
1990,77,2,3,0,0,0,0,0,0,0
1990,38,2,2,1,0,1,313,1,45,0
1990,34,1,0,0,0,1,22,6,40,0
1990,34,2,0,0,0,1,319,5,40,0
1990,46,2,3,1,0,0,796,1,40,0
1990,30,1,0,0,0,1,164,6,45,0
1990,31,2,0,0,0,1,0,0,0,0
1990,20,1,1,0,0,1,274,3,40,0
1990,26,1,2,0,0,1,229,6,40,0
1990,32,1,1,0,0,1,229,6,40,0
1990,26,1,1,0,0,1,229,4,40,0
1990,24,1,1,0,0,1,634,1,54,0
1990,24,1,1,0,0,0,259,3,50,0
1990,32,1,0,0,0,1,86,0,45,1
1990,24,2,0,0,0,1,0,0,0,0
1990,36,1,2,0,0,0,0,0,0,0
1990,56,1,2,1,0,0,453,3,40,0
1990,47,1,1,1,0,0,588,0,40,0
1990,35,2,3,0,0,1,95,5,48,0
1990,27,1,2,0,0,1,15,5,40,0
1990,29,2,2,1,0,1,27,6,12,0
1990,47,2,3,0,0,1,185,3,40,0
1990,59,1,0,0,0,0,22,2,60,0
1990,62,2,0,0,0,0,243,3,40,0
1990,18,1,1,1,0,0,436,1,40,0
1990,46,2,0,1,0,0,0,0,0,0
1990,48,1,0,1,0,0,387,5,15,0
1990,24,2,1,1,0,0,0,0,0,0
1990,34,2,2,1,0,0,385,6,40,0
1990,22,1,1,1,0,1,785,1,52,0
1990,20,1,1,1,0,1,889,3,20,0
1990,19,2,1,1,0,1,17,3,0,0
1990,62,2,3,0,0,0,17,5,40,0
1990,28,2,0,1,0,1,418,6,40,0
1990,32,1,0,1,0,0,356,3,70,0
1990,45,2,2,1,0,0,0,0,0,0
1990,45,1,1,1,0,0,0,0,0,0
1990,35,1,1,1,0,1,514,4,40,0
1990,37,1,0,0,0,1,804,2,55,0
1990,35,2,0,0,0,0,436,3,10,0
1990,71,2,3,0,0,0,0,0,0,0
1990,26,1,0,0,0,1,585,0,43,0
1990,20,2,0,0,0,1,155,5,20,0
1990,71,2,3,1,0,0,453,4,4,0
1990,65,2,3,1,0,0,0,0,0,0
1990,37,1,1,1,0,0,869,0,40,0
1990,28,2,1,1,0,0,768,1,30,0
1990,43,1,0,0,0,0,853,0,40,0
1990,49,2,0,0,0,0,747,4,0,0
1990,42,2,1,1,0,0,436,3,43,0
1990,63,1,1,1,0,0,446,5,27,0
1990,80,2,3,1,0,0,0,0,0,0
1990,75,2,1,0,0,1,0,0,0,1
1990,21,1,1,0,0,1,804,3,45,0
1990,61,2,0,1,0,0,243,3,0,0
1990,63,1,0,1,0,0,0,0,0,0
1990,40,2,2,1,0,1,156,5,40,0
1990,19,2,1,1,0,1,313,2,55,0
1990,75,2,2,0,0,0,0,0,0,0
1990,26,1,0,0,0,1,525,4,40,0
1990,25,2,0,0,0,0,347,4,40,0
1990,60,1,0,0,0,0,243,3,54,0
1990,66,2,0,0,0,0,0,0,0,0
1990,57,2,2,0,0,0,466,5,40,1
1990,38,1,1,0,0,0,547,3,40,0
1990,54,1,0,0,0,1,259,3,40,0
1990,53,2,0,0,0,0,365,6,0,0
1990,59,1,0,0,0,1,254,4,40,0
1990,59,2,0,0,0,1,14,5,45,0
1990,34,1,2,0,0,0,314,5,40,0
1990,39,1,0,0,0,1,23,5,50,1
1990,40,2,0,0,0,1,156,5,0,0
1990,48,1,0,1,0,0,354,2,40,0
1990,49,2,0,1,0,1,207,5,40,0
1990,75,2,3,1,0,1,0,0,0,0
1990,39,2,1,1,0,0,447,5,10,0
1990,53,1,0,1,0,0,0,0,0,0
1990,57,2,0,1,0,0,0,0,0,0
1990,21,2,0,1,0,1,229,0,40,0
1990,24,1,0,1,0,0,439,3,35,0
1990,19,1,1,1,0,0,365,2,40,0
1990,73,1,0,1,0,0,0,0,0,0
1990,73,2,0,1,0,0,0,0,0,0
1990,65,1,0,0,0,0,426,5,40,0
1990,60,2,0,0,0,0,0,0,0,0
1990,33,2,0,0,0,0,354,2,40,0
1990,37,1,0,0,0,0,424,6,40,0
1990,65,1,3,0,0,0,518,1,40,0
1990,65,1,0,0,0,1,5,6,0,0
1990,68,2,0,0,0,0,0,0,0,0
1990,46,2,3,0,0,1,0,0,0,1
1990,25,2,1,0,0,1,253,4,45,0
1990,34,2,0,1,0,1,28,3,40,0
1990,34,1,0,1,0,1,355,2,40,0
1990,42,1,2,1,0,1,157,5,40,0
1990,37,1,2,1,0,1,783,1,40,0
1990,78,1,3,0,0,0,0,0,0,0
1990,70,2,3,0,0,0,0,0,0,0
1990,28,2,1,0,0,0,0,0,0,0
1990,54,1,0,0,0,1,796,6,40,0
1990,52,2,0,0,0,0,447,5,0,0
1990,27,2,1,1,0,1,448,5,40,0
1990,24,2,1,1,0,1,313,6,40,0
1990,75,1,0,0,0,1,154,5,45,1
1990,69,2,0,0,0,0,0,0,0,0
1990,64,1,0,0,0,1,22,1,40,1
1990,58,2,0,0,0,1,0,0,0,0
1990,52,1,0,0,0,0,263,3,55,0
1990,52,2,0,0,0,0,243,3,0,0
1990,57,1,0,1,0,1,243,3,45,0
1990,54,2,0,1,0,1,18,4,40,0
1990,21,2,1,1,0,1,379,5,40,0
1990,46,1,2,0,0,0,525,1,40,0
1990,29,1,0,0,0,0,509,4,40,0
1990,37,2,0,0,0,0,276,3,40,0
1990,29,2,1,1,0,0,0,0,0,0
1990,19,2,3,1,0,0,749,1,40,0
1990,30,1,1,0,0,1,156,5,40,0
1990,60,2,3,1,0,0,0,0,0,0
1990,72,1,0,1,0,0,0,0,0,0
1990,34,2,0,1,0,0,744,1,40,0
1990,23,1,3,1,0,0,856,1,44,0
1990,50,1,2,0,0,0,628,1,50,0
1990,62,1,0,0,0,1,518,1,48,0
1990,56,2,0,0,0,0,319,1,40,0
1990,32,1,1,0,0,1,169,5,40,0
1990,39,1,0,0,0,0,785,1,45,0
1990,39,2,0,0,0,0,313,4,40,0
1990,42,1,0,1,0,0,496,1,30,0
1990,27,2,0,1,0,0,447,5,12,0
1990,79,2,3,0,0,0,0,0,0,0
1990,72,1,3,0,0,0,0,0,0,0
1990,60,2,3,0,0,0,0,0,0,0
1990,26,1,0,0,0,1,208,5,65,0
1990,26,2,0,0,0,0,447,5,30,0
1990,45,1,3,1,0,0,779,1,60,0
1990,49,1,0,0,0,0,5,6,50,0
1990,35,2,0,0,0,0,424,6,40,0
1990,60,2,2,0,0,0,447,5,40,0
1990,33,1,2,0,0,0,804,3,40,0
1990,67,1,0,0,0,0,628,1,0,0
1990,66,2,0,0,0,0,0,0,0,0
1990,33,1,2,0,0,0,789,1,0,0
1990,68,1,3,1,0,0,0,0,0,0
1990,39,1,0,0,0,0,567,0,40,0
1990,39,2,0,0,0,0,889,1,46,0
1990,26,2,1,1,0,1,744,1,40,0
1990,22,2,1,1,0,0,744,1,40,0
1990,18,2,1,1,0,0,436,3,6,0
1990,38,2,0,0,0,0,449,5,40,0
1990,38,1,0,0,0,0,518,1,40,0
1990,71,2,3,0,0,0,0,0,0,0
1990,72,1,0,0,0,0,628,1,0,0
1990,71,2,0,0,0,0,475,0,0,0
1990,41,1,0,0,0,1,364,1,40,0
1990,35,2,0,0,0,1,156,5,38,0
1990,55,1,0,0,0,0,426,1,48,0
1990,50,2,0,0,0,0,744,1,40,0
1990,72,1,0,0,0,0,274,3,40,0
1990,59,2,0,0,0,0,0,0,0,0
1990,39,2,2,0,0,0,435,3,40,0
1990,67,2,3,0,0,0,744,1,0,0
1990,39,1,1,0,0,0,496,1,25,0
1990,41,1,1,0,0,0,0,0,0,0
1990,28,1,0,0,0,0,447,5,40,0
1990,29,2,0,0,0,1,319,5,40,0
1990,35,1,1,0,0,1,95,5,25,0
1990,75,2,3,0,0,0,0,0,0,0
1990,41,1,0,0,0,0,567,0,40,0
1990,32,2,0,0,0,0,253,4,40,0
1990,29,1,0,0,0,1,843,0,50,0
1990,27,2,0,0,0,1,206,5,50,0
1990,56,1,0,0,0,1,57,1,60,0
1990,54,2,0,0,0,0,373,3,0,0
1990,41,1,0,0,0,1,259,1,40,0
1990,40,2,0,0,0,1,389,6,32,0
1990,18,1,1,0,0,0,438,3,20,0
1990,24,2,2,0,0,0,433,3,40,0
1990,19,2,1,0,0,0,435,3,20,0
1990,23,1,0,0,0,0,228,5,80,0
1990,21,2,3,0,0,0,327,3,40,0
1990,61,1,0,0,0,1,33,4,40,0
1990,57,2,0,0,0,1,156,5,40,0
1990,36,1,0,0,0,0,567,0,40,0
1990,31,2,0,0,0,0,0,0,0,0
1990,27,1,3,1,0,0,328,1,40,0
1990,40,2,1,1,0,0,658,1,40,0
1990,37,1,0,0,0,1,477,0,98,0
1990,35,2,0,0,0,1,235,5,8,0
1990,38,1,3,0,0,1,457,6,0,0
1990,72,1,0,0,0,1,0,0,0,0
1990,70,2,0,0,0,0,0,0,0,0
1990,59,2,3,0,0,0,796,1,40,0
1990,38,1,0,0,0,0,193,1,40,0
1990,39,2,0,0,0,0,796,1,0,0
1990,66,1,0,0,0,0,628,2,0,0
1990,60,2,0,0,0,0,0,0,0,0
1990,36,1,0,0,0,0,257,1,40,0
1990,32,2,0,0,0,0,37,5,40,0
1990,55,1,0,0,0,0,508,6,48,0
1990,50,2,0,0,0,0,354,2,40,0
1990,27,1,1,0,0,1,804,2,16,0
1990,25,2,1,0,0,1,376,4,35,0
1990,34,2,2,1,0,1,796,6,40,0
1990,73,2,3,0,0,0,243,3,49,0
1990,35,1,0,1,0,1,253,4,50,0
1990,29,2,0,0,0,0,443,3,0,0
1990,40,1,0,0,0,1,825,2,40,0
1990,37,2,0,0,0,1,0,0,0,0
1990,35,1,0,0,0,0,878,1,60,0
1990,22,2,0,0,0,0,313,1,40,0
1990,57,1,0,0,0,0,5,6,40,0
1990,55,2,0,0,0,0,0,0,0,0
1990,32,1,1,0,0,0,0,0,0,0
1990,34,1,0,0,0,0,22,0,55,0
1990,39,2,0,0,0,0,0,0,0,0
1990,65,1,2,0,0,0,447,4,0,0
1990,18,1,1,0,0,0,573,0,50,0
1990,30,1,0,0,0,1,637,1,60,0
1990,27,2,0,0,0,0,319,5,36,0
1990,58,1,0,0,0,1,22,1,80,0
1990,56,2,0,0,0,0,243,3,0,0
1990,72,1,0,0,0,0,426,4,0,0
1990,68,2,0,0,0,0,0,0,0,0
1990,76,1,0,0,0,0,0,0,0,0
1990,70,2,0,0,0,0,0,0,0,0
1990,70,2,1,0,0,0,276,3,40,0
1990,71,1,0,0,0,0,653,1,40,0
1990,70,2,0,0,0,0,0,0,0,0
1990,33,2,2,0,0,1,344,4,40,0
1990,63,1,0,0,0,0,0,0,0,0
1990,63,2,0,0,0,0,0,0,0,0
1990,46,1,1,0,0,1,243,3,40,0
1990,31,1,0,0,0,0,509,1,40,0
1990,34,2,0,0,0,0,785,1,0,0
1990,45,1,2,0,0,1,766,1,40,0
1990,73,2,3,0,0,1,0,0,0,0
1990,39,1,3,0,0,0,889,1,40,0
1990,36,1,1,0,0,0,567,0,40,0
1990,29,2,3,0,0,0,22,4,40,0
1990,47,1,0,0,0,0,804,2,40,0
1990,43,2,0,0,0,0,243,3,40,0
1990,18,2,1,0,0,0,99,5,0,0
1990,28,1,0,0,0,0,754,1,40,0
1990,24,2,0,0,0,0,0,0,0,0
1990,51,1,2,0,0,0,804,6,40,0
1990,42,1,3,2,4,0,804,2,0,0
1990,45,1,2,0,0,1,22,2,50,0
1990,37,2,0,0,0,1,95,5,40,0
1990,31,1,0,0,0,1,418,6,40,0
1990,45,1,0,0,0,0,727,1,0,0
1990,24,2,0,0,0,0,0,0,0,0
1990,45,1,0,0,0,0,883,1,54,1
1990,43,2,0,0,0,0,157,5,60,0
1990,21,1,1,0,0,1,0,0,0,0
1990,19,2,1,0,0,1,276,3,25,0
1990,72,1,3,0,0,0,0,0,0,0
1990,67,1,0,0,0,1,555,1,0,0
1990,55,2,0,0,0,1,195,1,40,0
1990,57,1,0,0,0,1,22,0,60,1
1990,55,2,0,0,0,1,318,2,0,0
1990,71,2,3,0,0,0,0,0,0,0
1990,71,2,3,0,0,0,0,0,0,0
1990,78,2,3,0,0,0,0,0,0,0
1990,59,1,0,0,0,0,13,6,0,0
1990,73,2,0,0,0,0,276,3,50,0
1990,27,1,1,1,0,0,779,3,45,0
1990,45,1,0,1,0,1,889,6,40,0
1990,40,2,0,1,0,1,207,5,40,0
1990,21,2,1,1,0,1,207,5,8,0
1990,59,1,0,0,0,1,628,1,45,1
1990,57,2,0,0,0,0,447,5,45,0
1990,44,2,2,1,0,0,796,1,40,0
1990,21,2,1,1,0,0,744,1,40,0
1990,19,1,1,1,0,0,856,1,40,0
1990,33,1,1,0,0,0,699,2,40,0
1990,71,2,3,0,0,0,0,0,0,0
1990,71,1,0,0,0,0,676,1,50,0
1990,73,2,0,0,0,0,0,0,0,0
1990,50,1,0,0,0,0,534,3,40,0
1990,50,2,0,0,0,0,447,5,40,0
1990,19,2,1,0,0,0,0,0,0,0
1990,49,1,0,0,0,0,804,3,42,0
1990,45,2,0,0,0,0,744,1,40,0
1990,21,2,1,0,0,0,744,1,40,0
1990,20,2,1,0,0,1,744,1,20,0
1990,56,2,2,1,0,1,156,5,40,0
1990,35,1,0,0,0,0,22,1,40,0
1990,28,2,0,0,0,0,337,4,36,0
1990,27,1,0,0,0,1,243,3,72,0
1990,26,2,0,0,0,1,13,1,45,0
1990,45,1,0,0,0,0,783,1,56,0
1990,39,2,0,0,0,0,744,1,40,0
1990,21,1,1,0,0,0,869,0,40,0
1990,19,2,1,0,0,0,744,1,40,0
1990,45,1,0,0,0,0,869,0,40,0
1990,44,2,0,0,0,1,25,5,48,0
1990,47,1,0,0,0,0,518,1,40,0
1990,39,2,0,0,0,0,744,1,32,0
1990,50,1,0,0,0,1,5,6,40,0
1990,46,2,0,0,0,1,354,2,40,0
1990,50,2,2,0,0,0,385,3,42,0
1990,51,1,2,0,0,0,785,1,40,0
1990,34,1,0,1,0,0,0,0,0,0
1990,33,2,0,1,0,0,155,5,30,0
1990,28,1,0,0,0,0,575,0,40,0
1990,27,2,0,0,0,0,33,1,40,0
1990,57,1,0,0,0,0,628,2,40,1
1990,51,2,0,0,0,0,274,3,0,0
1990,26,2,1,0,0,1,37,5,40,0
1990,38,1,3,0,0,1,22,2,60,1
1990,62,1,0,0,0,0,783,2,40,0
1990,60,2,0,0,0,0,0,0,0,0
1990,32,1,1,0,0,1,21,5,40,0
1990,56,1,3,0,0,0,274,3,15,0
1990,53,1,0,0,0,1,22,1,50,1
1990,50,2,0,0,0,1,0,0,0,0
1990,27,1,1,0,0,1,575,1,40,0
1990,44,1,0,0,0,1,389,2,43,0
1990,43,2,0,0,0,1,7,4,45,0
1990,53,1,0,0,0,1,7,4,43,1
1990,54,2,0,0,0,0,0,0,0,0
1990,29,1,0,0,0,1,23,3,50,1
1990,29,2,0,0,0,1,99,5,0,0
1990,70,2,3,0,0,0,0,0,0,0
1990,70,2,1,0,0,1,23,2,40,0
1990,41,1,2,0,0,1,308,2,40,0
1990,39,2,2,0,0,1,363,2,60,1
1990,25,1,0,0,0,0,734,1,50,0
1990,25,2,0,0,0,0,447,5,30,0
1990,47,1,2,0,0,0,869,0,32,0
1990,31,1,0,0,0,0,727,1,45,0
1990,28,2,0,0,0,0,467,5,23,0
1990,20,1,1,0,0,1,276,3,0,0
1990,64,2,3,0,0,0,0,0,0,0
1990,41,1,0,0,0,1,87,5,40,0
1990,40,2,0,0,0,1,95,5,45,0
1990,44,2,0,0,0,0,276,3,50,0
1990,45,1,0,0,0,0,804,2,40,0
1990,32,2,3,1,0,0,777,1,40,0
1990,26,1,0,0,0,1,176,5,35,0
1990,23,2,0,0,0,1,159,5,10,0
1990,71,1,3,0,0,0,0,0,0,0
1990,40,1,2,0,0,1,628,1,50,0
1990,49,2,2,0,0,1,738,1,32,0
1990,44,1,0,0,0,0,577,2,40,0
1990,41,2,0,0,0,1,156,5,24,0
1990,28,1,1,0,0,0,869,0,40,0
1990,31,1,0,0,0,0,56,0,40,0
1990,30,2,0,0,0,0,313,5,40,0
1990,34,2,2,0,0,0,747,1,0,0
1990,70,1,0,0,0,1,276,3,16,0
1990,56,2,0,0,0,0,677,1,0,0
1990,26,1,0,0,0,1,804,3,40,0
1990,24,2,0,0,0,1,458,4,0,0
1990,67,2,1,0,0,0,0,0,0,0
1990,66,1,0,0,0,0,0,0,0,0
1990,64,2,0,0,0,0,475,0,0,0
1990,41,2,1,0,0,0,0,0,0,0
1990,44,1,2,0,0,0,435,3,21,0
1990,46,1,0,0,0,0,364,2,25,0
1990,42,2,0,0,0,1,156,5,40,0
1990,36,1,0,0,0,0,628,1,40,0
1990,36,2,0,0,0,0,323,3,16,0
1990,60,1,0,0,0,0,885,3,40,0
1990,50,2,0,0,0,0,254,4,30,0
1990,42,1,0,0,0,0,355,2,0,0
1990,29,2,0,0,0,0,447,5,24,0
1990,44,1,0,0,0,0,783,1,40,0
1990,46,2,0,0,0,0,436,3,50,0
1990,68,1,0,0,0,1,254,4,60,1
1990,65,2,0,0,0,1,254,4,60,0
1990,43,1,0,0,0,1,16,2,50,0
1990,37,2,0,0,0,1,466,5,45,0
1990,64,1,0,0,0,0,579,0,40,0
1990,62,2,0,0,0,0,533,1,40,0
1990,27,1,0,0,0,0,243,3,40,0
1990,29,2,0,0,0,0,23,1,40,0
1990,56,1,1,0,0,1,7,4,45,0
1990,33,1,2,1,0,0,505,4,0,0
1990,53,1,0,0,0,0,575,0,40,0
1990,50,2,0,0,0,0,0,0,0,0
1990,20,1,1,0,0,1,0,0,0,0
1990,26,2,2,0,0,0,435,3,30,0
1990,37,1,2,0,0,0,0,0,0,0
1990,47,1,0,0,0,1,176,5,40,0
1990,41,2,0,0,0,1,316,4,0,0
1990,20,2,3,0,0,1,0,0,0,0
1990,53,1,0,0,0,1,243,3,65,0
1990,53,2,0,0,0,0,319,5,40,0
1990,65,1,0,0,0,0,0,0,0,0
1990,62,2,0,0,0,0,0,0,0,0
1990,43,1,0,0,0,1,628,1,50,0
1990,39,2,0,0,0,1,337,5,40,0
1990,45,1,0,0,0,0,36,0,40,0
1990,42,2,0,0,0,0,378,3,35,0
1990,24,1,1,0,0,0,356,4,40,0
1990,32,1,0,0,0,1,889,6,40,0
1990,27,2,0,0,0,1,467,5,20,0
1990,29,2,2,0,0,0,0,0,0,0
1990,30,1,2,0,0,1,734,1,38,0
1990,37,1,0,0,0,1,616,0,40,0
1990,36,2,0,0,0,1,22,4,45,0
1990,31,2,2,0,0,1,203,5,40,0
1990,31,1,0,0,0,0,259,3,40,0
1990,39,2,0,0,0,0,436,3,39,0
1990,61,2,2,0,0,0,379,6,40,0
1990,55,1,0,0,0,0,0,0,0,0
1990,51,2,0,0,0,0,185,3,40,0
1990,79,2,3,1,0,0,0,0,0,0
1990,32,1,3,1,0,0,34,0,40,0
1990,28,1,1,1,0,0,567,0,40,0
1990,32,2,2,1,0,1,433,3,50,0
1990,69,1,0,0,0,0,354,2,0,0
1990,71,2,0,0,0,1,0,0,0,0
1990,64,2,3,1,0,0,185,3,30,0
1990,40,1,3,1,0,0,713,1,18,0
1990,28,2,1,1,0,1,207,5,40,0
1990,47,1,0,0,0,1,22,0,55,0
1990,46,2,0,0,0,1,217,5,0,0
1990,20,1,1,1,0,0,0,0,0,0
1990,37,1,0,1,0,1,13,1,30,0
1990,36,2,0,1,0,0,364,3,40,0
1990,74,2,3,0,0,0,0,0,0,0
1990,35,1,0,0,0,0,909,6,0,0
1990,34,2,0,0,0,0,343,3,40,0
1990,67,2,3,1,0,1,0,0,0,0
1990,39,1,0,1,0,1,734,1,40,0
1990,35,2,0,1,0,1,466,5,12,0
1990,27,2,2,0,0,0,434,3,40,0
1990,42,1,0,0,0,1,259,3,40,0
1990,41,2,0,0,0,1,313,2,45,0
1990,68,2,3,1,0,0,0,0,0,0
1990,31,2,3,1,0,1,276,3,40,0
1990,34,1,0,0,0,1,22,3,50,0
1990,29,2,0,0,0,0,0,0,0,0
1990,62,1,0,0,0,1,85,5,50,1
1990,53,2,0,0,0,1,0,0,0,0
1990,39,2,2,1,0,1,157,5,38,0
1990,18,2,1,1,0,0,276,3,18,0
1990,46,1,0,0,0,1,268,3,40,0
1990,44,2,0,0,0,1,234,5,40,0
1990,23,2,1,0,0,1,434,3,40,0
1990,62,2,1,0,0,0,379,4,45,0
1990,70,1,0,0,0,1,258,1,0,0
1990,71,2,0,0,0,1,0,0,0,0
1990,37,2,2,0,0,1,23,5,45,0
1990,71,1,0,0,0,1,243,3,0,0
1990,70,2,0,0,0,1,243,3,0,0
1990,39,1,0,0,0,1,29,3,40,0
1990,36,2,0,0,0,1,315,4,18,0
1990,61,1,0,0,0,0,259,3,40,0
1990,59,2,0,0,0,0,337,5,0,0
1990,80,2,3,0,0,0,0,0,0,0
1990,56,1,0,0,0,1,235,5,40,0
1990,50,2,0,0,0,1,313,4,24,0
1990,22,2,1,0,0,0,337,3,40,0
1990,48,1,0,0,0,1,22,0,50,1
1990,49,2,0,0,0,1,156,5,7,0
1990,62,1,0,0,0,1,243,3,45,1
1990,57,2,0,0,0,1,0,0,0,0
1990,65,1,0,0,0,1,154,5,40,1
1990,62,2,0,0,0,0,313,5,0,0
1990,43,1,0,0,0,1,5,6,40,0
1990,44,2,0,0,0,1,23,5,40,0
1990,47,1,0,0,0,1,22,2,55,1
1990,45,2,0,0,0,1,159,5,30,0
1990,18,1,1,0,0,0,453,5,40,0
1990,36,2,2,0,0,1,253,4,40,0
1990,57,1,0,0,0,1,628,2,37,1
1990,55,2,0,0,0,1,264,3,20,0
1990,29,1,1,0,0,1,255,4,45,1
1990,33,1,0,0,0,1,178,5,62,1
1990,31,2,0,0,0,1,64,4,40,0
1990,74,1,0,0,0,1,337,4,30,1
1990,71,2,0,0,0,0,0,0,0,0
1990,44,1,0,0,0,1,259,1,0,0
1990,41,2,0,0,0,1,0,0,0,0
1990,45,1,0,3,3,1,49,2,40,1
1990,39,2,0,3,3,1,909,6,0,0
1990,35,1,0,0,0,1,22,2,50,0
1990,30,2,0,0,0,1,243,3,70,0
1990,73,1,0,0,0,1,243,3,45,0
1990,57,2,0,0,0,1,377,5,24,0
1990,25,1,0,0,0,1,259,1,40,0
1990,24,2,0,0,2,1,313,5,40,0
1990,57,1,0,0,0,1,24,4,40,1
1990,57,2,0,0,0,1,0,0,0,0
1990,37,1,0,0,0,1,243,3,70,0
1990,34,2,0,0,0,1,439,3,30,0
1990,68,1,0,0,0,0,55,2,0,0
1990,69,2,0,0,0,0,347,5,0,0
1990,76,1,0,0,0,0,258,1,36,0
1990,62,2,0,0,0,1,274,3,30,0
1990,44,2,2,0,0,1,156,5,50,0
1990,37,1,1,0,0,1,18,4,40,0
1990,66,1,0,0,0,1,253,4,45,1
1990,64,2,0,0,0,1,0,0,0,0
1990,28,1,0,0,0,1,243,3,40,0
1990,28,2,0,0,0,1,379,3,20,0
1990,26,2,1,1,0,0,687,3,30,0
1990,75,2,2,1,0,0,0,0,0,0
1990,60,1,1,1,0,0,0,0,0,0
1990,28,1,0,1,0,1,883,3,40,0
1990,34,2,0,1,0,0,666,3,40,0
1990,18,1,1,1,0,0,443,3,40,0
1990,45,1,0,1,0,0,804,2,40,0
1990,39,2,0,1,0,1,447,5,40,0
1990,22,1,1,1,0,1,0,0,0,0
1990,75,2,3,1,0,0,0,0,0,0
1990,47,1,2,1,0,1,14,5,40,1
1990,24,2,1,0,0,1,436,3,0,0
1990,33,2,1,0,0,1,0,0,0,0
1990,69,1,3,1,0,0,0,0,0,0
1990,22,1,0,1,0,0,486,0,50,0
1990,22,2,0,1,0,1,276,3,32,0
1990,36,2,0,1,0,1,379,2,40,0
1990,41,1,0,1,0,0,889,1,40,0
1990,75,1,3,1,0,0,0,0,0,0
1990,44,1,1,1,0,0,0,0,0,0
1990,29,2,1,1,0,0,97,5,40,0
1990,23,2,1,1,0,0,0,0,0,0
1990,62,2,3,1,0,0,449,4,0,0
1990,43,1,0,1,0,0,22,0,40,0
1990,43,2,0,1,0,0,453,5,40,0
1990,23,2,1,1,0,1,378,4,40,0
1990,19,2,1,1,0,0,439,3,0,0
1990,68,1,0,0,0,0,0,0,0,0
1990,65,2,0,0,0,0,0,0,0,0
1990,21,1,1,0,0,1,276,3,16,0
1990,39,2,1,1,0,0,436,3,0,0
1990,24,1,0,0,0,0,505,3,60,0
1990,21,2,0,0,0,1,365,1,25,0
1990,59,1,0,1,0,1,224,1,40,0
1990,62,2,0,1,0,0,389,5,40,0
1990,65,1,0,1,0,0,18,4,25,0
1990,58,2,0,1,0,0,449,5,8,0
1990,57,1,0,1,0,0,814,2,0,0
1990,54,2,0,1,0,0,0,0,0,0
1990,79,2,0,1,0,1,0,0,0,0
1990,38,1,0,0,0,1,22,3,60,0
1990,30,2,0,0,0,1,259,3,60,0
1990,49,1,1,0,0,0,354,2,40,0
1990,35,1,0,1,0,1,156,5,40,0
1990,31,2,0,1,0,1,156,5,30,0
1990,60,1,0,1,0,0,0,0,0,0
1990,59,2,0,1,0,0,0,0,0,0
1990,22,2,1,1,0,0,0,0,0,0
1990,54,2,2,1,0,0,0,0,0,0
1990,25,1,3,1,0,0,444,1,40,0
1990,22,2,1,1,0,0,0,0,0,0
1990,27,1,0,1,0,1,505,3,80,0
1990,27,2,0,1,0,1,374,5,80,0
1990,46,1,3,1,0,0,887,2,40,0
1990,18,1,1,1,0,0,276,3,0,0
1990,29,1,3,1,0,0,883,1,20,0
1990,35,2,2,1,0,0,436,5,0,0
1990,52,2,2,0,0,0,435,4,37,0
1990,30,1,2,0,0,0,444,3,35,0
1990,67,1,0,0,0,0,823,2,0,0
1990,60,2,0,0,0,0,274,3,28,0
1990,32,1,1,0,0,1,217,1,40,0
1990,35,2,1,1,0,1,435,3,49,0
1990,18,2,1,1,0,1,365,3,0,0
1990,44,1,1,0,0,1,85,5,40,0
1990,37,1,1,0,0,0,185,3,40,0
1990,37,1,0,0,0,1,157,5,40,0
1990,35,2,0,0,0,1,95,5,20,0
1990,23,1,1,0,0,1,216,5,37,0
1990,19,2,1,0,0,1,225,5,20,0
1990,79,1,3,0,0,0,0,0,0,0
1990,22,1,0,0,0,1,436,3,40,0
1990,19,2,0,0,0,0,433,3,30,0
1990,77,2,3,0,0,1,0,0,0,0
1990,63,1,1,0,0,1,0,0,0,0
1990,29,2,1,0,0,0,276,3,20,0
1990,27,2,1,0,0,1,22,2,40,0
1990,72,1,3,0,0,0,0,0,0,0
1990,77,1,0,0,0,1,65,1,0,0
1990,77,2,0,0,0,1,0,0,0,0
1990,33,2,0,1,0,1,389,4,40,0
1990,32,1,0,1,0,1,37,6,50,0
1990,22,2,1,0,0,1,313,4,40,0
1990,60,1,0,0,0,0,804,2,35,0
1990,57,2,0,0,0,0,453,5,16,0
1990,52,1,0,0,0,0,22,0,60,1
1990,47,2,0,0,0,0,313,0,20,0
1990,24,2,3,0,0,1,438,3,0,0
1990,30,1,0,0,0,1,243,3,40,0
1990,28,2,0,0,0,0,313,3,0,0
1990,42,1,0,0,0,1,25,4,40,0
1990,36,2,0,0,0,1,0,0,0,0
1990,34,2,2,0,0,0,337,2,40,0
1990,53,1,0,0,0,1,558,1,0,0
1990,50,2,0,0,0,1,95,5,50,0
1990,34,1,0,0,0,1,558,0,75,0
1990,34,2,0,0,0,1,95,5,0,0
1990,33,1,0,0,0,1,229,4,40,1
1990,27,2,0,0,0,1,0,0,0,0
1990,23,2,2,0,0,0,229,3,40,0
1990,78,1,0,0,0,0,0,0,0,0
1990,71,2,0,0,0,0,0,0,0,0
1990,64,2,3,0,0,0,0,0,0,0
1990,28,1,0,0,0,1,526,2,82,0
1990,22,2,0,0,0,0,435,3,0,0
1990,58,2,3,0,0,0,744,1,40,0
1990,50,2,2,0,0,0,259,3,40,0
1990,60,1,0,0,0,1,22,2,45,1
1990,56,2,0,0,0,1,205,5,20,0
1990,67,1,0,0,0,0,653,1,0,0
1990,54,2,0,0,0,0,254,4,20,0
1990,61,1,0,0,0,1,259,3,50,0
1990,60,2,0,0,0,1,257,5,50,0
1990,79,2,3,0,0,0,0,0,0,0
1990,26,1,0,0,0,0,628,1,40,0
1990,23,2,0,0,0,0,315,5,0,0
1990,80,2,3,0,0,0,0,0,0,0
1990,29,2,1,1,0,1,424,6,40,0
1990,32,1,0,0,0,0,259,1,50,0
1990,32,2,0,0,0,0,276,5,25,0
1990,52,1,0,0,0,0,567,0,40,0
1990,45,2,0,0,0,0,339,3,40,0
1990,23,1,0,0,0,1,208,2,40,0
1990,27,2,0,0,0,1,17,3,55,0
1990,43,1,0,0,0,1,243,3,70,1
1990,40,2,0,0,0,1,628,1,46,0
1990,32,2,1,0,0,1,156,5,50,0
1990,31,2,1,0,0,0,223,5,40,0
1990,59,2,3,1,0,0,0,0,0,0
1990,24,2,1,1,0,0,449,4,40,0
1990,60,1,0,0,0,0,364,3,40,0
1990,58,2,0,0,0,0,467,5,40,0
1990,72,1,0,0,0,0,0,0,0,0
1990,68,2,0,0,0,0,0,0,0,0
1990,53,2,3,0,0,0,0,0,0,0
1990,35,1,1,0,0,0,0,0,0,0
1990,34,1,1,0,0,0,0,0,0,0
1990,75,2,3,0,0,0,0,0,0,0
1990,29,1,1,0,0,1,229,1,40,0
1990,30,1,1,0,0,1,44,1,40,0
1990,49,1,2,0,0,1,804,2,20,0
1990,64,1,0,0,0,0,243,3,54,0
1990,61,2,0,0,0,0,7,4,50,0
1990,40,1,0,0,0,1,804,2,45,0
1990,40,2,0,0,0,0,313,5,33,0
1990,20,1,1,0,0,1,257,4,30,0
1990,26,1,0,0,0,1,535,3,40,0
1990,37,2,0,0,0,1,0,0,0,0
1990,67,2,3,0,0,0,0,0,0,0
1990,53,1,1,1,0,0,465,5,75,0
1990,47,1,0,0,0,1,267,3,55,0
1990,40,2,0,0,0,0,308,4,45,0
1990,24,2,3,0,0,0,435,3,40,0
1990,32,1,3,0,0,0,885,3,40,0
1990,42,1,0,0,0,1,613,0,44,0
1990,39,2,0,0,0,0,0,0,0,0
1990,47,1,2,0,0,0,0,0,0,0
1990,25,1,0,0,0,0,595,0,30,0
1990,23,2,0,0,0,0,0,0,0,0
1990,39,2,2,0,0,1,458,4,0,0
1990,71,2,2,1,0,0,449,6,0,0
1990,52,2,2,0,0,0,0,0,0,0
1990,29,1,1,3,0,1,0,0,0,0
1990,38,1,0,0,0,0,259,3,60,0
1990,36,2,0,0,0,0,468,5,20,0
1990,64,2,3,0,0,0,207,5,40,0
1990,52,1,0,1,0,1,259,3,52,1
1990,49,2,0,1,0,1,157,5,40,0
1990,23,2,1,1,0,1,95,5,56,0
1990,51,1,0,1,0,0,577,2,40,0
1990,46,2,0,1,0,0,744,1,0,0
1990,26,2,1,1,0,1,276,3,24,0
1990,49,2,3,0,0,0,185,3,45,0
1990,78,2,3,0,0,0,0,0,0,0
1990,56,2,2,0,0,0,447,5,40,0
1990,21,2,1,0,0,0,276,3,40,0
1990,50,2,0,0,0,0,406,4,55,0
1990,52,1,0,0,0,0,779,6,64,0
1990,44,1,0,0,0,0,645,1,40,0
1990,41,2,0,0,0,0,444,5,30,0
1990,23,2,1,0,0,1,319,2,40,0
1990,43,1,0,0,0,1,22,0,40,0
1990,42,2,0,0,0,1,95,5,40,0
1990,50,1,0,0,0,1,254,4,60,0
1990,45,2,0,0,0,1,274,3,0,0
1990,35,1,3,0,0,1,159,6,70,0
1990,38,1,0,1,0,1,26,6,40,0
1990,41,2,0,1,0,1,364,3,35,0
1990,49,1,0,0,0,0,17,3,50,0
1990,38,2,0,0,0,1,806,3,50,0
1990,47,1,0,1,0,1,376,5,45,0
1990,46,2,0,1,0,1,163,5,40,0
1990,18,1,1,1,0,0,0,0,0,0
1990,19,1,1,0,0,1,804,3,30,0
1990,77,2,3,0,0,0,738,1,0,0
1990,65,1,3,1,0,0,0,0,0,0
1990,60,1,0,0,0,1,0,0,0,0
1990,58,2,0,0,0,0,0,0,0,0
1990,35,2,0,0,0,0,444,5,40,0
1990,40,1,0,0,0,1,426,6,35,0
1990,18,1,1,0,0,0,0,0,0,0
1990,57,2,2,0,0,0,253,4,55,0
1990,70,1,0,0,0,0,5,6,0,1
1990,69,2,0,0,0,1,328,6,0,0
1990,64,2,2,0,0,1,15,5,25,0
1990,53,1,0,0,0,1,806,3,55,0
1990,52,2,0,0,0,0,266,3,43,0
1990,55,2,3,1,0,0,447,5,40,0
1990,25,1,1,1,0,1,505,3,40,0
1990,67,1,1,1,0,0,758,3,0,0
1990,18,1,1,1,0,0,278,1,0,0
1990,60,1,0,0,0,1,84,5,55,1
1990,57,2,0,0,0,1,274,3,38,0
1990,59,2,3,0,0,1,274,3,31,0
1990,35,1,0,0,0,1,55,2,50,1
1990,27,2,0,0,0,1,303,4,40,0
1990,58,1,2,0,0,1,35,6,0,0
1990,18,2,1,0,0,0,337,3,40,0
1990,25,1,2,0,0,0,804,3,50,0
1990,50,2,2,3,0,1,447,5,30,0
1990,77,2,3,0,0,0,0,0,0,0
1990,80,1,1,0,0,0,0,0,0,0
1990,55,1,0,1,0,0,479,0,55,0
1990,54,2,0,1,0,0,0,0,0,0
1990,19,2,1,1,0,0,686,1,0,0
1990,74,2,3,0,0,0,0,0,0,0
1990,31,1,1,0,0,1,29,3,45,0
1990,60,1,0,0,0,0,426,2,40,0
1990,57,2,0,0,0,0,0,0,0,0
1990,75,1,3,0,0,0,0,0,0,0
1990,60,1,0,0,0,0,628,1,40,1
1990,58,2,0,0,0,1,207,5,32,0
1990,30,2,1,0,0,1,337,5,40,0
1990,28,2,1,0,0,1,0,0,0,0
1990,22,2,1,0,0,1,95,5,40,0
1990,64,1,0,0,0,0,0,0,0,0
1990,63,2,0,0,0,1,343,1,0,0
1990,38,1,0,0,0,0,13,0,60,0
1990,32,2,0,0,0,0,0,0,0,0
1990,58,1,0,0,0,0,628,1,40,0
1990,53,2,0,0,0,0,0,0,0,0
1990,34,2,1,0,0,1,0,0,0,0
1990,33,1,2,0,0,0,495,0,0,0
1990,43,1,0,0,0,0,364,3,50,0
1990,39,2,0,0,0,0,0,0,0,0
1990,53,1,0,0,0,0,885,3,0,0
1990,36,2,0,0,0,1,777,1,48,0
1990,51,1,0,0,0,0,475,0,40,0
1990,49,2,0,0,0,0,0,0,0,0
1990,61,2,0,0,0,0,889,1,40,0
1990,64,1,0,0,0,0,0,0,0,0
1990,51,1,2,0,0,0,0,0,0,0
1990,57,1,1,0,0,1,354,2,40,0
1990,50,1,0,0,0,0,355,2,60,0
1990,48,2,0,0,0,0,264,3,40,0
1990,22,1,1,0,0,1,274,3,25,0
1990,65,2,3,1,0,0,0,0,0,0
1990,24,1,1,1,0,0,0,0,0,0
1990,28,1,0,0,0,0,878,1,40,0
1990,28,2,0,0,0,0,467,5,0,0
1990,65,1,0,1,0,0,804,0,40,0
1990,62,2,0,1,0,0,744,1,40,0
1990,43,1,0,0,0,1,593,0,40,0
1990,41,2,0,0,0,0,0,0,0,0
1990,69,2,3,0,0,0,0,0,0,0
1990,62,1,0,0,0,1,449,5,0,1
1990,58,2,0,0,0,0,0,0,0,0
1990,78,1,0,0,0,0,0,0,0,0
1990,75,2,0,0,0,0,0,0,0,0
1990,59,1,0,0,0,0,266,3,40,0
1990,52,2,0,0,0,0,337,3,40,0
1990,73,2,3,1,0,0,0,0,0,0
1990,31,2,1,1,0,1,156,5,40,0
1990,31,1,0,0,0,0,628,2,40,0
1990,29,2,0,0,0,0,276,3,0,0
1990,24,1,0,0,0,0,567,3,40,0
1990,21,2,0,0,0,0,468,5,0,0
1990,76,1,0,0,0,0,0,0,0,0
1990,62,2,0,0,0,0,0,0,0,0
1990,65,2,3,0,0,0,0,0,0,0
1990,34,1,1,0,0,1,364,3,40,0
1990,49,1,1,0,0,0,804,2,14,0
1990,76,1,0,0,0,1,0,0,0,0
1990,66,2,0,0,0,0,436,5,0,0
1990,78,2,3,0,0,0,0,0,0,0
1990,18,2,3,0,0,0,436,3,32,0
1990,80,2,3,1,0,0,0,0,0,0
1990,55,1,0,1,0,0,885,3,40,0
1990,57,2,0,1,0,0,453,5,20,0
1990,31,1,2,1,0,1,804,2,60,0
1990,61,1,0,0,0,1,0,0,0,0
1990,55,2,0,0,0,0,0,0,0,0
1990,25,2,2,0,0,0,0,0,0,0
1990,49,1,0,0,0,1,243,3,50,0
1990,51,2,0,0,0,0,243,3,40,0
1990,21,1,0,0,0,0,869,0,40,0
1990,25,2,0,0,0,1,274,3,30,0
1990,64,1,0,0,0,1,0,0,0,0
1990,55,2,0,0,0,0,0,0,0,0
1990,29,1,1,0,0,0,0,0,0,0
1990,34,1,0,1,0,0,878,4,40,0
1990,32,2,0,1,0,1,744,1,40,0
1990,27,1,1,1,0,0,444,4,0,0
1990,48,1,0,0,0,1,418,6,64,1
1990,46,2,0,0,0,1,14,5,54,0
1990,30,1,0,0,0,1,558,0,40,0
1990,28,2,0,0,0,0,208,5,30,0
1990,67,1,0,0,0,0,455,4,14,0
1990,66,2,0,0,0,0,0,0,0,0
1990,47,1,0,0,0,0,479,0,10,0
1990,43,2,0,0,0,0,479,0,42,0
1990,18,1,1,0,0,0,0,0,0,0
1990,70,1,0,0,0,0,0,0,0,0
1990,59,2,0,0,0,0,207,5,0,0
1990,45,1,2,0,0,0,853,0,40,0
1990,39,1,2,0,0,0,505,4,40,0
1990,22,2,0,0,0,0,0,0,0,0
1990,26,1,0,0,0,0,579,0,40,0
1990,51,2,3,0,0,0,156,5,40,0
1990,54,1,0,0,0,0,453,5,40,0
1990,52,2,0,0,0,1,95,5,40,0
1990,24,1,1,0,0,1,534,5,40,0
1990,30,1,2,0,0,0,567,0,40,0
1990,27,1,0,0,0,0,534,0,50,0
1990,24,2,0,0,0,0,276,3,25,0
1990,53,1,0,0,0,0,515,1,40,0
1990,56,2,0,0,0,0,0,0,0,0
1990,36,1,2,0,0,1,308,5,30,0
1990,72,2,3,0,0,0,0,0,0,0
1990,72,2,3,0,0,0,0,0,0,0
1990,38,1,0,0,0,0,22,1,60,0
1990,31,2,0,0,0,0,33,1,40,0
1990,57,1,0,0,0,1,575,1,56,1
1990,52,2,0,0,0,0,0,0,0,0
1990,75,2,3,0,0,1,0,0,0,0
1990,37,1,0,0,0,1,203,5,40,0
1990,35,2,0,0,0,1,154,5,40,0
1990,66,1,0,0,0,0,0,0,0,0
1990,65,2,0,0,0,1,276,3,0,0
1990,67,1,0,0,0,0,0,0,0,0
1990,71,2,0,0,0,0,0,0,0,0
1990,37,1,0,0,0,0,628,1,42,0
1990,33,2,0,0,0,0,308,1,35,0
1990,32,1,0,0,0,0,505,5,40,0
1990,33,2,0,0,0,0,0,0,0,0
1990,41,1,0,0,0,0,595,0,40,0
1990,39,2,0,0,0,0,23,0,0,0
1990,18,2,0,0,0,0,748,4,0,0
1990,25,1,0,0,0,0,647,3,35,0
1990,42,1,0,0,0,1,558,0,50,0
1990,35,2,0,0,0,1,305,3,40,0
1990,55,1,0,0,0,0,0,0,0,0
1990,49,2,0,0,0,0,0,0,0,0
1990,25,1,1,0,0,0,783,1,40,0
1990,38,1,0,0,0,1,228,2,40,0
1990,36,2,0,0,0,1,104,5,40,0
1990,58,2,2,0,0,0,889,1,40,0
1990,59,1,0,0,0,0,509,0,40,0
1990,58,2,0,0,0,0,0,0,0,0
1990,63,1,0,0,0,0,415,3,40,0
1990,57,2,0,0,0,1,95,5,40,0
1990,72,1,0,0,0,0,479,0,20,0
1990,64,2,0,0,0,0,784,1,46,0
1990,19,2,1,0,0,1,458,4,25,0
1990,37,1,0,0,0,0,567,0,40,0
1990,37,2,0,0,0,0,744,1,40,0
1990,49,2,3,0,0,0,436,3,35,0
1990,68,1,0,0,0,0,4,6,16,0
1990,59,2,0,0,0,0,0,0,0,0
1990,49,1,0,0,0,0,804,3,55,1
1990,46,2,0,0,0,0,17,5,0,0
1990,34,1,0,0,0,0,628,1,40,0
1990,27,2,0,0,0,0,744,1,0,0
1990,30,1,0,0,0,1,176,5,50,0
1990,26,2,0,0,0,1,0,0,0,0
1990,41,1,0,0,0,1,243,3,60,0
1990,38,2,0,0,0,1,479,0,25,0
1990,19,1,1,0,0,0,833,6,40,0
1990,36,1,0,0,0,0,253,4,50,0
1990,31,2,0,0,0,0,0,0,0,0
1990,70,2,3,0,0,0,0,0,0,0
1990,59,1,1,0,0,0,0,0,0,0
1990,45,2,1,0,0,0,0,0,0,0
1990,65,2,3,0,0,0,0,0,0,0
1990,27,1,1,0,0,0,0,0,0,0
1990,79,1,0,0,0,0,0,0,0,0
1990,22,1,0,0,0,0,783,1,40,0
1990,20,2,0,0,0,0,0,0,0,0
1990,29,1,0,0,0,1,366,2,40,0
1990,26,2,0,0,0,1,313,6,40,0
1990,25,1,0,0,0,0,856,1,0,0
1990,23,2,0,0,0,0,276,3,40,0
1990,68,2,3,0,0,0,0,0,0,0
1990,41,1,1,0,0,0,454,0,40,0
1990,79,2,3,0,0,0,0,0,0,0
1990,64,1,0,0,0,0,567,0,0,0
1990,65,2,0,0,0,0,0,0,0,0
1990,31,2,1,0,0,1,22,4,60,0
1990,36,2,2,0,0,1,194,4,18,0
1990,72,1,0,0,0,0,479,0,20,1
1990,63,2,0,0,0,0,796,3,0,0
1990,35,1,0,0,0,0,877,1,40,0
1990,32,2,0,0,0,0,785,1,40,0
1990,44,1,0,0,0,1,473,0,70,0
1990,42,2,0,0,0,1,473,0,65,0
1990,39,1,0,0,0,1,217,1,40,0
1990,39,2,0,0,0,0,22,5,40,0
1990,73,2,0,0,0,0,0,0,0,0
1990,33,1,0,0,0,0,874,3,46,0
1990,32,2,0,0,0,0,628,1,45,0
1990,52,1,0,0,0,0,795,1,40,0
1990,50,2,0,0,0,0,744,1,40,0
1990,21,2,2,0,0,1,744,1,40,0
1990,50,2,2,0,0,0,313,5,22,0
1990,74,1,2,0,0,0,0,0,0,0
1990,33,1,0,0,0,1,749,1,40,0
1990,25,2,0,0,0,0,777,1,40,0
1990,62,2,3,0,0,0,744,1,40,0
1990,20,1,1,0,0,0,785,1,40,0
1990,25,1,0,0,0,0,889,3,45,0
1990,23,2,0,0,0,1,376,4,38,0
1990,43,1,2,0,0,1,213,4,40,0
1990,40,2,2,0,0,1,95,5,0,0
1990,46,2,2,0,0,0,447,5,30,0
1990,35,1,0,0,0,1,703,1,40,0
1990,28,2,0,0,0,0,0,0,0,0
1990,55,1,0,0,0,0,558,0,40,1
1990,53,2,0,0,0,1,379,1,0,0
1990,28,2,2,0,0,0,785,1,40,0
1990,29,1,0,0,0,0,525,3,40,0
1990,28,2,0,0,0,0,447,5,0,0
1990,43,2,1,0,0,0,313,0,0,0
1990,58,1,2,0,0,0,55,3,40,1
1990,55,1,0,0,0,1,378,4,40,0
1990,51,2,0,0,0,1,0,0,0,0
1990,24,2,2,0,0,1,274,3,40,0
1990,42,2,2,0,0,0,447,5,40,0
1990,37,1,0,0,0,0,804,0,45,0
1990,35,2,0,0,0,0,479,0,40,0
1990,33,1,0,0,0,1,799,1,45,0
1990,25,2,0,0,0,1,0,0,0,0
1990,43,1,3,0,0,0,22,1,40,0
1990,74,1,0,0,0,0,243,3,0,0
1990,72,2,0,0,0,0,0,0,0,0
1990,61,1,0,0,0,0,699,1,48,0
1990,53,2,0,0,0,0,315,6,35,0
1990,68,1,0,0,0,1,0,0,0,1
1990,68,2,0,0,0,1,0,0,0,0
1990,58,1,0,0,0,0,804,1,60,0
1990,56,2,0,0,0,0,888,3,0,0
1990,48,1,0,0,0,0,0,0,0,0
1990,43,2,0,0,0,0,0,0,0,0
1990,65,1,0,0,0,0,263,3,0,0
1990,67,2,0,0,0,0,747,4,40,0
1990,19,1,1,0,0,0,0,0,0,0
1990,28,1,0,0,0,0,676,1,50,0
1990,23,2,0,0,0,1,446,5,24,0
1990,41,1,1,0,0,0,368,1,0,0
1990,54,1,0,0,0,0,364,1,40,0
1990,54,2,0,0,0,0,436,3,30,0
1990,77,2,3,0,0,0,0,0,0,0
1990,34,2,2,0,0,1,216,1,40,0
1990,42,1,2,0,0,1,424,6,40,0
1990,62,1,0,0,0,0,453,1,40,1
1990,61,2,0,0,0,0,0,0,0,0
1990,71,2,3,0,0,0,0,0,0,0
1990,69,2,0,0,0,0,0,0,0,0
1990,79,1,0,0,0,0,0,0,0,0
1990,50,1,2,0,0,0,889,1,40,0
1990,18,1,1,0,0,0,0,0,0,0
1990,75,2,3,0,0,0,0,0,0,0
1990,37,1,0,0,0,1,783,2,50,0
1990,37,2,0,0,0,1,458,4,30,0
1990,40,1,0,0,0,0,756,1,40,0
1990,37,2,0,0,0,0,744,1,40,0
1990,18,2,1,0,0,0,667,3,20,0
1990,62,1,0,0,0,0,0,0,0,0
1990,43,2,0,0,0,0,243,3,80,0
1990,30,1,0,0,0,0,889,3,50,0
1990,29,2,0,0,0,0,744,1,45,0
1990,33,1,0,0,0,1,229,1,56,0
1990,30,2,0,0,0,0,466,5,12,0
1990,37,1,1,0,0,0,668,4,75,0
1990,24,2,1,0,0,1,59,5,40,0
1990,42,1,0,0,0,0,0,0,0,0
1990,47,2,0,0,0,0,355,2,10,0
1990,64,2,3,0,0,0,447,5,0,0
1990,25,2,2,0,0,0,877,3,46,0
1990,30,2,1,0,0,0,0,0,0,0
1990,67,2,3,0,0,0,0,0,0,0
1990,49,2,0,0,0,1,59,5,40,1
1990,47,1,0,0,0,1,55,1,45,1
1990,59,1,0,0,0,0,668,1,30,0
1990,57,2,0,0,0,0,0,0,0,0
1990,27,2,1,0,0,1,308,4,20,0
1990,31,1,0,0,0,1,505,3,55,0
1990,27,2,0,0,0,1,21,5,40,0
1990,47,1,0,1,0,0,804,1,40,0
1990,44,2,0,1,0,0,449,5,36,0
1990,21,2,1,1,0,0,453,4,28,0
1990,20,1,1,1,0,1,447,5,0,0
1990,31,1,2,0,0,1,22,1,40,0
1990,38,2,2,0,0,0,37,5,40,0
1990,18,2,1,1,0,0,387,5,15,0
1990,45,1,2,0,0,1,307,1,40,0
1990,30,2,2,0,0,1,234,5,40,0
1990,44,1,0,0,0,1,64,1,40,0
1990,43,2,0,0,0,1,156,5,40,0
1990,67,1,0,0,0,1,157,5,25,0
1990,57,2,0,0,0,1,679,5,40,0
1990,70,1,3,0,0,0,768,0,0,0
1990,24,1,0,0,0,1,418,6,40,0
1990,24,2,0,0,0,1,208,5,40,0
1990,40,1,0,0,0,1,65,5,45,1
1990,34,2,0,0,0,1,64,6,40,0
1990,28,2,1,0,0,1,376,1,40,0
1990,37,2,2,0,0,1,389,5,52,0
1990,40,2,1,0,0,1,229,4,40,0
1990,22,1,1,1,0,0,365,6,40,0
1990,28,1,0,0,0,1,22,5,40,0
1990,28,2,0,0,0,1,48,6,40,0
1990,65,1,0,1,0,0,785,1,40,0
1990,58,2,0,1,0,0,449,4,40,0
1990,23,2,1,1,0,1,274,3,25,0
1990,80,2,2,0,0,1,276,3,24,0
1990,73,1,2,0,0,0,0,0,0,0
1990,59,1,0,0,0,1,59,6,40,1
1990,54,2,0,0,0,1,156,5,40,0
1990,33,2,2,0,0,0,33,5,45,0
1990,72,1,0,0,0,1,0,0,0,0
1990,72,2,0,0,0,0,433,5,0,0
1990,42,2,2,0,0,1,156,5,36,0
1990,76,2,3,0,0,0,0,0,0,0
1990,64,2,1,0,0,0,0,0,0,0
1990,66,1,3,0,0,0,567,0,50,0
1990,46,1,0,3,3,1,17,4,40,0
1990,42,2,0,3,3,1,17,4,50,0
1990,31,2,1,0,0,0,785,1,40,0
1990,72,1,3,0,0,0,0,0,0,0
1990,37,1,2,0,0,0,519,1,40,0
1990,28,2,2,0,0,0,777,1,40,0
1990,26,1,1,0,0,0,567,0,52,0
1990,23,1,0,0,0,0,853,0,40,0
1990,24,2,0,0,0,0,744,1,40,0
1990,53,1,0,0,0,0,699,1,44,0
1990,48,2,0,0,0,1,313,1,30,0
1990,38,1,2,0,0,1,473,0,40,0
1990,48,1,2,0,0,1,328,6,40,0
1990,26,2,3,0,0,0,444,3,40,0
1990,45,1,0,0,0,0,804,2,60,0
1990,42,2,0,0,0,0,387,1,41,0
1990,74,2,1,0,0,0,0,0,0,0
1990,20,2,1,1,0,1,163,5,30,0
1990,38,1,0,1,0,1,904,6,45,0
1990,33,2,0,1,0,0,447,6,40,0
1990,37,2,2,1,0,0,348,2,38,0
1990,37,1,2,1,0,0,579,1,40,0
1990,28,1,0,1,0,1,418,6,40,0
1990,25,2,0,1,0,1,376,1,40,0
1990,42,1,0,1,0,1,785,1,40,0
1990,41,2,0,1,0,1,0,0,0,0
1990,33,1,1,1,0,0,869,0,40,0
1990,56,2,3,1,0,1,156,5,40,0
1990,36,1,1,1,0,0,0,0,0,0
1990,19,2,1,1,0,1,0,0,0,0
1990,61,1,0,0,0,1,27,6,40,0
1990,57,2,0,0,0,0,687,3,35,0
1990,19,1,1,0,0,0,277,3,19,0
1990,57,1,0,0,0,0,22,5,40,1
1990,57,2,0,0,0,0,0,0,0,0
1990,30,1,1,1,4,1,14,5,0,0
1990,73,2,3,0,0,0,0,0,0,0
1990,39,1,2,0,0,0,549,4,45,0
1990,44,1,1,0,0,0,0,0,0,0
1990,20,2,1,0,0,0,447,5,32,0
1990,77,1,0,0,0,0,0,0,0,0
1990,78,2,0,0,0,0,276,3,27,0
1990,53,2,2,0,0,0,276,3,40,0
1990,66,1,0,0,0,0,558,0,0,0
1990,64,2,0,0,0,0,0,0,0,0
1990,48,1,1,1,0,0,0,0,0,0
1990,64,1,0,0,0,0,0,0,0,0
1990,55,2,0,0,0,1,337,5,30,0
1990,28,1,0,0,0,1,308,5,40,0
1990,25,2,0,0,0,1,243,3,40,0
1990,26,1,0,0,0,0,376,4,40,0
1990,26,2,0,0,0,1,335,1,40,0
1990,29,1,1,0,0,1,229,4,60,0
1990,46,1,0,0,0,1,53,5,53,1
1990,35,2,0,0,0,1,0,0,0,0
1990,37,1,0,0,0,1,796,4,60,0
1990,36,2,0,0,0,1,274,3,20,0
1990,46,1,0,0,0,1,25,3,40,0
1990,45,2,0,0,0,1,313,5,40,0
1990,21,1,1,0,0,1,436,3,40,0
1990,18,2,1,0,0,0,274,3,32,0
1990,48,2,2,0,0,1,313,6,40,0
1990,19,1,1,0,0,1,264,3,30,0
1990,49,1,0,0,0,1,56,1,48,0
1990,44,2,0,0,0,1,313,1,42,0
1990,33,1,0,0,0,1,804,2,45,0
1990,32,2,0,0,0,1,84,5,32,0
1990,69,2,2,0,0,0,0,0,0,0
1990,73,1,0,0,0,0,0,0,0,0
1990,70,2,0,0,0,0,0,0,0,0
1990,20,1,3,0,0,0,523,6,60,0
1990,19,2,3,0,0,1,458,4,40,0
1990,36,2,2,0,0,0,683,1,40,0
1990,18,2,1,0,0,0,406,4,20,0
1990,60,2,2,0,0,0,468,5,40,0
1990,56,1,2,0,0,1,549,5,40,0
1990,32,1,2,0,0,0,505,3,55,0
1990,27,2,1,0,0,1,276,3,40,0
1990,28,1,1,0,0,1,235,1,40,0
1990,29,2,2,0,0,0,313,6,40,0
1990,65,1,0,0,0,1,59,6,0,0
1990,67,2,0,0,0,0,0,0,0,0
1990,28,1,1,0,0,1,804,3,34,0
1990,28,1,0,0,0,1,25,1,41,0
1990,33,2,0,0,0,1,628,1,40,0
1990,54,2,3,0,0,1,254,4,50,0
1990,23,2,1,0,0,1,319,3,15,0
1990,65,1,0,0,0,1,22,4,30,0
1990,58,2,0,0,0,1,313,6,40,0
1990,29,2,2,0,0,0,319,5,38,0
1990,51,1,0,0,0,1,5,6,40,0
1990,51,2,0,0,2,0,0,0,0,0
1990,25,1,1,0,2,1,307,5,40,0
1990,22,1,1,0,0,1,22,1,40,0
1990,43,1,0,0,0,1,22,4,45,0
1990,34,2,0,0,0,1,9,1,55,0
1990,39,1,0,0,0,1,628,1,45,1
1990,37,2,0,0,0,1,84,5,20,0
1990,53,1,0,0,0,1,213,1,45,1
1990,50,2,0,0,0,1,156,5,4,0
1990,33,1,0,0,0,1,55,5,40,1
1990,33,2,0,0,0,1,186,5,6,0
1990,38,1,0,0,0,0,22,1,60,1
1990,30,2,0,0,0,1,22,5,15,0
1990,24,1,1,1,0,0,436,3,0,0
1990,52,1,0,0,0,0,457,4,40,0
1990,52,2,0,0,0,0,274,3,45,0
1990,60,1,0,0,0,0,535,4,45,0
1990,60,2,0,0,0,0,0,0,0,0
1990,74,2,3,0,0,0,0,0,0,0
1990,33,1,0,0,0,1,217,5,40,0
1990,26,2,0,0,0,1,379,4,40,0
1990,63,1,1,0,0,0,0,0,0,0
1990,41,1,0,0,0,1,14,5,50,0
1990,40,2,0,0,0,0,156,5,35,0
1990,18,1,1,0,0,0,575,0,0,0
1990,75,1,2,0,0,1,0,0,0,0
1990,50,1,0,0,0,1,5,6,47,1
1990,44,2,0,0,0,1,0,0,0,0
1990,36,1,0,0,0,1,558,0,48,0
1990,35,2,0,0,0,1,15,5,40,0
1990,78,2,0,0,0,0,0,0,0,0
1990,52,1,0,0,0,1,22,1,40,1
1990,52,2,0,0,0,1,0,0,0,0
1990,39,2,0,3,0,1,156,5,8,0
1990,35,1,0,3,0,1,507,2,40,0
1990,50,1,0,0,0,1,22,0,45,1
1990,44,2,0,0,0,0,313,4,24,0
1990,63,2,2,0,0,1,95,5,40,0
1990,34,1,0,0,0,0,558,0,40,0
1990,33,2,0,0,0,1,355,2,40,0
1990,29,1,1,0,0,0,435,3,30,0
1990,62,1,0,0,0,0,475,0,60,0
1990,61,2,0,0,0,0,785,1,45,0
1990,50,1,0,0,0,0,668,3,45,0
1990,38,2,0,0,0,0,744,3,35,0
1990,26,1,0,0,0,1,389,5,40,0
1990,24,2,0,0,0,1,458,3,30,0
1990,45,1,0,0,0,0,628,0,40,0
1990,39,2,0,0,0,0,785,1,46,0
1990,22,2,1,0,0,1,156,5,0,0
1990,52,1,0,0,0,0,263,3,40,0
1990,43,2,0,0,0,1,213,1,40,0
1990,78,2,3,0,0,1,0,0,0,0
1990,28,1,0,0,0,0,567,0,40,0
1990,27,2,0,0,0,1,156,5,40,0
1990,33,1,1,0,0,0,653,0,48,0
1990,38,1,2,0,0,0,579,0,40,0
1990,43,1,0,0,0,0,343,1,40,0
1990,38,2,0,0,0,0,8,1,40,0
1990,20,1,1,0,0,0,779,1,55,0
1990,18,2,1,0,0,0,315,4,15,0
1990,76,2,3,0,0,0,0,0,0,0
1990,35,1,0,3,0,0,417,6,56,0
1990,33,2,0,0,0,0,747,4,40,0
1990,57,1,0,0,0,0,416,5,40,0
1990,54,2,0,0,0,1,313,6,35,0
1990,23,2,1,0,0,1,243,3,35,0
1990,64,1,0,0,0,1,37,1,42,0
1990,22,2,0,0,0,1,156,5,0,0
1990,50,2,1,1,0,0,407,4,40,0
1990,27,2,1,1,0,0,686,1,0,0
1990,23,2,1,1,0,0,784,5,0,0
1990,34,1,0,0,0,1,217,1,40,0
1990,34,2,0,0,0,1,337,5,16,0
1990,30,2,0,0,0,0,484,0,40,0
1990,29,1,0,0,0,0,783,0,40,0
1990,27,2,0,1,0,1,634,1,40,0
1990,33,1,0,1,0,0,507,3,40,0
1990,38,1,2,0,0,1,229,0,70,1
1990,53,1,0,0,0,1,166,5,15,0
1990,53,2,0,0,0,1,373,3,30,0
1990,45,1,0,0,0,0,637,1,50,0
1990,41,2,0,0,0,1,276,3,36,0
1990,20,1,1,0,0,0,364,1,40,0
1990,46,1,0,0,0,0,575,2,40,0
1990,43,2,0,0,0,0,683,1,40,0
1990,35,1,0,0,0,0,779,1,40,0
1990,30,2,0,0,0,0,453,5,14,0
1990,68,2,3,0,0,1,0,0,0,0
1990,28,1,0,0,0,0,804,4,30,0
1990,23,2,0,0,0,0,449,4,30,0
1990,72,1,0,0,0,0,567,0,36,0
1990,69,2,0,0,0,1,0,0,0,0
1990,76,1,0,0,0,0,0,0,0,0
1990,79,2,0,0,0,1,0,0,0,0
1990,47,1,0,0,0,0,0,0,0,0
1990,45,2,0,0,0,0,449,4,8,0
1990,20,1,1,0,0,1,243,3,50,0
1990,67,1,0,0,0,1,0,0,0,0
1990,75,2,0,0,0,0,0,0,0,0
1990,50,2,0,0,0,0,0,0,0,0
1990,43,1,0,2,0,0,688,1,40,0
1990,26,1,0,0,0,0,518,1,45,0
1990,26,2,0,0,0,0,796,1,40,0
1990,55,1,0,0,0,0,549,1,40,0
1990,54,2,0,0,0,0,0,0,0,0
1990,48,1,0,0,0,1,154,5,45,0
1990,48,2,0,0,0,1,154,5,37,0
1990,42,1,2,3,0,1,337,1,48,0
1990,40,1,0,0,0,0,473,0,40,0
1990,32,2,0,0,0,0,708,1,40,0
1990,44,1,0,0,0,0,473,0,70,0
1990,33,2,0,0,0,1,488,0,40,0
1990,34,1,0,0,0,1,575,1,40,0
1990,36,2,0,0,0,1,467,5,6,0
1990,27,1,0,0,0,0,883,1,43,0
1990,24,2,0,0,0,0,777,1,36,0
1990,23,1,2,0,0,0,768,1,40,0
1990,77,2,0,0,0,1,0,0,0,0
1990,78,1,0,0,0,1,0,0,0,0
1990,30,1,0,0,0,0,514,3,40,0
1990,27,2,0,0,0,0,337,3,40,0
1990,22,1,0,0,0,0,575,1,40,0
1990,20,2,0,0,0,0,458,4,40,0
1990,51,1,0,0,0,1,475,0,70,0
1990,43,2,0,0,0,1,379,3,18,0
1990,18,1,1,0,0,0,479,0,10,0
1990,59,1,1,0,0,1,0,0,0,1
1990,68,1,0,0,0,0,0,0,0,0
1990,60,2,0,0,0,0,276,3,40,0
1990,56,1,2,0,0,0,364,1,44,0
1990,63,2,3,0,0,0,0,0,0,0
1990,25,1,1,0,0,0,597,0,40,0
1990,75,1,2,0,0,1,0,0,0,0
1990,22,1,2,0,0,0,507,1,45,0
1990,53,1,0,0,0,1,178,5,50,1
1990,54,2,0,0,0,1,17,5,50,0
1990,28,2,1,0,0,1,385,3,40,0
1990,43,1,1,0,0,0,0,0,0,0
1990,53,2,2,0,0,0,378,2,40,0
1990,19,1,1,0,0,0,383,4,40,0
1990,64,2,2,0,0,1,96,5,40,0
1990,46,1,0,0,0,0,573,0,40,0
1990,39,2,0,0,0,0,276,3,34,0
1990,18,1,1,0,0,0,777,1,40,0
1990,63,1,0,0,0,0,22,2,60,1
1990,58,2,0,0,0,1,22,2,60,1
1990,54,1,0,0,0,0,747,4,44,0
1990,70,2,0,0,0,0,0,0,0,0
1990,33,1,0,0,0,0,479,0,40,0
1990,29,2,0,0,0,0,754,1,40,0
1990,46,1,0,0,0,0,566,0,0,0
1990,41,2,0,0,0,0,368,3,22,0
1990,18,1,1,0,0,0,566,0,0,0
1990,61,1,0,0,0,0,274,3,0,0
1990,57,2,0,0,0,0,0,0,0,0
1990,45,2,0,0,0,1,373,3,20,0
1990,38,1,0,0,0,1,157,5,40,0
1990,46,1,0,0,0,0,785,1,40,0
1990,36,2,0,0,0,0,796,1,40,0
1990,69,1,0,0,0,0,0,0,0,0
1990,69,2,0,0,0,0,0,0,0,0
1990,34,1,0,0,0,1,186,5,30,0
1990,37,2,0,0,0,0,323,3,40,0
1990,27,1,0,0,0,1,904,6,40,0
1990,28,2,0,0,0,1,95,5,40,0
1990,21,1,0,0,0,0,496,1,42,0
1990,22,2,0,0,0,0,376,4,40,0
1990,52,1,1,0,0,1,0,0,0,0
1990,49,2,2,0,0,1,313,0,12,0
1990,19,1,1,0,0,1,435,3,40,0
1990,77,2,3,0,0,0,0,0,0,0
1990,53,1,0,0,0,1,0,0,0,0
1990,42,2,0,0,0,0,274,3,48,0
1990,69,1,3,0,0,0,547,3,0,0
1990,45,2,3,0,0,0,18,4,40,0
1990,36,1,0,0,0,0,259,3,40,0
1990,32,2,0,0,0,0,688,1,40,0
1990,56,2,2,0,0,0,0,0,0,0
1990,30,2,0,0,0,1,467,5,65,0
1990,33,1,0,3,2,1,567,0,60,0
1990,34,1,3,0,2,0,407,4,32,0
1990,78,2,3,0,0,1,0,0,0,0
1990,77,1,0,0,0,0,0,0,0,0
1990,80,2,0,0,0,0,0,0,0,0
1990,53,2,2,0,0,0,0,0,0,0
1990,43,1,0,3,0,1,22,1,50,0
1990,42,2,0,0,0,1,389,1,40,0
1990,18,2,1,0,0,0,335,1,15,0
1990,49,2,3,0,0,1,164,5,20,0
1990,69,1,0,0,0,1,426,4,0,0
1990,68,2,0,0,0,1,0,0,0,0
1990,56,1,0,0,0,1,243,3,40,0
1990,52,2,0,0,0,0,254,4,40,0
1990,36,2,2,0,0,0,784,1,40,0
1990,66,2,2,0,0,0,0,0,0,0
1990,39,1,2,0,0,0,856,2,40,0
1990,46,1,2,0,0,0,8,2,55,0
1990,34,2,3,0,0,0,706,1,40,0
1990,28,1,0,0,0,1,206,5,42,0
1990,26,2,0,0,0,1,435,3,35,0
1990,63,2,3,0,0,0,0,0,0,0
1990,32,1,1,0,0,0,518,1,50,0
1990,39,2,2,0,0,0,223,1,40,0
1990,28,1,0,0,0,0,877,1,42,0
1990,29,2,0,0,0,0,453,4,0,0
1990,24,1,1,0,0,1,243,3,50,0
1990,30,1,0,0,0,1,154,5,40,0
1990,28,2,0,0,0,1,389,1,0,0
1990,68,2,3,0,0,1,0,0,0,0
1990,72,1,2,0,0,0,0,0,0,0
1990,19,2,1,0,0,1,276,3,33,0
1990,66,2,2,0,0,0,315,5,24,0
1990,65,2,2,0,0,0,0,0,0,0
1990,19,1,0,0,0,0,883,0,53,0
1990,47,1,0,0,0,0,804,3,65,0
1990,46,2,0,0,0,1,379,6,40,0
1990,21,2,2,0,0,1,224,5,27,0
1990,63,2,3,0,0,0,447,4,0,0
1990,70,1,0,0,0,0,0,0,0,0
1990,62,2,0,0,0,0,754,1,40,0
1990,28,1,0,0,0,0,889,1,45,0
1990,27,2,0,0,0,0,707,1,45,0
1990,42,1,0,0,0,0,747,1,40,0
1990,37,2,0,0,0,0,796,1,0,0
1990,18,1,1,0,0,0,486,4,32,0
1990,59,1,0,0,0,0,577,2,0,0
1990,60,2,0,0,0,0,0,0,0,0
1990,63,1,0,0,0,0,0,0,0,0
1990,61,2,0,0,0,0,0,0,0,0
1990,77,2,3,0,0,1,666,4,0,0
1990,67,1,0,0,0,0,0,0,0,0
1990,61,2,0,0,0,1,0,0,0,0
1990,76,1,0,0,0,0,0,0,0,0
1990,72,2,0,0,0,0,0,0,0,0
1990,18,1,1,0,0,0,0,0,0,0
1990,67,1,0,0,0,0,0,0,0,0
1990,60,2,0,0,0,0,264,3,14,0
1990,67,2,3,0,0,0,436,1,0,0
1990,44,1,0,0,0,0,276,3,40,0
1990,34,2,0,0,0,0,276,3,0,0
1990,63,2,3,3,0,0,0,0,0,0
1990,22,1,1,3,0,0,0,0,0,0
1990,18,2,0,0,0,0,487,0,0,0
1990,21,1,0,0,0,0,567,1,8,0
1990,19,1,1,0,0,0,877,3,32,0
1990,64,1,0,0,0,0,436,3,48,0
1990,61,2,0,0,0,0,436,3,0,0
1990,64,1,0,3,0,0,0,0,0,0
1990,60,2,0,3,0,0,0,0,0,0
1990,24,1,1,0,0,1,526,3,40,0
1990,63,1,0,0,0,1,808,5,0,0
1990,61,2,0,0,0,0,274,3,16,0
1990,36,2,1,0,0,1,17,3,40,0
1990,26,1,3,0,0,0,547,4,25,0
1990,29,1,0,0,0,0,486,0,40,0
1990,28,2,0,0,0,0,754,1,40,0
1990,54,1,0,0,0,0,567,0,50,0
1990,52,2,0,0,0,0,628,3,45,0
1990,79,2,3,0,0,1,0,0,0,0
1990,76,1,3,0,0,0,0,0,0,0
1990,49,2,2,0,0,1,0,0,0,0
1990,42,1,0,0,0,0,593,0,68,0
1990,43,2,0,0,0,1,473,0,40,1
1990,39,1,0,3,0,1,453,5,40,0
1990,31,2,0,0,0,0,777,1,40,0
1990,35,1,1,0,0,0,804,3,70,0
1990,33,2,2,3,0,0,785,1,40,0
1990,77,1,0,0,0,0,0,0,0,0
1990,73,2,0,0,0,0,0,0,0,0
1990,36,1,1,0,0,0,0,0,0,0
1990,57,1,0,0,0,0,263,3,40,0
1990,54,2,0,0,0,0,337,3,40,0
1990,33,1,3,0,0,0,869,0,60,0
1990,19,2,3,0,0,0,264,3,10,0
1990,19,1,3,0,0,0,869,0,0,0
1990,46,1,0,0,0,1,628,1,0,0
1990,46,2,0,0,0,0,597,0,12,0
1990,43,1,0,0,0,1,87,5,40,0
1990,49,2,0,0,0,1,243,3,40,0
1990,18,1,1,0,0,0,0,0,0,0
1990,52,1,0,0,0,0,804,2,25,0
1990,51,2,0,0,0,0,0,0,0,0
1990,63,1,0,0,0,1,379,6,0,0
1990,69,2,0,0,0,0,0,0,0,0
1990,56,1,0,0,0,1,154,5,40,0
1990,53,2,0,0,0,1,156,5,40,0
1990,21,1,1,0,0,1,276,3,15,0
1990,19,2,1,0,0,1,319,5,4,0
1990,53,2,0,0,0,0,804,3,10,0
1990,57,1,0,0,0,1,154,5,60,0
1990,68,2,3,0,0,0,0,0,0,0
1990,65,1,0,0,0,0,769,1,40,0
1990,59,2,0,0,0,0,0,0,0,0
1990,78,1,0,0,0,0,0,0,0,0
1990,76,2,0,0,0,0,0,0,0,0
1990,21,1,0,0,0,0,756,1,40,0
1990,22,2,0,0,0,0,406,4,40,0
1990,35,1,0,0,3,0,475,0,27,0
1990,29,2,0,0,0,0,276,3,24,0
1990,62,1,0,0,0,0,804,0,40,0
1990,62,2,0,0,0,0,0,0,0,0
1990,67,2,3,0,0,1,0,0,0,0
1990,41,2,0,0,0,1,156,5,40,0
1990,43,1,0,0,0,1,156,5,40,0
1990,18,1,1,0,0,1,257,2,5,0
1990,61,1,0,0,0,0,804,2,40,0
1990,57,2,0,0,2,0,319,5,25,0
1990,74,2,3,0,0,0,0,0,0,0
1990,32,1,0,0,0,0,637,1,40,0
1990,30,2,0,0,0,0,156,5,40,0
1990,56,1,0,0,0,0,683,1,40,0
1990,43,2,0,0,0,0,278,1,48,0
1990,22,1,1,0,0,0,885,3,40,0
1990,20,1,1,0,0,0,727,1,40,0
1990,45,1,0,0,0,0,769,0,40,0
1990,42,2,0,0,0,0,436,5,32,0
1990,74,2,3,0,0,0,706,1,40,0
1990,47,1,0,0,0,0,859,1,40,0
1990,42,2,0,0,0,0,877,1,40,0
1990,24,1,2,0,0,0,804,3,44,0
1990,71,1,3,0,0,0,0,0,0,0
1990,63,1,0,0,0,0,806,1,0,0
1990,62,2,0,0,0,0,0,0,0,0
1990,64,1,0,0,0,0,808,5,10,0
1990,61,2,0,0,0,0,877,3,21,0
1990,39,1,0,0,0,0,518,1,40,0
1990,42,2,0,0,0,0,785,1,40,0
1990,29,2,1,1,0,0,754,1,40,0
1990,42,1,0,0,0,1,157,5,60,0
1990,39,2,0,0,0,0,0,0,0,0
1990,43,2,3,0,0,0,313,3,35,0
1990,69,1,1,1,0,0,0,0,0,0
1990,74,1,0,0,0,0,0,0,0,0
1990,62,2,0,0,0,0,0,0,0,0
1990,43,1,0,0,0,0,883,1,44,0
1990,43,2,0,0,0,0,779,1,40,0
1990,18,1,1,0,0,0,0,0,0,0
1990,55,2,3,0,0,0,379,4,0,0
1990,67,1,0,0,0,0,16,2,0,0
1990,63,2,0,0,0,0,0,0,0,0
1990,41,1,0,0,0,0,567,0,40,0
1990,41,2,0,0,0,0,426,4,40,0
1990,47,1,0,0,0,0,727,1,40,0
1990,46,2,0,0,0,0,686,1,40,0
1990,47,1,0,0,0,0,354,2,40,0
1990,43,2,0,0,0,0,313,4,0,0
1990,18,1,1,0,0,0,436,3,24,0
1990,63,1,0,0,0,1,176,5,15,0
1990,63,2,0,0,0,0,444,5,12,0
1990,46,2,2,0,0,1,447,6,28,0
1990,25,1,0,0,0,0,518,1,40,0
1990,22,2,0,0,0,0,447,5,40,0
1990,24,1,0,0,0,0,479,0,40,0
1990,22,2,0,0,0,0,769,1,0,0
1990,32,1,0,0,0,0,777,1,56,0
1990,28,2,0,0,0,0,567,1,54,0
1990,73,2,3,0,0,0,449,4,6,0
1990,72,2,3,0,0,0,0,0,0,0
1990,37,1,1,0,0,0,379,3,40,0
1990,21,1,0,0,0,0,853,0,50,0
1990,22,2,0,0,0,1,436,3,40,0
1990,51,1,0,0,0,1,473,0,70,0
1990,47,2,0,0,0,1,313,6,40,0
1990,18,1,1,0,0,0,0,0,0,0
1990,31,2,0,0,0,1,156,5,40,0
1990,32,1,0,0,0,1,453,1,42,0
1990,35,2,3,0,0,0,479,0,5,0
1990,18,2,1,0,0,0,479,0,5,0
1990,51,1,3,0,0,0,804,2,50,0
1990,20,1,1,0,0,0,479,0,40,0
1990,61,2,0,0,0,0,458,4,20,0
1990,66,1,0,0,0,0,0,0,0,0
1990,73,1,0,0,0,0,0,0,0,0
1990,63,2,0,0,0,0,365,5,0,0
1990,27,1,0,0,0,0,523,0,40,0
1990,36,2,0,0,0,0,276,3,40,0
1990,75,2,0,0,0,0,0,0,0,0
1990,79,2,3,0,0,0,0,0,0,0
1990,66,1,0,0,0,0,808,6,28,0
1990,64,2,0,0,0,0,436,3,0,0
1990,41,1,1,0,0,0,0,0,0,0
1990,65,1,0,0,0,1,176,5,40,0
1990,61,2,0,0,0,1,0,0,0,0
1990,25,1,0,0,0,0,547,1,44,0
1990,21,2,0,0,0,1,95,5,40,0
1990,67,1,0,0,0,0,0,0,0,0
1990,67,2,0,0,0,0,447,5,20,0
1990,49,1,0,0,0,0,0,0,0,0
1990,49,2,0,0,0,0,447,5,40,0
1990,80,2,3,0,0,1,0,0,0,0
1990,79,1,2,0,0,0,0,0,0,0
1990,46,2,0,0,0,0,453,5,0,0
1990,37,1,0,0,0,0,453,5,40,0
1990,78,2,3,0,0,0,0,0,0,0
1990,32,2,1,0,0,0,436,3,30,0
1990,23,1,1,0,0,0,783,1,45,0
1990,41,1,0,0,0,0,486,0,40,0
1990,37,2,0,0,0,0,208,2,48,0
1990,38,1,0,0,0,0,804,2,40,0
1990,37,2,0,0,0,0,276,3,25,0
1990,47,2,0,0,0,0,354,2,40,0
1990,50,1,0,0,0,0,777,1,40,0
1990,66,2,2,1,0,0,453,5,0,0
1990,69,1,0,0,0,0,473,0,4,0
1990,67,2,0,0,0,0,207,5,48,0
1990,45,2,2,0,0,0,387,5,42,0
1990,40,1,0,1,0,0,628,1,40,0
1990,41,2,0,1,0,0,785,1,40,0
1990,63,1,0,0,0,0,0,0,0,0
1990,57,2,0,0,0,0,0,0,0,0
1990,74,1,0,0,0,0,459,5,28,0
1990,73,2,0,0,0,0,0,0,0,0
1990,61,2,2,3,0,0,276,3,32,0
1990,64,2,3,3,0,0,0,0,0,0
1990,44,1,0,3,0,0,0,0,0,0
1990,24,2,0,0,0,0,277,1,0,0
1990,39,1,0,0,0,0,727,1,50,0
1990,37,2,0,0,0,0,447,5,40,0
1990,18,1,1,0,0,0,453,4,20,0
1990,19,2,2,0,0,0,447,5,40,0
1990,33,1,0,0,0,0,887,1,40,0
1990,31,2,0,0,0,0,779,1,40,0
1990,28,1,0,0,0,1,21,5,92,0
1990,25,2,0,0,0,0,779,1,60,0
1990,28,1,0,0,0,1,229,2,40,0
1990,31,2,0,0,0,1,303,5,40,0
1990,68,2,3,0,0,1,0,0,0,0
1990,32,1,2,0,0,1,534,0,40,0
1990,50,2,2,0,0,1,337,3,60,0
1990,18,2,1,0,0,1,379,5,15,0
1990,36,1,0,1,0,1,274,3,40,0
1990,36,2,0,1,0,1,254,4,20,0
1990,20,2,1,0,0,1,208,5,50,0
1990,23,2,1,0,0,1,378,4,0,0
1990,37,1,0,0,0,1,255,4,55,1
1990,36,2,0,0,0,1,313,4,20,0
1990,55,2,3,0,0,1,385,4,40,0
1990,63,2,1,0,0,0,447,5,0,0
1990,40,1,2,0,0,0,473,0,40,0
1990,19,2,1,0,0,0,804,3,30,0
1990,53,1,0,0,0,0,668,3,40,0
1990,46,2,0,0,0,0,243,3,36,0
1990,39,1,0,0,0,1,637,1,40,0
1990,38,2,0,0,0,1,329,5,58,0
1990,18,1,1,0,0,0,276,3,28,0
1990,59,1,0,0,0,1,213,1,46,1
1990,60,2,0,0,0,0,0,0,0,0
1990,36,1,0,0,0,1,259,3,60,0
1990,31,2,0,0,0,0,883,4,40,0
1990,32,1,0,0,0,0,503,4,45,0
1990,30,2,0,0,0,0,748,4,40,0
1990,52,2,3,0,0,0,243,3,40,0
1990,22,1,0,0,0,0,804,3,48,0
1990,18,2,0,0,0,0,159,1,40,0
1990,70,2,3,0,0,0,0,0,0,0
1990,68,1,2,0,0,0,0,0,0,0
1990,46,1,0,0,0,1,555,0,45,0
1990,42,2,0,0,0,0,389,5,0,0
1990,18,1,1,0,0,0,575,0,58,0
1990,68,2,1,0,0,0,785,5,0,0
1990,66,2,3,0,0,0,473,0,49,0
1990,70,1,2,0,0,0,785,1,40,0
1990,63,2,3,0,0,0,0,0,0,0
1990,69,2,3,0,0,0,889,3,20,0
1990,30,1,0,0,0,0,678,5,40,1
1990,31,2,0,0,0,0,303,5,50,0
1990,48,1,0,0,0,0,514,4,45,0
1990,45,2,0,0,0,0,0,0,0,0
1990,74,2,3,0,0,0,0,0,0,0
1990,65,1,0,0,0,0,0,0,0,0
1990,63,2,0,0,0,0,658,1,40,0
1990,20,1,1,0,0,0,544,0,40,0
1990,67,2,3,0,0,0,0,0,0,0
1990,70,2,2,0,0,1,157,5,0,0
1990,41,1,2,0,0,0,243,3,45,0
1990,27,1,0,0,0,0,496,0,40,0
1990,29,2,0,0,0,0,744,1,40,0
1990,66,1,3,0,0,0,0,0,0,0
1990,45,1,0,0,0,0,0,0,0,0
1990,43,2,0,0,4,0,185,3,40,0
1990,46,1,0,0,0,1,253,4,40,0
1990,51,2,0,0,0,1,379,4,20,0
1990,18,1,1,0,0,0,0,0,0,0
1990,35,1,0,0,0,0,278,1,50,0
1990,35,2,0,0,0,0,744,1,40,0
1990,64,1,0,0,0,0,0,0,0,0
1990,63,2,0,0,0,0,337,3,18,0
1990,49,1,0,0,0,0,853,2,44,0
1990,49,2,0,0,0,0,383,4,40,0
1990,44,1,0,0,0,1,567,0,45,0
1990,43,2,0,0,0,0,0,0,0,0
1990,21,1,1,0,0,0,0,0,0,0
1990,19,1,1,0,0,0,0,0,0,0
1990,52,1,0,0,0,0,453,4,40,0
1990,41,2,0,0,0,0,213,1,40,0
1990,20,1,1,0,0,0,276,3,40,0
1990,32,1,0,0,0,0,804,2,40,0
1990,31,2,0,0,0,0,444,5,40,0
1990,72,1,0,0,0,0,0,0,0,0
1990,70,2,0,0,0,0,0,0,0,0
1990,65,1,1,0,0,0,804,2,40,0
1990,24,1,1,0,0,0,785,1,40,0
1990,59,1,0,0,0,0,473,0,60,0
1990,55,2,0,0,0,0,0,0,0,0
1990,45,1,0,0,0,1,22,0,50,1
1990,43,2,0,0,0,0,0,0,0,0
1990,46,1,0,0,0,0,855,0,43,1
1990,45,2,0,0,0,0,313,1,40,0
1990,35,2,1,0,0,0,0,0,0,0
1990,25,1,0,0,0,0,759,1,40,0
1990,25,2,0,0,0,0,888,1,45,0
1990,38,1,0,1,0,1,354,2,38,0
1990,32,2,0,1,0,1,375,4,40,0
1990,35,1,0,0,0,0,8,4,40,0
1990,30,2,0,0,0,0,243,3,40,0
1990,58,1,0,0,0,0,259,3,45,0
1990,54,2,0,0,0,1,364,2,40,0
1990,66,2,3,0,0,0,0,0,0,0
1990,46,1,1,0,0,0,808,2,0,0
1990,69,2,3,1,0,1,159,5,0,0
1990,29,2,3,1,0,1,274,3,6,0
1990,79,1,2,0,0,0,567,0,12,0
1990,31,2,1,1,0,0,909,6,0,0
1990,42,1,0,0,0,0,386,3,60,0
1990,39,2,0,0,0,0,379,3,40,0
1990,61,1,0,1,0,0,479,0,20,0
1990,58,2,0,1,0,0,0,0,0,0
1990,23,2,2,0,0,0,276,1,40,0
1990,35,1,0,1,0,1,418,6,40,0
1990,30,2,0,1,0,0,769,1,40,0
1990,22,1,0,1,0,1,523,6,40,0
1990,20,2,0,1,0,0,468,6,25,0
1990,72,2,3,0,0,0,0,0,0,0
1990,25,2,2,0,0,1,275,4,50,0
1990,20,1,1,0,0,0,694,6,40,0
1990,60,1,0,0,0,1,274,3,38,0
1990,58,2,0,0,0,1,5,6,40,0
1990,32,1,1,0,3,1,128,5,35,0
1990,50,1,0,0,0,1,804,2,50,0
1990,45,2,0,0,0,1,203,5,41,0
1990,18,2,1,0,0,0,224,5,30,0
1990,36,1,0,0,0,1,533,1,80,1
1990,30,2,0,0,0,0,0,0,0,0
1990,51,2,3,0,0,0,453,5,40,0
1990,37,1,0,0,0,0,843,3,40,0
1990,31,2,0,0,0,1,445,5,40,0
1990,54,1,0,0,0,0,27,1,40,0
1990,56,2,0,0,0,0,744,1,40,0
1990,53,1,0,0,0,0,585,4,0,0
1990,47,2,0,0,0,0,744,1,40,0
1990,62,1,0,0,0,0,0,0,0,0
1990,45,2,0,0,0,0,436,5,25,0
1990,20,2,2,0,0,0,889,1,40,0
1990,74,1,0,1,0,0,0,0,0,0
1990,75,2,0,1,0,0,447,4,36,0
1990,64,1,3,1,0,0,875,2,40,0
1990,47,1,1,1,0,0,453,1,48,0
1990,48,1,0,0,0,0,889,1,40,0
1990,45,2,0,0,0,0,796,1,40,0
1990,43,1,0,0,0,1,27,4,45,0
1990,38,2,0,0,0,1,27,6,40,0
1990,69,2,3,0,0,0,467,5,0,1
1990,67,1,1,0,0,0,0,0,0,0
1990,49,1,3,1,0,0,885,3,48,0
1990,23,1,0,0,0,0,505,4,48,0
1990,24,2,0,0,0,0,628,1,45,0
1990,20,2,0,1,0,0,0,0,0,0
1990,23,1,0,1,0,0,436,3,46,0
1990,60,1,0,0,0,0,523,2,40,1
1990,60,2,0,0,0,0,0,0,0,0
1990,28,1,1,0,0,1,567,0,16,0
1990,73,1,0,1,0,0,0,0,0,0
1990,77,2,0,1,0,0,0,0,0,0
1990,73,1,3,1,0,0,453,1,0,0
1990,80,2,3,0,0,0,0,0,0,0
1990,43,1,0,1,0,0,777,1,40,0
1990,42,2,0,1,0,1,0,0,0,0
1990,38,1,0,1,0,0,479,0,50,0
1990,25,2,0,1,0,0,436,3,35,0
1990,57,1,0,0,0,0,683,1,40,0
1990,53,2,0,0,0,0,877,1,40,0
1990,27,1,0,0,0,0,804,2,84,0
1990,23,2,0,0,0,0,0,0,0,0
1990,22,1,1,0,0,0,479,0,0,0
1990,40,1,0,0,0,1,479,0,50,0
1990,43,2,0,0,0,0,337,0,0,0
1990,58,1,0,0,0,0,453,5,50,0
1990,58,2,0,0,0,0,469,5,24,0
1990,64,2,3,0,0,0,447,4,0,0
1990,41,1,0,0,0,0,473,0,11,0
1990,29,2,0,0,0,0,779,1,0,0
1990,67,1,0,0,0,0,0,0,0,0
1990,58,2,0,0,0,1,0,0,0,0
1990,39,1,0,1,0,0,507,4,40,0
1990,39,2,0,1,0,0,406,4,40,0
1990,19,2,1,1,0,0,274,3,15,0
1990,46,1,0,0,0,0,268,3,50,0
1990,45,2,0,0,0,0,383,4,40,0
1990,21,1,1,0,0,0,877,3,45,0
1990,47,1,0,0,0,0,479,0,60,0
1990,44,2,0,0,0,0,0,0,0,0
1990,20,1,1,0,0,0,269,3,60,0
1990,64,1,0,0,0,0,0,0,0,0
1990,62,2,0,0,0,0,0,0,0,0
1990,67,2,3,0,0,0,0,0,0,0
1990,41,1,0,0,0,0,479,0,46,0
1990,31,2,0,0,0,0,785,1,40,0
1990,28,2,1,0,0,1,158,5,40,0
1990,78,1,0,0,0,0,0,0,0,0
1990,75,2,0,0,0,0,458,4,4,0
1990,65,2,1,0,0,1,156,5,35,0
1990,32,1,0,0,0,0,853,0,50,0
1990,31,2,0,0,0,1,313,5,40,0
1990,41,1,0,0,0,0,518,1,40,0
1990,31,2,0,0,0,0,276,3,0,0
1990,42,1,0,0,0,0,526,4,45,0
1990,41,2,0,0,0,0,0,0,0,0
1990,21,1,1,0,0,0,885,3,48,0
1990,72,2,3,0,0,1,186,5,0,0
1990,18,1,1,0,0,0,505,4,40,0
1990,76,1,0,0,0,0,243,4,40,0
1990,76,2,0,0,0,1,313,5,0,0
1990,58,1,0,0,0,1,22,5,48,0
1990,59,2,0,0,0,1,156,5,40,0
1990,21,2,1,1,0,0,0,0,0,0
1990,68,1,0,1,0,0,0,0,0,0
1990,61,2,0,1,0,0,0,0,0,0
1990,19,1,1,1,0,1,869,1,0,0
1990,48,1,0,1,0,1,157,5,48,0
1990,55,2,0,1,0,1,449,2,40,0
1990,27,1,1,1,0,1,486,0,20,0
1990,42,2,3,1,0,1,156,5,30,0
1990,34,2,0,1,0,0,0,0,0,0
1990,24,1,0,1,0,0,0,0,0,0
1990,30,2,2,0,0,1,276,3,40,0
1990,27,1,1,0,0,1,243,3,65,0
1990,38,2,0,0,0,0,799,1,40,0
1990,30,1,0,0,0,0,769,1,40,0
1990,18,1,1,0,0,0,0,0,0,0
1990,45,1,0,0,0,0,453,1,40,0
1990,43,2,0,0,0,1,337,4,35,0
1990,37,1,0,0,0,1,174,6,40,0
1990,33,2,0,0,0,1,877,3,40,0
1990,45,1,0,3,0,1,243,3,40,0
1990,45,2,0,0,0,1,316,4,40,0
1990,73,1,0,0,0,1,0,0,0,0
1990,71,2,0,0,0,0,0,0,0,0
1990,35,1,0,0,0,0,856,4,40,0
1990,35,2,0,0,0,0,444,3,40,0
1990,48,1,2,0,0,1,426,4,40,0
1990,25,1,3,0,0,0,804,0,40,0
1990,24,1,0,0,0,0,779,1,40,0
1990,27,2,0,0,0,0,276,3,40,0
1990,30,1,0,0,0,0,855,0,40,0
1990,52,2,0,0,0,0,0,0,0,0
1990,19,1,1,0,0,0,869,0,10,0
1990,41,2,2,0,0,1,156,5,40,0
1990,62,1,0,0,0,0,637,1,40,0
1990,57,2,0,0,0,0,263,3,40,0
1990,49,2,3,3,0,0,687,6,40,0
1990,55,2,3,3,0,0,0,0,0,0
1990,58,1,1,0,0,1,904,6,40,0
1990,68,2,2,0,0,0,0,0,0,0
1990,46,1,0,0,0,1,447,6,40,0
1990,40,2,0,0,0,1,95,5,55,0
1990,36,1,2,0,0,0,804,2,50,0
1990,23,2,1,0,0,0,653,0,15,0
1990,76,1,0,0,0,0,473,0,0,0
1990,73,2,0,0,0,0,473,0,0,0
1990,37,1,0,0,0,0,804,2,40,0
1990,33,2,0,0,0,1,207,5,40,0
1990,18,2,1,0,0,0,447,5,32,0
1990,33,1,0,0,0,0,804,1,40,0
1990,29,2,0,0,0,0,799,1,0,0
1990,24,2,3,0,0,0,754,1,0,0
1990,47,2,3,0,0,1,23,5,40,0
1990,52,2,2,0,0,1,0,0,0,0
1990,28,1,0,0,0,0,259,3,50,0
1990,27,2,0,0,0,0,785,1,40,0
1990,35,1,0,0,0,0,534,1,40,0
1990,32,2,0,0,0,0,686,1,40,0
1990,27,1,0,0,0,0,505,3,48,0
1990,22,2,0,0,0,0,435,3,20,0
1990,51,1,0,0,0,0,0,0,0,0
1990,38,2,0,0,0,0,159,1,40,0
1990,46,2,3,0,0,0,888,1,40,0
1990,57,1,0,0,0,0,785,1,40,0
1990,55,2,0,0,0,0,0,0,0,0
1990,40,2,3,0,0,1,747,1,40,0
1990,19,1,1,0,0,0,777,1,40,0
1990,18,1,1,0,0,1,208,5,40,0
1990,62,2,3,0,0,0,0,0,0,0
1990,42,1,0,0,0,1,418,6,40,0
1990,31,2,0,0,0,0,18,4,5,0
1990,61,1,0,0,0,0,479,0,30,0
1990,52,2,0,0,0,0,785,1,40,0
1990,24,1,1,0,0,0,777,1,36,0
1990,29,2,1,0,0,0,435,3,36,0
1990,59,1,0,0,0,0,0,0,0,0
1990,54,2,0,0,0,0,0,0,0,0
1990,72,2,3,0,0,0,447,5,0,0
1990,34,1,0,0,0,0,479,0,40,0
1990,28,2,0,0,0,0,0,0,0,0
1990,64,1,0,0,0,1,274,3,40,0
1990,50,2,0,0,0,0,243,3,40,0
1990,25,1,0,0,0,0,17,3,60,0
1990,34,2,0,0,0,1,744,1,32,0
1990,64,2,0,0,0,0,447,5,0,0
1990,53,1,0,0,0,0,575,0,0,0
1990,73,2,3,0,0,0,0,0,0,0
1990,28,2,2,0,0,0,446,5,40,0
1990,57,1,2,0,0,1,365,1,45,0
1990,76,2,3,0,0,0,0,0,0,0
1990,68,1,0,0,0,1,796,1,0,0
1990,60,2,0,0,0,0,0,0,0,0
1990,24,1,1,0,0,1,365,0,25,0
1990,42,1,2,0,0,1,29,3,40,0
1990,60,1,0,0,0,0,804,2,40,0
1990,60,2,0,0,0,0,276,3,30,0
1990,41,1,0,0,0,1,365,5,40,0
1990,33,2,0,0,0,1,95,5,40,0
1990,20,1,1,0,0,1,95,5,40,0
1990,35,2,2,0,0,0,436,3,40,0
1990,57,2,2,0,0,1,0,0,0,0
1990,55,1,0,0,0,0,668,3,44,0
1990,54,2,0,0,0,0,799,1,40,0
1990,33,1,1,0,0,1,779,1,40,0
1990,52,2,3,0,0,1,379,1,40,0
1990,73,1,0,0,0,0,0,0,0,0
1990,74,2,0,0,0,0,0,0,0,0
1990,29,1,0,0,0,0,507,2,40,0
1990,24,2,0,0,0,0,447,5,40,0
1990,57,2,3,0,0,0,313,5,40,0
1990,50,1,0,0,0,1,22,2,45,1
1990,36,2,0,0,0,1,276,4,40,0
1990,41,1,0,0,0,1,156,5,40,0
1990,35,2,0,0,0,1,803,2,16,0
1990,51,1,0,0,0,0,575,5,40,0
1990,48,2,0,0,0,1,203,5,40,0
1990,37,1,0,0,0,1,585,0,40,0
1990,35,2,0,0,0,1,447,5,40,0
1990,33,2,2,0,0,0,447,4,40,0
1990,50,1,0,0,0,0,804,2,40,0
1990,45,2,0,0,0,0,473,0,0,0
1990,26,1,1,0,0,1,804,2,40,0
1990,38,2,1,1,0,1,888,1,40,0
1990,18,1,1,1,0,0,453,4,40,0
1990,77,1,0,0,0,0,475,0,0,0
1990,77,2,0,0,0,0,0,0,0,0
1990,68,2,3,0,0,0,276,3,0,0
1990,68,1,3,0,0,0,0,0,0,0
1990,40,1,1,0,0,0,0,0,0,0
1990,25,1,1,0,0,0,804,1,40,0
1990,36,2,2,1,0,1,774,5,0,0
1990,34,2,3,0,0,1,469,5,40,0
1990,45,1,0,0,0,1,156,5,60,0
1990,41,2,0,0,0,1,156,5,55,0
1990,64,1,0,0,0,0,579,4,24,0
1990,73,2,0,0,0,1,274,3,0,0
1990,27,2,1,0,0,1,153,5,40,0
1990,26,2,0,0,0,1,328,1,40,0
1990,26,1,0,0,0,0,783,1,40,0
1990,32,1,0,0,0,0,558,0,50,0
1990,31,2,0,0,0,0,17,3,0,0
1990,52,1,0,0,0,1,263,3,40,1
1990,53,2,0,0,0,1,503,2,40,0
1990,27,2,1,0,0,1,877,1,0,0
1990,22,2,2,0,0,1,276,3,30,0
1990,71,2,2,0,0,0,467,5,20,0
1990,28,1,0,0,0,0,22,0,40,0
1990,28,2,0,0,0,1,274,3,24,0
1990,29,1,0,0,0,0,804,2,40,0
1990,22,2,0,0,0,0,436,3,20,0
1990,36,1,0,0,0,1,354,2,40,0
1990,33,2,0,0,0,0,274,3,50,0
1990,29,1,0,0,0,1,779,1,40,0
1990,25,2,0,0,0,0,688,1,40,0
1990,68,1,0,0,0,0,0,0,0,0
1990,63,2,0,0,0,0,5,6,40,0
1990,46,1,0,0,0,0,494,1,30,0
1990,42,2,0,0,0,0,365,3,53,0
1990,21,2,2,0,0,0,436,3,30,0
1990,38,1,0,0,0,1,889,1,40,0
1990,35,2,0,0,0,0,458,4,30,0
1990,60,1,0,0,0,0,518,1,50,0
1990,65,2,0,0,0,1,359,6,40,0
1990,30,1,2,0,0,1,804,2,70,0
1990,59,1,0,0,0,0,266,3,70,0
1990,51,2,0,0,0,0,266,3,70,0
1990,23,1,2,0,0,1,243,3,30,0
1990,41,2,3,0,0,0,686,1,0,0
1990,18,1,1,0,0,0,0,0,0,0
1990,64,1,0,0,0,0,0,0,0,0
1990,59,2,0,0,0,0,0,0,0,0
1990,30,1,2,0,0,0,689,1,40,0
1990,28,2,2,0,0,0,759,1,60,0
1990,57,2,3,0,0,0,0,0,0,0
1990,72,1,0,0,0,0,0,0,0,0
1990,68,2,0,0,0,0,0,0,0,0
1990,67,1,0,0,0,0,0,0,0,0
1990,64,2,0,0,0,0,0,0,0,0
1990,45,1,0,0,0,0,235,4,40,0
1990,36,2,0,0,0,0,0,0,0,0
1990,52,1,3,0,0,0,0,0,0,0
1990,76,1,0,0,0,0,0,0,0,0
1990,74,2,0,0,0,0,0,0,0,0
1990,44,1,0,0,0,0,276,3,40,0
1990,45,2,0,0,0,0,276,3,40,0
1990,71,1,0,0,0,0,22,0,0,0
1990,63,2,0,0,0,0,0,0,0,0
1990,25,1,1,0,0,0,558,0,40,0
1990,34,1,1,0,0,0,777,1,50,0
1990,57,1,0,0,0,1,509,4,50,0
1990,60,2,0,0,0,1,0,0,0,0
1990,37,1,1,0,0,1,905,6,65,0
1990,35,1,0,0,0,0,473,0,50,0
1990,32,2,0,0,0,0,909,6,0,0
1990,29,1,1,0,0,0,869,0,0,0
1990,80,2,3,0,0,0,0,0,0,0
1990,59,2,2,0,0,1,337,5,46,0
1990,30,2,2,0,0,1,435,3,50,0
1990,60,1,0,0,0,1,263,3,40,0
1990,58,2,0,0,0,0,337,6,40,0
1990,24,2,1,0,0,1,389,5,40,0
1990,68,2,0,0,0,0,165,5,0,0
1990,66,1,0,0,0,0,0,0,0,0
1990,56,2,0,0,0,0,444,4,30,0
1990,26,1,3,0,0,0,889,1,40,0
1990,24,2,3,0,0,0,745,1,40,0
1990,42,1,0,0,0,1,156,5,40,0
1990,41,2,0,0,0,1,156,5,40,0
1990,18,2,1,0,2,0,276,3,20,0
1990,34,1,1,0,0,1,156,5,40,0
1990,43,1,0,0,0,0,748,4,60,0
1990,40,2,0,0,0,0,748,4,60,0
1990,19,1,1,1,0,0,444,3,50,0
1990,36,2,3,0,0,0,435,3,8,0
1990,18,2,3,0,0,0,276,3,40,0
1990,29,1,3,0,0,0,804,1,40,0
1990,22,2,2,0,0,0,17,3,52,0
1990,45,2,2,0,0,1,17,3,65,0
1990,27,1,0,0,0,0,453,2,40,0
1990,26,2,0,0,0,1,383,4,40,0
1990,45,1,0,0,0,1,494,0,40,0
1990,42,2,0,0,0,0,243,3,40,0
1990,18,1,1,0,0,0,877,3,0,0
1990,45,1,1,0,0,0,856,1,40,0
1990,77,1,3,0,0,0,0,0,0,0
1990,58,1,0,0,0,1,804,0,40,0
1990,52,2,0,0,0,1,348,2,40,0
1990,68,2,3,0,0,0,0,0,0,0
1990,45,1,0,0,0,0,243,3,55,1
1990,41,2,0,0,2,0,313,3,40,0
1990,24,1,1,0,0,0,243,3,55,0
1990,21,2,1,0,0,1,276,3,20,0
1990,36,1,3,0,0,1,176,5,50,0
1990,72,1,0,0,0,0,0,0,0,0
1990,64,2,0,0,0,0,447,5,40,0
1990,33,1,1,0,0,0,486,0,40,0
1990,35,2,3,0,0,1,156,5,40,0
1990,64,1,3,0,0,0,734,1,60,0
1990,21,1,0,0,0,0,777,1,40,0
1990,19,2,0,0,0,0,0,0,0,0
1990,29,2,3,1,0,0,717,1,40,0
1990,38,1,0,1,0,0,558,2,40,0
1990,37,2,0,1,0,0,207,5,56,0
1990,60,1,0,0,0,0,577,2,40,0
1990,56,2,0,0,0,0,447,5,0,0
1990,47,1,0,0,0,0,779,4,40,0
1990,41,2,0,0,0,1,808,2,40,0
1990,20,1,1,0,0,0,453,5,15,0
1990,51,1,0,0,0,0,0,0,0,0
1990,49,2,0,0,0,0,0,0,0,0
1990,70,1,0,0,0,0,0,0,0,0
1990,69,2,0,0,0,0,0,0,0,0
1990,43,1,2,0,0,0,518,1,0,0
1990,42,1,2,0,0,1,256,4,40,0
1990,21,1,0,0,0,0,804,3,25,0
1990,19,2,0,0,0,0,276,3,30,0
1990,63,1,0,0,0,0,0,0,0,0
1990,55,2,0,0,0,0,779,1,0,0
1990,66,1,0,0,0,1,0,0,0,0
1990,66,2,0,0,0,0,0,0,0,0
1990,52,1,3,0,0,0,473,0,70,0
1990,65,1,2,0,0,1,259,3,0,0
1990,39,1,0,0,0,0,579,0,40,0
1990,36,2,0,0,0,0,276,3,40,0
1990,64,1,0,0,0,0,0,0,0,0
1990,58,2,0,0,0,0,0,0,0,0
1990,62,2,2,0,0,0,0,0,0,0
1990,31,1,0,1,0,0,856,1,40,0
1990,41,2,0,1,0,1,156,5,40,0
1990,72,2,3,0,0,0,0,0,0,0
1990,46,1,0,0,0,0,628,1,60,0
1990,38,2,0,0,0,0,869,0,0,0
1990,22,1,0,0,0,0,859,1,48,0
1990,24,2,0,0,0,1,785,1,0,0
1990,19,2,1,0,0,0,276,3,6,0
1990,67,1,3,0,0,0,0,0,0,0
1990,80,1,0,0,0,0,453,5,0,0
1990,62,1,3,0,0,1,486,0,80,0
1990,59,1,0,1,0,0,496,1,45,0
1990,55,2,0,1,0,0,365,3,40,0
1990,56,1,0,0,0,0,804,1,45,0
1990,54,2,0,0,0,1,796,1,0,0
1990,73,2,0,1,0,0,0,0,0,0
1990,58,2,3,1,0,0,447,5,32,0
1990,79,2,3,0,0,1,0,0,0,0
1990,22,1,1,0,0,1,687,1,35,0
1990,24,1,0,0,0,1,375,4,40,0
1990,25,2,0,0,0,1,243,3,40,0
1990,22,1,0,0,0,0,346,3,40,0
1990,22,2,0,0,0,0,378,6,40,0
1990,45,1,0,0,0,0,523,6,40,0
1990,42,2,0,0,0,1,383,4,40,0
1990,38,1,0,0,0,0,0,0,0,0
1990,34,2,0,0,0,0,796,1,40,0
1990,60,1,1,0,0,0,754,1,0,0
1990,58,2,3,0,0,1,406,4,18,0
1990,58,1,0,0,0,1,259,3,50,0
1990,49,2,0,0,0,0,257,4,35,0
1990,43,1,0,0,0,1,226,2,50,1
1990,45,2,0,0,0,1,313,1,40,0
1990,28,2,2,1,0,1,796,1,40,0
1990,72,1,3,0,0,0,0,0,0,0
1990,31,2,2,0,0,1,383,4,40,0
1990,80,1,0,0,0,0,0,0,0,0
1990,28,2,0,0,0,0,17,3,42,0
1990,25,1,0,0,0,0,22,3,37,0
1990,33,1,0,0,0,1,783,4,70,0
1990,30,2,0,0,0,1,95,5,40,0
1990,32,1,0,1,0,0,686,1,40,0
1990,30,2,0,1,0,0,888,1,40,0
1990,73,1,0,0,0,0,0,0,0,0
1990,71,2,0,0,0,0,0,0,0,0
1990,26,1,1,0,0,1,598,0,45,0
1990,25,2,2,2,1,0,628,1,60,0
1990,44,2,2,1,0,0,467,5,40,0
1990,20,1,1,0,0,1,203,5,40,0
1990,60,1,1,1,0,1,0,0,0,0
1990,21,2,1,1,0,0,449,5,0,0
1990,28,1,0,1,0,0,779,1,40,0
1990,39,2,0,1,0,0,779,1,40,0
1990,18,1,1,1,0,0,779,1,60,0
1990,76,2,3,0,0,0,406,4,4,0
1990,52,2,1,0,0,0,0,0,0,0
1990,59,2,3,1,0,0,407,4,35,0
1990,29,1,2,1,0,0,514,4,25,0
1990,39,1,1,1,0,0,486,0,2,0
1990,76,1,0,0,0,0,0,0,0,0
1990,74,2,0,0,0,0,0,0,0,0
1990,33,2,3,1,0,0,447,5,40,0
1990,59,2,3,0,0,0,0,0,0,0
1990,55,2,1,0,0,0,453,5,40,0
1990,43,1,0,0,0,1,243,3,50,0
1990,29,2,0,0,0,0,365,3,0,0
1990,66,1,0,1,0,0,0,0,0,0
1990,59,2,0,1,0,0,407,4,5,0
1990,23,2,1,1,0,0,426,1,40,0
1990,60,1,0,0,0,0,859,0,40,0
1990,58,2,0,0,0,0,0,0,0,0
1990,20,1,1,0,0,0,889,0,30,0
1990,45,1,2,1,0,1,779,1,40,0
1990,37,2,1,1,0,1,449,4,40,0
1990,76,2,3,0,0,1,0,0,0,0
1990,30,1,0,1,0,0,628,1,0,0
1990,28,2,0,1,0,0,276,3,0,0
1990,66,1,0,1,0,0,453,5,0,0
1990,35,2,0,1,0,0,0,0,0,0
1990,25,1,0,0,0,0,804,0,40,0
1990,36,2,0,0,0,0,435,3,40,0
1990,70,2,3,0,0,0,0,0,0,0
1990,66,1,0,0,0,0,637,1,0,0
1990,65,2,0,0,0,0,453,5,0,0
1990,36,2,2,0,0,0,683,1,47,1
1990,35,2,2,0,0,0,777,1,40,0
1990,38,1,0,0,0,0,806,3,40,0
1990,40,2,0,0,0,0,208,5,16,0
1990,35,2,1,0,0,1,159,5,46,0
1990,26,1,0,1,0,0,496,1,40,0
1990,27,2,0,1,0,0,447,5,37,0
1990,33,1,0,0,0,1,25,4,45,0
1990,33,2,0,0,0,1,313,4,7,0
1990,73,1,0,1,0,0,0,0,0,0
1990,72,2,0,1,0,0,0,0,0,0
1990,32,2,1,1,0,0,0,0,0,0
1990,66,1,3,1,0,0,0,0,0,0
1990,56,1,0,0,0,0,278,1,40,0
1990,51,2,0,0,0,0,313,5,36,0
1990,25,1,0,0,0,0,575,0,40,0
1990,22,2,0,0,0,1,337,4,0,0
1990,34,1,0,1,0,0,785,1,40,0
1990,34,2,0,1,0,0,743,1,40,0
1990,21,1,1,0,0,1,175,5,30,0
1990,23,1,1,0,0,1,804,3,40,0
1990,21,2,1,0,0,1,435,3,40,0
1990,76,1,0,1,0,0,486,6,20,0
1990,72,2,0,1,0,0,449,5,0,0
1990,31,1,0,0,0,0,567,0,50,0
1990,28,2,0,0,0,0,744,1,40,0
1990,77,2,3,0,0,1,0,0,0,0
1990,40,1,0,0,0,0,453,5,40,0
1990,52,2,0,0,0,0,744,1,40,0
1990,37,1,0,0,0,0,526,3,40,0
1990,39,2,0,0,0,0,754,1,48,0
1990,59,1,0,1,0,0,479,0,40,0
1990,56,2,0,1,0,0,0,0,0,0
1990,26,2,1,1,0,1,315,5,40,0
1990,31,2,3,1,0,0,785,1,40,0
1990,21,1,1,1,0,0,869,0,0,0
1990,70,2,3,0,0,0,0,0,0,0
1990,65,2,3,0,0,0,207,5,0,0
1990,27,1,3,0,0,1,235,6,60,0
1990,28,2,3,0,0,1,313,4,40,0
1990,45,1,0,0,0,1,8,1,40,0
1990,43,2,0,0,0,1,156,5,40,0
1990,32,1,0,0,0,1,259,1,55,0
1990,28,2,0,0,0,0,5,6,40,0
1990,78,2,3,0,0,0,0,0,0,0
1990,47,1,0,0,0,0,779,1,0,0
1990,47,2,0,0,0,0,785,3,0,0
1990,33,1,0,1,0,0,496,1,48,0
1990,29,2,0,1,0,0,276,3,32,0
1990,34,1,0,0,0,0,783,1,40,0
1990,33,2,0,0,0,0,447,5,0,0
1990,43,2,0,1,0,0,447,4,20,0
1990,59,1,0,1,0,0,479,0,40,0
1990,49,1,0,0,0,0,804,2,48,0
1990,49,2,0,0,0,0,779,1,48,0
1990,31,1,0,0,0,1,503,1,40,0
1990,31,2,0,0,0,0,436,3,35,0
1990,71,1,0,0,0,0,0,0,0,0
1990,68,2,0,0,0,0,0,0,0,0
1990,56,1,0,0,0,0,628,1,40,0
1990,56,2,0,0,0,0,0,0,0,0
1990,35,1,0,0,0,0,354,2,40,0
1990,32,2,0,0,0,0,467,5,16,0
1990,34,1,0,0,0,1,577,2,55,1
1990,31,2,0,0,0,0,0,0,0,0
1990,25,1,0,0,0,0,274,3,40,0
1990,25,2,0,0,0,1,206,5,50,0
1990,20,2,1,1,0,1,0,0,0,0
1990,56,2,2,0,0,0,188,1,40,0
1990,72,2,3,1,0,0,407,4,16,0
1990,74,2,3,0,0,0,0,0,0,0
1990,26,2,1,1,0,1,5,6,40,0
1990,27,1,0,0,0,1,176,5,60,0
1990,27,2,0,0,0,1,467,5,20,0
1990,67,1,0,0,0,1,23,5,0,1
1990,60,2,0,0,0,1,0,0,0,0
1990,45,1,0,0,0,1,549,1,40,0
1990,44,2,0,0,0,1,36,6,40,0
1990,31,1,0,0,0,0,417,4,88,0
1990,30,2,0,0,0,0,313,5,40,0
1990,28,2,1,1,0,0,163,4,11,0
1990,27,1,0,0,0,0,796,1,40,0
1990,28,2,0,0,0,0,313,4,37,0
1990,45,1,1,0,0,1,157,5,40,0
1990,51,1,0,0,0,1,77,6,40,0
1990,50,2,0,0,0,1,0,0,0,0
1990,68,1,0,0,0,0,0,0,0,0
1990,69,2,0,0,0,0,0,0,0,0
1990,65,2,1,0,0,0,0,0,0,0
1990,42,1,0,0,0,1,473,0,45,0
1990,35,2,0,0,0,1,383,4,8,0
1990,26,1,1,0,0,0,885,3,50,0
1990,31,1,0,1,0,1,763,1,40,0
1990,29,2,0,1,0,0,444,5,32,0
1990,73,1,0,0,0,1,243,3,0,0
1990,68,2,0,0,0,1,337,3,12,0
1990,38,1,0,0,0,0,779,1,40,0
1990,34,2,0,0,0,1,777,1,40,0
1990,27,1,0,1,0,0,496,1,45,0
1990,30,2,0,1,0,0,453,4,10,0
1990,68,2,3,1,0,0,0,0,0,0
1990,19,1,1,1,0,0,904,6,12,0
1990,29,1,3,1,0,0,364,3,35,0
1990,67,2,3,0,0,1,313,5,35,0
1990,79,2,3,0,0,0,0,0,0,0
1990,32,2,1,1,0,0,479,0,40,0
1990,71,2,3,0,0,0,0,0,0,0
1990,47,1,0,0,0,0,783,0,0,0
1990,36,2,0,0,0,0,0,0,0,0
1990,55,1,0,0,0,0,0,0,0,0
1990,53,2,0,0,0,0,466,5,16,0
1990,75,2,3,1,0,0,744,1,3,0
1990,69,2,3,0,0,0,0,0,0,0
1990,27,1,0,0,0,0,417,6,58,0
1990,24,2,0,0,0,0,319,4,40,0
1990,34,1,0,0,0,0,567,0,40,0
1990,25,2,0,0,0,0,796,1,40,0
1990,23,1,3,0,0,0,686,1,0,0
1990,36,2,1,1,0,0,747,1,40,0
1990,46,1,0,0,0,1,418,6,46,0
1990,39,2,0,0,0,0,447,5,30,0
1990,39,1,0,0,0,0,563,0,0,0
1990,35,2,0,0,0,0,0,0,0,0
1990,26,1,0,0,0,1,5,6,40,0
1990,26,2,0,0,0,1,225,5,40,0
1990,41,1,0,0,0,0,0,0,0,0
1990,28,2,0,0,0,1,95,5,50,0
1990,29,1,0,0,0,0,785,1,53,0
1990,29,2,0,0,0,1,276,3,0,0
1990,72,1,0,0,0,0,424,6,24,0
1990,65,2,0,0,0,0,0,0,0,0
1990,40,1,0,0,2,1,364,1,40,0
1990,36,2,0,0,0,1,364,1,40,0
1990,54,1,0,0,0,0,479,0,40,0
1990,43,2,0,0,0,0,479,0,40,0
1990,39,1,0,0,0,0,479,0,40,0
1990,19,2,0,0,0,0,278,3,90,0
1990,72,2,0,1,0,0,0,0,0,0
1990,78,1,0,1,0,0,0,0,0,0
1990,38,1,1,1,0,0,0,0,0,0
1990,67,2,3,0,0,0,444,5,7,0
1990,63,2,3,1,0,0,406,4,0,0
1990,19,2,1,1,0,0,466,5,8,0
1990,47,1,3,1,0,0,0,0,0,0
1990,24,2,1,0,0,1,503,6,45,0
1990,35,1,0,0,0,0,585,0,40,0
1990,33,2,0,0,0,0,0,0,0,0
1990,30,2,0,0,0,1,174,6,40,0
1990,28,1,0,3,0,0,534,0,40,0
1990,45,1,0,1,0,1,889,3,40,0
1990,41,2,0,1,0,0,785,1,40,0
1990,24,1,1,1,0,1,259,1,40,0
1990,19,1,1,1,0,0,435,3,40,0
1990,40,2,2,1,0,0,0,0,0,0
1990,45,1,0,1,0,0,0,0,0,0
1990,40,2,0,1,0,0,0,0,0,0
1990,20,2,3,1,0,0,748,4,40,0
1990,74,1,0,0,0,0,0,0,0,0
1990,62,1,0,0,0,0,257,2,46,0
1990,56,2,0,3,3,0,0,0,0,0
1990,32,2,1,0,3,1,0,0,0,0
1990,24,2,1,0,3,0,0,0,0,0
1990,73,1,0,0,0,0,453,5,0,0
1990,56,2,0,0,0,0,777,1,40,0
1990,30,2,2,0,0,0,313,3,40,0
1990,36,1,0,0,0,1,889,1,40,0
1990,35,2,0,0,0,0,274,3,5,0
1990,50,2,2,0,0,1,105,5,50,0
1990,45,1,0,0,0,1,85,5,0,0
1990,45,2,0,0,0,1,337,4,40,0
1990,65,1,0,0,0,0,0,0,0,0
1990,70,2,0,0,0,0,468,5,10,0
1990,22,1,1,0,0,1,0,0,0,0
1990,46,1,0,0,0,0,804,2,40,0
1990,47,2,0,0,0,1,337,3,40,0
1990,24,1,1,0,0,0,174,5,8,0
1990,20,2,1,0,0,1,274,3,30,0
1990,64,2,3,1,0,0,447,5,0,0
1990,73,1,3,1,0,0,0,0,0,0
1990,69,2,3,0,0,0,0,0,0,0
1990,38,1,0,0,0,0,883,3,40,0
1990,38,2,0,0,0,0,449,4,34,0
1990,31,2,2,0,0,1,744,4,40,0
1990,30,1,2,0,2,0,777,1,40,0
1990,26,1,0,0,0,0,877,3,40,0
1990,20,2,0,0,0,0,325,1,40,0
1990,47,1,0,0,0,0,547,0,40,0
1990,39,2,0,0,0,0,313,1,40,0
1990,44,2,0,0,0,1,313,5,45,0
1990,53,1,0,0,0,0,22,0,40,0
1990,22,2,1,0,0,0,276,3,30,0
1990,35,1,0,0,0,1,178,5,40,1
1990,36,2,0,0,0,0,389,6,40,0
1990,78,1,0,0,0,0,0,0,0,0
1990,71,2,0,0,0,0,243,3,0,0
1990,19,1,0,0,0,0,517,3,40,0
1990,19,2,0,0,0,0,447,4,0,0
1990,25,1,1,0,0,0,243,3,40,0
1990,28,1,1,0,0,1,364,3,40,0
1990,65,1,0,0,0,0,785,1,0,0
1990,50,2,0,0,0,0,378,1,40,0
1990,29,1,0,0,0,1,243,3,60,0
1990,29,2,0,0,0,1,277,3,20,0
1990,50,1,0,0,0,1,243,3,72,0
1990,45,2,0,0,0,1,156,5,40,0
1990,65,1,0,0,0,0,0,0,0,0
1990,60,2,0,0,0,0,0,0,0,0
1990,42,2,2,0,0,0,447,5,40,0
1990,33,1,2,0,0,0,549,1,40,0
1990,50,1,0,0,0,0,426,1,40,0
1990,40,2,0,0,0,0,447,5,40,0
1990,35,1,0,0,0,0,804,5,40,0
1990,33,2,0,0,0,0,243,3,40,0
1990,32,2,2,0,0,1,447,5,40,0
1990,26,1,0,0,0,0,875,2,40,0
1990,26,2,0,0,0,0,449,4,18,0
1990,18,1,1,0,0,0,875,2,40,0
1990,43,1,0,0,0,0,518,1,37,0
1990,37,2,0,0,0,1,313,4,40,0
1990,74,1,3,0,0,0,0,0,0,0
1990,22,2,1,1,0,1,785,1,40,0
1990,55,2,2,1,0,1,174,5,1,0
1990,71,2,3,1,0,0,0,0,0,0
1990,44,2,1,1,0,0,889,1,0,0
1990,79,1,0,1,0,0,453,5,11,0
1990,75,2,0,3,0,0,0,0,0,0
1990,34,1,2,1,0,0,453,4,45,0
1990,72,1,2,0,0,0,0,0,0,0
1990,37,1,1,0,0,1,25,4,40,0
1990,36,1,0,0,0,1,22,3,60,1
1990,35,2,0,0,0,1,156,5,20,0
1990,34,2,1,0,0,1,26,5,45,0
1990,44,2,3,1,0,1,447,5,0,0
1990,71,2,2,1,0,0,0,0,0,0
1990,41,1,1,1,0,0,235,2,50,0
1990,29,1,3,0,0,1,628,1,45,0
1990,56,2,2,0,0,0,345,2,40,0
1990,23,2,1,1,2,1,313,0,40,0
1990,57,1,0,0,0,0,804,2,0,0
1990,55,2,0,0,0,0,337,6,40,0
1990,52,1,0,1,0,1,5,6,40,0
1990,49,2,0,1,0,1,18,4,0,0
1990,26,2,1,1,0,1,327,2,40,0
1990,53,1,0,0,0,1,253,4,45,1
1990,50,2,0,0,0,0,0,0,0,0
1990,21,1,1,0,0,0,769,3,48,0
1990,20,2,1,0,0,0,276,3,40,0
1990,80,2,3,0,0,0,0,0,0,0
1990,61,1,0,0,0,1,22,3,40,0
1990,46,2,0,0,0,1,22,6,40,0
1990,45,2,3,0,0,1,458,5,35,0
1990,63,2,3,0,0,0,95,5,8,0
1990,43,2,2,0,0,0,458,4,45,0
1990,25,2,1,0,0,1,23,4,40,0
1990,74,1,0,0,0,0,253,4,0,0
1990,48,2,0,0,0,0,313,2,80,0
1990,57,1,0,0,0,1,195,1,36,0
1990,58,2,0,0,0,1,274,3,35,0
1990,29,1,2,0,0,1,253,4,60,0
1990,68,1,0,0,0,1,336,4,25,0
1990,60,2,0,0,0,0,376,2,40,0
1990,76,2,3,0,0,0,0,0,0,0
1990,67,2,3,0,0,0,0,0,0,0
1990,60,2,3,1,0,1,14,5,40,0
1990,52,1,0,0,0,1,804,2,50,0
1990,50,2,0,0,0,1,338,1,40,0
1990,61,2,3,1,0,0,449,5,40,0
1990,40,1,1,1,0,0,449,5,40,0
1990,71,1,0,1,0,0,0,0,0,0
1990,66,2,0,1,0,0,683,1,0,0
1990,27,2,2,1,0,1,345,2,40,0
1990,49,1,0,0,0,1,823,2,60,0
1990,49,2,0,0,0,0,877,3,50,0
1990,72,1,0,0,0,0,549,4,0,0
1990,60,2,0,0,0,0,0,0,0,0
1990,42,1,3,0,0,1,27,6,40,0
1990,31,1,3,1,0,0,365,4,35,0
1990,68,1,0,0,0,0,0,0,0,0
1990,66,2,0,0,0,0,0,0,0,0
1990,42,1,0,0,0,1,508,6,40,0
1990,42,2,0,0,0,1,156,5,40,0
1990,43,2,2,0,0,0,434,3,40,0
1990,20,1,1,0,0,0,486,0,40,0
1990,39,1,0,0,0,1,23,5,70,0
1990,37,2,0,0,0,1,95,6,10,0
1990,68,1,0,0,0,0,0,0,0,0
1990,66,2,0,0,0,0,0,0,0,0
1990,24,1,1,0,0,1,523,6,40,0
1990,57,1,0,0,0,0,355,2,50,0
1990,57,2,0,0,0,1,95,5,24,0
1990,52,2,2,0,0,1,156,5,45,0
1990,33,1,0,0,0,1,505,1,40,0
1990,30,2,0,0,0,0,274,3,20,0
1990,29,1,0,0,0,0,804,3,45,0
1990,33,2,0,0,0,0,276,3,20,0
1990,74,2,3,0,0,0,0,0,0,0
1990,47,2,3,0,0,1,447,5,40,0
1990,19,2,1,3,0,1,433,3,30,0
1990,52,1,0,0,0,1,303,2,40,1
1990,56,2,0,0,0,0,335,6,40,0
1990,43,1,0,0,0,1,27,6,40,0
1990,43,2,0,0,0,0,444,3,0,0
1990,35,1,0,0,0,1,869,0,40,0
1990,27,2,0,0,0,0,22,3,39,0
1990,38,1,2,0,0,1,777,1,40,0
1990,72,2,3,0,0,0,0,0,0,0
1990,22,1,1,0,0,0,486,4,48,0
1990,40,1,0,1,0,1,235,2,60,0
1990,37,2,0,1,0,1,207,5,40,0
1990,20,2,1,1,0,0,313,5,40,0
1990,18,1,1,1,0,0,804,3,20,0
1990,67,2,3,0,0,0,0,0,0,0
1990,33,1,1,0,3,0,599,4,40,0
1990,26,1,1,0,3,0,785,1,40,0
1990,70,1,3,0,3,0,0,0,0,0
1990,34,2,1,0,3,0,185,1,0,0
1990,39,2,1,1,0,0,0,0,0,0
1990,36,2,2,0,0,1,785,5,20,0
1990,34,1,0,3,0,1,22,0,60,0
1990,32,2,0,0,0,1,0,0,0,0
1990,26,2,0,0,0,0,747,4,40,0
1990,41,1,0,0,0,0,486,4,0,0
1990,18,2,1,0,0,0,374,3,30,0
1990,57,1,0,0,0,0,533,2,40,0
1990,55,2,0,0,0,0,0,0,0,0
1990,19,2,1,1,0,1,0,0,0,0
1990,47,1,0,0,0,1,263,3,72,0
1990,35,2,0,0,0,1,243,5,40,0
1990,34,1,0,0,0,0,783,1,40,0
1990,31,2,0,0,0,1,33,1,40,0
1990,36,1,0,0,0,0,243,3,65,0
1990,42,2,0,0,0,1,458,4,30,0
1990,51,1,0,0,0,0,0,0,0,0
1990,51,2,0,0,0,0,436,3,0,0
1990,44,1,1,0,1,1,637,1,42,0
1990,70,1,0,0,0,0,0,0,0,0
1990,51,2,0,0,0,1,303,4,0,0
1990,50,1,0,0,0,1,628,1,0,0
1990,45,2,0,0,0,1,156,5,40,0
1990,37,1,0,0,0,0,588,0,40,0
1990,37,2,0,0,0,0,254,4,25,0
1990,60,1,0,1,0,0,783,1,40,0
1990,58,2,0,1,0,0,467,5,40,0
1990,28,2,1,1,0,1,785,1,40,0
1990,61,1,0,0,0,0,503,2,0,0
1990,60,2,0,0,0,0,337,2,0,0
1990,27,1,2,3,3,1,759,1,40,0
1990,32,1,2,0,0,1,505,4,50,0
1990,27,2,1,0,0,0,435,3,25,0
1990,31,1,0,0,0,0,516,2,40,0
1990,27,2,0,0,0,0,303,3,45,0
1990,41,2,2,0,0,0,544,1,40,0
1990,37,1,0,0,0,1,473,0,60,0
1990,40,2,0,0,0,0,264,3,40,0
1990,42,1,0,0,0,0,505,3,40,0
1990,41,2,0,0,0,0,796,1,40,0
1990,19,2,1,0,0,0,0,0,0,0
1990,43,1,0,0,0,1,473,0,40,1
1990,38,2,0,0,0,0,0,0,0,0
1990,23,2,2,0,0,0,0,0,0,0
1990,58,1,0,0,0,0,364,1,40,0
1990,57,2,0,0,0,0,799,1,40,0
1990,45,2,2,0,0,0,22,4,55,0
1990,21,1,1,0,0,1,359,1,40,0
1990,28,1,1,0,0,0,235,4,30,0
1990,26,2,1,0,0,1,313,5,40,0
1990,37,1,0,0,0,0,518,1,48,0
1990,35,2,0,0,0,0,0,0,0,0
1990,42,1,0,0,0,1,577,2,40,0
1990,40,2,0,0,0,0,0,0,0,0
1990,38,1,0,0,0,1,274,3,40,0
1990,38,2,0,0,0,1,156,5,40,0
1990,67,2,3,0,0,0,0,0,0,0
1990,43,2,2,0,0,0,379,5,40,0
1990,41,1,0,1,0,1,883,1,40,0
1990,32,2,0,1,0,0,436,5,35,0
1990,73,1,0,0,0,0,356,1,0,0
1990,69,2,0,0,0,0,348,3,0,0
1990,38,1,0,0,0,1,54,0,50,0
1990,38,2,0,0,0,1,15,5,40,0
1990,59,1,0,0,0,1,157,5,0,0
1990,48,2,0,0,0,0,779,3,32,0
1990,68,1,0,1,0,0,496,1,40,0
1990,62,2,0,1,0,0,0,0,0,0
1990,78,2,3,0,0,0,0,0,0,0
1990,46,1,2,0,0,0,727,1,40,0
1990,69,2,3,1,0,0,0,0,0,0
1990,40,2,1,1,0,0,0,0,0,0
1990,26,2,0,0,0,1,467,5,20,0
1990,32,1,0,0,0,1,37,2,50,0
1990,32,1,0,0,0,1,505,4,40,0
1990,26,2,0,0,0,1,0,0,0,0
1990,25,1,1,0,0,1,55,1,45,0
1990,42,1,0,0,0,1,22,3,40,0
1990,30,2,0,0,0,0,27,4,40,0
1990,40,1,0,0,0,0,458,4,60,0
1990,36,2,0,0,0,0,0,0,0,0
1990,45,1,0,0,0,1,804,6,56,1
1990,36,2,0,0,0,1,164,6,40,0
1990,24,1,0,0,0,0,446,5,40,0
1990,25,2,0,0,0,0,313,4,40,0
1990,46,1,2,0,0,1,243,4,40,0
1990,40,1,0,0,0,1,218,5,40,0
1990,40,2,0,0,0,0,25,4,40,0
1990,18,1,1,0,0,0,436,3,21,0
1990,64,2,3,0,0,1,0,0,0,0
1990,61,2,1,0,0,0,0,0,0,0
1990,67,1,0,0,0,0,0,0,0,0
1990,69,2,0,0,0,1,0,0,0,0
1990,37,1,0,0,0,1,567,0,40,0
1990,31,2,0,0,0,0,229,2,40,0
1990,56,1,0,0,0,0,549,3,40,0
1990,55,2,0,0,0,0,33,1,40,0
1990,46,2,2,0,0,0,323,6,40,0
1990,28,1,0,0,0,0,365,3,40,0
1990,26,2,0,0,0,0,385,5,40,0
1990,51,1,0,0,0,1,804,2,0,0
1990,46,2,0,0,0,1,376,4,20,0
1990,24,2,2,0,0,1,447,5,40,0
1990,38,2,2,0,0,1,0,0,0,0
1990,49,1,0,0,0,0,804,0,40,0
1990,46,2,0,0,0,0,889,3,0,0
1990,26,1,0,0,0,1,903,6,70,0
1990,26,2,0,0,0,0,433,3,30,0
1990,61,1,0,0,0,0,856,1,40,0
1990,62,2,0,0,0,0,0,0,0,0
1990,59,1,2,0,0,1,166,5,40,1
1990,50,2,1,0,0,1,22,4,42,0
1990,57,1,0,0,0,0,575,2,40,0
1990,53,2,0,0,0,1,0,0,0,0
1990,27,2,1,0,0,0,435,3,40,0
1990,61,1,0,0,0,1,453,5,40,0
1990,47,2,0,0,0,1,276,5,30,0
1990,80,1,0,0,0,0,0,0,0,0
1990,76,2,0,0,0,0,0,0,0,0
1990,54,1,0,0,0,0,365,1,40,0
1990,46,2,0,0,0,1,29,3,40,0
1990,41,1,0,0,0,1,26,5,40,0
1990,39,2,0,0,0,1,808,5,27,0
1990,45,1,0,0,0,1,22,2,44,1
1990,42,2,0,0,0,1,365,2,44,0
1990,37,2,1,0,0,1,487,0,20,0
1990,60,1,0,0,0,1,413,6,0,0
1990,53,2,0,0,0,0,0,0,0,0
1990,75,1,0,0,0,1,0,0,0,0
1990,64,2,0,0,0,1,0,0,0,0
1990,25,1,0,0,0,1,256,1,53,1
1990,25,2,0,0,0,1,383,4,0,0
1990,73,1,0,0,0,0,0,0,0,0
1990,71,2,0,0,0,0,379,5,12,0
1990,25,1,1,0,0,0,567,4,40,0
1990,27,1,1,0,0,1,22,2,70,0
1990,32,1,2,0,0,1,883,2,40,0
1990,25,1,1,0,0,0,549,2,40,1
1990,57,1,0,0,0,1,516,4,40,0
1990,58,2,0,0,0,0,323,1,10,0
1990,25,1,1,0,0,1,243,3,40,0
1990,30,1,1,0,0,1,243,3,48,0
1990,32,2,1,0,0,1,337,4,45,0
1990,31,1,0,0,0,1,308,1,40,0
1990,29,2,0,0,0,1,243,3,37,0
1990,57,1,0,0,0,1,558,0,45,0
1990,42,2,0,0,0,1,444,5,15,0
1990,77,1,0,0,0,0,0,0,0,0
1990,67,2,0,0,0,0,0,0,0,0
1990,72,2,2,0,0,0,453,4,1,0
1990,32,1,0,0,0,1,64,1,48,0
1990,29,2,0,0,0,1,375,4,42,0
1990,29,1,1,0,0,1,85,5,38,0
1990,43,1,0,2,1,1,523,4,40,0
1990,29,2,0,2,1,0,276,3,35,0
1990,36,2,1,0,3,1,64,4,40,0
1990,56,1,0,0,0,0,588,0,40,0
1990,52,2,0,0,0,0,0,0,0,0
1990,33,1,2,0,0,0,22,0,0,0
1990,78,2,3,0,0,0,0,0,0,0
1990,58,2,2,0,0,0,796,4,40,0
1990,31,2,2,0,0,1,383,4,40,0
1990,47,2,2,0,0,0,447,4,0,0
1990,54,1,2,0,0,1,509,0,40,0
1990,52,2,3,0,0,0,243,4,40,0
1990,67,2,3,0,0,0,0,0,0,0
1990,22,1,0,0,0,1,505,4,40,0
1990,21,2,0,0,0,1,243,3,40,0
1990,57,2,3,0,0,1,0,0,0,0
1990,30,1,1,0,0,1,229,4,44,0
1990,24,2,2,0,0,0,434,3,28,0
1990,42,1,0,0,0,1,418,6,45,0
1990,42,2,0,0,0,1,103,5,35,0
1990,37,1,0,0,0,1,783,1,40,1
1990,38,2,0,0,0,1,315,0,0,0
1990,47,2,3,0,0,1,337,5,40,0
1990,18,1,1,0,0,0,426,6,30,0
1990,41,2,0,0,2,0,376,4,40,0
1990,50,1,0,0,0,1,486,5,40,0
1990,36,1,0,0,0,1,243,4,42,1
1990,37,2,0,0,0,1,156,5,20,0
1990,39,1,0,0,0,1,22,3,40,1
1990,36,2,0,0,0,1,23,5,45,0
1990,28,1,0,0,0,1,243,3,40,1
1990,29,2,0,0,0,1,313,3,0,0
1990,35,1,0,0,0,1,22,2,50,0
1990,34,2,0,0,0,1,0,0,0,0
1990,66,1,0,0,0,0,0,0,0,0
1990,63,2,0,0,0,1,0,0,0,0
1990,44,1,0,0,0,1,25,4,40,1
1990,41,2,0,0,0,1,274,3,0,0
1990,45,1,0,0,0,1,53,0,60,1
1990,43,2,0,0,0,0,303,3,40,0
1990,22,1,1,0,0,1,514,4,40,0
1990,19,2,1,0,0,0,379,1,25,0
1990,51,1,0,0,0,0,254,4,70,0
1990,47,2,0,0,0,0,313,4,40,0
1990,31,1,0,0,0,1,8,3,60,0
1990,34,2,0,0,0,1,443,3,40,0
1990,27,1,0,0,0,1,567,0,90,0
1990,26,2,0,0,0,1,0,0,0,0
1990,51,1,0,3,0,1,259,3,45,1
1990,50,2,0,3,0,1,466,5,0,0
1990,34,1,0,0,0,1,869,0,44,0
1990,38,2,0,0,0,1,314,4,40,0
1990,27,2,1,0,0,1,257,2,40,0
1990,42,1,2,0,4,1,199,5,66,0
1990,52,1,0,0,0,1,567,0,60,0
1990,52,2,0,0,0,0,0,0,0,0
1990,41,2,2,0,0,1,154,5,32,0
1990,29,2,3,0,0,1,313,5,40,0
1990,33,2,2,0,0,1,348,2,35,0
1990,45,1,2,0,0,1,84,5,40,0
1990,43,2,2,0,0,1,13,2,50,0
1990,64,2,3,0,0,0,0,0,0,0
1990,47,2,2,0,0,1,65,5,40,0
1990,26,1,1,0,0,1,434,3,40,0
1990,45,1,2,0,0,1,486,5,40,0
1990,53,1,0,0,0,1,23,6,40,0
1990,44,2,0,0,0,0,337,4,40,0
1990,20,2,1,0,0,1,276,3,24,0
1990,34,1,0,0,0,0,259,1,60,0
1990,33,2,0,0,0,0,0,0,0,0
1990,65,1,0,0,0,0,0,0,0,0
1990,60,2,0,0,0,0,313,0,40,0
1990,64,2,2,0,2,1,313,4,37,0
1990,74,1,0,0,0,1,254,4,20,0
1990,68,2,0,0,0,1,319,1,32,0
1990,21,1,1,0,0,1,378,4,40,0
1990,46,1,0,0,0,1,199,5,30,0
1990,43,2,0,0,0,1,204,5,29,0
1990,32,1,0,0,0,1,17,4,60,0
1990,31,2,0,0,0,1,253,4,20,0
1990,49,1,0,0,0,1,23,5,60,1
1990,47,2,0,0,0,1,313,5,80,1
1990,39,1,0,0,0,1,22,5,40,0
1990,42,2,0,0,0,1,348,2,40,0
1990,49,1,0,0,0,1,27,1,40,0
1990,42,2,0,2,0,0,22,5,40,0
1990,78,2,3,0,0,1,0,0,0,0
1990,66,2,3,0,0,1,276,3,4,0
1990,26,1,1,0,0,0,579,0,40,0
1990,21,1,1,0,0,0,243,3,50,0
1990,33,1,2,0,0,1,433,5,40,0
1990,28,1,1,0,0,1,17,3,50,0
1990,39,1,0,0,0,1,9,1,44,0
1990,39,2,0,0,2,1,313,2,45,0
1990,33,2,3,0,0,1,235,0,40,0
1990,67,2,3,0,0,0,0,0,0,0
1990,72,1,2,0,0,1,43,5,56,0
1990,31,2,3,0,0,0,276,3,40,0
1990,77,1,1,0,2,1,176,5,0,0
1990,30,1,1,0,0,1,25,4,45,1
1990,25,2,1,0,0,1,259,1,45,0
1990,26,1,0,0,0,1,243,4,46,0
1990,27,2,0,0,0,1,328,1,40,0
1990,50,1,0,0,0,1,253,4,50,0
1990,53,2,0,0,0,1,274,3,40,0
1990,22,1,1,0,0,1,435,3,10,0
1990,21,1,1,0,0,0,453,4,0,0
1990,21,1,1,0,0,1,473,0,7,0
1990,53,1,0,0,0,1,176,5,50,1
1990,48,2,0,0,0,0,313,5,40,0
1990,39,1,0,0,0,1,243,3,40,1
1990,28,2,0,0,0,1,259,3,40,1
1990,58,1,0,0,0,0,453,4,30,0
1990,50,2,0,0,0,0,407,4,0,0
1990,46,1,0,0,0,1,178,6,60,1
1990,41,2,0,0,0,1,174,6,40,0
1990,29,2,1,0,0,0,463,2,40,0
1990,30,1,3,0,0,1,178,5,60,1
1990,32,1,1,0,0,1,213,2,50,0
1990,26,2,1,0,0,1,207,5,40,0
1990,64,2,1,0,0,1,185,5,0,0
1990,33,1,2,0,0,1,243,3,40,0
1990,67,1,0,0,0,1,259,3,0,0
1990,66,2,0,0,0,1,95,5,24,0
1990,34,2,2,2,1,0,446,5,40,0
1990,79,2,3,0,0,1,0,0,0,0
1990,41,2,2,0,0,1,37,5,46,0
1990,43,1,2,0,0,0,585,0,40,0
1990,47,2,1,0,0,0,95,5,32,0
1990,32,2,0,0,0,1,216,6,40,0
1990,32,1,0,0,0,0,567,0,40,0
1990,55,1,0,0,0,1,19,4,40,0
1990,52,2,0,0,0,1,785,1,0,0
1990,72,2,3,0,0,0,0,0,0,0
1990,25,1,0,0,0,1,229,1,40,0
1990,23,2,0,0,0,1,737,1,40,0
1990,20,1,1,0,0,1,426,4,40,0
1990,19,1,1,0,0,1,269,3,20,0
1990,42,2,2,0,0,1,327,2,40,0
1990,22,2,1,0,0,0,27,3,50,0
1990,26,1,1,0,0,1,364,3,40,0
1990,65,1,0,0,0,1,0,0,0,0
1990,69,2,0,0,0,0,0,0,0,0
1990,41,1,1,0,0,1,274,3,36,0
1990,34,1,0,0,0,1,869,0,99,1
1990,34,2,0,0,0,1,314,4,99,0
1990,61,2,1,0,0,0,0,0,0,0
1990,67,1,0,0,0,1,22,2,0,0
1990,67,2,0,0,0,1,257,2,28,0
1990,36,1,0,0,0,1,26,4,70,0
1990,35,2,0,0,0,1,277,5,45,0
1990,45,2,2,0,0,0,458,4,40,0
1990,24,2,1,0,0,0,0,0,0,0
1990,29,1,0,0,0,1,447,5,40,0
1990,36,2,0,0,0,1,234,5,25,0
1990,71,2,3,0,0,1,0,0,0,1
1990,50,1,0,0,0,1,57,1,40,1
1990,48,2,0,0,0,1,0,0,0,0
1990,25,2,1,0,0,1,188,4,40,0
1990,22,1,1,0,0,1,709,1,50,0
1990,49,2,2,0,0,0,313,4,40,0
1990,52,2,3,0,0,0,447,5,32,0
1990,30,2,1,0,0,1,447,5,45,0
1990,23,1,1,0,0,0,869,0,40,0
1990,52,1,1,0,0,0,426,3,40,0
1990,58,1,2,0,0,1,84,5,50,1
1990,68,1,1,0,0,1,274,3,16,0
1990,69,1,0,0,0,0,0,0,0,0
1990,71,2,0,0,0,0,348,2,0,0
1990,27,1,0,0,0,0,668,4,45,0
1990,24,2,0,0,0,1,217,0,40,0
1990,34,2,2,0,0,0,254,4,40,0
1990,33,1,1,0,0,1,234,4,40,0
1990,39,1,3,0,0,1,779,2,35,0
1990,34,2,2,0,0,1,315,4,20,0
1990,47,2,2,0,4,0,254,4,40,0
1990,18,2,1,1,4,0,13,3,3,0
1990,45,1,2,1,0,1,447,5,40,0
1990,74,1,0,0,0,0,186,5,3,0
1990,78,2,0,0,0,0,0,0,0,0
1990,39,1,1,0,0,0,558,0,99,0
1990,35,1,0,0,0,0,444,5,40,0
1990,26,2,0,0,0,0,453,4,40,0
1990,72,2,3,0,0,0,0,0,0,0
1990,43,2,0,0,0,1,27,5,40,1
1990,44,1,0,0,0,1,274,3,25,0
1990,19,2,1,0,0,1,274,3,40,0
1990,62,2,3,0,0,1,95,5,32,0
1990,61,2,2,0,0,0,449,5,40,0
1990,34,1,0,0,0,0,448,4,45,0
1990,36,2,0,0,0,1,95,5,40,0
1990,44,1,0,0,0,1,505,4,50,0
1990,44,2,0,0,0,1,463,2,60,1
1990,44,1,0,0,0,0,22,2,40,0
1990,49,2,0,0,0,0,276,5,32,0
1990,64,2,3,0,0,0,0,0,0,0
1990,56,2,2,0,0,0,0,0,0,0
1990,78,2,3,0,0,0,0,0,0,0
1990,45,1,2,0,0,0,0,0,0,0
1990,59,2,3,0,0,0,29,3,40,0
1990,29,2,2,0,0,0,243,3,40,0
1990,63,2,2,0,0,0,375,4,40,0
1990,29,2,2,0,0,0,463,2,99,0
1990,42,1,0,0,0,0,637,1,40,0
1990,45,2,0,0,0,0,155,5,0,0
1990,62,1,0,0,0,1,337,6,0,0
1990,66,2,0,0,0,1,0,0,0,0
1990,51,1,2,0,0,1,22,1,0,0
1990,31,1,0,0,0,1,363,4,50,1
1990,30,2,0,0,0,1,0,0,0,0
1990,32,1,0,0,0,1,869,0,35,0
1990,26,2,0,0,0,1,468,4,25,0
1990,27,1,0,2,0,0,378,4,40,0
1990,24,2,0,2,0,0,376,4,40,0
1990,30,1,3,0,0,1,686,3,40,0
1990,36,1,0,2,0,0,243,3,60,0
1990,35,2,0,0,0,0,443,3,35,0
1990,32,2,1,0,0,1,443,3,40,0
1990,52,1,0,0,0,1,163,5,40,1
1990,51,2,0,0,0,1,17,3,16,0
1990,24,2,1,0,0,1,335,4,40,0
1990,19,2,1,0,0,1,435,3,16,0
1990,41,1,3,1,0,0,159,5,40,0
1990,39,2,2,1,0,1,889,1,40,0
1990,34,1,1,0,2,0,508,2,40,0
1990,69,1,0,0,0,1,0,0,0,0
1990,63,2,0,0,0,0,313,4,0,0
1990,75,1,0,0,0,1,0,0,0,0
1990,70,2,0,0,0,0,0,0,0,0
1990,39,1,0,1,0,1,385,4,0,0
1990,34,2,0,1,0,0,447,5,0,0
1990,46,2,1,1,0,0,436,3,20,0
1990,27,1,1,1,0,1,503,6,40,0
1990,27,1,1,1,4,1,0,0,0,0
1990,20,1,1,3,0,1,889,0,30,0
1990,18,1,1,3,0,1,804,3,40,0
1990,18,1,1,3,0,1,505,4,40,0
1990,27,1,2,0,0,1,373,3,40,0
1990,34,1,0,2,1,0,453,5,40,0
1990,34,2,0,2,0,0,453,5,0,0
1990,35,1,3,0,0,1,208,2,40,0
1990,56,1,0,0,0,0,804,2,40,0
1990,50,2,0,0,0,0,0,0,0,0
1990,21,1,0,0,0,0,653,0,40,0
1990,22,2,0,2,0,0,319,5,0,0
1990,29,1,2,0,3,1,55,1,40,0
1990,54,1,0,0,3,0,0,0,0,0
1990,47,2,0,0,3,0,0,0,0,0
1990,26,2,1,2,0,1,55,1,40,0
1990,42,1,0,0,0,1,257,5,50,1
1990,39,2,0,0,0,1,156,5,25,0
1990,45,1,0,0,0,1,22,6,50,1
1990,45,2,0,0,0,1,17,3,36,0
1990,78,2,3,0,0,1,0,0,0,0
1990,40,2,1,0,0,1,7,4,50,0
1990,76,2,3,0,0,1,0,0,0,0
1990,71,1,0,0,0,1,25,4,40,0
1990,69,2,0,0,0,1,0,0,0,0
1990,35,1,0,3,3,1,22,1,50,1
1990,36,2,0,3,3,1,64,6,40,0
1990,37,1,1,0,0,1,154,5,50,0
1990,29,2,1,0,0,0,313,5,40,0
1990,59,1,0,0,0,1,628,1,44,0
1990,57,2,0,0,0,0,0,0,0,0
1990,32,1,0,0,0,1,178,5,50,1
1990,31,2,0,0,0,1,185,3,40,0
1990,19,1,1,1,0,0,486,0,0,0
1990,19,1,1,3,0,1,198,1,25,0
1990,68,2,2,0,0,0,313,6,40,0
1990,39,2,2,0,0,1,21,5,55,0
1990,77,2,3,0,0,1,0,0,0,0
1990,49,1,2,0,0,1,255,4,45,1
1990,78,1,0,0,0,1,27,1,20,1
1990,74,2,0,0,0,1,0,0,0,0
1990,70,1,0,0,0,1,0,0,0,0
1990,70,2,0,0,0,0,0,0,0,0
1990,55,1,2,0,0,1,55,5,70,0
1990,60,1,0,0,0,0,59,1,40,0
1990,54,2,0,0,0,0,0,0,0,0
1990,32,1,2,0,0,1,208,3,37,0
1990,35,1,2,2,0,1,156,5,60,1
1990,25,1,1,0,0,1,27,2,50,0
1990,24,1,1,0,0,1,463,2,40,0
1990,26,2,1,0,0,1,469,4,35,0
1990,38,1,0,0,0,1,534,0,40,0
1990,37,2,0,0,0,1,163,5,40,0
1990,21,1,1,0,0,1,274,3,20,0
1990,65,2,3,0,0,0,348,6,40,0
1990,35,1,1,0,0,1,436,4,50,0
1990,35,1,0,0,0,0,316,3,30,0
1990,38,2,0,0,0,1,22,2,30,0
1990,20,1,1,0,0,1,549,3,0,0
1990,58,1,0,0,0,0,216,1,40,0
1990,55,2,0,0,0,0,276,3,40,0
1990,71,1,0,0,0,0,0,0,0,0
1990,76,2,0,0,2,0,0,0,0,0
1990,74,2,3,0,0,0,0,0,0,0
1990,57,1,0,0,0,1,255,4,44,1
1990,57,2,0,0,0,1,0,0,0,0
1990,30,2,2,0,0,1,319,4,40,0
1990,50,1,0,0,0,1,43,5,55,1
1990,48,2,0,0,0,1,0,0,0,0
1990,24,1,0,0,0,1,888,1,20,0
1990,23,2,0,0,0,0,315,3,40,0
1990,69,2,3,0,0,0,0,0,0,0
1990,71,1,0,0,0,0,0,0,0,0
1990,57,2,0,0,0,0,0,0,0,0
1990,31,2,2,0,0,0,443,3,40,0
1990,27,2,2,1,0,1,628,1,70,0
1990,48,2,1,1,0,1,276,3,40,0
1990,80,2,0,0,0,0,0,0,0,0
1990,59,2,2,0,0,1,418,6,48,0
1990,31,1,0,0,0,1,313,3,40,0
1990,27,2,0,0,0,0,585,0,35,0
1990,59,1,2,2,0,0,804,3,40,0
1990,31,1,0,3,0,1,534,4,40,0
1990,28,2,0,3,0,1,95,5,40,0
1990,50,1,3,3,0,0,567,4,35,0
1990,52,1,0,0,0,0,573,0,40,0
1990,54,2,0,0,0,1,156,5,40,0
1990,73,1,3,0,0,0,0,0,0,0
1990,24,1,1,0,0,0,573,1,40,0
1990,30,1,1,0,0,0,386,4,0,0
1990,59,2,2,0,0,1,234,5,38,1
1990,66,1,0,0,1,0,0,0,0,0
1990,63,2,0,0,1,0,436,3,0,0
1990,38,1,0,0,1,0,637,1,40,0
1990,29,2,0,0,1,0,37,1,50,0
1990,49,1,2,0,1,0,0,0,0,0
1990,73,2,3,1,0,1,0,0,0,0
1990,30,1,1,2,1,0,243,3,45,0
1990,44,2,2,1,0,1,449,4,30,0
1990,22,2,1,1,0,0,276,3,0,0
1990,27,1,1,2,0,1,733,1,40,0
1990,25,1,1,2,0,0,435,4,40,0
1990,75,1,0,0,0,0,0,0,0,0
1990,70,2,0,0,0,0,0,0,0,0
1990,66,2,3,0,0,1,164,5,13,0
1990,35,1,1,0,0,1,178,5,20,1
1990,67,1,0,0,0,0,0,0,0,0
1990,62,2,0,0,0,0,688,3,40,0
1990,18,1,1,0,0,0,683,1,99,0
1990,19,1,1,0,1,0,809,4,40,0
1990,66,1,0,0,0,1,21,4,40,0
1990,54,2,0,0,0,0,0,0,0,0
1990,18,2,1,0,0,0,468,5,20,0
1990,61,2,3,1,0,0,653,1,0,0
1990,48,1,0,0,0,0,486,0,0,0
1990,41,2,0,0,0,0,637,1,0,0
1990,21,1,1,0,0,0,885,3,40,0
1990,42,1,2,0,0,0,628,1,60,0
1990,40,2,2,0,0,0,754,1,40,0
1990,31,1,0,0,0,1,796,1,46,0
1990,49,2,0,0,0,0,689,1,46,0
1990,39,1,0,2,1,0,785,1,40,0
1990,41,2,0,2,0,0,407,4,0,0
1990,32,2,2,0,0,0,313,6,40,0
1990,27,1,0,0,0,1,544,0,50,0
1990,32,2,0,0,0,1,0,0,0,0
1990,74,1,3,0,0,1,0,0,0,0
1990,31,2,1,0,0,1,208,5,30,0
1990,67,2,3,0,0,1,453,5,5,0
1990,33,1,2,0,0,0,579,0,0,0
1990,37,1,3,0,0,0,804,3,60,0
1990,43,1,0,0,0,0,486,4,40,0
1990,38,2,0,0,0,0,407,4,40,0
1990,43,2,2,0,0,1,95,5,99,0
1990,43,1,0,0,0,1,43,5,40,0
1990,40,2,0,0,0,1,0,0,0,0
1990,26,2,1,0,0,1,308,5,40,0
1990,44,2,2,0,0,1,323,4,40,0
1990,32,2,1,0,0,1,23,5,40,0
1990,33,1,1,0,0,0,585,0,40,0
1990,40,1,1,2,0,0,804,3,53,0
1990,39,1,0,0,1,0,744,1,40,0
1990,36,2,0,0,1,0,747,4,0,0
1990,24,1,0,0,1,1,523,4,48,0
1990,24,2,0,0,1,0,449,4,40,0
1990,33,2,3,0,0,1,274,3,48,0
1990,28,1,1,1,0,0,436,3,40,0
1990,44,1,3,1,0,1,594,0,40,0
1990,50,1,0,1,0,0,453,4,40,0
1990,50,2,0,1,0,0,449,4,20,0
1990,56,1,2,1,0,0,0,0,0,0
1990,80,2,0,1,0,0,407,4,0,0
1990,64,2,2,2,1,0,0,0,0,0
1990,37,2,1,2,1,0,799,3,50,0
1990,61,1,2,2,0,0,0,0,0,0
1990,47,1,2,0,0,0,518,4,40,0
1990,50,2,0,1,0,0,636,1,66,0
1990,40,1,0,1,0,0,869,0,40,0
1990,79,2,3,1,0,0,0,0,0,0
1990,28,2,1,1,0,0,447,5,0,0
1990,35,1,3,1,0,1,505,4,40,0
1990,62,1,3,0,0,0,378,3,40,0
1990,34,2,0,0,0,0,449,4,40,0
1990,28,1,0,0,0,0,378,3,40,0
1990,27,1,0,0,0,0,267,3,0,0
1990,26,2,0,0,0,1,34,4,40,0
1990,30,1,0,0,1,1,229,1,45,0
1990,32,2,0,0,1,0,0,0,0,0
1990,32,2,2,0,0,1,157,5,40,0
1990,40,1,0,1,0,0,453,0,12,0
1990,32,2,0,3,0,0,0,0,0,0
1990,18,2,1,1,0,0,0,0,0,0
1990,25,1,2,0,0,0,0,0,0,0
1990,41,1,0,1,0,1,355,2,40,0
1990,35,2,0,1,0,0,379,1,40,0
1990,18,2,3,1,0,0,447,5,40,0
1990,45,2,3,0,0,1,439,3,35,0
1990,19,2,1,2,0,0,319,5,4,0
1990,20,1,1,2,1,0,877,3,40,0
1990,39,2,3,1,0,0,796,1,40,0
1990,32,1,1,1,0,0,869,0,40,0
1990,27,2,1,1,0,0,727,1,40,0
1990,45,1,3,2,0,1,804,2,40,0
1990,27,2,1,0,0,1,99,5,46,0
1990,47,2,2,0,0,0,303,5,40,0
1990,79,2,0,0,2,0,0,0,0,0
1990,79,1,0,0,2,0,0,0,0,0
1990,68,1,0,0,0,1,22,2,0,1
1990,66,2,0,0,0,1,0,0,0,0
1990,77,1,0,0,0,0,268,3,30,0
1990,74,2,0,0,0,1,0,0,0,0
1990,71,1,0,0,0,1,22,5,40,0
1990,68,2,0,0,0,1,0,0,0,0
1990,73,1,0,0,2,1,0,0,0,0
1990,72,2,0,0,0,1,0,0,0,0
1990,63,1,0,0,0,1,0,0,0,0
1990,59,2,0,0,0,1,736,1,0,0
1990,72,1,0,0,0,1,0,0,0,0
1990,68,2,0,0,0,1,0,0,0,0
1990,66,1,0,0,0,1,36,4,50,1
1990,60,2,0,0,0,0,313,5,35,0
1990,36,1,3,2,1,0,486,0,40,0
1990,21,2,3,2,0,0,207,5,40,0
1990,62,1,0,0,0,0,547,5,40,0
1990,58,2,0,0,0,1,22,5,0,0
1990,64,1,0,0,0,0,0,0,0,0
1990,50,2,0,0,0,0,909,6,0,0
1990,19,1,1,0,0,0,777,1,40,0
1990,19,2,1,0,0,0,435,3,40,0
1990,45,1,0,0,1,1,479,0,30,0
1990,30,2,0,0,1,0,479,0,0,0
1990,46,1,0,0,0,1,22,2,60,1
1990,46,2,0,0,1,1,174,5,50,0
1990,25,1,3,0,0,0,549,6,40,0
1990,24,1,1,0,2,1,365,6,0,0
1990,30,2,3,2,0,0,274,3,35,0
1990,50,1,0,2,0,0,486,4,40,0
1990,42,2,0,2,1,0,0,0,0,0
1990,44,1,0,0,2,1,17,3,72,0
1990,41,2,0,0,0,1,313,5,28,0
1990,20,2,1,0,0,1,319,0,0,0
1990,19,2,1,0,0,1,0,0,0,0
1990,42,1,2,1,0,0,17,3,40,0
1990,30,1,3,0,0,0,783,1,40,0
1990,26,2,1,0,0,0,379,6,40,0
1990,63,2,3,2,0,0,0,0,0,0
1990,25,1,1,2,0,0,599,0,36,0
1990,23,2,1,2,0,0,22,5,42,0
1990,23,2,1,2,0,0,276,3,30,0
1990,27,2,1,2,0,0,329,1,0,0
1990,22,1,1,0,0,1,389,6,40,0
1990,28,1,0,0,0,1,426,6,50,0
1990,27,2,0,0,0,0,21,5,25,0
1990,55,1,0,0,0,0,364,1,0,0
1990,52,2,0,0,0,0,443,5,99,0
1990,61,1,0,0,0,1,22,1,50,1
1990,63,2,0,0,0,1,0,0,0,0
1990,22,1,0,2,0,0,657,1,40,0
1990,22,2,0,2,1,0,888,1,40,0
1990,28,2,1,3,0,0,449,4,40,0
1990,25,1,1,3,0,0,303,6,35,0
1990,26,2,1,3,0,0,449,4,80,0
1990,29,1,1,3,0,0,436,6,40,0
1990,60,2,1,3,0,1,156,5,8,0
1990,69,2,1,0,0,1,157,5,8,0
1990,74,2,1,0,0,1,164,5,40,0
1990,68,2,1,0,0,0,628,1,0,0
1990,42,1,3,0,1,0,486,6,0,0
1990,40,1,0,0,0,1,303,2,40,0
1990,43,2,0,0,0,1,0,0,0,0
1990,74,2,0,0,2,0,0,0,0,0
1990,65,1,0,0,2,0,0,0,0,0
1990,22,1,0,0,0,0,276,3,40,0
1990,61,2,0,0,0,0,0,0,0,0
1990,76,1,0,0,0,0,0,0,0,0
1990,74,2,0,0,0,0,0,0,0,0
1990,77,2,3,0,0,0,0,0,0,0
1990,77,2,3,0,0,1,0,0,0,0
1990,58,2,0,0,0,1,0,0,0,0
1990,60,1,0,0,0,1,194,5,0,0
1990,75,1,0,0,0,0,268,3,0,0
1990,71,2,0,0,0,0,0,0,0,0
1990,61,1,0,0,0,1,0,0,0,0
1990,71,2,0,0,0,1,0,0,0,0
1990,74,1,3,0,0,1,0,0,0,0
1990,55,2,1,0,0,1,0,0,0,0
1990,79,2,3,0,0,1,0,0,0,0
1990,60,1,0,0,0,1,156,5,16,0
1990,58,2,0,0,0,1,313,4,40,0
1990,74,2,3,0,0,0,0,0,0,0
1990,78,1,0,0,0,1,0,0,0,0
1990,73,2,0,0,0,0,0,0,0,0
1990,68,1,0,0,0,1,0,0,0,0
1990,64,2,0,0,0,1,254,4,0,0
1990,73,2,0,0,0,1,0,0,0,0
1990,51,1,2,0,0,1,558,0,0,0
1990,44,2,2,0,2,0,313,0,40,0
1990,35,1,0,2,0,1,156,5,45,0
1990,37,2,0,0,0,1,274,3,0,0
1990,64,1,3,3,0,0,0,0,0,0
1990,78,2,2,0,0,0,259,1,0,0
1990,75,2,3,0,0,0,0,0,0,0
1990,63,1,2,0,0,0,458,4,16,0
1990,71,1,0,0,0,1,0,0,0,0
1990,76,2,0,0,0,0,0,0,0,0
1990,79,1,3,0,0,0,364,3,20,0
1990,74,2,3,0,0,0,0,0,0,0
1990,78,2,0,0,0,0,0,0,0,0
1990,77,2,3,0,0,1,0,0,0,0
1990,66,1,0,0,0,1,809,2,32,0
1990,61,2,0,0,0,0,319,3,40,0
1990,67,1,0,0,0,1,22,2,0,0
1990,66,2,0,0,0,1,444,5,12,0
1990,47,1,0,0,0,1,243,3,60,1
1990,36,2,0,0,0,1,14,5,40,0
1990,32,1,0,0,0,1,243,3,60,1
1990,33,2,0,0,0,0,208,5,0,0
1990,39,1,0,0,0,0,885,3,40,0
1990,36,2,0,0,0,1,243,3,42,0
1990,34,1,0,0,0,1,628,2,60,1
1990,36,2,0,0,0,0,319,5,20,0
1990,61,1,0,0,0,0,579,0,0,0
1990,69,2,0,0,2,0,0,0,0,0
1990,23,1,1,0,0,0,455,4,50,0
1990,25,2,2,0,0,0,448,4,45,0
1990,39,1,0,0,0,1,904,6,40,0
1990,35,2,0,0,0,1,276,3,30,0
1990,39,1,0,0,0,1,243,3,50,0
1990,40,2,0,0,0,1,17,3,0,0
1990,65,1,0,0,0,1,26,3,15,1
1990,59,2,0,0,0,1,313,3,0,1
1990,37,1,0,0,0,1,259,3,40,1
1990,35,2,0,0,0,1,15,5,45,0
1990,33,1,0,0,0,0,22,1,45,0
1990,34,2,0,0,2,0,0,0,0,0
1990,64,1,0,0,0,1,0,0,0,0
1990,58,2,0,0,0,0,0,0,0,0
1990,18,2,1,0,0,0,0,0,0,0
1990,39,1,1,0,0,0,866,0,0,0
1990,60,1,2,0,0,0,804,4,48,0
1990,29,1,0,0,0,0,567,0,99,0
1990,27,2,0,0,0,0,0,0,0,0
1990,75,1,0,0,0,1,0,0,0,0
1990,73,2,0,0,0,1,0,0,0,0
1990,26,1,1,0,0,1,434,3,35,0
1990,24,1,1,0,0,0,434,3,30,0
1990,36,1,0,0,0,1,859,1,40,0
1990,32,2,0,0,0,1,95,5,42,0
1990,32,1,0,0,0,1,575,0,40,0
1990,33,2,0,0,0,0,59,4,45,0
1990,47,1,0,0,0,0,21,5,40,0
1990,45,2,0,0,0,0,25,4,27,0
1990,34,1,0,0,0,0,589,3,45,0
1990,33,2,0,0,0,1,376,4,18,0
1990,39,2,0,0,0,1,385,4,40,0
1990,41,1,0,0,0,1,505,3,40,0
1990,68,1,3,0,0,0,0,0,0,0
1990,66,1,0,0,0,1,0,0,0,0
1990,63,2,0,0,0,0,0,0,0,0
1990,27,1,0,2,1,0,274,3,45,0
1990,27,2,0,2,0,0,385,5,45,0
1990,60,1,0,0,0,0,0,0,0,0
1990,60,2,0,0,0,0,0,0,0,0
1990,48,2,2,0,0,1,0,0,0,0
1990,19,1,1,0,0,0,804,3,40,0
1990,35,1,0,0,0,1,59,1,40,0
1990,33,2,0,0,0,1,33,5,35,0
1990,35,1,2,3,0,1,779,1,40,0
1990,37,1,2,0,0,0,804,2,60,0
1990,30,1,1,0,0,0,804,3,40,0
1990,26,2,1,0,0,1,313,1,40,0
1990,31,1,0,0,0,0,354,2,40,0
1990,30,2,0,0,0,1,305,0,40,0
1990,29,2,0,0,0,1,808,2,40,0
1990,27,1,0,0,0,0,809,2,40,0
1990,37,1,0,1,0,0,869,0,40,0
1990,35,2,0,0,4,1,315,4,40,0
1990,60,1,3,0,2,1,154,5,20,0
1990,65,1,0,0,0,0,0,0,0,0
1990,43,2,0,0,0,1,29,3,40,0
1990,18,1,1,0,0,0,29,3,40,0
1990,21,1,1,3,0,0,436,3,45,0
1990,44,1,0,0,0,1,0,0,0,0
1990,37,2,0,0,0,0,453,4,32,0
1990,42,2,2,0,2,0,313,4,40,0
1990,33,1,1,0,0,0,678,5,40,0
1990,69,1,0,0,0,0,0,0,0,0
1990,63,2,0,0,0,0,687,3,0,0
1990,38,1,0,0,0,0,889,2,45,0
1990,36,2,0,0,0,1,434,5,60,0
1990,30,1,0,0,2,1,22,5,9,0
1990,31,2,0,0,0,1,235,5,0,0
1990,23,1,1,0,0,1,785,5,30,0
1990,61,1,0,0,0,1,0,0,0,0
1990,57,2,0,0,0,1,0,0,0,0
1990,32,1,0,3,3,1,264,3,50,0
1990,32,2,0,3,3,1,0,0,0,0
1990,47,2,2,0,0,1,274,3,43,0
1990,30,2,2,0,0,1,207,5,40,0
1990,38,1,2,0,0,1,378,1,42,0
1990,75,1,0,0,0,1,256,3,40,0
1990,74,2,0,0,0,1,0,0,0,0
1990,53,2,2,3,0,1,455,5,40,0
1990,22,2,3,3,0,0,449,4,80,0
1990,18,2,1,3,0,0,0,0,0,0
1990,37,2,0,0,0,0,337,3,0,0
1990,38,1,0,0,0,0,226,2,40,0
1990,58,2,3,0,0,0,274,3,25,0
1990,78,1,0,0,0,1,375,4,0,0
1990,78,2,0,0,0,1,0,0,0,0
1990,30,2,3,0,2,0,435,3,40,0
1990,27,1,3,2,1,0,436,3,60,0
1990,33,2,2,0,0,1,243,4,40,0
1990,61,1,0,0,0,1,23,4,10,1
1990,62,2,0,0,0,1,0,0,0,0
1990,76,2,3,0,0,0,0,0,0,0
1990,22,1,0,0,0,1,469,4,50,0
1990,20,2,0,0,0,0,889,4,10,0
1990,42,1,0,0,0,1,85,5,40,1
1990,37,2,0,0,0,1,174,5,40,0
1990,50,1,0,0,0,1,254,4,40,0
1990,47,2,0,0,0,1,259,1,30,0
1990,20,1,1,0,0,1,17,4,20,0
1990,63,1,0,0,0,1,22,2,40,0
1990,64,2,0,0,0,0,0,0,0,0
1990,35,1,0,0,0,0,804,2,65,0
1990,31,2,0,0,0,1,7,3,50,0
1990,57,1,0,0,0,1,226,1,40,0
1990,60,2,0,0,2,0,265,3,20,0
1990,55,1,0,0,0,1,44,1,40,1
1990,55,2,0,0,0,1,0,0,0,0
1990,45,1,0,0,0,1,217,4,55,0
1990,33,2,0,0,0,1,869,0,0,0
1990,50,1,0,0,0,1,7,4,55,1
1990,50,2,0,0,0,1,185,5,0,0
1990,48,1,0,0,0,1,259,3,50,0
1990,44,2,0,0,0,1,95,5,28,0
1990,75,1,0,0,0,1,0,0,0,1
1990,60,2,0,0,0,1,0,0,0,0
1990,43,1,0,0,0,1,194,4,45,1
1990,32,2,0,0,0,1,0,0,0,0
1990,60,1,0,0,0,1,254,4,40,0
1990,56,2,0,0,0,1,203,5,35,0
1990,48,2,2,0,0,1,315,6,45,0
1990,18,2,1,0,0,1,0,0,0,0
1990,69,1,0,0,0,0,0,0,0,1
1990,66,2,0,0,0,0,0,0,0,0
1990,59,2,3,0,0,0,797,1,20,0
1990,39,2,1,0,0,1,257,4,50,0
1990,47,1,0,0,0,1,13,1,52,1
1990,46,2,0,0,0,1,0,0,0,0
1990,44,1,0,0,0,1,22,4,40,1
1990,43,2,0,0,0,1,313,5,40,0
1990,18,1,1,0,0,0,486,4,25,0
1990,66,2,3,0,0,1,313,0,0,0
1990,46,1,2,0,0,1,255,4,0,0
1990,71,1,0,0,0,0,558,0,0,0
1990,68,2,0,0,0,0,0,0,0,0
1990,76,2,3,0,0,0,425,5,20,0
1990,58,2,2,0,0,1,274,5,60,1
1990,43,1,0,0,0,1,178,5,99,0
1990,38,2,0,0,0,1,95,5,20,0
1990,62,1,0,0,0,1,796,1,0,0
1990,60,2,0,0,0,0,259,1,40,0
1990,33,1,0,3,0,1,275,4,40,0
1990,35,2,0,0,0,1,18,4,40,1
1990,32,2,2,1,0,1,229,2,40,0
1990,58,1,0,0,0,1,85,5,0,1
1990,49,2,0,0,0,1,0,0,0,0
1990,19,2,1,0,0,1,274,5,20,0
1990,24,1,1,0,0,1,464,4,40,0
1990,23,1,1,0,0,0,269,3,40,0
1990,22,1,1,0,0,1,427,6,35,0
1990,28,1,1,0,0,1,184,4,40,0
1990,32,2,1,0,0,1,446,5,40,0
1990,64,1,2,0,0,0,268,3,50,0
1990,70,1,0,0,0,1,27,6,20,1
1990,60,2,0,0,0,0,0,0,0,0
1990,80,2,3,0,0,1,0,0,0,0
1990,35,1,2,0,0,0,567,0,40,0
1990,32,2,1,0,0,1,785,1,0,0
1990,64,1,3,0,0,1,426,4,24,0
1990,29,2,1,0,0,1,433,3,25,0
1990,22,1,1,0,0,0,485,0,30,0
1990,21,2,1,0,0,1,22,5,40,0
1990,38,2,2,0,0,1,95,5,40,0
1990,61,1,0,0,0,0,213,1,40,0
1990,55,2,0,0,0,0,365,3,20,0
1990,21,1,1,0,0,0,379,4,25,0
1990,18,1,1,0,0,0,877,3,24,0
1990,28,1,0,0,0,1,7,1,40,0
1990,27,2,0,0,0,1,45,5,0,0
1990,43,1,2,0,0,1,7,1,48,0
1990,67,1,3,0,0,1,185,1,0,0
1990,28,1,0,0,0,0,508,2,40,0
1990,26,2,0,0,0,1,207,5,40,0
1990,23,1,1,0,0,1,243,3,45,0
1990,21,1,1,0,0,1,804,0,0,0
1990,35,1,0,0,1,0,558,0,40,0
1990,40,2,0,0,0,1,17,3,40,0
1990,30,2,3,0,0,0,435,3,32,0
1990,47,1,0,0,0,1,259,3,40,1
1990,42,2,0,0,0,1,183,1,40,0
1990,19,1,1,0,0,0,505,6,0,0
1990,22,2,2,0,0,1,95,5,40,0
1990,18,1,1,0,0,0,436,3,20,0
1990,66,1,0,0,0,1,13,1,0,0
1990,65,2,0,0,0,1,0,0,0,0
1990,40,2,2,0,0,1,217,5,40,0
1990,19,2,1,0,0,1,317,4,20,0
1990,19,1,1,0,0,0,436,3,0,0
1990,44,1,0,0,0,1,185,1,40,1
1990,44,2,0,0,0,1,254,4,30,0
1990,24,2,1,0,0,1,23,4,40,0
1990,19,2,1,0,0,1,319,4,0,0
1990,35,1,0,0,0,1,178,5,40,1
1990,38,2,0,0,0,1,84,5,40,0
1990,31,2,1,2,0,0,0,0,0,0
1990,38,1,0,0,0,1,804,2,60,0
1990,35,2,0,0,0,1,447,5,40,0
1990,24,1,0,0,0,0,418,6,45,0
1990,26,2,0,0,0,1,278,1,20,0
1990,21,1,1,0,0,0,469,4,10,0
1990,21,1,1,0,0,0,443,3,20,0
1990,19,1,1,0,0,1,276,3,25,0
1990,20,2,1,0,0,1,0,0,0,0
1990,49,1,0,0,0,0,889,1,40,0
1990,47,2,0,0,0,0,337,3,40,0
1990,19,2,1,0,0,0,323,6,40,0
1990,56,1,3,0,4,1,194,5,40,1
1990,66,1,0,0,0,0,538,5,40,0
1990,68,2,0,0,0,0,0,0,0,0
1990,32,1,0,0,0,1,257,1,60,0
1990,27,2,0,0,0,1,337,1,50,0
1990,20,1,1,3,3,1,379,1,0,0
1990,19,2,1,0,0,1,462,4,40,0
1990,24,1,1,3,0,1,217,2,30,1
1990,25,2,1,0,0,1,313,5,40,0
1990,31,1,0,3,3,1,889,5,4,0
1990,31,2,0,3,3,1,0,0,0,0
1990,26,1,1,0,0,0,0,0,0,0
1990,26,2,1,0,0,1,174,5,20,0
1990,30,1,1,0,0,1,253,4,40,0
1990,40,1,1,0,0,1,779,1,40,0
1990,21,1,2,0,0,1,684,1,50,0
1990,27,1,0,0,0,0,783,4,40,0
1990,29,2,0,0,0,0,385,4,40,0
1990,61,1,2,0,0,0,243,3,55,0
1990,35,1,1,0,0,0,243,3,55,0
1990,27,1,1,0,0,1,276,3,20,0
1990,30,1,1,0,0,1,95,5,40,0
1990,58,1,0,0,0,0,503,2,48,1
1990,56,2,0,0,0,1,319,3,40,0
1990,20,1,1,0,0,1,506,0,20,0
1990,23,1,1,0,0,1,316,2,40,0
1990,59,1,0,0,0,1,22,3,40,1
1990,59,2,0,2,0,0,0,0,0,0
1990,56,1,0,0,0,1,154,5,40,1
1990,52,2,0,0,0,1,274,3,0,0
1990,21,1,1,0,0,1,257,2,0,0
1990,33,2,2,0,0,1,423,6,40,0
1990,63,1,0,0,0,1,0,0,0,0
1990,69,2,0,0,0,1,0,0,0,0
1990,24,1,0,0,0,1,364,2,30,0
1990,23,2,0,0,0,1,376,2,40,0
1990,35,2,2,2,0,0,683,1,40,0
1990,30,2,2,0,0,1,683,1,40,0
1990,80,1,0,0,0,0,0,0,0,0
1990,75,2,0,0,0,1,0,0,0,0
1990,76,1,0,0,0,0,0,0,0,0
1990,70,2,0,0,0,0,0,0,0,0
1990,43,2,2,0,0,1,877,3,40,0
1990,57,1,0,0,0,1,14,5,0,0
1990,54,2,0,0,0,1,185,3,40,0
1990,24,1,1,0,0,1,779,1,40,0
1990,20,1,1,2,0,0,435,3,25,0
1990,19,1,1,2,0,0,436,3,0,0
1990,66,1,0,0,0,0,0,0,0,0
1990,65,2,0,0,0,0,0,0,0,0
1990,50,1,0,0,0,1,22,2,45,1
1990,48,2,0,0,0,1,155,5,40,0
1990,54,1,0,0,0,1,157,5,40,1
1990,53,2,0,0,0,1,156,5,40,0
1990,45,1,0,0,0,1,44,1,40,1
1990,43,2,0,0,0,0,0,0,0,0
1990,19,1,1,0,0,0,365,3,24,0
1990,50,1,2,3,0,1,14,5,52,0
1990,67,1,0,3,3,1,637,1,40,0
1990,61,2,0,3,3,0,777,1,40,0
1990,25,2,1,3,0,1,336,5,40,0
1990,35,1,0,0,0,1,363,1,40,0
1990,34,2,0,0,0,1,217,1,40,0
1990,47,1,2,0,0,1,33,1,35,0
1990,48,1,0,0,0,1,243,4,50,1
1990,39,2,0,0,0,1,375,4,40,0
1990,24,1,1,0,0,1,253,4,40,0
1990,42,1,0,0,0,1,21,5,45,1
1990,41,2,0,0,0,1,95,5,0,0
1990,38,1,0,0,0,1,549,6,40,0
1990,38,2,0,0,0,0,313,4,30,0
1990,31,1,0,2,0,0,804,2,45,0
1990,30,2,0,0,0,0,0,0,0,0
1990,45,1,0,0,0,1,27,4,43,0
1990,49,2,0,0,0,1,156,5,40,0
1990,18,1,1,0,0,0,308,4,5,0
1990,39,1,0,0,0,1,157,5,45,0
1990,38,2,0,0,0,1,9,0,8,0
1990,54,2,2,0,0,1,314,5,40,0
1990,31,1,0,1,0,0,779,1,40,0
1990,30,2,0,0,0,0,364,2,40,0
1990,48,2,2,0,0,1,784,1,40,0
1990,21,2,1,0,0,0,683,1,20,0
1990,57,1,1,0,0,0,453,4,6,0
1990,51,1,1,0,0,1,458,4,50,0
1990,45,1,0,0,0,1,579,0,40,0
1990,34,2,0,0,0,0,0,0,0,0
1990,35,1,2,0,0,1,756,1,60,0
1990,64,1,0,0,0,0,473,0,0,0
1990,60,2,0,0,0,1,7,4,48,0
1990,37,2,2,0,0,1,313,1,40,0
1990,52,1,0,0,0,1,178,5,40,0
1990,46,2,0,0,0,1,95,5,25,0
1990,18,1,1,0,0,0,0,0,0,0
1990,39,1,0,1,0,1,808,5,35,0
1990,37,2,0,1,0,1,339,5,40,0
1990,35,2,3,0,0,0,203,5,30,0
1990,40,1,0,0,0,1,154,5,40,1
1990,40,2,0,0,0,1,64,1,40,0
1990,47,1,2,0,0,1,44,1,40,1
1990,42,2,2,0,0,0,7,4,40,0
1990,22,1,1,0,0,0,263,3,40,0
1990,34,1,3,0,0,1,22,4,15,0
1990,29,1,0,0,0,1,566,3,40,0
1990,29,2,0,0,0,1,313,1,40,0
1990,72,2,1,0,0,0,0,0,0,0
1990,30,1,0,0,2,1,56,1,42,0
1990,25,2,0,0,0,0,264,3,0,0
1990,74,1,3,0,0,0,0,0,0,0
1990,47,1,1,0,0,0,0,0,0,0
1990,42,1,1,0,0,0,0,0,0,0
1990,24,2,1,0,0,0,433,3,40,0
1990,78,2,3,0,0,1,0,0,0,0
1990,62,2,3,0,4,1,436,3,40,0
1990,28,1,0,0,0,0,243,3,48,0
1990,26,2,0,3,0,0,0,0,0,0
1990,50,1,2,0,0,1,243,3,40,0
1990,24,2,3,0,0,1,313,4,60,0
1990,49,2,3,0,0,0,683,1,48,0
1990,26,1,1,2,0,0,785,1,55,0
1990,41,1,0,0,0,0,458,4,50,0
1990,43,2,0,0,0,0,458,4,0,0
1990,19,2,1,0,0,0,274,3,30,0
1990,64,1,2,0,0,0,804,4,48,0
1990,24,1,1,0,0,1,567,0,40,0
1990,21,2,1,0,0,1,458,4,40,0
1990,50,1,0,0,0,0,883,3,40,0
1990,47,2,0,0,0,0,799,3,40,0
1990,22,1,2,0,0,0,336,4,40,0
1990,29,1,0,2,0,0,769,0,40,0
1990,29,2,0,2,0,0,459,5,15,0
1990,25,2,1,0,0,1,178,5,40,0
1990,35,1,0,0,0,1,105,5,40,0
1990,35,2,0,0,0,1,185,3,15,0
1990,20,2,1,0,0,1,276,3,28,0
1990,19,2,1,0,0,1,458,4,20,0
1990,29,1,2,0,0,1,783,1,45,0
1990,19,1,1,0,0,1,243,3,50,0
1990,24,1,2,0,0,1,275,4,30,0
1990,80,1,3,0,0,0,0,0,0,0
1990,47,1,0,0,0,0,859,2,40,0
1990,46,2,0,0,0,1,156,5,29,0
1990,63,1,0,0,0,1,696,5,40,0
1990,64,2,0,0,0,1,27,5,0,0
1990,30,2,1,0,0,1,435,5,40,0
1990,32,1,0,0,2,1,505,4,42,0
1990,34,2,0,0,0,1,469,3,12,0
1990,35,1,0,0,0,0,585,4,40,0
1990,31,2,0,0,0,1,883,3,40,0
1990,60,2,3,0,0,1,337,5,35,0
1990,38,1,1,0,0,1,13,1,42,0
1990,63,1,0,0,0,1,85,5,40,1
1990,57,2,0,0,0,1,0,0,0,0
1990,68,1,0,0,0,0,426,1,0,0
1990,68,2,0,0,0,0,0,0,0,0
1990,35,1,0,0,0,1,57,1,40,0
1990,38,2,0,0,0,1,0,0,0,0
1990,26,1,2,0,0,1,22,4,40,0
1990,34,1,0,0,0,1,55,1,90,0
1990,35,2,0,0,0,1,666,3,20,0
1990,49,1,0,0,0,1,558,0,40,1
1990,39,2,0,0,0,1,7,4,40,0
1990,32,1,0,0,0,1,213,1,40,0
1990,29,2,0,0,0,0,779,1,40,0
1990,54,1,0,0,2,1,637,1,52,0
1990,54,2,0,0,2,0,0,0,0,0
1990,58,1,0,0,0,1,44,1,40,1
1990,56,2,0,0,0,0,319,5,40,0
1990,50,2,2,0,0,1,156,5,45,0
1990,30,1,0,0,0,1,226,2,40,0
1990,32,2,0,0,0,1,37,4,40,0
1990,66,1,0,0,0,0,0,0,0,0
1990,64,2,0,0,0,0,0,0,0,0
1990,46,1,0,0,0,0,549,2,40,0
1990,44,2,0,0,0,0,458,4,24,0
1990,24,1,1,0,0,0,274,3,20,0
1990,18,2,1,0,0,0,274,3,19,0
1990,41,1,0,0,0,0,453,6,40,0
1990,36,2,0,0,0,1,389,5,40,0
1990,68,1,0,0,0,0,0,0,0,0
1990,65,2,0,0,0,0,0,0,0,0
1990,61,1,0,0,0,1,869,0,0,0
1990,62,2,0,0,0,1,0,0,0,0
1990,78,2,3,0,0,0,0,0,0,0
1990,77,1,3,0,0,0,809,2,0,0
1990,66,2,3,0,0,0,0,0,0,0
1990,31,1,1,2,0,0,575,0,0,0
1990,26,2,2,0,0,0,0,0,0,0
1990,28,2,1,0,0,1,426,1,40,0
1990,42,1,0,0,0,1,5,6,45,1
1990,30,2,0,0,0,1,389,3,45,0
1990,30,1,0,0,0,1,22,1,50,0
1990,26,2,0,2,0,1,313,5,40,0
1990,30,1,0,0,0,0,303,4,40,0
1990,28,2,0,0,0,0,436,5,0,0
1990,31,1,0,0,0,1,318,2,45,0
1990,33,2,0,0,0,0,313,5,30,0
1990,47,1,0,0,0,1,44,1,50,1
1990,49,2,0,0,0,1,22,1,40,1
1990,21,1,1,0,0,0,426,4,40,0
1990,26,1,0,0,0,1,567,0,40,0
1990,27,2,0,0,0,1,406,4,30,0
1990,64,1,0,0,0,1,0,0,0,0
1990,73,2,0,0,0,0,0,0,0,0
1990,76,1,0,0,0,1,0,0,0,0
1990,76,2,0,0,0,0,0,0,0,0
1990,68,2,3,0,0,0,406,4,40,0
1990,73,1,0,0,0,0,0,0,0,0
1990,70,2,0,0,0,0,0,0,0,0
1990,63,1,0,0,0,1,0,0,0,0
1990,63,2,0,0,0,0,0,0,0,0
1990,68,1,0,0,0,1,276,3,5,0
1990,70,2,0,0,0,0,0,0,0,0
1990,73,2,3,0,0,0,0,0,0,0
1990,24,2,0,0,0,1,95,5,40,0
1990,25,1,0,0,0,1,226,6,50,0
1990,43,1,0,3,4,0,505,4,40,0
1990,37,2,0,0,0,0,458,4,40,0
1990,75,2,0,0,0,0,0,0,0,1
1990,75,1,3,0,0,1,0,0,0,0
1990,64,1,0,0,0,1,804,3,30,0
1990,66,2,0,0,0,1,0,0,0,0
1990,77,2,3,0,4,0,0,0,0,0
1990,55,1,0,0,0,1,22,1,40,1
1990,54,2,0,0,0,0,313,5,40,0
1990,62,1,0,0,0,0,508,2,40,0
1990,68,2,0,0,1,0,0,0,0,0
1990,57,1,0,0,0,1,57,1,40,1
1990,55,2,0,0,0,0,274,3,32,0
1990,41,1,0,0,0,1,47,3,60,0
1990,37,2,0,0,0,1,337,4,10,0
1990,79,1,0,0,0,0,0,0,0,0
1990,73,1,0,0,0,0,0,0,0,0
1990,69,2,0,0,0,0,0,0,0,0
1990,68,1,0,0,0,0,0,0,0,0
1990,65,2,0,0,0,0,0,0,0,0
1990,61,1,0,0,0,1,0,0,0,0
1990,64,2,0,0,0,0,0,0,0,0
1990,51,1,0,0,0,1,418,6,40,0
1990,54,2,0,0,0,1,319,5,16,0
1990,42,1,0,0,0,1,885,1,55,0
1990,42,2,0,0,0,1,0,0,0,0
1990,48,1,0,0,0,0,514,4,40,0
1990,45,2,0,0,0,0,276,3,40,0
1990,42,1,0,3,3,0,637,1,40,0
1990,35,2,0,3,3,0,0,0,0,0
1990,34,1,0,0,0,0,567,0,40,0
1990,35,2,0,0,0,0,0,0,0,0
1990,30,1,0,0,0,1,44,1,40,0
1990,29,2,0,0,0,0,0,0,0,0
1990,36,2,2,0,0,1,8,5,40,0
1990,27,2,0,0,0,1,385,4,40,0
1990,27,1,0,2,1,0,779,1,60,0
1990,22,2,1,2,1,1,313,5,0,0
1990,52,1,0,0,2,1,59,3,28,1
1990,51,2,0,0,2,1,243,3,42,0
1990,52,1,0,0,0,0,486,0,40,0
1990,46,2,0,0,0,0,0,0,0,0
1990,23,2,1,0,0,0,888,3,32,0
1990,67,2,3,0,0,1,0,0,0,0
1990,47,1,0,0,0,0,22,3,45,0
1990,44,2,0,0,0,0,435,5,30,0
1990,28,1,0,0,0,1,22,2,50,0
1990,26,2,0,0,0,1,22,2,50,0
1990,19,2,1,0,0,1,883,4,17,0
1990,61,2,2,0,0,0,303,4,51,0
1990,70,1,0,0,0,0,804,3,42,0
1990,67,2,0,0,0,1,0,0,0,1
1990,31,2,1,0,0,0,308,4,40,0
1990,26,1,1,2,1,0,479,0,48,0
1990,20,1,1,2,1,0,479,0,48,0
1990,18,2,1,2,0,0,276,3,0,0
1990,24,2,1,2,1,0,0,0,0,0
1990,47,1,0,0,0,1,803,1,40,0
1990,41,2,0,0,0,1,157,5,42,0
1990,49,2,3,0,0,1,254,4,40,0
1990,53,1,0,0,0,1,628,1,48,0
1990,45,2,0,0,0,0,467,5,25,0
1990,47,1,0,3,0,1,213,1,40,0
1990,39,2,0,3,0,1,379,4,40,0
1990,24,2,1,3,0,1,276,3,0,0
1990,73,2,3,0,0,1,0,0,0,0
1990,33,2,0,0,0,1,275,4,45,0
1990,29,1,0,0,0,1,303,2,40,0
1990,29,1,0,0,0,0,22,2,55,0
1990,28,2,0,0,0,0,308,2,15,0
1990,52,1,0,0,0,1,243,4,40,1
1990,47,2,0,0,0,1,336,5,99,0
1990,19,1,1,0,0,1,203,1,20,0
1990,19,1,1,0,0,1,756,1,20,0
1990,58,1,0,0,0,1,84,5,40,1
1990,52,2,0,0,0,0,337,5,0,0
1990,33,1,0,2,1,0,475,0,45,0
1990,31,2,0,2,1,0,744,1,24,0
1990,32,2,3,2,0,0,667,4,35,0
1990,42,2,2,3,0,1,254,4,45,0
1990,30,1,1,0,0,1,354,2,40,0
1990,32,1,1,0,0,1,22,4,60,0
1990,33,1,1,0,0,0,889,3,35,0
1990,19,1,1,0,0,1,177,5,0,0
1990,19,1,1,0,0,0,177,5,0,0
1990,54,2,3,0,0,0,453,3,40,0
1990,26,2,1,0,0,0,0,0,0,0
1990,43,1,0,0,0,1,213,1,40,0
1990,39,2,0,0,0,1,0,0,0,0
1990,36,1,0,0,0,1,7,4,45,0
1990,25,2,0,2,0,1,319,5,40,0
1990,29,1,0,0,0,1,689,3,65,0
1990,30,2,0,0,0,1,274,3,0,0
1990,39,1,0,0,0,1,9,1,40,0
1990,51,2,0,0,0,1,453,5,10,0
1990,49,1,2,0,0,1,22,4,40,0
1990,33,2,2,0,0,0,234,3,40,0
1990,56,1,2,0,0,0,243,3,55,0
1990,22,1,0,0,0,1,558,4,40,0
1990,19,2,0,0,0,0,254,4,40,0
1990,28,1,0,2,0,0,505,4,40,0
1990,27,2,0,2,0,0,313,5,40,0
1990,28,1,0,0,0,1,226,6,40,0
1990,26,2,0,0,0,1,274,3,15,0
1990,39,1,0,0,0,1,418,6,40,0
1990,46,2,0,0,0,1,22,1,40,0
1990,29,1,3,0,0,0,486,0,40,0
1990,25,2,3,0,0,1,0,0,0,0
1990,50,1,0,2,0,1,253,4,40,0
1990,52,2,0,2,0,1,174,5,40,0
1990,19,2,1,2,0,0,327,3,20,0
1990,68,2,1,0,0,1,157,5,45,1
1990,59,1,0,0,0,1,53,5,50,0
1990,64,2,0,0,0,1,156,5,0,0
1990,57,1,0,2,0,0,486,5,40,0
1990,55,2,0,2,0,0,0,0,0,0
1990,25,1,1,2,0,0,887,4,0,0
1990,20,2,1,2,0,0,449,4,40,0
1990,62,1,0,0,2,1,0,0,0,0
1990,67,2,0,0,0,0,0,0,0,0
1990,59,2,3,0,1,0,276,3,30,0
1990,24,1,1,0,0,1,547,6,55,0
1990,33,1,0,1,0,0,365,6,50,0
1990,33,2,0,1,0,0,436,3,20,0
1990,60,1,0,0,0,0,503,3,40,0
1990,58,2,0,0,0,1,335,4,15,0
1990,33,1,3,0,0,1,14,5,58,0
1990,28,2,3,0,0,0,159,5,10,0
1990,40,1,0,0,0,0,505,3,48,0
1990,34,2,0,0,0,1,869,0,40,0
1990,26,1,3,0,0,1,453,4,0,0
1990,62,1,0,0,0,0,453,5,0,0
1990,60,2,0,0,0,0,0,0,0,0
1990,69,2,0,0,0,0,458,4,0,0
1990,67,1,0,0,0,0,0,0,0,0
1990,72,2,3,0,0,0,0,0,0,0
1990,73,1,0,0,0,1,0,0,0,0
1990,69,2,0,0,0,0,0,0,0,0
1990,72,2,2,0,0,0,799,1,0,0
1990,36,1,0,2,1,1,163,5,40,0
1990,33,2,0,2,1,0,163,5,15,0
1990,74,2,0,0,0,0,0,0,0,0
1990,55,1,0,0,0,1,0,0,0,0
1990,52,2,0,0,0,0,0,0,0,0
1990,27,2,1,0,0,0,443,3,10,0
1990,73,1,0,0,0,0,453,2,0,0
1990,73,2,0,0,0,1,0,0,0,0
1990,47,1,0,1,0,1,824,2,60,0
1990,49,2,0,1,0,1,17,3,70,0
1990,52,2,0,0,0,1,234,5,40,0
1990,48,1,0,0,0,1,43,5,40,0
1990,28,2,1,0,0,1,579,0,30,0
1990,27,1,0,0,0,0,0,0,0,0
1990,63,2,0,0,0,0,0,0,0,0
1990,80,2,0,0,0,0,0,0,0,0
1990,60,1,1,0,0,0,436,3,40,1
1990,34,2,0,3,0,0,486,5,40,0
1990,40,1,0,3,1,0,783,1,40,0
1990,67,1,3,0,0,0,0,0,0,0
1990,41,1,0,0,0,0,22,0,40,0
1990,31,2,0,0,0,1,23,1,0,0
1990,32,2,0,0,0,1,313,5,40,0
1990,42,1,0,0,0,1,27,5,40,0
1990,36,1,0,3,0,0,479,0,30,0
1990,37,2,0,3,0,0,379,5,0,0
1990,33,1,0,0,0,0,505,1,40,0
1990,29,2,0,0,0,0,379,3,0,0
1990,54,1,0,0,0,0,653,0,40,1
1990,40,2,0,0,0,1,0,0,0,0
1990,18,2,1,0,0,0,276,3,28,0
1990,30,1,0,0,0,1,229,1,40,0
1990,34,2,0,0,0,0,0,0,0,0
1990,59,1,0,0,0,1,503,5,8,0
1990,54,2,0,0,0,0,276,3,40,0
1990,65,1,0,0,0,0,0,0,0,0
1990,65,2,0,0,0,0,0,0,0,0
1990,50,1,0,0,0,1,22,2,48,0
1990,46,2,0,0,0,1,303,5,40,0
1990,19,2,1,0,0,1,385,5,25,0
1990,21,1,1,0,0,0,364,1,30,0
1990,26,1,2,0,3,0,433,4,50,0
1990,48,1,2,0,0,1,263,3,55,0
1990,34,1,1,0,0,1,14,5,40,1
1990,47,1,0,0,0,1,259,3,46,0
1990,43,2,0,0,0,0,436,3,50,0
1990,18,1,1,0,0,1,435,3,24,0
1990,21,1,1,0,0,1,276,3,40,0
1990,20,2,1,0,0,0,435,3,40,0
1990,39,2,3,0,0,1,744,1,30,0
1990,78,1,0,0,0,1,0,0,0,0
1990,73,2,0,0,0,1,0,0,0,0
1990,43,1,0,0,0,1,22,5,45,1
1990,42,2,0,0,0,1,7,4,0,0
1990,56,1,0,0,0,1,253,4,80,1
1990,51,2,0,0,0,0,446,5,3,0
1990,18,2,1,0,0,0,276,3,20,0
1990,66,1,0,0,0,1,0,0,0,0
1990,62,2,0,0,0,0,0,0,0,0
1990,23,2,1,0,0,1,243,3,40,0
1990,42,1,0,0,0,1,418,6,40,0
1990,34,2,0,0,0,1,95,5,45,0
1990,35,2,2,0,0,1,156,5,50,0
1990,32,2,1,0,0,1,156,5,47,0
1990,37,2,0,0,0,0,444,5,25,0
1990,39,1,0,0,0,0,505,4,40,0
1990,45,2,0,0,0,1,174,5,40,0
1990,48,1,0,0,0,0,375,4,40,0
1990,35,2,2,0,0,1,274,3,50,0
1990,59,1,0,0,0,1,44,1,40,1
1990,57,2,0,0,0,0,0,0,0,0
1990,27,1,1,0,0,1,323,5,40,0
1990,67,2,0,0,0,1,0,0,0,0
1990,71,1,0,0,0,1,0,0,0,0
1990,35,2,1,0,2,1,22,3,50,0
1990,37,2,1,0,0,1,0,0,0,0
1990,50,1,2,0,0,1,22,5,50,1
1990,58,1,0,0,0,1,229,6,40,0
1990,67,2,0,0,0,0,156,5,50,0
1990,50,1,0,0,0,0,259,1,40,0
1990,49,2,0,0,0,1,313,5,40,0
1990,38,1,0,0,0,1,84,5,70,1
1990,38,2,0,0,0,1,154,5,0,0
1990,48,2,2,0,0,1,167,5,40,0
1990,23,1,1,0,0,1,0,0,0,0
1990,23,1,1,0,0,1,0,0,0,0
1990,22,1,1,0,0,1,277,3,0,0
1990,20,1,1,0,0,1,0,0,0,0
1990,45,2,2,0,0,1,14,5,55,1
1990,47,1,0,0,0,1,13,1,55,1
1990,48,2,0,0,0,1,243,3,0,0
1990,35,1,0,2,0,1,458,4,40,0
1990,34,2,0,2,0,0,313,1,40,0
1990,36,1,0,0,0,1,27,5,50,0
1990,34,2,0,0,0,1,166,5,0,0
1990,35,1,0,0,0,1,243,3,40,0
1990,27,2,0,0,0,1,163,5,40,0
1990,64,1,0,0,0,1,167,5,0,0
1990,63,2,0,0,0,1,95,5,30,0
1990,56,1,0,0,0,0,426,5,15,0
1990,52,2,0,0,0,0,319,0,20,0
1990,41,1,0,0,0,1,378,6,40,0
1990,41,2,0,0,2,1,21,5,40,0
1990,47,1,0,0,0,1,178,5,36,0
1990,43,2,0,0,0,1,254,4,40,0
1990,22,2,1,0,0,1,313,4,40,0
1990,61,1,3,0,0,1,254,4,55,0
1990,75,1,3,0,0,1,0,0,0,0
1990,39,2,2,0,0,1,256,0,40,0
1990,33,2,1,0,0,1,86,5,40,0
1990,67,2,3,0,0,0,379,4,10,0
1990,57,1,0,0,0,1,22,1,50,1
1990,52,2,0,0,0,1,37,5,40,0
1990,79,2,3,0,0,1,0,0,0,0
1990,67,1,0,0,0,1,823,2,0,0
1990,67,2,0,0,0,0,0,0,0,0
1990,71,1,0,0,0,0,0,0,0,0
1990,69,2,0,0,0,0,0,0,0,0
1990,40,1,0,3,0,1,59,1,60,1
1990,40,2,0,3,0,1,0,0,0,0
1990,39,1,0,0,0,1,365,1,40,0
1990,33,2,0,0,0,1,95,5,18,0
1990,69,1,0,0,0,1,0,0,0,0
1990,75,2,0,0,0,1,0,0,0,0
1990,34,1,0,0,0,1,426,6,40,0
1990,25,2,0,0,0,0,435,3,40,0
1990,63,1,0,0,0,0,869,0,40,0
1990,47,2,0,0,1,0,264,3,15,0
1990,21,2,1,0,1,0,435,3,40,0
1990,68,2,3,0,0,0,0,0,0,0
1990,22,1,0,0,0,1,34,0,40,0
1990,25,2,0,0,0,0,313,3,0,0
1990,34,1,0,0,0,1,505,3,60,0
1990,26,2,0,0,0,0,515,6,50,0
1990,36,1,0,0,0,1,243,3,60,0
1990,34,2,0,0,0,0,453,0,3,0
1990,44,1,0,0,0,1,22,0,40,0
1990,35,2,0,2,1,1,0,0,0,0
1990,36,2,1,1,0,1,379,6,40,1
1990,47,1,2,1,0,1,18,6,40,1
1990,24,1,0,0,0,0,276,3,30,0
1990,23,2,0,0,0,0,445,6,40,0
1990,78,2,3,0,0,0,0,0,0,0
1990,71,2,3,0,0,1,0,0,0,0
1990,37,1,0,0,0,1,426,4,20,0
1990,31,2,0,0,0,0,23,5,40,0
1990,75,2,3,0,0,1,0,0,0,0
1990,52,2,2,0,0,1,313,5,40,0
1990,39,1,0,0,0,1,796,6,40,0
1990,34,2,0,0,0,1,27,5,48,0
1990,49,1,0,0,0,1,218,1,40,0
1990,45,2,0,0,0,1,14,5,40,0
1990,18,2,1,0,0,1,447,5,12,0
1990,22,1,1,0,0,1,436,3,40,0
1990,28,2,0,0,0,1,256,1,40,0
1990,31,1,0,0,0,1,178,4,55,1
1990,43,2,0,0,0,1,156,5,45,0
1990,48,1,0,0,0,1,217,4,0,0
1990,60,1,0,0,0,1,22,1,40,0
1990,58,2,0,0,0,0,796,1,40,0
1990,28,1,2,0,0,1,185,0,44,0
1990,62,1,0,0,0,0,0,0,0,0
1990,60,2,0,0,0,0,0,0,0,0
1990,46,1,0,0,0,0,23,3,44,0
1990,53,2,0,0,3,0,0,0,0,0
1990,31,2,1,0,0,0,363,3,45,0
1990,37,1,2,2,0,1,637,3,40,0
1990,26,1,0,0,0,0,508,2,40,0
1990,33,2,0,0,0,0,276,3,20,0
1990,28,2,3,2,0,0,453,0,0,0
1990,42,1,0,0,0,1,22,1,40,1
1990,41,2,0,0,0,1,313,1,20,0
1990,56,1,0,0,0,0,243,3,60,0
1990,55,2,0,0,0,0,337,3,20,0
1990,20,2,1,0,0,1,274,3,20,0
1990,41,1,1,0,0,1,84,5,27,1
1990,35,2,3,0,4,1,0,0,0,0
1990,41,1,2,0,0,0,444,3,40,0
1990,33,2,2,0,0,0,885,3,40,0
1990,37,1,1,0,0,1,53,5,40,0
1990,70,1,0,0,0,0,0,0,0,0
1990,74,2,0,0,0,0,0,0,0,0
1990,64,2,0,0,0,1,174,6,40,0
1990,60,1,0,0,0,0,0,0,0,0
1990,30,2,1,0,0,0,319,5,40,0
1990,40,1,0,0,0,1,84,5,40,1
1990,32,2,0,0,0,1,159,5,5,0
1990,80,2,3,0,0,0,0,0,0,0
1990,24,2,1,0,0,1,208,5,25,0
1990,65,2,3,0,0,0,0,0,0,0
1990,68,1,0,2,0,0,785,1,0,0
1990,68,2,0,2,1,0,0,0,0,0
1990,41,2,2,0,0,1,22,0,36,0
1990,42,2,2,0,0,1,418,6,50,0
1990,21,2,1,0,0,1,21,5,20,0
1990,19,1,1,0,0,0,443,3,40,0
1990,47,1,2,0,0,1,337,4,80,0
1990,40,1,0,0,0,1,189,1,40,0
1990,30,2,0,0,0,1,439,3,30,0
1990,25,2,1,0,0,1,276,3,20,0
1990,26,1,1,2,1,0,453,5,40,0
1990,42,1,0,3,3,1,168,5,20,0
1990,38,2,0,3,3,1,154,5,20,0
1990,64,2,3,0,0,1,26,5,0,0
1990,39,1,0,0,1,1,84,5,48,0
1990,31,2,0,0,1,1,0,0,0,0
1990,74,2,3,0,0,0,436,5,20,0
1990,36,2,2,0,0,1,185,1,10,0
1990,44,2,0,0,0,1,159,6,40,0
1990,43,1,0,0,0,1,95,5,44,0
1990,45,2,2,0,0,1,95,5,40,0
1990,79,1,3,0,0,0,36,4,40,0
1990,50,2,1,0,0,1,447,5,40,0
1990,35,1,2,0,0,1,567,0,40,0
1990,43,2,2,0,0,1,379,6,40,0
1990,71,2,3,0,0,1,0,0,0,0
1990,20,1,1,2,0,1,0,0,0,0
1990,20,1,1,2,1,0,869,0,35,0
1990,67,1,0,0,0,0,22,2,0,0
1990,63,2,0,0,0,1,0,0,0,0
1990,56,1,0,0,2,0,719,1,40,1
1990,64,2,0,0,4,1,0,0,0,0
1990,35,1,0,0,0,1,505,3,40,0
1990,33,2,0,0,0,1,95,5,24,0
1990,51,1,0,3,3,1,877,1,40,0
1990,44,2,0,3,3,1,683,1,40,0
1990,68,1,0,0,0,1,0,0,0,0
1990,68,2,0,0,0,0,0,0,0,0
1990,33,1,2,0,0,1,453,1,40,0
1990,21,2,1,0,0,1,276,5,30,0
1990,36,1,1,0,0,1,558,0,49,0
1990,29,1,0,2,0,0,453,5,40,0
1990,26,2,0,2,0,0,243,3,40,0
1990,39,1,0,2,0,1,268,3,45,0
1990,38,2,0,0,0,0,0,0,0,0
1990,37,2,1,1,0,0,0,0,0,0
1990,67,1,3,2,1,0,0,0,0,0
1990,30,1,3,2,1,0,0,0,0,0
1990,29,1,1,2,1,0,883,4,0,0
1990,20,2,1,0,0,1,467,5,15,0
1990,19,1,1,2,0,1,689,1,56,0
1990,21,2,1,1,0,1,435,3,40,0
1990,18,2,1,0,0,0,0,0,0,0
1990,19,2,1,0,0,1,276,3,20,0
1990,20,1,1,0,0,1,276,3,13,0
1990,18,1,1,2,1,1,23,5,37,0
1990,19,2,1,0,0,1,323,3,0,0
1990,22,1,1,0,0,0,23,5,30,0
1990,33,1,1,3,0,1,178,5,45,1
1990,42,1,0,0,0,1,22,1,50,0
1990,41,2,0,0,0,1,337,5,20,0
1990,35,1,0,2,0,0,804,0,40,0
1990,33,2,0,2,0,0,444,5,40,0
1990,40,2,1,3,0,1,447,5,50,0
1990,39,2,1,0,0,1,178,5,50,1
1990,78,2,3,3,0,0,0,0,0,0
1990,40,1,1,3,0,0,0,0,0,0
1990,38,1,1,3,0,0,0,0,0,0
1990,65,2,2,0,0,1,459,0,40,0
1990,28,1,0,0,0,0,567,0,35,0
1990,26,2,0,0,0,0,277,3,0,0
1990,34,2,1,2,0,0,449,4,0,0
1990,54,2,2,0,0,0,0,0,0,0
1990,19,1,1,0,0,1,365,3,15,0
1990,26,1,0,0,0,1,804,3,40,0
1990,25,2,0,0,0,1,466,5,40,0
1990,25,2,1,0,0,1,319,5,40,0
1990,25,2,0,2,1,0,0,0,0,0
1990,27,1,0,2,0,0,486,0,60,0
1990,54,1,0,2,0,1,307,2,40,0
1990,49,2,0,2,0,0,468,5,35,0
1990,28,2,1,2,0,1,259,3,40,0
1990,23,2,1,2,0,1,259,3,20,0
1990,50,2,3,2,1,0,0,0,0,0
1990,50,1,0,2,1,0,856,1,40,0
1990,50,2,0,2,1,0,0,0,0,0
1990,23,1,0,2,1,0,259,1,40,0
1990,22,2,0,2,0,0,785,1,40,0
1990,27,1,0,2,0,1,22,1,40,0
1990,26,2,0,2,0,1,0,0,0,0
1990,35,2,1,3,0,0,0,0,0,0
1990,69,1,0,0,0,0,0,0,0,0
1990,68,2,0,0,0,0,0,0,0,0
1990,26,1,1,0,0,1,27,5,20,0
1990,25,2,1,1,0,1,376,4,40,0
1990,30,1,2,1,0,0,653,0,40,0
1990,75,2,3,0,0,0,0,0,0,0
1990,29,1,0,3,3,1,387,5,20,0
1990,30,2,0,3,3,1,0,0,0,0
1990,38,1,0,2,1,0,869,0,40,0
1990,36,2,0,2,1,1,0,0,0,0
1990,48,1,0,0,0,1,508,2,20,0
1990,44,2,0,0,0,1,22,5,40,0
1990,35,2,2,0,0,1,458,4,30,0
1990,40,1,0,2,0,1,628,4,43,0
1990,35,2,0,0,0,1,243,3,48,0
1990,71,1,0,0,1,0,0,0,0,0
1990,69,2,0,0,1,0,0,0,0,0
1990,80,2,0,0,0,0,0,0,0,0
1990,32,1,3,0,0,1,447,5,40,0
1990,56,1,0,1,0,1,303,6,40,0
1990,47,2,0,1,0,0,0,0,0,0
1990,25,2,1,1,0,0,0,0,0,0
1990,20,1,1,1,0,1,0,0,0,0
1990,19,1,1,1,0,0,194,5,40,0
1990,18,1,1,1,0,0,889,3,20,0
1990,37,1,3,0,0,1,465,5,10,0
1990,35,2,2,2,1,0,0,0,0,0
1990,75,1,0,0,0,0,22,2,99,0
1990,76,2,0,0,0,1,18,4,99,0
1990,77,1,0,0,0,0,0,0,0,0
1990,76,2,0,0,0,0,0,0,0,0
1990,30,2,1,0,0,1,7,5,40,0
1990,30,2,2,0,0,1,57,1,42,0
1990,58,1,0,0,0,0,453,5,40,0
1990,52,2,0,0,0,1,365,4,40,0
1990,23,2,1,0,0,1,468,6,30,0
1990,49,2,2,0,0,1,458,4,48,0
1990,38,1,2,2,0,0,365,1,40,0
1990,29,2,2,0,0,0,477,0,40,0
1990,59,1,1,0,0,0,804,2,40,0
1990,42,1,0,3,0,0,844,6,40,0
1990,38,2,0,0,0,0,499,0,40,0
1990,50,1,3,0,0,1,783,4,40,0
1990,48,2,2,0,0,1,435,3,40,0
1990,31,1,0,3,0,0,844,0,40,0
1990,33,2,0,3,0,0,348,2,40,0
1990,59,1,0,0,0,1,176,5,80,0
1990,65,2,0,0,0,1,156,5,40,0
1990,22,2,1,3,3,1,444,3,84,0
1990,35,1,2,2,0,0,479,0,60,0
1990,40,1,2,0,0,1,183,5,50,0
1990,44,1,1,2,0,0,0,0,0,0
1990,78,2,3,0,0,1,0,0,0,0
1990,71,1,2,0,0,1,0,0,0,0
1990,24,1,0,0,0,1,22,0,45,0
1990,32,2,0,0,0,1,458,4,30,0
1990,78,2,3,0,0,0,0,0,0,0
1990,48,1,0,0,0,1,22,3,60,0
1990,34,2,0,0,0,0,447,5,40,0
1990,60,2,2,0,0,1,0,0,0,0
1990,72,2,3,0,0,0,0,0,0,0
1990,47,1,0,0,0,0,0,0,0,0
1990,44,2,0,0,0,0,0,0,0,0
1990,28,2,2,0,0,0,276,3,40,0
1990,23,2,1,0,0,0,443,3,0,0
1990,25,1,0,3,0,0,534,3,45,0
1990,25,2,0,0,0,0,313,5,0,0
1990,21,1,0,0,0,0,599,0,40,0
1990,21,2,0,0,0,1,313,2,0,0
1990,64,1,0,0,2,0,877,3,28,0
1990,61,2,0,0,2,0,266,3,0,0
1990,62,1,0,0,0,1,426,4,40,0
1990,69,2,0,0,0,0,435,4,0,0
1990,51,1,0,0,0,1,243,3,50,1
1990,47,2,0,0,0,1,185,3,40,0
1990,65,1,0,0,0,0,889,6,0,0
1990,65,2,0,0,0,0,217,1,0,0
1990,60,2,0,0,0,1,877,3,35,0
1990,62,1,0,0,0,0,0,0,0,0
1990,20,2,1,0,0,1,433,3,50,0
1990,44,2,2,0,0,1,21,2,40,0
1990,67,2,3,0,0,1,0,0,0,0
1990,58,1,0,0,0,1,243,3,30,0
1990,57,2,0,0,0,0,22,3,40,0
1990,30,1,1,0,0,0,22,0,40,0
1990,18,2,1,0,0,1,436,3,40,0
1990,37,1,0,0,0,1,5,0,40,0
1990,37,2,0,0,0,1,274,3,15,0
1990,30,1,2,0,0,0,518,1,44,0
1990,28,2,1,0,0,1,27,3,40,0
1990,78,2,0,0,0,0,0,0,0,0
1990,36,2,3,0,0,1,0,0,0,0
1990,29,2,3,0,0,0,435,3,40,0
1990,36,1,0,0,0,0,434,5,40,0
1990,31,2,0,0,0,0,313,5,40,0
1990,27,1,0,0,0,1,276,3,20,0
1990,26,2,0,0,0,1,22,5,40,0
1990,30,1,0,3,0,0,734,1,40,0
1990,27,2,0,0,0,0,436,3,0,0
1990,77,1,3,3,0,0,0,0,0,0
1990,51,1,2,3,0,1,274,3,40,0
1990,32,2,2,0,0,1,276,3,25,0
1990,65,1,0,0,0,0,26,1,7,0
1990,70,2,0,0,0,0,26,1,36,0
1990,34,1,0,0,0,0,883,3,72,1
1990,35,2,0,0,0,0,0,0,0,0
1990,38,1,0,0,0,0,263,3,40,0
1990,35,2,0,0,0,0,468,5,15,0
1990,64,2,3,0,0,0,0,0,0,0
1990,62,1,3,0,0,0,505,4,50,0
1990,37,1,0,0,0,0,269,3,50,0
1990,45,2,0,0,0,0,337,3,40,0
1990,26,1,0,0,0,1,213,1,40,1
1990,26,2,0,0,0,1,327,2,40,0
1990,32,1,0,0,0,0,515,6,79,0
1990,34,2,0,0,0,0,303,6,45,0
1990,60,1,0,1,0,0,418,6,40,0
1990,56,2,0,1,0,0,877,3,80,0
1990,79,1,0,0,0,0,558,0,0,0
1990,74,2,0,0,0,0,0,0,0,0
1990,63,2,0,0,0,0,0,0,0,0
1990,64,1,0,0,0,0,417,6,0,0
1990,37,2,0,0,0,1,156,5,30,0
1990,42,1,0,0,0,1,235,6,40,0
1990,18,2,1,0,0,1,436,3,30,0
1990,37,2,2,0,0,1,156,5,47,0
1990,26,1,2,0,2,1,904,6,40,0
1990,24,1,1,0,0,1,365,6,30,0
1990,33,1,2,2,1,0,479,0,40,0
1990,77,2,3,0,0,0,0,0,0,0
1990,26,1,1,0,0,1,217,1,40,0
1990,52,1,0,0,0,1,804,2,0,0
1990,51,2,0,0,0,0,337,2,0,0
1990,76,2,0,0,0,0,0,0,0,0
1990,68,1,0,0,0,0,22,0,0,0
1990,66,2,0,0,0,0,0,0,0,0
1990,31,2,2,0,0,1,354,2,15,0
1990,40,1,0,0,0,1,243,3,60,1
1990,40,2,0,0,0,1,0,0,0,0
1990,51,1,0,0,0,1,22,2,50,1
1990,47,2,0,0,0,1,337,2,40,0
1990,22,1,1,0,0,1,208,4,30,0
1990,48,1,0,3,0,1,783,0,40,0
1990,45,2,0,3,0,0,0,0,0,0
1990,25,2,1,3,0,1,0,0,0,0
1990,21,2,1,0,0,1,337,3,30,0
1990,19,2,1,0,0,1,259,3,29,0
1990,34,1,1,0,0,1,187,2,40,0
1990,49,1,0,0,0,0,518,4,40,0
1990,47,2,0,0,0,1,105,5,40,0
1990,66,2,1,0,0,1,164,5,40,0
1990,27,1,1,0,0,1,59,1,40,0
1990,38,1,0,0,0,1,577,2,40,1
1990,37,2,0,0,0,1,156,5,15,0
1990,54,1,0,0,0,1,453,5,40,0
1990,54,2,0,0,0,0,319,4,25,0
1990,19,2,1,0,0,1,754,0,74,0
1990,20,1,1,0,0,1,469,5,27,0
1990,18,2,1,1,0,1,443,3,5,0
1990,23,1,1,0,0,1,276,5,99,0
1990,33,2,3,3,0,1,0,0,0,0
1990,54,2,2,0,0,1,337,2,40,0
1990,59,1,0,0,0,0,213,3,40,0
1990,53,2,0,0,0,0,276,3,0,0
1990,38,1,2,0,3,1,178,6,40,0
1990,23,2,1,0,0,0,319,5,37,0
1990,59,1,0,3,0,0,869,0,0,0
1990,48,2,0,0,0,0,795,1,40,0
1990,19,2,1,0,0,0,276,3,20,0
1990,74,1,0,0,0,0,0,0,0,0
1990,68,2,0,0,0,1,0,0,0,0
1990,73,1,0,0,0,0,0,0,0,0
1990,65,2,0,0,0,1,0,0,0,0
1990,74,1,0,2,1,0,0,0,0,0
1990,43,2,0,2,0,0,785,1,40,0
1990,20,1,1,2,0,1,276,3,40,0
1990,65,1,0,0,2,0,0,0,0,0
1990,61,2,0,0,0,1,567,0,99,0
1990,34,1,2,0,0,0,869,0,30,0
1990,25,2,1,0,0,1,389,5,40,0
1990,45,1,2,0,0,0,779,1,40,0
1990,25,1,0,0,0,1,444,3,30,0
1990,27,2,0,0,0,1,736,1,50,0
1990,39,1,0,0,0,1,364,1,25,0
1990,37,2,0,2,0,0,0,0,0,0
1990,45,1,0,0,0,1,243,3,40,0
1990,37,2,0,0,0,1,313,4,0,0
1990,68,2,2,0,0,0,0,0,0,1
1990,42,1,0,0,0,0,588,0,22,0
1990,40,2,0,0,0,0,338,4,20,0
1990,63,1,0,0,0,1,203,5,0,0
1990,58,2,0,0,0,1,203,5,0,0
1990,63,2,3,0,0,1,0,0,0,0
1990,46,2,2,0,0,1,0,0,0,0
1990,54,1,1,0,0,0,444,3,40,0
1990,27,1,3,3,0,0,0,0,0,0
1990,36,1,1,3,0,0,0,0,0,0
1990,39,1,0,0,0,0,749,4,40,0
1990,33,2,0,0,0,0,748,4,40,0
1990,26,1,1,0,0,0,804,1,47,0
1990,18,2,1,0,0,0,276,3,33,0
1990,32,1,0,0,0,0,243,3,72,1
1990,31,2,0,0,0,0,0,0,0,0
1990,61,1,0,0,0,0,436,3,48,0
1990,62,2,0,0,0,0,436,3,48,0
1990,23,2,1,0,0,1,365,3,20,0
1990,75,1,3,0,0,0,0,0,0,0
1990,73,1,0,0,0,0,0,0,0,0
1990,67,2,0,0,0,0,0,0,0,0
1990,78,1,0,0,0,0,558,0,0,0
1990,63,2,0,0,0,1,365,3,40,0
1990,71,1,0,0,0,0,0,0,0,0
1990,71,2,0,0,0,0,0,0,0,0
1990,45,1,0,0,0,1,599,0,40,0
1990,52,2,0,0,0,1,753,1,0,0
1990,63,2,3,0,0,1,0,0,0,0
1990,70,1,0,0,0,0,0,0,0,0
1990,68,2,0,0,2,0,0,0,0,0
1990,66,1,2,0,0,0,0,0,0,0
1990,31,1,1,0,0,0,579,4,40,0
1990,60,2,2,0,0,1,0,0,0,0
1990,47,1,0,0,0,1,156,5,45,1
1990,47,2,0,0,0,1,156,5,65,1
1990,43,1,0,0,0,0,804,2,40,0
1990,45,2,0,0,0,1,5,6,40,0
1990,21,2,1,0,0,1,23,3,40,0
1990,22,1,0,0,0,0,518,3,40,0
1990,21,2,0,0,0,0,375,4,40,0
1990,55,1,0,0,0,1,17,3,40,1
1990,51,2,0,0,0,0,17,3,20,0
1990,25,1,1,0,0,0,444,3,8,0
1990,20,2,1,0,0,0,435,3,10,0
1990,69,1,0,0,0,0,368,5,0,0
1990,63,2,0,0,0,1,14,5,40,0
1990,71,1,0,0,0,1,0,0,0,0
1990,68,2,0,0,0,0,0,0,0,0
1990,41,1,0,0,0,0,844,0,60,0
1990,42,2,0,0,0,0,453,4,0,0
1990,18,2,1,0,0,0,0,0,0,0
1990,27,1,0,0,0,1,338,6,40,0
1990,27,2,0,0,0,0,23,6,40,0
1990,40,1,0,0,0,1,17,3,50,0
1990,38,2,0,0,0,0,337,3,40,0
1990,21,1,1,0,0,1,464,4,40,0
1990,27,1,0,3,0,0,909,6,0,0
1990,27,2,0,3,0,0,436,3,0,0
1990,69,1,0,0,0,0,0,0,0,0
1990,60,2,0,0,0,1,313,1,0,0
1990,45,1,1,0,0,1,188,5,40,0
1990,42,2,2,0,4,1,95,5,32,0
1990,32,1,0,0,0,0,22,2,60,0
1990,36,2,0,0,0,0,313,2,40,0
1990,26,1,0,3,0,1,783,0,90,0
1990,27,2,0,3,0,1,276,3,40,0
1990,36,2,3,3,0,0,909,6,0,0
1990,40,2,3,3,0,0,436,5,30,0
1990,64,2,3,3,0,0,0,0,0,0
1990,73,2,3,0,0,0,407,4,30,0
1990,74,1,3,0,0,0,0,0,0,0
1990,28,1,1,2,0,0,869,0,50,0
1990,26,2,1,2,0,0,449,4,50,0
1990,66,2,2,0,0,1,0,0,0,0
1990,23,1,0,0,0,0,263,3,40,0
1990,21,2,0,0,0,0,448,4,30,0
1990,34,1,0,0,0,0,844,0,40,0
1990,30,2,0,2,0,0,804,2,40,0
1990,57,1,3,2,1,0,869,0,40,0
1990,67,2,3,0,0,1,0,0,0,0
1990,33,1,0,0,0,1,21,5,40,0
1990,32,2,0,0,0,1,156,5,24,0
1990,75,2,3,0,0,1,156,5,25,0
1990,70,2,0,0,0,0,0,0,0,0
1990,76,1,0,0,0,0,0,0,0,0
1990,25,1,0,3,0,0,417,0,40,0
1990,26,2,0,3,0,0,909,6,0,0
1990,39,1,0,0,0,0,363,2,40,0
1990,38,2,0,0,0,0,17,3,0,0
1990,59,1,2,0,0,0,0,0,0,0
1990,36,1,0,3,0,0,878,1,40,0
1990,22,2,0,3,0,0,549,5,40,0
1990,27,2,0,3,0,1,383,4,40,0
1990,28,1,0,3,0,1,217,5,40,0
1990,48,1,0,3,0,0,687,1,0,0
1990,48,2,0,3,0,1,385,4,40,0
1990,26,2,1,3,0,0,647,1,40,0
1990,54,2,0,0,0,1,22,4,0,0
1990,51,1,0,0,0,0,486,5,17,0
1990,59,1,0,0,4,1,22,0,40,0
1990,59,2,0,0,0,0,0,0,0,0
1990,58,1,0,0,0,0,418,6,40,0
1990,53,2,0,0,0,1,433,3,25,0
1990,46,1,0,0,0,1,156,5,40,0
1990,41,2,0,0,0,1,336,5,40,0
1990,74,1,0,0,0,1,308,6,40,0
1990,69,2,0,0,0,0,0,0,0,0
1990,41,1,0,3,0,1,453,4,40,0
1990,40,2,0,3,0,1,27,4,40,0
1990,70,1,3,3,0,0,804,2,20,0
1990,46,2,1,3,0,1,387,5,40,0
1990,51,2,1,3,0,0,406,4,40,0
1990,41,1,2,3,0,1,0,0,0,0
1990,53,1,2,3,0,0,0,0,0,0
1990,30,1,0,0,0,0,453,3,40,0
1990,26,2,0,0,0,0,158,5,30,0
1990,28,1,0,0,0,0,453,5,40,0
1990,25,2,0,0,0,0,337,3,36,0
1990,47,1,0,0,0,0,473,0,40,0
1990,43,2,0,0,0,0,0,0,0,0
1990,19,1,1,0,0,0,459,4,99,0
1990,37,1,0,3,0,0,417,3,40,0
1990,42,2,0,3,0,1,313,0,40,0
1990,23,1,1,3,0,0,276,3,99,0
1990,23,2,1,3,0,0,449,4,0,0
1990,40,1,3,3,0,0,507,0,40,0
1990,33,1,0,3,0,0,0,0,0,0
1990,31,2,0,3,0,0,0,0,0,0
1990,47,1,0,3,0,0,585,5,40,0
1990,41,2,0,3,0,1,444,5,40,0
1990,18,1,1,3,0,0,0,0,0,0
1990,48,1,0,3,0,0,889,6,48,0
1990,47,2,0,3,0,0,0,0,0,0
1990,23,2,1,3,0,0,449,4,29,0
1990,20,2,1,3,0,0,315,5,40,0
1990,19,1,1,3,0,0,0,0,0,0
1990,72,1,2,3,0,0,0,0,0,0
1990,68,1,3,3,0,0,0,0,0,0
1990,32,1,0,3,0,0,573,0,40,0
1990,27,2,0,3,0,1,0,0,0,0
1990,29,1,1,3,0,0,0,0,0,0
1990,58,2,3,3,0,0,0,0,0,0
1990,22,1,0,3,0,0,534,4,40,0
1990,18,1,3,3,0,1,877,3,40,0
1990,24,2,0,3,0,1,889,6,80,0
1990,36,2,1,3,0,0,0,0,0,0
1990,38,1,1,3,0,0,0,0,0,0
1990,39,2,1,3,0,0,174,5,40,0
1990,18,2,1,3,0,0,0,0,0,0
1990,76,1,3,3,0,0,0,0,0,0
1990,49,1,0,3,0,0,486,5,40,0
1990,46,2,0,3,0,0,0,0,0,0
1990,21,1,1,3,0,0,567,0,40,0
1990,18,1,1,3,0,0,465,5,32,0
1990,75,1,0,3,0,0,0,0,0,0
1990,66,2,0,3,0,0,0,0,0,0
1990,65,2,0,0,0,0,188,5,20,0
1990,49,1,0,3,0,0,889,6,0,0
1990,25,2,0,3,0,0,0,0,0,0
1990,74,1,0,0,0,0,0,0,0,0
1990,68,2,0,0,0,0,0,0,0,0
1990,63,2,3,0,0,1,447,4,48,0
1990,67,1,2,0,2,0,889,6,40,0
1990,72,1,0,0,0,0,266,3,0,0
1990,63,2,0,0,0,0,0,0,0,0
1990,38,1,0,0,2,1,176,5,40,0
1990,31,2,0,0,2,1,22,1,48,1
1990,45,1,1,0,0,0,444,3,0,0
1990,52,1,0,0,2,0,585,0,50,0
1990,59,2,0,0,0,0,438,3,40,0
1990,61,2,2,0,0,0,748,4,36,0
1990,19,2,1,0,0,0,444,3,25,0
1990,52,2,2,0,0,1,17,3,50,0
1990,41,1,2,0,0,1,434,3,52,0
1990,63,2,2,0,0,0,17,3,0,0
1990,43,1,0,0,0,1,33,6,40,0
1990,40,2,0,0,0,1,313,6,40,0
1990,34,2,0,0,0,1,26,0,50,0
1990,37,1,0,0,0,1,22,2,40,0
1990,61,2,0,2,0,0,0,0,0,0
1990,66,1,0,2,0,0,877,3,56,0
1990,41,1,0,0,0,1,628,1,40,0
1990,46,2,0,0,0,1,243,3,30,0
1990,20,1,1,0,0,1,785,1,30,0
1990,75,2,3,0,0,0,0,0,0,0
1990,68,1,0,3,0,0,479,0,50,0
1990,56,2,0,3,0,0,407,4,0,0
1990,31,2,1,3,0,1,0,0,0,0
1990,57,2,2,0,0,1,808,5,40,0
1990,46,1,2,0,0,1,567,0,50,0
1990,46,1,0,0,0,0,856,1,40,0
1990,32,2,0,0,0,0,316,6,40,0
1990,44,1,0,0,0,1,22,2,45,0
1990,42,2,0,0,2,0,22,2,40,0
1990,35,2,1,3,0,0,27,5,30,0
1990,38,2,0,0,0,0,466,5,10,0
1990,41,1,0,0,0,1,22,2,45,0
1990,25,1,0,2,0,0,713,1,40,0
1990,28,2,0,2,0,0,458,4,40,0
1990,60,1,0,2,0,0,804,2,50,0
1990,51,2,0,3,0,0,407,4,5,0
1990,22,1,1,3,0,0,869,4,8,0
1990,24,1,1,3,0,0,874,3,40,0
1990,28,2,1,3,0,0,783,4,40,0
1990,69,2,3,3,0,0,0,0,0,0
1990,34,2,1,3,0,0,0,0,0,0
1990,29,1,0,0,0,0,599,3,40,0
1990,31,2,0,0,0,1,276,3,0,0
1990,26,1,0,0,0,1,365,0,40,0
1990,24,2,0,0,0,1,449,4,35,0
1990,71,1,3,0,0,1,0,0,0,0
1990,43,2,2,0,0,0,0,0,0,0
1990,21,1,0,0,0,0,889,1,40,0
1990,23,2,1,0,0,0,0,0,0,0
1990,45,1,2,0,0,0,889,6,40,0
1990,19,2,1,0,0,0,435,5,30,0
1990,53,1,0,0,0,0,613,0,40,0
1990,49,2,0,0,0,1,313,4,40,0
1990,29,1,1,0,3,1,444,6,35,0
1990,41,1,3,0,0,0,365,1,40,0
1990,55,1,0,0,0,1,21,5,40,0
1990,53,2,0,0,0,0,435,3,40,0
1990,24,1,2,0,0,0,174,6,40,0
1990,28,2,2,0,0,0,423,6,40,0
1990,37,1,0,0,0,1,693,0,40,0
1990,39,2,0,0,0,1,164,5,40,0
1990,31,1,2,0,0,1,485,0,65,0
1990,25,2,1,0,0,0,0,0,0,0
1990,51,1,0,0,0,0,505,6,40,0
1990,46,2,0,0,0,0,356,2,30,0
1990,20,1,1,0,0,1,796,1,40,0
1990,27,2,3,2,0,0,0,0,0,0
1990,64,1,0,0,0,0,0,0,0,0
1990,60,2,0,0,0,0,159,5,0,0
1990,66,1,0,0,0,1,0,0,0,1
1990,68,2,0,0,0,1,0,0,0,1
1990,66,1,3,0,0,0,0,0,0,0
1990,74,1,3,0,1,0,0,0,0,0
1990,60,1,0,0,0,1,843,0,0,0
1990,77,2,0,0,0,0,0,0,0,0
1990,33,1,0,1,4,1,163,6,40,0
1990,30,2,0,1,0,1,163,6,45,0
1990,54,2,2,0,0,1,316,6,7,0
1990,76,2,3,0,0,0,467,5,0,0
1990,42,1,0,0,0,1,418,6,44,0
1990,43,2,0,0,0,1,164,5,20,0
1990,64,1,0,0,0,1,157,5,40,0
1990,64,2,0,0,0,1,159,5,0,0
1990,65,2,0,2,0,0,0,0,0,0
1990,69,1,0,2,0,0,453,3,0,0
1990,42,1,1,2,0,0,877,3,15,0
1990,37,1,2,2,0,0,549,0,40,0
1990,37,1,1,0,0,0,507,0,45,0
1990,50,1,1,0,0,0,804,2,40,1
1990,64,1,3,0,0,0,694,2,0,0
1990,19,2,3,2,0,0,0,0,0,0
1990,35,1,0,3,0,0,567,0,32,0
1990,37,2,0,3,0,0,0,0,0,0
1990,46,1,0,0,1,1,424,6,40,0
1990,43,2,0,0,1,0,274,3,35,0
1990,18,1,0,0,1,0,804,3,32,0
1990,19,2,0,0,1,0,218,0,40,0
1990,54,2,3,0,1,0,453,4,0,0
1990,53,2,2,2,0,0,469,4,40,0
1990,23,2,2,2,0,0,383,4,23,0
1990,75,2,2,2,1,0,0,0,0,0
1990,66,2,3,0,1,0,274,3,0,0
1990,70,1,0,0,0,0,0,0,0,0
1990,61,2,0,0,1,0,0,0,0,0
1990,23,1,1,0,0,1,55,6,40,0
1990,24,2,1,0,0,1,904,6,45,0
1990,27,2,1,0,0,1,208,6,40,0
1990,22,1,0,1,0,1,503,6,40,0
1990,23,2,0,1,0,1,379,6,50,0
1990,56,1,0,3,0,1,278,1,42,0
1990,51,2,0,3,0,0,365,3,35,0
1990,27,1,1,3,3,1,59,6,40,0
1990,36,1,0,0,0,1,904,6,50,0
1990,31,2,0,0,3,1,164,5,18,0
1990,45,1,0,0,0,0,27,6,40,0
1990,49,2,0,0,2,1,313,6,40,0
1990,21,1,1,0,0,1,17,3,25,0
1990,18,2,1,0,0,1,17,3,20,0
1990,68,1,0,0,0,1,26,5,12,1
1990,66,2,0,0,0,1,0,0,0,0
1990,58,1,0,0,0,1,25,6,40,1
1990,57,2,0,0,0,1,7,4,60,1
1990,50,2,0,0,0,1,23,5,40,0
1990,53,1,0,0,0,1,579,0,35,0
1990,78,1,0,0,0,0,0,0,0,0
1990,67,2,0,0,0,1,313,6,0,0
1990,28,2,3,0,0,0,449,4,0,0
1990,58,1,0,0,0,1,254,4,60,0
1990,42,2,0,0,0,1,327,2,40,0
1990,29,1,0,0,0,0,516,0,40,0
1990,25,2,0,0,0,1,354,2,20,0
1990,71,1,0,0,0,0,0,0,0,0
1990,65,2,0,0,0,0,0,0,0,0
1990,41,1,3,0,0,0,486,5,40,0
1990,68,2,3,0,1,0,0,0,0,0
1990,30,2,1,0,0,0,174,5,40,0
1990,31,1,1,0,0,0,505,4,40,0
1990,51,2,3,2,1,0,888,4,20,0
1990,30,1,2,2,1,0,889,4,40,0
1990,19,1,1,2,1,0,479,0,25,0
1990,35,2,1,2,1,0,379,1,48,0
1990,24,2,1,2,4,0,319,4,30,0
1990,39,1,0,0,1,0,885,3,50,0
1990,36,2,0,0,0,0,796,1,40,0
1990,70,1,0,2,1,0,0,0,0,0
1990,62,2,0,2,1,0,0,0,0,0
1990,38,1,1,2,1,0,889,1,0,0
1990,32,1,1,2,0,0,0,0,0,0
1990,72,1,0,0,0,0,0,0,0,0
1990,69,2,0,0,0,0,0,0,0,0
1990,42,1,0,0,0,0,453,5,40,0
1990,42,2,0,0,1,0,449,5,40,0
1990,25,2,2,0,0,0,0,0,0,0
1990,54,1,3,0,0,1,0,0,0,0
1990,19,1,1,0,0,0,418,6,35,0
1990,22,1,1,0,0,1,228,6,50,0
1990,46,1,0,0,0,0,228,6,50,1
1990,45,2,0,0,0,0,376,1,40,0
1990,30,1,0,0,0,0,475,0,84,0
1990,33,2,0,0,0,0,0,0,0,0
1990,63,2,3,0,0,0,0,0,0,0
1990,47,2,1,0,0,0,0,0,0,0
1990,35,1,1,0,0,0,453,4,40,0
1990,42,1,0,0,0,1,447,5,55,1
1990,38,2,0,0,0,1,95,5,40,0
1990,19,2,3,0,0,1,447,5,0,0
1990,50,1,0,0,0,0,0,0,0,0
1990,48,2,0,0,0,0,0,0,0,0
1990,33,2,0,3,0,0,156,5,40,0
1990,32,1,0,0,0,0,544,1,40,0
1990,38,2,1,0,0,1,473,0,40,0
1990,74,2,2,0,0,0,0,0,0,0
1990,38,2,2,3,0,0,434,3,0,0
1990,72,2,3,0,0,0,0,0,0,0
1990,46,2,2,0,0,1,383,4,32,0
1990,43,1,2,0,0,1,379,3,40,0
1990,63,2,3,0,0,1,156,5,0,0
1990,55,2,2,0,1,0,0,0,0,0
1990,65,1,0,0,1,0,453,5,0,0
1990,63,2,0,0,0,0,338,5,10,0
1990,80,1,0,0,0,1,0,0,0,0
1990,73,2,0,0,0,1,0,0,0,0
1990,28,2,2,0,0,1,389,6,40,0
1990,34,1,2,0,0,0,479,0,40,0
1990,55,1,0,0,0,0,804,3,40,0
1990,54,2,0,0,0,0,0,0,0,0
1990,35,1,2,0,0,1,424,6,40,0
1990,65,2,2,0,0,1,313,2,0,0
1990,26,2,0,0,0,0,877,3,20,0
1990,32,1,0,0,0,1,243,3,55,0
1990,36,2,2,0,0,1,174,5,40,0
1990,72,1,3,0,0,0,0,0,0,0
1990,44,1,1,1,0,0,783,6,35,0
1990,48,1,0,0,0,1,417,0,40,0
1990,36,2,0,0,0,1,22,0,40,0
1990,33,2,3,0,0,0,389,6,40,0
1990,44,1,1,0,0,0,0,0,0,0
1990,39,1,0,0,0,1,243,3,70,0
1990,39,2,0,0,0,1,387,5,32,0
1990,66,1,0,0,0,1,254,4,40,0
1990,60,2,0,0,0,1,0,0,0,0
1990,25,1,1,0,0,0,804,2,60,0
1990,28,2,3,0,0,1,313,5,0,0
1990,34,1,0,0,0,0,243,3,50,1
1990,31,2,0,0,0,1,447,5,15,0
1990,58,1,0,0,0,0,423,6,40,0
1990,73,2,0,0,0,0,0,0,0,0
1990,65,1,0,0,0,0,477,0,54,0
1990,59,2,0,0,0,0,0,0,0,0
1990,30,1,1,1,0,0,486,0,0,0
1990,35,1,0,0,0,1,534,4,60,1
1990,39,2,0,0,0,1,254,4,40,0
1990,74,1,0,0,0,0,498,0,4,0
1990,64,2,0,0,0,0,0,0,0,0
1990,38,2,3,0,0,1,383,4,40,0
1990,73,2,2,0,0,0,0,0,0,0
1990,48,1,0,0,0,0,218,4,30,0
1990,41,2,0,0,0,0,467,5,5,0
1990,18,2,1,0,0,0,467,5,10,0
1990,41,1,0,0,0,0,0,0,0,0
1990,39,2,0,0,0,0,785,1,0,0
1990,69,1,0,0,0,0,727,1,60,0
1990,63,2,0,0,0,0,0,0,0,0
1990,28,1,1,0,0,0,243,3,80,0
1990,57,2,2,0,0,0,225,0,0,0
1990,67,2,3,0,0,1,17,4,40,0
1990,29,2,1,0,0,0,274,3,40,0
1990,44,2,0,0,0,0,389,5,35,0
1990,47,1,0,0,0,1,79,0,70,1
1990,60,1,0,0,0,1,479,0,25,1
1990,55,2,0,0,0,0,389,6,0,0
1990,66,2,3,0,0,0,488,0,0,0
1990,26,2,3,0,0,0,435,3,37,0
1990,61,2,3,0,0,0,809,6,0,0
1990,41,1,0,0,0,1,585,0,45,0
1990,42,2,0,0,0,1,275,5,35,0
1990,21,2,1,0,0,1,275,5,12,0
1990,34,2,2,0,0,0,407,4,0,0
1990,34,1,2,0,0,0,0,0,0,0
1990,72,1,0,0,0,1,0,0,0,0
1990,59,2,0,0,0,0,0,0,0,0
1990,65,1,0,0,0,0,853,0,24,0
1990,60,2,0,0,0,0,0,0,0,0
1990,58,2,3,0,0,0,0,0,0,0
1990,35,1,3,2,0,0,486,0,40,0
1990,42,1,0,0,0,0,804,1,75,1
1990,40,2,0,0,0,0,25,4,15,0
1990,49,1,3,0,0,0,759,4,40,0
1990,40,1,0,0,0,1,5,6,40,0
1990,44,2,0,0,0,0,313,4,0,0
1990,40,1,0,0,0,0,567,0,40,0
1990,32,2,0,2,0,0,274,3,9,0
1990,46,1,0,2,1,0,599,2,40,0
1990,42,2,0,2,1,1,0,0,0,0
1990,20,1,1,2,1,0,486,5,40,0
1990,71,2,3,2,1,0,0,0,0,0
1990,18,2,1,2,1,1,436,3,25,0
1990,38,1,0,0,0,0,354,2,25,0
1990,36,2,0,0,0,1,0,0,0,0
1990,32,1,0,0,0,0,188,5,20,0
1990,38,2,0,0,0,1,159,5,20,0
1990,26,2,1,0,0,0,339,3,40,0
1990,26,2,2,0,0,0,337,5,50,0
1990,70,2,2,0,0,1,313,5,35,0
1990,39,1,0,0,0,1,883,2,40,0
1990,36,2,0,0,0,1,315,6,19,0
1990,39,2,2,0,0,0,468,5,20,0
1990,25,1,0,0,0,1,567,0,40,0
1990,23,2,0,0,0,0,335,4,40,0
1990,72,2,3,0,0,0,0,0,0,0
1990,41,1,1,0,0,1,276,6,42,0
1990,32,1,1,0,0,0,486,0,0,0
1990,52,1,0,0,0,0,278,1,17,0
1990,61,2,0,0,0,0,0,0,0,0
1990,65,1,0,0,0,0,0,0,0,0
1990,77,2,0,0,0,0,0,0,0,0
1990,78,2,3,0,0,1,0,0,0,0
1990,29,1,0,0,0,0,575,6,40,0
1990,25,2,0,0,0,0,447,5,32,0
1990,74,1,3,0,0,0,0,0,0,0
1990,24,1,1,0,0,1,23,5,35,0
1990,19,2,1,3,0,0,459,4,99,0
1990,24,2,1,3,0,1,195,2,40,0
1990,19,2,1,0,0,0,376,3,40,0
1990,67,2,2,0,0,1,0,0,0,0
1990,19,1,1,0,0,0,364,1,40,0
1990,57,1,0,0,0,1,189,4,0,0
1990,57,2,0,0,0,1,156,5,0,0
1990,32,1,0,0,0,1,316,6,30,0
1990,30,2,0,0,0,1,339,1,40,0
1990,34,1,0,0,0,0,727,1,45,0
1990,28,2,0,0,0,1,337,3,0,0
1990,77,2,0,3,0,0,0,0,0,0
1990,30,2,3,0,0,0,453,5,15,0
1990,27,1,2,3,0,1,799,1,40,0
1990,40,2,2,0,0,1,726,1,40,0
1990,66,2,2,3,0,0,0,0,0,0
1990,26,2,2,3,0,1,156,5,32,0
1990,41,2,2,0,0,1,235,5,40,0
1990,65,1,0,0,0,0,254,4,0,0
1990,68,2,0,0,0,1,0,0,0,0
1990,32,2,1,0,0,1,486,5,15,0
1990,42,2,1,0,0,1,157,5,40,0
1990,53,1,0,0,0,1,547,4,60,0
1990,49,2,0,0,0,1,243,3,40,0
1990,78,2,3,0,0,0,0,0,0,0
1990,20,2,1,0,0,0,877,3,32,0
1990,28,2,2,0,0,0,0,0,0,0
1990,74,2,3,0,0,0,0,0,0,0
1990,38,1,0,0,0,1,79,0,40,1
1990,38,2,0,0,0,1,22,5,20,0
1990,18,2,1,0,0,0,274,3,0,0
1990,59,1,0,0,0,0,849,1,40,0
1990,55,2,0,0,0,0,468,5,40,0
1990,41,1,3,0,0,1,0,0,0,0
1990,28,1,1,0,0,0,804,0,40,0
1990,25,2,0,0,0,0,0,0,0,0
1990,27,1,0,0,0,0,869,1,0,0
1990,37,2,2,3,0,0,276,3,40,0
1990,50,1,0,0,0,1,156,5,40,0
1990,49,2,0,0,0,0,156,5,7,0
1990,39,1,0,0,0,1,684,1,40,0
1990,38,2,0,0,0,0,97,5,40,0
1990,22,2,2,0,0,0,406,4,40,0
1990,18,2,1,0,0,1,436,3,40,0
1990,78,1,3,0,0,0,479,0,98,0
1990,41,1,2,0,0,1,184,1,40,0
1990,30,2,2,0,0,1,276,3,32,0
1990,39,1,3,0,0,0,496,1,0,0
1990,72,1,0,0,0,0,0,0,0,0
1990,72,2,0,0,0,0,0,0,0,0
1990,30,1,0,0,0,0,505,4,40,0
1990,28,2,0,0,0,0,243,3,25,0
1990,47,1,0,0,0,1,269,3,40,0
1990,45,2,0,0,0,1,357,1,15,0
1990,27,1,1,0,0,0,274,3,20,0
1990,37,2,2,0,0,0,0,0,0,0
1990,31,1,2,0,0,0,808,5,40,0
1990,37,2,2,0,0,0,0,0,0,0
1990,18,2,1,0,0,0,0,0,0,0
1990,42,2,2,0,0,0,313,3,12,0
1990,32,1,0,0,0,1,243,3,40,0
1990,29,2,0,3,0,0,466,5,48,0
1990,40,1,0,0,0,1,779,1,40,0
1990,31,2,0,0,0,0,435,3,0,0
1990,52,1,0,3,3,1,479,0,0,0
1990,32,2,0,3,3,0,473,0,0,0
1990,25,1,0,0,0,1,229,4,40,0
1990,26,2,0,0,0,1,438,3,40,0
1990,26,2,3,0,0,1,445,5,35,0
1990,26,2,3,0,0,1,383,4,25,0
1990,65,1,0,0,0,1,18,6,0,0
1990,64,2,0,0,0,0,389,4,40,0
1990,60,1,2,3,0,0,547,2,0,0
1990,32,1,0,0,0,0,779,1,0,0
1990,34,2,0,0,0,0,276,3,30,0
1990,67,2,2,0,0,1,157,5,40,0
1990,20,2,1,0,0,1,406,4,40,0
1990,22,1,1,0,0,0,276,3,40,0
1990,26,1,1,0,0,1,55,2,45,0
1990,33,2,0,0,0,1,416,4,0,0
1990,42,1,0,0,0,1,644,1,40,0
1990,49,1,0,0,0,1,453,5,60,0
1990,48,2,0,0,0,1,387,5,40,0
1990,20,1,1,0,0,1,453,1,20,0
1990,60,1,0,0,0,0,0,0,0,0
1990,57,2,0,0,0,0,0,0,0,0
1990,56,2,2,0,0,0,433,3,10,0
1990,75,1,0,0,0,0,0,0,0,0
1990,72,2,0,0,0,0,0,0,0,0
1990,69,1,0,0,0,0,0,0,0,0
1990,66,2,0,0,0,0,0,0,0,0
1990,19,2,0,0,0,0,433,1,15,0
1990,21,1,0,0,0,0,363,3,50,0
1990,36,2,2,0,0,1,316,5,40,0
1990,26,1,0,0,0,1,259,3,40,0
1990,34,2,0,0,0,1,18,4,40,0
1990,50,1,0,0,0,1,554,0,45,0
1990,50,2,0,0,0,0,0,0,0,0
1990,23,1,1,0,0,1,505,5,30,0
1990,53,1,0,0,0,1,254,4,48,0
1990,46,2,0,0,0,0,0,0,0,0
1990,67,1,0,0,0,1,0,0,0,0
1990,62,2,0,0,0,1,313,5,40,0
1990,30,1,0,0,0,1,274,3,37,0
1990,29,2,0,0,0,1,469,5,15,0
1990,42,1,0,0,0,1,259,3,55,0
1990,42,2,0,0,0,0,0,0,0,0
1990,54,2,3,0,0,1,503,2,40,0
1990,34,1,0,0,0,0,844,0,40,0
1990,33,2,0,0,0,1,234,4,40,0
1990,43,1,0,2,0,1,156,5,40,0
1990,40,2,0,0,0,1,387,5,30,0
1990,41,1,0,0,0,0,259,1,40,1
1990,40,2,0,0,0,1,463,2,17,0
1990,75,1,1,0,0,0,0,0,0,0
1990,67,1,0,0,0,0,0,0,0,0
1990,53,2,0,0,0,1,53,6,40,0
1990,23,2,1,0,0,1,156,5,30,0
1990,48,1,0,0,0,1,276,3,50,0
1990,47,2,0,0,0,1,206,5,23,0
1990,50,1,0,0,0,1,36,6,40,0
1990,43,2,0,0,0,1,156,5,40,0
1990,19,1,1,0,0,1,0,0,0,0
1990,33,1,0,0,0,0,558,0,50,0
1990,35,2,0,3,0,1,95,5,40,0
1990,48,1,2,0,0,0,0,0,0,0
1990,32,1,2,0,0,1,453,2,40,0
1990,50,2,0,0,0,0,435,3,0,0
1990,60,1,0,0,0,0,22,0,40,0
1990,39,1,0,0,0,1,157,5,40,0
1990,39,2,0,0,0,1,156,5,40,0
1990,39,1,0,0,0,1,496,1,45,0
1990,42,2,0,0,0,1,276,3,15,0
1990,28,2,3,0,0,0,29,3,40,0
1990,72,1,1,0,0,0,479,0,40,0
1990,64,1,1,0,0,1,186,5,50,0
1990,70,1,0,0,0,1,443,3,0,0
1990,54,2,0,0,0,1,313,6,30,0
1990,76,1,0,0,0,0,0,0,0,0
1990,63,2,0,0,0,1,84,5,40,0
1990,30,2,1,0,0,0,0,0,0,0
1990,68,1,0,0,0,0,599,0,0,0
1990,50,2,0,0,0,1,354,2,40,0
1990,51,1,0,0,0,1,889,3,30,0
1990,41,2,0,0,0,0,276,3,40,0
1990,21,1,1,0,0,0,749,1,50,0
1990,77,1,0,0,0,0,0,0,0,0
1990,74,2,0,0,0,0,0,0,0,0
1990,33,1,2,0,0,1,453,5,40,0
1990,39,2,2,0,0,1,23,6,40,0
1990,65,1,0,0,0,0,0,0,0,0
1990,56,2,0,0,0,0,0,0,0,0
1990,73,2,0,0,0,0,0,0,0,0
1990,76,2,0,3,3,0,0,0,0,0
1990,67,1,0,0,0,0,889,2,40,0
1990,59,2,0,0,0,0,23,3,0,0
1990,39,1,0,0,0,1,527,2,40,0
1990,37,2,0,0,0,0,0,0,0,0
1990,66,1,0,0,0,0,0,0,0,0
1990,62,2,0,0,0,0,0,0,0,0
1990,78,2,3,0,0,0,0,0,0,0
1990,59,1,0,0,0,1,263,3,0,0
1990,55,2,0,0,0,1,156,5,0,0
1990,76,2,3,0,0,0,0,0,0,0
1990,72,2,3,0,0,1,0,0,0,0
1990,29,1,1,0,0,0,243,3,40,0
1990,23,1,1,2,1,0,479,0,40,0
1990,57,2,2,0,0,0,0,0,0,0
1990,21,1,0,0,0,1,759,4,40,0
1990,20,2,0,0,0,0,877,3,35,0
1990,78,2,3,0,0,0,0,0,0,0
1990,33,1,1,3,0,0,0,0,0,0
1990,51,1,0,0,0,1,159,2,40,1
1990,49,2,0,0,0,1,243,3,20,0
1990,76,1,0,0,0,0,0,0,0,0
1990,77,2,0,3,0,0,796,1,0,0
1990,41,1,0,1,0,0,889,3,48,0
1990,40,2,0,0,0,1,14,5,15,0
1990,62,2,0,0,0,1,319,5,0,0
1990,68,1,0,0,0,1,84,5,20,1
1990,48,1,0,3,0,0,875,2,40,0
1990,47,2,0,0,0,1,337,3,40,0
1990,37,1,0,0,0,1,418,6,45,0
1990,32,2,0,0,0,1,313,5,40,0
1990,39,1,0,0,0,0,177,5,48,0
1990,21,2,0,0,0,0,21,5,40,0
1990,66,1,0,0,0,0,276,3,18,0
1990,64,2,0,0,0,0,0,0,0,0
1990,57,1,1,0,0,1,516,2,60,0
1990,42,1,0,0,0,0,575,1,40,0
1990,42,2,0,0,0,0,179,6,55,0
1990,62,1,0,0,0,0,529,2,40,0
1990,66,2,0,0,0,1,0,0,0,0
1990,46,1,0,0,0,1,59,1,40,0
1990,56,2,0,0,0,1,434,3,40,0
1990,27,2,1,0,0,1,315,5,70,0
1990,33,1,1,0,0,0,434,3,30,0
1990,30,2,2,0,0,0,447,5,0,0
1990,75,2,3,0,0,0,0,0,0,0
1990,44,1,2,0,0,1,216,5,50,0
1990,38,2,0,0,0,1,195,5,25,0
1990,20,1,0,0,0,0,183,5,40,1
1990,55,2,2,0,0,0,16,2,40,0
1990,41,2,2,0,0,1,373,3,42,0
1990,21,2,1,0,0,0,449,4,0,0
1990,18,1,1,0,0,0,567,0,50,0
1990,73,1,0,0,0,0,0,0,0,0
1990,69,2,0,0,0,0,0,0,0,0
1990,68,2,3,0,0,0,156,5,10,0
1990,30,1,0,0,0,1,243,3,55,0
1990,29,2,0,0,0,0,337,4,40,0
1990,78,2,3,3,0,0,0,0,0,0
1990,27,2,2,2,0,0,804,3,50,0
1990,60,1,0,3,3,0,436,3,48,0
1990,54,2,0,3,3,1,447,5,30,0
1990,26,2,1,3,3,0,0,0,0,0
1990,20,1,1,3,3,0,0,0,0,0
1990,49,1,2,0,0,0,434,3,28,0
1990,38,2,2,0,0,0,449,4,30,0
1990,20,2,1,0,0,0,435,3,40,0
1990,25,1,1,0,0,0,268,3,40,0
1990,25,2,1,0,0,0,15,5,40,0
1990,69,1,0,0,0,1,789,4,30,0
1990,64,2,0,0,0,1,23,5,20,0
1990,58,1,0,0,0,1,22,3,40,0
1990,58,2,0,0,0,0,337,1,30,0
1990,69,2,2,0,0,1,0,0,0,0
1990,51,2,1,3,0,0,744,1,25,0
1990,20,2,1,3,0,0,0,0,0,0
1990,20,1,1,3,0,0,488,3,40,0
1990,74,1,0,0,0,0,0,0,0,0
1990,62,2,0,0,0,0,234,4,0,0
1990,28,1,0,0,0,0,804,2,85,0
1990,31,2,0,0,0,1,383,4,27,0
1990,40,1,0,0,2,0,549,1,0,0
1990,37,2,0,0,0,1,808,2,40,0
1990,19,1,1,0,0,1,804,3,20,0
1990,18,1,1,0,0,0,0,0,0,0
1990,20,2,1,0,0,0,406,4,10,0
1990,54,1,0,0,3,1,699,2,40,0
1990,53,2,0,0,0,0,0,0,0,0
1990,70,2,3,0,0,1,0,0,0,0
1990,58,1,0,0,0,0,804,2,60,0
1990,45,2,0,0,0,1,804,2,0,0
1990,51,1,1,0,0,0,883,1,40,0
1990,50,1,0,0,0,0,475,0,40,0
1990,37,2,0,0,0,1,355,2,35,0
1990,45,1,0,3,0,0,558,0,40,1
1990,52,2,0,0,0,0,0,0,0,0
1990,44,1,3,2,1,0,496,1,60,0
1990,55,2,3,0,0,1,0,0,0,0
1990,26,1,0,0,0,0,885,3,0,0
1990,26,2,0,0,0,0,0,0,0,0
1990,65,2,3,0,0,0,0,0,0,0
1990,64,1,2,0,0,1,0,0,0,0
1990,72,2,3,0,0,0,0,0,0,0
1990,42,1,0,0,2,0,595,0,40,0
1990,39,2,0,0,0,0,368,4,12,0
1990,79,2,3,0,0,0,0,0,0,0
1990,32,1,0,0,0,0,628,1,45,0
1990,31,2,0,0,0,1,439,3,25,0
1990,54,1,3,0,0,1,243,3,55,1
1990,25,1,1,0,0,1,276,3,45,0
1990,52,1,0,0,1,0,479,0,54,0
1990,51,2,0,0,1,0,0,0,0,0
1990,25,1,1,0,1,0,479,0,60,0
1990,24,1,1,0,1,0,475,0,60,0
1990,68,2,2,0,4,1,5,6,0,0
1990,22,2,1,1,0,1,447,5,32,0
1990,65,1,0,0,0,1,475,0,50,1
1990,67,2,0,0,0,1,479,0,9,0
1990,42,2,2,0,0,1,303,6,40,0
1990,73,1,0,0,0,0,877,3,24,0
1990,60,2,0,0,0,0,315,4,16,0
1990,37,1,0,0,0,1,176,1,20,0
1990,36,2,0,0,0,1,313,5,11,0
1990,19,1,1,0,0,1,103,5,50,0
1990,55,1,0,0,0,1,426,6,40,0
1990,57,2,0,0,0,0,33,0,40,0
1990,36,1,2,0,0,1,303,6,40,0
1990,61,1,0,0,0,0,486,3,0,0
1990,63,2,0,0,0,0,774,1,0,0
1990,26,1,0,0,0,1,106,5,40,0
1990,26,2,0,0,0,1,98,5,24,0
1990,44,2,2,0,0,1,313,5,0,0
1990,22,1,0,0,0,1,267,3,20,0
1990,22,2,0,0,0,1,9,3,40,0
1990,18,1,0,0,0,1,486,0,20,0
1990,19,2,0,0,2,1,319,2,20,0
1990,40,1,0,2,1,0,479,0,50,0
1990,32,2,0,2,1,0,479,0,0,0
1990,20,1,1,2,1,0,479,0,40,0
1990,24,2,2,0,0,1,0,0,0,0
1990,47,1,0,0,3,1,9,1,70,1
1990,46,2,0,0,0,1,0,0,0,0
1990,27,1,0,0,0,1,575,0,40,0
1990,30,2,0,0,0,1,316,5,40,0
1990,76,2,0,0,0,1,0,0,0,0
1990,65,1,0,0,0,0,0,0,0,0
1990,62,2,0,0,0,0,0,0,0,0
1990,72,2,2,0,0,1,0,0,0,0
1990,77,2,0,0,0,0,0,0,0,0
1990,47,1,1,0,0,0,889,3,40,0
1990,43,2,0,0,0,1,0,0,0,0
1990,49,1,2,0,0,1,255,4,60,1
1990,19,1,1,0,0,0,365,3,99,0
1990,77,2,3,0,0,0,0,0,0,0
1990,79,2,0,0,0,0,0,0,0,0
1990,42,1,0,0,0,0,547,4,40,0
1990,42,2,0,0,0,0,0,0,0,0
1990,45,1,0,0,0,0,266,3,40,0
1990,39,2,0,0,0,1,243,1,40,0
1990,67,1,0,0,0,1,0,0,0,0
1990,64,2,0,0,0,1,15,5,50,0
1990,62,2,2,0,0,1,444,6,30,0
1990,29,1,1,0,0,1,426,4,40,0
1990,27,1,1,0,0,1,567,0,40,0
1990,52,1,0,0,0,1,217,6,40,0
1990,50,2,0,0,0,0,456,4,0,0
1990,76,2,3,0,0,0,0,0,0,0
1990,48,1,0,0,0,1,455,6,40,0
1990,38,2,0,0,0,0,337,3,15,0
1990,38,1,0,0,0,0,869,0,40,0
1990,35,2,0,0,0,0,754,1,40,0
1990,34,2,2,0,0,1,313,3,55,0
1990,21,2,1,0,0,1,0,0,0,0
1990,65,1,0,0,0,0,355,2,40,0
1990,64,2,0,0,0,0,0,0,0,0
1990,27,1,2,0,0,0,0,0,0,0
1990,73,2,3,0,0,0,379,3,0,0
1990,70,2,2,0,0,0,0,0,0,0
1990,41,1,0,0,0,1,554,0,60,0
1990,42,2,0,0,0,1,97,5,40,0
1990,20,2,1,0,0,0,276,3,0,0
1990,75,1,0,0,0,0,0,0,0,0
1990,65,2,0,0,0,0,799,1,48,0
1990,24,1,1,3,3,1,779,1,16,0
1990,26,2,1,0,0,0,488,0,0,0
1990,27,1,1,0,0,0,479,0,60,0
1990,48,2,3,0,0,0,276,3,32,0
1990,55,2,2,0,0,0,447,6,40,0
1990,19,1,3,0,0,0,444,3,84,0
1990,21,2,3,0,0,1,189,4,40,0
1990,37,1,1,3,0,0,0,0,0,0
1990,30,1,1,0,0,0,486,5,0,0
1990,62,1,0,0,0,1,375,4,40,0
1990,59,2,0,0,0,0,0,0,0,0
1990,77,2,3,0,0,0,0,0,0,0
1990,33,1,0,0,0,1,17,3,50,0
1990,33,2,0,0,0,0,229,4,30,0
1990,45,2,0,0,0,0,447,5,40,0
1990,47,1,0,0,0,0,869,0,40,0
1990,25,2,1,0,0,0,319,5,40,0
1990,21,1,1,0,0,1,199,5,40,0
1990,21,1,1,0,0,1,385,4,40,0
1990,24,1,1,0,0,1,387,5,4,0
1990,19,1,1,0,2,1,274,3,0,0
1990,30,1,0,0,0,1,566,3,40,0
1990,26,2,0,0,0,1,95,5,32,0
1990,30,2,3,0,0,1,243,3,40,0
1990,34,1,0,2,1,0,579,0,60,0
1990,41,2,0,0,0,0,447,5,90,0
1990,20,1,1,0,0,0,575,0,40,0
1990,18,2,1,0,0,0,449,4,40,0
1990,32,2,0,0,2,1,256,2,40,0
1990,33,1,0,0,0,1,157,5,40,0
1990,18,1,1,0,0,1,567,0,40,0
1990,37,2,2,0,0,1,154,5,7,0
1990,30,2,2,0,0,1,95,5,30,0
1990,78,1,0,0,0,0,479,0,0,0
1990,74,2,0,0,0,0,0,0,0,0
1990,80,1,0,0,0,0,0,0,0,0
1990,72,2,0,0,0,0,0,0,0,0
1990,41,2,0,0,0,1,313,4,40,0
1990,49,1,0,0,0,0,567,0,40,0
1990,33,1,0,0,0,0,575,0,40,0
1990,29,2,0,0,0,1,208,5,36,0
1990,44,1,0,0,0,0,549,1,40,0
1990,42,2,0,0,0,1,0,0,0,1
1990,34,1,0,0,0,1,21,5,50,0
1990,38,2,0,0,0,1,435,3,16,0
1990,43,2,2,0,0,0,379,4,11,0
1990,21,1,1,0,0,0,479,0,40,0
1990,48,1,0,0,0,1,869,0,40,0
1990,46,2,0,0,0,1,0,0,0,0
1990,68,2,0,0,0,1,0,0,0,0
1990,71,1,0,0,0,1,0,0,0,0
1990,65,2,0,0,0,0,785,1,0,0
1990,76,1,0,0,0,0,0,0,0,0
1990,70,2,0,0,0,0,0,0,0,0
1990,36,1,2,0,0,0,579,0,38,0
1990,26,1,1,0,0,1,444,3,40,0
1990,49,2,2,0,0,0,33,1,40,0
1990,34,2,1,0,0,1,22,1,40,0
1990,41,1,0,0,0,1,19,4,40,0
1990,41,2,0,0,0,1,466,5,50,0
1990,42,2,2,0,0,1,439,3,0,0
1990,58,1,0,0,0,1,22,1,0,0
1990,57,2,0,0,0,1,313,5,0,0
1990,36,1,1,0,0,0,453,5,40,0
1990,32,1,1,0,0,0,565,0,30,0
1990,66,2,2,0,0,0,0,0,0,0
1990,26,2,1,0,0,0,683,1,40,0
1990,29,1,1,0,0,0,869,0,40,0
1990,47,1,0,0,0,0,575,0,40,0
1990,39,2,0,0,0,0,95,5,40,0
1990,37,1,0,0,0,1,365,2,40,0
1990,43,2,0,0,0,0,363,1,40,0
1990,41,1,2,0,0,0,567,0,36,0
1990,35,1,0,0,0,1,235,2,40,0
1990,30,2,0,0,0,1,23,1,40,0
1990,31,2,2,0,0,0,0,0,0,0
1990,47,1,0,0,0,1,637,2,50,1
1990,45,2,0,0,0,0,337,4,14,0
1990,20,1,1,0,0,0,696,1,40,0
1990,45,2,2,0,0,0,0,0,0,0
1990,65,2,2,0,0,0,683,1,40,0
1990,49,1,0,0,0,0,0,0,0,0
1990,47,2,0,3,0,1,174,6,40,0
1990,27,2,1,3,0,1,0,0,0,0
1990,19,1,1,3,0,0,0,0,0,0
1990,67,1,0,2,0,0,0,0,0,0
1990,64,2,0,0,0,0,0,0,0,0
1990,63,2,1,0,0,0,0,0,0,0
1990,45,1,0,0,0,1,869,0,40,0
1990,41,2,0,0,0,1,243,3,40,0
1990,72,1,0,0,0,0,0,0,0,0
1990,66,2,0,0,0,0,0,0,0,0
1990,47,1,0,2,1,0,878,1,55,0
1990,43,2,0,2,1,0,0,0,0,0
1990,77,1,2,0,3,1,0,0,0,0
1990,65,2,2,0,0,1,0,0,0,0
1990,51,1,1,0,0,0,235,1,0,0
1990,61,1,0,0,0,0,804,1,40,0
1990,62,2,0,0,0,0,379,0,32,0
1990,78,1,3,0,0,0,0,0,0,0
1990,34,1,0,0,0,1,877,3,30,0
1990,38,2,0,1,1,1,315,6,40,0
1990,43,1,0,0,0,1,243,3,40,0
1990,42,2,0,0,0,0,29,3,35,0
1990,47,2,2,0,0,0,0,0,0,0
1990,49,1,1,0,0,0,453,6,0,0
1990,36,1,0,3,3,1,0,0,0,0
1990,30,2,0,3,3,0,0,0,0,0
1990,32,2,0,0,0,1,0,0,0,0
1990,41,1,0,3,0,0,486,4,0,0
1990,34,1,1,0,0,1,25,6,65,0
1990,76,1,0,0,0,0,0,0,0,0
1990,75,2,0,0,0,0,0,0,0,0
1990,37,1,0,0,0,1,505,4,40,0
1990,41,2,0,0,0,1,23,4,45,0
1990,73,2,3,0,3,1,0,0,0,0
1990,28,1,0,3,0,1,804,6,40,0
1990,33,2,0,0,0,1,379,5,40,0
1990,38,1,0,3,3,1,84,5,70,1
1990,30,2,0,3,3,1,85,5,32,1
1990,34,1,0,0,0,1,304,6,45,0
1990,32,2,0,0,0,0,17,4,40,0
1990,72,1,0,0,0,0,853,2,0,0
1990,71,2,0,0,0,0,0,0,0,0
1990,79,1,0,0,3,0,0,0,0,0
1990,74,2,0,0,0,0,0,0,0,0
1990,65,1,0,0,0,0,0,0,0,0
1990,78,2,0,0,0,0,0,0,0,0
1990,28,1,0,0,0,0,243,3,45,0
1990,27,2,0,0,0,1,313,1,40,0
1990,67,1,2,0,0,0,0,0,0,0
1990,66,1,0,0,0,0,869,0,50,0
1990,67,2,0,0,0,0,0,0,0,0
1990,56,1,0,0,0,0,453,1,40,0
1990,52,2,0,0,0,0,0,0,0,0
1990,19,2,1,0,0,0,467,5,0,0
1990,71,2,3,0,0,1,0,0,0,0
1990,48,1,0,0,0,0,804,2,40,0
1990,46,2,0,0,0,0,796,1,40,0
1990,22,1,0,0,3,0,887,4,40,0
1990,20,2,0,3,0,0,467,5,14,0
1990,75,1,0,0,0,1,243,3,65,0
1990,69,2,0,0,0,1,447,5,60,0
1990,69,1,0,0,0,1,0,0,0,0
1990,66,2,0,0,0,0,0,0,0,0
1990,76,2,3,0,0,0,0,0,0,0
1990,43,1,0,0,1,0,479,0,48,0
1990,42,2,0,0,1,0,0,0,0,0
1990,23,1,1,0,1,1,783,0,40,0
1990,21,1,1,0,1,1,479,0,40,0
1990,19,1,1,0,1,0,479,0,40,0
1990,28,1,1,0,0,0,444,3,84,0
1990,52,2,3,0,0,0,439,3,20,0
1990,30,1,1,0,0,0,883,2,60,0
1990,54,2,2,0,0,0,0,0,0,0
1990,25,2,1,0,0,1,156,5,40,0
1990,41,1,0,2,0,0,486,0,40,0
1990,30,2,0,2,0,0,799,1,40,0
1990,52,1,2,3,0,1,458,4,40,0
1990,71,1,1,0,0,0,0,0,0,0
1990,51,1,2,0,0,0,453,1,40,0
1990,58,2,2,0,0,1,254,4,50,0
1990,40,1,0,1,0,1,754,6,40,0
1990,42,2,0,3,3,0,449,6,38,0
1990,70,1,0,0,0,0,22,2,40,1
1990,62,2,0,0,0,1,0,0,0,0
1990,65,1,0,0,0,0,156,5,25,0
1990,70,2,0,0,0,1,156,5,40,0
1990,39,1,0,0,0,1,7,4,55,1
1990,48,2,0,0,0,1,154,5,30,0
1990,59,1,0,0,0,0,553,0,40,0
1990,55,2,0,0,0,0,379,0,40,0
1990,58,2,0,0,0,1,379,2,0,0
1990,69,1,0,0,0,1,0,0,0,0
1990,79,1,3,0,0,0,0,0,0,0
1990,62,1,0,0,2,1,628,1,0,1
1990,60,2,0,0,2,1,0,0,0,0
1990,75,2,3,0,0,0,0,0,0,1
1990,78,1,0,0,0,0,22,4,40,1
1990,73,2,0,0,0,0,0,0,0,0
1990,20,2,1,3,3,0,313,5,14,0
1990,40,1,0,0,0,1,869,0,40,0
1990,32,2,0,3,3,0,436,4,40,0
1990,71,2,0,0,0,1,0,0,0,1
1990,71,1,0,0,0,1,0,0,0,0
1990,77,2,2,0,0,0,0,0,0,0
1990,76,2,3,0,0,0,0,0,0,0
1990,60,1,0,0,2,0,804,2,40,0
1990,62,2,0,0,2,0,744,1,0,0
1990,33,1,0,0,0,1,856,2,40,0
1990,33,2,0,0,2,0,17,3,40,0
1990,32,2,2,0,0,1,725,1,40,0
1990,46,1,0,0,0,1,96,3,40,1
1990,32,2,0,0,0,1,95,5,40,0
1990,52,1,0,0,0,0,355,2,31,0
1990,49,2,0,0,0,1,156,5,20,0
1990,78,1,3,0,0,0,0,0,0,0
1990,76,1,0,0,0,0,0,0,0,0
1990,74,2,0,0,0,0,0,0,0,0
1990,36,1,0,0,0,1,243,3,40,0
1990,29,2,0,2,0,1,337,0,24,0
1990,69,1,0,0,0,0,637,1,40,0
1990,70,2,0,0,0,1,0,0,0,0
1990,57,1,0,0,0,0,599,0,40,0
1990,56,2,0,0,0,0,313,1,0,0
1990,18,1,1,0,0,0,599,0,30,0
1990,71,2,3,0,0,0,0,0,0,0
1990,36,1,0,0,0,1,628,1,40,0
1990,30,2,0,0,0,1,197,1,40,0
1990,56,1,3,3,0,0,0,0,0,0
1990,32,1,0,0,0,1,217,6,40,0
1990,31,2,0,0,1,1,264,3,30,0
1990,25,2,1,0,1,0,0,0,0,0
1990,28,1,1,0,0,1,274,3,32,0
1990,46,1,0,0,0,1,215,1,40,0
1990,42,2,0,0,0,0,274,3,25,0
1990,57,1,0,0,3,1,84,5,60,1
1990,47,2,0,0,0,1,73,1,40,0
1990,42,2,2,0,0,1,22,5,40,0
1990,19,1,1,0,0,1,274,3,25,0
1990,19,2,1,3,0,1,887,5,40,0
1990,20,2,1,0,0,1,225,5,40,0
1990,20,1,1,0,0,1,547,4,22,0
1990,20,1,1,0,0,1,856,3,90,0
1990,32,1,1,0,0,1,86,0,45,0
1990,20,1,1,0,0,1,686,1,22,0
1990,20,1,1,0,0,1,276,3,15,0
1990,19,1,1,0,0,1,443,3,40,0
1990,20,1,1,0,0,1,22,0,8,0
1990,20,1,1,0,0,1,185,1,19,0
1990,41,2,1,0,0,1,169,5,50,0
1990,31,1,0,0,0,1,23,5,60,1
1990,31,2,0,0,0,0,37,4,40,0
1990,40,1,0,0,0,1,268,3,50,0
1990,40,2,0,0,0,1,268,3,38,0
1990,45,2,2,0,0,1,18,5,40,0
1990,19,1,1,0,0,1,804,3,40,0
1990,79,1,3,2,1,0,0,0,0,0
1990,32,1,0,3,0,1,22,1,30,0
1990,31,2,0,2,0,0,317,4,25,0
1990,27,1,1,2,1,0,584,0,40,0
1990,21,1,0,2,1,0,584,0,40,0
1990,18,2,0,2,1,0,0,0,0,0
1990,43,1,0,2,1,0,628,1,40,1
1990,39,2,0,2,1,0,859,1,40,1
1990,38,1,0,0,0,1,779,2,40,0
1990,37,2,0,0,0,1,0,0,0,0
1990,68,1,2,0,0,0,0,0,0,0
1990,76,1,3,0,0,0,475,0,40,0
1990,41,2,1,0,0,0,0,0,0,0
1990,38,1,1,0,0,1,226,2,45,0
1990,33,1,0,0,0,0,567,0,40,0
1990,32,2,0,0,0,0,25,4,20,0
1990,34,1,0,0,0,1,365,6,40,0
1990,31,2,0,0,0,1,467,5,37,0
1990,52,1,0,3,4,0,505,3,40,0
1990,49,2,0,3,4,0,449,4,40,0
1990,59,2,0,0,0,1,337,0,40,0
1990,66,1,0,0,0,0,804,2,40,0
1990,73,2,3,0,0,0,0,0,0,0
1990,77,1,3,3,3,0,479,0,56,0
1990,77,1,0,0,2,0,0,0,0,0
1990,71,2,0,0,2,0,0,0,0,0
1990,77,1,0,0,0,0,159,3,20,0
1990,75,2,0,0,0,0,0,0,0,0
1990,55,1,0,0,0,0,549,4,40,0
1990,52,2,0,0,0,0,453,4,15,0
1990,31,1,2,0,0,1,78,5,40,0
1990,30,2,1,0,0,1,78,5,40,0
1990,34,2,1,0,0,1,904,6,0,0
1990,30,1,0,0,0,1,226,6,50,0
1990,29,2,0,0,0,1,7,5,55,0
1990,29,2,1,0,0,0,0,0,0,0
1990,22,2,1,0,0,1,389,4,15,0
1990,19,2,1,3,0,1,276,3,15,0
1990,29,2,1,0,0,1,666,3,10,0
1990,19,1,1,0,0,1,0,0,0,0
1990,48,1,0,0,0,1,889,1,40,0
1990,53,2,0,0,0,0,22,2,0,0
1990,27,1,0,0,0,0,783,0,40,0
1990,29,2,0,0,0,0,435,3,25,0
1990,39,1,1,2,0,0,15,5,40,0
1990,34,1,0,0,0,0,783,4,40,0
1990,31,2,0,0,0,0,305,3,40,0
1990,27,1,0,0,0,1,877,3,40,0
1990,26,2,0,0,0,1,468,5,9,0
1990,29,1,2,0,0,1,0,0,0,0
1990,29,1,0,0,0,0,783,2,62,1
1990,25,2,0,0,0,1,487,5,40,0
1990,36,2,0,0,0,1,458,4,40,0
1990,43,1,0,0,0,1,208,1,40,0
1990,58,1,0,0,0,0,503,3,0,0
1990,52,2,0,0,0,0,0,0,0,0
1990,31,1,0,0,0,1,257,2,40,0
1990,29,2,0,0,0,1,157,5,0,0
1990,41,1,0,0,0,1,14,6,40,1
1990,30,2,0,0,0,1,27,6,40,0
1990,57,1,0,0,0,1,448,6,40,0
1990,55,2,0,0,0,0,385,6,0,0
1990,45,1,0,0,0,1,423,6,46,1
1990,43,2,0,0,0,1,319,5,25,0
1990,19,2,1,0,0,1,274,3,10,0
1990,45,2,2,3,0,1,156,5,40,0
1990,48,1,0,1,0,1,869,0,30,0
1990,40,2,0,1,0,1,254,4,20,0
1990,68,1,0,0,0,1,0,0,0,0
1990,66,2,0,0,0,1,0,0,0,0
1990,35,1,0,0,0,1,243,3,50,1
1990,33,2,0,0,0,1,0,0,0,0
1990,47,1,0,0,0,1,243,2,50,1
1990,37,2,0,0,0,1,5,6,40,0
1990,19,2,1,0,0,0,276,3,20,0
1990,56,1,0,0,0,1,257,1,40,1
1990,45,2,0,0,0,1,23,5,45,0
1990,56,1,2,0,0,1,34,5,50,0
1990,33,2,2,0,0,1,308,3,40,0
1990,51,1,0,0,0,1,23,6,40,0
1990,49,2,0,0,0,1,5,6,40,0
1990,20,1,1,0,0,1,265,3,20,0
1990,19,2,1,0,0,1,276,3,20,0
1990,33,1,0,0,0,1,243,3,40,0
1990,30,2,0,0,0,1,338,5,30,0
1990,53,1,0,0,0,0,575,6,40,0
1990,45,2,0,0,0,0,5,6,40,0
1990,25,2,2,0,0,0,313,2,40,0
1990,42,1,0,0,0,0,55,2,40,1
1990,40,2,0,0,0,0,385,1,50,0
1990,18,1,1,0,0,0,885,3,24,0
1990,46,2,1,0,0,0,458,4,55,0
1990,46,1,0,0,0,0,359,2,48,1
1990,38,2,0,0,0,0,313,5,0,0
1990,45,1,0,0,1,0,486,0,40,0
1990,43,2,0,0,1,0,0,0,0,0
1990,30,2,1,0,1,0,444,3,50,0
1990,21,2,1,0,1,0,406,4,25,0
1990,35,2,3,3,0,1,204,5,32,0
1990,67,2,3,0,0,0,319,5,24,0
1990,43,1,0,0,0,1,156,5,40,0
1990,42,2,0,0,0,1,22,5,40,1
1990,18,1,1,0,0,0,0,0,0,0
1990,49,1,0,0,0,0,303,6,40,0
1990,50,2,0,0,0,0,213,1,36,0
1990,49,2,3,0,3,0,274,3,30,0
1990,21,1,1,0,3,1,804,2,20,0
1990,58,2,2,0,0,0,7,4,30,0
1990,30,1,0,0,0,1,508,6,40,0
1990,35,2,0,0,0,0,303,6,40,0
1990,31,2,1,3,0,1,303,6,40,0
1990,70,1,0,0,0,0,275,4,40,0
1990,67,2,0,0,0,1,337,4,40,0
1990,59,2,2,0,0,0,447,5,40,0
1990,71,1,0,0,0,1,0,0,0,1
1990,69,2,0,0,0,1,0,0,0,0
1990,58,1,0,0,0,1,243,4,60,0
1990,54,2,0,0,0,1,95,5,40,0
1990,70,2,3,0,0,0,387,5,0,0
1990,39,1,0,0,0,0,585,4,40,1
1990,39,2,0,0,0,0,8,4,40,0
1990,19,2,1,0,0,1,319,4,40,0
1990,50,1,0,0,0,1,156,5,40,0
1990,50,2,0,0,0,1,156,5,40,0
1990,60,1,0,0,0,0,479,0,50,0
1990,57,2,0,0,0,0,23,6,40,0
1990,33,1,1,0,0,1,567,0,40,0
1990,34,1,0,2,0,0,856,1,40,0
1990,32,2,0,0,0,0,313,4,30,0
1990,32,2,0,0,0,1,407,4,20,0
1990,33,1,0,0,0,0,417,0,40,0
1990,72,2,3,0,0,0,0,0,0,0
1990,58,1,0,0,0,0,804,2,0,0
1990,53,2,0,0,0,0,529,2,0,0
1990,50,1,0,0,0,1,869,0,20,1
1990,51,2,0,0,2,0,0,0,0,0
1990,21,2,1,0,0,1,243,3,30,0
1990,76,1,0,0,0,0,0,0,0,0
1990,73,2,0,0,0,0,0,0,0,0
1990,30,2,0,0,0,1,208,5,0,0
1990,33,1,0,0,0,1,22,1,40,1
1990,27,1,1,0,1,1,436,3,40,0
1990,47,1,0,0,0,1,254,4,40,0
1990,40,2,0,0,0,1,254,4,0,0
1990,37,1,1,0,0,1,566,0,40,0
1990,37,1,0,0,0,0,804,0,40,0
1990,31,2,0,0,0,0,0,0,0,0
1990,62,1,0,0,0,0,547,5,50,0
1990,60,2,0,0,0,1,254,4,45,0
1990,29,1,1,0,4,0,526,3,40,0
1990,27,1,2,0,0,1,785,3,0,0
1990,56,1,0,0,0,0,453,4,99,0
1990,66,2,0,0,0,1,406,4,99,0
1990,39,1,0,0,0,1,628,1,40,1
1990,32,2,0,0,0,1,22,1,40,1
1990,25,1,1,0,0,0,486,0,0,0
1990,38,1,0,0,0,1,804,0,40,0
1990,35,2,0,0,0,1,77,6,40,0
1990,47,1,3,0,0,1,35,0,40,0
1990,42,2,3,0,0,1,156,5,40,0
1990,40,1,0,0,0,0,187,5,40,1
1990,37,2,0,0,0,1,473,0,24,0
1990,74,2,0,0,0,0,0,0,0,0
1990,46,1,2,0,0,0,547,0,40,0
1990,40,2,2,0,0,0,779,1,40,0
1990,28,1,1,0,0,1,567,0,40,0
1990,69,1,0,0,0,1,84,5,60,0
1990,65,2,0,0,0,1,22,4,40,0
1990,29,2,0,0,0,0,276,3,24,0
1990,25,1,0,0,0,0,599,3,50,0
1990,36,1,1,0,0,1,178,6,40,0
1990,25,2,1,2,1,0,449,4,40,0
1990,27,1,1,2,1,1,449,4,28,0
1990,18,2,1,2,1,0,449,4,25,0
1990,57,1,0,3,3,0,449,4,40,0
1990,54,2,0,3,3,0,449,4,40,0
1990,31,1,1,3,3,1,449,4,0,0
1990,26,2,1,3,3,1,444,3,0,0
1990,27,1,2,0,0,0,435,3,35,0
1990,38,1,0,0,0,1,434,3,60,0
1990,36,2,0,0,0,1,17,3,50,0
1990,64,2,2,0,0,0,276,5,38,0
1990,70,1,0,0,0,0,0,0,0,0
1990,60,2,0,0,0,0,0,0,0,0
1990,24,1,1,0,0,0,373,3,40,0
1990,31,1,1,0,0,1,157,5,30,0
1990,27,2,1,0,0,1,23,4,60,0
1990,46,2,3,0,0,0,185,3,60,1
1990,26,2,1,0,0,0,0,0,0,0
1990,38,2,2,0,0,0,869,0,50,0
1990,40,1,2,0,0,1,505,6,40,0
1990,60,2,3,0,0,1,453,4,0,0
1990,79,1,0,0,0,0,0,0,0,0
1990,68,2,0,0,0,0,0,0,0,0
1990,33,1,2,0,0,0,22,0,48,1
1990,64,2,3,0,0,0,17,3,0,0
1990,40,1,0,0,0,1,57,1,40,0
1990,39,2,0,0,0,1,313,6,20,0
1990,47,1,0,0,0,1,243,3,42,0
1990,45,2,0,0,0,0,0,0,0,0
1990,19,2,1,0,0,1,0,0,0,0
1990,51,1,0,0,0,1,628,1,40,1
1990,49,2,0,0,0,1,159,5,10,0
1990,42,2,2,0,0,1,21,5,40,1
1990,28,2,1,0,0,1,426,4,40,0
1990,21,1,1,0,0,1,877,3,40,0
1990,65,1,0,0,0,1,0,0,0,0
1990,62,2,0,0,0,1,0,0,0,0
1990,46,1,0,0,3,1,439,3,8,0
1990,44,2,0,0,3,1,225,6,40,0
1990,26,2,0,3,0,1,243,3,40,0
1990,27,1,0,0,0,1,567,0,24,0
1990,32,1,0,0,0,1,305,6,40,0
1990,40,2,0,0,0,1,197,6,32,0
1990,18,2,1,0,0,0,276,3,20,0
1990,76,2,0,0,0,1,0,0,0,0
1990,57,1,0,0,2,0,687,3,40,0
1990,56,2,0,0,2,0,435,5,25,1
1990,67,1,2,0,0,1,0,0,0,0
1990,60,2,2,3,0,1,5,6,40,0
1990,26,1,1,0,0,0,649,1,40,0
1990,23,2,1,0,0,1,277,3,35,0
1990,34,2,2,0,0,1,22,0,20,0
1990,36,1,1,0,0,1,804,1,35,1
1990,68,1,0,0,0,1,22,1,0,0
1990,65,2,0,0,0,1,0,0,0,0
1990,48,1,0,0,0,0,436,5,45,0
1990,47,2,0,0,0,0,486,0,2,0
1990,18,2,1,0,0,0,436,3,16,0
1990,40,1,0,0,0,1,243,0,45,0
1990,37,2,0,0,0,1,0,0,0,0
1990,66,2,3,0,0,1,156,5,24,0
1990,70,2,3,0,0,0,0,0,0,0
1990,40,1,2,0,0,0,804,2,40,0
1990,18,2,1,0,0,0,0,0,0,0
1990,25,1,1,0,0,0,804,4,40,0
1990,32,2,1,0,0,0,274,3,40,0
1990,34,1,0,0,0,1,55,1,40,1
1990,32,2,0,0,0,1,235,4,0,0
1990,45,1,0,0,0,1,79,6,45,0
1990,45,2,0,0,0,1,387,5,32,0
1990,20,1,1,0,0,0,464,4,36,0
1990,48,1,0,0,0,1,23,3,40,0
1990,42,2,0,3,3,0,385,2,40,0
1990,52,1,0,0,0,1,259,1,40,0
1990,50,2,0,0,0,1,319,5,40,0
1990,20,2,1,0,0,0,373,3,20,0
1990,36,1,0,0,2,1,254,4,8,1
1990,56,2,0,0,1,1,313,2,40,0
1990,78,1,3,0,0,0,453,4,72,0
1990,70,2,2,0,0,0,0,0,0,0
1990,54,1,0,0,0,0,566,0,40,0
1990,52,2,0,0,0,0,274,3,5,0
1990,41,1,0,0,0,1,43,5,50,0
1990,39,2,0,0,0,1,178,5,20,0
1990,61,1,1,0,0,1,7,5,0,0
1990,74,2,2,0,0,1,0,0,0,0
1990,19,1,1,0,0,1,438,3,35,0
1990,18,1,1,0,0,1,0,0,0,0
1990,18,1,1,0,0,1,276,3,40,0
1990,39,1,0,0,0,1,653,1,40,1
1990,33,2,0,0,2,1,14,5,40,1
1990,39,2,2,0,0,0,796,1,10,0
1990,51,2,2,0,0,0,363,5,40,0
1990,41,2,2,0,0,1,7,4,60,1
1990,20,2,1,0,0,1,243,3,30,0
1990,75,2,3,0,0,0,0,0,0,1
1990,61,1,0,0,0,1,18,4,40,0
1990,48,2,0,0,0,1,156,5,40,0
1990,80,1,1,0,0,0,0,0,0,0
1990,57,1,0,0,0,0,486,5,12,0
1990,38,2,0,0,0,1,23,5,40,0
1990,47,1,0,0,0,0,22,4,40,0
1990,49,2,0,0,0,1,234,4,40,0
1990,20,1,1,0,0,1,853,0,17,0
1990,23,1,1,0,0,1,243,3,0,0
1990,33,1,1,0,0,1,268,3,40,0
1990,66,2,3,0,0,0,17,4,40,1
1990,35,1,0,0,0,0,529,2,40,0
1990,35,2,0,0,0,0,327,2,40,0
1990,70,1,0,0,0,1,55,2,0,0
1990,48,2,0,3,3,0,436,3,30,0
1990,39,2,1,1,4,0,449,4,0,0
1990,20,1,1,1,4,1,276,3,40,0
1990,19,1,1,1,4,0,0,0,0,0
1990,45,1,0,0,0,1,243,3,40,0
1990,43,2,0,0,0,1,458,4,30,0
1990,22,1,1,0,0,0,889,2,40,0
1990,19,2,1,0,0,0,435,3,32,0
1990,74,2,3,0,0,0,0,0,0,0
1990,59,1,0,0,0,0,453,5,40,0
1990,53,2,0,0,0,0,0,0,0,0
1990,46,1,0,0,0,1,447,5,40,0
1990,37,2,0,0,0,1,235,5,15,0
1990,28,1,1,0,0,1,217,5,44,0
1990,28,2,1,0,0,1,348,2,37,0
1990,31,1,0,0,0,1,21,5,40,0
1990,28,2,0,0,0,1,95,5,40,0
1990,48,1,0,0,0,0,804,1,45,0
1990,40,2,0,0,0,1,14,5,40,0
1990,40,1,0,2,1,1,869,0,40,0
1990,38,2,0,2,0,1,313,4,20,0
1990,41,1,0,0,0,1,186,5,35,0
1990,33,2,0,0,0,1,473,0,40,0
1990,77,1,0,0,0,0,0,0,0,0
1990,69,2,0,0,0,0,0,0,0,0
1990,57,2,3,0,0,0,156,5,0,0
1990,28,1,1,0,0,0,709,1,43,0
1990,41,1,0,0,0,1,844,0,40,0
1990,39,2,0,0,0,1,339,5,40,0
1990,42,1,1,0,0,1,156,5,45,0
1990,49,2,1,0,2,1,188,1,40,0
1990,39,2,2,0,0,1,0,0,0,0
1990,45,1,0,0,0,1,178,5,60,0
1990,38,2,0,0,0,1,95,5,16,0
1990,54,1,0,0,0,0,567,0,40,0
1990,52,2,0,0,0,0,337,5,35,0
1990,32,1,1,0,0,0,567,0,40,0
1990,24,2,1,0,0,0,458,4,32,0
1990,33,1,0,0,0,1,363,5,50,0
1990,38,2,0,0,0,1,0,0,0,0
1990,33,1,0,0,0,0,804,3,50,0
1990,31,2,0,0,0,0,276,3,0,0
1990,65,1,0,0,0,0,809,3,20,0
1990,65,2,0,0,4,0,379,4,30,0
1990,39,1,2,0,0,1,21,5,37,0
1990,51,1,1,0,0,1,435,3,30,0
1990,39,1,0,0,0,1,263,3,50,0
1990,36,2,0,0,0,1,0,0,0,0
1990,51,1,0,0,0,0,889,1,40,0
1990,69,2,0,0,2,0,909,6,0,0
1990,26,1,0,0,0,1,453,1,50,0
1990,31,2,0,0,0,0,889,1,0,0
1990,43,1,0,0,0,1,22,0,45,0
1990,43,2,0,0,0,0,808,5,22,0
1990,21,2,1,0,0,0,276,3,40,0
1990,60,1,0,0,0,1,22,1,40,1
1990,56,2,0,0,0,1,22,1,58,0
1990,71,1,0,0,0,0,0,0,0,0
1990,73,2,0,0,0,0,0,0,0,0
1990,62,1,0,0,0,1,0,0,0,0
1990,65,2,0,0,0,0,274,3,0,0
1990,42,1,1,0,0,1,185,1,45,1
1990,46,1,0,0,0,1,85,5,40,1
1990,45,2,0,0,0,1,319,5,8,0
1990,33,1,0,2,1,0,628,1,55,0
1990,27,2,0,2,1,0,769,1,40,0
1990,24,1,1,2,1,0,436,3,60,0
1990,56,1,2,0,0,0,23,4,40,0
1990,53,2,2,0,0,0,0,0,0,0
1990,34,2,3,0,0,0,744,1,0,0
1990,45,1,0,0,0,1,529,2,40,0
1990,43,2,0,0,0,1,303,4,40,0
1990,20,1,1,0,0,1,657,3,40,0
1990,25,1,0,0,0,0,869,0,40,0
1990,22,2,0,0,0,0,449,4,4,0
1990,62,2,2,0,1,0,0,0,0,0
1990,28,2,0,0,0,1,175,5,40,0
1990,29,1,0,0,0,1,567,0,40,0
1990,49,1,0,0,0,1,259,3,40,0
1990,44,2,0,0,0,0,407,4,40,0
1990,19,2,1,0,0,0,265,3,20,0
1990,69,1,0,0,0,0,0,0,0,0
1990,66,2,0,0,0,0,0,0,0,0
1990,44,1,1,0,0,1,195,1,40,0
1990,41,1,0,0,0,1,254,4,0,0
1990,48,2,0,0,0,1,154,5,12,0
1990,20,2,0,0,0,0,439,3,30,0
1990,30,1,0,0,0,0,579,0,35,0
1990,75,2,3,0,2,0,0,0,0,0
1990,38,1,0,0,0,0,29,3,40,0
1990,42,2,0,3,0,0,303,1,40,0
1990,78,2,3,0,0,0,459,5,20,0
1990,79,1,1,0,0,0,479,0,30,0
1990,68,1,0,0,0,0,0,0,0,0
1990,63,2,0,0,0,0,0,0,0,0
1990,42,1,0,0,0,1,267,3,40,0
1990,32,2,0,3,3,0,447,5,40,0
1990,77,1,0,0,0,1,0,0,0,0
1990,73,2,0,0,0,1,379,5,30,0
1990,61,1,0,0,0,1,195,4,30,0
1990,64,2,0,0,0,1,185,4,40,0
1990,55,1,3,0,0,1,156,5,50,1
1990,26,1,3,0,1,0,453,6,0,0
1990,22,1,3,0,1,0,888,1,40,0
1990,20,1,3,0,1,0,888,1,40,0
1990,20,1,1,0,1,0,844,0,40,0
1990,20,1,1,0,1,0,733,1,40,0
1990,40,1,0,0,0,1,505,4,40,0
1990,40,2,0,0,0,1,156,5,40,0
1990,39,2,0,0,0,1,435,3,30,0
1990,31,1,0,0,0,1,435,3,30,0
1990,53,2,2,0,0,1,316,4,40,0
1990,59,2,2,0,0,1,37,1,35,0
1990,76,2,3,0,0,0,0,0,0,0
1990,80,2,3,0,0,1,466,5,15,0
1990,65,1,0,0,0,0,0,0,0,0
1990,54,2,0,0,0,1,308,4,40,0
1990,37,1,0,0,0,1,337,5,40,1
1990,43,2,0,0,0,0,796,1,40,0
1990,35,1,1,0,0,0,723,1,0,0
1990,34,2,2,0,0,0,449,4,15,0
1990,55,2,3,0,2,1,449,4,40,1
1990,39,1,1,0,2,1,783,1,40,0
1990,67,2,3,0,0,0,337,0,40,0
1990,42,1,2,0,0,1,424,6,0,0
1990,20,2,1,0,0,0,264,3,36,0
1990,65,1,0,0,0,0,453,0,16,0
1990,62,2,0,0,0,0,337,3,37,0
1990,41,1,0,0,0,1,379,1,40,0
1990,39,2,0,0,0,0,785,1,40,0
1990,44,1,0,0,0,1,243,4,40,1
1990,52,2,0,0,2,0,22,5,40,1
1990,79,2,3,0,0,0,0,0,0,0
1990,36,2,3,0,0,0,243,3,60,0
1990,42,1,3,0,0,0,22,0,60,0
1990,69,1,0,0,0,0,0,0,0,0
1990,61,2,0,0,0,0,313,6,0,0
1990,36,1,0,0,0,1,243,3,50,0
1990,26,2,0,3,3,1,389,5,50,0
1990,55,2,2,0,0,0,0,0,0,0
1990,36,1,0,0,2,1,59,5,60,1
1990,34,2,0,0,2,0,0,0,0,0
1990,58,1,2,0,0,1,43,5,30,0
1990,46,1,2,0,0,1,23,4,0,0
1990,52,1,1,0,0,1,696,2,40,0
1990,58,2,2,0,0,0,243,3,38,0
1990,54,1,0,0,0,1,436,5,40,0
1990,56,2,0,0,2,0,338,5,0,0
1990,80,2,3,0,0,0,0,0,0,0
1990,23,1,1,0,0,0,804,3,0,0
1990,21,2,1,0,0,1,276,5,40,0
1990,58,1,0,0,0,1,653,3,40,0
1990,51,2,0,0,2,1,318,2,40,0
1990,39,2,2,0,0,0,17,4,50,0
1990,23,1,1,0,0,1,436,4,39,0
1990,18,1,1,0,0,0,444,5,4,0
1990,22,2,1,0,0,1,275,4,40,0
1990,21,2,1,0,0,1,329,5,25,0
1990,30,2,0,0,0,1,185,2,40,0
1990,34,1,0,0,0,1,844,0,40,0
1990,70,1,3,0,0,0,0,0,0,0
1990,23,1,1,0,0,0,593,0,20,0
1990,80,1,0,0,0,0,473,0,12,0
1990,79,2,0,0,0,0,436,5,0,0
1990,55,1,0,0,0,1,188,5,30,0
1990,56,2,0,0,0,1,8,1,50,0
1990,51,2,2,0,0,1,167,5,50,0
1990,60,1,0,0,0,1,26,5,0,0
1990,49,2,0,0,0,1,313,2,40,0
1990,27,2,1,0,0,1,243,3,45,0
1990,26,1,1,0,0,0,785,1,42,0
1990,35,1,0,0,0,1,507,2,40,0
1990,29,2,0,0,0,1,0,0,0,0
1990,58,2,2,3,3,0,458,4,20,0
1990,23,1,1,3,0,1,804,3,30,0
1990,22,1,1,3,0,1,804,3,20,0
1990,48,2,2,0,0,1,389,6,37,0
1990,23,2,1,0,0,0,274,3,40,0
1990,74,1,0,0,0,1,0,0,0,0
1990,56,2,0,0,4,1,0,0,0,0
1990,70,2,3,0,0,0,0,0,0,0
1990,51,1,0,0,0,1,628,1,40,1
1990,51,2,0,0,0,1,327,2,40,0
1990,27,1,1,0,0,1,22,0,40,1
1990,23,2,1,0,0,1,318,2,40,0
1990,41,2,1,0,0,1,315,3,45,0
1990,29,2,1,0,0,1,313,5,35,0
1990,53,2,2,0,0,1,22,2,40,0
1990,59,1,3,0,0,1,0,0,0,0
1990,59,2,1,0,0,1,156,5,45,0
1990,60,2,1,0,0,1,379,2,0,0
1990,59,1,0,0,0,1,67,4,40,1
1990,52,2,2,0,0,1,315,5,40,0
1990,36,1,0,0,0,1,904,6,65,0
1990,37,2,0,0,2,1,23,3,60,1
1990,51,2,2,0,0,0,379,4,37,1
1990,31,2,1,0,0,0,308,2,40,0
1990,43,1,2,0,0,0,804,2,50,0
1990,40,1,2,3,0,0,804,2,50,0
1990,34,1,0,0,0,1,525,4,0,0
1990,30,2,0,0,0,1,95,5,32,0
1990,40,1,2,0,0,1,95,5,42,1
1990,30,2,1,0,0,1,95,5,35,0
1990,47,1,1,0,0,1,163,5,60,0
1990,36,2,2,0,0,1,259,1,40,0
1990,63,1,0,0,2,1,53,0,40,1
1990,59,2,0,0,2,1,159,5,16,0
1990,42,1,0,0,0,1,585,3,40,0
1990,44,2,0,0,2,1,206,5,40,0
1990,42,2,0,0,0,1,154,5,40,0
1990,37,1,0,0,4,1,507,2,40,0
1990,37,1,1,0,0,0,567,0,40,0
1990,55,1,1,0,0,1,575,5,35,0
1990,44,1,2,0,0,1,174,5,50,0
1990,21,1,1,0,0,0,486,0,40,0
1990,36,2,2,0,0,1,23,1,30,0
1990,20,2,1,0,0,0,33,4,40,0
1990,43,2,2,0,0,1,64,6,40,1
1990,57,2,3,0,0,1,889,1,40,0
1990,40,1,0,0,1,0,486,0,40,0
1990,36,2,0,0,1,0,0,0,0,0
1990,52,1,0,0,0,1,22,0,55,1
1990,48,2,0,0,0,1,134,5,55,0
1990,18,1,1,0,0,0,443,3,12,0
1990,26,1,0,0,0,1,274,3,25,0
1990,28,2,0,0,0,1,95,5,40,0
1990,39,1,0,0,0,0,444,3,0,0
1990,59,2,0,0,0,0,785,1,40,0
1990,72,1,3,0,0,0,0,0,0,0
1990,33,1,2,0,0,0,567,0,40,0
1990,26,1,3,0,1,0,567,0,40,0
1990,29,2,1,0,4,1,337,3,40,0
1990,26,1,0,0,4,0,185,3,0,0
1990,25,1,0,0,4,0,436,3,40,0
1990,39,1,0,1,0,1,243,3,25,0
1990,46,2,0,0,0,1,268,3,40,0
1990,40,1,0,0,0,1,486,0,50,0
1990,38,2,0,0,0,1,0,0,0,0
1990,23,2,1,0,0,1,406,4,25,0
1990,47,2,2,0,0,1,243,3,60,0
1990,18,1,1,0,0,0,0,0,0,0
1990,43,1,0,0,0,1,796,0,25,1
1990,42,2,0,0,0,1,0,0,0,0
1990,41,1,0,0,0,1,255,4,40,1
1990,34,2,0,0,1,1,26,4,20,0
1990,52,1,0,0,0,1,259,3,40,0
1990,48,2,0,0,0,0,22,4,40,0
1990,19,1,1,0,0,1,427,5,15,0
1990,73,2,3,0,0,0,0,0,0,0
1990,74,2,2,0,0,0,0,0,0,0
1990,43,1,0,0,0,1,26,4,50,1
1990,41,2,0,0,0,1,97,5,35,0
1990,72,1,0,0,0,1,43,5,8,1
1990,70,2,0,0,0,1,0,0,0,0
1990,60,1,0,0,0,1,255,4,40,1
1990,58,2,0,0,0,1,167,5,6,0
1990,68,1,2,0,0,1,257,0,3,0
1990,42,2,1,0,0,1,56,6,40,0
1990,41,2,1,0,0,1,95,5,32,0
1990,59,2,2,0,0,0,6,6,40,0
1990,26,1,2,0,0,1,579,0,40,0
1990,76,2,3,0,0,1,0,0,0,0
1990,43,1,1,0,0,1,23,5,37,0
1990,38,1,3,0,0,1,27,4,50,1
1990,48,1,0,0,0,1,567,0,40,0
1990,43,2,0,0,0,1,315,4,20,0
1990,44,2,2,0,0,1,25,4,40,1
1990,18,2,1,0,0,0,264,3,20,0
1990,18,2,1,0,0,0,274,3,0,0
1990,28,1,1,2,0,0,883,3,0,0
1990,37,1,2,0,0,1,757,1,0,0
1990,52,1,0,0,0,1,257,4,55,1
1990,51,2,0,0,0,1,95,5,20,0
1990,38,1,0,0,0,1,253,4,35,1
1990,36,2,0,0,0,1,0,0,0,0
1990,25,1,1,0,0,1,734,1,40,0
1990,25,2,1,0,0,1,337,3,40,0
1990,36,2,2,0,0,1,64,5,50,0
1990,66,1,0,0,0,1,254,4,48,0
1990,65,2,0,0,0,0,0,0,0,0
1990,25,2,1,0,0,1,177,5,20,0
1990,50,1,0,0,0,1,26,5,40,1
1990,50,2,0,0,0,1,313,0,20,0
1990,68,1,0,0,0,1,254,4,20,1
1990,59,2,0,0,2,1,0,0,0,0
1990,42,2,2,0,0,1,257,5,45,1
1990,54,1,0,0,0,1,43,5,40,0
1990,56,2,0,0,2,1,274,3,20,0
1990,24,1,1,0,0,1,828,2,55,0
1990,58,1,0,0,0,1,8,4,40,1
1990,45,2,0,0,0,0,337,5,35,0
1990,34,2,3,0,3,1,458,4,48,0
1990,52,2,0,0,0,1,14,5,40,1
1990,58,1,0,0,0,1,22,2,40,1
1990,29,1,1,0,0,1,189,4,55,0
1990,56,2,2,0,0,1,0,0,0,0
1990,25,1,1,0,0,1,389,3,30,0
1990,59,2,2,1,0,1,458,4,0,0
1990,33,2,1,0,0,1,313,4,40,0
1990,29,1,1,0,0,1,567,6,40,0
1990,37,2,3,0,0,1,167,5,40,1
1990,72,1,0,0,0,1,0,0,0,0
1990,64,2,0,0,0,0,0,0,0,0
1990,22,1,1,2,0,1,905,6,0,0
1990,24,1,1,0,0,0,523,6,45,0
1990,62,1,0,0,0,1,17,5,70,1
1990,58,2,0,0,0,0,257,2,0,0
1990,43,1,0,0,0,1,5,6,40,1
1990,43,2,0,0,0,1,156,5,40,0
1990,55,1,0,0,0,1,418,6,40,0
1990,55,2,0,0,0,0,435,3,29,0
1990,73,2,3,0,0,0,0,0,0,0
1990,46,2,3,1,0,0,174,5,40,0
1990,38,1,0,0,0,1,95,1,48,1
1990,39,2,0,0,0,1,0,0,0,0
1990,39,1,0,3,3,1,436,6,40,0
1990,34,2,0,3,3,1,95,5,32,0
1990,43,2,2,0,0,1,95,5,32,0
1990,39,2,2,0,0,1,217,0,40,0
1990,35,1,0,0,0,1,434,3,45,0
1990,32,2,0,0,0,1,274,3,34,0
1990,27,2,3,0,0,0,0,0,0,0
1990,52,1,2,0,0,0,783,4,40,0
1990,38,1,0,0,0,1,669,4,40,1
1990,44,2,0,0,0,0,274,3,0,0
1990,74,2,3,0,0,0,0,0,0,0
1990,77,1,3,0,0,0,0,0,0,0
1990,47,2,2,0,0,0,447,5,0,0
1990,21,2,1,0,0,1,0,0,0,0
1990,39,2,0,0,0,1,453,3,41,0
1990,40,1,0,0,0,1,766,1,41,0
1990,21,1,0,2,1,0,585,0,40,0
1990,22,2,0,2,1,0,449,3,48,0
1990,51,2,3,2,1,0,449,4,48,0
1990,45,2,2,2,1,0,435,3,0,0
1990,29,1,0,2,1,0,869,0,0,0
1990,29,2,0,0,1,0,0,0,0,0
1990,28,1,1,0,1,0,869,0,40,0
1990,24,1,3,0,1,0,436,3,40,0
1990,42,1,3,0,0,1,25,4,48,1
1990,47,1,0,0,0,1,243,3,40,0
1990,47,2,0,0,0,0,313,5,40,0
1990,29,1,1,0,0,0,585,1,40,0
1990,41,2,2,0,0,1,174,5,45,0
1990,22,1,1,0,0,0,505,4,20,0
1990,64,2,3,0,0,0,436,3,40,0
1990,30,1,1,0,0,1,806,2,40,0
1990,31,2,2,2,0,0,379,5,40,0
1990,35,2,3,0,0,1,0,0,0,0
1990,24,1,1,2,0,0,453,0,40,0
1990,29,1,0,2,0,0,453,2,40,0
1990,29,2,0,2,0,1,336,6,40,0
1990,47,1,3,0,0,1,444,3,30,0
1990,43,2,3,0,0,1,243,3,40,0
1990,21,2,1,0,0,0,804,3,40,0
1990,29,1,3,0,0,0,0,0,0,0
1990,25,1,0,0,0,0,335,5,40,0
1990,27,2,0,0,0,1,466,5,50,0
1990,29,1,0,0,0,0,699,1,44,0
1990,27,2,0,0,0,0,276,3,0,0
1990,65,1,2,1,0,1,777,1,40,1
1990,43,1,1,1,0,0,508,2,40,0
1990,37,2,2,0,0,0,0,0,0,0
1990,32,2,1,0,0,1,156,5,55,0
1990,41,2,3,1,0,1,373,1,40,0
1990,29,1,0,0,0,0,563,0,35,0
1990,27,2,0,0,0,0,315,4,40,0
1990,41,1,0,3,3,1,376,4,40,0
1990,40,2,0,3,3,1,337,5,40,1
1990,78,2,3,3,3,0,0,0,0,0
1990,38,1,0,0,0,1,253,4,40,1
1990,43,2,0,0,2,0,376,5,37,0
1990,69,1,0,3,3,1,347,4,0,0
1990,67,2,0,3,3,0,877,3,0,0
1990,25,2,0,3,3,0,313,5,0,0
1990,23,2,0,3,3,0,308,4,40,0
1990,49,2,1,3,3,0,0,0,0,0
1990,33,2,2,0,0,1,407,4,0,0
1990,46,1,0,0,0,0,259,3,45,0
1990,37,2,0,0,0,1,264,3,16,0
1990,23,2,1,0,0,1,243,3,40,0
1990,51,1,0,0,0,0,575,3,40,0
1990,37,2,0,0,0,1,23,3,40,1
1990,42,1,2,0,0,1,55,4,50,0
1990,59,2,2,0,0,1,547,3,40,0
1990,49,1,0,0,0,1,699,1,56,1
1990,48,2,0,0,0,0,274,3,50,0
1990,69,1,0,0,0,1,0,0,0,0
1990,69,2,0,0,0,1,7,4,0,0
1990,44,1,0,1,0,0,597,0,0,0
1990,43,2,0,3,0,0,628,1,40,0
1990,43,1,0,0,0,1,904,6,50,0
1990,40,2,0,0,0,0,365,1,0,0
1990,43,1,3,1,0,0,278,1,40,0
1990,43,2,1,0,0,1,156,5,40,0
1990,35,1,0,0,0,1,514,4,40,0
1990,30,2,0,3,0,1,677,3,25,0
1990,20,1,1,0,0,1,523,6,40,0
1990,46,1,0,0,0,1,36,6,45,1
1990,50,2,0,0,2,0,274,3,40,0
1990,75,2,0,0,2,0,0,0,0,0
1990,54,1,0,0,0,1,304,6,40,1
1990,52,2,0,0,0,0,373,3,0,0
1990,51,1,0,0,0,0,327,1,40,0
1990,48,2,0,0,0,0,337,6,40,0
1990,23,1,1,0,0,0,0,0,0,0
1990,25,1,0,0,0,1,243,3,45,0
1990,25,2,0,0,0,1,337,3,45,0
1990,60,2,1,3,0,1,156,5,40,0
1990,52,2,2,0,0,1,95,5,40,0
1990,51,1,2,0,0,0,869,0,40,0
1990,69,1,0,0,0,1,5,6,24,0
1990,74,2,0,0,0,0,0,0,0,0
1990,26,1,0,0,0,1,206,5,46,1
1990,27,2,0,0,0,1,206,5,40,0
1990,45,2,0,0,0,1,406,4,72,0
1990,45,1,0,0,0,1,336,2,45,0
1990,18,2,1,0,0,0,466,5,18,0
1990,39,1,0,0,0,0,266,3,45,0
1990,39,2,0,0,0,0,336,5,40,0
1990,18,2,1,0,0,0,0,0,0,0
1990,75,2,3,0,0,0,0,0,0,0
1990,43,2,2,1,0,1,95,5,40,0
1990,18,1,1,1,0,1,276,3,20,0
1990,38,1,2,0,0,1,453,3,40,0
1990,25,1,1,0,0,0,856,3,40,0
1990,30,1,3,0,0,1,575,1,40,0
1990,44,1,3,3,0,1,243,3,45,1
1990,67,1,3,0,0,1,0,0,0,0
1990,51,2,2,1,0,1,207,5,40,0
1990,24,1,0,0,0,0,505,4,40,0
1990,21,2,0,0,0,0,447,5,40,0
1990,32,2,1,1,0,0,446,5,30,0
1990,35,1,0,0,0,1,555,0,40,0
1990,37,2,0,0,0,1,95,6,40,0
1990,33,1,0,0,2,0,7,4,40,1
1990,35,2,0,2,0,0,22,2,40,0
1990,80,1,3,0,0,1,0,0,0,0
1990,23,1,1,1,0,1,515,6,40,0
1990,20,2,1,1,0,1,266,3,40,0
1990,47,1,0,0,0,0,507,2,40,0
1990,45,2,0,0,0,1,27,2,52,0
1990,44,1,2,0,0,0,785,1,40,0
1990,28,1,0,0,0,0,418,6,50,0
1990,26,2,0,0,0,0,796,1,40,0
1990,77,1,0,0,0,1,0,0,0,0
1990,71,2,0,0,0,1,0,0,0,0
1990,42,1,0,0,0,1,14,5,45,1
1990,41,2,0,0,0,1,37,5,40,0
1990,45,1,0,0,0,1,22,4,40,1
1990,36,2,0,0,0,1,254,4,35,0
1990,56,1,0,0,0,0,22,2,20,0
1990,52,2,0,0,0,0,14,5,40,0
1990,33,2,0,2,0,0,387,5,40,0
1990,33,1,0,0,0,0,599,0,35,0
1990,46,2,3,0,0,0,319,5,20,0
1990,18,2,1,0,0,0,0,0,0,0
1990,58,2,2,0,0,1,313,3,40,0
1990,30,1,0,0,0,1,276,3,45,0
1990,30,2,0,0,0,1,243,3,0,0
1990,59,1,0,0,0,1,507,3,40,0
1990,62,2,0,0,0,0,0,0,0,0
1990,69,1,0,0,0,1,0,0,0,0
1990,71,2,0,0,0,1,0,0,0,0
1990,28,2,3,0,0,0,257,4,30,0
1990,43,1,0,0,0,1,226,6,40,1
1990,32,2,0,0,0,1,313,6,20,0
1990,43,1,0,1,0,1,549,1,40,0
1990,45,2,0,1,0,1,856,1,48,0
1990,19,1,1,1,0,0,53,6,0,0
1990,31,1,0,1,0,1,515,6,40,0
1990,22,2,0,1,0,0,447,6,40,0
1990,30,1,1,1,0,1,23,3,0,0
1990,23,1,1,2,0,0,869,0,0,0
1990,61,1,0,0,0,0,864,2,0,0
1990,63,2,0,0,0,1,0,0,0,0
1990,58,1,0,0,0,1,22,4,40,0
1990,53,2,0,0,0,1,207,5,40,0
1990,29,1,0,0,0,1,804,2,70,0
1990,26,2,0,0,0,1,379,6,40,0
1990,20,1,1,0,0,0,436,5,40,0
1990,19,1,1,0,0,0,376,2,40,0
1990,38,1,0,0,0,1,36,4,40,0
1990,37,2,0,0,0,1,313,6,40,0
1990,18,1,1,0,0,0,385,4,40,0
1990,25,1,0,0,0,1,269,3,40,0
1990,25,2,0,0,0,0,318,2,25,0
1990,77,1,0,0,0,1,0,0,0,0
1990,70,2,0,0,0,0,0,0,0,0
1990,69,1,0,0,0,1,26,5,60,1
1990,68,2,0,0,0,1,0,0,0,0
1990,53,1,2,0,0,0,567,0,40,0
1990,36,1,0,0,0,1,856,3,40,0
1990,25,2,0,0,0,0,379,4,40,0
1990,32,1,0,0,0,0,22,0,50,1
1990,32,2,0,0,0,0,0,0,0,0
1990,40,1,0,0,0,1,188,3,40,0
1990,40,2,0,0,0,1,319,5,30,0
1990,45,1,0,0,0,1,535,4,50,0
1990,45,2,0,0,1,1,155,5,50,0
1990,27,1,3,1,1,1,313,6,40,0
1990,32,2,3,1,0,0,17,3,40,0
1990,61,2,2,0,0,1,337,2,40,0
1990,73,1,0,0,0,1,418,6,0,0
1990,72,2,0,0,0,1,156,5,0,0
1990,47,1,1,0,0,1,505,4,40,0
1990,72,2,3,0,0,0,0,0,0,0
1990,43,2,1,0,0,0,313,4,0,0
1990,20,2,1,0,0,1,335,3,18,0
1990,19,1,1,0,0,0,755,1,40,0
1990,66,1,3,3,3,0,379,6,20,0
1990,72,2,3,0,0,0,0,0,0,0
1990,33,2,0,2,1,1,313,5,40,0
1990,44,1,0,2,1,0,476,0,48,0
1990,38,2,2,1,0,0,158,5,30,0
1990,37,2,1,1,0,0,447,5,45,0
1990,41,1,3,0,0,0,785,3,40,0
1990,64,1,0,1,0,0,0,0,0,0
1990,53,2,0,1,0,0,14,5,10,0
1990,29,1,1,1,0,0,263,3,0,0
1990,27,1,1,1,0,1,453,4,40,0
1990,38,1,1,0,0,1,73,5,60,0
1990,47,1,0,1,0,0,355,2,40,0
1990,39,2,0,1,0,0,447,5,40,0
1990,47,1,2,1,0,0,274,3,20,0
1990,19,2,1,1,0,1,0,0,0,0
1990,35,2,2,1,0,0,0,0,0,0
1990,46,2,3,3,3,0,458,4,60,0
1990,20,1,1,3,3,0,275,5,25,0
1990,50,1,0,3,3,0,779,1,40,0
1990,42,2,0,3,3,1,23,3,40,0
1990,28,1,0,0,0,1,65,4,40,0
1990,27,2,0,0,1,1,23,4,40,0
1990,45,1,3,0,1,1,7,5,40,0
1990,75,2,3,0,0,0,308,1,0,0
1990,33,1,0,3,3,1,678,5,40,0
1990,30,2,0,3,3,0,666,4,40,0
1990,66,2,3,3,3,0,0,0,0,0
1990,28,1,1,1,0,1,538,3,45,0
1990,28,1,1,1,0,1,173,6,30,0
1990,57,1,0,0,1,1,22,0,40,0
1990,43,2,0,0,1,0,0,0,0,0
1990,30,2,0,0,1,1,453,5,0,0
1990,30,1,0,0,1,1,156,5,0,0
1990,42,1,0,1,0,1,804,5,30,0
1990,39,2,0,1,0,1,23,6,40,0
1990,18,1,1,1,0,1,365,2,24,0
1990,44,2,0,1,0,1,37,6,42,0
1990,36,1,0,3,3,0,243,3,50,0
1990,24,1,1,1,0,0,243,3,40,0
1990,58,1,2,0,0,0,585,1,60,0
1990,58,2,3,3,3,0,0,0,0,0
1990,52,1,1,0,0,0,0,0,0,0
1990,37,2,1,0,0,0,274,3,50,0
1990,35,1,0,0,0,1,235,6,40,0
1990,35,2,0,0,0,1,383,4,6,0
1990,51,1,0,0,0,0,22,1,45,1
1990,47,2,0,0,0,1,37,1,40,0
1990,38,1,0,0,0,1,243,3,40,1
1990,36,2,0,2,0,0,274,3,40,0
1990,33,1,0,0,0,0,22,1,40,1
1990,30,2,0,0,0,1,447,5,12,0
1990,34,1,0,0,0,1,22,2,40,0
1990,34,2,0,0,0,0,337,3,0,0
1990,49,1,0,0,0,1,575,6,40,1
1990,50,2,0,2,0,0,877,3,40,0
1990,20,2,1,2,0,0,877,3,25,0
1990,24,1,0,0,0,0,0,0,0,0
1990,22,2,0,0,0,0,558,0,40,0
1990,77,1,0,0,0,0,0,0,0,0
1990,51,2,0,0,0,0,0,0,0,0
1990,55,1,0,0,0,1,22,4,45,1
1990,54,2,0,0,4,0,458,4,40,0
1990,55,1,0,0,2,0,759,1,40,1
1990,51,2,0,0,2,0,234,1,30,0
1990,30,1,1,0,0,0,589,0,40,0
1990,45,2,3,0,0,1,243,3,20,0
1990,39,1,0,0,0,1,22,5,40,1
1990,38,2,0,0,0,0,313,5,22,0
1990,41,1,0,0,0,1,213,1,44,0
1990,34,2,0,0,0,0,447,5,25,0
1990,69,2,3,0,0,0,0,0,0,0
1990,33,2,1,2,0,0,426,4,0,0
1990,40,2,1,0,0,0,354,2,40,0
1990,32,1,0,0,2,0,253,4,55,0
1990,28,2,0,0,2,1,313,0,0,0
1990,68,1,3,0,0,1,0,0,0,0
1990,59,2,3,0,0,1,208,3,0,0
1990,32,1,0,0,0,1,453,5,40,0
1990,33,2,0,0,0,0,22,5,40,0
1990,35,2,2,0,0,1,0,0,0,0
1990,26,1,0,0,0,1,804,3,54,0
1990,23,2,0,1,0,1,379,5,0,0
1990,61,1,0,0,0,0,696,5,40,1
1990,51,2,0,0,0,0,0,0,0,0
1990,28,1,1,0,2,0,267,3,0,0
1990,76,1,0,0,0,1,0,0,0,0
1990,71,2,0,0,0,1,0,0,0,0
1990,44,1,2,0,0,0,734,1,50,0
1990,43,2,2,0,0,1,243,3,50,0
1990,20,2,1,0,0,0,447,5,40,0
1990,36,1,0,0,0,1,453,2,40,1
1990,37,2,0,0,0,1,458,4,24,0
1990,79,2,0,0,1,0,0,0,0,0
1990,79,2,3,0,0,0,0,0,0,0
1990,32,2,2,1,0,0,449,4,48,0
1990,39,1,0,0,0,1,505,3,40,0
1990,34,2,0,0,0,1,0,0,0,0
1990,22,1,1,0,0,1,418,6,40,0
1990,19,2,1,0,0,1,406,4,25,0
1990,35,1,0,0,0,1,889,5,40,0
1990,32,2,0,0,0,1,234,4,40,0
1990,38,2,2,0,0,1,27,5,40,0
1990,33,1,2,0,0,1,505,4,40,0
1990,59,1,0,0,0,0,747,4,40,0
1990,48,2,0,0,0,0,889,1,40,0
1990,18,2,1,0,0,0,274,3,26,0
1990,42,1,0,0,0,1,259,3,40,1
1990,36,2,0,0,0,1,379,5,40,0
1990,26,1,1,0,0,0,575,0,45,0
1990,23,2,1,0,0,0,808,5,40,0
1990,35,1,0,0,0,0,804,2,41,0
1990,31,2,0,0,0,1,313,5,22,0
1990,35,1,0,1,0,0,453,5,0,0
1990,27,2,0,0,0,0,17,3,25,0
1990,41,1,0,3,0,1,257,0,50,0
1990,39,2,0,3,0,1,337,5,40,0
1990,24,1,0,0,1,0,486,4,40,0
1990,19,2,0,0,0,0,785,1,0,0
1990,50,2,3,0,1,0,0,0,0,0
1990,33,1,0,0,0,1,418,6,40,0
1990,20,2,0,0,0,1,315,4,40,0
1990,38,2,1,0,0,1,213,2,40,0
1990,37,1,0,0,0,1,418,6,40,0
1990,37,2,0,0,1,1,355,2,40,0
1990,36,1,0,3,3,1,354,2,40,0
1990,37,2,0,3,3,1,23,3,40,0
1990,69,1,3,3,0,0,829,2,40,0
1990,29,2,1,3,0,0,765,1,30,0
1990,20,1,1,2,0,0,829,6,50,0
1990,31,1,0,2,0,0,637,1,40,0
1990,31,2,0,2,0,0,313,4,40,0
1990,21,2,1,2,0,1,449,4,0,0
1990,31,1,0,3,3,1,23,4,0,0
1990,28,2,0,3,3,1,53,0,0,0
1990,33,1,0,0,0,1,804,2,50,0
1990,34,2,0,0,0,0,385,3,40,0
1990,28,2,3,0,0,1,276,3,40,0
1990,78,2,3,0,0,0,0,0,0,0
1990,59,1,3,0,0,0,783,2,40,0
1990,27,2,1,0,0,0,274,3,24,0
1990,32,2,0,0,0,1,204,5,40,0
1990,40,1,0,0,0,1,254,5,20,0
1990,62,1,2,0,0,1,36,5,40,0
1990,43,2,2,0,0,1,178,5,36,0
1990,66,2,3,0,0,1,27,4,0,1
1990,35,2,2,0,0,1,95,5,20,0
1990,40,1,0,0,2,1,154,5,40,0
1990,39,2,0,0,2,1,154,5,25,0
1990,49,2,2,0,0,1,318,2,40,0
1990,31,1,0,0,0,1,8,2,50,1
1990,30,2,0,0,0,1,13,3,0,0
1990,37,2,0,0,0,1,466,5,0,0
1990,43,1,0,0,0,1,869,0,40,0
1990,19,2,0,0,0,0,275,4,30,0
1990,22,1,0,0,0,0,889,3,40,0
1990,46,2,1,0,0,1,313,3,40,0
1990,48,1,0,0,1,0,486,0,30,0
1990,49,2,0,0,0,0,0,0,0,0
1990,19,2,1,0,0,0,439,3,26,0
1990,21,2,0,0,0,1,303,4,40,0
1990,26,1,0,3,0,1,224,6,40,0
1990,35,1,0,0,0,0,589,0,40,0
1990,35,2,0,0,0,0,253,4,4,0
1990,48,1,3,0,0,1,595,0,48,0
1990,49,1,0,1,0,1,0,0,0,0
1990,46,2,0,1,0,1,25,4,50,1
1990,25,1,1,1,0,1,34,2,0,0
1990,37,1,0,0,0,0,243,3,50,1
1990,41,2,0,0,0,0,276,3,20,0
1990,64,1,0,0,0,1,515,2,40,0
1990,67,2,0,0,0,1,319,4,55,0
1990,32,2,1,0,0,1,13,4,42,0
1990,41,2,3,0,0,1,467,5,52,0
1990,48,1,1,0,0,0,869,0,40,0
1990,26,1,0,2,1,0,486,0,46,0
1990,21,2,0,2,1,0,0,0,0,0
1990,28,1,0,2,1,0,436,3,40,0
1990,25,2,0,2,1,0,0,0,0,0
1990,47,1,0,1,0,1,253,4,40,1
1990,46,2,0,1,0,1,156,5,30,0
1990,18,2,1,1,0,0,0,0,0,0
1990,35,1,1,0,0,0,229,1,40,1
1990,59,1,0,3,3,1,337,2,40,0
1990,54,2,0,3,3,1,95,5,32,0
1990,64,2,2,0,0,1,376,6,0,0
1990,36,2,2,0,0,0,7,4,40,0
1990,57,1,0,0,0,1,889,2,0,0
1990,40,2,0,0,0,1,25,4,40,0
1990,52,1,0,0,0,1,575,0,40,1
1990,47,2,0,0,0,0,253,4,40,0
1990,29,1,0,0,0,1,22,1,50,0
1990,28,2,0,0,0,1,23,3,40,0
1990,68,1,2,0,0,1,156,5,30,0
1990,38,1,1,0,0,1,156,5,40,0
1990,44,1,2,0,0,1,274,3,30,1
1990,62,1,0,0,0,1,274,3,40,0
1990,60,2,0,0,0,0,337,3,40,0
1990,68,2,2,0,0,0,0,0,0,0
1990,48,2,1,0,0,1,7,5,42,0
1990,47,2,2,0,0,1,365,6,40,0
1990,33,2,2,0,0,1,23,4,50,0
1990,20,2,1,3,3,0,385,4,0,0
1990,64,1,0,0,0,0,507,2,40,0
1990,60,2,0,3,0,0,337,0,40,0
1990,38,1,2,3,0,0,889,0,40,0
1990,62,1,2,3,0,0,0,0,0,0
1990,42,1,0,0,0,1,13,1,40,0
1990,46,2,0,0,0,1,156,5,0,0
1990,47,1,0,3,3,1,216,1,40,1
1990,45,2,0,3,3,1,379,4,40,0
1990,23,1,1,3,0,1,243,3,40,0
1990,19,1,1,3,0,0,877,3,20,0
1990,79,2,1,3,3,0,0,0,0,0
1990,47,1,0,0,0,1,22,1,45,1
1990,47,2,0,0,0,1,0,0,0,0
1990,39,2,2,0,0,1,379,6,40,0
1990,45,1,0,0,0,1,365,3,40,0
1990,39,2,0,0,0,1,319,6,37,0
1990,40,1,0,0,0,1,518,5,40,0
1990,39,2,0,0,0,0,436,5,20,0
1990,55,1,0,0,0,1,23,6,40,1
1990,58,2,0,0,0,0,319,5,14,0
1990,43,2,1,3,0,1,56,5,84,0
1990,40,2,1,0,0,1,65,4,40,0
1990,48,2,2,0,0,1,303,5,40,0
1990,23,2,1,0,0,1,435,3,50,0
1990,35,1,2,0,0,1,259,1,40,1
1990,77,2,3,0,0,1,0,0,0,0
1990,50,1,3,0,0,0,785,3,40,0
1990,38,1,2,0,0,0,677,5,40,0
1990,41,2,2,0,0,1,26,5,24,0
1990,19,1,1,0,0,0,869,0,50,0
1990,73,2,3,0,0,0,0,0,0,0
1990,57,1,0,0,0,1,22,4,60,1
1990,53,2,0,0,0,1,164,5,35,0
1990,36,1,0,0,0,1,226,6,40,1
1990,36,2,0,0,0,1,0,0,0,0
1990,69,1,0,0,0,1,53,5,30,0
1990,67,2,0,0,0,1,0,0,0,0
1990,36,1,0,0,0,1,195,1,40,0
1990,32,2,0,0,0,1,195,1,40,0
1990,70,2,0,0,2,0,0,0,0,0
1990,38,1,0,0,0,1,55,1,40,1
1990,37,2,0,0,0,1,154,5,40,0
1990,38,2,0,0,0,1,274,3,6,0
1990,36,1,0,0,0,1,22,4,50,0
1990,31,1,1,0,0,1,589,0,40,0
1990,25,2,1,0,0,1,166,1,40,0
1990,73,1,0,0,0,0,534,4,32,0
1990,59,2,0,0,0,1,159,2,40,0
1990,32,1,0,0,0,1,22,4,40,0
1990,40,2,0,3,3,1,447,5,40,0
1990,62,1,2,0,0,1,9,2,45,0
1990,73,2,3,0,0,1,449,4,20,0
1990,33,1,1,0,0,1,486,0,20,0
1990,34,1,2,3,0,1,235,1,40,0
1990,34,2,3,0,0,1,27,5,0,0
1990,35,2,1,0,0,1,21,5,40,0
1990,70,2,1,0,0,1,0,0,0,0
1990,34,1,0,0,0,1,567,0,40,0
1990,27,2,0,0,0,0,185,3,40,0
1990,43,1,0,0,0,1,229,4,35,1
1990,41,2,0,0,0,1,379,4,35,0
1990,33,1,0,0,2,1,797,1,0,0
1990,25,2,0,0,2,1,64,5,41,0
1990,58,1,2,0,3,0,0,0,0,0
1990,65,1,0,0,0,1,26,5,40,1
1990,65,2,0,0,0,1,0,0,0,0
1990,60,1,0,3,3,1,376,6,40,0
1990,50,2,0,0,0,1,22,2,40,1
1990,34,1,1,0,0,1,255,4,35,1
1990,66,2,3,0,0,1,0,0,0,0
1990,78,1,0,0,0,1,96,3,30,0
1990,79,2,0,0,0,1,313,4,40,0
1990,78,1,0,0,0,1,0,0,0,0
1990,75,2,0,0,0,1,0,0,0,0
1990,77,2,3,0,0,0,0,0,0,0
1990,48,1,0,3,3,1,23,5,50,1
1990,42,2,0,3,3,1,22,5,40,0
1990,51,1,1,0,2,1,259,1,45,1
1990,50,1,0,0,0,1,84,5,60,1
1990,49,2,0,0,0,1,185,4,50,0
1990,36,2,1,0,0,1,7,0,40,0
1990,61,1,0,0,0,1,26,5,30,0
1990,57,2,0,0,0,1,0,0,0,0
1990,42,1,2,1,0,1,22,5,40,1
1990,30,2,0,2,0,1,156,5,40,0
1990,37,1,0,0,0,1,159,5,50,0
1990,28,1,0,0,0,1,783,1,40,0
1990,29,2,0,0,0,1,466,5,7,0
1990,24,2,1,0,0,0,376,1,60,0
1990,25,2,2,0,0,0,319,4,40,0
1990,47,1,0,0,0,1,22,3,40,1
1990,46,2,0,0,0,1,315,4,40,0
1990,46,1,0,0,0,1,48,5,40,0
1990,46,2,0,3,3,1,235,5,20,0
1990,19,2,1,3,0,1,777,3,30,0
1990,25,1,0,0,0,0,688,1,40,0
1990,28,2,0,0,0,0,7,4,40,0
1990,36,1,0,0,0,1,13,1,55,1
1990,36,2,0,0,0,1,0,0,0,0
1990,48,1,0,0,0,1,22,3,60,1
1990,47,2,0,0,0,0,877,3,40,0
1990,41,1,0,0,0,1,22,3,50,1
1990,40,2,0,0,0,1,338,3,4,0
1990,27,1,1,0,0,1,259,3,42,0
1990,26,2,1,0,0,1,313,5,40,0
1990,62,1,0,0,0,1,426,4,40,0
1990,54,2,0,0,0,0,379,4,40,0
1990,44,1,0,0,0,1,63,4,40,0
1990,40,2,0,0,0,1,254,4,40,0
1990,37,2,2,0,0,1,22,2,60,0
1990,65,1,0,0,0,1,258,1,8,0
1990,62,2,0,0,0,0,0,0,0,0
1990,41,1,0,0,0,1,255,4,50,1
1990,43,2,0,0,0,0,463,2,40,0
1990,43,1,0,0,0,1,243,3,50,1
1990,43,2,0,0,0,1,13,1,45,0
1990,51,2,2,0,0,1,466,5,50,0
1990,43,1,0,0,0,1,33,5,60,1
1990,42,2,0,0,0,1,0,0,0,0
1990,21,1,1,0,0,1,443,3,20,0
1990,38,1,0,3,0,1,13,2,40,1
1990,36,2,0,0,0,1,156,5,40,1
1990,33,2,0,0,0,1,176,5,40,0
1990,62,1,0,0,0,1,883,4,20,0
1990,30,1,1,0,0,1,178,5,40,0
1990,67,2,2,0,0,0,877,0,40,0
1990,31,1,0,0,0,1,257,4,50,1
1990,33,2,0,0,0,1,466,5,0,0
1990,71,1,0,0,0,1,558,0,45,1
1990,66,2,0,0,0,1,337,4,8,1
1990,65,1,0,0,0,1,658,0,30,1
1990,60,2,0,0,0,1,327,3,24,0
1990,74,1,0,0,0,0,0,0,0,0
1990,68,2,0,0,2,0,0,0,0,0
1990,35,2,1,0,0,1,64,2,40,1
1990,49,1,0,3,3,1,229,2,48,1
1990,47,2,0,3,3,1,203,5,24,0
1990,38,1,0,0,0,1,558,0,70,1
1990,34,2,0,0,0,1,337,5,40,0
1990,33,1,0,0,0,1,59,3,50,1
1990,30,2,0,0,0,1,166,4,24,0
1990,22,1,1,3,3,1,0,0,0,0
1990,55,1,0,0,0,1,22,1,50,1
1990,50,2,0,0,0,1,318,2,40,0
1990,20,2,1,0,0,1,264,3,16,0
1990,18,1,1,0,0,0,174,5,16,0
1990,65,1,0,0,0,1,157,5,40,0
1990,63,2,0,0,0,0,29,3,0,0
1990,76,1,0,3,3,1,0,0,0,0
1990,76,2,0,3,3,1,0,0,0,0
1990,66,2,3,0,0,0,0,0,0,0
1990,42,1,0,0,0,1,243,3,50,1
1990,31,2,0,0,0,1,17,3,40,0
1990,41,1,2,0,0,1,18,4,50,0
1990,54,1,0,0,0,1,55,2,40,1
1990,53,2,0,0,0,1,156,5,20,0
1990,57,1,0,0,0,1,259,3,40,0
1990,58,2,0,0,0,1,0,0,0,0
1990,55,1,0,0,0,1,17,4,60,1
1990,55,2,0,0,0,1,0,0,0,1
1990,27,1,1,0,0,1,318,2,45,0
1990,69,1,0,0,0,0,25,4,0,0
1990,69,2,0,0,4,1,0,0,0,0
1990,51,2,2,1,0,1,163,5,40,0
1990,31,2,1,1,0,1,208,5,40,0
1990,78,1,0,0,0,0,0,0,0,0
1990,68,2,0,0,0,0,0,0,0,0
1990,77,1,0,3,3,1,59,5,56,1
1990,78,2,0,3,3,1,0,0,0,0
1990,72,1,0,0,0,1,0,0,0,0
1990,65,2,0,0,0,1,156,5,0,0
1990,28,2,2,0,0,1,328,5,40,0
1990,29,1,1,0,0,1,435,3,40,0
1990,43,1,0,3,3,1,83,5,40,0
1990,42,2,0,3,3,1,0,0,0,0
1990,78,1,0,0,0,1,0,0,0,0
1990,75,2,0,0,0,0,0,0,0,0
1990,33,1,2,0,0,0,804,2,50,0
1990,25,2,0,0,0,0,327,1,30,0
1990,29,1,0,0,0,1,78,5,40,0
1990,50,2,1,0,0,1,194,5,45,1
1990,42,2,3,0,0,1,27,5,30,0
1990,47,1,3,0,0,1,156,5,40,0
1990,59,2,2,0,0,1,283,2,20,0
1990,29,2,0,0,0,1,14,5,40,0
1990,30,1,0,0,0,1,235,5,47,0
1990,50,1,0,0,0,1,253,4,40,1
1990,42,2,0,0,0,1,185,4,50,0
1990,47,2,2,3,3,0,313,5,0,0
1990,46,1,2,0,0,0,567,0,20,0
1990,44,2,2,0,0,0,159,5,30,0
1990,55,1,0,0,0,1,0,0,0,0
1990,53,2,0,0,0,0,276,3,40,0
1990,25,1,1,0,0,1,48,1,40,0
1990,59,2,0,1,0,1,389,6,40,0
1990,63,1,0,0,0,1,0,0,0,0
1990,19,2,1,1,1,0,276,3,25,0
1990,68,1,0,0,0,1,558,0,40,0
1990,66,2,0,0,0,0,0,0,0,0
1990,48,1,0,3,3,1,235,5,40,1
1990,42,2,0,3,3,1,0,0,0,0
1990,39,1,0,0,0,0,699,1,40,0
1990,38,2,0,0,0,0,888,3,20,0
1990,35,1,0,0,0,1,7,4,40,0
1990,35,2,0,0,2,1,0,0,0,0
1990,38,1,0,0,0,1,418,6,56,1
1990,38,2,0,0,0,1,276,3,24,0
1990,35,1,0,0,0,1,567,1,65,0
1990,33,2,0,0,0,0,328,5,25,0
1990,26,2,2,1,0,1,95,5,35,0
1990,38,1,0,0,0,1,22,5,50,1
1990,38,2,0,0,0,0,0,0,0,0
1990,30,1,1,0,0,1,215,2,40,0
1990,25,2,1,0,0,1,56,5,40,0
1990,43,1,3,3,3,1,365,1,40,0
1990,69,1,0,3,3,1,0,0,0,0
1990,67,2,0,3,3,0,444,3,30,0
1990,20,1,1,3,3,0,628,3,40,0
1990,36,2,1,0,0,0,549,4,40,0
1990,47,2,2,0,0,1,156,5,40,0
1990,48,1,3,0,0,1,156,5,50,0
1990,33,2,1,0,0,1,22,3,40,0
1990,39,2,1,0,0,1,95,5,26,0
1990,67,1,0,0,2,0,0,0,0,0
1990,69,2,0,0,2,0,0,0,0,0
1990,25,2,1,0,0,1,197,4,40,0
1990,26,2,1,0,0,1,23,0,40,0
1990,25,2,1,0,0,1,22,5,40,0
1990,30,1,1,0,3,1,274,3,40,0
1990,30,2,1,3,3,0,0,0,0,0
1990,78,2,3,3,3,0,0,0,0,0
1990,30,2,1,0,0,1,434,3,70,0
1990,20,2,1,3,3,1,22,4,10,0
1990,46,1,0,3,3,0,276,3,40,0
1990,43,2,0,3,3,0,0,0,0,0
1990,25,1,0,2,1,1,877,3,40,0
1990,28,2,0,2,1,0,466,5,35,0
1990,25,2,1,2,1,0,466,5,40,0
1990,21,2,1,2,1,1,407,4,25,0
1990,37,2,1,0,0,1,95,5,40,0
1990,46,1,1,0,0,1,156,5,40,0
1990,31,1,1,0,3,1,157,5,35,0
1990,19,1,1,0,3,0,276,5,20,0
1990,23,1,1,0,0,1,329,5,15,0
1990,45,1,2,0,0,0,243,3,40,1
1990,21,1,1,0,0,1,461,5,0,0
1990,55,1,1,0,0,1,176,5,32,1
1990,48,2,1,0,0,1,188,1,35,0
1990,35,1,0,1,0,1,354,2,0,0
1990,29,2,0,1,0,0,0,0,0,0
1990,49,2,1,0,2,0,313,5,37,0
1990,57,1,1,0,1,0,449,4,40,0
1990,62,2,0,1,0,1,156,5,0,0
1990,65,1,0,1,0,0,227,6,0,0
1990,43,1,3,3,0,1,357,1,40,0
1990,34,1,1,1,0,1,316,6,20,0
1990,34,1,1,0,0,0,364,1,30,0
1990,28,1,1,2,1,1,434,3,30,0
1990,32,1,1,0,0,1,458,4,0,0
1990,45,1,2,2,0,1,23,6,40,0
1990,30,1,1,2,0,1,23,4,40,0
1990,70,2,3,1,0,0,95,5,22,0
1990,33,1,0,3,4,0,637,1,40,0
1990,32,2,0,3,3,1,687,3,20,0
1990,29,1,3,3,4,1,785,1,40,0
1990,59,2,3,3,3,0,0,0,0,0
1990,28,2,1,0,0,1,363,4,35,0
1990,23,2,1,0,0,1,185,1,40,0
1990,27,2,1,0,0,1,313,5,45,0
1990,38,1,1,0,0,1,558,0,40,1
1990,32,1,1,0,0,1,254,4,50,0
1990,43,2,2,0,1,1,446,5,24,0
1990,24,1,1,0,0,1,37,5,40,0
1990,20,1,1,0,0,1,274,3,50,0
1990,47,1,0,0,0,1,22,1,50,1
1990,41,2,0,0,0,1,243,3,55,1
1990,33,2,1,3,0,1,7,4,32,0
1990,29,1,1,0,0,1,22,4,70,0
1990,21,2,1,3,1,1,0,0,0,0
1990,23,2,1,3,1,1,0,0,0,0
1990,19,1,1,3,1,1,0,0,0,0
1990,70,1,0,0,0,0,354,2,40,0
1990,67,2,0,0,0,0,23,4,0,0
1990,39,1,0,3,3,1,163,5,35,0
1990,35,2,0,3,3,1,95,5,32,1
1990,30,2,3,0,2,1,315,5,35,0
1990,62,2,3,3,3,1,17,3,0,0
1990,54,1,2,0,0,1,337,4,40,1
1990,20,1,1,0,0,1,426,3,35,0
1990,20,1,1,0,0,1,426,3,30,0
1990,45,1,0,3,3,1,17,3,40,1
1990,32,2,0,3,3,0,0,0,0,0
1990,51,1,0,3,3,1,22,3,40,1
1990,47,2,0,3,3,1,0,0,0,0
1990,18,2,1,3,3,0,0,0,0,0
1990,77,2,3,3,3,0,0,0,0,0
1990,35,1,1,3,3,1,55,1,40,0
1990,64,2,2,0,0,1,0,0,0,0
1990,27,1,0,0,0,1,434,3,30,0
1990,26,2,0,0,0,1,434,3,80,0
1990,47,1,3,3,3,1,22,0,50,0
1990,47,1,1,3,3,1,0,0,0,0
1990,44,1,0,0,0,0,514,4,0,0
1990,45,2,0,3,3,1,95,5,56,1
1990,41,1,0,0,2,1,377,5,0,0
1990,45,2,0,0,2,1,0,0,0,0
1990,43,1,0,3,3,0,567,0,50,1
1990,40,2,0,3,3,1,313,0,40,0
1990,41,1,0,3,3,1,17,3,60,0
1990,41,2,0,3,3,1,274,3,40,0
1990,52,2,3,0,2,1,73,4,40,0
1990,27,2,3,0,2,1,229,4,42,0
1990,47,1,0,0,0,1,243,4,40,0
1990,55,2,0,0,1,1,313,4,37,0
1990,25,1,1,0,1,1,234,5,27,0
1990,60,2,0,3,3,0,449,4,40,0
1990,64,1,0,3,3,0,439,3,0,0
1990,37,2,3,3,3,1,213,2,40,0
1990,30,1,1,3,3,1,345,1,40,0
1990,28,2,1,3,3,1,23,4,40,0
1990,31,1,2,0,0,1,154,5,40,0
1990,32,2,1,0,0,1,15,5,45,0
1990,36,1,0,0,2,1,804,3,56,0
1990,30,2,0,0,4,0,264,3,40,0
1990,56,2,0,0,0,1,0,0,0,0
1990,67,1,0,0,4,1,0,0,0,0
1990,31,1,0,0,0,1,84,5,70,0
1990,24,2,0,0,2,1,435,3,20,0
1990,40,1,0,0,0,1,205,5,40,0
1990,43,2,0,0,0,1,95,5,40,1
1990,62,2,0,3,3,0,744,1,35,0
1990,71,1,0,3,3,0,0,0,0,0
1990,65,1,0,0,0,0,585,0,44,1
1990,64,2,0,0,0,0,337,0,0,0
1990,34,1,0,0,0,1,178,4,65,1
1990,36,2,0,0,0,1,243,4,65,1
1990,37,2,0,0,0,1,259,3,45,0
1990,31,1,0,0,4,1,436,3,30,0
1990,33,1,1,0,0,1,22,4,50,1
1990,46,1,3,0,0,1,178,3,50,1
1990,36,2,3,3,3,0,744,1,0,0
1990,35,1,1,3,3,1,0,0,0,0
1990,42,2,1,3,0,1,22,2,50,1
1990,55,2,2,3,3,1,315,4,40,0
1990,34,1,0,0,0,1,18,4,40,1
1990,31,2,0,0,0,1,21,5,40,0
1990,50,2,1,2,1,0,406,4,50,0
1990,51,2,2,0,0,1,166,4,40,1
1990,29,2,1,0,0,1,166,4,60,0
1990,42,1,1,0,0,0,462,5,40,0
1990,62,1,0,3,3,0,444,3,10,0
1990,62,2,0,3,3,0,747,1,48,0
1990,31,1,0,3,3,0,686,3,54,0
1990,28,1,0,3,3,0,667,1,48,0
1990,24,1,1,3,3,0,436,3,50,0
1990,31,1,1,0,0,1,178,5,40,0
1990,47,1,1,0,0,1,313,4,40,0
1990,60,2,3,3,3,0,0,0,0,0
1990,63,1,0,0,0,1,176,5,20,0
1990,65,2,0,0,0,1,389,1,30,1
1990,57,1,0,3,3,0,436,3,40,0
1990,44,2,0,3,3,1,744,1,48,0
1990,72,2,3,3,3,0,0,0,0,0
1990,43,2,3,1,0,1,385,5,40,0
1990,69,2,3,3,3,0,0,0,0,0
1990,22,2,1,0,0,1,159,5,40,0
1990,35,1,0,0,0,0,856,2,40,0
1990,37,2,0,0,0,0,889,2,40,0
1990,32,1,0,0,0,0,869,0,45,0
1990,31,2,0,0,0,1,15,5,35,0
1990,72,2,3,0,0,0,0,0,0,0
1990,44,2,2,0,0,1,156,5,40,1
1990,49,1,1,0,0,1,185,0,40,0
1990,67,2,3,0,0,1,0,0,0,0
1990,32,2,1,0,0,1,178,5,40,1
1990,50,2,1,0,0,1,25,5,33,0
1990,38,1,1,0,0,1,178,5,45,1
1990,75,1,0,0,0,0,257,2,0,0
1990,76,2,0,0,0,0,0,0,0,0
1990,23,2,1,0,0,1,445,4,40,0
1990,75,1,3,0,0,1,0,0,0,0
1990,33,2,1,3,0,1,264,3,27,0
1990,39,2,1,0,2,1,274,3,40,0
1990,58,1,1,0,0,0,469,3,35,0
1990,63,1,0,0,0,0,22,3,50,1
1990,50,2,0,0,0,1,0,0,0,1
1990,44,2,1,0,2,1,313,5,35,0
1990,33,1,1,0,0,1,254,4,60,1
1990,52,2,2,3,0,1,243,4,40,0
1990,66,1,1,2,4,0,786,1,0,0
1990,22,1,1,0,0,1,228,6,48,0
1990,40,1,0,0,0,1,904,6,56,0
1990,40,2,0,0,0,1,156,5,40,0
1990,28,1,1,0,0,1,195,1,40,0
1990,23,2,1,0,0,1,8,4,35,0
1990,27,1,1,0,0,1,433,3,40,0
1990,33,1,1,0,0,0,434,3,0,0
1990,37,2,3,0,1,0,466,5,30,0
1990,18,1,1,0,1,0,0,0,0,0
1990,19,1,1,0,1,0,0,0,0,0
1990,38,1,1,0,0,1,65,4,35,0
1990,64,2,1,0,2,0,407,4,50,0
1990,42,1,2,1,0,1,185,4,0,0
1990,25,2,0,0,0,1,337,3,40,0
1990,26,1,0,0,0,1,696,1,50,0
1990,80,1,0,0,0,0,0,0,0,0
1990,80,2,0,0,0,1,0,0,0,0
1990,43,1,1,0,0,1,17,4,40,0
1990,43,2,2,0,0,1,17,3,40,0
1990,56,1,0,2,1,0,779,1,40,0
1990,45,2,0,2,1,0,467,5,39,0
1990,67,2,3,2,1,0,796,3,0,0
1990,18,1,1,2,0,0,453,4,41,0
1990,29,1,2,2,1,0,883,1,40,0
1990,27,2,3,2,0,0,259,1,40,0
1990,21,1,0,2,1,0,444,3,0,0
1990,48,2,0,2,1,1,379,6,40,0
1990,18,1,1,2,0,0,259,3,20,0
1990,57,1,3,2,1,0,444,4,0,0
1990,70,2,3,0,2,0,343,4,0,0
1990,56,2,0,1,0,1,316,5,40,0
1990,67,1,0,1,0,0,588,0,40,0
1990,47,2,2,1,0,0,674,1,0,0
1990,61,2,2,1,0,0,0,0,0,0
1990,67,2,3,1,0,1,0,0,0,0
1990,46,1,3,1,0,1,0,0,0,0
1990,49,1,2,1,0,1,0,0,0,0
1990,56,1,0,3,3,0,436,3,40,0
1990,55,2,0,3,3,0,444,1,35,0
1990,30,1,1,3,3,1,22,4,40,0
1990,27,1,1,3,3,1,23,2,40,0
1990,56,1,1,0,0,1,909,6,0,0
1990,39,1,1,0,1,0,276,3,0,0
1990,55,2,1,0,0,0,385,4,40,0
1990,32,2,1,0,0,1,217,4,18,0
1990,32,1,0,3,3,0,436,3,48,0
1990,23,2,0,3,3,0,0,0,0,0
1990,24,1,1,0,0,1,234,5,9,0
1990,52,1,2,0,0,1,877,3,38,0
1990,76,1,0,3,3,1,0,0,0,0
1990,73,2,0,3,3,1,0,0,0,0
1990,28,1,1,0,0,0,348,4,40,0
1990,38,1,2,0,0,1,253,4,40,0
1990,28,1,1,0,0,1,461,5,40,0
1990,71,1,0,3,3,0,0,0,0,0
1990,67,2,0,3,3,0,0,0,0,0
1990,35,1,3,3,4,1,17,0,40,0
1990,35,1,1,0,0,1,23,2,45,0
1990,36,1,1,0,0,1,23,4,50,0
1990,43,1,2,2,1,1,808,2,46,0
1990,36,2,3,0,0,0,0,0,0,0
1990,61,1,3,0,0,0,0,0,0,0
1990,28,1,1,2,1,1,157,5,16,0
1990,27,1,1,2,0,0,436,3,40,0
1990,61,2,0,0,0,0,313,5,40,0
1990,62,1,0,0,2,0,554,5,40,1
1990,38,1,1,0,0,0,599,0,40,0
1990,25,1,1,0,3,1,84,5,40,1
1990,26,2,1,0,0,1,206,5,45,0
1990,25,2,1,0,0,1,283,1,50,0
1990,32,1,1,0,0,1,435,3,36,0
1990,43,1,2,0,0,1,756,1,38,0
1990,34,1,1,0,0,1,197,2,45,1
1990,38,1,1,0,0,1,696,2,40,0
1990,31,2,1,0,0,1,335,5,60,0
1990,26,2,0,0,0,1,178,5,50,0
1990,26,1,0,0,0,1,223,5,20,0
1990,34,1,0,0,2,1,585,0,40,0
1990,32,2,0,0,2,1,466,5,0,0
1990,76,1,1,0,0,1,0,0,0,0
1990,40,1,0,0,2,0,579,5,40,0
1990,51,2,0,0,0,1,157,5,35,0
1990,26,2,1,1,4,1,375,4,39,0
1990,28,2,1,0,0,1,177,5,0,0
1990,38,2,1,2,1,0,255,4,40,1
1990,24,1,1,3,3,1,64,3,40,0
1990,65,1,0,0,0,1,809,2,60,0
1990,67,2,0,0,0,1,444,5,15,0
1990,34,1,1,0,0,0,567,0,40,0
1990,30,1,1,0,0,0,514,4,48,0
1990,35,2,1,0,0,0,0,0,0,0
1990,31,2,1,0,0,1,687,3,40,0
1990,26,2,1,0,0,1,23,5,35,0
1990,26,2,1,0,0,1,183,5,45,0
1990,49,2,0,0,0,1,178,5,15,0
1990,53,1,0,0,0,0,259,1,40,0
1990,54,1,1,0,0,1,22,1,40,1
1990,42,2,1,0,0,1,463,2,60,0
1990,33,1,0,3,0,1,558,0,40,0
1990,32,2,0,3,0,1,156,5,40,0
1990,42,1,0,0,0,1,22,0,50,1
1990,42,2,0,0,0,1,178,5,50,1
1990,50,2,3,2,1,0,313,0,40,0
1990,48,1,2,3,0,1,185,4,50,1
1990,60,2,0,0,0,0,319,5,40,0
1990,80,1,0,0,0,1,457,4,0,0
1990,73,2,3,0,0,1,0,0,0,0
1990,63,2,3,0,0,0,0,0,0,0
1990,58,1,1,0,1,0,444,5,52,0
1990,31,1,0,0,1,1,426,4,50,0
1990,26,2,0,0,1,0,435,3,0,0
1990,42,2,3,1,0,1,385,4,40,0
1990,38,1,0,0,0,1,243,3,40,0
1990,32,2,0,3,3,1,37,4,35,0
1990,59,1,0,3,3,1,59,3,20,0
1990,58,2,0,3,3,0,0,0,0,0
1990,38,1,2,0,0,1,267,3,40,0
1990,38,1,3,0,0,1,243,3,45,1
1990,78,2,3,0,0,1,0,0,0,0
1990,21,2,1,0,0,1,275,4,18,0
1990,77,1,3,0,0,0,185,3,40,0
1990,54,1,1,0,0,1,8,5,50,1
1990,49,1,1,0,0,1,33,5,38,0
1990,26,2,1,0,0,1,95,4,40,0
1990,28,1,2,0,0,1,13,1,20,0
1990,72,2,3,0,1,0,0,0,0,0
1990,66,2,3,0,1,0,466,5,30,0
1990,39,1,0,0,1,0,18,4,40,0
1990,28,2,0,0,1,0,407,4,40,0
1990,60,1,0,3,0,0,804,5,42,0
1990,52,2,0,0,0,0,0,0,0,0
1990,33,2,0,2,0,1,379,4,40,0
1990,54,1,0,1,0,1,774,4,40,0
1990,56,1,0,2,0,0,0,0,0,0
1990,38,2,0,2,0,0,637,1,40,0
1990,39,1,2,0,0,1,22,0,40,0
1990,34,1,1,0,0,1,21,5,40,0
1990,34,1,1,0,0,1,187,2,42,0
1990,80,2,3,3,3,1,0,0,0,0
1990,65,2,3,3,3,1,0,0,0,0
1990,56,1,0,3,3,1,449,4,40,0
1990,45,2,0,3,3,1,383,4,40,0
1990,49,2,1,3,3,1,5,6,40,0
1990,42,1,0,3,3,0,575,0,40,0
1990,34,2,0,3,3,0,744,1,40,0
1990,68,1,0,3,3,0,0,0,0,0
1990,59,2,0,3,3,0,0,0,0,0
1990,25,2,1,3,3,1,444,3,0,0
1990,30,1,1,3,3,1,235,3,0,0
1990,28,2,1,3,3,1,445,5,0,0
1990,46,1,0,3,3,1,338,6,40,0
1990,43,2,0,3,3,0,785,3,40,0
1990,80,2,3,0,2,0,0,0,0,0
1990,46,2,2,1,0,1,229,4,40,0
1990,25,1,1,1,0,1,426,5,40,0
1990,25,2,1,1,0,1,257,4,40,0
1990,40,1,0,0,1,0,687,1,37,0
1990,29,2,0,0,1,0,748,4,40,0
1990,65,1,0,3,3,1,439,3,66,1
1990,45,2,0,3,3,0,744,1,40,0
1990,29,1,0,0,1,1,585,0,40,0
1990,28,2,0,0,1,0,379,2,40,0
1990,38,2,1,2,1,0,436,3,40,0
1990,27,1,1,2,1,0,0,0,0,0
1990,42,1,0,0,0,1,804,1,40,0
1990,40,2,0,0,0,1,423,6,40,0
1990,40,1,2,3,0,1,22,3,40,0
1990,76,2,0,2,0,0,0,0,0,0
1990,36,1,1,3,0,0,0,0,0,0
1990,22,1,1,0,0,0,577,0,40,0
1990,29,1,2,2,1,0,235,3,40,0
1990,65,1,0,3,3,0,436,3,48,0
1990,51,2,0,3,3,0,744,1,0,0
1990,28,1,0,3,3,0,883,2,40,0
1990,27,2,0,3,3,0,379,2,40,0
1990,26,1,1,3,3,1,443,3,40,0
1990,21,1,1,3,3,0,308,2,35,0
1990,29,2,0,0,1,1,407,4,99,0
1990,32,1,0,0,1,0,436,3,99,0
1990,36,1,1,0,1,0,505,4,99,0
1990,33,2,1,1,0,1,379,4,0,0
1990,26,2,3,1,0,0,383,4,40,0
1990,70,2,3,2,0,0,0,0,0,0
1990,30,2,1,2,0,0,313,5,32,0
1990,33,1,1,2,0,0,883,2,40,0
1990,31,1,1,2,0,0,889,1,20,0
1990,48,1,1,2,0,0,889,1,0,0
1990,25,1,1,2,0,1,308,3,40,0
1990,39,1,0,3,3,0,235,1,40,0
1990,41,2,0,3,3,1,213,1,40,0
1990,49,1,1,0,0,1,23,1,40,0
1990,42,1,0,0,0,1,461,5,80,0
1990,33,2,0,3,0,1,445,5,0,0
1990,55,1,0,0,0,1,176,5,50,0
1990,58,2,0,0,0,1,313,5,0,0
1990,38,2,1,0,0,1,27,4,37,0
1990,33,1,1,2,1,1,869,0,40,0
1990,48,1,0,3,3,0,436,3,60,0
1990,45,2,0,3,3,0,444,3,48,0
1990,21,2,1,3,3,1,435,3,20,0
1990,20,1,1,3,3,0,243,3,60,0
1990,77,2,1,0,0,0,0,0,0,0
1990,37,2,0,0,0,1,13,5,40,1
1990,40,1,0,0,0,1,255,4,50,1
1990,35,2,1,0,0,1,178,5,50,1
1990,34,1,0,3,3,1,22,4,11,0
1990,35,2,0,3,3,1,383,4,46,0
1990,57,1,0,3,3,0,549,1,40,0
1990,56,2,0,3,3,0,368,3,40,0
1990,21,1,1,3,3,1,888,3,40,0
1990,23,2,1,3,3,1,379,5,20,0
1990,72,1,2,0,0,0,0,0,0,0
1990,75,2,2,3,0,0,678,5,50,0
1990,62,1,0,0,0,1,22,1,40,0
1990,59,2,0,0,0,1,22,5,0,0
1990,29,2,1,0,0,1,22,2,40,0
1990,62,2,3,0,0,1,0,0,0,1
1990,76,1,0,3,3,1,0,0,0,0
1990,63,2,0,3,3,0,0,0,0,0
1990,41,2,2,0,0,1,7,5,40,0
1990,55,1,2,0,0,1,27,4,40,0
1990,26,2,0,0,0,0,274,3,20,0
1990,29,1,0,0,0,0,303,6,40,0
1990,43,2,2,0,0,1,234,5,37,0
1990,75,2,3,1,0,1,0,0,0,0
1990,32,1,0,0,0,1,103,5,41,0
1990,29,2,0,0,0,1,316,5,40,0
1990,73,1,3,0,2,0,0,0,0,0
1990,43,1,0,3,3,0,435,3,40,0
1990,40,2,0,3,3,0,683,1,40,0
1990,28,1,3,3,3,1,0,0,0,0
1990,42,1,0,3,0,1,547,2,40,0
1990,42,2,0,3,3,1,95,5,40,0
1990,24,2,1,0,0,1,234,4,40,0
1990,32,1,2,3,3,1,859,1,40,0
1990,60,2,1,0,0,1,95,5,32,0
1990,73,2,1,3,0,1,0,0,0,0
1990,28,1,0,3,3,1,7,3,55,0
1990,28,2,0,3,3,1,276,3,0,0
1990,49,2,0,3,3,1,243,3,55,0
1990,59,1,0,3,3,0,0,0,0,0
1990,22,2,1,3,3,1,379,4,80,0
1990,24,2,1,3,3,1,137,5,20,0
1990,64,2,0,0,0,0,0,0,0,0
1990,72,1,0,0,0,0,0,0,0,0
1990,37,1,1,0,0,0,486,0,40,0
1990,68,1,3,0,0,1,243,3,10,1
1990,32,1,0,3,3,1,15,5,55,0
1990,34,2,0,3,3,0,313,4,0,0
1990,69,2,3,3,3,0,0,0,0,0
1990,43,1,1,0,0,1,804,2,40,0
1990,37,2,3,0,0,0,407,4,2,0
1990,19,2,0,0,0,1,458,4,6,0
1990,47,1,0,0,0,0,768,0,45,1
1990,25,2,3,0,0,1,163,5,46,0
1990,26,1,1,0,0,1,387,5,40,0
1990,26,2,1,0,0,1,387,5,28,0
1990,41,2,2,0,0,1,14,5,60,1
1990,69,2,3,0,0,1,0,0,0,0
1990,28,1,0,3,3,1,114,5,20,0
1990,28,2,0,3,3,0,0,0,0,0
1990,28,2,0,1,0,1,354,2,40,0
1990,27,1,0,1,0,1,5,6,20,0
1990,32,1,1,1,0,1,235,2,40,0
1990,64,2,3,0,0,0,23,1,40,1
1990,50,1,2,0,0,1,53,0,32,0
1990,23,1,1,0,0,1,436,3,30,0
1990,46,2,2,0,0,1,174,5,45,0
1990,75,1,0,0,0,1,55,5,0,0
1990,69,2,0,0,0,1,14,5,40,0
1990,34,1,0,0,0,1,243,3,50,1
1990,45,2,0,0,0,1,17,3,60,1
1990,44,2,1,0,0,1,22,3,30,1
1990,63,2,3,3,0,1,167,5,40,0
1990,30,1,1,0,0,1,48,1,50,1
1990,44,1,2,0,2,1,207,5,60,0
1990,36,2,2,0,2,1,177,5,0,0
1990,45,2,2,0,0,1,234,5,40,0
1990,75,2,3,0,0,1,0,0,0,0
1990,33,2,1,0,0,0,467,5,40,0
1990,33,1,1,0,0,0,549,4,40,0
1990,30,1,1,0,0,1,274,5,30,0
1990,26,1,1,0,0,1,829,2,40,0
1990,30,1,1,0,0,1,0,0,0,0
1990,30,1,0,0,0,1,26,6,38,0
1990,34,2,0,0,0,1,183,5,35,0
1990,39,2,1,0,0,1,14,5,35,1
1990,58,1,0,1,0,0,389,2,40,0
1990,46,2,0,1,0,1,337,2,37,0
1990,28,1,1,0,0,1,13,4,50,1
1990,21,1,1,0,0,1,569,1,40,0
1990,71,1,0,0,0,0,274,3,28,0
1990,69,2,0,0,0,0,337,3,0,0
1990,39,1,1,0,0,1,389,4,40,0
1990,41,2,1,0,0,1,446,5,40,0
1990,51,1,0,3,3,1,213,5,24,1
1990,41,2,0,3,3,1,0,0,0,0
1990,21,1,1,3,0,1,235,5,40,0
1990,71,1,0,3,3,0,0,0,0,0
1990,69,2,0,3,3,0,0,0,0,0
1990,21,1,1,3,3,0,385,5,30,0
1990,19,1,1,3,0,0,435,3,18,0
1990,42,2,1,1,0,1,154,5,40,0
1990,21,2,1,0,0,1,435,3,25,0
1990,21,1,1,0,0,1,159,5,8,0
1990,21,2,1,3,3,1,383,4,8,0
1990,20,2,1,3,3,1,337,3,15,0
1990,19,1,1,0,0,0,159,5,55,0
1990,29,2,1,3,0,1,197,1,40,0
1990,80,2,3,0,0,1,0,0,0,0
1990,69,1,0,1,0,0,0,0,0,0
1990,65,2,0,1,0,0,795,1,0,0
1990,27,2,0,1,0,1,27,4,45,0
1990,29,1,0,1,0,1,22,5,45,0
1990,29,1,3,1,0,0,426,4,40,0
1990,20,1,1,1,0,1,0,0,0,0
1990,19,2,1,1,0,1,0,0,0,0
1990,56,1,2,1,0,1,457,4,35,0
1990,20,1,0,0,1,0,869,0,40,0
1990,19,2,0,0,0,0,435,3,0,0
1990,37,1,0,0,4,1,307,2,40,0
1990,31,2,0,0,0,1,95,5,28,0
1990,47,1,0,0,0,1,229,5,25,1
1990,34,2,0,3,0,1,23,4,50,0
1990,39,2,1,0,0,1,14,5,60,0
1990,21,1,1,3,3,1,154,5,50,0
1990,55,1,2,1,0,1,0,0,0,0
1990,30,1,0,0,2,1,22,1,70,0
1990,29,2,0,0,2,1,264,3,20,0
1990,63,2,2,0,0,1,0,0,0,0
1990,44,1,0,0,0,1,154,5,40,1
1990,41,2,0,0,0,1,178,5,44,1
1990,31,2,1,0,0,1,235,5,30,0
1990,35,1,1,0,0,1,258,4,50,1
1990,36,2,1,0,0,1,274,3,50,0
1990,47,1,1,0,0,1,154,5,40,0
1990,45,2,1,0,0,1,154,5,40,1
1990,50,2,1,1,0,1,444,5,0,0
1990,26,1,1,1,0,0,875,6,0,0
1990,51,1,3,0,0,1,255,4,40,1
1990,49,1,2,0,0,1,23,3,48,0
1990,74,1,3,0,0,0,0,0,0,0
1990,21,2,1,0,1,0,796,1,40,0
1990,24,2,1,0,1,0,327,4,40,0
1990,36,1,0,0,0,1,218,6,40,0
1990,37,2,0,0,0,1,29,3,40,0
1990,38,2,0,0,0,1,276,3,55,0
1990,43,1,0,0,0,1,23,5,92,0
1990,27,2,1,0,0,1,22,2,40,0
1990,40,1,0,0,0,0,779,1,45,0
1990,35,2,0,0,0,0,22,5,40,0
1990,66,1,0,0,0,0,357,4,0,0
1990,62,2,0,0,0,1,0,0,0,0
1990,52,1,0,0,0,1,503,2,40,0
1990,52,2,0,0,0,1,95,5,40,0
1990,21,2,1,0,0,0,446,5,40,0
1990,40,1,1,0,0,1,25,4,0,0
1990,29,1,1,0,0,0,485,0,40,0
1990,31,1,2,0,0,1,585,0,55,0
1990,79,2,3,0,0,0,0,0,0,0
1990,68,1,0,0,0,1,783,0,40,0
1990,69,2,0,0,2,0,0,0,0,0
1990,49,1,0,3,3,1,22,4,40,1
1990,48,2,0,3,3,1,389,4,40,0
1990,25,1,1,3,3,1,23,5,20,0
1990,21,2,1,3,3,0,435,3,20,0
1990,77,1,3,3,3,0,0,0,0,0
1990,47,1,0,0,0,1,33,1,40,1
1990,43,2,0,0,0,0,274,3,16,0
1990,19,2,1,2,0,1,319,4,40,0
1990,78,1,3,0,0,0,0,0,0,0
1990,64,2,0,0,0,1,313,5,16,0
1990,60,1,0,0,0,1,156,5,35,0
1990,22,2,1,0,0,1,155,5,10,0
1990,37,1,0,0,0,0,669,4,60,0
1990,38,2,0,0,0,1,27,0,40,0
1990,73,2,3,0,0,0,277,3,17,0
1990,36,2,1,0,0,1,313,3,40,0
1990,45,1,0,0,0,1,259,1,50,0
1990,45,2,0,0,0,0,375,4,40,0
1990,64,2,2,0,0,0,315,5,0,0
1990,30,1,1,1,0,1,426,4,40,0
1990,32,1,0,0,0,1,806,3,40,0
1990,30,2,0,0,3,1,276,3,40,0
1990,43,1,0,0,0,0,653,2,40,0
1990,43,2,0,0,0,1,234,4,32,0
1990,36,1,0,3,3,0,676,1,40,0
1990,36,2,0,3,3,0,744,1,40,0
1990,27,1,1,3,3,1,154,5,40,0
1990,61,2,3,3,3,0,0,0,0,0
1990,42,1,1,0,0,1,22,6,50,0
1990,41,2,1,0,0,1,0,0,0,0
1990,24,1,1,0,0,1,277,5,55,0
1990,22,1,1,3,0,1,696,1,40,0
1990,29,2,2,0,0,0,276,3,40,0
1990,28,1,0,0,0,0,22,6,65,0
1990,29,2,0,3,3,0,276,3,40,0
1990,25,1,1,0,0,1,515,6,40,0
1990,22,2,1,1,0,1,227,6,32,0
1990,24,1,3,0,0,0,547,6,50,0
1990,36,1,3,0,0,1,85,6,50,0
1990,19,1,1,0,0,0,829,6,80,0
1990,21,1,3,0,0,0,523,6,40,0
1990,47,1,0,0,0,1,22,6,40,1
1990,45,2,0,0,0,1,95,5,16,0
1990,28,2,2,3,0,0,216,1,40,0
1990,24,1,1,0,0,0,796,1,0,0
1990,39,1,0,3,3,1,23,6,40,0
1990,37,2,0,3,3,1,338,5,37,0
1990,30,1,3,3,3,0,734,1,40,0
1990,28,1,1,3,3,0,706,1,40,0
1990,53,1,0,3,3,1,243,3,40,0
1990,55,2,0,3,3,0,276,3,40,0
1990,25,1,1,3,0,1,0,0,0,0
1990,23,2,1,3,0,1,0,0,0,0
1990,18,1,1,3,0,1,0,0,0,0
1990,53,2,2,2,1,0,469,6,40,0
1990,32,2,1,2,1,0,436,3,30,0
1990,46,1,2,0,0,1,804,4,40,0
1990,45,2,1,0,0,1,407,4,15,0
1990,24,1,3,0,0,1,549,6,40,0
1990,19,2,1,0,0,0,274,3,35,0
1990,39,1,0,3,3,0,486,0,63,0
1990,37,2,0,3,0,1,739,1,10,0
1990,22,2,1,0,0,1,313,4,15,0
1990,38,2,2,0,0,0,313,0,40,0
1990,30,1,1,0,0,0,885,3,40,0
1990,47,2,2,0,0,0,435,4,40,0
1990,54,1,0,0,0,1,547,4,40,1
1990,50,2,0,3,3,1,23,4,40,0
1990,33,2,0,0,0,1,29,3,45,1
1990,31,1,0,0,0,1,22,1,45,1
1990,29,1,0,3,0,0,259,1,40,0
1990,33,2,0,3,0,0,276,1,40,0
1990,70,1,1,0,3,0,0,0,0,0
1990,47,2,2,0,0,0,0,0,0,0
1990,26,1,3,2,1,1,554,1,40,0
1990,66,2,3,1,0,0,0,0,0,0
1990,63,1,2,0,1,0,687,3,36,0
1990,31,1,1,0,1,0,889,3,40,0
1990,50,1,0,1,0,1,276,3,40,0
1990,47,2,0,1,0,1,0,0,0,0
1990,33,2,3,0,4,0,243,3,50,0
1990,42,1,3,0,0,0,883,6,40,0
1990,28,2,0,0,0,1,257,4,40,0
1990,30,1,0,0,0,1,23,5,45,0
1990,59,1,0,0,2,1,22,5,40,0
1990,47,2,0,0,0,1,163,5,20,0
1990,72,2,3,0,0,1,0,0,0,0
1990,32,1,1,0,0,1,364,2,36,0
1990,46,1,0,0,0,0,804,0,40,0
1990,44,2,0,0,0,0,8,2,40,0
1990,32,1,1,0,0,1,243,3,55,0
1990,45,1,0,0,0,1,567,0,40,0
1990,41,2,0,0,0,0,0,0,0,0
1990,65,2,2,0,0,0,0,0,0,0
1990,58,1,0,0,0,1,57,1,40,0
1990,55,2,0,0,0,1,156,5,25,0
1990,56,1,0,0,0,1,303,2,40,0
1990,54,2,0,0,0,1,208,5,30,0
1990,25,1,1,0,0,1,376,4,20,0
1990,59,1,0,0,0,1,5,6,40,1
1990,51,2,0,0,2,0,0,0,0,0
1990,56,1,0,0,0,0,628,2,40,1
1990,50,2,0,0,0,0,877,3,8,0
1990,37,1,0,0,0,1,486,6,40,0
1990,36,2,0,0,0,1,95,5,25,0
1990,30,2,3,0,0,1,155,5,40,0
1990,33,1,0,0,0,0,243,3,55,0
1990,32,2,0,0,0,1,243,3,53,0
1990,41,2,0,0,0,1,257,1,40,0
1990,51,1,0,0,0,1,27,4,40,1
1990,61,1,0,0,0,1,277,3,50,1
1990,60,2,0,0,0,1,313,3,16,0
1990,32,2,0,0,0,1,95,4,40,0
1990,31,1,0,0,0,1,23,5,40,0
1990,27,1,1,0,0,1,355,2,50,0
1990,22,1,1,0,0,0,567,0,32,0
1990,23,2,1,0,0,1,337,0,25,0
1990,21,1,1,0,0,1,217,5,30,0
1990,47,1,3,0,0,1,22,3,50,1
1990,30,2,1,0,0,1,503,2,45,1
1990,27,2,1,0,0,1,503,2,40,0
1990,33,1,0,0,0,1,22,4,40,0
1990,29,2,0,0,0,1,375,4,40,0
1990,58,1,0,0,0,0,307,3,45,0
1990,58,2,0,0,0,0,315,3,25,0
1990,23,2,1,0,0,1,376,4,20,0
1990,70,1,0,0,0,0,7,4,50,0
1990,69,2,0,0,0,0,0,0,0,0
1990,41,2,2,0,0,1,303,5,45,0
1990,26,1,1,0,0,1,904,6,45,0
1990,49,1,2,3,3,1,435,5,40,0
1990,35,1,1,3,3,1,785,1,40,0
1990,36,2,1,3,3,1,337,5,40,0
1990,31,1,1,3,3,1,23,3,40,1
1990,32,1,1,3,3,1,257,2,38,0
1990,24,2,2,3,0,1,439,3,0,0
1990,28,1,0,0,0,1,518,1,40,0
1990,29,2,0,0,0,1,678,5,40,0
1990,73,1,0,0,0,1,0,0,0,1
1990,70,2,0,0,0,1,0,0,0,0
1990,32,2,0,0,0,1,883,5,40,0
1990,47,1,0,0,0,0,14,5,32,0
1990,40,1,0,0,1,1,433,3,70,0
1990,30,2,0,0,0,1,469,3,25,0
1990,35,1,0,0,0,1,13,4,40,1
1990,34,2,0,0,0,1,318,2,40,0
1990,39,2,2,0,0,1,9,5,40,0
1990,37,1,0,0,0,0,526,4,40,1
1990,33,2,0,0,0,0,434,3,0,0
1990,37,2,1,0,0,1,417,6,40,0
1990,38,2,1,0,0,1,243,4,50,1
1990,60,1,0,0,0,1,14,5,65,1
1990,53,2,0,0,0,0,0,0,0,0
1990,78,2,3,0,0,0,0,0,0,0
1990,40,1,0,0,0,0,804,2,0,0
1990,36,2,0,0,0,0,458,4,40,0
1990,37,1,2,0,0,1,203,5,19,0
1990,75,1,0,0,0,1,85,5,0,0
1990,72,2,0,0,0,1,0,0,0,0
1990,31,1,0,0,2,0,723,1,50,1
1990,27,2,0,0,2,0,683,1,40,0
1990,46,1,0,3,3,0,785,1,40,0
1990,41,2,0,3,3,0,683,1,40,0
1990,21,1,1,3,4,0,903,6,40,0
1990,29,1,1,0,0,1,327,2,40,0
1990,38,1,1,0,0,1,274,3,55,0
1990,37,1,1,0,2,1,64,1,40,1
1990,50,1,0,2,0,0,364,1,40,1
1990,39,2,0,3,0,0,318,2,20,0
1990,33,1,0,0,0,0,579,3,40,1
1990,29,2,0,0,0,0,453,3,15,0
1990,70,2,3,0,0,1,0,0,0,0
1990,57,1,0,0,3,1,243,1,40,0
1990,50,2,0,0,3,0,426,3,0,0
1990,24,1,1,0,4,1,22,1,40,0
1990,23,1,1,0,4,1,37,3,40,0
1990,25,1,0,0,0,1,418,6,48,0
1990,28,2,0,0,0,1,243,3,44,0
1990,27,1,0,0,0,1,355,2,42,0
1990,27,2,0,0,0,1,156,5,55,0
1990,40,1,0,3,3,1,785,1,50,0
1990,30,2,0,0,0,1,313,1,40,0
1990,29,1,0,1,0,1,229,1,40,0
1990,34,2,0,1,0,1,785,1,40,0
1990,40,1,0,0,0,1,305,1,50,0
1990,37,2,0,0,0,0,348,4,45,0
1990,18,2,1,0,0,0,274,3,20,0
1990,51,1,0,3,3,1,59,5,40,1
1990,46,2,0,3,3,1,64,1,40,1
1990,64,1,1,0,0,0,0,0,0,0
1990,63,1,0,0,0,1,0,0,0,0
1990,61,2,0,0,0,1,15,5,40,0
1990,73,1,0,0,0,0,0,0,0,0
1990,63,2,0,0,0,0,274,3,40,0
1990,27,2,1,0,0,0,319,5,28,0
1990,61,1,0,0,0,0,808,2,43,0
1990,54,2,0,0,0,0,0,0,0,0
1990,22,1,1,0,0,0,865,4,25,0
1990,25,1,1,0,3,0,435,3,40,0
1990,29,1,0,0,0,0,889,3,40,0
1990,32,2,0,0,0,0,877,3,24,0
1990,62,1,0,0,3,1,44,1,16,0
1990,58,2,0,0,3,1,0,0,0,0
1990,35,1,0,0,0,0,363,1,45,0
1990,27,2,0,0,0,0,0,0,0,0
1990,38,2,0,0,0,1,155,5,23,0
1990,39,1,0,0,0,0,869,0,40,0
1990,33,1,0,0,0,1,628,1,48,1
1990,32,2,0,0,0,1,808,5,4,0
1990,23,2,2,0,0,1,418,6,40,0
1990,61,1,0,0,0,0,0,0,0,0
1990,62,2,0,3,0,0,0,0,0,0
1990,47,1,0,0,0,1,806,3,55,0
1990,46,2,0,0,0,1,274,3,20,0
1990,20,2,1,0,0,1,276,3,20,0
1990,66,1,0,0,0,0,243,3,57,1
1990,56,2,0,0,0,0,313,3,40,0
1990,47,1,0,0,0,0,796,1,40,0
1990,61,2,0,0,0,0,466,5,0,0
1990,25,1,0,0,0,0,566,0,40,0
1990,23,2,0,0,0,0,313,1,0,0
1990,30,1,2,0,0,1,257,4,40,1
1990,50,1,0,0,0,1,254,4,49,1
1990,50,2,0,0,0,0,18,4,50,0
1990,36,1,0,0,0,1,55,1,40,1
1990,41,2,0,0,0,1,376,4,40,0
1990,63,1,0,0,0,1,14,5,99,1
1990,63,2,0,0,0,1,154,5,99,0
1990,32,1,1,0,0,1,255,4,30,0
1990,32,1,1,0,0,1,567,0,40,1
1990,53,1,0,0,0,1,175,5,63,0
1990,51,2,0,0,0,1,174,5,63,0
1990,77,1,0,0,0,0,0,0,0,0
1990,73,2,0,0,1,0,0,0,0,0
1990,35,1,0,2,1,0,684,1,40,0
1990,27,2,0,2,1,0,407,4,20,0
1990,45,1,0,0,0,0,889,3,40,0
1990,49,2,0,3,3,0,0,0,0,0
1990,58,1,0,3,3,1,764,1,40,0
1990,56,2,0,3,3,1,337,5,37,0
1990,18,2,1,3,0,0,329,5,20,0
1990,52,1,0,0,3,0,0,0,0,0
1990,40,2,0,0,3,0,0,0,0,0
1990,19,1,1,0,3,0,0,0,0,0
1990,42,1,0,0,0,1,243,4,40,0
1990,41,2,0,0,0,0,313,2,45,0
1990,62,2,2,0,0,1,379,2,40,0
1990,34,2,1,0,0,1,23,4,40,0
1990,62,1,1,0,0,0,0,0,0,1
1990,25,1,0,2,0,0,804,2,40,0
1990,23,2,0,2,0,0,313,6,40,0
1990,32,1,1,0,0,1,529,2,45,0
1990,37,1,0,0,0,0,689,4,40,0
1990,31,2,0,0,0,1,785,3,0,0
1990,29,1,0,3,3,1,44,1,40,1
1990,31,2,0,3,3,1,207,5,40,0
1990,36,1,0,3,0,0,783,1,40,0
1990,30,2,0,3,0,1,17,3,45,0
1990,39,1,0,1,0,1,59,5,40,1
1990,39,2,0,1,0,1,779,1,40,0
1990,49,1,0,3,4,1,808,2,50,0
1990,43,2,0,3,4,1,169,6,48,0
1990,37,1,0,0,0,1,453,5,40,0
1990,32,2,0,0,0,0,313,5,40,0
1990,37,1,0,0,0,0,503,2,48,0
1990,28,2,0,0,0,1,207,5,32,0
1990,48,1,0,0,1,1,22,5,40,0
1990,43,2,0,0,0,0,0,0,0,0
1990,58,1,2,0,2,0,509,2,40,1
1990,27,1,1,0,0,0,758,1,40,0
1990,28,2,2,0,0,1,313,3,40,0
1990,29,1,0,2,0,1,696,4,40,0
1990,31,2,0,2,1,1,55,2,40,0
1990,66,1,0,0,0,0,0,0,0,0
1990,70,2,0,0,0,0,276,3,0,0
1990,27,1,1,2,0,0,567,0,8,0
1990,46,2,3,0,0,1,379,5,10,0
1990,20,2,1,0,0,0,406,4,10,0
1990,48,1,3,1,0,1,257,2,40,1
1990,45,2,3,1,0,1,156,5,40,0
1990,36,2,1,1,0,1,87,5,40,1
1990,40,1,2,0,0,0,376,1,0,0
1990,39,2,2,0,0,0,407,4,20,0
1990,21,2,1,0,0,1,313,5,4,0
1990,49,1,0,3,3,1,208,5,50,1
1990,48,2,0,3,3,1,254,4,0,0
1990,23,1,1,3,0,1,274,3,20,0
1990,23,2,1,0,0,1,22,5,40,0
1990,71,1,3,0,0,0,0,0,0,0
1990,79,2,3,0,2,0,243,3,0,0
1990,27,1,0,0,0,1,185,1,48,0
1990,32,2,0,0,0,1,434,3,0,0
1990,34,2,2,0,0,1,197,6,37,0
1990,29,1,2,3,0,1,804,3,48,0
1990,23,2,1,0,0,0,8,3,32,0
1990,38,1,2,0,0,1,806,1,42,0
1990,36,1,0,2,0,1,418,6,40,0
1990,28,2,0,0,2,0,883,2,40,0
1990,49,2,2,0,0,0,354,2,40,1
1990,39,1,0,0,1,1,486,0,40,0
1990,32,2,0,0,1,0,0,0,0,0
1990,26,1,0,0,0,0,263,3,50,0
1990,27,2,0,0,0,1,22,4,45,0
1990,58,1,0,0,0,1,259,1,50,1
1990,52,2,0,0,0,1,0,0,0,0
1990,44,1,0,0,0,1,503,2,40,0
1990,41,2,0,0,0,0,343,2,40,0
1990,47,1,0,0,0,1,804,3,50,1
1990,66,2,0,0,0,0,0,0,0,0
1990,67,1,0,1,0,0,756,1,0,0
1990,49,2,0,1,0,0,336,4,40,0
1990,31,1,1,1,0,1,354,2,40,0
1990,34,2,2,1,0,1,313,6,40,0
1990,32,1,1,0,0,1,418,6,40,1
1990,25,2,1,0,0,1,6,6,40,0
1990,27,1,0,0,0,1,22,4,60,1
1990,33,2,0,0,0,1,313,4,40,0
1990,40,2,1,0,0,1,0,0,0,0
1990,63,1,0,0,0,0,544,0,0,0
1990,55,2,0,0,0,1,0,0,0,0
1990,22,1,1,0,0,1,544,0,40,0
1990,50,1,0,0,0,0,723,1,40,0
1990,48,2,0,0,0,0,889,3,40,0
1990,20,1,1,0,0,0,706,1,40,0
1990,54,2,2,0,0,0,0,0,0,0
1990,24,2,1,0,0,0,276,3,0,0
1990,39,1,0,0,0,1,0,0,0,0
1990,39,2,0,0,0,1,303,6,52,0
1990,46,1,0,0,0,0,508,2,40,0
1990,46,2,0,0,0,1,508,2,40,0
1990,74,2,2,0,0,0,0,0,0,0
1990,63,1,0,0,0,1,22,2,0,0
1990,62,2,0,0,0,0,0,0,0,0
1990,77,2,3,0,0,0,0,0,0,0
1990,76,2,3,0,0,0,446,4,20,0
1990,55,1,2,0,0,0,486,0,20,0
1990,30,1,1,0,0,1,529,3,40,0
1990,45,1,0,0,0,1,637,2,40,0
1990,28,2,0,0,0,1,877,3,24,0
1990,46,1,0,0,2,1,589,1,40,0
1990,53,2,0,0,0,0,796,1,40,0
1990,71,1,0,0,0,1,5,6,6,0
1990,65,2,0,0,0,0,5,6,6,0
1990,50,1,0,0,0,1,259,1,46,1
1990,51,2,0,0,0,1,313,1,44,0
1990,60,1,0,0,0,0,357,4,40,0
1990,52,2,0,0,0,1,14,5,40,1
1990,48,1,0,0,0,0,804,2,50,0
1990,45,2,0,0,0,1,313,5,35,0
1990,19,1,1,0,0,0,0,0,0,0
1990,55,1,0,0,2,1,0,0,0,0
1990,49,2,0,0,2,0,447,5,0,0
1990,30,2,1,0,2,1,628,1,70,0
1990,61,1,0,0,0,1,225,6,0,0
1990,57,2,0,0,0,1,316,6,0,0
1990,67,1,0,0,0,1,26,5,30,1
1990,66,2,0,0,0,1,0,0,0,0
1990,47,2,1,0,0,1,0,0,0,0
1990,37,2,1,0,4,1,809,2,0,0
1990,41,1,0,3,3,1,229,4,40,0
1990,32,2,0,3,3,1,64,4,40,0
1990,62,1,0,0,0,0,804,3,0,0
1990,51,2,0,0,0,0,157,5,35,0
1990,65,1,0,0,0,1,869,0,15,0
1990,65,2,0,0,0,1,0,0,0,0
1990,44,1,0,3,3,0,22,2,37,1
1990,39,2,0,3,3,0,385,2,32,0
1990,33,2,3,0,0,0,207,4,0,0
1990,42,1,0,1,0,1,426,4,45,0
1990,34,2,0,3,0,0,379,4,20,0
1990,64,1,0,0,0,0,189,5,13,0
1990,60,2,0,0,0,0,23,1,42,0
1990,32,1,0,0,0,1,36,6,40,0
1990,31,2,0,0,0,1,95,5,24,0
1990,73,1,0,0,0,0,0,0,0,0
1990,65,2,0,0,0,1,0,0,0,0
1990,44,1,2,1,0,1,804,5,40,0
1990,69,2,3,0,0,0,274,5,0,0
1990,44,1,0,3,3,1,174,5,40,0
1990,38,2,0,3,3,1,65,5,40,1
1990,25,2,0,1,0,0,0,0,0,0
1990,25,1,0,1,0,0,889,6,40,0
1990,25,1,1,0,0,0,213,1,45,0
1990,50,1,0,0,0,1,213,5,40,0
1990,49,2,0,0,0,0,276,5,20,0
1990,21,2,1,0,0,1,155,5,26,0
1990,48,1,0,1,0,1,558,0,40,0
1990,49,2,0,1,0,1,389,2,40,0
1990,28,1,1,1,0,0,0,0,0,0
1990,36,2,1,1,0,0,0,0,0,0
1990,35,2,2,1,0,0,449,5,40,0
1990,50,1,0,0,0,0,457,4,24,0
1990,35,2,0,0,0,0,458,4,18,0
1990,36,1,3,0,0,1,156,5,40,0
1990,57,1,0,0,0,0,453,1,0,0
1990,60,2,0,0,0,0,313,4,0,0
1990,72,2,0,0,0,1,0,0,0,0
1990,72,1,0,0,0,1,276,3,40,0
1990,47,1,1,0,0,1,426,4,44,0
1990,71,1,0,0,0,1,0,0,0,1
1990,71,2,0,0,0,0,0,0,0,0
1990,34,1,0,0,0,1,213,6,40,0
1990,35,2,0,0,0,1,207,5,40,0
1990,68,1,0,0,0,0,56,6,12,0
1990,63,2,0,0,0,0,0,0,0,0
1990,80,2,3,1,0,0,0,0,0,0
1990,51,2,2,0,0,1,156,5,40,0
1990,41,2,2,0,0,1,167,5,34,0
1990,46,2,2,0,0,1,435,3,0,0
1990,64,1,0,1,0,1,178,5,40,1
1990,54,2,0,1,0,1,174,6,40,0
1990,24,1,0,0,0,1,467,5,25,0
1990,26,2,0,0,0,1,435,3,20,0
1990,26,1,1,0,0,1,435,3,30,0
1990,20,2,1,0,0,1,276,3,30,0
1990,28,1,3,0,0,1,154,5,40,0
1990,24,1,1,0,3,1,229,5,42,0
1990,36,1,0,0,0,1,903,6,0,0
1990,33,2,0,0,0,1,166,1,46,0
1990,46,2,1,0,0,1,155,5,20,0
1990,64,1,0,3,0,0,883,1,0,0
1990,57,2,0,3,0,0,447,5,0,0
1990,76,1,0,3,3,1,0,0,0,0
1990,71,2,0,3,1,1,97,5,0,0
1990,31,1,0,0,0,1,163,5,30,0
1990,30,2,0,0,0,1,274,3,20,0
1990,38,1,1,0,0,1,13,2,50,1
1990,79,1,3,0,0,1,0,0,0,0
1990,25,2,1,1,0,1,27,2,60,0
1990,43,2,1,0,0,1,386,5,40,0
1990,29,1,1,0,2,1,43,5,40,0
1990,70,2,2,0,0,1,0,0,0,1
1990,50,1,0,0,0,1,69,6,40,1
1990,47,2,0,0,0,1,95,5,32,0
1990,21,2,1,0,0,1,274,3,0,0
1990,24,1,1,0,0,1,259,3,40,0
1990,44,2,2,0,2,0,95,5,24,0
1990,23,1,1,0,0,0,159,5,40,0
1990,53,1,2,0,0,1,53,0,40,1
1990,46,1,0,0,0,1,84,5,25,1
1990,44,2,0,0,0,1,22,5,20,0
1990,20,1,1,0,0,0,159,5,40,0
1990,20,2,1,0,0,0,379,4,80,0
1990,40,1,0,0,0,1,243,3,50,1
1990,39,2,0,0,0,1,8,1,10,0
1990,72,2,0,0,0,1,0,0,0,0
1990,64,1,0,0,0,1,255,4,40,1
1990,43,1,0,0,0,1,178,5,40,1
1990,40,2,0,0,0,1,197,1,27,1
1990,68,2,3,0,0,0,0,0,0,0
1990,59,2,1,3,3,1,449,5,37,0
1990,40,1,1,0,0,1,43,0,40,0
1990,69,1,2,0,0,1,0,0,0,0
1990,42,1,0,0,0,1,178,5,45,1
1990,38,2,0,0,0,1,21,5,0,0
1990,61,1,0,0,0,0,579,0,65,0
1990,58,2,0,0,0,0,0,0,0,0
1990,25,1,1,0,0,0,579,0,30,0
1990,35,2,1,1,0,1,43,4,50,1
1990,47,1,0,0,0,1,253,4,40,0
1990,39,2,0,0,0,0,253,4,40,0
1990,27,1,0,2,1,0,558,0,44,0
1990,23,2,0,2,1,0,0,0,0,0
1990,77,1,3,0,0,0,534,3,40,0
1990,47,2,2,1,0,1,163,5,30,0
1990,19,1,1,1,0,1,0,0,0,0
1990,40,2,3,1,0,1,376,5,40,1
1990,20,2,1,1,0,1,319,2,20,0
1990,19,2,1,1,0,1,276,3,20,0
1990,61,1,0,0,0,1,267,3,50,1
1990,59,2,0,0,0,1,337,3,0,0
1990,31,2,1,0,0,1,337,3,15,0
1990,77,1,0,0,0,1,0,0,0,1
1990,75,2,0,0,0,1,0,0,0,0
1990,39,1,0,0,0,1,57,1,40,1
1990,35,2,0,0,0,1,15,5,40,0
1990,24,1,0,1,0,1,468,5,40,1
1990,24,2,0,1,0,0,0,0,0,0
1990,36,2,1,0,0,1,274,3,22,0
1990,24,2,3,1,0,0,0,0,0,0
1990,29,1,0,3,0,0,57,1,40,0
1990,30,2,0,3,0,0,0,0,0,0
1990,36,1,0,0,0,1,85,5,30,1
1990,34,2,0,3,0,1,204,5,20,0
1990,42,1,0,2,0,1,229,3,40,0
1990,35,2,0,1,0,1,229,3,40,1
1990,50,2,0,1,0,1,628,1,0,0
1990,42,1,0,1,0,1,804,2,60,1
1990,58,1,0,0,0,1,22,3,40,1
1990,57,2,0,0,0,1,27,3,40,0
1990,44,1,0,0,2,1,22,4,50,1
1990,42,2,0,0,0,1,313,3,15,0
1990,44,1,0,0,0,1,178,4,40,1
1990,44,2,0,0,0,1,104,5,20,0
1990,20,2,0,1,0,0,335,4,48,0
1990,23,1,1,1,0,0,426,4,66,0
1990,29,2,2,1,0,1,376,1,40,0
1990,27,2,1,1,0,1,276,3,40,0
1990,63,2,3,1,0,0,449,4,40,0
1990,22,1,1,1,0,1,0,0,0,0
1990,60,1,2,1,0,0,0,0,0,0
1990,28,2,0,1,0,1,385,4,75,0
1990,36,1,0,1,0,1,208,5,40,0
1990,24,1,0,3,3,0,878,3,0,0
1990,28,2,0,3,3,0,276,3,0,0
1990,75,2,3,3,4,0,0,0,0,0
1990,63,1,0,3,3,0,785,1,40,0
1990,66,2,0,3,3,0,0,0,0,0
1990,25,1,0,3,3,0,514,4,40,0
1990,25,2,0,3,3,1,0,0,0,0
1990,18,1,1,3,3,0,276,3,0,0
1990,29,2,1,0,0,1,274,3,40,0
1990,29,2,1,0,0,1,13,1,60,0
1990,19,2,1,1,0,0,207,4,0,0
1990,18,1,1,2,0,0,877,3,20,0
1990,36,2,0,1,0,1,319,5,40,0
1990,39,1,0,1,0,1,804,1,50,0
1990,57,1,0,1,0,0,453,2,40,0
1990,38,2,0,1,0,0,407,4,40,0
1990,54,2,2,1,0,1,21,5,40,0
1990,25,1,0,2,1,1,453,3,40,0
1990,22,2,0,2,1,1,407,4,0,0
1990,23,1,0,2,1,1,453,3,40,0
1990,23,2,0,2,1,1,0,0,0,0
1990,26,2,1,1,0,0,0,0,0,0
1990,67,1,0,1,0,0,0,0,0,0
1990,65,2,0,1,0,0,0,0,0,0
1990,59,1,0,1,0,0,889,6,40,0
1990,55,2,0,1,0,0,0,0,0,0
1990,48,2,2,1,0,1,243,3,40,0
1990,18,1,1,1,0,0,0,0,0,0
1990,54,1,0,0,1,0,856,1,40,0
1990,49,2,0,0,1,0,754,4,40,0
1990,27,1,1,0,1,0,276,3,45,0
1990,68,2,3,1,0,0,0,0,0,0
1990,46,1,1,1,0,0,0,0,0,0
1990,75,2,3,2,0,0,0,0,0,0
1990,70,1,0,1,0,0,0,0,0,0
1990,70,2,0,1,0,1,0,0,0,0
1990,25,2,0,1,0,0,348,4,40,0
1990,21,1,0,1,0,0,276,3,40,0
1990,19,2,1,1,0,1,276,3,20,0
1990,21,2,3,1,0,0,276,3,0,0
1990,74,2,3,0,0,0,0,0,0,0
1990,62,2,2,1,0,1,0,0,0,0
1990,32,1,1,1,0,0,17,3,40,0
1990,35,2,2,1,0,0,0,0,0,0
1990,18,2,1,1,0,1,439,3,20,0
1990,58,2,3,1,0,0,0,0,0,0
1990,68,2,3,1,0,0,0,0,0,0
1990,22,1,3,1,0,1,256,4,0,0
1990,30,2,1,0,0,1,163,5,28,0
1990,71,1,0,1,0,0,0,0,0,0
1990,67,2,0,1,0,0,0,0,0,0
1990,77,1,2,1,0,0,0,0,0,0
1990,43,1,1,0,4,1,0,0,0,0
1990,70,2,3,1,0,0,0,0,0,0
1990,19,1,1,0,0,1,829,6,13,0
1990,64,1,3,1,0,0,449,4,5,0
1990,73,2,3,1,0,0,0,0,0,0
1990,33,1,3,1,0,0,415,4,40,0
1990,47,1,3,2,0,1,0,0,0,0
1990,76,2,3,3,3,0,744,1,0,0
1990,71,1,0,3,3,0,0,0,0,0
1990,66,2,0,3,3,0,0,0,0,0
1990,42,1,2,1,0,1,889,3,20,0
1990,23,2,1,0,1,0,748,4,25,0
1990,27,2,1,0,1,0,748,4,25,0
1990,41,2,1,0,1,0,453,1,40,0
1990,36,1,3,1,0,1,274,3,50,0
1990,29,1,3,1,0,0,567,0,0,0
1990,22,1,1,1,0,0,0,0,0,0
1990,38,2,3,1,0,0,0,0,0,0
1990,76,2,3,1,0,0,0,0,0,0
1990,30,2,1,1,0,0,276,3,40,0
1990,23,2,1,3,0,1,217,5,40,0
1990,73,2,1,0,0,0,0,0,0,0
1990,40,1,3,1,0,1,255,4,40,0
1990,34,2,1,1,0,1,25,4,40,0
1990,49,2,2,1,0,1,27,6,40,0
1990,23,2,1,1,0,1,386,2,40,0
1990,21,2,1,1,0,0,389,3,40,0
1990,34,1,0,3,3,0,0,0,0,0
1990,33,2,0,3,3,0,0,0,0,0
1990,39,1,1,3,0,1,27,4,30,0
1990,63,2,2,1,0,0,254,4,0,0
1990,33,1,0,3,3,1,0,0,0,0
1990,30,2,0,3,3,0,0,0,0,0
1990,30,2,2,3,3,1,0,0,0,0
1990,72,1,0,1,0,0,0,0,0,0
1990,66,2,0,1,0,0,0,0,0,0
1990,36,2,1,1,0,0,0,0,0,0
1990,41,2,0,1,0,1,37,2,37,0
1990,43,1,0,1,0,1,804,2,40,0
1990,46,2,3,1,0,1,95,5,32,0
1990,37,1,2,0,1,0,453,4,38,0
1990,65,2,1,0,1,0,0,0,0,0
1990,19,1,3,0,1,0,453,4,40,0
1990,19,1,1,2,1,0,453,4,38,0
1990,34,2,2,0,1,0,453,4,38,0
1990,23,2,1,0,0,0,888,2,0,0
1990,34,1,3,0,0,0,856,1,0,0
1990,29,2,2,2,1,0,277,3,40,0
1990,29,2,3,2,1,0,889,3,40,0
1990,21,1,1,2,1,0,277,3,40,0
1990,48,1,0,1,0,1,303,2,40,0
1990,37,2,0,1,0,1,254,4,40,1
1990,29,2,1,1,0,1,385,1,40,0
1990,74,2,0,2,1,0,0,0,0,0
1990,34,1,1,0,0,0,779,6,40,0
1990,40,1,2,0,0,1,779,1,40,0
1990,41,2,2,0,0,1,435,3,30,0
1990,66,1,0,3,3,0,538,2,0,1
1990,55,2,0,3,3,0,354,2,40,0
1990,29,1,1,3,0,1,308,4,40,0
1990,31,1,1,2,0,1,23,3,45,0
1990,50,1,0,3,3,1,255,4,40,1
1990,50,2,0,3,3,1,95,5,40,1
1990,22,1,1,3,3,0,549,3,30,0
1990,21,2,1,3,3,1,276,3,22,0
1990,20,1,1,3,3,1,683,6,30,0
1990,44,1,1,0,0,1,418,6,40,1
1990,40,1,0,0,1,0,889,3,40,0
1990,41,2,0,0,1,0,22,1,40,0
1990,18,1,1,0,0,0,444,3,0,0
1990,80,1,3,0,1,0,0,0,0,0
1990,24,2,1,0,0,0,466,5,8,0
1990,68,1,0,0,0,1,0,0,0,0
1990,61,2,0,3,3,0,447,5,40,0
1990,36,2,1,3,3,0,0,0,0,0
1990,45,1,0,3,3,1,734,1,72,0
1990,43,2,0,3,3,1,326,4,48,0
1990,67,2,3,3,3,0,0,0,0,0
1990,38,2,1,3,3,0,779,1,50,0
1990,37,1,1,3,3,0,877,3,99,0
1990,23,1,1,3,3,0,804,3,0,0
1990,32,1,1,1,4,1,804,2,45,0
1990,24,2,1,1,4,1,274,3,20,0
1990,22,2,3,1,4,1,0,0,0,0
1990,20,2,1,1,4,0,0,0,0,0
1990,63,1,1,0,0,1,157,5,0,0
1990,67,2,3,0,0,1,0,0,0,0
1990,31,1,0,2,0,1,213,6,40,0
1990,28,2,0,2,1,1,379,4,0,0
1990,40,1,0,3,3,1,308,6,40,0
1990,40,2,0,3,3,1,335,4,37,0
1990,54,2,0,0,0,1,373,3,40,0
1990,61,1,0,0,0,0,889,2,40,0
1990,67,1,0,0,0,1,526,3,60,0
1990,52,2,0,0,0,1,337,3,25,0
1990,35,1,0,3,1,0,783,1,99,0
1990,33,2,0,0,1,0,0,0,0,0
1990,22,1,0,0,4,0,436,3,40,0
1990,19,2,0,0,4,0,777,1,31,0
1990,78,1,3,0,0,1,0,0,0,0
1990,48,1,0,3,3,1,23,4,40,0
1990,49,2,0,3,3,1,368,4,50,0
1990,23,2,1,3,3,1,329,5,20,0
1990,21,1,1,3,3,1,95,5,40,0
1990,19,2,1,3,3,0,329,5,20,0
1990,21,1,1,3,3,1,203,5,40,0
1990,43,1,0,3,0,1,257,1,37,0
1990,32,2,0,3,0,1,337,2,30,0
1990,53,1,0,3,0,0,508,2,40,0
1990,59,2,0,3,0,0,0,0,0,0
1990,35,2,1,0,0,0,303,4,40,0
1990,58,2,3,0,2,0,0,0,0,0
1990,38,2,1,0,0,1,337,3,40,0
1990,30,1,0,3,3,1,0,0,0,0
1990,30,2,0,3,3,1,383,4,40,0
1990,43,2,1,0,0,1,479,0,40,0
1990,54,2,2,0,0,0,379,2,40,0
1990,30,2,3,0,0,1,447,5,32,0
1990,53,1,0,3,3,0,444,5,40,0
1990,50,2,0,3,3,1,97,5,40,0
1990,23,1,1,3,0,1,327,2,40,0
1990,30,1,0,0,3,0,243,4,40,0
1990,25,2,0,0,0,1,22,3,40,0
1990,38,1,0,3,3,1,73,1,40,0
1990,38,2,0,3,3,1,235,4,40,0
1990,33,1,0,0,0,1,23,3,45,0
1990,34,2,0,0,0,1,7,5,50,1
1990,35,1,0,0,0,0,554,0,40,0
1990,38,2,0,0,0,1,21,5,40,0
1990,69,1,3,0,0,0,0,0,0,0
1990,49,2,1,0,0,1,0,0,0,0
1990,46,2,2,0,0,1,15,5,40,0
1990,41,1,0,0,0,1,274,3,40,1
1990,39,2,0,0,0,1,274,3,0,0
1990,65,1,3,0,0,1,0,0,0,0
1990,45,1,0,0,1,0,243,4,40,0
1990,46,2,0,0,1,0,0,0,0,0
1990,41,1,0,0,0,1,258,1,40,1
1990,40,2,0,0,0,0,316,4,35,0
1990,23,2,1,0,0,1,22,4,24,0
1990,29,2,2,0,0,0,435,5,30,0
1990,51,1,0,0,0,1,259,3,50,1
1990,50,2,0,0,2,0,0,0,0,0
1990,18,1,1,0,0,0,877,3,20,0
1990,64,1,0,0,0,0,7,1,0,0
1990,64,2,0,0,0,0,313,5,35,0
1990,52,1,0,0,0,1,173,6,40,0
1990,50,2,0,0,0,1,319,3,32,0
1990,37,1,1,3,3,1,809,2,40,0
1990,37,1,0,2,1,1,243,5,40,0
1990,27,2,0,2,1,1,276,5,38,0
1990,50,1,0,0,0,0,543,0,0,0
1990,37,2,0,0,0,0,0,0,0,0
1990,79,2,3,0,0,0,0,0,0,0
1990,26,2,1,3,0,1,22,5,42,0
1990,30,1,1,3,0,1,64,1,40,0
1990,49,1,0,0,0,1,243,3,50,0
1990,44,2,0,0,0,1,156,5,50,0
1990,29,1,1,1,0,1,259,1,40,1
1990,23,1,1,0,3,1,243,3,40,0
1990,21,2,1,0,0,1,185,1,40,0
1990,43,1,0,3,3,1,17,3,10,0
1990,32,2,0,3,3,1,436,3,10,0
1990,39,1,0,3,3,1,443,3,40,0
1990,39,2,0,3,3,1,0,0,0,0
1990,56,2,0,0,0,1,14,5,50,0
1990,56,1,0,0,0,0,323,2,30,0
1990,32,2,2,0,0,1,197,5,35,0
1990,39,1,0,0,0,1,22,5,50,1
1990,35,2,0,0,0,1,0,0,0,0
1990,65,1,0,3,3,1,17,4,60,0
1990,54,2,0,3,3,1,99,5,0,0
1990,37,1,1,0,0,0,469,3,40,0
1990,47,2,3,0,0,1,313,6,40,0
1990,22,2,1,0,0,1,313,0,40,0
1990,19,1,1,0,0,0,276,3,35,0
1990,42,1,0,0,0,0,8,2,40,1
1990,39,2,0,0,0,1,29,3,8,0
1990,58,1,0,0,0,1,43,5,40,0
1990,58,2,0,0,0,1,22,5,24,0
1990,40,1,0,0,0,0,534,0,40,0
1990,43,2,0,0,0,0,0,0,0,0
1990,68,1,0,0,0,1,0,0,0,0
1990,67,2,0,0,0,0,0,0,0,0
1990,37,2,1,0,0,1,804,2,25,0
1990,28,1,0,0,1,0,485,3,40,0
1990,26,2,0,0,1,0,479,0,40,0
1990,24,1,1,0,1,0,444,3,40,0
1990,18,1,1,0,1,0,484,0,40,0
1990,24,1,1,1,0,0,436,1,40,0
1990,27,1,0,0,1,1,508,2,50,0
1990,32,2,0,0,0,1,379,0,40,0
1990,53,1,0,0,1,1,869,0,0,0
1990,53,2,0,0,4,1,156,5,35,1
1990,56,2,0,0,0,0,37,2,40,0
1990,63,1,0,0,0,0,185,3,40,0
1990,68,2,1,0,0,0,0,0,0,0
1990,37,1,0,3,0,1,314,6,40,1
1990,34,2,0,0,0,0,313,3,40,0
1990,74,1,0,0,0,1,0,0,0,0
1990,65,2,0,0,0,1,0,0,0,0
1990,57,1,0,0,2,0,433,3,52,0
1990,58,2,0,0,2,0,458,4,40,0
1990,30,2,1,0,0,0,313,3,40,0
1990,49,1,0,0,0,1,567,0,40,1
1990,44,2,0,0,3,0,264,3,28,0
1990,20,2,1,0,0,1,34,5,20,0
1990,18,2,1,0,0,0,274,3,10,0
1990,46,1,2,0,0,0,653,0,0,0
1990,55,2,1,0,0,1,22,4,40,1
1990,34,1,0,2,1,1,567,0,40,0
1990,33,2,0,2,1,0,453,4,37,0
1990,66,1,0,0,0,1,426,4,16,0
1990,65,2,0,0,0,1,17,5,25,0
1990,40,1,0,0,0,1,254,4,50,1
1990,38,2,0,0,0,1,313,5,40,0
1990,53,1,0,0,0,0,253,4,40,0
1990,53,2,0,0,0,0,315,4,4,0
1990,56,1,0,0,0,0,27,0,40,1
1990,53,2,0,0,0,0,22,4,24,0
1990,20,2,1,0,0,0,319,5,25,0
1990,57,2,2,0,0,0,327,3,0,0
1990,42,1,0,0,0,1,686,3,42,0
1990,37,2,0,0,0,0,808,2,40,0
1990,53,2,0,0,0,1,254,4,0,0
1990,66,1,0,0,0,1,22,3,40,1
1990,74,1,0,0,0,0,0,0,0,0
1990,74,2,0,0,0,1,0,0,0,0
1990,50,1,0,3,0,1,213,2,40,1
1990,47,2,0,3,0,1,327,1,20,0
1990,18,2,1,3,0,0,0,0,0,0
1990,24,2,2,0,0,0,257,1,40,0
1990,46,2,0,0,0,1,156,5,48,0
1990,49,1,0,0,0,1,64,4,50,1
1990,75,1,0,0,0,0,686,3,40,0
1990,67,2,0,0,0,0,0,0,0,0
1990,31,1,1,0,3,1,22,3,60,0
1990,30,1,3,0,3,1,22,3,60,0
1990,37,1,2,0,3,1,275,4,10,0
1990,78,1,0,0,0,0,243,3,0,1
1990,77,2,0,0,0,0,0,0,0,0
1990,23,1,0,0,1,0,18,4,40,0
1990,26,2,0,0,0,0,18,4,40,0
1990,24,1,1,0,0,0,426,4,40,0
1990,68,2,3,0,0,1,0,0,0,0
1990,31,1,1,0,0,1,335,5,50,0
1990,20,2,1,3,3,1,318,2,37,0
1990,59,1,0,0,0,1,84,5,60,1
1990,57,2,0,0,0,1,0,0,0,0
1990,41,1,0,3,0,1,22,4,50,1
1990,36,2,0,3,0,1,376,4,40,0
1990,42,1,0,0,0,1,22,2,60,1
1990,42,2,0,0,0,1,156,5,0,0
1990,47,1,1,0,2,1,376,2,45,0
1990,48,1,1,0,0,0,809,4,40,0
1990,59,2,3,0,0,1,468,4,50,0
1990,25,2,1,0,0,0,243,3,40,0
1990,23,1,1,0,0,0,686,1,40,0
1990,20,1,1,0,0,1,464,4,30,0
1990,25,2,1,0,0,1,17,3,33,0
1990,75,1,0,0,2,1,0,0,0,0
1990,31,2,1,0,0,1,37,5,40,0
1990,52,2,0,0,1,0,449,4,40,0
1990,46,1,0,2,1,0,486,0,40,0
1990,48,1,0,2,1,0,453,5,40,0
1990,44,2,0,2,1,0,449,4,35,0
1990,19,1,1,2,1,0,444,4,0,0
1990,28,1,1,2,1,0,444,4,0,0
1990,42,1,3,2,1,0,0,0,0,0
1990,24,1,1,2,1,0,444,4,0,0
1990,20,2,1,0,0,1,458,3,28,0
1990,19,2,1,3,3,0,319,4,30,0
1990,79,2,0,0,2,0,0,0,0,0
1990,58,2,2,0,0,1,264,3,40,0
1990,48,2,2,0,0,1,318,2,40,0
1990,75,1,1,0,0,0,547,2,40,0
1990,47,2,2,0,0,1,154,5,32,1
1990,24,2,1,0,0,1,155,5,40,0
1990,59,1,0,0,0,1,567,0,40,1
1990,58,2,0,0,0,1,313,2,0,0
1990,20,2,1,0,0,0,264,3,20,0
1990,35,1,0,3,3,1,13,1,60,0
1990,30,2,0,3,3,0,0,0,0,0
1990,51,1,0,0,0,1,53,6,40,0
1990,53,2,0,3,4,1,337,5,40,0
1990,20,1,1,3,0,1,274,3,18,0
1990,67,1,0,0,0,1,33,0,0,0
1990,61,2,0,0,0,1,0,0,0,0
1990,75,2,3,0,0,0,0,0,0,0
1990,42,1,2,0,0,1,254,4,45,1
1990,68,2,3,0,0,1,313,1,40,0
1990,30,2,3,0,0,1,25,5,50,1
1990,45,2,1,3,0,0,457,4,40,1
1990,23,2,0,0,0,1,7,4,40,0
1990,22,1,0,0,0,1,427,6,35,0
1990,56,1,0,3,0,0,486,0,48,0
1990,51,2,0,3,3,0,0,0,0,0
1990,20,1,1,3,0,1,268,3,20,0
1990,35,1,3,0,0,1,56,1,50,0
1990,60,2,3,0,0,0,387,5,28,0
1990,31,2,2,3,0,1,339,4,40,0
1990,23,1,1,2,0,1,243,4,45,0
1990,21,1,1,0,0,0,22,4,40,0
1990,25,1,1,2,0,1,567,1,40,0
1990,28,1,2,0,0,0,505,1,40,0
1990,50,1,0,0,0,1,27,0,40,0
1990,33,2,0,0,0,1,313,4,48,0
1990,54,1,0,3,0,0,567,0,40,0
1990,55,2,0,3,0,1,375,4,0,0
1990,21,2,1,3,0,1,357,4,20,0
1990,47,1,0,0,0,1,64,6,40,1
1990,43,2,0,0,0,1,274,3,40,0
1990,39,2,2,0,0,0,348,2,40,0
1990,47,1,0,3,3,1,73,5,40,1
1990,42,2,0,3,3,1,73,1,40,0
1990,19,1,1,3,0,1,0,0,0,0
1990,21,2,1,3,0,1,0,0,0,0
1990,33,1,1,0,0,1,22,4,50,1
1990,54,2,2,0,0,1,389,4,37,0
1990,29,2,2,0,0,0,29,3,40,0
1990,56,2,3,0,0,1,319,4,30,0
1990,33,2,1,0,0,1,22,4,40,0
1990,26,2,2,0,0,1,365,1,40,0
1990,57,2,3,0,0,1,435,3,40,0
1990,20,1,1,0,0,1,0,0,0,0
1990,54,1,2,0,1,1,547,5,40,0
1990,49,1,0,0,0,1,327,3,55,1
1990,49,2,0,0,0,1,319,5,42,0
1990,50,2,2,1,0,1,155,5,40,0
1990,21,2,3,1,0,1,317,4,20,0
1990,19,1,1,1,0,0,0,0,0,0
1990,27,1,1,2,1,0,885,3,49,0
1990,27,1,3,2,4,0,276,3,40,0
1990,25,1,1,2,1,0,804,2,45,0
1990,22,1,1,2,0,1,435,4,30,0
1990,23,2,3,2,4,1,385,4,40,0
1990,71,1,0,0,0,0,218,5,40,1
1990,44,2,0,0,0,0,0,0,0,0
1990,45,2,2,0,0,0,0,0,0,0
1990,54,1,2,0,0,0,909,6,0,0
1990,27,2,1,0,0,0,389,4,60,0
1990,29,2,1,0,0,1,389,5,40,0
1990,36,1,0,0,0,0,514,4,40,0
1990,28,2,0,0,0,1,337,4,25,0
1990,37,1,1,0,0,1,883,2,40,0
1990,43,2,1,0,0,1,376,4,40,0
1990,50,1,0,0,2,1,628,3,40,1
1990,49,2,0,0,2,1,274,3,40,0
1990,23,1,1,0,0,0,573,0,40,0
1990,46,2,0,0,0,1,489,0,40,0
1990,57,1,0,2,0,1,303,2,40,0
1990,34,1,0,0,3,1,85,5,40,1
1990,24,2,0,0,3,1,0,0,0,0
1990,28,1,0,0,0,1,308,4,40,0
1990,27,2,0,0,0,1,379,4,30,0
1990,52,2,3,3,0,1,335,4,25,0
1990,39,2,1,0,0,1,436,3,40,0
1990,35,1,0,0,0,1,804,3,40,0
1990,33,2,0,0,0,1,445,5,21,0
1990,38,1,0,0,0,1,653,0,36,0
1990,33,2,0,0,0,0,0,0,0,0
1990,62,1,0,0,0,0,486,5,40,0
1990,55,2,0,0,0,0,259,1,40,0
1990,23,1,1,0,0,1,459,5,20,0
1990,46,1,0,0,0,1,538,3,40,0
1990,46,2,0,0,0,1,379,5,15,0
1990,21,2,1,0,0,1,274,3,15,0
1990,20,2,1,0,0,1,383,4,12,0
1990,46,1,0,0,0,1,417,6,56,1
1990,38,2,0,0,0,0,315,4,40,0
1990,74,1,0,0,0,1,255,4,40,1
1990,65,2,0,0,0,1,188,1,25,0
1990,56,2,2,0,0,1,157,5,40,0
1990,28,2,1,0,0,1,338,3,40,0
1990,27,2,1,0,0,1,389,6,20,0
1990,64,1,0,0,2,1,678,5,40,0
1990,52,2,0,0,2,1,259,1,16,0
1990,32,1,0,0,0,1,243,3,55,1
1990,29,2,0,0,0,1,64,3,50,1
1990,33,2,0,0,0,1,95,5,40,0
1990,31,1,0,0,0,0,804,2,40,0
1990,73,2,3,0,2,0,0,0,0,0
1990,28,1,1,0,0,0,686,3,48,0
1990,29,1,1,0,0,1,64,4,50,1
1990,29,1,1,0,0,1,257,4,40,0
1990,66,1,0,0,0,0,0,0,0,0
1990,71,2,0,0,0,1,0,0,0,0
1990,28,1,3,1,0,0,257,4,0,0
1990,32,1,1,0,0,1,55,1,40,0
1990,28,1,1,3,3,1,804,3,40,0
1990,70,2,3,0,0,0,0,0,0,0
1990,33,1,0,0,0,1,23,5,50,1
1990,35,2,0,0,0,1,234,5,0,0
1990,42,2,2,0,0,1,259,3,48,1
1990,66,2,3,0,0,0,0,0,0,0
1990,30,1,1,0,0,0,505,3,39,0
1990,33,1,1,0,0,1,585,0,30,0
1990,69,2,3,3,3,0,0,0,0,0
1990,62,2,3,1,0,0,348,2,40,0
1990,20,1,1,1,0,1,575,0,40,0
1990,59,1,0,0,1,0,436,3,40,0
1990,52,2,0,0,1,0,628,1,40,0
1990,30,2,2,0,1,1,22,2,40,0
1990,68,2,1,0,0,1,313,1,0,0
1990,41,1,0,0,0,1,875,2,50,0
1990,36,2,0,0,0,0,385,1,40,0
1990,77,2,3,0,0,0,0,0,0,0
1990,49,1,0,0,4,1,13,4,60,1
1990,46,2,0,0,4,1,23,1,45,0
1990,25,1,3,0,2,1,216,5,15,0
1990,19,2,1,0,0,1,319,5,25,0
1990,34,1,0,0,0,1,243,3,40,0
1990,31,2,0,0,0,1,338,5,40,0
1990,70,2,3,0,1,1,154,5,20,0
1990,40,2,1,0,0,1,487,0,20,0
1990,40,1,1,0,0,1,0,0,0,0
1990,47,1,0,0,0,0,549,1,70,0
1990,44,2,0,0,0,0,0,0,0,0
1990,23,1,0,2,0,1,505,3,40,0
1990,22,2,0,0,0,0,466,5,0,0
1990,35,1,0,0,0,1,64,1,40,1
1990,29,2,0,0,2,1,13,1,40,0
1990,43,2,2,0,0,1,159,5,40,0
1990,45,1,1,0,0,1,154,5,40,0
1990,73,2,2,0,0,1,154,5,0,1
1990,53,1,0,0,0,1,22,0,40,1
1990,50,2,0,0,0,1,254,4,60,0
1990,42,2,1,0,0,1,229,4,40,0
1990,78,2,3,1,0,1,0,0,0,0
1990,28,1,0,0,0,1,547,3,47,0
1990,27,2,0,0,0,1,313,4,0,0
1990,34,1,0,2,1,0,683,1,99,0
1990,38,2,0,2,1,0,453,1,40,0
1990,57,2,3,2,1,0,453,4,99,0
1990,34,1,2,3,0,1,154,5,20,0
1990,23,2,1,0,0,1,313,5,15,0
1990,44,1,1,0,0,1,526,3,40,0
1990,29,2,1,0,2,1,154,5,50,0
1990,77,1,0,0,0,1,0,0,0,0
1990,71,2,0,0,0,0,0,0,0,0
1990,38,1,2,0,0,1,734,1,40,0
1990,50,1,3,0,0,1,689,1,40,0
1990,44,1,2,0,0,1,22,4,40,0
1990,77,2,3,0,1,1,159,5,3,1
1990,72,2,3,0,0,0,0,0,0,1
1990,31,1,1,0,2,1,26,5,70,0
1990,24,1,1,0,0,1,178,5,60,0
1990,62,1,0,0,0,1,21,3,52,1
1990,56,2,0,0,0,1,95,5,40,0
1990,22,1,1,0,0,1,23,1,30,0
1990,65,1,0,0,0,1,22,1,0,1
1990,64,2,0,0,0,1,0,0,0,0
1990,39,1,0,0,0,1,75,5,40,0
1990,37,2,0,0,0,1,75,5,40,0
1990,61,2,2,0,0,1,0,0,0,0
1990,31,1,3,0,0,1,785,1,40,0
1990,28,1,1,0,0,1,318,2,40,0
1990,42,1,0,0,1,0,479,0,45,0
1990,39,2,0,0,1,0,799,3,40,0
1990,20,1,1,0,1,1,365,3,25,0
1990,18,1,1,0,1,0,887,2,15,0
1990,59,1,0,0,0,0,426,4,32,0
1990,62,2,0,0,0,0,0,0,0,0
1990,30,1,0,0,1,0,785,1,45,0
1990,29,2,0,0,1,0,744,1,50,0
1990,19,1,1,0,1,0,0,0,0,0
1990,47,1,0,0,0,1,156,5,50,0
1990,46,2,0,0,0,1,316,6,30,0
1990,19,2,1,0,0,0,0,0,0,0
1990,32,1,0,0,0,1,558,0,40,0
1990,29,2,0,0,0,0,466,5,25,0
1990,45,1,3,2,1,0,479,0,43,0
1990,61,2,3,0,0,0,0,0,0,0
1990,32,1,0,0,0,0,505,3,40,0
1990,33,2,0,0,0,1,315,5,20,0
1990,33,1,1,0,0,0,0,0,0,0
1990,50,2,3,3,3,0,208,5,40,0
1990,48,1,0,3,3,1,385,2,40,0
1990,48,2,0,3,3,1,0,0,0,0
1990,46,1,0,0,0,1,178,5,50,1
1990,38,2,0,3,0,1,308,1,48,0
1990,41,1,0,0,0,1,628,1,50,0
1990,31,2,0,0,0,1,628,1,40,0
1990,31,2,2,0,0,1,264,3,40,0
1990,36,1,0,0,0,1,577,2,40,0
1990,39,2,0,0,0,0,338,1,20,0
1990,19,1,1,1,0,0,0,0,0,0
1990,77,2,3,0,0,0,0,0,0,0
1990,66,2,3,0,0,0,0,0,0,0
1990,72,2,3,0,0,0,276,3,24,0
1990,54,1,0,0,0,1,259,1,42,1
1990,45,2,0,0,0,0,445,5,24,0
1990,27,1,1,0,0,0,567,0,40,0
1990,56,1,3,0,0,0,479,0,0,0
1990,26,2,2,0,0,0,436,3,35,0
1990,22,1,1,0,0,0,0,0,0,0
1990,53,1,0,0,0,1,217,1,40,0
1990,52,2,0,0,0,1,313,5,40,0
1990,33,1,0,0,0,0,505,5,40,0
1990,27,2,0,0,0,0,22,1,40,0
1990,42,1,2,0,0,1,8,6,40,0
1990,55,1,0,0,0,0,308,2,40,0
1990,47,2,0,0,0,0,754,1,0,0
1990,25,2,1,0,0,0,0,0,0,0
1990,24,1,1,0,0,0,883,3,0,0
1990,50,1,0,0,0,1,22,0,55,0
1990,44,2,0,0,0,1,22,4,45,0
1990,19,2,1,0,0,1,313,4,0,0
1990,70,2,3,0,0,0,363,4,12,0
1990,21,1,1,0,0,1,389,3,45,0
1990,42,1,1,3,0,0,0,0,0,0
1990,26,1,0,0,0,1,269,3,40,0
1990,24,2,0,0,0,0,22,5,40,0
1990,46,1,0,0,0,1,255,4,80,1
1990,46,2,0,0,0,1,156,5,35,0
1990,60,1,0,0,0,1,26,3,38,1
1990,50,2,0,0,0,1,22,3,38,0
1990,55,1,0,0,0,1,696,5,40,0
1990,46,2,0,0,0,1,186,5,30,0
1990,29,1,1,0,0,0,883,2,30,0
1990,23,2,1,0,0,1,386,5,50,0
1990,50,1,0,0,0,1,77,6,40,0
1990,49,2,0,0,0,1,156,5,40,0
1990,58,2,0,0,0,0,503,2,30,0
1990,61,1,0,0,0,1,869,0,40,0
1990,27,1,2,0,0,0,523,3,44,0
1990,19,2,1,0,0,1,276,3,20,0
1990,66,2,2,0,0,1,0,0,0,1
1990,27,2,1,0,0,0,436,3,30,0
1990,58,2,3,0,0,0,0,0,0,0
1990,54,1,0,0,0,1,8,1,40,0
1990,54,2,0,0,0,0,0,0,0,0
1990,21,2,1,0,0,1,22,0,15,0
1990,56,1,0,0,0,1,243,3,40,1
1990,52,2,0,0,0,0,0,0,0,0
1990,35,1,0,0,0,1,257,0,40,0
1990,35,2,0,0,0,1,313,0,40,0
1990,36,1,2,0,0,1,23,4,48,0
1990,30,2,1,0,0,1,376,4,40,0
1990,30,2,2,0,0,0,808,5,30,0
1990,73,2,3,0,0,1,0,0,0,0
1990,35,1,0,2,0,1,22,4,60,1
1990,41,2,0,2,0,1,25,5,40,1
1990,26,1,0,0,0,0,904,6,50,0
1990,24,2,0,0,0,0,337,4,38,0
1990,49,1,0,0,0,1,243,3,50,1
1990,49,2,0,0,0,1,156,5,13,0
1990,29,1,0,0,0,1,269,3,50,0
1990,28,2,0,0,0,0,336,4,40,0
1990,28,1,0,0,0,0,455,4,50,0
1990,28,2,0,0,0,0,313,5,40,0
1990,52,1,0,0,0,1,26,5,40,1
1990,48,2,0,0,0,1,0,0,0,0
1990,50,2,2,0,0,1,274,3,40,0
1990,40,1,2,3,0,1,159,6,40,0
1990,69,1,0,0,0,1,368,2,40,1
1990,58,2,0,0,0,0,313,1,30,0
1990,80,1,3,0,0,0,0,0,0,0
1990,57,2,0,0,0,0,337,5,40,0
1990,64,1,0,0,0,0,0,0,0,0
1990,62,1,0,0,0,0,22,2,50,1
1990,57,2,0,0,0,1,379,2,60,0
1990,26,1,1,0,0,1,22,2,50,0
1990,39,1,0,2,0,1,375,4,40,0
1990,37,2,0,2,0,1,95,5,40,0
1990,27,1,0,0,0,0,628,1,50,0
1990,27,2,0,0,0,0,678,5,40,0
1990,29,1,1,0,0,0,889,4,40,0
1990,29,1,0,3,3,0,243,3,40,0
1990,31,2,0,3,3,0,243,3,40,0
1990,23,1,0,0,0,0,514,4,40,0
1990,21,2,0,0,0,0,0,0,0,0
1990,35,1,1,0,0,0,0,0,0,0
1990,37,1,0,3,3,0,436,3,48,0
1990,37,2,0,3,3,0,744,1,40,0
1990,59,2,3,3,3,0,0,0,0,0
1990,62,2,2,3,3,0,0,0,0,0
1990,27,2,3,3,3,0,0,0,0,0
1990,66,1,0,0,0,1,0,0,0,0
1990,62,2,0,0,2,0,0,0,0,0
1990,32,1,0,3,3,0,0,0,0,0
1990,29,2,0,3,3,0,0,0,0,0
1990,66,1,3,0,0,0,709,1,0,0
1990,33,2,1,0,0,1,458,4,0,0
1990,44,1,0,0,0,1,558,0,50,0
1990,34,2,0,0,0,1,95,5,24,0
1990,70,2,3,0,0,0,0,0,0,0
1990,33,1,0,0,0,0,869,0,40,0
1990,24,2,0,0,0,0,435,3,0,0
1990,70,1,3,3,3,1,0,0,0,0
1990,60,1,2,2,0,1,185,3,40,0
1990,66,2,2,2,1,0,444,5,0,0
1990,57,1,0,0,0,0,0,0,0,0
1990,58,2,0,0,0,0,0,0,0,0
1990,30,1,1,0,0,0,514,4,40,0
1990,57,2,0,0,0,0,276,3,32,0
1990,59,1,0,0,0,0,22,5,40,0
1990,24,2,1,0,4,0,315,5,40,0
1990,22,2,1,3,0,0,22,4,40,0
1990,59,1,3,0,0,1,18,4,18,0
1990,58,2,3,0,0,1,315,4,0,0
1990,25,1,1,0,0,0,516,3,40,0
1990,58,1,1,3,0,0,889,1,48,0
1990,77,1,3,1,0,0,0,0,0,0
1990,56,1,2,1,0,0,0,0,0,0
1990,39,2,2,0,0,0,319,5,40,0
1990,38,1,0,2,0,1,859,1,40,1
1990,40,2,0,2,0,0,449,4,0,0
1990,19,1,1,2,0,0,657,3,35,0
1990,48,1,0,0,0,1,505,4,40,0
1990,23,2,0,0,0,0,0,0,0,0
1990,77,2,3,0,0,1,0,0,0,0
1990,28,1,0,0,0,1,657,1,50,0
1990,27,2,0,0,0,1,458,4,40,0
1990,20,2,1,0,0,1,264,3,40,0
1990,19,2,1,0,0,1,313,4,10,0
1990,31,1,0,0,0,1,65,5,40,0
1990,26,2,0,3,0,1,456,5,40,0
1990,65,1,0,0,0,1,14,5,0,0
1990,64,2,0,0,0,1,0,0,0,0
1990,40,1,2,0,0,1,243,3,70,0
1990,49,1,0,0,0,0,0,0,0,0
1990,44,2,0,0,0,0,389,6,40,0
1990,75,2,3,0,0,0,0,0,0,0
1990,34,1,2,0,0,1,18,4,90,0
1990,47,1,2,0,0,0,0,0,0,0
1990,38,1,0,0,0,1,803,2,50,0
1990,32,2,0,0,0,0,313,0,32,0
1990,46,2,3,0,0,1,0,0,0,0
1990,49,2,3,0,0,0,174,6,40,0
1990,28,1,1,0,0,0,585,0,40,0
1990,26,1,1,1,0,0,505,4,25,0
1990,50,2,2,1,0,0,0,0,0,0
1990,29,2,3,0,0,1,313,3,0,0
1990,59,2,3,2,1,0,799,1,40,0
1990,30,2,1,2,0,1,337,5,20,0
1990,24,2,1,2,0,0,445,5,44,0
1990,66,2,2,1,0,0,377,6,40,0
1990,57,1,0,0,0,0,796,1,40,0
1990,54,2,0,0,0,0,0,0,0,0
1990,28,1,1,0,0,0,276,3,0,0
1990,26,1,1,0,0,0,885,3,40,0
1990,62,1,3,0,1,0,479,0,0,0
1990,20,1,1,0,1,0,486,0,40,0
1990,31,1,1,1,0,0,22,4,62,0
1990,43,2,3,3,3,0,779,1,38,0
1990,75,2,3,2,1,0,0,0,0,0
1990,39,1,0,0,0,0,804,2,86,0
1990,39,2,0,0,0,0,799,1,0,0
1990,19,2,1,0,0,0,0,0,0,0
1990,27,1,0,0,0,0,787,1,55,0
1990,26,2,0,0,0,0,243,3,25,0
1990,35,1,2,0,0,1,804,2,40,0
1990,45,1,0,0,0,0,448,1,50,0
1990,41,2,0,0,0,0,185,3,10,0
1990,21,1,1,0,0,0,453,3,48,0
1990,18,1,1,0,0,0,877,3,0,0
1990,41,1,0,0,0,0,475,0,66,1
1990,40,2,0,0,0,1,337,0,0,0
1990,18,2,1,0,0,1,558,0,40,0
1990,37,2,1,0,0,1,389,0,40,0
1990,77,2,3,0,0,0,0,0,0,0
1990,30,1,0,0,0,0,785,1,48,0
1990,25,2,1,0,0,0,683,1,40,0
1990,24,2,3,0,0,0,275,4,45,0
1990,70,2,0,0,0,0,95,5,0,0
1990,56,1,0,0,0,0,783,0,0,0
1990,74,2,3,0,0,0,0,0,0,0
1990,42,2,2,0,0,1,22,2,45,1
1990,30,1,1,1,0,1,243,3,50,1
1990,27,1,1,1,0,0,243,3,45,0
1990,31,1,0,0,0,0,503,2,40,0
1990,24,2,0,0,0,0,318,5,0,0
1990,37,1,0,1,2,1,796,6,40,0
1990,45,2,0,1,0,1,628,1,52,0
1990,22,1,1,0,2,1,436,3,40,0
1990,31,1,0,0,0,0,529,2,40,0
1990,24,2,0,3,0,0,453,5,0,0
1990,25,1,0,0,0,1,567,0,40,1
1990,23,2,0,0,0,1,313,4,20,0
1990,28,1,0,0,0,0,579,0,60,0
1990,25,2,0,0,0,0,466,5,20,0
1990,40,1,0,0,0,1,157,5,56,0
1990,41,2,0,0,0,0,243,3,0,0
1990,24,1,1,0,0,1,243,4,70,1
1990,37,1,3,0,0,1,544,1,40,0
1990,73,1,3,0,0,0,0,0,0,0
1990,27,1,1,0,0,0,436,3,35,0
1990,38,2,2,3,0,0,0,0,0,0
1990,54,1,3,0,1,0,479,0,35,0
1990,20,1,1,0,1,0,479,0,40,0
1990,22,1,3,0,1,0,488,3,0,0
1990,30,1,3,0,1,0,889,3,40,0
1990,24,1,3,0,1,0,869,0,45,0
1990,36,1,0,0,1,0,479,0,50,0
1990,31,1,0,0,1,0,479,0,35,0
1990,40,1,0,0,0,0,856,6,40,0
1990,34,2,0,0,0,1,753,0,40,0
1990,47,2,2,0,0,1,599,0,40,0
1990,50,2,2,0,0,1,319,5,60,0
1990,18,1,1,0,0,0,0,0,0,0
1990,37,2,2,0,0,1,308,5,40,0
1990,44,1,0,0,0,0,883,3,40,0
1990,43,2,0,0,0,0,387,5,25,0
1990,24,1,1,0,0,1,579,0,25,0
1990,22,1,1,0,0,1,17,3,40,0
1990,70,2,3,0,0,0,0,0,0,0
1990,30,1,0,0,2,1,22,0,40,0
1990,25,2,0,0,0,1,389,5,40,0
1990,29,1,0,0,0,1,558,0,38,0
1990,27,2,0,0,0,1,379,5,40,0
1990,29,1,0,0,0,0,508,4,0,0
1990,26,2,0,2,0,0,313,1,0,0
1990,38,1,0,0,0,1,366,2,40,0
1990,37,2,0,0,0,1,376,1,40,0
1990,35,1,0,0,0,0,567,0,40,0
1990,34,2,0,0,0,0,22,3,50,0
1990,55,1,0,0,0,0,889,2,45,1
1990,51,2,0,0,0,0,383,4,15,0
1990,79,2,3,0,0,0,0,0,0,0
1990,61,1,0,0,0,0,274,3,0,0
1990,47,2,0,0,0,0,208,5,40,0
1990,31,2,0,0,0,0,337,0,0,0
1990,34,1,0,0,0,1,734,1,60,0
1990,34,1,0,0,0,1,687,1,40,0
1990,31,2,0,0,0,1,0,0,0,0
1990,30,2,2,0,0,1,257,2,20,0
1990,25,1,2,0,0,0,253,4,40,0
1990,46,1,2,0,0,1,259,3,50,1
1990,35,2,2,0,0,1,95,5,36,0
1990,44,1,2,0,0,1,364,3,40,0
1990,34,1,0,0,0,1,808,5,50,0
1990,35,2,0,0,0,1,449,4,12,0
1990,59,2,2,0,0,0,0,0,0,0
1990,57,2,3,3,3,1,447,5,34,0
1990,67,2,1,0,0,0,335,5,0,0
1990,32,1,1,0,0,1,375,4,40,0
1990,56,1,0,0,0,1,156,5,40,0
1990,44,2,0,0,0,1,178,5,60,0
1990,29,1,1,0,0,0,584,0,35,0
1990,79,1,0,0,0,0,0,0,0,0
1990,67,2,0,0,0,0,0,0,0,0
1990,25,1,0,0,0,0,453,4,44,0
1990,21,2,0,0,0,0,205,5,40,0
1990,48,2,3,0,0,0,0,0,0,0
1990,45,2,2,0,0,0,486,6,0,0
1990,43,1,0,0,0,1,95,5,40,0
1990,35,2,0,0,0,1,95,5,30,0
1990,39,1,3,0,0,0,599,0,40,0
1990,33,2,1,0,0,1,869,0,0,0
1990,18,1,1,0,0,0,877,3,20,0
1990,50,2,2,0,0,0,0,0,0,0
1990,21,2,1,0,0,0,323,3,40,0
1990,50,1,0,3,3,0,436,3,56,0
1990,48,2,0,0,3,0,436,3,56,0
1990,18,2,1,0,3,0,466,5,50,0
1990,37,1,2,0,0,1,156,5,15,0
1990,61,1,0,0,0,0,536,4,40,0
1990,60,2,0,0,0,1,95,5,40,0
1990,52,1,0,0,0,0,436,6,40,0
1990,53,2,0,0,0,0,779,1,48,0
1990,34,1,0,0,0,1,364,5,40,0
1990,33,2,0,0,0,1,14,5,40,0
1990,47,1,0,0,0,1,558,0,50,0
1990,45,2,0,0,0,0,383,4,25,0
1990,30,1,0,0,0,1,575,3,50,0
1990,25,2,0,0,0,0,777,1,50,0
1990,52,1,0,0,0,1,243,3,45,1
1990,50,2,0,0,0,0,313,1,40,0
1990,29,1,0,0,0,0,779,1,40,0
1990,25,2,0,0,0,0,368,1,40,0
1990,70,1,3,0,0,0,0,0,0,0
1990,21,1,0,0,0,1,37,3,40,0
1990,21,2,0,0,0,0,274,3,20,0
1990,25,2,3,0,0,0,0,0,0,0
1990,42,1,2,2,0,1,436,3,78,0
1990,32,2,3,2,0,1,465,6,32,0
1990,33,1,0,0,0,0,877,3,45,0
1990,33,2,0,0,0,1,15,5,40,0
1990,70,2,3,0,0,0,0,0,0,0
1990,66,2,2,0,0,0,0,0,0,0
1990,55,1,0,0,0,0,514,3,42,0
1990,55,2,0,0,0,0,447,3,70,0
1990,35,1,1,0,0,0,0,0,0,0
1990,26,1,0,0,0,0,599,0,40,0
1990,26,2,0,0,0,0,327,3,0,0
1990,40,2,3,0,0,1,747,4,40,0
1990,36,1,2,0,0,1,243,3,40,0
1990,38,2,2,0,0,0,407,4,5,0
1990,34,1,1,0,0,0,599,0,40,0
1990,29,1,0,3,3,0,869,0,45,0
1990,34,2,0,3,3,1,95,5,36,0
1990,62,2,2,0,0,1,466,5,35,0
1990,61,2,2,0,0,1,274,3,30,0
1990,80,1,2,0,0,1,453,4,35,0
1990,46,1,0,0,0,0,0,0,0,0
1990,40,2,0,0,0,0,628,1,50,0
1990,27,1,2,0,0,1,213,5,40,0
1990,74,2,3,1,0,0,0,0,0,0
1990,24,2,2,0,0,1,253,4,40,0
1990,26,2,2,0,0,1,458,4,30,0
1990,22,2,0,0,0,0,869,0,0,0
1990,28,1,0,2,0,1,795,1,60,0
1990,31,2,0,2,0,0,0,0,0,0
1990,28,1,0,0,0,0,573,0,40,0
1990,47,1,0,0,0,0,804,0,50,0
1990,29,2,0,0,0,0,666,3,0,0
1990,24,2,2,2,0,1,447,5,40,0
1990,46,1,0,3,0,1,804,2,60,0
1990,35,2,0,3,1,0,337,2,40,0
1990,19,2,1,3,1,0,0,0,0,0
1990,61,1,0,2,0,0,699,0,40,0
1990,60,2,0,2,0,1,387,5,40,0
1990,35,1,0,3,0,0,355,2,48,0
1990,27,2,0,2,0,0,389,3,50,0
1990,52,1,0,0,0,0,804,2,60,0
1990,51,2,0,0,0,0,806,3,48,0
1990,72,1,0,0,0,0,0,0,0,0
1990,64,2,0,0,0,0,628,1,0,0
1990,33,2,2,0,0,1,359,2,0,0
1990,29,2,2,0,0,1,197,4,16,0
1990,57,1,0,0,0,1,17,3,60,0
1990,55,2,0,0,0,1,17,3,25,0
1990,25,1,0,2,1,0,436,3,45,0
1990,23,2,0,2,1,0,223,1,48,0
1990,40,1,0,0,0,0,808,5,40,0
1990,39,2,0,0,0,0,22,5,30,0
1990,42,1,0,0,0,1,22,2,53,0
1990,42,2,0,0,0,1,163,5,52,0
1990,21,1,0,0,0,1,426,1,45,0
1990,20,2,0,0,0,1,276,3,20,0
1990,36,1,0,0,0,1,558,0,50,1
1990,26,2,0,0,0,1,308,1,20,0
1990,40,1,0,0,2,0,473,0,50,0
1990,36,2,0,0,2,1,365,1,50,0
1990,39,1,0,0,0,1,8,0,40,1
1990,37,2,0,0,0,1,0,0,0,0
1990,43,1,3,0,0,1,7,1,65,1
1990,44,2,3,0,0,0,254,4,40,0
1990,33,1,0,2,1,0,777,1,84,0
1990,34,2,0,2,1,0,883,1,48,0
1990,38,1,0,3,0,1,379,6,40,0
1990,49,2,0,0,0,0,407,4,40,0
1990,58,1,0,0,0,0,804,2,40,0
1990,58,2,0,0,0,0,319,5,40,0
1990,28,2,1,0,0,1,385,4,40,0
1990,27,1,1,0,0,1,276,3,40,0
1990,26,1,0,0,0,0,257,1,40,0
1990,31,2,0,0,0,0,383,4,40,0
1990,56,1,0,0,0,1,859,2,70,0
1990,44,2,0,0,0,0,447,5,0,0
1990,21,1,1,0,0,0,486,0,54,0
1990,25,2,1,0,0,1,435,3,32,0
1990,34,2,0,0,0,1,319,3,40,0
1990,33,1,0,0,0,0,259,1,40,0
1990,63,1,2,0,0,0,22,0,60,0
1990,27,2,2,2,0,1,0,0,0,0
1990,28,1,0,0,1,0,804,0,40,0
1990,26,2,0,0,0,0,754,0,0,0
1990,25,1,0,0,2,0,479,0,40,0
1990,19,2,0,0,2,0,0,0,0,0
1990,74,1,0,0,0,0,0,0,0,0
1990,68,2,0,0,0,0,0,0,0,0
1990,47,1,2,0,0,0,434,5,40,0
1990,55,1,0,0,0,1,22,2,40,1
1990,55,2,0,0,0,1,95,5,24,0
1990,51,1,0,0,0,0,455,0,70,0
1990,47,2,0,0,2,0,458,4,99,0
1990,27,1,1,0,0,1,804,2,45,0
1990,24,1,1,0,0,0,475,0,40,0
1990,61,2,0,0,0,0,0,0,0,0
1990,72,1,0,0,0,1,535,4,17,0
1990,43,1,0,0,2,1,156,5,48,0
1990,40,2,0,2,0,1,156,5,45,0
1990,20,1,1,0,0,1,255,4,20,0
1990,72,1,3,0,0,0,0,0,0,0
1990,71,2,2,0,0,1,449,5,0,0
1990,61,2,3,0,1,0,754,1,40,0
1990,70,2,3,0,0,0,0,0,0,0
1990,56,2,2,0,0,1,356,4,40,0
1990,46,1,0,0,0,1,255,4,40,0
1990,48,2,0,0,0,1,0,0,0,0
1990,21,2,1,0,0,1,243,3,40,0
1990,36,1,0,0,0,0,22,0,50,0
1990,34,2,0,0,0,1,156,5,15,0
1990,69,2,3,0,0,0,313,5,27,0
1990,31,2,1,0,0,0,0,0,0,0
1990,37,1,3,0,0,1,804,3,40,0
1990,45,1,0,0,0,1,156,5,40,0
1990,43,2,0,0,0,1,157,5,40,0
1990,78,2,0,0,0,0,0,0,0,0
1990,52,1,0,0,1,0,479,0,99,0
1990,47,2,0,0,1,0,488,0,99,0
1990,20,2,1,0,1,0,799,1,99,0
1990,19,2,1,0,1,0,436,3,99,0
1990,26,1,0,0,0,1,479,0,25,0
1990,26,2,0,2,1,0,479,0,48,0
1990,26,1,3,0,1,0,595,0,40,0
1990,22,1,1,0,0,0,0,0,0,0
1990,32,1,3,0,0,0,859,2,40,0
1990,26,1,0,0,0,0,523,2,40,0
1990,24,2,0,0,0,0,383,4,40,0
1990,47,1,0,0,0,1,518,1,40,0
1990,40,2,0,0,0,1,446,5,0,0
1990,80,2,3,0,0,0,0,0,0,0
1990,51,2,2,0,0,0,0,0,0,0
1990,51,1,0,0,0,0,22,2,40,0
1990,50,2,0,0,0,0,407,4,15,0
1990,64,2,3,0,0,0,0,0,0,0
1990,45,2,1,0,0,0,159,5,40,0
1990,54,2,2,0,0,0,447,5,40,0
1990,24,1,0,0,0,0,235,5,40,0
1990,21,2,0,0,0,0,276,3,40,0
1990,56,1,0,3,3,1,0,0,0,0
1990,41,2,0,3,3,0,0,0,0,0
1990,27,1,0,0,0,0,558,0,40,0
1990,28,2,0,0,0,1,337,0,40,0
1990,36,1,0,2,1,1,507,2,40,0
1990,27,2,0,0,0,1,909,6,0,0
1990,35,1,0,2,1,0,549,1,40,0
1990,34,2,0,2,1,0,0,0,0,0
1990,28,1,0,2,1,0,744,1,0,0
1990,26,1,0,2,1,0,477,0,40,0
1990,36,1,0,0,0,0,777,5,20,0
1990,36,2,0,0,0,0,365,1,60,0
1990,19,1,1,0,0,0,505,4,40,0
1990,23,1,0,0,0,0,777,1,37,0
1990,22,2,0,0,0,0,264,3,40,0
1990,39,1,0,3,0,1,355,2,40,0
1990,30,2,0,0,0,1,23,5,30,0
1990,64,1,0,0,0,0,0,0,0,0
1990,65,2,0,0,0,0,17,5,40,0
1990,33,1,1,0,0,1,889,3,43,0
1990,80,2,3,0,2,0,0,0,0,0
1990,39,1,0,0,0,1,567,0,40,0
1990,36,2,0,0,0,0,337,4,40,0
1990,38,1,2,0,0,1,189,5,40,0
1990,38,2,2,0,0,1,208,5,24,0
1990,51,1,3,0,1,0,479,0,43,0
1990,22,2,1,0,1,0,435,3,50,0
1990,20,2,1,0,1,0,435,3,55,0
1990,38,2,1,3,0,1,327,2,40,0
1990,42,1,2,0,0,0,889,2,40,0
1990,63,1,0,0,0,1,257,1,20,0
1990,59,2,0,0,0,1,156,5,0,0
1990,67,2,3,0,0,0,0,0,0,0
1990,74,1,0,0,0,1,0,0,0,0
1990,70,2,0,0,0,0,0,0,0,0
1990,64,1,0,0,0,1,163,5,0,0
1990,52,2,0,0,0,1,156,5,0,0
1990,22,2,1,0,0,1,189,4,25,0
1990,23,2,0,0,0,1,207,5,0,0
1990,32,1,0,0,0,0,567,0,0,0
1990,29,1,1,0,0,1,668,3,30,0
1990,72,1,0,0,0,0,0,0,0,0
1990,67,2,0,0,0,0,0,0,0,0
1990,66,1,0,0,2,0,486,4,40,0
1990,75,2,0,0,0,0,18,4,30,0
1990,57,1,0,0,0,0,453,4,25,0
1990,53,2,0,0,0,0,486,4,20,0
1990,38,1,2,0,0,0,444,3,40,0
1990,71,1,0,0,0,0,0,0,0,0
1990,64,2,0,0,0,0,243,3,40,0
1990,78,2,0,0,0,1,0,0,0,0
1990,71,1,0,0,0,0,0,0,0,0
1990,70,2,0,0,0,0,0,0,0,0
1990,23,2,1,0,0,0,435,3,35,0
1990,48,1,3,0,0,0,573,0,40,0
1990,19,2,1,0,0,0,436,3,12,0
1990,57,1,0,0,0,1,85,5,50,0
1990,60,2,0,0,0,0,445,5,20,0
1990,43,1,2,0,0,0,567,0,30,0
1990,20,1,1,1,0,0,579,0,40,0
1990,76,1,0,0,0,0,0,0,0,0
1990,76,2,0,0,0,0,0,0,0,0
1990,63,1,0,0,0,0,628,3,0,0
1990,72,2,0,0,0,0,888,3,0,0
1990,34,2,2,0,0,1,433,3,0,0
1990,77,1,3,0,0,1,17,4,30,0
1990,33,2,2,0,0,1,354,2,18,0
1990,72,1,0,0,0,1,254,4,30,0
1990,70,2,0,0,0,1,254,4,30,0
1990,71,1,0,0,0,0,0,0,0,0
1990,65,2,0,0,0,0,0,0,0,0
1990,63,1,0,0,0,1,0,0,0,0
1990,58,2,0,0,0,1,154,5,0,0
1990,74,2,1,0,0,1,0,0,0,0
1990,71,2,1,0,0,1,0,0,0,0
1990,24,2,1,0,0,1,23,4,40,0
1990,46,1,0,0,0,0,733,1,40,0
1990,42,2,0,0,0,1,328,6,40,0
1990,37,1,0,0,0,1,206,5,40,1
1990,34,2,0,0,0,1,0,0,0,0
1990,54,1,0,0,0,0,0,0,0,0
1990,68,2,0,0,0,0,0,0,0,0
1990,54,1,0,0,0,1,259,3,50,0
1990,49,2,0,0,0,0,465,5,40,0
1990,77,1,0,0,0,0,0,0,0,0
1990,66,2,0,0,0,1,0,0,0,0
1990,64,1,0,0,0,0,243,3,0,0
1990,63,2,0,0,0,1,156,5,37,0
1990,54,1,0,0,0,1,0,0,0,0
1990,53,2,0,0,0,0,0,0,0,0
1990,19,1,1,0,0,1,579,5,40,0
1990,35,1,0,0,0,1,228,2,42,0
1990,43,2,0,0,0,0,276,3,35,0
1990,50,1,0,0,0,1,156,5,50,0
1990,33,2,0,0,0,1,156,5,50,0
1990,53,1,0,0,0,1,28,3,50,0
1990,45,2,0,0,0,1,243,3,34,0
1990,56,1,0,0,2,0,505,4,40,1
1990,54,2,0,0,2,0,313,4,40,0
1990,30,1,2,0,0,0,585,4,32,0
1990,25,2,2,0,0,1,385,3,40,0
1990,47,1,0,0,0,1,423,6,40,0
1990,43,2,0,0,0,0,276,3,40,0
1990,32,1,0,0,0,1,856,1,48,0
1990,27,2,0,0,0,1,375,4,40,0
1990,41,1,0,0,0,0,505,3,40,0
1990,46,2,0,0,0,0,234,4,40,0
1990,29,1,0,0,0,0,573,0,40,0
1990,35,2,0,0,0,0,276,1,0,0
1990,76,1,0,0,0,1,0,0,0,0
1990,76,2,0,0,0,0,0,0,0,0
1990,40,2,2,0,0,0,435,3,6,0
1990,40,2,1,0,0,1,205,5,40,1
1990,62,1,2,0,0,0,0,0,0,0
1990,40,2,2,0,0,0,453,4,0,0
1990,61,2,3,0,0,0,804,2,36,0
1990,37,1,2,0,0,0,694,2,35,0
1990,34,1,3,0,0,1,505,3,48,0
1990,36,1,0,0,0,0,585,6,40,0
1990,35,2,0,0,0,1,5,6,40,0
1990,41,1,2,0,0,1,804,2,0,0
1990,52,1,3,0,0,1,22,3,0,1
1990,44,2,2,0,0,0,0,0,0,0
1990,21,1,1,0,0,0,274,3,40,0
1990,19,2,1,3,0,0,804,5,25,0
1990,52,1,0,0,0,1,59,5,40,1
1990,51,2,0,0,0,1,387,5,35,0
1990,61,1,0,0,0,1,178,5,40,1
1990,62,2,0,0,0,1,313,5,20,0
1990,24,1,1,3,0,0,567,0,65,0
1990,19,2,1,0,0,1,447,5,40,0
1990,53,1,0,2,0,1,243,3,50,0
1990,33,2,0,2,1,1,666,4,0,0
1990,31,2,2,2,1,0,0,0,0,0
1990,21,2,1,2,0,1,0,0,0,0
1990,65,1,0,0,0,0,0,0,0,0
1990,64,2,0,0,0,0,0,0,0,0
1990,21,1,0,0,0,0,573,0,40,0
1990,22,2,0,0,0,0,0,0,0,0
1990,47,1,0,0,0,1,547,2,40,0
1990,48,2,0,0,0,1,277,3,32,0
1990,31,1,0,0,0,1,417,6,96,0
1990,30,2,0,0,0,1,417,6,15,0
1990,39,2,3,0,0,1,254,4,43,0
1990,50,1,2,0,0,0,453,5,40,0
1990,23,2,1,0,0,0,453,5,40,0
1990,48,1,0,0,0,0,579,0,40,0
1990,45,2,0,0,0,1,254,4,30,0
1990,22,2,1,0,0,1,276,3,30,0
1990,49,2,0,0,0,1,254,4,80,0
1990,37,1,0,0,0,0,869,0,50,0
1990,51,2,2,0,0,0,447,5,40,0
1990,64,2,3,0,0,0,0,0,0,0
1990,31,1,2,0,0,0,779,3,35,0
1990,24,2,1,0,0,0,159,5,45,0
1990,46,1,0,0,0,1,156,5,40,0
1990,40,2,0,0,0,1,303,5,40,0
1990,24,1,3,2,1,0,433,3,32,0
1990,19,2,3,2,1,0,433,3,0,0
1990,80,2,2,0,0,1,0,0,0,0
1990,39,2,2,0,0,0,354,2,40,0
1990,22,1,1,0,0,1,567,0,40,0
1990,19,2,1,0,0,1,354,2,80,0
1990,48,1,0,0,1,0,364,2,45,0
1990,39,2,0,0,0,0,406,4,25,0
1990,27,1,0,2,0,0,856,1,45,0
1990,27,2,0,2,1,0,453,1,45,0
1990,48,2,3,2,1,0,0,0,0,0
1990,37,1,0,0,1,0,684,1,40,0
1990,43,2,0,0,0,0,754,1,40,0
1990,38,2,1,0,0,1,156,5,35,0
1990,34,2,1,0,0,1,156,5,50,0
1990,33,1,0,0,0,1,259,3,72,1
1990,36,2,0,0,0,1,0,0,0,0
1990,79,1,0,0,0,1,0,0,0,0
1990,78,2,0,0,0,1,0,0,0,0
1990,66,1,3,0,0,1,379,3,8,1
1990,50,2,0,0,0,1,313,4,16,0
1990,66,1,0,0,0,1,774,5,0,0
1990,70,1,0,0,0,1,496,0,20,0
1990,69,2,0,0,0,1,156,5,8,0
1990,72,1,0,0,0,0,0,0,0,0
1990,65,2,0,0,0,0,0,0,0,0
1990,74,1,0,0,0,1,0,0,0,0
1990,71,2,0,0,0,1,0,0,0,0
1990,46,1,0,2,1,0,549,0,60,0
1990,33,2,0,2,0,0,488,0,84,0
1990,57,2,3,0,1,0,0,0,0,0
1990,22,2,1,0,0,0,479,0,40,0
1990,43,2,3,0,0,1,447,5,40,0
1990,20,2,1,0,0,0,0,0,0,0
1990,32,2,3,0,0,0,447,5,0,1
1990,34,1,1,0,0,0,0,0,0,0
1990,38,1,0,0,0,0,567,1,40,0
1990,39,2,0,0,0,0,276,3,20,0
1990,28,1,0,0,0,0,804,2,40,0
1990,28,2,0,0,0,0,0,0,0,0
1990,37,1,0,0,0,0,579,6,40,0
1990,33,2,0,0,0,0,387,5,25,0
1990,40,1,0,0,0,1,389,3,40,0
1990,36,2,0,0,0,0,435,3,40,0
1990,35,1,0,0,0,0,777,3,0,0
1990,27,2,0,0,0,0,435,3,0,0
1990,54,1,3,0,0,1,426,0,60,0
1990,36,1,0,0,0,1,257,1,50,1
1990,32,2,0,0,0,1,0,0,0,0
1990,43,1,3,0,0,0,549,2,40,0
1990,65,2,2,0,0,1,447,1,0,0
1990,38,2,2,0,0,1,385,6,45,0
1990,74,2,2,0,0,0,0,0,0,0
1990,30,2,3,0,0,0,799,1,0,0
1990,31,1,3,0,0,0,479,0,48,0
1990,65,2,3,0,0,0,0,0,0,0
1990,78,1,0,0,0,1,0,0,0,0
1990,69,2,0,0,0,0,0,0,0,0
1990,45,1,0,0,0,1,389,2,40,1
1990,44,2,0,0,0,1,274,3,32,0
1990,73,2,3,0,0,0,0,0,0,0
1990,66,1,3,0,0,0,549,1,0,0
1990,28,1,0,0,0,1,226,6,28,0
1990,24,2,0,0,0,1,447,6,32,0
1990,21,1,1,0,0,1,199,5,28,0
1990,33,1,0,3,3,1,365,3,24,0
1990,32,2,0,3,3,1,383,4,40,0
1990,33,2,0,0,0,1,319,4,40,0
1990,23,1,0,0,0,0,274,3,0,0
1990,34,2,1,0,0,1,64,5,40,0
1990,22,1,1,3,0,0,509,1,40,0
1990,19,1,1,0,0,0,17,3,50,0
1990,76,2,3,0,0,0,0,0,0,0
1990,51,1,2,3,0,1,0,0,0,0
1990,28,2,1,0,0,1,313,5,36,0
1990,30,1,1,0,2,1,877,3,35,0
1990,36,1,2,0,0,1,33,6,70,0
1990,41,1,1,0,0,1,5,6,37,0
1990,58,1,3,0,0,0,0,0,0,0
1990,55,2,0,0,0,0,0,0,0,0
1990,27,2,1,1,0,1,243,3,45,0
1990,29,1,1,1,0,0,588,0,45,0
1990,23,2,1,3,0,1,379,6,40,0
1990,24,2,3,0,0,0,276,1,45,0
1990,25,1,1,1,4,1,276,3,24,0
1990,18,2,1,1,4,0,0,0,0,0
1990,24,2,2,0,0,1,458,4,40,0
1990,68,2,3,0,0,1,0,0,0,0
1990,39,1,0,0,0,0,0,0,0,0
1990,42,2,0,0,0,0,339,2,40,0
1990,52,2,3,0,0,1,449,4,25,0
1990,18,1,1,1,0,1,436,3,30,0
1990,61,1,0,1,0,0,263,3,20,0
1990,34,2,0,1,0,0,438,3,40,0
1990,37,1,2,0,0,0,426,4,50,0
1990,31,2,1,0,0,0,0,0,0,0
1990,61,1,0,3,0,1,0,0,0,0
1990,52,2,0,0,0,0,0,0,0,0
1990,55,1,0,0,0,0,889,3,25,0
1990,55,2,0,0,0,0,0,0,0,0
1990,30,1,0,0,0,1,185,4,42,0
1990,29,2,0,0,0,0,379,4,0,0
1990,65,1,0,0,0,0,687,3,40,0
1990,68,2,0,0,0,0,0,0,0,0
1990,43,2,0,0,0,1,23,6,45,0
1990,42,1,0,0,0,1,389,6,50,0
1990,71,1,0,0,0,1,425,6,20,0
1990,29,2,0,3,3,0,389,3,35,0
1990,39,1,0,0,0,1,889,1,40,0
1990,36,2,0,0,0,1,434,3,40,0
1990,45,1,0,0,0,1,22,3,60,1
1990,48,2,0,0,0,1,256,3,60,0
1990,18,2,1,0,0,0,17,3,25,0
1990,18,2,1,3,0,1,365,3,20,0
1990,25,2,1,0,0,1,453,4,0,0
1990,79,2,3,0,0,1,0,0,0,0
1990,45,2,0,0,0,1,43,5,16,0
1990,60,1,0,0,0,1,22,5,40,1
1990,39,1,0,0,0,1,278,1,24,0
1990,39,2,0,0,0,1,95,5,40,1
1990,18,1,1,0,0,1,443,3,15,0
1990,31,2,3,0,0,0,0,0,0,0
1990,78,2,3,0,0,0,0,0,0,0
1990,44,1,1,0,0,1,85,5,30,1
1990,32,1,1,0,0,0,595,0,35,0
1990,29,2,1,3,0,1,95,5,24,0
1990,53,2,0,0,0,0,0,0,0,0
1990,54,1,0,0,0,0,808,2,0,0
1990,34,2,1,0,0,0,0,0,0,0
1990,33,2,0,0,0,0,313,4,40,0
1990,32,1,0,0,0,1,274,3,40,0
1990,72,1,0,3,0,0,0,0,0,0
1990,70,2,0,3,0,0,0,0,0,0
1990,43,1,0,0,0,1,253,4,20,0
1990,37,2,0,0,0,1,0,0,0,0
1990,26,2,0,0,0,1,313,5,20,0
1990,35,1,0,0,0,1,187,2,45,0
1990,41,1,0,0,0,1,575,0,30,0
1990,38,2,0,0,0,1,174,5,20,1
1990,35,1,2,0,0,1,229,4,55,0
1990,25,2,1,0,0,1,16,2,40,0
1990,62,2,2,0,0,1,159,5,20,0
1990,33,1,1,0,0,1,376,1,40,0
1990,68,1,0,0,0,0,0,0,0,0
1990,72,2,0,0,0,0,0,0,0,0
1990,33,1,0,1,0,1,275,4,40,0
1990,28,2,0,0,0,0,379,6,0,0
1990,31,2,1,2,0,0,799,1,8,0
1990,27,1,1,2,0,0,584,0,30,0
1990,23,1,1,1,0,1,453,5,40,0
1990,28,2,1,0,0,1,796,0,40,0
1990,27,1,1,0,0,1,254,4,60,1
1990,31,1,1,3,0,0,567,0,43,0
1990,31,2,3,2,0,0,276,3,30,0
1990,31,2,2,0,0,1,438,3,0,0
1990,43,2,1,0,0,0,453,4,45,0
1990,28,2,2,0,0,0,368,3,40,0
1990,40,1,0,2,1,1,869,0,40,0
1990,33,2,0,2,1,0,0,0,0,0
1990,41,1,0,0,0,1,229,6,40,0
1990,51,2,0,3,3,0,453,4,0,0
1990,65,1,0,0,0,0,0,0,0,0
1990,67,2,0,0,0,1,0,0,0,0
1990,42,2,2,1,0,1,0,0,0,0
1990,22,1,1,1,0,0,0,0,0,0
1990,77,2,3,0,0,0,453,6,8,0
1990,43,1,0,0,0,0,567,0,40,0
1990,39,2,0,0,4,0,0,0,0,0
1990,50,2,0,3,3,0,0,0,0,0
1990,62,1,0,3,3,0,0,0,0,0
1990,34,1,2,0,4,0,856,1,30,0
1990,67,1,0,0,0,0,0,0,0,0
1990,62,2,0,0,0,0,0,0,0,0
1990,29,1,0,0,0,1,424,6,40,0
1990,31,2,0,0,0,0,424,6,40,0
1990,56,2,2,1,0,1,385,6,60,0
1990,32,1,0,0,0,1,417,6,72,0
1990,25,2,0,0,0,0,777,1,36,0
1990,35,1,0,1,0,1,453,1,40,0
1990,34,2,0,1,0,1,376,4,40,0
1990,38,1,0,0,0,1,804,3,40,0
1990,37,2,0,0,0,0,329,5,20,0
1990,36,2,0,0,0,1,65,5,40,0
1990,32,1,0,3,0,1,235,6,40,0
1990,78,2,0,0,0,1,0,0,0,0
1990,78,2,1,0,0,1,0,0,0,0
1990,54,2,2,0,0,1,243,3,40,0
1990,32,2,3,0,0,0,0,0,0,0
1990,40,1,0,0,0,1,7,4,50,1
1990,40,2,0,0,0,1,379,3,40,0
1990,77,1,0,3,3,0,0,0,0,0
1990,73,2,0,3,3,0,0,0,0,0
1990,80,2,3,3,3,0,0,0,0,0
1990,69,1,0,0,0,0,677,3,0,0
1990,66,2,0,0,0,0,0,0,0,0
1990,72,1,0,3,0,0,0,0,0,0
1990,63,2,0,3,0,0,0,0,0,0
1990,63,1,0,0,0,0,804,2,48,0
1990,69,2,0,0,0,0,0,0,0,0
1990,22,2,3,1,0,1,376,4,0,0
1990,59,2,2,0,0,1,44,1,40,0
1990,53,1,0,1,0,0,503,6,0,0
1990,53,2,0,1,0,0,549,6,40,0
1990,65,1,0,0,0,1,689,5,40,1
1990,62,2,0,0,0,0,0,0,0,0
1990,63,1,0,0,0,1,156,5,60,0
1990,68,2,0,0,2,1,447,5,0,0
1990,35,1,1,0,0,1,253,4,55,0
1990,38,1,1,0,0,1,174,5,40,0
1990,49,1,0,1,0,1,418,6,40,1
1990,48,2,0,1,0,1,909,6,0,0
1990,20,1,1,1,0,1,327,2,20,0
1990,55,1,0,3,0,1,53,0,40,0
1990,50,2,0,3,0,1,156,5,50,0
1990,23,2,1,3,0,1,379,3,30,0
1990,26,2,1,0,0,1,379,6,40,0
1990,44,1,3,0,0,1,185,6,40,0
1990,46,2,3,0,0,1,7,5,50,0
1990,27,2,1,3,0,1,183,2,45,0
1990,25,2,0,0,0,1,155,5,40,0
1990,30,1,0,0,2,1,154,5,0,0
1990,69,1,0,1,0,1,254,4,30,1
1990,75,2,0,1,0,0,0,0,0,0
1990,44,1,1,0,0,1,22,4,60,1
1990,70,1,0,0,0,0,0,0,0,0
1990,57,2,0,0,0,0,0,0,0,0
1990,20,1,1,0,0,0,276,3,40,0
1990,20,1,1,0,0,0,877,3,40,0
1990,51,2,2,1,0,1,208,5,0,0
1990,33,2,2,0,0,0,243,1,40,0
1990,63,2,2,0,0,0,447,5,0,0
1990,69,1,0,0,0,0,267,3,40,0
1990,69,2,0,0,0,1,0,0,0,0
1990,69,1,0,1,0,0,0,0,0,0
1990,68,2,0,1,0,1,0,0,0,0
1990,29,1,1,1,0,0,0,0,0,0
1990,54,2,3,1,0,0,0,0,0,0
1990,65,1,0,0,0,0,0,0,0,0
1990,53,2,0,0,0,0,678,5,0,0
1990,28,1,0,0,0,0,453,4,40,0
1990,25,2,0,0,0,0,274,3,27,0
1990,71,1,0,0,0,1,44,1,0,0
1990,66,2,0,0,0,1,0,0,0,0
1990,42,2,2,1,0,0,203,5,40,0
1990,22,1,1,1,0,1,468,5,40,0
1990,78,1,0,0,0,1,0,0,0,0
1990,73,2,0,0,0,0,0,0,0,0
1990,32,2,1,1,0,0,379,6,40,0
1990,24,1,0,0,0,0,804,2,40,0
1990,24,2,0,0,0,0,877,3,25,0
1990,40,1,2,0,0,0,0,0,0,0
1990,31,2,3,0,0,0,447,5,0,0
1990,26,1,1,0,0,0,877,3,40,0
1990,19,2,1,0,0,0,275,5,0,0
1990,44,2,2,0,0,1,313,6,0,0
1990,28,1,0,1,0,0,386,6,40,0
1990,30,2,0,2,0,0,8,4,40,0
1990,47,1,0,0,0,0,453,5,39,0
1990,44,2,0,0,0,0,313,6,40,0
1990,19,2,1,0,0,1,264,3,35,0
1990,36,2,1,0,0,1,9,6,40,0
1990,30,1,0,0,0,1,226,6,40,1
1990,28,2,0,0,0,1,336,5,30,0
1990,39,1,0,0,0,1,686,3,41,0
1990,36,2,0,0,0,0,888,3,40,0
1990,18,1,1,0,0,0,877,3,27,0
1990,48,1,0,0,0,1,417,6,40,0
1990,47,2,0,0,0,1,5,6,40,1
1990,38,2,2,2,0,0,0,0,0,0
1990,35,1,0,0,0,0,22,1,40,0
1990,32,2,0,3,0,0,337,1,40,0
1990,65,2,3,3,3,0,403,4,40,0
1990,50,2,1,0,0,1,207,5,10,0
1990,72,2,3,0,0,0,0,0,0,0
1990,19,2,1,0,0,1,308,6,40,0
1990,25,1,0,2,1,0,505,4,40,0
1990,26,2,0,2,0,0,458,4,0,0
1990,42,1,0,0,0,0,759,5,40,0
1990,39,2,0,0,0,0,337,3,40,0
1990,80,1,0,0,0,1,0,0,0,0
1990,68,2,0,0,0,0,0,0,0,0
1990,50,1,1,0,0,0,0,0,0,0
1990,26,1,2,0,0,0,567,0,45,0
1990,42,2,3,0,0,0,463,2,40,0
1990,18,1,1,0,0,0,885,3,16,0
1990,57,2,0,0,0,0,303,0,40,0
1990,58,1,0,0,0,0,0,0,0,0
1990,30,1,0,0,0,0,783,1,40,0
1990,28,2,0,0,0,0,25,4,40,0
1990,31,1,0,0,2,1,22,2,80,1
1990,30,2,0,0,0,0,9,1,40,0
1990,23,1,0,0,0,0,527,2,40,0
1990,24,2,0,0,0,1,274,3,40,0
1990,37,1,0,0,0,1,154,5,40,0
1990,34,2,0,0,0,1,17,3,32,0
1990,41,2,0,0,0,1,156,5,40,0
1990,40,1,0,0,0,1,23,6,40,0
1990,32,2,2,3,0,1,24,4,40,0
1990,54,1,3,1,0,1,23,5,37,1
1990,47,2,3,0,0,0,348,2,35,0
1990,43,1,2,0,0,1,5,6,55,0
1990,20,2,1,0,0,1,228,5,25,0
1990,20,2,1,0,0,0,257,1,40,0
1990,20,1,1,0,0,1,276,3,20,0
1990,21,2,1,1,0,1,276,3,27,0
1990,26,2,3,0,0,0,466,5,0,0
1990,24,1,1,3,0,1,436,1,40,0
1990,19,2,1,0,0,1,376,4,20,0
1990,22,1,1,0,0,1,433,3,20,0
1990,20,2,1,0,0,1,25,6,40,0
1990,36,1,0,0,0,1,567,0,40,0
1990,46,2,0,0,0,0,449,4,15,0
1990,25,2,1,0,0,1,308,5,40,0
1990,25,2,0,0,0,0,0,0,0,0
1990,33,1,0,0,0,0,507,2,40,0
1990,45,2,2,0,0,1,7,5,37,0
1990,23,2,1,0,0,1,29,3,35,0
1990,53,1,0,0,0,0,22,1,40,0
1990,50,2,0,0,0,0,0,0,0,0
1990,40,1,0,0,0,1,22,0,60,1
1990,37,2,0,0,0,1,0,0,0,0
1990,69,1,0,0,0,0,33,1,0,0
1990,64,2,0,0,0,1,313,1,0,0
1990,29,1,3,2,0,0,576,2,44,0
1990,28,2,2,2,2,1,375,4,0,0
1990,26,1,0,0,0,0,779,1,40,0
1990,28,2,0,0,0,1,319,5,40,0
1990,68,1,0,0,0,0,0,0,0,0
1990,66,2,0,0,0,0,0,0,0,0
1990,21,1,1,0,0,0,307,3,40,0
1990,53,2,2,0,0,1,307,4,0,0
1990,53,1,0,0,0,0,653,0,40,0
1990,54,2,0,0,0,0,0,0,0,0
1990,80,2,3,0,0,1,0,0,0,0
1990,43,2,3,0,0,0,0,0,0,0
1990,49,1,0,0,3,1,17,3,40,1
1990,33,2,0,0,3,0,276,3,12,0
1990,38,1,1,0,0,0,569,0,40,0
1990,38,1,0,0,0,1,869,0,45,0
1990,34,2,0,0,0,1,869,0,30,0
1990,33,1,0,0,0,1,22,0,40,0
1990,29,2,0,0,0,1,208,5,40,0
1990,35,1,0,0,0,1,243,3,45,0
1990,32,2,0,0,0,0,809,6,50,0
1990,45,1,0,0,0,1,903,6,40,1
1990,44,2,0,0,0,1,95,5,24,0
1990,48,1,0,0,0,1,365,2,40,1
1990,47,2,0,0,0,0,313,0,40,0
1990,43,2,0,0,0,1,13,5,40,0
1990,46,1,0,0,0,1,36,6,40,0
1990,18,1,1,0,0,0,443,5,40,0
1990,37,1,0,0,0,1,48,1,40,0
1990,36,2,0,0,3,1,278,1,0,0
1990,42,1,2,2,0,1,23,6,40,1
1990,19,2,1,2,0,0,274,3,40,0
1990,21,1,1,2,0,1,364,3,12,0
1990,39,1,0,0,0,1,65,1,40,0
1990,36,2,0,0,0,1,0,0,0,0
1990,55,2,2,0,0,1,274,3,30,0
1990,52,1,2,0,0,0,575,4,10,0
1990,51,1,1,2,0,0,748,4,36,0
1990,45,1,0,0,0,0,263,3,40,0
1990,44,2,0,0,0,0,243,3,40,0
1990,18,1,1,0,0,0,804,3,20,0
1990,52,1,0,0,0,1,257,5,40,0
1990,51,2,0,0,2,1,274,3,30,0
1990,32,1,1,0,0,1,565,0,40,0
1990,34,2,0,0,0,1,208,5,40,0
1990,36,1,0,0,0,1,96,3,50,0
1990,46,1,0,0,0,1,628,1,40,0
1990,41,2,0,0,0,1,313,4,0,0
1990,30,1,0,0,0,1,853,0,50,0
1990,27,2,0,0,0,1,319,5,40,0
1990,44,1,0,0,0,1,389,6,40,0
1990,46,2,0,0,0,1,0,0,0,0
1990,19,2,1,0,0,1,336,5,20,0
1990,37,1,0,0,0,1,227,6,40,0
1990,36,2,0,0,0,1,36,6,40,0
1990,58,2,3,0,0,0,0,0,0,0
1990,42,1,0,0,0,1,257,0,40,1
1990,33,2,0,0,0,1,456,5,20,0
1990,52,1,0,0,0,1,156,5,60,0
1990,48,2,0,0,0,1,163,5,20,0
1990,23,2,1,0,0,1,23,5,0,0
1990,30,2,0,0,0,1,449,4,0,0
1990,29,1,0,0,0,0,567,0,40,0
1990,62,1,0,1,0,1,56,6,40,0
1990,61,2,0,1,0,1,157,5,24,0
1990,31,1,1,1,0,1,523,3,40,0
1990,62,2,3,0,0,1,157,5,40,1
1990,40,1,1,0,0,1,22,0,50,1
1990,69,1,0,0,0,1,549,4,30,0
1990,65,2,0,0,0,1,303,4,37,0
1990,36,1,1,0,0,0,486,0,40,0
1990,46,1,2,0,0,1,22,2,40,1
1990,29,2,1,0,0,0,315,2,30,0
1990,53,1,0,0,0,1,22,0,55,1
1990,55,2,0,0,0,1,0,0,0,0
1990,43,1,0,0,0,1,243,4,40,1
1990,42,2,0,0,0,1,156,5,40,0
1990,65,2,1,0,0,1,154,5,40,0
1990,39,1,2,0,0,0,575,4,40,0
1990,28,2,1,0,0,1,275,5,30,0
1990,30,2,1,0,0,1,585,0,40,0
1990,29,2,1,0,0,1,575,0,40,0
1990,26,2,2,3,0,1,22,4,80,0
1990,32,1,2,0,0,1,869,0,40,0
1990,21,2,2,0,0,0,379,0,40,0
1990,44,1,0,0,0,1,243,3,65,0
1990,40,2,0,0,0,0,337,0,40,0
1990,45,1,0,3,0,1,26,5,50,1
1990,46,2,0,2,0,1,785,6,40,0
1990,50,1,0,0,0,0,507,3,40,0
1990,43,2,0,0,0,1,313,3,40,0
1990,70,2,2,0,0,0,468,5,20,0
1990,73,2,3,0,0,0,0,0,0,0
1990,33,2,2,0,0,0,243,3,50,0
1990,33,1,2,0,0,0,558,0,50,0
1990,78,2,3,0,0,0,0,0,0,0
1990,24,1,1,0,0,1,869,3,40,0
1990,49,2,2,0,0,1,167,5,40,0
1990,39,1,0,0,0,1,183,5,40,0
1990,42,2,0,0,0,1,337,5,25,0
1990,21,1,2,0,0,0,759,1,40,0
1990,24,2,3,0,0,0,276,3,40,0
1990,27,2,2,0,0,0,276,3,30,0
1990,23,2,1,0,0,1,155,5,25,0
1990,21,2,1,0,0,1,155,5,15,0
1990,22,2,1,0,0,1,264,3,20,0
1990,22,2,1,0,0,1,385,4,25,0
1990,43,1,1,0,0,1,274,3,28,0
1990,29,2,2,0,0,0,259,3,40,0
1990,29,1,0,0,0,1,637,4,40,0
1990,21,2,0,0,0,1,379,5,40,0
1990,68,1,0,0,0,1,389,4,20,0
1990,62,2,0,0,0,0,0,0,0,0
1990,20,2,1,0,0,1,208,5,24,0
1990,36,2,3,0,0,0,0,0,0,0
1990,61,2,3,0,0,0,5,6,40,0
1990,74,1,0,0,0,0,0,0,0,0
1990,69,2,0,0,2,1,276,3,32,0
1990,70,1,2,0,0,0,0,0,0,0
1990,43,1,0,0,0,1,156,5,40,0
1990,42,2,0,0,0,1,156,5,40,0
1990,20,2,1,0,0,1,274,3,25,0
1990,31,2,3,0,0,1,458,4,40,0
1990,68,2,3,0,0,1,0,0,0,0
1990,39,1,1,0,0,0,889,6,40,0
1990,34,1,0,0,0,1,426,5,65,0
1990,44,2,0,0,0,1,27,3,99,0
1990,56,1,0,0,0,1,163,5,40,0
1990,56,2,0,0,0,1,156,5,4,0
1990,61,1,0,0,0,1,243,4,55,0
1990,43,2,0,0,0,1,253,4,40,0
1990,55,2,2,0,0,0,0,0,0,0
1990,65,1,0,0,0,1,84,5,20,1
1990,52,2,0,0,0,1,344,5,45,0
1990,18,2,1,0,2,0,348,2,25,0
1990,30,1,2,0,0,0,567,0,40,0
1990,69,1,0,0,0,1,7,5,0,0
1990,64,2,0,0,0,1,0,0,0,0
1990,24,2,3,0,0,1,303,4,40,0
1990,44,2,2,0,0,1,0,0,0,0
1990,67,1,0,0,0,1,257,2,45,1
1990,67,2,0,0,0,0,0,0,0,0
1990,34,1,2,0,0,0,18,3,40,0
1990,26,2,2,0,0,1,379,3,45,0
1990,74,2,3,0,0,1,0,0,0,0
1990,35,1,1,0,0,1,575,4,55,0
1990,27,2,2,0,0,0,276,3,32,0
1990,31,2,3,0,0,0,447,5,45,0
1990,27,1,1,0,0,1,337,1,40,0
1990,61,2,3,0,0,0,254,4,0,0
1990,33,2,3,0,0,0,0,0,0,0
1990,50,2,2,0,0,0,313,6,40,0
1990,31,1,1,0,0,0,558,0,40,0
1990,48,1,0,0,0,1,154,5,40,1
1990,41,2,0,0,0,1,95,5,16,0
1990,50,2,2,0,0,1,319,4,68,0
1990,50,1,0,0,0,1,515,6,40,0
1990,50,2,0,0,0,1,549,6,40,0
1990,34,1,1,0,0,1,254,4,45,0
1990,24,2,1,0,0,1,315,4,0,0
1990,43,1,0,0,0,1,303,6,40,1
1990,41,2,0,0,0,1,156,5,40,0
1990,45,1,0,0,0,1,22,0,40,1
1990,39,2,0,0,0,1,266,3,23,0
1990,47,1,0,0,0,0,558,0,50,1
1990,47,2,0,0,0,0,0,0,0,0
1990,44,1,1,0,0,0,0,0,0,0
1990,25,2,1,2,0,1,447,5,40,0
1990,34,1,1,3,3,1,579,0,60,0
1990,48,1,0,0,0,1,13,1,50,1
1990,47,2,0,0,0,1,243,3,45,0
1990,44,1,2,0,0,1,156,5,40,0
1990,22,1,1,0,0,1,903,6,37,0
1990,25,1,0,0,0,1,203,5,40,0
1990,30,2,0,0,0,1,447,5,24,0
1990,41,2,2,1,0,1,0,0,0,0
1990,52,1,0,0,0,1,418,6,80,1
1990,51,2,0,0,0,1,95,5,24,0
1990,21,1,1,0,0,1,274,3,20,0
1990,53,1,0,0,0,0,235,6,40,0
1990,52,2,0,0,0,0,883,1,40,0
1990,41,2,2,2,0,1,156,5,40,0
1990,53,2,1,0,0,1,9,1,40,1
1990,62,2,3,0,0,0,0,0,0,0
1990,39,1,1,0,0,0,436,3,25,0
1990,67,2,3,0,0,0,467,5,40,0
1990,30,2,1,0,0,1,24,4,40,0
1990,23,2,1,0,0,1,343,4,40,0
1990,35,2,3,1,0,1,354,2,0,0
1990,36,1,1,0,2,0,453,4,40,0
1990,33,1,1,0,2,0,888,2,25,0
1990,31,1,1,0,0,1,337,5,40,0
1990,44,2,2,0,0,1,337,5,40,0
1990,22,1,1,0,2,0,866,0,55,1
1990,19,1,1,0,0,1,208,0,40,0
1990,26,1,0,0,0,1,166,1,40,0
1990,27,2,0,3,3,1,276,3,10,0
1990,37,2,2,1,0,1,683,6,40,0
1990,19,2,1,0,0,1,446,5,40,0
1990,20,2,1,0,0,1,264,3,22,0
1990,35,1,0,0,0,1,734,1,50,0
1990,34,2,0,0,0,1,22,1,50,0
1990,32,1,0,0,0,0,23,6,40,0
1990,33,2,0,0,0,1,235,6,40,0
1990,32,1,0,0,0,0,757,1,40,0
1990,34,2,0,0,0,0,435,3,20,0
1990,70,2,2,1,0,0,319,6,0,0
1990,40,2,2,0,0,1,909,6,0,0
1990,48,1,2,0,0,1,73,5,0,0
1990,35,2,1,1,0,0,0,0,0,0
1990,61,2,0,0,0,0,466,5,20,0
1990,66,1,0,0,0,0,0,0,0,0
1990,61,1,0,3,3,0,0,0,0,0
1990,60,2,0,3,3,0,275,4,40,0
1990,24,2,1,3,3,1,315,4,40,0
1990,22,2,1,3,3,1,0,0,0,0
1990,35,2,0,0,3,1,373,3,25,0
1990,41,1,0,0,3,1,22,4,50,1
1990,29,1,0,0,4,1,156,5,40,0
1990,29,2,0,0,0,0,315,4,40,0
1990,43,1,0,0,0,1,178,5,65,1
1990,39,2,0,0,0,1,0,0,0,0
1990,18,1,1,0,0,0,889,5,40,0
1990,18,1,1,0,0,0,889,5,40,0
1990,26,1,0,0,0,1,53,0,50,0
1990,22,2,0,0,0,1,319,5,40,0
1990,37,1,0,0,0,1,259,1,0,0
1990,33,2,0,0,0,0,305,4,0,0
1990,65,2,3,0,0,1,234,4,25,0
1990,53,1,0,2,1,0,479,0,40,0
1990,49,2,0,2,1,0,0,0,0,0
1990,28,1,1,2,1,0,453,5,25,0
1990,19,2,1,2,0,1,877,3,31,0
1990,46,1,0,0,0,0,426,6,40,1
1990,41,2,0,0,0,1,7,0,40,0
1990,58,1,0,0,0,1,543,0,50,1
1990,53,2,0,0,0,1,86,0,50,0
1990,27,2,1,0,0,1,155,5,40,0
1990,55,1,0,0,0,0,597,0,40,1
1990,53,2,0,0,0,0,0,0,0,0
1990,56,2,2,0,0,0,313,6,52,0
1990,23,1,0,0,0,0,877,3,88,0
1990,22,2,0,0,0,0,276,3,0,0
1990,36,2,0,0,0,1,375,4,40,0
1990,34,1,0,0,0,1,375,4,40,0
1990,36,2,2,0,0,0,319,5,40,0
1990,58,1,0,0,0,1,22,5,40,0
1990,60,2,0,0,2,1,378,5,30,0
1990,45,1,2,0,4,0,753,0,40,0
1990,59,1,1,0,1,0,804,0,40,0
1990,76,1,2,0,0,0,0,0,0,0
1990,65,1,0,0,0,0,365,3,30,0
1990,54,2,0,0,0,0,22,2,20,0
1990,58,1,0,0,0,0,549,1,40,0
1990,58,2,0,0,0,0,235,6,40,0
1990,22,1,1,0,0,0,804,3,40,0
1990,31,1,0,1,0,1,259,3,45,0
1990,29,2,0,1,0,1,216,6,19,0
1990,39,2,1,3,3,1,95,5,48,1
1990,42,1,2,0,0,1,263,3,40,0
1990,44,1,0,0,0,1,327,2,40,0
1990,38,2,0,0,0,1,467,5,25,0
1990,20,1,3,0,1,0,883,1,60,0
1990,41,1,3,0,1,0,0,0,0,0
1990,32,2,1,2,0,0,0,0,0,0
1990,74,1,0,1,0,0,0,0,0,0
1990,62,2,0,1,0,1,313,5,20,0
1990,73,1,0,0,0,0,0,0,0,0
1990,70,2,0,0,0,0,0,0,0,0
1990,21,2,1,0,0,1,379,6,20,0
1990,29,1,0,0,0,0,777,4,40,0
1990,26,2,0,0,0,0,155,5,40,0
1990,55,1,0,1,0,1,523,6,40,0
1990,55,2,0,1,0,1,5,6,40,0
1990,27,1,1,1,0,1,323,6,50,0
1990,36,1,0,0,2,1,783,0,40,0
1990,29,2,0,0,2,1,337,4,0,0
1990,47,1,0,0,0,0,575,0,40,0
1990,43,2,0,0,0,0,243,3,40,0
1990,18,2,1,0,0,0,275,3,15,0
1990,33,1,2,0,0,0,0,0,0,0
1990,30,1,1,0,1,0,435,3,40,0
1990,46,1,2,0,0,1,55,2,40,0
1990,31,1,0,0,0,1,567,6,40,0
1990,33,2,0,0,0,0,466,5,48,0
1990,46,2,0,1,0,1,796,1,40,0
1990,57,1,0,1,0,0,448,6,40,0
1990,43,1,0,3,3,1,389,3,40,0
1990,39,2,0,3,3,1,447,5,40,0
1990,28,2,2,0,0,0,276,3,40,0
1990,28,1,0,0,0,1,904,6,40,0
1990,29,2,0,0,0,1,379,6,30,0
1990,43,1,0,0,0,0,628,1,50,0
1990,39,2,0,0,0,0,796,0,40,0
1990,18,1,1,0,0,0,0,0,0,0
1990,70,1,0,3,0,1,473,0,25,0
1990,67,2,0,3,0,1,379,0,0,0
1990,40,1,1,3,0,1,473,0,25,0
1990,74,1,0,2,1,0,479,0,48,0
1990,57,2,0,2,1,0,799,1,40,0
1990,68,1,0,0,0,1,277,3,5,0
1990,67,2,0,0,4,1,379,4,0,0
1990,29,1,0,0,1,0,479,0,60,0
1990,27,2,0,0,1,0,475,0,0,0
1990,31,1,3,2,1,0,856,0,40,0
1990,34,2,3,2,0,0,365,1,49,0
1990,34,2,0,3,3,0,276,3,23,0
1990,36,1,0,0,0,1,365,6,40,0
1990,19,1,1,0,0,0,904,6,54,0
1990,55,1,0,0,0,1,85,5,36,1
1990,49,2,0,0,2,1,313,6,32,0
1990,22,2,1,0,0,0,313,0,45,0
1990,18,2,1,0,0,0,313,0,40,0
1990,60,1,0,0,0,0,22,4,50,1
1990,40,2,0,0,0,1,22,4,50,0
1990,20,2,1,0,0,1,317,4,40,0
1990,35,2,2,0,0,1,503,4,40,0
1990,50,1,2,0,0,0,585,2,40,0
1990,29,1,0,0,0,1,567,0,40,0
1990,22,2,0,0,0,0,466,5,10,0
1990,24,2,1,2,0,0,0,0,0,0
1990,61,1,0,0,2,1,18,6,40,0
1990,55,2,0,0,0,1,4,6,40,0
1990,71,2,3,0,0,0,0,0,0,0
1990,49,1,0,0,0,1,423,6,40,0
1990,39,2,0,0,0,0,313,5,40,0
1990,20,2,1,0,0,1,313,1,40,0
1990,19,1,1,0,0,1,804,3,40,0
1990,18,1,1,0,0,0,276,3,25,0
1990,64,2,3,0,0,0,406,4,28,0
1990,31,1,0,0,0,1,226,6,40,1
1990,40,2,0,0,0,1,156,5,0,0
1990,64,1,0,0,0,0,885,3,0,0
1990,63,2,0,0,0,0,436,3,0,0
1990,26,1,1,0,0,1,5,6,45,0
1990,20,2,1,3,3,0,308,6,40,0
1990,46,2,0,0,0,0,22,5,60,0
1990,46,1,0,0,0,1,436,3,40,0
1990,23,1,1,0,0,1,436,3,10,0
1990,46,1,0,2,1,1,27,0,40,1
1990,46,2,0,2,1,0,0,0,0,0
1990,18,2,1,2,0,0,274,3,30,0
1990,56,1,0,0,0,0,0,0,0,0
1990,43,2,0,0,0,1,5,6,40,0
1990,18,1,1,0,0,0,877,3,32,0
1990,47,2,3,0,0,1,447,5,40,0
1990,43,1,0,0,0,0,558,0,40,0
1990,41,2,0,2,1,0,799,1,35,0
1990,19,1,1,2,0,0,904,6,48,0
1990,44,1,0,0,0,1,84,5,50,1
1990,34,2,0,0,0,1,203,5,0,0
1990,54,2,2,0,0,1,156,5,50,0
1990,32,1,1,0,0,1,859,2,60,0
1990,42,2,1,0,0,1,337,3,28,0
1990,36,1,0,0,0,1,8,4,42,0
1990,37,2,0,0,0,1,277,3,5,0
1990,47,1,0,0,0,1,29,3,60,0
1990,44,2,0,0,0,1,156,5,40,0
1990,45,1,0,2,0,0,18,4,40,0
1990,39,2,0,2,0,0,529,3,0,0
1990,18,1,1,0,0,0,0,0,0,0
1990,33,1,0,3,3,0,159,4,0,0
1990,34,2,0,3,3,0,0,0,0,0
1990,73,1,0,3,3,0,0,0,0,0
1990,69,2,0,3,3,0,0,0,0,0
1990,25,1,0,3,3,0,0,0,0,0
1990,25,2,0,3,3,0,0,0,0,0
1990,48,1,0,2,1,0,479,0,50,0
1990,48,2,0,2,1,0,754,1,40,0
1990,18,1,1,2,1,0,479,0,40,0
1990,71,2,3,2,1,0,0,0,0,0
1990,57,1,0,0,0,0,355,2,40,1
1990,53,2,0,0,0,0,469,4,40,0
1990,22,1,1,0,4,1,243,3,40,0
1990,21,1,1,0,4,0,567,0,40,0
1990,21,2,1,0,0,0,0,0,0,0
1990,27,2,0,0,0,0,276,3,16,0
1990,33,1,0,0,0,1,423,6,40,0
1990,62,1,0,0,0,0,477,0,40,0
1990,48,2,0,0,0,0,0,0,0,0
1990,22,2,1,0,0,0,339,4,40,0
1990,66,2,3,0,0,0,799,1,50,0
1990,69,1,2,0,0,0,0,0,0,0
1990,44,1,0,0,0,1,254,4,60,0
1990,42,2,0,0,0,1,0,0,0,0
1990,77,2,3,0,0,0,799,1,40,0
1990,66,1,0,2,1,0,599,6,0,0
1990,66,2,0,2,0,0,319,0,56,0
1990,57,1,0,0,2,0,779,1,40,0
1990,52,2,0,0,2,0,243,3,40,0
1990,26,1,1,0,2,0,883,1,40,0
1990,18,1,1,0,2,0,276,3,30,0
1990,68,2,3,0,0,0,337,4,20,0
1990,57,1,0,0,0,1,503,2,40,1
1990,63,2,0,0,0,0,29,3,3,0
1990,24,1,3,0,0,1,385,0,43,0
1990,34,1,2,0,0,0,453,4,40,0
1990,55,1,0,0,0,0,518,3,0,0
1990,40,2,0,0,0,0,338,0,36,0
1990,67,1,0,0,0,1,804,2,8,0
1990,54,2,0,0,0,1,243,3,0,0
1990,58,1,0,0,0,1,8,0,40,1
1990,58,2,0,0,0,0,313,5,30,0
1990,27,1,0,0,0,1,783,4,40,0
1990,23,2,0,0,0,0,313,0,40,0
1990,22,1,1,0,0,1,515,6,40,0
1990,21,1,1,0,0,1,523,6,64,0
1990,27,1,0,1,0,0,426,6,48,0
1990,25,2,0,0,0,0,505,4,40,0
1990,53,1,0,0,0,1,22,4,40,1
1990,52,2,0,0,0,1,157,5,20,0
1990,27,1,1,0,0,1,424,6,32,0
1990,25,1,1,0,0,1,418,6,40,0
1990,75,2,3,0,0,0,0,0,0,0
1990,47,1,2,0,0,0,263,3,60,0
1990,50,1,3,1,0,0,0,0,0,0
1990,39,2,1,0,0,1,458,4,30,0
1990,39,2,1,0,0,1,0,0,0,0
1990,60,2,3,0,0,0,337,4,0,0
1990,28,2,0,0,0,0,276,3,34,0
1990,34,1,0,0,0,1,365,6,40,0
1990,31,1,0,2,0,1,243,3,65,0
1990,23,2,0,0,0,1,243,3,65,0
1990,47,1,0,2,0,0,453,6,0,0
1990,33,2,0,2,1,1,0,0,0,0
1990,53,1,0,0,0,1,505,4,48,0
1990,50,2,0,0,0,0,337,4,48,0
1990,78,2,3,0,0,1,0,0,0,0
1990,80,2,3,0,0,0,0,0,0,0
1990,37,2,2,0,0,1,22,1,50,0
1990,40,1,0,2,0,1,355,2,40,0
1990,40,2,0,2,0,1,387,5,35,0
1990,37,2,2,0,0,0,449,4,30,0
1990,67,1,0,1,0,0,0,0,0,0
1990,65,2,0,1,0,0,0,0,0,0
1990,22,2,1,2,0,0,0,0,0,0
1990,26,2,2,0,0,0,736,1,40,0
1990,64,2,3,3,0,0,155,5,3,0
1990,26,1,1,3,0,0,459,5,40,0
1990,19,1,1,3,0,0,469,5,30,0
1990,29,1,3,0,0,0,637,1,0,0
1990,20,1,1,2,1,0,889,3,20,0
1990,33,1,3,1,0,1,0,0,0,0
1990,43,1,0,0,0,0,453,5,40,0
1990,39,2,0,0,0,0,274,3,25,0
1990,29,1,0,0,0,1,579,0,40,0
1990,22,2,0,0,0,1,443,3,40,0
1990,30,2,1,0,0,0,435,3,36,0
1990,23,1,1,2,1,1,436,3,40,0
1990,22,2,1,2,1,0,449,4,13,0
1990,21,2,2,2,1,0,449,4,30,0
1990,44,1,0,0,0,1,226,2,40,1
1990,32,2,0,0,0,1,0,0,0,0
1990,26,1,3,2,1,1,479,0,48,0
1990,43,1,1,3,0,0,486,0,0,0
1990,52,2,0,0,0,1,435,3,0,0
1990,49,1,0,2,0,0,804,0,0,0
1990,39,1,0,0,0,1,243,3,60,0
1990,38,2,0,0,0,1,155,5,20,0
1990,69,2,3,0,0,0,0,0,0,0
1990,38,1,0,2,0,1,22,1,50,1
1990,29,2,0,0,0,1,363,1,45,0
1990,38,1,0,0,1,0,684,1,40,0
1990,36,2,0,0,1,0,315,5,0,0
1990,33,1,1,0,1,0,186,5,30,0
1990,25,1,1,0,1,0,785,1,40,0
1990,27,1,1,0,1,0,415,4,37,0
1990,56,2,2,0,0,0,22,6,40,0
1990,22,1,3,1,0,0,785,1,60,0
1990,32,1,1,3,3,0,479,0,40,0
1990,40,1,0,1,0,1,904,6,42,0
1990,38,2,0,1,0,1,467,5,35,0
1990,38,1,3,0,0,1,903,6,40,0
1990,33,1,0,0,0,1,203,5,40,0
1990,37,2,0,0,0,1,677,3,40,0
1990,34,1,0,0,0,1,8,6,50,0
1990,31,2,0,0,0,1,357,4,40,0
1990,59,1,2,0,0,1,796,2,40,0
1990,40,1,0,0,0,1,628,1,46,1
1990,36,2,0,0,0,1,276,6,20,0
1990,32,1,0,0,0,1,804,3,40,0
1990,28,2,0,0,0,0,22,5,40,0
1990,56,1,0,0,0,1,86,0,46,1
1990,51,2,0,0,0,1,487,0,36,0
1990,18,1,1,0,0,0,579,5,5,0
1990,51,1,0,0,0,1,25,0,60,1
1990,48,2,0,0,0,0,319,4,25,0
1990,64,1,3,0,0,1,283,3,20,0
1990,18,1,1,0,0,0,0,0,0,0
1990,36,1,3,1,0,0,278,1,45,0
1990,33,2,2,1,0,0,407,4,0,0
1990,74,1,3,0,0,0,0,0,0,0
1990,46,1,0,0,0,1,55,2,40,1
1990,46,2,0,0,0,1,156,5,40,0
1990,19,1,1,0,0,1,459,5,20,0
1990,54,2,2,0,1,1,157,5,40,0
1990,21,1,1,0,0,1,508,2,30,0
1990,28,2,3,0,0,1,313,6,40,0
1990,40,1,0,0,0,1,22,2,40,0
1990,37,2,0,0,0,1,466,5,50,0
1990,36,1,0,0,0,0,579,0,45,1
1990,32,2,0,0,0,1,0,0,0,0
1990,30,1,0,0,0,0,213,2,50,1
1990,31,2,0,0,0,0,0,0,0,0
1990,19,2,1,0,0,0,274,3,40,0
1990,33,2,2,0,0,1,208,6,40,0
1990,64,2,2,2,0,0,264,3,20,0
1990,32,2,1,2,0,1,174,5,40,0
1990,28,1,1,0,0,1,885,3,40,0
1990,24,1,0,0,0,1,479,0,40,0
1990,23,2,0,0,0,1,385,1,40,0
1990,33,1,0,0,0,1,376,2,35,0
1990,29,2,0,0,0,1,226,2,40,0
1990,33,1,0,2,0,0,225,1,40,0
1990,29,2,0,2,0,1,444,5,10,0
1990,62,1,0,0,0,1,255,4,40,0
1990,62,2,0,0,0,1,315,5,18,0
1990,47,2,2,0,0,0,0,0,0,0
1990,46,1,2,0,0,0,176,5,40,0
1990,63,2,3,0,0,1,0,0,0,0
1990,58,1,0,2,0,0,859,1,48,0
1990,46,2,0,3,0,1,337,0,48,0
1990,28,1,2,2,0,0,804,4,40,0
1990,20,1,1,2,0,0,337,0,48,0
1990,23,1,0,2,0,0,474,0,40,0
1990,25,2,0,2,0,0,276,3,0,0
1990,59,1,2,0,0,1,18,4,40,0
1990,41,2,2,0,0,1,95,5,40,0
1990,19,2,1,0,0,1,274,3,16,0
1990,43,1,0,0,0,0,0,0,0,0
1990,54,2,0,0,2,0,365,1,40,0
1990,19,1,1,0,0,0,809,3,30,0
1990,40,1,0,2,1,0,479,0,40,0
1990,27,2,0,2,1,0,479,0,40,0
1990,40,1,3,2,1,0,479,0,8,0
1990,50,1,1,2,0,0,444,3,40,0
1990,45,1,1,2,0,0,804,0,40,0
1990,26,1,0,2,1,0,436,5,40,0
1990,23,2,0,2,1,0,337,5,40,0
1990,21,1,1,2,0,0,567,0,40,0
1990,54,2,3,1,0,0,155,5,6,0
1990,30,1,3,0,4,0,473,0,48,0
1990,53,2,2,0,0,1,156,5,38,0
1990,26,2,1,0,0,0,435,3,32,0
1990,43,2,3,2,0,0,0,0,0,0
1990,21,1,1,2,0,0,453,3,0,0
1990,73,2,0,0,4,1,379,4,8,0
1990,34,2,1,0,0,1,186,3,20,0
1990,32,1,2,0,0,1,869,0,40,0
1990,54,1,0,1,0,1,883,2,40,0
1990,55,2,0,3,3,0,0,0,0,0
1990,56,1,0,0,0,1,26,5,40,1
1990,54,2,0,0,0,1,95,5,20,0
1990,24,2,1,0,0,1,27,5,40,0
1990,39,2,2,0,0,1,804,2,40,0
1990,55,2,2,0,0,1,95,5,40,0
1990,23,1,1,0,0,1,426,4,40,0
1990,69,1,0,0,2,0,0,0,0,0
1990,68,2,0,0,2,0,18,4,0,0
1990,23,1,1,0,0,0,453,5,0,0
1990,41,1,0,2,0,1,575,0,40,0
1990,29,2,0,2,1,1,647,1,35,0
1990,26,1,1,2,1,0,869,0,40,0
1990,27,1,1,2,1,0,385,1,40,0
1990,72,1,0,0,0,1,379,4,25,1
1990,64,2,0,0,0,1,0,0,0,1
1990,34,1,1,0,0,1,385,4,20,0
1990,73,2,1,0,0,0,0,0,0,1
1990,46,1,2,2,0,1,208,5,40,0
1990,33,1,1,3,1,1,229,4,40,0
1990,59,1,3,0,0,0,0,0,0,0
1990,57,2,2,0,0,0,243,3,48,0
1990,31,1,0,1,0,1,885,4,0,0
1990,30,2,0,1,0,1,276,3,40,0
1990,43,1,0,3,3,1,22,4,55,1
1990,46,2,0,0,4,0,0,0,0,0
1990,45,1,0,0,0,1,22,1,45,1
1990,40,2,0,0,0,1,385,5,10,0
1990,42,2,2,0,0,1,22,1,40,0
1990,18,2,1,0,0,0,276,5,20,0
1990,69,1,0,0,0,1,154,5,40,1
1990,68,2,0,0,0,1,0,0,0,0
1990,78,1,0,0,0,0,0,0,0,1
1990,77,2,0,0,0,0,0,0,0,0
1990,20,2,1,0,0,1,336,5,10,0
1990,66,1,0,3,3,0,443,4,40,0
1990,67,2,0,3,3,1,95,5,0,0
1990,28,1,0,0,0,0,756,1,40,0
1990,27,2,0,0,0,0,628,1,40,0
1990,51,1,0,2,1,0,243,3,55,0
1990,48,2,0,2,0,0,0,0,0,0
1990,21,1,0,2,1,0,869,0,48,0
1990,19,2,0,2,0,0,313,4,48,0
1990,70,2,3,0,0,0,0,0,0,0
1990,69,2,3,0,0,0,0,0,0,0
1990,28,1,1,0,0,0,0,0,0,0
1990,67,2,1,2,4,0,447,5,40,0
1990,40,1,0,2,1,1,453,5,40,0
1990,26,2,0,2,1,1,447,5,0,0
1990,49,1,3,2,1,0,453,4,40,0
1990,23,1,1,2,1,0,453,4,40,0
1990,22,2,1,2,1,0,0,0,0,0
1990,49,1,0,0,0,1,178,5,38,1
1990,40,2,0,3,0,1,17,3,40,0
1990,62,1,0,0,0,0,585,0,40,1
1990,59,2,0,0,0,0,0,0,0,0
1990,29,2,1,0,0,0,0,0,0,0
1990,36,2,1,0,0,1,22,5,40,0
1990,29,1,3,0,1,0,436,3,40,0
1990,38,1,3,0,1,0,439,3,40,0
1990,71,1,0,0,0,1,216,5,40,0
1990,59,2,0,0,0,1,229,5,40,0
1990,67,1,0,0,0,0,0,0,0,1
1990,67,2,0,0,0,0,0,0,0,0
1990,40,1,2,0,0,1,84,5,50,1
1990,38,2,1,3,0,1,103,5,52,0
1990,75,1,0,0,1,0,579,5,0,0
1990,53,2,0,0,0,1,458,4,16,0
1990,51,2,2,0,0,0,683,5,0,0
1990,36,1,0,0,0,1,22,1,50,1
1990,26,2,0,0,0,1,389,1,42,0
1990,63,2,0,0,0,1,197,2,30,0
1990,68,1,0,0,0,1,195,2,20,0
1990,42,1,0,0,0,0,186,3,16,0
1990,43,2,0,0,0,1,155,5,30,0
1990,28,1,0,0,0,0,22,4,40,0
1990,23,2,0,0,0,0,389,4,40,0
1990,22,1,1,3,3,1,234,5,40,0
1990,21,1,1,0,0,1,0,0,0,0
1990,21,1,1,0,0,1,199,5,40,0
1990,20,1,1,0,0,1,323,5,20,0
1990,21,1,1,0,0,1,213,5,12,0
1990,21,1,1,0,0,1,376,3,40,0
1990,18,1,1,0,0,1,243,3,30,0
1990,18,2,1,3,0,1,444,3,20,0
1990,18,2,1,0,0,1,379,4,18,0
1990,38,1,0,0,0,1,105,5,40,0
1990,34,2,0,0,0,1,98,5,40,0
1990,64,1,2,0,0,0,0,0,0,0
1990,50,2,2,0,2,0,453,5,40,0
1990,37,1,1,0,0,1,44,1,40,1
1990,38,1,2,0,0,1,783,0,40,0
1990,53,1,0,0,0,1,159,5,40,1
1990,52,2,0,0,0,1,89,5,50,0
1990,25,1,1,0,0,1,154,5,35,0
1990,42,1,0,0,0,1,23,5,60,1
1990,40,2,0,0,0,1,0,0,0,0
1990,21,1,3,0,0,1,529,0,40,0
1990,19,1,1,3,0,1,276,3,20,0
1990,21,1,1,0,0,1,267,3,25,0
1990,22,1,1,0,0,1,435,4,80,0
1990,22,1,1,0,0,1,427,5,35,0
1990,45,1,0,0,0,0,508,2,40,0
1990,43,2,0,0,0,0,243,3,35,0
1990,34,1,2,2,0,1,156,5,40,0
1990,35,1,1,0,0,1,154,5,20,0
1990,42,1,2,0,0,1,337,4,50,0
1990,34,2,2,0,0,1,449,4,35,0
1990,35,1,1,0,0,1,57,6,45,0
1990,24,2,1,0,0,1,435,4,30,0
1990,26,2,1,0,0,1,154,5,40,0
1990,28,1,1,0,0,1,154,5,30,0
1990,24,1,1,2,0,1,833,6,40,0
1990,19,1,1,0,0,0,646,6,35,0
1990,20,1,1,0,0,0,904,6,40,0
1990,19,1,1,1,0,0,829,6,40,0
1990,20,1,1,0,0,0,436,6,20,0
1990,21,1,1,0,0,0,904,6,40,0
1990,20,1,1,0,0,0,547,6,70,0
1990,26,2,1,2,1,0,0,0,0,0
1990,44,1,3,0,0,1,17,4,40,0
1990,34,1,3,1,0,0,264,3,0,0
1990,34,1,1,3,4,1,678,3,40,0
1990,21,1,1,2,1,0,759,1,35,0
1990,32,2,0,3,0,1,25,4,40,0
1990,42,1,0,0,0,1,243,3,65,0
1990,33,1,1,0,0,1,44,1,40,0
1990,28,1,1,0,0,1,234,4,40,0
1990,80,2,3,0,0,0,0,0,0,0
1990,43,2,1,0,0,1,194,3,40,0
1990,59,1,2,0,0,1,55,2,0,0
1990,40,2,0,0,0,1,26,5,55,1
1990,47,1,0,0,0,1,423,6,40,0
1990,26,2,1,1,1,1,435,3,30,0
1990,29,1,1,1,1,1,433,4,40,0
1990,53,2,2,0,0,1,418,6,40,0
1990,27,1,1,0,0,1,447,5,25,0
1990,73,2,3,0,0,1,159,5,42,0
1990,71,1,0,3,3,0,0,0,0,0
1990,67,2,0,3,3,0,0,0,0,0
1990,44,2,2,3,3,0,888,3,20,0
1990,23,1,1,0,1,0,486,0,0,0
1990,28,1,3,0,1,0,575,0,40,0
1990,19,1,1,0,1,0,514,4,40,0
1990,30,2,1,2,0,0,389,4,40,0
1990,21,2,1,2,1,0,208,5,40,0
1990,19,1,1,0,0,0,228,6,20,0
1990,70,1,0,0,0,0,0,0,0,0
1990,73,2,0,2,1,0,0,0,0,0
1990,41,2,3,1,0,0,0,0,0,0
1990,75,1,0,0,0,0,0,0,0,0
1990,64,2,0,0,0,0,0,0,0,0
1990,39,1,2,1,0,1,276,3,0,0
1990,24,1,1,0,4,1,636,1,56,0
1990,37,1,1,0,0,1,434,3,40,0
1990,30,2,1,0,0,0,436,6,42,0
1990,29,2,1,0,0,1,18,4,40,0
1990,60,2,3,0,0,0,386,5,16,0
1990,40,1,0,0,0,1,84,5,65,1
1990,36,2,0,1,0,1,95,5,20,0
1990,63,1,0,0,0,1,84,5,45,1
1990,48,2,0,0,0,1,14,5,45,1
1990,79,2,0,0,0,1,0,0,0,0
1990,41,2,2,0,0,0,274,3,32,0
1990,57,2,2,0,0,0,375,4,37,0
1990,26,2,1,0,0,1,465,5,0,0
1990,31,2,1,0,0,1,229,4,40,0
1990,32,2,1,0,0,1,468,5,25,0
1990,37,1,0,0,0,0,22,4,50,0
1990,26,2,0,0,0,1,158,5,50,0
1990,34,1,2,0,0,0,59,6,60,0
1990,54,2,1,0,0,1,0,0,0,0
1990,27,2,1,0,0,1,257,1,40,0
1990,60,2,1,0,0,0,0,0,0,0
1990,76,2,3,0,0,0,0,0,0,0
1990,41,1,2,0,0,1,0,0,0,0
1990,76,1,2,0,2,0,444,3,37,0
1990,32,1,0,0,0,1,653,0,40,0
1990,28,2,0,0,0,1,105,5,42,0
1990,43,1,0,0,0,1,159,5,30,0
1990,46,2,0,0,3,1,164,5,40,0
1990,27,1,0,1,0,1,889,3,20,0
1990,25,2,0,1,0,1,383,4,40,0
1990,25,2,2,0,0,0,449,5,40,0
1990,25,1,1,0,0,0,566,0,40,0
1990,64,1,0,0,0,1,59,6,0,0
1990,59,2,0,0,1,0,0,0,0,0
1990,58,2,3,0,0,1,319,4,4,0
1990,54,1,0,0,0,1,25,6,0,0
1990,53,2,0,0,0,1,156,5,50,0
1990,34,1,1,0,0,1,303,5,40,0
1990,35,2,1,0,0,1,156,5,30,0
1990,40,1,1,0,0,1,268,3,45,0
1990,76,1,2,0,0,0,0,0,0,0
1990,65,2,3,0,0,1,0,0,0,0
1990,30,1,1,0,0,1,23,1,50,1
1990,30,2,2,0,0,1,313,3,30,0
1990,31,1,1,0,0,1,22,0,40,0
1990,19,1,1,0,0,1,275,5,35,0
1990,38,1,0,2,1,0,653,1,40,0
1990,33,2,0,2,1,0,449,4,40,0
1990,19,1,1,1,0,1,904,6,40,0
1990,30,1,2,0,0,0,228,6,40,0
1990,19,1,1,0,0,0,829,6,40,0
1990,20,1,1,0,0,1,829,6,16,0
1990,20,2,1,1,0,0,829,6,0,0
1990,20,1,1,0,0,1,905,6,30,0
1990,22,1,3,1,0,0,228,6,75,0
1990,19,1,1,0,0,0,833,6,20,0
1990,18,1,1,0,0,0,904,6,40,0
1990,18,1,1,1,0,0,228,6,0,0
1990,28,1,2,0,0,1,18,4,25,0
1990,21,2,1,0,0,1,276,3,28,0
1990,28,2,0,0,0,1,308,6,40,0
1990,25,1,0,0,0,0,503,6,40,0
1990,65,1,2,0,0,1,154,5,10,0
1990,75,1,0,0,0,0,475,0,0,0
1990,69,2,0,0,0,0,0,0,0,0
1990,72,1,3,0,0,1,0,0,0,1
1990,47,1,0,0,0,1,178,6,45,1
1990,45,2,0,0,0,1,23,6,40,0
1990,38,1,0,0,0,1,186,5,36,1
1990,36,2,0,0,0,1,319,5,30,0
1990,35,1,1,0,0,0,269,3,45,0
1990,67,1,0,0,0,0,0,0,0,0
1990,57,2,0,0,2,0,466,5,60,0
1990,24,1,1,0,0,1,213,1,48,0
1990,45,2,2,0,0,1,178,5,50,0
1990,19,2,1,0,0,1,22,1,20,0
1990,78,1,0,0,0,1,0,0,0,1
1990,70,2,0,0,0,1,0,0,0,0
1990,76,1,3,0,0,0,0,0,0,0
1990,77,2,2,0,0,1,0,0,0,0
1990,72,2,3,0,0,1,0,0,0,0
1990,59,1,3,0,0,1,33,5,40,1
1990,35,1,0,0,0,1,759,1,40,0
1990,30,2,0,0,0,0,869,0,0,0
1990,43,2,1,0,0,1,156,5,50,0
1990,42,1,2,0,0,1,434,3,20,0
1990,61,2,3,0,0,0,436,5,0,0
1990,24,1,1,0,0,0,869,0,0,0
1990,26,1,1,2,0,0,523,6,70,0
1990,32,1,1,1,0,1,274,6,40,0
1990,41,1,1,0,0,1,178,0,50,1
1990,72,2,3,0,0,0,0,0,0,0
1990,19,1,1,0,0,0,904,6,60,0
1990,40,2,3,0,0,1,0,0,0,0
1990,65,1,0,0,0,1,0,0,0,0
1990,65,2,0,0,0,1,0,0,0,0
1990,57,2,3,0,0,0,25,4,40,0
1990,30,1,3,0,0,0,17,3,35,0
1990,23,2,1,0,0,0,467,5,30,0
1990,68,1,0,0,0,1,0,0,0,0
1990,55,2,0,0,0,1,156,5,40,0
1990,23,1,1,1,0,0,723,6,40,0
1990,30,1,1,0,0,0,523,6,60,0
1990,39,1,3,0,0,1,328,6,90,0
1990,22,1,1,3,0,0,646,6,60,0
1990,21,1,1,0,0,0,575,6,80,0
1990,20,1,1,0,0,0,515,6,45,0
1990,20,1,1,1,0,0,844,6,70,0
1990,23,1,1,0,0,1,22,6,60,0
1990,33,1,2,0,0,1,657,1,40,0
1990,23,1,1,2,0,0,573,0,40,0
1990,20,2,1,0,0,0,276,3,0,0
1990,36,1,3,0,0,0,453,6,0,0
1990,51,1,3,1,0,1,877,1,16,0
1990,64,1,0,1,0,1,186,5,69,0
1990,53,2,0,0,0,0,24,4,43,1
1990,38,1,0,2,1,0,426,3,40,0
1990,39,2,0,2,1,0,754,1,0,0
1990,69,2,3,2,4,0,0,0,0,0
1990,31,2,3,2,1,1,95,5,0,0
1990,34,1,3,2,4,0,459,5,30,0
1990,75,2,2,0,0,0,0,0,0,0
1990,42,2,1,0,0,0,329,5,40,0
1990,52,1,0,3,3,0,0,0,0,0
1990,52,2,0,3,3,0,0,0,0,0
1990,21,1,1,3,3,0,426,5,40,0
1990,24,2,0,3,3,0,889,1,40,0
1990,26,1,0,3,3,0,777,1,40,0
1990,66,2,2,0,0,1,0,0,0,0
1990,58,2,2,0,0,0,0,0,0,0
1990,54,2,2,0,0,1,174,5,48,0
1990,25,2,1,1,0,1,364,4,37,0
1990,26,2,1,1,0,1,385,5,40,0
1990,67,1,0,3,3,0,0,0,0,0
1990,57,2,0,3,3,0,0,0,0,0
1990,36,2,1,1,0,0,904,6,42,0
1990,55,1,2,0,0,1,5,6,40,1
1990,26,2,1,0,0,1,217,4,34,0
1990,45,2,1,1,0,0,323,3,40,0
1990,23,1,1,2,1,1,579,4,40,0
1990,19,2,0,2,1,0,0,0,0,0
1990,23,1,0,2,1,0,453,4,40,0
1990,19,1,1,2,1,0,579,4,40,0
1990,21,1,1,2,1,1,869,0,40,0
1990,20,1,1,2,1,0,436,3,40,0
1990,31,1,0,0,0,1,904,6,40,0
1990,28,2,0,0,0,1,313,6,0,0
1990,72,2,3,1,0,0,0,0,0,0
1990,36,2,3,3,3,0,686,1,0,0
1990,55,2,0,1,0,0,207,5,0,0
1990,60,1,0,1,0,0,809,2,40,0
1990,71,2,2,1,0,0,0,0,0,0
1990,25,1,0,2,1,0,485,0,44,0
1990,27,2,0,2,1,1,0,0,0,0
1990,33,2,2,2,1,0,909,6,0,0
1990,24,1,1,1,0,0,829,6,40,0
1990,20,1,1,1,0,0,646,6,40,0
1990,22,1,1,0,0,0,833,6,60,0
1990,21,1,1,1,0,0,365,6,99,0
1990,21,1,1,0,0,0,457,6,40,0
1990,31,1,1,2,4,0,22,0,40,0
1990,22,2,1,0,0,0,383,4,0,0
1990,23,1,1,0,1,0,453,4,36,0
1990,68,1,0,0,0,1,207,5,30,0
1990,67,2,0,0,0,0,0,0,0,0
1990,68,2,2,0,0,0,0,0,0,0
1990,54,1,0,2,0,0,779,3,40,0
1990,53,2,0,2,1,0,0,0,0,0
1990,27,1,1,2,0,1,779,1,40,0
1990,26,2,1,2,0,1,336,1,40,0
1990,33,1,2,1,0,1,166,5,0,0
1990,72,1,3,1,0,0,0,0,0,0
1990,55,1,0,2,0,0,848,0,40,0
1990,58,2,0,2,0,0,0,0,0,0
1990,27,1,1,2,0,0,595,0,40,0
1990,29,2,3,2,0,0,436,3,40,0
1990,24,1,1,2,0,0,567,0,40,0
1990,44,2,2,2,1,0,458,4,10,0
1990,44,1,0,0,0,1,595,0,0,0
1990,37,2,0,0,0,0,0,0,0,0
1990,46,2,1,0,0,1,0,0,0,0
1990,41,1,1,0,0,1,189,4,15,0
1990,57,2,3,0,0,0,0,0,0,0
1990,31,1,0,0,1,1,567,3,60,0
1990,30,2,0,0,1,1,785,1,40,0
1990,43,1,0,0,2,1,779,1,42,0
1990,45,2,0,0,2,1,0,0,0,0
1990,29,2,1,0,0,1,379,4,40,0
1990,38,1,1,0,0,1,23,4,40,0
1990,70,1,0,0,0,1,0,0,0,0
1990,55,2,0,0,0,0,0,0,0,0
1990,24,1,1,0,0,0,386,6,40,0
1990,34,1,0,0,0,1,188,1,40,0
1990,38,2,0,0,0,1,95,5,40,0
1990,19,2,1,0,0,0,315,5,32,0
1990,23,2,1,0,0,1,155,5,20,0
1990,35,2,2,1,0,1,461,5,0,0
1990,49,2,3,0,2,0,277,3,29,0
1990,74,1,3,0,0,0,0,0,0,0
1990,22,2,1,1,0,1,276,3,20,0
1990,25,2,1,1,0,0,335,4,40,0
1990,71,1,0,0,0,1,0,0,0,0
1990,63,2,0,0,0,1,0,0,0,0
1990,18,2,1,3,0,0,436,3,9,0
1990,27,1,0,0,0,1,226,6,45,0
1990,23,2,0,0,0,1,383,4,16,0
1990,20,2,1,1,0,1,276,5,25,0
1990,53,2,3,0,0,1,22,5,27,0
1990,27,1,3,0,0,1,274,4,40,0
1990,25,2,1,0,0,1,276,5,40,0
1990,18,1,1,0,0,0,444,3,25,0
1990,25,2,1,0,0,1,363,1,40,0
1990,31,1,1,0,0,0,567,0,30,0
1990,77,1,2,0,0,1,0,0,0,0
1990,33,2,2,3,0,1,385,6,40,0
1990,19,1,1,0,0,0,426,4,24,0
1990,43,1,2,0,0,1,0,0,0,0
1990,25,2,1,0,0,0,435,3,0,0
1990,74,2,3,0,0,0,0,0,0,0
1990,73,1,0,0,0,1,0,0,0,0
1990,69,2,0,0,0,0,0,0,0,0
1990,30,2,2,0,0,1,315,5,24,0
1990,70,1,0,0,2,1,0,0,0,0
1990,69,2,0,0,2,0,0,0,0,0
1990,29,1,0,0,0,1,266,3,40,0
1990,25,2,0,2,0,0,378,4,0,0
1990,71,1,0,0,0,0,0,0,0,0
1990,64,2,0,0,0,0,156,5,0,0
1990,64,1,0,1,0,1,804,4,40,0
1990,56,2,0,1,0,1,156,5,20,0
1990,29,1,0,0,0,1,523,6,60,0
1990,35,2,0,3,3,1,0,0,0,0
1990,72,1,0,0,0,0,253,4,7,0
1990,66,2,0,0,0,1,0,0,0,0
1990,39,1,1,0,0,0,0,0,0,0
1990,78,1,0,0,0,0,0,0,0,0
1990,79,2,0,0,0,0,0,0,0,0
1990,41,1,0,1,0,1,355,2,40,0
1990,37,2,0,1,0,1,447,5,48,0
1990,21,1,1,1,0,0,0,0,0,0
1990,23,1,1,1,0,0,453,4,0,0
1990,29,1,1,1,0,0,444,3,0,0
1990,68,1,3,1,0,0,0,0,0,0
1990,70,2,1,1,0,0,0,0,0,0
1990,43,1,2,1,0,0,785,1,40,0
1990,37,1,1,1,0,0,337,5,40,0
1990,35,1,1,1,0,0,909,6,0,0
1990,55,1,0,1,0,1,637,1,50,0
1990,44,2,0,1,0,0,436,5,0,0
1990,23,1,1,1,0,0,585,1,40,0
1990,20,1,1,1,0,1,276,3,20,0
1990,71,1,0,3,3,0,453,3,35,0
1990,63,2,0,3,3,0,744,1,40,0
1990,18,2,1,3,3,0,275,5,25,0
1990,29,1,0,3,3,0,224,1,40,0
1990,26,2,0,3,3,1,797,3,40,0
1990,43,1,0,3,0,1,57,1,45,0
1990,44,2,0,3,3,0,0,0,0,0
1990,34,2,0,0,0,1,337,5,40,0
1990,34,1,0,2,0,1,274,3,40,0
1990,38,1,3,0,0,1,55,1,40,0
1990,37,1,0,3,3,1,785,1,40,0
1990,29,2,0,3,3,1,777,2,40,0
1990,30,1,0,0,0,1,389,3,48,0
1990,23,2,0,0,0,1,318,2,0,0
1990,24,2,0,1,0,0,274,3,40,0
1990,26,1,0,1,0,1,904,6,50,0
1990,25,2,2,2,0,0,337,5,25,0
1990,47,2,0,2,1,0,0,0,0,0
1990,51,1,0,3,0,0,876,2,30,0
1990,19,1,1,2,0,0,877,3,40,0
1990,26,1,0,1,0,0,575,6,50,0
1990,26,2,0,1,0,1,319,5,40,0
1990,44,1,0,0,0,1,53,5,40,1
1990,56,2,0,3,3,0,0,0,0,0
1990,43,1,0,0,0,0,885,3,60,0
1990,29,2,0,0,0,0,0,0,0,0
1990,55,1,0,2,0,1,22,0,40,1
1990,50,2,0,2,0,0,22,0,0,0
1990,20,1,1,2,0,1,779,0,30,0
1990,26,1,0,0,0,1,696,1,40,0
1990,27,2,0,0,0,1,389,4,40,0
1990,34,1,0,0,0,1,84,5,50,1
1990,34,2,0,0,0,1,8,4,25,0
1990,42,2,2,0,0,1,313,4,20,0
1990,19,2,1,1,0,1,276,5,35,0
1990,27,1,1,0,0,0,549,4,40,0
1990,56,2,0,0,0,0,318,2,40,0
1990,57,1,0,0,0,1,734,1,36,1
1990,66,1,0,0,0,0,804,4,15,0
1990,65,2,0,0,0,0,0,0,0,0
1990,29,1,0,0,0,1,515,6,55,0
1990,26,2,0,2,0,1,385,4,32,0
1990,69,1,0,3,0,1,0,0,0,0
1990,67,2,0,3,0,1,0,0,0,0
1990,26,1,1,3,0,1,64,6,40,0
1990,49,1,0,0,0,1,64,1,42,1
1990,48,2,0,0,0,1,0,0,0,0
1990,20,2,1,0,0,1,276,3,0,0
1990,71,1,0,0,0,1,0,0,0,0
1990,78,2,0,0,0,0,0,0,0,0
1990,62,1,0,0,0,1,217,1,0,0
1990,57,2,0,0,0,1,318,6,0,0
1990,74,1,0,0,0,0,804,4,15,0
1990,75,2,0,0,0,0,0,0,0,0
1990,57,2,3,1,0,0,0,0,0,0
1990,50,1,0,0,0,1,567,5,68,0
1990,48,2,0,0,0,1,529,2,0,0
1990,74,2,0,0,0,0,0,0,0,0
1990,27,2,3,0,0,1,274,3,40,0
1990,30,1,0,0,0,1,523,1,50,0
1990,29,2,0,3,3,1,276,5,0,0
1990,26,1,0,0,0,0,243,3,55,0
1990,25,2,0,0,0,0,274,3,0,0
1990,69,2,3,0,0,1,0,0,0,0
1990,41,1,2,0,0,1,804,3,40,0
1990,58,2,3,1,0,0,407,4,0,0
1990,49,1,0,0,0,1,229,4,40,0
1990,44,2,0,0,0,1,155,5,45,0
1990,21,2,1,0,0,1,22,5,15,0
1990,19,2,1,0,0,0,436,3,15,0
1990,61,1,3,0,0,0,565,0,48,0
1990,65,2,3,0,2,1,33,6,40,0
1990,47,1,0,0,0,1,178,5,40,0
1990,48,2,0,0,2,0,234,5,40,0
1990,42,1,0,0,0,0,904,6,40,0
1990,32,2,0,0,0,0,359,6,40,0
1990,58,1,0,1,0,0,263,3,40,0
1990,49,2,0,1,0,0,447,5,40,0
1990,56,1,0,0,0,0,18,4,40,0
1990,37,2,0,0,0,0,18,4,40,0
1990,18,2,1,0,0,0,453,3,30,0
1990,33,1,0,3,3,1,355,2,40,0
1990,31,2,0,3,3,1,0,0,0,0
1990,24,1,1,3,3,1,364,1,27,0
1990,78,1,3,0,0,1,0,0,0,0
1990,57,2,2,0,0,1,274,5,50,0
1990,50,2,2,0,4,1,313,4,32,1
1990,25,1,0,3,3,1,0,0,0,0
1990,21,2,0,3,3,0,0,0,0,0
1990,45,1,0,3,3,0,0,0,0,0
1990,43,2,0,3,3,0,0,0,0,0
1990,63,1,0,0,0,0,448,6,40,0
1990,56,2,0,0,0,0,877,3,40,0
1990,21,1,1,0,2,0,0,0,0,0
1990,49,2,0,0,0,1,0,0,0,0
1990,47,1,0,0,0,1,58,0,55,0
1990,30,1,1,1,0,0,364,3,60,0
1990,35,2,1,0,0,1,86,0,60,0
1990,24,1,1,0,0,1,216,0,40,0
1990,71,1,2,0,0,0,0,0,0,0
1990,62,1,0,0,0,1,254,4,0,0
1990,62,2,0,0,0,1,0,0,0,0
1990,31,1,1,0,0,1,567,0,0,0
1990,19,2,1,0,0,1,313,5,20,0
1990,35,2,2,2,1,0,683,1,40,0
1990,40,2,1,2,1,0,628,1,45,0
1990,45,1,1,0,0,0,508,1,30,0
1990,77,2,3,0,0,0,0,0,0,0
1990,51,1,1,0,0,0,436,3,0,0
1990,24,1,0,0,0,1,243,6,50,0
1990,24,2,0,0,0,0,276,3,40,0
1990,42,1,0,0,0,0,55,0,40,0
1990,44,2,0,0,0,0,15,5,40,0
1990,24,1,1,0,0,1,486,0,40,0
1990,71,2,3,0,0,1,453,1,40,0
1990,64,2,3,0,0,0,0,0,0,0
1990,49,1,0,0,0,1,558,0,40,0
1990,50,2,0,0,0,1,0,0,0,0
1990,22,1,1,0,0,1,824,5,15,0
1990,36,2,1,0,0,1,164,1,40,0
1990,37,1,1,0,0,1,185,1,43,0
1990,53,2,2,3,0,1,184,1,46,0
1990,23,1,1,1,0,1,228,6,45,0
1990,50,2,2,0,0,1,174,5,50,0
1990,34,2,3,0,0,1,385,5,37,0
1990,72,1,0,0,0,1,457,4,0,0
1990,68,2,0,0,0,1,447,5,0,0
1990,40,1,0,0,0,1,22,1,40,1
1990,39,2,0,0,0,1,0,0,0,0
1990,70,1,0,0,0,0,26,1,0,0
1990,58,2,0,0,0,0,313,1,0,0
1990,24,1,1,0,0,1,17,3,20,0
1990,20,1,1,0,0,1,373,3,40,0
1990,25,1,1,0,0,1,313,5,40,0
1990,22,1,1,0,0,1,337,5,40,0
1990,37,2,1,0,0,1,259,3,40,0
1990,39,1,0,0,2,1,17,4,60,1
1990,31,2,0,0,0,1,156,5,25,0
1990,53,2,2,0,0,0,313,4,40,0
1990,22,1,1,0,0,0,327,3,30,0
1990,69,2,3,0,0,0,0,0,0,0
1990,51,2,2,0,0,1,313,6,40,0
1990,18,2,1,0,0,0,469,3,30,0
1990,37,1,1,0,0,1,243,3,40,1
1990,66,1,0,0,0,1,56,5,0,0
1990,64,2,0,0,0,0,0,0,0,0
1990,22,2,1,0,2,1,469,3,15,0
1990,22,2,1,0,0,1,467,5,18,0
1990,22,2,1,0,0,1,276,3,0,0
1990,21,2,1,0,0,1,426,3,25,0
1990,23,2,1,0,0,1,435,3,25,0
1990,61,1,0,0,2,0,637,1,0,0
1990,59,2,0,0,2,0,22,1,0,0
1990,69,1,0,0,0,1,426,5,40,0
1990,67,2,0,0,0,0,313,4,24,0
1990,27,2,1,0,0,1,23,1,40,0
1990,49,1,0,0,0,1,96,3,38,0
1990,42,2,0,0,0,1,157,5,8,0
1990,36,1,0,0,3,1,44,1,40,1
1990,28,2,0,0,3,0,0,0,0,0
1990,43,1,0,0,0,1,22,0,60,1
1990,51,2,0,0,0,0,0,0,0,0
1990,38,1,0,0,0,1,25,4,40,1
1990,37,2,0,3,0,1,22,2,30,0
1990,59,1,2,0,3,0,243,3,40,0
1990,58,1,0,0,0,0,22,2,0,0
1990,59,2,0,0,0,0,0,0,0,0
1990,51,1,0,0,0,1,735,1,80,1
1990,47,2,0,0,0,1,337,4,0,0
1990,24,2,3,0,0,1,0,0,0,0
1990,37,2,0,0,3,0,458,4,40,0
1990,44,1,0,0,3,0,365,2,40,0
1990,18,1,1,0,4,0,268,3,25,0
1990,46,2,2,0,0,0,0,0,0,0
1990,56,1,1,0,0,1,25,5,4,0
1990,55,1,2,0,0,0,0,0,0,0
1990,56,1,0,0,0,0,453,4,32,0
1990,41,2,0,0,0,0,18,4,32,0
1990,29,2,1,0,0,1,313,5,37,0
1990,24,2,1,0,0,1,56,3,40,0
1990,23,2,1,0,0,1,434,3,60,0
1990,24,2,1,0,0,1,337,5,50,0
1990,33,2,2,0,0,1,0,0,0,0
1990,28,2,1,0,0,1,276,3,25,0
1990,21,2,1,0,0,1,276,3,25,0
1990,39,2,1,0,0,1,319,5,40,0
1990,43,1,1,0,0,1,55,6,40,0
1990,41,1,0,0,0,1,427,5,42,0
1990,42,2,0,0,0,0,308,1,6,0
1990,20,2,1,0,0,1,22,1,20,0
1990,21,2,1,0,0,1,427,5,40,0
1990,21,2,1,0,0,1,444,5,12,0
1990,57,2,1,0,0,1,174,5,40,0
1990,43,1,2,0,0,1,29,3,40,0
1990,18,2,1,0,0,0,274,3,16,0
1990,46,2,2,3,0,1,156,5,40,0
1990,36,1,0,0,0,0,505,4,40,0
1990,33,2,0,0,0,0,307,4,40,0
1990,44,1,1,0,0,1,549,6,40,0
1990,30,1,2,0,0,1,188,3,17,0
1990,23,2,1,0,0,1,166,5,35,0
1990,23,2,1,3,0,1,259,3,20,0
1990,24,1,1,0,0,1,55,1,40,0
1990,50,1,0,0,0,1,84,5,50,1
1990,48,2,0,0,0,1,155,5,0,0
1990,39,2,2,0,0,1,447,5,0,1
1990,41,1,0,0,0,1,174,5,40,0
1990,35,2,0,0,0,1,103,5,40,1
1990,47,1,3,0,1,1,84,5,70,1
1990,19,1,1,0,1,1,754,1,0,0
1990,18,2,1,0,0,1,436,3,30,0
1990,18,1,1,0,0,1,225,5,18,0
1990,48,1,0,0,0,1,417,6,56,1
1990,49,2,0,0,0,1,22,4,40,1
1990,69,1,0,0,0,1,364,1,20,0
1990,63,2,0,0,0,1,385,3,40,0
1990,71,2,3,0,0,0,0,0,0,0
1990,33,1,0,0,0,1,13,1,40,1
1990,30,2,0,0,0,1,0,0,0,0
1990,76,2,3,0,0,1,254,4,45,0
1990,78,2,3,0,0,1,0,0,0,0
1990,74,1,0,0,0,1,0,0,0,1
1990,73,2,0,0,0,1,0,0,0,0
1990,46,1,0,0,3,1,154,5,70,1
1990,46,2,0,0,0,1,154,5,70,1
1990,47,1,0,0,0,1,55,1,40,1
1990,42,2,0,0,0,1,37,3,12,0
1990,56,1,0,0,0,1,156,5,60,1
1990,50,2,0,0,0,1,156,5,60,1
1990,18,1,1,0,0,0,877,3,25,0
1990,64,1,0,0,0,1,0,0,0,0
1990,62,2,0,0,0,1,0,0,0,0
1990,30,1,1,0,0,1,18,4,40,0
1990,31,1,0,0,0,1,254,4,45,1
1990,31,2,0,0,2,1,178,5,50,1
1990,36,1,0,0,0,1,116,5,60,1
1990,32,2,0,0,0,1,157,5,0,0
1990,25,2,0,0,0,1,154,5,12,0
1990,25,1,0,0,0,1,22,5,40,0
1990,25,2,1,0,0,1,463,2,20,0
1990,25,2,3,0,0,1,463,2,20,0
1990,32,1,1,0,3,1,14,5,60,0
1990,28,1,1,0,3,1,877,3,20,0
1990,49,1,0,0,0,1,65,0,40,0
1990,40,2,0,0,0,1,22,3,50,0
1990,29,1,0,0,0,1,22,6,40,0
1990,42,2,0,0,0,0,174,5,35,0
1990,30,1,3,0,4,0,453,3,40,0
1990,42,1,0,0,0,1,164,5,40,0
1990,40,2,0,3,3,1,23,5,22,0
1990,35,1,0,0,0,1,86,0,40,0
1990,31,2,0,0,0,1,678,5,20,0
1990,47,1,0,0,0,1,84,5,40,1
1990,44,2,0,0,0,1,0,0,0,0
1990,20,1,1,0,0,1,549,5,0,0
1990,18,1,1,0,0,0,887,4,17,0
1990,25,2,1,0,0,1,14,5,33,0
1990,29,2,1,0,0,1,328,5,60,0
1990,29,1,0,0,0,1,243,3,50,0
1990,27,2,0,3,0,1,22,4,50,0
1990,24,1,0,0,0,0,227,6,55,0
1990,23,2,0,0,0,1,389,4,40,0
1990,22,1,1,0,0,0,337,3,40,0
1990,39,1,1,0,0,0,29,3,40,0
1990,24,2,1,0,0,1,379,4,8,0
1990,28,1,2,0,0,1,226,6,40,0
1990,36,2,3,0,0,1,22,0,40,0
1990,33,2,2,0,0,0,267,3,0,0
1990,43,2,2,0,0,1,156,5,15,0
1990,47,1,0,0,0,1,22,5,40,1
1990,43,2,0,0,0,1,259,1,30,0
1990,21,1,1,0,0,1,229,4,20,0
1990,19,2,1,0,0,1,379,1,20,0
1990,37,1,0,0,0,0,869,0,60,0
1990,30,2,0,0,0,0,25,4,45,0
1990,45,1,0,0,0,1,55,4,44,0
1990,41,2,0,0,0,1,243,4,30,0
1990,22,1,1,0,0,0,274,3,38,0
1990,20,1,1,0,0,0,274,3,38,0
1990,31,1,0,0,0,1,485,0,40,0
1990,28,2,0,0,3,0,383,4,40,0
1990,49,2,2,0,0,1,22,5,40,0
1990,19,1,1,0,0,1,804,4,40,0
1990,41,1,0,0,0,1,22,5,60,1
1990,43,2,0,0,0,0,274,3,0,0
1990,23,1,1,0,0,1,199,5,20,0
1990,21,1,1,0,0,0,434,4,25,0
1990,19,1,1,0,0,0,804,1,20,0
1990,41,1,0,3,3,1,235,1,40,1
1990,41,2,0,3,3,1,253,4,20,0
1990,40,1,0,0,0,1,167,5,50,0
1990,39,2,0,0,0,1,8,1,47,0
1990,42,2,3,0,0,1,22,1,40,0
1990,19,1,1,0,0,0,189,6,70,0
1990,20,1,3,1,0,1,365,6,40,0
1990,22,1,1,0,0,1,523,6,48,0
1990,66,1,0,0,0,1,55,2,0,1
1990,25,2,0,0,0,1,0,0,0,0
1990,46,1,0,0,0,1,55,1,40,1
1990,44,2,0,0,0,1,156,5,40,0
1990,18,2,1,0,0,0,468,5,40,0
1990,32,1,0,0,0,1,57,5,40,0
1990,31,2,0,0,0,1,348,5,40,0
1990,50,2,2,0,0,1,257,1,40,1
1990,19,2,1,0,0,0,785,1,20,0
1990,48,1,0,0,0,1,254,4,50,0
1990,39,2,0,0,0,1,23,4,50,0
1990,36,1,0,0,0,1,904,6,60,0
1990,37,2,0,0,0,1,167,5,40,0
1990,37,1,0,0,0,0,804,2,55,0
1990,36,2,0,1,0,1,95,5,0,0
1990,23,2,2,1,0,0,265,3,20,0
1990,29,2,3,0,0,1,217,5,40,0
1990,76,1,0,0,0,0,0,0,0,0
1990,71,2,0,0,2,0,0,0,0,0
1990,74,1,0,0,0,1,0,0,0,0
1990,73,2,0,0,0,1,0,0,0,0
1990,45,2,2,0,0,1,22,4,8,0
1990,18,1,1,0,0,0,276,3,35,0
1990,68,1,0,0,0,1,0,0,0,1
1990,68,2,0,0,0,1,0,0,0,1
1990,41,1,0,0,0,1,254,4,50,0
1990,37,2,0,0,0,1,376,4,40,0
1990,54,1,0,0,0,1,243,3,40,1
1990,52,2,0,0,0,1,0,0,0,0
1990,30,1,0,0,0,0,243,3,40,0
1990,31,2,0,0,0,0,877,3,36,0
1990,29,1,1,0,0,0,379,3,40,0
1990,36,1,2,0,0,1,157,5,40,0
1990,59,2,2,1,0,1,313,5,40,0
1990,48,2,2,0,0,1,154,5,50,0
1990,60,2,3,0,0,1,23,4,40,0
1990,71,2,3,0,0,1,0,0,0,0
1990,61,1,0,0,0,1,7,5,40,1
1990,63,2,0,0,2,1,174,6,0,0
1990,33,2,0,0,0,1,243,3,50,0
1990,36,1,0,0,0,1,22,3,60,1
1990,65,1,0,0,0,1,59,1,8,0
1990,63,2,0,0,0,1,0,0,0,0
1990,70,1,0,0,0,1,22,1,42,1
1990,42,2,0,0,0,1,315,4,5,0
1990,42,1,0,0,0,1,303,6,40,1
1990,43,2,0,0,0,1,0,0,0,0
1990,42,2,1,0,0,1,303,5,55,0
1990,36,1,0,0,0,1,13,5,45,0
1990,37,2,0,0,0,1,378,4,40,0
1990,50,1,0,0,0,1,195,1,40,0
1990,53,2,0,0,0,0,243,3,40,0
1990,19,1,1,0,0,0,804,3,30,0
1990,38,2,2,0,0,1,95,5,36,0
1990,72,1,0,0,0,0,0,0,0,0
1990,68,2,0,0,0,0,0,0,0,0
1990,36,2,0,0,0,1,217,4,45,0
1990,69,1,0,3,0,1,0,0,0,0
1990,42,1,0,0,0,1,43,5,40,0
1990,43,2,0,0,0,1,313,1,40,0
1990,67,1,0,0,0,1,0,0,0,1
1990,70,2,0,0,0,1,313,5,20,0
1990,50,1,0,0,0,1,84,5,50,1
1990,48,2,0,0,0,1,313,5,40,0
1990,42,1,0,0,0,1,307,1,50,1
1990,37,2,0,0,0,1,67,1,30,0
1990,29,1,1,0,0,1,17,4,40,0
1990,62,2,3,0,0,1,0,0,0,1
1990,44,1,2,0,0,1,579,0,20,0
1990,26,2,1,0,1,0,747,4,40,0
1990,28,2,1,0,1,0,469,3,40,0
1990,25,1,1,0,1,0,22,0,40,0
1990,57,2,3,0,1,0,0,0,0,0
1990,33,1,0,2,0,0,796,1,47,0
1990,33,2,0,3,2,0,888,3,15,0
1990,49,1,0,0,0,0,217,5,40,0
1990,53,2,0,0,0,1,319,5,32,0
1990,20,1,1,0,0,1,267,3,50,0
1990,39,1,0,2,1,0,486,0,40,0
1990,38,2,0,2,0,0,308,6,40,0
1990,58,1,0,2,1,1,547,4,40,0
1990,53,2,0,2,1,0,0,0,0,0
1990,33,1,1,2,1,1,567,0,0,0
1990,21,1,1,2,0,1,443,4,8,0
1990,18,1,1,2,0,0,785,1,0,0
1990,64,1,0,0,0,0,579,0,0,0
1990,61,2,0,2,0,0,687,3,0,0
1990,61,1,0,3,3,1,364,6,40,0
1990,54,2,0,3,3,1,683,1,0,0
1990,38,1,0,0,0,1,229,3,40,0
1990,36,2,0,2,1,0,0,0,0,0
1990,26,1,3,2,4,0,804,2,47,0
1990,41,1,0,2,1,0,426,4,26,0
1990,38,2,0,2,1,0,426,4,26,0
1990,75,2,1,0,1,0,0,0,0,0
1990,76,2,1,0,0,0,0,0,0,0
1990,35,1,0,0,1,0,573,0,48,0
1990,32,2,0,0,1,0,0,0,0,0
1990,71,1,3,0,0,0,575,0,0,0
1990,50,1,0,2,4,1,628,6,40,0
1990,45,2,0,2,4,0,0,0,0,0
1990,18,2,1,2,4,0,0,0,0,0
1990,20,2,1,2,0,1,276,4,0,0
1990,19,1,1,2,0,0,869,0,40,0
1990,51,2,2,0,1,1,804,5,32,0
1990,31,1,1,0,0,1,386,6,40,0
1990,46,1,3,0,0,0,579,0,40,0
1990,33,1,2,0,0,1,575,0,40,0
1990,74,1,3,0,0,1,0,0,0,0
1990,43,1,1,0,0,1,637,1,40,0
1990,49,1,2,0,0,1,809,2,50,0
1990,25,1,1,0,0,0,213,3,40,0
1990,23,1,1,0,0,1,904,6,30,0
1990,29,2,3,3,3,1,274,3,40,0
1990,34,1,1,3,3,1,379,6,40,0
1990,63,1,0,3,3,0,0,0,0,0
1990,61,2,0,3,3,0,0,0,0,0
1990,25,2,1,0,0,1,23,6,46,0
1990,27,2,1,0,0,1,804,2,40,0
1990,41,1,1,0,0,1,653,6,0,0
1990,74,2,3,0,0,0,0,0,0,0
1990,43,1,0,3,3,0,36,6,48,0
1990,34,2,0,3,3,0,744,1,40,0
1990,29,1,2,0,0,0,804,1,40,0
1990,29,2,2,0,0,0,323,3,40,0
1990,29,1,1,0,0,1,585,0,40,0
1990,32,1,2,0,0,0,783,1,40,0
1990,30,2,2,0,0,1,303,3,50,0
1990,51,1,3,3,3,1,22,1,40,1
1990,61,2,3,0,0,0,257,4,0,0
1990,32,1,1,0,0,1,567,0,40,0
1990,34,2,2,0,0,0,243,3,40,0
1990,72,1,1,0,0,1,243,3,36,1
1990,57,2,2,1,0,0,813,4,0,0
1990,18,1,1,1,0,1,0,0,0,0
1990,27,1,0,0,0,0,523,6,55,0
1990,29,2,0,2,1,0,365,4,0,0
1990,27,1,0,0,1,0,595,0,40,0
1990,24,2,0,3,0,0,447,6,22,0
1990,28,1,1,0,0,0,853,0,40,0
1990,21,2,1,0,0,1,276,3,25,0
1990,25,1,0,2,1,0,259,3,40,0
1990,26,2,0,2,1,0,278,1,0,0
1990,60,1,0,0,0,0,804,2,40,0
1990,55,2,0,0,0,0,0,0,0,0
1990,47,1,0,2,0,0,804,0,40,0
1990,37,2,0,2,1,1,0,0,0,0
1990,79,2,3,0,0,1,0,0,0,0
1990,19,1,1,1,0,0,447,6,40,0
1990,52,1,0,0,0,1,263,3,50,0
1990,45,2,0,0,0,0,466,5,50,0
1990,22,2,1,0,0,1,315,5,20,0
1990,20,1,1,0,0,0,628,1,45,0
1990,61,1,0,3,0,0,365,1,40,0
1990,80,2,0,0,0,0,0,0,0,0
1990,28,1,0,0,0,1,447,5,30,0
1990,27,2,0,0,0,1,18,4,30,0
1990,22,1,0,0,0,0,904,6,60,0
1990,22,2,0,0,0,0,22,6,50,0
1990,19,1,1,0,0,0,436,3,40,0
1990,55,1,0,0,0,0,486,0,30,0
1990,57,2,0,0,0,0,313,5,40,0
1990,36,1,0,0,0,0,809,2,55,0
1990,33,2,0,0,0,1,313,4,40,0
1990,27,2,3,0,0,1,313,1,40,0
1990,53,2,2,0,0,0,363,1,40,0
1990,41,2,2,0,0,0,808,5,48,0
1990,19,1,1,0,0,1,877,3,24,0
1990,18,1,1,0,0,0,243,3,32,0
1990,28,1,0,0,0,0,22,1,40,0
1990,33,2,0,0,0,0,466,5,50,0
1990,65,2,2,0,0,0,436,5,20,0
1990,33,2,0,0,1,0,486,0,48,0
1990,76,1,0,0,0,0,0,0,0,0
1990,57,2,3,0,0,0,0,0,0,0
1990,28,2,0,2,0,1,375,4,40,0
1990,27,1,0,2,1,0,804,2,40,0
1990,59,1,0,2,1,0,434,3,40,0
1990,59,2,0,2,1,0,683,6,40,0
1990,26,2,3,2,1,0,433,3,40,0
1990,27,1,3,2,0,0,508,1,48,0
1990,29,1,0,0,0,1,355,2,40,0
1990,29,2,0,0,0,1,355,2,40,0
1990,42,1,0,0,0,1,527,2,45,0
1990,35,2,0,0,0,0,0,0,0,0
1990,36,1,0,0,0,0,554,1,44,0
1990,40,2,0,0,0,1,65,1,0,0
1990,46,1,0,0,0,1,95,5,40,0
1990,48,2,0,3,3,1,207,5,32,0
1990,20,2,1,0,0,0,337,3,40,0
1990,18,2,1,0,0,0,313,5,0,0
1990,51,2,0,0,0,1,313,5,40,1
1990,52,1,0,0,0,1,178,5,45,1
1990,21,2,1,0,0,0,313,5,25,0
1990,19,1,1,0,0,0,379,5,20,0
1990,18,1,1,0,0,1,813,5,6,0
1990,27,1,1,0,0,1,23,6,40,0
1990,21,1,1,0,0,1,869,0,40,1
1990,18,1,1,0,0,0,0,0,0,0
1990,22,2,1,0,2,1,458,3,35,0
1990,24,1,1,0,0,0,486,0,35,0
1990,71,1,1,0,2,1,64,6,84,1
1990,71,1,3,0,0,1,22,2,40,1
1990,60,1,0,0,0,1,259,3,48,0
1990,59,2,0,0,1,0,0,0,0,0
1990,22,2,1,0,0,1,877,3,20,0
1990,55,1,0,0,0,0,508,1,40,0
1990,58,2,0,0,0,1,319,3,30,0
1990,31,1,2,0,0,0,628,1,40,0
1990,28,1,1,0,0,0,637,1,40,0
1990,26,1,1,3,0,0,637,1,40,0
1990,34,1,0,2,1,1,43,5,50,1
1990,33,2,0,2,1,1,15,5,40,0
1990,40,2,2,0,0,1,154,5,70,1
1990,36,1,0,2,1,0,486,0,32,0
1990,39,2,0,2,1,1,156,5,40,0
1990,22,2,3,2,1,0,274,3,20,0
1990,54,2,0,0,0,1,389,4,0,0
1990,24,2,3,0,1,1,435,3,0,0
1990,25,1,0,0,0,1,359,3,25,0
1990,63,1,0,0,0,0,274,3,0,0
1990,62,2,0,0,0,0,0,0,0,0
1990,36,1,0,0,0,1,567,0,48,0
1990,36,2,0,2,0,1,337,5,40,0
1990,67,1,0,0,0,1,0,0,0,1
1990,53,2,0,0,0,1,0,0,0,0
1990,36,2,2,0,0,0,318,2,36,0
1990,27,2,1,0,0,0,435,3,35,0
1990,23,1,1,0,4,1,475,0,40,0
1990,38,2,3,0,0,0,0,0,0,0
1990,61,1,0,0,0,0,243,3,60,0
1990,59,2,0,0,0,0,243,3,60,0
1990,32,2,3,0,0,0,337,1,30,0
1990,30,1,2,0,0,0,159,6,99,0
1990,63,1,0,0,0,1,243,4,40,1
1990,61,2,0,0,0,1,337,4,25,1
1990,75,2,2,0,0,0,0,0,0,0
1990,70,1,2,0,0,0,0,0,0,0
1990,63,1,0,0,0,1,585,0,22,0
1990,64,2,0,0,0,0,468,5,8,0
1990,41,1,0,0,0,1,376,6,12,0
1990,35,2,0,0,0,1,229,3,40,0
1990,62,1,0,0,0,1,808,5,45,0
1990,58,2,0,0,0,0,468,5,15,0
1990,41,1,0,0,0,1,804,2,60,0
1990,41,2,0,0,0,1,804,2,60,0
1990,18,1,1,0,0,0,885,3,40,0
1990,21,1,1,2,1,0,779,0,45,0
1990,61,1,0,0,0,1,235,6,40,0
1990,52,2,0,0,0,1,387,5,50,0
1990,41,1,0,0,0,1,22,1,60,1
1990,43,2,0,0,0,0,197,1,30,0
1990,37,1,1,0,0,1,653,1,40,0
1990,58,1,0,0,0,0,508,2,40,0
1990,55,2,0,0,0,0,0,0,0,0
1990,43,1,2,0,0,1,243,3,45,1
1990,60,2,3,0,0,1,379,5,40,0
1990,43,1,0,0,0,1,254,4,40,0
1990,40,2,0,0,0,1,254,4,40,0
1990,40,1,0,0,0,0,363,0,40,0
1990,39,2,0,0,0,1,37,4,40,0
1990,50,1,0,0,1,0,668,1,44,0
1990,50,2,0,0,1,0,0,0,0,0
1990,18,1,1,0,1,0,0,0,0,0
1990,56,1,0,0,0,1,259,1,40,0
1990,54,2,0,0,0,1,337,5,0,0
1990,62,2,3,0,0,0,23,5,40,0
1990,37,1,3,0,0,0,243,3,0,0
1990,26,2,2,0,0,1,446,5,45,0
1990,23,1,0,0,0,0,243,3,60,0
1990,23,2,0,3,3,0,439,3,40,0
1990,46,1,0,0,0,1,157,5,40,0
1990,45,2,0,0,0,1,0,0,0,0
1990,31,1,0,0,0,0,558,0,70,1
1990,28,2,0,0,0,0,373,3,0,0
1990,32,1,0,0,0,0,567,0,48,1
1990,32,2,0,0,0,0,0,0,0,0
1990,69,2,2,0,0,1,0,0,0,0
1990,34,1,0,0,0,0,259,3,40,1
1990,34,2,0,0,0,1,736,1,25,0
1990,65,1,0,0,0,0,579,0,20,0
1990,66,2,0,0,0,0,0,0,0,0
1990,69,1,3,0,0,1,0,0,0,0
1990,38,2,2,0,0,1,379,0,40,0
1990,40,1,0,0,0,0,567,0,40,0
1990,36,2,0,0,0,1,436,5,27,0
1990,75,2,3,0,0,1,0,0,0,0
1990,32,1,0,0,0,1,869,0,40,0
1990,28,2,0,0,0,1,339,2,40,0
1990,53,1,0,2,0,0,686,1,40,0
1990,59,2,0,2,0,0,435,3,25,0
1990,25,1,1,2,0,0,436,3,40,0
1990,48,1,0,2,0,0,14,5,40,0
1990,45,2,0,0,0,1,163,5,30,0
1990,51,1,0,0,0,1,303,4,50,0
1990,63,2,0,0,0,0,0,0,0,0
1990,20,2,1,0,0,0,0,0,0,0
1990,30,2,1,0,0,1,469,4,50,0
1990,50,2,2,0,0,1,313,5,20,0
1990,52,1,2,0,0,0,584,0,50,0
1990,47,1,0,3,0,1,453,4,40,0
1990,36,2,0,0,0,0,444,4,0,0
1990,78,2,2,0,0,1,407,4,32,0
1990,40,1,0,0,0,1,686,3,40,0
1990,39,2,0,0,0,1,383,4,30,0
1990,34,1,0,0,3,0,243,3,70,1
1990,21,2,0,0,3,1,0,0,0,0
1990,63,2,3,0,3,0,0,0,0,0
1990,28,2,1,0,3,0,0,0,0,0
1990,25,1,1,0,3,0,243,3,60,0
1990,31,2,3,0,3,0,243,3,50,0
1990,44,1,0,0,0,1,259,1,60,0
1990,40,2,0,0,0,1,159,5,30,0
1990,31,1,0,0,0,1,585,0,45,0
1990,30,2,0,0,0,1,435,3,25,0
1990,45,1,0,0,0,1,22,4,50,1
1990,45,2,0,0,0,1,14,5,40,0
1990,33,1,0,0,0,1,25,4,30,0
1990,33,2,0,0,0,1,337,4,40,0
1990,51,1,0,0,0,0,783,1,40,1
1990,50,2,0,0,0,1,95,5,40,0
1990,27,2,1,0,0,1,447,5,24,0
1990,27,2,1,0,0,1,276,5,36,0
1990,54,1,0,1,0,1,22,0,45,1
1990,32,2,0,1,0,1,885,3,19,0
1990,29,2,3,1,0,0,207,5,30,0
1990,29,2,3,0,1,0,0,0,0,0
1990,73,1,3,0,0,1,0,0,0,0
1990,51,1,0,0,0,1,14,5,50,0
1990,57,2,0,3,3,1,276,3,40,0
1990,61,1,0,0,0,0,22,1,0,0
1990,64,2,0,0,0,0,0,0,0,0
1990,32,1,0,0,0,1,216,5,45,0
1990,31,2,0,0,0,1,229,3,40,0
1990,29,2,1,0,0,0,327,2,40,0
1990,36,1,2,0,0,0,22,4,40,0
1990,31,1,1,0,0,0,22,1,40,0
1990,68,1,1,0,0,1,0,0,0,0
1990,73,2,3,0,0,0,0,0,0,0
1990,45,1,2,0,0,0,695,2,40,0
1990,60,1,0,0,2,1,869,0,45,0
1990,57,2,0,0,2,1,337,5,40,0
1990,26,1,1,0,2,0,523,2,40,0
1990,60,1,3,0,0,0,22,2,40,0
1990,26,1,0,2,0,1,22,4,40,0
1990,23,2,0,0,0,0,313,0,40,0
1990,25,1,1,0,0,1,808,2,50,0
1990,22,1,1,0,0,0,23,6,65,0
1990,35,2,0,0,0,0,435,4,20,0
1990,36,1,0,0,0,1,567,0,40,1
1990,40,1,2,0,0,1,195,1,45,0
1990,67,2,1,0,0,0,0,0,0,0
1990,36,1,0,0,0,1,22,0,20,0
1990,32,2,0,0,0,1,14,5,17,0
1990,29,2,1,3,3,1,0,0,0,0
1990,28,1,1,3,3,1,0,0,0,0
1990,38,1,0,0,0,1,637,0,50,0
1990,35,2,0,0,0,1,25,4,0,0
1990,33,2,0,1,0,1,447,5,25,0
1990,40,1,0,1,0,1,579,0,35,0
1990,21,1,2,0,0,0,567,0,40,0
1990,20,2,2,0,0,1,313,1,30,0
1990,40,1,0,0,0,1,869,0,40,0
1990,39,2,0,0,0,1,174,5,32,0
1990,47,2,1,0,0,1,23,4,40,0
1990,25,1,1,0,0,0,23,4,41,0
1990,31,1,0,0,0,1,357,2,56,0
1990,31,2,0,0,0,1,155,5,6,0
1990,59,1,0,0,0,1,314,4,50,0
1990,56,2,0,0,0,1,254,4,21,0
1990,35,1,0,3,0,1,628,1,50,1
1990,33,2,0,0,0,0,356,4,15,0
1990,26,1,1,0,0,0,486,0,40,0
1990,24,2,1,3,0,0,276,3,35,0
1990,54,1,0,0,0,1,458,4,40,0
1990,50,2,0,0,0,0,313,5,37,0
1990,22,2,1,0,0,1,268,3,40,0
1990,76,2,3,0,0,1,0,0,0,0
1990,65,1,0,0,0,1,0,0,0,0
1990,64,2,0,0,0,1,156,5,0,0
1990,66,2,3,0,2,0,458,5,18,0
1990,68,1,0,0,0,0,453,3,20,0
1990,65,2,0,0,0,0,337,3,32,0
1990,26,2,1,0,0,0,276,3,40,0
1990,77,1,3,0,0,1,0,0,0,0
1990,40,2,0,0,0,1,174,5,40,0
1990,42,1,0,0,0,1,174,5,40,0
1990,27,1,0,0,0,0,579,0,40,0
1990,27,2,0,0,0,0,458,4,40,0
1990,52,2,2,0,0,0,254,4,40,0
1990,26,2,1,0,0,0,355,2,40,0
1990,61,1,0,0,0,1,364,1,40,0
1990,57,2,0,0,0,1,377,5,40,0
1990,41,1,0,0,1,1,229,4,40,0
1990,29,2,0,0,0,1,308,6,40,0
1990,64,1,0,0,1,1,535,4,0,0
1990,62,2,0,0,0,1,0,0,0,0
1990,25,2,2,0,0,0,0,0,0,0
1990,34,1,2,0,0,1,549,4,45,0
1990,36,2,3,0,0,0,449,4,0,0
1990,47,2,3,0,0,0,365,5,40,0
1990,69,2,3,0,0,0,0,0,0,0
1990,39,1,0,2,0,1,628,2,40,0
1990,34,2,0,2,1,1,365,1,40,0
1990,72,2,3,0,0,1,774,4,27,0
1990,80,2,3,0,0,1,0,0,0,0
1990,61,1,0,0,0,0,55,1,40,0
1990,59,2,0,0,0,0,0,0,0,0
1990,30,1,1,0,0,0,784,1,40,0
1990,21,1,1,0,0,1,877,3,16,0
1990,49,1,0,0,0,1,156,5,40,1
1990,46,2,0,0,0,1,156,5,40,1
1990,21,2,1,0,0,1,274,3,20,0
1990,34,1,0,0,0,0,228,6,80,0
1990,32,2,0,0,0,0,313,0,40,0
1990,30,1,0,2,1,0,637,1,40,0
1990,23,2,0,2,1,0,276,3,40,0
1990,45,1,1,0,0,1,426,4,40,0
1990,47,2,2,0,0,1,677,5,40,0
1990,55,1,2,0,0,0,844,0,40,0
1990,44,1,2,0,0,0,585,0,30,0
1990,42,2,2,0,0,1,435,3,32,0
1990,50,1,2,0,0,1,487,0,40,0
1990,39,1,0,0,0,0,637,1,40,0
1990,29,2,0,0,0,1,0,0,0,0
1990,32,1,0,1,0,1,59,1,40,0
1990,29,2,0,0,0,1,159,5,10,0
1990,69,1,3,0,0,0,0,0,0,0
1990,31,1,0,0,0,0,829,6,50,0
1990,32,2,0,0,0,1,0,0,0,0
1990,30,1,0,0,0,0,554,0,40,1
1990,28,2,0,0,0,1,337,0,40,0
1990,52,1,0,0,0,0,543,0,40,1
1990,47,2,0,0,0,0,337,3,53,0
1990,22,1,1,0,0,0,364,1,62,0
1990,23,2,1,0,0,0,323,1,40,0
1990,63,2,2,0,0,0,0,0,0,0
1990,31,2,0,0,0,1,155,5,0,0
1990,25,1,0,0,0,0,597,0,40,0
1990,18,2,1,0,0,0,436,3,40,0
1990,64,1,0,0,0,1,889,3,40,0
1990,64,2,0,0,0,0,276,4,32,0
1990,22,1,1,0,0,1,418,6,40,0
1990,23,1,1,0,0,1,418,6,40,0
1990,22,2,1,0,0,1,274,3,30,0
1990,26,1,1,0,0,0,593,0,40,0
1990,33,2,2,0,0,0,0,0,0,0
1990,33,1,0,0,0,1,418,6,40,1
1990,27,2,0,0,0,1,22,5,40,0
1990,40,1,0,0,0,1,447,5,40,0
1990,37,2,0,0,0,1,205,5,50,0
1990,47,2,2,0,0,1,303,5,40,0
1990,28,2,1,0,0,0,319,0,0,0
1990,27,1,1,0,0,0,585,0,50,0
1990,25,1,1,0,0,0,904,6,40,0
1990,19,2,1,0,0,0,276,3,30,0
1990,47,1,0,0,0,0,355,2,40,0
1990,45,2,0,3,3,0,426,5,15,0
1990,21,1,1,0,0,1,889,3,40,0
1990,63,2,3,3,3,0,0,0,0,0
1990,23,1,1,0,3,1,359,3,40,0
1990,39,2,0,0,0,1,0,0,0,0
1990,39,1,0,0,0,1,417,6,56,0
1990,63,1,0,0,0,1,0,0,0,0
1990,53,2,0,0,0,0,385,4,40,0
1990,65,1,2,0,0,0,0,0,0,0
1990,32,2,2,0,0,0,319,0,40,0
1990,40,1,2,0,0,1,27,5,40,1
1990,36,1,0,0,0,1,22,2,38,0
1990,31,2,0,0,0,1,376,4,35,0
1990,36,1,0,0,0,1,23,5,45,1
1990,36,2,0,0,0,1,155,5,0,0
1990,38,1,0,0,0,1,22,4,40,1
1990,42,2,0,0,0,1,103,5,40,0
1990,23,1,1,0,0,0,505,3,40,0
1990,22,2,1,0,0,1,313,1,30,0
1990,80,1,0,0,0,1,0,0,0,0
1990,47,2,1,0,0,1,156,5,70,0
1990,41,1,2,0,0,1,64,1,60,1
1990,44,1,0,0,0,1,33,2,40,1
1990,42,2,0,0,0,1,0,0,0,0
1990,19,1,1,0,0,0,157,5,18,0
1990,41,1,0,0,0,1,33,2,40,1
1990,38,2,0,0,0,1,95,5,5,0
1990,44,2,2,0,0,1,22,5,40,0
1990,24,2,3,0,0,1,348,5,40,0
1990,45,2,1,0,0,1,15,5,40,0
1990,47,2,2,0,0,1,804,2,11,0
1990,57,1,0,0,0,1,254,4,50,1
1990,59,2,0,0,0,1,0,0,0,0
1990,42,1,1,0,0,1,77,5,50,0
1990,41,2,0,0,0,1,207,5,0,0
1990,36,1,0,0,0,1,254,4,60,1
1990,61,1,0,0,0,1,7,4,10,0
1990,61,2,0,0,0,0,337,5,0,0
1990,76,1,0,0,0,1,0,0,0,0
1990,72,2,0,0,0,0,0,0,0,0
1990,40,1,0,0,0,1,167,5,40,0
1990,37,2,0,0,0,1,167,6,48,0
1990,20,2,1,0,0,1,435,3,30,0
1990,26,1,1,0,0,1,17,3,40,0
1990,27,1,1,0,0,1,434,3,30,0
1990,50,1,0,0,0,1,156,5,40,0
1990,50,2,0,0,0,1,26,5,4,0
1990,38,1,0,3,0,1,156,5,40,0
1990,32,2,0,2,0,1,159,5,10,0
1990,26,2,0,0,0,1,27,4,40,0
1990,26,1,0,0,0,1,195,1,40,0
1990,72,1,0,0,0,0,0,0,0,0
1990,64,2,0,0,0,0,337,5,40,0
1990,62,2,2,0,0,1,337,5,40,0
1990,41,1,2,0,0,1,547,4,40,0
1990,32,1,3,0,0,1,218,5,44,1
1990,36,2,2,0,0,1,274,4,35,0
1990,75,2,3,0,0,1,0,0,0,0
1990,65,2,0,0,1,0,0,0,0,0
1990,65,1,0,0,0,1,64,4,24,1
1990,59,2,0,0,0,1,257,4,0,0
1990,44,1,0,2,1,0,889,1,44,0
1990,39,2,0,2,1,0,754,1,40,0
1990,65,1,0,0,0,0,355,2,0,0
1990,26,2,0,0,1,0,348,5,40,0
1990,28,1,1,0,0,1,259,3,40,0
1990,33,2,1,0,0,1,453,4,0,0
1990,41,1,2,0,0,0,573,0,40,0
1990,40,1,0,0,0,1,207,5,40,0
1990,28,2,0,2,0,1,447,5,39,0
1990,75,2,0,0,0,0,0,0,0,0
1990,69,1,2,0,0,1,783,4,8,0
1990,50,1,1,0,0,0,505,3,40,0
1990,57,1,1,0,0,0,547,5,40,0
1990,68,1,0,0,0,1,37,6,0,0
1990,64,2,0,0,0,1,156,5,0,0
1990,23,2,1,0,0,1,436,3,20,0
1990,29,1,0,0,0,0,804,2,40,0
1990,29,2,0,0,0,0,468,5,15,0
1990,24,1,1,0,0,0,856,1,40,0
1990,62,2,1,0,0,0,338,2,25,0
1990,27,1,0,0,0,1,208,6,40,0
1990,21,2,0,0,0,0,225,6,56,0
1990,31,1,0,0,0,1,418,6,43,0
1990,32,2,0,0,0,1,318,2,42,0
1990,30,2,1,0,0,1,65,5,50,0
1990,30,1,1,0,0,1,235,5,45,0
1990,40,1,2,0,0,1,25,4,40,0
1990,42,2,0,0,0,1,315,5,37,0
1990,43,1,0,0,0,1,903,6,40,0
1990,18,2,1,0,0,0,276,3,35,0
1990,41,1,0,0,0,1,376,1,40,1
1990,38,2,0,0,0,1,389,1,40,0
1990,37,1,3,0,4,0,0,0,0,0
1990,41,1,0,0,0,1,637,1,55,1
1990,29,2,0,0,1,0,796,1,40,0
1990,21,1,1,0,0,0,904,6,45,0
1990,22,1,1,0,0,0,904,6,50,0
1990,18,1,1,0,0,0,904,6,16,0
1990,21,1,1,0,0,0,904,6,35,0
1990,21,1,1,0,0,1,379,6,42,0
1990,25,1,0,0,0,1,169,6,55,0
1990,29,2,0,0,0,1,449,5,0,0
1990,20,1,1,0,0,0,348,6,45,0
1990,23,1,1,0,0,0,525,6,35,0
1990,23,1,1,0,0,0,228,6,50,0
1990,21,1,1,0,0,0,356,6,55,0
1990,21,1,1,0,0,0,904,6,40,0
1990,21,1,1,0,0,0,904,6,40,0
1990,20,1,1,2,1,0,505,6,40,0
1990,22,1,3,2,0,0,905,6,16,0
1990,24,1,1,0,0,1,904,6,55,0
1990,27,1,1,1,0,0,547,6,40,0
1990,43,1,0,0,0,0,904,6,50,0
1990,52,2,0,0,0,0,0,0,0,0
1990,29,1,1,0,0,0,0,0,0,0
1990,21,2,1,0,0,1,274,3,40,0
1990,24,1,0,1,0,1,228,6,55,0
1990,21,2,0,2,1,0,17,3,40,0
1990,20,2,0,2,0,0,319,4,40,0
1990,21,1,0,2,0,0,379,6,43,0
1990,27,1,0,0,2,0,904,6,60,0
1990,30,2,0,0,1,0,769,1,40,0
1990,42,2,2,0,0,1,164,1,40,0
1990,50,2,2,0,0,0,435,3,40,0
1990,57,1,3,0,0,1,35,0,48,1
1990,18,1,1,0,1,0,475,0,40,0
1990,19,1,1,0,1,0,475,0,40,0
1990,33,1,3,0,1,0,475,0,40,0
1990,25,1,1,0,1,0,479,0,40,0
1990,29,1,3,0,1,0,475,0,40,0
1990,39,1,3,0,1,0,479,0,40,0
1990,53,1,3,0,1,0,479,0,40,0
1990,21,1,3,0,1,0,479,0,40,0
1990,20,1,1,0,0,0,579,1,40,0
1990,21,1,1,0,0,0,595,0,30,0
1990,55,2,3,0,0,1,276,3,40,0
1990,76,2,3,0,0,0,0,0,0,0
1990,35,1,1,0,0,0,514,4,0,0
1990,41,1,0,0,0,1,156,5,40,0
1990,30,2,0,3,0,1,95,5,32,0
1990,33,1,3,1,0,1,378,4,40,0
1990,64,1,2,3,0,1,628,1,0,0
1990,72,1,3,0,0,0,809,4,24,0
1990,33,1,0,0,0,0,453,4,50,0
1990,31,2,0,0,0,0,453,4,0,0
1990,35,2,2,0,0,1,22,5,40,0
1990,36,1,0,0,0,1,903,6,12,0
1990,30,2,0,0,0,1,27,5,50,0
1990,60,1,0,0,0,0,575,2,40,0
1990,49,2,0,3,3,0,0,0,0,0
1990,19,2,1,3,3,0,276,3,40,0
1990,25,2,1,3,3,0,463,2,40,0
1990,22,2,1,3,3,0,276,3,25,0
1990,38,1,0,0,0,0,17,3,60,1
1990,36,2,0,0,0,1,444,3,0,0
1990,63,1,0,0,0,0,259,3,0,0
1990,61,2,0,0,0,0,276,3,28,0
1990,23,1,0,0,0,1,904,6,40,0
1990,26,2,0,0,0,0,319,6,40,0
1990,61,2,3,0,0,0,313,4,25,0
1990,74,1,0,0,1,1,0,0,0,0
1990,66,2,0,0,0,1,14,5,40,0
1990,71,1,0,0,0,0,0,0,0,0
1990,68,2,0,0,0,0,0,0,0,0
1990,30,1,2,0,0,1,525,1,40,0
1990,30,2,1,0,0,1,276,3,60,0
1990,50,2,2,0,0,1,426,2,40,0
1990,27,1,2,0,0,1,276,3,40,0
1990,37,1,1,0,1,0,883,0,40,0
1990,25,1,0,2,1,0,785,1,40,0
1990,26,2,0,2,1,0,468,5,0,0
1990,27,2,2,0,0,1,308,6,40,0
1990,21,1,3,0,0,0,904,6,55,0
1990,24,1,3,0,0,0,226,6,40,0
1990,47,2,2,0,0,1,387,5,15,0
1990,28,1,1,0,0,1,423,6,60,0
1990,45,1,2,0,0,1,417,6,56,1
1990,44,2,2,0,0,1,185,4,40,0
1990,40,1,0,0,0,1,374,2,50,1
1990,41,2,0,0,0,0,0,0,0,0
1990,20,2,1,3,0,0,274,3,0,0
1990,19,1,1,3,0,0,563,0,8,0
1990,32,1,0,0,0,0,514,4,60,0
1990,29,2,0,0,0,0,278,1,40,0
1990,32,2,1,3,0,0,459,5,0,0
1990,49,1,0,0,0,0,243,3,60,0
1990,47,2,0,0,0,1,313,3,16,0
1990,19,1,1,0,0,1,877,3,40,0
1990,67,1,0,0,0,1,557,0,0,1
1990,65,2,0,0,0,1,313,0,0,1
1990,34,1,0,0,0,0,796,1,44,0
1990,39,2,0,0,0,0,486,1,44,0
1990,23,1,3,0,1,0,487,0,30,0
1990,24,1,1,0,1,0,203,5,40,0
1990,23,1,3,0,1,0,479,0,40,0
1990,42,1,0,0,0,1,228,2,60,0
1990,48,2,0,0,0,1,323,2,50,0
1990,26,2,1,0,0,0,319,5,40,0
1990,70,1,0,0,0,1,259,1,0,0
1990,69,2,0,0,0,1,186,5,30,0
1990,43,1,0,0,0,1,577,2,40,1
1990,42,2,0,0,0,1,666,4,10,0
1990,39,1,0,0,0,1,903,6,40,0
1990,41,2,0,0,0,0,313,6,40,0
1990,26,1,0,0,0,1,26,5,10,0
1990,61,2,0,0,0,1,26,5,35,0
1990,54,1,0,0,0,1,17,5,0,0
1990,42,2,0,3,3,1,449,5,40,0
1990,48,1,0,0,0,0,904,6,60,0
1990,47,2,0,0,0,0,0,0,0,0
1990,34,1,0,0,0,1,567,0,37,0
1990,39,2,0,0,0,0,877,3,0,0
1990,75,1,0,0,0,1,254,4,4,0
1990,71,2,0,0,0,1,0,0,0,0
1990,24,1,0,0,0,0,874,1,40,0
1990,26,2,0,0,0,1,458,4,0,0
1990,44,1,3,2,0,0,364,3,0,0
1990,27,1,0,2,1,0,436,3,50,0
1990,24,2,0,2,4,0,0,0,0,0
1990,25,1,1,2,1,0,364,5,40,0
1990,31,1,0,3,0,1,33,1,40,0
1990,29,2,0,2,0,0,0,0,0,0
1990,37,1,0,2,1,0,584,0,40,0
1990,38,2,0,2,0,1,466,5,0,0
1990,18,2,1,2,0,0,0,0,0,0
1990,50,1,0,0,1,0,785,1,40,0
1990,47,2,0,0,1,0,488,0,28,0
1990,24,1,0,0,1,0,804,4,40,0
1990,21,2,0,0,1,0,795,1,40,0
1990,23,1,0,0,0,1,855,0,40,0
1990,26,2,0,0,0,1,22,0,60,0
1990,80,1,0,0,0,0,567,0,0,0
1990,80,2,0,0,0,0,348,3,40,0
1990,73,2,2,0,0,0,0,0,0,0
1990,73,1,2,0,0,1,0,0,0,0
1990,55,1,0,0,0,0,0,0,0,0
1990,60,2,0,0,0,0,0,0,0,0
1990,28,1,1,0,0,1,804,2,45,0
1990,27,1,1,0,0,1,575,0,40,0
1990,68,2,2,0,0,1,339,5,0,0
1990,73,1,0,0,0,0,0,0,0,0
1990,71,2,0,0,0,0,276,3,24,0
1990,33,2,3,0,0,1,313,5,40,0
1990,38,1,0,0,0,1,266,3,55,1
1990,37,2,0,0,0,0,0,0,0,0
1990,30,1,0,0,0,0,378,4,43,0
1990,30,2,0,0,0,1,575,1,40,0
1990,25,1,1,0,1,0,274,3,35,0
1990,18,2,1,0,1,1,406,4,35,0
1990,79,2,3,0,0,0,0,0,0,0
1990,28,2,1,0,0,0,436,3,30,0
1990,41,1,0,0,1,0,668,4,50,0
1990,36,2,0,0,1,0,0,0,0,0
1990,34,1,0,0,0,1,575,0,50,1
1990,29,2,0,0,0,1,449,4,0,0
1990,43,2,2,0,0,1,95,5,40,0
1990,40,2,2,0,0,1,156,5,30,0
1990,32,1,0,0,0,1,308,4,40,0
1990,29,2,0,0,0,1,307,4,40,0
1990,26,1,0,0,0,1,363,0,42,0
1990,29,2,0,0,0,1,64,6,40,0
1990,32,1,0,0,0,1,22,3,50,1
1990,30,2,0,3,1,1,64,1,40,1
1990,55,2,2,0,1,0,436,5,40,0
1990,53,2,0,0,0,1,0,0,0,0
1990,63,1,0,0,0,1,13,3,40,1
1990,36,1,0,0,0,1,22,5,60,1
1990,36,2,0,0,0,1,22,4,0,0
1990,49,1,0,0,0,1,473,0,30,0
1990,44,2,0,0,0,1,337,0,40,0
1990,49,1,0,0,2,1,5,6,70,1
1990,56,2,0,0,2,1,186,5,0,0
1990,74,2,3,0,0,0,0,0,0,0
1990,48,1,0,0,0,1,84,5,54,1
1990,47,2,0,0,0,1,22,5,34,0
1990,41,2,0,0,0,1,22,5,40,0
1990,41,1,0,0,0,1,585,0,40,0
1990,80,2,2,0,0,1,156,5,40,0
1990,42,1,1,0,0,1,514,4,40,0
1990,21,1,1,2,1,0,479,0,48,0
1990,71,1,0,0,0,1,254,4,30,0
1990,53,2,0,0,0,1,254,4,50,1
1990,58,1,3,2,1,0,479,0,40,0
1990,26,1,1,2,1,0,479,0,40,0
1990,23,1,1,2,1,0,486,0,40,0
1990,31,1,1,2,1,0,859,1,40,0
1990,53,1,3,2,1,0,488,0,40,0
1990,76,1,0,0,0,0,0,0,0,0
1990,70,2,0,0,0,0,0,0,0,0
1990,36,1,0,2,1,0,453,1,50,0
1990,32,2,0,2,1,0,785,1,40,0
1990,18,1,1,2,1,0,869,0,40,0
1990,21,1,1,2,4,0,444,3,40,0
1990,19,1,1,2,4,0,276,3,40,0
1990,72,2,3,0,2,1,0,0,0,0
1990,25,1,1,0,0,0,883,0,30,0
1990,21,2,1,0,0,0,337,5,30,0
1990,70,1,0,0,0,1,0,0,0,0
1990,66,2,0,0,0,0,0,0,0,0
1990,31,1,0,0,0,0,904,6,42,0
1990,30,2,0,0,0,1,445,5,32,0
1990,40,1,0,0,0,1,579,6,40,0
1990,41,2,0,0,0,1,485,4,42,0
1990,28,1,0,0,0,0,599,0,37,0
1990,18,2,0,0,0,0,869,0,30,0
1990,76,1,0,0,2,0,579,0,0,0
1990,60,2,0,0,0,1,549,1,40,0
1990,28,1,0,0,0,0,508,6,40,0
1990,37,2,0,0,0,0,809,5,20,0
1990,77,2,3,0,0,0,0,0,0,0
1990,41,2,1,0,0,1,205,5,44,0
1990,43,1,0,0,0,0,266,3,45,1
1990,44,2,0,0,0,0,22,1,25,0
1990,19,2,1,0,0,1,379,5,40,0
1990,28,1,1,0,0,0,904,6,40,0
1990,45,1,2,0,0,1,156,5,55,1
1990,34,2,1,0,0,1,435,4,40,0
1990,40,1,0,0,0,1,628,1,50,0
1990,38,2,0,0,0,1,303,4,24,0
1990,27,1,3,3,3,1,23,6,0,0
1990,75,2,3,0,0,1,0,0,0,0
1990,33,1,0,0,0,1,357,3,14,0
1990,30,2,0,0,0,1,315,4,30,0
1990,60,1,0,0,0,0,0,0,0,0
1990,56,2,0,0,0,0,877,3,40,0
1990,47,1,0,0,0,0,243,3,60,1
1990,46,2,0,0,0,0,796,0,0,0
1990,77,2,0,0,0,1,0,0,0,0
1990,77,1,0,0,0,0,0,0,0,0
1990,72,2,0,0,0,1,0,0,0,0
1990,46,1,0,0,0,1,185,3,45,0
1990,40,2,0,0,0,1,185,4,45,0
1990,79,1,0,0,0,0,0,0,0,0
1990,69,2,0,0,0,0,0,0,0,0
1990,36,1,0,0,1,0,436,3,28,0
1990,38,2,0,0,1,0,207,5,40,0
1990,35,2,3,0,1,0,0,0,0,0
1990,54,1,0,0,0,1,243,3,60,1
1990,52,2,0,0,0,1,0,0,0,0
1990,24,2,1,0,0,1,558,0,40,0
1990,34,1,0,0,0,1,274,3,40,0
1990,32,2,0,0,0,0,443,5,0,0
1990,76,2,3,0,0,0,0,0,0,0
1990,30,1,2,0,0,0,505,3,43,0
1990,63,1,0,0,0,0,0,0,0,0
1990,67,2,0,0,0,1,0,0,0,0
1990,71,1,0,0,0,1,0,0,0,0
1990,69,2,0,0,0,1,0,0,0,0
1990,28,1,2,0,0,1,226,6,40,0
1990,44,2,0,0,0,1,156,5,40,1
1990,44,1,0,0,0,1,903,6,50,1
1990,63,2,2,3,3,0,447,5,12,0
1990,42,2,0,3,3,1,23,4,40,0
1990,51,1,0,0,0,1,486,0,40,0
1990,50,1,1,0,0,1,184,1,40,1
1990,76,1,0,3,3,0,0,0,0,0
1990,74,2,0,3,3,0,0,0,0,0
1990,31,2,1,0,0,1,33,4,40,0
1990,26,1,1,0,0,1,188,4,30,0
1990,23,1,1,0,0,1,59,6,30,0
1990,46,2,1,0,0,0,0,0,0,0
1990,47,1,3,0,0,1,64,1,40,1
1990,41,1,1,0,0,1,78,5,45,0
1990,32,1,0,1,0,1,13,1,50,0
1990,35,2,0,1,1,1,315,4,0,0
1990,46,1,2,0,0,1,785,1,40,0
1990,27,1,0,0,0,1,84,5,80,0
1990,29,2,0,0,0,1,83,5,80,1
1990,41,2,2,3,0,1,27,1,40,0
1990,56,1,2,0,0,1,23,5,40,1
1990,24,2,1,0,0,1,379,5,40,0
1990,32,1,2,0,0,0,385,1,40,0
1990,25,1,0,0,1,0,443,3,7,0
1990,28,2,0,0,1,0,683,1,40,0
1990,19,1,1,0,1,0,436,3,40,0
1990,23,1,1,0,1,0,443,3,40,0
1990,21,1,1,0,1,0,443,3,40,0
1990,20,1,1,0,1,0,443,3,40,0
1990,29,1,1,0,1,0,579,4,40,0
1990,45,2,2,0,0,1,22,4,50,0
1990,60,1,0,0,0,1,154,5,40,0
1990,42,2,0,0,0,1,154,5,48,0
1990,39,1,0,0,0,1,178,5,50,1
1990,39,2,0,0,0,1,7,5,30,0
1990,61,2,2,0,0,1,229,1,48,1
1990,63,1,0,0,0,1,547,1,48,0
1990,63,2,0,0,0,1,313,1,40,0
1990,57,1,0,0,0,1,22,1,40,1
1990,58,2,0,0,0,1,0,0,0,0
1990,29,1,1,0,0,1,7,1,50,0
1990,36,2,2,0,0,1,22,4,40,0
1990,54,1,0,0,0,1,22,1,55,1
1990,50,2,0,0,0,1,84,5,20,0
1990,23,2,1,0,0,1,313,5,14,0
1990,54,1,0,0,0,1,22,3,60,1
1990,47,2,0,0,0,1,95,5,0,0
1990,45,1,0,0,0,1,53,1,47,1
1990,41,2,0,3,3,1,385,3,40,0
1990,75,2,0,3,3,0,0,0,0,0
1990,75,1,0,3,3,1,22,1,0,1
1990,44,2,0,0,0,1,22,1,45,1
1990,47,1,0,0,0,1,319,1,40,0
1990,21,2,1,0,0,1,877,3,20,0
1990,32,1,2,0,0,1,23,5,40,1
1990,37,2,2,0,0,1,23,5,40,0
1990,58,1,0,0,2,1,22,1,45,1
1990,54,2,0,0,2,1,0,0,0,0
1990,41,2,0,3,3,1,15,5,20,1
1990,44,1,0,3,3,1,56,1,40,1
1990,74,2,3,3,0,1,154,5,0,0
1990,45,1,2,0,0,1,22,5,44,1
1990,40,2,2,0,0,1,0,0,0,0
1990,42,1,0,3,3,1,55,1,40,1
1990,41,2,0,3,3,0,683,1,0,0
1990,71,2,1,0,0,1,154,5,40,1
1990,36,2,3,1,0,1,163,5,40,0
1990,32,1,1,0,3,1,235,5,45,0
1990,52,1,0,0,0,1,22,1,55,1
1990,48,2,0,0,0,1,185,4,40,0
1990,73,1,0,0,0,1,0,0,0,0
1990,71,2,0,0,0,1,0,0,0,0
1990,76,2,0,0,0,1,375,4,20,0
1990,74,1,2,0,0,1,0,0,0,0
1990,20,2,0,0,0,1,164,1,28,0
1990,23,1,0,0,0,1,59,5,52,0
1990,67,1,0,3,0,0,55,5,0,0
1990,61,2,0,3,0,0,313,1,40,0
1990,31,1,0,0,0,1,178,2,40,1
1990,26,2,0,0,0,1,14,5,45,0
1990,76,1,0,0,0,1,0,0,0,0
1990,70,2,0,0,0,0,0,0,0,0
1990,58,1,0,0,0,1,26,5,30,1
1990,47,2,0,0,0,1,64,4,48,1
1990,68,1,0,0,3,1,259,3,40,0
1990,65,2,0,0,0,1,313,1,25,0
1990,50,1,0,0,0,1,156,5,60,0
1990,46,2,0,0,0,1,183,5,60,1
1990,41,2,2,0,0,0,445,5,45,0
1990,29,2,1,0,0,1,178,5,40,0
1990,55,2,2,0,0,1,174,5,50,0
1990,66,1,0,0,2,1,55,5,50,1
1990,62,2,0,0,2,1,14,5,40,1
1990,24,1,1,0,0,1,178,5,40,0
1990,20,1,1,0,3,0,426,5,4,0
1990,19,2,1,0,0,1,175,5,40,0
1990,20,2,1,3,0,1,319,5,40,0
1990,19,2,1,3,3,1,329,5,25,0
1990,29,1,0,3,3,1,59,5,0,0
1990,27,2,0,3,3,1,229,5,40,0
1990,32,2,0,0,0,1,154,5,25,0
1990,32,1,0,0,0,1,535,4,50,0
1990,19,1,1,3,0,0,385,5,20,0
1990,46,1,0,0,0,0,22,1,75,1
1990,35,2,0,0,0,1,22,1,40,0
1990,41,1,1,3,3,1,22,0,55,1
1990,34,2,1,0,0,1,22,3,50,0
1990,63,1,0,0,0,1,243,4,40,1
1990,58,2,0,0,0,1,337,5,0,0
1990,31,1,0,0,0,1,73,5,40,0
1990,34,2,0,0,0,1,73,1,40,0
1990,50,1,0,0,0,0,22,2,40,0
1990,45,2,0,0,0,1,156,5,60,0
1990,41,1,1,0,0,1,23,1,40,0
1990,39,1,1,0,0,0,364,1,40,0
1990,25,1,0,0,0,0,549,4,40,0
1990,28,2,0,3,0,1,13,1,40,0
1990,48,1,1,0,0,1,156,5,40,1
1990,36,1,1,0,0,1,458,4,60,0
1990,80,1,0,0,2,0,0,0,0,0
1990,78,2,0,0,0,1,0,0,0,0
1990,49,1,0,0,0,0,259,3,35,1
1990,46,2,0,3,3,1,274,3,40,0
1990,67,2,0,0,0,0,0,0,0,0
1990,66,1,0,0,0,1,65,1,40,1
1990,55,1,0,3,0,1,33,1,50,1
1990,54,2,0,3,0,1,327,3,40,0
1990,24,1,1,3,0,1,365,1,20,0
1990,22,1,1,3,0,1,364,3,20,0
1990,66,2,3,0,0,1,315,1,40,0
1990,37,2,1,0,0,1,27,1,40,0
1990,43,1,0,0,0,1,64,1,40,1
1990,42,2,0,0,0,1,0,0,0,0
1990,43,1,0,0,0,1,22,1,60,0
1990,35,2,0,0,0,0,156,5,12,0
1990,69,1,0,0,0,0,637,1,0,0
1990,63,2,0,0,0,0,0,0,0,0
1990,37,1,0,0,0,1,229,4,45,0
1990,38,2,0,0,0,1,27,1,50,0
1990,54,1,0,0,0,1,26,5,16,0
1990,54,2,0,0,0,1,386,4,40,0
1990,23,2,1,0,0,0,319,4,30,0
1990,19,2,1,0,0,0,435,3,20,0
1990,62,1,0,0,0,1,18,4,30,1
1990,58,2,0,0,0,0,0,0,0,0
1990,52,2,1,0,0,1,203,5,40,0
1990,33,2,1,0,0,1,184,1,40,0
1990,34,1,1,0,0,1,22,1,80,1
1990,53,2,2,0,0,0,376,1,40,0
1990,42,1,0,0,0,1,547,4,50,1
1990,40,2,0,0,0,0,313,4,0,0
1990,18,2,1,0,0,0,316,3,20,0
1990,40,1,2,0,0,1,308,1,50,0
1990,38,2,2,0,0,1,313,4,40,0
1990,35,2,1,0,0,1,229,4,38,0
1990,42,1,0,0,1,0,687,3,41,0
1990,27,2,0,0,1,0,0,0,0,0
1990,75,1,0,2,1,0,0,0,0,0
1990,68,2,0,2,1,0,777,1,0,0
1990,23,1,1,2,1,1,453,2,0,0
1990,36,1,2,0,0,0,536,4,40,0
1990,29,2,1,0,0,1,435,3,40,0
1990,46,1,0,0,0,1,56,5,40,1
1990,47,2,0,0,0,0,0,0,0,0
1990,20,1,1,0,0,0,877,3,30,0
1990,31,2,0,0,0,1,376,4,40,0
1990,33,1,0,0,0,1,259,1,50,0
1990,66,1,0,0,0,0,0,0,0,0
1990,73,2,0,0,0,0,0,0,0,0
1990,42,2,1,0,0,0,213,2,40,0
1990,65,1,0,3,0,0,804,1,0,0
1990,64,2,0,0,0,0,315,5,40,0
1990,39,1,0,3,3,1,213,1,40,0
1990,37,2,0,3,3,1,0,0,0,0
1990,29,1,1,0,0,1,226,6,40,0
1990,44,2,1,0,0,1,156,5,60,0
1990,32,2,1,0,0,1,13,2,40,0
1990,24,1,0,0,0,0,508,6,40,0
1990,23,2,0,0,0,1,467,5,20,0
1990,29,1,0,0,0,1,229,1,45,1
1990,28,2,0,0,0,1,22,1,42,1
1990,40,1,0,0,1,0,486,0,40,0
1990,41,2,0,0,1,0,0,0,0,0
1990,35,1,1,0,1,0,0,0,0,0
1990,27,1,0,0,0,1,57,1,50,0
1990,27,2,0,0,0,1,174,6,50,0
1990,27,1,1,0,0,0,0,0,0,0
1990,27,1,0,3,3,1,55,1,40,1
1990,28,2,0,3,3,1,229,1,40,0
1990,34,1,0,0,0,0,634,1,40,0
1990,31,2,0,0,0,1,303,1,40,0
1990,29,2,3,0,0,1,22,0,40,0
1990,68,2,3,0,2,0,449,5,0,0
1990,44,1,2,3,0,1,22,1,45,1
1990,40,2,1,0,4,0,469,5,40,0
1990,18,1,1,0,0,1,14,5,10,0
1990,62,1,0,0,0,0,518,1,60,1
1990,60,2,0,0,0,0,0,0,0,0
1990,33,2,3,0,0,1,276,3,25,0
1990,33,2,1,0,0,1,337,1,40,0
1990,35,1,0,0,2,0,637,1,40,0
1990,33,2,0,0,0,0,447,5,32,0
1990,64,2,3,0,0,0,313,4,37,0
1990,31,2,1,0,0,0,319,4,40,0
1990,26,2,1,0,2,1,55,1,50,0
1990,32,1,1,0,0,1,23,1,50,1
1990,30,2,1,0,0,1,445,5,7,0
1990,22,2,1,0,0,1,259,1,48,0
1990,28,1,1,0,0,1,25,4,60,0
1990,33,1,0,0,0,1,185,5,60,0
1990,30,2,0,0,0,1,235,4,40,0
1990,30,2,1,1,0,0,354,2,40,0
1990,64,1,2,1,0,0,888,1,40,0
1990,34,1,1,1,0,0,364,1,40,0
1990,56,2,2,0,0,1,157,5,35,0
1990,24,2,0,0,0,1,64,1,40,0
1990,24,1,0,0,0,1,56,1,40,0
1990,40,2,1,3,3,1,33,1,40,0
1990,64,1,1,0,0,1,0,0,0,0
1990,37,2,3,0,0,0,736,1,45,0
1990,20,1,1,0,0,1,337,4,30,0
1990,20,2,1,0,0,1,383,4,17,0
1990,37,2,1,0,0,1,27,1,40,0
1990,24,1,0,2,0,1,365,2,40,0
1990,21,2,0,2,0,0,0,0,0,0
1990,33,1,0,0,0,1,255,4,45,1
1990,29,2,0,0,0,1,95,5,26,0
1990,68,2,3,0,0,0,0,0,0,0
1990,37,1,2,3,0,0,628,1,50,0
1990,50,1,3,3,0,1,229,3,40,1
1990,47,1,0,0,0,1,229,1,45,1
1990,47,2,0,0,0,1,243,3,32,0
1990,33,1,0,0,0,0,507,4,40,0
1990,31,2,0,0,0,0,445,5,37,0
1990,44,2,2,0,0,1,8,3,40,0
1990,23,1,1,3,3,1,64,1,40,0
1990,26,1,1,3,3,1,64,1,40,0
1990,26,1,1,3,3,1,64,1,40,1
1990,26,1,1,3,3,1,59,5,0,0
1990,76,1,0,0,0,1,0,0,0,0
1990,69,2,0,0,0,1,0,0,0,0
1990,60,1,0,0,0,1,55,5,40,0
1990,60,2,0,0,0,0,345,1,40,0
1990,30,1,1,0,0,0,235,1,40,0
1990,31,2,3,0,0,1,159,2,40,0
1990,40,2,1,0,2,1,677,3,40,0
1990,22,1,1,1,1,0,364,1,40,0
1990,47,1,0,3,3,1,355,2,40,0
1990,33,2,0,3,3,1,73,1,40,0
1990,63,2,3,3,3,1,0,0,0,0
1990,29,2,3,0,0,1,259,3,40,0
1990,35,1,0,0,0,1,23,5,40,1
1990,35,2,0,0,1,1,319,5,30,0
1990,26,1,1,0,0,1,375,4,45,0
1990,23,2,1,0,0,1,375,4,40,0
1990,37,1,0,2,0,0,0,0,0,0
1990,36,2,0,2,0,1,348,2,40,0
1990,54,1,0,0,0,1,274,3,45,1
1990,44,2,0,0,0,1,0,0,0,0
1990,25,2,1,0,0,1,785,1,45,0
1990,44,1,0,0,0,0,268,3,65,1
1990,38,2,0,0,0,1,268,3,50,0
1990,68,1,0,0,0,0,18,4,20,0
1990,70,2,0,0,0,0,0,0,0,0
1990,18,1,1,0,0,1,426,4,40,0
1990,50,2,0,0,0,1,243,3,62,0
1990,55,1,0,0,0,1,243,3,62,0
1990,28,1,1,0,0,0,804,2,50,0
1990,19,2,1,0,0,0,319,6,30,0
1990,40,2,2,0,0,1,7,1,55,1
1990,31,1,1,0,0,1,23,5,50,0
1990,35,1,0,0,0,1,59,1,40,0
1990,32,2,0,0,1,0,779,1,40,0
1990,46,1,0,0,0,1,159,5,40,1
1990,44,2,0,0,0,0,458,4,40,0
1990,30,1,1,0,0,0,21,5,20,0
1990,33,1,2,0,0,1,213,1,55,0
1990,32,2,1,3,3,1,95,5,45,0
1990,57,1,0,0,0,0,0,0,0,0
1990,54,2,0,0,2,1,95,5,32,0
1990,32,1,0,3,3,1,229,1,40,0
1990,29,2,0,3,3,1,387,5,4,0
1990,41,1,0,0,0,1,44,1,40,1
1990,41,2,0,0,0,1,185,4,20,0
1990,55,1,1,3,3,1,453,3,31,0
1990,40,1,0,3,3,1,243,3,40,0
1990,37,2,0,3,3,1,313,1,40,0
1990,19,1,1,3,3,0,0,0,0,0
1990,29,1,0,0,0,0,657,1,40,0
1990,32,2,0,0,0,0,25,4,40,0
1990,39,2,1,1,0,1,235,1,40,0
1990,64,1,0,2,0,0,579,0,0,0
1990,65,2,0,2,0,0,379,5,15,0
1990,33,1,1,2,4,1,363,1,40,0
1990,27,2,1,2,4,1,365,3,0,0
1990,61,1,0,0,0,1,23,3,50,0
1990,57,2,0,0,0,1,0,0,0,0
1990,31,2,1,0,0,1,385,1,40,0
1990,39,1,0,0,0,1,197,1,47,0
1990,34,2,0,0,0,1,0,0,0,0
1990,34,1,0,3,3,1,785,1,40,0
1990,26,2,0,3,3,1,683,1,40,0
1990,29,1,0,2,1,1,166,1,45,1
1990,34,2,0,2,1,1,175,5,0,0
1990,26,1,1,2,1,1,308,4,50,0
1990,30,2,2,3,3,1,235,1,40,0
1990,27,2,1,3,3,1,689,1,40,0
1990,34,1,0,3,3,1,189,4,60,1
1990,35,2,0,0,0,1,259,1,40,1
1990,38,1,0,3,3,1,22,1,40,1
1990,35,2,0,3,3,1,178,5,20,0
1990,36,1,1,3,3,1,178,5,0,0
1990,29,2,0,0,0,0,0,0,0,0
1990,28,1,0,0,0,0,628,1,40,0
1990,47,1,0,0,2,0,364,3,45,0
1990,45,2,0,0,0,0,0,0,0,0
1990,20,1,1,0,0,0,877,1,40,0
1990,31,1,1,0,0,0,505,4,0,0
1990,33,1,3,3,3,0,785,1,0,0
1990,26,1,1,3,3,1,435,3,99,0
1990,26,2,1,3,3,0,0,0,0,0
1990,39,1,0,3,3,0,0,0,0,0
1990,37,2,0,3,3,0,0,0,0,0
1990,23,1,1,3,3,0,444,3,90,0
1990,35,1,0,2,0,1,549,0,80,1
1990,32,2,0,0,0,1,27,5,40,0
1990,71,2,1,0,0,0,0,0,0,0
1990,62,1,0,3,0,0,785,3,0,0
1990,59,2,0,2,0,0,799,1,0,0
1990,31,2,2,3,0,1,0,0,0,0
1990,39,1,1,2,0,0,595,0,0,0
1990,30,1,0,3,0,1,575,0,8,0
1990,30,1,0,0,0,1,276,3,0,0
1990,46,2,2,0,0,1,379,1,40,0
1990,37,1,0,3,3,1,754,1,15,1
1990,33,2,0,3,3,1,689,1,40,0
1990,40,1,0,1,0,1,17,4,40,1
1990,40,2,0,1,0,1,64,2,40,0
1990,42,1,1,0,0,1,59,1,40,0
1990,48,1,3,3,3,0,458,4,40,0
1990,41,2,3,3,3,0,458,4,40,0
1990,24,1,1,3,3,0,0,0,0,0
1990,19,1,1,3,3,0,0,0,0,0
1990,36,1,0,0,0,1,177,5,50,0
1990,38,2,0,0,0,1,379,5,10,0
1990,35,1,0,0,0,1,683,1,45,0
1990,38,2,0,0,0,1,13,1,40,0
1990,76,2,3,0,0,0,0,0,0,0
1990,42,1,0,0,0,1,44,1,40,1
1990,41,2,0,0,0,0,22,4,40,0
1990,38,1,2,0,0,0,434,5,32,0
1990,43,1,1,0,0,1,234,5,25,0
1990,57,1,0,2,1,0,486,5,40,0
1990,46,2,0,2,1,0,0,0,0,0
1990,39,1,0,2,0,0,869,0,40,0
1990,37,2,0,2,0,0,315,6,40,0
1990,43,1,0,0,1,0,779,1,40,0
1990,23,2,1,0,1,0,436,3,40,0
1990,43,2,3,0,1,0,777,1,40,0
1990,41,1,0,1,0,1,355,2,40,0
1990,38,2,0,0,1,1,469,5,22,0
1990,57,1,0,0,0,0,0,0,0,0
1990,51,2,0,0,0,0,779,1,36,0
1990,27,2,1,0,0,0,313,1,40,0
1990,47,1,0,0,0,0,486,5,40,0
1990,43,2,0,2,1,0,0,0,0,0
1990,25,1,0,0,1,0,213,3,25,0
1990,25,2,0,0,1,0,458,4,15,0
1990,31,1,0,0,2,0,579,0,40,0
1990,25,2,0,0,2,0,318,2,40,0
1990,27,1,0,0,0,0,436,3,35,0
1990,29,2,0,3,0,0,276,3,0,0
1990,30,1,1,2,1,0,595,0,40,0
1990,35,2,1,2,1,0,453,4,40,0
1990,38,1,0,2,1,0,453,5,40,0
1990,34,2,0,2,1,0,0,0,0,0
1990,35,1,0,0,1,0,889,1,40,0
1990,33,2,0,0,1,0,453,4,32,0
1990,68,2,3,0,1,0,0,0,0,0
1990,22,2,1,0,1,0,453,4,40,0
1990,50,1,0,0,1,0,856,1,40,0
1990,45,2,0,0,1,0,467,5,40,0
1990,22,1,1,0,1,0,33,1,40,0
1990,20,2,1,0,1,0,467,5,0,0
1990,18,1,1,0,1,0,869,0,40,0
1990,42,1,0,0,0,1,178,5,50,0
1990,45,2,0,0,0,1,234,2,40,0
1990,30,1,0,3,3,1,59,1,45,0
1990,29,2,0,3,3,1,436,5,0,0
1990,39,1,0,2,0,0,364,1,40,0
1990,37,2,0,2,0,0,258,1,40,0
1990,21,1,3,2,0,1,207,5,40,0
1990,21,2,3,2,0,0,337,4,40,0
1990,43,1,1,0,0,1,0,0,0,0
1990,57,1,0,0,0,0,558,0,40,0
1990,59,2,0,0,0,0,0,0,0,0
1990,32,1,0,2,1,0,486,0,40,0
1990,31,2,0,2,0,0,0,0,0,0
1990,38,1,1,3,3,0,683,1,40,0
1990,34,1,0,0,0,1,55,1,42,0
1990,33,2,0,0,0,1,466,5,50,0
1990,49,1,1,0,1,0,453,4,40,0
1990,22,1,1,0,1,0,453,4,40,0
1990,21,1,1,0,1,0,869,0,40,0
1990,26,2,1,0,1,0,0,0,0,0
1990,18,2,1,0,1,0,777,1,40,0
1990,49,2,1,0,1,0,453,4,40,0
1990,27,1,1,0,4,0,869,0,0,0
1990,53,1,0,0,2,0,439,3,40,0
1990,53,2,0,0,2,0,796,1,40,0
1990,72,1,0,0,0,1,804,1,5,0
1990,69,2,0,0,0,1,0,0,0,0
1990,41,1,2,0,0,1,518,1,40,0
1990,74,1,0,3,0,1,18,4,40,0
1990,69,2,0,3,0,1,0,0,0,0
1990,29,1,1,3,0,1,797,1,40,0
1990,47,1,0,0,0,1,343,1,40,1
1990,40,2,0,0,0,0,373,3,48,0
1990,74,2,3,0,0,1,0,0,0,0
1990,36,2,0,0,0,1,229,3,40,0
1990,28,1,0,0,0,0,869,0,50,0
1990,67,1,0,3,3,0,0,0,0,0
1990,60,2,0,3,3,0,888,1,37,0
1990,44,1,0,0,0,1,508,2,40,0
1990,42,2,0,0,0,1,57,1,40,1
1990,22,2,1,0,0,1,348,1,40,0
1990,62,1,0,0,0,1,254,4,40,1
1990,47,2,0,0,2,1,95,5,27,0
1990,77,2,3,0,0,1,889,5,0,0
1990,34,1,1,0,0,1,95,5,40,0
1990,45,2,0,0,0,0,243,3,25,0
1990,51,1,0,0,0,0,637,1,40,0
1990,20,2,1,0,0,1,313,6,40,0
1990,66,2,2,0,0,0,475,0,10,0
1990,48,1,0,0,0,1,243,3,48,1
1990,48,2,0,0,0,0,0,0,0,0
1990,22,1,1,0,0,0,885,3,40,0
1990,22,1,1,0,0,0,885,3,40,0
1990,49,1,0,0,0,1,243,3,60,0
1990,49,2,0,0,0,1,0,0,0,0
1990,28,1,0,0,0,1,53,0,60,0
1990,26,2,0,0,0,1,337,3,36,0
1990,51,2,2,0,0,0,447,5,40,0
1990,25,1,1,0,0,0,274,3,40,0
1990,26,2,2,0,0,0,185,1,0,0
1990,51,1,0,0,0,1,85,5,20,0
1990,28,2,0,0,0,1,85,5,20,0
1990,55,1,0,2,1,0,869,0,40,1
1990,60,2,0,2,1,0,488,0,40,0
1990,26,2,1,2,1,1,37,5,40,0
1990,23,1,1,2,1,1,877,3,49,0
1990,22,2,1,2,1,1,877,3,40,0
1990,45,1,3,2,0,0,779,1,40,0
1990,21,2,1,2,1,1,458,3,40,0
1990,24,2,1,2,1,1,337,1,40,0
1990,26,1,1,2,1,1,579,0,40,0
1990,37,1,2,0,0,0,479,0,0,0
1990,38,1,0,0,0,1,423,6,40,0
1990,32,2,0,0,0,1,243,3,40,0
1990,74,1,0,3,0,0,489,3,40,0
1990,71,2,0,3,0,0,488,3,22,0
1990,50,1,0,0,1,1,185,5,40,0
1990,41,2,0,0,0,1,466,5,0,0
1990,30,1,2,2,1,0,889,3,40,0
1990,23,1,1,2,1,0,567,3,40,0
1990,58,1,0,0,0,0,22,4,0,0
1990,60,2,0,0,0,0,313,0,35,0
1990,65,1,0,0,0,1,86,0,0,0
1990,57,2,0,0,0,1,0,0,0,0
1990,37,1,1,0,0,1,575,4,60,0
1990,47,1,0,0,0,1,25,4,40,0
1990,46,2,0,0,0,1,379,4,22,0
1990,34,1,0,0,0,1,243,3,45,1
1990,36,2,0,0,0,1,157,5,60,0
1990,38,1,0,0,0,1,628,1,40,1
1990,35,2,0,0,0,1,313,5,40,0
1990,57,1,0,2,0,0,637,1,40,0
1990,55,2,0,2,0,0,488,0,40,0
1990,37,1,0,2,1,0,484,0,40,0
1990,29,2,0,2,1,0,479,0,0,0
1990,25,1,1,2,1,0,479,0,40,0
1990,33,2,1,0,0,0,363,1,40,0
1990,37,1,0,0,0,1,56,1,50,0
1990,40,2,0,0,0,1,458,4,0,0
1990,75,2,3,0,0,0,0,0,0,0
1990,38,1,2,0,0,0,804,2,60,0
1990,53,1,0,0,0,1,44,1,40,1
1990,50,2,0,0,0,1,95,5,32,0
1990,21,2,1,0,0,1,379,5,25,0
1990,30,1,0,0,0,0,579,0,16,0
1990,27,2,0,0,0,0,446,5,40,0
1990,30,2,1,0,0,1,363,1,45,0
1990,28,1,0,0,0,1,176,5,30,0
1990,25,2,0,0,0,1,264,3,20,0
1990,36,1,0,0,0,1,33,1,40,0
1990,35,2,0,0,0,1,33,1,40,0
1990,43,2,2,0,0,0,22,5,45,0
1990,49,1,2,0,0,1,26,5,50,0
1990,25,2,1,0,0,1,64,1,40,1
1990,68,1,0,0,2,0,0,0,0,0
1990,39,2,2,0,0,1,377,5,50,0
1990,65,1,0,0,0,0,44,1,0,0
1990,59,2,0,0,0,0,0,0,0,0
1990,22,2,0,0,0,1,17,3,40,0
1990,20,1,0,0,1,1,17,3,40,0
1990,67,1,1,3,0,0,0,0,0,0
1990,33,1,1,0,0,1,33,1,45,0
1990,28,2,2,0,0,1,25,4,40,0
1990,23,1,1,2,1,0,447,5,30,0
1990,20,1,1,2,1,0,276,1,40,0
1990,23,1,1,2,1,0,426,4,32,0
1990,64,1,0,3,0,1,23,1,40,0
1990,44,2,0,0,0,0,319,3,40,0
1990,42,2,2,2,0,1,305,1,40,0
1990,47,1,2,2,0,0,754,1,0,0
1990,35,1,1,2,1,0,889,4,80,0
1990,38,2,2,2,1,1,379,6,40,0
1990,68,1,0,0,0,0,37,1,0,0
1990,68,2,0,0,0,1,0,0,0,0
1990,55,1,0,0,0,0,243,3,60,0
1990,56,2,0,0,0,0,313,2,40,0
1990,55,2,2,0,0,0,22,3,40,0
1990,29,1,1,0,0,1,64,1,40,1
1990,31,2,1,0,0,1,185,1,52,0
1990,32,2,2,0,0,1,22,1,60,0
1990,47,1,0,0,0,1,188,1,40,1
1990,42,2,0,0,0,0,308,6,0,0
1990,20,1,1,0,0,0,0,0,0,0
1990,19,1,1,0,0,0,0,0,0,0
1990,56,1,0,3,3,1,433,3,40,0
1990,53,2,0,3,3,0,436,3,60,0
1990,24,2,1,3,3,1,274,3,24,0
1990,42,1,0,0,0,0,628,1,40,0
1990,38,2,0,0,0,0,376,1,40,0
1990,39,2,1,0,0,1,407,4,10,0
1990,34,2,1,0,0,1,389,4,45,0
1990,42,2,2,0,0,1,376,3,40,0
1990,63,1,0,0,0,1,0,0,0,0
1990,64,2,0,0,0,0,0,0,0,0
1990,65,1,0,1,0,1,387,5,39,0
1990,64,2,0,1,0,1,0,0,0,0
1990,58,1,0,0,0,1,22,4,45,1
1990,57,2,0,0,0,1,754,1,48,0
1990,46,1,0,0,2,1,376,1,40,1
1990,41,2,0,0,0,0,313,5,17,0
1990,54,1,0,0,0,1,164,5,35,1
1990,42,2,0,0,0,1,164,5,35,0
1990,54,1,0,0,2,0,22,1,60,0
1990,49,2,0,0,0,1,243,3,40,0
1990,57,1,2,0,0,1,549,4,30,0
1990,46,2,2,0,0,0,37,1,35,0
1990,57,1,0,0,0,1,628,1,40,1
1990,53,2,0,0,0,1,22,1,40,1
1990,66,1,0,0,0,1,22,1,0,0
1990,58,2,0,0,0,0,303,5,45,0
1990,47,1,0,0,0,1,95,5,40,0
1990,39,2,0,0,0,1,27,5,40,0
1990,66,1,0,0,0,0,357,2,0,0
1990,60,2,0,0,0,1,95,5,0,0
1990,75,1,0,0,0,1,178,5,30,1
1990,70,2,0,0,0,1,154,5,0,0
1990,43,2,3,0,0,1,22,1,40,0
1990,26,2,1,0,0,1,264,3,40,0
1990,27,1,1,0,0,1,243,3,53,1
1990,67,2,3,0,0,0,407,4,3,0
1990,32,1,1,0,0,1,64,2,40,1
1990,34,1,2,0,0,1,434,3,40,0
1990,19,2,1,0,0,0,435,3,20,0
1990,37,1,0,0,0,1,64,1,40,0
1990,43,2,0,0,0,1,389,1,40,0
1990,43,1,0,0,0,1,22,0,40,1
1990,42,2,0,0,0,1,18,4,40,0
1990,36,1,0,0,0,1,21,5,52,1
1990,30,2,0,0,0,1,159,5,45,1
1990,37,1,0,0,0,1,22,1,60,1
1990,32,2,0,0,0,1,154,5,20,0
1990,59,1,0,0,0,1,22,1,45,1
1990,57,2,0,0,0,1,0,0,0,0
1990,28,2,1,0,0,1,313,0,40,0
1990,21,1,1,0,0,1,889,1,40,0
1990,38,2,3,0,0,1,364,2,30,0
1990,58,1,0,0,0,0,263,3,63,0
1990,54,2,0,0,0,1,379,5,15,0
1990,21,2,1,0,0,1,276,3,25,0
1990,41,1,0,0,0,1,22,4,50,1
1990,32,2,0,0,0,1,103,5,40,0
1990,38,1,0,3,3,1,22,4,45,1
1990,38,2,0,3,3,1,628,1,40,1
1990,73,1,0,0,0,0,0,0,0,0
1990,67,2,0,0,0,0,0,0,0,0
1990,32,1,0,0,0,1,178,5,60,1
1990,29,2,0,0,0,1,234,1,50,0
1990,35,1,0,3,3,1,22,1,45,1
1990,37,2,0,3,3,0,628,1,40,1
1990,31,1,0,3,0,1,64,1,55,1
1990,36,2,0,3,3,1,64,1,40,1
1990,64,2,3,3,3,0,0,0,0,0
1990,74,2,3,0,2,1,0,0,0,0
1990,30,1,1,2,1,1,33,1,40,0
1990,36,2,2,2,4,1,259,3,50,0
1990,36,2,2,2,4,1,319,5,40,0
1990,44,1,0,0,0,0,243,3,45,1
1990,43,2,0,0,0,1,276,3,0,0
1990,19,2,1,0,0,0,308,4,0,0
1990,31,1,0,3,3,1,59,3,40,0
1990,30,2,0,3,3,1,0,0,0,0
1990,28,1,1,0,0,1,64,1,60,1
1990,44,1,0,3,0,1,156,5,60,0
1990,43,2,0,3,0,1,156,5,43,0
1990,50,1,0,0,0,1,22,1,46,0
1990,50,2,0,0,0,1,313,1,40,0
1990,53,1,0,0,0,1,213,2,48,1
1990,53,2,0,0,0,1,339,3,30,0
1990,39,1,0,0,2,1,69,5,40,1
1990,32,2,0,0,2,1,84,5,48,0
1990,32,1,0,3,3,1,34,4,40,1
1990,31,2,0,3,3,1,23,5,8,0
1990,27,1,1,3,0,0,434,5,40,0
1990,29,1,3,3,0,1,434,3,50,0
1990,24,2,1,0,0,0,268,3,40,0
1990,30,1,3,1,0,1,17,3,40,0
1990,48,1,0,0,0,0,22,1,40,0
1990,47,2,0,0,0,0,15,5,40,0
1990,31,1,3,0,0,0,0,0,0,0
1990,40,1,1,3,3,1,436,3,40,0
1990,26,1,1,0,0,1,13,1,60,0
1990,50,1,2,0,1,0,779,1,40,0
1990,34,1,0,0,2,0,453,5,45,1
1990,29,2,0,0,2,0,779,1,0,0
1990,64,2,0,0,2,0,453,1,40,0
1990,61,2,0,0,2,0,0,0,0,0
1990,33,1,0,3,0,1,235,1,40,0
1990,33,2,0,3,0,1,185,3,40,0
1990,58,1,0,0,0,0,869,0,50,1
1990,57,2,0,0,0,0,337,0,30,0
1990,25,1,0,0,0,1,785,1,45,0
1990,27,2,0,0,0,1,103,5,40,0
1990,39,1,1,0,0,1,254,4,0,0
1990,20,2,1,0,0,0,435,3,40,0
1990,18,2,1,0,0,1,365,3,28,0
1990,76,1,0,1,0,0,0,0,0,0
1990,72,2,0,1,0,1,0,0,0,0
1990,37,2,3,1,0,1,319,1,44,0
1990,39,1,1,2,0,0,505,3,40,0
1990,49,2,2,2,1,0,467,5,40,0
1990,22,2,1,0,0,1,313,0,20,0
1990,21,2,1,3,0,1,469,4,40,0
1990,31,2,0,0,0,1,13,1,50,1
1990,39,1,0,0,0,1,25,4,35,0
1990,30,1,1,0,0,1,856,0,45,0
1990,75,2,3,0,0,1,0,0,0,0
1990,23,1,1,3,3,0,0,0,0,0
1990,32,1,1,0,3,1,174,5,48,0
1990,23,2,1,0,0,1,313,4,30,0
1990,37,2,3,3,3,0,0,0,0,0
1990,69,2,2,0,0,0,0,0,0,0
1990,20,1,1,0,0,0,708,1,40,0
1990,45,2,2,0,0,0,796,1,40,0
1990,25,1,1,0,0,0,33,1,40,0
1990,35,1,2,0,0,1,434,3,45,0
1990,43,1,2,0,0,1,243,3,48,0
1990,40,2,2,3,0,1,156,5,40,0
1990,20,1,1,3,0,1,175,5,35,0
1990,77,1,0,0,0,0,844,0,40,0
1990,74,2,0,0,0,0,0,0,0,0
1990,32,1,1,2,0,1,23,1,40,0
1990,64,1,0,0,0,0,0,0,0,0
1990,58,2,0,0,0,0,313,4,40,0
1990,24,2,1,0,0,0,379,3,23,0
1990,26,2,1,0,0,0,434,3,20,0
1990,68,1,0,0,0,0,426,4,20,0
1990,62,2,0,0,1,0,799,1,40,0
1990,25,1,1,0,0,1,348,2,60,0
1990,19,2,1,0,0,1,387,5,20,0
1990,23,1,1,0,0,1,523,6,40,0
1990,44,2,2,0,0,0,435,3,30,0
1990,23,1,1,0,0,0,567,0,40,0
1990,44,1,0,0,0,1,455,4,45,1
1990,44,2,0,0,0,0,13,1,38,0
1990,30,2,1,0,0,1,95,5,24,0
1990,63,2,2,3,3,0,274,3,0,0
1990,62,2,2,1,0,1,95,5,40,0
1990,44,1,2,1,0,1,213,1,40,0
1990,59,1,2,0,0,1,13,1,0,0
1990,32,2,2,1,0,1,389,2,40,0
1990,31,1,1,0,0,1,229,1,50,1
1990,31,1,1,0,0,0,259,3,40,0
1990,27,2,1,0,0,1,259,3,40,0
1990,41,1,0,0,0,1,13,1,50,1
1990,34,2,0,0,0,1,156,5,40,0
1990,62,1,0,0,0,1,176,5,60,1
1990,59,2,0,0,0,1,0,0,0,0
1990,78,2,0,0,0,0,0,0,0,0
1990,30,1,1,0,0,1,59,1,50,0
1990,29,2,1,0,0,1,104,5,40,0
1990,61,1,0,0,0,0,18,4,0,1
1990,53,2,0,0,0,0,337,4,0,1
1990,77,2,3,0,2,0,0,0,0,0
1990,40,2,1,0,0,1,259,1,30,0
1990,23,2,1,0,0,1,17,3,54,0
1990,51,1,3,2,1,0,453,5,40,0
1990,25,1,1,2,1,1,804,3,40,0
1990,23,1,1,2,1,1,188,3,40,0
1990,27,2,1,2,1,0,406,4,40,0
1990,44,2,3,0,0,1,313,5,40,0
1990,20,1,1,0,0,1,379,4,40,0
1990,40,1,0,0,0,1,253,4,40,0
1990,40,2,0,0,0,1,0,0,0,0
1990,19,1,1,0,0,0,804,4,0,0
1990,21,2,1,0,0,1,376,4,0,0
1990,72,1,3,0,0,0,0,0,0,0
1990,32,1,0,3,0,1,43,5,40,0
1990,29,2,0,3,0,1,15,5,24,0
1990,24,1,0,0,0,1,566,3,40,0
1990,24,2,0,0,0,0,688,3,0,0
1990,64,1,0,0,0,1,22,4,35,0
1990,59,2,0,0,0,1,0,0,0,0
1990,64,1,0,0,0,0,653,0,40,1
1990,67,2,0,0,0,0,0,0,0,0
1990,66,2,3,0,0,0,425,6,20,0
1990,28,1,1,0,0,1,549,1,35,0
1990,43,2,2,3,4,0,447,5,40,0
1990,20,2,1,3,0,0,15,5,0,0
1990,18,1,1,3,0,0,0,0,0,0
1990,47,1,0,0,0,1,259,3,0,0
1990,35,2,0,0,0,1,195,5,40,0
1990,63,2,0,0,0,0,264,3,37,0
1990,39,2,1,2,1,0,453,4,40,0
1990,18,1,1,2,1,1,159,5,40,0
1990,23,1,1,1,0,1,257,4,35,0
1990,24,1,1,0,0,1,259,1,40,0
1990,36,1,0,3,3,1,779,1,56,0
1990,25,2,0,3,3,1,0,0,0,0
1990,22,1,1,3,0,0,563,0,40,0
1990,22,2,1,3,3,0,0,0,0,0
1990,33,2,2,2,0,0,375,4,40,0
1990,57,1,2,1,0,1,426,3,40,0
1990,44,1,1,1,0,1,909,6,0,0
1990,31,1,1,0,0,1,53,0,45,1
1990,34,1,1,0,0,0,804,0,40,0
1990,67,2,3,0,0,0,283,5,0,0
1990,60,2,3,0,0,1,254,4,40,0
1990,26,1,1,0,0,0,0,0,0,0
1990,51,1,0,3,3,1,234,5,50,0
1990,38,2,0,3,3,0,909,6,0,0
1990,45,2,0,3,3,1,185,1,50,1
1990,48,1,0,3,3,1,637,1,40,0
1990,21,2,1,3,3,1,216,1,0,0
1990,70,2,3,3,3,0,0,0,0,0
1990,57,1,0,3,3,0,0,0,0,0
1990,55,2,0,3,3,0,0,0,0,0
1990,20,1,1,3,3,1,0,0,0,0
1990,18,2,1,3,3,0,0,0,0,0
1990,42,1,1,0,0,1,808,2,40,0
1990,23,2,1,3,3,1,154,5,8,0
1990,36,1,1,3,3,1,243,3,40,0
1990,49,1,3,3,3,1,229,3,0,0
1990,47,2,1,3,3,0,315,6,40,0
1990,70,1,0,3,0,0,453,1,40,0
1990,50,2,0,2,0,0,628,1,40,0
1990,30,2,1,3,0,0,796,1,40,0
1990,20,2,1,3,0,0,467,5,30,0
1990,25,1,2,0,3,1,376,4,43,0
1990,28,1,0,0,0,1,785,3,42,0
1990,27,2,0,0,0,1,23,1,40,0
1990,56,1,0,3,3,1,235,1,40,0
1990,28,2,0,3,3,0,337,4,45,0
1990,39,2,1,0,0,1,0,0,0,0
1990,36,1,1,0,4,1,226,2,40,1
1990,26,2,1,0,0,1,259,1,40,0
1990,37,2,1,0,0,1,379,4,40,0
1990,61,1,0,0,0,1,174,5,0,0
1990,57,2,0,0,2,0,379,5,40,0
1990,35,1,0,0,0,1,73,1,40,0
1990,30,2,0,3,0,1,318,2,20,0
1990,38,1,0,0,0,1,307,1,99,1
1990,36,2,0,0,0,0,185,0,24,0
1990,30,1,0,3,3,1,355,2,40,0
1990,32,2,0,3,3,1,363,1,40,0
1990,29,2,0,0,0,0,734,1,40,0
1990,29,1,0,0,0,0,779,1,40,0
1990,42,1,0,2,1,1,22,1,40,1
1990,34,2,0,2,1,0,468,5,7,0
1990,61,1,0,0,0,0,675,1,40,0
1990,70,2,0,0,0,0,0,0,0,0
1990,52,1,0,0,0,0,808,2,40,0
1990,50,2,0,0,0,0,467,5,40,0
1990,34,1,0,0,2,1,55,5,40,1
1990,34,2,0,0,0,1,13,1,40,0
1990,68,2,2,0,0,0,0,0,0,0
1990,29,2,1,0,0,0,313,4,40,0
1990,34,1,1,0,0,1,59,1,40,0
1990,28,1,1,0,0,0,877,3,32,0
1990,28,2,3,0,0,0,337,1,40,0
1990,32,1,3,0,0,0,365,1,0,0
1990,37,1,0,0,0,1,22,1,50,1
1990,34,2,0,0,0,0,17,3,0,0
1990,33,2,1,0,0,1,235,1,40,1
1990,74,2,3,0,0,0,0,0,0,0
1990,34,1,0,2,0,1,337,3,40,0
1990,29,2,0,0,0,0,877,3,30,0
1990,41,1,3,0,0,1,56,1,40,1
1990,45,2,2,2,0,0,208,5,40,0
1990,21,1,0,2,0,0,213,2,40,0
1990,19,2,0,2,0,0,406,4,0,0
1990,45,1,2,2,0,0,567,0,40,0
1990,58,1,0,0,0,0,877,3,40,0
1990,53,2,0,0,0,0,276,3,37,0
1990,42,1,0,0,0,1,418,6,40,0
1990,42,2,0,0,0,1,95,5,30,0
1990,56,2,2,0,0,1,178,5,40,1
1990,33,1,1,0,0,1,69,5,60,1
1990,69,2,3,0,0,0,0,0,0,0
1990,36,2,1,0,0,1,0,0,0,0
1990,29,1,1,0,0,0,637,1,40,0
1990,80,2,3,0,0,0,356,1,0,0
1990,54,1,2,0,0,1,869,0,40,0
1990,42,2,2,0,0,1,22,1,40,0
1990,18,1,1,0,0,0,443,3,12,0
1990,49,1,0,3,3,1,13,1,60,1
1990,37,2,0,0,0,1,458,4,0,0
1990,54,1,0,0,0,1,21,5,64,1
1990,50,2,0,0,0,1,156,5,45,0
1990,67,2,2,0,0,0,23,5,0,0
1990,28,1,0,0,0,0,243,3,40,0
1990,23,2,0,0,0,0,389,4,0,0
1990,46,1,0,3,3,1,55,3,40,1
1990,41,2,0,3,3,0,0,0,0,0
1990,46,1,0,0,0,1,808,2,40,0
1990,41,2,0,0,0,1,156,5,40,0
1990,19,1,1,0,0,1,877,3,25,0
1990,64,1,0,0,0,1,274,3,48,0
1990,61,2,0,0,0,1,243,3,60,1
1990,32,1,0,0,0,1,785,1,40,0
1990,34,2,0,0,0,1,365,1,40,0
1990,40,1,0,0,0,1,253,4,40,1
1990,48,2,0,0,0,1,174,5,40,0
1990,19,1,1,0,0,0,785,1,25,0
1990,47,1,0,0,0,1,29,3,40,0
1990,38,2,0,0,0,1,466,5,60,0
1990,54,1,0,0,2,0,585,0,40,1
1990,53,2,0,0,2,0,0,0,0,0
1990,47,1,2,0,0,1,269,3,70,1
1990,23,2,1,0,0,1,243,3,40,0
1990,29,1,0,3,0,0,235,1,48,1
1990,33,2,0,3,0,0,785,1,44,0
1990,56,2,2,3,3,0,447,5,60,0
1990,54,1,0,0,0,1,59,1,40,1
1990,50,2,0,0,2,0,0,0,0,0
1990,24,1,1,3,0,0,529,2,40,0
1990,23,1,1,0,0,0,426,4,40,0
1990,20,1,1,0,0,0,243,3,35,0
1990,24,1,1,0,0,1,547,4,40,0
1990,29,1,0,0,0,0,804,3,40,0
1990,24,2,0,0,0,0,458,4,0,0
1990,27,1,0,0,0,1,566,3,40,0
1990,25,2,0,0,0,0,313,4,0,0
1990,31,1,0,0,0,1,426,1,48,0
1990,28,2,0,0,0,1,37,3,40,0
1990,34,2,3,0,0,1,95,5,32,1
1990,30,2,3,2,0,0,0,0,0,0
1990,42,1,0,0,0,1,779,0,40,1
1990,18,2,1,0,0,0,264,3,15,0
1990,38,2,2,0,0,0,216,5,32,0
1990,21,1,1,0,0,0,785,1,40,0
1990,52,1,2,3,0,1,253,4,60,1
1990,47,2,2,3,0,1,274,3,25,0
1990,64,1,0,0,0,1,809,4,24,0
1990,65,2,0,0,0,0,0,0,0,0
1990,47,2,3,0,0,1,319,5,40,0
1990,47,1,0,0,0,1,363,1,44,1
1990,50,2,0,0,0,1,155,5,44,0
1990,66,2,3,0,0,0,466,5,3,0
1990,34,1,0,0,0,1,307,1,40,0
1990,29,2,0,0,0,0,185,1,15,0
1990,52,1,2,0,0,0,804,3,40,0
1990,20,1,1,0,0,0,877,3,20,0
1990,36,1,2,0,0,0,518,1,40,0
1990,26,1,1,0,0,0,276,3,40,0
1990,56,1,0,0,0,1,22,1,60,1
1990,57,2,0,0,0,0,379,3,0,0
1990,34,1,0,0,0,1,22,1,50,0
1990,39,2,0,0,0,1,259,3,40,1
1990,49,1,0,0,0,0,22,0,39,0
1990,47,2,0,0,0,0,313,3,39,0
1990,54,1,0,3,0,1,22,2,40,1
1990,57,2,0,3,0,1,313,5,40,0
1990,22,1,1,3,0,1,203,5,16,0
1990,40,1,0,3,3,1,329,5,40,0
1990,39,2,0,0,0,1,229,1,40,0
1990,23,2,0,2,1,0,0,0,0,0
1990,30,1,0,2,1,0,488,0,40,0
1990,20,1,1,2,1,0,479,0,40,0
1990,27,1,1,2,1,0,479,0,40,0
1990,20,1,1,2,1,0,479,0,40,0
1990,24,1,0,0,0,1,516,0,40,0
1990,20,2,0,0,0,1,338,1,0,0
1990,68,2,3,0,0,0,473,0,5,0
1990,61,1,0,0,0,0,488,0,50,0
1990,55,2,0,0,1,0,488,0,25,0
1990,31,1,1,0,0,0,426,0,40,0
1990,28,1,1,0,0,1,486,6,40,0
1990,25,2,1,0,0,0,889,3,25,0
1990,32,1,0,2,1,1,479,0,45,0
1990,26,2,0,2,1,0,479,0,40,0
1990,51,1,0,2,1,0,479,0,50,0
1990,45,2,0,2,1,0,0,0,0,0
1990,25,1,1,2,1,0,479,0,50,0
1990,23,2,1,2,1,0,264,3,30,0
1990,21,2,1,2,1,1,0,0,0,0
1990,18,1,1,2,1,0,479,0,40,0
1990,20,2,1,2,1,0,877,3,40,0
1990,30,1,0,0,1,0,274,3,66,0
1990,21,2,0,0,0,0,436,3,0,0
1990,44,1,3,0,1,0,479,0,50,0
1990,35,1,3,0,1,0,479,0,42,0
1990,73,1,0,0,0,1,473,0,50,0
1990,62,2,0,0,0,0,0,0,0,0
1990,58,1,0,0,0,1,418,6,12,0
1990,52,2,0,0,0,1,735,1,40,0
1990,28,2,2,0,0,1,375,4,51,0
1990,60,1,3,2,1,0,479,0,60,0
1990,37,2,3,2,0,0,888,3,40,0
1990,46,1,0,0,0,1,18,4,50,0
1990,45,2,0,0,0,1,254,4,50,0
1990,20,1,1,0,0,1,453,0,40,0
1990,25,1,0,2,1,0,709,1,50,0
1990,26,2,0,3,0,1,719,1,0,0
1990,76,1,0,0,0,0,0,0,0,0
1990,75,2,0,0,0,0,0,0,0,0
1990,45,1,2,0,0,1,22,1,48,0
1990,48,2,3,0,0,0,337,0,40,0
1990,35,1,0,2,0,1,167,5,40,0
1990,35,2,0,2,0,0,203,5,40,0
1990,74,2,3,0,0,0,0,0,0,0
1990,35,1,0,0,0,1,229,5,50,0
1990,25,2,0,0,0,1,229,3,40,0
1990,44,2,0,0,0,1,156,5,16,0
1990,48,1,0,0,0,1,217,4,40,0
1990,76,1,0,0,0,0,486,5,0,0
1990,75,2,0,0,0,0,796,1,0,0
1990,48,1,0,0,0,0,804,2,50,0
1990,46,2,0,0,0,1,453,4,0,0
1990,22,1,1,0,0,1,804,3,40,0
1990,19,1,1,0,0,0,754,5,0,0
1990,56,1,1,3,0,0,473,0,15,0
1990,58,1,1,3,0,0,473,0,0,0
1990,72,2,3,3,0,0,0,0,0,0
1990,33,1,1,3,0,0,473,0,0,0
1990,45,2,3,2,1,0,488,0,51,0
1990,26,1,1,2,0,0,777,1,40,0
1990,23,1,2,2,0,0,365,3,27,0
1990,20,2,1,2,0,0,0,0,0,0
1990,50,1,0,0,0,1,628,3,40,1
1990,49,2,0,0,0,0,243,3,40,0
1990,22,1,0,2,1,0,479,0,35,0
1990,22,2,0,2,0,1,159,5,30,0
1990,25,2,3,2,1,0,0,0,0,0
1990,70,1,0,2,1,0,479,0,40,0
1990,39,2,0,2,1,0,785,1,40,0
1990,20,2,1,2,1,1,276,3,30,0
1990,18,2,1,2,0,0,276,3,25,0
1990,47,2,0,0,0,1,259,3,50,0
1990,52,1,0,0,0,0,36,6,40,0
1990,75,2,2,0,0,1,15,5,0,0
1990,60,1,0,0,0,0,439,3,40,0
1990,62,2,0,0,0,0,0,0,0,0
1990,48,1,2,0,0,1,23,5,40,0
1990,35,1,0,2,1,0,479,0,44,0
1990,37,2,0,2,1,0,888,3,40,0
1990,44,2,2,2,0,0,0,0,0,0
1990,24,2,1,2,0,0,449,4,0,0
1990,72,2,3,0,0,0,0,0,0,0
1990,32,2,0,2,1,0,379,5,40,0
1990,39,1,0,2,0,0,804,2,48,0
1990,44,1,3,2,1,0,479,0,40,0
1990,55,1,3,2,1,0,479,0,40,0
1990,19,1,3,2,1,0,479,0,40,0
1990,43,1,3,2,1,0,479,0,40,0
1990,37,1,0,0,0,0,479,0,40,0
1990,26,2,0,0,0,1,313,3,40,0
1990,38,1,0,0,0,1,157,5,40,0
1990,37,2,0,0,0,1,314,5,45,0
1990,27,2,1,0,0,0,376,4,50,0
1990,22,2,1,0,0,1,375,4,36,0
1990,28,1,1,0,0,1,243,3,44,0
1990,34,1,0,0,0,0,579,0,40,0
1990,52,2,0,0,0,0,274,3,0,0
1990,61,1,0,0,0,0,804,1,0,0
1990,60,2,0,0,0,0,5,6,14,0
1990,61,2,2,0,0,0,0,0,0,0
1990,26,1,1,2,0,1,206,5,40,0
1990,31,1,0,0,0,1,22,3,49,0
1990,27,2,0,0,0,0,0,0,0,0
1990,63,2,0,0,0,1,444,5,17,0
1990,71,1,0,0,0,1,0,0,0,0
1990,42,2,2,2,0,0,888,1,40,0
1990,20,1,1,2,0,0,877,3,40,0
1990,47,1,2,2,0,0,0,0,0,0
1990,43,1,0,0,0,1,424,6,40,1
1990,42,2,0,0,0,1,459,6,40,0
1990,55,2,2,2,0,0,263,3,33,0
1990,25,2,1,2,0,1,0,0,0,0
1990,67,1,2,0,0,0,0,0,0,0
1990,70,1,0,0,0,1,0,0,0,0
1990,69,2,0,0,0,1,0,0,0,0
1990,44,1,2,0,0,0,22,5,40,0
1990,47,2,2,0,0,0,174,5,40,0
1990,58,1,2,0,0,1,0,0,0,0
1990,58,1,0,0,0,1,889,4,40,0
1990,58,2,0,0,0,0,313,3,40,0
1990,33,1,0,1,0,1,579,0,40,0
1990,36,2,0,0,0,0,435,3,15,0
1990,40,1,3,0,2,0,376,1,40,0
1990,36,2,2,0,0,0,0,0,0,0
1990,76,2,3,0,0,0,444,5,16,0
1990,43,1,0,2,0,0,0,0,0,0
1990,43,2,0,2,0,0,0,0,0,0
1990,43,1,0,0,0,1,453,4,32,0
1990,42,2,0,0,0,1,337,1,40,0
1990,19,1,1,0,0,0,904,6,12,0
1990,59,2,3,0,0,0,447,5,0,0
1990,19,1,1,0,0,0,869,0,30,0
1990,26,2,1,2,0,0,0,0,0,0
1990,47,1,0,2,0,0,563,0,40,0
1990,37,2,0,2,0,0,185,3,0,0
1990,24,2,2,2,0,0,467,5,36,0
1990,40,2,3,2,0,0,0,0,0,0
1990,46,1,0,0,0,1,856,1,50,0
1990,36,2,0,0,0,1,95,5,40,0
1990,79,2,3,0,0,0,0,0,0,0
1990,49,1,0,0,0,0,754,1,40,0
1990,40,2,0,0,0,0,488,3,45,0
1990,18,1,1,0,0,0,268,3,40,0
1990,36,2,2,2,0,0,385,5,40,0
1990,23,1,0,2,1,0,479,0,30,0
1990,26,2,0,2,1,0,0,0,0,0
1990,32,1,0,2,1,0,479,0,40,0
1990,30,1,0,2,1,0,479,0,40,0
1990,31,1,1,2,1,0,479,0,38,0
1990,30,1,3,2,1,0,479,0,24,0
1990,30,1,3,2,1,0,479,0,20,0
1990,40,1,1,2,1,0,479,0,40,0
1990,38,1,3,2,1,0,479,0,40,0
1990,70,1,2,2,1,0,0,0,0,0
1990,40,1,0,0,0,1,563,0,40,0
1990,33,2,0,0,2,1,459,5,16,0
1990,40,1,1,0,0,1,696,1,48,0
1990,41,2,1,0,0,1,157,5,25,0
1990,76,1,3,0,0,0,254,4,0,0
1990,32,2,3,0,0,1,95,5,40,0
1990,31,1,3,2,1,1,22,1,20,1
1990,33,1,0,0,0,1,365,3,40,0
1990,37,2,0,0,0,1,329,5,30,0
1990,47,1,0,0,0,0,516,1,0,0
1990,43,2,0,0,0,1,25,4,8,0
1990,36,1,1,0,0,1,266,3,35,0
1990,37,1,1,0,0,1,327,1,40,0
1990,42,1,1,0,2,1,185,1,46,1
1990,66,1,0,0,0,1,0,0,0,0
1990,63,2,0,0,0,0,479,0,0,0
1990,37,1,2,0,0,1,575,1,0,0
1990,28,1,0,0,0,1,243,3,12,0
1990,31,2,0,0,0,1,458,4,0,0
1990,60,1,0,3,3,1,365,3,40,0
1990,62,2,0,3,3,0,754,1,40,0
1990,40,2,1,0,0,1,319,5,35,0
1990,79,2,1,0,0,1,0,0,0,1
1990,57,1,2,0,0,1,243,3,40,0
1990,30,2,3,0,0,0,208,5,40,0
1990,39,1,1,0,0,1,22,0,40,0
1990,43,1,0,0,0,1,84,5,80,1
1990,43,2,0,0,0,1,188,5,5,0
1990,18,2,1,2,0,0,462,5,40,0
1990,18,1,1,0,0,1,335,5,35,0
1990,19,2,1,1,0,0,0,0,0,0
1990,24,1,1,0,4,1,0,0,0,0
1990,19,2,1,0,0,0,447,5,0,0
1990,20,2,1,0,0,1,379,3,40,0
1990,19,2,1,2,0,0,365,3,25,0
1990,20,2,1,0,0,0,329,5,30,0
1990,46,1,0,0,0,1,5,6,48,0
1990,39,2,0,0,0,1,21,5,8,0
1990,56,2,2,0,0,0,0,0,0,0
1990,26,2,2,0,0,0,0,0,0,0
1990,21,2,1,0,0,0,313,4,40,0
1990,38,1,2,0,0,0,0,0,0,0
1990,68,1,2,0,0,0,0,0,0,0
1990,78,2,3,0,0,0,0,0,0,0
1990,70,2,2,0,0,0,447,4,10,0
1990,43,1,0,0,0,1,637,1,30,0
1990,38,2,0,0,0,1,178,6,40,0
1990,27,1,1,0,0,1,154,5,20,0
1990,21,1,1,0,0,1,229,5,20,0
1990,22,1,1,0,3,1,357,5,40,0
1990,27,1,1,0,0,1,169,5,40,0
1990,20,1,1,0,0,1,387,5,4,0
1990,38,1,1,0,0,1,337,1,40,0
1990,22,1,1,2,0,1,567,0,40,0
1990,21,2,1,0,0,1,274,3,0,0
1990,48,2,2,0,0,1,207,5,50,0
1990,30,2,1,1,0,1,447,5,40,0
1990,64,1,0,3,3,1,355,2,40,0
1990,61,2,0,3,3,1,18,4,40,0
1990,78,2,3,0,0,1,0,0,0,0
1990,45,1,1,0,0,1,579,4,0,0
1990,53,1,1,2,0,0,529,2,60,0
1990,79,2,3,0,0,0,0,0,0,0
1990,29,1,0,0,1,0,479,0,40,0
1990,35,2,0,0,4,0,479,0,46,0
1990,24,1,0,2,1,1,804,0,54,0
1990,24,2,0,2,1,0,475,0,50,0
1990,36,1,3,2,1,0,479,0,40,0
1990,27,2,1,2,0,0,754,1,0,0
1990,38,2,2,2,0,0,799,1,40,0
1990,20,1,3,2,0,0,869,0,40,0
1990,18,2,1,2,1,0,0,0,0,0
1990,45,1,0,0,0,1,308,5,48,0
1990,42,2,0,0,0,1,385,5,20,0
1990,50,2,2,0,0,0,365,5,25,0
1990,30,1,0,0,0,1,13,1,45,1
1990,31,2,0,0,0,0,467,5,7,0
1990,25,1,0,0,0,1,64,1,40,0
1990,26,2,0,0,0,0,445,5,40,0
1990,18,1,1,0,0,0,274,3,30,0
1990,37,2,2,0,0,0,435,3,28,0
1990,25,1,1,0,0,1,64,1,50,0
1990,24,2,1,0,0,1,467,5,40,0
1990,72,1,0,0,0,1,0,0,0,0
1990,73,2,0,0,0,1,0,0,0,0
1990,23,2,1,0,0,1,154,5,15,0
1990,42,1,1,0,0,1,485,0,40,1
1990,46,2,2,0,0,0,777,1,40,0
1990,18,2,1,0,0,0,715,1,40,0
1990,51,2,2,0,0,1,154,5,35,0
1990,20,1,1,0,0,1,417,6,96,0
1990,25,2,1,0,0,1,337,5,40,0
1990,27,2,1,0,0,1,387,5,25,0
1990,33,1,1,0,0,1,558,0,40,0
1990,27,1,0,0,0,1,156,5,40,0
1990,23,2,0,0,0,1,14,5,0,0
1990,69,2,3,0,0,0,0,0,0,0
1990,45,2,3,0,0,1,319,4,35,0
1990,18,1,1,0,0,0,813,4,5,0
1990,35,2,2,1,0,1,96,3,40,0
1990,45,1,2,0,0,1,22,0,50,0
1990,42,1,0,0,0,1,157,5,36,0
1990,34,2,0,0,0,1,0,0,0,0
1990,43,1,0,0,0,0,577,2,45,1
1990,33,2,0,0,0,0,0,0,0,0
1990,34,1,0,0,0,0,253,4,40,0
1990,27,2,0,0,0,1,23,1,12,0
1990,54,2,0,0,0,1,22,4,0,0
1990,49,1,0,0,0,1,217,1,40,1
1990,19,2,1,0,0,1,383,4,25,0
1990,54,1,0,0,0,1,259,1,48,1
1990,42,2,0,0,0,1,253,4,0,0
1990,77,1,0,0,0,0,22,1,24,0
1990,71,2,0,0,0,0,0,0,0,0
1990,48,1,0,0,0,1,18,4,0,0
1990,40,2,0,0,0,0,18,4,50,0
1990,53,1,0,0,0,0,507,4,65,0
1990,51,2,0,0,0,0,17,3,40,0
1990,36,1,0,0,0,1,418,6,85,0
1990,29,2,0,0,0,1,95,5,20,0
1990,51,1,0,0,0,0,477,0,45,0
1990,57,2,0,0,0,0,0,0,0,0
1990,24,1,1,0,0,0,269,3,44,0
1990,23,1,0,0,0,0,505,3,40,0
1990,22,2,0,0,0,0,313,1,30,0
1990,75,2,3,0,0,0,0,0,0,0
1990,41,1,1,0,0,0,505,3,0,0
1990,40,1,0,2,0,0,303,6,40,0
1990,42,2,0,2,0,0,276,3,40,0
1990,22,2,1,2,0,1,276,3,25,0
1990,19,2,1,2,0,0,276,3,0,0
1990,20,1,1,2,0,0,0,0,0,0
1990,27,1,1,0,0,0,856,3,40,0
1990,26,2,1,0,0,0,0,0,0,0
1990,56,1,0,0,0,0,804,2,50,0
1990,55,2,0,0,0,0,488,0,40,0
1990,34,1,0,0,1,0,888,1,22,0
1990,29,2,0,0,1,0,0,0,0,0
1990,74,1,0,0,0,1,17,3,40,0
1990,44,2,0,0,0,1,36,6,48,0
1990,36,1,0,0,1,0,628,0,70,0
1990,34,2,0,0,1,0,488,0,40,0
1990,47,1,0,0,0,1,423,6,40,0
1990,46,2,0,0,0,1,254,4,40,0
1990,21,1,1,0,0,1,264,3,16,0
1990,29,1,2,0,0,1,418,6,40,0
1990,40,1,0,0,1,0,479,0,25,0
1990,41,2,0,0,1,0,436,3,40,0
1990,43,1,0,0,1,0,869,0,40,0
1990,40,2,0,0,1,0,319,5,40,0
1990,20,1,1,0,0,0,365,3,40,0
1990,43,1,0,0,1,0,804,0,50,0
1990,38,2,0,0,1,0,888,0,0,0
1990,69,1,0,2,1,0,486,0,0,0
1990,54,2,0,2,1,0,488,0,30,0
1990,31,1,1,2,1,0,486,0,35,0
1990,24,1,1,2,1,1,276,3,30,0
1990,22,1,1,2,1,1,274,3,40,0
1990,39,2,3,2,1,1,379,3,0,0
1990,33,1,0,0,1,0,888,3,32,0
1990,29,2,0,0,0,0,488,0,32,0
1990,22,2,1,0,1,1,756,3,40,0
1990,35,1,3,0,0,0,567,0,40,0
1990,26,2,3,2,1,1,754,4,49,0
1990,46,2,3,2,1,0,769,1,40,0
1990,57,1,0,0,0,1,558,2,40,0
1990,45,2,0,0,0,1,25,4,40,0
1990,42,2,2,0,0,1,95,5,40,0
1990,29,1,0,0,0,1,418,6,55,0
1990,25,2,0,0,0,0,319,4,0,0
1990,63,1,0,0,1,0,479,0,60,0
1990,66,2,0,0,1,0,0,0,0,0
1990,24,2,1,0,1,0,379,5,40,0
1990,20,1,1,0,1,0,479,0,60,0
1990,49,1,0,0,1,0,889,4,30,0
1990,46,2,0,0,1,0,0,0,0,0
1990,18,2,1,0,1,0,0,0,0,0
1990,71,2,3,2,1,0,0,0,0,0
1990,77,2,3,2,1,0,0,0,0,0
1990,41,2,3,0,1,0,274,3,0,0
1990,23,1,1,0,1,0,17,3,38,0
1990,36,1,0,0,0,0,796,2,40,0
1990,38,2,0,0,0,0,267,3,60,0
1990,30,1,0,0,0,0,844,0,40,0
1990,28,2,0,0,0,0,736,1,40,0
1990,61,2,0,2,1,0,0,0,0,0
1990,63,1,0,2,1,0,479,0,0,0
1990,39,1,1,2,1,0,779,0,0,0
1990,21,1,1,2,0,0,479,0,0,0
1990,39,2,2,3,0,0,243,3,40,0
1990,21,1,1,3,0,0,0,0,0,0
1990,20,1,1,3,0,0,357,5,40,0
1990,46,1,1,3,0,0,0,0,0,0
1990,37,1,1,0,0,1,25,4,45,0
1990,38,2,3,3,0,0,436,3,40,0
1990,23,1,1,3,4,1,756,1,40,0
1990,21,1,1,3,4,0,516,0,0,0
1990,20,1,1,3,4,0,0,0,0,0
1990,44,2,2,0,0,0,276,3,30,0
1990,28,1,1,0,0,1,418,6,40,0
1990,25,2,1,0,0,1,175,5,40,0
1990,37,1,0,2,0,1,424,6,40,0
1990,36,2,0,2,1,0,888,0,40,0
1990,48,1,0,2,1,0,488,0,40,0
1990,36,2,0,2,1,0,488,0,37,0
1990,38,1,1,1,0,1,227,6,40,0
1990,60,1,0,0,0,1,159,6,40,0
1990,60,2,0,0,0,0,8,6,40,0
1990,31,1,1,0,0,0,315,6,40,0
1990,68,2,3,2,1,0,0,0,0,0
1990,71,2,3,2,1,0,0,0,0,0
1990,61,2,0,0,0,1,337,5,16,0
1990,72,1,0,0,0,0,0,0,0,0
1990,45,1,1,0,0,1,385,4,4,0
1990,59,2,2,0,0,0,22,2,0,0
1990,61,1,0,0,0,0,783,0,0,0
1990,57,2,0,0,0,0,0,0,0,0
1990,24,2,1,0,0,0,435,3,40,0
1990,27,1,1,0,0,0,453,4,40,0
1990,38,2,1,2,1,0,479,0,0,0
1990,37,1,3,2,0,0,0,0,0,0
1990,21,2,1,2,0,0,479,0,40,0
1990,59,1,3,2,1,0,0,0,0,0
1990,39,1,1,2,0,0,909,6,0,0
1990,50,1,0,2,0,0,453,2,40,0
1990,47,2,0,3,3,1,64,2,40,0
1990,29,1,2,2,0,0,804,3,40,0
1990,25,1,1,2,0,0,585,4,40,0
1990,24,1,2,2,0,0,486,0,40,0
1990,64,1,0,0,0,1,575,6,60,0
1990,61,2,0,0,0,1,0,0,0,0
1990,30,2,2,0,0,1,163,5,40,0
1990,31,1,2,2,1,0,567,0,35,0
1990,42,1,0,2,1,1,65,5,40,0
1990,35,2,0,2,1,1,0,0,0,0
1990,21,1,0,0,1,0,479,0,40,0
1990,22,2,0,0,1,0,0,0,0,0
1990,31,2,2,0,0,0,804,3,0,0
1990,55,2,3,3,0,0,22,6,40,0
1990,54,2,3,0,0,1,579,4,46,0
1990,45,1,0,0,0,0,808,2,40,0
1990,30,2,0,0,0,0,385,6,40,0
1990,19,2,1,0,0,0,436,3,40,0
1990,45,1,0,0,0,0,253,4,48,1
1990,38,2,0,0,0,1,274,3,0,0
1990,27,1,0,0,0,1,804,2,40,0
1990,25,2,0,3,3,0,276,3,40,0
1990,45,1,0,0,0,1,254,4,70,1
1990,41,2,0,0,0,1,628,1,45,0
1990,76,1,0,0,0,1,243,3,0,0
1990,71,2,0,0,0,1,243,3,0,0
1990,75,2,3,0,0,0,21,5,40,1
1990,62,2,3,0,2,0,0,0,0,0
1990,43,1,1,0,0,1,274,3,40,0
1990,51,1,0,0,0,1,159,5,50,1
1990,53,2,0,0,0,1,0,0,0,0
1990,22,1,1,0,0,1,317,4,40,0
1990,20,1,1,0,0,1,345,4,25,0
1990,52,1,0,0,0,1,13,1,60,1
1990,52,2,0,0,0,1,0,0,0,0
1990,18,1,1,0,0,0,385,6,24,0
1990,19,1,1,0,0,0,904,6,80,0
1990,25,1,1,0,0,1,228,6,50,0
1990,33,1,0,0,0,1,904,6,50,0
1990,32,2,0,0,0,1,0,0,0,0
1990,57,1,0,0,0,1,226,2,60,1
1990,56,2,0,0,0,1,156,5,0,0
1990,77,2,3,0,0,0,0,0,0,0
1990,20,2,1,0,0,1,0,0,0,0
1990,24,1,3,1,0,1,904,6,2,0
1990,21,1,1,1,0,0,365,6,40,0
1990,39,1,3,1,0,0,904,6,50,0
1990,21,1,1,0,0,1,904,6,45,0
1990,20,1,1,0,0,0,418,6,72,0
1990,20,1,3,0,0,1,904,6,60,0
1990,35,2,3,0,0,1,95,5,40,0
1990,24,1,0,1,0,0,904,6,50,0
1990,24,2,0,1,0,0,276,3,16,0
1990,38,1,0,0,0,1,903,6,80,0
1990,38,2,0,0,0,1,0,0,0,0
1990,27,1,0,0,0,0,99,5,40,0
1990,25,2,0,0,0,1,253,4,40,0
1990,28,2,0,0,0,1,904,6,45,0
1990,28,1,0,0,0,1,274,3,40,0
1990,24,1,1,3,3,0,243,3,65,0
1990,52,2,2,3,3,0,435,3,37,0
1990,35,1,0,3,0,1,65,5,40,0
1990,40,2,0,3,3,1,156,5,7,0
1990,44,2,1,2,0,0,37,4,30,0
1990,44,1,1,0,0,1,95,5,28,0
1990,38,1,0,0,0,1,178,5,40,0
1990,34,2,0,0,0,1,78,6,40,0
1990,36,2,2,0,0,1,104,3,40,0
1990,25,1,0,0,0,0,829,6,48,0
1990,26,2,0,0,0,0,17,4,38,0
1990,23,2,1,0,0,1,389,4,40,0
1990,26,1,1,0,0,1,813,4,40,0
1990,24,2,3,0,0,1,389,3,40,0
1990,22,1,1,0,0,1,356,4,40,0
1990,24,2,1,0,0,1,159,5,50,0
1990,24,2,1,0,0,1,199,5,45,0
1990,71,2,3,0,2,0,379,3,16,0
1990,39,1,0,0,0,1,17,4,80,0
1990,24,2,0,0,0,0,444,3,0,0
1990,50,1,0,0,0,1,22,4,40,1
1990,50,2,0,0,0,1,156,5,40,0
1990,33,1,0,0,1,1,904,6,60,1
1990,29,2,0,0,1,1,156,5,0,0
1990,43,1,2,0,1,1,208,6,60,0
1990,46,1,2,0,0,0,748,4,40,0
1990,73,2,3,1,0,0,447,5,40,0
1990,33,2,1,0,0,0,0,0,0,0
1990,38,2,2,0,0,1,154,5,15,0
1990,18,1,1,0,0,1,274,3,50,0
1990,29,1,0,0,0,1,904,6,60,0
1990,28,2,0,0,0,1,383,4,70,0
1990,79,2,2,0,0,0,435,4,40,0
1990,74,2,3,0,0,0,0,0,0,0
1990,44,1,0,0,0,0,909,6,0,0
1990,42,2,0,0,0,0,0,0,0,0
1990,19,2,1,0,0,0,276,3,40,0
1990,31,2,2,1,0,0,313,6,0,0
1990,41,1,0,3,0,0,904,6,40,0
1990,41,2,0,3,0,0,313,5,40,0
1990,20,1,1,3,0,1,335,6,40,0
1990,19,1,1,3,0,0,462,5,24,0
1990,18,1,1,3,0,0,376,6,20,0
1990,36,1,0,0,0,1,529,2,48,0
1990,33,2,0,0,0,1,447,5,48,0
1990,35,1,2,0,0,1,22,6,60,0
1990,60,1,0,0,0,1,159,6,40,0
1990,56,2,0,3,3,0,0,0,0,0
1990,28,1,0,0,0,1,213,1,48,0
1990,31,2,0,2,0,0,796,1,50,0
1990,57,1,2,0,0,0,628,1,46,0
1990,37,1,0,0,0,0,869,0,0,0
1990,37,2,0,0,0,0,0,0,0,0
1990,43,1,0,0,0,1,844,0,40,1
1990,39,2,0,0,0,1,585,3,40,0
1990,68,1,0,0,0,1,0,0,0,0
1990,71,2,0,0,0,0,0,0,0,0
1990,39,2,2,0,0,0,777,0,45,0
1990,22,2,1,0,0,0,479,0,40,0
1990,19,2,1,0,0,0,276,3,40,0
1990,59,1,0,0,0,0,804,2,40,0
1990,43,2,0,0,1,0,889,1,30,0
1990,53,1,0,0,0,1,176,5,60,0
1990,53,2,0,0,0,1,379,5,14,0
1990,20,2,1,0,0,1,469,5,15,0
1990,50,1,0,2,1,0,804,0,35,0
1990,47,2,0,2,1,0,479,0,40,0
1990,20,1,1,2,0,0,274,3,40,0
1990,19,2,1,2,0,0,195,1,20,0
1990,18,2,1,2,0,0,379,5,10,0
1990,45,2,2,0,0,0,628,1,37,0
1990,26,2,2,0,0,0,305,5,37,0
1990,42,1,0,0,0,0,22,0,60,1
1990,42,2,0,0,0,0,0,0,0,0
1990,19,1,1,0,0,0,516,0,30,0
1990,30,1,0,2,0,0,804,1,55,0
1990,31,2,0,3,0,0,0,0,0,0
1990,56,1,0,0,0,1,156,5,15,0
1990,46,2,0,0,0,1,156,5,40,0
1990,28,1,1,2,1,0,789,4,0,0
1990,23,1,2,0,0,0,885,3,0,0
1990,43,1,2,0,0,1,22,5,60,1
1990,63,1,0,0,1,0,479,0,40,0
1990,59,1,3,0,1,0,479,0,40,0
1990,21,1,1,0,1,0,549,0,40,0
1990,46,1,0,0,1,0,479,0,45,0
1990,40,1,3,0,1,0,479,0,30,0
1990,40,1,0,3,3,0,686,3,40,0
1990,37,2,0,3,3,0,888,3,30,0
1990,26,1,3,0,1,0,488,0,60,0
1990,66,2,3,0,0,0,0,0,0,0
1990,36,1,0,0,0,0,804,0,99,0
1990,31,2,0,0,1,0,889,1,40,0
1990,34,1,0,0,0,0,617,0,85,0
1990,34,2,0,0,0,0,0,0,0,0
1990,70,1,0,0,0,0,744,3,40,0
1990,67,2,0,0,0,0,446,5,40,0
1990,36,1,0,0,0,1,505,3,40,0
1990,35,2,0,0,0,1,7,0,40,0
1990,47,1,0,0,0,1,474,0,30,0
1990,45,2,0,0,0,1,156,5,40,0
1990,30,2,3,0,0,0,276,3,0,0
1990,57,1,0,1,0,0,0,0,0,0
1990,55,2,0,1,0,0,0,0,0,0
1990,48,1,0,1,0,1,154,5,23,1
1990,50,2,0,1,0,1,14,5,30,1
1990,40,2,0,0,0,1,207,4,40,0
1990,51,1,0,0,0,0,514,4,60,0
1990,26,2,3,2,1,0,274,3,0,0
1990,23,2,3,2,1,0,0,0,0,0
1990,64,2,0,2,1,0,0,0,0,0
1990,29,1,0,2,1,0,507,2,45,0
1990,72,1,2,0,0,0,0,0,0,0
1990,38,2,1,2,1,0,449,4,40,0
1990,44,2,2,2,1,1,744,1,32,0
1990,25,2,1,2,1,1,319,4,40,0
1990,34,1,0,1,0,0,869,0,40,0
1990,46,2,0,1,0,0,447,5,0,0
1990,34,2,1,2,0,0,447,4,40,0
1990,42,1,1,2,0,1,0,0,0,0
1990,27,1,1,0,0,1,0,0,0,0
1990,52,1,1,2,0,0,0,0,0,0
1990,36,1,1,0,0,1,0,0,0,0
1990,36,1,1,0,0,1,0,0,0,0
1990,61,1,1,0,2,1,0,0,0,0
1990,75,1,0,2,1,0,426,4,30,0
1990,70,2,0,2,0,0,0,0,0,0
1990,43,2,2,0,0,1,194,5,70,0
1990,72,1,0,0,0,0,0,0,0,0
1990,70,2,0,0,0,1,0,0,0,0
1990,37,1,0,1,0,1,303,6,40,1
1990,44,2,0,1,0,1,163,6,40,0
1990,28,1,3,0,0,0,447,5,10,0
1990,39,1,1,0,0,0,335,4,24,0
1990,68,1,0,0,2,0,0,0,0,0
1990,62,2,0,0,2,0,0,0,0,0
1990,26,2,1,0,0,1,435,3,40,0
1990,37,1,0,3,3,0,0,0,0,0
1990,43,2,0,3,3,0,0,0,0,0
1990,37,2,3,0,0,0,0,0,0,0
1990,22,2,3,0,0,0,453,5,0,0
1990,65,1,0,0,0,1,0,0,0,0
1990,62,2,0,0,0,1,0,0,0,0
1990,42,1,0,2,0,1,0,0,0,0
1990,41,2,0,2,0,1,23,6,30,0
1990,19,1,1,2,0,0,0,0,0,0
1990,71,1,0,0,0,0,0,0,0,0
1990,69,2,0,0,0,0,0,0,0,0
1990,30,1,0,2,0,1,84,5,60,0
1990,28,2,0,3,3,1,458,4,35,0
1990,33,2,0,2,0,0,785,0,45,0
1990,33,1,0,2,0,0,22,5,40,0
1990,62,1,1,0,0,1,505,0,50,0
1990,24,1,1,0,0,1,274,3,35,0
1990,38,1,0,0,0,0,558,0,50,0
1990,33,2,0,0,0,1,458,4,24,0
1990,74,2,3,0,0,0,0,0,0,0
1990,39,2,0,0,0,0,274,3,37,0
1990,46,1,0,0,0,1,549,1,0,0
1990,47,2,3,0,0,0,254,4,60,0
1990,53,2,1,0,0,1,447,5,40,0
1990,47,1,0,0,1,0,514,4,40,0
1990,46,2,0,0,1,0,447,5,32,0
1990,20,1,1,0,1,1,435,3,32,0
1990,19,1,1,0,0,1,525,5,40,0
1990,20,1,1,0,0,1,27,5,40,0
1990,79,2,3,0,0,0,0,0,0,1
1990,71,2,3,0,0,0,0,0,0,0
1990,59,2,2,0,0,0,0,0,0,0
1990,32,1,0,2,0,1,256,4,50,0
1990,31,2,0,0,0,1,0,0,0,0
1990,56,1,2,0,0,1,104,5,40,0
1990,34,1,0,0,0,1,274,3,50,0
1990,25,2,0,0,0,1,376,4,0,0
1990,29,1,0,0,0,1,157,5,55,0
1990,28,2,0,0,0,1,157,5,50,0
1990,62,2,0,0,0,0,0,0,0,0
1990,63,1,0,0,0,0,194,5,40,1
1990,37,1,2,0,0,1,256,2,50,0
1990,37,2,2,0,0,1,337,3,42,0
1990,47,2,2,0,0,1,156,5,60,0
1990,19,2,1,0,0,1,313,4,10,0
1990,35,2,2,0,0,0,0,0,0,0
1990,18,1,1,0,0,0,785,3,60,0
1990,50,1,2,0,0,1,22,2,40,0
1990,43,1,0,0,0,1,243,3,40,1
1990,39,2,0,0,0,1,313,1,0,0
1990,66,2,3,0,0,1,0,0,0,0
1990,49,1,3,0,0,1,22,2,40,0
1990,67,1,0,0,0,1,55,2,0,1
1990,60,2,0,0,0,0,313,5,0,0
1990,27,1,0,0,1,0,856,3,40,0
1990,23,2,0,0,1,0,319,3,40,0
1990,43,2,1,0,0,1,5,6,20,0
1990,36,1,0,0,0,1,13,1,40,0
1990,27,2,0,0,0,1,98,5,40,0
1990,73,2,2,0,0,0,0,0,0,0
1990,30,2,3,3,0,1,379,5,40,0
1990,78,2,3,0,0,1,0,0,0,0
1990,63,1,3,0,0,1,877,3,0,0
1990,29,1,0,2,1,0,514,1,40,0
1990,27,2,0,2,1,0,407,4,10,0
1990,41,1,3,2,4,1,27,4,0,0
1990,22,1,1,2,0,0,276,5,30,0
1990,21,1,1,1,0,0,567,0,40,0
1990,62,1,0,0,0,1,426,5,40,1
1990,61,2,0,0,0,1,0,0,0,0
1990,76,1,0,0,0,0,0,0,0,0
1990,75,2,0,0,0,0,0,0,0,0
1990,31,2,2,0,0,1,207,5,40,0
1990,24,1,0,3,3,1,156,5,84,0
1990,25,2,0,3,3,1,319,5,35,0
1990,21,1,3,3,3,0,804,5,40,0
1990,20,2,1,3,3,0,0,0,0,0
1990,43,2,2,0,0,1,22,5,40,0
1990,39,2,2,0,0,1,22,4,40,0
1990,38,1,2,0,0,1,785,1,0,0
1990,32,1,0,0,0,0,575,4,40,0
1990,28,2,0,0,0,0,243,3,45,0
1990,67,1,0,0,0,0,0,0,0,0
1990,67,2,0,0,0,0,0,0,0,0
1990,65,2,2,0,2,0,0,0,0,0
1990,30,1,1,0,0,1,217,5,40,1
1990,68,1,0,0,0,0,0,0,0,0
1990,65,2,0,0,0,0,243,3,15,0
1990,40,1,0,2,0,0,585,0,40,0
1990,35,2,0,2,0,1,379,4,37,0
1990,24,1,1,0,0,1,453,4,20,0
1990,20,1,1,0,0,1,385,4,35,0
1990,66,1,0,0,0,0,0,0,0,0
1990,64,2,0,0,0,0,0,0,0,0
1990,39,1,0,3,3,0,0,0,0,0
1990,34,2,0,3,3,1,0,0,0,0
1990,61,1,0,0,0,1,0,0,0,0
1990,60,2,0,0,0,1,256,1,40,0
1990,41,1,1,0,0,1,243,3,75,1
1990,25,1,1,0,0,1,207,5,16,0
1990,20,1,1,0,0,1,614,0,40,0
1990,35,1,0,0,0,1,95,5,40,0
1990,34,2,0,0,0,1,95,5,30,0
1990,51,1,0,0,0,0,235,2,40,0
1990,51,2,0,0,0,0,156,5,24,0
1990,49,1,0,3,0,0,804,1,75,0
1990,41,2,0,3,0,0,453,5,0,0
1990,39,1,0,0,0,1,869,0,40,0
1990,40,2,0,0,0,1,337,2,10,0
1990,18,1,1,2,0,1,804,3,20,0
1990,26,1,2,0,0,0,785,1,40,0
1990,23,1,1,0,3,0,218,5,40,0
1990,40,2,2,3,0,1,389,5,40,0
1990,47,2,2,2,0,0,447,5,33,0
1990,23,1,1,0,0,0,804,2,30,0
1990,19,2,1,0,0,0,274,3,8,0
1990,29,1,0,0,1,0,558,0,40,0
1990,23,2,0,0,1,0,765,4,40,0
1990,74,2,3,0,0,0,0,0,0,0
1990,36,1,3,0,0,0,909,6,0,0
1990,38,1,0,0,0,0,588,0,40,0
1990,35,2,0,0,0,0,0,0,0,0
1990,63,1,0,3,0,0,274,3,30,0
1990,62,2,0,3,0,0,678,5,14,0
1990,59,1,0,3,0,0,486,0,40,0
1990,56,2,0,3,0,1,379,3,20,0
1990,31,2,3,0,1,0,479,0,40,0
1990,36,1,1,0,1,0,869,0,40,0
1990,78,2,0,0,0,0,0,0,0,0
1990,36,1,0,2,0,0,544,3,40,0
1990,32,2,0,2,0,0,754,1,24,0
1990,65,1,0,0,0,1,22,1,40,0
1990,55,2,0,0,0,1,0,0,0,0
1990,36,1,0,0,0,1,22,1,70,1
1990,34,2,0,0,0,1,155,5,0,0
1990,49,1,0,0,0,0,505,6,0,0
1990,46,2,0,0,0,0,253,4,40,0
1990,22,2,2,0,0,0,313,3,40,0
1990,57,1,0,0,0,1,549,4,50,0
1990,58,2,0,0,0,0,0,0,0,0
1990,43,1,0,2,1,1,243,3,60,0
1990,41,2,0,0,0,0,337,5,0,0
1990,20,1,1,2,0,0,276,3,0,0
1990,18,1,1,2,0,0,904,6,16,0
1990,38,1,0,0,0,1,195,1,45,1
1990,38,2,0,0,4,1,0,0,0,0
1990,41,1,0,0,0,0,549,3,48,0
1990,42,2,0,0,0,0,779,1,40,0
1990,47,1,0,0,0,1,17,3,50,0
1990,41,2,0,0,0,1,17,3,50,0
1990,25,1,0,2,0,1,243,3,20,0
1990,25,2,0,2,0,0,243,3,40,0
1990,33,2,2,0,0,0,276,3,0,0
1990,47,1,0,0,0,1,844,0,40,0
1990,42,2,0,0,0,1,156,5,24,0
1990,47,1,0,2,1,0,486,0,48,0
1990,38,2,0,2,1,0,888,1,40,0
1990,19,2,1,2,1,0,888,1,40,0
1990,18,1,1,2,1,0,486,0,30,0
1990,40,1,0,2,0,0,436,5,45,0
1990,42,2,0,2,1,0,488,0,20,0
1990,25,1,1,2,1,0,779,4,40,0
1990,34,1,3,2,1,0,779,4,40,0
1990,24,1,1,2,1,0,479,0,40,0
1990,68,2,3,0,0,1,0,0,0,0
1990,38,1,0,2,1,0,22,2,40,0
1990,35,2,0,0,1,0,488,0,48,0
1990,66,1,0,0,0,0,567,0,38,0
1990,63,2,0,0,0,0,337,3,0,0
1990,41,1,0,3,0,0,475,0,50,0
1990,42,2,0,2,0,1,207,5,60,0
1990,18,1,1,3,0,0,754,4,8,0
1990,29,1,0,0,0,1,453,1,40,0
1990,28,2,0,0,0,0,387,5,15,0
1990,59,1,0,2,1,0,479,0,40,0
1990,57,2,0,2,0,0,436,5,40,0
1990,23,2,1,2,0,1,785,1,40,0
1990,53,1,3,0,1,0,479,0,40,0
1990,79,1,0,2,1,0,0,0,0,0
1990,73,2,0,2,1,0,0,0,0,0
1990,21,1,1,2,0,0,889,2,40,0
1990,40,1,1,2,0,0,869,3,40,0
1990,63,2,3,2,0,0,799,4,40,0
1990,32,1,0,0,0,0,579,0,66,0
1990,29,2,0,0,0,0,276,3,0,0
1990,43,1,0,0,1,0,475,0,99,0
1990,37,2,0,0,1,0,407,4,0,0
1990,46,1,0,0,0,0,549,0,40,0
1990,42,2,0,0,0,0,465,5,25,0
1990,21,2,1,0,0,0,159,5,12,0
1990,43,1,0,0,0,0,628,1,40,0
1990,36,2,0,0,0,0,796,1,37,0
1990,74,2,3,0,0,1,0,0,0,0
1990,51,1,0,2,1,0,473,0,60,0
1990,39,2,0,2,0,0,473,0,60,0
1990,22,1,1,2,0,0,0,0,0,0
1990,20,1,1,2,0,0,0,0,0,0
1990,18,1,1,2,0,0,0,0,0,0
1990,32,1,0,0,0,0,804,1,60,0
1990,30,2,0,0,0,0,337,3,40,0
1990,62,2,3,0,0,0,365,5,40,0
1990,66,1,0,2,1,0,479,0,55,0
1990,61,2,0,2,0,0,447,5,13,0
1990,22,2,1,2,0,0,0,0,0,0
1990,41,1,0,0,1,0,509,4,45,0
1990,35,2,0,0,1,0,479,0,40,0
1990,63,2,3,0,1,0,479,0,40,0
1990,24,1,1,0,1,0,479,0,40,0
1990,21,1,1,0,1,0,479,0,54,0
1990,20,1,1,0,1,0,0,0,0,0
1990,35,1,0,0,1,0,869,0,40,0
1990,44,1,0,0,1,0,799,3,40,0
1990,27,2,1,2,0,0,0,0,0,0
1990,30,1,0,0,1,0,479,0,55,0
1990,25,2,0,0,0,1,337,4,40,0
1990,48,1,0,0,0,1,159,6,60,0
1990,44,2,0,0,0,1,164,6,20,0
1990,67,1,0,0,0,1,0,0,0,0
1990,64,2,0,0,0,1,339,5,24,0
1990,30,1,0,0,0,0,567,0,40,0
1990,32,2,0,0,0,0,276,3,40,0
1990,63,1,0,2,0,0,479,0,0,0
1990,58,2,0,2,1,0,447,4,0,0
1990,20,1,1,2,0,0,0,0,0,0
1990,20,1,1,2,0,0,479,0,0,0
1990,41,1,0,2,1,0,783,4,40,0
1990,34,2,0,0,0,0,479,0,0,0
1990,36,1,0,0,1,0,477,0,77,0
1990,39,2,0,0,0,1,25,4,44,0
1990,31,1,1,0,1,0,479,0,60,0
1990,30,1,3,2,1,0,479,0,54,0
1990,52,1,3,2,1,0,479,0,48,0
1990,66,2,2,0,0,0,22,3,0,0
1990,55,1,0,0,0,0,254,4,40,0
1990,50,2,0,0,0,0,254,4,65,0
1990,26,1,1,0,0,1,22,0,40,0
1990,55,2,3,0,0,0,379,3,40,0
1990,36,1,0,0,0,1,558,0,40,0
1990,35,2,0,0,0,1,337,4,37,0
1990,29,2,0,0,0,1,379,6,0,0
1990,28,1,0,0,0,0,486,0,40,0
1990,48,1,2,2,0,0,515,6,40,0
1990,22,2,1,0,0,1,155,5,40,0
1990,21,2,1,0,0,1,779,5,20,0
1990,21,2,1,0,0,1,376,5,20,0
1990,46,2,2,0,0,1,303,4,65,0
1990,25,1,1,0,0,0,523,2,40,0
1990,34,2,2,0,0,0,0,0,0,0
1990,80,2,0,0,0,0,0,0,0,0
1990,42,1,3,0,0,1,259,3,50,0
1990,26,2,1,3,0,1,804,2,85,0
1990,25,2,2,0,0,1,444,5,80,0
1990,33,2,1,2,0,1,174,3,40,0
1990,48,1,0,0,0,1,178,5,60,1
1990,48,2,0,0,0,1,277,5,0,0
1990,49,1,0,0,0,1,558,2,40,1
1990,53,2,0,0,0,0,0,0,0,0
1990,57,2,0,0,0,1,277,5,45,0
1990,59,1,0,0,0,1,25,1,50,1
1990,29,1,1,0,0,1,25,4,40,0
1990,23,2,1,0,0,1,416,5,40,0
1990,55,2,2,0,0,0,383,4,45,0
1990,21,1,1,0,0,1,185,3,20,0
1990,53,1,0,0,0,0,804,2,45,0
1990,44,2,0,0,0,0,243,3,40,0
1990,20,1,1,0,0,1,276,3,27,0
1990,31,1,0,2,1,1,22,1,50,0
1990,27,2,0,0,0,1,337,1,10,0
1990,21,1,1,2,0,1,276,5,14,0
1990,27,1,0,0,0,1,253,4,40,0
1990,27,2,0,0,0,0,313,0,40,0
1990,29,1,0,0,0,0,856,2,40,0
1990,30,2,0,0,0,1,174,5,35,0
1990,70,1,0,0,0,0,473,0,0,0
1990,67,2,0,0,0,0,274,3,10,0
1990,37,1,2,0,0,0,243,3,40,0
1990,65,1,0,3,0,0,804,2,0,0
1990,64,2,0,3,0,0,0,0,0,0
1990,29,1,0,0,0,0,566,3,37,0
1990,26,2,0,0,0,0,436,5,15,0
1990,52,1,3,0,2,1,17,3,40,0
1990,45,1,0,0,0,1,23,5,44,0
1990,42,2,0,0,0,1,379,5,40,0
1990,58,1,0,0,0,0,22,1,40,0
1990,44,2,0,0,0,0,22,1,16,0
1990,23,2,2,0,0,0,365,3,0,0
1990,34,1,0,0,0,0,875,2,0,0
1990,31,2,0,0,0,0,453,4,30,0
1990,66,2,3,0,0,0,0,0,0,0
1990,27,1,1,0,0,1,243,3,40,0
1990,70,1,3,0,1,0,473,0,40,0
1990,26,1,3,0,1,0,549,4,70,0
1990,27,1,0,0,1,1,549,4,72,0
1990,23,2,0,0,1,0,0,0,0,0
1990,26,1,0,2,0,1,567,0,40,0
1990,26,2,0,0,0,0,0,0,0,0
1990,69,1,0,0,0,1,0,0,0,0
1990,61,2,0,0,1,0,447,6,30,0
1990,36,2,1,0,1,0,754,1,40,0
1990,21,1,1,0,0,1,386,2,20,0
1990,27,2,1,0,1,1,888,1,40,0
1990,25,2,1,0,1,1,444,5,8,0
1990,22,2,1,0,0,1,59,6,15,0
1990,58,1,3,0,0,1,0,0,0,0
1990,21,1,1,0,0,0,628,1,40,0
1990,18,2,1,0,0,1,275,3,24,0
1990,24,2,2,0,0,1,337,0,40,0
1990,42,1,0,0,0,1,216,3,40,0
1990,42,2,0,0,0,0,207,5,40,0
1990,43,1,0,2,1,0,443,3,40,0
1990,38,2,0,2,4,0,0,0,0,0
1990,18,1,1,2,0,0,0,0,0,0
1990,41,1,2,0,0,1,575,3,40,0
1990,62,2,2,0,0,1,33,1,40,0
1990,56,1,0,0,0,1,354,2,50,0
1990,45,2,0,0,0,0,0,0,0,0
1990,19,1,1,0,0,0,315,2,40,0
1990,27,1,1,0,0,0,364,1,48,0
1990,26,2,0,0,0,0,313,4,35,0
1990,29,1,0,0,0,0,505,4,48,0
1990,30,1,0,2,1,1,8,1,40,0
1990,27,2,0,2,1,1,337,4,35,0
1990,25,2,1,2,1,0,787,1,20,0
1990,19,1,1,2,1,0,785,1,40,0
1990,22,1,1,2,1,0,683,1,40,0
1990,43,1,0,3,3,1,22,4,50,0
1990,36,2,0,3,3,1,0,0,0,0
1990,26,1,1,0,0,1,226,6,60,0
1990,37,1,2,0,0,1,628,1,45,1
1990,36,1,1,1,0,1,33,1,48,1
1990,29,2,1,0,0,1,313,3,37,0
1990,37,2,2,3,3,1,461,2,40,0
1990,35,1,1,0,0,0,577,2,40,0
1990,30,1,0,0,1,1,779,1,40,0
1990,31,2,0,0,1,1,335,3,40,0
1990,69,1,3,0,0,0,0,0,0,0
1990,38,1,1,0,0,0,365,3,40,0
1990,42,2,1,0,0,0,0,0,0,0
1990,33,1,0,0,1,0,558,0,48,0
1990,36,2,0,0,1,0,0,0,0,0
1990,67,2,3,0,1,0,683,1,0,0
1990,56,1,0,0,0,0,887,6,20,0
1990,42,2,0,0,4,0,0,0,0,0
1990,31,2,3,0,1,0,744,1,40,0
1990,21,2,1,0,1,0,744,1,40,0
1990,19,2,1,0,1,0,276,3,40,0
1990,70,1,3,0,1,0,0,0,0,0
1990,70,2,3,2,1,0,0,0,0,0
1990,48,1,0,2,1,0,505,4,40,0
1990,29,2,0,2,1,0,0,0,0,0
1990,22,1,1,2,1,0,0,0,0,0
1990,75,1,0,2,1,0,0,0,0,0
1990,70,2,0,2,1,0,0,0,0,0
1990,36,2,1,2,1,0,313,5,40,0
1990,29,1,0,0,1,1,579,4,40,0
1990,30,2,0,0,1,0,785,5,22,0
1990,43,1,0,2,1,0,484,3,40,0
1990,37,2,0,2,1,0,0,0,0,0
1990,49,1,3,2,1,0,869,0,40,0
1990,21,1,1,0,1,1,514,4,40,0
1990,71,2,3,0,0,0,0,0,0,0
1990,37,1,1,0,1,0,453,2,40,0
1990,60,2,1,0,1,0,449,4,40,0
1990,23,1,1,0,1,0,486,0,40,0
1990,22,2,1,0,1,0,436,3,40,0
1990,20,1,3,0,1,0,0,0,0,0
1990,65,2,2,0,0,0,796,3,0,0
1990,42,1,0,2,1,0,516,0,40,1
1990,25,2,0,2,1,0,688,1,0,0
1990,33,1,0,0,1,0,869,0,40,0
1990,36,2,0,0,1,0,453,3,0,0
1990,42,2,3,0,1,0,0,0,0,0
1990,19,1,1,0,0,0,243,3,25,0
1990,28,1,1,0,1,0,869,0,40,0
1990,29,1,0,0,1,0,779,1,40,0
1990,27,2,0,0,1,0,0,0,0,0
1990,23,1,3,0,1,0,759,1,40,0
1990,31,1,0,0,1,0,885,3,40,0
1990,28,2,0,0,1,0,796,1,0,0
1990,31,1,3,0,4,0,783,4,40,0
1990,62,1,0,2,0,0,866,0,40,0
1990,56,2,0,2,1,0,0,0,0,0
1990,30,1,1,0,3,1,224,1,50,0
1990,39,1,0,0,1,0,804,0,0,0
1990,41,2,0,0,1,0,466,5,40,0
1990,26,1,1,0,1,0,759,1,40,0
1990,46,1,0,0,1,0,877,3,40,0
1990,49,2,0,0,1,0,744,1,40,0
1990,19,1,1,0,1,0,754,1,40,0
1990,26,2,1,0,1,0,744,1,40,0
1990,20,1,1,0,1,0,734,1,40,0
1990,40,2,1,0,1,0,436,3,40,0
1990,28,2,1,0,1,0,365,3,0,0
1990,44,1,3,0,1,0,365,3,40,0
1990,25,2,1,0,1,0,0,0,0,0
1990,43,1,3,0,1,0,505,4,40,0
1990,24,2,1,0,0,1,439,3,40,0
1990,35,1,1,0,0,1,178,5,40,1
1990,40,2,2,0,1,1,194,5,45,0
1990,46,1,0,0,1,0,747,4,40,0
1990,28,2,0,0,1,0,747,4,0,0
1990,31,2,0,0,1,0,444,4,30,0
1990,39,1,0,0,1,1,748,4,40,0
1990,51,1,3,0,1,0,749,4,30,0
1990,51,1,0,0,0,0,0,0,0,0
1990,45,2,0,0,0,0,0,0,0,0
1990,22,2,1,0,0,0,276,4,0,0
1990,26,2,1,0,0,0,567,0,40,0
1990,23,1,1,2,0,0,453,2,40,0
1990,41,2,2,0,0,0,337,3,54,0
1990,22,2,1,2,1,0,785,1,49,0
1990,21,1,1,2,1,0,637,1,50,0
1990,19,1,1,2,1,0,785,1,30,0
1990,32,1,0,0,0,1,423,6,40,1
1990,31,2,0,0,0,1,337,6,0,0
1990,35,2,1,0,0,1,95,5,52,1
1990,59,1,2,0,1,0,414,6,50,0
1990,62,2,3,0,0,1,386,2,0,0
1990,74,1,0,0,2,0,0,0,0,0
1990,73,2,0,0,0,0,0,0,0,0
1990,67,2,3,0,0,0,389,1,0,0
1990,72,1,0,0,0,1,0,0,0,0
1990,72,2,0,0,0,1,0,0,0,0
1990,41,2,1,0,0,0,337,1,40,0
1990,30,1,0,2,1,0,523,4,40,0
1990,25,2,0,2,1,0,379,2,40,0
1990,20,1,1,2,1,0,759,1,40,0
1990,22,1,1,2,1,0,486,0,40,0
1990,30,1,1,2,1,0,486,0,0,0
1990,34,2,1,2,1,0,888,2,40,0
1990,27,2,3,2,1,0,889,2,40,0
1990,43,1,0,3,3,1,176,5,40,0
1990,39,2,0,3,3,1,785,1,40,0
1990,67,1,0,3,3,1,276,4,0,0
1990,64,2,0,3,3,0,0,0,0,0
1990,33,2,1,3,3,0,785,1,0,0
1990,45,1,1,0,0,0,779,5,40,0
1990,22,1,1,3,3,0,637,1,57,0
1990,47,1,0,3,3,1,335,5,0,0
1990,43,2,0,3,3,1,744,1,40,0
1990,73,2,3,3,3,0,0,0,0,0
1990,20,1,1,3,3,1,335,1,48,0
1990,18,2,1,3,3,0,0,0,0,0
1990,25,1,1,3,4,0,796,1,0,0
1990,32,2,1,3,4,0,0,0,0,0
1990,70,1,0,0,0,1,0,0,0,0
1990,67,2,0,0,0,1,313,1,18,0
1990,65,1,0,0,0,0,448,5,0,0
1990,64,2,0,0,0,1,0,0,0,0
1990,45,1,1,3,3,1,55,1,40,0
1990,46,2,2,0,0,0,0,0,0,0
1990,26,1,1,0,0,0,804,2,40,0
1990,23,2,1,0,0,0,276,3,40,0
1990,20,2,1,0,0,0,276,3,35,0
1990,18,2,1,0,0,0,276,3,30,0
1990,26,1,0,0,1,0,696,4,40,0
1990,26,2,0,0,1,1,449,4,32,0
1990,19,1,1,0,1,0,435,4,45,0
1990,43,1,3,0,1,0,435,4,32,0
1990,58,1,0,0,0,1,22,1,50,1
1990,47,2,0,0,0,0,667,4,36,0
1990,77,2,3,0,0,0,0,0,0,0
1990,42,1,0,0,0,1,259,1,40,1
1990,35,2,0,0,0,1,0,0,0,0
1990,46,1,0,0,0,1,407,4,48,1
1990,49,2,0,0,0,0,313,4,40,0
1990,19,2,1,0,0,0,453,4,30,0
1990,71,2,3,0,0,1,0,0,0,0
1990,53,2,3,0,0,0,406,4,50,0
1990,38,1,3,0,1,0,486,4,40,0
1990,36,2,3,0,1,0,0,0,0,0
1990,35,1,1,0,0,1,173,6,40,0
1990,22,2,1,0,1,0,407,4,60,0
1990,27,1,1,0,1,0,407,4,40,0
1990,69,1,0,0,0,1,0,0,0,0
1990,64,2,0,0,0,1,0,0,0,0
1990,57,1,3,0,0,0,407,4,40,0
1990,52,1,0,0,0,1,22,1,60,1
1990,53,2,0,0,0,1,156,5,9,0
1990,44,1,3,0,0,1,0,0,0,0
1990,40,1,0,0,1,0,486,5,40,0
1990,37,2,0,0,1,0,669,4,20,0
1990,18,2,1,0,0,0,0,0,0,0
1990,59,2,3,0,0,0,0,0,0,0
1990,41,1,0,0,0,1,355,2,40,0
1990,42,2,0,0,0,1,305,5,43,0
1990,19,2,1,0,0,0,274,3,20,0
1990,68,1,0,0,0,1,25,4,40,0
1990,64,2,0,0,0,1,0,0,0,0
1990,44,1,2,0,0,1,84,5,40,1
1990,74,1,0,0,0,0,0,0,0,0
1990,64,1,0,0,0,1,23,2,40,1
1990,60,2,0,0,0,1,197,1,40,0
1990,32,1,2,0,0,1,417,6,56,1
1990,29,2,1,2,1,1,436,3,40,0
1990,26,1,1,2,1,0,436,3,40,0
1990,30,1,1,2,1,0,575,0,40,0
1990,38,1,2,2,1,0,804,3,40,0
1990,21,1,0,0,1,0,444,3,40,0
1990,21,2,0,0,1,0,276,3,40,0
1990,18,1,0,0,1,0,887,4,40,0
1990,18,2,0,0,1,0,406,4,0,0
1990,20,2,3,0,1,0,453,3,40,0
1990,44,1,0,0,0,1,7,4,45,1
1990,42,2,0,0,0,1,156,5,40,0
1990,66,1,0,0,0,0,23,5,0,0
1990,64,2,0,0,0,1,229,4,40,0
1990,42,1,0,0,4,1,13,2,60,1
1990,42,2,0,0,4,1,318,2,0,0
1990,42,2,2,0,0,1,157,5,35,0
1990,18,2,1,0,0,1,313,4,10,0
1990,42,1,1,0,0,1,259,3,50,1
1990,32,2,2,0,0,1,22,4,48,1
1990,33,1,2,0,0,1,255,4,40,0
1990,28,2,3,0,0,1,256,3,55,0
1990,33,1,0,0,2,1,185,5,40,0
1990,31,2,0,3,0,1,22,4,45,0
1990,24,1,1,0,3,0,486,0,40,1
1990,42,2,2,0,0,1,22,1,0,0
1990,48,1,0,0,0,1,558,0,8,0
1990,45,2,0,0,0,1,204,5,9,0
1990,20,2,1,0,0,1,427,5,40,0
1990,60,1,0,0,0,1,174,5,45,1
1990,41,2,0,0,0,1,177,5,37,0
1990,48,1,0,0,0,1,13,2,60,1
1990,46,2,0,0,0,1,469,3,20,0
1990,21,1,1,0,0,1,487,0,20,0
1990,41,1,0,0,2,1,64,1,90,0
1990,51,2,0,0,0,1,207,5,40,0
1990,31,1,1,0,0,1,458,4,25,0
1990,59,1,0,0,2,1,558,0,60,1
1990,59,2,0,0,2,0,433,3,10,0
1990,56,1,3,0,0,1,22,0,40,1
1990,79,1,0,0,0,1,254,4,20,0
1990,38,2,1,0,0,1,84,5,40,0
1990,45,1,2,0,0,1,89,4,40,0
1990,45,1,1,0,0,1,25,4,70,0
1990,44,1,0,0,0,1,22,4,45,1
1990,36,2,0,0,0,1,256,4,40,0
1990,36,1,2,0,0,1,22,0,40,1
1990,29,1,1,3,3,1,389,3,40,0
1990,20,2,0,0,0,1,383,4,10,0
1990,46,1,0,0,0,1,308,1,40,0
1990,45,2,0,3,3,0,185,1,60,0
1990,35,1,0,0,0,1,423,6,40,0
1990,34,2,0,3,3,1,458,4,40,0
1990,39,1,0,0,0,1,243,1,45,0
1990,37,2,0,0,0,1,774,1,40,0
1990,37,1,0,0,0,1,259,3,40,0
1990,33,2,0,0,0,1,276,3,30,0
1990,57,1,0,0,0,1,22,1,48,1
1990,54,2,0,0,0,1,0,0,0,0
1990,25,1,1,0,0,1,434,3,20,0
1990,23,1,1,0,0,1,434,3,0,0
1990,37,1,0,0,0,1,22,1,40,1
1990,36,2,0,0,0,1,379,2,25,0
1990,45,1,0,0,0,1,22,0,60,0
1990,58,2,0,0,0,1,167,5,15,0
1990,18,2,1,0,0,0,433,3,14,0
1990,40,2,0,0,0,1,156,5,25,0
1990,42,1,0,0,0,1,259,3,50,1
1990,36,1,0,0,1,1,579,0,40,0
1990,43,2,0,0,1,1,0,0,0,0
1990,48,1,0,0,0,1,0,0,0,1
1990,42,2,0,0,0,0,0,0,0,0
1990,33,1,0,0,0,0,253,4,40,0
1990,27,2,0,0,0,1,278,1,3,0
1990,40,2,2,0,0,0,909,6,0,0
1990,22,1,1,0,0,0,0,0,0,0
1990,19,1,1,0,0,1,0,0,0,0
1990,40,1,0,0,0,1,243,3,30,0
1990,37,2,0,0,0,1,274,3,30,0
1990,57,2,2,0,0,0,337,3,40,0
1990,51,2,2,0,0,0,336,4,40,0
1990,35,1,0,0,0,1,22,2,50,1
1990,37,2,0,3,3,1,22,2,50,0
1990,38,1,0,3,0,1,44,1,41,1
1990,37,2,0,0,0,1,163,5,40,1
1990,44,1,0,0,0,1,22,0,40,1
1990,41,2,0,0,0,1,337,4,15,0
1990,20,2,1,0,0,1,435,3,20,0
1990,51,2,2,0,2,0,22,3,45,0
1990,41,1,2,0,0,1,22,3,45,0
1990,33,1,0,0,1,0,535,4,60,0
1990,33,2,0,0,1,0,0,0,0,0
1990,28,2,0,0,0,1,87,5,16,0
1990,29,1,0,0,0,1,769,1,50,1
1990,50,2,2,0,2,0,313,5,55,0
1990,21,2,1,0,0,1,263,3,40,0
1990,45,2,3,0,0,0,17,3,40,1
1990,23,1,1,0,0,0,567,0,37,0
1990,21,2,1,0,0,0,313,4,40,0
1990,70,1,0,0,2,1,0,0,0,0
1990,65,2,0,0,0,1,337,5,0,0
1990,79,1,0,0,0,1,0,0,0,0
1990,79,2,0,0,0,0,0,0,0,0
1990,76,1,0,0,0,1,0,0,0,1
1990,67,2,0,0,0,1,0,0,0,0
1990,76,1,0,0,0,1,389,6,0,0
1990,76,2,0,0,0,0,0,0,0,0
1990,61,2,1,0,0,0,447,4,60,0
1990,36,2,2,0,0,1,22,3,40,0
1990,44,1,0,0,0,1,22,1,50,0
1990,39,2,0,0,0,1,313,3,50,0
1990,75,1,0,0,2,0,0,0,0,0
1990,68,2,0,0,2,0,0,0,0,0
1990,44,1,0,2,1,0,435,3,38,0
1990,41,2,0,2,1,0,303,4,40,0
1990,30,2,0,0,0,0,463,2,40,0
1990,28,1,0,0,0,0,226,2,40,1
1990,44,1,0,0,0,1,13,3,40,1
1990,43,2,0,0,0,1,243,4,40,0
1990,37,1,0,0,0,1,229,4,40,1
1990,36,2,0,0,0,1,0,0,0,0
1990,33,1,0,0,0,1,53,5,40,0
1990,31,2,0,0,0,1,37,4,42,0
1990,23,1,0,2,0,1,59,4,40,0
1990,21,2,0,0,0,0,203,5,32,0
1990,66,2,3,0,0,1,254,4,24,1
1990,31,1,1,0,0,1,259,3,0,0
1990,37,1,0,0,0,1,243,3,50,0
1990,34,2,0,0,0,1,22,4,50,1
1990,73,1,0,0,0,0,0,0,0,0
1990,75,2,0,0,0,0,0,0,0,0
1990,50,1,0,0,0,1,226,2,60,1
1990,46,2,0,0,0,1,319,4,40,0
1990,21,2,1,0,0,1,313,3,30,0
1990,19,1,1,0,0,1,462,5,15,0
1990,50,1,0,0,0,1,804,2,40,0
1990,43,2,0,0,2,1,375,4,40,0
1990,62,1,0,0,0,0,0,0,0,0
1990,64,2,0,0,0,0,276,3,8,0
1990,26,2,0,0,0,1,315,5,40,0
1990,20,1,0,0,0,1,435,3,40,0
1990,59,1,0,0,0,1,22,4,40,1
1990,61,2,0,0,2,1,0,0,0,0
1990,24,1,1,0,0,1,505,4,17,0
1990,27,1,0,0,0,1,13,1,40,1
1990,25,2,0,0,0,1,256,4,30,0
1990,41,1,0,3,3,1,376,4,50,1
1990,33,2,0,3,3,1,97,5,6,0
1990,34,2,1,0,0,1,26,3,45,1
1990,22,1,1,0,0,0,844,0,55,0
1990,21,2,1,0,0,1,7,5,40,0
1990,75,1,0,0,0,1,22,1,40,0
1990,73,2,0,0,0,1,0,0,0,0
1990,53,1,2,0,0,1,254,4,60,1
1990,35,1,0,0,2,1,269,3,50,0
1990,33,2,0,0,0,0,0,0,0,0
1990,49,1,2,3,3,1,59,5,50,1
1990,49,2,2,3,3,1,254,4,8,1
1990,56,2,1,3,3,0,0,0,0,0
1990,43,1,3,0,0,1,44,1,40,1
1990,30,2,2,0,0,1,453,5,16,0
1990,66,1,0,0,0,0,808,2,40,0
1990,67,2,0,0,0,0,0,0,0,0
1990,23,2,1,0,0,1,435,3,9,0
1990,72,1,0,0,0,1,23,5,40,0
1990,67,2,0,0,0,0,0,0,0,0
1990,37,1,0,0,0,0,22,0,40,1
1990,36,2,0,0,0,0,22,0,32,1
1990,63,2,3,0,1,0,0,0,0,0
1990,37,2,1,0,1,0,407,4,30,0
1990,36,2,1,0,1,0,407,4,30,0
1990,20,2,1,0,0,0,276,0,30,0
1990,71,1,0,0,0,1,78,5,0,0
1990,73,2,0,0,0,0,338,5,0,0
1990,31,1,0,0,0,1,17,3,40,0
1990,36,2,0,0,0,1,17,3,40,0
1990,50,1,0,0,0,1,527,2,40,0
1990,43,2,0,0,0,1,529,2,40,0
1990,21,1,1,0,0,1,426,5,15,0
1990,42,1,0,0,0,0,505,3,40,1
1990,40,2,0,0,0,1,365,5,40,0
1990,21,1,1,0,0,0,904,6,40,0
1990,18,1,1,0,0,0,459,5,15,0
1990,53,2,0,0,2,1,0,0,0,0
1990,57,1,0,0,0,1,89,5,28,0
1990,30,1,1,0,0,1,89,5,15,0
1990,52,1,0,0,0,1,44,1,40,1
1990,50,2,0,0,0,0,313,1,40,0
1990,21,1,1,0,0,1,447,5,0,0
1990,57,1,0,3,3,1,243,3,40,1
1990,52,2,0,3,3,1,0,0,0,0
1990,25,2,1,3,3,1,276,5,20,0
1990,37,2,2,0,0,1,22,0,12,1
1990,18,2,1,0,0,0,0,0,0,0
1990,60,1,0,0,0,1,0,0,0,0
1990,59,2,0,0,0,1,157,5,37,0
1990,55,1,0,0,0,1,55,1,48,1
1990,53,2,0,0,0,0,22,0,20,0
1990,71,2,3,0,0,0,0,0,0,0
1990,38,2,0,3,3,1,254,4,40,1
1990,42,1,0,3,3,1,259,3,40,0
1990,55,1,0,0,0,1,243,3,60,1
1990,53,2,0,0,0,0,267,3,60,1
1990,55,1,0,3,3,1,254,4,40,1
1990,47,2,0,3,3,1,313,4,40,0
1990,22,1,1,3,0,0,22,5,25,0
1990,18,2,1,3,0,0,276,5,20,0
1990,54,1,0,0,0,1,96,3,41,1
1990,50,2,0,0,0,1,25,4,40,0
1990,21,2,1,0,0,1,156,5,15,0
1990,20,2,1,0,0,1,435,3,12,0
1990,63,1,0,0,0,1,5,6,50,1
1990,56,2,0,0,0,0,274,3,40,0
1990,29,1,0,0,0,1,27,1,40,0
1990,29,2,0,0,0,1,276,5,0,0
1990,40,2,1,0,0,1,65,1,40,0
1990,42,1,0,0,0,1,804,2,45,0
1990,26,2,0,0,0,1,25,4,40,0
1990,54,1,0,1,0,1,44,1,40,0
1990,46,2,0,1,0,1,22,1,40,0
1990,23,1,1,1,0,1,373,1,40,0
1990,36,1,0,2,1,0,243,1,45,0
1990,31,2,0,2,1,0,264,3,30,0
1990,64,2,3,2,1,0,0,0,0,0
1990,40,2,2,0,0,1,736,1,42,0
1990,60,1,0,0,0,0,706,1,40,0
1990,56,2,0,0,0,0,235,1,40,0
1990,31,2,2,0,0,0,276,3,16,0
1990,30,1,0,2,1,0,804,2,45,0
1990,25,2,0,2,1,0,687,1,0,0
1990,20,1,1,2,1,0,453,3,30,0
1990,49,1,0,0,0,0,803,3,60,0
1990,46,2,0,0,0,0,313,5,40,0
1990,39,1,2,0,0,1,243,3,50,0
1990,29,1,1,0,0,1,85,5,40,0
1990,28,1,0,0,1,1,558,0,40,0
1990,30,2,0,0,1,0,0,0,0,0
1990,20,2,0,0,1,0,0,0,0,0
1990,23,1,0,0,1,0,637,1,60,0
1990,32,1,1,3,0,1,59,4,40,0
1990,76,1,0,0,0,0,0,0,0,0
1990,70,2,0,0,0,1,0,0,0,0
1990,70,1,0,0,0,1,453,4,0,0
1990,63,2,0,0,0,0,449,4,0,0
1990,69,1,0,0,0,1,96,3,40,1
1990,43,2,0,0,0,1,185,3,40,0
1990,31,1,0,0,0,1,426,5,40,0
1990,20,2,0,0,0,1,447,5,15,0
1990,18,2,1,0,0,0,274,3,6,0
1990,53,1,0,2,1,0,889,3,40,0
1990,47,2,0,2,1,0,889,3,40,0
1990,55,1,0,3,3,0,0,0,0,0
1990,49,2,0,3,3,0,0,0,0,0
1990,29,1,0,1,0,0,585,4,40,0
1990,31,2,0,3,0,0,337,4,40,0
1990,35,1,1,3,0,0,856,1,40,0
1990,59,1,0,3,3,1,213,1,40,0
1990,53,2,0,3,3,0,0,0,0,0
1990,29,1,0,3,3,0,689,1,40,0
1990,33,2,0,3,3,0,274,3,0,0
1990,30,1,1,3,3,1,779,5,0,0
1990,27,1,1,3,3,0,866,3,40,0
1990,25,1,1,3,3,1,0,0,0,0
1990,24,2,1,3,3,1,0,0,0,0
1990,20,1,1,3,3,1,0,0,0,0
1990,31,1,0,2,1,0,585,0,40,0
1990,28,2,0,2,0,0,785,1,40,0
1990,26,1,0,0,0,1,156,5,40,0
1990,24,2,0,0,0,1,447,5,40,0
1990,37,1,0,0,0,1,243,3,48,0
1990,38,2,0,0,0,1,313,5,40,0
1990,18,2,1,0,0,0,365,3,26,0
1990,23,1,1,0,0,1,267,3,60,0
1990,29,2,2,0,0,1,373,3,0,0
1990,58,1,0,1,0,1,14,5,44,1
1990,50,2,0,1,0,1,154,5,40,1
1990,40,1,0,0,0,1,44,1,40,1
1990,38,2,0,3,0,1,22,5,20,0
1990,53,1,0,0,0,0,22,0,40,0
1990,54,2,0,0,0,1,257,4,40,0
1990,43,1,0,0,0,0,628,1,40,0
1990,42,2,0,0,0,0,376,2,40,0
1990,18,1,1,0,0,0,436,3,20,0
1990,68,1,0,0,3,0,0,0,0,0
1990,63,2,0,0,3,0,0,0,0,0
1990,43,2,1,0,3,0,0,0,0,0
1990,34,1,1,0,3,0,575,0,40,0
1990,29,2,1,0,3,1,256,4,40,0
1990,46,1,0,0,0,1,565,5,40,0
1990,40,2,0,0,0,0,276,4,24,0
1990,58,2,3,0,0,1,156,5,40,0
1990,36,2,2,0,0,0,337,0,35,0
1990,37,1,0,3,3,0,0,0,0,0
1990,32,2,0,3,3,0,0,0,0,0
1990,56,1,2,0,0,1,526,1,40,0
1990,44,1,0,0,0,1,22,1,40,0
1990,44,2,0,0,0,1,206,5,40,0
1990,18,2,1,0,0,1,264,3,16,0
1990,37,1,0,0,0,1,64,3,50,0
1990,31,2,0,0,0,1,436,5,80,0
1990,38,1,0,3,3,1,385,6,40,0
1990,37,2,0,3,3,1,0,0,0,0
1990,41,1,3,3,3,0,666,3,20,0
1990,45,2,3,0,0,0,458,4,0,0
1990,58,1,0,0,0,0,806,3,48,1
1990,49,2,0,0,0,0,384,1,12,0
1990,38,1,0,0,0,0,22,1,40,0
1990,38,2,0,0,0,0,313,5,40,0
1990,18,1,1,0,0,0,804,3,40,0
1990,36,2,1,0,0,1,305,5,40,0
1990,66,1,3,0,0,0,0,0,0,0
1990,28,2,3,2,1,0,683,1,40,0
1990,23,1,1,2,1,0,444,4,40,0
1990,22,1,1,2,1,0,436,4,40,0
1990,31,1,2,0,0,0,804,4,40,0
1990,28,1,3,0,0,0,628,3,55,0
1990,42,1,3,0,0,0,585,0,40,0
1990,71,2,3,0,2,0,0,0,0,0
1990,43,2,2,0,0,0,888,1,40,0
1990,71,1,0,0,0,0,426,4,40,1
1990,74,2,0,0,0,0,0,0,0,0
1990,34,1,1,3,3,1,259,3,20,0
1990,29,1,0,3,3,1,706,1,40,0
1990,24,2,0,3,3,1,785,1,30,0
1990,38,2,3,3,3,0,785,1,40,0
1990,19,2,1,3,3,0,163,5,20,0
1990,25,1,1,3,3,1,259,3,40,0
1990,23,1,1,3,3,1,389,4,40,0
1990,18,1,1,3,3,0,274,3,20,0
1990,47,1,0,2,0,0,795,1,40,0
1990,39,2,0,0,0,0,313,1,40,0
1990,39,1,0,3,3,0,0,0,0,0
1990,36,2,0,3,4,1,0,0,0,0
1990,23,2,1,1,0,0,458,4,25,0
1990,50,2,2,3,3,1,785,1,40,0
1990,59,1,0,0,0,1,44,1,40,0
1990,56,2,0,0,0,0,337,1,40,0
1990,70,2,3,0,0,1,313,3,0,0
1990,34,2,3,0,0,1,95,5,25,0
1990,33,1,1,2,4,0,783,3,40,0
1990,20,1,1,2,4,0,503,1,0,0
1990,37,2,1,2,0,0,447,5,4,0
1990,29,1,0,0,1,0,17,3,45,0
1990,25,2,0,0,1,0,0,0,0,0
1990,65,1,3,0,1,0,355,2,0,0
1990,48,1,0,0,0,1,216,1,60,0
1990,47,2,0,0,0,1,157,5,25,0
1990,50,1,2,0,0,0,216,1,40,0
1990,45,1,0,1,0,1,22,1,40,0
1990,55,2,0,0,2,1,0,0,0,0
1990,18,1,1,1,0,1,274,3,40,0
1990,55,1,0,0,0,0,637,1,40,0
1990,38,2,0,0,0,1,389,5,40,0
1990,64,1,0,0,0,1,555,5,0,0
1990,56,2,0,3,3,0,28,3,40,0
1990,25,1,2,3,0,0,695,2,40,0
1990,24,1,2,0,0,0,575,0,40,0
1990,43,1,0,0,0,1,303,2,40,0
1990,40,2,0,0,0,1,29,3,40,0
1990,21,1,1,0,0,1,464,4,40,0
1990,25,1,1,0,0,0,783,0,40,0
1990,41,1,0,0,0,1,365,1,50,0
1990,41,2,0,0,0,1,467,5,30,0
1990,19,2,1,0,0,1,883,5,25,0
1990,27,2,0,0,0,1,628,1,55,0
1990,27,1,0,0,0,1,23,1,55,1
1990,25,1,0,0,0,0,336,4,40,0
1990,23,2,0,0,0,1,389,4,40,0
1990,38,2,2,0,0,0,259,3,46,1
1990,40,1,2,0,0,1,29,3,45,1
1990,37,1,0,0,0,1,22,0,60,1
1990,41,2,0,0,0,0,0,0,0,0
1990,59,1,0,0,0,1,26,6,40,0
1990,42,2,0,0,2,1,343,4,40,0
1990,34,2,2,0,0,1,257,4,40,1
1990,34,1,0,0,0,1,22,4,50,1
1990,19,1,3,0,0,0,508,6,40,0
1990,27,1,0,0,0,0,156,5,40,0
1990,25,2,0,0,0,0,389,4,48,0
1990,27,2,2,0,0,1,319,5,37,0
1990,40,1,0,2,1,0,235,1,50,0
1990,37,2,0,2,1,0,779,1,48,0
1990,41,2,0,3,3,1,223,1,40,0
1990,45,1,0,3,3,1,33,4,40,0
1990,40,2,3,3,3,0,785,3,40,0
1990,19,1,1,3,3,0,438,3,99,0
1990,64,2,3,3,3,0,364,3,40,0
1990,31,1,0,0,0,1,417,6,70,1
1990,26,2,0,0,0,1,177,5,40,0
1990,49,1,0,0,0,1,418,6,40,1
1990,52,2,0,0,0,0,888,1,40,0
1990,36,1,0,0,0,1,234,5,50,1
1990,33,2,0,0,0,1,44,1,40,1
1990,49,1,0,0,0,1,259,1,55,1
1990,48,2,0,0,0,1,14,5,0,0
1990,46,2,2,0,0,0,379,2,40,0
1990,20,2,1,0,0,0,274,3,20,0
1990,36,1,0,0,0,1,253,4,42,0
1990,35,2,0,3,3,1,253,4,45,0
1990,48,1,0,0,0,1,22,1,60,1
1990,39,2,0,0,0,1,463,2,40,0
1990,30,1,0,0,0,1,417,6,68,0
1990,30,2,0,0,0,1,157,5,40,0
1990,41,1,0,3,3,1,17,3,40,0
1990,37,2,0,0,0,0,319,0,26,0
1990,37,1,0,0,0,1,178,5,45,1
1990,37,2,0,0,0,1,0,0,0,0
1990,36,2,3,0,2,0,313,5,37,0
1990,29,1,0,3,3,0,508,1,40,0
1990,25,2,0,0,2,1,307,3,25,0
1990,37,2,1,3,3,1,435,3,40,0
1990,30,1,1,0,0,1,22,1,45,1
1990,26,2,1,0,0,1,337,1,40,0
1990,52,2,2,0,2,1,319,4,40,0
1990,41,2,2,1,0,1,205,4,40,0
1990,25,2,1,1,0,1,385,4,40,0
1990,19,1,1,1,0,1,376,5,0,0
1990,18,2,1,1,0,0,0,0,0,0
1990,44,2,1,0,0,1,95,5,42,1
1990,32,2,1,0,1,1,144,5,20,0
1990,37,1,0,3,3,1,59,3,40,1
1990,35,2,0,3,3,1,0,0,0,0
1990,19,1,1,0,0,1,276,3,28,0
1990,22,1,1,0,0,1,154,5,15,0
1990,41,2,3,3,3,1,313,0,40,0
1990,68,1,0,0,0,1,0,0,0,0
1990,65,2,0,0,0,1,0,0,0,0
1990,32,1,0,0,2,1,78,5,50,1
1990,32,2,0,3,0,1,78,5,40,0
1990,54,2,3,0,0,1,0,0,0,1
1990,47,1,0,0,0,1,18,4,45,1
1990,46,2,0,0,0,1,0,0,0,0
1990,19,1,1,0,0,0,785,3,15,0
1990,31,1,0,0,0,1,593,0,50,0
1990,30,2,0,0,0,1,337,5,32,0
1990,52,1,2,0,0,1,507,4,40,0
1990,34,1,0,0,0,1,7,1,40,1
1990,33,2,0,0,0,1,389,1,10,0
1990,38,1,0,0,0,0,869,0,40,0
1990,33,2,0,0,0,1,156,5,40,0
1990,50,1,0,3,3,1,518,2,40,0
1990,48,2,0,3,3,1,354,2,40,0
1990,21,2,1,3,3,1,313,4,40,0
1990,18,1,1,3,3,0,365,3,30,0
1990,69,2,3,3,3,1,0,0,0,0
1990,54,1,2,0,0,1,8,5,40,0
1990,34,1,2,0,0,1,307,6,85,0
1990,26,1,3,0,4,1,785,6,50,0
1990,31,1,0,3,2,1,303,4,40,0
1990,28,2,0,0,0,1,337,4,3,0
1990,48,2,2,3,3,0,785,3,54,0
1990,18,1,1,1,0,0,276,3,0,0
1990,41,2,2,0,0,1,155,5,40,0
1990,69,1,0,0,0,1,5,6,0,0
1990,67,2,0,0,0,1,156,5,0,0
1990,64,1,0,0,0,1,22,3,32,1
1990,61,2,0,0,0,1,0,0,0,0
1990,74,1,0,0,0,1,0,0,0,0
1990,71,2,0,0,0,1,0,0,0,0
1990,37,1,0,0,0,0,243,1,40,0
1990,36,2,0,0,0,1,447,5,20,0
1990,33,1,0,0,0,1,26,5,60,1
1990,28,2,0,3,0,1,254,4,60,1
1990,57,1,0,0,0,1,426,2,46,1
1990,58,2,0,0,0,1,0,0,0,0
1990,53,1,0,0,0,1,417,6,20,1
1990,52,2,0,0,0,1,22,1,40,0
1990,75,1,0,0,0,1,18,4,40,1
1990,73,2,0,0,0,1,0,0,0,0
1990,61,1,0,0,0,1,188,4,40,0
1990,47,2,0,0,0,1,313,5,40,0
1990,20,2,1,0,0,1,313,5,25,0
1990,34,1,1,0,0,0,22,1,40,0
1990,40,1,1,0,0,1,417,6,56,0
1990,40,2,2,0,0,1,22,5,40,0
1990,55,1,0,0,2,1,696,1,50,0
1990,52,2,0,0,2,1,389,4,20,0
1990,27,2,1,0,0,1,257,4,40,0
1990,35,2,2,0,0,1,435,3,25,0
1990,62,2,3,0,0,0,313,3,31,0
1990,32,2,1,0,4,1,274,3,40,0
1990,27,1,1,0,0,1,264,3,40,0
1990,73,2,3,0,0,1,0,0,0,0
1990,74,2,2,0,0,0,0,0,0,0
1990,32,1,2,0,0,1,307,3,0,0
1990,24,1,1,0,0,1,264,3,0,0
1990,77,2,3,0,0,0,469,5,40,0
1990,77,2,3,0,0,0,0,0,0,0
1990,37,1,0,0,0,1,55,1,40,0
1990,39,2,0,0,0,1,195,1,50,1
1990,50,2,0,0,0,1,315,4,20,0
1990,50,1,0,0,0,1,22,1,50,1
1990,21,1,1,0,0,1,274,3,40,0
1990,37,2,2,0,0,0,253,4,40,0
1990,49,1,2,2,1,0,435,3,37,0
1990,18,1,1,2,0,1,443,3,20,0
1990,20,1,1,2,0,0,443,3,35,0
1990,30,1,0,0,0,0,505,4,72,0
1990,27,2,0,0,0,0,197,4,0,0
1990,33,2,3,0,0,1,24,4,40,0
1990,30,2,2,0,0,1,426,1,40,0
1990,42,2,2,0,0,0,243,3,40,0
1990,26,1,0,0,1,0,486,0,40,0
1990,25,2,0,0,1,0,0,0,0,0
1990,24,1,0,0,1,0,486,0,40,0
1990,23,2,0,0,1,0,0,0,0,0
1990,20,1,1,0,1,0,687,3,40,0
1990,50,1,0,0,1,0,567,1,40,0
1990,37,2,0,0,1,0,449,5,40,0
1990,19,1,1,0,1,0,486,0,40,0
1990,33,2,2,0,0,1,375,4,40,0
1990,46,1,0,0,0,1,804,3,50,0
1990,43,2,0,0,0,1,337,5,15,0
1990,20,2,1,2,1,0,466,5,30,0
1990,24,1,1,2,1,0,453,3,60,0
1990,30,2,3,2,1,0,444,3,40,0
1990,62,1,0,0,0,1,243,3,0,1
1990,59,2,0,0,0,1,0,0,0,0
1990,40,2,0,0,3,1,0,0,0,0
1990,50,1,0,0,3,1,44,1,50,1
1990,19,2,1,0,0,1,313,5,32,0
1990,77,2,3,0,0,1,264,3,40,0
1990,49,1,0,0,0,1,253,4,48,0
1990,40,2,0,0,2,1,313,5,40,0
1990,49,1,0,0,0,1,389,4,40,0
1990,48,2,0,0,0,1,22,4,40,0
1990,20,2,1,0,0,1,323,5,40,0
1990,30,1,1,0,0,0,22,2,50,0
1990,37,1,0,3,3,1,85,5,50,1
1990,37,2,0,3,3,1,319,5,50,0
1990,68,2,3,3,3,1,0,0,0,0
1990,76,1,0,0,2,1,0,0,0,0
1990,74,2,0,0,2,0,0,0,0,0
1990,48,1,0,0,0,1,243,4,40,1
1990,43,2,0,0,0,1,0,0,0,0
1990,27,1,0,0,0,1,779,1,0,0
1990,26,2,0,0,0,1,435,3,40,0
1990,43,1,0,0,0,1,176,5,50,1
1990,34,2,0,0,0,1,259,3,20,0
1990,44,2,2,0,0,0,17,3,40,0
1990,18,2,1,0,0,1,376,3,20,0
1990,27,1,1,0,0,1,22,0,50,1
1990,27,1,1,0,0,1,178,5,40,0
1990,19,2,1,0,0,1,435,3,20,0
1990,33,2,1,0,0,1,435,3,30,0
1990,41,1,0,0,0,1,22,3,60,1
1990,40,2,0,0,0,1,274,3,0,0
1990,49,1,0,0,0,1,22,3,45,1
1990,48,2,0,0,0,1,0,0,0,0
1990,27,1,1,0,3,1,229,4,40,0
1990,63,1,3,0,3,1,0,0,0,0
1990,29,1,1,0,0,1,255,4,60,1
1990,43,1,2,0,0,1,386,4,40,0
1990,24,2,1,3,3,1,797,3,40,0
1990,38,1,2,0,0,1,22,1,15,0
1990,28,1,0,0,0,0,567,0,40,0
1990,23,2,0,0,0,0,22,5,25,0
1990,72,1,0,0,0,1,0,0,0,0
1990,72,2,0,0,0,1,0,0,0,0
1990,66,2,3,0,0,0,313,5,40,0
1990,50,1,0,0,0,1,259,3,48,0
1990,47,2,0,0,0,1,0,0,0,0
1990,52,2,0,0,0,1,156,5,27,0
1990,43,1,0,0,0,1,804,3,40,0
1990,39,1,1,0,0,1,549,1,40,0
1990,45,1,0,0,0,1,243,3,40,1
1990,31,2,0,0,0,1,243,3,0,0
1990,56,1,0,0,0,1,243,1,0,1
1990,51,2,0,0,0,1,254,4,0,0
1990,20,1,1,0,0,0,379,6,25,0
1990,20,1,1,1,0,0,579,4,40,0
1990,23,1,1,0,0,1,435,3,20,0
1990,69,1,0,0,0,1,259,3,33,0
1990,62,2,0,0,0,0,29,3,40,0
1990,37,2,2,0,0,1,95,5,40,0
1990,52,2,2,0,4,1,257,1,40,0
1990,42,1,1,0,0,0,22,3,45,0
1990,48,2,0,0,1,1,0,0,0,0
1990,46,1,0,0,2,1,22,1,50,1
1990,22,2,1,0,0,1,337,4,10,0
1990,24,1,1,0,0,1,637,1,0,0
1990,41,1,0,0,0,1,23,6,45,0
1990,51,2,0,0,0,1,379,1,40,0
1990,45,2,2,0,0,1,27,6,42,0
1990,25,2,1,0,0,1,356,6,40,0
1990,22,1,1,0,0,1,417,5,20,0
1990,38,1,3,0,0,1,23,5,48,1
1990,29,1,1,0,0,1,877,3,40,0
1990,22,1,1,0,0,1,785,1,32,0
1990,49,2,3,0,0,1,315,6,40,0
1990,72,2,2,0,0,1,0,0,0,0
1990,56,1,0,0,0,1,55,1,40,1
1990,50,2,0,0,0,1,0,0,0,0
1990,25,1,1,0,0,1,22,1,40,0
1990,26,2,1,0,0,1,22,1,40,0
1990,46,2,2,0,0,1,64,4,40,1
1990,47,1,2,0,1,0,64,4,42,1
1990,49,2,2,0,0,0,22,3,40,0
1990,43,2,0,0,0,1,0,0,0,0
1990,43,1,0,0,0,0,686,3,48,1
1990,41,1,0,0,0,1,157,5,40,0
1990,35,2,0,0,0,1,97,5,20,0
1990,46,1,0,0,0,0,243,3,48,1
1990,43,2,0,3,0,0,264,3,30,0
1990,24,1,1,0,0,1,264,3,24,0
1990,48,1,0,0,0,1,44,1,40,0
1990,45,2,0,0,0,1,259,1,40,0
1990,73,1,2,0,0,0,0,0,0,0
1990,48,2,3,0,0,1,313,4,40,0
1990,23,1,1,0,0,1,804,3,25,0
1990,20,2,1,0,0,1,274,3,25,0
1990,32,2,1,0,0,0,22,4,40,0
1990,28,1,1,0,0,1,173,6,40,0
1990,54,1,0,0,0,1,418,6,40,0
1990,37,2,0,0,0,0,343,3,32,0
1990,59,2,3,0,2,1,164,5,50,0
1990,22,2,1,0,0,1,389,4,30,0
1990,62,2,2,0,0,1,888,3,25,0
1990,36,1,0,0,0,1,25,4,40,0
1990,35,2,0,0,0,1,0,0,0,0
1990,55,1,0,0,0,1,303,4,38,1
1990,54,2,0,0,0,1,156,5,50,0
1990,23,2,1,0,0,0,435,3,40,0
1990,49,1,0,0,0,0,889,2,40,0
1990,47,2,0,0,0,1,379,5,35,0
1990,40,1,0,0,0,1,157,5,40,1
1990,37,2,0,0,0,1,183,5,30,0
1990,27,2,1,0,0,1,159,5,0,0
1990,53,1,2,0,2,1,505,3,40,0
1990,52,2,2,0,0,1,234,5,40,0
1990,26,2,1,0,0,1,234,4,40,0
1990,62,1,0,0,0,0,337,1,35,1
1990,61,2,0,0,2,0,385,1,0,0
1990,63,1,0,0,0,1,613,0,0,0
1990,59,2,0,0,0,0,337,4,20,0
1990,31,2,1,0,0,0,208,5,40,0
1990,29,2,1,0,0,0,283,3,45,0
1990,27,1,1,0,0,1,44,1,56,1
1990,28,1,1,0,0,1,44,1,50,0
1990,63,2,2,0,0,0,385,0,40,0
1990,46,1,0,0,1,0,549,4,40,0
1990,46,2,0,0,0,0,466,5,40,0
1990,36,1,1,0,0,0,0,0,0,0
1990,29,1,2,0,0,0,614,0,40,0
1990,26,2,1,1,0,1,313,4,40,0
1990,42,1,0,0,0,1,657,3,40,1
1990,33,2,0,0,0,1,373,3,40,0
1990,56,1,2,0,2,1,224,2,60,1
1990,53,1,0,0,0,1,7,5,40,1
1990,48,2,0,3,3,1,313,5,40,0
1990,21,2,1,3,3,1,95,5,15,0
1990,41,2,2,0,0,1,304,4,40,0
1990,51,2,3,0,0,0,33,1,40,0
1990,27,1,1,0,0,1,178,5,22,0
1990,25,2,1,0,0,1,276,3,40,0
1990,22,2,1,0,0,1,487,0,40,0
1990,28,1,0,0,0,1,257,4,40,0
1990,23,2,0,0,0,1,7,2,40,0
1990,49,1,0,0,0,1,22,0,60,1
1990,61,2,0,0,0,1,313,6,40,0
1990,30,2,0,0,0,1,276,4,0,0
1990,29,1,0,0,0,1,22,2,40,0
1990,22,1,1,0,0,1,435,3,30,0
1990,24,1,1,0,0,1,436,3,0,0
1990,26,1,0,0,0,1,503,3,50,0
1990,20,2,0,0,0,0,689,3,40,0
1990,43,2,2,0,0,1,303,4,40,0
1990,19,2,1,0,0,1,0,0,0,0
1990,44,1,0,0,0,1,23,4,40,0
1990,44,2,0,0,0,0,387,5,22,0
1990,19,1,1,0,0,1,436,3,0,0
1990,29,1,0,0,0,1,259,3,60,1
1990,24,2,0,2,0,1,22,5,40,1
1990,53,1,0,3,3,0,308,1,40,0
1990,45,2,0,3,3,1,174,5,40,0
1990,69,2,3,3,3,0,0,0,0,0
1990,43,1,0,3,3,1,355,2,40,1
1990,40,2,0,3,3,1,95,5,30,0
1990,42,1,1,0,0,1,734,1,40,0
1990,27,2,1,0,0,1,95,5,40,0
1990,45,2,2,0,0,0,379,5,40,0
1990,20,2,1,0,0,0,445,5,40,0
1990,49,1,0,0,0,1,243,2,50,1
1990,46,2,0,0,0,1,37,2,50,0
1990,19,2,2,0,0,1,274,5,40,0
1990,64,1,0,0,0,1,55,5,0,1
1990,60,2,0,0,0,1,0,0,0,0
1990,66,2,2,0,0,0,185,3,0,0
1990,51,2,2,0,0,1,27,4,40,0
1990,45,2,2,0,0,1,385,4,40,0
1990,26,2,1,0,0,0,385,5,40,0
1990,80,2,0,0,0,0,0,0,0,0
1990,36,1,0,0,0,0,22,1,66,1
1990,26,2,0,0,0,0,379,4,40,0
1990,35,1,2,0,0,1,198,2,50,0
1990,26,2,2,0,0,1,207,5,50,0
1990,27,1,0,0,0,1,904,6,40,0
1990,27,2,0,3,3,1,155,5,40,0
1990,31,1,0,0,0,1,7,1,40,1
1990,29,2,0,0,0,1,25,3,40,0
1990,76,2,3,0,0,1,0,0,0,0
1990,34,1,1,1,0,1,575,5,60,1
1990,41,1,0,2,0,0,683,1,40,0
1990,37,2,0,0,4,0,319,5,40,0
1990,36,2,0,2,0,0,766,1,40,0
1990,38,1,0,0,0,0,185,3,60,0
1990,48,1,2,0,0,1,22,2,50,0
1990,34,2,1,0,0,0,407,4,30,0
1990,42,1,2,0,0,0,804,3,55,0
1990,61,1,0,0,0,1,13,1,40,1
1990,40,2,0,0,0,1,22,1,0,0
1990,21,2,1,0,0,0,376,1,40,0
1990,19,2,1,0,0,0,779,1,0,0
1990,50,2,2,0,0,1,374,1,40,0
1990,54,1,0,0,0,1,159,6,40,0
1990,51,2,0,0,0,0,0,0,0,0
1990,33,1,0,0,0,1,189,5,35,1
1990,35,2,0,0,0,1,187,5,40,0
1990,43,1,0,0,0,1,259,3,60,1
1990,39,2,0,0,2,1,909,6,0,0
1990,57,2,3,0,0,1,313,1,40,0
1990,48,1,0,3,0,1,259,3,40,1
1990,46,2,0,3,0,1,234,5,40,1
1990,25,1,1,3,0,1,418,6,30,0
1990,47,1,0,1,0,0,804,2,45,0
1990,44,2,0,1,0,1,259,3,0,0
1990,25,1,1,0,0,1,257,0,50,0
1990,43,1,0,0,0,1,255,4,40,0
1990,43,2,0,0,0,1,274,3,25,0
1990,25,1,0,0,0,0,804,2,60,0
1990,21,2,0,0,1,0,796,1,0,0
1990,46,1,0,0,0,1,243,3,40,0
1990,46,2,0,0,0,1,337,4,40,0
1990,19,2,1,0,0,0,189,4,35,0
1990,41,1,3,0,0,1,308,5,37,0
1990,25,1,1,3,3,1,267,3,40,0
1990,40,1,0,3,0,1,365,3,40,0
1990,38,2,0,3,3,1,444,5,24,0
1990,30,1,1,0,0,1,678,5,40,0
1990,58,1,1,0,0,1,22,0,50,0
1990,24,2,1,2,2,1,23,4,40,0
1990,28,1,1,1,0,1,195,1,40,0
1990,25,1,0,2,1,0,869,0,40,0
1990,25,2,0,2,1,0,436,3,40,1
1990,28,1,1,2,1,0,869,0,40,0
1990,34,1,0,0,0,1,235,1,40,1
1990,32,2,0,0,0,0,313,5,30,0
1990,53,1,2,0,0,0,22,0,40,1
1990,19,1,1,0,0,1,22,3,30,0
1990,20,2,1,0,0,1,458,4,40,0
1990,28,1,0,2,1,0,637,1,40,0
1990,20,2,0,2,1,0,744,1,40,0
1990,18,2,1,2,1,0,406,4,32,0
1990,18,2,1,2,1,0,348,5,40,0
1990,71,1,0,0,2,1,628,1,0,0
1990,50,2,0,0,0,1,33,4,45,0
1990,28,2,1,0,0,1,435,3,32,0
1990,29,1,1,0,0,1,579,0,45,0
1990,60,1,0,0,0,1,44,1,40,1
1990,59,2,0,0,0,1,0,0,0,0
1990,27,1,1,2,1,1,208,6,20,0
1990,32,1,1,2,1,1,444,5,40,0
1990,49,1,3,2,1,1,869,0,40,0
1990,38,2,1,2,1,0,683,1,40,0
1990,39,1,0,0,0,0,804,2,40,0
1990,39,2,0,0,0,0,22,2,40,0
1990,21,2,1,0,0,1,274,5,8,0
1990,18,2,1,0,0,0,877,3,30,0
1990,27,1,0,0,1,0,889,1,40,0
1990,26,2,0,0,1,0,779,3,40,0
1990,23,1,1,0,1,0,889,1,40,0
1990,21,1,1,0,1,0,777,1,40,0
1990,47,2,0,0,0,1,22,1,50,0
1990,50,1,0,0,0,1,363,1,50,1
1990,23,2,1,0,0,1,194,5,30,0
1990,64,1,0,0,0,0,503,2,0,0
1990,65,2,0,0,0,1,0,0,0,0
1990,29,2,3,0,0,1,208,5,0,0
1990,26,1,0,0,0,1,804,2,25,0
1990,45,1,0,2,0,1,637,1,40,0
1990,42,2,0,0,0,0,7,5,40,0
1990,22,2,1,0,0,1,315,5,40,0
1990,65,2,3,2,1,0,14,5,0,0
1990,29,2,0,0,0,0,337,4,40,0
1990,39,1,0,0,0,0,505,3,40,0
1990,20,2,1,2,0,0,337,4,40,0
1990,21,1,1,2,0,0,587,0,40,0
1990,38,1,0,3,3,0,22,0,40,0
1990,30,2,0,3,3,0,799,1,0,0
1990,57,1,0,0,0,1,307,3,45,0
1990,65,2,0,0,0,1,0,0,0,0
1990,31,1,1,0,0,1,208,5,48,0
1990,64,1,3,0,0,0,0,0,0,0
1990,36,2,1,0,0,1,754,1,40,0
1990,39,2,0,0,0,0,0,0,0,0
1990,43,1,0,0,0,0,363,1,40,0
1990,66,1,0,0,0,1,313,4,32,0
1990,65,2,0,0,0,0,453,4,10,0
1990,36,2,2,0,0,0,453,2,40,0
1990,31,2,2,1,0,1,407,4,0,0
1990,30,1,0,0,0,0,308,1,40,0
1990,26,2,0,0,0,1,17,3,52,0
1990,31,1,1,3,3,1,18,4,50,1
1990,22,1,1,3,3,1,268,3,40,0
1990,28,1,1,0,0,1,534,0,50,0
1990,22,2,1,0,0,0,243,3,40,0
1990,30,2,1,0,0,1,314,6,50,1
1990,57,2,2,0,0,0,188,1,40,0
1990,24,2,1,0,0,0,319,4,40,0
1990,57,1,0,3,3,1,0,0,0,0
1990,53,2,0,3,3,0,683,1,0,0
1990,21,2,1,3,3,1,313,1,0,0
1990,20,2,1,3,3,0,313,4,0,0
1990,18,2,1,3,3,0,276,3,0,0
1990,37,1,2,0,0,0,263,3,20,0
1990,60,1,0,3,3,1,17,3,9,0
1990,53,2,0,3,3,1,17,3,0,0
1990,19,2,1,3,3,1,0,0,0,0
1990,78,2,3,0,0,1,0,0,0,0
1990,27,2,1,0,0,1,27,4,40,0
1990,22,1,2,0,0,1,503,3,50,0
1990,28,1,0,0,0,1,57,1,41,0
1990,26,2,0,0,0,1,156,5,34,0
1990,32,1,0,0,1,0,307,1,0,0
1990,29,2,0,0,1,0,406,4,0,0
1990,24,1,1,0,1,0,785,1,0,0
1990,32,1,0,0,0,1,534,0,40,0
1990,33,2,0,0,0,1,315,4,40,0
1990,68,1,0,0,0,0,634,1,0,0
1990,68,2,0,0,0,0,0,0,0,0
1990,38,1,1,0,0,0,365,4,43,0
1990,27,1,0,2,1,0,748,5,40,0
1990,28,2,0,2,1,0,449,4,40,0
1990,71,2,3,0,0,1,0,0,0,0
1990,21,2,0,2,1,0,0,0,0,0
1990,27,1,0,2,1,0,779,1,40,0
1990,20,2,0,2,1,0,0,0,0,0
1990,28,1,0,2,1,0,453,1,40,0
1990,31,2,1,2,1,0,779,1,40,0
1990,26,1,3,2,1,0,725,1,48,0
1990,26,1,1,0,0,1,157,5,30,0
1990,30,1,1,0,0,1,256,4,40,0
1990,66,2,3,0,0,0,337,3,40,0
1990,23,1,1,0,0,1,526,3,40,0
1990,21,2,1,0,0,1,65,1,40,0
1990,24,1,1,0,0,1,518,3,32,0
1990,60,2,2,0,0,1,257,1,28,0
1990,39,1,0,0,0,1,355,2,40,0
1990,39,2,0,0,0,1,468,5,20,0
1990,18,1,1,0,0,0,877,3,20,0
1990,29,1,0,2,0,0,505,3,40,0
1990,28,2,0,0,0,1,23,1,45,0
1990,50,1,0,0,0,0,365,1,0,0
1990,38,2,0,0,0,1,313,1,0,0
1990,80,2,2,0,0,0,0,0,0,0
1990,61,2,2,0,0,1,27,1,45,0
1990,37,1,1,0,0,1,55,0,0,0
1990,38,1,0,0,0,0,364,1,40,0
1990,34,2,0,0,0,1,379,1,40,0
1990,58,2,0,0,0,1,156,5,50,0
1990,70,1,0,0,0,1,183,4,30,0
1990,54,1,0,0,0,1,22,1,40,0
1990,45,2,0,0,0,1,0,0,0,0
1990,68,1,0,0,0,1,558,0,20,0
1990,69,2,0,0,0,1,0,0,0,0
1990,49,1,0,3,3,1,22,1,50,1
1990,41,2,0,3,3,1,22,5,45,0
1990,50,1,0,0,0,1,217,1,40,1
1990,45,2,0,0,0,1,313,5,0,0
1990,44,1,0,0,0,1,254,4,40,1
1990,44,2,0,0,0,1,447,5,3,0
1990,54,1,0,0,0,1,44,1,40,1
1990,53,2,0,0,0,1,0,0,0,0
1990,67,1,0,0,0,0,0,0,0,0
1990,32,2,0,0,0,1,0,0,0,1
1990,58,1,0,0,0,1,64,1,40,0
1990,57,2,0,3,3,0,774,1,40,0
1990,29,1,1,3,0,1,774,4,20,0
1990,34,1,1,3,0,0,804,2,0,0
1990,49,2,2,0,0,1,337,1,45,0
1990,28,1,1,0,0,0,565,0,99,0
1990,25,2,1,0,0,1,379,6,99,0
1990,26,1,0,3,0,0,356,4,40,0
1990,19,2,0,3,0,0,348,3,0,0
1990,67,1,0,0,0,1,55,1,0,0
1990,63,2,0,0,0,0,254,4,42,0
1990,70,1,0,0,0,0,22,1,40,0
1990,73,2,0,0,0,0,0,0,0,0
1990,36,1,0,0,0,1,55,1,40,0
1990,31,2,0,0,0,1,217,1,40,0
1990,31,1,1,1,0,1,257,4,40,0
1990,70,1,3,0,0,1,194,5,20,0
1990,34,2,0,0,0,1,37,5,40,0
1990,32,1,0,0,0,1,889,3,40,0
1990,63,1,0,0,0,1,23,3,0,0
1990,65,2,0,0,0,1,379,6,0,0
1990,53,1,0,0,0,1,243,3,50,1
1990,50,2,0,0,0,1,23,3,32,1
1990,80,2,3,0,0,1,0,0,0,0
1990,20,2,1,0,0,1,319,2,20,0
1990,26,2,1,0,0,1,319,0,40,0
1990,20,1,1,0,0,1,433,3,20,0
1990,34,1,1,0,0,1,804,2,40,0
1990,39,1,0,0,0,1,13,1,40,1
1990,39,2,0,0,0,1,0,0,0,0
1990,47,1,1,0,0,1,154,5,15,0
1990,71,1,0,3,0,1,253,4,20,0
1990,49,2,0,1,0,1,159,5,50,0
1990,31,1,0,0,4,0,804,2,0,0
1990,30,2,0,0,0,0,453,5,24,0
1990,19,2,1,0,4,1,253,4,0,0
1990,20,1,0,0,0,1,276,3,30,0
1990,21,2,0,0,0,0,0,0,0,0
1990,67,2,2,0,0,0,379,3,0,0
1990,64,1,2,0,0,0,0,0,0,0
1990,40,2,2,0,0,1,184,1,40,0
1990,20,1,1,0,0,1,0,0,0,0
1990,23,1,3,0,3,1,0,0,0,0
1990,25,1,0,0,0,1,189,4,50,0
1990,23,2,0,0,0,1,274,3,40,0
1990,33,1,0,0,0,1,243,3,40,0
1990,31,2,0,0,0,1,243,3,40,0
1990,46,1,0,0,0,0,849,4,34,1
1990,44,2,0,3,0,1,14,5,45,1
1990,19,2,1,0,0,0,276,3,48,0
1990,29,1,0,0,0,0,217,4,50,0
1990,28,2,0,0,0,1,44,1,40,0
1990,56,2,2,0,0,1,14,5,40,1
1990,58,1,0,0,0,1,357,5,34,0
1990,55,2,0,0,0,0,319,5,0,0
1990,29,2,1,0,0,0,22,4,42,0
1990,29,1,2,0,0,1,575,4,0,0
1990,40,1,2,3,3,1,59,1,20,0
1990,36,1,3,0,0,0,0,0,0,0
1990,38,1,2,0,0,1,0,0,0,0
1990,30,1,0,0,0,1,253,4,50,1
1990,30,2,0,0,0,1,308,4,12,0
1990,53,2,0,0,0,1,243,4,39,0
1990,52,1,0,0,0,1,0,0,0,0
1990,57,1,0,0,0,1,22,1,40,1
1990,56,2,0,0,0,1,0,0,0,0
1990,24,2,1,0,0,1,317,4,20,0
1990,21,1,1,0,0,1,385,4,25,0
1990,33,1,0,0,3,1,804,2,35,0
1990,31,2,0,0,0,0,0,0,0,0
1990,38,1,0,0,0,1,254,4,60,1
1990,36,2,0,0,0,1,254,4,48,1
1990,30,2,1,0,0,0,276,0,11,0
1990,32,1,0,0,0,0,558,0,50,0
1990,33,2,0,0,0,1,327,2,40,0
1990,28,2,1,0,0,0,319,0,50,0
1990,30,1,1,0,1,1,23,4,45,0
1990,60,2,3,0,1,1,0,0,0,0
1990,48,1,0,0,0,1,178,5,40,0
1990,47,2,0,0,0,1,253,4,2,0
1990,23,2,1,0,0,1,435,3,20,0
1990,20,2,1,0,0,1,264,3,0,0
1990,48,1,0,3,3,1,17,3,48,1
1990,41,2,0,3,3,1,435,3,15,0
1990,60,2,1,0,0,1,95,5,40,0
1990,35,1,1,0,0,0,796,1,40,0
1990,71,2,3,0,0,1,0,0,0,0
1990,30,1,0,0,1,0,433,3,35,0
1990,27,2,0,0,1,0,0,0,0,0
1990,27,1,1,0,1,0,443,3,40,0
1990,23,1,0,0,1,0,436,3,40,0
1990,20,1,1,0,1,0,436,3,40,0
1990,26,1,0,0,1,0,436,3,20,0
1990,18,1,1,0,1,0,444,3,20,0
1990,39,1,0,0,2,1,178,4,50,0
1990,39,2,0,0,0,1,0,0,0,0
1990,40,2,2,0,0,1,75,6,40,0
1990,19,1,1,0,0,0,459,5,10,0
1990,28,1,1,0,0,0,505,5,40,0
1990,28,1,3,0,0,0,34,3,40,0
1990,36,1,0,0,0,0,563,0,38,0
1990,37,2,0,0,0,0,203,5,40,0
1990,19,1,1,0,0,0,563,0,38,0
1990,45,1,1,0,0,0,844,0,30,1
1990,68,2,3,0,0,0,0,0,0,0
1990,31,1,0,0,0,1,257,0,40,1
1990,26,2,0,0,0,1,313,1,16,0
1990,23,1,0,0,0,0,804,3,30,0
1990,21,2,0,0,0,0,29,3,40,0
1990,33,1,0,2,1,1,43,0,40,0
1990,35,2,0,0,0,1,21,4,40,0
1990,36,1,0,0,0,1,23,4,45,0
1990,40,2,0,0,1,1,156,5,20,0
1990,32,2,2,0,0,1,156,5,45,0
1990,69,1,2,0,0,1,22,1,15,0
1990,36,1,0,0,0,1,808,2,40,0
1990,28,2,0,3,3,0,435,3,40,0
1990,27,2,2,2,0,0,785,1,0,0
1990,34,1,1,0,0,0,748,4,18,0
1990,29,1,1,0,2,0,869,0,40,0
1990,54,2,2,0,2,0,22,4,40,0
1990,59,1,3,0,0,1,255,4,0,0
1990,30,2,0,0,1,0,0,0,0,0
1990,30,1,0,0,1,0,486,5,40,0
1990,22,2,1,0,1,1,785,3,40,0
1990,45,2,3,2,1,0,779,1,40,0
1990,25,2,0,2,1,0,888,3,40,0
1990,24,1,0,2,1,0,534,3,50,0
1990,18,2,1,2,1,0,449,4,0,0
1990,40,2,3,2,1,1,449,4,0,0
1990,28,1,1,2,1,0,453,4,40,0
1990,27,1,0,3,3,1,869,0,60,0
1990,22,2,0,0,0,0,319,5,40,0
1990,26,1,1,3,0,0,514,3,40,0
1990,46,1,0,0,0,1,157,5,36,0
1990,42,2,0,0,0,1,313,5,45,0
1990,44,1,2,3,0,1,254,4,50,0
1990,43,2,2,0,0,0,313,4,40,0
1990,25,2,1,0,0,1,257,2,50,0
1990,54,2,2,0,0,1,22,1,35,1
1990,22,1,1,0,0,1,274,4,30,0
1990,64,1,0,0,0,1,0,0,0,0
1990,63,2,0,0,0,0,319,4,12,0
1990,38,1,0,0,0,1,22,2,50,0
1990,39,2,0,0,0,1,338,2,40,0
1990,60,2,0,0,0,1,22,5,40,1
1990,65,1,0,0,0,1,255,4,50,1
1990,28,1,2,0,0,0,468,0,45,1
1990,25,1,2,0,0,0,567,0,37,0
1990,25,1,1,0,0,0,573,0,40,0
1990,69,1,0,0,0,1,263,3,20,0
1990,69,2,0,0,0,0,0,0,0,0
1990,76,2,3,0,0,1,0,0,0,0
1990,79,2,3,0,0,0,0,0,0,0
1990,66,1,0,0,0,1,274,3,12,0
1990,60,2,0,0,0,1,243,3,28,0
1990,56,1,0,0,0,1,8,1,50,1
1990,57,2,0,0,0,1,379,5,0,0
1990,31,2,2,0,0,1,313,4,30,0
1990,57,2,2,0,0,1,313,6,40,0
1990,75,1,0,0,0,1,0,0,0,0
1990,73,2,0,0,0,1,0,0,0,0
1990,68,1,0,0,0,1,254,4,50,1
1990,65,2,0,0,0,0,0,0,0,0
1990,54,2,3,0,0,0,363,1,40,0
1990,20,1,1,0,0,0,883,3,40,0
1990,42,1,0,0,0,1,628,1,40,1
1990,41,2,0,0,2,1,156,5,43,0
1990,34,1,0,1,0,1,27,6,72,0
1990,37,2,0,1,0,1,447,5,30,0
1990,46,2,2,0,0,1,22,5,50,0
1990,18,2,1,0,0,0,277,3,4,0
1990,64,1,3,0,0,1,453,5,0,0
1990,48,2,2,0,0,0,283,4,12,0
1990,27,2,1,0,0,1,435,3,20,0
1990,22,2,1,0,0,1,243,3,40,0
1990,21,1,1,0,0,0,283,4,18,0
1990,80,2,0,0,0,1,0,0,0,0
1990,30,2,2,0,0,1,307,1,40,0
1990,22,1,1,2,0,1,734,1,40,0
1990,43,1,0,0,0,1,8,1,50,1
1990,43,2,0,0,0,1,155,5,25,0
1990,69,2,3,0,0,0,0,0,0,0
1990,37,2,0,0,0,1,313,5,20,0
1990,33,1,0,0,0,1,869,0,40,0
1990,44,2,2,0,0,1,156,5,40,0
1990,44,1,2,0,0,1,368,3,0,0
1990,69,1,0,0,0,0,0,0,0,0
1990,62,2,0,0,0,0,0,0,0,0
1990,30,1,0,2,1,0,563,0,60,1
1990,29,2,0,0,0,1,188,1,25,0
1990,43,1,0,3,3,1,22,1,40,1
1990,44,2,0,3,3,0,0,0,0,0
1990,21,2,1,0,0,1,313,4,50,0
1990,20,2,1,0,0,0,313,3,50,0
1990,60,1,0,3,3,1,375,4,30,0
1990,58,2,0,3,3,1,21,5,40,1
1990,28,1,1,3,3,1,22,2,0,0
1990,27,2,1,3,3,1,96,3,0,0
1990,25,2,1,3,3,1,174,5,24,0
1990,23,1,1,3,4,0,22,1,84,0
1990,63,1,2,2,0,1,518,1,50,0
1990,44,1,0,3,3,1,774,5,32,0
1990,44,2,0,3,3,1,95,5,80,0
1990,57,2,1,3,3,1,274,3,40,0
1990,29,1,0,3,3,1,59,1,44,0
1990,25,2,0,3,3,1,0,0,0,0
1990,64,1,3,0,0,0,777,1,0,0
1990,34,2,1,0,0,1,224,1,40,0
1990,60,1,0,0,0,0,628,1,40,0
1990,56,2,0,0,0,0,0,0,0,0
1990,32,1,1,0,0,0,0,0,0,0
1990,56,1,0,3,3,0,206,5,40,0
1990,57,2,0,3,3,0,0,0,0,0
1990,24,1,1,3,3,1,538,3,0,0
1990,60,1,0,0,0,1,22,1,40,1
1990,59,2,0,0,0,1,156,5,25,0
1990,28,1,0,0,0,0,883,1,50,0
1990,27,2,0,0,0,1,628,1,40,0
1990,74,1,0,0,0,0,0,0,0,0
1990,67,2,0,0,0,0,0,0,0,0
1990,56,1,0,0,0,1,22,0,50,1
1990,46,2,0,0,0,1,166,4,40,0
1990,33,1,0,0,0,1,804,3,55,1
1990,33,2,0,0,0,1,36,6,25,0
1990,45,1,0,2,0,1,174,5,55,0
1990,43,2,0,2,0,1,234,4,40,0
1990,19,1,1,2,0,1,435,3,30,0
1990,21,2,0,0,0,0,386,4,40,0
1990,22,1,0,0,0,1,515,1,50,0
1990,43,2,1,3,3,1,678,5,40,0
1990,31,1,0,0,2,0,637,1,55,0
1990,29,2,0,0,2,0,765,1,0,0
1990,44,2,3,2,1,0,449,5,40,0
1990,31,1,1,2,1,0,887,4,40,0
1990,21,1,1,2,1,0,443,4,40,0
1990,24,1,0,2,1,0,486,0,40,0
1990,23,1,1,2,1,0,804,0,40,0
1990,23,2,0,2,1,0,0,0,0,0
1990,32,1,0,3,3,1,259,3,40,0
1990,28,2,0,3,3,1,0,0,0,0
1990,46,2,1,0,0,0,337,3,40,0
1990,52,1,2,0,0,0,769,1,40,0
1990,69,1,0,0,0,0,462,5,23,0
1990,61,2,0,0,0,0,337,4,37,0
1990,29,1,0,0,0,0,22,1,40,0
1990,24,2,0,0,0,0,338,1,40,0
1990,31,1,0,0,0,1,486,5,40,0
1990,29,2,0,0,0,1,185,1,40,0
1990,37,1,2,1,0,0,904,6,40,0
1990,33,2,1,1,0,1,418,6,40,0
1990,35,1,0,0,0,0,549,1,48,0
1990,32,2,0,0,0,0,447,5,40,0
1990,30,1,1,0,1,0,754,1,40,0
1990,21,1,1,0,1,0,744,1,40,0
1990,28,2,1,0,1,0,276,3,35,0
1990,62,1,0,0,0,0,276,5,30,0
1990,58,2,0,0,0,0,0,0,0,0
1990,43,2,2,0,0,1,7,1,45,0
1990,23,2,1,0,0,1,356,2,20,0
1990,22,2,1,0,0,1,487,0,0,0
1990,23,1,1,0,0,0,796,1,40,0
1990,41,2,1,0,0,1,7,1,40,0
1990,56,1,0,0,0,1,14,5,40,0
1990,52,2,0,0,0,1,95,5,40,0
1990,46,1,2,0,0,0,637,1,40,0
1990,63,2,3,0,0,0,0,0,0,0
1990,31,1,0,0,0,1,268,3,57,1
1990,26,2,0,0,0,1,337,5,0,0
1990,51,1,0,0,2,1,185,0,40,0
1990,41,2,0,0,1,1,274,3,25,0
1990,32,2,1,0,0,0,446,3,25,0
1990,61,2,2,0,0,0,0,0,0,0
1990,39,2,2,0,0,0,37,1,50,0
1990,46,1,0,0,0,1,0,0,0,0
1990,45,2,0,0,0,0,274,3,40,0
1990,28,2,3,0,0,0,435,3,30,0
1990,50,1,0,0,1,0,678,5,45,0
1990,49,2,0,2,1,0,0,0,0,0
1990,19,2,1,0,0,0,856,3,40,0
1990,33,1,0,3,0,0,253,4,40,0
1990,40,2,0,3,0,0,0,0,0,0
1990,66,1,0,0,0,1,57,1,0,0
1990,64,2,0,0,0,1,156,5,40,0
1990,24,1,0,2,1,1,856,1,50,0
1990,24,2,0,2,0,1,438,3,25,0
1990,33,1,0,0,0,1,889,2,50,0
1990,34,2,0,0,0,0,0,0,0,0
1990,57,2,0,0,0,1,164,5,35,0
1990,63,1,0,0,0,1,637,1,40,0
1990,21,1,1,0,0,0,883,2,20,0
1990,25,2,0,0,0,0,0,0,0,0
1990,27,1,0,0,0,0,856,3,40,0
1990,60,1,0,0,0,1,253,4,40,0
1990,61,2,0,0,0,1,243,3,40,0
1990,28,1,0,3,3,1,59,5,40,0
1990,30,2,0,3,3,1,229,4,40,0
1990,26,1,1,0,1,0,436,3,0,0
1990,23,1,1,0,1,0,869,0,40,0
1990,23,2,1,0,1,0,438,3,20,0
1990,79,2,0,0,0,0,0,0,0,0
1990,32,2,1,3,0,1,23,5,40,0
1990,62,1,0,0,0,1,157,5,40,1
1990,57,2,0,0,0,0,7,1,0,0
1990,55,2,3,0,0,1,243,3,44,0
1990,25,2,1,0,0,1,259,3,40,0
1990,51,1,0,0,0,1,44,1,40,0
1990,47,2,0,0,0,1,0,0,0,0
1990,22,1,1,0,0,0,0,0,0,0
1990,20,2,1,0,0,0,0,0,0,0
1990,19,1,1,0,0,0,0,0,0,0
1990,56,1,0,0,0,1,57,1,40,1
1990,47,2,0,0,0,1,29,3,20,0
1990,19,2,1,0,0,1,185,3,25,0
1990,47,2,3,0,0,1,156,5,40,0
1990,19,2,1,0,0,1,379,3,10,0
1990,62,1,0,0,0,1,257,4,52,0
1990,56,2,0,0,1,1,276,3,32,0
1990,37,1,0,0,0,1,13,1,50,1
1990,37,2,0,0,0,1,15,5,44,0
1990,27,2,0,0,0,1,243,4,40,0
1990,27,1,0,0,0,1,128,5,40,0
1990,27,1,1,0,0,1,243,3,40,0
1990,72,1,0,0,2,0,696,2,25,0
1990,71,2,0,0,0,1,0,0,0,0
1990,48,2,2,0,0,0,22,4,60,1
1990,26,2,1,0,2,0,487,0,0,0
1990,76,1,0,0,0,0,0,0,0,0
1990,61,2,0,0,0,1,337,3,0,0
1990,33,2,1,2,0,0,0,0,0,0
1990,64,2,3,0,0,0,156,5,38,0
1990,68,2,3,0,0,1,313,3,0,1
1990,37,1,0,0,0,1,73,1,50,1
1990,37,2,0,0,0,1,337,1,20,0
1990,33,1,0,0,0,0,186,5,20,0
1990,35,2,0,0,0,1,104,5,40,0
1990,47,2,2,0,4,0,373,3,40,0
1990,22,1,1,0,0,0,426,4,40,0
1990,41,1,2,0,0,0,804,1,60,1
1990,20,1,1,0,2,1,0,0,0,0
1990,19,1,1,2,0,1,364,4,8,0
1990,43,1,0,0,0,1,23,1,40,0
1990,43,2,0,0,0,1,64,5,0,0
1990,48,1,0,2,0,1,877,3,40,0
1990,54,2,0,0,0,0,22,4,35,0
1990,60,1,0,3,3,1,17,3,40,1
1990,54,2,0,3,3,1,17,3,40,0
1990,59,1,0,0,0,1,243,3,0,0
1990,52,2,0,0,0,0,274,3,0,0
1990,39,1,0,0,1,1,259,3,60,0
1990,35,2,0,0,0,1,156,5,12,0
1990,61,1,0,0,0,1,263,3,65,0
1990,49,2,0,0,0,0,363,1,40,0
1990,39,1,0,0,0,1,36,4,40,0
1990,37,2,0,0,0,1,447,5,24,0
1990,35,2,1,0,0,1,104,5,40,0
1990,32,1,1,0,0,1,533,3,40,0
1990,30,1,0,3,3,1,44,1,40,1
1990,29,2,0,3,3,1,163,5,40,0
1990,29,1,0,0,0,1,243,3,60,0
1990,28,2,0,0,0,1,313,5,40,0
1990,52,1,0,3,3,1,53,0,10,0
1990,45,2,0,3,3,1,335,3,40,0
1990,76,2,3,3,3,1,0,0,0,0
1990,49,1,0,0,0,1,22,0,40,1
1990,49,2,0,0,0,1,156,5,30,0
1990,43,2,3,2,1,0,628,1,15,0
1990,18,2,0,2,1,0,0,0,0,0
1990,22,1,0,2,1,0,887,1,40,0
1990,36,1,3,2,1,1,194,3,40,0
1990,20,1,1,2,1,0,785,1,40,0
1990,54,1,0,3,3,1,453,2,40,0
1990,35,2,0,3,3,1,343,4,40,0
1990,72,1,0,0,0,0,0,0,0,0
1990,66,2,0,0,0,0,0,0,0,0
1990,49,1,2,0,0,0,637,1,40,0
1990,50,1,1,3,3,0,0,0,0,0
1990,70,1,0,3,3,0,0,0,0,0
1990,75,2,0,3,3,0,0,0,0,0
1990,43,1,0,0,0,0,453,5,40,0
1990,42,2,0,0,0,1,375,4,40,0
1990,30,1,0,0,0,0,595,0,60,0
1990,26,2,0,0,1,1,0,0,0,0
1990,25,1,1,1,0,1,505,6,40,0
1990,33,1,2,0,0,0,503,6,50,0
1990,32,1,0,0,0,1,903,6,50,0
1990,32,2,0,0,0,0,487,0,0,0
1990,36,2,3,0,0,1,56,1,40,0
1990,37,2,2,0,0,1,0,0,0,0
1990,35,1,0,0,0,1,263,3,60,0
1990,33,2,0,0,0,0,458,4,60,0
1990,52,1,0,0,0,0,593,0,40,0
1990,52,2,0,0,0,1,274,3,23,0
1990,21,2,1,0,0,0,777,1,40,0
1990,20,1,1,0,0,0,268,3,40,0
1990,39,2,2,0,0,0,15,5,40,0
1990,28,1,0,0,0,0,22,3,40,1
1990,29,2,0,0,0,1,156,5,0,0
1990,49,1,3,0,3,0,453,3,40,0
1990,71,2,3,0,3,0,0,0,0,0
1990,18,1,1,0,3,1,276,3,40,0
1990,47,1,1,0,0,0,885,4,40,0
1990,20,2,1,3,4,1,323,5,15,0
1990,67,1,0,0,0,1,0,0,0,0
1990,67,2,0,0,0,0,0,0,0,0
1990,35,1,0,0,0,1,525,4,40,0
1990,33,2,0,0,0,0,0,0,0,0
1990,46,1,0,0,0,1,55,4,40,1
1990,42,2,0,0,0,1,0,0,0,0
1990,28,1,0,2,0,0,804,6,60,0
1990,28,2,0,2,0,1,359,6,40,0
1990,29,1,0,0,0,1,579,6,40,0
1990,33,2,0,0,0,1,458,4,30,0
1990,35,2,0,2,0,0,313,4,16,0
1990,38,1,0,2,1,1,684,2,40,0
1990,18,1,1,2,0,0,0,0,0,0
1990,60,2,3,0,0,0,0,0,0,0
1990,50,1,2,2,0,0,804,2,40,0
1990,32,1,0,0,0,1,575,0,40,0
1990,32,2,0,0,0,0,0,0,0,0
1990,55,2,3,0,0,0,254,4,25,0
1990,55,1,2,0,0,0,18,4,60,0
1990,18,1,1,0,0,0,869,0,0,0
1990,44,2,0,0,0,1,168,6,40,0
1990,43,1,0,0,0,1,254,4,40,0
1990,32,2,2,0,0,1,313,0,40,0
1990,25,2,0,0,0,1,313,4,40,0
1990,26,1,0,0,0,1,277,5,50,0
1990,39,2,3,0,0,1,445,5,36,0
1990,39,2,1,0,0,1,96,5,40,1
1990,19,2,0,2,1,0,0,0,0,0
1990,29,1,0,2,1,0,436,3,40,0
1990,29,1,1,2,1,0,444,3,40,0
1990,64,1,3,1,0,0,0,0,0,0
1990,67,1,0,1,0,0,0,0,0,0
1990,60,2,0,1,0,0,0,0,0,0
1990,18,1,1,1,0,0,436,3,0,0
1990,19,2,1,1,0,0,0,0,0,0
1990,18,2,1,1,0,0,313,0,40,0
1990,43,2,2,0,0,1,438,3,0,0
1990,41,1,0,0,0,1,43,5,40,0
1990,39,2,0,0,0,1,174,5,40,0
1990,43,1,0,0,0,1,263,3,40,0
1990,40,2,0,0,0,1,379,5,40,0
1990,58,1,0,0,0,0,804,2,50,0
1990,57,2,0,0,0,1,337,6,40,0
1990,70,1,0,0,0,1,473,0,0,0
1990,60,2,0,0,0,0,22,0,21,0
1990,45,1,0,0,0,1,134,5,40,1
1990,39,2,0,3,0,1,154,5,40,0
1990,37,1,0,0,0,1,47,0,40,1
1990,38,2,0,0,0,1,0,0,0,0
1990,28,1,0,0,0,1,84,5,40,0
1990,31,2,0,3,0,1,274,3,16,0
1990,30,1,0,0,0,0,853,0,50,0
1990,28,2,0,0,0,0,427,5,99,0
1990,45,1,0,0,0,0,599,3,46,0
1990,59,2,0,0,0,0,22,5,50,0
1990,23,2,2,0,0,0,22,3,40,0
1990,43,1,0,0,0,1,17,3,40,0
1990,38,2,0,0,0,0,808,5,20,0
1990,18,1,1,0,0,0,276,3,20,0
1990,33,1,0,0,0,1,479,0,55,0
1990,28,2,0,0,0,1,167,5,40,0
1990,55,2,3,0,0,1,254,4,50,0
1990,52,2,3,0,0,1,313,3,40,0
1990,47,1,0,0,0,1,418,6,40,0
1990,34,2,0,0,0,1,0,0,0,0
1990,62,1,0,0,0,0,579,0,40,0
1990,57,2,0,0,0,0,365,3,99,0
1990,52,1,0,0,0,1,555,0,40,0
1990,45,2,0,0,0,1,234,5,40,0
1990,42,1,0,0,0,1,22,0,50,0
1990,44,2,0,0,0,1,0,0,0,0
1990,63,1,0,0,0,1,22,0,0,0
1990,60,2,0,0,0,0,313,5,40,0
1990,21,2,1,0,0,0,276,3,45,0
1990,30,1,0,0,0,0,243,3,50,0
1990,30,2,0,0,0,0,453,4,45,0
1990,60,1,0,0,0,1,243,3,48,1
1990,49,2,0,0,0,1,22,4,40,0
1990,43,1,0,0,0,1,25,4,55,1
1990,35,2,0,0,0,1,178,5,40,0
1990,38,1,0,0,0,0,804,1,48,0
1990,35,2,0,0,0,1,387,5,0,0
1990,49,1,0,0,0,1,549,3,40,0
1990,43,2,0,0,0,0,453,5,40,0
1990,76,1,3,0,0,0,0,0,0,0
1990,33,1,3,0,0,1,848,0,45,0
1990,20,2,1,0,0,0,0,0,0,0
1990,70,2,3,0,0,0,0,0,0,0
1990,79,2,0,0,0,0,0,0,0,0
1990,61,1,2,0,0,0,875,2,48,0
1990,36,2,1,0,0,0,319,1,40,0
1990,65,2,0,0,0,0,0,0,0,0
1990,67,1,0,0,0,0,0,0,0,0
1990,48,1,2,0,0,0,259,3,40,1
1990,19,2,1,0,0,0,379,3,6,0
1990,78,2,3,0,0,0,0,0,0,0
1990,40,2,3,0,0,1,95,5,0,0
1990,42,1,2,0,0,0,804,2,72,0
1990,37,2,2,0,0,0,315,6,40,0
1990,42,1,0,2,0,1,259,3,44,0
1990,38,2,0,2,0,0,877,3,0,0
1990,53,1,0,0,0,0,889,3,40,0
1990,54,2,0,0,0,0,366,2,40,0
1990,40,1,0,2,1,0,475,0,60,0
1990,37,2,0,2,1,0,488,3,0,0
1990,27,1,3,2,1,0,909,6,0,0
1990,26,1,0,2,1,0,479,0,40,0
1990,31,2,0,2,1,0,488,0,40,0
1990,69,1,0,0,0,0,0,0,0,0
1990,70,2,0,0,0,0,0,0,0,0
1990,63,1,0,0,0,0,804,2,40,0
1990,60,2,0,0,0,0,0,0,0,0
1990,48,1,3,0,0,0,0,0,0,0
1990,36,2,2,0,0,0,804,0,0,0
1990,22,2,3,2,1,0,435,3,99,0
1990,19,1,1,2,1,0,479,0,99,0
1990,21,1,1,2,1,0,479,0,18,0
1990,33,1,1,2,1,0,479,0,40,0
1990,24,1,1,2,1,0,479,0,40,0
1990,21,2,1,2,1,0,479,0,40,0
1990,20,1,1,2,1,0,488,0,40,0
1990,27,1,0,0,1,0,479,0,99,0
1990,33,2,0,0,1,0,479,0,99,0
1990,30,1,1,2,1,0,628,4,48,0
1990,33,2,1,2,1,0,0,0,0,0
1990,33,1,0,3,3,0,479,0,40,0
1990,33,2,0,3,3,0,785,1,40,0
1990,74,1,3,3,3,0,0,0,0,0
1990,67,1,0,3,3,0,479,0,8,0
1990,53,2,0,3,3,0,479,0,40,0
1990,31,1,0,3,3,0,779,1,40,0
1990,24,1,3,3,3,0,889,1,40,0
1990,28,2,0,3,3,0,0,0,0,0
1990,36,2,3,3,3,1,95,5,40,0
1990,62,2,3,3,3,0,0,0,0,0
1990,48,1,2,0,0,0,616,0,70,0
1990,32,1,0,0,0,1,859,0,60,0
1990,28,2,0,0,0,0,256,2,50,0
1990,46,1,0,0,0,1,17,3,65,0
1990,44,2,0,0,0,1,313,0,40,0
1990,20,1,1,0,0,1,17,3,40,0
1990,33,1,2,0,0,1,848,0,60,0
1990,43,2,2,0,0,1,389,6,40,0
1990,25,1,1,0,0,0,566,3,55,0
1990,38,1,0,0,0,1,259,3,57,0
1990,35,2,0,0,0,1,0,0,0,0
1990,27,1,0,0,0,0,567,0,28,0
1990,25,2,0,0,0,0,0,0,0,0
1990,32,1,0,0,0,0,505,3,0,0
1990,23,2,0,0,0,0,447,5,10,0
1990,50,1,3,0,0,0,783,1,0,0
1990,51,1,0,0,0,1,23,0,40,1
1990,45,2,0,0,0,1,243,3,40,0
1990,18,2,1,0,0,1,274,3,15,0
1990,67,1,0,0,0,1,534,3,40,0
1990,63,2,0,0,0,0,379,0,20,0
1990,45,1,0,0,0,1,22,4,60,1
1990,45,2,0,0,0,1,22,4,60,1
1990,69,1,0,0,0,1,877,3,18,0
1990,69,2,0,0,0,1,156,5,0,0
1990,78,2,0,0,0,0,0,0,0,0
1990,38,2,2,2,1,1,178,5,45,1
1990,54,1,0,0,0,0,243,3,40,0
1990,52,2,0,0,0,0,243,3,40,0
1990,42,1,0,0,0,0,527,2,40,1
1990,39,2,0,0,0,0,275,4,55,0
1990,62,1,0,0,0,1,22,4,40,1
1990,68,2,0,0,0,0,0,0,0,0
1990,20,1,1,0,0,1,319,5,13,0
1990,44,1,0,2,0,1,518,3,40,0
1990,40,2,0,2,0,0,0,0,0,0
1990,18,2,1,2,0,0,276,3,4,0
1990,39,1,1,2,1,0,888,0,56,0
1990,44,2,2,3,1,0,479,0,26,0
1990,69,2,3,0,0,0,0,0,0,0
1990,25,1,1,2,1,0,479,0,40,0
1990,27,1,1,2,1,0,856,0,40,0
1990,25,1,1,2,1,0,565,3,40,0
1990,23,1,1,2,1,0,883,3,40,0
1990,21,1,1,2,1,0,479,0,40,0
1990,22,1,1,2,1,0,486,0,40,0
1990,22,1,1,2,1,0,479,0,0,0
1990,78,1,3,0,0,0,0,0,0,0
1990,68,2,0,0,1,0,0,0,0,0
1990,75,1,0,0,0,0,0,0,0,0
1990,25,2,2,0,0,0,0,0,0,0
1990,37,1,0,2,0,0,616,0,40,0
1990,27,2,0,2,0,0,365,4,48,0
1990,65,1,0,0,0,0,0,0,0,0
1990,57,2,0,0,0,0,453,5,0,0
1990,43,2,2,2,0,0,0,0,0,0
1990,21,2,1,2,0,0,276,3,40,0
1990,46,1,0,0,0,0,505,1,50,0
1990,40,2,0,0,0,1,424,6,40,0
1990,68,1,0,1,0,0,0,0,0,0
1990,64,2,0,1,0,0,0,0,0,0
1990,27,1,2,1,0,1,683,1,40,0
1990,28,1,2,1,0,0,0,0,0,0
1990,69,2,3,0,0,0,0,0,0,0
1990,23,2,1,1,0,0,754,4,40,0
1990,33,1,0,0,0,0,176,0,0,0
1990,32,2,0,0,0,0,426,5,0,0
1990,77,2,0,0,0,0,0,0,0,0
1990,53,2,3,0,0,1,433,5,40,0
1990,70,1,0,0,1,0,0,0,0,0
1990,71,2,0,0,1,0,0,0,0,0
1990,55,1,0,0,0,1,176,5,40,0
1990,55,2,0,0,0,1,65,5,40,0
1990,66,1,0,0,0,0,0,0,0,0
1990,73,2,0,0,0,0,0,0,0,0
1990,27,1,0,2,1,0,217,0,40,0
1990,22,2,0,2,1,0,479,0,0,0
1990,20,1,1,2,1,0,486,0,40,0
1990,52,1,0,0,0,0,224,0,40,0
1990,40,2,0,0,1,0,313,4,40,0
1990,42,1,0,3,0,1,22,6,50,1
1990,42,2,0,0,0,1,5,6,45,0
1990,33,1,0,0,0,1,55,6,40,0
1990,38,2,0,0,0,1,453,4,0,0
1990,19,1,1,0,0,0,869,0,40,0
1990,45,2,0,0,0,0,313,6,40,0
1990,46,1,0,0,0,1,263,3,60,1
1990,26,1,0,0,0,1,735,4,54,0
1990,24,2,0,0,0,1,313,4,40,0
1990,36,2,2,0,0,1,5,6,40,0
1990,29,2,1,0,0,1,9,0,40,0
1990,35,1,0,3,0,0,653,6,40,0
1990,39,2,0,2,0,1,22,0,59,0
1990,68,2,3,0,0,0,479,0,0,0
1990,36,1,0,2,1,0,475,0,35,0
1990,49,2,0,2,1,0,479,0,35,0
1990,49,1,0,2,1,0,479,0,0,0
1990,44,2,0,2,1,0,458,4,35,0
1990,51,1,0,0,0,0,243,3,40,0
1990,31,2,0,0,0,0,276,3,30,0
1990,46,1,0,0,0,0,516,2,40,0
1990,43,2,0,0,0,1,17,5,45,0
1990,70,2,3,0,0,0,17,3,40,0
1990,57,2,3,0,0,1,666,4,30,0
1990,72,2,3,0,0,0,0,0,0,0
1990,29,1,0,0,0,0,505,6,40,0
1990,26,2,0,0,0,0,469,6,40,0
1990,53,2,2,0,2,0,446,5,40,0
1990,32,1,0,2,1,0,889,0,56,0
1990,37,2,0,2,1,0,0,0,0,0
1990,34,1,0,0,0,1,418,6,60,0
1990,33,2,0,3,3,0,264,3,50,0
1990,62,1,0,0,0,0,0,0,0,0
1990,62,2,0,0,0,0,0,0,0,0
1990,60,1,0,1,0,0,453,3,40,0
1990,58,2,0,1,0,0,683,1,40,0
1990,37,1,0,0,0,1,904,6,42,0
1990,47,2,0,0,0,0,467,5,0,0
1990,34,1,0,0,0,0,216,5,60,0
1990,34,2,0,0,0,1,228,6,40,0
1990,33,1,0,0,0,1,74,6,45,0
1990,52,2,0,0,0,1,348,6,45,0
1990,66,1,0,0,0,1,234,4,0,0
1990,62,2,0,0,0,1,174,5,40,0
1990,26,1,1,1,0,1,443,3,0,0
1990,65,1,0,3,0,0,25,5,40,0
1990,55,2,0,0,0,1,27,5,40,0
1990,53,1,0,0,0,1,79,0,40,0
1990,53,2,0,0,3,1,156,5,50,0
1990,18,1,1,0,0,0,859,2,30,0
1990,51,1,2,0,0,0,479,0,30,0
1990,70,1,2,0,0,1,0,0,0,0
1990,66,2,3,0,0,0,0,0,0,0
1990,43,2,2,0,0,0,0,0,0,0
1990,20,2,1,0,0,1,276,3,56,0
1990,75,1,3,0,0,1,17,4,0,0
1990,60,2,3,0,0,0,159,5,8,0
1990,64,1,0,0,0,1,213,5,0,0
1990,63,2,0,0,0,1,337,3,30,0
1990,49,1,0,0,0,0,628,1,48,0
1990,44,2,0,0,0,0,355,2,40,0
1990,20,1,1,0,0,0,376,5,24,0
1990,24,1,0,0,0,0,213,3,40,0
1990,30,2,0,0,0,0,407,4,32,0
1990,48,1,0,3,0,0,804,3,40,0
1990,43,2,0,0,0,0,435,3,40,0
1990,59,1,0,0,0,1,14,5,55,1
1990,55,2,0,0,0,1,313,5,40,0
1990,39,1,0,0,0,1,213,6,40,0
1990,37,2,0,0,0,1,156,5,20,0
1990,57,1,3,0,0,1,385,4,40,0
1990,35,2,0,0,0,0,779,3,40,0
1990,39,1,0,0,0,0,366,2,40,0
1990,28,1,0,0,1,0,573,0,40,0
1990,23,2,0,0,0,0,0,0,0,0
1990,41,1,2,0,0,1,174,6,40,1
1990,63,1,0,0,0,0,547,1,45,0
1990,60,2,0,0,0,0,466,5,40,0
1990,23,1,1,0,1,0,436,3,40,0
1990,18,1,1,0,1,0,436,3,40,0
1990,20,1,1,0,1,0,453,3,40,0
1990,21,1,1,0,1,0,444,3,40,0
1990,48,1,0,0,0,0,13,3,40,0
1990,46,2,0,0,0,0,337,3,40,0
1990,18,1,1,1,0,0,579,0,0,0
1990,32,2,1,0,0,1,379,1,60,0
1990,33,2,2,0,0,1,48,1,50,0
1990,47,1,0,0,0,1,804,3,40,0
1990,45,2,0,0,0,0,274,3,40,0
1990,25,1,2,0,0,0,785,1,40,0
1990,36,1,0,0,1,0,748,4,40,0
1990,35,2,0,0,1,0,453,3,40,0
1990,62,1,0,0,0,1,25,4,40,1
1990,61,2,0,0,0,1,243,3,56,0
1990,59,1,0,0,0,1,154,5,50,1
1990,54,2,0,0,0,1,243,4,50,1
1990,30,1,1,0,0,1,567,0,40,0
1990,34,2,3,0,0,1,313,5,44,0
1990,41,1,0,3,0,1,585,0,40,1
1990,40,2,0,0,0,1,23,0,40,1
1990,73,2,3,0,0,1,0,0,0,0
1990,29,1,1,0,0,1,435,3,28,0
1990,59,1,2,0,0,1,154,5,50,1
1990,24,1,1,0,0,1,877,3,25,0
1990,18,1,1,0,0,0,0,0,0,0
1990,78,2,3,0,0,1,0,0,0,0
1990,67,1,0,0,0,0,254,4,36,0
1990,56,2,0,0,0,0,683,1,50,0
1990,21,1,1,0,0,0,689,1,40,0
1990,66,2,1,0,0,1,0,0,0,0
1990,73,1,0,0,0,0,0,0,0,1
1990,69,2,0,0,0,0,0,0,0,0
1990,40,1,2,0,0,0,379,2,40,0
1990,21,1,1,0,0,1,18,4,40,0
1990,27,1,0,0,0,1,426,5,43,0
1990,28,2,0,0,0,0,0,0,0,0
1990,43,2,2,0,0,1,254,4,40,0
1990,26,1,0,0,0,0,869,0,40,0
1990,22,2,0,0,0,1,809,5,35,0
1990,47,1,0,3,0,0,0,0,0,0
1990,47,2,0,0,0,0,0,0,0,0
1990,18,2,1,0,0,0,438,3,40,0
1990,25,1,1,3,0,1,216,5,40,0
1990,42,1,0,2,1,1,64,5,48,0
1990,39,2,0,0,0,1,65,4,48,1
1990,77,1,3,0,0,1,0,0,0,0
1990,73,2,3,0,0,0,0,0,0,0
1990,37,1,0,0,0,0,417,6,50,0
1990,35,2,0,0,0,0,355,2,40,0
1990,34,1,1,2,1,0,0,0,0,0
1990,23,2,1,0,0,1,274,3,15,0
1990,19,2,1,0,0,1,264,3,30,0
1990,18,1,1,3,0,1,796,1,30,0
1990,31,1,1,3,0,1,365,5,15,0
1990,21,1,1,3,0,1,216,6,40,0
1990,68,1,0,0,0,0,0,0,0,0
1990,63,2,0,0,0,0,0,0,0,0
1990,24,1,0,0,0,1,844,0,25,0
1990,22,2,0,0,0,1,276,3,0,0
1990,32,2,1,0,0,1,155,5,40,0
1990,56,2,2,0,0,1,176,5,50,0
1990,40,1,0,0,0,1,243,3,60,0
1990,41,2,0,0,3,1,17,3,40,0
1990,25,2,1,0,0,1,229,3,40,0
1990,20,1,1,0,0,1,59,5,20,0
1990,21,1,1,0,0,1,567,0,15,0
1990,20,1,1,0,0,1,486,0,48,0
1990,21,1,1,0,0,1,164,5,16,0
1990,21,1,1,0,0,1,889,3,40,0
1990,20,1,1,3,0,1,235,1,12,0
1990,26,2,3,1,0,0,486,5,40,0
1990,27,1,3,1,0,0,523,4,40,0
1990,37,1,2,1,0,0,444,6,40,0
1990,34,1,2,1,0,1,744,5,35,0
1990,36,1,2,2,0,0,783,1,25,0
1990,33,1,0,0,0,1,677,1,50,0
1990,34,2,0,0,0,1,156,5,45,0
1990,37,1,1,3,0,1,567,0,40,0
1990,38,1,0,0,0,1,475,0,40,0
1990,40,2,0,0,0,1,0,0,0,0
1990,49,2,3,0,0,1,156,5,60,0
1990,25,1,1,0,0,1,256,1,40,0
1990,31,1,1,0,0,1,435,3,30,0
1990,28,1,0,0,0,1,877,3,48,0
1990,33,2,0,0,0,1,276,3,36,0
1990,74,1,0,0,0,0,0,0,0,0
1990,53,2,0,0,0,1,0,0,0,0
1990,25,1,0,3,0,1,424,6,55,0
1990,24,2,0,0,0,1,337,3,20,0
1990,57,2,3,0,0,0,0,0,0,0
1990,23,1,0,0,1,1,22,4,40,0
1990,20,2,0,0,1,1,387,5,30,0
1990,42,2,2,0,0,1,458,4,45,0
1990,19,2,1,0,0,0,877,3,30,0
1990,46,1,3,0,0,1,22,2,40,1
1990,38,2,2,0,0,1,315,4,40,0
1990,59,1,0,0,0,1,0,0,0,0
1990,43,2,0,0,0,1,22,5,40,0
1990,45,1,0,3,3,1,637,1,40,0
1990,44,2,0,3,3,1,313,5,34,0
1990,38,1,0,0,0,1,22,3,40,1
1990,34,2,0,0,0,1,267,3,0,0
1990,41,1,0,0,2,0,657,3,60,0
1990,31,2,0,0,0,0,25,4,40,0
1990,19,2,1,0,0,0,869,0,20,0
1990,46,2,0,0,0,1,254,4,46,1
1990,43,1,0,0,0,0,869,0,40,0
1990,42,2,2,0,0,0,808,5,40,0
1990,49,1,0,0,0,0,505,4,50,0
1990,44,2,0,0,0,1,315,5,30,0
1990,56,2,3,0,0,0,0,0,0,0
1990,21,2,1,0,0,0,276,3,25,0
1990,35,2,3,0,0,0,447,5,0,0
1990,59,1,0,0,0,0,889,3,40,0
1990,60,2,0,0,0,0,0,0,0,0
1990,33,2,3,0,0,0,0,0,0,0
1990,27,1,1,0,0,0,496,3,0,0
1990,20,1,1,3,0,0,329,5,12,0
1990,47,2,3,2,1,0,683,1,0,0
1990,20,1,1,2,1,0,575,0,40,0
1990,19,2,1,2,1,0,8,3,60,0
1990,19,2,1,2,1,0,316,3,40,0
1990,21,1,1,2,4,0,877,3,0,0
1990,25,1,1,2,4,1,785,1,40,0
1990,46,1,0,1,0,0,507,2,40,0
1990,33,2,0,1,0,0,444,5,0,0
1990,68,1,1,0,0,0,0,0,0,0
1990,62,2,3,2,0,0,628,1,44,0
1990,35,2,1,2,0,0,385,4,0,0
1990,28,1,1,2,0,0,683,1,40,0
1990,62,1,0,0,0,1,243,3,0,1
1990,59,2,0,0,0,1,0,0,0,0
1990,63,2,3,0,0,1,0,0,0,0
1990,23,1,0,0,0,1,378,4,18,0
1990,33,2,0,0,0,0,328,5,40,0
1990,30,2,3,0,0,0,364,2,40,0
1990,35,1,0,0,0,1,195,5,40,1
1990,35,2,0,0,0,1,95,5,0,0
1990,35,1,0,0,0,0,883,5,45,1
1990,35,2,0,0,0,0,159,5,0,0
1990,58,1,0,0,0,0,517,3,40,0
1990,49,2,0,0,0,1,0,0,0,0
1990,32,1,1,0,0,1,186,5,60,0
1990,64,1,0,0,0,0,186,5,40,0
1990,44,2,0,0,0,0,55,2,40,0
1990,49,1,2,0,0,1,417,6,56,1
1990,49,2,2,0,0,1,25,4,40,0
1990,50,1,2,0,0,0,804,2,60,0
1990,20,1,1,0,0,0,869,0,40,0
1990,47,1,0,0,0,1,243,3,50,0
1990,36,2,0,3,3,1,22,3,40,0
1990,18,2,1,3,3,1,0,0,0,0
1990,48,1,0,0,0,1,22,5,50,1
1990,42,2,0,0,0,1,313,4,8,0
1990,21,1,1,0,0,1,257,4,40,0
1990,52,1,1,0,0,0,696,3,60,1
1990,79,2,3,0,0,0,0,0,0,0
1990,41,1,0,0,0,1,355,2,40,0
1990,39,2,0,0,0,1,84,5,40,1
1990,79,2,3,0,2,0,0,0,0,0
1990,35,1,0,2,1,1,336,4,44,0
1990,34,2,0,2,0,1,23,1,46,0
1990,55,1,0,0,0,1,33,1,40,0
1990,55,2,0,0,2,0,0,0,0,0
1990,70,2,3,0,0,0,0,0,0,0
1990,72,1,2,0,0,0,0,0,0,0
1990,48,1,0,0,0,0,689,1,60,0
1990,42,2,0,0,0,1,155,5,45,0
1990,64,2,3,0,0,0,22,1,40,0
1990,63,1,2,0,3,1,456,5,60,1
1990,41,2,1,0,0,1,315,4,50,0
1990,44,1,1,0,0,1,29,3,48,1
1990,69,2,1,0,0,0,318,2,32,0
1990,70,2,1,0,0,1,0,0,0,0
1990,56,1,2,0,0,0,558,0,40,0
1990,21,1,1,0,0,1,268,3,40,0
1990,50,2,1,0,0,0,796,1,40,0
1990,46,1,1,0,1,0,0,0,0,0
1990,63,1,2,0,0,0,804,3,58,0
1990,70,2,3,0,0,0,313,4,0,0
1990,37,2,1,0,0,0,337,5,45,0
1990,48,1,0,3,3,0,505,3,40,1
1990,46,2,0,3,3,0,0,0,0,0
1990,27,1,1,3,3,1,337,5,40,0
1990,21,2,1,3,3,1,156,5,15,0
1990,20,2,1,3,3,1,0,0,0,0
1990,39,2,2,0,0,1,376,1,40,0
1990,32,2,1,0,0,1,313,3,40,0
1990,25,2,1,2,0,1,445,5,40,0
1990,56,1,0,0,0,0,505,3,40,0
1990,58,2,0,0,0,1,0,0,0,0
1990,34,1,3,0,0,1,575,0,40,0
1990,53,1,0,0,0,1,178,4,55,1
1990,37,2,0,3,0,1,23,5,50,1
1990,80,1,0,0,0,0,0,0,0,1
1990,78,2,0,0,0,0,0,0,0,0
1990,64,1,0,0,0,1,22,3,60,1
1990,61,2,0,0,0,1,0,0,0,0
1990,21,1,1,0,0,1,267,3,40,0
1990,44,1,0,0,3,1,23,5,7,0
1990,42,2,0,0,3,1,0,0,0,0
1990,54,2,0,0,0,1,313,5,40,0
1990,56,1,0,0,0,1,176,5,40,0
1990,55,1,0,3,3,1,796,2,40,0
1990,56,2,0,3,0,1,313,5,40,0
1990,78,1,0,0,0,1,0,0,0,0
1990,73,2,0,0,0,0,0,0,0,0
1990,28,2,0,0,0,1,243,3,2,1
1990,27,1,0,0,0,1,59,5,60,1
1990,45,1,0,0,3,1,33,1,0,0
1990,41,2,0,0,3,0,313,3,40,0
1990,48,1,0,3,3,1,195,4,48,1
1990,45,2,0,3,3,1,0,0,0,0
1990,32,1,0,0,1,1,0,0,0,0
1990,33,2,0,0,1,0,449,4,40,0
1990,61,1,0,0,3,1,877,3,65,0
1990,53,2,0,0,3,1,276,3,52,1
1990,31,1,1,0,3,1,213,5,40,0
1990,20,2,1,0,3,1,383,4,16,0
1990,46,2,2,0,0,1,84,1,60,1
1990,35,1,1,0,0,0,0,0,0,0
1990,77,2,3,0,0,0,0,0,0,0
1990,36,1,3,0,0,1,194,5,55,0
1990,61,1,0,0,3,0,0,0,0,0
1990,68,2,0,0,3,0,0,0,0,0
1990,20,2,1,0,3,0,0,0,0,0
1990,20,2,1,0,3,0,0,0,0,0
1990,36,1,1,0,0,1,804,3,60,0
1990,73,2,3,0,0,0,0,0,0,0
1990,65,2,0,0,0,1,458,2,40,0
1990,75,1,0,0,0,1,22,4,40,0
1990,31,1,0,2,1,0,779,1,0,0
1990,22,2,0,2,1,0,0,0,0,0
1990,39,2,2,0,0,0,337,4,40,0
1990,50,2,2,0,0,1,278,1,35,0
1990,24,1,3,0,0,0,734,1,35,0
1990,55,1,3,0,0,1,85,5,41,1
1990,34,1,0,0,3,0,754,1,20,0
1990,30,2,0,0,3,0,0,0,0,0
1990,44,1,1,3,0,0,575,0,40,1
1990,31,1,0,0,0,0,549,1,40,0
1990,25,2,0,0,0,1,65,4,40,0
1990,24,2,3,0,0,1,376,3,30,0
1990,19,1,1,0,0,0,547,4,99,0
1990,41,2,1,2,1,1,407,4,20,0
1990,30,1,1,3,3,1,434,5,42,0
1990,65,1,3,3,3,1,259,1,20,0
1990,54,1,0,0,0,1,243,3,40,0
1990,53,2,0,0,0,1,274,3,35,0
1990,31,2,1,0,1,0,379,3,40,0
1990,49,2,2,2,0,0,274,3,40,0
1990,76,2,3,2,1,0,0,0,0,0
1990,27,1,3,0,1,1,259,1,30,0
1990,52,2,3,0,1,0,748,5,40,0
1990,25,1,1,0,1,0,267,3,0,0
1990,26,2,3,0,1,0,677,3,0,0
1990,31,2,3,0,1,0,748,4,40,0
1990,62,2,3,0,4,0,0,0,0,0
1990,28,2,0,0,3,0,0,0,0,0
1990,29,1,0,0,3,0,0,0,0,0
1990,32,1,0,0,0,1,22,2,40,0
1990,32,2,0,0,0,1,0,0,0,0
1990,35,1,0,3,3,0,549,3,40,0
1990,35,2,1,3,3,0,243,3,40,0
1990,49,1,0,3,3,1,229,0,40,0
1990,44,2,0,3,3,1,389,4,40,0
1990,28,1,0,0,0,1,5,6,40,0
1990,28,2,0,0,0,1,254,4,40,0
1990,61,2,2,3,0,1,0,0,0,0
1990,28,2,1,3,3,0,274,3,40,1
1990,23,2,1,3,3,0,274,3,40,0
1990,19,1,1,3,3,0,274,3,30,0
1990,64,1,1,0,0,0,259,3,40,0
1990,32,1,0,2,1,0,486,0,40,0
1990,33,2,0,2,1,0,407,4,40,0
1990,27,1,0,0,1,0,567,0,40,0
1990,25,2,0,0,1,1,0,0,0,0
1990,47,1,2,1,0,1,188,5,14,0
1990,56,1,0,3,3,0,785,1,0,0
1990,52,2,0,3,3,0,0,0,0,0
1990,23,2,1,3,3,0,785,1,40,0
1990,20,1,1,3,3,0,785,1,40,0
1990,25,1,0,3,3,1,259,3,60,0
1990,23,2,0,3,3,0,337,4,40,0
1990,62,1,0,3,3,1,0,0,0,0
1990,65,2,0,3,3,0,0,0,0,0
1990,35,2,1,3,3,1,779,3,35,0
1990,75,2,3,0,0,0,0,0,0,0
1990,49,1,0,3,3,1,243,3,0,0
1990,43,2,0,3,3,1,265,3,0,0
1990,19,2,1,3,3,0,438,3,0,0
1990,75,1,0,0,0,0,634,1,40,0
1990,72,2,0,0,0,0,435,4,25,0
1990,76,2,0,0,2,0,0,0,0,0
1990,49,1,0,0,0,1,567,0,40,1
1990,38,2,0,3,3,1,435,3,10,0
1990,24,1,1,0,0,0,567,0,40,0
1990,39,2,1,3,3,1,84,5,40,0
1990,36,2,1,3,3,1,208,5,40,0
1990,50,1,0,3,1,0,709,1,49,0
1990,47,2,0,3,0,0,799,3,25,0
1990,21,1,1,3,0,1,785,5,40,0
1990,76,1,3,3,1,0,0,0,0,0
1990,45,1,0,3,3,0,0,0,0,0
1990,39,2,0,3,3,0,0,0,0,0
1990,66,1,0,0,0,0,453,5,0,0
1990,60,2,0,0,0,1,156,5,24,0
1990,29,2,1,0,0,1,23,4,55,1
1990,41,1,0,3,0,1,243,3,40,0
1990,32,2,0,2,1,0,259,3,30,0
1990,46,1,0,2,0,1,809,6,40,0
1990,45,2,0,2,0,0,389,4,40,0
1990,20,2,1,2,0,1,335,5,37,0
1990,28,1,0,0,0,0,508,1,40,0
1990,28,2,0,0,0,1,156,5,30,0
1990,50,2,0,2,1,1,453,2,40,0
1990,56,1,0,2,1,0,779,1,40,0
1990,35,1,0,0,1,1,17,3,40,0
1990,30,2,0,0,1,0,467,5,8,0
1990,38,2,3,3,0,1,389,5,40,0
1990,33,1,0,3,3,1,185,1,40,1
1990,32,2,0,3,3,1,376,4,40,0
1990,30,2,1,3,3,1,22,1,40,0
1990,28,1,1,3,3,1,22,1,48,0
1990,26,1,1,3,3,1,159,5,0,0
1990,24,2,1,3,3,1,385,4,0,0
1990,80,2,3,0,0,0,243,3,40,1
1990,72,1,0,0,0,1,0,0,0,0
1990,52,2,0,0,0,1,0,0,0,0
1990,23,2,1,0,0,1,379,3,40,0
1990,21,2,1,0,0,0,276,3,30,0
1990,29,2,1,0,0,1,178,5,25,0
1990,53,1,0,3,3,1,687,3,56,0
1990,48,2,0,3,3,0,779,1,56,0
1990,37,1,0,3,3,1,243,3,40,0
1990,36,2,0,3,3,0,0,0,0,0
1990,47,2,2,0,0,0,435,3,0,0
1990,45,1,0,2,1,0,804,2,40,0
1990,45,2,0,2,1,0,327,1,40,0
1990,25,2,1,2,1,1,337,5,40,0
1990,21,2,1,2,1,1,276,3,40,0
1990,47,1,0,2,0,1,35,4,40,1
1990,47,2,0,2,0,0,0,0,0,0
1990,25,2,1,2,0,1,255,4,40,0
1990,22,1,1,2,0,0,194,0,25,0
1990,79,1,0,2,0,0,0,0,0,0
1990,79,2,0,2,0,0,0,0,0,0
1990,57,1,1,2,0,0,628,1,40,0
1990,51,1,1,2,0,0,909,6,0,0
1990,44,1,0,0,0,1,637,1,46,0
1990,45,2,0,0,0,0,0,0,0,0
1990,18,2,1,0,0,0,435,3,0,0
1990,62,2,3,0,4,1,445,5,40,0
1990,30,2,1,0,4,1,343,6,40,0
1990,20,2,1,0,4,1,156,5,15,0
1990,41,1,0,0,1,0,869,3,45,0
1990,36,2,0,0,1,0,468,5,5,0
1990,50,1,2,0,4,1,0,0,0,0
1990,72,2,3,0,1,0,0,0,0,0
1990,45,2,2,2,0,0,0,0,0,0
1990,24,2,2,2,0,0,274,3,0,0
1990,49,1,1,0,1,0,785,1,40,0
1990,36,1,3,2,4,0,869,0,40,0
1990,62,1,0,2,1,0,889,3,40,0
1990,20,1,0,2,1,0,567,0,40,0
1990,20,1,1,2,1,0,567,0,40,0
1990,23,2,0,0,4,0,744,1,40,0
1990,40,2,1,2,1,0,889,1,0,0
1990,24,2,1,2,1,0,0,0,0,0
1990,70,1,3,2,1,0,0,0,0,0
1990,62,2,0,2,4,0,0,0,0,0
1990,21,2,1,2,1,1,453,3,32,0
1990,75,2,3,2,4,0,0,0,0,0
1990,56,1,0,2,0,0,809,5,40,0
1990,52,2,0,2,1,0,404,4,0,0
1990,23,2,1,2,0,1,387,5,15,0
1990,22,2,1,2,1,1,156,5,23,0
1990,20,2,1,2,0,1,156,5,15,0
1990,32,2,1,2,1,0,0,0,0,0
1990,21,1,0,2,1,0,453,4,40,0
1990,26,2,0,2,1,1,754,1,40,0
1990,45,2,2,0,1,0,313,1,0,0
1990,24,2,1,0,0,1,313,5,40,0
1990,19,2,1,0,0,1,313,5,40,0
1990,72,2,3,0,1,0,0,0,0,0
1990,62,1,0,2,0,0,567,0,0,0
1990,56,2,0,0,0,0,466,5,50,0
1990,55,1,0,0,0,0,14,5,40,0
1990,35,2,0,2,1,0,744,1,40,0
1990,18,2,1,2,1,0,0,0,0,0
1990,38,1,1,0,1,0,426,3,60,0
1990,49,1,0,0,1,0,505,4,40,0
1990,34,2,0,0,1,0,0,0,0,0
1990,22,1,1,2,1,0,747,4,40,0
1990,22,1,0,2,1,0,567,1,40,0
1990,23,2,0,2,1,0,744,1,16,0
1990,19,1,1,2,1,0,754,4,40,0
1990,29,2,1,2,1,0,888,3,40,0
1990,74,1,0,2,1,0,0,0,0,0
1990,68,2,0,2,1,0,0,0,0,0
1990,33,1,1,2,1,0,0,0,0,0
1990,35,1,0,2,1,0,744,1,40,0
1990,32,2,0,2,1,0,647,3,40,0
1990,33,1,3,2,1,0,364,1,40,0
1990,21,1,3,2,1,0,364,1,40,0
1990,25,1,0,2,1,0,505,4,40,0
1990,22,2,0,2,1,0,0,0,0,0
1990,29,2,0,2,1,0,744,1,40,0
1990,35,1,0,2,1,0,505,4,40,0
1990,27,2,0,2,1,0,744,1,40,0
1990,25,1,0,2,1,0,436,3,60,0
1990,59,1,0,0,1,0,759,4,40,0
1990,72,2,0,0,0,0,0,0,0,0
1990,23,1,0,0,1,0,0,0,0,0
1990,29,2,0,0,1,0,0,0,0,0
1990,22,2,2,2,0,0,0,0,0,0
1990,80,1,0,2,0,0,0,0,0,0
1990,74,2,0,2,1,0,0,0,0,0
1990,61,1,0,2,1,0,759,5,0,0
1990,43,2,0,2,1,0,436,3,36,0
1990,25,1,0,2,1,1,599,1,48,0
1990,29,1,0,2,1,0,364,1,60,0
1990,33,1,1,2,1,0,777,3,40,0
1990,25,2,1,2,1,0,0,0,0,0
1990,24,1,1,2,1,1,887,3,40,0
1990,49,1,3,2,1,0,869,0,6,0
1990,77,2,3,0,0,0,0,0,0,0
1990,40,2,1,2,1,0,308,4,40,0
1990,30,1,1,0,1,0,889,3,40,0
1990,35,2,1,0,1,0,744,1,40,0
1990,25,1,1,0,1,0,774,0,40,0
1990,25,1,1,0,1,0,259,3,40,0
1990,23,2,1,0,1,1,774,4,0,0
1990,46,2,3,0,0,0,0,0,0,0
1990,19,1,1,0,0,0,436,3,52,0
1990,20,1,0,2,1,0,779,1,48,0
1990,19,2,0,2,1,0,185,1,40,0
1990,42,2,3,0,1,0,774,4,40,0
1990,23,1,1,0,1,0,0,0,0,0
1990,35,1,1,0,1,0,888,1,20,0
1990,61,2,3,1,0,0,453,3,30,0
1990,26,1,1,1,0,0,365,1,40,0
1990,43,1,2,1,0,0,453,5,40,0
1990,35,1,0,2,1,0,866,0,40,0
1990,37,2,0,2,1,0,888,1,0,0
1990,18,1,1,2,1,0,0,0,0,0
1990,50,2,0,0,1,0,407,4,40,0
1990,55,1,0,0,1,0,747,4,40,0
1990,22,2,1,0,1,0,747,4,25,0
1990,19,1,1,0,1,0,747,4,25,0
1990,28,1,1,0,1,0,747,4,40,0
1990,26,2,1,0,1,0,0,0,0,0
1990,53,1,0,0,1,1,426,6,45,1
1990,53,2,0,0,0,0,387,5,15,0
1990,24,1,1,0,0,1,385,3,35,0
1990,20,1,1,0,0,1,373,3,30,0
1990,37,2,3,2,1,0,0,0,0,0
1990,18,2,1,2,1,0,438,1,50,0
1990,56,1,0,3,0,1,337,6,30,0
1990,55,2,0,3,0,0,379,4,40,0
1990,31,2,2,2,1,0,889,1,40,0
1990,67,1,0,2,1,0,688,1,40,0
1990,58,2,0,2,1,0,0,0,0,0
1990,27,2,1,2,0,1,315,3,41,0
1990,22,2,1,2,0,1,363,1,40,1
1990,31,2,2,2,1,1,276,4,30,0
1990,39,1,0,2,1,0,686,3,68,0
1990,39,2,0,2,1,0,243,3,40,0
1990,18,2,1,2,1,0,0,0,0,0
1990,32,1,3,2,1,0,744,1,40,0
1990,63,1,0,0,0,0,0,0,0,0
1990,66,2,0,0,0,0,0,0,0,0
1990,38,1,1,0,0,0,529,2,40,0
1990,30,2,1,0,0,0,156,5,15,0
1990,34,1,0,0,1,0,549,1,40,0
1990,30,2,0,0,1,0,769,1,40,0
1990,49,2,3,2,1,0,449,5,40,0
1990,34,2,3,2,1,0,276,3,30,0
1990,25,1,1,2,1,1,27,4,40,0
1990,24,2,1,2,1,0,243,3,40,0
1990,23,1,1,2,1,0,243,3,40,0
1990,22,1,1,2,1,1,387,5,30,0
1990,21,2,1,2,1,1,156,5,15,0
1990,58,1,1,2,4,0,0,0,0,0
1990,49,1,1,2,1,0,686,3,0,0
1990,19,2,2,2,4,0,0,0,0,0
1990,44,1,0,0,1,0,363,5,0,0
1990,41,2,0,0,1,0,889,4,0,0
1990,18,2,1,0,0,0,889,1,0,0
1990,77,2,3,1,0,0,0,0,0,0
1990,40,1,0,2,1,0,0,0,0,0
1990,45,2,0,2,1,0,0,0,0,0
1990,21,1,1,2,0,0,0,0,0,0
1990,20,1,1,2,0,0,0,0,0,0
1990,20,1,1,2,0,0,0,0,0,0
1990,36,2,1,2,0,0,0,0,0,0
1990,21,2,1,2,0,0,0,0,0,0
1990,33,1,0,0,1,0,628,1,60,0
1990,29,2,0,0,1,0,313,1,0,0
1990,29,2,1,1,0,0,808,2,40,0
1990,66,1,2,1,0,0,0,0,0,0
1990,58,2,2,0,0,0,779,1,40,0
1990,49,2,1,0,1,0,337,4,40,0
1990,69,2,3,0,1,0,0,0,0,0
1990,57,2,3,2,1,0,0,0,0,0
1990,18,2,1,2,1,0,0,0,0,0
1990,19,1,1,2,1,0,0,0,0,0
1990,42,1,2,2,1,0,804,1,40,0
1990,32,2,1,2,1,0,0,0,0,0
1990,39,2,3,0,1,0,276,5,25,0
1990,32,1,0,2,1,0,449,4,0,0
1990,34,2,0,2,1,0,436,3,40,0
1990,35,1,0,2,0,1,17,3,60,0
1990,37,2,0,2,0,0,313,5,20,0
1990,18,2,1,2,0,0,319,3,20,0
1990,36,1,3,2,0,1,208,5,60,0
1990,28,1,0,2,0,1,516,0,40,0
1990,31,2,0,2,0,0,22,3,40,0
1990,35,1,0,2,0,0,327,3,45,0
1990,27,2,0,2,1,1,0,0,0,0
1990,30,2,3,2,0,0,0,0,0,0
1990,29,1,1,2,0,0,514,1,0,0
1990,33,1,0,2,1,1,885,4,40,0
1990,29,2,0,2,1,0,0,0,0,0
1990,27,2,3,2,1,0,0,0,0,0
1990,27,1,3,2,1,0,885,4,40,0
1990,23,1,0,2,1,0,785,3,30,0
1990,19,2,0,2,1,0,22,4,40,0
1990,30,1,0,0,1,0,254,4,40,0
1990,31,2,0,0,1,0,407,4,40,0
1990,69,2,1,0,1,0,0,0,0,0
1990,60,1,0,0,0,0,0,0,0,0
1990,56,2,0,0,4,0,0,0,0,0
1990,49,1,0,0,0,0,785,1,40,0
1990,49,2,0,0,0,0,877,3,32,0
1990,24,2,3,0,0,0,174,0,40,0
1990,24,1,3,0,0,0,243,3,40,0
1990,57,1,0,2,1,0,509,1,0,0
1990,59,2,0,2,1,0,0,0,0,0
1990,71,1,0,0,0,0,0,0,0,0
1990,69,2,0,0,0,0,0,0,0,0
1990,43,1,0,2,0,0,768,1,60,0
1990,47,2,0,0,0,0,379,3,40,0
1990,21,2,1,2,0,1,263,3,40,0
1990,19,1,1,2,0,1,0,0,0,0
1990,32,1,3,2,1,0,777,1,40,0
1990,28,2,0,2,1,0,777,1,32,0
1990,23,1,0,2,1,0,766,1,40,0
1990,22,2,3,2,1,0,0,0,0,0
1990,30,1,0,2,1,0,779,1,40,0
1990,35,2,0,2,1,0,0,0,0,0
1990,68,1,0,0,0,0,323,1,20,0
1990,67,2,0,0,2,0,0,0,0,0
1990,31,1,0,2,1,0,585,0,40,0
1990,21,2,0,2,1,0,0,0,0,0
1990,56,2,3,2,1,0,0,0,0,0
1990,34,1,1,2,1,0,514,4,40,0
1990,33,1,1,2,1,0,514,4,40,0
1990,40,2,1,2,1,0,469,4,40,0
1990,66,1,0,1,0,0,0,0,0,0
1990,54,2,0,1,0,0,458,4,99,0
1990,48,1,0,2,0,1,636,1,50,0
1990,36,2,0,2,1,0,364,1,48,0
1990,20,1,1,2,0,0,777,1,48,0
1990,18,1,1,2,0,0,0,0,0,0
1990,35,1,0,0,0,1,22,1,40,0
1990,36,2,0,0,0,1,156,5,40,0
1990,35,2,3,0,1,0,785,1,40,0
1990,18,2,1,0,1,0,0,0,0,0
1990,19,2,1,0,0,0,319,5,40,0
1990,23,2,1,0,4,0,319,5,40,0
1990,22,1,1,0,4,0,549,1,40,0
1990,39,2,0,0,4,0,458,4,0,0
1990,42,1,0,0,4,0,777,1,40,0
1990,36,1,3,2,1,0,784,1,40,0
1990,34,1,1,2,1,0,507,4,40,0
1990,30,1,1,2,1,0,507,4,40,0
1990,32,1,1,2,1,0,869,0,40,0
1990,75,2,3,0,0,0,0,0,0,0
1990,20,2,1,0,0,0,446,5,40,0
1990,19,2,3,0,0,1,487,0,42,0
1990,43,1,0,1,0,0,779,1,40,0
1990,38,2,0,1,0,0,407,4,0,0
1990,31,1,0,0,0,1,235,3,40,0
1990,34,2,0,0,0,1,313,5,40,0
1990,47,2,2,2,1,0,22,1,40,0
1990,24,2,1,2,1,1,24,4,35,0
1990,65,2,3,2,1,0,628,1,32,0
1990,33,1,0,0,0,0,803,2,40,0
1990,43,2,0,0,0,1,338,4,51,0
1990,26,2,0,0,0,1,308,1,45,0
1990,25,1,0,0,0,0,869,0,55,0
1990,30,2,2,0,0,0,808,5,30,0
1990,40,1,0,3,3,0,727,1,40,0
1990,34,2,0,3,3,0,0,0,0,0
1990,77,1,3,3,3,0,0,0,0,0
1990,74,1,0,0,0,0,0,0,0,0
1990,71,2,0,0,0,1,0,0,0,0
1990,32,2,2,2,0,1,23,1,40,0
1990,30,1,2,2,0,0,783,1,40,0
1990,61,2,3,0,1,0,407,4,20,0
1990,34,1,1,0,1,0,486,0,36,0
1990,38,2,1,0,1,0,785,4,40,0
1990,32,2,2,0,1,0,779,1,45,0
1990,26,2,1,0,1,1,208,3,38,0
1990,22,1,1,0,1,0,356,4,0,0
1990,32,1,0,0,1,0,887,3,44,0
1990,29,2,0,0,1,0,777,3,40,0
1990,42,1,0,0,1,0,869,0,40,0
1990,45,2,0,0,1,0,407,4,40,0
1990,27,1,1,0,1,0,719,1,40,0
1990,25,1,0,0,1,0,567,1,40,0
1990,22,2,0,0,1,0,0,0,0,0
1990,18,1,1,0,1,0,869,0,40,0
1990,52,1,0,0,0,0,668,2,40,0
1990,48,2,0,0,0,0,0,0,0,0
1990,29,1,1,0,0,0,0,0,0,0
1990,68,1,0,0,2,0,804,3,0,0
1990,70,2,0,0,2,0,447,6,28,0
1990,35,2,3,0,1,0,779,1,35,0
1990,33,1,3,0,1,0,188,1,40,0
1990,32,2,3,0,1,0,754,1,40,0
1990,46,1,0,2,1,0,785,1,40,0
1990,32,2,0,2,1,0,436,3,40,0
1990,68,2,3,2,1,0,0,0,0,0
1990,21,1,1,2,1,0,785,1,40,0
1990,24,1,0,0,0,1,628,2,46,0
1990,26,2,0,0,0,1,387,5,15,0
1990,39,1,0,0,1,0,0,0,0,0
1990,42,2,0,0,1,0,0,0,0,0
1990,31,2,1,0,0,0,0,0,0,0
1990,70,2,3,0,1,0,754,1,0,0
1990,23,1,1,0,1,0,567,0,20,0
1990,31,2,1,0,1,0,628,1,40,0
1990,22,1,1,0,1,0,567,0,30,0
1990,20,1,1,0,1,0,567,0,30,0
1990,24,2,1,0,1,0,785,1,40,0
1990,22,1,1,0,1,0,567,0,30,0
1990,26,1,1,0,1,0,567,0,20,0
1990,28,1,1,0,0,1,174,5,40,1
1990,29,2,1,0,0,1,487,0,0,0
1990,33,1,3,3,3,1,579,0,40,0
1990,56,2,3,3,3,0,744,1,40,0
1990,26,2,1,3,3,1,313,3,24,0
1990,19,1,1,3,0,1,462,5,27,0
1990,65,2,3,0,0,0,0,0,0,0
1990,56,1,0,1,0,0,0,0,0,0
1990,56,2,0,1,0,0,0,0,0,0
1990,33,2,1,1,0,1,799,4,40,0
1990,29,1,0,2,1,0,869,0,50,0
1990,26,2,0,2,1,0,0,0,0,0
1990,31,1,0,2,1,0,844,0,40,0
1990,27,2,0,2,1,0,0,0,0,0
1990,29,2,0,2,1,0,779,0,40,0
1990,36,1,3,2,1,1,337,3,40,0
1990,26,1,1,2,1,0,0,0,0,0
1990,26,1,0,2,1,0,844,0,25,0
1990,75,2,3,0,0,1,0,0,0,0
1990,68,1,3,0,0,1,689,5,8,0
1990,35,2,2,2,0,0,888,1,40,0
1990,30,2,0,1,0,1,458,4,40,0
1990,32,1,0,1,0,0,274,5,30,0
1990,30,1,0,0,1,0,628,1,40,0
1990,59,2,0,0,0,1,276,3,32,0
1990,36,1,1,0,1,0,658,4,40,0
1990,37,1,0,3,3,0,804,1,40,0
1990,37,2,0,3,3,1,308,4,40,0
1990,40,1,0,2,0,1,453,5,40,0
1990,37,2,0,2,0,0,785,1,28,0
1990,32,1,0,0,1,0,505,3,40,0
1990,30,2,0,0,1,1,785,5,40,0
1990,29,1,0,0,1,0,507,2,40,0
1990,24,2,0,0,1,0,779,1,40,0
1990,63,1,3,0,1,0,479,0,25,0
1990,21,1,1,0,1,0,436,3,40,0
1990,80,2,3,0,0,0,0,0,0,0
1990,23,1,0,2,0,0,889,4,30,0
1990,23,2,0,2,0,0,185,3,40,0
1990,73,2,3,0,0,0,0,0,0,0
1990,47,2,2,3,3,1,337,5,40,0
1990,33,1,0,0,1,0,883,2,40,0
1990,29,2,0,0,1,0,628,1,40,0
1990,60,2,3,0,1,0,0,0,0,0
1990,20,1,0,0,0,0,783,4,30,0
1990,28,2,0,0,1,0,0,0,0,0
1990,38,1,0,0,1,0,686,3,47,0
1990,37,2,0,0,1,0,0,0,0,0
1990,28,1,1,0,1,0,579,0,40,0
1990,30,1,0,2,1,1,22,4,40,0
1990,28,2,0,2,1,1,0,0,0,0
1990,21,1,1,2,1,0,883,2,0,0
1990,24,1,3,2,1,0,785,1,40,0
1990,33,1,0,0,1,0,785,1,40,0
1990,32,2,0,0,1,0,0,0,0,0
1990,21,1,1,0,1,0,909,6,0,0
1990,65,1,0,0,0,0,637,1,40,0
1990,64,2,0,0,0,0,379,1,40,0
1990,38,1,3,0,0,1,44,1,40,0
1990,33,1,0,2,1,1,785,1,45,0
1990,32,2,0,2,1,0,407,4,40,0
1990,34,1,0,0,0,1,22,4,40,0
1990,33,2,0,0,1,1,364,1,40,0
1990,66,2,1,0,0,0,0,0,0,0
1990,52,1,0,0,0,1,303,6,11,1
1990,47,2,0,0,0,1,303,6,50,0
1990,23,1,1,0,0,1,383,4,25,0
1990,23,1,1,0,0,1,434,3,12,0
1990,22,1,1,0,0,1,274,3,40,0
1990,27,1,1,0,0,1,268,3,60,0
1990,67,1,0,0,0,1,0,0,0,0
1990,59,2,0,0,0,1,179,6,0,0
1990,44,1,3,1,0,1,453,0,24,0
1990,20,2,1,1,0,0,327,3,0,0
1990,40,2,2,0,0,0,0,0,0,0
1990,18,1,1,0,0,0,364,3,40,0
1990,39,1,0,1,0,1,689,1,48,1
1990,38,2,0,1,0,1,445,5,40,0
1990,22,1,1,2,1,0,579,0,40,0
1990,21,1,1,2,1,0,484,0,48,0
1990,19,1,1,2,1,0,479,0,40,0
1990,18,2,1,2,1,0,436,3,20,0
1990,18,1,1,2,1,0,484,0,0,0
1990,35,1,0,2,1,0,869,0,40,0
1990,43,2,0,2,1,0,0,0,0,0
1990,42,1,2,1,0,0,276,3,0,0
1990,46,1,0,3,3,1,217,5,40,0
1990,46,2,0,3,3,1,23,5,40,0
1990,29,1,0,3,3,1,376,4,40,0
1990,24,2,0,3,3,1,339,2,40,0
1990,42,2,1,0,0,1,277,1,40,0
1990,68,2,3,0,0,0,0,0,0,0
1990,31,1,0,3,3,1,308,5,40,0
1990,28,2,0,3,3,1,95,5,40,0
1990,71,1,0,3,3,0,426,1,0,0
1990,65,2,0,3,3,0,909,6,0,0
1990,53,2,3,2,1,0,744,1,0,0
1990,22,1,1,2,0,0,269,3,48,0
1990,21,2,1,2,0,1,208,5,44,0
1990,20,1,1,2,0,0,453,6,30,0
1990,50,1,0,2,0,0,549,3,40,0
1990,41,2,0,0,0,0,436,3,40,0
1990,57,1,0,2,0,0,628,1,40,0
1990,52,2,0,0,0,0,0,0,0,0
1990,59,1,2,1,1,1,22,0,43,0
1990,25,2,1,1,1,1,338,0,15,0
1990,24,2,1,1,1,1,23,4,40,0
1990,69,1,0,0,0,0,593,0,0,0
1990,60,2,0,0,0,0,785,1,40,0
1990,24,2,1,0,0,1,27,1,43,0
1990,30,1,1,0,0,1,22,5,40,0
1990,43,1,1,0,4,1,14,5,55,1
1990,48,1,3,0,2,1,156,5,60,0
1990,41,1,0,0,0,0,22,2,40,1
1990,26,2,0,0,0,0,0,0,0,0
1990,57,1,2,2,0,1,447,5,99,0
1990,72,1,3,3,3,0,0,0,0,0
1990,36,1,1,3,0,1,73,5,20,0
1990,35,2,1,3,0,1,23,1,55,0
1990,34,2,0,3,0,1,313,1,40,0
1990,33,1,0,3,1,0,637,1,40,0
1990,67,1,0,0,0,0,0,0,0,0
1990,63,2,0,0,2,0,259,1,40,0
1990,49,1,3,0,0,0,274,3,40,0
1990,56,1,0,3,0,1,27,6,40,0
1990,57,2,0,3,0,0,447,5,40,0
1990,26,2,1,3,0,1,23,3,40,0
1990,43,1,0,3,3,0,889,3,40,0
1990,42,2,0,3,3,0,259,3,25,0
1990,19,2,1,3,0,0,274,3,35,0
1990,32,1,0,2,1,0,575,2,50,0
1990,26,2,0,2,1,0,303,5,40,0
1990,18,2,1,2,1,0,323,5,0,0
1990,71,1,0,0,0,0,254,4,30,0
1990,67,2,0,0,0,0,0,0,0,0
1990,35,2,1,0,0,1,313,4,90,0
1990,64,1,0,0,1,0,686,3,34,0
1990,64,2,0,0,0,0,387,5,30,0
1990,57,1,0,1,0,1,354,2,40,0
1990,55,2,0,1,0,1,315,5,40,0
1990,33,1,0,1,0,1,426,4,40,0
1990,31,2,0,1,0,1,348,2,40,0
1990,45,1,0,2,1,0,22,0,0,0
1990,41,2,0,2,1,0,185,1,0,0
1990,20,1,1,2,1,0,869,0,0,0
1990,18,1,1,2,1,0,0,0,0,0
1990,48,1,3,1,0,0,19,4,50,0
1990,28,1,0,1,0,1,804,2,70,1
1990,29,2,0,1,0,1,25,3,55,0
1990,76,1,0,1,0,0,0,0,0,0
1990,69,2,0,1,0,0,0,0,0,0
1990,54,2,2,1,0,0,22,2,40,0
1990,26,1,1,1,0,0,17,3,40,0
1990,38,2,2,1,0,1,313,5,45,0
1990,18,1,1,1,0,0,0,0,0,0
1990,30,1,2,2,1,0,22,2,40,0
1990,24,2,0,2,1,0,804,3,40,0
1990,25,1,0,2,1,0,359,2,40,0
1990,27,1,0,2,1,0,523,2,40,0
1990,24,2,3,2,1,0,0,0,0,0
1990,23,1,1,2,1,0,359,2,0,0
1990,26,2,3,2,1,0,436,3,0,0
1990,29,2,0,2,1,0,0,0,0,0
1990,70,2,2,1,0,0,0,0,0,0
1990,41,2,0,1,0,1,18,4,40,0
1990,50,1,0,1,0,0,264,3,70,0
1990,50,1,2,1,0,0,785,1,36,0
1990,34,2,1,1,0,1,65,2,40,0
1990,65,1,1,0,0,1,316,5,40,0
1990,25,1,0,2,0,0,804,2,40,0
1990,24,2,0,2,0,0,0,0,0,0
1990,60,1,3,2,0,0,0,0,0,0
1990,57,1,0,2,1,0,436,2,40,0
1990,67,2,0,2,1,0,0,0,0,0
1990,23,2,1,1,0,1,269,3,40,0
1990,32,1,0,2,1,1,486,0,60,0
1990,29,2,0,2,1,0,479,0,0,0
1990,61,1,0,0,0,1,628,1,40,1
1990,48,2,0,0,0,1,159,5,40,0
1990,41,2,3,0,1,0,407,4,40,0
1990,19,2,1,1,0,0,0,0,0,0
1990,18,2,1,1,0,1,274,5,25,0
1990,77,1,3,0,0,0,0,0,0,0
1990,27,1,1,3,1,1,259,3,40,0
1990,21,1,1,0,0,1,773,5,50,0
1990,50,1,1,0,0,1,804,4,42,0
1990,27,1,1,2,1,0,575,0,40,0
1990,28,1,1,2,1,0,469,3,40,0
1990,19,1,1,2,0,0,866,0,40,0
1990,26,2,1,1,0,0,0,0,0,0
1990,23,2,1,2,1,0,435,3,30,0
1990,27,2,0,0,3,1,308,5,40,0
1990,31,1,0,0,3,0,809,2,45,0
1990,21,1,1,0,3,0,585,0,40,0
1990,25,1,3,0,3,0,22,4,40,0
1990,49,1,0,0,2,0,809,6,47,0
1990,40,2,0,3,3,1,404,4,40,0
1990,44,1,0,0,0,1,22,3,60,0
1990,32,2,0,0,0,1,337,3,50,0
1990,47,1,0,0,2,1,57,5,37,1
1990,46,2,0,0,2,1,21,5,40,0
1990,26,2,1,0,2,0,406,4,40,0
1990,25,1,1,0,2,0,365,3,40,0
1990,35,1,0,0,0,1,195,1,60,0
1990,33,2,0,0,0,1,195,1,50,0
1990,26,2,1,2,0,1,447,5,40,0
1990,38,1,1,0,0,1,22,5,40,0
1990,35,1,1,0,3,1,628,1,50,0
1990,72,1,0,0,3,0,0,0,0,0
1990,75,2,0,0,3,1,0,0,0,0
1990,46,2,2,0,0,0,187,5,0,0
1990,55,2,2,0,0,1,264,3,48,0
1990,23,1,1,0,0,1,34,5,40,0
1990,29,2,1,1,0,1,276,5,50,0
1990,27,1,1,2,0,1,383,4,40,0
1990,40,1,3,0,1,0,435,3,45,0
1990,45,2,1,0,1,0,453,5,40,0
1990,23,2,1,0,1,0,469,4,40,0
1990,22,1,1,0,1,0,443,3,40,0
1990,18,1,1,0,1,0,185,3,40,0
1990,71,1,2,1,0,1,453,5,40,0
1990,52,2,2,1,0,1,389,2,40,0
1990,20,2,1,1,0,0,0,0,0,0
1990,65,2,3,1,0,0,156,5,0,0
1990,24,1,1,0,0,1,43,5,45,0
1990,49,2,2,0,0,1,313,5,40,1
1990,38,1,1,0,0,1,243,3,45,1
1990,55,2,3,0,0,0,7,4,45,0
1990,36,2,2,1,0,1,206,5,40,0
1990,45,1,0,0,0,0,255,4,32,0
1990,46,2,0,0,2,1,59,1,40,0
1990,80,2,3,0,0,1,444,5,30,1
1990,55,1,2,0,2,1,407,4,70,0
1990,40,2,0,0,1,1,0,0,0,0
1990,48,1,0,0,0,1,69,5,8,1
1990,18,1,1,0,1,1,0,0,0,0
1990,48,1,0,3,3,1,22,1,50,1
1990,43,2,0,3,3,0,674,1,40,1
1990,20,1,1,3,3,1,7,4,40,0
1990,34,2,1,0,0,1,185,4,40,0
1990,47,1,3,0,2,1,185,4,60,0
1990,32,2,3,0,0,1,314,4,60,1
1990,43,1,0,0,0,1,257,1,55,1
1990,44,2,0,0,0,1,337,5,40,0
1990,52,1,0,0,0,1,22,3,70,1
1990,58,2,0,0,0,1,379,3,20,0
1990,69,1,3,0,0,1,256,5,20,0
1990,67,1,0,0,2,0,274,3,0,0
1990,62,2,0,0,2,0,274,3,30,0
1990,51,1,0,0,3,1,22,1,40,1
1990,35,2,0,0,3,1,0,0,0,0
1990,44,1,0,0,0,1,0,0,0,0
1990,35,2,0,0,0,1,383,4,35,0
1990,35,2,0,0,0,1,195,1,40,1
1990,36,1,0,0,0,1,183,5,40,1
1990,44,2,3,0,0,1,157,5,50,0
1990,42,1,0,0,0,1,23,5,40,1
1990,40,2,0,0,0,1,0,0,0,0
1990,35,1,0,1,0,1,7,5,40,0
1990,34,2,0,0,0,1,22,4,19,0
1990,56,1,0,0,0,0,243,3,40,0
1990,53,2,0,0,0,0,33,4,40,0
1990,24,2,1,0,0,0,323,3,40,0
1990,60,1,3,0,1,0,628,1,40,0
1990,37,2,1,0,0,1,156,5,35,1
1990,44,1,0,0,0,1,185,5,50,1
1990,33,2,0,0,0,0,303,4,58,0
1990,36,1,0,0,0,1,22,4,40,0
1990,33,2,0,0,0,1,185,4,40,0
1990,41,2,2,1,0,1,174,6,40,0
1990,21,2,1,1,0,1,274,3,20,0
1990,20,1,1,1,0,0,904,6,40,0
1990,68,1,0,1,0,1,0,0,0,0
1990,68,2,0,1,0,1,0,0,0,0
1990,70,1,0,0,0,1,178,5,60,1
1990,71,2,0,0,2,1,0,0,0,0
1990,49,2,3,0,2,1,254,4,30,0
1990,67,1,0,2,0,1,426,4,40,0
1990,38,2,0,2,1,0,407,4,12,0
1990,24,2,1,2,1,1,379,5,20,0
1990,18,1,1,2,1,1,505,3,12,0
1990,25,1,0,2,1,1,268,3,40,0
1990,24,2,0,2,0,0,753,1,0,0
1990,30,1,0,0,0,0,804,2,60,0
1990,32,2,0,0,0,0,217,5,40,0
1990,77,2,1,0,0,0,0,0,0,0
1990,59,2,2,1,0,0,0,0,0,0
1990,38,1,3,1,0,0,376,4,40,0
1990,46,2,3,1,0,1,37,3,40,0
1990,37,1,3,1,0,1,447,5,40,0
1990,45,1,2,0,0,1,188,1,50,0
1990,59,1,0,0,0,1,178,5,50,1
1990,55,2,0,0,0,1,313,5,40,0
1990,29,2,1,2,1,0,449,4,0,0
1990,31,2,3,2,1,0,449,4,0,0
1990,64,2,1,0,4,0,407,4,40,0
1990,41,1,2,0,0,1,558,0,40,0
1990,18,1,1,0,0,0,0,0,0,0
1990,28,2,1,1,0,0,0,0,0,0
1990,42,1,3,2,1,1,433,4,25,1
1990,20,1,1,2,1,0,888,3,0,0
1990,32,1,0,1,0,1,356,2,40,0
1990,32,2,0,1,0,0,385,4,30,0
1990,28,1,0,0,0,1,23,5,45,0
1990,24,2,0,0,0,1,156,5,60,0
1990,23,1,0,0,0,1,453,4,40,0
1990,22,2,0,0,0,1,156,5,40,0
1990,35,2,1,0,0,1,195,4,42,0
1990,28,1,1,0,0,1,17,3,40,0
1990,57,2,1,3,3,1,385,5,35,0
1990,36,2,0,0,0,1,29,3,40,0
1990,40,1,0,0,0,1,168,5,52,1
1990,29,2,1,0,0,1,75,1,42,0
1990,27,1,1,0,0,1,75,1,42,0
1990,26,2,1,0,0,1,178,6,40,0
1990,29,2,0,0,0,1,809,2,40,0
1990,28,1,0,0,0,1,687,3,40,0
1990,34,1,1,0,2,0,453,4,40,0
1990,49,1,2,0,1,1,779,1,40,0
1990,45,2,1,0,1,0,373,3,30,0
1990,56,1,0,2,1,0,486,5,40,0
1990,47,2,0,2,1,0,748,4,35,0
1990,25,1,1,2,1,0,435,3,40,0
1990,21,2,1,2,1,0,276,3,40,0
1990,19,1,1,2,1,0,435,3,40,0
1990,18,2,1,2,0,0,469,3,35,0
1990,21,1,1,2,1,0,436,3,35,0
1990,25,2,0,0,0,0,0,0,0,0
1990,65,1,0,0,0,1,55,5,40,1
1990,43,1,0,0,2,0,514,1,40,0
1990,36,2,0,0,2,1,313,1,51,0
1990,80,2,0,0,0,1,0,0,0,0
1990,37,1,1,0,0,1,185,4,30,0
1990,41,2,1,0,0,1,78,5,40,1
1990,18,2,1,0,0,1,276,3,30,0
1990,66,2,2,0,0,0,0,0,0,0
1990,30,2,1,0,0,1,185,4,0,0
1990,30,2,1,3,0,1,8,5,53,0
1990,29,1,1,3,0,1,189,4,0,0
1990,61,1,1,0,0,1,185,1,40,0
1990,36,2,0,0,0,0,274,3,0,0
1990,26,1,0,2,1,0,804,3,40,0
1990,20,1,1,2,1,0,486,0,48,0
1990,32,1,0,0,0,1,22,4,55,1
1990,33,2,0,0,1,1,178,5,0,0
1990,73,1,0,0,0,1,188,4,40,1
1990,59,2,0,0,0,1,21,5,20,0
1990,47,1,0,0,0,1,216,0,50,1
1990,47,2,0,0,0,1,0,0,0,0
1990,28,2,1,0,0,1,313,5,50,0
1990,23,1,1,0,0,1,274,3,24,0
1990,67,2,3,0,0,1,185,4,20,0
1990,32,2,0,1,0,1,355,2,40,0
1990,36,1,0,1,0,0,0,0,0,0
1990,37,1,1,0,0,1,53,4,40,0
1990,43,1,0,0,0,1,335,5,12,0
1990,42,2,0,0,0,1,387,5,30,0
1990,18,2,1,0,0,1,628,4,40,0
1990,49,1,0,2,4,0,588,0,40,0
1990,46,2,0,2,1,0,449,4,45,0
1990,18,2,1,2,0,0,276,5,15,0
1990,74,1,3,2,1,0,0,0,0,0
1990,48,1,0,0,0,0,417,4,40,0
1990,59,2,0,2,0,0,0,0,0,0
1990,55,1,0,0,0,1,363,1,40,0
1990,53,2,0,0,0,0,0,0,0,0
1990,48,1,0,0,0,1,418,6,38,1
1990,45,2,0,0,0,1,22,6,40,0
1990,44,1,2,0,0,0,216,1,40,0
1990,59,1,0,0,0,0,259,1,40,1
1990,60,2,0,0,0,0,0,0,0,0
1990,19,1,1,0,0,0,426,6,40,0
1990,37,1,0,0,0,0,558,0,68,0
1990,33,2,0,0,0,1,276,3,33,0
1990,41,1,0,2,1,0,453,4,40,0
1990,40,2,0,2,1,0,0,0,0,0
1990,68,2,3,2,1,0,0,0,0,0
1990,69,1,2,0,0,1,9,6,0,0
1990,45,1,0,0,0,0,696,2,50,0
1990,43,2,0,0,0,1,337,1,0,0
1990,24,2,1,0,0,1,435,3,40,0
1990,57,1,0,0,0,0,804,2,40,0
1990,58,2,0,0,0,0,0,0,0,0
1990,45,2,2,0,0,0,0,0,0,0
1990,55,1,0,0,0,1,22,1,45,0
1990,51,2,0,0,0,1,21,5,40,0
1990,41,1,0,0,0,0,64,2,40,0
1990,39,2,0,0,2,1,303,4,40,0
1990,29,1,2,0,0,0,505,4,40,0
1990,20,2,1,0,0,0,0,0,0,0
1990,62,1,0,0,0,0,866,3,26,0
1990,56,2,0,0,0,1,447,6,8,0
1990,28,2,1,0,0,0,438,3,0,0
1990,18,2,1,0,0,0,276,3,18,0
1990,23,1,0,0,0,1,558,0,40,0
1990,23,2,0,2,0,1,274,3,40,0
1990,42,1,0,0,0,1,796,1,50,1
1990,38,2,0,0,0,1,18,0,60,0
1990,60,1,0,0,0,1,808,2,55,0
1990,30,2,0,1,0,1,426,4,10,0
1990,22,1,1,0,0,0,575,0,30,0
1990,24,2,1,0,0,0,313,3,42,0
1990,54,2,3,0,0,0,433,3,50,0
1990,67,2,3,0,0,0,0,0,0,0
1990,41,1,2,0,0,1,585,5,40,0
1990,42,2,3,0,0,0,808,5,40,0
1990,30,1,0,0,0,0,516,1,40,0
1990,25,2,0,0,0,1,435,3,0,0
1990,44,1,0,0,0,1,365,1,70,1
1990,35,2,0,0,0,0,335,5,0,0
1990,26,1,2,0,0,0,585,1,40,0
1990,40,1,0,0,0,0,426,0,38,0
1990,50,2,0,0,0,1,156,5,40,0
1990,36,1,0,0,0,1,87,5,40,1
1990,31,2,0,0,0,1,447,5,40,0
1990,25,2,1,1,4,0,276,3,0,0
1990,52,1,0,0,0,1,53,0,40,1
1990,52,2,0,0,0,0,313,5,40,0
1990,28,2,0,0,0,0,65,4,40,0
1990,29,1,0,3,3,1,637,1,50,0
1990,33,1,0,0,0,0,453,5,40,0
1990,31,2,0,0,0,0,9,3,40,0
1990,39,1,0,3,3,1,36,6,80,0
1990,34,2,0,0,0,0,0,0,0,0
1990,42,1,0,0,0,1,235,1,40,0
1990,40,2,0,0,0,1,27,6,40,0
1990,68,1,0,0,0,1,13,1,0,0
1990,56,2,0,0,0,0,0,0,0,0
1990,73,2,0,0,0,1,0,0,0,0
1990,21,1,0,2,1,0,573,0,40,0
1990,33,2,0,2,1,0,365,1,0,0
1990,20,1,1,2,1,0,479,0,40,0
1990,72,1,0,0,0,1,22,1,0,0
1990,70,2,0,0,0,1,156,5,16,0
1990,34,2,1,0,0,1,487,0,40,0
1990,46,1,0,0,0,0,796,1,40,0
1990,45,2,0,0,0,0,689,1,40,0
1990,36,1,0,0,0,0,804,2,40,0
1990,31,2,0,3,3,1,339,5,0,0
1990,35,1,0,0,2,1,185,4,0,0
1990,26,2,0,0,2,0,0,0,0,0
1990,29,2,3,0,0,0,449,4,40,0
1990,65,1,0,0,0,0,486,5,0,0
1990,61,2,0,0,0,1,468,5,0,0
1990,48,1,2,0,0,0,785,1,40,0
1990,70,1,1,0,0,1,0,0,0,0
1990,36,1,0,0,0,1,385,3,40,0
1990,30,2,0,0,0,1,217,3,42,0
1990,43,1,0,3,3,1,303,4,40,0
1990,39,2,0,3,3,1,95,5,40,0
1990,25,1,0,0,0,1,64,6,45,0
1990,25,2,0,0,0,1,7,4,45,0
1990,38,1,0,0,1,0,365,3,40,0
1990,35,2,0,0,1,0,453,4,40,0
1990,29,2,3,0,0,0,567,0,40,1
1990,28,1,0,0,0,1,55,2,60,0
1990,29,2,0,0,0,1,0,0,0,0
1990,48,2,2,0,0,0,376,2,40,0
1990,28,1,0,2,0,0,689,1,40,0
1990,26,2,0,0,1,1,313,4,0,0
1990,63,1,0,0,0,1,33,1,0,1
1990,58,2,0,0,0,1,0,0,0,0
1990,43,2,2,0,0,1,23,3,40,0
1990,41,1,2,0,0,1,424,6,40,0
1990,44,1,0,0,0,1,259,3,60,0
1990,39,2,0,0,0,1,156,5,35,0
1990,54,1,0,0,0,0,259,3,40,0
1990,53,2,0,0,0,1,264,3,40,0
1990,26,2,1,0,0,1,319,5,40,0
1990,24,1,1,0,0,0,373,0,40,0
1990,63,2,3,0,0,0,276,3,30,0
1990,40,1,2,0,0,0,585,3,0,0
1990,38,2,1,0,0,1,156,5,40,0
1990,37,2,1,0,0,1,197,5,40,0
1990,42,1,0,0,0,1,22,4,40,1
1990,39,2,0,0,0,0,313,5,15,0
1990,29,1,0,0,0,0,637,1,50,0
1990,31,2,0,0,1,1,204,5,30,0
1990,77,1,0,0,0,0,21,5,40,1
1990,67,2,0,0,2,0,0,0,0,0
1990,18,1,1,2,1,0,889,5,30,0
1990,39,2,2,0,0,1,354,2,40,0
1990,55,2,3,0,0,0,22,2,45,1
1990,58,1,0,0,0,0,216,5,40,0
1990,54,2,0,0,0,0,0,0,0,0
1990,20,2,1,0,0,0,348,2,46,0
1990,49,2,1,0,0,1,243,4,50,0
1990,54,1,0,0,0,1,53,0,40,1
1990,47,2,0,0,0,1,14,5,40,0
1990,67,1,0,0,0,1,216,0,40,0
1990,69,2,0,0,0,0,0,0,0,0
1990,44,1,0,0,0,1,25,4,40,0
1990,41,2,0,0,0,1,337,5,15,0
1990,24,1,3,3,0,0,17,3,40,0
1990,21,1,3,3,0,0,276,3,99,0
1990,35,2,0,0,0,1,268,3,40,0
1990,37,1,0,0,0,1,266,3,40,0
1990,34,1,0,0,0,1,809,5,70,1
1990,36,2,0,0,0,1,23,5,28,0
1990,71,1,0,2,0,0,0,0,0,0
1990,66,2,0,2,0,0,0,0,0,0
1990,48,1,0,0,0,1,243,3,60,1
1990,39,2,0,0,0,1,329,5,0,0
1990,20,2,1,0,0,1,274,3,30,0
1990,45,1,0,0,0,1,98,5,40,0
1990,44,2,0,0,0,1,95,5,40,1
1990,66,1,0,0,0,0,518,1,0,0
1990,73,2,0,0,0,0,0,0,0,0
1990,30,1,0,0,0,0,558,0,40,0
1990,30,2,0,0,0,0,0,0,0,0
1990,45,1,0,0,1,1,22,3,80,1
1990,39,2,0,0,1,0,337,3,30,0
1990,42,2,2,0,1,0,407,4,45,0
1990,40,1,0,3,3,0,804,2,72,0
1990,37,2,0,3,3,0,804,2,72,0
1990,66,1,3,3,3,0,0,0,0,0
1990,60,2,0,3,3,0,22,3,0,0
1990,58,1,0,3,3,0,0,0,0,0
1990,20,1,1,3,3,0,0,0,0,0
1990,70,2,2,0,0,1,254,4,60,0
1990,63,1,0,0,0,1,276,5,40,1
1990,37,2,0,3,0,1,22,5,40,1
1990,47,1,0,0,0,0,195,5,45,1
1990,45,2,0,0,0,0,458,4,0,0
1990,21,2,1,0,0,1,274,3,20,0
1990,59,2,2,0,0,1,257,2,0,0
1990,33,1,1,0,0,0,505,4,20,0
1990,77,1,0,0,0,0,0,0,0,0
1990,74,2,0,0,0,0,0,0,0,0
1990,46,1,0,0,0,1,448,4,48,0
1990,31,2,0,0,0,1,167,5,40,0
1990,44,1,2,0,1,1,22,5,50,1
1990,33,2,2,0,0,1,55,3,43,0
1990,40,1,1,0,0,1,657,1,50,0
1990,54,1,0,0,0,1,178,5,60,1
1990,51,2,0,0,0,1,447,5,0,0
1990,24,1,1,0,0,1,274,3,30,0
1990,57,2,0,0,0,1,174,5,35,0
1990,64,1,0,0,2,1,213,1,40,1
1990,63,1,0,1,0,1,453,4,25,0
1990,59,2,0,1,0,1,95,5,40,0
1990,34,2,0,1,0,1,22,2,40,1
1990,48,1,0,1,0,1,21,5,40,0
1990,61,2,3,1,0,0,407,4,45,0
1990,32,1,1,1,0,0,883,2,40,0
1990,38,1,2,1,0,0,809,2,80,0
1990,41,2,0,1,0,1,37,1,40,0
1990,27,1,0,1,0,1,505,3,0,0
1990,34,1,0,0,0,0,779,1,50,0
1990,39,2,0,0,2,1,177,5,40,0
1990,67,2,0,0,0,1,379,4,0,0
1990,76,1,0,0,0,0,558,0,20,1
1990,35,1,2,0,0,0,22,3,45,1
1990,37,1,0,3,3,0,435,3,40,0
1990,39,2,0,3,4,1,0,0,0,0
1990,70,1,0,3,0,0,877,3,0,0
1990,69,2,0,3,0,0,0,0,0,0
1990,33,1,1,3,0,0,0,0,0,0
1990,25,2,1,1,0,0,327,3,38,0
1990,41,1,1,1,0,0,486,0,0,0
1990,45,1,2,0,0,1,17,4,60,1
1990,36,2,2,0,0,1,13,4,40,1
1990,62,1,0,0,0,0,259,3,45,0
1990,57,2,0,0,0,1,259,3,40,0
1990,36,1,0,1,0,1,327,2,40,1
1990,36,2,0,1,0,1,178,2,40,1
1990,49,1,0,0,0,1,176,5,40,0
1990,40,2,0,0,0,1,313,5,30,0
1990,40,1,2,1,0,1,667,1,50,0
1990,41,2,2,1,0,1,326,6,40,0
1990,46,1,1,1,0,1,0,0,0,0
1990,45,1,0,0,0,0,359,5,40,1
1990,42,2,0,0,0,0,327,5,40,0
1990,25,1,1,0,0,1,23,5,40,0
1990,24,2,1,0,0,1,207,5,40,0
1990,64,1,1,0,0,1,14,5,60,0
1990,57,1,0,0,0,1,824,2,40,0
1990,30,2,0,0,0,1,156,5,0,0
1990,61,1,0,0,0,1,27,5,40,1
1990,58,2,0,0,0,1,185,5,35,0
1990,28,1,1,0,0,0,779,3,40,0
1990,62,1,0,0,0,0,575,2,40,0
1990,64,2,0,0,0,1,313,1,40,0
1990,73,1,3,0,0,1,0,0,0,1
1990,44,2,3,0,0,0,458,4,40,0
1990,37,1,0,0,0,1,177,5,40,0
1990,36,2,0,0,0,1,18,4,40,0
1990,30,1,0,0,0,1,229,1,50,1
1990,37,2,0,0,0,1,23,5,0,0
1990,31,1,0,2,1,0,777,1,40,0
1990,30,2,0,2,1,0,0,0,0,0
1990,29,1,1,1,0,1,804,1,48,0
1990,80,2,3,0,0,0,0,0,0,0
1990,71,2,0,0,0,0,0,0,0,0
1990,38,2,1,1,0,0,243,3,0,0
1990,78,1,0,0,0,0,0,0,0,0
1990,72,2,0,0,0,0,274,3,24,0
1990,30,1,0,3,3,1,229,1,40,0
1990,31,2,0,3,3,1,0,0,0,0
1990,65,1,0,3,3,1,0,0,0,0
1990,55,2,0,3,3,0,0,0,0,0
1990,19,2,1,3,4,0,0,0,0,0
1990,58,1,3,3,3,1,154,5,0,0
1990,52,2,3,3,3,1,154,5,15,0
1990,28,1,1,1,0,1,0,0,0,0
1990,49,2,2,0,0,0,22,4,43,1
1990,58,1,0,2,0,1,628,1,40,0
1990,60,2,0,2,0,0,0,0,0,0
1990,40,2,3,3,3,1,0,0,0,0
1990,70,1,3,0,0,1,0,0,0,1
1990,30,1,1,1,0,1,185,1,40,0
1990,31,2,1,2,0,1,274,3,55,0
1990,23,2,1,0,0,1,25,3,50,0
1990,68,2,3,0,0,0,447,4,10,0
1990,27,1,0,3,3,1,7,4,36,0
1990,27,2,0,3,3,1,0,0,0,0
1990,39,1,0,3,3,1,22,3,60,1
1990,39,2,0,3,3,1,23,1,30,0
1990,43,1,0,3,3,1,55,1,50,1
1990,36,2,0,3,3,1,628,1,60,1
1990,58,1,1,3,4,1,59,5,40,0
1990,34,1,0,3,0,1,7,4,40,0
1990,32,2,0,3,3,1,156,5,35,0
1990,65,1,2,0,0,0,0,0,0,0
1990,79,2,0,0,0,0,0,0,0,0
1990,74,1,0,0,0,0,0,0,0,0
1990,29,2,1,0,1,0,407,4,0,0
1990,39,1,1,0,1,0,889,3,25,0
1990,44,2,3,2,1,1,466,5,30,0
1990,18,1,1,2,1,0,883,2,40,0
1990,36,2,1,0,0,1,156,5,45,0
1990,30,2,1,0,0,1,318,2,20,0
1990,28,1,1,2,0,0,364,1,40,0
1990,62,1,0,0,2,1,365,1,40,0
1990,60,2,0,0,2,1,23,4,40,0
1990,63,1,0,0,0,1,188,4,40,1
1990,62,2,0,0,0,0,0,0,0,0
1990,50,2,1,0,0,0,335,2,37,0
1990,68,1,0,0,0,1,179,6,0,1
1990,36,2,0,0,0,0,0,0,0,0
1990,41,2,1,3,3,1,458,3,40,0
1990,45,1,0,0,0,1,423,6,40,1
1990,43,2,0,0,0,1,156,5,16,0
1990,31,1,0,2,1,1,748,4,40,0
1990,27,2,0,2,1,0,883,2,17,0
1990,19,2,1,2,1,0,0,0,0,0
1990,44,1,0,0,1,1,264,3,48,0
1990,41,2,0,0,1,0,313,5,38,0
1990,18,1,1,0,0,0,0,0,0,0
1990,21,1,1,0,1,0,573,0,40,0
1990,30,1,0,2,1,1,243,5,48,0
1990,26,2,0,0,0,1,96,3,35,0
1990,43,2,2,0,0,1,313,4,40,0
1990,26,1,0,0,1,0,447,5,40,0
1990,25,2,0,0,1,0,449,5,40,0
1990,20,2,1,2,0,0,276,3,40,0
1990,64,1,0,0,0,0,354,2,20,0
1990,67,2,0,0,2,1,313,5,40,0
1990,28,1,1,0,0,0,243,3,40,0
1990,51,2,1,0,0,1,207,5,40,0
1990,24,1,1,0,0,0,567,0,20,0
1990,63,1,0,0,0,0,543,0,0,0
1990,63,2,0,0,0,0,0,0,0,0
1990,21,1,1,0,0,0,436,3,40,0
1990,69,1,0,0,1,0,177,5,16,0
1990,66,2,0,0,1,0,0,0,0,0
1990,68,1,2,0,0,0,0,0,0,0
1990,42,1,0,3,3,1,84,5,50,1
1990,40,2,0,3,3,1,313,4,40,0
1990,52,1,0,0,0,1,185,4,40,1
1990,51,2,0,0,0,1,0,0,0,0
1990,52,1,0,3,3,0,22,1,40,1
1990,46,2,0,3,3,0,0,0,0,0
1990,23,1,1,3,3,1,0,0,0,0
1990,21,1,1,3,3,1,0,0,0,0
1990,20,2,1,3,3,0,0,0,0,0
1990,19,2,1,3,3,1,0,0,0,0
1990,37,1,0,0,2,1,185,3,60,0
1990,38,2,0,0,0,1,156,5,40,0
1990,45,1,0,0,2,1,177,5,50,0
1990,44,2,0,3,3,0,449,5,0,0
1990,56,2,2,0,0,1,95,5,40,0
1990,25,1,3,0,0,0,579,0,0,0
1990,28,2,3,0,2,0,683,1,40,0
1990,59,2,2,0,0,1,243,3,12,0
1990,24,2,1,0,0,1,259,1,30,0
1990,43,1,0,0,0,1,178,5,40,1
1990,43,2,0,0,0,1,0,0,0,0
1990,66,2,1,0,0,1,313,4,40,0
1990,30,1,0,2,1,0,779,3,40,0
1990,23,2,0,2,1,0,276,3,10,0
1990,47,2,2,0,1,1,156,5,45,0
1990,33,2,1,0,0,0,315,6,40,0
1990,56,1,0,0,0,0,567,1,40,0
1990,41,2,0,0,0,0,0,0,0,0
1990,31,2,1,0,0,1,315,5,40,0
1990,25,1,0,3,0,0,0,0,0,0
1990,26,2,0,0,0,0,0,0,0,0
1990,34,1,0,3,3,0,436,3,20,0
1990,33,2,0,3,3,0,0,0,0,0
1990,60,1,0,0,3,1,505,1,50,0
1990,57,2,0,0,3,0,0,0,0,0
1990,26,2,1,0,3,1,22,4,45,0
1990,21,1,1,0,3,1,234,5,20,0
1990,20,2,1,0,3,0,276,4,20,0
1990,78,1,0,0,0,0,0,0,0,0
1990,31,1,0,3,3,0,0,0,0,0
1990,31,2,0,3,3,0,0,0,0,0
1990,67,2,3,3,4,0,0,0,0,0
1990,42,1,0,3,3,0,243,3,60,0
1990,38,2,0,3,3,1,274,3,40,0
1990,39,2,2,0,0,1,339,2,41,0
1990,55,1,0,0,0,1,178,5,45,1
1990,51,2,0,0,0,0,0,0,0,0
1990,31,2,1,0,0,1,259,3,40,0
1990,74,2,3,0,0,1,268,3,8,0
1990,68,2,3,0,0,0,0,0,0,0
1990,75,2,3,0,0,1,0,0,0,0
1990,63,2,3,3,0,0,337,4,40,0
1990,76,2,2,0,0,0,0,0,0,0
1990,26,1,0,0,0,1,23,5,0,0
1990,23,2,0,0,0,1,25,4,40,0
1990,76,1,0,0,0,1,0,0,0,1
1990,74,2,0,0,0,1,0,0,0,0
1990,33,1,0,3,3,1,22,3,40,1
1990,35,2,0,3,3,1,256,1,0,0
1990,70,1,0,3,3,0,497,0,0,0
1990,58,2,0,3,3,0,0,0,0,0
1990,58,1,3,0,0,1,22,1,40,1
1990,39,2,2,0,0,1,174,5,45,0
1990,74,2,1,0,0,0,0,0,0,0
1990,31,1,0,0,0,1,257,1,55,1
1990,35,2,0,0,0,1,736,1,40,0
1990,36,1,0,3,3,1,44,1,40,0
1990,34,2,0,3,3,1,259,1,40,0
1990,22,1,1,0,1,1,883,3,40,0
1990,65,1,0,0,0,0,0,0,0,0
1990,60,2,0,0,0,0,0,0,0,0
1990,28,1,0,0,0,0,434,4,40,0
1990,27,2,0,0,0,0,435,3,6,0
1990,75,1,0,2,0,0,0,0,0,0
1990,63,2,0,2,0,0,368,1,40,0
1990,30,1,1,2,0,0,804,2,50,0
1990,29,1,0,2,1,0,785,1,40,0
1990,28,2,0,2,1,1,785,3,40,0
1990,54,2,1,2,1,0,0,0,0,0
1990,65,1,3,0,0,0,0,0,0,0
1990,35,1,0,0,1,0,856,3,40,0
1990,29,2,0,0,1,0,796,1,40,0
1990,69,2,0,0,0,0,0,0,0,0
1990,78,1,0,0,0,0,0,0,0,0
1990,74,2,0,0,0,0,0,0,0,0
1990,28,1,0,2,1,0,365,1,25,0
1990,27,2,0,2,1,0,274,3,40,0
1990,40,1,0,0,1,0,486,0,40,0
1990,35,2,0,0,1,0,0,0,0,0
1990,22,1,1,2,1,0,804,3,40,0
1990,75,2,3,0,0,0,0,0,0,0
1990,27,2,1,2,0,0,313,3,0,0
1990,22,1,0,0,1,0,769,1,40,0
1990,21,2,0,0,4,0,0,0,0,0
1990,44,1,0,0,4,0,479,0,40,0
1990,41,2,0,0,4,1,319,4,0,0
1990,20,1,1,0,0,0,233,1,40,0
1990,23,1,1,2,0,0,883,2,40,0
1990,27,1,0,2,1,0,804,3,40,0
1990,23,2,0,2,1,0,888,2,0,0
1990,31,1,0,2,1,0,769,1,0,0
1990,29,2,0,2,0,0,276,3,0,0
1990,39,1,2,2,1,0,734,1,48,0
1990,20,2,1,0,0,0,337,1,42,0
1990,28,2,0,2,1,0,259,3,40,0
1990,42,1,0,2,1,1,869,0,40,0
1990,44,1,0,2,1,0,518,1,40,0
1990,54,2,0,2,1,0,796,1,40,0
1990,43,1,2,0,0,0,909,6,0,0
1990,28,1,0,2,1,0,804,3,40,0
1990,27,2,0,2,1,0,0,0,0,0
1990,28,1,1,2,1,0,453,3,40,0
1990,27,2,3,2,1,0,874,1,40,0
1990,56,1,0,1,2,0,453,4,40,0
1990,50,2,0,3,0,0,436,3,40,0
1990,50,1,3,2,1,0,337,5,56,0
1990,19,2,1,2,1,1,0,0,0,0
1990,30,1,1,2,1,0,744,1,40,0
1990,33,2,1,2,1,0,744,1,40,0
1990,26,1,1,2,1,0,769,1,40,0
1990,20,1,1,2,1,0,869,0,0,0
1990,27,2,1,2,4,0,488,3,40,0
1990,74,2,3,1,0,0,0,0,0,0
1990,28,2,3,1,0,1,0,0,0,0
1990,48,1,0,1,0,1,389,1,40,0
1990,44,2,0,1,0,0,379,1,40,0
1990,24,2,1,1,0,0,259,1,40,0
1990,19,2,1,1,0,1,316,6,0,0
1990,52,1,0,2,1,0,0,0,0,0
1990,42,2,0,2,1,0,436,3,40,0
1990,51,1,3,2,4,0,453,4,40,0
1990,18,2,1,2,1,0,0,0,0,0
1990,38,1,2,2,1,0,864,2,40,0
1990,74,2,3,2,1,0,0,0,0,0
1990,31,2,1,1,0,0,909,6,0,0
1990,58,2,3,2,0,1,338,1,40,0
1990,39,1,0,1,0,0,365,2,40,0
1990,35,2,0,1,0,1,365,2,40,0
1990,41,1,0,0,1,0,505,4,40,0
1990,41,2,0,0,1,0,0,0,0,0
1990,21,1,1,0,0,0,37,1,40,0
1990,20,1,1,0,0,0,453,2,40,0
1990,18,2,1,0,0,0,683,1,40,0
1990,68,2,3,0,0,0,0,0,0,0
1990,39,1,3,2,1,0,303,1,40,0
1990,23,1,3,2,1,0,0,0,0,0
1990,31,2,3,2,1,0,446,5,0,0
1990,27,2,2,2,1,0,0,0,0,0
1990,38,1,0,2,1,0,769,1,40,0
1990,30,2,0,2,1,0,465,5,5,0
1990,44,2,3,1,0,1,174,5,40,0
1990,20,2,0,2,1,0,888,1,99,0
1990,27,1,0,0,1,0,486,0,40,0
1990,47,2,1,1,0,0,779,1,40,0
1990,25,2,3,1,0,1,95,5,30,0
1990,19,2,1,1,0,1,315,5,0,0
1990,49,1,2,1,0,1,426,5,40,0
1990,31,1,0,1,0,0,354,2,40,0
1990,28,2,0,1,0,1,25,5,40,0
1990,48,1,0,2,1,0,628,1,58,0
1990,43,2,0,2,1,0,889,1,32,0
1990,20,2,1,2,0,0,276,3,80,0
1990,19,2,1,2,0,0,319,4,80,0
1990,20,1,1,2,1,0,0,0,0,0
1990,41,1,0,2,1,0,687,1,44,0
1990,39,2,0,2,4,0,0,0,0,0
1990,21,1,1,2,1,1,0,0,0,0
1990,39,1,0,3,4,0,159,5,30,0
1990,32,2,0,3,4,0,0,0,0,0
1990,20,1,1,3,4,0,359,4,40,0
1990,22,1,1,3,4,0,0,0,0,0
1990,22,2,1,3,0,0,0,0,0,0
1990,38,2,1,3,4,0,0,0,0,0
1990,55,2,2,1,0,1,447,4,6,0
1990,58,2,2,1,0,0,376,1,40,0
1990,32,2,1,1,0,0,23,1,40,0
1990,25,1,1,1,0,0,376,1,40,0
1990,66,1,0,1,0,0,0,0,0,0
1990,60,2,0,1,0,0,0,0,0,0
1990,21,2,2,1,0,0,319,1,21,0
1990,36,1,0,1,0,1,453,4,0,0
1990,22,2,0,1,0,1,0,0,0,0
1990,77,1,0,0,0,0,0,0,0,0
1990,71,2,0,0,0,0,0,0,0,0
1990,35,1,0,0,2,1,22,1,40,1
1990,31,2,0,0,0,0,0,0,0,0
1990,69,1,0,0,0,1,0,0,0,0
1990,64,2,0,0,0,1,0,0,0,0
1990,28,1,1,0,0,0,243,3,40,0
1990,27,2,1,0,0,0,276,3,40,0
1990,55,2,2,0,0,1,0,0,0,0
1990,29,2,1,0,0,0,365,3,30,0
1990,31,1,3,0,0,0,567,0,40,0
1990,55,1,0,0,0,1,22,1,40,0
1990,60,2,0,0,0,0,0,0,0,0
1990,20,1,1,0,0,1,637,1,40,0
1990,74,2,3,0,0,0,0,0,0,0
1990,47,2,2,0,0,0,243,3,40,0
1990,31,1,0,2,1,0,683,3,30,0
1990,29,2,0,2,0,1,379,5,6,0
1990,72,1,0,2,1,0,0,0,0,0
1990,63,2,0,2,1,1,156,5,0,0
1990,33,2,3,2,1,1,36,6,0,0
1990,38,2,0,0,0,0,435,3,30,0
1990,53,1,0,0,0,1,318,2,55,0
1990,26,1,0,2,1,0,869,0,0,0
1990,30,2,0,2,1,0,785,1,40,0
1990,24,2,3,0,0,0,337,1,40,0
1990,25,1,1,0,0,0,235,2,35,0
1990,30,1,0,0,0,1,389,1,45,0
1990,30,2,0,0,0,0,305,1,40,0
1990,39,1,0,0,1,0,486,0,40,0
1990,41,2,0,0,1,0,777,1,40,0
1990,19,1,1,0,0,0,484,3,40,0
1990,19,1,1,0,1,0,887,1,40,0
1990,63,2,2,0,0,0,274,3,35,0
1990,37,1,0,0,0,0,804,2,40,0
1990,46,2,0,0,4,0,468,5,12,0
1990,25,1,1,0,4,0,159,5,0,0
1990,24,2,1,0,4,0,313,5,0,0
1990,22,2,1,0,4,1,208,5,44,0
1990,62,1,0,0,1,0,888,1,40,0
1990,49,2,0,0,1,0,0,0,0,0
1990,25,2,1,0,1,0,744,1,40,0
1990,60,1,2,0,4,0,447,5,40,0
1990,42,1,0,2,1,0,365,1,42,0
1990,38,2,0,2,1,0,628,1,40,0
1990,19,1,1,2,1,0,869,0,0,0
1990,56,2,2,0,0,0,785,1,40,0
1990,38,1,0,1,0,1,799,4,20,0
1990,36,2,0,1,0,1,327,2,40,0
1990,68,1,0,0,1,0,22,4,0,0
1990,60,2,0,0,1,0,453,5,76,0
1990,43,2,1,0,1,1,386,5,50,0
1990,39,1,1,0,1,1,364,3,40,0
1990,30,2,1,2,0,0,447,5,40,0
1990,32,2,0,2,0,1,313,3,40,0
1990,31,1,0,0,0,1,747,4,40,0
1990,62,2,3,2,1,0,0,0,0,0
1990,33,1,1,2,0,0,748,4,40,0
1990,49,2,1,2,1,0,466,5,40,0
1990,33,2,2,2,0,0,379,5,40,0
1990,29,1,0,2,0,0,22,4,40,0
1990,25,2,0,2,0,1,253,4,0,0
1990,65,1,0,0,0,1,276,5,40,0
1990,51,2,0,0,0,1,503,2,48,0
1990,42,1,0,0,1,0,453,3,40,0
1990,44,2,0,0,1,1,387,5,45,0
1990,63,1,0,0,0,0,849,2,45,0
1990,48,2,0,0,0,0,0,0,0,0
1990,20,1,1,0,0,0,263,3,20,0
1990,23,1,0,0,0,0,869,0,40,0
1990,23,2,0,0,0,0,0,0,0,0
1990,39,1,0,3,3,1,55,1,45,1
1990,34,2,0,3,3,1,274,3,30,0
1990,73,1,0,3,3,0,0,0,0,0
1990,68,2,0,3,3,0,0,0,0,0
1990,29,1,1,3,3,1,235,3,30,0
1990,30,1,3,3,3,1,235,3,40,0
1990,33,2,2,2,3,1,274,3,40,0
1990,52,1,3,0,0,1,637,1,50,0
1990,40,2,2,0,4,0,365,1,40,0
1990,18,2,1,0,0,0,319,4,20,0
1990,61,1,0,0,1,0,628,1,40,0
1990,59,2,0,0,2,0,0,0,0,0
1990,22,1,1,0,1,1,567,0,40,0
1990,19,2,1,0,1,1,385,3,40,0
1990,23,1,0,0,1,1,637,1,40,0
1990,27,2,0,0,1,1,337,1,0,0
1990,26,1,1,0,0,0,637,1,40,0
1990,61,1,0,2,0,0,0,0,0,0
1990,58,2,0,2,0,0,0,0,0,0
1990,20,1,1,2,0,0,887,3,55,0
1990,24,1,1,2,0,0,453,4,40,0
1990,37,1,1,2,4,0,887,3,40,0
1990,35,1,0,0,0,0,436,3,60,0
1990,33,2,0,0,0,0,0,0,0,0
1990,54,2,0,0,0,1,0,0,0,0
1990,66,1,0,0,0,1,628,1,40,0
1990,55,1,2,0,0,0,804,2,60,0
1990,20,2,1,0,0,0,379,3,25,0
1990,44,2,1,1,0,1,255,4,0,0
1990,38,2,1,1,0,0,276,4,40,0
1990,45,2,0,0,0,0,22,4,37,0
1990,54,1,0,0,0,1,558,0,40,0
1990,55,1,0,0,0,1,257,2,40,1
1990,53,2,0,0,0,0,785,1,0,0
1990,57,2,2,0,0,1,8,1,40,0
1990,38,2,2,0,0,1,313,1,50,0
1990,79,2,2,0,0,0,0,0,0,0
1990,57,1,0,0,0,1,23,5,45,0
1990,58,2,0,0,0,0,315,5,0,0
1990,29,2,1,0,0,1,95,5,40,0
1990,23,1,1,0,0,1,195,1,0,0
1990,49,1,2,0,0,1,22,1,40,1
1990,52,2,2,0,0,1,337,4,0,0
1990,62,1,0,0,0,1,156,5,40,0
1990,67,2,0,0,0,0,0,0,0,0
1990,31,1,1,0,0,1,585,0,40,0
1990,38,1,0,0,0,1,22,0,45,1
1990,37,2,0,0,0,1,98,5,30,0
1990,31,2,1,3,0,1,385,2,40,0
1990,77,2,3,0,0,1,433,5,25,0
1990,50,1,0,0,0,1,26,5,65,0
1990,43,2,0,0,0,1,313,5,12,0
1990,68,1,0,0,2,0,56,1,0,0
1990,72,2,0,0,0,1,0,0,0,0
1990,34,1,0,0,0,0,889,2,45,0
1990,30,2,0,0,0,0,13,4,40,0
1990,44,2,1,0,0,1,156,5,60,0
1990,29,1,0,0,0,1,29,3,45,1
1990,26,2,0,0,0,1,259,3,40,0
1990,46,1,0,2,0,1,534,0,40,0
1990,42,2,0,2,0,0,783,1,40,0
1990,70,1,0,0,0,0,0,0,0,0
1990,66,2,0,0,0,0,436,4,0,0
1990,47,1,0,0,0,1,303,4,40,0
1990,39,2,0,0,0,0,444,5,10,0
1990,42,2,2,0,0,0,315,3,40,0
1990,45,1,0,0,0,1,197,6,54,1
1990,71,2,0,0,0,0,313,2,40,0
1990,18,2,1,0,2,0,0,0,0,0
1990,54,1,0,0,0,1,22,1,60,1
1990,53,2,0,0,0,1,376,6,10,0
1990,28,2,2,0,0,1,877,3,16,0
1990,27,2,1,2,0,0,379,2,40,0
1990,43,1,3,3,0,1,628,2,40,0
1990,37,1,0,0,0,0,567,5,40,0
1990,32,2,0,0,0,0,373,5,40,0
1990,35,1,3,0,0,0,22,0,50,1
1990,58,1,0,0,0,1,457,4,50,0
1990,54,2,0,0,0,0,36,6,40,0
1990,26,1,0,0,1,0,364,1,40,0
1990,20,2,0,0,1,0,0,0,0,0
1990,42,1,0,0,1,0,785,1,40,0
1990,31,2,0,0,1,0,0,0,0,0
1990,18,1,1,0,1,0,0,0,0,0
1990,21,1,3,0,0,1,628,1,0,0
1990,20,1,1,0,1,0,486,0,0,0
1990,51,1,2,0,0,1,22,1,45,1
1990,27,2,1,0,2,1,22,3,56,0
1990,34,1,3,0,0,1,869,0,42,0
1990,80,2,0,0,0,0,0,0,0,0
1990,62,1,0,0,0,0,779,1,40,0
1990,59,2,0,0,0,0,0,0,0,0
1990,32,1,0,3,3,1,59,5,40,0
1990,32,2,0,3,3,1,383,4,0,0
1990,39,1,0,0,0,1,154,5,50,1
1990,40,2,0,0,0,1,188,4,4,0
1990,55,1,0,0,0,1,84,5,60,1
1990,55,2,0,0,0,1,156,5,15,0
1990,20,1,1,0,0,1,144,5,0,0
1990,22,1,1,0,0,1,387,5,20,0
1990,20,2,1,0,0,1,427,5,20,0
1990,18,2,1,3,0,0,779,5,30,0
1990,48,2,3,0,0,1,154,5,60,1
1990,43,1,0,0,0,1,178,5,60,1
1990,44,2,0,0,0,1,156,5,20,0
1990,60,1,0,0,0,0,883,0,45,1
1990,48,2,0,0,0,0,313,5,40,0
1990,28,1,1,1,0,1,433,3,40,0
1990,28,2,1,1,0,0,319,4,40,0
1990,72,1,1,0,0,0,549,4,20,0
1990,33,2,1,0,0,0,313,4,40,0
1990,79,1,0,0,0,0,0,0,0,0
1990,80,2,0,0,0,0,0,0,0,0
1990,20,1,1,0,0,1,785,1,40,0
1990,18,1,1,0,0,1,0,0,0,0
1990,31,1,0,0,0,0,804,1,48,0
1990,34,2,0,0,0,0,0,0,0,0
1990,73,2,2,0,0,0,0,0,0,0
1990,24,2,1,0,0,0,337,2,40,0
1990,21,1,1,0,0,0,243,3,43,0
1990,21,2,1,0,0,1,253,4,35,0
1990,18,1,1,0,0,0,658,1,40,0
1990,61,1,0,0,0,0,534,0,40,0
1990,61,2,0,0,0,1,0,0,0,0
1990,20,1,1,0,0,0,877,1,32,0
1990,51,1,0,0,0,1,844,0,40,1
1990,44,2,0,0,0,1,313,0,33,0
1990,18,2,1,0,0,0,0,0,0,0
1990,36,1,0,0,0,1,22,4,48,1
1990,33,2,0,0,0,1,26,4,20,0
1990,31,1,0,0,0,1,55,1,65,0
1990,34,2,0,0,0,1,156,5,0,0
1990,29,1,1,0,0,1,22,3,50,0
1990,24,1,1,0,0,1,23,4,40,0
1990,22,2,1,0,0,1,337,5,40,0
1990,29,1,0,0,0,1,628,1,40,0
1990,27,2,0,0,0,1,463,2,40,0
1990,50,1,0,3,3,0,389,4,50,0
1990,38,2,0,3,3,1,799,1,40,0
1990,55,2,2,0,0,1,254,1,40,0
1990,26,2,2,0,0,0,276,4,36,0
1990,20,1,1,0,0,0,357,1,40,0
1990,33,2,2,0,0,1,313,4,40,0
1990,37,1,0,0,0,1,225,2,44,0
1990,34,2,0,2,0,1,327,2,44,0
1990,27,1,1,0,0,1,259,3,45,0
1990,32,2,1,0,0,1,315,4,52,0
1990,23,2,1,2,0,1,264,3,40,0
1990,23,2,1,0,0,1,13,3,25,0
1990,47,1,3,0,0,1,533,4,60,0
1990,24,1,1,0,0,1,549,1,40,0
1990,66,1,3,0,2,1,243,3,40,1
1990,59,2,2,0,0,0,379,4,45,0
1990,30,2,1,0,0,0,435,3,32,0
1990,31,1,0,3,3,1,256,2,40,0
1990,31,2,0,3,3,1,0,0,0,0
1990,69,2,3,3,3,0,0,0,0,0
1990,63,1,0,3,3,1,313,1,15,0
1990,58,2,0,3,3,0,0,0,0,0
1990,35,2,1,3,3,1,319,4,40,0
1990,28,1,1,3,3,1,253,4,60,0
1990,47,1,0,2,0,1,856,3,40,0
1990,44,2,0,2,0,1,365,3,50,0
1990,22,2,1,2,0,1,23,4,40,0
1990,58,1,0,0,0,0,585,4,40,1
1990,34,2,0,0,0,0,313,2,0,0
1990,36,1,1,0,0,0,523,2,40,0
1990,36,1,3,0,0,1,216,5,40,0
1990,29,2,0,0,0,0,889,2,40,0
1990,30,1,0,0,0,0,364,3,40,0
1990,38,1,1,0,0,1,143,5,30,0
1990,38,1,2,0,0,0,889,0,40,0
1990,20,1,1,3,3,1,869,0,0,0
1990,29,1,0,0,0,1,157,5,40,0
1990,29,2,0,2,0,1,274,3,40,0
1990,64,2,3,0,0,1,95,5,0,0
1990,80,2,2,0,0,1,95,5,0,0
1990,38,1,0,0,0,1,534,0,17,0
1990,35,2,0,0,0,1,0,0,0,0
1990,32,2,2,0,0,1,0,0,0,0
1990,34,1,1,0,0,1,486,0,40,0
1990,68,1,0,0,0,0,575,4,40,1
1990,53,2,0,0,0,1,95,5,40,1
1990,35,2,2,0,0,1,257,5,40,0
1990,20,1,1,0,0,0,277,3,40,0
1990,40,1,0,0,0,1,23,3,40,0
1990,34,2,0,0,0,1,389,4,45,0
1990,33,1,0,0,0,1,229,4,40,0
1990,37,2,0,0,0,1,313,1,40,0
1990,24,1,0,0,0,1,689,3,48,0
1990,22,2,0,0,0,1,276,5,0,0
1990,71,1,0,0,0,1,0,0,0,0
1990,34,1,0,0,0,1,359,6,41,0
1990,33,2,0,0,0,1,157,5,40,0
1990,63,1,2,0,0,0,753,0,40,0
1990,61,1,1,0,0,1,22,1,40,0
1990,33,1,1,1,0,1,156,5,40,0
1990,64,2,2,0,0,0,0,0,0,0
1990,44,1,0,0,0,0,719,1,50,0
1990,45,2,0,0,0,0,785,1,12,0
1990,30,1,0,0,0,1,734,1,40,0
1990,30,2,0,0,0,1,337,5,40,0
1990,36,1,1,0,0,1,579,0,6,0
1990,60,1,0,0,0,0,567,5,50,0
1990,58,2,0,0,0,0,889,3,40,0
1990,34,2,2,0,0,1,313,4,40,0
1990,64,1,0,0,0,0,808,2,40,0
1990,36,2,0,0,0,1,178,5,40,0
1990,46,1,2,0,0,1,22,3,48,0
1990,24,1,1,0,0,1,213,1,40,0
1990,22,2,1,0,0,1,327,4,40,0
1990,27,1,1,0,0,0,575,0,40,0
1990,25,2,3,0,0,0,364,1,0,0
1990,28,1,0,3,3,1,444,3,48,0
1990,29,2,0,3,3,1,799,3,40,0
1990,27,2,2,0,0,1,338,6,40,0
1990,74,1,0,0,0,1,22,1,30,1
1990,70,2,0,0,0,1,0,0,0,0
1990,59,1,0,0,1,1,257,2,40,0
1990,53,2,0,0,1,1,313,5,40,0
1990,35,1,0,0,0,1,597,0,40,1
1990,32,2,0,0,1,0,313,5,35,0
1990,53,1,0,0,3,1,253,4,60,0
1990,37,2,0,0,3,1,0,0,0,0
1990,64,1,0,0,0,1,175,5,40,0
1990,57,2,0,0,0,0,445,5,35,0
1990,26,2,1,0,0,1,276,3,30,0
1990,28,1,0,0,0,1,259,1,40,0
1990,27,2,0,0,0,1,234,5,50,0
1990,68,1,3,0,0,1,567,0,0,0
1990,31,1,1,0,0,0,785,1,30,0
1990,38,1,0,3,0,1,176,5,60,0
1990,33,2,0,3,0,1,313,5,0,0
1990,41,2,3,0,0,0,257,4,50,0
1990,41,2,2,0,0,1,65,5,40,0
1990,42,1,0,0,1,1,379,4,40,0
1990,41,2,0,0,1,0,683,1,40,0
1990,60,2,3,0,1,0,0,0,0,0
1990,51,1,0,3,3,1,0,0,0,0
1990,50,2,0,3,3,0,0,0,0,0
1990,71,1,3,3,3,0,0,0,0,0
1990,59,2,0,3,3,0,0,0,0,0
1990,57,1,0,3,3,0,734,1,40,0
1990,21,1,1,3,3,1,203,1,40,0
1990,37,1,0,3,3,0,567,0,40,0
1990,47,2,0,3,3,0,337,1,0,0
1990,32,1,0,3,3,1,379,2,40,0
1990,36,2,0,3,3,1,95,5,36,1
1990,39,1,0,0,0,0,22,0,60,1
1990,37,2,0,0,0,1,243,4,50,0
1990,30,1,0,0,0,0,436,5,60,0
1990,30,2,0,0,0,1,156,5,2,0
1990,33,2,1,0,0,0,7,4,70,0
1990,38,1,0,3,1,1,22,2,60,1
1990,36,2,0,3,0,1,313,3,40,0
1990,41,1,0,2,1,1,254,4,99,0
1990,43,2,0,2,0,0,313,1,99,0
1990,19,1,1,2,0,0,438,3,36,0
1990,37,1,0,0,0,0,637,1,45,0
1990,35,2,0,0,0,0,505,1,40,0
1990,26,1,0,0,0,1,318,2,40,0
1990,25,2,0,0,0,1,313,1,40,0
1990,23,2,1,0,0,1,243,3,40,0
1990,42,1,0,0,1,0,667,1,50,1
1990,36,2,0,0,1,0,274,3,40,0
1990,42,1,0,0,1,1,558,0,72,0
1990,35,2,0,0,1,1,468,4,8,0
1990,24,1,0,0,1,0,356,3,40,0
1990,23,2,0,0,0,1,335,5,40,0
1990,43,1,0,2,1,0,668,1,40,0
1990,33,2,0,2,1,0,744,1,40,0
1990,30,1,1,2,1,0,668,1,32,0
1990,64,1,3,2,1,0,687,1,0,0
1990,58,1,3,0,0,1,0,0,0,0
1990,25,2,0,0,0,0,0,0,0,0
1990,36,1,0,0,0,0,22,1,45,0
1990,33,1,0,0,0,0,808,2,70,0
1990,33,2,0,0,0,1,387,5,30,0
1990,42,1,0,0,0,0,7,4,42,0
1990,38,2,0,0,0,0,0,0,0,0
1990,35,1,0,2,1,0,453,4,40,0
1990,28,2,0,2,1,0,0,0,0,0
1990,59,1,0,1,0,1,65,1,40,0
1990,63,2,0,1,0,1,22,5,40,0
1990,66,1,0,3,3,1,243,3,83,0
1990,60,2,0,3,3,0,436,3,83,0
1990,31,2,1,3,3,0,436,3,83,0
1990,74,2,3,0,0,1,0,0,0,0
1990,55,1,0,2,1,0,448,5,40,0
1990,46,2,0,2,4,0,744,1,0,0
1990,56,1,0,0,0,1,486,5,40,0
1990,52,2,0,0,0,0,436,5,20,0
1990,25,1,1,0,0,1,447,5,40,0
1990,21,2,1,0,0,1,335,1,20,0
1990,46,1,0,3,3,1,176,5,48,0
1990,41,2,0,3,3,1,466,5,50,0
1990,55,2,3,2,0,0,444,5,40,0
1990,29,2,1,2,0,1,385,1,22,0
1990,24,2,1,2,0,0,337,3,40,0
1990,37,1,0,0,1,0,628,1,40,0
1990,43,2,0,0,1,0,874,1,40,0
1990,71,2,2,0,1,0,0,0,0,0
1990,23,1,1,0,1,1,313,5,32,0
1990,37,2,3,0,0,0,447,5,40,0
1990,59,1,0,0,0,1,363,1,40,0
1990,59,2,0,0,0,0,785,1,40,0
1990,34,1,0,3,3,1,43,5,40,0
1990,33,2,0,3,3,1,95,5,40,0
1990,58,2,2,3,3,0,449,4,40,0
1990,63,2,3,3,3,0,0,0,0,0
1990,42,1,0,0,0,1,318,2,40,0
1990,36,2,0,0,0,0,276,3,32,0
1990,59,1,0,0,1,0,176,3,50,0
1990,59,2,0,0,1,0,0,0,0,0
1990,37,2,1,0,1,0,453,5,20,0
1990,46,1,0,2,1,0,687,3,35,0
1990,50,2,0,2,1,1,0,0,0,0
1990,22,1,1,2,1,1,0,0,0,0
1990,24,1,1,0,0,0,426,4,40,0
1990,41,1,0,0,1,0,785,6,40,0
1990,38,2,0,0,4,0,799,1,40,0
1990,24,1,1,0,4,0,518,1,40,0
1990,70,1,0,0,0,0,637,1,0,0
1990,67,2,0,0,0,0,0,0,0,0
1990,66,2,3,0,0,0,0,0,0,0
1990,67,2,1,0,1,1,0,0,0,0
1990,66,1,3,0,0,0,0,0,0,0
1990,73,2,3,0,0,0,0,0,0,0
1990,69,2,3,0,0,1,0,0,0,1
1990,54,1,0,0,0,0,274,3,60,1
1990,55,2,0,0,0,0,0,0,0,0
1990,53,1,2,0,0,0,423,6,40,0
1990,58,1,0,0,0,0,889,2,40,0
1990,62,2,0,0,0,0,744,1,40,0
1990,31,1,1,0,0,0,889,3,32,0
1990,26,2,1,0,0,0,354,2,40,0
1990,20,1,1,0,0,0,909,6,0,0
1990,79,2,3,0,1,1,0,0,0,0
1990,56,2,3,0,1,0,407,4,8,0
1990,29,1,0,3,3,1,259,3,60,0
1990,26,2,0,3,3,1,64,4,50,0
1990,27,1,1,0,0,0,628,1,40,0
1990,23,2,1,0,0,0,735,4,40,0
1990,71,1,3,0,0,0,0,0,0,0
1990,61,1,0,0,0,1,154,5,8,0
1990,58,2,0,0,0,1,154,5,35,0
1990,70,1,0,0,0,0,0,0,0,0
1990,74,2,0,0,0,0,0,0,0,0
1990,65,2,2,3,0,0,0,0,0,0
1990,71,1,0,0,1,1,22,0,60,0
1990,63,2,0,0,0,1,379,0,40,0
1990,20,1,1,0,0,1,22,0,40,0
1990,40,1,1,0,0,1,507,3,40,0
1990,33,2,1,0,0,0,435,3,25,0
1990,46,2,2,0,0,1,313,5,38,0
1990,76,2,3,0,0,0,0,0,0,0
1990,21,1,1,0,0,1,563,0,8,0
1990,43,1,2,3,3,0,355,2,40,0
1990,29,1,1,0,0,1,435,3,30,0
1990,27,1,1,2,1,0,777,1,40,0
1990,35,2,1,2,1,0,795,1,0,0
1990,36,1,0,2,1,0,628,4,40,0
1990,19,2,0,0,0,0,277,3,40,0
1990,32,1,0,0,0,0,597,1,40,0
1990,30,2,0,0,0,1,466,5,60,0
1990,52,2,3,2,0,0,97,5,40,0
1990,25,1,1,2,0,0,777,1,40,0
1990,21,1,1,2,0,0,364,1,40,0
1990,28,1,1,0,0,0,486,0,32,0
1990,55,1,1,2,0,0,0,0,0,0
1990,31,1,0,2,1,1,785,1,45,0
1990,32,2,0,2,1,0,0,0,0,0
1990,34,1,3,2,1,0,683,1,0,0
1990,52,1,0,2,1,0,783,1,40,0
1990,57,2,0,2,1,0,0,0,0,0
1990,29,1,3,2,1,0,783,1,40,0
1990,28,1,2,2,1,0,599,0,40,0
1990,27,1,0,2,1,0,579,0,40,0
1990,26,1,1,2,1,0,566,0,40,0
1990,20,2,0,2,1,0,462,5,0,0
1990,26,1,0,2,1,0,447,5,40,0
1990,23,2,0,2,1,0,468,5,0,0
1990,36,1,0,2,1,0,637,1,40,0
1990,32,2,0,2,1,0,783,1,0,0
1990,21,1,1,2,1,0,779,1,42,0
1990,22,1,0,2,4,0,754,3,40,0
1990,27,2,0,2,1,0,453,5,40,0
1990,37,1,0,2,1,0,17,3,40,0
1990,30,2,0,2,1,0,276,3,40,0
1990,29,1,0,0,0,0,573,0,40,0
1990,25,2,0,0,0,0,0,0,0,0
1990,30,2,0,0,1,1,95,5,80,0
1990,36,1,0,3,0,1,804,3,40,0
1990,78,2,3,0,0,0,0,0,0,0
1990,61,1,0,0,0,0,156,5,40,1
1990,54,2,0,0,0,1,377,5,7,0
1990,68,1,0,0,0,1,73,5,24,0
1990,57,2,0,0,0,1,263,3,35,0
1990,36,1,0,0,0,1,96,3,50,1
1990,36,2,0,0,0,1,156,5,30,0
1990,32,1,0,0,0,1,259,3,40,0
1990,31,2,0,0,0,1,156,5,40,0
1990,59,1,0,0,0,1,796,1,40,0
1990,57,2,0,0,0,0,276,3,0,0
1990,61,1,0,0,1,1,26,5,55,1
1990,47,2,0,0,1,0,26,5,38,0
1990,63,1,0,2,1,0,869,0,0,0
1990,80,2,0,2,1,0,0,0,0,0
1990,39,1,0,2,0,1,14,5,40,1
1990,32,2,0,2,0,0,22,4,0,0
1990,37,1,0,3,3,0,459,5,40,0
1990,23,2,0,3,3,1,0,0,0,0
1990,62,2,3,3,3,0,744,1,40,0
1990,42,1,0,3,0,0,696,4,40,1
1990,33,2,0,3,0,1,389,1,20,0
1990,60,1,0,0,0,1,735,1,40,0
1990,55,2,0,0,0,0,0,0,0,0
1990,56,1,3,0,0,1,243,4,65,1
1990,40,1,0,3,3,1,96,5,44,1
1990,39,2,0,3,3,1,156,5,15,0
1990,53,1,0,0,0,1,8,6,40,1
1990,52,2,0,0,0,1,0,0,0,0
1990,22,1,1,0,0,1,5,6,25,0
1990,44,1,0,0,1,1,417,6,56,1
1990,37,2,0,0,1,1,387,5,20,0
1990,61,2,3,0,1,0,0,0,0,0
1990,51,2,2,0,1,0,25,4,20,0
1990,23,2,1,0,0,0,259,1,40,0
1990,43,2,2,2,4,1,405,4,40,0
1990,68,1,0,0,2,1,628,1,40,0
1990,56,2,0,0,0,0,0,0,0,0
1990,21,1,1,0,0,1,264,3,20,0
1990,51,1,0,0,1,0,804,3,44,0
1990,47,2,0,0,1,1,243,3,40,0
1990,21,2,1,0,1,0,318,2,40,0
1990,73,2,3,0,0,0,274,3,30,0
1990,44,2,2,3,0,1,21,5,50,1
1990,70,1,0,3,0,1,84,5,20,1
1990,64,2,0,3,3,1,0,0,0,0
1990,26,1,1,3,0,1,85,5,0,0
1990,39,2,1,3,3,1,23,5,60,0
1990,35,2,1,3,0,1,156,5,30,0
1990,46,2,2,0,2,1,254,4,40,0
1990,24,2,1,0,2,1,318,2,40,0
1990,64,1,0,2,1,0,779,3,40,0
1990,62,2,0,2,0,0,744,1,0,0
1990,24,1,0,2,0,1,25,4,48,0
1990,25,2,1,2,0,0,339,1,0,0
1990,25,2,0,2,1,0,276,3,30,0
1990,47,1,0,3,3,1,59,4,40,1
1990,48,2,0,3,3,1,95,5,40,0
1990,32,1,0,3,3,0,809,2,48,0
1990,33,2,0,2,1,0,156,5,15,0
1990,63,1,0,0,0,1,254,4,20,0
1990,55,2,0,0,0,1,24,4,37,0
1990,34,2,3,0,0,1,84,5,40,0
1990,33,2,1,2,0,1,389,1,0,0
1990,38,1,0,2,1,0,779,1,40,0
1990,30,2,0,2,1,0,785,1,40,0
1990,45,1,3,2,1,0,223,0,40,0
1990,30,1,3,2,1,0,0,0,0,0
1990,23,1,2,2,0,0,885,2,40,0
1990,47,1,2,2,0,0,856,1,0,0
1990,23,2,1,2,4,0,0,0,0,0
1990,26,1,1,2,0,1,453,4,0,0
1990,53,2,2,3,3,0,8,4,40,0
1990,22,1,1,3,0,1,779,4,40,0
1990,20,2,1,3,0,0,456,4,40,0
1990,48,1,0,2,1,0,779,1,40,0
1990,40,2,0,2,1,0,883,1,40,0
1990,21,1,1,2,0,0,426,4,32,0
1990,27,1,0,2,1,0,856,2,40,0
1990,26,2,0,2,1,0,0,0,0,0
1990,20,2,1,2,1,0,888,1,40,0
1990,43,1,0,0,0,1,804,2,40,0
1990,42,2,0,0,0,1,313,1,40,0
1990,20,1,1,0,0,0,365,3,0,0
1990,43,1,0,0,1,0,518,1,46,1
1990,42,2,0,0,0,0,877,3,28,0
1990,26,1,1,0,0,0,856,2,48,0
1990,27,1,0,0,0,0,426,2,40,0
1990,29,2,0,0,0,1,157,5,14,0
1990,50,2,2,0,1,0,243,3,40,0
1990,37,1,0,0,1,0,0,0,0,0
1990,36,2,0,0,1,0,0,0,0,0
1990,56,1,0,0,0,0,869,0,32,0
1990,52,2,0,0,0,0,274,3,12,0
1990,27,2,1,0,0,1,446,5,48,0
1990,69,2,3,0,0,1,0,0,0,0
1990,72,1,2,0,0,0,544,1,40,0
1990,63,1,0,0,0,0,529,2,0,0
1990,62,2,0,0,0,0,337,4,0,0
1990,26,1,1,0,0,0,22,2,40,0
1990,75,2,3,0,1,0,0,0,0,0
1990,53,1,0,0,0,1,889,3,40,0
1990,48,2,0,0,0,1,458,4,0,0
1990,27,1,1,0,0,1,804,2,40,0
1990,54,1,3,0,0,1,637,1,44,0
1990,20,1,1,0,0,1,576,0,30,0
1990,32,1,0,2,1,0,883,1,40,0
1990,29,2,0,2,1,0,21,5,20,0
1990,30,1,1,2,1,0,754,1,40,0
1990,58,1,0,2,4,0,453,5,30,0
1990,62,2,0,2,1,0,0,0,0,0
1990,19,2,1,0,0,1,319,4,40,0
1990,28,1,0,2,0,1,336,5,30,0
1990,26,2,0,2,0,1,206,5,38,0
1990,47,1,3,2,0,0,734,1,40,0
1990,63,2,3,0,0,0,453,5,12,0
1990,48,1,0,0,0,1,214,5,40,0
1990,45,2,0,0,0,1,274,3,37,0
1990,20,2,1,0,0,0,379,1,40,0
1990,36,1,0,0,4,1,216,1,40,0
1990,30,2,0,0,1,1,337,3,39,0
1990,52,1,0,0,0,0,628,1,40,0
1990,49,2,0,0,0,0,0,0,0,0
1990,28,1,1,0,0,0,869,4,40,0
1990,21,2,1,0,0,0,447,5,40,0
1990,54,1,0,0,1,1,364,2,40,0
1990,50,2,0,0,0,0,779,1,0,0
1990,30,2,1,0,0,1,774,4,40,0
1990,26,1,1,0,0,1,709,1,40,0
1990,24,1,1,0,0,1,426,3,20,0
1990,23,1,1,0,0,1,378,3,35,0
1990,19,1,1,0,0,1,276,3,20,0
1990,65,2,0,0,0,0,0,0,0,0
1990,59,1,0,0,0,1,208,5,40,0
1990,24,2,1,0,0,1,15,5,35,0
1990,49,1,2,0,0,1,235,1,43,0
1990,46,1,0,3,3,0,0,0,0,0
1990,43,2,0,3,3,0,0,0,0,0
1990,22,2,1,3,3,1,0,0,0,0
1990,21,1,1,3,3,0,479,0,0,0
1990,39,1,0,0,1,1,259,3,45,0
1990,31,2,0,0,1,0,0,0,0,0
1990,63,1,0,0,0,1,796,1,40,0
1990,74,2,0,0,0,0,0,0,0,0
1990,39,1,1,0,0,1,37,1,40,0
1990,25,1,1,3,3,1,883,2,28,0
1990,79,1,0,0,0,0,0,0,0,0
1990,74,2,0,0,0,0,0,0,0,0
1990,32,1,1,0,0,1,426,4,40,0
1990,65,1,0,0,0,0,259,1,40,1
1990,65,2,0,0,0,0,379,3,0,0
1990,35,1,1,0,0,0,308,3,8,0
1990,32,1,0,2,1,0,709,1,40,0
1990,29,2,0,2,1,0,0,0,0,0
1990,25,1,1,2,1,0,747,4,40,0
1990,21,1,1,2,1,0,709,1,40,0
1990,61,1,0,0,0,1,549,1,0,0
1990,51,2,0,0,0,1,407,4,25,0
1990,22,1,1,0,0,1,0,0,0,0
1990,25,1,1,0,0,1,877,3,0,0
1990,71,2,3,0,0,0,0,0,0,0
1990,37,1,0,2,0,1,354,2,40,0
1990,34,2,0,2,0,0,468,5,15,0
1990,51,1,0,0,0,1,637,1,40,0
1990,48,2,0,0,0,1,156,5,35,0
1990,47,1,0,0,2,1,22,3,45,1
1990,40,2,0,0,2,1,365,3,42,0
1990,20,2,1,0,0,1,458,4,25,0
1990,27,2,1,0,3,1,458,4,45,0
1990,24,1,1,0,3,1,889,3,32,0
1990,23,2,1,0,3,1,22,5,45,0
1990,26,2,1,0,0,1,436,3,32,0
1990,60,2,2,0,0,1,329,5,40,0
1990,25,2,1,0,0,1,418,6,45,0
1990,69,1,0,0,0,0,0,0,0,0
1990,66,2,0,0,0,0,0,0,0,0
1990,34,2,0,0,0,1,53,0,30,0
1990,41,1,0,0,0,1,579,0,50,0
1990,46,1,0,0,0,1,503,1,40,1
1990,43,2,0,0,0,1,337,3,20,0
1990,35,2,2,0,0,1,22,4,52,0
1990,51,1,0,0,2,0,0,0,0,0
1990,46,2,0,0,2,0,304,4,30,0
1990,21,1,1,0,0,0,777,1,37,0
1990,29,2,1,0,0,1,37,1,40,0
1990,56,2,2,0,2,0,276,3,40,0
1990,40,1,2,0,2,0,268,3,40,0
1990,69,1,3,0,0,0,22,3,35,1
1990,80,1,3,0,0,1,26,1,8,0
1990,45,2,2,0,0,1,283,4,40,0
1990,21,2,1,0,0,1,103,5,20,0
1990,57,2,0,0,0,1,376,4,38,0
1990,54,1,0,0,0,0,804,2,40,0
1990,34,1,1,0,0,0,785,3,0,0
1990,27,1,0,2,1,0,779,1,40,0
1990,27,2,0,2,1,0,785,1,0,0
1990,79,2,3,0,2,0,0,0,0,0
1990,29,1,0,0,0,0,849,1,50,0
1990,28,2,0,0,0,1,259,3,40,0
1990,31,1,1,0,0,0,0,0,0,0
1990,23,1,0,3,3,0,323,1,40,0
1990,22,2,0,3,3,0,379,5,0,0
1990,24,1,0,3,3,0,785,1,40,0
1990,28,2,0,3,3,0,379,1,40,0
1990,73,1,0,3,3,0,0,0,0,0
1990,63,2,0,3,3,0,0,0,0,0
1990,57,1,0,0,0,0,518,1,48,0
1990,52,2,0,0,0,0,0,0,0,0
1990,29,1,1,0,0,0,579,0,36,0
1990,20,2,1,0,0,1,435,3,20,0
1990,19,2,1,0,0,0,487,0,0,0
1990,26,2,2,0,0,0,435,3,20,0
1990,36,1,0,3,3,1,315,5,37,0
1990,38,2,0,0,1,0,379,2,25,0
1990,47,1,2,0,0,1,628,1,40,0
1990,33,1,0,0,0,0,563,0,40,0
1990,39,2,0,0,0,1,37,4,40,0
1990,51,1,0,0,0,0,274,3,40,0
1990,52,2,0,0,0,1,338,1,43,0
1990,27,1,1,0,0,0,507,4,40,0
1990,47,2,2,0,0,1,0,0,0,0
1990,54,1,0,0,0,0,804,3,60,0
1990,49,2,0,0,0,0,277,3,15,0
1990,18,2,1,0,0,0,383,4,35,0
1990,73,2,3,0,0,0,444,3,0,0
1990,43,1,2,2,1,0,505,4,70,0
1990,26,2,1,2,1,1,407,4,30,0
1990,29,1,1,2,1,1,804,4,60,0
1990,35,1,0,2,1,1,446,5,40,0
1990,34,2,0,2,1,1,156,5,0,0
1990,20,1,1,0,0,0,426,4,40,0
1990,42,2,2,3,3,1,308,1,40,0
1990,40,2,2,0,0,1,414,6,40,0
1990,44,1,0,3,0,1,678,5,48,1
1990,44,2,0,3,0,1,458,4,30,0
1990,23,1,1,3,0,1,276,3,16,0
1990,21,2,1,3,0,1,276,3,8,0
1990,71,2,2,2,0,0,0,0,0,0
1990,34,1,2,2,0,0,804,1,0,0
1990,43,2,2,2,0,0,376,5,75,0
1990,21,1,1,2,0,1,804,3,0,0
1990,64,1,0,3,0,0,637,1,0,0
1990,59,2,0,3,3,0,0,0,0,0
1990,30,1,1,3,0,1,22,1,40,0
1990,42,1,0,0,0,1,22,3,42,1
1990,30,2,0,0,0,0,313,5,35,0
1990,19,1,1,0,0,0,889,3,18,0
1990,45,1,1,0,0,0,653,1,0,0
1990,34,1,0,0,0,0,554,3,60,1
1990,31,2,0,0,0,1,0,0,0,0
1990,39,1,0,0,0,0,637,4,40,0
1990,37,2,0,2,1,0,445,5,40,0
1990,36,1,0,2,1,0,567,0,40,0
1990,35,2,0,2,1,0,453,3,40,0
1990,54,1,0,1,0,1,22,0,40,1
1990,48,2,0,1,0,1,8,2,40,1
1990,26,1,1,1,0,1,883,4,40,0
1990,39,1,0,3,3,1,505,4,60,0
1990,31,2,0,3,3,1,0,0,0,0
1990,64,1,0,3,3,1,0,0,0,0
1990,55,2,0,3,3,0,0,0,0,0
1990,51,1,0,0,0,1,154,5,40,1
1990,50,2,0,0,0,0,156,5,16,0
1990,35,2,2,0,0,0,18,4,50,0
1990,46,2,2,3,3,1,354,2,40,0
1990,23,2,1,3,3,1,208,5,40,0
1990,47,1,0,0,0,1,156,5,40,0
1990,43,2,0,0,0,1,156,5,40,0
1990,48,1,0,0,0,1,229,1,46,1
1990,41,2,0,0,0,1,155,5,40,0
1990,33,2,0,3,3,1,447,5,40,0
1990,38,1,0,3,3,1,159,6,40,0
1990,62,1,3,3,3,1,0,0,0,0
1990,25,1,1,0,0,1,243,3,40,0
1990,41,1,0,2,0,1,355,2,40,0
1990,44,2,0,0,0,1,95,5,48,0
1990,60,2,2,3,0,1,276,3,40,0
1990,35,1,1,3,0,1,243,3,40,0
1990,53,1,0,3,3,1,876,2,50,0
1990,20,2,1,3,3,0,433,3,0,0
1990,18,2,1,3,3,0,469,3,20,0
1990,65,1,0,0,2,1,55,2,40,1
1990,63,2,0,0,0,1,174,5,40,0
1990,32,2,1,0,0,0,363,5,40,0
1990,63,2,3,0,0,1,156,5,0,0
1990,23,1,1,0,0,1,21,5,30,0
1990,31,1,0,0,0,1,376,6,40,0
1990,34,2,0,0,0,1,14,5,45,0
1990,53,2,3,0,0,0,379,1,0,0
1990,39,1,0,2,0,1,13,3,45,1
1990,27,2,0,2,0,1,27,3,45,0
1990,61,1,0,2,0,1,22,1,40,0
1990,61,2,0,2,0,0,0,0,0,0
1990,68,1,0,2,0,0,227,6,0,0
1990,69,2,0,2,1,0,0,0,0,0
1990,51,2,1,2,0,1,207,5,40,0
1990,41,2,1,2,0,1,376,0,40,0
1990,26,2,0,2,1,0,0,0,0,0
1990,26,1,0,2,1,0,634,1,40,0
1990,68,2,3,3,3,0,888,1,0,0
1990,55,2,1,3,3,0,888,1,40,0
1990,53,1,0,3,3,0,453,1,40,0
1990,51,2,0,3,3,0,683,4,40,0
1990,43,2,2,0,2,0,376,1,40,0
1990,21,1,2,0,0,1,243,3,30,0
1990,43,1,3,3,3,1,678,5,40,1
1990,72,1,0,3,3,1,0,0,0,0
1990,72,2,0,3,3,0,0,0,0,0
1990,70,1,0,0,0,0,567,0,0,0
1990,66,2,0,0,0,0,0,0,0,0
1990,42,2,2,0,0,0,13,1,40,0
1990,19,2,1,0,0,0,327,3,20,0
1990,53,2,2,0,0,1,25,1,40,0
1990,27,1,1,0,0,1,243,3,40,0
1990,70,1,3,0,2,0,0,0,0,0
1990,75,2,3,0,0,0,0,0,0,0
1990,69,2,3,0,0,1,0,0,0,0
1990,25,1,1,3,4,1,628,1,40,0
1990,71,1,0,0,0,1,0,0,0,1
1990,70,2,0,0,0,0,0,0,0,0
1990,76,1,0,0,0,0,0,0,0,0
1990,70,2,0,0,0,0,0,0,0,0
1990,62,1,0,0,1,1,84,5,50,0
1990,56,2,0,0,1,1,95,5,50,0
1990,79,1,2,0,0,1,796,1,35,0
1990,54,1,2,0,0,1,25,4,40,0
1990,67,2,2,0,0,1,804,4,14,0
1990,68,1,3,0,0,0,22,1,80,0
1990,40,1,0,0,0,1,804,3,35,0
1990,36,2,0,0,0,0,0,0,0,0
1990,36,1,2,1,0,1,355,2,50,0
1990,34,2,1,1,0,0,0,0,0,0
1990,34,1,2,0,0,1,589,3,55,0
1990,26,2,1,0,0,0,319,1,40,0
1990,70,1,0,0,0,0,213,1,0,0
1990,67,2,0,0,0,0,0,0,0,0
1990,45,1,2,3,3,1,558,0,40,0
1990,20,2,1,3,3,1,0,0,0,0
1990,33,1,0,0,0,0,686,3,40,0
1990,29,2,0,0,1,0,785,1,0,0
1990,28,1,0,2,0,1,25,5,50,0
1990,26,2,0,0,0,1,385,5,45,0
1990,43,1,1,0,0,1,628,3,44,0
1990,28,1,0,3,0,0,426,5,40,0
1990,29,2,0,3,0,1,337,3,40,0
1990,25,2,1,0,0,1,156,5,40,0
1990,69,1,0,0,0,0,274,3,0,0
1990,62,2,0,0,0,0,44,1,0,0
1990,27,1,0,2,0,1,653,1,48,0
1990,34,2,0,0,0,1,243,3,40,0
1990,30,1,0,0,0,0,555,0,38,0
1990,29,2,0,0,0,1,95,5,36,0
1990,33,1,0,3,3,1,208,5,30,0
1990,32,2,0,3,3,1,447,5,8,0
1990,39,1,0,2,0,0,585,4,15,0
1990,36,2,0,2,0,0,0,0,0,0
1990,62,1,0,3,3,1,213,2,40,0
1990,55,2,0,3,3,0,0,0,0,0
1990,30,1,0,3,3,0,216,0,40,0
1990,21,2,0,3,3,0,0,0,0,0
1990,24,1,1,0,0,0,263,3,40,0
1990,20,2,1,2,0,1,337,4,40,0
1990,39,2,1,2,0,0,103,5,40,0
1990,35,2,2,2,0,0,385,3,40,0
1990,26,1,1,2,4,1,15,5,40,0
1990,24,1,0,0,1,0,224,1,30,0
1990,23,2,0,0,1,1,313,5,40,0
1990,26,2,0,2,1,0,748,4,0,0
1990,32,1,0,2,1,0,777,1,40,0
1990,63,1,2,0,0,0,889,1,40,0
1990,62,2,3,2,1,0,785,1,99,0
1990,25,2,1,2,1,0,785,1,99,0
1990,32,1,1,2,1,1,804,3,99,0
1990,42,2,3,2,1,0,785,1,99,0
1990,18,2,1,2,1,0,0,0,0,0
1990,44,1,2,2,1,0,783,1,40,0
1990,19,2,1,2,0,0,315,4,0,0
1990,20,2,3,2,1,0,436,3,0,0
1990,23,1,3,2,1,0,479,0,0,0
1990,22,2,1,1,0,0,276,3,0,0
1990,32,1,1,0,0,1,354,2,40,0
1990,32,1,0,3,3,1,59,4,40,0
1990,31,2,0,3,3,1,25,4,48,1
1990,54,2,2,3,0,0,313,1,40,0
1990,30,2,1,3,3,1,95,5,36,1
1990,34,1,0,0,0,1,505,4,54,0
1990,34,2,0,0,1,0,687,3,0,0
1990,39,1,0,3,3,0,243,3,72,0
1990,33,2,0,3,3,0,436,4,0,0
1990,64,2,3,0,0,0,0,0,0,0
1990,32,2,1,0,1,0,379,2,8,0
1990,56,2,2,0,0,1,323,1,40,0
1990,28,1,0,0,0,0,426,4,0,0
1990,26,2,0,0,0,0,276,3,45,0
1990,47,2,2,0,0,0,33,4,40,0
1990,53,1,2,0,0,1,217,1,40,1
1990,33,1,1,0,0,0,213,1,40,0
1990,30,1,1,0,0,1,308,4,40,0
1990,27,1,1,3,0,1,889,2,40,0
1990,76,2,3,0,0,1,0,0,0,0
1990,51,1,0,0,0,1,547,1,40,0
1990,43,2,0,0,0,0,365,5,40,0
1990,19,2,1,0,0,0,274,3,40,0
1990,58,1,0,0,0,1,23,5,32,1
1990,56,2,0,0,0,0,0,0,0,0
1990,50,2,2,0,0,1,157,5,40,0
1990,23,1,1,0,0,1,456,5,15,0
1990,38,1,1,0,0,1,235,1,40,0
1990,53,1,0,0,0,0,363,1,40,0
1990,51,2,0,0,0,0,313,4,40,0
1990,41,1,0,0,0,0,543,0,40,1
1990,41,2,0,0,0,0,383,4,16,0
1990,67,1,0,0,0,0,783,4,0,0
1990,62,2,0,0,0,1,0,0,0,0
1990,74,1,0,0,0,0,686,3,40,1
1990,66,2,0,0,0,1,274,3,40,0
1990,72,1,3,0,0,0,0,0,0,0
1990,49,2,2,0,0,0,376,3,40,0
1990,21,2,1,0,0,0,435,3,40,0
1990,42,1,1,0,0,1,259,1,50,1
1990,41,1,2,0,0,1,84,5,50,1
1990,45,1,0,0,3,0,436,3,40,0
1990,41,2,0,0,3,0,0,0,0,0
1990,18,2,1,0,3,0,0,0,0,0
1990,42,1,3,0,0,1,516,0,40,0
1990,19,1,1,0,0,1,785,1,40,0
1990,43,2,2,0,0,0,389,4,40,0
1990,22,2,1,0,0,0,373,3,40,0
1990,30,1,0,0,0,1,505,6,40,0
1990,28,2,0,3,3,1,338,6,40,0
1990,28,1,3,3,3,0,379,5,40,0
1990,43,2,2,0,0,1,5,6,40,0
1990,23,2,1,0,0,1,223,1,40,0
1990,19,2,0,0,0,1,26,3,35,0
1990,24,1,0,3,3,1,64,3,20,0
1990,42,1,2,0,0,1,44,1,40,0
1990,69,2,3,0,0,1,0,0,0,0
1990,45,1,0,0,0,0,243,3,45,1
1990,43,2,0,0,0,0,436,5,35,0
1990,18,2,1,0,0,0,0,0,0,0
1990,21,1,0,0,0,0,526,3,45,0
1990,18,2,0,0,0,0,335,5,10,0
1990,64,1,0,0,0,1,734,1,37,0
1990,64,2,0,0,0,1,274,3,37,0
1990,29,1,0,2,0,1,255,4,40,0
1990,25,2,0,0,0,0,385,3,40,0
1990,29,2,2,0,0,0,337,3,40,0
1990,42,1,0,3,3,1,436,3,0,0
1990,38,2,0,3,3,0,276,3,70,1
1990,65,2,3,0,0,0,0,0,0,0
1990,37,1,0,0,0,1,599,0,40,0
1990,30,2,0,0,0,1,0,0,0,0
1990,35,1,0,3,3,0,637,1,48,0
1990,33,2,0,3,3,0,779,1,0,0
1990,67,1,2,0,0,0,505,5,40,0
1990,35,2,2,3,3,1,687,1,40,0
1990,46,2,3,0,0,0,683,1,45,0
1990,21,1,1,0,0,1,444,5,25,0
1990,23,1,1,0,0,0,883,3,40,0
1990,62,1,0,0,0,0,804,2,60,0
1990,62,2,0,0,0,0,363,3,18,0
1990,70,2,3,0,0,0,0,0,0,0
1990,27,2,1,0,0,0,368,5,40,0
1990,36,2,2,0,0,0,27,1,40,0
1990,30,2,3,3,3,1,194,4,0,0
1990,39,1,0,3,0,1,514,3,40,1
1990,36,2,0,3,3,0,0,0,0,0
1990,76,1,0,3,3,0,0,0,0,0
1990,70,2,0,3,3,0,0,0,0,0
1990,46,2,3,0,0,0,18,4,42,0
1990,21,1,1,0,0,0,259,3,40,0
1990,34,2,1,1,0,1,387,5,16,0
1990,55,1,0,3,0,0,637,5,40,0
1990,52,2,0,3,0,0,379,6,40,0
1990,24,1,1,3,0,0,785,1,40,0
1990,63,2,3,0,0,0,264,3,30,0
1990,34,2,1,0,0,1,383,4,10,0
1990,56,1,0,0,0,1,415,4,40,1
1990,54,2,0,0,0,0,0,0,0,0
1990,23,1,3,0,0,0,356,4,40,0
1990,49,1,0,0,0,1,25,4,40,1
1990,45,2,0,0,0,1,379,5,0,0
1990,47,1,2,3,0,1,696,1,56,1
1990,43,2,2,3,3,1,458,4,30,0
1990,26,1,1,1,0,1,22,3,44,0
1990,26,1,1,1,0,1,276,3,40,0
1990,54,1,0,3,3,1,7,4,40,0
1990,50,2,0,3,3,1,337,3,40,0
1990,18,2,1,3,0,0,208,5,22,0
1990,65,1,0,0,2,0,628,1,40,0
1990,65,2,0,0,2,0,0,0,0,0
1990,32,1,0,0,0,1,55,1,40,1
1990,27,2,0,0,0,1,44,1,40,0
1990,69,2,3,0,0,0,264,3,16,0
1990,41,1,0,0,0,1,185,4,40,1
1990,41,2,0,0,0,1,337,4,20,0
1990,18,2,1,0,0,1,274,3,15,0
1990,52,1,0,0,0,0,773,5,40,0
1990,50,2,0,0,0,1,22,5,50,0
1990,23,1,0,0,0,0,22,4,40,0
1990,23,2,0,0,0,0,313,4,40,0
1990,30,1,1,0,0,0,567,0,25,0
1990,38,1,0,3,3,1,259,3,45,0
1990,35,2,0,3,3,1,318,2,20,0
1990,56,2,3,0,0,0,354,2,40,0
1990,28,2,2,0,0,1,373,3,40,0
1990,33,1,1,0,0,1,22,2,42,0
1990,41,1,0,0,0,1,558,0,70,0
1990,41,2,0,0,0,1,37,1,40,0
1990,27,2,0,0,0,1,44,1,43,0
1990,27,1,0,0,0,1,185,5,50,0
1990,67,1,0,0,0,0,558,0,0,0
1990,66,2,0,0,0,1,877,3,16,0
1990,35,1,0,3,3,1,22,2,40,0
1990,35,2,0,3,3,1,376,2,40,0
1990,41,2,2,0,0,1,95,5,40,1
1990,19,2,0,0,0,1,435,3,12,0
1990,44,1,0,3,3,1,779,3,40,0
1990,43,2,0,3,3,1,95,0,40,1
1990,64,1,0,3,0,1,174,5,0,0
1990,60,2,0,3,0,1,254,4,56,1
1990,45,2,3,0,0,0,365,3,40,0
1990,36,2,2,0,0,0,319,5,35,0
1990,33,1,2,0,0,1,365,5,40,0
1990,38,1,0,0,4,1,435,3,40,0
1990,41,2,0,2,0,1,274,3,40,0
1990,23,2,1,0,4,1,264,3,37,0
1990,78,2,3,0,0,0,274,3,24,0
1990,39,2,2,0,0,1,315,5,40,0
1990,20,2,1,0,0,1,329,5,36,0
1990,48,2,2,0,0,1,156,5,40,0
1990,21,2,1,0,0,1,177,5,40,0
1990,53,2,0,0,0,0,264,3,10,0
1990,61,1,0,0,0,0,567,0,36,0
1990,18,1,1,0,0,0,0,0,0,0
1990,71,1,0,0,2,0,628,1,6,1
1990,70,2,0,0,0,0,0,0,0,0
1990,51,2,2,0,0,0,313,4,0,0
1990,26,2,1,0,0,0,365,3,40,0
1990,45,1,1,0,0,1,259,1,40,1
1990,57,1,2,0,0,1,55,2,0,0
1990,55,1,0,0,0,1,188,1,40,0
1990,50,2,0,0,0,1,27,1,40,0
1990,64,1,3,0,0,1,426,4,20,0
1990,32,2,1,0,0,1,803,3,47,0
1990,31,2,1,0,0,1,7,3,45,0
1990,58,2,2,0,0,1,319,4,40,0
1990,29,1,3,0,0,1,307,2,40,0
1990,27,1,0,0,2,1,57,1,40,0
1990,31,2,0,0,2,1,185,4,40,0
1990,19,1,1,3,4,0,0,0,0,0
1990,50,1,1,3,4,0,0,0,0,0
1990,64,1,0,0,0,1,21,5,42,1
1990,65,2,0,0,0,0,18,4,16,0
1990,76,2,3,0,0,0,0,0,0,0
1990,63,1,0,0,0,0,539,2,0,0
1990,62,2,0,0,0,0,0,0,0,0
1990,30,1,1,0,0,0,257,0,40,0
1990,31,1,1,0,0,1,64,1,40,0
1990,30,2,1,0,0,1,64,5,50,0
1990,27,1,1,0,0,0,434,3,0,0
1990,26,1,0,0,0,1,364,5,40,0
1990,24,2,0,0,0,0,319,1,40,0
1990,66,2,3,0,2,0,466,5,16,0
1990,32,1,0,0,0,0,558,0,40,0
1990,29,2,0,0,0,0,466,5,20,0
1990,77,2,3,0,0,0,407,4,0,0
1990,41,1,0,0,0,1,453,4,40,0
1990,40,2,0,0,0,0,335,1,35,0
1990,19,1,1,0,0,0,426,1,10,0
1990,18,2,1,0,0,0,0,0,0,0
1990,40,1,0,0,0,1,508,1,47,0
1990,39,2,0,0,0,1,337,1,40,0
1990,19,2,1,0,0,1,337,4,24,0
1990,32,1,1,0,0,1,56,3,40,0
1990,59,1,3,0,0,1,22,5,40,1
1990,29,1,1,0,0,1,229,5,40,0
1990,27,1,1,0,0,1,315,0,40,0
1990,37,1,2,0,0,1,229,4,40,0
1990,48,1,0,2,0,0,804,2,50,0
1990,48,2,0,0,0,0,0,0,0,0
1990,23,2,1,2,0,0,0,0,0,0
1990,48,1,3,0,0,1,22,1,50,1
1990,52,1,0,0,0,1,585,0,50,0
1990,54,2,0,0,0,1,156,5,16,0
1990,24,2,1,0,0,1,259,3,40,0
1990,23,2,1,0,2,1,259,3,30,0
1990,60,2,2,0,0,1,466,5,20,0
1990,66,1,0,0,0,0,448,4,0,1
1990,63,2,0,0,0,1,0,0,0,0
1990,49,1,0,0,0,1,226,2,40,1
1990,51,2,0,0,0,1,227,6,40,1
1990,40,1,0,0,0,1,257,0,50,1
1990,38,2,0,0,0,1,156,5,10,0
1990,35,1,0,0,0,1,254,4,40,0
1990,33,2,0,3,0,1,458,4,40,0
1990,29,1,1,0,0,1,243,3,50,0
1990,24,1,1,0,0,1,59,1,40,0
1990,52,1,2,0,0,1,259,3,50,1
1990,40,2,2,0,0,1,8,6,40,0
1990,69,2,3,3,3,0,22,1,50,1
1990,68,1,2,3,0,0,804,1,45,0
1990,28,1,0,0,0,1,243,3,50,0
1990,28,2,0,0,0,1,166,5,40,0
1990,38,1,0,3,0,1,684,1,40,0
1990,37,2,0,3,0,0,25,1,40,0
1990,47,1,0,0,0,0,567,0,48,0
1990,49,2,0,0,0,0,444,5,38,0
1990,45,2,3,3,4,0,387,5,20,0
1990,30,2,1,3,0,1,315,5,0,0
1990,24,2,0,0,0,1,156,5,40,0
1990,25,1,0,0,0,1,195,3,25,0
1990,31,1,1,0,0,1,22,1,55,1
1990,38,1,2,0,0,1,255,4,38,0
1990,34,2,0,0,0,0,585,0,5,0
1990,34,1,0,0,0,0,585,0,50,1
1990,30,1,1,0,0,0,243,3,40,0
1990,33,2,2,0,0,0,343,1,40,0
1990,33,1,0,0,0,1,255,4,50,0
1990,29,2,0,0,0,1,256,4,50,0
1990,31,2,0,0,0,1,22,2,0,0
1990,31,1,0,0,0,1,55,1,40,0
1990,44,1,0,0,0,1,185,1,60,0
1990,39,2,0,0,0,1,22,4,60,0
1990,43,1,0,0,0,1,563,0,40,1
1990,45,2,0,0,0,0,337,0,0,0
1990,50,1,3,0,0,1,22,5,30,0
1990,64,1,0,0,0,1,274,3,40,1
1990,65,2,0,0,0,1,0,0,0,0
1990,22,2,1,0,0,1,433,3,20,0
1990,44,1,1,0,0,1,254,4,45,0
1990,64,1,0,0,0,1,453,2,40,0
1990,58,2,0,0,0,1,337,0,0,0
1990,27,1,1,0,0,1,234,5,46,0
1990,25,1,1,0,0,1,65,5,40,0
1990,25,1,1,0,0,1,13,4,45,0
1990,60,2,2,0,0,1,17,1,45,0
1990,30,1,1,0,0,1,178,5,99,1
1990,26,1,1,0,0,1,22,0,99,0
1990,68,1,3,0,0,1,23,3,26,0
1990,31,1,1,0,0,1,22,3,50,0
1990,22,1,1,0,0,1,734,1,40,0
1990,24,1,2,0,0,0,628,1,40,0
1990,26,1,1,0,0,1,22,1,40,0
1990,29,1,1,0,0,0,779,1,40,0
1990,72,1,0,0,0,0,0,0,0,0
1990,72,2,0,0,0,0,314,5,30,0
1990,36,1,1,0,0,1,453,4,40,0
1990,31,1,1,0,0,0,567,0,47,0
1990,51,1,0,0,0,1,274,3,50,0
1990,42,2,0,0,0,1,156,5,40,0
1990,25,1,0,0,0,1,23,5,50,0
1990,26,2,0,0,2,1,229,3,40,0
1990,66,1,0,0,0,0,628,1,40,0
1990,66,2,0,0,0,0,0,0,0,0
1990,34,1,2,1,0,0,883,2,40,0
1990,29,2,2,1,0,0,883,1,40,0
1990,23,1,1,0,0,1,266,3,40,0
1990,23,1,1,0,0,1,443,3,35,0
1990,32,1,1,0,0,1,505,4,33,0
1990,74,1,3,0,0,0,785,1,16,0
1990,33,1,0,0,0,1,178,5,45,1
1990,32,2,0,0,0,1,156,5,40,0
1990,55,1,0,0,0,1,255,4,40,1
1990,49,2,0,0,0,1,203,5,0,0
1990,62,1,0,0,0,1,259,1,50,1
1990,62,2,0,0,0,1,0,0,0,0
1990,73,1,0,0,0,0,22,1,25,0
1990,66,2,0,0,0,0,337,1,40,0
1990,52,1,0,0,0,1,22,0,40,1
1990,52,2,0,0,0,1,337,3,50,0
1990,51,1,0,0,0,1,267,3,40,1
1990,48,2,0,0,0,1,153,5,40,0
1990,49,1,0,0,2,1,17,3,40,1
1990,46,2,0,0,0,0,0,0,0,0
1990,27,1,1,0,0,1,0,0,0,0
1990,48,1,0,0,0,1,22,3,50,1
1990,47,2,0,0,0,1,156,5,8,0
1990,23,1,1,0,0,1,259,1,50,0
1990,51,2,0,3,3,1,164,5,40,0
1990,53,1,0,3,3,1,59,0,40,1
1990,30,1,1,0,0,1,59,5,60,1
1990,50,2,3,0,0,1,379,4,40,0
1990,72,1,0,0,0,1,0,0,0,1
1990,68,2,0,0,0,1,474,0,0,0
1990,23,1,0,0,0,0,259,3,45,0
1990,23,2,0,0,0,1,327,2,20,0
1990,24,1,0,0,0,1,485,0,30,0
1990,22,2,0,0,0,1,313,1,20,0
1990,48,1,0,3,3,1,22,2,48,1
1990,50,2,0,3,3,1,84,5,40,1
1990,80,2,3,3,4,1,0,0,0,0
1990,70,2,3,3,0,1,0,0,0,0
1990,63,1,0,0,0,1,22,1,0,1
1990,62,2,0,0,0,0,0,0,0,0
1990,68,1,0,0,0,1,15,5,45,1
1990,66,2,0,0,0,1,0,0,0,0
1990,46,1,0,0,0,1,26,5,60,1
1990,47,2,0,0,0,1,0,0,0,0
1990,20,2,1,0,0,1,274,3,35,0
1990,20,2,1,0,0,1,379,4,30,0
1990,64,1,0,3,3,1,22,4,40,1
1990,46,2,0,3,3,1,0,0,0,0
1990,25,2,1,3,3,1,264,3,0,0
1990,23,2,1,3,3,1,628,1,0,0
1990,21,2,1,3,3,0,389,5,12,0
1990,38,1,0,1,0,1,259,3,0,0
1990,38,2,0,1,0,1,257,4,48,1
1990,44,1,0,0,0,1,23,6,40,0
1990,42,2,0,0,0,1,463,2,40,0
1990,56,1,0,0,0,0,0,0,0,0
1990,46,2,0,0,0,1,22,4,40,1
1990,24,2,1,0,0,1,243,3,0,0
1990,20,2,1,0,0,1,315,4,37,0
1990,53,1,0,0,0,1,22,1,50,1
1990,50,2,0,0,0,1,167,5,60,0
1990,24,1,1,0,0,1,254,4,40,0
1990,50,1,2,1,0,0,804,4,40,0
1990,36,1,3,1,0,1,883,2,0,0
1990,44,2,3,1,0,0,447,5,45,0
1990,44,1,0,1,0,0,804,2,0,0
1990,43,2,0,1,1,0,447,6,0,0
1990,23,2,1,1,0,1,277,3,0,0
1990,28,1,0,2,1,1,869,0,40,0
1990,26,2,0,2,1,0,0,0,0,0
1990,31,1,1,2,1,1,869,0,40,0
1990,24,1,1,2,1,0,795,1,40,0
1990,18,2,1,2,1,1,276,3,35,0
1990,23,2,1,2,1,0,436,3,0,0
1990,52,1,0,2,1,0,785,1,35,0
1990,50,2,0,2,1,0,0,0,0,0
1990,22,1,1,2,1,0,0,0,0,0
1990,55,2,2,1,0,1,29,3,40,0
1990,23,1,1,1,0,1,156,5,20,0
1990,22,2,1,1,0,1,385,3,40,0
1990,46,2,2,1,0,1,156,5,40,0
1990,24,1,1,1,0,1,376,4,40,0
1990,41,1,2,1,0,1,637,1,60,1
1990,49,1,0,1,1,1,595,0,40,0
1990,46,2,0,1,1,0,103,5,40,0
1990,66,1,0,1,0,0,0,0,0,0
1990,62,2,0,1,0,0,777,1,0,0
1990,44,2,2,3,3,1,229,5,48,0
1990,69,2,3,3,3,0,0,0,0,0
1990,41,2,1,3,3,0,436,3,36,0
1990,37,2,1,3,3,1,36,6,45,0
1990,61,1,0,0,0,0,0,0,0,0
1990,58,2,0,0,0,0,0,0,0,0
1990,19,2,1,0,0,0,274,5,0,0
1990,23,1,1,0,0,1,55,1,40,0
1990,45,1,0,0,0,1,7,3,45,0
1990,39,2,0,0,0,1,364,2,40,0
1990,62,1,0,0,0,0,796,1,40,0
1990,60,2,0,0,0,0,0,0,0,0
1990,24,1,1,0,0,1,804,2,24,0
1990,35,1,1,0,1,1,243,3,40,0
1990,73,1,3,0,0,0,365,5,60,0
1990,72,2,3,0,0,0,0,0,0,0
1990,44,1,1,2,1,1,575,1,40,0
1990,39,2,3,2,1,0,444,2,40,0
1990,20,2,1,2,0,1,274,3,40,0
1990,18,2,1,2,0,0,276,3,25,0
1990,48,1,2,1,0,1,365,3,40,0
1990,23,1,1,1,0,1,889,3,24,0
1990,44,2,2,1,0,1,156,5,40,1
1990,28,2,1,1,0,1,313,5,50,0
1990,59,1,2,0,0,1,876,5,48,0
1990,63,2,3,0,0,0,0,0,0,0
1990,43,2,2,3,3,0,785,1,40,0
1990,69,1,0,3,3,0,0,0,0,0
1990,70,2,0,3,3,0,785,1,10,0
1990,52,1,0,0,0,1,628,1,40,0
1990,55,2,0,3,4,1,205,5,50,0
1990,20,2,1,0,0,1,0,0,0,0
1990,30,1,0,0,1,0,567,1,40,0
1990,28,2,0,0,1,0,383,4,40,0
1990,29,1,1,3,3,1,7,3,40,0
1990,21,1,1,3,3,0,364,3,20,0
1990,22,1,1,3,3,0,364,5,20,0
1990,38,1,0,1,0,1,259,1,40,0
1990,37,2,0,3,3,1,435,3,40,0
1990,41,2,2,0,0,0,313,1,40,0
1990,42,1,0,3,3,0,307,2,40,0
1990,38,2,0,3,3,0,458,4,40,0
1990,72,2,3,0,0,0,0,0,0,0
1990,38,1,1,0,0,1,804,2,45,0
1990,40,2,2,0,0,1,25,1,40,0
1990,32,1,0,3,3,1,686,3,40,0
1990,26,2,0,3,3,1,319,5,40,0
1990,64,1,0,3,3,0,0,0,0,0
1990,67,2,0,3,3,0,0,0,0,0
1990,28,1,1,3,3,1,213,1,40,0
1990,77,1,3,0,1,0,0,0,0,0
1990,55,1,3,0,0,0,376,2,40,0
1990,35,1,3,2,1,0,869,0,40,0
1990,40,1,0,2,0,0,567,0,40,0
1990,40,2,0,2,0,0,0,0,0,0
1990,42,1,0,2,1,0,22,4,40,0
1990,41,2,0,2,1,0,0,0,0,0
1990,39,2,0,0,0,0,17,3,32,0
1990,39,1,0,0,0,0,567,0,40,0
1990,24,2,1,1,0,1,376,2,40,0
1990,74,1,0,0,0,0,0,0,0,0
1990,71,2,0,0,0,1,0,0,0,0
1990,26,2,1,1,0,1,337,6,40,0
1990,26,1,1,1,0,1,17,3,50,0
1990,28,1,0,0,1,0,275,4,40,0
1990,26,2,0,0,1,0,683,1,40,0
1990,30,1,1,0,0,1,22,4,40,0
1990,43,1,0,0,0,0,503,2,40,0
1990,41,2,0,0,0,0,796,1,40,0
1990,47,2,3,0,0,0,337,4,40,0
1990,27,1,1,0,0,0,0,0,0,0
1990,67,2,3,0,0,0,0,0,0,0
1990,74,1,0,0,0,0,0,0,0,0
1990,78,2,0,0,0,0,0,0,0,0
1990,44,2,1,0,0,1,364,2,40,0
1990,31,2,2,0,0,1,463,2,20,0
1990,65,2,3,0,0,0,0,0,0,1
1990,45,2,2,1,0,1,37,5,40,0
1990,41,2,3,2,1,0,0,0,0,0
1990,44,1,0,3,3,1,0,0,0,0
1990,35,2,0,3,3,0,276,3,40,0
1990,44,2,2,2,1,1,156,5,20,0
1990,31,1,2,1,0,1,417,6,40,0
1990,22,2,1,1,2,1,337,2,40,0
1990,24,1,1,3,3,1,308,5,25,0
1990,41,1,0,3,3,1,253,4,60,0
1990,33,2,0,3,3,0,458,4,45,0
1990,35,2,1,1,0,1,308,2,40,0
1990,43,1,1,1,0,0,0,0,0,0
1990,56,2,0,0,0,0,734,1,40,0
1990,47,1,0,0,0,0,389,1,40,0
1990,65,1,2,0,0,1,526,0,0,0
1990,30,1,1,0,0,1,0,0,0,0
1990,30,2,1,0,0,1,267,3,40,0
1990,25,2,1,0,0,1,375,4,40,0
1990,56,1,1,0,0,1,469,5,8,0
1990,53,1,0,0,0,1,23,5,40,0
1990,49,2,0,0,0,1,445,5,16,0
1990,29,2,3,0,0,1,274,3,0,0
1990,28,1,3,0,0,1,25,4,30,0
1990,59,1,0,0,0,1,13,1,40,1
1990,49,2,0,0,0,1,22,4,0,0
1990,55,1,3,0,0,1,178,5,40,1
1990,76,2,0,0,0,0,0,0,0,0
1990,55,1,0,0,0,1,23,5,60,1
1990,52,2,0,0,0,1,243,3,40,1
1990,20,1,1,0,0,0,253,4,30,0
1990,31,1,1,1,0,1,22,1,40,0
1990,29,1,1,0,0,1,555,0,25,0
1990,35,1,0,0,0,1,225,5,40,1
1990,28,2,0,3,3,1,44,1,40,0
1990,46,1,0,0,0,1,628,1,40,1
1990,42,2,0,0,0,1,315,3,16,0
1990,42,1,0,0,0,1,22,1,50,1
1990,40,2,0,0,0,1,558,0,40,0
1990,46,1,0,0,0,1,418,6,60,1
1990,46,2,0,0,0,0,0,0,0,0
1990,22,1,1,0,0,1,547,4,20,0
1990,18,2,1,0,0,0,159,5,4,0
1990,43,1,0,0,0,1,22,3,9,1
1990,37,2,0,0,0,1,365,3,30,1
1990,20,1,1,0,0,1,307,4,30,0
1990,19,1,1,0,0,1,18,4,30,0
1990,48,2,3,0,0,1,17,3,0,0
1990,44,1,0,0,0,1,22,1,50,1
1990,47,2,0,0,0,1,188,1,40,0
1990,45,2,1,0,0,1,313,1,40,1
1990,31,1,1,0,0,1,156,5,45,0
1990,28,2,1,0,0,1,0,0,0,0
1990,26,2,1,0,0,1,0,0,0,0
1990,25,1,1,0,0,1,183,5,50,0
1990,51,1,1,0,2,0,385,4,40,0
1990,51,2,2,0,0,1,163,5,40,0
1990,23,1,1,0,0,1,243,3,27,0
1990,76,2,3,0,0,0,0,0,0,0
1990,64,1,0,0,1,1,84,5,56,1
1990,49,2,0,0,2,1,95,5,50,0
1990,29,2,2,3,3,1,178,5,70,1
1990,29,1,1,0,0,1,23,5,40,0
1990,66,2,3,0,0,1,337,5,40,0
1990,36,2,1,0,0,1,178,5,60,1
1990,75,2,3,0,4,0,0,0,0,0
1990,31,1,1,2,1,1,217,5,40,0
1990,31,1,1,0,0,1,379,1,40,0
1990,66,1,2,0,0,0,458,4,40,0
1990,30,2,2,0,0,1,185,1,40,1
1990,24,1,1,1,0,1,185,1,55,0
1990,46,1,2,0,0,1,254,4,40,1
1990,41,2,1,0,1,0,203,5,35,0
1990,62,1,0,0,0,1,22,5,40,1
1990,59,2,0,0,0,1,22,1,40,0
1990,32,1,0,2,0,1,186,5,42,0
1990,32,2,0,0,0,1,22,4,40,0
1990,64,2,1,0,0,1,316,6,0,0
1990,29,1,1,0,0,1,22,2,30,0
1990,28,2,1,0,0,1,487,0,40,0
1990,53,1,0,2,1,0,435,3,40,0
1990,42,2,0,2,1,1,458,3,0,0
1990,30,1,1,0,0,1,434,3,40,0
1990,61,2,2,0,0,1,313,1,40,0
1990,28,2,2,0,0,1,458,5,10,0
1990,25,1,1,0,0,1,235,5,40,0
1990,22,2,2,0,0,1,435,3,30,0
1990,23,2,1,0,0,1,178,5,50,0
1990,48,1,0,0,0,0,589,3,40,0
1990,48,2,0,0,0,0,319,0,20,0
1990,79,2,3,0,0,0,0,0,0,0
1990,74,1,3,0,0,1,0,0,0,0
1990,32,1,0,0,0,1,26,1,40,0
1990,31,2,0,3,3,1,33,1,40,0
1990,30,2,1,0,0,1,187,2,40,0
1990,30,1,0,0,3,0,274,3,65,0
1990,20,2,0,0,3,0,0,0,0,0
1990,43,1,1,0,0,1,869,5,40,0
1990,70,2,3,0,0,1,0,0,0,0
1990,65,2,1,0,3,1,313,5,0,0
1990,56,1,0,0,0,1,225,1,40,1
1990,50,2,0,0,0,1,95,5,16,0
1990,19,1,1,0,0,1,487,0,25,0
1990,38,1,0,0,0,1,184,1,70,1
1990,44,2,0,0,0,1,159,4,30,0
1990,62,1,0,0,0,0,389,5,48,0
1990,52,2,0,0,0,0,363,5,32,0
1990,68,2,3,0,2,1,0,0,0,0
1990,65,1,0,0,0,1,0,0,0,1
1990,72,2,0,0,2,1,0,0,0,0
1990,78,2,3,0,0,0,0,0,0,0
1990,25,1,1,0,0,1,523,4,15,0
1990,27,1,1,0,0,0,317,4,60,0
1990,36,2,2,0,0,1,25,4,50,1
1990,28,2,1,0,0,1,257,4,40,0
1990,39,1,1,1,0,0,364,3,0,0
1990,77,2,3,0,0,1,0,0,0,0
1990,41,1,1,0,0,0,909,6,0,0
1990,35,1,0,0,0,1,254,4,60,1
1990,38,2,0,0,0,0,337,4,40,0
1990,19,2,1,0,0,0,0,0,0,0
1990,21,1,1,0,0,1,229,1,40,0
1990,70,1,2,0,0,0,637,1,50,1
1990,31,1,1,2,0,1,36,6,60,0
1990,35,1,0,3,3,1,229,1,40,1
1990,33,2,0,3,3,1,313,5,24,0
1990,65,1,0,0,0,1,628,2,42,1
1990,69,2,0,0,0,0,0,0,0,0
1990,66,1,3,1,0,0,0,0,0,0
1990,45,1,0,0,0,0,25,4,45,1
1990,40,2,0,0,0,0,808,5,20,0
1990,20,2,1,0,0,0,263,3,40,0
1990,21,2,1,0,0,0,274,3,40,0
1990,53,1,0,1,0,0,216,5,40,0
1990,48,2,0,1,0,1,156,5,40,0
1990,23,2,1,1,0,1,213,4,40,0
1990,33,1,0,3,3,0,354,2,40,0
1990,34,2,0,3,3,1,354,2,40,0
1990,32,1,0,2,0,1,889,2,40,0
1990,32,2,0,2,0,0,243,3,40,0
1990,40,1,0,3,3,1,185,0,40,1
1990,30,2,0,3,3,1,379,3,40,0
1990,45,1,0,2,1,0,889,1,40,0
1990,46,2,0,0,1,0,744,1,40,0
1990,21,1,1,0,0,1,889,3,40,0
1990,20,2,1,0,0,1,274,3,30,0
1990,26,1,1,0,0,0,683,1,40,0
1990,60,1,0,0,0,1,808,2,40,0
1990,38,2,0,0,1,0,748,4,40,0
1990,18,1,1,0,0,0,268,3,36,0
1990,35,1,1,0,1,0,453,3,40,0
1990,48,1,3,0,1,0,274,3,25,0
1990,65,2,3,0,1,0,0,0,0,0
1990,46,2,3,0,1,0,0,0,0,0
1990,42,2,3,3,0,0,24,4,37,0
1990,23,2,1,2,0,0,877,3,0,0
1990,20,2,1,2,0,0,0,0,0,0
1990,18,1,1,1,0,0,417,0,0,0
1990,29,1,2,1,0,0,783,4,40,0
1990,23,1,1,2,4,0,0,0,0,0
1990,34,1,0,0,0,1,354,2,45,0
1990,31,2,0,0,0,1,354,2,40,0
1990,42,1,0,3,3,1,558,0,40,1
1990,44,2,0,3,3,1,25,4,40,0
1990,19,1,1,3,3,1,283,3,40,0
1990,18,2,1,3,3,0,263,3,18,0
1990,70,2,3,0,0,0,0,0,0,0
1990,69,1,0,0,0,1,18,6,40,0
1990,64,2,0,0,0,0,379,0,40,0
1990,53,1,0,0,0,1,557,0,40,1
1990,53,2,0,0,0,0,337,4,40,0
1990,28,2,1,0,0,1,185,5,40,0
1990,19,1,1,0,0,1,183,1,27,0
1990,80,2,3,0,0,0,365,3,0,0
1990,51,1,0,3,3,1,23,5,40,0
1990,47,2,0,3,3,1,23,5,40,0
1990,20,2,1,3,3,1,379,5,10,0
1990,19,1,1,3,3,0,0,0,0,0
1990,77,2,3,3,3,0,0,0,0,0
1990,65,1,0,2,0,1,157,5,40,0
1990,43,2,0,0,0,1,156,5,34,0
1990,38,1,0,2,1,1,634,1,45,0
1990,35,2,0,2,1,1,387,5,20,0
1990,67,1,3,0,0,0,0,0,0,0
1990,33,1,0,0,0,1,549,2,40,0
1990,33,2,0,0,0,1,13,4,40,0
1990,73,2,3,0,0,0,0,0,0,0
1990,73,1,0,2,0,0,0,0,0,0
1990,71,2,0,2,0,0,387,5,15,0
1990,66,1,0,0,0,0,687,1,0,0
1990,55,2,0,0,1,0,0,0,0,0
1990,23,2,1,0,1,1,376,3,40,0
1990,57,1,0,2,1,0,558,0,40,0
1990,52,2,0,2,1,0,888,1,35,0
1990,23,2,1,2,0,1,277,3,40,0
1990,79,2,3,0,0,0,23,6,20,0
1990,39,1,2,1,4,1,809,2,0,0
1990,33,1,2,1,4,1,178,5,40,0
1990,66,2,2,0,0,0,379,6,45,0
1990,35,1,2,2,0,1,174,5,40,0
1990,27,1,1,2,1,1,407,4,30,0
1990,35,1,2,2,1,0,567,0,40,0
1990,32,2,3,2,1,0,458,4,50,0
1990,45,2,3,0,1,0,785,1,0,0
1990,23,1,0,0,1,0,744,1,40,0
1990,23,2,0,0,1,0,744,1,0,0
1990,19,1,1,0,1,0,744,1,0,0
1990,20,2,3,0,1,0,744,1,40,0
1990,79,2,3,0,0,0,0,0,0,0
1990,37,1,1,0,0,1,43,5,42,0
1990,43,2,1,3,3,0,259,3,50,0
1990,20,2,1,0,0,0,319,5,40,0
1990,21,2,1,0,0,0,319,5,40,0
1990,50,2,1,0,0,1,178,5,0,0
1990,62,2,1,0,0,1,387,5,0,0
1990,36,2,1,0,0,1,203,5,40,0
1990,42,2,1,0,0,1,186,5,45,0
1990,65,2,1,0,0,1,156,5,0,0
1990,47,1,0,2,1,0,804,2,0,0
1990,40,2,0,2,1,0,274,3,0,0
1990,20,2,1,2,1,0,433,3,40,0
1990,19,2,1,2,1,0,319,5,40,0
1990,26,1,0,2,1,0,774,4,40,0
1990,24,2,0,2,1,0,276,3,99,0
1990,66,1,2,0,0,1,368,1,40,1
1990,45,2,1,0,0,1,156,5,32,0
1990,35,1,3,0,0,1,804,3,40,0
1990,30,1,0,2,1,0,575,1,48,0
1990,30,2,0,2,1,0,747,0,0,0
1990,38,2,0,2,1,0,575,1,48,0
1990,39,2,0,2,1,0,0,0,0,0
1990,27,2,3,3,0,0,379,4,40,0
1990,70,1,0,3,3,0,0,0,0,0
1990,70,2,0,3,3,0,0,0,0,0
1990,31,2,1,3,0,0,0,0,0,0
1990,30,1,0,0,1,0,444,3,40,0
1990,43,2,0,0,1,0,453,4,40,0
1990,50,1,1,0,0,1,808,2,45,0
1990,18,2,1,0,0,0,0,0,0,0
1990,40,1,2,0,0,1,453,5,40,0
1990,36,2,2,2,1,1,435,3,36,0
1990,40,1,0,0,1,0,22,1,40,1
1990,37,2,0,0,1,0,328,4,40,0
1990,28,1,0,0,1,0,869,0,44,0
1990,24,2,0,0,1,0,313,4,35,0
1990,35,1,0,2,1,0,595,0,40,0
1990,32,2,0,2,1,0,449,5,0,0
1990,29,1,0,2,1,0,806,3,50,0
1990,28,2,0,2,1,0,385,1,40,0
1990,40,1,2,3,3,0,744,1,0,0
1990,23,2,1,3,3,0,889,1,40,0
1990,58,1,0,0,0,0,804,2,65,0
1990,59,2,0,0,0,0,0,0,0,0
1990,33,2,1,0,0,1,418,6,40,0
1990,23,1,1,0,0,1,187,4,50,0
1990,51,2,2,2,1,0,636,1,40,0
1990,32,1,1,2,1,1,0,0,0,0
1990,36,2,2,2,1,1,386,2,40,0
1990,26,1,1,2,1,0,253,4,40,0
1990,28,1,1,2,1,0,869,0,40,0
1990,35,1,1,2,1,1,558,0,40,0
1990,32,1,3,1,0,1,178,5,45,1
1990,43,1,2,0,0,1,25,1,40,0
1990,38,1,2,2,1,1,22,3,0,0
1990,32,1,0,2,1,1,253,4,0,0
1990,38,2,0,2,0,0,0,0,0,0
1990,29,1,1,2,0,1,804,6,40,0
1990,34,1,0,3,3,0,756,1,40,0
1990,30,2,0,3,3,0,354,2,48,0
1990,66,1,2,0,0,0,243,3,0,0
1990,43,1,0,0,0,1,43,5,50,1
1990,42,2,0,0,0,0,274,3,20,0
1990,45,1,1,3,3,0,777,5,40,0
1990,53,1,0,0,1,0,756,1,40,0
1990,43,2,0,0,1,0,387,5,15,0
1990,20,2,1,0,0,1,319,6,24,0
1990,27,2,1,3,0,1,64,4,50,0
1990,62,2,2,0,0,0,308,4,40,0
1990,26,1,0,0,1,0,435,4,40,0
1990,22,2,0,0,1,0,64,4,40,0
1990,19,1,1,2,4,0,733,4,35,0
1990,34,2,1,0,0,1,156,5,40,0
1990,29,1,1,0,0,1,156,5,40,0
1990,30,2,1,1,0,0,785,1,40,0
1990,75,2,3,3,3,0,0,0,0,0
1990,67,1,1,0,0,1,0,0,0,0
1990,69,2,0,3,3,0,0,0,0,0
1990,29,1,0,0,1,0,804,3,48,0
1990,29,2,0,0,1,0,315,5,40,0
1990,64,1,1,1,0,0,0,0,0,0
1990,27,1,1,0,0,1,0,0,0,0
1990,79,2,3,3,3,1,0,0,0,0
1990,28,2,1,3,3,1,23,5,40,0
1990,32,2,1,2,1,0,754,3,40,0
1990,45,1,1,2,1,1,453,5,40,0
1990,31,1,0,2,1,0,804,3,40,0
1990,31,2,0,2,1,0,744,3,0,0
1990,40,1,1,2,1,0,779,4,40,0
1990,21,1,1,2,1,0,444,3,40,0
1990,54,1,3,0,0,0,0,0,0,0
1990,27,1,1,0,1,0,444,3,30,0
1990,31,2,1,0,1,0,0,0,0,0
1990,21,1,1,0,1,0,777,1,40,0
1990,24,2,1,0,1,0,744,1,40,0
1990,23,1,0,0,1,0,749,1,40,0
1990,32,2,0,0,1,0,779,1,0,0
1990,24,1,1,0,1,0,888,1,0,0
1990,59,2,3,0,0,0,254,4,10,0
1990,36,1,2,0,1,1,769,3,0,0
1990,41,1,0,2,1,0,487,5,40,0
1990,38,2,0,2,1,1,458,4,20,0
1990,24,1,1,0,4,0,0,0,0,0
1990,29,1,1,0,4,1,785,4,40,0
1990,27,1,1,0,0,0,909,6,0,0
1990,23,1,3,0,1,1,213,6,40,0
1990,28,1,0,0,4,0,719,0,32,0
1990,29,2,0,0,0,0,308,3,40,0
1990,31,1,0,0,1,1,373,3,40,0
1990,26,2,0,0,1,1,376,5,0,0
1990,67,2,3,3,0,0,0,0,0,0
1990,63,1,0,0,1,0,453,1,40,0
1990,60,2,0,0,1,0,759,1,0,0
1990,32,2,1,0,1,1,387,5,30,0
1990,30,1,1,0,1,0,303,4,40,0
1990,27,2,1,0,1,1,319,1,40,0
1990,40,2,3,0,1,0,0,0,0,0
1990,23,1,0,0,1,0,753,0,48,0
1990,24,2,0,0,1,0,744,1,40,0
1990,30,1,0,2,1,0,734,1,50,0
1990,28,2,0,2,0,0,387,5,40,0
1990,28,1,1,2,1,0,734,3,40,0
1990,24,2,3,2,1,0,0,0,0,0
1990,21,1,3,2,1,0,859,1,40,0
1990,42,1,1,2,1,0,453,1,0,0
1990,25,2,1,2,1,0,0,0,0,0
1990,49,1,1,2,1,0,866,0,0,0
1990,48,1,0,0,1,0,487,5,40,0
1990,43,2,0,2,1,0,449,4,25,0
1990,25,2,1,0,1,0,445,5,40,0
1990,23,2,1,0,1,1,156,5,30,0
1990,20,1,1,0,1,0,769,1,40,0
1990,19,1,1,2,1,0,783,1,0,0
1990,61,1,2,0,0,1,0,0,0,0
1990,41,1,0,2,1,0,0,0,0,0
1990,39,2,0,2,1,0,744,1,40,0
1990,19,1,1,2,1,1,0,0,0,0
1990,30,1,1,0,1,0,595,0,30,0
1990,65,2,3,0,0,0,0,0,0,0
1990,38,1,1,0,0,0,0,0,0,0
1990,37,1,1,0,0,0,0,0,0,0
1990,30,1,0,0,1,0,243,3,40,0
1990,37,2,0,0,1,0,276,3,40,0
1990,40,1,3,0,1,0,889,3,40,0
1990,52,2,3,0,1,0,449,4,16,0
1990,30,1,0,0,1,0,785,1,40,0
1990,25,2,0,0,1,0,0,0,0,0
1990,29,2,1,0,1,0,769,1,0,0
1990,45,1,0,0,0,0,355,2,40,0
1990,42,2,0,0,0,0,877,3,25,0
1990,23,1,1,0,0,1,387,5,40,0
1990,20,1,1,0,0,0,254,4,40,0
1990,72,1,3,1,0,0,0,0,0,0
1990,34,1,0,2,1,0,243,3,55,0
1990,31,2,0,2,1,0,436,3,40,0
1990,30,1,0,0,1,0,549,4,40,0
1990,25,2,0,0,1,0,0,0,0,0
1990,39,1,0,0,1,0,575,0,40,0
1990,36,2,0,0,0,0,0,0,0,0
1990,55,2,3,0,0,0,259,3,40,1
1990,36,1,1,2,1,0,486,0,40,0
1990,34,2,1,2,1,0,0,0,0,0
1990,27,2,1,2,1,0,276,3,0,0
1990,36,1,0,2,1,0,453,1,40,0
1990,32,2,0,2,1,0,436,3,0,0
1990,32,1,1,2,1,0,744,1,40,0
1990,24,1,1,2,1,0,869,0,0,0
1990,59,2,1,2,1,0,449,4,40,0
1990,31,1,1,2,1,0,579,0,10,0
1990,66,2,3,0,0,0,0,0,0,0
1990,43,2,1,1,4,1,276,5,0,0
1990,37,1,1,1,0,1,0,0,0,0
1990,45,2,1,1,4,1,157,5,0,0
1990,18,1,1,1,0,0,0,0,0,0
1990,19,2,1,1,0,0,0,0,0,0
1990,68,1,3,1,0,0,0,0,0,0
1990,64,2,3,1,0,0,453,4,0,0
1990,29,1,1,1,0,0,453,4,40,0
1990,56,1,2,1,0,0,785,3,40,0
1990,74,1,1,2,0,0,0,0,0,0
1990,59,1,1,1,0,0,453,4,40,0
1990,32,1,1,1,0,1,426,4,56,0
1990,76,1,2,1,0,0,0,0,0,0
1990,46,2,2,1,0,0,453,5,0,0
1990,30,2,1,1,0,0,0,0,0,0
1990,69,2,3,1,0,0,0,0,0,0
1990,29,2,3,0,1,0,407,4,0,0
1990,64,1,0,1,0,0,0,0,0,0
1990,63,2,0,1,0,0,0,0,0,0
1990,35,1,0,2,1,1,304,4,40,0
1990,19,2,0,2,1,0,0,0,0,0
1990,31,1,1,2,1,1,453,4,40,0
1990,23,1,1,2,1,0,869,0,0,0
1990,34,2,0,2,1,0,888,3,48,0
1990,22,1,0,2,1,0,453,1,40,0
1990,23,2,0,2,1,1,453,0,40,0
1990,35,1,0,2,1,0,0,0,0,0
1990,24,2,3,2,1,0,888,1,40,0
1990,80,2,3,1,0,0,0,0,0,0
1990,33,2,2,0,4,0,744,1,40,0
1990,33,2,1,2,1,0,744,1,40,0
1990,44,2,1,2,1,0,0,0,0,0
1990,42,1,1,2,1,0,888,3,40,0
1990,72,1,3,2,1,0,744,1,0,0
1990,32,2,1,2,0,1,22,2,40,0
1990,28,1,1,2,1,0,709,1,40,0
1990,37,2,3,2,1,0,365,5,40,0
1990,52,2,2,1,0,1,337,4,40,0
1990,27,2,1,1,0,1,305,4,40,0
1990,33,1,1,1,0,0,461,2,0,0
1990,29,1,1,1,0,1,0,0,0,0
1990,27,1,1,1,0,1,213,4,40,0
1990,23,1,1,1,0,1,0,0,0,0
1990,22,1,1,1,0,1,0,0,0,0
1990,24,2,1,1,0,0,0,0,0,0
1990,25,1,1,1,1,0,759,1,40,0
1990,22,1,1,1,1,0,479,0,30,0
1990,57,2,2,1,0,0,796,1,60,0
1990,20,2,1,1,0,0,156,5,30,0
1990,21,1,1,1,0,1,276,3,25,0
1990,36,1,3,1,0,0,216,1,40,0
1990,35,1,3,1,0,0,216,1,40,0
1990,60,1,2,1,0,0,0,0,0,0
1990,47,2,2,2,1,0,405,4,0,0
1990,26,1,0,2,1,0,263,3,40,0
1990,28,2,0,2,1,0,0,0,0,0
1990,45,2,2,2,1,0,0,0,0,0
1990,32,1,1,2,1,0,744,1,40,0
1990,49,1,3,1,0,0,804,3,8,0
1990,18,1,1,1,0,1,316,5,0,0
1990,36,2,1,1,0,1,453,5,0,0
1990,26,1,1,1,0,1,243,3,50,0
1990,40,2,2,1,0,0,453,5,0,0
1990,21,1,1,1,0,0,426,4,12,0
1990,19,1,1,1,0,0,0,0,0,0
1990,67,2,3,1,0,0,0,0,0,0
1990,69,1,3,1,0,0,0,0,0,0
1990,35,1,1,1,0,0,637,1,0,0
1990,35,2,3,1,0,0,0,0,0,0
1990,30,1,1,2,1,0,869,0,40,0
1990,36,2,1,2,1,0,0,0,0,0
1990,51,2,1,1,0,0,313,1,40,0
1990,27,1,1,1,0,1,785,1,40,0
1990,24,1,1,1,0,0,0,0,0,0
1990,26,2,3,2,1,0,0,0,0,0
1990,55,2,2,1,0,0,0,0,0,0
1990,32,1,1,1,0,0,0,0,0,0
1990,19,2,1,1,0,0,0,0,0,0
1990,35,1,0,2,1,0,744,1,40,0
1990,33,2,0,2,1,0,744,1,40,0
1990,25,2,1,1,0,0,0,0,0,0
1990,32,2,2,1,0,1,379,6,40,0
1990,34,2,2,1,0,1,387,5,0,0
1990,23,2,1,1,0,0,0,0,0,0
1990,60,1,0,1,0,0,0,0,0,0
1990,61,2,0,1,0,0,444,5,30,0
1990,33,2,1,1,0,0,383,4,40,0
1990,62,2,3,1,0,0,0,0,0,0
1990,27,1,1,1,0,0,453,6,44,0
1990,26,1,1,1,0,0,869,0,0,0
1990,23,2,1,1,0,0,0,0,0,0
1990,19,2,1,1,0,0,0,0,0,0
1990,47,2,3,1,0,1,313,6,40,0
1990,23,2,1,1,0,1,385,6,40,0
1990,19,2,1,1,0,0,0,0,0,0
1990,26,1,1,2,1,1,683,3,40,0
1990,24,1,1,2,1,0,806,1,40,0
1990,28,1,1,2,1,0,785,1,40,0
1990,69,2,0,1,1,1,0,0,0,0
1990,66,1,0,1,0,1,185,3,0,0
1990,49,1,2,1,0,1,266,3,40,0
1990,62,1,2,0,2,1,266,3,40,0
1990,28,1,1,1,0,0,809,4,45,0
1990,20,2,1,1,0,0,319,4,35,0
1990,40,1,0,2,1,0,453,5,40,0
1990,39,2,0,2,1,0,407,4,25,0
1990,20,1,1,2,1,0,329,5,25,0
1990,55,2,0,1,0,0,0,0,0,0
1990,64,1,0,0,0,0,0,0,0,0
1990,25,1,1,1,0,0,453,1,40,0
1990,38,1,0,0,0,0,804,5,40,0
1990,37,2,0,1,1,0,909,6,0,0
1990,46,2,3,1,0,1,379,5,40,0
1990,26,1,1,1,0,0,889,3,0,0
1990,21,1,1,1,0,0,459,5,0,0
1990,30,1,3,1,0,0,444,5,40,0
1990,57,2,3,1,0,1,376,2,40,0
1990,30,1,1,1,0,0,365,3,40,0
1990,25,2,1,1,0,1,22,4,40,0
1990,80,2,2,1,0,1,0,0,0,0
1990,54,2,1,1,1,1,243,3,40,0
1990,25,2,1,1,0,1,256,3,40,0
1990,49,2,2,1,0,0,0,0,0,0
1990,42,1,1,1,0,0,579,6,16,0
1990,23,1,1,2,0,1,418,6,45,0
1990,35,2,2,2,0,0,276,3,30,0
1990,60,1,0,3,0,1,628,1,40,1
1990,54,2,0,3,0,1,14,5,40,0
1990,48,1,0,1,0,0,785,1,40,0
1990,42,2,0,1,0,0,888,1,0,0
1990,37,1,1,1,0,1,646,6,40,0
1990,35,2,2,2,1,0,458,1,48,0
1990,52,2,3,2,1,0,0,0,0,0
1990,48,2,1,1,0,0,808,2,40,0
1990,65,2,3,1,0,1,274,3,6,0
1990,38,2,0,2,1,0,759,1,40,0
1990,33,1,0,2,1,0,744,1,40,0
1990,42,2,1,1,0,1,23,5,40,0
1990,76,2,2,1,0,1,0,0,0,0
1990,44,1,3,1,0,0,447,5,48,0
1990,40,2,2,2,1,1,389,5,40,0
1990,21,2,1,2,1,1,157,5,30,0
1990,18,1,1,2,1,0,274,3,40,0
1990,23,1,1,1,0,0,426,5,40,0
1990,21,1,1,1,0,0,243,3,40,0
1990,42,2,3,1,0,0,313,5,40,0
1990,45,2,0,1,0,1,313,5,35,0
1990,35,1,0,1,0,1,628,1,50,1
1990,19,2,1,1,0,1,274,3,40,0
1990,35,1,1,1,0,1,354,2,40,0
1990,58,2,2,1,0,0,337,5,40,0
1990,73,1,3,1,0,1,23,4,40,0
1990,37,2,2,1,0,0,235,6,0,0
1990,29,2,1,1,0,0,435,3,40,0
1990,66,1,0,1,0,0,0,0,0,0
1990,64,2,0,1,0,0,0,0,0,0
1990,34,2,1,1,0,1,379,6,40,0
1990,39,2,1,1,0,0,0,0,0,0
1990,66,2,1,0,2,0,313,4,0,1
1990,68,2,1,0,2,0,259,3,40,0
1990,70,1,0,1,0,0,809,4,24,0
1990,64,2,0,1,0,0,0,0,0,0
1990,36,2,1,1,0,0,356,3,0,0
1990,64,1,0,1,0,1,0,0,0,0
1990,46,2,0,1,0,1,0,0,0,0
1990,56,1,0,1,0,0,804,1,40,0
1990,57,2,0,1,0,0,0,0,0,0
1990,27,2,1,1,0,0,348,2,40,0
1990,49,1,3,0,0,1,185,4,40,0
1990,44,1,1,0,0,1,186,5,40,0
1990,31,2,1,1,0,0,446,3,40,0
1990,30,1,1,1,0,1,909,6,0,0
1990,50,1,0,1,0,1,5,6,40,1
1990,47,2,0,1,0,1,178,5,20,0
1990,59,1,3,1,0,1,59,1,45,0
1990,30,2,0,2,1,0,453,4,43,0
1990,36,1,0,2,1,1,449,4,43,0
1990,58,2,3,2,1,1,466,5,40,0
1990,31,2,0,2,1,0,453,4,40,0
1990,35,1,0,2,1,0,453,4,40,0
1990,50,2,2,1,0,0,447,5,40,0
1990,32,2,2,0,0,1,435,3,22,0
1990,40,1,2,0,0,1,186,5,12,0
1990,62,1,0,1,0,0,216,1,40,0
1990,52,2,0,0,2,0,319,5,40,0
1990,31,2,2,2,0,1,376,4,40,0
1990,29,1,0,0,1,0,364,1,40,0
1990,22,2,0,0,1,0,747,4,40,0
1990,32,1,3,0,1,1,777,1,40,0
1990,39,1,0,2,1,0,769,1,40,0
1990,38,2,0,2,4,0,744,1,35,0
1990,39,1,3,2,4,0,579,0,40,0
1990,66,2,3,1,0,0,0,0,0,0
1990,39,2,2,1,0,1,99,5,40,0
1990,23,1,1,1,0,0,808,6,40,0
1990,21,2,1,1,0,0,319,5,40,0
1990,41,1,2,1,0,0,453,1,40,0
1990,42,2,2,2,0,0,22,5,40,0
1990,18,2,1,2,0,0,319,5,30,0
1990,75,1,0,1,0,0,575,6,0,0
1990,64,2,0,1,0,0,447,5,12,0
1990,26,2,1,1,0,0,734,1,0,0
1990,35,1,1,1,0,0,505,4,0,0
1990,33,1,2,1,0,0,276,3,0,0
1990,32,1,1,2,1,0,486,0,40,0
1990,30,2,2,0,1,0,0,0,0,0
1990,35,1,0,2,0,0,459,4,32,0
1990,36,2,0,2,4,0,453,4,40,0
1990,20,2,1,3,0,1,383,4,10,0
1990,19,2,1,3,0,1,383,4,0,0
1990,30,1,3,3,3,1,0,0,0,0
1990,43,2,2,1,0,0,0,0,0,0
1990,44,1,0,2,1,0,769,3,40,0
1990,45,2,0,2,1,0,0,0,0,0
1990,20,1,1,2,1,0,364,2,40,0
1990,80,2,1,2,1,0,0,0,0,0
1990,37,2,1,0,1,0,426,4,15,0
1990,28,2,1,0,1,0,407,4,84,0
1990,61,1,0,3,0,0,357,2,48,0
1990,60,2,0,3,0,0,0,0,0,0
1990,62,2,3,1,0,1,379,6,20,0
1990,19,2,1,0,2,1,274,3,0,0
1990,35,1,1,2,1,0,813,4,45,0
1990,38,2,1,2,1,0,469,4,23,0
1990,18,1,1,2,1,0,0,0,0,0
1990,60,1,0,2,1,0,748,4,40,0
1990,57,2,0,2,1,0,748,4,40,0
1990,26,1,1,2,1,1,243,3,40,0
1990,21,1,1,0,0,0,197,5,12,0
1990,36,2,3,2,1,0,0,0,0,0
1990,19,1,1,2,1,0,0,0,0,0
1990,30,1,0,1,1,0,505,4,40,0
1990,28,2,0,1,1,0,0,0,0,0
1990,25,1,1,2,1,0,796,1,45,0
1990,27,2,1,2,1,0,453,1,40,0
1990,47,2,1,2,1,0,453,3,35,0
1990,20,2,1,2,1,1,276,3,52,0
1990,27,1,1,2,1,1,549,1,40,0
1990,41,2,1,2,4,0,628,1,40,0
1990,55,2,3,1,0,0,376,4,0,0
1990,23,2,1,1,0,1,0,0,0,0
1990,58,2,3,1,0,0,207,5,40,0
1990,21,1,1,1,0,0,435,3,40,0
1990,23,2,1,1,0,0,435,3,0,0
1990,45,1,0,2,1,0,754,1,40,0
1990,47,2,0,2,1,0,0,0,0,0
1990,64,1,3,1,0,0,0,0,0,0
1990,78,2,3,1,0,0,0,0,0,0
1990,31,1,0,2,1,0,0,0,0,0
1990,33,2,0,2,1,0,785,1,40,0
1990,32,2,3,1,0,0,0,0,0,0
1990,45,1,2,1,1,1,316,6,40,0
1990,32,1,0,2,1,0,748,4,40,0
1990,30,2,0,2,1,0,666,3,40,0
1990,27,1,0,2,1,0,869,0,40,0
1990,19,2,0,2,1,0,0,0,0,0
1990,28,1,1,2,1,0,565,3,48,0
1990,78,2,2,1,0,0,0,0,0,0
1990,40,2,2,1,0,0,379,3,0,0
1990,52,1,0,2,1,1,426,4,40,0
1990,38,2,0,2,1,1,387,5,25,0
1990,68,1,1,2,1,0,0,0,0,0
1990,34,2,1,3,0,0,0,0,0,0
1990,78,2,3,1,0,0,0,0,0,0
1990,62,1,1,1,0,1,354,2,0,0
1990,67,2,2,1,0,1,95,5,40,0
1990,54,2,2,1,0,0,637,1,0,0
1990,79,2,3,1,0,0,0,0,0,0
1990,24,1,1,2,1,0,567,0,48,0
1990,35,1,3,2,1,0,869,0,40,0
1990,31,1,3,2,1,0,276,1,40,0
1990,26,1,1,2,1,0,769,1,40,0
1990,34,2,0,2,1,0,276,3,40,0
1990,35,1,0,2,1,0,364,3,40,0
1990,48,1,1,0,1,0,754,1,40,0
1990,42,2,2,0,1,0,777,1,40,0
1990,18,2,1,0,1,0,435,3,0,0
1990,38,2,2,1,0,1,315,2,0,0
1990,66,2,2,1,0,0,0,0,0,0
1990,37,1,3,1,0,1,308,5,40,0
1990,30,1,0,1,0,1,796,1,60,0
1990,31,2,0,1,0,1,313,5,40,0
1990,56,1,2,1,0,0,0,0,0,0
1990,66,1,0,1,0,0,783,1,0,0
1990,68,2,0,1,0,1,0,0,0,0
1990,75,2,3,1,0,0,0,0,0,0
1990,32,1,0,2,1,0,505,3,58,0
1990,31,2,0,2,1,0,636,1,40,0
1990,63,1,0,1,0,0,0,0,0,0
1990,62,2,0,1,0,0,0,0,0,0
1990,75,2,3,1,0,0,0,0,0,0
1990,41,2,1,2,1,0,744,1,40,0
1990,22,1,1,2,1,0,22,1,40,0
1990,24,1,1,2,1,1,436,3,40,0
1990,31,1,1,2,1,0,444,3,40,0
1990,66,1,0,1,0,0,0,0,0,0
1990,55,2,0,1,0,0,439,3,8,0
1990,35,2,3,1,0,0,426,2,40,0
1990,33,1,0,1,0,1,804,2,70,1
1990,25,2,0,2,1,0,379,6,40,0
1990,60,1,0,0,0,1,178,5,40,1
1990,53,2,0,0,0,1,0,0,0,0
1990,21,2,1,0,0,1,449,4,40,0
1990,48,2,2,1,0,0,313,1,40,0
1990,25,1,1,1,0,1,363,5,50,0
1990,23,1,1,1,0,1,0,0,0,0
1990,36,2,0,0,1,1,18,4,40,0
1990,38,1,0,0,1,1,315,4,40,0
1990,64,1,0,3,3,1,268,3,40,0
1990,58,2,0,3,3,1,316,4,40,0
1990,32,1,1,3,3,1,0,0,0,0
1990,31,1,1,3,3,1,276,4,0,0
1990,29,1,1,3,3,1,274,5,40,0
1990,23,1,1,3,3,1,804,2,40,0
1990,58,2,2,3,3,1,385,4,0,0
1990,38,1,0,3,3,1,436,3,40,0
1990,35,2,0,3,4,1,436,3,40,0
1990,71,2,3,3,3,0,0,0,0,0
1990,24,2,0,2,1,0,379,5,40,0
1990,22,1,0,2,1,0,769,1,40,0
1990,26,2,1,2,1,0,744,1,40,0
1990,22,1,1,2,1,0,754,3,40,0
1990,56,1,0,3,3,0,804,2,40,0
1990,50,2,0,3,3,0,744,1,50,0
1990,25,2,3,3,3,1,379,5,40,0
1990,23,2,1,3,3,0,274,5,40,0
1990,74,1,3,0,0,1,22,3,40,1
1990,60,1,0,0,0,1,255,4,40,1
1990,48,2,0,0,0,1,22,4,40,1
1990,61,2,1,0,0,1,234,5,8,0
1990,33,1,0,3,3,1,14,5,40,0
1990,26,2,0,3,3,0,0,0,0,0
1990,62,1,3,3,4,1,784,1,40,0
1990,52,2,3,3,3,0,319,5,40,0
1990,68,1,1,0,0,0,0,0,0,0
1990,65,1,1,0,0,0,0,0,0,0
1990,35,1,2,0,0,1,95,5,50,1
1990,31,2,3,0,0,1,277,5,35,0
1990,33,1,1,2,1,0,813,4,28,0
1990,33,1,1,2,1,0,443,3,40,0
1990,25,1,3,0,4,0,486,0,40,0
1990,28,1,0,0,1,1,804,1,40,0
1990,19,2,0,0,1,0,687,1,20,0
1990,26,2,3,0,4,0,628,4,0,0
1990,30,1,3,0,1,0,436,3,40,0
1990,28,1,0,0,1,1,567,0,40,0
1990,25,2,0,0,1,0,889,1,0,0
1990,41,2,2,2,4,0,449,5,40,0
1990,24,2,1,2,4,0,748,5,40,0
1990,21,1,3,2,4,0,274,3,30,0
1990,19,2,1,2,4,0,0,0,0,0
1990,34,1,3,2,4,0,453,5,50,0
1990,33,2,1,2,4,0,407,4,40,0
1990,44,2,1,0,0,1,313,5,37,0
1990,25,2,0,2,1,0,466,5,40,0
1990,21,1,0,0,1,0,813,4,40,0
1990,30,1,1,0,0,0,0,0,0,0
1990,25,2,1,0,0,1,426,2,40,0
1990,24,1,1,1,2,1,447,5,8,0
1990,61,1,3,3,3,0,22,2,40,0
1990,37,2,1,3,3,0,0,0,0,0
1990,50,1,0,3,0,1,185,4,30,0
1990,50,2,0,3,0,1,23,4,40,0
1990,25,2,1,3,0,1,188,4,40,0
1990,21,1,1,3,0,0,0,0,0,0
1990,62,1,0,0,1,0,337,3,40,0
1990,72,2,0,0,0,1,909,6,0,0
1990,32,1,1,0,0,1,253,4,40,0
1990,32,1,0,3,3,1,276,5,40,0
1990,29,2,0,3,3,0,0,0,0,0
1990,68,1,0,3,3,0,0,0,0,0
1990,65,2,0,3,3,0,0,0,0,0
1990,48,2,1,2,1,0,0,0,0,0
1990,69,2,3,2,1,0,0,0,0,0
1990,65,1,0,3,3,0,0,0,0,0
1990,52,2,0,3,4,0,0,0,0,0
1990,34,2,1,3,3,0,435,3,40,0
1990,27,1,1,3,3,1,0,0,0,0
1990,21,1,1,3,3,1,433,3,35,0
1990,23,2,1,3,3,1,274,3,0,0
1990,40,2,3,2,1,0,0,0,0,0
1990,49,1,0,2,1,0,579,0,35,0
1990,55,2,0,2,1,0,436,3,40,0
1990,69,2,3,3,3,0,0,0,0,0
1990,32,1,0,0,1,0,869,0,99,0
1990,26,2,0,0,1,0,0,0,0,0
1990,38,1,0,3,3,1,585,0,6,0
1990,36,2,0,3,4,0,435,3,0,0
1990,28,2,0,3,3,0,0,0,0,0
1990,30,1,0,3,3,0,453,4,50,0
1990,23,2,3,3,3,0,0,0,0,0
1990,36,1,0,2,1,0,456,4,40,0
1990,30,2,0,2,1,0,453,4,0,0
1990,23,2,1,0,2,1,0,0,0,0
1990,23,2,1,3,3,1,154,5,0,0
1990,22,2,1,3,3,1,0,0,0,0
1990,28,1,1,3,3,1,0,0,0,0
1990,29,1,1,3,3,1,22,0,48,0
1990,35,2,1,0,0,1,187,5,40,0
1990,61,1,0,0,0,1,56,1,40,1
1990,61,2,0,0,0,1,313,6,40,0
1990,71,1,0,0,0,1,5,6,40,1
1990,63,2,0,0,0,1,95,5,0,0
1990,23,2,1,0,0,1,435,3,30,0
1990,67,1,1,0,0,1,243,4,38,1
1990,33,1,0,0,0,1,22,5,70,1
1990,23,2,0,0,0,1,263,3,38,0
1990,29,1,0,0,0,1,178,5,50,1
1990,26,2,0,0,0,1,104,5,40,0
1990,30,2,0,0,0,1,257,4,60,0
1990,31,1,0,0,0,1,23,4,40,0
1990,40,1,1,0,0,1,23,5,45,1
1990,33,2,1,0,0,1,308,2,40,0
1990,29,2,1,3,0,1,386,2,40,0
1990,27,1,1,0,0,1,185,4,40,0
1990,34,1,1,0,0,1,186,5,0,0
1990,64,1,0,1,0,1,308,1,0,0
1990,62,2,0,1,0,1,328,2,0,0
1990,63,2,2,1,0,1,154,5,30,1
1990,33,2,1,1,0,1,337,4,40,0
1990,38,1,1,1,0,1,447,5,0,0
1990,36,2,1,0,0,1,21,5,55,1
1990,64,2,0,1,0,1,458,4,30,0
1990,60,1,0,1,2,0,436,3,48,0
1990,78,2,3,1,0,0,0,0,0,0
1990,33,2,1,1,0,1,458,4,17,0
1990,77,2,1,1,0,1,156,5,30,0
1990,79,2,3,0,2,0,0,0,0,0
1990,39,1,0,0,2,1,195,5,55,0
1990,37,2,0,0,0,1,313,5,40,0
1990,34,1,1,0,0,1,259,3,40,0
1990,71,2,1,1,0,0,449,4,0,0
1990,20,1,1,1,0,0,0,0,0,0
1990,65,1,1,1,0,0,0,0,0,0
1990,39,1,1,0,0,1,183,5,80,1
1990,35,2,1,0,0,1,183,1,48,0
1990,24,2,0,0,0,1,194,5,8,0
1990,28,1,0,0,0,1,186,5,35,1
1990,30,1,1,3,3,1,67,5,40,0
1990,30,2,2,0,0,0,326,0,40,0
1990,49,1,1,1,0,1,379,2,40,0
1990,39,1,0,0,2,1,259,3,40,0
1990,31,2,0,3,0,1,259,1,40,0
1990,72,2,3,3,3,0,503,2,48,0
1990,28,1,2,3,3,1,25,4,40,0
1990,42,1,0,3,3,1,558,0,20,0
1990,48,2,0,3,3,1,337,4,40,0
1990,38,2,0,0,2,0,0,0,0,0
1990,47,1,0,0,3,0,0,0,0,0
1990,19,2,1,0,2,1,687,3,20,0
1990,57,2,3,3,3,1,156,5,0,0
1990,67,1,0,0,3,0,426,4,40,0
1990,51,2,0,0,2,0,313,6,43,0
1990,23,1,1,0,3,0,0,0,0,0
1990,25,2,1,0,2,0,283,4,40,0
1990,73,2,3,0,0,0,197,6,0,0
1990,48,2,2,0,0,1,313,6,40,0
1990,29,1,0,0,0,1,235,1,40,0
1990,28,2,0,0,0,1,18,4,52,0
1990,43,1,1,0,0,1,228,2,0,0
1990,40,2,0,0,0,1,195,5,40,0
1990,54,1,0,1,2,1,37,5,40,0
1990,26,1,1,0,0,1,379,1,40,0
1990,45,2,2,0,0,0,804,2,0,0
1990,35,2,1,1,0,1,23,2,60,0
1990,67,1,0,0,3,0,0,0,0,0
1990,51,2,0,0,3,0,0,0,0,0
1990,63,1,0,0,2,0,647,3,40,1
1990,63,2,0,0,2,0,0,0,0,0
1990,60,2,3,0,0,1,0,0,0,0
1990,55,1,0,0,2,1,185,4,35,0
1990,48,2,0,0,0,0,22,3,60,0
1990,30,1,1,2,0,0,234,5,40,0
1990,27,1,1,0,0,0,383,4,40,0
1990,40,2,0,1,0,1,5,6,40,0
1990,36,1,0,1,0,0,533,5,40,0
1990,26,1,1,0,0,1,804,1,40,0
1990,23,2,1,0,0,1,435,3,30,0
1990,72,2,3,0,0,1,379,5,55,1
1990,38,2,2,0,0,1,254,4,40,0
1990,44,2,2,0,2,1,259,1,42,0
1990,32,1,1,0,1,1,305,5,40,0
1990,37,1,1,0,0,1,186,5,40,1
1990,73,1,2,0,0,0,779,1,40,0
1990,34,2,1,0,0,1,318,2,30,0
1990,35,1,1,0,0,1,243,3,50,0
1990,68,1,1,0,0,1,0,0,0,0
1990,53,1,2,0,0,1,183,5,40,0
1990,18,1,1,0,0,0,436,3,0,0
1990,57,1,2,0,0,1,178,5,45,0
1990,21,1,0,2,1,0,0,0,0,0
1990,32,2,1,0,0,1,375,4,40,0
1990,29,1,0,0,2,1,0,0,0,0
1990,26,2,0,0,2,1,0,0,0,0
1990,61,1,0,0,0,0,585,0,40,0
1990,52,2,0,0,2,0,387,5,0,0
1990,46,2,0,0,3,0,0,0,0,0
1990,52,1,0,0,3,0,0,0,0,0
1990,58,1,2,0,0,0,0,0,0,0
1990,79,1,3,0,2,0,0,0,0,0
1990,52,1,3,0,1,0,435,4,28,0
1990,22,1,1,0,1,0,438,3,40,0
1990,43,1,0,2,1,0,708,1,40,0
1990,60,2,0,2,1,0,796,1,0,0
1990,18,1,1,2,1,0,0,0,0,0
1990,23,1,1,0,1,0,804,2,50,0
1990,24,2,1,0,1,0,453,5,0,0
1990,22,1,1,0,1,0,869,0,40,0
1990,24,2,1,0,1,0,276,3,32,0
1990,19,2,1,0,1,0,407,4,99,0
1990,37,1,3,3,3,1,439,3,0,0
1990,28,2,1,0,1,1,319,5,40,0
1990,20,1,1,0,1,0,584,0,40,0
1990,23,1,1,0,1,0,584,0,40,0
1990,25,1,1,0,1,1,443,3,40,0
1990,54,1,1,2,1,0,186,5,0,0
1990,44,1,0,0,2,0,804,0,0,0
1990,50,2,0,0,2,0,264,3,0,0
1990,19,1,1,0,2,0,0,0,0,0
1990,36,1,0,0,0,1,804,2,20,0
1990,39,2,0,1,0,0,808,2,40,0
1990,69,2,3,0,2,0,18,4,0,0
1990,48,1,2,0,2,0,518,0,45,0
1990,37,2,3,3,3,1,203,5,40,0
1990,27,2,1,3,3,1,235,5,40,0
1990,18,1,1,1,4,0,0,0,0,0
1990,31,1,1,1,4,1,276,3,0,0
1990,33,1,1,1,4,1,0,0,0,0
1990,22,1,1,0,1,0,869,0,40,0
1990,25,1,1,0,1,0,869,0,40,0
1990,23,1,1,0,1,0,869,0,40,0
1990,18,1,1,0,1,0,869,0,40,0
1990,33,1,1,0,1,0,869,0,40,0
1990,42,1,0,3,3,1,567,0,25,0
1990,44,2,0,3,3,1,22,4,40,0
1990,33,1,0,0,1,0,785,1,40,0
1990,30,2,0,0,1,0,744,1,40,0
1990,22,1,1,0,1,0,444,3,20,0
1990,38,1,1,3,0,1,186,5,25,0
1990,29,1,0,0,1,0,335,6,40,0
1990,29,2,0,0,1,0,0,0,0,0
1990,30,1,0,2,1,1,796,4,50,0
1990,30,2,0,2,1,1,0,0,0,0
1990,24,1,1,0,1,0,453,4,40,0
1990,20,1,1,0,1,0,444,3,40,0
1990,19,1,1,0,1,0,444,3,40,0
1990,31,1,0,0,1,0,804,3,40,0
1990,28,1,0,0,1,0,435,3,40,0
1990,52,1,2,2,0,0,486,4,40,0
1990,37,2,1,2,1,0,453,1,40,0
1990,18,1,1,2,1,0,0,0,0,0
1990,50,1,0,2,1,0,748,4,40,0
1990,38,2,0,2,1,0,449,4,40,0
1990,54,1,1,2,1,0,0,0,0,0
1990,53,1,0,2,1,0,436,3,48,0
1990,53,2,0,2,1,0,0,0,0,0
1990,27,1,1,2,1,1,438,3,48,0
1990,25,1,1,2,1,0,276,3,40,0
1990,23,2,1,2,1,1,359,2,48,0
1990,41,2,1,2,1,0,0,0,0,0
1990,44,1,1,2,1,0,686,3,20,0
1990,43,1,2,0,0,1,567,0,80,0
1990,27,2,0,0,0,1,185,6,45,0
1990,26,1,0,0,0,1,189,5,20,0
1990,46,1,0,0,4,1,83,5,40,1
1990,44,2,0,0,3,1,337,5,0,0
1990,46,2,3,0,1,0,666,4,40,0
1990,23,1,1,0,1,0,453,4,40,0
1990,20,2,1,0,1,1,323,2,40,0
1990,39,2,3,0,1,0,0,0,0,0
1990,34,1,0,0,0,1,228,3,48,0
1990,35,2,0,0,0,1,0,0,0,0
1990,26,1,1,0,1,0,869,0,40,0
1990,25,2,1,0,1,0,0,0,0,0
1990,51,1,0,0,4,0,869,0,40,0
1990,44,2,0,0,1,0,467,5,40,0
1990,24,2,1,0,1,0,0,0,0,0
1990,22,1,1,0,1,0,234,5,40,0
1990,41,2,1,0,1,0,0,0,0,0
1990,42,2,0,3,3,1,95,5,0,0
1990,44,1,0,3,3,1,195,1,0,0
1990,64,2,3,3,3,0,0,0,0,0
1990,25,1,1,0,0,1,187,5,40,0
1990,27,2,1,0,0,1,259,3,42,0
1990,25,1,1,0,0,1,166,5,40,0
1990,64,1,0,0,2,1,53,5,50,1
1990,57,2,0,0,2,1,43,5,30,0
1990,18,2,1,0,0,0,0,0,0,0
1990,33,1,0,2,1,0,785,0,40,0
1990,31,2,0,2,1,0,438,3,0,0
1990,33,1,3,2,1,0,573,0,40,0
1990,36,2,3,2,1,0,0,0,0,0
1990,25,1,1,2,1,0,785,0,40,0
1990,22,1,1,2,1,0,785,0,40,0
1990,19,1,1,2,1,0,785,0,40,0
1990,44,2,3,3,3,1,229,4,40,0
1990,19,2,1,3,3,0,0,0,0,0
1990,18,1,1,3,3,0,0,0,0,0
1990,48,1,0,3,3,0,356,4,40,0
1990,42,2,0,3,3,1,253,4,40,0
1990,25,1,1,3,3,0,769,1,40,0
1990,31,1,3,2,1,0,785,1,40,0
1990,22,1,1,2,0,0,263,3,40,0
1990,19,1,1,2,0,0,0,0,0,0
1990,46,2,1,2,4,0,0,0,0,0
1990,26,2,1,2,4,0,744,1,40,0
1990,25,1,1,2,4,1,475,0,40,0
1990,49,2,3,3,3,1,376,4,60,0
1990,21,2,1,3,3,1,313,3,20,0
1990,26,1,0,3,3,1,385,5,40,0
1990,27,2,0,3,3,1,337,5,40,0
1990,34,1,0,2,4,0,877,3,48,0
1990,32,2,0,2,4,0,276,3,40,0
1990,30,1,1,2,4,0,744,1,40,0
1990,27,1,3,2,4,0,869,0,46,0
1990,25,1,1,2,4,0,453,3,46,0
1990,18,1,1,2,4,0,453,3,35,0
1990,23,2,1,2,4,0,909,6,0,0
1990,40,1,0,2,1,1,446,4,48,0
1990,33,2,0,2,1,0,449,4,0,0
1990,75,2,0,0,3,1,0,0,0,0
1990,77,1,0,0,0,0,0,0,0,0
1990,49,1,1,0,0,1,178,5,8,0
1990,29,1,1,0,1,0,453,4,0,0
1990,37,2,1,0,1,0,449,4,35,0
1990,27,1,0,0,1,0,566,3,40,0
1990,57,1,1,0,1,0,453,4,40,0
1990,23,1,1,0,1,0,734,1,40,0
1990,32,2,0,0,1,0,744,1,40,0
1990,23,2,1,0,1,0,0,0,0,0
1990,47,2,3,3,3,1,276,3,40,0
1990,22,2,1,3,3,1,315,5,32,0
1990,19,2,1,3,3,0,379,6,40,0
1990,19,2,1,3,3,0,276,5,32,0
1990,19,2,1,3,3,0,328,4,15,0
1990,57,1,2,0,0,1,44,1,40,1
1990,45,1,0,3,3,0,347,4,40,0
1990,39,2,0,3,3,0,683,1,40,0
1990,28,1,0,0,0,1,804,3,55,0
1990,22,2,0,0,1,0,466,5,28,0
1990,41,2,1,0,1,0,435,3,40,0
1990,27,1,1,2,1,0,744,1,0,0
1990,23,2,1,2,1,0,0,0,0,0
1990,20,2,1,2,1,0,744,1,40,0
1990,37,2,1,3,3,0,0,0,0,0
1990,29,1,1,0,3,1,364,3,40,0
1990,33,1,1,0,0,1,159,5,40,0
1990,45,1,0,3,3,0,444,3,20,0
1990,43,2,0,3,3,0,0,0,0,0
1990,20,1,1,3,3,1,0,0,0,0
1990,39,1,0,0,2,0,754,3,37,0
1990,33,2,0,0,1,0,0,0,0,0
1990,52,2,3,0,1,0,666,4,10,0
1990,26,2,1,0,1,1,379,5,0,0
1990,20,1,1,0,1,0,804,3,40,0
1990,52,1,3,0,1,0,0,0,0,0
1990,38,1,3,2,4,0,0,0,0,0
1990,38,2,3,2,4,0,199,3,0,0
1990,76,1,0,3,3,0,0,0,0,0
1990,74,2,0,3,3,0,0,0,0,0
1990,53,1,0,0,1,0,789,1,40,0
1990,53,2,0,0,1,0,449,4,12,0
1990,36,1,0,0,1,0,436,3,48,0
1990,37,2,0,0,1,0,628,1,40,0
1990,61,2,1,0,1,0,0,0,0,0
1990,63,2,1,0,1,0,0,0,0,0
1990,32,1,1,0,1,0,436,3,45,0
1990,28,2,1,0,1,0,436,3,40,0
1990,25,1,1,0,0,0,567,0,40,0
1990,34,1,1,3,3,1,259,3,40,0
1990,36,2,3,2,1,0,407,4,0,0
1990,68,2,1,0,0,0,0,0,0,0
1990,39,2,2,2,1,0,436,3,40,0
1990,18,1,1,2,1,0,0,0,0,0
1990,49,2,3,2,1,0,453,4,0,0
1990,22,1,1,2,1,0,436,5,0,0
1990,20,2,1,2,0,1,319,2,40,0
1990,25,2,1,2,1,0,0,0,0,0
1990,29,2,1,2,4,0,744,1,45,0
1990,66,1,1,0,2,1,435,4,6,0
1990,73,1,3,0,0,0,0,0,0,0
1990,72,2,3,0,0,1,0,0,0,0
1990,31,2,1,2,1,0,0,0,0,0
1990,38,1,3,2,1,0,869,0,40,0
1990,41,2,1,0,1,0,744,1,40,0
1990,31,1,0,2,1,0,804,1,40,0
1990,35,2,0,2,1,0,0,0,0,0
1990,43,1,1,2,1,0,804,3,40,0
1990,27,1,0,2,1,0,744,1,50,0
1990,21,2,0,2,1,0,0,0,0,0
1990,47,2,3,2,1,0,744,1,40,0
1990,19,2,1,2,1,0,744,1,40,0
1990,32,1,3,2,1,0,435,3,40,0
1990,62,1,0,0,1,0,505,3,44,0
1990,42,2,0,0,1,0,467,5,15,0
1990,34,1,0,2,1,0,796,1,40,0
1990,33,2,0,2,1,0,453,4,40,0
1990,20,1,1,2,1,0,796,1,40,0
1990,23,1,1,2,1,0,744,1,40,0
1990,32,2,0,2,1,0,744,1,40,0
1990,33,1,0,2,1,0,453,4,40,0
1990,42,2,2,3,3,1,777,1,0,0
1990,41,1,3,2,1,0,487,0,40,0
1990,41,1,0,2,1,0,174,5,8,0
1990,35,2,0,2,1,0,466,5,0,0
1990,62,2,3,0,1,0,744,1,40,0
1990,63,2,0,2,1,0,467,5,15,0
1990,58,1,0,2,1,0,505,1,40,0
1990,42,2,2,2,1,0,709,1,40,0
1990,19,1,1,2,1,0,276,5,40,0
1990,34,2,1,2,1,1,95,5,40,0
1990,35,2,1,2,1,0,0,0,0,0
1990,27,1,1,2,1,0,453,4,0,0
1990,30,1,1,2,1,0,0,0,0,0
1990,70,2,3,0,0,0,0,0,0,0
1990,30,1,0,0,0,1,567,5,40,0
1990,32,2,0,0,0,1,736,1,20,0
1990,37,1,2,0,0,0,23,4,40,0
1990,36,1,2,0,0,0,595,0,40,0
1990,39,1,0,0,0,1,55,5,50,0
1990,38,2,0,0,0,0,313,5,40,0
1990,24,1,1,0,0,1,243,3,40,0
1990,33,1,1,0,0,1,785,1,40,0
1990,21,2,1,0,0,1,18,4,45,0
1990,21,1,1,0,0,1,21,5,50,0
1990,37,1,0,0,0,1,13,1,60,1
1990,38,2,0,0,0,1,84,5,70,1
1990,55,1,0,0,0,1,178,5,50,1
1990,53,2,0,0,2,0,376,1,30,0
1990,50,2,1,0,0,0,337,5,40,0
1990,24,1,1,0,0,1,804,4,45,0
1990,41,2,2,2,1,0,468,5,45,0
1990,20,1,1,2,1,0,156,5,30,0
1990,26,1,1,2,1,0,0,0,0,0
1990,27,1,1,0,0,0,186,5,24,0
1990,54,1,0,0,2,1,22,2,40,1
1990,54,2,0,0,0,1,253,4,50,1
1990,47,2,2,0,0,1,313,2,54,1
1990,19,2,1,0,0,0,888,3,30,0
1990,49,1,1,0,0,1,354,2,65,0
1990,26,1,0,0,0,1,25,5,50,0
1990,26,2,0,0,0,1,243,3,37,0
1990,39,1,2,0,0,1,257,4,45,1
1990,25,1,3,0,0,1,375,4,40,0
1990,23,2,0,0,0,1,469,5,30,0
1990,21,1,0,0,0,1,198,5,35,0
1990,61,1,1,0,0,1,185,5,70,1
1990,30,1,1,0,0,1,186,3,48,0
1990,27,2,3,0,0,0,379,5,40,0
1990,67,1,1,0,0,1,0,0,0,0
1990,59,1,1,3,0,1,0,0,0,0
1990,42,1,0,0,0,1,26,5,50,1
1990,42,2,0,0,0,1,178,5,60,1
1990,27,2,1,0,0,1,406,4,30,0
1990,27,1,0,0,0,1,183,5,60,1
1990,25,2,0,0,0,1,183,5,20,1
1990,51,1,0,0,0,1,187,2,60,1
1990,46,2,0,0,0,1,193,5,24,0
1990,60,2,2,3,3,1,407,4,30,0
1990,49,1,0,0,0,1,178,5,50,1
1990,47,2,0,0,0,1,156,5,6,0
1990,44,2,0,0,0,1,243,3,40,1
1990,35,1,0,0,0,0,567,0,40,0
1990,54,1,2,0,0,1,22,5,55,1
1990,34,1,0,3,1,1,84,5,45,1
1990,27,2,0,3,3,1,18,4,30,0
1990,42,1,0,0,3,1,64,4,40,1
1990,37,2,0,0,3,1,33,4,0,0
1990,69,1,0,0,0,1,628,6,0,1
1990,65,2,0,0,0,1,0,0,0,0
1990,79,1,3,0,2,1,22,0,30,1
1990,62,1,1,0,0,1,22,4,32,0
1990,58,2,0,0,0,1,486,0,30,0
1990,61,1,0,0,0,1,178,5,40,1
1990,68,1,0,0,0,1,22,1,35,1
1990,61,2,0,0,0,1,0,0,0,0
1990,45,1,0,0,0,1,253,4,50,1
1990,31,2,0,0,0,1,7,4,40,1
1990,20,2,1,0,0,1,435,3,16,0
1990,55,2,2,0,0,1,197,2,25,0
1990,62,1,0,0,0,1,229,4,45,1
1990,61,2,0,0,0,1,0,0,0,0
1990,60,1,0,0,0,1,44,1,0,0
1990,58,2,0,0,0,0,348,2,0,0
1990,41,1,0,0,0,1,85,5,40,1
1990,43,2,0,0,2,1,0,0,0,0
1990,41,1,0,0,0,1,235,5,70,1
1990,44,2,0,0,0,1,22,5,45,0
1990,48,1,0,0,4,1,22,5,50,1
1990,49,2,0,0,0,1,243,1,50,1
1990,37,1,1,0,0,1,178,1,60,1
1990,60,1,0,0,0,1,188,4,0,0
1990,35,2,0,0,2,1,0,0,0,0
1990,64,1,0,0,0,1,154,5,40,1
1990,58,2,0,0,0,1,447,5,40,0
1990,23,1,1,0,0,1,274,3,30,0
1990,23,1,1,0,0,1,174,5,40,0
1990,19,1,1,0,0,1,379,4,20,0
1990,44,1,1,0,0,1,187,5,99,0
1990,24,2,1,0,0,1,186,5,60,0
1990,27,1,1,0,0,1,178,5,55,1
1990,25,1,1,0,0,1,23,5,40,0
1990,27,1,1,0,0,0,17,3,50,0
1990,25,1,1,0,0,1,178,5,45,0
1990,27,1,1,0,0,1,178,5,50,0
1990,45,2,1,0,0,1,156,5,35,1
1990,38,1,0,0,0,1,84,5,60,1
1990,37,2,0,0,0,1,154,5,25,0
1990,23,2,1,0,3,0,405,4,30,0
1990,38,2,1,0,0,1,329,5,40,0
1990,21,2,3,2,1,0,449,4,0,0
1990,20,1,1,2,1,0,579,4,0,0
1990,18,1,1,2,1,0,579,4,0,0
1990,26,1,1,2,1,0,436,3,40,0
1990,27,1,1,2,1,0,159,5,40,0
1990,21,1,1,2,1,1,0,0,0,0
1990,26,1,0,2,1,0,563,0,40,0
1990,23,2,0,2,1,0,0,0,0,0
1990,39,1,3,2,1,0,869,0,40,0
1990,64,1,0,1,0,0,426,4,40,0
1990,69,2,0,0,0,0,319,5,16,0
1990,38,1,0,0,1,0,709,1,40,0
1990,47,2,0,0,1,0,0,0,0,0
1990,34,1,1,0,1,0,0,0,0,0
1990,57,1,3,0,1,0,709,1,40,0
1990,24,2,3,1,0,1,308,6,40,0
1990,23,1,1,1,0,1,243,3,40,0
1990,24,1,0,0,3,0,647,3,48,0
1990,20,2,0,0,2,0,274,3,48,0
1990,33,1,0,0,1,1,276,3,40,0
1990,30,2,0,0,1,1,436,3,26,0
1990,28,1,1,0,0,1,37,5,46,0
1990,28,2,1,0,4,0,337,1,35,0
1990,42,1,0,3,3,1,44,1,40,0
1990,43,2,0,3,3,1,737,1,40,0
1990,26,1,1,0,0,0,809,4,40,0
1990,37,1,2,0,0,0,274,3,35,1
1990,43,1,0,0,2,0,804,3,40,0
1990,42,2,0,0,2,0,0,0,0,0
1990,20,1,1,0,1,0,0,0,0,0
1990,79,1,0,0,3,0,0,0,0,0
1990,68,2,0,0,3,0,444,5,40,0
1990,49,1,0,2,4,0,426,2,40,0
1990,45,2,0,2,4,0,0,0,0,0
1990,35,1,1,0,0,1,183,5,40,0
1990,41,2,3,0,1,1,208,5,0,0
1990,65,2,1,0,1,0,0,0,0,0
1990,35,1,1,3,1,0,684,1,40,0
1990,30,2,3,3,1,0,243,3,30,0
1990,30,2,0,0,0,1,99,5,47,0
1990,29,1,0,0,0,1,13,1,50,0
1990,65,2,2,0,2,1,0,0,0,0
1990,47,2,2,0,0,1,243,3,60,0
1990,28,1,1,0,2,0,773,5,40,0
1990,35,1,0,0,0,0,186,5,35,0
1990,30,2,0,0,0,1,185,4,0,0
1990,24,1,3,0,0,1,22,5,40,0
1990,31,1,3,0,0,1,187,5,40,0
1990,33,2,1,0,0,0,187,5,50,0
1990,45,1,3,0,2,0,505,4,40,0
1990,67,1,3,0,0,1,154,5,20,1
1990,34,1,1,2,1,1,17,3,40,0
1990,25,1,1,3,3,1,197,3,40,0
1990,71,1,1,0,0,0,0,0,0,0
1990,41,2,3,0,0,1,156,5,30,0
1990,22,1,1,0,0,1,387,5,0,0
1990,34,1,3,2,4,0,869,0,40,0
1990,29,1,1,0,0,1,53,0,40,0
1990,27,2,1,3,0,1,257,0,45,0
1990,25,2,2,0,0,1,37,4,40,0
1990,35,2,2,0,0,1,18,5,40,0
1990,32,1,0,0,0,1,533,5,40,0
1990,31,2,0,0,0,1,337,5,20,0
1990,32,1,0,2,1,1,217,6,40,0
1990,32,2,0,2,1,1,156,5,30,0
1990,34,1,0,3,3,1,678,5,70,0
1990,31,2,0,3,3,1,95,5,48,0
1990,63,2,3,3,3,0,0,0,0,0
1990,47,1,1,2,4,0,433,4,0,0
1990,27,2,1,1,0,0,276,3,40,0
1990,28,1,0,2,1,0,21,5,45,0
1990,21,2,0,2,1,0,628,1,25,0
1990,58,2,3,1,0,0,14,5,40,0
1990,34,1,1,1,0,0,883,3,40,0
1990,36,1,1,1,0,1,379,5,60,0
1990,40,1,3,1,0,0,348,2,0,0
1990,19,1,1,1,0,0,0,0,0,0
1990,79,2,3,0,0,0,0,0,0,0
1990,40,1,0,2,1,0,529,3,40,0
1990,25,2,0,2,1,0,683,3,40,0
1990,46,1,0,2,0,0,804,2,20,0
1990,32,2,0,2,4,0,888,1,40,0
1990,43,2,3,2,0,0,785,1,40,0
1990,27,1,1,2,0,0,486,0,40,0
1990,30,1,0,2,0,1,355,2,40,0
1990,29,2,0,2,0,0,447,5,40,0
1990,26,1,1,2,0,0,379,5,45,0
1990,47,1,3,0,0,0,779,1,99,0
1990,65,1,0,0,0,0,0,0,0,0
1990,64,2,0,0,0,0,676,1,40,0
1990,66,1,0,2,1,0,453,1,40,0
1990,53,2,0,2,1,0,0,0,0,0
1990,19,2,1,2,0,0,276,3,40,0
1990,35,1,0,3,3,1,235,2,40,0
1990,32,2,0,3,3,0,0,0,0,0
1990,57,2,2,0,0,1,337,4,0,0
1990,27,1,3,0,0,0,379,5,8,0
1990,56,1,0,0,1,0,453,5,40,0
1990,52,2,0,0,1,0,0,0,0,0
1990,34,1,2,0,1,0,703,1,40,0
1990,25,2,3,2,1,0,779,1,40,0
1990,23,2,1,2,1,0,777,3,40,0
1990,20,1,1,2,1,0,777,1,25,0
1990,55,2,3,2,1,0,466,5,30,0
1990,41,1,0,0,0,1,426,2,50,0
1990,28,2,0,0,0,1,274,3,40,0
1990,30,1,0,0,1,0,436,5,99,0
1990,29,2,0,0,1,1,744,1,40,0
1990,31,2,1,2,1,0,0,0,0,0
1990,39,1,0,0,0,1,257,2,40,0
1990,34,2,0,0,0,1,376,2,40,0
1990,38,2,1,0,0,0,435,3,24,0
1990,48,1,0,0,0,1,186,5,40,1
1990,53,2,0,0,0,0,0,0,0,0
1990,25,1,1,0,0,0,243,3,40,0
1990,28,2,2,0,0,0,243,3,40,0
1990,64,1,1,0,0,1,337,5,40,0
1990,61,1,0,0,0,1,178,5,35,1
1990,59,2,0,0,0,1,0,0,0,0
1990,30,1,1,0,0,1,305,3,45,0
1990,26,2,1,0,0,1,188,1,52,0
1990,33,2,1,0,0,1,379,4,40,0
1990,24,1,1,0,0,1,203,2,50,0
1990,26,2,1,0,0,1,156,5,35,0
1990,80,1,0,0,0,1,0,0,0,0
1990,79,2,0,0,0,1,0,0,0,0
1990,32,1,0,0,1,1,17,3,50,0
1990,32,2,0,0,0,1,64,4,40,0
1990,38,1,0,2,4,0,22,1,45,0
1990,33,2,0,2,0,0,777,1,99,0
1990,57,2,3,0,3,1,25,4,24,0
1990,55,1,3,0,4,0,769,1,0,0
1990,63,2,3,0,0,0,254,4,8,0
1990,43,1,1,0,0,0,379,1,8,0
1990,45,2,0,0,0,1,458,4,20,0
1990,46,1,0,0,3,1,308,5,40,1
1990,37,2,3,0,1,0,447,4,40,0
1990,18,1,1,0,1,0,0,0,0,0
1990,59,1,0,0,0,1,22,1,40,1
1990,59,2,0,0,0,0,313,5,40,0
1990,55,1,2,0,0,0,809,2,60,0
1990,38,1,0,0,2,0,0,0,0,0
1990,35,2,0,0,2,0,0,0,0,0
1990,31,1,0,1,0,0,268,3,45,0
1990,26,2,0,0,0,0,337,2,16,0
1990,42,2,0,2,1,0,799,1,40,0
1990,49,1,0,2,1,0,387,5,40,0
1990,23,2,2,2,1,0,276,3,24,0
1990,21,1,1,2,1,0,554,0,40,0
1990,18,2,1,2,1,0,276,3,16,0
1990,27,1,1,0,0,1,17,3,50,0
1990,30,1,0,0,0,0,364,3,40,0
1990,28,2,0,0,0,0,18,5,40,0
1990,63,2,3,0,0,0,313,4,40,0
1990,19,1,1,0,0,0,444,3,25,0
1990,36,2,0,0,0,0,458,4,50,0
1990,46,1,0,3,0,0,13,3,40,0
1990,63,1,1,0,0,0,426,5,70,0
1990,33,1,2,0,2,0,579,0,40,0
1990,68,1,0,0,0,1,259,1,40,1
1990,65,2,0,0,0,1,315,4,40,0
1990,60,1,0,0,0,1,318,2,35,0
1990,60,2,0,0,0,0,0,0,0,0
1990,30,1,1,0,3,1,229,4,40,1
1990,54,1,0,0,0,1,303,6,40,0
1990,51,2,0,0,0,0,0,0,0,0
1990,40,2,2,1,0,1,33,1,45,0
1990,37,2,2,0,1,0,628,1,40,0
1990,23,1,1,0,1,0,856,1,40,0
1990,21,1,1,0,1,0,888,1,40,0
1990,34,1,2,0,1,0,453,4,60,0
1990,30,1,1,0,1,1,55,1,40,0
1990,29,2,2,3,3,1,23,3,40,0
1990,46,1,0,0,0,1,157,5,40,0
1990,42,2,0,0,0,1,628,5,0,0
1990,57,2,2,0,2,0,313,4,40,0
1990,37,1,1,0,0,1,785,1,40,0
1990,31,1,0,2,1,0,637,1,45,0
1990,28,2,0,2,1,0,785,1,40,0
1990,38,2,2,2,1,0,435,3,28,0
1990,58,1,0,0,0,0,378,4,40,0
1990,47,2,0,0,0,0,335,1,40,0
1990,53,1,0,0,0,1,243,3,40,0
1990,49,2,0,0,0,0,243,3,32,0
1990,72,2,3,0,0,1,0,0,0,0
1990,65,2,3,0,0,0,336,3,0,0
1990,51,1,0,0,0,0,628,1,48,0
1990,52,2,0,0,0,0,0,0,0,0
1990,30,1,1,0,0,0,375,4,0,0
1990,25,1,1,0,0,0,22,1,55,0
1990,25,2,1,1,0,0,453,3,0,0
1990,26,1,1,1,0,0,453,5,0,0
1990,74,2,3,0,4,0,0,0,0,0
1990,34,2,0,0,0,0,266,3,0,0
1990,33,1,0,0,0,1,187,5,60,1
1990,38,1,0,1,1,1,269,3,40,0
1990,38,2,0,1,1,0,407,4,5,0
1990,40,2,2,1,0,1,13,5,40,0
1990,32,1,1,1,0,1,67,4,60,0
1990,56,1,0,0,1,0,668,4,60,0
1990,48,2,0,0,0,0,25,4,40,0
1990,23,1,1,0,0,1,579,5,40,0
1990,20,1,1,0,0,1,653,1,40,0
1990,22,1,1,0,0,0,567,1,40,0
1990,43,2,1,2,0,1,0,0,0,0
1990,21,1,1,2,0,0,804,3,40,0
1990,56,2,2,0,0,0,313,6,40,0
1990,32,1,1,0,4,0,783,1,40,0
1990,45,2,2,1,0,1,156,5,40,0
1990,75,2,3,0,0,0,0,0,0,0
1990,22,1,1,0,0,1,274,3,38,0
1990,29,2,1,0,0,1,453,5,40,0
1990,59,1,0,0,1,0,869,0,40,1
1990,54,2,0,0,1,0,683,1,52,0
1990,71,2,2,0,1,0,0,0,0,0
1990,69,2,3,0,0,0,315,3,0,0
1990,75,1,2,0,1,0,0,0,0,0
1990,55,1,2,0,0,0,216,4,55,1
1990,61,2,2,0,0,1,167,5,20,0
1990,39,1,1,0,0,1,199,5,25,0
1990,39,1,1,0,0,1,22,2,40,0
1990,39,1,3,1,0,0,356,4,40,0
1990,59,2,3,0,0,1,0,0,0,1
1990,35,1,1,0,0,1,259,0,40,0
1990,40,1,2,0,0,1,263,3,40,0
1990,43,2,2,0,0,1,37,0,45,0
1990,54,1,2,0,0,1,503,3,55,0
1990,28,1,1,0,0,1,505,4,40,0
1990,58,1,0,3,3,0,0,0,0,0
1990,58,2,0,3,3,0,744,1,40,0
1990,29,1,1,2,1,0,784,1,48,0
1990,22,1,1,2,1,0,784,4,40,0
1990,56,1,0,0,1,0,783,1,40,0
1990,43,2,0,0,1,0,785,1,40,0
1990,18,1,1,0,0,0,0,0,0,0
1990,29,1,0,2,1,0,869,0,40,0
1990,30,2,0,2,1,0,0,0,0,0
1990,48,1,0,0,2,1,637,1,80,0
1990,40,2,0,0,2,1,0,0,0,0
1990,38,1,0,2,1,1,889,1,40,0
1990,31,2,0,2,1,1,407,4,16,0
1990,35,1,0,0,0,1,13,3,55,0
1990,33,2,0,0,0,1,259,1,40,0
1990,49,2,3,3,3,1,95,5,40,0
1990,56,1,0,0,2,0,0,0,0,0
1990,46,2,0,0,2,0,647,1,0,0
1990,23,1,1,0,2,0,647,1,20,0
1990,33,1,0,2,1,0,785,1,40,0
1990,27,2,0,2,1,0,785,1,40,0
1990,52,2,0,0,0,0,628,1,40,0
1990,54,1,0,0,0,0,869,0,40,0
1990,19,2,1,0,0,1,319,5,0,0
1990,52,2,2,0,1,1,683,1,40,0
1990,25,1,1,2,1,0,486,0,40,0
1990,24,1,1,2,1,0,453,3,40,0
1990,20,2,1,2,1,0,0,0,0,0
1990,18,1,1,2,1,0,22,0,0,0
1990,48,2,3,2,1,0,0,0,0,0
1990,49,2,3,0,0,1,0,0,0,0
1990,30,2,2,0,0,1,276,3,40,0
1990,25,1,1,0,0,0,804,2,20,0
1990,25,1,2,0,0,0,614,0,40,0
1990,60,1,0,0,0,1,653,1,40,0
1990,55,2,0,0,0,1,335,1,20,0
1990,28,2,0,0,1,0,387,5,0,0
1990,31,1,0,0,1,0,486,0,30,0
1990,22,2,0,0,2,1,319,5,40,0
1990,22,1,0,0,0,0,337,4,40,0
1990,44,1,0,0,0,0,903,6,40,0
1990,40,2,0,0,0,0,319,5,40,0
1990,20,2,1,0,0,0,243,3,22,0
1990,80,2,3,0,0,1,0,0,0,0
1990,37,1,0,0,0,1,64,4,43,1
1990,33,2,0,0,0,1,203,5,32,0
1990,36,2,2,1,0,1,22,2,99,0
1990,33,2,0,2,0,1,197,2,45,1
1990,46,1,0,2,0,1,529,2,45,0
1990,59,1,0,0,0,0,783,4,0,0
1990,58,2,0,0,0,1,22,5,40,0
1990,42,1,1,0,0,0,444,3,40,0
1990,38,2,2,0,0,1,23,4,44,0
1990,35,1,3,0,0,0,0,0,0,0
1990,52,2,1,0,0,1,22,1,60,1
1990,21,2,1,0,0,1,283,4,40,0
1990,22,1,1,0,0,0,783,0,50,0
1990,18,2,1,0,0,0,283,4,0,0
1990,76,1,2,0,0,1,0,0,0,0
1990,30,1,0,0,0,0,523,4,50,0
1990,28,2,0,0,0,1,385,4,40,0
1990,45,1,0,0,1,0,485,5,50,0
1990,50,2,0,0,1,0,0,0,0,0
1990,20,1,1,0,1,0,486,0,40,0
1990,30,1,0,0,0,1,567,0,40,0
1990,32,2,0,0,0,1,185,4,40,0
1990,44,1,0,0,0,1,21,5,0,0
1990,43,2,0,0,0,0,0,0,0,0
1990,65,1,0,0,0,0,26,1,40,0
1990,47,2,0,0,0,0,313,4,40,0
1990,42,1,2,0,0,1,543,0,0,0
1990,40,2,2,0,0,1,259,1,40,0
1990,53,1,0,0,0,0,22,4,40,1
1990,53,2,0,2,1,0,0,0,0,0
1990,32,1,1,2,1,0,426,4,40,0
1990,34,2,1,2,1,0,407,4,40,0
1990,40,1,0,0,0,0,303,3,44,0
1990,41,2,0,0,0,1,207,5,40,0
1990,22,1,1,0,0,0,565,0,40,0
1990,18,1,1,0,0,0,877,3,20,0
1990,59,2,3,0,0,0,0,0,0,0
1990,59,1,0,2,0,0,0,0,0,0
1990,59,2,0,2,0,0,0,0,0,0
1990,32,2,1,2,0,0,889,2,40,0
1990,25,2,2,2,0,0,337,4,25,0
1990,36,1,2,0,0,1,869,0,40,0
1990,50,1,0,2,1,0,453,3,0,0
1990,42,2,0,2,1,0,785,1,40,0
1990,21,2,1,2,0,1,378,4,40,0
1990,20,2,1,2,0,1,337,2,23,0
1990,19,2,1,2,0,1,156,5,16,0
1990,36,1,2,0,0,1,259,1,40,1
1990,46,2,2,0,0,1,15,5,40,1
1990,43,1,2,0,0,1,156,5,40,0
1990,18,1,0,0,0,1,53,2,40,0
1990,18,2,0,0,0,1,156,5,24,0
1990,74,1,0,0,0,1,637,3,0,0
1990,73,2,0,0,0,1,0,0,0,0
1990,64,2,3,0,2,0,313,5,50,0
1990,59,2,3,0,0,1,156,5,40,0
1990,31,1,1,0,0,0,579,0,0,0
1990,67,1,0,0,2,0,0,0,0,0
1990,72,2,0,0,0,0,0,0,0,0
1990,60,2,3,0,0,0,0,0,0,0
1990,32,1,0,0,0,1,453,4,50,0
1990,32,2,0,0,0,1,315,5,50,1
1990,38,2,3,0,0,1,29,3,40,0
1990,29,2,1,2,0,1,628,1,45,0
1990,26,1,0,0,0,0,503,1,60,0
1990,29,2,0,0,1,0,307,1,0,0
1990,29,2,0,0,0,1,22,5,55,0
1990,34,1,0,0,0,1,517,2,50,0
1990,70,1,0,0,0,1,774,5,0,0
1990,68,2,0,0,0,1,0,0,0,0
1990,35,1,0,3,3,1,59,1,40,0
1990,34,2,0,3,3,0,316,6,40,0
1990,55,1,0,0,0,1,22,4,40,0
1990,52,2,0,0,0,1,379,2,30,0
1990,58,1,0,0,0,0,686,3,40,0
1990,55,2,0,0,0,0,0,0,0,0
1990,33,1,2,0,0,0,783,1,40,0
1990,38,2,0,0,0,1,95,5,40,0
1990,42,1,0,0,0,1,259,3,40,0
1990,45,1,0,0,0,1,22,0,60,0
1990,37,2,0,0,0,1,156,5,40,0
1990,64,2,3,0,0,1,0,0,0,0
1990,21,1,1,2,1,0,443,3,38,0
1990,32,2,0,2,1,0,0,0,0,0
1990,36,1,0,2,1,0,434,3,36,0
1990,27,1,1,2,1,0,434,3,36,0
1990,43,1,0,2,1,0,556,0,40,0
1990,48,2,0,2,1,0,888,4,40,0
1990,18,2,1,2,1,0,406,4,0,0
1990,32,1,0,0,0,1,25,4,40,0
1990,33,2,0,0,0,1,303,4,40,0
1990,73,1,0,0,0,0,0,0,0,0
1990,69,2,0,0,0,0,0,0,0,0
1990,73,2,3,0,0,0,0,0,0,0
1990,24,2,3,0,0,1,234,5,20,0
1990,41,2,3,0,0,0,313,0,40,0
1990,21,1,1,3,0,0,889,3,0,0
1990,20,2,1,3,0,0,163,5,0,0
1990,33,1,1,2,1,0,453,1,40,0
1990,40,2,2,2,1,0,444,5,30,0
1990,35,1,1,0,0,1,274,3,60,1
1990,44,2,1,0,0,1,274,3,60,0
1990,43,1,0,0,0,1,486,0,40,0
1990,41,2,0,0,0,0,276,3,0,0
1990,46,1,0,0,0,1,426,1,40,0
1990,39,2,0,3,3,0,0,0,0,0
1990,40,1,0,0,2,1,22,1,50,1
1990,40,2,0,0,2,0,313,5,40,0
1990,43,1,0,0,0,1,426,2,50,1
1990,41,2,0,0,0,1,95,5,24,0
1990,57,1,0,0,0,1,22,1,41,1
1990,57,2,0,0,0,1,186,5,5,0
1990,45,1,0,0,4,1,185,0,40,0
1990,36,2,0,0,4,0,36,4,40,0
1990,45,1,0,0,2,1,243,3,55,0
1990,44,2,0,0,0,1,313,5,3,0
1990,45,1,0,0,1,0,505,4,30,0
1990,40,2,0,0,1,0,744,1,38,0
1990,45,2,0,2,1,0,449,4,40,0
1990,45,1,0,2,1,0,565,0,40,0
1990,20,1,1,2,1,0,436,5,99,0
1990,18,1,1,2,1,0,443,3,99,0
1990,29,2,1,0,0,1,229,4,45,0
1990,65,1,0,0,0,1,634,1,0,0
1990,64,2,0,0,0,1,274,3,0,0
1990,30,1,1,0,1,0,505,4,40,0
1990,23,2,3,0,1,0,407,4,8,0
1990,36,1,1,0,0,1,44,1,40,0
1990,38,1,0,0,3,1,22,1,40,1
1990,34,2,0,0,3,1,243,3,40,0
1990,39,2,1,0,0,1,22,3,50,0
1990,75,1,0,0,0,0,0,0,0,0
1990,75,2,0,0,2,0,0,0,0,0
1990,70,1,3,0,0,1,0,0,0,0
1990,37,1,2,0,0,1,628,1,43,0
1990,28,1,1,0,0,1,796,1,40,0
1990,69,1,0,0,0,1,877,3,40,0
1990,67,2,0,0,0,0,0,0,0,0
1990,24,2,1,0,2,0,275,3,37,0
1990,36,1,0,0,2,0,243,3,60,0
1990,34,2,0,0,2,0,313,3,25,0
1990,33,1,0,0,3,1,17,3,50,0
1990,31,2,0,3,3,1,337,1,40,0
1990,61,1,0,0,0,1,613,0,0,1
1990,58,2,0,0,0,1,0,0,0,0
1990,66,1,2,0,0,0,186,5,0,0
1990,69,1,1,0,0,0,856,1,0,0
1990,64,2,2,0,0,0,0,0,0,0
1990,65,1,0,0,0,1,23,3,40,1
1990,48,2,0,0,0,0,376,4,37,0
1990,54,1,0,0,3,1,318,2,56,0
1990,49,2,0,0,3,1,185,1,0,0
1990,68,1,0,0,0,1,44,1,40,1
1990,61,2,0,0,0,1,254,0,40,1
1990,54,1,0,3,3,1,7,4,20,0
1990,50,2,0,3,3,1,243,3,40,0
1990,21,1,1,3,0,1,0,0,0,0
1990,42,2,2,0,0,1,84,5,45,1
1990,33,1,1,0,0,0,558,0,50,0
1990,37,1,0,0,0,1,243,3,40,0
1990,36,2,0,0,0,1,909,6,0,0
1990,53,2,1,0,0,0,447,4,0,0
1990,55,1,0,0,0,1,44,1,40,1
1990,54,2,0,0,0,1,259,1,39,0
1990,23,1,1,3,3,1,505,4,20,0
1990,21,1,1,3,3,1,0,0,0,0
1990,71,2,3,0,0,0,0,0,0,0
1990,67,1,0,0,0,1,183,4,40,1
1990,66,2,0,0,0,1,0,0,0,0
1990,42,1,0,0,0,1,274,6,60,1
1990,41,2,0,0,0,0,315,6,20,0
1990,40,1,0,3,3,1,95,5,40,0
1990,40,2,0,3,3,1,95,5,40,0
1990,63,2,3,3,3,1,0,0,0,0
1990,30,1,0,3,0,1,0,0,0,0
1990,26,2,0,3,3,1,446,5,40,0
1990,30,1,3,3,3,0,0,0,0,0
1990,33,1,0,3,3,1,229,4,35,0
1990,32,2,0,3,3,1,385,3,0,0
1990,66,1,0,0,0,1,259,3,4,0
1990,44,2,0,0,0,0,319,4,40,0
1990,49,1,2,0,0,1,66,4,72,1
1990,56,1,2,0,0,1,22,3,50,1
1990,19,1,1,0,0,1,164,5,0,0
1990,53,2,2,0,0,0,7,4,40,0
1990,19,1,1,0,0,0,364,3,20,0
1990,24,2,1,0,0,0,386,1,40,0
1990,72,1,0,0,2,1,26,5,5,0
1990,67,2,0,0,2,1,316,4,40,0
1990,27,1,1,0,0,1,274,3,40,0
1990,54,1,2,0,0,1,24,4,43,0
1990,25,1,1,0,0,1,276,3,20,0
1990,25,1,1,0,0,1,44,1,40,0
1990,42,1,0,0,0,1,508,2,40,0
1990,41,2,0,0,0,1,313,5,40,0
1990,57,1,0,3,3,1,628,2,40,1
1990,48,2,0,3,3,0,0,0,0,0
1990,21,2,1,3,0,1,274,3,35,0
1990,79,2,3,0,0,0,0,0,0,0
1990,74,2,3,0,0,1,95,5,40,0
1990,41,1,1,0,0,1,754,3,40,0
1990,39,1,1,0,0,0,426,3,30,0
1990,36,2,1,0,0,1,84,5,40,0
1990,62,2,2,0,0,1,313,5,0,0
1990,29,1,1,0,0,1,154,5,20,0
1990,65,1,1,0,0,0,509,0,40,0
1990,41,1,0,0,0,1,259,3,50,1
1990,41,2,0,0,0,1,14,5,40,0
1990,42,1,2,0,0,1,507,2,41,0
1990,60,1,2,0,0,1,156,5,35,1
1990,64,1,0,0,0,1,696,1,40,0
1990,64,2,0,0,0,0,0,0,0,0
1990,43,1,0,0,0,1,243,3,40,1
1990,46,2,0,0,0,0,267,3,40,0
1990,41,1,0,0,0,1,22,1,45,0
1990,39,2,0,0,0,1,22,5,45,1
1990,72,1,0,0,0,0,254,4,0,0
1990,38,2,1,0,0,0,335,5,0,0
1990,35,1,3,1,0,0,436,3,50,0
1990,48,1,0,0,1,0,22,0,60,1
1990,46,2,0,0,0,0,22,0,30,1
1990,61,1,0,1,0,0,804,2,40,0
1990,45,2,0,1,0,0,377,5,40,0
1990,40,1,0,3,3,0,8,1,15,0
1990,41,2,0,3,3,0,0,0,0,0
1990,78,1,3,0,2,0,0,0,0,0
1990,65,1,0,0,0,1,55,2,0,0
1990,61,2,0,0,0,1,0,0,0,0
1990,55,1,0,0,0,1,276,3,40,0
1990,56,2,0,0,0,0,27,4,40,0
1990,27,1,1,0,0,1,355,2,40,0
1990,59,1,0,0,0,1,55,1,40,1
1990,50,2,0,0,0,1,13,1,40,0
1990,27,2,2,0,0,0,456,5,10,0
1990,72,1,0,0,0,0,869,0,40,0
1990,80,2,0,0,0,0,0,0,0,0
1990,68,1,0,0,0,1,55,5,0,0
1990,69,2,0,0,0,0,0,0,0,0
1990,30,2,1,3,3,1,0,0,0,0
1990,26,1,1,1,0,1,436,3,20,0
1990,49,1,0,0,0,1,156,5,45,1
1990,34,2,0,0,0,1,0,0,0,0
1990,24,1,1,1,0,1,26,5,15,0
1990,22,1,1,1,0,0,14,5,25,0
1990,19,1,1,1,0,0,373,3,30,0
1990,19,1,1,1,0,0,0,0,0,0
1990,22,1,1,1,3,1,223,1,40,0
1990,33,2,1,0,0,1,389,4,40,0
1990,52,2,3,0,0,1,157,5,50,0
1990,21,2,1,3,3,0,0,0,0,0
1990,24,2,1,3,3,1,0,0,0,0
1990,22,1,3,0,0,1,203,5,40,0
1990,24,1,1,2,0,1,373,3,40,0
1990,24,1,1,0,0,1,426,5,25,0
1990,22,1,1,0,0,1,274,3,40,0
1990,39,1,0,0,3,0,585,0,40,0
1990,32,2,0,1,0,0,276,4,40,0
1990,43,1,0,3,3,0,443,3,40,0
1990,42,2,0,3,3,0,435,3,30,0
1990,32,2,1,0,0,1,313,5,40,0
1990,43,1,0,0,0,0,257,0,50,1
1990,48,2,0,0,1,1,37,5,40,0
1990,65,1,2,0,0,1,0,0,0,0
1990,32,2,1,3,3,1,274,3,60,0
1990,28,2,1,3,3,1,274,3,40,0
1990,26,1,0,0,0,1,549,3,44,0
1990,25,2,0,0,0,1,319,3,36,0
1990,32,1,2,0,0,0,224,1,40,0
1990,32,1,0,2,0,1,22,5,50,1
1990,33,2,0,2,0,1,84,5,40,0
1990,54,1,1,0,0,0,637,1,40,0
1990,52,1,2,0,0,0,549,1,40,0
1990,76,2,3,0,0,0,0,0,0,0
1990,74,2,0,0,0,1,0,0,0,0
1990,73,1,0,0,0,1,136,5,0,1
1990,35,2,0,0,0,1,95,5,0,0
1990,37,1,0,0,0,1,156,5,40,0
1990,41,1,0,0,1,0,597,0,40,0
1990,36,2,0,0,0,0,0,0,0,0
1990,20,2,1,0,0,0,313,4,37,0
1990,19,2,1,0,0,0,486,0,20,0
1990,60,1,3,0,0,1,44,1,40,1
1990,68,2,0,0,0,1,462,4,20,0
1990,72,1,0,0,0,1,189,5,6,0
1990,37,2,3,3,3,1,447,5,80,0
1990,66,2,0,3,3,1,447,5,64,0
1990,68,1,0,3,3,1,426,4,0,0
1990,22,2,1,0,0,1,385,5,40,0
1990,22,1,1,0,0,0,657,3,50,0
1990,34,1,0,0,0,1,558,0,80,0
1990,29,2,0,0,0,1,337,5,35,0
1990,74,1,3,0,0,1,536,4,10,0
1990,79,1,0,0,2,0,0,0,0,0
1990,74,2,0,0,2,0,0,0,0,0
1990,33,1,2,0,2,0,889,2,40,0
1990,29,1,0,1,0,1,869,0,60,0
1990,28,2,0,0,0,0,313,5,40,1
1990,54,1,2,0,0,1,53,0,40,1
1990,48,2,2,0,0,0,379,1,40,0
1990,31,1,0,0,0,1,22,1,65,0
1990,28,2,0,3,3,0,276,4,0,0
1990,70,1,2,0,3,0,243,3,60,0
1990,59,2,2,0,3,0,27,3,0,0
1990,39,1,0,0,2,1,575,2,40,0
1990,36,2,0,0,2,0,666,4,40,0
1990,20,2,1,2,1,0,744,1,40,0
1990,29,2,1,2,1,0,744,1,40,0
1990,18,1,1,2,1,0,744,1,40,0
1990,31,1,1,2,1,0,883,1,40,0
1990,69,1,0,0,0,0,628,1,0,0
1990,65,2,0,0,0,1,0,0,0,0
1990,61,2,3,0,0,1,0,0,0,0
1990,34,2,1,0,0,1,37,4,40,0
1990,75,2,3,0,0,0,276,3,9,0
1990,34,1,0,0,3,1,243,3,40,0
1990,27,2,0,0,3,0,185,3,12,0
1990,30,1,0,0,3,1,84,5,99,1
1990,29,2,0,0,3,1,84,5,99,0
1990,31,1,0,0,0,1,229,4,40,0
1990,36,2,0,2,1,1,234,4,52,0
1990,20,1,1,0,0,0,888,3,40,0
1990,35,1,0,0,0,1,255,4,40,1
1990,26,2,0,0,0,1,458,1,0,0
1990,56,1,0,2,1,0,479,0,40,0
1990,50,2,0,2,1,0,0,0,0,0
1990,25,1,1,2,1,1,436,3,50,0
1990,24,1,1,2,1,0,435,3,60,0
1990,22,1,1,2,1,0,436,3,48,0
1990,21,1,1,2,1,0,436,1,70,0
1990,26,1,0,0,0,0,575,4,0,0
1990,27,2,0,3,0,0,376,3,40,0
1990,28,1,0,0,0,0,267,3,55,0
1990,22,2,0,0,0,0,628,1,48,0
1990,73,1,0,0,0,1,0,0,0,0
1990,70,2,0,0,0,0,0,0,0,0
1990,62,1,0,0,0,0,259,3,40,0
1990,62,2,0,0,0,0,0,0,0,0
1990,73,1,0,0,0,0,0,0,0,0
1990,66,2,0,0,0,0,337,5,40,0
1990,77,2,3,0,2,0,0,0,0,0
1990,40,1,0,0,3,1,453,4,42,1
1990,32,2,0,0,3,0,0,0,0,0
1990,56,1,0,0,0,1,65,1,40,1
1990,52,2,0,0,0,0,336,5,38,0
1990,24,1,3,0,0,1,276,3,40,0
1990,45,1,0,0,0,1,18,4,60,0
1990,45,2,0,2,3,1,337,5,0,0
1990,20,1,1,2,0,1,379,4,40,0
1990,29,1,1,0,0,1,187,2,50,1
1990,25,2,1,0,0,1,187,5,40,1
1990,42,1,0,0,2,1,22,3,70,1
1990,36,2,0,0,0,1,0,0,0,0
1990,43,2,1,3,3,0,453,3,40,0
1990,75,1,0,0,0,0,254,0,32,0
1990,71,2,0,0,0,1,187,5,22,0
1990,43,2,2,0,2,1,37,4,40,1
1990,18,2,1,0,0,0,0,0,0,0
1990,61,2,0,0,0,1,167,5,0,0
1990,68,1,0,0,0,0,628,1,0,0
1990,55,1,0,0,0,1,178,5,60,1
1990,48,2,0,0,0,1,0,0,0,0
1990,63,1,0,0,0,0,17,4,84,0
1990,75,2,0,3,3,0,407,4,0,0
1990,70,1,0,0,0,1,0,0,0,0
1990,67,2,0,0,0,0,0,0,0,0
1990,40,1,3,0,0,1,22,5,45,0
1990,20,2,1,0,0,1,0,0,0,0
1990,61,2,0,0,2,1,25,1,30,0
1990,66,1,0,0,0,1,33,1,40,1
1990,72,1,3,0,0,1,145,5,16,1
1990,18,2,1,3,0,0,373,3,40,0
1990,18,1,1,3,0,1,453,3,25,0
1990,20,1,1,3,0,1,426,5,0,0
1990,18,1,1,3,3,0,308,5,24,0
1990,29,1,1,0,0,1,889,1,0,0
1990,20,1,1,3,4,1,785,1,5,0
1990,28,1,3,0,4,1,23,4,40,1
1990,20,1,1,3,0,0,338,5,4,0
1990,20,1,1,3,3,0,329,5,15,0
1990,20,1,1,3,0,0,389,5,10,0
1990,71,1,0,0,0,1,53,3,18,0
1990,71,2,0,0,0,1,0,0,0,0
1990,39,1,0,3,3,1,0,0,0,0
1990,35,2,0,3,3,1,0,0,0,0
1990,63,2,3,0,0,1,185,4,40,1
1990,39,2,0,0,0,1,178,5,40,1
1990,72,1,0,0,0,1,84,5,0,0
1990,77,2,3,0,0,0,0,0,0,0
1990,51,1,2,0,0,1,22,4,65,1
1990,19,1,1,0,0,1,389,4,40,0
1990,48,2,2,0,0,1,254,4,50,0
1990,32,1,1,0,0,1,255,4,30,0
1990,22,1,1,0,0,1,804,5,20,0
1990,22,1,1,0,0,1,804,5,20,0
1990,23,1,1,0,0,1,357,5,20,0
1990,23,1,1,0,0,1,804,5,20,0
1990,55,1,0,0,0,1,26,5,40,1
1990,42,2,0,0,0,0,386,0,40,0
1990,41,1,2,0,2,1,178,5,0,0
1990,23,2,1,0,0,1,254,4,35,0
1990,44,2,1,0,0,1,315,4,45,1
1990,41,1,1,0,0,1,575,5,40,0
1990,37,1,3,0,1,0,274,3,20,0
1990,27,1,1,0,1,0,887,3,48,0
1990,21,1,1,0,1,0,276,3,30,0
1990,19,1,1,0,1,0,443,3,33,0
1990,29,2,1,0,2,1,78,5,40,0
1990,28,1,1,0,0,1,44,1,40,0
1990,26,1,1,0,0,1,178,5,36,0
1990,28,1,1,0,0,1,22,1,90,0
1990,36,1,0,1,0,1,695,2,48,0
1990,36,2,0,1,2,1,155,5,69,0
1990,64,1,0,0,0,1,0,0,0,0
1990,68,2,0,0,0,1,0,0,0,0
1990,59,2,0,0,0,1,197,5,40,1
1990,58,1,0,0,2,1,22,5,62,1
1990,78,2,3,0,0,0,0,0,0,0
1990,78,2,3,0,0,0,0,0,0,0
1990,52,1,0,0,0,1,243,3,55,1
1990,47,2,0,0,0,1,234,5,25,0
1990,52,2,2,0,0,1,203,5,50,0
1990,25,2,1,0,0,1,756,1,40,0
1990,28,2,1,0,0,1,195,0,40,0
1990,62,1,0,0,0,1,29,3,60,1
1990,54,2,0,0,0,1,243,3,60,1
1990,34,2,1,0,0,1,84,5,40,0
1990,63,1,0,0,0,1,259,3,35,1
1990,43,2,0,0,0,1,0,0,0,0
1990,77,2,3,0,2,0,0,0,0,0
1990,45,2,2,0,2,1,22,3,40,0
1990,51,2,2,0,2,1,313,5,36,0
1990,28,2,1,0,0,0,313,0,40,0
1990,40,1,0,0,0,1,514,6,48,0
1990,36,2,0,0,0,1,337,3,40,0
1990,39,2,3,2,0,0,734,1,0,0
1990,59,2,3,2,0,0,0,0,0,0
1990,51,1,2,2,0,0,777,1,0,0
1990,46,2,2,0,0,0,434,3,0,0
1990,47,1,0,0,0,1,243,3,46,1
1990,46,2,0,0,0,1,316,4,50,1
1990,46,1,2,0,0,1,337,5,30,0
1990,60,1,1,0,0,1,156,5,30,0
1990,80,2,3,0,0,0,744,1,0,0
1990,45,1,1,0,0,1,418,6,40,0
1990,44,1,0,2,1,0,567,0,40,0
1990,45,2,0,2,1,0,0,0,0,0
1990,67,1,0,0,0,0,803,2,30,0
1990,63,2,0,0,0,1,379,2,0,0
1990,30,1,1,0,0,0,804,2,27,0
1990,43,1,0,0,0,1,575,2,40,1
1990,38,2,0,0,0,1,337,2,40,0
1990,61,1,0,0,0,0,243,3,50,0
1990,58,2,0,0,0,0,263,3,20,0
1990,26,2,1,2,0,1,447,5,40,0
1990,37,2,2,0,0,1,18,4,0,0
1990,72,2,3,1,0,0,0,0,0,0
1990,43,2,2,0,2,1,337,0,40,0
1990,20,1,1,0,2,0,163,5,8,0
1990,59,2,2,0,0,0,15,5,40,0
1990,35,1,2,0,0,1,869,0,40,0
1990,24,2,2,0,0,1,385,5,40,0
1990,75,1,3,0,0,0,0,0,0,0
1990,76,2,3,0,0,0,0,0,0,0
1990,30,1,1,0,0,1,23,5,40,0
1990,29,1,1,0,3,1,66,4,40,0
1990,63,2,3,0,0,0,64,1,40,0
1990,73,1,3,0,0,1,0,0,0,0
1990,44,1,3,0,0,1,178,5,65,1
1990,51,2,2,0,2,1,318,2,48,0
1990,24,1,1,0,0,1,549,3,40,0
1990,27,1,3,0,0,1,523,3,50,0
1990,39,1,0,0,0,1,178,5,72,1
1990,38,2,0,0,0,1,163,5,0,0
1990,24,2,1,0,1,0,407,4,30,0
1990,21,1,1,0,1,0,889,4,40,0
1990,24,1,0,0,0,1,208,5,40,0
1990,27,2,0,0,0,0,337,3,40,0
1990,61,2,2,0,2,1,174,4,40,0
1990,40,2,1,0,0,0,235,2,36,0
1990,65,2,2,0,0,0,313,5,15,0
1990,30,1,1,0,0,1,259,3,48,1
1990,52,1,0,3,0,1,96,5,40,0
1990,48,2,0,3,0,1,0,0,0,0
1990,45,1,3,2,1,0,486,0,40,0
1990,19,1,1,2,1,0,486,0,40,0
1990,43,1,3,2,1,0,585,0,30,0
1990,19,1,1,2,1,0,486,0,30,0
1990,29,1,1,0,2,0,436,3,47,0
1990,34,2,1,0,2,1,27,4,40,0
1990,36,2,1,0,0,1,22,4,72,0
1990,27,2,1,0,0,1,359,2,60,0
1990,30,1,1,0,0,1,337,2,50,0
1990,32,1,1,0,0,1,185,1,40,0
1990,33,2,2,0,0,1,363,5,50,0
1990,67,1,3,0,2,0,486,0,20,0
1990,68,2,3,0,0,1,336,5,0,0
1990,35,1,1,3,0,1,174,6,50,0
1990,26,1,1,0,0,1,178,5,40,0
1990,29,1,1,1,0,0,243,3,40,0
1990,70,1,0,0,0,0,0,0,0,0
1990,65,2,0,0,0,0,469,5,0,0
1990,40,1,0,3,3,1,22,5,40,0
1990,33,2,0,3,3,1,0,0,0,0
1990,57,1,0,0,0,0,804,4,40,0
1990,53,2,0,0,0,0,315,4,24,0
1990,20,1,1,0,0,0,274,3,32,0
1990,58,1,1,0,1,1,17,3,40,0
1990,54,2,2,0,1,0,486,0,40,0
1990,49,1,3,0,1,1,769,1,40,0
1990,19,2,1,0,0,0,0,0,0,0
1990,29,2,2,0,0,1,156,5,35,0
1990,38,1,1,0,0,1,174,5,40,0
1990,42,1,0,0,0,1,23,6,40,1
1990,42,2,0,0,0,1,23,6,40,0
1990,76,2,0,0,0,0,0,0,0,0
1990,61,2,3,0,0,0,0,0,0,0
1990,36,1,0,0,0,1,43,1,60,1
1990,31,2,0,0,0,1,563,0,40,0
1990,36,1,0,0,0,0,13,1,40,1
1990,41,2,0,0,0,1,283,3,15,0
1990,27,1,1,0,2,1,55,1,60,0
1990,42,2,0,0,0,1,337,3,40,0
1990,50,1,0,0,0,1,228,4,15,0
1990,41,2,2,0,2,1,315,4,12,0
1990,66,1,0,0,2,0,804,1,0,0
1990,59,2,0,0,0,0,0,0,0,0
1990,28,2,1,0,0,1,23,5,50,0
1990,39,2,2,0,0,1,354,2,35,0
1990,45,1,0,0,1,0,436,1,40,0
1990,54,2,0,0,1,0,449,6,10,0
1990,22,1,1,0,1,1,443,3,20,0
1990,20,1,1,0,1,1,443,3,20,0
1990,52,1,3,0,1,0,486,0,25,0
1990,30,2,1,0,0,1,313,4,35,0
1990,31,2,1,0,0,1,308,1,40,0
1990,23,1,1,0,1,0,453,4,40,0
1990,25,2,1,0,2,1,95,5,40,0
1990,26,1,1,0,0,1,29,3,40,0
1990,52,2,2,0,0,1,167,5,40,0
1990,73,2,3,0,0,1,0,0,0,0
1990,62,2,2,0,0,1,487,0,55,1
1990,60,2,1,0,0,1,313,5,0,0
1990,47,1,0,0,0,1,154,5,60,0
1990,42,2,0,0,1,1,174,5,50,0
1990,55,1,2,0,0,1,25,4,40,1
1990,36,2,2,2,1,0,683,1,40,0
1990,60,1,0,1,0,0,588,0,40,0
1990,47,2,0,1,0,0,689,1,40,0
1990,65,1,0,3,0,0,647,4,40,0
1990,55,2,0,3,3,1,319,5,40,0
1990,22,1,1,3,0,1,357,4,10,0
1990,66,1,1,0,0,0,453,1,40,0
1990,31,1,0,3,3,1,185,1,48,1
1990,37,2,0,3,3,1,22,1,48,0
1990,59,1,0,3,0,0,505,3,48,0
1990,54,2,0,3,0,0,337,3,40,0
1990,34,1,0,2,1,0,8,4,40,0
1990,38,2,0,2,1,0,785,1,0,0
1990,50,1,2,0,0,0,595,0,50,0
1990,30,1,0,3,3,1,0,0,0,0
1990,25,2,0,3,2,1,0,0,0,0
1990,31,1,0,3,3,1,579,0,45,0
1990,24,2,0,3,3,1,0,0,0,0
1990,38,2,2,3,1,0,27,3,40,0
1990,43,1,0,0,0,1,253,4,40,1
1990,43,2,0,0,0,1,155,5,22,0
1990,30,1,0,0,0,0,796,4,40,0
1990,30,2,0,2,0,1,313,1,40,0
1990,31,1,1,0,0,0,637,4,40,0
1990,64,2,2,0,0,1,274,3,34,0
1990,24,1,0,1,0,0,379,5,40,0
1990,23,2,0,1,0,0,533,1,40,0
1990,41,1,0,0,1,0,785,1,40,0
1990,45,2,0,0,0,0,889,1,40,0
1990,27,1,1,0,0,0,243,3,40,0
1990,27,1,0,0,0,1,505,3,40,0
1990,25,2,0,2,0,1,22,1,40,0
1990,26,1,0,2,1,0,514,4,40,0
1990,26,2,0,2,1,1,313,5,0,0
1990,22,1,1,2,1,0,514,4,40,0
1990,24,1,1,2,1,1,514,4,40,0
1990,27,1,2,0,0,1,418,6,40,0
1990,47,1,0,0,1,0,719,1,36,0
1990,37,2,0,0,1,0,779,3,0,0
1990,41,1,0,0,1,0,779,1,40,0
1990,35,2,0,0,1,0,785,1,40,0
1990,72,1,0,0,1,0,727,1,0,0
1990,58,2,0,0,1,0,0,0,0,0
1990,23,2,1,0,1,0,0,0,0,0
1990,23,2,1,0,1,0,0,0,0,0
1990,19,2,1,0,1,0,0,0,0,0
1990,58,1,0,0,1,0,518,3,40,0
1990,55,2,0,0,1,0,889,3,25,0
1990,20,2,1,0,0,1,313,5,0,0
1990,18,1,1,0,0,0,0,0,0,0
1990,75,2,3,0,0,0,0,0,0,0
1990,52,1,3,0,1,1,22,1,70,0
1990,23,1,0,2,1,0,785,2,40,0
1990,21,2,0,2,1,0,0,0,0,0
1990,24,1,1,1,0,0,617,0,30,0
1990,24,2,1,1,0,1,234,6,40,0
1990,47,2,3,1,0,0,436,5,30,0
1990,25,1,3,1,4,0,777,1,40,0
1990,40,2,2,2,1,1,436,1,17,0
1990,62,2,3,2,1,0,0,0,0,0
1990,50,1,0,0,0,0,303,2,40,0
1990,49,2,0,0,1,1,468,5,20,0
1990,69,1,0,0,0,1,0,0,0,0
1990,67,2,0,0,0,0,0,0,0,0
1990,39,1,3,1,0,1,308,3,40,0
1990,76,2,3,2,1,0,0,0,0,0
1990,43,1,3,0,0,1,259,3,50,1
1990,49,1,2,0,0,1,845,2,48,1
1990,65,1,0,0,0,1,157,5,0,0
1990,60,2,0,3,3,1,0,0,0,0
1990,29,1,0,2,1,0,779,1,55,0
1990,24,2,0,2,1,0,457,4,30,0
1990,64,1,3,0,0,0,883,2,0,0
1990,34,2,2,0,0,0,0,0,0,0
1990,29,1,1,0,0,0,407,4,10,0
1990,53,1,1,0,0,0,243,3,40,0
1990,77,2,3,0,2,0,0,0,0,0
1990,43,1,1,0,0,0,0,0,0,0
1990,72,2,3,0,0,0,467,5,30,0
1990,64,1,2,0,0,1,17,3,40,0
1990,57,2,2,0,0,1,17,3,40,0
1990,23,2,1,3,0,1,276,3,32,0
1990,47,1,0,0,0,0,533,5,16,0
1990,47,2,0,0,2,0,208,5,48,0
1990,24,1,1,0,0,1,274,3,16,0
1990,42,1,0,0,0,1,22,6,50,1
1990,40,2,0,0,0,1,156,5,20,0
1990,33,1,0,0,0,1,809,2,65,1
1990,31,2,0,0,0,1,0,0,0,0
1990,54,1,0,0,0,1,44,1,40,0
1990,54,2,0,0,2,0,313,5,40,0
1990,74,2,0,0,0,0,0,0,0,0
1990,24,2,1,0,1,1,188,4,35,0
1990,47,2,3,0,1,0,744,1,40,0
1990,44,1,0,0,0,1,365,6,50,0
1990,41,2,0,0,0,0,313,5,9,0
1990,45,1,0,0,2,1,695,2,40,0
1990,40,2,0,0,0,0,0,0,0,0
1990,22,2,1,0,0,1,229,2,25,0
1990,19,1,1,0,0,0,735,1,20,0
1990,69,2,3,0,0,1,14,5,20,0
1990,71,2,3,1,0,0,0,0,0,0
1990,29,1,1,2,1,0,688,1,40,0
1990,26,2,1,2,1,0,189,4,20,0
1990,34,1,0,0,0,1,645,1,40,0
1990,34,2,0,0,0,0,0,0,0,0
1990,51,1,0,0,0,1,9,1,40,0
1990,42,2,0,0,0,1,22,1,48,0
1990,64,1,0,0,0,0,804,2,0,0
1990,59,2,0,0,0,0,319,4,40,0
1990,45,1,0,0,0,1,203,5,40,0
1990,44,2,0,0,0,0,0,0,0,0
1990,25,1,1,0,0,0,486,0,20,0
1990,31,1,2,1,0,0,414,6,40,0
1990,33,2,2,1,0,0,274,3,40,0
1990,61,1,2,0,0,1,22,1,40,0
1990,29,1,1,0,0,1,575,0,40,0
1990,38,1,2,0,0,1,796,1,60,0
1990,31,1,1,0,0,0,869,0,48,0
1990,38,1,0,3,3,1,796,2,40,0
1990,37,2,0,3,3,0,683,2,40,0
1990,30,1,1,3,3,1,229,5,40,0
1990,44,2,2,1,1,1,15,5,40,0
1990,22,2,1,1,1,0,785,1,0,0
1990,41,2,1,1,1,0,315,6,40,0
1990,32,1,1,1,0,1,689,2,40,0
1990,26,1,1,1,0,1,803,2,40,0
1990,25,1,3,1,0,1,856,3,40,0
1990,68,2,0,0,0,1,315,5,37,0
1990,70,1,0,0,0,0,889,3,10,0
1990,58,1,0,0,0,1,35,3,16,0
1990,57,2,0,0,0,1,17,3,36,0
1990,29,1,1,0,0,0,243,3,40,0
1990,80,2,3,0,0,0,0,0,0,0
1990,42,1,2,0,0,0,18,0,40,0
1990,65,1,2,0,2,1,43,5,40,0
1990,30,1,0,0,0,1,523,6,40,0
1990,35,2,0,3,3,0,264,3,60,0
1990,34,1,0,0,0,1,216,3,40,0
1990,29,2,0,0,0,0,407,4,0,0
1990,76,2,3,0,0,0,0,0,0,0
1990,75,2,0,0,0,0,0,0,0,0
1990,75,1,0,0,0,0,0,0,0,0
1990,48,2,2,0,0,1,25,4,40,0
1990,38,1,1,0,0,1,55,5,40,0
1990,32,1,1,0,0,1,254,4,60,1
1990,33,1,1,0,0,1,387,5,20,0
1990,26,1,1,0,0,1,254,4,60,0
1990,33,1,0,3,3,0,243,3,40,1
1990,36,2,0,3,3,0,276,3,40,0
1990,47,1,0,0,0,1,759,3,60,0
1990,49,2,0,0,0,1,25,4,55,1
1990,27,1,1,3,3,1,64,1,40,0
1990,68,2,3,3,3,0,0,0,0,0
1990,77,2,0,0,0,0,0,0,0,0
1990,46,1,0,3,3,1,203,5,50,0
1990,41,2,0,3,3,1,379,2,40,0
1990,21,1,1,3,3,0,0,0,0,0
1990,19,1,1,3,3,0,0,0,0,0
1990,41,1,0,0,1,0,804,2,30,0
1990,31,2,0,0,1,0,453,0,40,0
1990,39,1,0,3,3,1,355,2,0,0
1990,39,2,0,3,3,1,205,5,0,0
1990,27,2,1,1,0,0,269,3,0,0
1990,34,1,1,1,0,1,883,1,66,0
1990,37,2,0,2,1,0,856,2,40,0
1990,30,1,0,2,0,0,877,3,40,0
1990,62,1,0,2,1,0,549,3,30,0
1990,63,2,0,2,1,0,0,0,0,0
1990,79,2,3,0,0,0,0,0,0,0
1990,24,1,0,0,0,1,523,6,99,0
1990,26,2,0,0,0,0,434,3,30,0
1990,44,1,0,3,3,1,534,2,40,0
1990,34,2,0,3,3,1,384,5,40,0
1990,35,1,3,2,1,0,628,1,40,0
1990,36,2,3,2,4,0,628,1,40,0
1990,55,1,2,0,0,0,804,2,40,0
1990,43,1,0,2,1,1,0,0,0,0
1990,30,2,0,2,1,0,243,3,40,0
1990,36,1,0,1,4,0,447,5,32,0
1990,34,2,0,1,4,0,308,1,0,0
1990,34,1,3,0,1,0,804,2,40,0
1990,69,2,3,0,0,0,337,4,50,0
1990,69,1,0,0,0,1,0,0,0,1
1990,62,2,0,0,0,0,0,0,0,0
1990,72,2,3,0,2,0,0,0,0,0
1990,37,1,0,0,0,0,597,0,40,0
1990,35,2,0,0,0,0,275,4,0,0
1990,41,2,2,0,0,1,463,2,14,0
1990,21,2,1,0,0,1,383,4,30,0
1990,67,2,2,0,0,1,308,2,40,0
1990,38,2,0,0,0,1,0,0,0,0
1990,38,1,0,0,0,1,259,3,50,0
1990,19,1,1,0,0,0,383,4,25,0
1990,18,1,1,0,0,1,318,2,15,0
1990,68,1,0,0,0,1,0,0,0,0
1990,62,2,0,0,0,1,313,1,40,0
1990,19,2,1,3,3,1,276,5,20,0
1990,52,2,3,3,3,0,469,3,0,0
1990,32,1,3,3,3,0,505,3,40,0
1990,32,1,0,3,3,0,869,0,40,0
1990,24,2,0,3,3,1,276,3,0,0
1990,47,2,2,0,0,1,308,2,40,0
1990,21,2,1,0,0,1,274,3,20,0
1990,70,1,0,0,0,0,184,1,24,0
1990,69,2,0,0,0,1,0,0,0,0
1990,19,2,1,0,0,0,277,3,42,0
1990,55,2,3,0,0,1,389,6,48,0
1990,35,1,0,0,0,1,185,0,40,1
1990,35,2,0,0,0,1,468,5,0,0
1990,63,1,0,0,0,0,259,3,60,0
1990,59,2,0,0,0,0,0,0,0,0
1990,34,1,1,0,0,0,0,0,0,0
1990,26,1,1,0,0,0,417,6,40,0
1990,23,2,1,0,1,0,447,6,48,0
1990,36,2,2,0,0,0,458,4,50,0
1990,40,1,0,0,0,1,259,3,50,1
1990,42,2,0,0,0,1,313,1,60,0
1990,37,2,1,0,0,1,9,1,40,0
1990,29,2,1,3,3,1,143,5,40,0
1990,74,2,0,0,0,1,0,0,0,0
1990,50,2,1,0,0,1,205,5,41,0
1990,20,2,1,0,0,1,376,4,30,0
1990,19,1,1,2,0,1,337,3,35,0
1990,19,1,1,0,0,1,435,3,35,0
1990,20,1,1,2,1,1,227,6,20,0
1990,54,1,2,0,0,0,373,1,40,0
1990,36,2,3,0,0,0,423,6,40,0
1990,53,2,0,3,3,0,0,0,0,0
1990,55,1,0,3,3,0,0,0,0,0
1990,33,1,0,2,4,0,486,0,40,0
1990,26,2,0,2,1,0,443,3,20,0
1990,26,1,3,2,1,0,759,4,40,0
1990,26,1,3,2,1,1,0,0,0,0
1990,33,2,3,0,1,0,785,1,40,0
1990,36,1,1,0,4,0,686,3,20,0
1990,49,2,3,1,0,0,808,2,40,0
1990,34,1,1,3,3,0,213,4,40,0
1990,18,1,1,3,3,0,0,0,0,0
1990,28,1,1,3,3,0,514,4,40,0
1990,25,1,0,0,1,0,505,4,60,0
1990,27,2,0,0,1,0,0,0,0,0
1990,27,1,1,1,0,0,696,6,40,0
1990,20,1,1,0,0,0,829,6,50,0
1990,21,1,1,0,0,0,646,6,8,0
1990,21,1,1,0,0,0,833,6,55,0
1990,20,1,1,0,0,1,829,6,50,0
1990,25,1,1,3,0,0,426,6,60,0
1990,29,2,1,3,3,1,313,3,40,0
1990,27,1,1,0,1,0,754,2,40,0
1990,36,2,2,0,1,1,436,3,40,0
1990,22,2,1,0,1,1,406,4,0,0
1990,20,2,1,0,0,1,313,2,0,0
1990,65,2,1,0,2,0,95,5,0,0
1990,51,1,2,0,0,0,558,0,30,0
1990,79,2,3,0,0,0,0,0,0,0
1990,38,2,1,1,0,0,365,5,0,0
1990,29,1,1,3,1,0,547,3,40,0
1990,23,1,1,3,1,0,365,3,40,0
1990,44,2,3,2,1,0,449,4,0,0
1990,23,2,1,2,0,0,14,5,40,0
1990,22,1,1,2,0,0,276,3,99,0
1990,20,1,1,2,0,0,276,3,99,0
1990,70,2,3,2,1,0,0,0,0,0
1990,31,1,0,2,1,0,436,3,40,0
1990,29,2,0,2,1,0,0,0,0,0
1990,25,1,1,2,1,0,433,3,40,0
1990,23,1,1,2,1,0,436,3,40,0
1990,25,1,0,2,0,0,889,2,45,0
1990,23,2,0,2,0,0,185,3,40,0
1990,38,2,3,1,0,0,14,5,40,0
1990,33,1,1,1,0,0,909,6,0,0
1990,76,1,2,0,0,0,259,1,40,0
1990,57,1,2,0,0,1,36,6,40,0
1990,24,1,2,0,0,1,198,5,30,0
1990,55,2,3,0,0,1,0,0,0,0
1990,34,1,1,0,0,0,453,3,40,0
1990,48,1,1,0,0,1,436,3,0,0
1990,50,1,1,3,0,1,87,5,50,1
1990,37,1,1,0,0,1,364,2,30,0
1990,30,1,1,0,0,1,26,4,40,1
1990,20,2,1,0,0,1,14,3,20,0
1990,45,2,1,0,0,1,95,5,60,0
1990,51,1,0,2,1,0,637,1,45,0
1990,45,2,0,2,1,1,387,5,30,0
1990,22,1,1,2,1,0,436,3,40,0
1990,20,2,1,2,1,0,387,5,15,0
1990,18,1,1,2,1,0,877,3,20,0
1990,34,1,1,0,0,1,13,1,40,1
1990,22,1,1,1,0,1,356,5,40,0
1990,22,2,1,1,0,1,445,5,40,0
1990,23,1,1,1,0,0,27,6,57,0
1990,31,1,0,0,2,1,47,1,50,0
1990,29,2,0,0,0,1,65,1,45,0
1990,29,1,1,0,0,0,735,1,55,0
1990,50,2,2,0,0,1,17,5,50,0
1990,45,2,2,0,0,1,843,2,40,0
1990,72,2,3,0,0,0,0,0,0,1
1990,56,2,2,0,0,1,0,0,0,0
1990,43,1,2,0,0,1,216,5,32,0
1990,47,1,3,0,0,0,449,5,40,0
1990,78,1,0,0,2,1,53,0,40,1
1990,66,2,0,0,3,1,0,0,0,0
1990,73,2,3,0,0,1,0,0,0,0
1990,69,1,0,0,0,0,0,0,0,0
1990,67,2,0,0,0,0,0,0,0,0
1990,40,2,1,0,0,0,877,1,40,0
1990,26,1,0,0,0,1,8,4,60,0
1990,25,2,0,0,0,1,17,4,40,0
1990,55,1,2,0,0,1,178,5,40,1
1990,41,1,0,0,0,1,22,1,60,0
1990,40,2,0,0,0,1,259,1,40,0
1990,36,1,1,0,0,1,48,3,60,1
1990,30,1,0,0,0,1,84,5,60,0
1990,31,2,0,0,0,1,84,5,75,0
1990,45,1,2,0,0,1,174,5,50,0
1990,20,2,3,0,0,0,313,4,40,0
1990,30,1,1,0,0,1,243,4,50,1
1990,21,2,1,0,0,1,235,4,35,0
1990,22,2,1,0,0,1,461,5,15,0
1990,20,2,1,0,0,1,313,3,35,0
1990,40,1,0,0,0,1,7,6,40,0
1990,37,2,0,0,0,1,337,5,25,0
1990,29,2,2,0,0,1,338,3,40,0
1990,33,1,0,0,0,1,64,4,45,0
1990,36,2,0,0,2,1,95,5,44,0
1990,31,1,0,0,0,1,178,2,60,1
1990,30,2,0,0,0,1,337,5,0,0
1990,64,2,3,0,0,1,23,6,0,0
1990,33,1,3,2,1,0,804,0,40,0
1990,28,1,3,2,1,0,804,0,20,0
1990,64,1,0,0,0,1,0,0,0,0
1990,68,2,0,0,0,0,0,0,0,0
1990,45,2,3,0,0,1,23,5,40,0
1990,25,1,0,0,0,0,453,4,60,0
1990,20,2,0,0,0,0,468,6,40,0
1990,28,2,3,0,0,0,785,1,40,0
1990,32,1,3,0,0,0,596,0,45,0
1990,30,1,0,2,1,1,213,4,40,0
1990,31,2,0,2,1,1,379,5,0,0
1990,23,2,1,2,1,1,889,1,40,0
1990,71,2,3,2,1,0,0,0,0,0
1990,24,1,1,0,0,1,828,6,64,0
1990,49,1,0,0,0,1,525,4,40,1
1990,47,2,0,0,2,0,487,0,18,0
1990,47,1,0,3,0,1,357,2,12,0
1990,46,2,0,3,3,0,453,4,40,0
1990,23,2,1,3,0,1,383,4,40,0
1990,65,1,0,0,0,0,59,6,40,1
1990,61,2,0,0,0,0,0,0,0,0
1990,49,1,0,0,1,0,484,0,40,0
1990,56,2,0,0,1,0,0,0,0,0
1990,39,1,0,0,1,0,754,1,40,1
1990,36,2,0,0,1,0,0,0,0,0
1990,49,1,0,0,1,0,754,1,40,0
1990,25,2,0,0,1,1,0,0,0,0
1990,34,1,0,0,1,0,628,1,42,0
1990,21,2,0,0,4,0,479,0,0,0
1990,53,1,0,2,1,0,447,4,42,0
1990,42,2,0,2,0,0,0,0,0,0
1990,18,1,1,2,0,1,435,3,40,0
1990,77,2,3,0,0,0,0,0,0,0
1990,25,2,1,0,0,1,458,4,40,0
1990,20,2,2,0,0,1,458,4,40,0
1990,29,2,0,0,0,1,445,5,40,0
1990,30,1,0,0,0,1,783,4,60,0
1990,71,2,0,2,1,0,0,0,0,0
1990,71,1,0,2,1,0,0,0,0,0
1990,24,1,1,0,0,1,453,5,40,0
1990,61,2,3,0,0,0,0,0,0,0
1990,21,1,1,0,0,1,575,6,50,0
1990,37,1,0,3,3,0,274,6,20,0
1990,44,2,0,3,0,0,278,1,40,0
1990,19,2,1,3,0,0,319,1,30,0
1990,64,2,3,3,3,1,444,5,40,0
1990,73,1,3,0,0,0,0,0,0,0
1990,24,1,0,0,2,1,458,4,20,0
1990,25,2,0,0,0,1,157,5,40,0
1990,22,1,1,0,0,1,253,4,44,0
1990,22,1,1,0,0,1,234,4,40,0
1990,21,1,1,0,0,1,29,3,46,0
1990,47,2,3,0,1,0,889,5,40,0
1990,26,1,1,0,1,0,683,1,48,0
1990,23,1,1,0,1,0,783,2,40,0
1990,21,1,1,0,1,0,475,0,40,0
1990,21,2,1,0,1,0,889,1,40,0
1990,32,1,3,0,1,0,479,0,0,0
1990,38,2,1,0,0,0,385,1,45,0
1990,33,1,0,3,3,1,365,6,45,0
1990,41,2,0,3,3,1,95,5,50,0
1990,53,1,0,0,0,1,195,1,40,0
1990,50,2,0,0,0,1,0,0,0,0
1990,32,1,0,0,0,0,595,0,40,0
1990,31,2,0,0,0,0,447,5,30,0
1990,44,1,0,0,0,0,379,3,40,0
1990,50,2,0,0,0,0,0,0,0,0
1990,34,2,3,2,1,0,0,0,0,0
1990,48,1,0,0,1,0,22,0,60,0
1990,32,2,0,0,1,0,0,0,0,0
1990,39,1,2,0,0,1,567,0,40,0
1990,30,2,0,0,0,1,257,4,40,0
1990,34,1,2,0,0,0,549,1,40,0
1990,60,1,0,0,0,1,0,0,0,0
1990,62,2,0,0,0,1,449,5,80,0
1990,42,1,0,0,0,1,7,5,40,1
1990,37,2,0,0,0,0,0,0,0,0
1990,63,1,0,0,0,1,0,0,0,1
1990,64,2,0,0,0,1,0,0,0,0
1990,78,1,0,0,0,1,0,0,0,0
1990,76,2,0,0,0,1,0,0,0,0
1990,41,1,2,0,0,1,5,6,40,1
1990,28,2,1,0,0,1,313,6,64,0
1990,25,1,0,0,0,0,717,1,43,0
1990,25,2,0,0,0,1,14,5,0,0
1990,69,1,0,0,0,0,0,0,0,0
1990,68,2,0,0,0,0,0,0,0,0
1990,28,1,1,0,0,1,243,3,50,0
1990,72,1,0,0,0,1,0,0,0,0
1990,67,2,0,0,0,0,0,0,0,0
1990,48,1,2,0,0,1,22,1,50,1
1990,42,2,2,0,0,0,666,4,50,0
1990,23,2,1,0,0,1,319,6,60,0
1990,28,1,0,0,0,0,243,3,40,0
1990,27,2,0,0,0,0,379,3,40,0
1990,28,1,3,1,0,0,869,0,40,0
1990,59,1,0,0,0,0,0,0,0,0
1990,59,2,0,0,0,0,383,4,40,0
1990,56,1,0,0,0,1,213,6,40,0
1990,50,2,0,0,0,1,337,3,24,0
1990,64,1,0,0,0,1,56,1,40,1
1990,52,2,0,0,1,0,257,5,40,0
1990,23,1,0,0,0,0,518,1,40,0
1990,25,2,0,0,0,1,338,6,40,0
1990,48,1,0,0,0,1,156,5,40,0
1990,47,2,0,0,0,1,156,5,40,0
1990,63,2,2,0,0,1,22,3,16,0
1990,37,1,1,0,0,1,0,0,0,0
1990,76,2,0,0,2,1,0,0,0,0
1990,30,2,0,1,0,1,84,5,80,0
1990,34,1,0,0,0,1,53,0,40,0
1990,41,1,0,0,0,0,486,6,40,0
1990,38,2,0,0,0,1,313,5,40,0
1990,19,1,1,0,0,1,869,0,24,0
1990,48,1,0,0,0,1,178,5,60,1
1990,47,2,0,0,0,1,159,5,40,0
1990,21,1,1,0,0,1,0,0,0,0
1990,21,1,1,0,0,1,0,0,0,0
1990,31,1,0,0,0,1,22,5,80,1
1990,30,2,0,0,0,1,97,5,40,0
1990,25,1,1,0,0,1,375,4,40,0
1990,44,2,2,0,0,1,434,3,32,0
1990,76,2,2,0,0,0,0,0,0,0
1990,23,1,0,1,0,1,316,4,45,0
1990,28,2,0,0,0,1,163,5,30,0
1990,43,1,0,1,0,1,316,2,15,0
1990,43,2,0,0,0,1,337,6,40,0
1990,66,1,2,1,0,0,453,3,40,0
1990,76,2,3,3,3,1,0,0,0,0
1990,60,2,3,0,0,1,243,3,40,0
1990,38,1,0,0,0,1,418,6,40,0
1990,39,2,0,0,0,0,313,5,32,0
1990,64,2,3,0,4,0,435,3,30,0
1990,61,2,0,0,0,0,0,0,0,0
1990,59,1,0,0,0,1,0,0,0,0
1990,34,1,0,0,0,1,178,6,44,0
1990,34,2,0,0,0,1,376,4,40,0
1990,55,2,2,0,0,0,488,0,80,0
1990,35,1,2,0,0,1,56,1,40,0
1990,32,1,2,0,0,0,599,0,60,0
1990,56,1,0,0,0,1,64,6,50,0
1990,51,2,0,0,0,1,185,4,65,0
1990,25,1,1,0,0,1,436,3,40,0
1990,23,1,1,0,0,1,774,1,10,0
1990,20,1,1,0,0,1,276,3,20,0
1990,18,2,1,0,0,1,435,3,20,0
1990,35,1,0,0,0,1,157,5,60,0
1990,34,2,0,0,0,1,156,5,50,0
1990,40,1,1,0,0,1,5,6,40,0
1990,43,1,0,0,0,1,243,1,45,0
1990,41,2,0,0,0,1,383,4,28,0
1990,37,1,1,0,0,1,23,1,0,0
1990,33,2,1,0,2,1,223,1,46,0
1990,35,2,1,3,0,1,235,1,46,0
1990,75,1,0,3,4,0,0,0,0,0
1990,74,2,0,3,0,0,0,0,0,0
1990,25,2,1,3,0,1,379,5,12,0
1990,43,1,0,0,0,1,389,2,40,1
1990,43,2,0,2,0,0,529,2,99,0
1990,45,1,0,0,0,0,22,1,40,0
1990,38,2,0,0,0,1,378,2,40,0
1990,36,1,3,0,0,1,59,5,40,1
1990,30,1,0,0,0,1,53,6,45,1
1990,28,2,0,0,0,1,435,3,40,0
1990,44,1,0,0,0,1,22,1,50,1
1990,43,2,0,0,0,0,0,0,0,0
1990,54,1,0,0,0,1,263,3,60,1
1990,52,2,0,0,0,1,254,4,0,0
1990,20,1,1,0,0,1,468,5,20,0
1990,30,1,0,0,0,1,22,4,45,0
1990,30,2,0,0,4,1,264,3,40,0
1990,77,2,3,0,0,0,468,5,0,0
1990,45,1,0,0,0,1,22,6,40,1
1990,38,2,0,0,0,1,389,5,25,0
1990,48,1,0,0,0,1,22,1,40,0
1990,45,2,0,0,0,1,157,5,50,0
1990,20,1,1,0,2,1,267,3,40,0
1990,18,1,1,0,0,0,216,5,91,0
1990,42,1,0,0,0,1,234,5,46,0
1990,41,2,0,0,0,1,194,4,48,0
1990,54,1,0,0,0,1,156,5,60,0
1990,45,2,0,0,0,1,156,5,60,0
1990,68,1,3,0,0,0,0,0,0,0
1990,40,1,0,0,0,1,254,4,50,1
1990,39,2,0,0,0,0,0,0,0,0
1990,47,1,0,3,0,1,426,1,40,0
1990,45,2,0,3,3,0,7,4,0,0
1990,46,1,0,0,0,1,44,1,40,1
1990,39,2,0,0,0,1,156,5,40,0
1990,34,1,0,0,0,1,255,4,50,1
1990,30,2,0,0,0,0,337,5,4,0
1990,49,2,2,0,0,1,254,4,40,0
1990,39,1,0,0,0,0,505,3,40,1
1990,33,2,0,0,0,1,95,5,40,0
1990,36,1,0,3,2,1,229,2,40,0
1990,31,2,0,0,0,1,0,0,0,0
1990,31,1,0,0,0,1,508,2,48,0
1990,28,2,0,0,0,1,385,5,40,0
1990,48,1,0,0,0,1,187,5,0,1
1990,61,2,0,0,0,1,156,5,16,0
1990,19,1,1,0,0,0,804,3,50,0
1990,37,2,1,3,3,1,69,5,40,1
1990,59,1,0,0,0,1,23,4,40,0
1990,53,2,0,0,0,1,313,5,44,0
1990,22,1,1,0,0,1,276,3,35,0
1990,20,1,1,0,0,1,276,3,40,0
1990,34,1,0,0,0,0,213,1,40,0
1990,35,2,0,0,4,1,0,0,0,0
1990,36,1,0,0,0,1,22,0,55,1
1990,35,2,0,0,0,1,0,0,0,0
1990,65,1,0,0,2,0,0,0,0,0
1990,62,2,0,0,2,1,274,3,0,0
1990,67,1,0,0,0,1,156,5,60,0
1990,66,2,0,0,2,0,0,0,0,0
1990,39,1,2,0,2,0,259,3,45,0
1990,44,1,0,0,0,1,22,1,45,1
1990,45,2,0,0,0,1,387,5,18,0
1990,20,1,1,0,0,1,687,3,20,0
1990,19,2,1,0,0,1,267,3,20,0
1990,56,1,0,0,0,0,453,5,40,0
1990,55,2,0,0,2,0,379,2,28,0
1990,64,1,0,0,0,1,226,2,0,1
1990,55,2,0,0,2,0,0,0,0,0
1990,46,2,3,0,0,0,276,3,40,0
1990,27,1,1,0,0,0,585,0,0,0
1990,24,1,1,0,0,0,436,3,40,0
1990,22,1,1,0,0,0,785,0,40,0
1990,24,1,1,0,0,0,534,1,40,0
1990,35,2,2,0,0,1,22,1,40,0
1990,34,2,0,0,0,1,313,1,25,0
1990,43,1,0,0,0,1,194,5,30,0
1990,31,1,0,2,1,0,565,0,40,0
1990,30,2,0,2,1,0,754,1,40,0
1990,18,1,1,2,1,0,486,0,40,0
1990,21,1,1,2,1,1,567,0,40,0
1990,27,2,0,0,0,1,313,1,40,0
1990,27,1,0,0,0,1,159,6,30,0
1990,51,1,2,0,0,1,56,6,56,0
1990,53,1,2,0,0,1,185,1,40,1
1990,62,2,1,0,0,1,0,0,0,0
1990,64,2,1,0,0,1,0,0,0,0
1990,46,1,1,0,0,1,184,1,60,1
1990,31,1,2,0,0,1,505,4,50,0
1990,32,1,1,0,0,0,889,4,40,0
1990,20,2,1,0,0,0,385,4,48,0
1990,52,1,2,0,0,1,473,0,40,0
1990,55,1,0,0,0,1,235,1,40,0
1990,48,2,0,0,0,1,7,3,40,0
1990,52,1,0,0,0,0,318,2,40,0
1990,48,2,0,0,0,1,337,3,40,0
1990,40,1,0,0,0,1,184,1,45,0
1990,38,2,0,0,0,1,7,4,50,0
1990,43,1,0,3,3,1,22,4,60,1
1990,28,2,0,0,0,1,234,4,60,1
1990,66,2,3,3,3,0,0,0,0,0
1990,19,1,1,3,0,1,264,3,30,0
1990,40,1,2,1,0,1,415,3,99,0
1990,55,1,3,0,0,1,95,5,80,1
1990,33,2,1,0,0,0,796,1,40,0
1990,30,2,1,0,0,0,447,5,40,0
1990,35,1,2,0,0,0,883,5,40,0
1990,31,1,0,0,0,0,567,0,40,0
1990,23,2,0,0,0,0,253,4,40,0
1990,77,1,0,0,2,0,0,0,0,0
1990,71,2,0,0,0,0,0,0,0,0
1990,50,1,1,0,0,1,96,3,40,0
1990,45,1,1,0,0,1,243,3,40,0
1990,57,1,0,0,0,0,0,0,0,0
1990,51,2,0,0,0,0,0,0,0,0
1990,36,2,0,0,0,0,337,0,30,0
1990,44,1,0,0,0,1,558,0,40,0
1990,78,2,3,0,0,1,0,0,0,0
1990,32,2,3,0,0,0,22,5,15,0
1990,69,1,0,0,0,0,22,4,50,0
1990,40,2,0,0,0,1,275,4,45,0
1990,40,2,2,0,0,1,313,1,40,0
1990,33,2,2,0,0,0,203,5,40,0
1990,33,1,2,0,0,1,157,5,30,0
1990,61,2,1,2,0,0,0,0,0,0
1990,60,2,1,2,0,0,243,3,40,0
1990,58,2,1,2,0,0,683,1,40,0
1990,35,2,3,2,0,0,0,0,0,0
1990,37,1,0,2,1,0,585,0,40,0
1990,37,2,0,2,1,0,276,3,21,0
1990,45,1,0,0,0,0,22,0,40,1
1990,46,2,0,0,0,1,338,5,40,0
1990,27,1,0,0,0,1,804,2,40,0
1990,31,2,0,0,0,0,276,2,40,0
1990,37,1,0,0,2,1,53,0,40,1
1990,36,2,0,0,0,0,0,0,0,0
1990,29,1,0,0,3,1,73,1,40,0
1990,24,2,0,0,0,1,313,2,40,0
1990,25,1,0,0,0,1,24,4,40,0
1990,27,2,0,0,0,1,14,5,40,0
1990,57,1,0,0,0,1,64,4,45,1
1990,55,2,0,0,0,1,313,5,20,0
1990,30,1,1,0,3,1,558,0,50,0
1990,29,1,1,0,0,1,567,0,40,0
1990,52,1,0,0,0,1,534,0,60,0
1990,47,2,0,0,0,1,313,3,20,0
1990,43,1,0,0,0,1,505,3,40,1
1990,39,2,0,0,0,1,29,3,16,0
1990,35,1,0,0,2,1,22,1,40,0
1990,36,2,0,0,0,1,44,1,40,0
1990,40,1,0,0,0,1,243,3,50,0
1990,40,2,0,0,0,1,164,5,30,0
1990,25,1,1,0,0,0,844,0,40,0
1990,20,2,1,0,0,0,313,1,40,0
1990,32,1,0,3,0,1,157,5,40,0
1990,31,2,0,0,0,1,315,4,38,0
1990,64,1,0,0,0,0,686,3,48,0
1990,62,2,0,0,0,0,0,0,0,0
1990,46,1,0,2,0,0,579,0,40,0
1990,48,2,0,2,0,0,0,0,0,0
1990,38,1,3,2,0,0,579,0,40,0
1990,40,2,3,2,1,0,319,2,40,0
1990,18,2,1,0,0,0,785,1,40,0
1990,22,1,1,2,4,0,479,0,40,0
1990,28,2,0,2,0,0,447,5,0,0
1990,29,1,0,2,0,0,589,1,8,0
1990,80,2,3,0,0,1,0,0,0,0
1990,56,1,0,0,0,1,486,0,99,0
1990,53,2,0,0,0,1,379,5,40,0
1990,45,1,0,0,0,1,613,0,40,0
1990,53,2,0,0,0,1,319,5,0,0
1990,48,1,0,3,3,1,183,5,40,1
1990,45,2,0,3,3,0,0,0,0,0
1990,62,1,0,0,0,0,595,0,40,0
1990,57,2,0,0,0,0,0,0,0,0
1990,65,2,0,0,0,0,18,4,70,0
1990,64,2,3,0,0,1,785,1,40,0
1990,45,1,2,0,0,1,596,0,40,0
1990,66,2,2,0,0,1,354,2,40,0
1990,21,1,1,0,0,0,804,3,47,0
1990,69,2,3,0,0,0,159,5,20,0
1990,22,2,2,0,0,1,315,6,40,0
1990,50,1,0,0,0,1,259,3,50,1
1990,50,2,0,0,0,1,156,5,32,0
1990,19,2,1,0,0,0,438,3,0,0
1990,37,1,1,0,0,0,0,0,0,0
1990,38,1,0,0,0,0,804,2,80,0
1990,40,2,0,0,0,0,0,0,0,0
1990,49,1,0,0,0,1,59,1,40,1
1990,48,2,0,0,0,1,313,4,40,0
1990,19,2,1,0,0,1,319,4,30,0
1990,40,1,1,0,0,1,178,5,60,1
1990,37,2,1,0,0,1,25,4,40,0
1990,35,1,0,0,0,1,267,3,40,0
1990,29,2,0,0,0,1,337,1,40,0
1990,36,1,0,2,0,1,518,1,40,0
1990,38,2,0,2,0,1,155,5,0,0
1990,34,1,2,0,0,0,575,0,40,0
1990,25,1,1,0,0,1,254,4,40,0
1990,26,1,1,0,0,1,883,3,40,0
1990,30,1,0,0,0,1,628,2,50,1
1990,30,2,0,0,0,0,303,4,36,0
1990,67,1,0,0,0,0,544,1,0,0
1990,63,2,0,0,0,0,385,3,0,0
1990,44,1,0,0,0,1,22,4,0,0
1990,43,2,0,0,0,1,375,4,40,0
1990,20,2,1,0,0,1,373,3,21,0
1990,45,2,2,0,2,1,254,4,50,1
1990,33,2,2,0,0,1,27,4,47,0
1990,26,2,0,0,1,0,479,0,20,0
1990,29,1,0,0,1,0,479,0,20,0
1990,19,2,1,0,0,0,447,5,0,0
1990,44,1,0,0,0,1,23,6,40,0
1990,42,2,0,0,0,0,5,6,25,0
1990,42,1,0,0,0,1,22,1,54,1
1990,41,2,0,0,0,0,274,3,0,0
1990,37,1,0,2,0,0,22,2,60,1
1990,30,2,0,2,0,0,313,1,40,0
1990,27,2,1,2,0,1,313,2,40,0
1990,57,1,0,1,0,0,549,5,40,0
1990,60,2,0,3,3,0,0,0,0,0
1990,48,2,1,1,0,1,308,1,40,0
1990,36,1,0,0,0,1,628,1,45,0
1990,31,2,0,0,0,1,363,4,28,0
1990,31,1,0,0,0,1,303,6,40,0
1990,28,2,0,0,0,1,628,1,40,0
1990,55,2,2,0,2,0,466,5,40,0
1990,50,1,1,0,0,1,696,6,24,0
1990,45,2,2,0,0,1,157,5,28,0
1990,50,1,0,0,1,1,453,5,40,0
1990,42,2,0,0,0,1,156,5,40,0
1990,28,1,0,3,1,1,198,2,40,0
1990,29,2,0,0,0,1,156,5,20,0
1990,55,2,2,0,0,1,23,6,40,0
1990,24,2,1,0,0,0,467,4,35,0
1990,70,2,3,0,0,0,0,0,0,0
1990,45,1,0,0,0,0,503,2,43,0
1990,45,2,0,0,0,0,313,5,30,0
1990,18,1,1,0,0,1,804,3,40,0
1990,26,1,0,0,0,1,25,4,40,0
1990,26,2,0,0,0,0,316,4,28,0
1990,38,1,0,0,0,1,274,3,40,0
1990,33,2,0,0,0,1,446,5,30,0
1990,39,1,0,0,0,1,217,5,42,0
1990,40,2,0,0,0,1,158,5,40,0
1990,64,2,1,0,0,1,447,5,40,0
1990,33,2,2,0,0,0,796,1,40,0
1990,32,1,1,0,0,0,423,6,40,0
1990,45,1,0,1,0,1,213,4,40,0
1990,52,2,0,1,0,0,0,0,0,0
1990,52,1,2,1,0,1,538,2,40,0
1990,27,1,1,0,0,1,59,6,40,0
1990,26,2,1,0,0,1,337,3,40,0
1990,39,2,1,1,1,1,435,3,20,0
1990,63,1,0,0,0,1,379,5,0,0
1990,59,2,0,0,0,1,156,5,37,0
1990,39,2,2,0,0,1,254,4,40,0
1990,23,1,1,0,0,0,436,3,40,0
1990,20,1,1,0,0,0,364,1,40,0
1990,69,1,0,0,0,0,486,0,0,0
1990,68,2,0,0,0,1,0,0,0,0
1990,68,1,3,0,0,1,0,0,0,0
1990,25,1,1,0,0,1,275,4,44,0
1990,58,1,0,0,0,0,376,0,38,0
1990,52,2,0,0,0,0,264,3,24,0
1990,74,2,3,0,0,0,0,0,0,0
1990,44,1,1,0,0,1,426,4,40,0
1990,37,2,2,0,0,1,229,2,40,0
1990,58,2,3,0,0,0,0,0,0,0
1990,32,1,2,0,0,1,29,3,40,0
1990,54,1,2,0,0,0,448,5,40,0
1990,58,1,0,0,0,0,22,2,0,0
1990,56,2,0,0,0,0,339,2,0,0
1990,43,1,0,0,2,1,179,6,40,0
1990,42,2,0,0,0,1,174,5,40,0
1990,24,2,3,0,0,0,0,0,0,0
1990,68,1,0,0,0,1,355,2,0,0
1990,70,2,0,0,2,0,0,0,0,0
1990,64,1,2,0,0,1,243,3,50,1
1990,23,2,1,0,0,1,264,3,32,0
1990,46,1,2,1,0,0,875,2,40,0
1990,29,1,0,0,0,1,84,5,80,0
1990,26,2,0,0,0,1,95,5,30,0
1990,79,1,0,3,3,0,0,0,0,0
1990,73,2,0,0,0,1,0,0,0,0
1990,40,1,0,0,3,0,274,3,40,1
1990,40,2,0,0,0,1,274,3,40,0
1990,43,2,2,0,0,0,198,2,40,0
1990,32,2,1,0,0,1,95,5,40,0
1990,62,2,3,0,0,1,274,3,20,0
1990,75,2,2,0,0,0,0,0,0,1
1990,64,1,0,0,0,1,26,5,4,1
1990,64,2,0,0,0,1,0,0,0,0
1990,36,2,2,0,0,0,276,3,45,0
1990,62,1,0,0,0,0,518,1,40,0
1990,61,2,0,0,0,1,17,4,30,0
1990,38,1,2,0,0,0,558,0,30,0
1990,42,1,0,2,1,0,486,0,30,0
1990,41,2,0,2,1,0,449,4,40,0
1990,18,1,1,2,0,0,383,4,15,0
1990,68,2,0,0,1,0,407,4,20,0
1990,33,1,1,0,0,0,505,4,40,0
1990,28,2,1,0,0,0,0,0,0,0
1990,42,2,1,0,1,0,783,0,60,0
1990,37,1,0,0,0,0,596,0,55,0
1990,40,2,0,0,0,1,203,5,45,0
1990,80,1,0,0,0,1,0,0,0,0
1990,38,1,3,0,0,1,0,0,0,0
1990,42,1,0,0,0,0,567,0,40,0
1990,41,2,0,0,1,1,0,0,0,0
1990,23,1,1,0,0,1,579,0,30,0
1990,28,2,2,0,0,1,22,3,48,0
1990,30,1,1,0,0,0,364,3,40,0
1990,37,1,1,0,0,0,686,3,40,0
1990,70,2,2,0,0,0,274,3,40,0
1990,37,1,2,0,0,0,558,0,45,1
1990,70,2,3,0,0,0,337,4,40,0
1990,61,1,2,0,0,1,0,0,0,0
1990,48,2,2,0,0,0,313,6,8,1
1990,69,1,0,0,0,1,268,3,0,0
1990,60,2,0,0,0,1,0,0,0,0
1990,31,1,0,0,0,0,647,1,40,0
1990,32,2,0,0,0,0,523,2,60,0
1990,18,1,1,2,0,0,804,3,25,0
1990,66,1,0,0,0,1,0,0,0,1
1990,56,2,0,0,0,1,25,4,0,1
1990,69,1,1,0,0,0,436,3,30,0
1990,31,1,2,0,3,1,269,3,40,0
1990,68,2,0,0,0,1,0,0,0,0
1990,65,1,0,0,0,1,0,0,0,0
1990,70,1,0,0,0,1,0,0,0,1
1990,65,2,0,0,0,1,0,0,0,0
1990,41,1,0,0,0,1,804,3,70,0
1990,40,2,0,0,0,1,327,2,0,0
1990,20,2,1,0,0,1,276,3,32,0
1990,19,2,1,0,0,0,343,3,20,0
1990,48,1,0,0,1,0,243,3,48,0
1990,47,2,0,0,1,0,264,3,30,0
1990,39,1,0,2,1,0,243,3,40,0
1990,42,2,0,2,1,0,313,3,40,0
1990,45,1,3,2,0,0,453,6,40,0
1990,37,1,0,2,1,0,479,0,40,0
1990,29,1,0,2,1,0,479,0,40,0
1990,34,1,3,2,1,0,479,0,40,0
1990,74,1,0,2,0,0,0,0,0,0
1990,62,2,0,2,1,0,0,0,0,0
1990,35,1,2,2,1,0,376,4,40,0
1990,36,2,0,2,1,0,443,3,40,0
1990,34,1,0,2,1,0,479,0,40,0
1990,72,2,3,0,1,0,0,0,0,0
1990,48,1,0,0,0,1,22,1,70,0
1990,50,2,0,0,0,1,257,1,80,0
1990,25,1,0,2,0,0,779,1,15,0
1990,25,2,0,2,0,1,359,6,40,0
1990,48,2,2,0,0,1,178,5,60,1
1990,18,1,1,0,0,1,465,6,40,0
1990,78,1,0,0,0,1,0,0,0,0
1990,75,2,0,0,0,1,0,0,0,0
1990,54,2,1,0,0,1,318,2,40,0
1990,35,1,0,2,1,0,888,1,0,0
1990,37,2,3,2,1,0,379,6,40,0
1990,44,1,0,2,1,0,488,3,40,0
1990,48,1,3,2,4,0,813,4,40,0
1990,18,1,1,2,4,0,365,3,25,0
1990,41,2,3,2,0,0,423,6,40,0
1990,18,1,1,2,0,0,17,3,35,0
1990,72,2,3,2,0,0,0,0,0,0
1990,39,1,0,0,1,0,628,1,40,0
1990,40,2,0,0,0,0,888,1,40,0
1990,66,1,0,0,1,0,777,3,0,0
1990,62,2,0,0,0,0,0,0,0,0
1990,22,1,1,0,1,0,785,1,40,0
1990,44,1,0,0,1,0,888,1,40,0
1990,46,1,0,0,1,0,869,0,40,0
1990,62,1,0,2,0,0,453,5,40,0
1990,63,2,0,2,0,0,0,0,0,0
1990,29,2,1,2,0,0,447,5,40,0
1990,29,1,1,2,0,0,0,0,0,0
1990,35,2,3,0,0,0,683,1,0,0
1990,35,2,0,0,0,1,104,5,35,0
1990,36,1,0,0,0,1,869,0,40,0
1990,31,1,2,0,0,0,628,1,55,1
1990,70,1,0,0,0,1,25,4,30,0
1990,67,2,0,0,0,0,0,0,0,0
1990,59,1,2,0,0,1,174,5,40,0
1990,27,2,1,0,0,0,337,0,40,0
1990,34,1,0,0,0,1,558,0,40,0
1990,30,2,0,0,0,1,313,4,40,0
1990,40,2,2,0,0,1,418,6,40,0
1990,36,1,1,0,0,1,22,2,40,0
1990,35,2,2,0,0,1,263,3,50,0
1990,35,1,0,0,1,1,84,5,40,0
1990,41,2,0,0,1,1,155,5,20,0
1990,70,2,2,0,0,0,274,3,30,0
1990,69,1,0,0,0,1,0,0,0,0
1990,69,2,0,0,0,1,0,0,0,0
1990,52,1,0,0,0,1,56,1,40,0
1990,47,2,0,0,0,0,313,5,40,0
1990,20,1,1,0,0,0,22,3,40,0
1990,18,2,1,0,0,0,315,0,22,0
1990,43,2,0,0,0,1,155,5,40,0
1990,47,1,0,2,0,1,796,3,40,0
1990,23,1,1,0,0,1,426,3,40,0
1990,60,1,0,0,0,1,14,5,40,1
1990,51,2,0,0,0,1,14,5,40,1
1990,38,2,0,0,0,0,0,0,0,0
1990,37,1,0,2,1,1,518,1,40,0
1990,71,2,3,0,0,0,0,0,0,0
1990,43,2,3,0,0,0,804,3,40,0
1990,25,1,1,0,0,1,53,6,48,0
1990,31,1,0,0,0,1,856,1,45,0
1990,31,2,0,0,0,1,466,5,70,0
1990,25,1,1,0,0,1,276,3,32,0
1990,18,1,1,0,0,0,869,0,40,0
1990,20,1,1,0,0,0,869,0,40,0
1990,19,1,1,0,0,0,869,0,45,0
1990,47,1,0,0,0,0,22,3,50,0
1990,46,2,0,0,0,1,254,4,40,0
1990,66,1,2,0,0,1,156,5,40,1
1990,55,1,0,0,3,1,194,5,60,0
1990,59,2,0,0,0,1,313,5,38,0
1990,24,2,1,0,0,1,27,6,40,0
1990,22,1,1,0,0,1,376,4,20,0
1990,30,1,0,0,0,0,628,1,50,1
1990,29,2,0,0,0,1,0,0,0,0
1990,59,1,0,0,0,0,804,2,70,0
1990,57,2,0,0,0,1,14,5,40,0
1990,30,1,0,2,1,1,869,0,99,0
1990,29,2,0,2,1,0,754,1,40,0
1990,28,1,1,2,1,0,869,0,99,0
1990,29,1,0,2,1,1,558,0,58,0
1990,28,2,0,2,1,0,748,4,40,0
1990,27,1,1,2,1,1,579,0,40,0
1990,56,1,2,0,0,1,243,3,40,0
1990,25,1,0,2,0,0,599,0,40,0
1990,30,2,0,2,0,0,443,5,0,0
1990,75,1,3,2,0,0,0,0,0,0
1990,80,2,3,0,0,1,466,5,18,0
1990,50,1,0,0,0,0,496,0,20,0
1990,45,2,0,0,0,0,0,0,0,0
1990,24,1,1,0,0,0,573,0,48,0
1990,22,1,1,0,0,0,496,0,20,0
1990,33,1,0,0,0,0,804,2,40,0
1990,31,2,0,0,0,0,495,0,40,1
1990,32,2,3,0,0,0,0,0,0,0
1990,65,1,0,2,1,1,453,3,40,0
1990,55,2,0,2,1,0,0,0,0,0
1990,47,2,2,0,0,1,375,4,40,0
1990,24,1,1,0,0,0,869,4,24,0
1990,23,1,1,0,0,0,567,1,40,0
1990,47,1,0,0,0,1,154,5,60,0
1990,38,2,0,0,0,1,0,0,0,0
1990,69,2,2,0,0,0,0,0,0,0
1990,35,1,1,0,0,1,213,1,50,0
1990,30,1,1,0,0,0,486,0,15,0
1990,26,1,1,0,0,1,435,3,35,0
1990,46,1,0,2,0,1,176,5,60,0
1990,38,2,0,0,0,1,447,5,0,0
1990,40,2,0,0,3,1,436,3,40,0
1990,46,1,0,0,3,0,435,3,50,0
1990,20,1,1,0,3,1,435,3,40,0
1990,57,1,0,0,0,1,84,5,50,1
1990,32,2,0,2,1,1,0,0,0,0
1990,37,2,1,0,0,1,216,5,40,0
1990,26,2,1,1,0,1,418,6,40,0
1990,20,2,1,2,1,1,323,5,0,0
1990,51,2,2,0,0,0,363,1,40,0
1990,19,1,1,0,0,1,486,0,25,0
1990,20,1,1,0,0,1,14,5,30,0
1990,70,1,2,0,0,0,809,5,40,0
1990,43,2,2,0,0,0,0,0,0,0
1990,58,1,0,0,0,1,253,4,20,0
1990,62,2,0,0,0,0,348,5,40,0
1990,41,1,1,0,0,0,887,4,32,0
1990,53,1,0,0,0,0,22,1,40,1
1990,40,2,0,0,0,0,365,1,40,0
1990,40,1,0,0,0,1,243,3,40,0
1990,31,2,0,0,0,1,337,3,40,0
1990,29,1,0,0,0,1,274,3,43,1
1990,28,2,0,0,0,1,95,1,30,0
1990,53,1,0,0,0,1,5,6,40,0
1990,47,2,0,0,0,1,313,3,37,0
1990,47,1,0,0,0,1,243,4,40,1
1990,46,2,0,0,0,1,364,1,0,0
1990,22,2,1,0,0,1,318,2,40,0
1990,18,1,1,0,0,1,677,1,40,0
1990,37,1,0,0,3,1,759,4,40,1
1990,39,2,0,2,0,0,785,1,0,0
1990,39,1,0,3,3,0,637,1,40,0
1990,40,2,0,3,3,0,748,4,0,0
1990,78,2,3,3,3,0,0,0,0,0
1990,34,1,2,0,0,0,376,0,45,0
1990,33,2,2,0,0,1,744,1,35,0
1990,69,2,3,0,0,1,313,4,20,0
1990,34,2,2,0,0,1,365,3,15,0
1990,34,1,0,0,0,1,254,4,60,0
1990,35,2,0,3,3,1,313,1,45,0
1990,56,1,0,0,0,0,549,1,40,0
1990,64,2,0,0,0,0,449,4,0,0
1990,45,1,2,0,0,1,376,5,20,0
1990,44,2,2,0,0,1,7,1,50,0
1990,35,1,0,0,0,0,628,1,52,1
1990,35,2,0,0,0,0,889,1,40,0
1990,45,1,0,0,0,1,29,3,48,0
1990,41,2,0,0,0,0,313,1,40,0
1990,63,2,2,0,0,0,379,4,0,0
1990,73,2,3,0,0,0,379,4,0,0
1990,63,1,0,0,0,0,804,0,0,0
1990,57,2,0,0,0,0,379,1,24,0
1990,58,1,0,0,0,1,22,1,40,0
1990,56,2,0,0,0,1,156,5,40,0
1990,21,1,1,0,0,1,717,1,40,0
1990,20,2,1,0,0,0,274,3,40,0
1990,22,1,1,1,0,0,268,3,7,0
1990,39,1,0,0,0,0,869,0,40,0
1990,39,2,0,0,0,0,0,0,0,0
1990,70,2,3,0,0,0,0,0,0,0
1990,32,1,1,0,0,0,486,6,40,0
1990,42,2,1,0,0,0,0,0,0,0
1990,24,2,1,2,0,0,796,1,42,0
1990,25,2,3,2,0,0,796,1,40,0
1990,21,1,1,2,1,0,734,1,40,0
1990,20,1,1,2,1,0,486,0,49,0
1990,34,1,1,2,1,0,489,0,49,0
1990,32,1,0,0,0,1,579,0,48,0
1990,32,2,0,0,0,1,313,5,35,0
1990,29,1,0,3,3,0,869,0,40,0
1990,25,2,0,3,0,0,383,4,40,0
1990,54,1,0,0,0,1,259,1,50,0
1990,51,2,0,0,0,0,243,3,24,0
1990,58,2,0,0,0,0,0,0,0,0
1990,58,1,0,0,0,0,22,0,40,1
1990,22,1,1,0,0,0,579,0,40,0
1990,24,2,1,0,0,0,275,5,52,0
1990,38,1,0,3,4,1,77,0,60,1
1990,37,2,0,3,0,0,473,0,70,0
1990,25,1,0,0,0,1,373,3,40,0
1990,20,2,0,0,0,0,365,1,40,0
1990,22,1,3,0,0,0,308,6,50,0
1990,22,1,0,0,0,0,308,6,40,0
1990,21,2,0,0,0,0,308,6,40,0
1990,72,1,0,0,0,1,0,0,0,0
1990,69,2,0,0,0,1,0,0,0,0
1990,29,1,0,0,0,0,573,0,50,0
1990,22,2,0,0,0,0,315,4,40,0
1990,66,1,0,0,0,0,313,2,15,0
1990,65,2,0,0,0,0,0,0,0,0
1990,25,1,0,3,0,1,213,1,40,0
1990,24,2,0,0,0,1,314,4,40,0
1990,36,1,0,0,0,0,21,5,50,0
1990,32,2,0,0,0,0,389,3,40,0
1990,67,1,0,0,0,0,473,0,40,0
1990,64,2,0,0,0,0,0,0,0,0
1990,27,1,2,0,0,1,22,0,40,0
1990,26,2,1,0,0,1,156,5,15,0
1990,52,1,0,0,1,0,217,0,40,1
1990,49,2,0,0,1,0,0,0,0,0
1990,21,1,1,0,0,1,267,3,20,0
1990,26,2,0,0,0,0,0,0,0,0
1990,26,1,0,0,0,1,628,1,45,0
1990,33,1,0,0,0,0,213,1,40,0
1990,30,2,0,0,0,0,0,0,0,0
1990,45,1,0,3,0,1,426,4,60,1
1990,44,2,0,0,0,1,466,5,40,0
1990,39,1,0,2,0,0,694,2,40,0
1990,36,2,0,2,0,0,0,0,0,0
1990,19,2,1,2,0,0,0,0,0,0
1990,74,1,0,0,0,0,536,6,40,0
1990,71,2,0,0,0,0,0,0,0,0
1990,42,2,0,2,0,0,276,3,17,0
1990,49,1,0,2,0,0,453,5,40,0
1990,24,1,1,2,0,0,453,5,40,0
1990,32,1,0,2,1,0,8,3,55,0
1990,34,2,0,2,1,0,0,0,0,0
1990,65,2,3,2,1,0,0,0,0,0
1990,22,1,3,2,1,0,479,0,46,0
1990,79,1,0,0,0,1,0,0,0,0
1990,78,2,0,0,0,1,0,0,0,0
1990,76,1,0,0,0,0,0,0,0,0
1990,78,2,0,0,2,1,207,5,0,0
1990,72,1,0,0,0,0,0,0,0,0
1990,61,2,0,0,0,0,467,5,8,0
1990,35,1,0,0,0,1,486,2,40,0
1990,34,2,0,0,0,1,0,0,0,0
1990,73,2,3,0,1,0,0,0,0,0
1990,33,1,1,0,0,0,276,5,30,0
1990,57,1,2,0,0,0,274,3,48,0
1990,45,2,3,0,0,1,436,5,30,0
1990,36,1,0,0,0,1,447,5,50,0
1990,29,2,0,0,0,1,447,5,0,0
1990,74,2,3,0,0,0,0,0,0,0
1990,73,1,0,0,0,1,0,0,0,0
1990,72,2,0,0,0,0,0,0,0,0
1990,76,1,0,0,0,1,274,3,40,0
1990,75,1,3,0,0,0,0,0,0,0
1990,74,1,0,0,0,1,0,0,0,0
1990,73,2,0,0,0,1,0,0,0,0
1990,31,2,0,0,0,1,579,0,40,0
1990,29,1,0,0,0,0,579,0,40,0
1990,20,2,1,0,1,0,406,4,40,0
1990,71,1,0,0,0,0,0,0,0,0
1990,69,2,0,0,0,0,0,0,0,0
1990,65,1,0,0,0,1,159,3,35,0
1990,50,2,0,0,0,1,677,5,35,0
1990,19,1,1,0,0,0,869,0,35,0
1990,70,2,0,0,0,0,0,0,0,0
1990,71,2,2,0,0,0,0,0,0,0
1990,24,2,3,2,0,0,435,5,99,0
1990,35,1,2,0,0,0,595,0,43,0
1990,65,1,0,0,0,1,0,0,0,0
1990,65,2,0,0,0,0,313,5,0,0
1990,65,1,0,0,0,1,0,0,0,0
1990,69,2,0,0,0,0,0,0,0,0
1990,61,1,0,0,0,0,804,0,40,0
1990,61,2,0,0,0,0,444,5,0,0
1990,27,1,0,0,0,1,417,6,56,0
1990,27,2,0,0,0,0,274,3,0,0
1990,63,1,0,0,0,0,473,0,70,1
1990,60,2,0,0,0,0,379,0,15,0
1990,28,1,0,0,0,1,22,4,50,0
1990,29,2,0,0,0,1,156,5,35,0
1990,51,1,0,0,0,0,235,2,40,0
1990,50,2,0,0,0,0,689,2,40,0
1990,30,1,2,0,0,0,348,2,40,0
1990,69,1,0,0,0,0,473,0,0,0
1990,64,2,0,0,0,0,313,5,0,0
1990,34,1,1,2,0,1,35,5,45,0
1990,36,2,3,0,0,1,426,3,40,0
1990,70,1,0,0,2,0,0,0,0,0
1990,69,2,0,0,0,0,0,0,0,0
1990,37,1,0,2,1,0,779,1,12,0
1990,35,2,0,2,0,0,575,1,40,0
1990,32,1,1,1,0,1,386,6,40,0
1990,76,1,0,0,0,1,0,0,0,0
1990,75,2,0,0,0,1,0,0,0,0
1990,63,1,0,0,0,1,0,0,0,0
1990,61,2,0,0,0,0,0,0,0,0
1990,76,1,0,0,0,1,453,4,40,0
1990,71,2,0,0,0,0,0,0,0,0
1990,77,2,3,0,0,0,264,3,12,0
1990,79,2,0,0,0,1,337,5,0,0
1990,61,1,0,0,0,1,518,1,15,0
1990,58,2,0,0,0,0,22,1,40,0
1990,47,1,0,2,0,0,756,1,40,0
1990,41,2,0,2,0,0,449,5,40,0
1990,18,2,1,2,0,0,0,0,0,0
1990,67,1,0,0,0,1,7,2,0,0
1990,63,2,0,0,0,1,386,5,0,0
1990,25,1,1,2,0,0,869,0,30,0
1990,40,2,0,0,0,1,447,5,30,0
1990,39,1,0,0,0,1,503,6,40,0
1990,68,1,2,0,0,0,0,0,0,0
1990,33,1,0,0,0,0,804,3,55,0
1990,32,2,0,0,0,0,385,5,40,0
1990,33,1,0,0,0,1,55,2,40,0
1990,34,2,0,0,3,0,0,0,0,0
1990,74,1,3,0,0,1,0,0,0,0
1990,73,2,2,0,0,0,0,0,0,0
1990,45,1,0,1,1,0,657,1,23,0
1990,51,2,0,1,0,1,156,5,27,0
1990,19,2,1,1,0,0,276,3,40,0
1990,21,2,1,0,0,0,257,2,40,0
1990,37,2,3,3,0,0,22,4,99,0
1990,49,1,0,0,0,1,558,0,65,0
1990,51,2,0,0,0,1,313,2,40,0
1990,35,2,0,0,0,0,95,5,15,0
1990,37,1,0,0,0,1,22,5,45,1
1990,47,1,1,0,0,1,733,6,40,0
1990,59,1,0,0,0,1,253,4,25,0
1990,39,2,0,0,1,1,243,3,40,0
1990,39,1,0,2,0,1,866,0,35,0
1990,30,2,0,0,0,1,0,0,0,0
1990,33,1,0,0,0,0,554,0,40,0
1990,28,2,0,0,0,0,456,5,32,0
1990,42,1,0,0,0,1,555,0,48,0
1990,37,2,0,0,0,1,0,0,0,0
1990,18,2,1,0,0,1,276,3,40,0
1990,34,1,0,0,0,1,575,4,50,0
1990,31,2,0,0,0,1,313,1,40,0
1990,31,1,0,0,0,1,22,2,60,1
1990,30,2,0,0,0,1,0,0,0,0
1990,64,1,0,0,0,1,459,5,0,0
1990,61,2,0,0,0,1,0,0,0,0
1990,32,1,0,0,0,0,804,0,40,0
1990,31,2,0,0,0,0,316,4,30,0
1990,55,1,0,0,0,0,215,1,48,0
1990,56,2,0,0,0,0,0,0,0,0
1990,62,1,0,0,0,0,453,5,40,0
1990,60,2,0,2,0,0,339,5,40,0
1990,39,1,0,3,0,1,809,4,55,0
1990,39,2,0,0,0,1,376,2,40,0
1990,50,1,2,0,0,1,254,4,48,0
1990,35,2,1,3,0,0,0,0,0,0
1990,71,2,2,0,0,0,0,0,0,0
1990,32,1,1,0,0,0,0,0,0,0
1990,33,1,0,0,0,1,485,0,40,0
1990,31,2,0,0,0,1,95,5,40,0
1990,40,1,0,2,1,0,439,3,40,0
1990,44,2,0,2,1,0,889,1,25,0
1990,27,1,1,2,0,0,565,0,40,0
1990,21,1,1,2,1,0,555,0,40,0
1990,52,1,0,1,0,0,796,3,40,0
1990,47,2,0,1,0,0,0,0,0,0
1990,25,2,1,1,0,0,383,4,16,0
1990,65,2,3,0,1,0,0,0,0,0
1990,50,1,0,0,0,0,734,1,0,0
1990,46,2,0,0,0,0,447,5,0,0
1990,21,2,1,0,0,0,17,3,0,0
1990,19,1,1,0,0,0,0,0,0,0
1990,29,1,0,0,0,0,598,0,50,0
1990,27,2,0,0,0,0,383,4,0,0
1990,30,1,1,0,0,0,426,4,63,0
1990,56,2,0,0,0,0,0,0,0,0
1990,57,1,0,0,0,0,547,1,45,0
1990,45,1,0,0,0,1,889,2,45,0
1990,40,2,0,0,0,1,85,5,52,0
1990,27,1,1,0,0,1,22,2,32,0
1990,41,1,2,2,4,1,529,3,50,0
1990,69,1,1,1,0,1,0,0,0,0
1990,52,1,0,0,0,1,184,1,40,0
1990,46,2,0,0,0,1,264,4,25,0
1990,49,1,2,0,0,1,487,4,60,1
1990,25,1,3,0,0,1,487,4,60,1
1990,27,2,2,0,0,1,337,3,32,0
1990,34,1,0,0,0,0,27,1,40,1
1990,46,2,0,0,2,0,439,3,20,0
1990,46,1,0,0,0,1,637,1,40,0
1990,43,2,0,0,0,0,0,0,0,0
1990,23,1,1,0,0,1,17,3,40,0
1990,80,2,0,0,2,0,0,0,0,0
1990,25,2,1,2,0,0,0,0,0,0
1990,56,1,0,0,2,1,55,1,46,1
1990,54,2,0,0,2,0,0,0,0,0
1990,27,2,1,0,0,0,379,1,40,0
1990,53,2,2,0,0,0,243,3,40,0
1990,28,2,3,0,0,0,185,3,40,0
1990,40,1,0,0,0,1,628,1,45,0
1990,39,2,0,0,0,1,337,5,40,0
1990,27,1,3,0,1,0,0,0,0,0
1990,26,2,0,2,0,1,276,3,8,0
1990,26,1,0,2,0,0,869,0,30,0
1990,68,2,3,1,0,0,0,0,0,0
1990,29,1,1,1,0,0,436,3,0,0
1990,50,1,0,0,0,1,355,2,40,0
1990,46,2,0,0,0,0,337,5,40,0
1990,26,2,1,0,0,1,29,3,32,0
1990,38,2,2,0,0,1,156,5,55,0
1990,23,1,0,2,0,0,6,6,40,0
1990,21,2,0,2,1,0,364,1,40,0
1990,65,1,0,0,0,1,473,0,30,1
1990,64,2,0,0,0,0,473,0,30,0
1990,41,1,0,0,0,1,534,5,40,0
1990,34,2,0,0,0,0,355,2,40,0
1990,72,1,0,0,0,0,0,0,0,0
1990,68,2,0,0,0,0,274,3,0,0
1990,43,2,2,0,0,1,316,1,40,0
1990,69,2,3,0,0,0,0,0,0,0
1990,28,1,0,0,0,0,637,1,40,0
1990,29,2,0,0,0,0,0,0,0,0
1990,79,2,3,0,0,0,0,0,0,0
1990,70,2,2,0,0,0,0,0,0,0
1990,79,1,0,0,0,1,0,0,0,0
1990,40,2,2,0,0,1,445,5,0,0
1990,41,1,0,0,0,1,22,0,75,1
1990,35,2,0,2,0,1,339,5,20,0
1990,32,1,1,3,0,1,178,5,40,0
1990,66,1,0,0,0,0,0,0,0,0
1990,68,2,0,0,0,0,436,4,35,0
1990,63,2,1,0,0,1,0,0,0,1
1990,70,2,3,0,0,1,0,0,0,0
1990,64,1,0,0,0,0,22,1,0,0
1990,59,2,0,0,0,0,305,4,24,0
1990,26,1,0,0,0,1,303,6,40,0
1990,25,2,0,0,0,0,323,4,0,0
1990,70,2,3,0,0,0,188,3,0,0
1990,66,2,3,0,0,1,0,0,0,0
1990,42,2,2,0,0,0,426,6,40,0
1990,18,1,1,0,0,0,579,0,30,0
1990,47,1,0,0,0,0,254,4,40,0
1990,40,2,0,0,0,0,458,4,50,1
1990,70,1,3,0,4,1,0,0,0,0
1990,44,2,0,0,0,0,316,6,18,0
1990,38,1,0,0,0,1,567,0,40,0
1990,42,1,2,0,0,1,17,3,40,0
1990,49,2,2,0,0,0,17,5,0,0
1990,44,1,3,0,1,0,479,0,35,0
1990,38,1,1,0,1,0,479,0,40,0
1990,25,1,0,0,1,0,479,0,37,0
1990,39,1,0,0,1,0,479,0,40,0
1990,36,2,0,0,1,0,479,0,0,0
1990,26,1,0,2,1,0,479,0,40,0
1990,26,2,0,2,1,0,479,0,40,0
1990,67,1,0,0,0,0,0,0,0,0
1990,76,1,0,2,1,0,0,0,0,0
1990,71,2,0,2,1,0,0,0,0,0
1990,44,2,3,2,0,0,447,4,0,0
1990,45,1,0,0,0,1,585,2,40,0
1990,44,2,0,0,0,1,348,2,40,0
1990,41,1,0,1,0,1,424,6,40,0
1990,39,2,0,1,0,0,337,5,40,0
1990,19,1,1,1,0,1,436,3,12,0
1990,35,2,0,0,0,1,7,4,47,0
1990,37,1,0,0,0,1,364,2,42,0
1990,43,1,0,0,0,0,505,4,60,0
1990,42,2,0,0,0,0,383,4,0,0
1990,22,2,1,0,0,0,159,0,60,0
1990,19,1,1,0,0,0,505,4,40,0
1990,29,1,0,0,0,1,185,1,55,0
1990,26,2,0,0,0,1,466,5,50,0
1990,37,1,0,0,0,1,276,3,64,0
1990,34,2,0,0,0,1,735,3,34,0
1990,60,2,2,0,0,1,785,1,50,0
1990,42,1,2,2,0,0,779,1,50,0
1990,21,2,1,2,0,0,313,0,40,0
1990,42,2,2,0,0,0,313,2,40,0
1990,20,1,0,0,0,0,804,1,40,0
1990,18,2,0,0,0,0,276,3,20,0
1990,47,1,2,0,0,1,0,0,0,0
1990,43,1,0,1,0,0,7,4,40,0
1990,40,2,0,1,0,0,243,3,40,0
1990,22,2,1,1,0,0,319,3,40,0
1990,35,1,0,0,3,1,53,6,40,0
1990,38,2,0,0,0,1,156,5,40,0
1990,45,1,0,0,0,1,84,3,55,0
1990,33,2,0,0,0,1,26,5,30,0
1990,59,1,2,0,0,1,599,3,30,0
1990,70,1,0,0,0,1,0,0,0,1
1990,70,2,0,0,0,1,0,0,0,0
1990,39,2,1,0,0,1,23,4,40,0
1990,42,2,2,0,0,0,266,3,40,0
1990,54,1,2,0,0,1,22,4,40,0
1990,41,2,2,0,0,0,327,2,40,0
1990,53,1,2,0,0,0,17,4,60,0
1990,23,2,1,1,0,1,27,2,40,0
1990,41,1,0,0,0,1,258,1,40,0
1990,42,2,0,0,0,0,319,5,40,0
1990,18,1,1,0,0,0,274,3,25,0
1990,43,1,0,1,0,0,364,2,40,0
1990,39,2,0,1,0,0,327,2,40,0
1990,19,1,1,1,0,0,877,3,30,0
1990,52,1,0,1,0,1,22,2,40,1
1990,56,2,0,1,0,1,379,2,40,0
1990,45,2,0,0,0,1,435,5,8,0
1990,42,1,0,0,0,1,17,3,40,1
1990,35,1,0,0,1,0,869,0,40,0
1990,27,2,0,0,1,0,784,1,0,0
1990,32,1,0,0,0,1,257,4,50,1
1990,32,2,0,0,0,1,0,0,0,0
1990,55,1,0,3,3,1,534,0,40,0
1990,56,2,0,3,3,1,796,1,40,0
1990,18,1,1,3,3,1,266,3,40,0
1990,23,2,1,3,3,1,435,3,15,0
1990,25,1,1,3,3,1,356,4,40,0
1990,56,1,0,0,0,0,22,1,69,0
1990,52,2,0,0,0,0,276,3,35,0
1990,30,1,1,0,0,1,364,2,40,0
1990,22,1,1,0,0,0,453,5,40,0
1990,29,2,1,0,0,1,174,5,50,0
1990,28,1,0,0,0,1,86,0,40,0
1990,25,2,0,0,0,0,337,5,30,0
1990,26,2,1,1,1,1,888,3,25,0
1990,27,1,1,1,0,1,234,6,55,0
1990,68,2,3,0,0,1,0,0,0,0
1990,43,1,3,0,0,0,507,2,40,0
1990,38,2,2,0,0,0,257,2,40,0
1990,29,1,0,0,0,0,585,0,40,0
1990,29,2,0,0,0,0,17,4,50,0
1990,79,2,3,0,0,0,0,0,0,0
1990,57,1,0,0,0,0,653,1,40,0
1990,73,2,0,0,0,0,0,0,0,0
1990,56,1,0,2,1,0,453,4,40,0
1990,50,2,0,2,1,0,0,0,0,0
1990,26,1,1,2,0,0,883,2,40,0
1990,23,1,1,2,0,0,804,1,40,0
1990,22,1,1,2,0,0,276,3,40,0
1990,21,1,1,2,0,0,276,3,40,0
1990,19,2,1,2,0,1,385,2,0,0
1990,19,1,1,2,0,0,276,3,20,0
1990,19,2,1,2,0,0,276,3,20,0
1990,40,1,0,3,3,1,65,1,40,0
1990,40,2,0,0,0,0,386,3,40,0
1990,43,2,1,0,3,0,0,0,0,0
1990,18,1,1,0,0,0,159,5,40,0
1990,26,1,0,2,1,1,276,3,40,0
1990,23,2,0,2,1,0,383,4,40,0
1990,29,1,2,0,0,1,305,5,40,0
1990,30,2,2,2,1,0,0,0,0,0
1990,52,1,0,0,0,0,359,2,60,0
1990,48,2,0,0,2,0,447,5,40,0
1990,20,1,1,0,0,0,567,0,40,0
1990,41,2,2,0,0,0,453,1,40,0
1990,26,1,0,0,0,1,255,4,50,0
1990,25,2,0,0,0,1,337,1,40,0
1990,39,1,0,0,0,1,389,1,40,0
1990,35,2,0,0,0,1,156,5,20,0
1990,41,2,2,0,0,0,453,4,45,0
1990,31,1,3,2,1,0,909,6,0,0
1990,18,2,1,2,1,1,0,0,0,0
1990,28,1,0,0,1,0,518,1,40,0
1990,26,2,0,0,1,0,754,1,40,0
1990,22,2,1,0,0,1,467,5,0,0
1990,55,1,0,2,1,0,479,0,54,0
1990,54,2,0,2,1,0,0,0,0,0
1990,32,1,1,2,1,0,0,0,0,0
1990,18,1,1,2,0,0,486,0,20,0
1990,19,2,1,0,0,0,785,1,30,0
1990,27,1,0,0,0,1,64,1,40,0
1990,29,2,0,0,0,0,9,4,35,0
1990,33,1,0,0,0,0,575,5,40,0
1990,33,2,0,0,0,0,337,2,40,0
1990,45,2,2,1,0,1,36,6,40,0
1990,42,1,2,1,0,1,23,5,40,0
1990,19,1,1,1,0,0,274,3,20,0
1990,36,1,1,0,4,1,885,3,40,0
1990,54,2,3,0,0,0,0,0,0,0
1990,20,1,1,0,0,0,683,1,40,0
1990,34,1,0,2,1,0,755,1,40,0
1990,32,2,0,2,1,0,687,1,0,0
1990,50,1,0,2,1,0,0,0,0,0
1990,44,2,0,2,1,0,243,3,40,0
1990,26,2,3,2,1,0,276,3,20,0
1990,32,1,0,1,0,1,449,3,40,0
1990,36,2,0,1,0,1,254,4,40,0
1990,21,1,1,1,0,0,877,3,20,0
1990,34,1,0,0,1,0,779,1,40,0
1990,31,2,0,0,1,0,683,1,40,0
1990,27,1,0,0,1,0,444,3,40,0
1990,23,2,0,0,1,0,0,0,0,0
1990,22,1,1,0,0,0,579,0,40,0
1990,50,2,3,0,0,1,274,3,40,0
1990,42,1,0,0,0,1,628,2,40,0
1990,43,2,0,0,0,1,359,6,40,0
1990,21,2,1,0,0,1,276,3,30,0
1990,19,2,1,0,0,1,444,3,35,0
1990,19,2,1,0,0,1,438,3,35,0
1990,31,1,0,3,0,1,156,5,45,0
1990,24,2,0,0,0,0,434,5,30,0
1990,32,1,0,2,0,0,22,0,40,1
1990,33,2,0,2,0,0,274,3,0,0
1990,66,1,0,0,0,0,0,0,0,0
1990,67,2,0,0,0,0,0,0,0,0
1990,33,1,0,0,0,1,156,5,50,0
1990,32,2,0,0,0,1,466,5,80,0
1990,51,1,0,0,0,1,558,2,70,1
1990,50,2,0,0,0,1,376,2,60,1
1990,32,1,0,2,0,1,585,0,40,0
1990,35,2,0,2,0,1,95,5,40,0
1990,57,1,0,0,0,0,22,1,40,0
1990,50,2,0,0,0,0,22,1,45,0
1990,48,1,0,0,0,1,65,6,50,1
1990,50,2,0,0,2,0,337,4,52,0
1990,23,1,1,0,0,1,785,3,40,0
1990,25,2,1,1,0,0,785,1,40,0
1990,55,2,0,0,0,1,313,0,40,0
1990,58,1,0,0,0,0,549,6,40,0
1990,29,2,1,0,0,1,435,3,40,0
1990,41,1,0,0,0,1,198,2,40,0
1990,29,2,0,0,0,0,274,3,35,0
1990,35,1,2,0,0,0,853,0,40,0
1990,37,2,2,0,0,0,208,5,40,0
1990,25,2,1,0,0,0,277,3,0,0
1990,27,1,3,0,0,0,883,2,20,0
1990,47,1,0,0,0,0,904,6,50,0
1990,52,2,0,3,3,0,449,4,40,0
1990,18,1,1,0,3,1,17,3,40,0
1990,23,1,1,0,0,1,415,4,60,0
1990,26,1,1,0,0,0,426,4,40,0
1990,28,2,1,0,0,1,359,4,30,0
1990,69,2,2,1,0,1,389,5,20,0
1990,42,1,0,0,0,1,22,2,65,1
1990,39,2,0,0,0,0,274,3,40,0
1990,30,1,0,0,0,0,628,1,40,0
1990,24,2,0,0,0,0,0,0,0,0
1990,62,2,3,0,0,0,274,3,0,0
1990,32,1,1,0,0,1,803,2,99,0
1990,24,1,1,0,0,1,226,6,55,0
1990,23,1,3,0,0,1,226,6,55,0
1990,23,1,1,0,0,1,226,6,55,0
1990,64,1,0,0,0,0,268,3,24,0
1990,57,2,0,0,0,0,276,4,20,0
1990,19,2,1,0,0,0,449,4,12,0
1990,51,1,0,0,0,1,628,1,40,1
1990,51,2,0,0,0,1,156,5,28,0
1990,54,1,0,0,0,1,37,1,40,1
1990,57,2,0,0,0,0,313,3,40,0
1990,52,1,2,0,0,1,213,5,0,0
1990,20,1,1,0,2,0,885,3,40,0
1990,19,2,1,3,0,0,264,3,40,0
1990,38,1,0,0,0,1,534,0,40,0
1990,40,2,0,0,0,1,206,5,40,0
1990,19,1,1,0,0,0,0,0,0,0
1990,53,1,3,0,1,0,0,0,0,0
1990,20,2,1,0,0,1,877,3,30,0
1990,52,1,0,0,0,1,783,0,20,0
1990,41,2,0,0,0,1,466,5,40,0
1990,56,2,2,0,0,1,154,5,35,0
1990,51,1,0,2,1,0,276,3,40,0
1990,34,2,0,2,1,0,754,1,24,0
1990,68,1,0,0,0,0,516,0,16,0
1990,68,2,0,0,0,0,0,0,0,0
1990,40,1,0,0,0,1,804,2,70,1
1990,39,2,0,0,0,0,0,0,0,0
1990,35,1,0,0,0,1,166,1,40,0
1990,35,2,0,0,0,1,97,5,24,0
1990,57,1,1,0,2,1,217,4,8,0
1990,28,1,2,0,0,1,523,6,60,0
1990,28,2,0,1,0,0,447,5,40,0
1990,25,1,0,1,0,0,796,6,40,0
1990,61,1,0,0,0,1,0,0,0,0
1990,59,2,0,0,0,0,0,0,0,0
1990,32,1,3,0,0,0,567,0,40,0
1990,25,1,0,0,0,1,783,2,40,0
1990,32,2,0,0,4,1,156,5,0,0
1990,33,2,3,0,0,1,313,4,40,0
1990,29,1,1,1,0,1,804,5,40,0
1990,50,1,2,0,0,0,804,0,50,0
1990,37,1,2,0,0,0,889,5,40,0
1990,40,2,2,0,0,0,434,3,0,0
1990,26,2,2,0,0,1,458,4,0,0
1990,37,1,2,0,0,1,307,1,40,0
1990,26,2,2,0,0,0,435,3,40,0
1990,45,1,0,0,0,1,154,5,60,0
1990,45,2,0,0,0,1,315,4,17,0
1990,24,2,1,0,0,0,407,4,0,0
1990,58,2,3,0,0,0,0,0,0,0
1990,33,2,0,0,0,1,256,4,60,1
1990,29,1,0,0,0,1,0,0,0,0
1990,34,1,0,0,0,1,413,6,72,1
1990,32,2,0,0,0,1,445,5,16,0
1990,46,2,2,0,0,1,14,5,40,1
1990,43,1,0,0,0,1,628,1,55,0
1990,41,2,0,0,0,1,15,5,40,0
1990,69,1,0,0,0,1,804,2,2,0
1990,80,2,0,0,0,1,0,0,0,0
1990,54,1,0,0,0,0,804,2,40,0
1990,75,2,0,0,0,0,435,4,18,0
1990,56,2,3,0,0,1,385,4,40,0
1990,37,1,0,2,0,0,22,1,40,1
1990,35,2,0,2,1,0,0,0,0,0
1990,18,1,1,2,1,0,443,3,12,0
1990,23,1,1,0,0,1,364,2,20,0
1990,29,2,2,0,0,1,303,3,40,0
1990,62,1,1,0,4,1,243,3,40,0
1990,70,2,1,0,0,1,84,1,40,0
1990,61,2,2,0,0,0,447,5,40,0
1990,26,1,0,0,0,0,585,0,45,0
1990,25,2,0,0,0,1,375,4,37,0
1990,48,1,0,3,0,0,185,5,40,1
1990,43,2,0,0,0,0,436,3,0,0
1990,26,2,1,0,0,1,313,5,8,0
1990,31,1,0,0,0,1,549,4,40,0
1990,28,2,0,0,0,1,887,2,8,0
1990,58,2,2,2,0,0,453,4,40,0
1990,29,1,0,2,0,0,426,1,40,0
1990,29,2,0,2,0,0,348,3,44,0
1990,25,2,3,2,0,0,723,1,40,0
1990,54,1,0,0,0,1,22,1,55,1
1990,52,2,0,0,0,1,156,5,40,0
1990,54,1,0,2,1,0,479,0,50,0
1990,53,2,0,2,1,0,0,0,0,0
1990,25,2,1,2,0,1,308,4,45,0
1990,24,1,1,1,0,1,0,0,0,0
1990,23,1,1,1,1,1,479,0,40,0
1990,39,1,0,0,0,1,274,3,60,0
1990,39,2,0,0,0,1,407,4,37,0
1990,25,1,0,1,0,1,856,1,0,0
1990,22,2,0,1,0,0,319,1,0,0
1990,38,1,0,0,0,1,653,0,40,0
1990,34,2,0,0,0,1,387,5,5,0
1990,71,2,3,0,0,1,188,4,20,0
1990,45,1,0,0,0,1,278,1,50,0
1990,34,2,0,0,0,1,274,3,40,0
1990,54,2,2,0,0,1,0,0,0,0
1990,53,2,0,0,0,0,276,3,40,0
1990,61,1,0,0,0,0,628,2,24,0
1990,29,1,0,0,0,1,22,4,50,0
1990,29,2,0,0,0,1,37,1,40,0
1990,65,1,0,0,2,1,796,1,0,0
1990,65,2,0,0,2,1,0,0,0,0
1990,33,1,0,0,0,1,44,1,48,1
1990,38,2,0,0,0,0,453,4,10,0
1990,19,2,1,0,0,0,444,5,15,0
1990,54,2,3,0,0,1,347,6,20,0
1990,65,1,0,0,0,0,355,2,0,0
1990,62,2,0,0,0,0,22,1,24,0
1990,55,2,2,0,0,0,785,1,40,0
1990,42,1,0,2,1,0,364,3,40,0
1990,42,2,0,2,1,0,744,1,37,0
1990,28,1,0,0,0,0,803,2,55,0
1990,27,2,0,0,0,1,313,0,55,0
1990,40,1,0,3,3,1,229,1,40,0
1990,38,2,0,3,0,1,27,6,0,0
1990,46,1,0,0,1,1,804,2,10,1
1990,41,2,0,0,1,0,335,3,40,0
1990,36,2,1,0,0,1,27,6,40,0
1990,43,1,0,2,1,0,804,2,40,0
1990,33,2,0,2,0,0,313,2,0,0
1990,60,1,3,2,0,0,453,5,40,0
1990,39,1,0,0,0,0,549,1,50,1
1990,37,2,0,0,0,0,274,3,20,0
1990,34,1,1,0,0,1,243,3,40,0
1990,74,1,3,0,0,0,0,0,0,0
1990,23,1,0,2,0,0,889,4,40,0
1990,23,2,0,2,0,1,889,3,30,0
1990,21,1,3,2,4,0,259,3,40,0
1990,26,2,2,0,0,0,0,0,0,0
1990,58,1,0,0,0,0,707,1,40,0
1990,57,2,0,0,0,0,276,3,40,0
1990,19,1,1,0,0,0,558,0,40,0
1990,24,2,2,0,0,1,313,4,0,0
1990,56,2,3,0,0,1,449,5,40,0
1990,54,1,0,2,0,1,804,6,40,0
1990,43,2,0,0,0,0,313,5,32,0
1990,22,1,1,0,0,0,547,2,40,0
1990,20,1,1,0,0,0,276,3,33,0
1990,32,1,0,0,0,1,575,0,40,1
1990,32,2,0,0,0,0,888,3,40,0
1990,57,1,0,0,0,0,686,3,48,0
1990,49,2,0,0,0,0,888,3,40,0
1990,61,1,0,0,0,1,628,1,40,1
1990,50,2,0,0,0,0,0,0,0,0
1990,18,1,1,0,0,0,436,3,0,0
1990,40,1,1,0,0,0,516,3,40,0
1990,36,2,1,2,0,0,315,5,40,0
1990,37,1,0,0,0,1,877,3,40,0
1990,37,2,0,0,0,1,308,1,40,0
1990,69,1,3,0,0,1,556,0,0,0
1990,51,1,0,0,0,0,453,1,40,0
1990,46,2,0,0,1,0,889,3,40,0
1990,26,1,1,0,1,0,866,0,40,0
1990,23,1,1,0,0,1,365,3,0,0
1990,25,2,1,0,0,1,804,3,40,0
1990,72,1,2,0,0,1,0,0,0,0
1990,30,1,1,0,0,0,855,0,38,0
1990,61,1,0,0,0,1,253,4,40,1
1990,61,2,0,0,0,0,22,4,20,0
1990,30,1,0,2,0,1,734,1,80,0
1990,28,2,0,0,0,0,0,0,0,0
1990,42,2,3,1,0,0,0,0,0,0
1990,19,2,1,1,0,1,313,4,40,0
1990,19,2,1,1,0,1,276,3,30,0
1990,66,1,0,2,1,0,194,4,40,1
1990,65,2,0,2,1,0,17,3,30,0
1990,29,1,1,2,0,0,276,3,35,0
1990,24,1,0,1,0,1,274,3,55,0
1990,20,2,0,1,0,0,303,3,35,0
1990,58,2,0,0,0,0,0,0,0,0
1990,62,1,0,0,0,0,0,0,0,0
1990,26,1,0,0,0,1,567,0,40,0
1990,35,2,0,0,0,1,234,1,40,0
1990,44,1,2,0,0,1,538,3,40,0
1990,18,1,1,0,0,0,276,3,40,0
1990,53,1,2,1,0,1,307,2,40,0
1990,63,1,0,0,0,0,7,5,12,0
1990,62,2,0,0,0,1,159,5,0,0
1990,24,1,1,0,0,1,653,1,40,0
1990,20,2,1,0,0,0,276,3,25,0
1990,27,1,1,0,0,0,885,3,70,0
1990,35,2,0,0,0,1,189,6,40,0
1990,38,1,0,0,0,1,515,6,40,0
1990,28,1,0,1,0,1,43,5,48,0
1990,32,2,0,1,0,1,234,5,43,0
1990,27,2,1,2,0,1,447,5,40,0
1990,43,1,0,0,0,0,804,3,50,0
1990,40,2,0,0,0,1,95,5,40,0
1990,63,2,3,1,0,0,0,0,0,0
1990,80,1,3,0,0,0,0,0,0,0
1990,40,1,0,0,0,0,885,3,40,0
1990,31,2,0,0,0,0,254,4,20,0
1990,69,2,3,0,0,0,0,0,0,0
1990,25,2,1,0,0,1,365,3,40,0
1990,46,2,3,1,0,1,444,5,0,0
1990,26,1,1,1,0,1,447,5,16,0
1990,25,2,1,1,0,1,95,5,60,0
1990,21,1,1,1,0,0,443,3,35,0
1990,39,1,0,1,1,0,909,6,0,0
1990,36,2,0,1,1,0,453,4,30,0
1990,58,1,0,0,0,1,7,4,42,1
1990,55,2,0,0,2,1,0,0,0,0
1990,43,1,0,0,0,1,87,5,40,1
1990,40,2,0,0,0,1,203,5,20,0
1990,65,1,0,0,0,1,0,0,0,0
1990,49,2,0,0,0,0,276,3,7,0
1990,22,2,1,0,0,1,22,3,25,0
1990,21,2,1,0,0,1,274,3,30,0
1990,20,2,3,2,0,0,0,0,0,0
1990,42,2,2,0,0,1,453,1,40,0
1990,35,2,3,0,0,0,0,0,0,0
1990,18,2,1,0,0,0,0,0,0,0
1990,79,1,1,1,0,0,0,0,0,0
1990,25,1,1,3,0,0,777,1,0,0
1990,32,2,3,0,0,0,276,3,0,0
1990,26,1,0,2,0,1,213,2,0,0
1990,29,2,0,2,0,1,313,5,40,0
1990,24,2,1,2,0,1,379,5,48,0
1990,65,1,0,0,0,1,156,5,8,0
1990,58,2,0,0,0,1,313,5,20,0
1990,32,1,1,0,0,1,23,5,40,0
1990,78,1,0,0,0,0,0,0,0,0
1990,71,2,0,0,0,0,0,0,0,0
1990,44,1,0,0,1,0,869,0,45,0
1990,50,2,0,0,1,0,436,3,40,0
1990,25,2,1,0,0,1,167,5,30,0
1990,21,1,1,0,0,0,365,3,26,0
1990,18,2,1,0,0,0,276,3,0,0
1990,21,2,3,0,1,0,274,3,38,0
1990,22,1,3,0,0,0,565,0,40,0
1990,30,2,2,0,0,0,459,5,40,0
1990,33,1,2,0,0,0,804,0,40,0
1990,40,1,0,0,0,0,155,5,40,0
1990,36,2,0,0,0,0,36,4,40,0
1990,39,1,0,0,0,0,797,1,40,1
1990,38,2,0,0,0,1,466,5,35,0
1990,65,2,3,0,0,0,283,3,45,0
1990,35,1,0,3,3,0,356,4,0,0
1990,31,2,0,3,3,0,0,0,0,0
1990,64,1,0,0,0,1,22,0,0,0
1990,61,2,0,0,0,0,0,0,0,0
1990,49,1,2,0,0,1,185,1,50,0
1990,39,1,0,0,0,1,259,3,40,0
1990,36,2,0,0,0,1,95,5,40,0
1990,78,1,3,0,0,1,0,0,0,0
1990,53,2,2,0,0,0,259,1,72,0
1990,25,2,1,0,0,0,313,1,24,0
1990,39,1,0,3,3,0,213,1,0,0
1990,31,2,0,3,3,0,0,0,0,0
1990,47,1,1,1,0,0,0,0,0,0
1990,24,2,1,2,0,0,0,0,0,0
1990,43,1,3,0,0,1,195,1,38,0
1990,42,1,1,0,0,0,0,0,0,0
1990,33,1,0,0,1,0,599,0,44,0
1990,30,2,0,0,1,0,744,1,40,0
1990,19,1,0,0,0,1,687,3,30,0
1990,19,2,0,0,0,0,276,3,40,0
1990,63,1,0,0,0,1,567,1,36,0
1990,36,2,0,0,0,1,389,2,40,0
1990,66,2,2,0,0,0,18,4,0,0
1990,56,1,0,1,0,0,389,1,40,0
1990,54,2,0,1,0,0,276,6,40,0
1990,51,1,0,1,0,0,453,5,40,0
1990,46,2,0,1,0,0,97,5,20,0
1990,23,2,1,1,0,1,335,4,30,0
1990,24,1,0,2,1,0,453,4,40,0
1990,25,2,0,2,1,0,785,1,40,0
1990,31,1,3,1,0,1,809,4,40,0
1990,38,2,2,1,0,0,0,0,0,0
1990,37,1,0,3,3,0,364,1,40,0
1990,38,2,0,3,3,1,274,3,40,0
1990,30,1,0,0,0,1,243,3,50,0
1990,31,2,0,0,0,1,156,5,40,0
1990,53,1,0,0,0,0,243,3,40,1
1990,40,2,0,0,0,1,276,3,25,0
1990,37,1,0,1,0,1,417,6,72,1
1990,33,2,0,1,0,1,354,2,35,0
1990,50,1,0,0,0,0,783,0,40,0
1990,46,2,0,0,0,0,0,0,0,0
1990,18,1,1,0,0,1,0,0,0,0
1990,36,1,0,0,0,0,558,0,40,0
1990,35,2,0,0,0,1,364,3,0,0
1990,18,2,1,0,0,0,308,2,30,0
1990,42,1,0,2,0,1,257,2,40,0
1990,41,2,0,2,0,1,316,4,40,0
1990,49,2,0,2,0,0,453,4,0,0
1990,56,1,0,2,0,0,453,4,40,0
1990,28,1,3,2,0,1,584,0,45,0
1990,32,1,2,2,0,1,486,0,40,0
1990,26,1,0,2,1,0,567,1,40,0
1990,23,2,0,2,1,0,567,0,40,0
1990,19,2,1,1,0,1,449,4,40,0
1990,22,2,1,2,0,1,379,5,50,0
1990,46,2,1,0,0,0,335,4,40,0
1990,73,2,2,2,1,0,0,0,0,0
1990,50,2,2,2,0,0,449,4,0,0
1990,74,1,3,0,1,0,0,0,0,0
1990,32,1,2,0,0,1,423,6,70,0
1990,77,1,0,0,0,0,0,0,0,0
1990,71,2,0,0,0,0,0,0,0,0
1990,25,2,0,0,0,0,319,5,40,0
1990,25,1,0,0,0,0,585,0,45,0
1990,31,2,2,0,0,1,315,2,40,0
1990,25,2,1,0,0,1,23,4,40,0
1990,28,1,0,0,0,1,84,5,60,0
1990,28,2,0,0,0,1,0,0,0,0
1990,80,2,0,3,3,0,0,0,0,0
1990,60,1,0,3,4,1,379,4,40,0
1990,57,1,3,3,3,1,636,1,40,0
1990,53,2,1,0,4,1,167,5,40,0
1990,31,1,0,0,0,0,269,3,40,0
1990,18,2,0,0,0,0,337,3,40,0
1990,33,2,2,0,0,1,259,3,40,0
1990,31,1,2,0,0,1,436,3,40,0
1990,42,2,2,0,0,1,163,5,37,0
1990,23,1,0,0,1,0,889,1,30,0
1990,22,2,0,0,0,0,379,5,40,0
1990,39,1,2,0,0,0,869,0,0,0
1990,24,2,1,3,0,1,21,5,40,0
1990,28,2,1,0,0,1,363,5,40,0
1990,35,2,1,0,0,1,176,5,40,0
1990,30,2,1,0,0,1,159,5,50,0
1990,24,2,1,0,0,0,595,0,0,0
1990,22,1,1,0,0,0,885,3,40,0
1990,80,2,3,0,0,1,0,0,0,0
1990,46,1,0,2,0,1,518,4,40,1
1990,45,2,0,2,0,0,0,0,0,0
1990,59,1,0,2,0,0,813,4,0,0
1990,58,2,0,2,0,0,467,5,25,0
1990,28,2,1,0,0,1,99,5,40,0
1990,39,1,2,2,0,0,486,5,40,0
1990,18,1,1,2,0,0,877,3,40,0
1990,30,2,1,0,0,1,377,5,40,0
1990,36,1,1,0,0,0,185,4,40,0
1990,29,1,0,0,0,1,259,3,50,0
1990,27,2,0,0,0,1,18,4,50,0
1990,74,2,3,0,0,1,0,0,0,0
1990,68,1,0,0,0,0,33,1,0,0
1990,75,2,0,0,0,0,0,0,0,0
1990,45,1,0,0,0,1,84,5,65,1
1990,41,2,0,0,0,1,216,5,34,0
1990,73,2,3,0,0,0,276,3,8,0
1990,53,2,2,0,0,1,157,5,45,0
1990,32,1,0,0,0,1,558,0,40,0
1990,27,2,0,0,0,1,276,3,20,0
1990,43,2,2,0,0,1,154,5,50,1
1990,43,1,0,0,0,1,903,6,50,0
1990,42,2,0,0,0,1,159,5,20,0
1990,18,1,1,0,0,0,276,3,15,0
1990,63,2,2,0,0,1,195,1,40,1
1990,28,2,3,0,0,1,438,3,35,0
1990,39,2,3,0,0,1,159,5,40,0
1990,20,2,1,0,0,1,155,5,47,0
1990,67,1,0,0,0,1,95,6,0,0
1990,60,2,0,0,0,1,15,5,40,0
1990,26,2,1,0,0,0,0,0,0,0
1990,22,1,1,0,0,1,804,3,40,0
1990,70,2,3,0,0,1,174,6,40,0
1990,41,2,2,0,0,1,276,0,42,0
1990,49,1,0,3,0,1,486,5,40,0
1990,44,2,0,0,0,1,337,5,16,0
1990,71,1,2,0,0,0,0,0,0,0
1990,46,2,2,0,0,1,0,0,0,0
1990,60,2,2,0,0,0,0,0,0,0
1990,66,1,0,0,0,1,0,0,0,0
1990,52,2,0,0,0,0,25,4,40,0
1990,72,2,3,0,0,0,0,0,0,0
1990,42,1,0,3,3,1,154,5,40,0
1990,39,2,0,3,3,0,0,0,0,0
1990,74,1,0,0,0,0,0,0,0,0
1990,73,2,0,0,0,1,0,0,0,0
1990,20,2,1,0,0,1,383,4,20,0
1990,32,1,0,0,0,1,84,5,60,0
1990,30,2,0,0,3,1,22,5,40,0
1990,26,2,3,0,0,1,75,5,40,0
1990,54,1,0,3,0,1,22,2,40,0
1990,49,2,0,0,0,0,379,3,40,0
1990,39,1,0,0,0,1,84,5,50,1
1990,34,2,0,0,0,1,22,5,60,0
1990,25,2,1,0,0,1,313,4,20,0
1990,42,1,2,0,0,0,538,3,40,0
1990,69,1,0,0,0,0,417,6,4,0
1990,72,2,0,0,0,0,274,3,12,0
1990,57,1,0,0,0,1,23,5,40,0
1990,57,2,0,0,0,1,313,5,10,0
1990,68,2,2,0,0,1,0,0,0,0
1990,49,1,0,0,0,1,505,4,50,0
1990,52,2,0,0,0,0,447,5,0,0
1990,62,2,3,0,0,1,0,0,0,0
1990,43,2,2,0,0,1,276,3,85,0
1990,25,2,3,0,0,0,0,0,0,0
1990,26,1,1,0,0,1,505,3,80,0
1990,36,2,2,0,0,0,389,5,40,0
1990,25,1,0,0,0,1,507,6,40,0
1990,27,2,0,0,0,1,98,5,40,0
1990,68,1,0,0,0,0,0,0,0,0
1990,67,2,0,0,0,0,0,0,0,0
1990,34,1,0,0,0,0,869,0,40,0
1990,55,2,0,0,0,0,0,0,0,0
1990,25,1,3,3,4,0,364,6,40,0
1990,40,1,0,0,0,1,8,6,50,0
1990,37,2,0,0,0,1,25,6,40,0
1990,26,1,0,0,0,0,507,6,60,0
1990,25,2,0,0,0,0,5,6,40,0
1990,51,1,0,0,0,0,514,4,40,0
1990,48,2,0,0,0,0,365,1,0,0
1990,21,1,1,1,0,0,529,6,45,0
1990,21,1,1,2,0,0,505,6,50,0
1990,22,1,1,0,0,0,904,6,50,0
1990,20,2,1,0,0,1,446,6,50,0
1990,21,1,1,0,0,0,904,6,40,0
1990,37,1,0,0,0,1,22,6,40,0
1990,37,2,0,0,2,1,0,0,0,0
1990,73,1,0,0,0,0,549,1,0,0
1990,57,1,0,0,0,0,889,4,0,0
1990,60,2,0,0,0,0,439,5,40,0
1990,73,1,0,0,0,1,0,0,0,0
1990,71,2,0,0,0,0,0,0,0,0
1990,32,1,0,0,0,0,453,2,40,0
1990,31,2,0,3,0,0,383,4,15,0
1990,55,1,0,0,0,0,453,5,40,0
1990,49,2,0,0,0,0,156,5,30,0
1990,24,1,1,0,0,1,316,6,0,0
1990,64,1,0,3,0,0,804,2,0,0
1990,57,2,0,3,0,0,449,4,35,0
1990,30,2,1,3,0,1,449,4,35,0
1990,24,1,1,3,0,0,444,3,40,0
1990,28,1,1,3,0,0,0,0,0,0
1990,53,1,0,0,0,0,558,0,50,0
1990,52,2,0,0,0,0,274,3,20,0
1990,26,1,1,0,0,1,844,0,60,0
1990,39,2,0,0,0,1,0,0,0,0
1990,38,1,0,0,3,1,23,5,40,0
1990,37,1,0,0,0,1,156,5,60,0
1990,36,2,0,0,0,1,156,5,30,0
1990,52,1,0,0,0,0,16,2,24,0
1990,42,2,0,0,0,1,156,5,40,0
1990,24,2,0,1,0,1,156,5,45,0
1990,21,1,0,1,0,0,365,6,60,0
1990,33,1,0,0,0,1,575,0,50,0
1990,29,2,0,3,4,1,0,0,0,0
1990,39,1,0,0,0,1,157,5,40,0
1990,34,2,0,0,0,1,156,5,40,0
1990,24,1,0,0,0,0,904,6,54,0
1990,21,2,0,0,0,1,274,3,32,0
1990,72,1,0,0,0,0,0,0,0,0
1990,72,2,0,0,0,0,0,0,0,0
1990,66,1,0,0,0,1,59,5,40,0
1990,63,2,0,0,0,0,0,0,0,0
1990,35,1,1,0,0,1,156,5,50,0
1990,39,1,0,0,0,0,22,0,40,0
1990,32,2,0,0,0,1,22,5,38,0
1990,63,1,0,0,0,1,84,5,55,1
1990,55,2,0,0,0,0,22,5,18,0
1990,30,1,0,0,0,1,447,6,56,0
1990,30,2,0,0,0,1,7,4,40,0
1990,23,1,1,0,0,0,783,4,40,0
1990,19,2,1,0,0,0,313,1,25,0
1990,29,1,0,0,0,1,417,6,40,1
1990,28,2,0,0,0,0,318,2,40,0
1990,46,1,0,0,0,1,22,0,40,0
1990,46,2,0,0,0,1,254,4,60,1
1990,73,2,2,0,0,1,33,6,30,0
1990,74,1,0,0,0,1,0,0,0,0
1990,76,2,0,0,0,1,0,0,0,0
1990,62,1,0,0,0,0,0,0,0,1
1990,60,2,0,0,0,0,0,0,0,0
1990,27,2,0,0,0,0,319,5,7,0
1990,30,1,0,0,0,0,0,0,0,0
1990,30,1,3,0,0,1,505,3,40,0
1990,64,1,0,0,0,0,585,6,0,0
1990,67,2,0,0,0,0,0,0,0,0
1990,32,2,3,1,0,0,0,0,0,0
1990,47,1,0,0,0,1,259,1,32,1
1990,43,2,0,0,0,1,22,1,32,0
1990,20,2,1,0,0,1,375,4,38,0
1990,45,1,2,0,0,0,308,1,50,1
1990,34,1,0,3,3,1,22,2,50,0
1990,32,2,0,3,3,1,9,3,40,0
1990,35,1,2,0,0,1,22,1,50,0
1990,35,2,2,0,0,1,22,1,40,0
1990,47,1,0,0,0,1,883,2,40,1
1990,42,2,0,0,0,1,487,0,26,0
1990,19,2,1,0,0,1,276,3,20,0
1990,51,2,2,0,0,0,223,1,0,0
1990,64,1,3,0,0,0,473,0,50,0
1990,32,1,0,2,0,0,453,4,40,0
1990,31,2,0,2,0,0,376,2,40,0
1990,32,1,0,2,0,0,243,3,40,0
1990,32,2,0,0,0,1,276,3,30,0
1990,72,1,0,0,0,1,0,0,0,0
1990,67,2,0,0,0,0,0,0,0,0
1990,29,1,0,0,0,0,485,0,40,0
1990,36,2,0,3,3,0,453,4,40,0
1990,26,1,0,0,1,1,213,2,0,0
1990,23,2,0,0,1,0,243,3,40,0
1990,32,1,0,0,0,0,453,1,40,0
1990,28,2,0,0,0,1,453,3,25,0
1990,66,1,0,0,0,1,0,0,0,0
1990,66,2,0,0,0,0,0,0,0,0
1990,21,1,0,0,0,0,17,3,40,0
1990,20,2,0,0,0,0,373,3,30,0
1990,74,2,3,0,0,0,379,6,0,0
1990,72,2,3,0,0,1,0,0,0,0
1990,38,2,1,0,0,1,14,5,40,0
1990,35,1,1,0,0,1,37,4,37,0
1990,37,2,3,0,0,1,154,5,30,0
1990,58,1,0,0,0,0,888,1,46,0
1990,48,2,0,0,0,1,95,5,24,0
1990,22,1,1,0,0,0,365,3,36,0
1990,20,1,1,0,0,1,277,3,6,0
1990,54,1,0,0,0,0,257,4,40,0
1990,53,2,0,0,0,1,379,4,40,0
1990,58,2,3,0,0,0,337,2,20,0
1990,32,2,1,0,0,0,748,4,40,0
1990,29,1,1,0,0,0,567,0,0,0
1990,74,2,1,0,0,1,125,5,0,0
1990,56,1,0,2,0,0,436,5,8,0
1990,48,2,0,2,0,0,155,5,40,0
1990,27,2,1,2,1,0,449,4,40,0
1990,46,2,0,0,0,0,313,5,40,0
1990,42,1,0,0,0,1,75,6,40,0
1990,39,2,2,0,0,1,337,3,40,0
1990,18,1,1,0,0,0,276,3,0,0
1990,39,1,2,3,0,0,809,4,40,0
1990,34,2,2,0,0,1,744,1,0,0
1990,27,1,0,0,0,0,0,0,0,0
1990,23,2,0,3,0,0,275,4,40,0
1990,25,1,1,0,0,0,438,3,40,0
1990,26,1,2,3,0,0,883,2,30,0
1990,72,2,3,2,1,0,453,5,0,0
1990,50,2,0,0,0,0,449,4,0,0
1990,52,1,0,0,0,0,505,6,40,0
1990,36,1,0,0,0,0,588,0,20,0
1990,35,2,0,0,0,0,0,0,0,0
1990,27,2,1,3,0,0,313,5,40,0
1990,43,1,2,0,0,0,869,1,40,0
1990,50,2,2,0,0,0,155,5,40,0
1990,30,1,1,0,0,0,869,0,40,0
1990,29,1,0,0,0,0,889,3,27,0
1990,29,2,0,0,0,0,276,3,24,0
1990,32,2,1,0,0,1,313,5,42,0
1990,31,1,0,0,0,0,567,0,45,0
1990,30,2,0,0,0,0,323,4,0,0
1990,64,1,0,0,0,1,256,1,37,0
1990,62,2,0,0,0,1,313,3,40,0
1990,51,1,0,2,0,1,217,1,40,0
1990,51,2,0,2,0,1,466,5,40,0
1990,20,2,1,2,0,1,385,1,40,0
1990,79,2,3,0,0,0,0,0,0,0
1990,68,2,3,0,0,0,0,0,0,0
1990,25,2,1,3,3,1,0,0,0,0
1990,36,1,2,0,0,0,0,0,0,0
1990,40,2,2,0,0,1,22,4,28,0
1990,25,2,2,2,0,0,443,3,0,0
1990,29,1,1,0,0,1,59,1,40,0
1990,71,1,2,0,0,0,0,0,0,0
1990,53,1,0,0,0,0,804,3,36,0
1990,51,2,0,0,0,0,243,3,40,0
1990,49,1,3,1,0,0,177,5,30,0
1990,36,1,1,1,0,0,804,2,40,0
1990,32,1,1,1,0,1,777,3,40,0
1990,27,1,0,2,1,1,828,6,20,0
1990,24,2,0,2,0,1,315,5,20,0
1990,66,1,1,0,0,0,0,0,0,0
1990,44,2,3,1,0,0,0,0,0,0
1990,32,2,1,0,0,1,903,6,40,0
1990,60,1,0,1,0,0,558,0,40,0
1990,65,2,0,1,0,1,156,5,8,0
1990,28,2,1,1,0,0,443,5,40,0
1990,33,2,3,1,0,0,235,3,40,0
1990,64,2,3,1,0,1,174,5,0,0
1990,39,2,1,1,0,1,354,2,40,0
1990,44,1,3,1,0,1,549,1,48,0
1990,40,1,0,0,0,1,508,2,46,0
1990,31,2,0,0,0,1,95,5,40,0
1990,54,1,2,1,0,1,229,6,30,0
1990,57,1,0,1,0,1,156,5,40,0
1990,55,2,0,1,0,0,444,1,40,0
1990,30,1,1,1,0,1,257,4,40,0
1990,29,1,1,1,0,0,436,3,40,0
1990,37,1,0,0,0,1,9,1,55,1
1990,36,2,0,1,0,1,0,0,0,0
1990,36,1,1,0,0,1,809,2,33,0
1990,29,1,1,0,0,1,13,3,40,0
1990,29,2,3,0,0,1,376,1,40,0
1990,25,2,1,0,0,1,29,3,40,0
1990,31,1,2,0,0,1,59,5,50,0
1990,29,2,1,3,3,1,167,5,58,0
1990,37,1,2,0,0,1,243,3,40,1
1990,26,2,2,0,0,1,274,4,40,0
1990,61,2,3,0,0,0,0,0,0,0
1990,25,1,1,0,0,1,774,6,40,0
1990,32,2,3,0,0,1,314,6,40,0
1990,62,2,3,1,0,1,156,5,40,0
1990,26,1,1,1,0,1,436,4,40,0
1990,60,2,3,1,0,0,434,5,35,0
1990,46,2,2,1,0,1,156,5,40,0
1990,19,2,1,1,0,1,426,5,40,0
1990,29,2,1,1,0,1,315,5,40,0
1990,42,2,2,1,0,1,315,4,40,0
1990,54,1,3,1,0,1,26,5,45,0
1990,59,1,0,0,0,1,55,1,40,1
1990,58,2,0,0,0,1,185,4,40,0
1990,50,1,2,0,0,1,257,2,40,1
1990,35,1,1,0,0,1,435,3,32,0
1990,30,2,1,0,2,0,22,2,50,0
1990,35,2,1,3,0,1,207,5,40,0
1990,50,1,2,0,0,1,178,6,40,0
1990,29,1,1,0,0,1,257,5,46,0
1990,40,2,2,0,0,1,379,1,40,0
1990,44,2,2,0,0,1,668,1,25,0
1990,67,2,3,0,0,0,387,5,0,0
1990,38,2,3,0,0,1,95,5,40,0
1990,44,2,1,0,0,1,167,5,40,0
1990,45,2,2,0,0,1,277,3,40,0
1990,28,2,1,0,0,1,243,3,48,0
1990,27,1,1,0,0,1,259,3,40,0
1990,29,1,1,0,0,1,23,4,48,0
1990,30,2,1,0,0,0,804,3,40,0
1990,71,1,0,0,0,1,0,0,0,0
1990,68,2,0,0,0,1,313,4,2,0
1990,29,1,1,3,0,1,21,5,40,0
1990,42,1,2,0,0,1,453,4,40,0
1990,43,2,1,0,0,0,453,4,40,0
1990,73,1,3,0,0,0,0,0,0,0
1990,42,1,1,0,0,1,567,0,20,0
1990,59,1,0,0,0,1,178,5,35,1
1990,57,2,0,0,0,1,0,0,0,1
1990,43,1,0,0,0,1,55,2,40,1
1990,42,2,0,0,0,1,27,6,40,0
1990,54,2,3,0,2,0,667,3,40,0
1990,34,1,0,0,0,1,178,6,40,1
1990,33,2,0,0,0,1,43,0,70,0
1990,37,1,1,0,2,1,156,5,50,0
1990,69,2,3,0,0,1,0,0,0,1
1990,40,1,1,0,0,1,804,2,40,0
1990,36,1,1,0,0,1,435,3,48,0
1990,53,2,2,0,0,1,177,5,40,0
1990,62,1,2,0,0,1,255,4,55,0
1990,62,1,1,0,0,1,355,2,45,0
1990,37,2,2,0,0,1,156,5,48,0
1990,39,1,3,0,0,1,75,5,40,0
1990,78,1,0,0,0,1,0,0,0,0
1990,68,2,0,0,0,1,314,6,9,0
1990,46,1,1,0,0,1,808,2,50,0
1990,29,2,3,0,0,1,344,5,40,0
1990,41,1,0,0,0,1,14,5,44,0
1990,38,2,0,0,0,1,277,3,0,0
1990,20,2,1,0,0,1,466,5,11,0
1990,64,2,2,0,0,1,27,6,0,0
1990,46,1,0,0,0,1,23,5,58,1
1990,44,2,0,0,0,1,156,5,25,0
1990,48,2,2,0,0,1,156,5,40,0
1990,30,1,0,0,0,0,18,4,45,0
1990,30,2,0,0,0,0,348,3,16,0
1990,35,1,1,0,0,1,909,6,0,0
1990,69,2,0,0,0,1,95,5,36,0
1990,55,1,0,0,0,0,453,4,0,0
1990,69,1,0,0,0,0,585,4,14,0
1990,68,2,0,0,0,0,18,4,40,0
1990,49,1,0,0,0,1,869,0,20,0
1990,41,2,0,0,0,1,95,5,16,0
1990,49,1,0,0,0,1,22,5,45,0
1990,40,2,0,0,0,1,7,3,50,1
1990,51,1,2,0,0,1,199,5,75,0
1990,28,1,1,0,0,1,253,4,40,0
1990,43,1,2,0,0,1,178,1,65,1
1990,59,1,2,0,0,0,0,0,0,0
1990,42,1,3,0,0,1,274,5,48,0
1990,30,2,2,0,0,0,407,4,40,0
1990,39,1,0,0,0,1,824,2,40,0
1990,32,2,0,0,0,1,436,3,40,0
1990,21,1,1,0,0,1,276,3,40,0
1990,23,2,1,0,0,1,385,1,40,0
1990,35,1,3,1,0,1,365,6,40,0
1990,26,2,1,0,0,1,436,5,40,0
1990,72,1,0,0,0,0,0,0,0,0
1990,57,2,0,0,0,0,313,5,40,0
1990,23,1,3,0,0,1,486,3,0,0
1990,37,1,2,0,0,0,877,3,40,0
1990,23,1,1,0,0,0,335,4,30,0
1990,69,1,0,0,0,1,253,4,5,1
1990,69,2,0,0,0,0,0,0,0,0
1990,43,1,0,0,0,1,5,6,40,1
1990,39,2,0,0,0,1,22,2,42,0
1990,24,1,0,0,0,1,185,4,40,0
1990,21,2,0,0,0,1,156,5,45,0
1990,45,1,2,0,0,1,5,6,40,1
1990,21,2,1,0,0,1,479,0,30,0
1990,46,1,0,0,0,0,243,3,48,1
1990,33,2,0,0,0,0,337,0,48,0
1990,56,1,0,0,0,0,259,3,40,0
1990,50,2,0,0,0,0,458,4,30,0
1990,42,1,0,0,0,0,567,0,0,0
1990,38,2,0,0,0,0,447,5,99,0
1990,41,1,2,0,0,0,486,5,0,0
1990,44,2,2,0,0,1,677,3,0,0
1990,19,2,1,3,0,0,319,5,35,0
1990,18,1,1,0,0,0,436,3,40,0
1990,61,1,0,0,0,0,426,5,50,0
1990,60,2,0,0,0,1,22,4,0,0
1990,37,1,0,0,0,1,23,3,40,0
1990,34,2,0,0,0,1,96,3,15,0
1990,63,1,0,0,0,0,0,0,0,0
1990,64,2,0,0,0,1,14,5,40,0
1990,30,1,1,0,0,0,436,3,48,0
1990,29,2,1,0,0,0,447,5,37,0
1990,34,1,2,0,0,0,869,0,40,0
1990,26,1,1,0,0,0,0,0,0,0
1990,37,2,2,0,0,0,22,2,45,1
1990,39,1,2,1,0,1,37,3,40,0
1990,52,1,0,0,0,1,558,0,40,0
1990,42,2,0,0,0,1,95,5,16,0
1990,22,1,1,0,0,1,259,3,48,0
1990,67,1,0,0,0,0,0,0,0,0
1990,70,2,0,0,0,0,313,3,40,1
1990,65,2,3,0,0,1,809,2,0,0
1990,76,1,0,0,0,0,0,0,0,0
1990,75,2,0,0,0,0,0,0,0,0
1990,40,1,0,0,0,1,243,4,60,1
1990,40,2,0,0,0,1,154,5,20,0
1990,30,2,1,0,0,1,337,4,40,0
1990,33,1,2,0,0,0,444,3,45,0
1990,31,2,1,0,0,1,23,6,36,0
1990,73,1,0,0,0,1,379,4,4,0
1990,72,2,0,0,0,0,0,0,0,0
1990,65,1,0,0,0,1,13,2,0,0
1990,63,2,0,0,0,1,888,3,0,0
1990,38,2,2,0,0,1,375,4,0,0
1990,36,1,1,0,0,1,22,1,45,0
1990,33,2,3,0,0,1,313,5,37,0
1990,39,2,3,0,0,1,254,4,40,0
1990,58,1,0,0,0,0,0,0,0,0
1990,50,2,0,0,0,1,22,2,50,0
1990,20,1,1,0,0,1,877,3,30,0
1990,43,1,2,0,0,0,354,2,40,0
1990,65,1,0,0,0,0,356,3,20,0
1990,64,2,0,0,0,0,319,5,0,0
1990,78,1,0,0,0,0,0,0,0,0
1990,67,2,0,0,0,0,303,4,0,0
1990,21,1,1,0,4,0,453,6,40,0
1990,33,2,0,0,0,0,453,4,35,0
1990,35,1,0,0,0,0,804,1,45,0
1990,33,2,2,1,0,0,319,5,40,0
1990,52,2,3,0,0,1,95,5,40,0
1990,31,1,1,0,0,0,869,0,36,0
1990,23,2,1,0,0,1,383,4,30,0
1990,33,1,0,0,0,1,255,4,50,0
1990,33,2,0,0,0,1,257,5,35,0
1990,29,2,1,0,0,0,449,4,30,0
1990,36,1,1,0,0,0,883,2,31,0
1990,24,1,0,0,0,1,486,0,20,0
1990,24,2,0,0,0,1,313,5,40,0
1990,28,1,1,0,0,0,453,5,7,0
1990,29,1,1,0,0,0,444,3,40,0
1990,29,1,2,0,0,1,159,6,70,0
1990,36,1,3,0,0,1,446,5,50,0
1990,69,1,2,0,0,1,0,0,0,0
1990,54,2,2,0,0,0,439,3,40,0
1990,26,1,1,0,0,0,596,1,40,0
1990,60,1,0,1,0,1,558,2,40,0
1990,57,2,0,1,0,0,0,0,0,0
1990,19,2,1,0,0,0,435,3,20,0
1990,21,2,1,0,0,0,243,3,40,0
1990,22,1,1,1,0,0,804,2,25,0
1990,25,1,2,1,0,1,803,2,40,0
1990,27,1,0,0,0,0,203,5,50,0
1990,22,2,0,0,0,1,313,2,40,0
1990,22,2,1,1,0,1,276,3,40,0
1990,35,1,0,3,3,1,276,3,60,0
1990,33,2,0,3,3,1,0,0,0,0
1990,32,1,0,0,4,0,503,4,70,0
1990,31,2,0,0,0,1,337,4,40,0
1990,38,1,0,0,0,0,259,1,40,0
1990,34,2,0,0,0,0,0,0,0,0
1990,54,1,0,0,0,0,453,5,40,0
1990,49,2,0,0,0,1,313,3,40,0
1990,64,1,0,0,0,0,357,3,30,0
1990,62,2,0,0,0,0,259,1,40,0
1990,49,2,2,3,3,1,276,3,40,0
1990,20,2,1,0,3,0,435,3,40,0
1990,19,2,1,0,0,0,435,3,16,0
1990,24,1,1,1,0,0,436,3,20,0
1990,24,1,1,3,0,1,213,1,46,0
1990,29,2,1,0,0,1,158,5,40,0
1990,22,1,1,0,0,1,55,1,40,0
1990,58,1,0,3,3,1,628,1,40,0
1990,53,2,0,3,3,1,22,1,60,0
1990,42,1,0,0,0,1,257,1,40,0
1990,39,2,0,0,0,1,337,4,40,0
1990,55,1,0,1,0,1,318,2,40,0
1990,49,2,0,1,0,1,22,2,0,0
1990,18,1,1,1,0,0,383,4,99,0
1990,35,2,2,0,0,1,243,4,43,0
1990,36,2,0,0,2,1,459,5,0,0
1990,39,1,0,0,4,1,185,5,50,1
1990,40,1,0,0,0,1,195,1,40,0
1990,33,2,0,0,0,1,313,4,40,0
1990,74,1,3,0,0,0,0,0,0,0
1990,40,1,0,0,0,1,485,0,45,0
1990,41,2,0,0,0,1,185,4,0,0
1990,54,1,0,0,0,1,536,4,32,0
1990,54,2,0,0,0,1,439,5,40,0
1990,36,1,0,0,0,1,17,3,45,1
1990,37,2,0,0,0,1,444,5,20,0
1990,44,1,0,0,0,1,318,2,40,0
1990,41,2,0,0,0,1,156,5,37,0
1990,39,2,0,0,0,1,156,5,40,0
1990,36,1,0,0,0,1,14,5,60,0
1990,32,2,2,0,0,1,313,5,40,0
1990,42,1,2,0,0,1,22,3,58,0
1990,54,1,0,0,0,1,268,3,44,0
1990,50,2,0,0,0,1,308,3,40,0
1990,32,1,1,0,0,1,355,2,40,0
1990,29,1,0,0,0,1,376,4,99,0
1990,25,2,0,0,0,1,336,4,99,0
1990,29,2,1,0,0,1,904,6,40,0
1990,41,1,0,0,0,0,514,4,40,0
1990,41,2,0,0,0,0,379,5,40,0
1990,19,1,1,0,0,0,436,3,20,0
1990,38,1,2,0,0,1,13,0,40,1
1990,73,1,0,0,0,0,0,0,0,0
1990,72,2,0,0,0,0,0,0,0,0
1990,19,2,1,0,0,0,444,3,10,0
1990,65,2,2,0,0,1,8,6,0,0
1990,72,1,0,0,0,1,0,0,0,0
1990,74,2,0,0,0,1,0,0,0,0
1990,35,1,0,0,0,1,22,3,60,0
1990,31,2,0,0,0,1,318,2,25,0
1990,32,1,0,0,0,1,417,6,56,0
1990,30,2,0,0,0,1,337,4,16,0
1990,36,1,0,0,0,1,435,4,38,0
1990,27,2,0,0,0,0,435,3,38,0
1990,37,1,0,0,0,0,243,3,60,1
1990,32,2,0,0,0,1,0,0,0,0
1990,45,1,2,0,0,0,688,3,75,0
1990,35,1,2,0,0,1,804,2,40,0
1990,56,1,0,0,0,0,567,0,40,0
1990,56,2,0,0,0,0,379,6,40,0
1990,27,2,1,0,0,0,376,1,40,0
1990,18,1,1,0,0,0,567,0,40,0
1990,32,2,0,0,0,0,785,1,37,0
1990,32,1,0,0,0,0,889,1,40,0
1990,37,1,0,0,0,1,22,1,40,0
1990,36,2,0,0,0,1,22,5,40,0
1990,26,1,0,0,0,0,889,2,40,0
1990,21,2,0,0,0,0,877,3,0,0
1990,29,1,0,0,0,1,558,0,74,0
1990,29,2,0,0,0,1,5,6,45,0
1990,31,1,0,0,0,0,505,3,55,0
1990,29,2,0,0,0,0,435,3,35,0
1990,34,1,3,0,0,1,628,1,42,0
1990,40,1,0,0,0,1,328,6,60,0
1990,41,2,0,0,0,0,313,5,99,0
1990,19,2,1,0,0,1,274,3,28,0
1990,45,1,0,0,0,1,243,4,48,0
1990,41,2,0,0,0,0,64,0,40,0
1990,19,2,1,0,0,1,33,4,40,0
1990,18,2,1,0,0,1,265,3,40,0
1990,42,2,2,0,0,0,449,4,40,0
1990,70,1,3,3,0,0,0,0,0,0
1990,37,1,0,0,0,1,17,3,77,0
1990,37,2,0,0,0,1,447,5,50,0
1990,21,2,1,0,0,0,754,1,40,0
1990,40,2,2,0,0,0,754,1,40,0
1990,56,1,0,0,0,0,796,1,53,0
1990,53,2,0,0,0,0,877,1,40,0
1990,63,2,3,0,0,0,453,5,0,0
1990,30,1,1,0,0,1,36,4,40,0
1990,27,1,0,0,0,1,883,2,40,0
1990,29,2,0,0,0,1,229,2,42,0
1990,36,1,2,0,0,1,276,0,40,0
1990,30,2,2,0,0,1,337,6,40,0
1990,67,1,0,0,0,0,843,2,0,0
1990,64,2,0,0,0,0,0,0,0,0
1990,62,2,2,0,0,0,433,5,40,0
1990,23,1,1,2,0,0,453,4,30,0
1990,22,2,1,2,0,0,785,1,40,0
1990,50,2,2,0,0,1,315,5,44,0
1990,25,2,1,0,0,1,229,2,40,0
1990,46,1,3,3,3,1,213,1,53,0
1990,18,1,1,3,3,0,0,0,0,0
1990,42,2,2,0,0,1,23,5,60,0
1990,18,1,1,0,0,0,21,5,60,0
1990,36,1,2,0,0,1,22,3,80,0
1990,25,1,0,0,0,0,883,3,40,0
1990,18,2,0,0,0,0,436,3,35,0
1990,40,1,0,0,0,1,22,1,50,1
1990,39,2,0,0,0,1,95,5,20,0
1990,20,1,1,0,0,1,877,3,20,0
1990,34,1,0,0,0,1,217,1,45,1
1990,32,2,0,0,0,1,0,0,0,0
1990,53,2,3,0,0,0,317,4,40,0
1990,35,1,2,0,0,0,0,0,0,0
1990,19,2,1,0,0,0,467,5,20,0
1990,29,1,0,0,0,0,218,5,40,0
1990,24,2,0,0,0,0,313,5,35,0
1990,27,2,1,1,0,1,328,4,40,0
1990,28,1,1,1,0,0,877,3,44,0
1990,24,1,0,0,0,0,599,0,40,0
1990,24,2,0,0,0,0,734,1,40,0
1990,36,1,0,0,0,1,73,6,50,0
1990,34,2,0,0,0,1,689,4,40,0
1990,18,1,1,0,0,1,877,3,40,0
1990,21,1,1,0,0,0,453,4,40,0
1990,34,1,0,0,0,1,783,2,40,0
1990,33,2,0,0,0,1,275,5,24,0
1990,31,1,0,0,0,0,779,3,80,0
1990,29,2,0,0,0,0,436,0,0,0
1990,67,1,0,0,0,1,55,5,0,0
1990,58,2,0,0,0,0,0,0,0,0
1990,36,1,0,0,0,1,785,1,40,0
1990,41,2,0,0,0,1,505,3,45,0
1990,28,1,0,0,0,0,904,6,40,0
1990,23,2,0,0,0,1,386,6,8,0
1990,25,1,0,0,0,0,696,0,55,0
1990,26,2,0,0,0,0,313,0,40,0
1990,41,1,0,0,0,0,804,2,20,0
1990,41,2,0,0,0,1,318,2,40,0
1990,18,1,1,0,0,0,0,0,0,0
1990,19,1,1,0,0,1,804,3,35,0
1990,25,1,1,0,0,1,657,3,40,0
1990,23,2,1,0,0,0,208,3,40,0
1990,66,1,0,0,0,1,23,4,40,1
1990,66,2,0,0,0,0,748,5,16,0
1990,35,1,1,0,0,0,804,3,30,0
1990,30,2,1,0,0,0,22,4,20,0
1990,79,2,3,0,0,0,0,0,0,0
1990,37,1,0,0,0,1,235,6,45,0
1990,40,2,0,0,0,1,415,5,40,0
1990,36,1,0,0,0,0,883,2,40,0
1990,32,2,0,0,0,1,308,6,40,0
1990,23,1,1,0,0,1,514,4,40,0
1990,60,1,0,0,0,0,877,6,16,0
1990,57,2,0,0,0,0,447,5,38,0
1990,35,1,1,0,0,0,909,6,0,0
1990,67,1,1,0,0,0,0,0,0,0
1990,36,1,0,2,0,0,804,2,40,0
1990,39,2,0,2,0,0,0,0,0,0
1990,21,2,1,2,0,0,338,6,40,0
1990,19,2,1,2,0,0,276,3,14,0
1990,18,1,1,2,0,0,756,1,99,0
1990,67,2,3,0,0,0,0,0,0,0
1990,42,1,0,0,0,1,823,2,40,0
1990,39,2,0,0,0,1,313,6,45,0
1990,30,1,0,0,4,1,585,0,50,0
1990,30,2,0,0,4,1,22,1,40,0
1990,51,1,0,0,0,1,22,4,40,1
1990,52,2,0,0,0,0,313,4,40,0
1990,23,1,1,0,0,0,278,3,30,0
1990,43,1,0,0,2,0,453,5,40,0
1990,49,2,0,0,2,0,444,5,40,0
1990,57,2,3,0,0,0,276,3,40,0
1990,21,1,1,0,0,0,567,0,40,0
1990,20,1,1,0,0,0,0,0,0,0
1990,32,1,0,0,0,1,575,2,40,0
1990,35,2,0,0,0,0,276,3,0,0
1990,77,2,3,0,0,0,0,0,0,0
1990,32,2,2,0,0,0,804,2,33,0
1990,55,1,0,0,0,0,804,2,45,0
1990,52,2,0,0,0,1,156,5,40,0
1990,29,2,1,0,0,1,23,5,40,0
1990,45,1,2,0,0,0,877,2,40,0
1990,71,1,0,0,0,1,0,0,0,0
1990,70,2,0,0,0,0,0,0,0,0
1990,57,2,3,0,0,0,274,4,5,0
1990,79,1,3,0,0,0,0,0,0,0
1990,46,1,1,0,0,0,453,3,30,1
1990,41,2,2,0,0,0,307,2,40,0
1990,22,2,1,0,0,0,276,3,40,0
1990,35,1,0,0,0,0,505,4,50,0
1990,28,2,0,0,0,1,25,4,40,0
1990,73,1,0,0,0,0,904,6,0,0
1990,69,2,0,0,0,0,0,0,0,0
1990,30,1,1,0,0,1,259,3,40,0
1990,55,2,2,0,0,1,174,5,20,0
1990,63,1,0,0,0,1,22,4,40,1
1990,64,2,0,0,0,1,22,5,40,1
1990,33,1,1,0,0,1,7,4,50,1
1990,43,1,0,0,0,1,22,1,40,1
1990,41,2,0,0,0,0,277,3,30,0
1990,44,1,0,0,0,1,36,6,40,0
1990,42,2,0,0,0,1,36,6,40,0
1990,51,1,0,0,0,1,363,1,40,0
1990,48,2,0,0,0,1,156,5,40,1
1990,40,1,3,0,0,0,804,2,60,0
1990,25,1,0,0,0,0,579,0,40,0
1990,40,2,0,0,0,0,386,2,45,0
1990,29,1,0,0,0,0,573,0,40,0
1990,28,2,0,0,0,0,0,0,0,0
1990,63,1,0,0,0,0,869,0,24,0
1990,60,2,0,0,0,0,443,3,15,0
1990,43,2,0,0,0,1,0,0,0,0
1990,44,1,0,0,0,1,13,2,45,1
1990,62,1,0,0,0,1,243,3,40,0
1990,54,2,0,0,0,0,0,0,0,0
1990,41,1,0,0,0,0,877,3,40,0
1990,34,2,0,0,0,0,276,3,40,0
1990,24,1,0,0,0,0,365,1,40,0
1990,24,2,0,0,0,1,23,5,40,0
1990,47,2,2,0,0,1,269,3,40,0
1990,50,1,2,0,0,1,785,3,48,0
1990,20,1,1,0,0,0,436,3,35,0
1990,24,1,1,0,0,1,444,3,40,0
1990,51,1,0,0,0,1,176,5,60,0
1990,51,2,0,0,0,0,21,5,20,0
1990,51,1,3,3,0,1,433,5,45,0
1990,18,1,1,3,0,0,444,3,20,0
1990,68,1,0,0,0,0,809,6,12,0
1990,67,2,0,0,0,0,337,5,35,0
1990,20,1,1,0,0,0,197,4,40,0
1990,34,1,0,0,0,1,22,1,45,1
1990,36,2,0,0,0,1,95,5,16,0
1990,46,1,0,0,0,0,59,3,40,0
1990,44,2,0,0,0,0,319,1,28,0
1990,20,2,1,0,0,0,438,3,10,0
1990,39,1,0,0,0,1,243,3,40,1
1990,35,2,0,0,0,1,0,0,0,0
1990,62,1,0,0,0,1,22,3,50,0
1990,64,2,0,0,0,0,25,4,0,0
1990,36,1,0,0,0,1,22,2,42,0
1990,27,2,0,0,0,0,458,4,40,0
1990,58,1,0,0,0,1,385,6,38,0
1990,55,2,0,0,0,1,274,3,32,0
1990,48,1,0,0,0,0,267,3,48,1
1990,47,2,0,0,0,0,22,5,40,0
1990,21,1,1,0,0,1,436,3,30,0
1990,46,1,0,0,0,1,22,6,48,1
1990,43,2,0,0,0,1,167,5,40,0
1990,20,2,1,0,0,1,435,3,8,0
1990,26,1,0,0,0,1,503,3,40,0
1990,25,2,0,0,0,1,315,4,40,0
1990,68,1,0,0,0,1,154,5,40,1
1990,65,2,0,0,2,1,167,5,11,0
1990,22,1,1,0,0,1,426,5,40,0
1990,35,1,0,0,0,1,699,2,40,0
1990,32,2,0,0,0,0,376,4,40,0
1990,76,1,3,0,0,1,0,0,0,0
1990,41,2,2,0,0,1,379,6,40,0
1990,30,1,3,1,0,1,748,4,45,0
1990,79,1,0,0,0,0,0,0,0,0
1990,77,2,0,0,0,0,0,0,0,0
1990,30,2,2,0,0,1,274,3,40,0
1990,31,1,1,0,0,0,599,4,0,0
1990,51,1,0,0,0,1,22,4,50,0
1990,51,2,0,0,0,0,319,3,44,0
1990,52,2,0,0,0,1,458,4,0,0
1990,45,1,0,0,0,0,804,3,41,0
1990,68,2,3,0,0,1,313,5,40,0
1990,46,2,2,2,0,1,754,3,44,0
1990,62,1,0,0,0,0,356,5,0,0
1990,43,2,0,0,0,0,0,0,0,0
1990,49,2,2,0,0,0,357,1,40,0
1990,24,1,1,0,0,0,444,3,35,0
1990,21,1,1,0,0,0,877,3,40,0
1990,40,2,0,0,0,1,22,5,20,0
1990,38,1,0,0,0,1,277,3,40,0
1990,48,1,0,0,0,1,7,4,45,1
1990,47,2,0,0,0,1,0,0,0,0
1990,19,1,1,0,0,0,25,4,40,0
1990,19,1,1,0,0,0,444,3,30,0
1990,22,1,1,0,0,1,444,3,0,0
1990,63,1,0,0,0,1,22,1,60,0
1990,66,2,0,0,0,0,379,1,40,0
1990,53,1,0,0,0,1,185,4,60,1
1990,47,2,0,0,0,1,186,5,40,0
1990,57,1,0,0,0,1,75,5,99,1
1990,61,2,0,0,0,1,323,6,33,0
1990,44,1,0,0,0,1,22,5,60,0
1990,42,2,0,0,0,1,37,4,34,0
1990,21,1,1,0,0,1,427,5,40,0
1990,41,1,1,0,0,1,22,4,40,1
1990,49,1,0,0,0,1,84,5,60,1
1990,43,2,0,0,0,1,154,5,60,0
1990,19,1,1,0,0,1,444,3,40,0
1990,38,1,0,0,0,1,335,0,60,0
1990,38,2,0,0,2,0,313,0,40,0
1990,39,1,0,0,0,1,178,5,40,1
1990,36,2,0,0,0,1,234,5,15,0
1990,42,1,2,0,0,1,105,5,50,0
1990,58,2,3,0,0,0,319,4,40,0
1990,26,1,3,0,0,1,22,0,50,0
1990,29,1,0,0,0,1,653,2,40,0
1990,28,2,0,0,0,0,37,0,40,0
1990,63,2,0,0,0,1,159,5,0,0
1990,62,1,0,0,0,1,0,0,0,0
1990,68,2,2,0,0,0,438,3,0,0
1990,60,1,0,0,0,0,426,4,95,0
1990,46,2,0,0,0,0,503,2,40,0
1990,56,2,2,0,0,1,0,0,0,0
1990,27,1,1,0,0,1,243,1,40,0
1990,34,1,0,0,2,1,804,1,40,0
1990,37,2,0,0,0,1,434,3,0,0
1990,54,1,3,0,0,1,459,5,15,0
1990,43,1,0,0,0,1,22,5,40,1
1990,41,2,0,0,0,1,156,5,0,0
1990,71,1,0,0,0,0,535,4,3,0
1990,61,2,0,0,0,0,313,6,0,0
1990,43,1,0,0,0,1,22,3,40,0
1990,42,2,0,0,0,1,744,3,40,0
1990,30,1,0,0,0,1,318,2,45,0
1990,31,2,0,0,0,1,95,5,40,0
1990,66,2,3,1,0,0,449,4,0,0
1990,51,2,2,0,0,0,348,2,30,0
1990,34,1,0,0,0,1,453,5,40,0
1990,31,2,0,0,0,1,155,5,40,0
1990,68,1,0,0,0,0,486,5,12,0
1990,66,2,0,0,0,1,313,5,37,0
1990,33,1,1,2,0,1,436,3,40,0
1990,74,2,3,0,0,0,0,0,0,0
1990,38,1,0,2,0,1,804,3,40,0
1990,41,2,0,0,0,1,84,5,50,0
1990,49,2,2,0,0,1,235,6,40,0
1990,26,1,1,0,0,1,365,3,20,0
1990,31,1,3,0,0,1,507,2,40,0
1990,47,1,0,0,0,1,263,3,55,1
1990,48,2,0,0,0,0,365,3,40,0
1990,25,1,1,0,0,1,447,5,40,0
1990,59,1,0,0,0,0,668,4,50,0
1990,47,2,0,2,0,1,22,4,40,0
1990,59,1,0,0,0,1,22,6,40,0
1990,56,2,0,0,0,1,174,5,40,0
1990,40,2,2,0,0,1,22,4,45,1
1990,28,2,1,0,0,1,274,5,55,0
1990,28,1,2,0,0,0,889,3,40,0
1990,28,1,1,0,0,0,567,1,40,0
1990,73,2,3,0,0,1,0,0,0,0
1990,36,1,0,0,0,0,13,1,60,0
1990,39,2,0,0,0,1,23,3,40,0
1990,54,1,0,0,0,0,458,4,40,1
1990,53,2,0,0,0,0,276,3,22,0
1990,30,2,2,0,0,1,218,6,60,0
1990,33,1,1,0,0,1,7,1,50,1
1990,27,1,0,0,0,1,75,6,40,0
1990,29,2,0,0,0,1,385,6,40,0
1990,32,1,0,0,0,1,22,1,40,0
1990,27,2,0,0,0,1,264,3,20,0
1990,29,1,2,0,0,1,85,5,38,0
1990,42,1,0,0,0,1,268,3,60,0
1990,40,2,0,0,0,0,313,5,40,0
1990,31,2,2,0,0,0,0,0,0,0
1990,37,1,0,0,0,1,29,3,40,0
1990,32,2,0,0,0,1,466,5,10,0
1990,38,1,1,0,0,1,533,2,40,0
1990,59,1,0,2,0,1,5,6,40,1
1990,57,2,0,2,0,1,159,5,16,0
1990,20,2,1,2,0,1,265,3,0,0
1990,42,1,3,1,1,1,0,0,0,0
1990,46,1,1,0,0,1,259,1,45,0
1990,37,2,3,0,2,0,458,3,35,0
1990,75,1,0,0,0,1,0,0,0,0
1990,75,2,0,0,0,1,0,0,0,0
1990,60,2,3,0,0,1,98,5,99,0
1990,61,1,0,0,0,1,154,5,40,1
1990,59,2,0,0,0,1,274,3,0,0
1990,30,1,1,0,0,1,579,0,60,0
1990,56,1,0,0,0,0,567,0,0,0
1990,53,2,0,0,0,0,0,0,0,0
1990,39,1,0,0,0,1,166,1,50,0
1990,37,2,0,0,0,0,313,5,0,0
1990,40,1,0,0,0,1,229,1,40,0
1990,40,2,0,0,0,1,689,2,40,0
1990,42,1,0,0,0,1,22,0,44,0
1990,38,2,0,0,0,1,376,4,40,0
1990,68,2,3,0,0,0,447,5,0,0
1990,43,1,2,0,0,1,549,4,50,0
1990,26,2,1,0,0,1,17,4,50,0
1990,52,1,0,0,0,1,213,1,40,0
1990,52,2,0,0,0,1,0,0,0,0
1990,56,1,0,0,0,0,56,1,40,0
1990,60,2,0,0,0,0,185,4,0,0
1990,74,1,0,0,0,0,686,3,30,0
1990,76,2,0,0,0,0,0,0,0,0
1990,35,2,2,3,0,1,319,5,20,0
1990,35,1,1,0,0,0,595,0,0,0
1990,64,1,0,0,0,1,563,0,20,0
1990,62,2,0,0,0,1,17,4,70,0
1990,55,1,0,0,0,0,533,1,40,0
1990,46,2,0,0,0,0,0,0,0,0
1990,20,2,1,0,0,1,0,0,0,0
1990,37,1,0,0,0,1,22,2,55,1
1990,43,2,0,0,0,1,183,5,25,0
1990,43,1,0,0,0,0,453,0,40,0
1990,31,2,0,0,0,0,337,4,40,0
1990,44,1,0,0,0,1,22,4,65,0
1990,44,2,0,0,0,1,0,0,0,0
1990,18,1,1,0,0,1,365,3,99,0
1990,50,1,0,0,0,1,259,3,52,1
1990,42,2,0,0,0,1,207,5,36,0
1990,28,1,0,0,0,1,426,4,45,0
1990,23,2,0,0,0,0,313,4,40,0
1990,54,2,2,0,0,0,207,5,40,0
1990,34,1,2,0,0,0,754,1,20,0
1990,24,2,0,0,0,1,229,6,40,0
1990,26,1,0,0,0,1,424,6,50,0
1990,26,2,1,0,0,1,22,3,30,0
1990,68,1,0,0,0,1,0,0,0,0
1990,68,2,0,0,0,0,0,0,0,0
1990,37,1,2,0,0,0,628,1,40,0
1990,38,1,0,0,0,0,363,1,48,0
1990,37,2,0,0,0,0,0,0,0,0
1990,42,1,0,0,0,1,64,3,45,0
1990,42,2,0,0,0,1,156,5,50,0
1990,21,1,1,0,0,1,37,3,40,0
1990,68,2,3,0,0,0,0,0,0,0
1990,58,1,2,0,0,0,573,0,0,0
1990,43,1,3,0,0,1,26,5,70,1
1990,20,1,0,0,0,0,587,0,40,0
1990,20,2,0,0,0,0,277,3,40,0
1990,50,2,3,0,0,0,449,4,37,0
1990,67,2,2,0,0,1,0,0,0,0
1990,32,1,0,0,0,0,22,0,50,0
1990,31,2,0,0,0,1,447,5,15,0
1990,67,2,1,0,0,1,0,0,0,0
1990,50,1,0,0,0,1,22,4,50,1
1990,60,2,0,0,0,1,254,4,45,0
1990,45,2,2,0,0,1,36,6,40,0
1990,75,1,0,0,0,0,0,0,0,0
1990,76,2,0,0,0,0,0,0,0,0
1990,77,2,2,0,0,1,0,0,0,0
1990,77,2,3,0,0,0,0,0,0,0
1990,76,2,3,0,0,1,0,0,0,0
1990,78,2,0,0,0,0,0,0,0,0
1990,68,2,3,0,0,0,348,1,0,0
1990,27,1,1,0,0,1,228,5,99,0
1990,62,2,2,0,0,1,155,5,99,0
1990,45,2,2,0,2,1,156,5,40,0
1990,45,1,0,0,0,1,226,2,80,1
1990,41,2,0,0,0,1,0,0,0,0
1990,39,1,0,0,0,1,189,4,45,1
1990,38,2,0,0,0,1,318,1,40,1
1990,50,1,0,0,0,0,53,0,40,1
1990,47,2,0,0,0,0,0,0,0,0
1990,54,1,0,0,0,0,22,4,40,1
1990,53,2,0,0,0,1,0,0,0,0
1990,29,1,0,0,0,1,259,1,45,0
1990,29,2,0,0,0,1,434,3,35,0
1990,44,1,0,0,0,1,257,4,40,0
1990,41,2,0,0,0,1,64,4,40,0
1990,31,1,0,0,0,1,869,0,40,0
1990,30,2,0,0,0,1,379,4,40,0
1990,39,1,0,2,0,1,575,2,40,0
1990,33,2,0,2,0,0,877,3,38,0
1990,32,1,0,0,0,1,218,5,40,0
1990,35,2,0,0,0,1,363,5,36,0
1990,55,1,0,0,0,0,213,6,40,0
1990,55,2,0,0,0,0,308,2,0,0
1990,44,1,0,0,0,1,22,3,50,0
1990,42,2,0,0,0,1,95,5,36,0
1990,33,1,0,0,0,1,235,5,45,0
1990,31,2,0,0,0,1,378,4,40,0
1990,46,1,0,0,0,1,156,5,40,0
1990,44,2,0,0,0,1,156,5,40,0
1990,20,1,1,0,0,0,0,0,0,0
1990,18,2,1,0,0,0,0,0,0,0
1990,30,1,0,0,0,1,563,0,40,0
1990,27,2,0,0,0,1,277,4,24,0
1990,45,1,0,0,0,1,575,1,48,0
1990,43,2,0,0,0,0,436,5,40,0
1990,18,2,1,0,0,1,264,3,8,0
1990,18,2,1,0,0,1,468,5,20,0
1990,60,1,0,0,0,1,216,1,40,0
1990,58,2,0,0,0,1,95,5,24,0
1990,66,1,0,0,0,1,243,3,40,0
1990,68,2,0,0,0,0,243,3,40,0
1990,55,2,2,0,0,0,779,3,40,0
1990,30,1,1,0,0,1,573,0,35,0
1990,43,1,2,0,0,0,556,0,48,0
1990,59,2,3,0,0,1,777,2,40,0
1990,68,2,2,0,0,1,313,6,40,0
1990,42,1,0,0,0,1,26,6,40,0
1990,43,2,0,0,0,1,313,6,40,0
1990,18,2,1,0,0,0,276,3,25,0
1990,33,1,1,0,0,1,255,4,50,1
1990,50,2,2,0,0,1,313,4,40,0
1990,25,1,1,0,0,1,744,3,40,0
1990,46,1,0,0,0,1,8,1,45,1
1990,47,2,0,0,0,1,579,3,35,0
1990,18,2,1,0,0,0,266,3,10,0
1990,30,2,1,0,0,1,315,5,60,0
1990,28,1,1,0,0,0,779,0,50,0
1990,41,1,0,0,0,1,195,1,40,0
1990,42,2,0,0,0,1,156,5,45,0
1990,28,1,1,0,0,1,174,5,40,0
1990,32,1,0,0,0,1,355,2,48,0
1990,35,2,0,0,0,0,313,6,40,0
1990,30,1,0,0,0,1,253,4,40,0
1990,22,2,0,0,0,1,383,4,20,0
1990,38,2,3,0,0,1,156,5,20,0
1990,41,1,0,0,0,1,159,6,40,0
1990,40,2,0,0,0,1,156,5,40,0
1990,41,1,0,0,0,1,525,2,55,0
1990,38,2,0,0,0,1,44,1,50,0
1990,42,1,0,0,0,1,64,4,40,0
1990,34,2,0,0,0,0,628,1,40,0
1990,31,1,0,0,0,0,26,5,40,0
1990,28,2,0,0,0,1,466,5,60,0
1990,46,1,0,0,0,1,22,0,50,1
1990,45,2,0,0,0,1,15,5,50,0
1990,43,1,0,0,0,1,234,4,40,1
1990,37,2,0,0,2,1,159,5,40,0
1990,51,1,0,0,0,1,259,1,40,0
1990,53,2,0,0,0,1,22,4,40,0
1990,26,1,1,0,0,1,17,4,4,0
1990,39,1,0,0,0,0,185,4,24,0
1990,37,2,0,0,0,1,22,1,44,0
1990,44,1,1,0,0,1,675,1,40,0
1990,30,1,0,0,1,1,154,5,40,0
1990,36,2,0,0,0,1,235,5,40,0
1990,27,2,3,0,0,1,95,5,40,0
1990,27,2,0,0,0,0,804,5,32,0
1990,28,1,0,0,0,0,303,4,40,0
1990,41,1,1,0,0,1,254,4,50,0
1990,34,2,2,0,0,1,22,5,45,0
1990,52,1,2,0,2,1,22,5,40,1
1990,28,2,0,0,0,1,194,1,50,0
1990,27,1,0,0,0,1,37,2,32,0
1990,19,1,1,0,0,0,486,0,50,0
1990,19,1,1,0,0,1,277,2,40,0
1990,20,1,1,0,0,1,579,5,40,0
1990,21,2,1,0,0,1,374,3,60,0
1990,21,2,1,0,0,1,256,4,35,0
1990,19,2,1,3,0,1,276,3,20,0
1990,34,1,0,0,0,1,255,4,50,1
1990,35,2,0,0,0,1,95,5,40,0
1990,30,2,2,0,0,1,22,5,0,0
1990,52,2,1,0,0,1,0,0,0,0
1990,22,2,1,0,0,1,336,5,10,0
1990,22,2,1,0,0,1,277,3,40,0
1990,48,1,0,0,0,1,154,5,55,1
1990,48,2,0,0,0,1,195,1,99,0
1990,20,1,1,0,0,1,276,3,30,0
1990,21,1,1,0,0,1,486,6,40,0
1990,20,1,1,0,0,1,549,5,40,0
1990,21,1,1,0,0,1,446,5,40,0
1990,38,2,1,0,0,1,434,3,10,0
1990,43,1,2,0,0,1,435,3,26,0
1990,32,2,0,0,0,1,156,5,40,0
1990,37,1,0,0,0,1,7,4,40,0
1990,48,1,0,0,0,1,55,6,40,1
1990,48,2,0,0,0,0,156,5,22,0
1990,18,1,1,0,0,0,323,4,15,0
1990,34,1,1,0,0,1,64,1,55,1
1990,38,2,0,3,0,1,14,5,40,0
1990,36,1,0,3,2,1,263,3,40,0
1990,23,1,1,2,0,1,198,2,25,0
1990,19,2,1,0,0,1,438,3,20,0
1990,39,1,0,0,0,1,75,5,40,0
1990,38,2,0,0,0,1,75,6,36,0
1990,24,2,3,0,0,1,17,3,50,0
1990,28,2,0,0,0,1,208,5,40,0
1990,28,1,0,0,0,1,208,5,45,0
1990,56,1,0,0,0,0,253,4,40,0
1990,53,2,0,0,0,0,313,4,25,0
1990,58,1,0,0,0,1,69,6,50,1
1990,59,2,0,0,0,1,744,1,0,0
1990,24,1,1,0,0,1,59,2,40,0
1990,24,2,1,0,0,1,376,4,40,0
1990,27,2,0,0,0,1,22,3,40,0
1990,28,1,0,0,0,1,9,3,40,0
1990,40,1,1,0,0,1,307,5,40,0
1990,39,2,2,0,0,1,95,5,40,0
1990,39,1,0,0,0,0,579,0,60,0
1990,39,2,0,0,0,0,276,3,40,0
1990,47,1,0,0,0,1,56,2,40,1
1990,45,2,0,0,2,1,0,0,0,0
1990,46,1,0,0,0,1,447,5,36,0
1990,46,2,0,0,0,1,154,5,20,0
1990,18,2,1,0,0,0,467,5,36,0
1990,53,1,0,0,0,1,254,4,55,0
1990,48,2,0,0,0,0,456,4,53,0
1990,38,2,2,0,0,1,156,5,99,0
1990,46,1,0,0,0,1,243,3,40,1
1990,43,2,0,0,0,0,0,0,0,0
1990,35,1,1,0,1,1,64,4,45,0
1990,30,1,1,0,1,1,389,2,40,0
1990,34,1,0,0,0,1,538,3,40,0
1990,32,2,0,0,0,1,313,4,40,0
1990,42,1,2,0,0,1,313,1,44,0
1990,34,1,0,0,0,1,505,4,45,0
1990,32,2,0,0,0,0,274,3,40,0
1990,53,2,3,0,0,0,444,3,32,0
1990,43,1,1,0,0,0,22,5,50,0
1990,38,1,1,0,0,1,73,5,50,0
1990,38,1,0,0,0,1,157,5,0,0
1990,39,2,0,0,0,1,167,5,40,0
1990,32,1,2,1,0,0,436,3,40,0
1990,28,1,0,0,0,0,257,1,40,0
1990,29,2,0,0,0,0,363,1,40,0
1990,73,1,0,0,0,0,0,0,0,0
1990,65,2,0,0,0,1,0,0,0,0
1990,31,1,1,3,3,1,55,1,40,0
1990,40,2,0,0,0,1,22,2,50,0
1990,32,1,0,0,0,1,804,2,70,0
1990,45,1,0,0,0,1,379,1,40,0
1990,45,2,0,0,0,0,748,4,40,0
1990,21,1,1,0,0,0,337,3,40,0
1990,78,2,3,0,0,0,0,0,0,0
1990,64,2,2,2,0,0,785,1,40,0
1990,38,1,1,2,0,0,889,1,40,0
1990,21,2,1,0,0,1,888,1,40,0
1990,37,2,2,0,0,1,436,3,55,0
1990,33,2,1,3,0,1,315,6,40,0
1990,34,1,0,0,0,0,869,0,40,0
1990,30,2,0,0,0,0,777,1,40,0
1990,32,2,0,0,0,1,23,5,20,0
1990,37,1,0,0,2,0,558,0,60,1
1990,29,2,1,0,0,1,466,5,15,0
1990,45,2,2,0,0,1,195,1,42,0
1990,50,2,2,0,0,1,466,5,96,0
1990,27,1,1,0,0,0,579,5,40,0
1990,22,1,1,0,0,0,505,3,48,0
1990,71,2,2,0,0,1,95,5,32,0
1990,59,1,0,0,0,0,56,6,45,1
1990,55,2,0,0,0,0,337,3,15,0
1990,41,1,0,0,0,1,259,3,50,0
1990,39,2,0,0,0,1,197,5,40,0
1990,48,1,0,0,0,0,558,0,55,0
1990,45,2,0,0,0,1,185,3,25,0
1990,73,1,0,0,0,0,675,0,30,0
1990,68,2,0,0,0,0,0,0,0,0
1990,50,1,0,0,0,1,56,1,40,1
1990,42,2,0,0,0,1,313,4,12,0
1990,66,1,0,0,0,0,254,4,40,0
1990,64,2,0,0,0,0,689,1,40,0
1990,32,1,0,0,0,1,67,4,40,0
1990,33,2,0,0,0,0,338,4,0,0
1990,47,1,2,0,0,0,22,1,52,0
1990,80,1,0,0,0,1,263,3,0,0
1990,66,1,0,0,0,1,156,5,15,0
1990,68,2,0,0,0,1,0,0,0,0
1990,57,2,3,0,0,0,435,3,0,0
1990,57,1,0,0,0,0,628,1,40,0
1990,54,2,0,0,0,1,376,1,40,0
1990,25,1,1,0,0,0,877,3,40,0
1990,65,1,0,0,0,1,176,5,99,0
1990,64,2,0,0,0,1,95,5,33,0
1990,39,1,0,0,0,1,226,2,40,0
1990,40,2,0,0,0,1,95,5,40,0
1990,75,1,0,0,0,0,0,0,0,0
1990,69,2,0,0,0,0,0,0,0,0
1990,45,1,2,0,0,1,55,1,48,0
1990,39,2,2,0,0,0,7,4,40,0
1990,64,1,0,0,0,0,869,0,40,0
1990,67,2,0,0,0,1,435,3,99,0
1990,37,2,2,0,0,1,278,1,20,0
1990,26,1,1,0,0,0,575,6,40,0
1990,37,1,3,0,0,1,683,1,50,0
1990,45,1,0,0,0,1,22,0,40,0
1990,42,2,0,0,0,1,319,5,40,0
1990,20,2,1,0,0,1,467,5,25,0
1990,55,2,3,0,0,0,274,3,10,0
1990,42,2,1,0,0,1,188,5,45,0
1990,40,1,0,0,0,0,804,2,80,1
1990,40,2,0,0,0,0,366,2,24,0
1990,27,1,1,0,0,0,804,2,32,0
1990,28,2,2,0,0,0,348,4,30,0
1990,32,1,2,0,2,1,567,4,40,0
1990,42,2,0,0,0,1,337,5,40,0
1990,35,1,0,0,0,1,783,1,40,0
1990,21,2,3,0,0,1,8,3,0,0
1990,76,1,3,0,0,1,0,0,0,0
1990,19,1,1,0,0,0,444,3,30,0
1990,66,1,0,0,0,0,253,4,0,0
1990,63,2,0,0,0,0,313,4,0,0
1990,20,1,1,0,0,0,683,1,25,0
1990,20,1,1,0,0,0,683,1,20,0
1990,19,1,1,0,0,0,783,1,20,0
1990,63,1,0,0,0,0,259,3,60,0
1990,58,2,0,0,0,0,243,4,50,0
1990,32,1,0,0,0,1,253,4,40,0
1990,32,2,0,0,0,1,315,4,35,0
1990,32,1,0,0,0,0,653,0,40,0
1990,38,2,0,0,0,1,159,5,15,0
1990,21,1,1,0,0,1,315,0,9,0
1990,18,1,1,0,0,1,443,3,35,0
1990,18,2,1,0,0,1,453,3,30,0
1990,18,2,1,0,0,1,443,3,50,0
1990,38,1,0,0,0,0,789,4,40,0
1990,37,2,0,0,0,0,453,4,40,0
1990,18,1,1,0,0,0,17,3,30,0
1990,67,1,0,0,0,1,22,5,45,0
1990,66,2,0,0,0,0,313,5,0,0
1990,43,1,0,0,0,0,785,4,38,0
1990,42,2,0,0,0,0,365,3,32,0
1990,47,1,0,0,0,1,178,5,45,1
1990,45,2,0,0,0,1,313,5,0,0
1990,19,2,1,0,0,1,264,3,30,0
1990,33,1,0,0,0,1,56,1,40,1
1990,31,2,0,0,0,0,467,5,13,0
1990,57,1,0,0,0,1,217,1,40,1
1990,54,2,0,0,0,0,22,4,0,0
1990,41,1,1,0,0,1,889,5,40,0
1990,51,1,0,0,0,1,303,2,45,0
1990,46,2,0,0,0,0,243,3,55,0
1990,26,2,1,0,0,1,283,3,32,0
1990,22,1,1,0,0,1,734,1,40,0
1990,21,1,1,0,0,1,427,5,40,0
1990,27,2,0,0,0,1,14,5,40,0
1990,28,1,0,0,0,1,259,3,50,0
1990,40,1,0,0,0,1,243,3,45,1
1990,39,2,0,0,0,1,156,5,15,0
1990,45,2,2,0,0,0,276,3,40,1
1990,44,1,0,0,0,1,696,4,70,1
1990,44,2,0,0,0,1,678,5,0,0
1990,63,1,0,0,0,1,436,3,0,0
1990,49,2,0,0,0,1,17,3,30,0
1990,25,1,1,0,0,1,195,1,70,0
1990,21,1,1,0,2,0,804,3,7,0
1990,19,1,1,0,0,1,436,3,50,0
1990,23,1,1,0,0,1,263,4,35,0
1990,27,1,1,0,0,1,434,3,36,0
1990,26,1,0,0,0,1,473,0,60,0
1990,21,2,0,0,0,1,313,5,32,0
1990,22,2,1,0,0,1,435,3,25,0
1990,33,1,0,0,0,1,579,0,40,0
1990,33,2,0,0,0,1,869,0,20,0
1990,78,1,0,0,0,0,0,0,0,0
1990,75,2,0,0,0,0,0,0,0,0
1990,26,2,1,0,0,1,95,5,40,0
1990,37,1,0,0,0,1,364,1,40,0
1990,36,2,0,0,0,1,23,5,40,0
1990,19,2,1,0,0,1,257,2,15,0
1990,31,2,0,0,0,0,449,3,40,0
1990,42,1,0,0,0,0,804,2,90,0
1990,36,1,0,0,0,1,23,5,40,0
1990,35,2,0,0,0,0,363,1,40,0
1990,22,1,0,2,0,0,364,1,20,0
1990,24,2,0,0,0,0,447,5,35,0
1990,76,2,3,0,0,0,0,0,0,0
1990,63,1,0,0,0,1,877,3,30,0
1990,59,2,0,0,0,1,95,5,40,0
1990,38,1,0,0,0,0,889,1,8,0
1990,25,2,0,0,0,0,453,3,30,0
1990,56,1,2,0,0,0,859,1,40,0
1990,40,1,0,0,0,1,234,4,48,0
1990,56,2,0,0,0,1,159,5,32,0
1990,40,2,2,0,0,1,22,4,40,0
1990,67,1,0,0,0,0,17,3,0,0
1990,66,2,0,0,0,0,17,3,0,0
1990,28,1,0,0,0,0,804,6,32,0
1990,28,2,0,0,0,0,379,6,40,0
1990,24,1,0,0,0,1,577,2,42,0
1990,23,2,0,0,0,1,156,5,40,0
1990,38,1,0,0,0,1,185,1,40,0
1990,38,2,0,0,0,1,213,1,40,0
1990,67,2,2,0,0,1,0,0,0,0
1990,77,1,0,0,1,0,0,0,0,0
1990,76,2,0,0,0,0,0,0,0,0
1990,31,1,0,0,0,1,243,3,60,0
1990,29,2,0,0,0,1,156,5,50,0
1990,26,1,1,0,0,0,479,0,55,0
1990,32,2,1,0,0,0,308,4,35,0
1990,50,1,2,0,0,0,505,4,80,0
1990,35,2,3,2,0,0,0,0,0,0
1990,63,1,3,2,0,0,0,0,0,0
1990,56,1,0,0,0,1,585,0,40,0
1990,57,2,0,0,0,0,0,0,0,0
1990,25,1,0,0,0,1,479,0,40,0
1990,30,2,0,0,0,1,376,4,40,0
1990,62,1,0,0,0,0,479,0,50,0
1990,60,2,0,0,0,0,0,0,0,0
1990,52,1,0,0,0,0,475,0,75,1
1990,51,2,0,0,0,1,475,0,40,1
1990,20,1,1,0,0,1,475,0,70,0
1990,75,2,0,0,0,0,0,0,0,0
1990,71,2,3,0,0,0,0,0,0,0
1990,49,1,0,0,0,0,567,0,44,0
1990,45,2,0,0,0,1,0,0,0,0
1990,21,2,1,0,0,1,435,3,20,0
1990,19,2,1,0,0,1,435,3,15,0
1990,44,1,0,0,0,1,628,1,60,1
1990,39,2,0,0,0,1,159,5,0,0
1990,38,1,1,0,0,1,628,2,45,0
1990,28,1,1,0,0,1,458,4,40,0
1990,23,2,1,0,0,1,313,0,35,0
1990,61,1,0,0,0,0,686,1,0,0
1990,57,2,0,0,0,0,0,0,0,0
1990,80,2,0,0,0,0,0,0,0,0
1990,52,1,0,0,0,1,22,0,60,0
1990,57,2,0,0,0,0,0,0,0,0
1990,68,2,3,0,0,0,337,0,0,0
1990,60,1,0,0,0,0,277,3,40,0
1990,53,2,0,0,0,0,337,3,0,0
1990,79,2,3,0,0,0,0,0,0,0
1990,24,2,1,0,0,0,348,2,24,0
1990,60,1,0,0,0,1,696,1,50,0
1990,56,2,0,0,0,0,0,0,0,0
1990,34,1,2,0,0,0,243,3,48,0
1990,23,1,1,0,0,0,514,3,40,0
1990,39,2,0,0,0,0,877,3,30,0
1990,43,1,0,0,0,0,563,0,35,0
1990,68,1,0,0,2,1,0,0,0,0
1990,65,2,0,0,4,1,0,0,0,0
1990,46,1,0,0,0,0,783,4,80,0
1990,43,2,0,0,0,0,865,4,30,0
1990,78,1,0,0,0,0,0,0,0,0
1990,76,2,0,0,0,0,0,0,0,0
1990,38,1,0,0,0,1,183,2,45,1
1990,34,2,0,0,0,1,379,5,20,0
1990,37,1,0,0,0,0,337,3,40,0
1990,36,2,0,0,0,1,235,4,0,0
1990,36,1,0,0,0,1,22,0,50,0
1990,35,2,0,0,0,1,365,3,20,0
1990,78,1,0,0,2,0,0,0,0,0
1990,77,2,0,0,2,0,0,0,0,0
1990,27,1,2,0,0,1,257,2,40,0
1990,29,1,0,0,0,0,507,4,43,0
1990,29,2,0,0,0,0,433,3,7,0
1990,59,2,3,0,0,1,254,4,20,0
1990,32,1,0,0,0,1,64,5,40,0
1990,32,2,0,0,0,1,466,5,50,0
1990,33,1,0,0,0,1,64,3,45,0
1990,30,2,0,0,0,0,466,5,0,0
1990,39,1,0,0,0,1,889,4,40,0
1990,39,2,0,0,0,0,243,4,60,0
1990,19,2,0,0,0,0,276,3,36,0
1990,25,1,0,0,0,1,486,0,25,0
1990,59,2,2,0,0,1,458,4,50,0
1990,32,1,1,0,0,1,23,6,55,0
1990,41,1,0,0,0,1,55,6,40,0
1990,40,2,0,0,0,1,95,5,24,0
1990,29,1,0,0,0,1,355,2,44,0
1990,30,2,0,0,0,0,275,4,0,0
1990,70,1,2,0,0,0,0,0,0,0
1990,28,2,1,0,2,1,337,5,40,0
1990,22,1,1,0,0,1,25,1,40,0
1990,30,2,3,1,0,1,23,5,30,0
1990,33,1,0,0,0,1,167,5,60,1
1990,36,2,0,0,0,1,389,5,50,0
1990,46,1,0,0,0,1,354,2,40,0
1990,40,2,0,0,0,0,0,0,0,0
1990,23,2,1,0,0,0,348,4,38,0
1990,21,1,1,0,0,1,436,4,40,0
1990,20,1,1,0,0,0,436,3,40,0
1990,60,1,1,0,0,0,0,0,0,0
1990,32,1,0,1,0,1,447,5,40,0
1990,32,2,0,1,4,1,318,6,11,0
1990,33,1,0,0,0,1,64,6,40,0
1990,30,2,0,0,4,1,64,5,40,0
1990,24,2,1,0,0,1,154,5,20,0
1990,39,1,1,0,0,1,257,4,99,0
1990,38,2,2,0,0,0,453,3,40,0
1990,19,2,1,0,0,0,462,5,0,0
1990,18,1,1,0,0,0,579,4,20,0
1990,35,1,3,0,0,1,259,3,40,0
1990,33,2,2,0,0,1,65,1,40,0
1990,42,1,2,0,0,1,188,1,60,0
1990,37,2,2,0,0,1,188,5,35,0
1990,67,1,0,0,0,1,57,0,13,0
1990,66,2,0,0,0,1,274,3,7,0
1990,29,1,0,0,0,0,709,1,40,0
1990,31,2,0,0,0,0,883,1,40,0
1990,75,1,0,0,0,1,0,0,0,0
1990,72,2,0,0,0,1,95,4,0,0
1990,50,1,0,0,0,1,64,4,40,1
1990,46,2,0,0,0,1,337,3,42,0
1990,50,1,3,0,0,1,653,1,32,0
1990,35,1,0,0,0,1,389,5,40,0
1990,31,2,0,0,2,1,203,5,24,0
1990,68,1,0,0,0,1,25,4,0,0
1990,66,2,0,0,0,0,0,0,0,0
1990,38,2,2,0,0,1,337,0,40,0
1990,18,1,1,0,0,0,436,3,0,0
1990,29,1,1,0,0,0,558,0,40,0
1990,35,2,2,0,0,0,628,1,22,0
1990,41,1,1,0,0,0,637,1,40,0
1990,23,2,1,0,0,0,0,0,0,0
1990,40,1,0,0,0,0,869,0,20,0
1990,29,2,0,0,0,1,385,5,0,0
1990,18,1,1,0,0,1,356,5,15,0
1990,34,2,1,0,0,1,174,5,52,0
1990,31,2,3,0,0,1,17,3,50,0
1990,37,2,2,0,0,1,453,5,40,0
1990,18,1,1,0,0,0,0,0,0,0
1990,32,1,1,0,0,1,6,6,0,0
1990,58,1,0,0,0,1,426,5,40,0
1990,52,2,0,0,0,0,0,0,0,0
1990,53,1,0,0,0,1,188,5,40,0
1990,45,2,0,0,2,1,156,5,45,0
1990,22,1,1,0,0,0,587,0,40,0
1990,21,2,1,0,0,1,779,1,38,0
1990,63,1,2,0,0,0,516,0,0,0
1990,27,1,0,0,0,1,243,3,40,0
1990,25,2,0,0,0,0,365,3,40,0
1990,69,1,0,0,0,1,0,0,0,0
1990,52,2,0,0,0,0,449,5,2,0
1990,33,1,1,0,0,1,759,4,40,0
1990,65,1,0,0,0,1,0,0,0,0
1990,64,2,0,0,0,1,0,0,0,0
1990,36,1,2,0,0,0,549,6,40,0
1990,31,2,2,0,0,0,8,3,40,0
1990,28,2,0,0,0,1,95,5,50,0
1990,31,1,0,0,0,1,573,0,60,1
1990,43,1,3,1,0,0,316,5,40,0
1990,29,1,0,3,0,0,436,4,40,0
1990,22,2,0,0,0,0,453,1,0,0
1990,58,1,0,0,0,1,176,5,60,1
1990,59,2,0,0,0,1,0,0,0,0
1990,75,2,2,0,0,0,0,0,0,0
1990,51,1,2,0,0,1,184,1,40,1
1990,21,2,1,0,0,1,185,1,40,0
1990,40,1,0,0,0,1,5,6,55,1
1990,36,2,0,3,0,1,188,3,21,0
1990,32,1,0,0,0,1,14,5,50,0
1990,32,2,0,0,0,0,647,4,10,0
1990,48,1,3,0,0,1,55,1,40,1
1990,66,2,2,0,0,1,23,1,0,0
1990,65,1,2,0,0,0,487,3,40,0
1990,35,1,0,0,0,1,417,6,72,0
1990,36,2,0,0,0,1,376,4,40,0
1990,34,1,0,0,0,1,8,6,46,0
1990,34,2,0,0,0,1,468,5,3,0
1990,65,1,0,0,0,1,809,4,40,0
1990,58,2,0,3,0,1,0,0,0,0
1990,27,2,1,3,4,1,447,6,40,0
1990,48,1,0,0,0,1,64,1,40,0
1990,45,2,0,0,0,1,329,1,30,0
1990,33,1,0,0,0,1,229,6,55,0
1990,30,2,0,0,0,0,453,4,30,0
1990,47,1,0,0,0,1,354,2,45,1
1990,42,2,0,0,0,1,379,5,40,0
1990,38,1,3,1,0,1,903,6,70,0
1990,18,1,1,1,0,0,436,3,40,0
1990,30,2,1,1,0,0,744,4,40,0
1990,42,2,2,0,0,1,89,5,40,0
1990,69,1,0,0,0,0,0,0,0,0
1990,66,2,0,0,0,0,0,0,0,0
1990,32,2,0,0,0,1,22,5,50,0
1990,40,1,0,0,0,0,699,0,55,0
1990,21,2,1,0,0,1,243,3,40,0
1990,21,1,1,1,0,1,443,3,20,0
1990,69,1,0,0,0,1,0,0,0,0
1990,68,2,0,0,0,1,256,3,25,0
1990,61,1,0,0,0,1,178,5,45,0
1990,49,2,0,0,0,1,313,5,35,0
1990,63,1,0,0,0,0,303,6,42,0
1990,61,2,0,0,0,0,0,0,0,0
1990,41,1,0,0,0,1,597,0,20,0
1990,41,2,0,0,0,1,337,0,40,0
1990,33,1,2,0,0,1,617,0,45,0
1990,35,2,2,3,3,0,458,4,45,0
1990,41,1,2,1,0,1,0,0,0,0
1990,30,1,0,0,0,1,213,1,40,0
1990,29,2,0,0,0,1,203,5,40,0
1990,47,1,0,3,0,0,804,2,65,0
1990,48,2,0,0,0,1,89,5,40,0
1990,27,2,2,0,0,0,435,3,10,0
1990,36,2,0,0,0,0,29,3,40,0
1990,47,1,0,0,0,1,14,3,40,1
1990,45,1,0,0,0,0,804,3,60,0
1990,23,2,0,0,0,1,97,5,40,0
1990,69,1,0,0,0,0,0,0,0,0
1990,73,2,0,0,0,1,95,5,0,0
1990,35,2,3,0,0,1,243,3,50,0
1990,58,1,1,0,0,1,575,6,40,0
1990,59,1,1,0,0,0,0,0,0,0
1990,22,1,1,0,0,1,905,6,40,0
1990,20,1,1,0,0,0,904,6,60,0
1990,21,1,1,0,0,1,904,6,90,0
1990,22,1,1,1,0,1,446,6,48,0
1990,40,1,0,0,0,1,904,6,40,0
1990,36,2,0,0,0,1,314,6,40,0
1990,56,1,0,0,0,0,473,0,30,0
1990,56,2,0,0,0,0,0,0,0,0
1990,35,1,0,0,0,0,588,0,40,0
1990,34,2,0,0,0,0,0,0,0,0
1990,45,1,0,0,0,1,226,2,50,1
1990,45,2,0,0,0,1,95,5,28,0
1990,19,2,1,0,0,1,469,3,25,0
1990,37,1,0,0,0,1,22,1,45,1
1990,36,2,0,0,0,1,95,5,50,0
1990,42,1,0,0,0,1,267,3,50,1
1990,32,2,0,0,0,1,22,1,50,1
1990,61,1,0,0,0,1,0,0,0,0
1990,63,2,0,0,0,1,407,4,35,0
1990,32,1,0,0,0,1,469,3,90,0
1990,31,2,0,0,0,1,385,1,40,0
1990,38,1,0,0,0,0,904,6,50,0
1990,44,2,0,0,2,0,447,5,40,0
1990,19,1,1,0,2,0,444,3,40,0
1990,37,1,0,0,0,1,156,5,40,0
1990,31,2,0,0,0,1,156,5,0,0
1990,25,1,0,0,0,1,804,2,40,0
1990,25,2,0,0,0,1,804,2,40,0
1990,39,1,0,0,0,1,538,3,55,0
1990,36,2,0,0,0,1,468,5,40,0
1990,27,1,0,0,2,1,508,2,50,0
1990,28,2,0,0,0,1,389,5,50,0
1990,27,1,0,0,0,1,243,3,60,0
1990,24,2,0,0,0,0,357,3,40,0
1990,70,1,0,0,0,1,0,0,0,1
1990,64,2,0,0,0,0,0,0,0,0
1990,69,2,3,0,0,1,0,0,0,0
1990,31,1,0,0,0,0,579,0,20,0
1990,30,2,0,0,0,0,435,3,99,0
1990,46,1,0,0,0,1,243,3,60,0
1990,39,2,0,0,0,0,383,4,34,0
1990,21,1,3,0,0,0,904,6,0,0
1990,19,1,1,0,0,1,904,6,50,0
1990,23,1,1,0,0,1,379,6,55,0
1990,22,1,3,1,0,1,547,6,0,0
1990,33,1,0,1,0,0,904,6,55,0
1990,39,2,0,1,0,0,0,0,0,0
1990,18,1,1,1,0,0,438,3,30,0
1990,34,1,0,1,0,1,359,6,40,0
1990,28,2,0,1,0,1,389,3,40,0
1990,23,2,0,0,0,1,328,6,50,0
1990,28,1,0,0,0,0,804,3,50,0
1990,54,1,0,0,0,1,426,4,40,0
1990,49,2,0,0,2,0,785,1,40,0
1990,28,2,2,0,0,1,17,3,45,0
1990,30,1,0,0,0,0,278,1,48,0
1990,33,2,0,0,0,0,486,0,0,0
1990,80,2,0,0,0,0,0,0,0,0
1990,27,1,1,0,0,1,869,0,0,0
1990,26,1,1,0,0,1,57,2,50,0
1990,31,1,3,0,0,1,565,0,55,0
1990,70,1,0,3,0,0,0,0,0,0
1990,53,2,0,0,0,1,877,3,40,0
1990,76,1,0,0,0,1,0,0,0,0
1990,74,2,0,0,0,1,0,0,0,0
1990,37,1,2,0,0,1,276,3,30,0
1990,77,2,0,0,0,1,0,0,0,0
1990,42,1,1,0,0,1,253,4,50,0
1990,58,2,2,0,0,1,18,4,40,0
1990,32,1,3,0,2,1,447,5,40,0
1990,56,1,2,0,0,1,544,1,0,0
1990,74,2,0,0,0,1,159,5,7,0
1990,75,1,0,0,0,1,643,5,40,0
1990,24,2,1,2,0,0,444,5,0,0
1990,24,1,1,2,0,1,796,1,30,0
1990,51,1,0,2,0,1,544,1,40,0
1990,38,2,0,2,0,1,156,5,18,0
1990,73,2,3,0,0,0,0,0,0,0
1990,73,1,1,0,0,0,0,0,0,0
1990,48,1,0,2,0,0,507,3,40,0
1990,43,2,0,2,0,0,436,5,40,0
1990,74,2,0,0,0,0,0,0,0,0
1990,69,1,3,0,0,0,0,0,0,0
1990,64,2,3,0,0,0,348,4,0,0
1990,58,2,2,0,0,0,0,0,0,0
1990,64,1,3,0,0,1,53,1,40,0
1990,54,1,0,0,0,1,156,5,40,0
1990,53,2,0,0,0,1,14,5,45,0
1990,73,1,0,0,0,0,0,0,0,0
1990,71,2,0,0,0,0,0,0,0,0
1990,27,1,1,0,0,0,0,0,0,0
1990,36,1,0,0,0,1,575,4,40,0
1990,32,2,0,2,0,0,243,3,40,0
1990,65,1,0,0,0,0,0,0,0,0
1990,63,2,0,0,0,0,0,0,0,0
1990,70,1,0,0,0,0,509,4,10,0
1990,70,2,0,0,0,0,0,0,0,0
1990,45,1,0,0,0,0,628,3,40,0
1990,36,2,0,0,0,1,337,4,24,0
1990,45,2,2,0,0,1,909,6,0,0
1990,77,1,0,0,0,1,0,0,0,0
1990,72,2,0,0,0,0,0,0,0,0
1990,32,1,3,0,0,0,263,3,25,0
1990,65,1,0,0,0,0,804,2,0,0
1990,64,2,0,0,0,0,0,0,0,0
1990,31,1,0,0,0,0,276,3,36,0
1990,25,2,0,0,0,0,373,3,20,0
1990,43,2,2,0,0,1,447,5,40,0
1990,19,2,1,0,0,1,276,3,35,0
1990,65,1,0,0,0,0,243,3,0,0
1990,68,2,0,0,0,0,0,0,0,0
1990,35,2,1,0,0,0,365,6,40,0
1990,34,2,1,0,0,0,319,5,40,0
1990,26,2,3,0,0,1,56,1,50,0
1990,71,1,0,0,0,0,0,0,0,0
1990,70,2,0,0,0,1,0,0,0,0
1990,58,1,0,0,0,1,448,4,40,0
1990,53,2,0,0,0,0,337,4,3,0
1990,47,1,0,0,0,1,595,0,45,0
1990,43,2,0,0,0,0,0,0,0,0
1990,19,1,1,0,0,1,444,3,20,0
1990,18,1,1,0,0,0,0,0,0,0
1990,25,2,3,0,0,1,337,6,40,0
1990,66,1,0,0,0,0,473,0,50,0
1990,63,2,0,0,0,1,308,2,50,0
1990,63,1,0,0,0,0,453,5,40,0
1990,59,2,0,0,0,0,453,5,34,0
1990,24,1,2,0,0,0,505,4,44,0
1990,33,2,3,0,0,1,466,5,0,0
1990,38,2,3,0,0,1,159,5,20,0
1990,57,1,2,0,0,0,909,6,0,0
1990,41,2,3,0,0,0,313,5,38,0
1990,38,1,3,0,0,0,598,1,50,0
1990,27,2,2,0,0,1,438,3,60,0
1990,50,1,0,0,0,0,479,0,60,0
1990,42,2,0,0,0,0,383,4,40,0
1990,27,1,0,0,0,1,514,4,50,0
1990,20,2,0,0,0,0,668,4,40,0
1990,37,1,0,0,0,1,555,1,45,0
1990,35,2,0,0,0,0,313,1,40,0
1990,26,1,0,0,0,0,473,0,85,1
1990,28,2,0,0,0,0,473,0,0,0
1990,30,2,2,0,0,1,276,2,40,0
1990,42,2,2,0,0,0,479,0,40,0
1990,44,1,1,0,0,0,479,0,55,0
1990,58,1,0,0,0,0,0,0,0,0
1990,55,2,0,0,0,0,804,2,50,0
1990,37,2,1,0,0,1,159,5,40,0
1990,52,1,2,0,0,1,549,4,60,0
1990,22,1,0,0,0,0,885,3,50,0
1990,20,2,0,0,0,0,469,3,30,0
1990,79,1,0,0,0,0,668,4,29,0
1990,77,2,0,0,0,1,0,0,0,0
1990,52,2,0,0,0,1,17,0,60,0
1990,54,1,0,0,0,1,628,0,45,1
1990,26,1,0,0,0,1,549,2,55,0
1990,33,2,0,0,0,1,435,3,40,0
1990,56,1,1,0,1,0,804,1,40,0
1990,54,2,2,0,1,0,453,0,24,0
1990,21,2,1,0,0,0,435,3,0,0
1990,48,1,0,0,0,1,79,6,40,0
1990,44,2,0,0,0,1,95,5,40,0
1990,47,1,0,0,0,1,598,0,60,1
1990,48,2,0,0,0,1,274,3,32,0
1990,18,1,1,0,0,0,436,3,6,0
1990,48,1,0,0,0,1,243,3,60,0
1990,33,2,0,0,0,0,259,3,40,0
1990,80,2,3,0,0,0,165,5,26,0
1990,68,2,0,0,0,0,0,0,0,0
1990,53,1,2,0,0,1,156,5,50,0
1990,32,1,0,0,0,0,475,0,60,0
1990,33,2,0,0,0,0,243,3,40,0
1990,38,1,0,0,0,0,563,0,34,0
1990,38,2,0,0,0,1,156,5,40,0
1990,59,1,0,0,0,0,0,0,0,0
1990,55,2,0,0,0,0,436,5,20,0
1990,68,1,0,0,0,0,17,4,60,1
1990,65,2,0,0,0,0,18,4,60,0
1990,20,2,1,0,0,0,435,3,40,0
1990,19,1,1,0,0,0,686,3,40,0
1990,45,2,2,0,0,0,435,4,40,0
1990,18,1,1,0,0,0,475,0,70,0
1990,30,1,0,0,0,0,473,0,48,0
1990,29,2,0,0,0,1,277,3,5,0
1990,30,1,0,0,0,0,567,0,38,0
1990,25,2,0,0,0,0,479,0,20,0
1990,34,1,0,0,0,0,885,3,60,0
1990,31,2,0,0,0,0,449,5,40,0
1990,67,2,3,0,0,0,0,0,0,0
1990,39,1,2,0,0,0,22,4,40,0
1990,42,2,2,0,0,0,438,3,40,0
1990,38,1,0,0,0,1,316,6,8,0
1990,30,2,0,2,0,1,313,5,37,0
1990,62,1,0,2,0,0,453,1,45,0
1990,61,2,0,2,0,0,449,4,30,0
1990,39,1,1,2,0,1,435,3,40,0
1990,80,1,0,0,0,0,0,0,0,0
1990,72,2,0,0,0,0,0,0,0,0
1990,34,1,0,0,0,1,577,2,50,0
1990,31,2,0,0,0,1,21,5,40,0
1990,77,2,3,0,0,1,0,0,0,0
1990,68,1,3,0,0,0,0,0,0,0
1990,63,1,0,0,0,1,176,5,48,0
1990,62,2,0,0,0,1,466,5,40,0
1990,80,2,3,0,0,0,0,0,0,0
1990,35,1,0,0,0,0,479,0,60,0
1990,34,2,0,0,0,0,466,5,32,0
1990,30,1,0,0,0,0,768,1,40,0
1990,27,2,0,0,0,0,488,3,0,0
1990,47,2,3,0,0,1,156,5,40,0
1990,55,1,0,0,1,0,368,0,50,0
1990,53,2,0,0,1,0,0,0,0,0
1990,27,1,1,0,0,1,889,1,30,0
1990,79,2,3,0,0,0,0,0,0,0
1990,35,1,0,0,0,0,263,3,45,0
1990,35,2,0,0,0,0,14,4,39,0
1990,70,2,3,0,0,1,337,5,15,0
1990,34,2,3,2,0,0,0,0,0,0
1990,77,1,3,0,0,0,0,0,0,0
1990,65,1,1,0,0,0,486,0,5,0
1990,56,1,0,0,0,1,96,3,60,0
1990,56,2,0,0,0,1,96,3,54,0
1990,31,1,0,0,0,0,516,0,40,0
1990,32,2,0,0,0,0,444,5,40,0
1990,52,1,0,0,0,1,259,3,40,0
1990,46,2,0,0,0,0,266,3,40,0
1990,32,2,1,0,0,1,187,2,40,0
1990,32,2,1,0,0,1,207,5,40,0
1990,60,1,2,0,0,1,22,1,48,0
1990,40,1,0,0,0,1,336,2,0,0
1990,38,2,0,0,0,1,22,2,50,0
1990,41,2,2,0,0,1,159,4,5,1
1990,32,2,0,0,0,0,435,3,32,0
1990,47,1,0,0,0,0,453,6,40,0
1990,26,2,1,0,0,1,95,5,40,0
1990,24,1,0,0,0,1,64,2,47,0
1990,24,2,0,0,0,1,23,5,45,0
1990,49,1,0,0,0,0,13,1,50,1
1990,48,2,0,0,0,1,0,0,0,0
1990,27,1,0,0,0,1,22,5,45,0
1990,28,2,0,0,0,0,313,0,0,0
1990,47,1,1,0,0,1,13,4,40,1
1990,29,2,2,0,0,1,25,1,43,0
1990,48,2,2,0,0,1,313,4,40,0
1990,24,1,1,0,0,0,348,2,50,0
1990,40,1,0,0,0,0,267,3,50,0
1990,40,2,0,0,0,1,22,4,42,1
1990,30,1,0,0,0,1,22,0,40,1
1990,30,2,0,0,0,1,22,0,48,0
1990,46,1,0,0,0,1,253,4,40,0
1990,46,2,0,0,0,1,337,3,6,0
1990,20,1,1,0,0,0,259,3,40,0
1990,32,2,3,0,0,1,0,0,0,0
1990,45,1,2,0,0,0,0,0,0,0
1990,45,1,0,0,0,1,22,0,60,1
1990,45,2,0,0,0,1,804,3,10,0
1990,23,1,1,0,0,1,436,3,40,0
1990,21,2,1,0,0,0,243,3,40,0
1990,43,1,0,0,0,1,86,0,99,0
1990,42,2,0,0,0,1,487,0,99,0
1990,78,1,0,0,0,1,0,0,0,0
1990,72,2,0,0,0,0,5,6,40,0
1990,30,1,1,0,0,1,503,5,45,0
1990,25,1,1,0,0,1,453,3,40,0
1990,53,1,0,0,0,0,617,0,40,0
1990,59,2,0,0,0,0,276,3,18,0
1990,41,2,2,0,0,0,359,6,40,0
1990,20,1,2,0,0,0,359,0,40,0
1990,72,2,3,0,0,0,0,0,0,0
1990,38,1,0,0,0,1,558,0,60,0
1990,36,2,0,0,0,0,453,4,5,0
1990,28,1,0,0,0,0,213,1,60,0
1990,39,2,0,0,0,1,435,3,0,0
1990,19,2,3,0,0,0,785,1,40,0
1990,36,1,0,0,0,1,55,1,40,1
1990,49,2,0,0,4,1,453,4,10,0
1990,30,1,0,0,0,1,696,1,45,0
1990,30,2,0,0,0,1,166,5,40,0
1990,36,1,0,0,0,0,757,1,48,0
1990,31,2,0,0,0,0,435,3,0,0
1990,71,2,0,0,0,0,436,6,0,0
1990,48,1,0,0,0,1,653,1,40,0
1990,45,2,0,0,0,0,243,3,40,0
1990,38,1,0,0,0,0,779,0,45,0
1990,38,2,0,0,0,0,276,3,40,0
1990,38,1,0,0,0,0,479,0,50,0
1990,35,2,0,0,0,0,208,0,50,0
1990,38,2,2,0,0,1,95,5,48,0
1990,30,2,1,0,0,1,64,5,40,0
1990,28,1,3,0,0,0,804,2,38,0
1990,42,1,0,0,0,1,869,0,40,0
1990,37,2,0,0,0,1,466,5,25,0
1990,59,2,3,0,0,0,748,4,30,0
1990,35,1,1,0,0,1,505,4,0,0
1990,64,1,0,0,0,1,0,0,0,0
1990,64,2,0,0,0,0,243,3,40,0
1990,31,1,1,0,0,0,869,0,40,0
1990,61,1,0,0,0,1,5,6,0,0
1990,56,2,0,0,0,0,0,0,0,0
1990,61,1,0,0,0,0,21,5,72,0
1990,61,2,0,0,0,0,889,3,48,0
1990,42,1,0,0,0,1,516,0,40,0
1990,39,2,0,0,0,1,424,6,40,0
1990,58,1,0,0,0,1,163,6,45,0
1990,64,2,0,0,0,1,95,6,40,0
1990,34,1,1,0,0,1,159,6,0,0
1990,30,1,0,0,0,0,533,2,40,0
1990,27,2,0,0,0,0,449,4,25,0
1990,19,2,1,0,0,1,315,2,45,0
1990,73,2,3,0,0,0,0,0,0,0
1990,48,1,0,0,0,0,909,6,0,0
1990,32,2,0,0,0,1,337,1,0,0
1990,77,1,3,0,0,0,424,6,30,0
1990,42,1,2,0,0,0,783,1,40,0
1990,62,1,0,0,0,0,453,5,20,0
1990,61,2,0,0,0,0,313,5,0,0
1990,47,1,0,0,0,1,889,2,45,0
1990,31,2,0,0,0,0,259,1,40,0
1990,29,1,0,0,0,1,864,2,45,0
1990,29,2,0,0,0,1,22,3,40,0
1990,39,1,0,0,0,0,505,4,40,0
1990,45,2,0,0,0,1,95,5,16,0
1990,66,1,0,0,0,0,0,0,0,0
1990,63,2,0,0,0,0,0,0,0,0
1990,76,2,3,0,0,0,0,0,0,0
1990,21,1,1,0,0,1,637,5,40,0
1990,80,2,3,0,0,0,0,0,0,0
1990,18,2,1,0,0,0,444,3,24,0
1990,63,1,0,0,0,1,808,5,16,0
1990,52,2,0,0,0,0,444,3,40,0
1990,22,1,0,0,0,1,779,0,50,0
1990,21,2,0,0,0,0,435,3,15,0
1990,44,1,0,0,0,1,14,5,40,1
1990,43,2,0,0,0,1,156,5,50,0
1990,18,1,1,0,0,0,276,5,15,0
1990,66,1,0,0,0,1,479,0,0,0
1990,64,2,0,0,0,1,0,0,0,0
1990,42,2,2,0,0,1,0,0,0,0
1990,40,1,1,0,0,1,427,5,30,0
1990,60,2,0,0,0,0,387,6,0,0
1990,72,1,0,0,0,0,0,0,0,0
1990,47,1,0,0,0,1,254,4,56,0
1990,47,2,0,0,0,0,17,3,40,0
1990,26,1,1,0,0,0,254,4,56,0
1990,42,1,0,0,0,1,55,5,30,0
1990,44,2,0,0,0,1,155,5,20,0
1990,63,1,0,0,0,0,0,0,0,0
1990,57,2,0,0,0,0,436,5,0,0
1990,61,2,3,0,0,0,0,0,0,0
1990,37,2,1,0,0,0,155,5,48,0
1990,32,1,1,0,0,0,0,0,0,0
1990,25,1,1,0,0,0,453,5,48,0
1990,21,1,1,0,0,0,319,5,40,0
1990,52,1,0,0,0,0,804,0,55,0
1990,45,2,0,0,0,0,435,3,40,0
1990,76,2,0,0,0,0,479,0,0,0
1990,42,2,2,0,0,1,178,5,40,0
1990,62,1,0,0,0,0,17,3,60,0
1990,58,2,0,0,0,0,337,3,25,0
1990,46,1,0,2,0,0,859,1,40,0
1990,45,2,0,2,0,0,156,5,32,0
1990,38,1,0,0,0,0,0,0,0,0
1990,30,2,0,0,0,0,0,0,0,0
1990,69,1,0,1,0,0,869,0,40,0
1990,43,2,0,1,0,0,0,0,0,0
1990,64,1,0,0,0,0,359,6,0,0
1990,57,2,0,0,0,0,355,2,25,0
1990,70,2,0,0,0,0,0,0,0,0
1990,70,1,0,0,0,0,0,0,0,0
1990,37,1,2,0,0,0,0,0,0,0
1990,30,2,0,0,0,1,7,4,0,0
1990,40,1,0,0,0,0,844,0,60,0
1990,40,1,0,0,0,0,22,1,0,0
1990,35,2,0,0,0,0,0,0,0,0
1990,69,1,0,0,0,0,869,0,0,0
1990,64,2,0,0,0,0,0,0,0,0
1990,50,1,0,0,0,1,176,5,60,0
1990,48,2,0,0,0,0,0,0,0,0
1990,40,1,0,0,0,1,22,1,50,0
1990,42,2,0,0,0,1,95,5,32,0
1990,33,1,0,0,0,1,616,0,60,0
1990,32,2,0,0,0,1,0,0,0,0
1990,29,1,1,0,0,0,856,3,35,0
1990,29,2,1,0,0,0,877,0,40,0
1990,78,2,3,0,0,0,0,0,0,0
1990,20,2,1,0,0,1,453,4,10,0
1990,20,1,1,0,0,1,243,3,25,0
1990,78,2,3,0,0,1,156,5,35,1
1990,41,2,2,0,0,1,329,5,45,0
1990,21,2,1,0,0,1,174,5,99,0
1990,20,2,1,0,0,1,447,6,40,0
1990,21,2,1,0,0,1,447,6,40,0
1990,21,2,1,0,0,1,197,2,10,0
1990,37,1,3,0,0,0,453,6,40,0
1990,49,2,3,0,0,1,17,4,30,0
1990,24,1,1,0,0,1,567,0,40,0
1990,28,2,0,0,0,0,434,3,38,0
1990,37,1,0,0,0,0,804,2,25,0
1990,75,1,0,0,0,1,303,6,0,0
1990,75,2,0,0,0,1,0,0,0,0
1990,33,2,1,3,0,1,909,6,0,0
1990,31,1,1,3,0,0,599,0,60,0
1990,39,2,3,0,0,1,174,5,20,0
1990,63,1,0,0,0,1,0,0,0,0
1990,66,2,0,0,0,1,0,0,0,0
1990,38,1,0,0,0,0,46,5,28,0
1990,40,2,0,0,0,1,337,0,10,0
1990,41,1,0,0,0,1,22,0,40,0
1990,37,2,0,0,0,1,156,5,40,0
1990,74,2,3,0,0,0,0,0,0,0
1990,50,2,2,0,0,0,748,4,16,0
1990,26,2,1,0,0,0,449,4,15,0
1990,60,1,0,0,0,0,653,1,0,0
1990,60,2,0,0,0,0,276,3,18,0
1990,52,1,3,0,0,1,479,0,54,0
1990,43,1,0,0,0,1,243,3,50,0
1990,39,2,0,0,0,1,313,5,24,0
1990,72,2,0,0,0,0,0,0,0,0
1990,51,1,0,0,2,1,22,4,40,1
1990,48,2,0,0,0,1,254,4,40,0
1990,25,1,1,0,0,1,433,3,40,0
1990,25,1,1,0,0,1,435,3,25,0
1990,25,1,1,0,0,0,567,0,50,0
1990,38,1,1,0,0,0,563,0,40,0
1990,38,1,0,0,0,1,22,0,40,0
1990,38,2,0,0,0,1,155,5,16,0
1990,72,1,0,0,0,1,189,4,20,0
1990,69,2,0,0,0,1,0,0,0,0
1990,57,1,0,0,0,0,0,0,0,0
1990,52,2,0,2,1,0,0,0,0,0
1990,24,1,1,2,0,0,475,0,40,0
1990,39,1,0,0,0,1,553,0,40,0
1990,36,2,0,0,0,1,436,5,30,0
1990,30,1,1,0,0,1,156,5,40,0
1990,22,1,1,0,0,0,567,0,40,0
1990,40,2,2,0,0,0,459,5,40,0
1990,26,1,0,0,0,1,157,5,35,0
1990,26,2,0,0,0,1,95,5,40,0
1990,30,1,0,0,0,0,505,4,20,0
1990,35,2,0,0,0,1,337,4,24,0
1990,52,1,0,0,0,1,473,0,40,0
1990,51,2,0,3,0,1,21,5,40,0
1990,18,1,1,3,0,0,0,0,0,0
1990,66,2,3,2,0,0,436,6,0,0
1990,55,1,0,0,0,0,0,0,0,0
1990,49,2,0,0,0,0,436,3,40,0
1990,27,1,1,0,0,1,274,3,45,0
1990,66,2,3,3,0,0,383,4,0,0
1990,19,1,1,0,0,0,216,6,10,0
1990,36,1,0,0,0,1,22,0,40,0
1990,36,2,0,0,0,1,206,5,45,0
1990,45,1,0,0,0,1,585,0,40,0
1990,35,2,0,0,0,0,688,3,40,0
1990,26,1,0,0,0,1,869,0,40,0
1990,22,2,0,0,0,0,276,3,40,0
1990,31,2,2,0,0,0,909,6,0,0
1990,57,1,0,0,0,0,824,0,40,0
1990,50,2,0,0,0,0,449,4,20,0
1990,45,1,0,0,0,0,529,2,40,0
1990,45,2,0,0,0,0,313,5,20,0
1990,67,1,0,0,0,0,567,0,35,0
1990,50,2,0,0,0,0,22,4,40,0
1990,30,2,1,0,0,1,79,0,30,0
1990,62,1,0,0,0,1,59,3,72,0
1990,61,2,0,0,0,1,313,0,44,0
1990,42,1,0,0,0,1,22,0,25,0
1990,33,2,0,0,0,1,467,5,40,0
1990,43,1,2,0,0,1,0,0,0,0
1990,29,2,1,0,0,1,435,3,36,0
1990,49,1,2,0,2,0,436,4,10,0
1990,34,2,2,0,0,0,435,4,30,0
1990,27,1,0,2,1,0,869,0,40,0
1990,26,2,0,2,0,0,436,3,35,0
1990,67,1,3,0,0,0,473,0,80,0
1990,57,2,2,0,0,0,0,0,0,0
1990,38,1,0,0,0,1,53,0,40,0
1990,37,2,0,0,0,1,316,6,0,0
1990,18,1,1,0,0,0,436,3,35,0
1990,78,1,0,0,0,0,0,0,0,0
1990,70,2,0,0,0,0,0,0,0,0
1990,69,1,0,0,0,0,0,0,0,0
1990,68,2,0,0,0,0,0,0,0,0
1990,64,1,0,0,0,1,95,5,40,1
1990,51,2,0,0,0,1,447,5,40,0
1990,20,2,1,0,0,0,0,0,0,0
1990,49,1,0,0,0,0,804,2,40,0
1990,52,2,0,0,0,0,156,5,0,0
1990,55,2,3,0,2,0,434,3,40,0
1990,51,1,0,0,0,0,323,6,35,0
1990,50,2,0,0,0,0,259,3,20,0
1990,55,1,3,0,2,0,523,3,45,0
1990,23,1,1,0,0,0,0,0,0,0
1990,65,1,0,0,0,1,254,4,40,1
1990,67,2,0,0,2,1,447,5,20,0
1990,80,1,0,0,0,0,0,0,0,0
1990,74,2,0,0,0,0,0,0,0,0
1990,64,1,0,0,0,0,18,4,40,0
1990,59,2,0,0,0,0,453,4,20,0
1990,31,1,0,0,0,0,613,0,70,0
1990,28,2,0,0,0,1,466,5,20,0
1990,43,1,2,0,0,1,86,0,60,0
1990,75,1,0,0,0,0,0,0,0,0
1990,71,2,0,0,0,1,0,0,0,0
1990,47,1,0,0,0,0,5,2,45,0
1990,42,2,0,0,0,0,243,3,40,0
1990,48,1,0,0,0,0,33,2,44,0
1990,38,2,0,0,0,1,683,1,40,0
1990,54,2,2,0,0,0,379,6,40,0
1990,34,1,1,0,0,0,585,0,40,0
1990,23,1,0,0,0,1,257,4,40,0
1990,19,2,0,0,0,1,449,4,25,0
1990,26,2,1,0,0,1,95,5,99,0
1990,55,1,0,0,0,1,156,5,40,0
1990,58,2,0,0,0,0,313,5,40,0
1990,51,1,0,0,0,1,804,2,40,0
1990,51,2,0,0,2,0,0,0,0,0
1990,19,1,1,0,0,0,885,3,40,0
1990,47,1,0,0,0,0,423,6,45,0
1990,47,2,0,0,0,1,95,5,25,0
1990,48,1,0,0,0,1,156,5,40,0
1990,45,2,0,0,0,1,313,5,40,0
1990,18,1,1,0,0,0,0,0,0,0
1990,30,1,0,0,0,0,17,3,60,0
1990,28,2,0,0,0,0,0,0,0,0
1990,38,1,3,0,0,1,637,1,40,0
1990,79,1,0,0,0,0,0,0,0,0
1990,45,2,2,0,0,0,458,4,40,0
1990,21,1,1,0,0,0,433,3,40,0
1990,19,1,1,0,0,0,436,3,99,0
1990,19,2,1,0,0,1,383,4,99,0
1990,39,1,0,0,0,0,614,0,40,0
1990,34,2,0,0,0,0,0,0,0,0
1990,28,2,2,0,0,1,27,6,40,0
1990,39,1,2,0,0,0,486,0,60,0
1990,66,1,0,0,0,0,573,0,0,0
1990,62,2,0,0,0,0,23,5,1,0
1990,37,1,0,0,0,0,549,3,40,0
1990,38,2,0,0,0,1,23,5,40,0
1990,32,2,2,0,0,1,156,5,50,0
1990,22,2,3,0,0,1,276,3,36,0
1990,63,1,0,0,0,0,243,4,40,0
1990,65,2,0,0,0,0,0,0,0,0
1990,48,1,2,0,0,0,877,3,28,0
1990,40,1,0,0,0,1,464,4,50,0
1990,39,2,0,0,0,1,435,4,20,0
1990,61,2,3,0,0,0,274,3,30,0
1990,75,2,3,0,0,0,0,0,0,0
1990,63,2,3,0,0,1,254,4,48,0
1990,75,1,0,0,0,0,479,0,0,0
1990,60,2,0,0,0,0,748,5,0,0
1990,64,1,0,0,0,1,159,5,40,0
1990,66,2,0,0,0,1,134,5,25,0
1990,71,2,3,0,0,0,0,0,0,0
1990,76,1,0,0,0,1,0,0,0,0
1990,72,2,0,0,0,0,156,5,20,0
1990,80,1,3,0,0,1,0,0,0,0
1990,43,1,0,0,0,0,573,0,25,0
1990,36,2,0,0,0,0,434,3,0,0
1990,18,2,1,0,0,0,276,3,68,0
1990,30,2,0,0,0,1,243,3,40,0
1990,33,1,0,0,0,1,254,4,40,1
1990,58,2,0,0,0,0,0,0,0,1
1990,67,1,0,0,0,0,22,2,0,0
1990,40,2,2,0,0,1,243,3,30,0
1990,45,1,0,0,0,1,17,3,50,1
1990,41,2,0,0,0,1,17,3,40,0
1990,28,1,2,0,0,1,259,3,45,0
1990,56,1,0,0,0,0,22,4,48,1
1990,57,2,0,0,0,0,313,4,40,0
1990,34,1,3,0,1,0,444,3,40,0
1990,38,2,1,0,1,0,436,3,40,0
1990,62,1,0,0,0,0,0,0,0,0
1990,58,2,0,0,0,0,436,3,40,0
1990,36,1,2,0,0,0,585,0,30,0
1990,21,1,1,0,0,0,505,3,40,0
1990,41,1,0,0,0,1,585,0,40,0
1990,39,2,0,0,0,1,313,5,10,0
1990,41,1,0,0,0,0,779,2,42,0
1990,38,2,0,0,0,0,379,5,40,0
1990,22,1,0,0,0,1,417,5,45,0
1990,21,2,0,0,0,0,18,4,40,0
1990,39,1,1,0,0,1,43,5,40,0
1990,32,1,0,0,0,1,159,5,40,0
1990,36,2,0,0,0,1,22,5,40,0
1990,28,1,0,0,0,1,869,0,45,0
1990,28,2,0,0,0,1,243,3,35,0
1990,24,1,1,0,0,1,434,4,40,0
1990,20,2,1,0,0,0,276,3,45,0
1990,30,1,0,0,0,0,615,1,50,0
1990,30,2,0,0,0,1,313,4,25,0
1990,21,1,0,0,0,1,453,6,60,0
1990,21,2,0,0,0,0,453,6,0,0
1990,66,1,0,0,0,0,558,0,0,0
1990,65,2,0,0,0,0,0,0,0,0
1990,60,1,0,0,0,0,849,0,50,0
1990,67,2,0,0,0,1,0,0,0,0
1990,48,1,0,0,0,1,589,0,40,1
1990,45,2,0,0,0,1,18,4,40,0
1990,34,1,0,0,0,1,254,4,40,1
1990,31,2,0,0,0,1,318,4,20,0
1990,55,2,2,0,0,1,156,5,50,0
1990,42,2,1,0,0,1,461,2,60,1
1990,65,1,3,0,0,1,185,1,20,1
1990,33,1,0,0,0,1,7,4,40,1
1990,33,2,0,0,0,1,376,4,40,0
1990,48,1,0,0,0,0,516,0,60,0
1990,42,2,0,0,0,0,453,4,40,0
1990,18,1,1,0,0,0,449,4,40,0
1990,44,1,2,0,0,1,575,0,40,0
1990,39,1,0,0,0,1,53,6,40,0
1990,37,2,0,0,0,1,59,5,30,0
1990,24,2,1,0,0,1,157,5,35,0
1990,45,1,0,0,0,1,519,0,39,0
1990,42,2,0,0,0,1,17,5,40,0
1990,19,1,1,0,0,0,734,1,40,0
1990,21,1,1,0,0,1,0,0,0,0
1990,47,1,0,0,0,1,22,4,60,0
1990,46,2,0,0,0,1,657,3,40,0
1990,46,1,0,0,0,0,577,2,80,0
1990,44,2,0,0,0,1,447,5,36,0
1990,28,2,2,0,0,0,276,3,50,0
1990,29,1,1,0,0,0,727,1,72,0
1990,38,1,0,0,0,1,18,4,40,1
1990,34,2,0,0,0,1,25,4,40,0
1990,29,1,0,0,0,0,855,0,40,0
1990,30,2,0,0,0,1,354,2,30,0
1990,28,1,1,0,0,1,417,5,40,0
1990,27,1,1,0,0,1,434,4,40,0
1990,57,1,0,0,0,1,567,0,40,0
1990,58,2,0,0,0,1,0,0,0,0
1990,28,1,0,0,0,0,889,3,40,0
1990,24,2,0,0,0,0,435,3,40,0
1990,37,1,0,0,0,1,218,0,48,0
1990,39,2,0,0,0,1,313,4,40,0
1990,41,1,0,2,0,0,889,2,40,0
1990,40,2,0,2,0,1,453,4,50,0
1990,62,2,0,0,0,0,473,0,20,0
1990,63,1,0,0,0,0,0,0,0,0
1990,34,1,0,0,0,1,243,3,40,0
1990,31,2,0,0,0,0,436,5,40,0
1990,33,2,0,0,0,0,888,1,32,0
1990,33,1,0,0,0,0,783,0,60,0
1990,76,2,3,0,0,0,0,0,0,0
1990,20,1,1,0,0,1,218,6,40,0
1990,27,1,0,0,0,1,677,3,36,0
1990,26,2,0,0,0,1,313,1,40,0
1990,20,2,1,0,0,0,264,3,20,0
1990,33,1,0,0,0,1,18,4,50,0
1990,37,2,0,0,0,1,274,3,30,0
1990,51,1,0,0,0,1,0,0,0,0
1990,56,2,0,0,0,1,466,5,40,0
1990,26,1,0,2,0,0,804,3,50,0
1990,26,2,0,2,0,0,436,5,30,0
1990,28,1,1,0,0,1,218,5,99,0
1990,25,1,1,0,0,1,567,0,41,0
1990,32,2,1,0,0,1,453,4,40,0
1990,56,1,0,0,0,1,22,2,0,0
1990,57,2,0,0,0,0,25,2,0,0
1990,29,1,0,0,0,0,337,1,45,0
1990,27,2,0,0,0,1,257,4,0,0
1990,33,1,0,0,0,0,804,4,40,0
1990,27,2,0,0,0,0,453,3,0,0
1990,32,1,0,0,0,0,804,1,40,0
1990,21,2,0,0,0,0,435,3,40,0
1990,36,1,0,0,0,1,43,5,40,0
1990,31,2,0,0,0,1,466,5,58,0
1990,34,2,0,0,0,1,264,3,16,0
1990,36,1,0,0,0,1,577,2,50,0
1990,32,2,0,0,0,0,467,5,40,0
1990,33,1,0,0,0,1,243,3,60,0
1990,24,1,0,2,1,0,748,4,99,0
1990,24,2,0,2,0,1,337,4,61,0
1990,56,1,2,0,0,1,575,4,40,0
1990,49,2,2,0,0,0,449,4,36,0
1990,40,1,0,0,0,1,804,0,48,0
1990,39,2,0,0,0,1,23,5,40,0
1990,25,2,1,0,0,1,227,6,40,0
1990,30,2,1,0,0,1,13,4,35,0
1990,26,1,1,0,0,1,436,4,40,0
1990,30,2,1,0,0,1,435,3,60,0
1990,41,1,0,0,0,1,226,2,40,1
1990,42,2,0,0,0,1,274,3,0,0
1990,63,1,0,0,0,1,255,4,47,0
1990,63,2,0,0,0,1,183,1,5,0
1990,42,1,0,0,0,0,844,6,40,0
1990,39,2,0,0,0,1,337,1,27,0
1990,66,2,3,0,0,0,389,4,0,0
1990,18,1,1,0,0,0,486,0,16,0
1990,42,2,1,0,0,1,796,1,40,0
1990,63,2,3,0,0,0,796,1,0,0
1990,30,2,0,0,0,1,185,4,0,0
1990,30,1,0,0,0,1,567,0,40,0
1990,24,2,0,0,0,1,206,5,37,0
1990,26,1,0,0,0,0,243,3,45,0
1990,39,1,0,0,0,1,844,0,45,0
1990,32,2,0,0,0,0,365,1,40,0
1990,63,2,3,0,2,0,274,3,20,0
1990,46,1,2,0,0,1,22,5,50,1
1990,57,1,0,0,0,1,36,0,40,1
1990,51,2,0,0,0,0,188,5,40,1
1990,40,1,0,0,0,1,22,4,55,1
1990,37,2,0,0,0,1,203,5,0,0
1990,39,1,0,0,0,0,804,2,45,0
1990,39,2,0,0,0,0,313,4,40,0
1990,53,2,2,0,0,0,95,5,40,1
1990,19,2,1,0,0,0,407,4,4,0
1990,59,1,0,0,0,0,479,0,60,0
1990,59,2,0,0,0,0,337,3,35,0
1990,42,1,1,0,0,1,186,5,40,0
1990,38,2,2,0,0,1,64,4,37,1
1990,20,2,1,0,0,0,435,5,10,0
1990,29,2,0,0,0,0,0,0,0,0
1990,30,1,0,0,0,0,575,0,40,1
1990,47,1,2,0,0,0,717,1,55,0
1990,41,1,0,0,0,1,178,5,50,1
1990,42,2,0,0,0,1,178,5,0,0
1990,32,1,2,0,0,0,22,0,60,0
1990,59,1,0,0,0,0,364,1,40,0
1990,58,2,0,0,0,0,313,5,35,0
1990,36,2,1,0,0,1,463,2,40,0
1990,31,1,1,0,0,1,563,0,40,0
1990,47,1,0,0,0,0,558,0,35,0
1990,47,2,0,0,0,1,207,5,43,0
1990,19,1,1,0,0,0,585,0,40,0
1990,64,2,3,0,0,1,254,4,16,0
1990,70,2,1,0,0,0,0,0,0,0
1990,74,1,0,0,0,0,558,0,0,0
1990,67,2,0,0,0,0,0,0,0,0
1990,54,2,2,0,2,1,23,6,35,0
1990,20,2,1,0,0,0,276,3,32,0
1990,18,2,1,0,0,1,877,3,12,0
1990,64,1,0,0,0,0,558,0,40,0
1990,58,2,0,0,0,0,264,3,16,0
1990,32,2,2,0,0,1,95,5,40,0
1990,25,2,1,0,0,1,337,3,42,0
1990,42,1,0,0,0,1,174,5,37,0
1990,43,2,0,0,0,1,375,4,40,0
1990,18,2,1,0,0,1,435,3,40,0
1990,59,1,0,0,0,0,779,1,40,0
1990,52,2,0,0,0,0,777,1,40,0
1990,29,1,1,0,0,0,453,4,40,0
1990,49,1,0,0,0,1,156,5,40,0
1990,46,2,0,0,0,1,174,5,40,0
1990,67,2,3,0,0,1,0,0,0,0
1990,67,2,1,0,0,0,655,1,0,0
1990,59,1,0,0,0,1,156,5,38,1
1990,59,2,0,0,0,1,159,5,18,0
1990,48,2,2,0,0,1,156,5,60,0
1990,55,1,0,0,0,0,8,3,40,0
1990,54,2,0,0,0,1,22,4,45,0
1990,61,1,0,0,0,1,44,1,48,1
1990,69,2,0,0,0,0,447,5,0,0
1990,29,2,1,0,0,1,325,1,40,0
1990,75,2,2,0,0,0,0,0,0,0
1990,55,2,1,0,0,0,0,0,0,0
1990,36,2,2,0,0,0,0,0,0,0
1990,47,1,3,0,0,0,556,0,40,0
1990,45,1,0,0,0,1,156,5,60,1
1990,40,2,0,0,0,1,23,4,0,0
1990,26,1,1,0,0,0,889,1,48,0
1990,40,1,0,0,0,1,243,3,48,0
1990,31,2,0,0,0,1,243,3,48,0
1990,31,1,0,0,0,0,453,5,50,0
1990,30,2,0,0,0,0,327,4,40,0
1990,29,2,0,0,0,0,779,1,56,0
1990,32,1,0,0,0,0,723,1,70,0
1990,41,2,2,0,0,0,385,1,42,0
1990,46,1,2,0,0,0,577,2,48,0
1990,25,2,1,0,0,0,449,4,32,0
1990,61,1,0,0,0,1,243,3,60,0
1990,54,2,0,0,0,1,174,5,40,0
1990,68,2,1,0,0,1,0,0,0,0
1990,65,1,0,0,0,0,0,0,0,0
1990,37,2,0,0,2,0,0,0,0,0
1990,36,1,1,0,0,0,704,1,40,0
1990,38,1,0,0,0,0,883,2,50,0
1990,37,2,0,0,0,1,243,3,20,0
1990,50,1,0,0,0,1,276,3,40,0
1990,33,2,0,0,0,0,683,1,0,0
1990,30,2,1,0,0,0,796,1,40,0
1990,35,2,2,0,0,1,447,6,35,0
1990,41,1,2,0,0,0,887,3,53,0
1990,43,1,0,1,0,1,889,1,40,0
1990,34,2,0,0,0,1,243,3,40,0
1990,70,1,0,0,0,0,453,3,40,0
1990,50,2,0,0,0,1,213,1,40,0
1990,72,2,3,0,0,0,0,0,0,0
1990,32,1,0,0,0,0,634,1,45,0
1990,34,2,0,0,0,1,435,3,15,0
1990,48,1,2,0,0,0,789,4,45,0
1990,79,2,3,0,2,0,0,0,0,0
1990,22,1,1,0,0,0,243,3,40,0
1990,44,2,2,0,0,1,156,5,40,1
1990,31,1,0,0,0,1,21,5,43,0
1990,30,2,0,0,0,1,307,1,40,0
1990,52,1,0,0,0,1,318,2,40,0
1990,47,2,0,0,0,1,447,5,30,0
1990,47,1,0,0,0,1,216,1,40,1
1990,48,2,0,0,0,1,158,5,40,0
1990,43,1,0,0,0,0,22,0,70,0
1990,41,2,0,0,0,1,0,0,0,0
1990,64,2,3,0,0,0,253,4,40,0
1990,31,1,2,0,0,0,34,4,50,0
1990,27,2,1,0,0,1,185,3,40,0
1990,74,1,0,0,0,0,0,0,0,0
1990,74,2,0,0,0,0,0,0,0,0
1990,42,1,0,0,0,1,174,6,40,1
1990,40,2,0,0,0,1,95,5,22,0
1990,60,1,0,0,0,0,363,1,40,0
1990,53,2,0,0,0,0,363,1,48,0
1990,25,1,1,0,0,0,529,2,55,1
1990,42,1,0,0,0,1,154,5,50,1
1990,36,2,0,0,0,1,253,4,45,0
1990,18,2,1,0,0,0,276,3,18,0
1990,32,2,0,0,0,1,23,4,25,0
1990,36,1,0,0,0,1,505,4,65,0
1990,38,1,0,0,0,1,64,1,45,1
1990,36,2,0,0,0,1,156,5,10,0
1990,60,1,0,0,0,0,243,3,60,0
1990,57,2,0,0,0,0,808,2,25,0
1990,41,1,0,0,0,1,96,3,43,0
1990,37,2,0,0,0,1,156,5,30,0
1990,26,1,1,0,0,1,637,1,47,0
1990,29,2,1,0,0,0,737,1,37,0
1990,40,1,0,0,2,1,354,2,40,0
1990,32,2,0,0,2,0,185,3,40,0
1990,61,1,0,0,0,0,364,3,40,0
1990,58,2,0,0,0,0,439,3,40,0
1990,38,1,1,0,0,0,436,3,24,0
1990,28,1,0,0,0,1,213,1,40,0
1990,27,2,0,0,0,1,95,5,40,0
1990,28,1,0,3,3,1,66,4,40,0
1990,29,2,0,3,3,1,66,4,37,0
1990,40,1,0,0,0,0,804,3,40,0
1990,26,2,0,0,0,0,337,4,40,0
1990,47,1,2,0,0,0,507,2,42,0
1990,40,1,0,0,0,0,235,1,40,0
1990,38,2,0,0,0,1,27,4,36,0
1990,18,1,1,0,0,0,453,6,20,0
1990,21,1,1,0,0,1,188,1,40,0
1990,26,2,1,0,0,1,243,3,45,0
1990,35,2,0,1,0,1,375,4,38,0
1990,34,1,0,1,0,0,779,1,40,0
1990,37,1,0,0,0,1,243,3,45,0
1990,34,2,0,0,0,0,23,4,40,0
1990,38,1,0,0,0,1,674,0,35,0
1990,44,2,0,0,0,0,313,1,0,0
1990,34,1,0,0,2,0,785,1,40,0
1990,32,2,0,0,2,0,23,5,30,0
1990,43,1,2,0,0,1,17,3,50,0
1990,48,2,2,0,0,0,435,3,40,0
1990,51,1,1,0,0,1,17,3,70,0
1990,22,2,1,0,0,0,447,5,40,0
1990,72,2,3,0,0,0,0,0,0,0
1990,21,1,2,0,0,0,804,0,40,0
1990,55,1,0,0,0,1,21,5,35,0
1990,55,2,0,0,0,0,379,4,36,0
1990,27,1,1,0,0,1,96,3,70,0
1990,25,1,0,0,0,0,779,3,50,0
1990,24,2,0,0,0,0,264,3,12,0
1990,23,1,1,0,0,1,889,2,40,0
1990,33,2,3,0,0,1,447,5,40,0
1990,64,2,3,0,0,0,276,3,0,0
1990,33,2,2,0,0,1,23,1,40,0
1990,40,1,3,0,0,0,53,6,35,0
1990,36,1,0,0,0,0,518,1,48,0
1990,36,2,0,0,0,0,469,3,30,0
1990,66,1,0,0,0,0,644,1,0,0
1990,73,2,0,0,0,0,0,0,0,0
1990,33,1,0,0,0,0,575,0,40,0
1990,31,2,0,0,0,0,379,2,0,0
1990,55,1,0,0,0,0,22,3,40,0
1990,48,2,0,0,0,0,264,3,25,0
1990,23,2,0,0,0,1,313,5,37,0
1990,30,1,0,0,0,1,529,2,60,1
1990,29,2,2,0,0,0,337,5,40,0
1990,76,1,0,1,0,0,0,0,0,0
1990,71,2,0,1,0,0,0,0,0,0
1990,31,2,1,1,0,0,0,0,0,0
1990,40,1,0,0,0,0,243,3,52,0
1990,37,2,0,0,0,1,446,5,20,0
1990,54,1,0,0,0,1,7,4,52,0
1990,52,2,0,0,0,1,689,1,40,0
1990,40,1,3,0,0,1,253,4,48,1
1990,22,2,1,0,0,1,0,0,0,0
1990,21,1,1,0,0,1,0,0,0,0
1990,80,1,0,0,2,0,337,1,8,0
1990,75,2,0,0,2,0,337,1,0,0
1990,25,1,0,0,0,1,354,2,30,0
1990,26,2,0,0,0,1,9,3,45,0
1990,74,2,1,0,0,0,154,5,3,0
1990,43,1,0,0,0,1,259,3,42,0
1990,35,2,0,0,0,0,253,4,45,0
1990,74,1,0,0,0,0,653,1,0,0
1990,74,2,0,0,0,0,0,0,0,0
1990,68,2,0,0,0,1,0,0,0,0
1990,71,1,0,0,0,1,0,0,0,0
1990,73,1,0,0,0,1,0,0,0,1
1990,70,2,0,0,0,1,0,0,0,1
1990,49,1,0,0,0,1,243,3,50,1
1990,49,2,0,0,0,0,313,3,40,0
1990,35,2,2,3,3,1,185,4,50,0
1990,24,2,1,0,0,1,439,3,30,0
1990,27,2,1,0,0,1,185,5,45,0
1990,26,2,1,1,0,1,26,4,55,0
1990,62,1,0,0,0,1,178,6,45,0
1990,62,2,0,0,2,1,0,0,0,0
1990,35,2,0,0,0,1,159,5,40,0
1990,47,1,0,0,2,1,27,4,50,1
1990,65,1,0,0,0,1,0,0,0,1
1990,61,2,0,0,0,1,0,0,0,0
1990,31,1,0,0,2,1,384,3,40,0
1990,29,2,0,2,1,1,37,3,40,0
1990,42,2,2,0,0,1,254,4,35,0
1990,18,1,1,0,0,0,444,3,60,0
1990,68,1,0,0,0,1,24,4,0,0
1990,61,2,0,0,0,1,0,0,0,0
1990,31,2,1,0,0,0,567,0,50,0
1990,70,1,0,0,0,0,0,0,0,0
1990,66,2,0,0,0,0,785,1,0,0
1990,43,2,1,0,0,1,95,6,35,0
1990,47,1,0,0,0,0,259,3,60,0
1990,47,2,0,0,0,0,303,4,37,0
1990,46,1,0,0,0,1,229,1,40,1
1990,47,2,0,0,0,1,156,5,40,0
1990,48,2,2,0,0,1,178,5,40,0
1990,63,2,1,0,0,1,0,0,0,0
1990,75,2,3,0,3,0,0,0,0,0
1990,68,1,0,0,0,0,22,5,10,0
1990,74,2,0,0,0,0,343,4,16,0
1990,60,1,0,0,0,1,55,1,0,0
1990,58,2,0,0,0,1,0,0,0,0
1990,34,1,0,0,2,1,376,4,40,1
1990,33,2,0,0,0,1,259,1,0,0
1990,66,1,0,0,0,0,57,1,0,0
1990,64,2,0,0,0,0,0,0,0,0
1990,22,1,1,0,0,1,683,1,40,0
1990,59,1,1,0,0,0,777,1,42,0
1990,46,1,1,0,0,0,734,1,40,0
1990,52,1,1,0,0,0,754,5,30,0
1990,70,1,1,0,0,0,0,0,0,0
1990,58,1,3,0,3,1,84,5,40,1
1990,20,2,1,1,0,0,276,3,0,0
1990,29,2,1,0,0,0,0,0,0,0
1990,27,2,1,0,0,0,0,0,0,0
1990,70,2,3,0,2,0,785,1,20,0
1990,24,1,1,0,0,0,808,2,0,0
1990,26,1,1,1,0,1,0,0,0,0
1990,31,1,3,1,0,0,734,1,40,0
1990,65,2,3,1,1,0,0,0,0,0
1990,31,1,1,1,0,0,777,1,40,0
1990,43,2,1,0,0,0,0,0,0,0
1990,20,2,1,0,0,0,383,4,36,0
1990,56,2,3,1,1,0,447,5,40,0
1990,26,2,1,1,1,1,313,6,35,0
1990,25,1,1,1,1,1,335,4,40,0
1990,23,1,1,1,1,1,23,4,36,0
1990,21,2,1,1,1,1,313,5,24,0
1990,62,1,2,1,1,1,453,4,40,0
1990,73,1,3,1,0,0,0,0,0,0
1990,38,2,2,1,0,0,799,4,0,0
1990,23,1,1,0,0,0,337,3,40,0
1990,65,1,0,0,0,1,337,4,37,0
1990,46,2,0,0,0,1,313,6,40,0
1990,22,1,1,0,0,1,65,5,40,0
1990,35,1,0,0,0,1,22,1,45,0
1990,33,2,0,0,0,0,447,5,30,0
1990,31,1,2,0,0,1,64,4,40,0
1990,42,2,1,0,1,1,385,2,40,0
1990,34,1,1,1,0,1,336,6,35,0
1990,25,2,2,0,0,0,328,4,40,0
1990,25,1,1,0,0,0,684,1,40,0
1990,65,1,1,0,0,1,95,5,0,0
1990,63,1,1,0,0,1,164,5,39,1
1990,40,1,2,1,1,0,375,4,40,0
1990,29,1,3,1,0,0,364,1,40,0
1990,18,2,1,0,0,0,435,3,16,0
1990,22,2,1,0,1,1,193,5,25,0
1990,27,2,1,1,0,0,37,4,40,0
1990,38,1,1,1,4,0,453,4,40,0
1990,21,2,1,1,0,0,0,0,0,0
1990,35,2,1,1,0,0,375,4,40,0
1990,52,2,3,1,0,0,447,5,40,0
1990,34,1,1,1,0,0,259,3,40,0
1990,26,2,1,1,0,0,254,4,40,0
1990,18,1,1,1,0,0,436,3,0,0
1990,23,1,1,1,1,1,387,5,28,0
1990,38,2,1,1,0,0,0,0,0,0
1990,37,1,2,0,0,0,0,0,0,0
1990,51,1,0,1,1,0,785,1,40,0
1990,38,2,0,1,1,0,449,5,40,0
1990,72,2,3,0,0,0,448,0,0,0
1990,58,2,3,1,0,0,0,0,0,0
1990,42,1,0,2,0,0,303,3,40,0
1990,32,2,0,2,1,1,21,5,32,0
1990,23,2,3,3,4,1,435,3,35,0
1990,26,2,1,1,0,0,0,0,0,0
1990,28,2,1,0,0,0,274,3,0,0
1990,46,1,0,0,0,1,13,1,45,1
1990,43,2,0,0,0,1,254,4,60,0
1990,65,2,3,0,2,0,0,0,0,0
1990,35,1,1,0,2,1,17,3,50,0
1990,33,1,1,0,2,0,436,3,35,0
1990,28,1,1,0,2,0,436,3,40,0
1990,37,1,0,0,0,0,804,0,40,0
1990,34,2,0,0,0,0,458,3,40,0
1990,45,1,0,2,0,0,785,1,40,0
1990,40,2,0,2,0,0,683,1,40,0
1990,19,2,1,2,0,1,276,3,15,0
1990,23,1,0,2,0,0,263,3,40,0
1990,21,2,0,2,0,0,216,2,40,0
1990,26,1,1,1,0,1,375,4,37,0
1990,21,2,1,0,0,1,337,4,30,0
1990,24,1,1,0,0,0,549,3,40,0
1990,50,1,0,0,0,0,307,1,44,0
1990,48,2,0,0,0,0,389,4,25,0
1990,19,1,1,0,0,0,356,1,44,0
1990,45,2,3,0,2,0,0,0,0,0
1990,22,2,1,0,0,1,313,4,25,0
1990,25,1,1,0,0,1,735,1,40,0
1990,25,2,1,0,0,1,379,3,40,0
1990,43,1,0,0,0,0,567,0,8,0
1990,36,2,0,0,0,0,235,4,24,0
1990,74,2,3,0,0,0,0,0,0,0
1990,77,1,0,0,0,0,0,0,0,0
1990,74,2,0,0,0,0,0,0,0,0
1990,66,2,2,0,0,1,449,4,25,0
1990,63,1,0,1,1,0,59,4,37,0
1990,60,2,0,1,0,0,0,0,0,0
1990,36,2,1,1,0,0,24,4,37,0
1990,34,2,1,1,0,0,426,4,40,0
1990,30,2,1,1,0,0,384,4,37,0
1990,24,2,1,1,0,0,323,4,20,0
1990,25,1,0,0,0,1,213,1,50,0
1990,22,2,0,0,0,1,319,1,40,0
1990,42,1,0,0,0,1,156,5,40,0
1990,38,2,0,0,0,1,156,5,40,0
1990,45,1,0,0,0,1,26,5,40,1
1990,43,2,0,0,0,1,243,4,32,0
1990,24,2,1,0,0,1,243,3,50,0
1990,22,2,1,0,0,1,22,3,50,0
1990,41,1,0,0,0,1,585,2,40,0
1990,39,2,0,0,0,1,95,5,20,0
1990,33,1,0,0,0,1,158,5,35,0
1990,33,2,0,0,0,1,104,5,12,0
1990,33,1,1,0,0,1,163,5,43,0
1990,58,1,0,0,0,0,637,1,38,0
1990,52,2,0,0,0,0,266,3,0,0
1990,25,1,1,0,0,0,505,4,38,0
1990,23,1,1,0,0,0,507,3,40,0
1990,45,2,3,0,0,1,0,0,0,0
1990,56,2,3,0,0,1,95,5,40,0
1990,32,1,0,0,0,0,804,3,80,0
1990,31,2,0,0,0,0,435,3,33,0
1990,52,1,0,0,0,0,575,2,40,0
1990,50,2,0,0,0,0,207,4,10,0
1990,26,1,1,0,0,1,17,3,60,0
1990,58,1,0,0,0,0,488,3,40,0
1990,58,2,0,0,0,0,313,5,36,0
1990,20,2,1,0,0,1,313,5,40,0
1990,72,1,0,0,0,1,0,0,0,0
1990,63,2,0,0,0,1,205,5,1,0
1990,40,2,3,0,0,1,156,5,35,0
1990,62,1,2,0,0,1,557,0,40,0
1990,31,1,0,0,0,0,505,3,52,0
1990,28,2,0,0,0,0,365,3,40,0
1990,47,1,0,0,0,0,689,1,40,0
1990,33,2,0,0,2,1,207,5,32,0
1990,42,2,0,0,0,1,95,6,17,0
1990,50,1,0,0,2,1,213,1,40,0
1990,49,1,0,0,0,1,22,1,50,1
1990,43,2,0,0,0,0,0,0,0,0
1990,41,1,0,0,0,1,686,3,40,0
1990,37,2,0,0,0,1,337,5,40,0
1990,35,1,0,0,0,1,22,1,45,1
1990,30,2,0,0,0,1,22,1,0,0
1990,76,1,3,0,0,0,0,0,0,0
1990,49,1,0,0,0,1,235,2,40,0
1990,49,2,0,0,0,0,335,5,40,0
1990,20,1,1,0,0,1,95,5,24,0
1990,54,2,1,0,2,0,447,5,0,0
1990,73,1,0,0,0,0,0,0,0,0
1990,71,2,0,0,0,0,0,0,0,0
1990,33,1,0,0,0,1,59,1,40,0
1990,40,2,0,0,0,1,157,5,40,0
1990,63,1,0,0,0,0,385,1,25,1
1990,61,2,0,0,2,0,877,3,16,0
1990,56,1,0,0,0,0,229,4,37,0
1990,58,2,0,0,0,0,0,0,0,0
1990,26,1,1,0,0,1,523,2,16,0
1990,23,2,1,0,0,0,458,4,40,0
1990,40,2,0,0,0,1,274,3,0,0
1990,52,1,0,0,0,1,274,3,50,1
1990,79,2,2,0,0,0,0,0,0,0
1990,67,2,3,0,0,0,706,1,0,0
1990,44,1,1,0,0,0,276,5,35,0
1990,65,2,3,0,0,0,0,0,0,0
1990,40,1,2,0,0,0,373,1,40,0
1990,37,1,0,0,0,0,628,1,65,0
1990,32,2,0,0,0,0,446,5,40,0
1990,50,1,0,2,0,0,766,1,40,0
1990,42,2,0,2,0,0,683,1,40,0
1990,24,1,1,2,0,1,418,6,40,0
1990,25,2,1,2,0,0,0,0,0,0
1990,61,1,1,2,0,0,779,1,40,0
1990,36,2,3,0,0,0,706,1,0,0
1990,47,1,0,0,0,1,22,1,40,1
1990,39,2,0,0,0,1,207,5,25,0
1990,19,1,1,0,0,0,276,3,15,0
1990,36,1,0,0,0,1,27,6,40,1
1990,33,2,0,0,0,1,103,5,16,0
1990,34,1,0,0,0,0,636,3,50,0
1990,33,2,0,0,0,0,0,0,0,0
1990,41,1,0,3,3,1,17,3,55,0
1990,39,2,0,3,3,0,435,3,30,0
1990,40,1,0,0,0,1,53,2,40,0
1990,35,2,0,0,0,1,308,4,0,0
1990,65,2,2,0,0,1,313,4,40,0
1990,54,1,0,0,0,1,185,3,40,0
1990,52,2,0,0,0,1,313,5,40,0
1990,37,1,0,0,0,0,514,4,50,0
1990,35,2,0,0,0,0,313,4,21,0
1990,40,2,1,0,0,1,276,3,40,0
1990,62,1,0,0,2,1,217,1,40,0
1990,42,2,0,0,0,0,0,0,0,0
1990,18,1,1,0,0,1,436,3,50,0
1990,56,2,1,0,0,0,318,2,0,0
1990,62,1,0,0,0,1,14,5,40,1
1990,61,2,0,0,0,1,156,5,0,0
1990,73,1,0,0,0,0,448,5,40,0
1990,72,2,0,0,0,0,0,0,0,0
1990,27,2,1,0,0,1,174,5,40,0
1990,33,1,2,0,0,1,903,6,90,0
1990,19,2,0,0,0,0,385,4,40,0
1990,21,1,0,0,0,0,567,0,60,0
1990,32,2,0,1,0,1,156,5,47,0
1990,31,1,0,0,0,1,364,1,50,0
1990,59,2,3,0,0,1,184,4,39,0
1990,38,2,0,0,0,1,157,5,15,0
1990,33,1,0,0,0,0,727,1,9,0
1990,63,2,1,0,0,0,436,5,20,0
1990,38,1,1,0,0,0,779,1,40,0
1990,76,2,3,0,0,0,0,0,0,0
1990,64,1,0,0,0,1,73,3,40,0
1990,60,2,0,0,0,0,313,5,16,0
1990,35,1,1,0,0,1,303,4,40,0
1990,68,1,3,0,2,1,453,4,0,0
1990,45,2,2,0,0,0,0,0,0,0
1990,31,2,1,1,0,1,27,4,40,0
1990,37,2,0,0,0,0,466,5,40,0
1990,38,1,0,0,0,0,637,3,48,0
1990,48,2,3,0,0,0,276,0,35,0
1990,24,1,1,0,0,0,577,2,40,0
1990,23,1,1,0,0,0,356,2,40,0
1990,44,1,0,0,0,0,888,1,40,0
1990,34,2,0,0,0,0,0,0,0,0
1990,20,1,1,0,0,0,779,5,0,0
1990,19,1,1,0,0,0,888,1,40,0
1990,39,1,1,2,0,0,779,1,30,0
1990,42,2,3,2,0,0,753,3,40,0
1990,18,2,1,2,0,0,276,3,40,0
1990,27,1,1,2,0,0,804,1,40,0
1990,52,1,0,0,0,1,689,1,50,0
1990,49,2,0,0,0,0,308,3,40,0
1990,23,2,1,0,0,1,375,4,40,0
1990,52,2,3,1,0,0,785,1,40,0
1990,28,1,1,1,0,1,308,5,37,0
1990,69,1,0,0,0,0,0,0,0,0
1990,64,2,0,0,0,1,0,0,0,0
1990,23,2,1,2,0,0,0,0,0,0
1990,20,2,1,0,0,1,264,3,9,0
1990,33,1,1,0,0,1,254,4,40,0
1990,66,1,0,0,0,0,0,0,0,0
1990,67,2,0,0,0,0,0,0,0,0
1990,54,1,0,0,2,0,597,1,58,0
1990,40,2,0,0,2,1,683,1,50,0
1990,34,2,1,0,2,0,17,3,50,0
1990,78,2,3,0,0,0,0,0,0,0
1990,25,2,1,0,0,1,253,4,60,0
1990,79,2,1,0,0,1,0,0,0,0
1990,41,1,0,0,0,0,269,3,40,0
1990,38,2,0,0,0,0,447,5,35,0
1990,73,1,0,0,0,0,579,1,40,0
1990,65,2,0,0,0,0,0,0,0,0
1990,67,2,3,0,0,0,0,0,0,0
1990,35,1,2,0,0,0,0,0,0,0
1990,46,1,0,0,0,1,243,4,40,0
1990,43,2,0,0,0,1,156,5,18,0
1990,52,1,0,0,0,1,704,1,50,1
1990,50,2,0,0,0,1,156,5,40,0
1990,79,1,0,0,0,0,0,0,0,0
1990,77,2,0,0,0,0,0,0,0,0
1990,43,1,2,0,0,0,804,3,40,0
1990,44,1,0,0,0,0,585,0,40,0
1990,45,2,0,0,0,0,313,4,37,0
1990,19,1,1,0,0,0,486,0,40,0
1990,61,1,0,0,0,1,379,4,40,0
1990,69,2,0,0,0,0,449,4,30,0
1990,31,2,1,0,0,1,487,3,10,0
1990,64,2,3,0,0,0,447,5,35,0
1990,64,1,0,0,0,0,0,0,0,0
1990,64,2,0,0,0,0,0,0,0,0
1990,33,1,3,0,0,1,628,1,40,0
1990,35,2,0,0,0,1,253,4,50,1
1990,35,1,0,0,0,1,7,6,35,1
1990,43,1,0,0,0,1,259,3,40,0
1990,44,2,0,0,0,1,375,4,37,0
1990,23,2,1,0,0,1,253,4,37,0
1990,73,2,3,0,0,0,0,0,0,0
1990,77,1,0,0,0,0,0,0,0,0
1990,79,2,0,0,0,0,0,0,0,0
1990,40,1,0,0,0,0,585,0,40,1
1990,38,2,0,0,0,0,447,5,24,0
1990,18,2,1,0,0,0,467,5,15,0
1990,71,2,1,0,0,1,0,0,0,0
1990,70,2,1,0,0,1,0,0,0,0
1990,42,1,0,0,2,1,156,5,42,0
1990,44,2,0,0,0,1,95,5,24,0
1990,40,2,1,0,0,1,389,5,19,0
1990,40,1,1,0,0,1,486,5,22,0
1990,69,1,0,0,0,1,185,1,24,0
1990,69,2,0,0,0,0,0,0,0,0
1990,69,1,0,0,0,1,264,3,20,0
1990,48,2,0,0,0,1,5,6,40,0
1990,33,2,2,0,0,1,23,3,60,0
1990,72,2,1,0,0,1,0,0,0,0
1990,25,1,0,0,0,0,505,3,40,0
1990,32,2,0,0,0,1,259,3,0,0
1990,35,1,0,0,0,1,589,0,80,0
1990,32,2,0,0,0,1,313,3,30,0
1990,44,2,0,0,0,1,313,5,35,0
1990,42,1,0,0,0,1,22,3,70,0
1990,19,1,1,0,0,0,268,3,42,0
1990,27,1,0,0,0,1,27,3,42,0
1990,28,2,0,0,0,0,467,5,40,0
1990,78,2,3,0,0,0,0,0,0,0
1990,51,1,0,0,0,0,505,1,40,0
1990,51,2,0,0,0,0,447,5,0,0
1990,46,1,0,0,0,1,187,5,6,1
1990,47,2,0,0,0,1,303,4,36,0
1990,55,1,0,0,0,0,447,5,40,0
1990,48,2,0,0,0,1,95,5,20,0
1990,75,2,3,0,0,0,0,0,0,0
1990,26,1,0,0,0,1,259,1,45,0
1990,25,2,0,0,0,1,156,5,40,0
1990,27,1,3,0,0,1,22,0,45,0
1990,46,1,0,0,0,1,243,3,45,0
1990,29,2,0,0,0,1,313,5,35,0
1990,46,1,0,0,0,1,183,1,48,1
1990,47,2,0,0,0,0,313,5,35,0
1990,78,2,3,0,0,1,13,1,40,0
1990,46,2,1,0,0,1,95,5,40,0
1990,80,2,3,0,0,0,0,0,0,0
1990,25,2,1,0,0,1,435,3,35,0
1990,28,2,1,0,0,1,319,5,50,0
1990,24,1,1,0,0,1,376,4,55,0
1990,42,1,0,0,0,1,159,5,20,0
1990,40,2,0,0,0,1,156,5,40,0
1990,60,1,0,0,0,0,0,0,0,0
1990,53,2,0,0,0,0,243,3,50,0
1990,60,1,0,0,0,1,56,4,40,1
1990,57,2,0,0,0,0,0,0,0,0
1990,34,1,0,0,0,1,55,2,40,1
1990,28,2,0,0,0,1,234,5,40,0
1990,42,1,2,0,0,1,25,5,40,0
1990,46,1,0,0,0,1,178,5,45,1
1990,43,2,0,0,0,1,0,0,0,1
1990,53,1,0,0,0,1,243,3,50,1
1990,51,2,0,0,0,1,308,3,32,0
1990,23,1,1,0,0,1,378,3,42,0
1990,43,1,0,0,0,0,585,0,40,1
1990,33,2,0,0,0,1,255,4,30,0
1990,43,1,0,0,2,1,589,3,40,1
1990,42,2,0,0,0,0,216,2,40,1
1990,62,1,0,0,0,1,44,6,40,1
1990,62,2,0,0,0,1,0,0,0,0
1990,55,1,0,0,0,1,14,5,50,0
1990,48,2,0,0,0,1,37,5,40,0
1990,21,1,1,0,0,0,365,0,40,0
1990,33,1,0,0,0,1,35,6,35,0
1990,32,2,0,0,0,0,375,4,37,0
1990,47,1,0,0,0,1,253,4,37,0
1990,43,2,0,0,0,1,156,5,40,0
1990,32,2,2,0,0,1,27,1,40,0
1990,54,2,3,0,0,0,379,3,25,0
1990,43,1,0,0,0,1,226,2,40,0
1990,34,2,0,0,0,1,208,5,0,0
1990,71,1,0,0,0,1,0,0,0,0
1990,71,2,0,0,0,0,0,0,0,0
1990,44,1,2,0,0,1,55,1,50,1
1990,28,1,0,0,0,1,505,4,40,0
1990,28,2,0,0,0,1,315,2,40,0
1990,49,1,0,0,0,1,14,5,40,1
1990,49,2,0,0,0,1,274,3,20,0
1990,25,1,1,0,0,1,459,5,20,0
1990,31,1,1,0,0,1,243,3,40,0
1990,42,1,0,0,0,0,354,2,50,0
1990,42,2,0,0,0,1,387,5,24,0
1990,73,2,3,0,0,0,0,0,0,0
1990,41,1,0,0,0,1,44,1,50,1
1990,43,2,0,0,0,1,458,4,0,0
1990,24,1,1,0,0,0,756,1,40,0
1990,47,1,0,0,0,1,243,4,37,0
1990,47,2,0,0,0,1,157,5,40,0
1990,21,2,1,0,0,0,77,5,0,0
1990,20,2,1,0,0,1,37,5,30,0
1990,20,2,1,3,0,1,179,6,30,0
1990,20,1,1,0,0,1,435,3,10,0
1990,21,1,1,0,0,1,166,4,45,0
1990,21,2,1,0,0,1,313,5,25,0
1990,21,1,1,0,0,0,57,1,40,0
1990,75,2,3,0,0,1,0,0,0,1
1990,75,1,0,0,0,0,15,5,24,0
1990,68,2,0,0,0,0,0,0,0,0
1990,42,1,0,0,0,1,22,4,45,1
1990,40,2,0,0,0,1,0,0,0,0
1990,33,1,0,0,0,1,243,3,65,1
1990,30,2,0,0,0,1,315,4,30,0
1990,48,1,0,0,0,0,22,0,50,0
1990,46,2,0,0,0,0,5,6,40,0
1990,19,2,1,0,0,1,435,3,15,0
1990,27,1,1,0,0,0,869,0,40,0
1990,54,1,1,0,0,1,7,4,48,0
1990,26,1,1,0,0,1,637,1,40,0
1990,26,2,1,0,0,0,274,3,30,0
1990,47,1,0,0,0,1,22,4,35,0
1990,33,2,0,0,0,1,456,5,30,0
1990,45,2,1,0,0,0,313,4,35,0
1990,40,2,2,0,0,0,337,4,40,0
1990,52,1,0,0,0,1,44,1,40,1
1990,50,2,0,0,0,0,329,1,40,0
1990,22,1,1,0,0,1,523,4,40,0
1990,18,1,1,0,0,1,883,4,20,0
1990,79,2,3,0,0,0,0,0,0,0
1990,26,2,0,0,0,1,95,5,40,0
1990,24,1,0,0,0,0,547,4,40,0
1990,72,1,3,0,0,0,263,3,0,0
1990,25,1,1,0,0,0,486,0,45,0
1990,20,2,1,0,0,0,264,3,40,0
1990,31,1,0,0,0,0,785,1,40,0
1990,31,2,0,0,0,0,804,2,30,0
1990,62,1,1,0,0,0,877,3,30,0
1990,19,1,1,0,0,1,486,5,42,0
1990,26,2,1,0,0,1,385,3,36,0
1990,26,1,2,0,0,1,22,5,70,1
1990,73,1,1,0,0,0,0,0,0,0
1990,34,1,0,0,0,0,259,3,45,0
1990,36,2,0,0,0,1,154,5,55,0
1990,23,2,1,0,0,0,0,0,0,0
1990,39,1,0,0,2,0,804,0,40,0
1990,30,2,0,0,0,0,447,5,40,0
1990,79,2,3,0,0,0,0,0,0,0
1990,78,2,1,0,0,0,0,0,0,0
1990,80,2,3,0,0,0,164,5,16,0
1990,30,2,0,0,0,0,0,0,0,0
1990,29,1,0,0,0,0,889,1,43,0
1990,42,1,0,0,0,1,23,6,35,0
1990,36,2,0,0,0,1,316,5,24,0
1990,22,2,1,0,0,1,329,5,0,0
1990,24,1,1,0,0,1,22,1,60,0
1990,73,1,0,0,0,0,357,3,10,0
1990,65,2,0,0,0,1,338,1,0,0
1990,34,1,1,0,0,1,303,3,50,0
1990,64,1,0,0,0,1,243,3,0,0
1990,62,2,0,0,0,0,0,0,0,0
1990,60,1,0,0,0,0,453,3,45,0
1990,46,2,0,0,0,0,779,1,40,0
1990,60,1,0,0,0,1,254,3,40,1
1990,58,2,0,0,0,0,21,5,50,0
1990,36,2,2,0,0,1,21,5,40,0
1990,56,1,2,0,0,0,549,3,50,0
1990,32,1,1,0,0,0,479,0,0,0
1990,57,1,2,0,0,1,5,6,20,1
1990,20,1,1,0,0,0,486,0,40,0
1990,26,2,1,0,0,0,225,1,40,0
1990,27,1,1,0,0,0,566,0,25,0
1990,24,1,1,0,0,0,779,1,50,0
1990,50,1,0,0,0,1,889,1,38,0
1990,48,2,0,0,0,0,435,3,25,0
1990,22,2,1,0,0,0,156,5,38,0
1990,49,2,2,0,0,0,785,0,40,0
1990,27,1,1,0,0,0,463,2,40,0
1990,26,1,1,0,0,0,744,1,40,0
1990,65,1,0,0,0,1,5,6,35,1
1990,58,2,0,0,0,1,197,5,17,0
1990,30,1,1,0,0,1,356,6,35,0
1990,27,2,1,0,0,1,188,1,40,0
1990,22,2,1,0,0,1,198,2,15,0
1990,28,2,3,0,0,1,389,5,0,0
1990,29,1,1,0,0,0,783,0,25,0
1990,27,2,1,0,0,1,313,1,40,0
1990,37,1,0,0,0,0,554,0,50,0
1990,41,2,0,0,0,0,0,0,0,0
1990,61,1,0,0,0,0,723,1,40,0
1990,62,2,0,0,0,0,0,0,0,0
1990,25,2,1,0,0,0,465,5,0,0
1990,28,2,2,2,0,0,0,0,0,0
1990,35,1,0,0,0,0,628,1,48,0
1990,46,2,0,0,0,0,779,1,45,0
1990,22,1,1,0,0,0,689,1,40,0
1990,30,1,0,0,0,0,653,0,40,0
1990,25,2,0,0,0,0,888,1,50,0
1990,75,1,0,0,0,0,0,0,0,0
1990,78,2,0,0,0,1,0,0,0,0
1990,49,2,2,0,0,1,259,3,40,0
1990,75,1,0,0,0,1,628,1,40,1
1990,67,2,0,0,2,0,0,0,0,1
1990,20,2,1,0,0,1,264,3,20,0
1990,61,1,0,0,2,1,259,1,40,1
1990,59,2,0,0,4,0,313,5,40,0
1990,22,2,1,0,2,0,447,5,40,0
1990,24,2,1,0,2,0,185,0,40,0
1990,57,1,0,0,0,1,254,4,30,0
1990,46,2,0,0,0,1,156,5,49,1
1990,74,2,3,0,0,0,159,5,40,0
1990,36,1,2,0,0,1,26,5,50,1
1990,42,2,2,0,0,0,7,3,40,0
1990,31,1,0,0,0,1,194,4,40,0
1990,30,2,0,0,0,1,174,5,37,0
1990,39,1,0,0,0,0,8,4,50,0
1990,38,2,0,0,0,1,338,3,40,0
1990,40,1,0,0,0,1,22,1,40,0
1990,40,2,0,0,0,0,243,3,35,0
1990,60,1,2,0,0,1,337,3,65,1
1990,60,1,0,0,0,1,23,5,45,0
1990,58,2,0,0,0,0,313,5,0,0
1990,24,2,1,0,0,1,435,3,15,0
1990,21,1,1,0,0,1,877,3,30,0
1990,41,2,1,0,0,1,185,4,30,0
1990,40,1,0,0,2,1,64,1,42,1
1990,35,2,0,0,0,1,65,3,45,0
1990,19,2,1,0,0,1,274,3,40,0
1990,21,2,1,0,0,1,406,4,40,0
1990,30,1,0,0,0,1,23,4,50,1
1990,31,2,0,0,0,1,156,5,0,0
1990,57,1,0,0,0,1,255,4,40,0
1990,56,2,0,0,0,1,0,0,0,0
1990,24,2,1,0,0,1,487,0,45,0
1990,43,2,2,0,0,1,204,5,40,0
1990,20,1,1,0,0,1,194,1,20,0
1990,33,1,0,0,0,1,243,3,52,1
1990,33,2,0,0,0,1,27,4,0,0
1990,31,2,0,0,0,0,339,1,40,0
1990,28,1,0,0,0,0,505,1,45,0
1990,64,1,2,0,0,1,0,0,0,0
1990,35,1,0,0,0,1,364,1,40,0
1990,33,2,0,0,0,0,313,5,0,0
1990,39,1,0,0,2,1,243,3,58,1
1990,30,2,0,0,2,1,7,4,40,0
1990,80,2,3,0,0,0,0,0,0,0
1990,19,1,1,0,0,1,163,5,35,0
1990,76,2,3,0,0,1,785,3,40,0
1990,72,1,1,0,0,0,563,0,35,0
1990,73,1,2,0,0,0,563,0,35,0
1990,67,2,3,0,0,0,313,0,35,0
1990,75,1,0,0,0,1,0,0,0,1
1990,74,2,0,0,0,0,0,0,0,0
1990,31,1,1,0,0,1,274,3,40,0
1990,50,1,0,0,0,1,23,2,37,1
1990,46,2,0,0,0,1,22,2,50,0
1990,21,1,1,0,0,0,444,3,20,0
1990,35,2,1,0,0,1,105,5,35,0
1990,23,2,0,0,0,0,243,3,40,0
1990,21,1,0,0,0,1,266,3,40,0
1990,39,1,0,0,0,1,22,1,40,1
1990,42,2,0,0,0,1,0,0,0,0
1990,70,1,0,0,0,0,0,0,0,0
1990,71,2,0,0,0,0,785,1,40,0
1990,30,2,3,1,4,0,379,6,45,0
1990,62,1,0,0,2,1,22,1,40,1
1990,65,2,0,0,2,0,796,1,45,0
1990,52,2,3,0,0,0,64,1,40,0
1990,38,1,0,0,0,1,22,4,60,1
1990,35,2,0,0,0,1,178,5,0,0
1990,29,2,0,0,0,1,255,4,70,1
1990,29,1,0,0,0,1,255,4,70,1
1990,54,1,0,0,0,1,103,5,33,1
1990,50,2,0,0,0,0,23,2,38,0
1990,18,2,1,0,0,0,17,3,0,0
1990,22,1,1,0,0,1,23,3,20,0
1990,35,1,0,0,0,0,22,1,45,0
1990,41,2,0,0,0,0,308,4,40,0
1990,57,2,2,0,0,0,0,0,0,0
1990,56,2,3,0,2,0,0,0,0,0
1990,48,2,2,0,0,1,313,1,35,0
1990,42,2,2,0,0,1,185,4,40,1
1990,43,1,0,0,0,1,22,3,80,1
1990,42,2,0,0,0,1,0,0,0,0
1990,31,2,1,0,3,1,105,5,40,0
1990,34,2,3,0,3,1,406,4,45,0
1990,64,1,0,0,0,1,0,0,0,0
1990,45,2,0,0,0,1,0,0,0,0
1990,45,2,3,0,0,1,156,5,32,0
1990,21,1,1,0,0,1,27,5,40,0
1990,66,2,3,0,0,1,0,0,0,0
1990,31,1,0,3,3,1,259,1,40,1
1990,31,2,0,3,3,1,25,4,40,1
1990,41,2,3,3,3,0,444,3,12,0
1990,21,1,1,3,3,1,164,5,35,0
1990,18,2,1,3,3,0,0,0,0,0
1990,56,1,0,0,0,0,804,2,37,0
1990,54,2,0,0,0,1,255,4,40,1
1990,43,1,0,0,0,1,23,4,50,1
1990,42,2,0,3,3,1,22,4,50,1
1990,57,2,2,0,0,0,468,5,50,0
1990,62,1,0,0,0,1,13,1,30,0
1990,54,2,0,0,0,1,313,5,35,0
1990,23,1,1,0,0,1,376,4,40,0
1990,53,2,3,0,2,1,313,1,42,0
1990,26,1,0,0,0,1,889,0,48,0
1990,26,2,0,0,0,1,7,4,48,0
1990,76,2,3,0,0,0,207,5,0,0
1990,45,2,3,0,0,0,276,3,30,0
1990,18,1,1,0,0,0,276,3,20,0
1990,63,1,0,0,0,1,274,3,10,0
1990,60,2,0,0,0,1,254,4,40,0
1990,59,1,0,0,0,1,254,4,30,0
1990,48,2,0,0,0,1,13,3,50,1
1990,35,1,0,0,0,1,22,1,45,1
1990,37,2,0,0,0,1,183,5,20,0
1990,64,1,0,0,0,1,85,5,30,0
1990,63,2,0,0,0,1,313,4,35,0
1990,51,1,0,0,0,1,22,3,48,1
1990,51,2,0,0,0,1,0,0,0,0
1990,64,1,0,0,0,1,22,1,50,1
1990,68,2,0,0,0,0,0,0,0,0
1990,67,2,3,0,0,0,313,4,35,0
1990,52,1,0,0,0,1,13,3,60,1
1990,52,2,0,0,0,1,379,1,18,0
1990,32,1,0,0,0,1,25,4,40,1
1990,34,2,0,0,0,1,229,2,40,1
1990,34,2,1,0,0,1,7,1,60,1
1990,45,1,3,0,0,1,25,3,50,1
1990,34,2,2,0,0,1,355,2,40,0
1990,39,1,2,0,0,0,766,3,45,0
1990,30,1,1,0,0,1,628,1,50,0
1990,73,1,3,1,0,0,177,5,5,0
1990,28,2,1,1,0,0,0,0,0,0
1990,50,1,0,0,0,1,85,5,32,1
1990,40,2,0,0,0,0,15,5,0,0
1990,20,2,1,0,0,0,0,0,0,0
1990,43,1,0,0,0,1,84,5,85,1
1990,43,2,0,0,0,1,337,5,20,0
1990,57,1,3,0,0,1,178,5,40,0
1990,53,2,0,0,0,1,159,5,35,0
1990,55,1,0,0,0,1,154,5,50,1
1990,64,1,0,0,0,1,84,5,60,1
1990,58,2,0,0,0,1,0,0,0,0
1990,50,1,0,0,0,0,22,1,60,0
1990,49,2,0,0,0,0,22,1,40,0
1990,23,2,1,0,0,0,736,1,40,0
1990,33,1,0,0,0,1,85,5,60,1
1990,32,2,0,0,0,1,95,5,0,0
1990,40,1,0,0,0,1,263,3,45,1
1990,31,2,0,0,0,0,318,2,10,0
1990,43,2,2,0,0,1,319,5,22,0
1990,48,1,0,0,0,0,22,3,45,1
1990,41,2,0,0,0,0,319,5,40,0
1990,18,1,1,0,0,1,243,3,30,0
1990,57,1,0,0,2,0,667,4,55,0
1990,51,2,0,0,2,0,0,0,0,0
1990,22,1,1,0,2,1,327,1,45,0
1990,21,1,1,0,2,1,376,4,40,0
1990,58,1,0,0,0,1,18,4,50,1
1990,39,2,0,0,0,1,23,0,20,0
1990,60,1,0,0,0,1,27,2,40,1
1990,54,2,0,0,0,1,0,0,0,0
1990,45,1,0,2,0,0,505,6,40,0
1990,43,2,0,2,0,0,0,0,0,0
1990,51,1,2,2,0,0,585,3,40,0
1990,77,1,0,1,0,0,0,0,0,0
1990,66,2,0,1,0,1,95,5,16,0
1990,46,1,0,0,0,0,567,5,0,0
1990,42,2,0,0,0,0,407,4,0,0
1990,66,2,3,1,0,0,0,0,0,0
1990,25,1,1,0,0,1,23,4,40,0
1990,23,1,1,0,0,1,259,1,40,0
1990,62,2,2,0,0,0,379,4,35,0
1990,35,1,0,0,0,1,167,5,65,1
1990,35,2,0,0,0,1,197,5,50,1
1990,71,2,3,0,0,1,22,4,50,0
1990,51,2,1,0,2,1,385,5,40,0
1990,43,1,0,2,1,1,628,4,60,0
1990,40,2,0,2,1,0,407,4,20,0
1990,27,1,1,2,1,0,453,4,60,0
1990,20,1,1,2,1,0,453,4,30,0
1990,28,1,0,0,0,1,22,3,54,1
1990,23,2,0,0,0,0,467,5,40,0
1990,24,1,1,0,0,0,22,3,54,1
1990,69,1,3,0,0,0,0,0,0,0
1990,58,1,2,0,0,0,579,0,20,0
1990,18,2,1,0,0,1,438,3,25,0
1990,78,2,1,0,0,0,0,0,0,0
1990,33,1,1,0,0,1,7,4,55,1
1990,38,1,0,1,0,0,22,1,40,1
1990,35,2,0,1,0,0,385,3,0,0
1990,20,1,1,1,0,0,436,3,0,0
1990,52,1,0,0,0,1,256,4,0,1
1990,41,2,0,0,0,1,37,1,0,0
1990,53,2,0,0,0,1,0,0,0,1
1990,59,1,0,0,0,1,27,5,60,0
1990,63,1,0,0,0,1,22,4,45,1
1990,62,2,0,0,0,1,156,5,0,0
1990,70,1,1,0,0,0,453,4,40,0
1990,75,2,1,0,0,0,274,3,40,0
1990,62,1,1,0,0,1,597,0,44,1
1990,38,2,0,0,2,1,313,5,0,0
1990,38,1,0,0,1,1,255,4,45,1
1990,40,1,2,0,0,1,183,5,30,0
1990,69,1,0,0,0,0,804,2,48,0
1990,65,2,0,0,0,0,453,4,16,0
1990,53,2,2,0,0,0,379,3,40,0
1990,55,1,0,0,0,0,575,0,40,0
1990,54,2,0,0,0,0,889,3,30,0
1990,58,1,0,0,0,0,643,4,40,0
1990,54,2,0,0,0,0,337,4,8,0
1990,19,2,1,0,0,0,804,3,35,0
1990,30,1,0,0,0,1,156,5,40,0
1990,25,2,0,0,2,0,0,0,0,0
1990,61,1,0,0,0,1,195,5,60,1
1990,61,2,0,0,0,1,155,5,9,0
1990,56,2,0,0,0,1,337,3,37,0
1990,61,1,0,0,0,0,243,3,40,1
1990,25,2,1,0,0,1,379,3,37,0
1990,70,1,0,0,0,0,486,0,24,0
1990,64,2,0,0,0,0,274,3,15,0
1990,29,1,1,0,0,1,156,5,40,0
1990,36,1,0,0,1,1,253,4,40,0
1990,33,2,0,0,2,1,253,4,38,0
1990,28,1,0,0,0,1,22,0,70,0
1990,30,2,0,0,0,1,95,5,20,0
1990,74,2,3,0,0,0,666,4,20,0
1990,46,1,0,0,0,1,376,4,44,0
1990,41,2,0,0,0,0,22,3,50,1
1990,20,1,1,0,0,1,0,0,0,0
1990,19,1,1,0,0,1,0,0,0,0
1990,60,1,0,0,0,1,307,3,40,0
1990,57,2,0,0,0,1,338,5,35,0
1990,42,1,0,2,0,0,808,2,40,0
1990,39,2,0,2,0,0,683,1,40,0
1990,18,2,1,0,0,0,276,3,4,0
1990,27,2,1,1,0,1,313,4,37,0
1990,33,1,0,1,0,0,417,6,40,0
1990,32,2,0,1,0,0,0,0,0,0
1990,72,1,0,0,0,0,0,0,0,0
1990,72,2,0,0,0,0,0,0,0,0
1990,39,2,3,1,0,1,785,1,40,0
1990,18,1,1,1,0,0,276,3,20,0
1990,57,1,1,3,4,1,59,5,40,1
1990,52,1,0,0,0,1,26,2,50,0
1990,49,2,0,0,2,0,313,4,35,0
1990,23,1,1,0,0,0,804,3,40,0
1990,31,1,0,0,0,1,189,4,40,1
1990,33,2,0,0,2,1,436,5,60,1
1990,54,1,0,0,0,1,254,4,60,0
1990,49,2,0,0,1,0,243,3,40,0
1990,28,1,1,3,0,0,453,4,0,0
1990,44,1,2,3,0,0,577,2,40,0
1990,54,1,0,0,0,1,386,4,50,1
1990,50,2,0,0,0,1,0,0,0,0
1990,29,2,1,0,0,1,64,3,0,0
1990,53,1,0,0,0,1,25,1,42,1
1990,51,2,0,0,0,1,0,0,0,0
1990,55,1,0,0,0,0,889,2,45,0
1990,48,2,0,0,0,0,22,2,26,0
1990,78,2,3,0,0,0,0,0,0,0
1990,76,1,0,0,2,0,0,0,0,1
1990,69,2,0,0,0,1,0,0,0,0
1990,68,2,0,0,0,0,22,5,0,0
1990,73,1,0,0,0,1,0,0,0,0
1990,68,2,1,0,0,1,0,0,0,0
1990,43,1,0,0,0,1,7,4,45,1
1990,39,2,0,0,0,1,0,0,0,0
1990,42,1,0,0,0,1,156,5,40,0
1990,39,2,0,0,0,1,313,5,40,0
1990,20,1,1,0,0,1,435,3,30,0
1990,20,2,1,0,0,1,435,3,40,0
1990,79,2,3,0,0,0,0,0,0,0
1990,45,1,0,0,0,1,154,5,40,1
1990,46,2,0,0,0,1,156,5,50,0
1990,62,1,0,0,0,1,558,0,40,0
1990,62,2,0,0,0,1,0,0,0,0
1990,29,1,1,0,0,0,567,0,0,0
1990,26,2,1,0,0,0,243,3,30,0
1990,47,2,2,0,0,1,156,5,55,0
1990,33,2,0,0,0,1,13,3,50,0
1990,34,1,0,0,0,1,13,1,55,1
1990,56,1,0,0,2,0,558,0,40,1
1990,55,2,0,0,2,0,449,5,40,0
1990,60,2,3,0,0,0,264,3,28,0
1990,39,1,0,3,3,1,203,5,40,0
1990,34,2,0,3,3,1,274,3,43,0
1990,49,1,0,0,0,1,734,1,40,0
1990,45,2,0,0,0,1,22,4,50,1
1990,69,1,3,0,0,0,804,3,40,0
1990,78,1,0,0,0,0,418,6,20,0
1990,77,2,0,0,0,0,0,0,0,0
1990,38,1,0,0,0,0,567,0,40,0
1990,36,2,0,0,0,0,276,3,25,0
1990,44,1,1,0,0,1,22,1,5,0
1990,35,1,1,0,0,1,235,1,40,1
1990,50,1,0,0,0,1,259,1,40,1
1990,48,2,0,0,0,1,156,5,40,0
1990,25,1,1,0,0,1,257,1,40,0
1990,41,1,0,3,3,1,213,5,80,1
1990,37,2,0,3,3,1,59,5,50,0
1990,57,1,0,0,0,1,253,4,60,1
1990,53,2,0,0,0,1,254,4,0,0
1990,26,1,1,0,0,1,383,4,40,0
1990,33,2,3,0,0,0,275,5,0,0
1990,41,2,0,0,0,1,327,2,25,0
1990,43,1,0,0,0,1,23,5,60,0
1990,70,1,0,0,0,0,0,0,0,0
1990,64,2,0,0,0,0,255,4,8,0
1990,36,1,1,0,0,1,453,1,40,0
1990,64,2,2,0,0,0,22,4,40,0
1990,67,2,3,0,0,1,0,0,0,0
1990,61,1,0,0,0,1,253,4,25,1
1990,54,2,0,0,0,1,313,1,10,0
1990,41,1,0,0,0,1,567,0,40,1
1990,40,2,0,0,0,1,22,1,0,0
1990,43,1,0,0,0,1,255,4,40,1
1990,41,2,0,0,0,1,313,5,24,0
1990,38,1,0,0,0,1,7,4,50,1
1990,44,2,0,0,0,0,7,4,38,0
1990,55,1,0,0,0,1,259,1,40,1
1990,50,2,0,0,0,1,267,3,24,0
1990,34,1,0,0,0,1,53,0,52,0
1990,33,2,0,0,0,1,466,5,45,0
1990,26,1,0,0,0,1,22,4,65,1
1990,27,2,0,0,0,1,166,5,40,0
1990,77,2,3,0,0,0,0,0,0,0
1990,56,1,1,0,0,0,628,1,40,1
1990,73,2,3,0,0,0,0,0,0,0
1990,77,2,3,0,0,0,0,0,0,0
1990,51,1,0,0,0,1,55,1,40,1
1990,50,2,0,0,0,1,95,5,12,0
1990,23,2,1,0,0,1,389,5,20,0
1990,66,1,3,0,0,1,253,4,60,1
1990,33,1,0,0,0,1,883,5,40,0
1990,32,2,0,0,0,1,0,0,0,0
1990,54,1,0,0,0,1,308,1,40,1
1990,50,2,0,0,0,1,103,5,15,0
1990,26,1,1,0,0,1,213,1,40,0
1990,63,1,0,0,0,0,505,2,40,0
1990,61,2,0,0,0,0,909,6,0,0
1990,69,2,3,0,0,0,0,0,0,0
1990,70,2,3,0,0,0,0,0,0,0
1990,34,1,1,0,0,0,734,1,36,0
1990,27,2,1,0,0,0,379,1,0,0
1990,74,1,0,0,0,1,0,0,0,1
1990,74,2,0,0,2,0,0,0,0,0
1990,53,2,2,0,0,1,157,5,40,0
1990,31,1,0,0,0,1,155,5,46,0
1990,27,2,0,0,0,1,156,5,40,0
1990,56,1,0,0,0,1,178,5,55,1
1990,54,2,0,0,0,1,0,0,0,1
1990,24,1,1,0,0,1,174,4,25,0
1990,23,1,1,0,0,1,379,5,40,0
1990,42,1,2,0,0,1,254,4,40,0
1990,73,2,3,0,0,0,0,0,0,0
1990,20,1,1,0,0,1,243,4,40,0
1990,64,1,0,0,0,0,653,0,40,0
1990,60,2,0,0,0,0,319,0,40,0
1990,23,1,1,0,0,1,274,3,24,0
1990,56,1,0,0,0,1,179,6,40,1
1990,55,2,0,0,0,1,156,5,50,1
1990,33,1,0,0,0,1,17,3,40,0
1990,33,2,0,0,0,1,254,4,20,0
1990,33,1,0,0,0,1,274,3,50,0
1990,33,2,0,0,0,1,21,5,48,0
1990,33,2,0,0,0,1,154,5,22,0
1990,32,1,0,0,0,1,567,0,50,1
1990,60,1,0,0,0,0,634,1,66,1
1990,62,2,0,0,0,0,0,0,0,0
1990,66,1,0,0,0,1,13,1,40,1
1990,64,2,0,0,0,0,0,0,0,0
1990,26,2,1,0,0,1,376,4,40,0
1990,38,1,0,0,0,1,268,3,57,0
1990,37,2,0,0,2,1,376,1,40,0
1990,25,2,1,0,0,0,243,3,50,0
1990,46,2,3,0,0,0,22,1,60,0
1990,66,2,1,0,0,0,774,1,0,0
1990,71,2,3,0,0,1,274,3,0,0
1990,63,1,0,0,2,1,254,4,30,0
1990,62,2,0,0,0,0,0,0,0,0
1990,23,2,1,0,0,1,313,1,37,0
1990,37,2,0,0,0,1,7,1,40,0
1990,37,1,0,0,0,1,243,3,40,0
1990,74,2,3,0,0,0,313,2,16,0
1990,35,1,0,0,0,1,157,5,50,1
1990,34,2,0,0,0,1,103,5,24,0
1990,33,1,0,0,0,1,243,3,50,0
1990,32,2,0,0,0,1,313,5,40,0
1990,76,2,3,0,0,0,0,0,0,0
1990,30,1,0,0,0,1,7,1,40,0
1990,30,2,0,0,2,1,22,3,40,0
1990,33,1,0,0,0,1,486,0,40,0
1990,32,2,0,0,0,1,337,3,40,0
1990,29,1,1,0,0,1,436,3,24,0
1990,43,1,0,0,1,0,755,1,50,0
1990,45,2,0,0,1,0,683,1,40,0
1990,37,2,1,1,0,1,313,5,37,0
1990,32,1,1,1,0,0,453,4,0,0
1990,34,2,3,1,0,0,444,3,0,0
1990,48,2,3,2,0,0,796,1,40,0
1990,28,2,2,2,0,0,376,2,40,0
1990,22,2,1,2,0,0,777,1,40,0
1990,78,2,0,0,2,0,0,0,0,0
1990,30,2,0,0,0,0,318,2,40,0
1990,28,1,0,0,0,1,426,5,55,0
1990,34,1,0,2,0,1,577,2,40,0
1990,31,2,0,0,0,0,23,4,37,0
1990,41,2,1,1,0,1,156,5,32,0
1990,40,1,2,0,2,0,844,0,40,0
1990,42,1,0,2,0,0,27,1,40,0
1990,40,2,0,2,0,0,436,5,25,0
1990,18,1,1,2,0,0,0,0,0,0
1990,26,2,1,0,0,0,877,3,0,0
1990,30,1,0,0,0,0,634,1,45,0
1990,27,2,0,0,0,0,235,0,36,0
1990,28,1,0,0,0,1,208,2,37,0
1990,28,2,0,0,0,1,313,5,40,0
1990,74,1,0,0,0,0,0,0,0,0
1990,75,2,0,0,0,0,0,0,0,0
1990,29,2,1,1,0,1,313,2,50,0
1990,33,1,0,0,0,1,22,3,50,0
1990,34,2,0,0,0,1,274,3,6,0
1990,29,1,1,0,0,0,414,6,45,0
1990,56,1,0,0,2,1,556,0,60,0
1990,71,2,0,0,2,0,313,5,40,0
1990,63,1,0,0,0,1,823,2,40,1
1990,55,2,0,0,0,0,0,0,0,0
1990,18,1,0,0,2,0,0,0,0,0
1990,71,2,0,0,0,0,0,0,0,0
1990,67,2,3,0,0,0,453,5,40,0
1990,36,1,3,0,0,0,883,2,0,0
1990,72,2,3,0,0,1,0,0,0,0
1990,43,1,0,0,0,0,418,6,33,0
1990,29,2,0,0,0,1,313,1,20,0
1990,40,1,0,1,0,0,889,2,40,0
1990,37,2,0,1,0,1,308,1,50,0
1990,19,1,1,1,0,0,453,3,4,0
1990,18,1,1,1,0,1,276,3,20,0
1990,65,1,1,1,0,0,0,0,0,0
1990,80,2,3,0,0,0,0,0,0,0
1990,26,1,1,2,0,1,213,1,40,0
1990,53,2,3,2,0,0,453,1,40,0
1990,24,2,1,2,0,1,194,6,40,0
1990,60,2,2,1,0,0,447,5,40,0
1990,74,1,0,0,0,0,0,0,0,0
1990,62,2,0,0,0,0,274,3,30,0
1990,29,1,1,0,0,1,22,5,50,1
1990,49,2,0,0,0,1,25,0,33,0
1990,51,1,0,0,0,0,628,1,0,0
1990,71,1,0,0,0,0,29,3,40,0
1990,63,2,0,0,0,0,426,2,40,0
1990,27,2,1,2,0,0,0,0,0,0
1990,72,1,0,0,0,0,0,0,0,0
1990,72,2,0,0,0,0,0,0,0,0
1990,74,1,1,0,0,0,0,0,0,0
1990,69,2,1,0,0,0,0,0,0,0
1990,47,1,0,0,0,1,585,0,40,1
1990,47,2,0,0,0,0,329,5,30,0
1990,20,1,1,0,0,0,587,0,40,0
1990,19,1,1,0,0,0,534,0,40,0
1990,65,2,3,0,2,0,0,0,0,0
1990,34,2,0,0,0,1,95,5,56,1
1990,35,1,0,0,0,1,426,4,0,0
1990,77,2,3,0,0,0,0,0,0,0
1990,64,2,2,0,0,1,164,5,37,0
1990,64,1,1,0,0,1,355,2,0,0
1990,29,1,0,0,0,0,585,0,40,0
1990,27,2,0,0,0,1,95,5,40,1
1990,54,1,0,1,0,0,447,5,40,0
1990,53,2,0,1,0,0,709,1,40,0
1990,19,1,1,1,0,0,436,3,40,0
1990,31,1,0,0,0,0,549,4,40,0
1990,22,2,0,0,0,0,313,1,40,0
1990,42,1,0,0,0,0,869,0,40,0
1990,36,2,0,0,0,0,808,2,30,0
1990,41,1,0,0,0,0,717,1,40,0
1990,39,2,0,0,0,0,889,1,40,0
1990,40,1,0,0,0,0,518,1,40,0
1990,33,2,0,0,0,0,0,0,0,0
1990,76,2,3,0,2,0,0,0,0,0
1990,53,2,3,0,2,0,337,5,40,0
1990,63,2,3,0,0,0,313,6,0,0
1990,31,1,1,0,0,1,653,1,40,0
1990,31,2,2,0,0,0,375,4,56,0
1990,29,2,2,0,0,0,799,1,0,0
1990,18,1,1,0,0,0,869,0,30,0
1990,25,1,1,0,0,0,453,1,55,0
1990,76,2,3,0,0,1,0,0,0,0
1990,20,2,1,0,0,1,328,4,39,0
1990,79,1,0,0,0,0,0,0,0,0
1990,75,2,0,0,0,0,0,0,0,0
1990,77,1,3,0,0,1,0,0,0,0
1990,61,1,0,0,0,0,693,1,40,0
1990,54,2,0,0,0,0,777,1,40,0
1990,36,1,0,0,0,0,637,1,45,0
1990,36,2,0,0,0,0,683,1,40,0
1990,28,1,0,0,0,0,785,1,57,1
1990,25,2,0,0,2,0,466,5,0,0
1990,77,1,3,0,0,0,777,1,40,0
1990,23,1,1,0,0,0,885,3,50,0
1990,64,2,2,0,0,1,95,5,0,0
1990,26,1,1,0,0,0,243,3,40,0
1990,39,1,1,0,0,1,877,3,48,0
1990,69,1,0,0,0,0,276,3,20,0
1990,71,2,0,0,0,0,0,0,0,0
1990,28,2,2,1,0,0,779,1,40,0
1990,39,1,2,0,0,1,628,1,45,0
1990,43,2,0,0,0,1,22,2,40,0
1990,46,1,0,0,0,1,84,4,60,1
1990,18,1,1,1,0,0,869,0,35,0
1990,63,1,0,0,0,1,7,1,45,1
1990,61,2,0,0,0,1,0,0,0,0
1990,58,1,0,0,0,0,184,1,40,0
1990,55,2,0,0,0,1,468,5,40,0
1990,20,1,1,0,0,0,579,0,40,0
1990,47,1,0,0,0,1,22,1,50,1
1990,46,2,0,0,0,1,254,4,40,0
1990,31,1,0,0,0,1,243,3,60,1
1990,30,2,0,0,0,1,189,4,0,0
1990,42,1,0,0,0,1,22,1,45,0
1990,41,2,0,0,0,0,785,1,30,0
1990,38,2,3,0,0,0,379,3,40,0
1990,47,1,0,0,0,0,243,3,40,0
1990,48,2,0,0,0,1,156,5,25,0
1990,61,2,3,0,0,1,338,1,35,0
1990,32,1,0,0,0,1,628,1,50,0
1990,32,2,0,0,0,1,686,3,0,0
1990,43,1,0,0,0,1,156,5,45,0
1990,41,2,0,0,0,1,156,5,15,0
1990,65,1,0,0,0,0,779,5,0,0
1990,63,2,0,0,0,0,0,0,0,0
1990,48,1,0,0,0,0,694,4,50,0
1990,42,2,0,0,0,0,7,4,37,0
1990,18,1,1,0,0,0,889,3,45,0
1990,62,1,0,0,0,0,216,1,40,0
1990,59,2,0,0,0,0,435,3,32,0
1990,67,2,3,0,0,1,7,4,36,0
1990,37,2,0,0,0,1,243,3,25,0
1990,38,1,0,0,0,1,243,3,50,0
1990,42,1,1,0,0,0,768,5,18,0
1990,40,1,0,0,0,0,22,2,60,0
1990,37,2,0,0,0,1,95,5,24,0
1990,35,1,0,0,0,1,558,0,40,0
1990,34,2,0,0,0,1,155,5,10,0
1990,31,1,0,0,0,1,95,5,40,0
1990,30,2,0,0,0,1,274,3,40,0
1990,74,2,3,0,0,0,0,0,0,0
1990,43,1,0,0,0,0,263,3,50,0
1990,39,2,0,0,2,0,744,1,40,0
1990,44,1,2,0,0,0,263,3,40,0
1990,40,1,2,0,0,0,22,3,60,0
1990,63,1,0,0,0,0,558,1,40,0
1990,60,2,0,0,0,0,243,3,37,0
1990,22,2,1,0,0,1,207,5,35,0
1990,45,1,0,0,0,1,883,2,40,1
1990,41,2,0,0,0,1,207,5,24,0
1990,20,2,1,0,0,0,804,5,40,0
1990,35,1,0,0,2,1,575,0,40,0
1990,32,2,0,0,0,1,313,1,10,0
1990,49,1,0,0,2,0,453,4,50,0
1990,47,2,0,0,2,0,779,1,40,0
1990,23,1,1,0,2,1,23,0,20,0
1990,27,1,0,0,0,1,567,0,40,0
1990,29,2,0,0,0,1,447,5,0,0
1990,59,2,0,0,0,1,195,1,0,1
1990,63,1,0,0,0,1,5,6,9,1
1990,31,2,1,0,0,0,327,2,40,0
1990,28,2,1,0,0,0,436,5,40,0
1990,65,1,0,0,0,0,889,1,40,0
1990,63,2,0,0,0,0,888,1,20,0
1990,36,2,1,0,0,1,313,4,40,0
1990,64,1,2,1,0,0,756,1,48,0
1990,32,1,1,1,0,0,278,1,60,0
1990,35,1,0,0,0,1,869,0,40,0
1990,35,2,0,0,0,1,0,0,0,0
1990,77,1,0,0,0,0,0,0,0,0
1990,62,2,3,0,0,0,785,1,40,0
1990,35,1,1,0,0,1,754,3,40,0
1990,68,1,0,0,0,0,0,0,0,0
1990,65,2,0,0,0,1,156,5,35,0
1990,53,2,0,3,0,1,274,3,25,0
1990,32,1,0,0,0,1,57,1,60,0
1990,26,1,1,0,0,0,567,0,50,0
1990,19,2,1,0,0,0,274,3,20,0
1990,39,2,2,0,0,0,579,4,40,0
1990,77,1,0,0,0,0,0,0,0,0
1990,73,2,0,0,0,0,0,0,0,0
1990,43,1,1,0,0,0,389,3,50,0
1990,30,1,0,0,0,1,213,1,48,0
1990,28,2,0,0,0,1,189,4,36,0
1990,68,1,0,0,0,1,22,1,60,0
1990,47,2,0,0,0,0,274,3,28,0
1990,18,1,1,0,0,1,444,5,16,0
1990,31,1,0,0,0,0,514,3,40,0
1990,30,2,0,0,0,0,0,0,0,0
1990,33,2,2,2,0,0,447,5,40,0
1990,30,2,1,0,0,0,447,5,40,0
1990,74,2,2,0,0,0,0,0,0,0
1990,38,2,2,0,0,0,337,6,40,0
1990,19,1,1,0,0,0,0,0,0,0
1990,80,1,2,0,0,0,0,0,0,0
1990,62,2,2,0,0,0,0,0,0,0
1990,37,2,3,0,0,0,207,5,35,0
1990,51,1,0,0,0,0,769,1,40,0
1990,45,2,0,0,0,1,275,4,40,0
1990,18,1,1,0,0,0,0,0,0,0
1990,72,1,0,0,0,0,0,0,0,0
1990,70,2,0,0,0,0,0,0,0,0
1990,33,2,1,0,0,1,22,5,35,0
1990,43,1,0,0,0,0,683,1,40,0
1990,33,2,0,0,0,1,243,2,37,0
1990,35,2,1,0,0,0,359,6,40,0
1990,47,1,0,0,0,1,689,2,40,0
1990,47,2,0,0,0,0,313,5,40,0
1990,23,2,1,0,0,1,447,5,40,0
1990,22,1,1,0,0,0,514,4,50,0
1990,34,1,0,0,0,0,796,1,60,0
1990,36,2,0,0,0,0,769,1,20,0
1990,44,1,0,0,0,1,156,5,30,0
1990,42,2,0,0,0,1,389,6,35,0
1990,21,2,1,0,0,0,406,4,15,0
1990,40,2,0,0,0,0,458,4,30,0
1990,41,1,0,0,0,1,243,3,40,0
1990,74,1,0,0,0,0,337,5,0,0
1990,74,2,0,0,0,0,0,0,0,0
1990,42,1,0,0,0,1,22,4,40,1
1990,42,2,0,0,0,1,8,4,40,0
1990,43,1,0,0,2,1,379,6,60,0
1990,36,2,0,0,0,1,385,1,28,0
1990,72,2,2,0,2,0,0,0,0,0
1990,66,1,0,0,0,0,259,3,0,0
1990,62,2,0,0,0,1,379,4,35,0
1990,40,2,0,0,0,1,14,5,40,0
1990,45,1,0,0,0,1,274,3,45,0
1990,57,2,3,0,0,1,23,6,40,0
1990,25,2,1,0,0,1,313,2,40,0
1990,77,1,0,0,0,1,0,0,0,0
1990,78,2,0,0,0,0,0,0,0,0
1990,29,1,0,0,0,1,64,2,40,0
1990,29,2,0,0,0,1,156,5,40,0
1990,29,1,1,3,4,1,785,1,40,0
1990,26,2,1,3,3,1,64,1,40,0
1990,44,2,2,1,0,1,174,6,40,0
1990,19,1,1,1,0,1,453,5,0,0
1990,75,2,3,0,0,0,0,0,0,0
1990,75,2,3,0,0,0,0,0,0,0
1990,75,1,0,0,0,0,0,0,0,0
1990,71,2,0,0,0,0,0,0,0,0
1990,73,2,3,0,0,0,0,0,0,0
1990,36,1,0,3,3,1,14,5,40,0
1990,32,2,0,3,3,1,14,5,40,0
1990,44,1,0,0,0,0,777,1,50,0
1990,38,2,0,0,0,0,0,0,0,0
1990,44,1,0,0,0,1,418,6,48,1
1990,39,2,0,0,0,1,156,5,35,0
1990,18,1,1,0,0,0,453,4,30,0
1990,75,2,3,0,0,0,337,4,10,0
1990,20,2,1,0,0,1,385,3,12,0
1990,20,1,1,0,0,0,579,0,35,0
1990,78,1,0,0,0,0,0,0,0,0
1990,75,2,0,0,0,0,0,0,0,0
1990,39,1,0,0,2,0,453,4,40,0
1990,24,2,0,0,2,0,453,5,40,0
1990,44,2,2,0,0,1,56,1,40,0
1990,40,2,1,0,0,1,22,5,50,1
1990,64,1,0,0,0,1,25,4,40,0
1990,59,2,0,0,0,1,234,5,40,0
1990,23,1,1,0,0,1,363,0,40,0
1990,41,1,0,0,0,1,213,4,50,0
1990,39,2,0,0,0,0,276,3,20,0
1990,19,1,1,0,0,0,436,3,20,0
1990,55,1,0,0,1,0,22,1,60,1
1990,43,2,0,0,0,0,0,0,0,0
1990,20,1,1,0,0,1,0,0,0,0
1990,22,2,1,0,0,0,389,4,40,0
1990,20,1,1,0,0,1,274,3,90,0
1990,36,1,0,0,0,1,508,1,40,0
1990,32,2,0,0,0,0,0,0,0,0
1990,34,1,0,0,2,1,637,1,40,0
1990,30,2,0,0,2,1,785,1,40,0
1990,51,1,0,0,2,0,0,0,0,0
1990,44,2,0,0,0,1,18,4,35,0
1990,21,1,1,0,0,1,869,0,40,0
1990,77,2,3,0,0,1,95,5,0,0
1990,75,2,3,0,0,0,0,0,0,0
1990,34,1,1,0,0,0,779,1,40,0
1990,60,1,0,0,0,0,804,2,48,0
1990,58,2,0,0,0,0,0,0,0,0
1990,30,1,0,0,0,1,804,3,40,0
1990,26,2,0,0,0,1,313,5,37,0
1990,28,1,1,0,0,0,589,3,49,0
1990,27,2,1,0,0,0,869,0,40,0
1990,46,1,0,0,0,0,22,4,48,0
1990,37,2,0,0,0,1,337,4,15,0
1990,57,1,0,0,0,1,22,4,48,1
1990,53,2,0,0,0,1,157,5,50,0
1990,42,1,0,0,0,0,268,3,60,0
1990,39,2,0,0,0,0,313,3,40,0
1990,65,2,3,0,2,0,0,0,0,0
1990,40,1,1,0,0,0,355,2,40,0
1990,76,1,0,0,0,0,363,1,50,0
1990,72,2,0,0,0,0,243,3,15,0
1990,54,1,0,0,0,1,254,4,40,1
1990,54,2,0,0,0,1,204,5,40,0
1990,31,1,1,0,0,1,567,0,35,0
1990,44,1,2,0,0,1,23,5,40,0
1990,73,2,3,0,0,0,0,0,0,0
1990,47,1,0,0,0,0,804,1,0,0
1990,36,2,0,0,0,0,313,1,40,0
1990,77,2,3,0,0,0,407,4,10,0
1990,79,1,1,0,0,1,174,5,20,0
1990,52,1,0,0,0,1,56,1,40,1
1990,47,2,0,0,0,0,628,1,40,0
1990,18,2,1,0,0,0,276,3,20,0
1990,62,1,3,0,0,1,22,0,20,0
1990,74,2,3,0,0,0,22,4,40,0
1990,38,1,0,0,0,0,628,1,53,0
1990,36,2,0,0,0,0,155,5,15,0
1990,66,1,3,0,0,0,363,5,0,0
1990,50,2,1,0,0,0,33,1,37,0
1990,78,1,0,0,0,1,0,0,0,0
1990,79,2,0,0,2,0,0,0,0,0
1990,55,1,0,0,0,1,243,3,40,1
1990,47,2,0,0,0,0,337,3,40,1
1990,21,2,1,0,0,1,459,5,27,0
1990,20,1,1,0,0,0,259,1,40,0
1990,57,2,3,0,0,1,313,4,41,0
1990,49,2,0,0,0,1,22,1,40,0
1990,55,1,0,0,0,0,628,1,40,0
1990,24,1,1,0,0,0,637,1,40,0
1990,80,2,3,0,0,0,0,0,0,0
1990,27,2,1,0,0,1,234,5,40,0
1990,30,2,1,0,0,1,65,6,40,0
1990,30,1,1,0,0,1,183,5,48,0
1990,35,1,0,0,0,1,803,2,50,0
1990,34,2,0,0,0,1,157,5,0,0
1990,31,2,1,0,0,1,13,4,60,0
1990,37,2,1,0,0,1,14,5,35,0
1990,42,2,1,0,2,1,194,6,25,0
1990,46,1,2,0,0,1,375,4,40,0
1990,37,1,2,0,0,0,844,0,40,0
1990,28,2,1,0,0,1,203,5,45,0
1990,40,2,2,1,0,1,253,4,40,0
1990,74,1,0,0,0,0,734,5,20,0
1990,73,2,0,0,0,1,0,0,0,0
1990,68,2,3,0,0,0,344,5,37,0
1990,72,2,3,0,0,0,0,0,0,0
1990,30,1,1,0,2,0,785,1,24,0
1990,55,2,0,0,2,0,0,0,0,0
1990,70,1,0,0,2,0,274,3,20,0
1990,37,2,1,0,0,1,95,5,37,0
1990,46,1,2,0,0,0,748,5,0,0
1990,45,2,0,3,3,1,243,3,55,0
1990,55,1,0,3,3,1,243,3,55,0
1990,25,1,1,3,3,1,276,3,15,0
1990,18,2,1,3,3,0,263,3,20,0
1990,43,2,2,0,0,1,23,5,37,0
1990,21,1,1,0,0,1,436,3,24,0
1990,57,1,0,0,0,0,0,0,0,0
1990,57,2,0,0,0,0,313,0,0,0
1990,27,2,1,0,0,1,37,4,40,0
1990,26,2,1,0,0,1,274,3,40,0
1990,48,1,0,0,0,1,59,1,45,1
1990,45,2,0,0,0,1,337,5,40,0
1990,22,1,1,0,0,1,268,3,20,0
1990,18,2,1,0,0,1,308,5,40,0
1990,25,1,1,0,0,1,64,1,40,0
1990,23,1,1,0,0,1,259,1,50,0
1990,24,1,1,0,0,0,869,0,40,0
1990,28,1,2,0,0,1,567,0,40,0
1990,24,1,1,0,0,1,567,0,40,0
1990,52,1,1,0,0,0,453,5,40,0
1990,48,2,1,0,0,1,378,4,37,0
1990,46,1,1,0,0,0,744,1,40,0
1990,53,2,3,0,2,0,328,4,40,0
1990,46,2,0,0,0,1,254,4,22,0
1990,46,1,0,0,0,1,65,4,40,1
1990,22,2,1,0,0,1,243,3,40,0
1990,20,1,1,0,0,1,683,3,40,0
1990,76,2,3,0,0,0,0,0,0,0
1990,62,1,0,0,0,0,809,2,40,0
1990,57,2,0,0,0,1,254,4,45,1
1990,33,1,2,0,0,1,7,1,45,1
1990,32,2,1,0,0,1,23,5,45,1
1990,65,1,0,0,2,1,164,5,37,0
1990,57,2,0,0,2,1,156,5,30,0
1990,26,2,1,0,0,1,185,3,50,0
1990,39,1,1,1,0,0,653,1,8,0
1990,58,2,0,0,0,1,176,5,24,0
1990,56,1,0,0,0,0,0,0,0,0
1990,27,1,0,1,0,0,889,2,40,0
1990,25,2,0,1,0,0,0,0,0,0
1990,44,2,3,1,0,0,447,5,40,0
1990,22,1,1,1,0,0,426,4,40,0
1990,65,1,3,0,0,0,0,0,0,0
1990,45,2,1,1,0,1,174,6,35,0
1990,56,1,2,0,0,1,415,5,37,0
1990,40,2,1,1,0,1,467,5,40,0
1990,29,1,1,1,0,1,385,1,7,0
1990,28,1,1,0,0,1,363,1,40,0
1990,27,2,1,0,0,1,487,0,30,0
1990,75,1,0,0,0,1,178,5,40,0
1990,73,2,0,0,0,1,0,0,0,0
1990,70,1,0,0,0,0,17,3,40,1
1990,60,2,0,0,2,0,0,0,0,0
1990,70,1,0,0,0,0,808,2,0,0
1990,69,2,0,0,0,0,0,0,0,0
1990,66,2,3,0,0,0,0,0,0,0
1990,29,2,1,0,0,1,22,4,37,0
1990,22,2,1,0,0,1,37,5,9,0
1990,44,2,3,1,0,1,453,4,40,0
1990,36,2,1,0,2,1,194,5,0,0
1990,24,1,1,0,0,1,26,4,15,0
1990,50,1,3,1,0,0,503,2,40,0
1990,48,1,3,0,4,1,178,5,48,1
1990,20,2,1,0,0,1,223,1,40,0
1990,21,2,1,3,0,0,154,5,40,0
1990,20,1,1,0,0,1,229,4,39,0
1990,27,2,1,0,0,1,167,5,40,0
1990,62,1,1,1,0,0,869,0,40,0
1990,55,2,3,1,0,1,0,0,0,0
1990,46,2,1,0,0,1,235,5,38,0
1990,33,2,2,0,0,1,337,1,40,0
1990,19,1,1,0,0,1,216,4,30,0
1990,32,1,1,0,0,1,0,0,0,0
1990,53,2,2,0,0,1,313,5,40,0
1990,24,2,1,0,0,1,37,5,26,0
1990,71,1,0,0,0,1,178,5,45,0
1990,62,2,0,0,0,1,27,5,45,0
1990,71,2,3,0,0,0,0,0,0,0
1990,64,1,1,0,0,1,176,5,40,0
1990,73,1,0,0,0,0,0,0,0,0
1990,74,2,0,0,2,0,0,0,0,0
1990,24,2,1,0,0,0,0,0,0,0
1990,69,1,0,0,0,0,0,0,0,0
1990,71,2,0,0,0,0,444,5,0,0
1990,37,1,0,1,0,0,637,1,40,0
1990,40,2,0,1,0,0,888,3,20,0
1990,58,2,3,0,0,0,777,1,40,0
1990,54,1,2,0,0,0,0,0,0,1
1990,39,2,1,0,0,1,178,5,45,1
1990,49,1,0,0,0,1,84,5,45,1
1990,43,2,0,0,0,1,195,5,20,0
1990,49,1,0,0,0,1,22,1,48,1
1990,42,2,0,0,0,1,95,5,40,0
1990,49,1,0,0,0,0,529,2,40,0
1990,47,2,0,0,0,0,435,3,16,0
1990,23,2,1,0,0,0,458,4,25,0
1990,60,2,3,0,0,1,0,0,0,0
1990,41,1,0,0,0,1,22,3,60,1
1990,42,2,0,0,0,1,22,5,35,0
1990,18,1,1,0,0,0,217,3,40,0
1990,33,1,0,0,0,1,57,1,40,1
1990,32,2,0,0,0,1,335,5,40,0
1990,39,1,0,0,0,1,22,0,40,0
1990,50,2,0,0,0,1,89,5,32,0
1990,48,2,2,0,0,1,156,5,0,0
1990,18,2,1,0,0,0,175,4,12,0
1990,38,1,1,0,0,1,307,4,35,0
1990,41,1,0,0,0,1,22,1,56,1
1990,29,2,0,0,0,1,159,5,40,0
1990,73,1,3,0,0,1,0,0,0,1
1990,35,1,0,0,0,1,257,2,40,1
1990,36,2,0,0,0,0,313,4,38,0
1990,40,1,0,0,0,1,178,5,50,1
1990,41,2,0,0,0,1,313,1,40,0
1990,39,1,0,0,0,1,22,2,45,0
1990,37,2,0,0,0,0,445,5,36,0
1990,54,1,1,1,0,1,0,0,0,0
1990,61,1,1,0,0,1,459,5,25,0
1990,33,1,0,0,0,0,208,6,37,0
1990,35,2,0,0,0,0,0,0,0,0
1990,45,1,0,0,0,0,22,1,55,0
1990,42,2,0,0,0,0,274,3,35,0
1990,20,2,1,0,0,0,889,3,40,0
1990,18,1,1,0,0,0,0,0,0,0
1990,77,1,0,0,0,0,0,0,0,0
1990,70,2,0,0,0,0,0,0,0,0
1990,49,1,0,0,0,0,558,0,40,0
1990,32,2,0,0,0,0,277,5,15,0
1990,27,1,0,0,2,0,585,0,27,1
1990,23,2,0,0,0,0,383,4,0,0
1990,73,2,0,0,2,0,0,0,0,0
1990,54,2,1,0,0,1,186,5,35,0
1990,25,2,1,0,0,1,259,1,40,0
1990,68,2,3,0,0,0,0,0,0,0
1990,66,2,3,0,0,1,466,5,35,0
1990,38,2,1,0,0,0,888,1,40,0
1990,73,1,0,0,0,1,259,3,0,0
1990,74,2,0,0,0,1,0,0,0,0
1990,24,1,1,0,0,1,254,4,65,0
1990,33,1,0,0,0,1,348,2,50,1
1990,28,2,0,0,0,1,178,5,50,1
1990,59,1,3,0,0,0,628,1,50,0
1990,26,1,1,0,0,0,37,1,40,0
1990,69,2,3,0,0,0,0,0,0,0
1990,35,2,1,0,0,1,156,5,32,0
1990,37,2,0,0,0,1,0,0,0,0
1990,45,1,0,0,0,1,43,5,45,1
1990,42,1,1,0,0,1,57,1,40,0
1990,32,1,0,0,0,1,505,3,40,0
1990,32,2,0,0,0,1,156,5,35,0
1990,50,1,0,0,0,0,558,0,40,0
1990,48,2,0,0,0,0,779,1,40,0
1990,75,1,0,0,0,1,0,0,0,0
1990,67,2,0,0,0,0,0,0,0,0
1990,71,1,0,0,0,0,365,3,35,0
1990,67,2,0,0,0,0,365,4,40,0
1990,19,1,1,0,0,1,164,5,20,0
1990,19,1,1,0,0,1,523,5,40,0
1990,23,2,1,3,0,1,449,5,40,0
1990,22,2,1,3,3,1,385,4,40,0
1990,58,1,2,0,0,1,24,4,40,1
1990,51,2,2,0,0,1,313,5,35,0
1990,26,1,0,0,0,0,426,4,44,0
1990,22,2,0,0,0,0,313,3,40,0
1990,67,2,2,0,0,0,636,1,0,0
1990,41,2,1,0,0,1,95,5,40,0
1990,32,1,0,0,0,1,22,5,37,0
1990,35,2,0,0,4,1,154,5,40,0
1990,26,2,2,0,0,0,774,4,0,0
1990,23,1,0,0,0,0,243,3,20,0
1990,32,2,0,0,0,0,407,4,0,0
1990,34,2,2,0,0,1,36,1,40,0
1990,53,1,0,0,0,1,22,4,35,0
1990,55,2,0,0,2,0,274,3,20,0
1990,24,1,1,0,0,1,53,6,35,0
1990,44,1,0,0,0,1,216,2,40,1
1990,36,2,0,0,0,1,687,3,0,0
1990,46,1,3,0,0,1,243,3,40,0
1990,32,1,0,0,0,1,56,4,48,1
1990,34,2,0,0,0,1,22,5,48,0
1990,59,1,0,0,0,0,0,0,0,0
1990,56,2,0,0,0,0,0,0,0,0
1990,74,1,0,0,0,0,0,0,0,0
1990,72,2,0,0,0,1,0,0,0,0
1990,30,2,1,0,0,1,389,4,36,0
1990,43,1,1,0,0,1,167,5,35,0
1990,39,2,1,0,0,1,234,5,40,0
1990,37,2,0,0,0,1,796,1,40,0
1990,31,1,0,0,0,0,777,1,40,0
1990,66,2,2,0,0,0,339,3,0,0
1990,67,1,2,0,0,0,0,0,0,0
1990,69,1,0,0,0,1,0,0,0,0
1990,69,2,0,0,0,0,0,0,0,0
1990,62,1,0,0,0,0,855,0,40,0
1990,60,2,0,0,0,0,0,0,0,0
1990,34,1,1,0,0,0,628,1,43,0
1990,45,1,0,0,0,1,73,1,40,1
1990,40,2,0,0,0,1,156,5,20,0
1990,30,1,0,0,0,0,804,0,40,0
1990,29,2,0,0,0,1,529,2,45,0
1990,65,1,0,0,0,1,657,3,43,1
1990,64,2,0,0,0,1,0,0,0,0
1990,52,2,0,0,0,0,254,4,12,0
1990,51,1,0,0,0,0,558,0,45,1
1990,23,1,1,0,0,1,389,4,44,0
1990,41,2,1,0,0,1,95,5,40,0
1990,41,2,1,0,0,1,156,5,35,1
1990,71,2,3,0,0,0,449,6,0,0
1990,41,1,2,0,0,0,567,0,35,0
1990,26,2,2,0,0,1,446,5,15,0
1990,79,2,3,0,0,0,0,0,0,0
1990,46,1,0,0,0,0,779,1,37,0
1990,55,2,0,0,0,0,276,4,35,0
1990,30,1,3,0,0,1,543,3,40,0
1990,30,1,0,0,0,0,365,1,40,0
1990,24,2,0,0,0,0,783,1,40,0
1990,64,1,2,0,0,0,486,5,40,0
1990,60,1,2,0,0,0,243,3,20,0
1990,42,1,0,0,0,0,563,4,45,0
1990,42,2,0,0,0,1,156,5,32,0
1990,64,2,0,0,0,1,0,0,0,0
1990,64,1,0,0,0,1,0,0,0,0
1990,53,1,1,0,0,1,167,5,3,1
1990,67,2,3,0,0,1,276,3,32,0
1990,33,2,1,0,0,1,447,5,40,0
1990,69,1,0,0,0,1,268,3,15,0
1990,67,2,0,0,0,0,158,5,0,0
1990,75,1,0,0,0,0,744,3,35,0
1990,67,2,0,0,0,0,0,0,0,0
1990,72,1,0,0,0,1,5,6,0,0
1990,62,2,0,0,0,0,264,3,36,0
1990,62,2,0,0,0,1,0,0,0,0
1990,64,1,0,0,0,1,22,1,0,1
1990,31,2,1,0,0,1,22,5,35,0
1990,26,1,2,0,0,0,634,1,45,0
1990,49,2,0,0,0,1,207,5,40,0
1990,55,1,0,0,0,0,0,0,0,0
1990,18,1,1,1,0,0,354,2,36,0
1990,28,1,0,0,0,1,13,1,40,0
1990,25,2,0,0,0,1,319,1,16,0
1990,23,2,1,0,0,1,424,6,36,0
1990,24,2,2,0,0,0,17,3,40,0
1990,43,1,0,0,0,1,216,5,50,1
1990,41,2,0,0,0,1,0,0,0,0
1990,31,2,0,0,0,1,25,4,21,0
1990,36,1,0,0,0,0,518,1,46,0
1990,46,1,3,1,0,0,0,0,0,0
1990,39,1,0,0,0,0,653,1,32,0
1990,41,2,0,0,0,0,274,3,0,0
1990,18,1,1,0,0,0,0,0,0,0
1990,51,1,0,0,0,1,22,4,40,1
1990,49,2,0,0,0,0,174,5,0,0
1990,80,2,3,0,0,0,0,0,0,0
1990,48,2,3,0,0,1,0,0,0,0
1990,38,1,0,0,0,1,176,6,50,0
1990,38,2,0,0,0,1,159,5,8,0
1990,66,2,3,0,0,1,313,1,40,0
1990,26,1,0,0,0,1,57,1,40,0
1990,24,2,0,0,0,1,57,1,40,0
1990,76,1,0,0,2,0,0,0,0,0
1990,73,2,0,0,0,0,0,0,0,0
1990,80,1,3,0,0,0,0,0,0,0
1990,43,2,3,0,0,0,759,1,40,0
1990,19,1,1,0,0,0,889,4,15,0
1990,23,1,1,0,0,1,426,4,40,0
1990,80,2,3,0,0,0,0,0,0,0
1990,18,2,1,1,4,0,0,0,0,0
1990,25,1,1,0,0,0,637,1,40,0
1990,69,1,0,0,0,0,364,1,0,0
1990,66,2,0,0,0,0,0,0,0,0
1990,23,2,1,0,0,0,426,1,60,0
1990,37,2,1,0,0,0,447,5,0,0
1990,33,1,0,0,0,1,337,3,48,0
1990,31,2,0,0,0,1,203,5,55,0
1990,33,1,0,0,0,1,18,4,45,1
1990,34,2,0,0,0,1,174,5,40,0
1990,40,1,0,0,0,1,558,0,55,0
1990,37,2,0,0,0,1,156,5,55,0
1990,35,1,0,0,2,1,694,2,40,0
1990,32,2,0,0,0,0,458,4,24,0
1990,46,1,0,0,0,0,686,3,55,0
1990,47,2,0,0,0,1,95,5,36,0
1990,24,1,1,0,0,1,316,3,45,0
1990,57,1,0,0,0,0,703,1,40,0
1990,56,2,0,0,0,0,785,3,45,0
1990,19,2,1,0,0,0,276,3,40,0
1990,69,1,0,0,0,0,364,3,20,0
1990,70,2,0,0,0,0,0,0,0,0
1990,31,1,0,0,0,0,453,4,45,0
1990,25,2,0,0,0,1,736,4,40,0
1990,67,1,3,0,0,0,259,3,16,0
1990,67,1,0,0,0,0,426,1,16,0
1990,65,2,0,0,0,0,518,1,20,0
1990,38,1,1,0,0,1,254,4,40,0
1990,29,1,0,0,0,1,686,3,50,0
1990,40,2,0,0,0,0,466,5,47,0
1990,18,2,1,0,0,0,0,0,0,0
1990,19,2,1,0,0,0,389,1,40,0
1990,52,1,0,0,4,1,53,0,40,0
1990,42,2,0,0,4,1,217,0,35,0
1990,33,1,0,1,0,1,103,5,42,1
1990,33,2,0,0,0,1,104,5,24,0
1990,41,1,1,0,2,0,453,4,60,0
1990,42,2,2,0,0,0,313,1,40,0
1990,19,1,1,0,0,0,904,6,40,0
1990,22,1,1,0,0,0,833,6,80,0
1990,21,1,1,3,0,0,575,6,99,0
1990,27,1,1,2,0,1,833,6,40,0
1990,39,1,2,0,0,1,185,1,45,0
1990,29,2,1,0,2,0,796,1,40,0
1990,49,1,0,0,0,1,628,1,40,0
1990,41,2,0,0,0,1,156,5,40,0
1990,47,1,0,0,0,1,156,5,60,0
1990,44,2,0,0,0,1,156,5,40,0
1990,24,1,1,0,2,1,194,1,40,0
1990,71,1,1,0,0,0,0,0,0,0
1990,21,1,1,1,0,0,0,0,0,0
1990,37,1,0,0,0,1,22,3,60,1
1990,33,2,0,0,0,1,0,0,0,0
1990,28,1,1,0,0,1,637,1,50,0
1990,28,1,1,3,0,1,637,1,40,0
1990,34,1,0,0,0,1,213,0,40,0
1990,38,2,0,0,0,1,243,1,40,0
1990,19,2,0,0,0,0,709,3,0,0
1990,20,1,0,0,0,0,597,0,40,0
1990,18,1,1,0,0,0,436,3,20,0
1990,22,2,1,0,0,1,567,5,30,0
1990,18,1,1,0,0,1,329,5,40,0
1990,19,1,1,0,0,0,829,6,40,0
1990,36,1,0,0,0,1,157,5,35,0
1990,36,2,0,0,0,0,313,5,20,0
1990,26,1,1,0,0,0,829,2,14,0
1990,52,2,3,0,1,0,449,4,30,0
1990,30,1,0,0,0,0,444,4,40,0
1990,25,2,0,0,2,0,435,3,0,0
1990,25,2,0,0,2,0,435,3,0,0
1990,29,1,0,0,2,0,436,3,45,0
1990,39,1,0,0,0,0,268,3,60,0
1990,37,2,0,0,0,1,326,1,40,0
1990,80,2,3,0,0,1,0,0,0,1
1990,38,2,1,0,0,0,276,3,40,0
1990,41,1,1,0,0,1,228,3,25,0
1990,39,1,1,0,0,1,379,1,40,0
1990,31,1,1,0,0,1,243,3,50,0
1990,47,1,0,0,0,1,235,4,40,0
1990,45,2,0,0,0,0,379,1,35,0
1990,25,1,0,1,1,1,55,2,43,0
1990,25,2,0,1,0,1,95,5,40,0
1990,67,1,0,0,0,0,453,0,25,0
1990,63,2,0,0,0,0,277,3,9,0
1990,20,1,1,0,0,0,567,0,40,0
1990,44,1,0,3,3,1,33,6,40,0
1990,37,2,0,0,0,0,435,3,36,0
1990,19,1,1,0,0,0,453,5,40,0
1990,19,1,1,3,3,0,453,3,40,0
1990,28,1,0,1,0,1,447,6,40,0
1990,32,2,0,0,0,1,318,2,40,0
1990,23,1,1,0,0,1,59,1,40,0
1990,34,1,0,0,2,1,185,0,40,0
1990,36,2,0,0,0,0,0,0,0,0
1990,28,2,2,0,0,0,0,0,0,0
1990,67,2,0,0,0,1,363,5,16,0
1990,66,1,0,0,0,1,22,1,0,0
1990,79,2,3,0,0,0,0,0,0,0
1990,51,2,3,0,0,0,337,5,40,0
1990,76,1,0,0,0,1,0,0,0,0
1990,75,2,0,0,0,0,0,0,0,0
1990,69,2,3,0,0,0,0,0,0,0
1990,60,1,0,3,3,1,453,5,40,0
1990,60,2,0,3,3,1,447,5,32,0
1990,19,1,1,3,0,1,21,5,9,0
1990,23,2,1,3,0,1,257,2,25,0
1990,27,1,1,0,0,1,486,0,10,0
1990,54,2,2,0,0,0,7,4,40,0
1990,42,1,0,0,0,1,796,1,29,0
1990,39,2,0,0,0,1,25,6,35,0
1990,20,1,1,0,0,1,217,1,40,0
1990,35,1,3,1,0,0,356,5,20,0
1990,23,1,1,0,0,1,14,5,10,0
1990,24,2,1,0,0,1,235,5,60,0
1990,26,2,1,0,0,1,385,5,6,0
1990,47,2,1,0,0,1,164,6,50,0
1990,28,1,1,0,1,1,166,4,40,0
1990,70,1,0,0,0,1,159,5,6,0
1990,69,2,0,0,0,1,0,0,0,0
1990,45,1,0,0,0,1,22,4,11,1
1990,41,2,0,0,0,1,207,5,30,0
1990,18,1,1,0,0,0,877,3,25,0
1990,25,1,1,0,0,1,243,3,70,1
1990,59,1,0,0,2,0,8,3,60,0
1990,49,2,0,0,2,0,243,3,60,0
1990,45,1,0,0,4,1,166,4,42,1
1990,47,2,0,0,0,1,163,4,30,0
1990,42,1,0,0,0,1,254,4,38,1
1990,37,2,0,0,0,1,185,4,20,0
1990,35,2,2,1,0,1,328,6,40,1
1990,45,1,0,0,0,1,178,5,50,1
1990,43,2,0,0,0,1,26,5,8,0
1990,19,2,1,0,0,1,0,0,0,0
1990,36,1,1,0,0,1,178,4,45,1
1990,38,1,1,0,0,1,21,5,55,1
1990,21,1,1,3,3,1,9,3,10,0
1990,18,1,1,3,3,0,315,4,20,0
1990,19,1,1,0,0,1,0,0,0,0
1990,44,1,1,0,0,1,178,5,45,1
1990,39,1,1,0,0,0,436,3,48,0
1990,20,2,1,0,0,1,436,3,16,0
1990,21,2,1,0,2,1,387,5,3,0
1990,20,2,1,0,0,1,379,1,40,0
1990,21,2,1,0,0,1,435,5,40,0
1990,23,2,1,0,2,1,0,0,0,0
1990,37,1,2,0,0,1,194,5,35,1
1990,37,2,2,0,0,1,174,5,40,0
1990,32,2,1,0,0,1,185,3,40,0
1990,26,2,1,0,0,1,197,1,45,0
1990,27,1,1,0,0,1,195,1,50,0
1990,28,1,1,0,0,1,166,6,25,0
1990,34,2,2,0,0,1,256,5,42,0
1990,44,1,0,0,0,1,195,1,55,1
1990,43,2,0,0,0,1,197,4,50,1
1990,46,1,0,0,0,1,22,5,55,1
1990,48,2,0,0,0,1,5,6,50,1
1990,55,1,1,0,1,0,376,4,38,0
1990,53,1,1,0,0,1,185,4,50,0
1990,43,2,2,0,0,1,105,5,40,0
1990,23,2,1,0,0,1,435,3,40,0
1990,22,2,1,0,0,1,235,5,30,0
1990,23,2,1,0,0,1,73,5,35,0
1990,24,1,1,0,0,1,234,6,30,0
1990,30,1,1,0,0,1,189,4,70,0
1990,26,2,1,2,0,1,435,3,20,0
1990,56,2,3,0,2,1,313,4,40,0
1990,51,1,0,0,0,1,178,5,50,1
1990,48,2,0,0,0,1,13,5,50,1
1990,18,1,1,0,0,0,277,4,20,0
1990,36,1,1,0,0,1,169,5,40,1
1990,64,1,0,0,0,1,189,1,0,0
1990,66,2,0,0,0,1,0,0,0,0
1990,34,1,1,0,3,1,166,5,45,0
1990,31,1,1,0,0,1,677,5,40,0
1990,32,1,1,0,0,1,187,5,40,0
1990,20,1,1,0,0,1,467,5,20,0
1990,21,2,1,0,0,1,264,3,20,0
1990,55,1,0,0,0,1,178,5,55,1
1990,56,2,0,0,0,1,156,5,48,0
1990,66,1,0,0,1,1,25,4,48,1
1990,63,2,0,0,1,0,313,5,0,0
1990,33,1,1,0,0,0,885,3,40,0
1990,64,2,1,0,1,0,0,0,0,0
1990,24,2,1,3,0,1,178,5,40,0
1990,25,2,1,0,0,1,234,5,40,0
1990,43,1,0,0,0,1,178,4,50,1
1990,39,2,0,0,0,1,178,6,30,1
1990,59,1,1,0,0,1,303,5,45,0
1990,30,1,1,0,0,1,178,5,60,1
1990,33,1,0,0,0,1,178,6,60,1
1990,34,2,0,0,0,1,178,4,50,1
1990,30,2,1,0,1,1,217,5,45,0
1990,44,2,2,0,0,1,5,6,40,0
1990,38,1,0,1,0,1,8,6,50,1
1990,36,2,0,1,0,1,5,6,45,1
1990,57,2,3,1,0,1,319,5,40,0
1990,37,2,2,1,0,0,313,5,40,0
1990,36,1,1,1,0,0,443,3,0,0
1990,24,1,1,0,0,1,804,6,60,0
1990,30,2,1,1,0,1,375,4,12,0
1990,32,1,0,1,4,0,443,4,40,0
1990,26,2,0,1,4,0,0,0,0,0
1990,40,1,0,1,1,1,689,2,40,0
1990,38,2,0,1,0,1,18,4,40,0
1990,19,1,1,1,0,0,687,3,16,0
1990,18,2,1,1,0,0,276,3,5,0
1990,26,2,1,1,0,0,313,0,40,0
1990,45,1,0,1,0,0,303,6,60,0
1990,43,2,0,1,0,0,264,3,50,0
1990,24,1,1,1,0,0,439,3,40,0
1990,23,1,1,1,0,0,453,5,40,0
1990,21,2,1,1,0,0,348,3,40,0
1990,66,1,1,1,0,1,25,2,40,0
1990,28,1,1,1,0,0,808,2,40,0
1990,53,1,1,1,0,1,235,5,40,0
1990,37,1,2,1,0,0,808,2,40,1
1990,19,2,1,1,0,0,335,6,30,0
1990,79,2,3,0,0,0,0,0,0,0
1990,66,1,0,1,1,1,25,4,10,0
1990,51,2,0,1,1,1,84,6,40,1
1990,52,2,3,1,0,0,97,5,40,1
1990,62,1,2,1,0,0,453,3,40,0
1990,34,1,1,1,0,1,386,5,0,0
1990,61,2,1,1,1,0,453,4,22,0
1990,23,1,1,1,1,0,0,0,0,0
1990,46,2,3,1,1,0,323,5,15,0
1990,38,1,0,1,0,0,766,0,40,0
1990,32,2,0,1,0,0,37,6,40,0
1990,71,1,3,1,0,0,0,0,0,0
1990,23,1,1,1,0,0,0,0,0,0
1990,37,1,0,1,1,1,567,0,40,0
1990,36,2,0,1,1,1,406,4,40,0
1990,29,1,3,1,1,1,22,4,55,0
1990,37,2,1,1,0,1,154,5,40,1
1990,80,1,0,1,0,0,0,0,0,0
1990,80,2,0,1,0,0,0,0,0,0
1990,69,1,3,1,0,1,318,2,40,0
1990,26,1,1,1,0,1,779,5,37,0
1990,35,1,1,0,0,1,5,6,45,1
1990,42,1,1,0,0,1,254,4,20,0
1990,55,1,2,1,0,0,804,1,40,0
1990,71,1,0,1,0,1,85,5,45,1
1990,60,2,0,1,0,1,445,5,7,0
1990,27,2,1,1,0,1,7,4,40,0
1990,27,1,1,1,0,1,0,0,0,0
1990,57,2,1,1,0,0,0,0,0,0
1990,39,2,1,1,0,1,67,6,56,0
1990,67,1,0,3,3,1,449,4,40,0
1990,67,2,0,3,3,0,0,0,0,0
1990,24,1,1,3,3,1,129,5,12,0
1990,40,1,0,3,3,1,266,3,60,0
1990,37,2,0,3,3,1,206,5,40,0
1990,23,1,1,3,3,1,376,6,40,0
1990,52,2,3,1,0,0,276,3,37,0
1990,54,2,3,1,0,0,0,0,0,0
1990,24,2,3,1,0,1,319,5,38,0
1990,18,2,1,1,0,0,0,0,0,0
1990,33,1,0,1,0,0,453,5,40,0
1990,29,2,0,1,0,0,276,6,40,0
1990,43,1,2,1,0,1,154,5,30,1
1990,19,1,1,1,0,0,357,3,20,0
1990,27,2,1,1,0,0,25,4,40,0
1990,54,2,0,3,1,0,447,5,50,0
1990,54,1,0,1,1,0,0,0,0,0
1990,32,1,1,0,1,0,567,0,40,0
1990,44,1,3,0,4,0,505,4,40,0
1990,38,1,3,0,4,0,243,3,40,0
1990,33,1,3,0,4,0,883,4,40,0
1990,23,1,1,0,4,0,444,3,40,0
1990,21,1,1,0,1,0,579,0,40,0
1990,24,2,1,1,0,0,889,2,40,0
1990,21,1,1,1,0,1,887,4,40,0
1990,74,2,0,1,0,0,0,0,0,0
1990,66,1,0,1,0,0,0,0,0,0
1990,20,1,1,1,0,1,357,2,8,0
1990,38,2,3,1,0,1,336,5,40,0
1990,46,1,0,2,1,0,453,5,40,0
1990,44,2,0,2,1,0,453,4,40,0
1990,22,1,1,2,1,1,276,3,0,0
1990,21,1,1,2,1,0,0,0,0,0
1990,22,1,1,2,1,0,0,0,0,0
1990,47,2,1,1,0,1,0,0,0,0
1990,21,2,1,1,0,1,0,0,0,0
1990,33,2,1,1,0,0,0,0,0,0
1990,46,1,1,1,0,0,0,0,0,0
1990,28,1,2,1,0,0,4,6,40,0
1990,64,2,3,3,0,0,0,0,0,0
1990,72,2,3,1,0,1,0,0,0,0
1990,69,1,1,0,0,0,0,0,0,0
1990,52,2,3,1,0,0,447,5,40,0
1990,26,1,1,1,0,1,159,5,40,0
1990,37,2,0,1,0,0,21,5,40,0
1990,40,1,0,1,0,0,328,6,50,0
1990,18,1,1,1,0,1,0,0,0,0
1990,67,1,0,1,0,0,0,0,0,0
1990,64,2,0,1,0,0,0,0,0,0
1990,29,2,1,1,0,0,313,5,21,0
1990,32,1,1,1,0,0,748,5,40,0
1990,39,1,1,1,0,0,0,0,0,0
1990,41,1,3,1,4,0,426,6,40,0
1990,69,1,2,1,0,0,0,0,0,0
1990,30,1,1,2,2,0,567,0,40,0
1990,37,1,0,1,0,0,808,2,37,0
1990,33,2,0,1,0,0,254,4,40,0
1990,30,2,3,1,0,1,447,5,24,0
1990,61,2,3,1,0,0,0,0,0,0
1990,50,1,0,1,0,0,567,0,50,0
1990,45,2,0,1,0,0,447,5,0,0
1990,68,1,0,1,0,0,808,2,0,0
1990,57,2,0,1,0,0,447,5,40,0
1990,37,1,1,1,0,0,804,5,40,0
1990,23,2,1,1,0,0,313,4,40,0
1990,44,1,2,1,0,1,0,0,0,0
1990,77,2,3,1,0,0,407,4,0,0
1990,53,2,2,1,0,0,337,5,40,0
1990,27,1,1,1,0,0,453,5,40,0
1990,63,1,1,0,0,1,176,5,24,0
1990,68,2,3,1,0,1,0,0,0,0
1990,53,2,3,1,0,0,444,5,40,0
1990,30,2,1,1,0,1,95,5,40,0
1990,29,2,1,1,0,0,0,0,0,0
1990,69,2,1,1,0,0,0,0,0,0
1990,34,1,3,1,0,1,15,5,40,0
1990,23,1,1,0,0,1,436,3,26,1
1990,39,2,2,1,0,0,9,6,40,0
1990,20,2,1,1,0,0,379,4,0,0
1990,46,2,2,1,0,1,156,5,40,1
1990,24,1,1,1,0,1,59,5,75,0
1990,73,2,3,1,0,1,0,0,0,0
1990,47,1,0,1,0,1,329,5,40,0
1990,44,2,0,1,0,1,7,2,37,0
1990,42,2,1,1,0,0,313,5,40,0
1990,59,1,0,1,0,0,734,1,35,0
1990,59,2,0,1,0,0,0,0,0,0
1990,38,1,2,1,0,0,276,3,0,0
1990,35,1,3,1,0,0,0,0,0,0
1990,35,2,1,0,0,1,156,5,45,0
1990,73,1,0,1,0,0,0,0,0,0
1990,69,2,1,1,0,0,0,0,0,0
1990,55,2,3,1,0,1,174,5,0,0
1990,72,1,3,1,0,0,0,0,0,0
1990,32,2,1,0,0,1,178,6,60,0
1990,37,1,1,0,0,1,307,1,60,0
1990,36,1,1,0,0,1,178,6,45,0
1990,43,2,2,0,0,1,23,6,0,0
1990,30,2,1,0,0,1,234,6,42,0
1990,31,1,1,0,0,0,35,4,40,0
1990,77,2,3,1,0,1,628,1,40,0
1990,27,2,3,1,0,1,335,4,20,0
1990,35,1,3,1,0,0,356,4,20,0
1990,37,1,1,0,0,1,386,6,40,0
1990,69,2,2,1,0,0,443,3,40,0
1990,46,1,0,1,0,0,379,0,40,0
1990,43,2,0,1,0,0,276,3,40,0
1990,20,2,1,1,0,0,0,0,0,0
1990,21,1,1,1,0,0,804,0,0,0
1990,35,1,0,1,0,1,585,3,40,0
1990,31,2,0,1,0,0,449,4,40,0
1990,28,1,1,1,0,0,869,0,32,0
1990,40,2,1,1,0,0,313,6,27,0
1990,21,1,1,1,0,0,869,0,0,0
1990,49,1,0,1,0,0,596,1,48,0
1990,45,2,0,1,0,0,0,0,0,0
1990,21,2,1,1,0,1,379,6,21,0
1990,80,1,0,1,0,0,0,0,0,0
1990,77,2,0,1,0,0,0,0,0,0
1990,51,1,2,1,0,0,694,2,40,0
1990,24,2,1,1,0,0,315,4,0,0
1990,80,1,3,1,0,0,0,0,0,0
1990,75,2,3,1,0,0,0,0,0,0
1990,66,1,0,1,0,0,0,0,0,0
1990,62,2,0,1,0,0,95,4,40,0
1990,33,2,3,1,0,1,459,5,0,0
1990,21,1,1,1,0,0,453,3,40,0
1990,20,2,1,1,0,1,95,4,12,0
1990,74,2,1,1,0,0,174,5,20,0
1990,63,2,2,1,0,0,0,0,0,0
1990,62,1,0,1,0,0,747,4,40,0
1990,60,2,0,1,0,0,0,0,0,0
1990,71,2,3,1,0,0,449,5,0,0
1990,74,2,3,1,0,0,0,0,0,0
1990,33,1,2,1,0,0,0,0,0,0
1990,65,2,3,1,0,0,0,0,0,0
1990,32,1,1,1,0,1,889,3,40,0
1990,68,2,3,1,0,0,747,4,16,0
1990,49,1,2,1,0,0,0,0,0,0
1990,41,1,2,1,0,0,585,0,40,0
1990,24,2,1,1,0,0,253,4,30,0
1990,39,2,1,1,0,1,447,5,40,0
1990,45,1,3,1,0,0,426,6,40,0
1990,64,2,3,1,0,1,447,5,16,0
1990,24,2,1,1,0,1,22,6,0,0
1990,31,1,0,1,0,0,904,6,45,0
1990,31,2,0,0,0,1,379,5,45,0
1990,76,1,0,0,0,0,458,4,0,0
1990,71,2,0,0,0,0,0,0,0,0
1990,69,2,3,1,0,0,0,0,0,0
1990,40,1,2,1,0,0,447,5,0,0
1990,60,2,3,1,0,0,315,6,20,0
1990,43,2,1,1,0,0,0,0,0,0
1990,26,1,1,1,0,0,444,3,38,0
1990,25,2,1,1,0,0,315,6,20,0
1990,52,2,3,1,0,0,447,5,40,0
1990,28,2,1,1,0,0,23,5,40,0
1990,27,2,3,1,0,0,315,5,40,0
1990,51,2,1,1,0,0,8,6,40,0
1990,53,1,1,1,0,0,869,0,0,0
1990,25,1,1,1,0,0,347,6,40,0
1990,63,2,3,1,0,0,0,0,0,0
1990,31,1,1,1,0,1,17,4,40,0
1990,57,1,0,1,0,0,418,6,40,0
1990,54,2,0,1,0,0,208,5,40,0
1990,27,2,1,1,0,0,315,6,40,0
1990,67,2,3,1,0,0,314,6,40,0
1990,34,2,3,1,0,0,447,5,40,0
1990,23,2,1,1,0,0,313,5,40,0
1990,28,1,1,1,0,0,804,2,40,0
1990,64,1,3,1,0,0,505,3,0,0
1990,63,1,2,1,0,0,0,0,0,0
1990,44,1,3,1,0,1,426,4,40,0
1990,33,2,3,1,0,0,303,2,40,0
1990,27,1,1,1,0,0,453,4,0,0
1990,21,2,1,1,0,1,313,5,72,0
1990,68,1,0,1,0,1,163,5,48,0
1990,56,2,0,1,0,1,95,4,24,0
1990,79,1,1,0,0,1,366,2,80,0
1990,53,2,3,1,0,0,348,4,40,0
1990,31,1,1,1,0,1,208,5,40,0
1990,32,2,1,1,0,0,779,3,45,0
1990,55,2,0,1,0,0,277,3,0,0
1990,71,1,0,1,0,0,0,0,0,0
1990,26,2,1,1,0,0,363,5,32,0
1990,45,1,3,1,0,0,453,4,30,0
1990,54,1,2,1,0,0,566,0,40,0
1990,39,1,0,1,0,1,809,4,40,0
1990,38,2,0,1,0,1,0,0,0,0
1990,29,2,3,1,0,0,447,5,40,0
1990,47,1,2,1,0,0,224,1,40,0
1990,33,2,1,1,0,1,313,6,40,0
1990,26,1,1,1,0,0,22,3,40,0
1990,44,2,1,1,0,0,447,4,40,0
1990,59,1,3,1,0,0,869,0,40,0
1990,32,2,1,1,0,1,315,6,40,0
1990,50,1,0,1,0,0,234,4,40,0
1990,55,2,0,1,0,0,326,6,40,0
1990,22,1,1,1,0,1,27,5,20,0
1990,29,2,1,0,0,1,426,4,40,0
1990,21,1,1,1,0,0,453,4,0,0
1990,65,2,3,1,0,0,436,3,0,0
1990,25,1,1,1,0,0,415,1,40,0
1990,40,1,1,1,0,0,579,0,0,0
1990,19,2,1,1,0,0,0,0,0,0
1990,54,1,0,1,0,0,877,3,40,0
1990,51,2,0,1,0,0,466,5,12,0
1990,27,1,1,1,0,1,385,4,40,0
1990,25,1,1,1,0,1,337,3,40,0
1990,18,2,1,1,0,0,383,4,40,0
1990,64,2,0,1,0,0,0,0,0,0
1990,65,1,0,1,0,0,0,0,0,0
1990,41,2,1,1,0,1,5,6,40,0
1990,29,2,1,1,0,0,208,6,40,0
1990,22,2,1,1,0,1,0,0,0,0
1990,20,1,1,1,0,0,357,4,40,0
1990,32,1,1,2,1,1,438,4,45,0
1990,69,2,2,1,0,0,18,4,40,0
1990,26,1,2,0,0,1,337,5,40,0
1990,36,2,1,0,0,0,37,5,40,0
1990,43,1,0,0,0,1,178,5,55,1
1990,38,2,0,0,0,1,178,2,50,1
1990,47,2,1,0,0,1,183,5,50,0
1990,42,1,1,0,0,1,165,5,40,0
1990,39,1,1,0,0,1,389,6,35,0
1990,27,2,0,0,0,1,21,5,40,0
1990,28,1,0,0,3,1,23,5,40,0
1990,79,2,1,1,0,0,0,0,0,0
1990,45,1,2,1,0,0,453,5,40,0
1990,20,2,1,1,0,0,327,2,20,0
1990,37,2,1,0,0,1,178,4,40,1
1990,47,1,1,0,0,1,195,1,40,0
1990,57,1,3,1,0,0,579,0,0,0
1990,32,2,1,1,0,0,313,6,40,0
1990,25,2,1,1,0,1,379,6,40,0
1990,70,2,3,1,0,0,0,0,0,0
1990,40,1,3,1,0,0,889,3,40,0
1990,32,2,1,1,0,1,23,4,60,0
1990,20,2,1,2,1,0,276,3,40,0
1990,75,2,1,0,0,1,0,0,0,0
1990,33,1,2,0,0,1,178,5,35,1
1990,27,2,1,0,0,1,8,6,40,0
1990,41,1,0,0,1,0,22,4,40,0
1990,34,2,0,0,1,0,155,5,20,0
1990,29,1,1,0,0,1,21,5,40,1
1990,48,1,0,1,0,1,13,1,40,1
1990,44,2,0,1,0,1,22,1,60,1
1990,25,2,0,0,0,1,22,1,55,0
1990,27,1,0,0,0,1,178,5,60,1
1990,29,1,0,0,0,1,178,5,50,1
1990,29,2,0,0,0,1,303,5,40,0
1990,28,1,1,0,0,1,22,3,45,0
1990,24,2,1,0,0,1,178,5,20,0
1990,76,2,1,0,0,1,0,0,0,1
1990,22,2,1,0,0,1,365,3,40,0
1990,20,1,1,0,0,1,329,5,20,0
1990,19,2,1,0,0,1,468,4,30,0
1990,41,2,1,0,1,1,379,5,10,0
1990,27,1,0,3,3,1,435,4,16,0
1990,24,2,0,3,3,1,438,3,26,0
1990,29,2,1,1,0,1,14,5,50,0
1990,33,2,0,0,0,1,218,5,40,1
1990,47,1,0,0,0,1,197,5,40,1
1990,33,1,0,3,3,1,0,0,0,0
1990,28,2,0,3,3,1,0,0,0,0
1990,51,1,3,3,3,1,433,3,50,0
1990,43,2,2,1,0,0,379,6,40,0
1990,53,1,2,1,0,0,14,5,40,0
1990,69,2,3,1,0,0,0,0,0,0
1990,35,1,1,1,0,0,909,6,0,0
1990,75,1,0,1,0,0,0,0,0,0
1990,68,2,0,1,0,0,0,0,0,0
1990,59,2,3,1,0,0,436,6,40,0
1990,53,1,2,0,2,1,486,0,23,1
1990,53,2,2,1,0,0,21,5,40,0
1990,44,1,3,0,0,1,43,6,40,0
1990,24,1,1,0,3,1,379,6,40,0
1990,21,2,1,0,0,1,308,6,20,0
1990,28,2,1,0,0,1,0,0,0,0
1990,31,1,1,0,0,1,27,6,7,0
1990,30,1,0,0,0,0,475,0,24,0
1990,29,2,0,0,0,0,647,3,0,0
1990,56,1,0,0,0,0,804,3,40,0
1990,56,2,0,0,0,0,717,1,0,0
1990,64,1,0,0,0,0,389,2,0,0
1990,63,2,0,0,2,0,0,0,0,0
1990,71,1,0,0,0,0,0,0,0,0
1990,55,2,0,0,0,0,315,1,35,0
1990,26,1,1,0,0,1,453,5,40,0
1990,66,1,0,0,0,1,0,0,0,0
1990,64,2,0,0,0,1,0,0,0,0
1990,60,1,3,0,0,0,849,0,40,0
1990,30,1,0,0,0,0,789,4,40,0
1990,23,2,0,0,0,0,689,3,40,0
1990,71,2,3,0,0,0,0,0,0,0
1990,41,2,1,0,0,1,159,6,40,0
1990,32,1,2,0,0,0,785,2,40,0
1990,30,2,2,0,0,0,313,5,40,0
1990,24,1,1,1,0,1,426,6,90,0
1990,47,1,0,0,0,0,515,6,40,0
1990,47,2,0,0,0,1,774,4,40,0
1990,38,2,0,0,0,1,157,5,45,0
1990,38,1,0,0,0,1,213,2,45,0
1990,45,1,0,1,0,1,163,5,40,0
1990,45,2,0,1,0,0,466,5,48,0
1990,22,2,1,1,0,0,447,5,40,0
1990,29,1,0,0,0,1,22,4,40,0
1990,28,2,0,0,0,1,313,4,40,0
1990,40,1,0,0,0,1,176,5,45,0
1990,39,2,0,0,0,1,313,4,0,0
1990,45,1,0,0,0,0,518,1,40,0
1990,44,2,0,0,0,0,315,5,50,0
1990,24,1,1,0,0,0,575,0,40,0
1990,50,2,3,0,0,0,266,3,32,0
1990,33,2,3,0,2,1,889,0,25,0
1990,35,1,1,0,2,0,523,2,37,1
1990,71,2,3,0,0,0,909,6,0,0
1990,71,1,0,0,0,0,0,0,0,0
1990,68,2,0,0,0,0,0,0,0,0
1990,37,1,2,0,0,0,514,4,60,0
1990,33,2,2,0,0,0,313,4,40,0
1990,28,1,0,0,0,1,77,6,45,0
1990,28,2,0,0,0,1,114,5,16,0
1990,46,1,0,1,0,0,637,1,50,0
1990,45,2,0,1,0,0,449,5,40,0
1990,19,2,1,1,0,0,274,3,15,0
1990,68,1,0,0,0,1,0,0,0,0
1990,68,2,0,0,0,0,0,0,0,0
1990,36,1,0,0,0,1,64,1,43,0
1990,37,2,0,0,0,0,155,5,14,0
1990,54,2,1,1,0,0,754,1,0,0
1990,33,1,1,1,0,0,719,1,0,0
1990,23,1,1,1,0,0,887,5,40,0
1990,27,1,1,1,0,0,804,1,38,0
1990,64,1,3,1,0,0,0,0,0,0
1990,38,1,2,1,0,1,418,6,40,0
1990,78,1,3,0,0,0,0,0,0,0
1990,27,1,0,0,0,0,516,0,40,0
1990,22,2,0,0,0,0,458,3,50,0
1990,27,2,3,0,0,1,466,5,60,0
1990,19,1,1,0,0,0,658,3,40,0
1990,39,1,0,0,0,0,883,1,40,0
1990,38,2,0,3,3,1,274,6,34,0
1990,59,2,3,3,3,0,754,1,40,0
1990,30,1,2,0,0,1,29,3,51,0
1990,25,2,3,0,0,0,439,3,0,0
1990,52,1,0,0,0,0,869,0,44,0
1990,47,2,0,0,0,1,95,5,25,0
1990,35,1,0,0,0,1,176,5,48,0
1990,34,2,0,0,0,1,453,4,10,0
1990,43,2,0,0,0,0,779,1,52,0
1990,39,1,0,0,0,0,856,1,40,0
1990,22,2,3,0,0,0,435,3,32,0
1990,62,2,3,0,0,0,0,0,0,0
1990,42,1,3,0,0,0,486,0,0,0
1990,18,2,1,0,0,0,276,3,0,0
1990,33,1,0,0,0,0,744,1,40,0
1990,31,2,0,0,0,0,0,0,0,0
1990,62,2,0,0,0,0,0,0,0,0
1990,63,1,0,0,0,1,0,0,0,0
1990,31,1,1,0,0,0,486,0,40,0
1990,29,2,1,0,0,0,458,4,25,0
1990,63,1,0,0,0,0,453,6,40,0
1990,56,2,0,0,0,0,275,4,40,0
1990,32,1,0,0,0,1,7,4,40,0
1990,33,2,0,0,0,1,376,4,40,0
1990,45,2,2,0,0,1,434,3,35,0
1990,21,2,1,0,0,0,243,3,40,0
1990,64,1,0,0,0,1,27,6,0,0
1990,52,2,0,0,0,0,449,6,0,0
1990,22,1,1,0,0,1,869,0,40,0
1990,19,1,1,0,0,0,804,3,40,0
1990,48,1,2,0,0,1,22,1,60,1
1990,45,2,2,0,0,1,256,2,40,0
1990,39,1,0,0,0,1,17,3,55,0
1990,37,2,0,0,0,1,17,3,50,0
1990,39,1,1,0,0,1,418,6,42,0
1990,30,1,0,0,0,1,22,0,65,0
1990,31,2,0,0,0,1,29,3,40,0
1990,51,1,1,0,0,0,473,0,60,0
1990,78,1,0,0,0,1,0,0,0,0
1990,67,2,0,0,0,0,0,0,0,0
1990,76,1,3,1,0,0,479,0,25,0
1990,26,1,1,1,0,0,785,1,40,0
1990,34,1,0,0,0,0,547,4,70,0
1990,30,2,0,0,0,0,376,4,70,0
1990,76,2,0,0,0,0,0,0,0,0
1990,53,1,1,0,0,0,0,0,0,0
1990,43,1,1,1,0,0,567,0,40,0
1990,24,1,3,2,0,0,389,1,40,0
1990,18,2,1,2,0,0,0,0,0,0
1990,42,2,1,0,0,1,104,5,40,0
1990,72,1,0,0,0,1,0,0,0,0
1990,69,2,0,0,0,1,0,0,0,0
1990,36,2,2,0,0,0,234,3,40,0
1990,48,1,2,1,0,1,156,5,40,0
1990,58,1,0,0,0,1,84,5,37,1
1990,54,2,0,0,0,1,0,0,0,0
1990,18,1,1,0,0,1,224,1,40,0
1990,74,2,0,0,0,0,0,0,0,0
1990,77,1,0,0,0,0,0,0,0,0
1990,56,2,3,1,0,0,447,5,37,0
1990,32,1,2,0,0,0,804,1,65,0
1990,23,2,1,0,0,0,453,1,25,0
1990,79,2,3,0,0,0,0,0,0,0
1990,70,1,3,1,0,0,0,0,0,0
1990,70,1,0,0,0,0,259,3,50,1
1990,56,2,0,0,0,0,387,5,40,0
1990,68,1,0,0,0,0,0,0,0,0
1990,55,2,0,0,0,1,95,5,40,0
1990,69,2,3,1,0,0,407,4,0,0
1990,74,1,0,0,0,0,365,3,28,0
1990,74,2,0,0,0,0,0,0,0,0
1990,23,2,3,0,0,1,466,5,40,0
1990,70,2,3,0,0,0,0,0,0,0
1990,61,1,0,0,0,0,0,0,0,0
1990,62,2,0,0,0,0,687,3,48,0
1990,68,1,0,0,0,0,0,0,0,0
1990,62,2,0,0,0,0,0,0,0,0
1990,23,1,3,0,0,0,759,1,34,0
1990,29,2,1,0,0,1,156,5,40,0
1990,44,1,0,1,0,0,593,0,45,0
1990,41,2,0,1,0,0,0,0,0,0
1990,18,2,1,1,0,0,0,0,0,0
1990,24,1,1,1,0,1,505,3,40,0
1990,40,1,0,0,0,0,243,3,60,0
1990,37,2,0,0,0,0,777,1,40,0
1990,18,1,1,0,0,0,877,3,0,0
1990,30,1,0,0,0,1,243,3,58,0
1990,30,2,0,0,0,1,268,3,5,0
1990,27,2,0,0,0,0,379,6,40,0
1990,29,1,0,0,0,0,804,3,48,0
1990,31,2,2,1,0,0,747,4,0,0
1990,75,1,0,0,0,0,0,0,0,0
1990,66,2,0,0,0,0,0,0,0,0
1990,28,1,0,0,0,0,887,4,45,0
1990,27,2,0,0,0,1,96,3,42,0
1990,34,1,1,0,0,0,887,4,35,0
1990,75,2,0,0,0,1,0,0,0,0
1990,52,1,0,0,0,1,22,0,45,0
1990,47,2,0,0,0,1,274,3,40,0
1990,21,1,1,0,0,0,218,5,40,0
1990,19,2,1,0,0,1,275,5,30,0
1990,26,2,0,0,0,0,243,3,45,0
1990,26,1,0,0,0,0,883,1,46,0
1990,53,1,0,0,0,1,22,1,40,1
1990,51,2,0,0,2,1,0,0,0,0
1990,20,2,1,0,0,1,313,4,32,0
1990,25,2,1,0,0,1,7,4,40,0
1990,32,1,0,0,0,1,23,1,40,0
1990,32,2,0,0,0,1,23,5,20,0
1990,40,2,3,1,0,0,385,1,40,0
1990,22,1,1,1,0,0,563,0,40,0
1990,26,2,1,0,0,0,435,5,0,0
1990,56,2,2,0,0,0,447,5,0,0
1990,32,1,1,0,0,0,595,0,40,0
1990,41,1,0,0,0,0,844,0,40,0
1990,38,2,0,0,0,0,337,1,20,0
1990,28,1,0,0,0,1,567,0,40,0
1990,21,2,0,0,0,0,308,4,40,0
1990,55,1,0,0,0,0,216,5,40,0
1990,49,2,0,0,0,1,274,3,22,0
1990,18,1,1,0,0,0,877,3,12,0
1990,32,1,0,0,0,1,785,1,40,0
1990,30,2,0,0,0,1,305,4,39,0
1990,63,2,1,0,0,0,313,1,0,0
1990,30,1,0,0,0,0,359,4,50,0
1990,28,2,0,0,0,0,458,4,40,0
1990,33,2,3,2,0,1,725,1,40,0
1990,33,2,3,0,0,1,686,3,30,0
1990,35,2,1,0,0,1,53,0,37,0
1990,42,1,0,0,0,1,26,5,45,0
1990,40,2,0,0,0,1,13,1,48,1
1990,36,1,0,0,0,1,13,1,40,1
1990,35,2,0,0,0,1,64,1,40,0
1990,73,2,0,0,0,1,0,0,0,0
1990,41,1,0,0,0,0,508,6,40,0
1990,37,2,0,0,0,0,0,0,0,0
1990,51,2,2,0,0,1,27,1,45,0
1990,65,1,0,0,0,1,255,4,40,1
1990,65,2,0,0,0,1,0,0,0,0
1990,66,2,3,0,0,0,0,0,0,0
1990,49,2,2,0,0,1,95,5,40,0
1990,75,2,0,0,0,0,0,0,0,0
1990,61,1,0,0,0,1,56,2,0,0
1990,63,2,0,0,0,0,425,6,25,0
1990,28,1,1,0,0,1,213,1,40,0
1990,67,1,3,0,0,0,529,2,0,0
1990,34,1,0,0,0,1,167,5,40,0
1990,34,2,0,0,0,1,167,5,25,0
1990,55,1,0,0,0,0,628,1,40,1
1990,52,2,0,0,0,0,353,2,40,0
1990,30,1,1,0,0,0,535,4,40,0
1990,75,1,0,0,0,0,0,0,0,0
1990,70,2,0,0,0,0,313,5,0,0
1990,39,2,1,0,0,1,243,3,45,0
1990,49,1,1,0,0,1,453,1,40,0
1990,48,1,1,0,0,1,549,4,58,0
1990,52,1,0,0,0,1,7,4,40,1
1990,47,2,0,0,0,1,337,5,12,0
1990,44,2,2,0,0,1,313,1,50,0
1990,18,1,1,0,0,0,276,3,20,0
1990,42,1,0,0,0,1,178,5,50,1
1990,40,2,0,0,0,1,337,5,15,0
1990,76,1,0,0,0,1,313,3,40,0
1990,70,2,0,0,0,1,156,5,0,0
1990,32,2,3,0,0,0,809,3,0,0
1990,64,2,2,0,0,1,389,5,40,0
1990,48,1,1,0,0,0,0,0,0,0
1990,45,2,1,0,0,1,374,3,7,0
1990,40,2,1,1,0,1,447,5,40,0
1990,19,2,1,1,0,0,469,4,12,0
1990,39,1,0,1,0,0,785,1,88,0
1990,38,2,0,1,0,0,888,1,40,0
1990,38,2,3,1,0,0,354,2,40,0
1990,75,2,1,0,0,1,0,0,0,0
1990,43,1,1,0,0,0,567,0,0,0
1990,65,2,3,0,0,0,263,3,15,0
1990,70,1,0,0,0,0,0,0,0,0
1990,66,2,0,0,2,0,0,0,0,0
1990,37,2,1,0,0,0,337,5,40,0
1990,26,2,1,0,0,1,27,4,35,0
1990,23,2,1,0,0,1,17,3,35,0
1990,21,2,3,0,0,1,255,4,35,0
1990,41,2,3,1,0,1,379,5,40,0
1990,35,1,1,0,0,0,558,0,0,0
1990,23,1,1,1,0,1,804,3,40,0
1990,22,1,1,1,0,0,25,4,40,0
1990,38,1,0,1,0,1,22,4,40,0
1990,37,2,0,1,0,1,319,3,40,0
1990,79,2,3,0,0,0,0,0,0,0
1990,37,1,0,0,0,1,354,2,40,0
1990,37,2,0,0,2,0,354,2,20,0
1990,58,1,0,0,0,0,756,0,40,0
1990,51,2,0,0,0,0,336,4,40,0
1990,56,1,0,0,0,1,18,6,37,0
1990,44,2,0,0,0,0,0,0,0,0
1990,29,1,0,0,0,1,804,3,40,0
1990,29,2,0,0,0,1,379,4,40,0
1990,60,1,0,0,0,0,759,1,0,0
1990,62,2,0,0,0,0,0,0,0,0
1990,66,2,3,0,0,1,156,5,30,0
1990,24,2,1,0,0,1,389,4,36,0
1990,27,1,1,0,0,1,264,3,30,0
1990,68,2,3,0,0,0,0,0,0,0
1990,79,2,3,0,0,0,0,0,0,0
1990,32,1,0,1,0,0,436,3,64,0
1990,32,2,0,1,0,1,447,5,40,0
1990,76,2,3,0,0,1,0,0,0,0
1990,47,2,1,0,0,0,174,6,37,0
1990,25,1,1,0,0,0,808,2,30,0
1990,70,2,3,0,0,0,443,3,10,0
1990,30,1,1,0,0,1,243,3,49,0
1990,55,1,0,0,0,0,216,5,40,0
1990,55,2,0,0,0,0,23,4,40,0
1990,69,2,2,0,0,0,0,0,0,0
1990,55,1,0,0,0,0,36,6,35,0
1990,46,2,0,0,1,0,313,6,37,0
1990,20,2,1,0,0,0,407,4,50,0
1990,20,2,1,0,0,0,435,3,35,0
1990,19,2,1,0,0,0,275,3,40,0
1990,40,2,1,0,0,1,8,5,37,1
1990,37,2,1,0,0,1,195,1,40,0
1990,59,2,1,0,0,1,337,3,35,0
1990,37,2,2,0,0,1,558,0,50,0
1990,66,1,0,0,0,1,159,5,0,0
1990,66,2,0,0,0,0,0,0,0,0
1990,61,2,2,0,0,1,313,5,40,0
1990,51,1,0,0,0,1,216,5,40,0
1990,48,2,0,0,0,1,313,5,40,0
1990,25,1,0,0,0,1,734,0,40,0
1990,25,2,0,0,0,1,95,5,40,0
1990,62,1,0,0,0,0,0,0,0,0
1990,60,2,0,0,0,0,0,0,0,0
1990,63,2,3,0,0,0,0,0,0,0
1990,65,1,0,0,2,0,563,0,40,0
1990,60,2,0,0,2,0,436,3,0,0
1990,29,1,0,0,0,0,17,3,60,0
1990,25,2,0,0,0,0,808,2,20,0
1990,64,2,3,0,0,1,379,2,12,0
1990,30,2,1,0,0,1,194,5,35,0
1990,42,1,0,0,0,0,22,2,50,0
1990,42,2,0,0,0,0,376,1,37,0
1990,33,1,0,0,0,1,84,5,50,1
1990,34,2,0,0,0,1,23,5,0,0
1990,19,2,1,0,0,1,264,3,0,0
1990,76,1,0,0,0,1,0,0,0,0
1990,70,2,0,0,0,0,313,0,16,0
1990,80,2,3,0,0,0,0,0,0,0
1990,59,1,2,0,0,0,579,4,40,0
1990,19,2,1,0,0,0,15,5,24,0
1990,38,1,0,0,3,0,195,1,48,0
1990,31,2,0,0,3,1,157,5,30,0
1990,29,1,0,0,0,0,567,0,45,0
1990,31,2,0,0,0,1,447,5,0,0
1990,19,2,1,0,0,0,444,5,30,0
1990,20,2,1,0,2,1,356,5,40,0
1990,43,1,0,0,0,1,22,1,50,1
1990,41,2,0,0,0,0,156,5,6,0
1990,64,1,0,0,0,0,804,2,0,0
1990,60,2,0,0,0,0,458,4,0,0
1990,35,1,2,0,0,1,365,6,40,0
1990,37,1,0,0,0,1,496,0,40,0
1990,33,2,0,0,0,0,379,4,0,0
1990,35,2,3,0,0,1,203,5,40,0
1990,25,2,1,0,0,1,463,2,48,0
1990,36,2,3,0,0,0,313,1,40,0
1990,43,2,0,0,0,0,37,1,40,0
1990,48,1,0,0,0,1,256,4,40,0
1990,50,1,0,0,0,0,804,0,50,0
1990,45,2,0,0,0,0,444,5,40,0
1990,22,1,1,0,0,1,567,0,40,0
1990,26,1,1,0,0,1,213,1,40,0
1990,49,2,2,0,0,0,276,3,24,0
1990,27,2,1,0,0,1,208,5,40,0
1990,34,1,0,0,0,1,22,1,50,1
1990,32,2,0,0,0,0,23,4,0,0
1990,42,1,0,0,0,0,22,0,40,0
1990,47,2,0,0,0,0,469,3,15,0
1990,47,1,0,0,0,0,558,1,40,0
1990,44,2,0,0,0,0,0,0,0,0
1990,18,2,1,0,0,1,467,5,25,0
1990,53,1,0,0,0,0,22,4,50,1
1990,48,2,0,0,0,1,18,4,55,1
1990,27,1,2,0,0,1,426,5,40,0
1990,49,2,0,0,0,0,337,5,0,0
1990,51,1,0,0,0,0,804,3,40,0
1990,59,1,0,0,0,0,575,0,40,0
1990,57,2,0,0,0,0,877,3,20,0
1990,43,1,0,0,0,1,259,3,40,0
1990,42,2,0,0,2,0,373,3,40,0
1990,19,2,1,0,0,0,458,4,40,0
1990,18,2,1,0,0,0,458,4,30,0
1990,37,1,0,0,0,1,22,3,76,0
1990,37,2,0,0,0,1,376,1,30,0
1990,70,1,0,0,0,0,796,4,40,0
1990,67,2,0,0,0,1,0,0,0,0
1990,30,1,0,0,0,1,507,2,40,0
1990,30,2,0,0,0,1,95,5,20,0
1990,54,2,3,0,0,0,889,4,20,0
1990,25,1,1,0,0,1,23,6,40,0
1990,34,2,1,2,0,0,488,0,40,0
1990,49,2,1,1,0,1,418,6,37,0
1990,24,1,0,0,0,0,869,0,40,0
1990,23,2,0,0,0,0,319,4,35,0
1990,44,1,0,0,0,1,575,2,40,0
1990,45,2,0,0,0,0,433,3,24,0
1990,79,1,0,0,0,0,783,1,56,0
1990,78,2,0,0,0,1,95,5,34,0
1990,29,2,2,0,0,1,255,4,52,0
1990,25,1,1,0,0,0,22,5,52,0
1990,50,1,0,0,0,0,597,0,35,0
1990,41,2,0,0,0,0,23,6,40,0
1990,25,2,1,0,0,0,458,4,40,0
1990,20,2,1,0,0,1,276,2,40,0
1990,20,1,1,0,0,1,37,4,20,0
1990,69,1,3,0,0,0,0,0,0,0
1990,66,2,3,0,0,0,0,0,0,0
1990,49,1,0,0,0,0,869,2,40,0
1990,48,2,0,0,0,0,0,0,0,0
1990,70,2,2,0,0,1,0,0,0,0
1990,36,2,0,0,0,1,157,5,50,0
1990,50,1,0,0,0,1,154,5,60,0
1990,24,1,0,0,0,1,226,6,40,0
1990,24,2,0,0,0,1,64,6,0,0
1990,64,1,0,0,0,0,526,3,40,0
1990,63,2,0,0,0,0,0,0,0,0
1990,64,2,2,0,0,1,277,3,20,0
1990,44,2,2,0,0,0,0,0,0,0
1990,37,1,0,0,0,1,258,3,60,1
1990,37,2,0,0,0,1,8,1,0,0
1990,19,2,1,0,0,1,276,3,30,0
1990,47,1,0,0,0,1,22,4,45,1
1990,35,2,0,0,0,1,379,3,20,0
1990,35,1,2,0,0,1,505,3,42,0
1990,18,2,1,0,0,0,275,5,40,0
1990,46,1,0,0,0,0,455,4,50,0
1990,39,2,0,0,0,1,254,4,40,0
1990,58,2,0,0,0,1,254,0,40,0
1990,64,1,0,0,0,1,22,1,0,0
1990,19,1,1,1,0,0,169,6,40,0
1990,20,1,1,0,0,0,833,6,40,0
1990,23,1,1,0,3,1,904,6,45,0
1990,25,1,1,0,0,0,436,3,48,0
1990,39,2,2,0,0,1,137,5,45,0
1990,32,1,3,0,0,1,263,4,0,0
1990,80,2,3,0,0,0,0,0,0,0
1990,32,1,2,0,0,0,259,3,49,0
1990,29,2,1,0,0,0,313,5,40,0
1990,38,1,0,0,0,1,37,6,40,0
1990,36,2,0,0,0,1,159,5,40,0
1990,46,1,2,0,0,1,653,6,40,0
1990,21,1,1,0,0,1,804,3,27,0
1990,45,1,0,0,0,0,433,6,45,0
1990,39,2,0,0,0,0,274,3,40,0
1990,75,1,0,0,0,0,0,0,0,0
1990,61,2,0,0,0,0,274,3,40,0
1990,68,1,1,0,0,0,0,0,0,0
1990,67,2,3,0,0,0,0,0,0,0
1990,26,1,1,0,0,1,904,6,20,0
1990,35,1,2,0,0,1,257,0,50,0
1990,31,1,2,0,0,0,218,0,60,0
1990,23,2,1,0,0,0,276,5,0,0
1990,43,1,0,0,0,1,57,1,45,1
1990,38,2,0,0,0,1,254,4,8,0
1990,38,2,2,0,0,1,95,5,40,0
1990,40,1,0,0,1,1,48,1,40,0
1990,39,2,0,0,0,1,313,0,40,0
1990,43,1,0,0,0,0,259,3,40,0
1990,43,2,0,0,0,1,0,0,0,0
1990,19,1,1,0,0,1,877,3,28,0
1990,25,1,0,0,0,1,227,6,40,0
1990,23,2,0,0,0,0,487,0,35,0
1990,77,2,3,0,0,0,0,0,0,0
1990,47,2,2,0,0,0,264,3,40,0
1990,40,1,0,0,0,1,903,6,50,0
1990,36,2,0,0,0,1,0,0,0,0
1990,60,2,2,0,0,0,909,6,0,0
1990,28,2,1,0,0,1,467,5,25,0
1990,32,2,1,1,0,0,0,0,0,0
1990,73,1,0,0,0,0,37,2,0,0
1990,66,2,0,0,0,0,0,0,0,0
1990,50,1,0,1,0,0,507,2,45,0
1990,46,2,0,1,0,1,14,5,40,0
1990,22,2,1,1,0,1,0,0,0,0
1990,34,2,3,0,0,1,365,3,43,0
1990,41,2,2,0,0,1,197,5,0,0
1990,35,1,3,0,0,0,518,3,40,0
1990,31,1,2,0,0,0,585,1,50,0
1990,51,1,0,0,0,0,575,2,40,0
1990,48,2,0,0,0,1,207,5,27,0
1990,23,1,1,0,0,1,475,0,40,0
1990,20,1,1,0,0,1,479,0,28,0
1990,58,2,2,0,0,1,207,5,40,0
1990,64,2,3,1,0,0,0,0,0,0
1990,18,1,1,1,0,0,0,0,0,0
1990,55,1,0,0,0,0,567,4,40,0
1990,51,2,0,0,0,0,0,0,0,0
1990,23,1,0,0,0,0,473,0,60,0
1990,21,2,0,0,0,1,335,4,20,0
1990,45,2,2,0,0,0,0,0,0,0
1990,24,2,1,0,0,1,889,3,40,0
1990,23,1,0,0,0,0,228,6,32,0
1990,20,2,0,0,0,0,0,0,0,0
1990,27,1,0,0,0,0,804,2,50,0
1990,28,2,0,0,0,1,804,2,35,0
1990,44,1,0,0,0,1,22,2,40,0
1990,31,2,0,0,0,0,467,5,12,0
1990,44,2,3,0,0,0,453,4,0,0
1990,19,1,1,0,0,0,0,0,0,0
1990,54,1,3,0,0,0,355,2,40,0
1990,50,2,2,0,0,0,276,5,40,0
1990,59,1,2,0,0,0,0,0,0,0
1990,33,1,0,0,0,0,567,0,40,0
1990,29,2,0,0,0,0,744,1,40,0
1990,39,2,2,0,0,0,274,3,44,0
1990,53,2,3,0,0,0,447,5,48,0
1990,34,1,2,0,0,0,0,0,0,0
1990,27,1,0,0,0,1,525,3,40,0
1990,29,2,0,0,0,1,156,5,25,0
1990,28,1,0,0,0,0,874,1,50,0
1990,29,2,0,0,0,0,0,0,0,0
1990,53,1,0,0,0,1,48,1,40,1
1990,52,2,0,0,0,0,0,0,0,0
1990,28,2,0,0,0,1,155,5,30,0
1990,27,1,0,0,0,0,869,0,0,0
1990,70,2,3,0,0,0,0,0,0,0
1990,35,1,0,0,0,1,243,5,40,1
1990,35,2,0,0,0,1,156,5,18,0
1990,31,1,0,1,0,1,446,5,40,0
1990,27,2,0,1,0,0,435,5,0,0
1990,63,2,3,1,0,0,0,0,0,0
1990,42,2,0,0,0,1,22,0,30,0
1990,32,1,0,0,0,0,828,2,84,0
1990,29,2,2,0,0,1,434,3,50,0
1990,62,1,2,1,0,0,0,0,0,0
1990,37,1,1,0,0,0,526,3,60,0
1990,47,1,0,0,0,0,555,0,36,0
1990,37,2,0,0,0,1,313,5,44,0
1990,21,2,1,0,0,1,406,4,30,0
1990,54,1,0,0,0,1,563,0,40,0
1990,34,2,0,0,0,1,276,3,0,0
1990,44,1,0,0,0,1,274,3,50,0
1990,43,2,0,0,0,1,156,5,35,0
1990,59,1,0,0,0,1,243,3,43,0
1990,56,2,0,0,0,0,203,5,40,0
1990,27,2,0,1,0,0,276,3,36,0
1990,30,1,0,1,0,1,859,2,15,0
1990,66,2,3,0,0,0,0,0,0,0
1990,30,1,1,0,0,1,208,2,56,0
1990,58,1,0,0,0,1,889,1,40,0
1990,51,2,0,0,0,0,208,5,0,0
1990,39,1,2,0,0,1,575,0,40,0
1990,40,2,2,0,0,1,313,4,45,0
1990,47,1,0,0,0,1,22,1,40,1
1990,39,2,0,0,0,1,229,2,40,0
1990,40,2,2,0,0,1,197,5,45,0
1990,36,1,2,0,0,1,7,4,40,0
1990,73,1,3,0,0,0,0,0,0,0
1990,41,2,2,0,0,0,458,4,40,0
1990,20,2,1,0,0,1,274,3,30,0
1990,19,1,1,0,0,0,877,3,25,0
1990,53,1,0,1,0,0,588,0,40,0
1990,52,2,0,1,0,1,387,5,35,0
1990,67,1,0,0,0,0,0,0,0,0
1990,68,2,0,0,0,0,0,0,0,0
1990,29,2,1,0,0,1,14,5,45,0
1990,22,2,1,0,0,1,207,5,12,0
1990,60,1,0,0,0,1,178,5,40,1
1990,44,2,0,0,0,1,156,5,40,0
1990,37,2,3,1,0,0,0,0,0,0
1990,19,2,1,1,0,1,276,3,35,0
1990,39,1,0,1,0,1,0,0,0,0
1990,67,2,3,0,0,0,0,0,0,0
1990,69,2,3,0,0,0,0,0,0,0
1990,38,2,2,0,0,1,224,1,40,0
1990,26,2,1,0,0,1,27,6,55,0
1990,57,2,3,0,0,0,0,0,0,0
1990,57,1,0,0,0,1,547,1,0,0
1990,58,2,0,0,0,1,303,6,40,0
1990,24,2,1,1,0,0,447,5,40,0
1990,66,1,3,0,0,0,256,2,60,0
1990,41,2,3,0,0,0,259,1,40,1
1990,70,1,0,0,0,0,0,0,0,0
1990,69,2,0,0,0,0,0,0,0,0
1990,63,2,2,1,0,0,0,0,0,0
1990,29,1,1,1,0,1,426,6,40,0
1990,19,2,1,0,0,0,523,6,40,0
1990,21,1,1,1,0,0,446,6,40,0
1990,49,2,3,0,0,0,0,0,0,0
1990,36,1,0,0,0,0,508,6,40,0
1990,36,2,0,0,0,0,466,5,40,0
1990,71,2,3,0,0,0,0,0,0,0
1990,25,2,1,0,0,1,0,0,0,0
1990,63,2,3,0,0,0,277,5,40,0
1990,70,1,0,0,0,0,0,0,0,0
1990,68,2,0,0,0,0,0,0,0,0
1990,49,2,2,0,0,1,156,5,40,0
1990,59,1,3,0,0,1,176,5,55,0
1990,39,2,3,3,3,1,436,3,40,0
1990,19,2,1,3,0,0,276,3,0,0
1990,61,1,0,0,0,1,426,0,40,0
1990,57,2,0,0,0,1,207,5,8,0
1990,47,2,0,0,0,0,0,0,0,0
1990,47,1,0,0,0,0,243,3,45,0
1990,60,1,0,0,0,0,694,2,40,0
1990,57,2,0,0,0,0,0,0,0,0
1990,26,2,1,0,0,0,435,3,40,0
1990,66,1,0,0,0,0,0,0,0,0
1990,58,2,0,3,3,0,0,0,0,0
1990,74,1,2,0,0,0,0,0,0,0
1990,22,1,0,0,0,1,208,6,45,0
1990,19,2,0,0,0,0,276,3,32,0
1990,23,1,1,0,0,0,579,0,40,0
1990,71,2,3,0,0,0,97,5,40,0
1990,73,1,0,0,0,1,22,3,10,0
1990,65,2,0,0,0,1,389,4,12,0
1990,36,1,0,0,0,1,355,2,48,0
1990,34,2,0,0,0,1,23,5,40,0
1990,45,2,2,0,0,1,14,5,40,0
1990,59,1,0,1,0,0,889,1,40,0
1990,51,2,0,1,0,0,0,0,0,0
1990,30,1,0,1,0,1,889,1,40,0
1990,25,2,0,1,0,1,319,6,40,0
1990,71,2,3,0,0,0,0,0,0,0
1990,41,1,0,0,0,0,585,1,40,0
1990,39,2,0,0,0,1,235,4,8,0
1990,18,1,1,0,2,0,436,3,11,0
1990,80,2,3,0,0,0,0,0,0,0
1990,69,1,0,0,0,1,254,4,0,0
1990,45,2,0,0,0,0,0,0,0,0
1990,35,1,0,0,0,1,22,1,45,0
1990,41,2,0,0,0,1,869,0,60,0
1990,31,1,0,0,0,0,864,3,50,0
1990,33,2,0,0,0,0,804,2,60,0
1990,18,1,1,0,0,0,869,0,40,0
1990,42,1,2,0,0,1,354,2,40,0
1990,54,2,2,0,0,1,426,6,35,0
1990,20,1,0,0,0,0,883,1,30,0
1990,29,2,0,0,0,0,379,0,40,0
1990,33,2,2,0,0,1,157,5,38,0
1990,43,1,0,0,0,0,558,0,40,0
1990,35,2,0,0,0,0,447,5,40,0
1990,25,1,0,0,0,0,417,6,0,0
1990,23,2,0,0,0,0,0,0,0,0
1990,30,1,0,0,0,0,804,0,48,0
1990,35,2,0,0,0,0,365,3,40,1
1990,52,1,0,0,0,0,503,0,80,0
1990,47,2,0,0,0,0,0,0,0,0
1990,47,1,0,0,0,0,856,3,40,1
1990,43,2,0,0,0,0,313,4,40,0
1990,26,1,2,0,0,0,844,3,0,0
1990,28,2,2,0,0,1,313,4,40,0
1990,34,1,0,0,0,0,575,1,40,0
1990,28,2,0,0,0,0,435,3,20,0
1990,30,1,0,0,0,0,686,3,40,0
1990,26,2,0,0,0,0,337,3,60,0
1990,47,1,0,0,0,1,413,6,40,1
1990,40,2,0,0,0,0,307,4,40,0
1990,44,1,0,0,0,1,53,0,60,0
1990,44,2,0,0,0,1,376,4,0,0
1990,20,2,2,0,0,0,267,3,40,0
1990,51,1,0,0,0,1,243,4,50,1
1990,52,2,0,0,0,0,337,3,0,0
1990,36,1,0,0,0,1,199,5,40,1
1990,53,2,0,0,0,0,0,0,0,0
1990,25,1,0,0,0,0,505,3,30,0
1990,23,2,0,0,0,0,435,3,0,0
1990,65,1,0,0,0,1,22,4,40,0
1990,55,2,0,0,0,0,376,4,40,0
1990,21,1,1,0,0,1,877,3,20,0
1990,18,1,1,0,0,0,0,0,0,0
1990,49,1,0,0,0,1,213,6,40,1
1990,48,2,0,0,0,0,0,0,0,0
1990,44,1,0,0,0,0,567,0,40,0
1990,41,2,0,0,0,0,0,0,0,0
1990,44,2,0,0,0,1,303,6,40,0
1990,47,1,0,0,0,1,904,6,45,0
1990,23,1,1,0,0,0,436,3,35,0
1990,29,1,0,0,0,1,549,1,48,0
1990,23,2,0,0,0,0,0,0,0,0
1990,60,1,0,0,0,1,303,2,80,1
1990,59,2,0,0,0,0,313,3,40,0
1990,61,1,2,0,0,0,368,2,40,1
1990,29,1,1,0,0,0,687,3,40,0
1990,48,1,0,0,0,1,18,2,40,0
1990,40,2,0,0,0,1,313,5,27,0
1990,55,1,0,0,0,0,14,5,40,0
1990,53,2,0,0,0,0,337,3,0,0
1990,40,1,0,0,0,0,525,1,40,0
1990,41,2,0,0,0,0,736,1,40,0
1990,18,2,1,0,0,0,276,3,20,0
1990,52,1,0,1,0,0,869,0,40,0
1990,51,2,0,1,0,0,0,0,0,0
1990,34,2,2,0,0,1,316,6,40,0
1990,27,1,1,0,0,0,453,2,40,0
1990,47,2,3,3,3,0,505,4,40,0
1990,35,1,0,0,0,1,518,3,41,0
1990,33,2,0,0,0,0,313,5,40,0
1990,48,1,2,0,0,0,903,6,42,0
1990,54,1,0,0,0,1,255,4,0,1
1990,55,2,0,0,0,0,379,1,42,0
1990,25,2,1,0,0,1,274,3,20,0
1990,23,1,1,0,0,1,877,3,30,0
1990,60,2,2,0,0,0,23,6,34,0
1990,29,1,2,0,0,0,486,0,30,0
1990,51,1,0,1,0,1,308,4,40,0
1990,45,2,0,1,0,0,0,0,0,0
1990,28,2,1,1,0,1,23,6,40,0
1990,80,1,3,0,0,0,0,0,0,0
1990,68,1,0,0,0,0,0,0,0,0
1990,64,2,0,0,0,0,274,3,30,0
1990,43,1,0,0,0,1,36,5,50,0
1990,41,2,0,0,0,1,22,1,40,0
1990,21,2,1,0,0,1,375,4,40,0
1990,65,2,3,0,0,0,276,3,0,0
1990,30,1,2,0,0,0,804,2,80,0
1990,33,2,1,0,0,0,0,0,0,0
1990,55,1,0,1,0,0,0,0,0,0
1990,47,2,0,1,0,0,0,0,0,0
1990,29,1,1,1,0,0,0,0,0,0
1990,47,1,0,0,0,1,22,1,45,0
1990,45,2,0,0,0,1,157,5,40,0
1990,48,1,0,0,0,0,22,3,50,1
1990,43,2,0,0,0,0,0,0,0,0
1990,24,2,1,0,0,1,0,0,0,0
1990,31,1,3,1,0,0,563,0,40,0
1990,79,2,3,0,0,0,0,0,0,0
1990,53,1,0,0,0,0,0,0,0,0
1990,56,2,0,0,0,0,337,6,40,0
1990,21,1,1,0,0,1,479,0,23,0
1990,54,2,0,0,0,0,436,5,35,0
1990,65,1,0,0,0,0,453,4,25,0
1990,27,1,1,0,0,0,0,0,0,0
1990,61,1,0,0,0,1,637,1,10,0
1990,60,2,0,0,0,1,0,0,0,0
1990,63,1,2,0,0,0,0,0,0,0
1990,40,1,0,0,0,1,523,2,40,0
1990,36,2,0,0,2,0,185,3,40,0
1990,60,1,0,0,0,0,579,5,80,0
1990,51,2,0,0,0,0,0,0,0,0
1990,36,2,0,0,0,1,744,1,40,0
1990,23,1,0,0,0,0,804,3,50,0
1990,66,1,0,0,0,0,243,3,60,0
1990,56,2,0,0,0,0,243,3,36,0
1990,34,2,3,0,0,0,447,5,30,0
1990,34,1,1,0,0,0,686,0,40,0
1990,26,1,0,1,0,1,213,2,45,0
1990,22,2,0,1,0,0,243,3,40,0
1990,46,1,0,0,0,1,424,6,40,0
1990,47,2,0,0,0,1,447,5,40,0
1990,20,2,1,0,0,0,436,3,40,0
1990,19,2,1,0,0,1,435,3,40,0
1990,44,1,0,0,0,0,455,4,40,0
1990,41,2,0,0,0,1,327,2,40,0
1990,20,1,1,0,0,1,386,6,40,0
1990,34,1,3,1,0,1,453,3,80,0
1990,39,1,2,1,0,1,667,6,40,0
1990,34,2,2,0,0,1,98,5,40,0
1990,43,1,2,0,0,1,904,6,40,1
1990,48,1,0,0,0,1,903,6,70,1
1990,44,2,0,0,0,1,0,0,0,0
1990,42,1,0,0,0,1,226,2,50,0
1990,40,2,0,0,0,1,467,5,0,0
1990,43,1,0,0,0,0,453,5,0,0
1990,42,2,0,0,0,1,217,4,40,0
1990,20,2,1,0,0,0,319,5,8,0
1990,31,1,2,0,0,0,566,3,40,0
1990,36,1,0,0,0,1,216,6,48,0
1990,35,2,0,0,0,1,274,3,34,0
1990,36,1,0,0,0,1,385,5,40,0
1990,36,2,0,0,0,0,18,4,40,0
1990,41,2,3,1,0,0,453,4,40,0
1990,18,1,1,1,0,1,376,3,38,0
1990,60,1,0,0,0,0,268,3,40,0
1990,60,2,0,0,0,0,278,3,28,0
1990,33,1,0,1,0,1,585,4,50,0
1990,31,2,0,1,0,1,449,4,40,0
1990,75,1,0,0,0,1,84,5,3,1
1990,71,2,0,0,0,1,254,4,40,0
1990,68,2,3,0,0,0,274,3,0,0
1990,61,1,0,0,0,0,243,3,60,0
1990,46,2,0,0,0,1,808,5,20,0
1990,19,1,1,0,0,1,0,0,0,0
1990,22,2,2,0,0,0,436,3,30,0
1990,34,1,0,0,0,0,628,1,40,0
1990,39,2,0,0,0,0,785,1,0,0
1990,45,1,0,1,0,0,804,6,40,0
1990,48,2,0,1,0,1,356,6,40,0
1990,47,1,0,3,0,0,844,6,40,0
1990,42,2,0,3,0,0,313,6,40,0
1990,20,2,1,3,0,0,439,3,20,0
1990,32,1,0,3,0,0,584,0,20,0
1990,31,2,0,0,0,0,0,0,0,0
1990,31,1,0,0,0,0,828,0,80,0
1990,29,2,0,0,0,0,453,3,60,0
1990,22,1,0,0,0,0,567,0,40,0
1990,25,2,0,0,0,0,444,5,48,0
1990,47,1,0,0,0,0,17,3,40,1
1990,39,2,0,0,0,1,337,3,3,1
1990,30,1,0,0,0,0,424,6,40,0
1990,34,2,0,0,0,1,808,5,20,0
1990,33,2,0,0,0,0,453,4,10,0
1990,27,1,0,0,0,0,417,6,75,0
1990,29,1,1,0,0,1,475,0,50,0
1990,45,1,0,0,0,1,359,6,40,0
1990,45,2,0,0,0,1,687,3,40,0
1990,43,1,0,0,0,1,22,4,44,0
1990,44,2,0,0,0,0,319,5,55,0
1990,21,1,1,0,0,0,264,3,30,0
1990,72,2,2,0,0,0,0,0,0,0
1990,68,1,0,0,0,1,69,5,50,1
1990,69,2,0,0,0,1,0,0,0,0
1990,79,2,0,0,0,1,0,0,0,0
1990,26,2,3,0,0,1,426,6,40,0
1990,51,1,2,0,0,1,575,0,32,0
1990,79,1,3,0,0,1,55,6,40,0
1990,45,1,0,0,0,1,25,4,45,1
1990,45,2,0,0,0,1,217,5,40,0
1990,29,1,1,0,0,1,904,6,60,0
1990,31,2,1,0,0,0,766,1,40,0
1990,51,2,2,0,0,1,27,4,40,0
1990,29,2,1,0,0,1,254,4,35,0
1990,32,2,2,0,0,0,207,5,36,0
1990,37,1,0,0,0,1,186,3,20,0
1990,31,2,0,0,0,0,207,5,0,0
1990,49,1,0,0,0,1,243,3,40,0
1990,46,2,0,0,0,1,364,3,30,0
1990,21,2,1,0,0,1,264,3,25,0
1990,21,2,1,0,0,1,264,3,30,0
1990,42,2,2,0,0,1,443,3,35,0
1990,38,1,3,0,0,1,436,3,91,0
1990,60,1,0,0,0,1,22,6,40,1
1990,58,2,0,0,0,1,156,5,37,0
1990,77,2,3,0,0,0,0,0,0,0
1990,52,1,0,0,0,1,22,6,40,0
1990,48,2,0,0,0,0,436,5,25,0
1990,39,1,0,0,0,1,414,6,45,0
1990,34,2,0,0,0,1,426,5,45,0
1990,54,1,0,0,0,1,5,6,40,1
1990,49,2,0,0,2,1,447,5,0,0
1990,42,2,2,0,0,1,21,5,40,0
1990,19,2,1,0,0,1,433,3,6,0
1990,66,2,3,0,0,0,0,0,0,0
1990,33,1,0,0,0,1,22,1,50,0
1990,38,2,0,0,0,0,744,1,40,0
1990,23,1,1,0,0,1,434,3,38,0
1990,21,2,1,0,0,1,276,3,30,0
1990,59,1,2,0,0,1,257,5,0,0
1990,51,2,2,0,2,0,313,4,40,0
1990,72,2,3,0,0,0,0,0,0,0
1990,71,1,1,0,0,0,833,2,40,0
1990,42,1,0,0,0,0,804,2,60,0
1990,38,2,0,3,0,0,0,0,0,0
1990,62,2,3,0,0,0,267,3,40,0
1990,55,1,0,0,0,0,498,0,0,0
1990,44,2,0,0,0,0,498,0,40,0
1990,22,2,1,0,0,0,0,0,0,0
1990,55,1,0,0,0,0,804,2,48,0
1990,57,2,0,0,0,0,0,0,0,0
1990,54,1,0,0,0,1,426,4,43,0
1990,51,2,0,0,0,1,203,5,43,0
1990,28,2,0,0,0,1,348,4,40,0
1990,27,1,0,0,0,1,417,4,48,0
1990,44,2,2,0,0,0,276,2,40,0
1990,26,1,0,0,1,1,303,6,40,0
1990,29,2,0,0,1,1,444,3,30,0
1990,34,1,0,1,0,1,549,6,40,0
1990,34,2,0,1,0,0,667,3,40,0
1990,66,2,3,0,0,1,0,0,0,0
1990,36,1,1,0,0,1,18,4,30,0
1990,27,2,3,0,0,1,885,4,40,1
1990,35,1,0,0,0,1,903,6,12,0
1990,35,2,0,0,0,1,335,5,0,0
1990,45,1,0,0,2,1,22,6,45,0
1990,33,2,0,0,0,0,276,3,12,0
1990,30,1,0,0,0,1,585,0,40,0
1990,30,2,0,0,0,1,808,5,0,0
1990,25,1,2,0,0,0,869,0,45,0
1990,18,2,1,0,0,0,444,3,24,0
1990,53,1,0,0,0,1,53,5,40,1
1990,52,2,0,0,0,0,243,3,40,0
1990,74,2,3,0,0,0,0,0,0,0
1990,41,1,1,0,0,1,365,6,52,0
1990,60,1,0,0,0,1,909,6,0,0
1990,60,2,0,0,0,0,0,0,0,0
1990,37,1,0,0,0,1,23,5,60,1
1990,36,2,0,0,0,1,156,5,30,0
1990,47,1,0,0,0,0,274,3,60,0
1990,33,2,0,0,0,0,687,3,40,0
1990,68,1,0,0,0,1,14,5,40,1
1990,64,2,0,0,0,0,379,4,12,0
1990,20,1,1,0,0,1,379,2,12,0
1990,26,1,0,0,0,1,17,3,80,0
1990,23,2,0,0,0,1,95,5,37,0
1990,56,1,2,0,0,0,0,0,0,0
1990,30,1,1,0,0,0,584,0,40,0
1990,27,2,1,0,0,0,383,4,40,0
1990,68,1,0,0,0,1,176,5,10,0
1990,66,2,0,0,0,1,0,0,0,0
1990,22,1,1,0,0,1,503,6,40,0
1990,24,1,1,0,0,1,904,6,40,0
1990,23,2,1,0,0,1,5,6,40,0
1990,55,2,0,0,0,1,458,4,40,0
1990,67,1,0,0,0,1,0,0,0,1
1990,21,1,1,2,0,1,829,6,40,0
1990,62,1,2,0,0,1,22,0,0,1
1990,26,1,3,0,2,0,453,6,40,0
1990,42,1,2,0,0,1,84,5,40,1
1990,35,2,2,0,0,1,95,5,55,0
1990,51,1,0,1,0,0,22,0,35,0
1990,48,2,0,1,0,0,453,4,40,0
1990,26,2,3,1,0,1,319,3,40,0
1990,74,1,3,1,0,0,0,0,0,0
1990,22,1,1,1,0,0,365,6,40,0
1990,48,2,2,0,0,1,313,5,40,0
1990,36,1,0,0,0,1,95,5,50,1
1990,39,2,0,0,0,1,95,5,30,0
1990,23,1,1,0,0,0,359,4,80,0
1990,19,2,1,0,2,0,17,3,30,0
1990,79,2,3,0,0,0,0,0,0,0
1990,36,2,3,1,0,0,0,0,0,0
1990,60,1,0,0,0,0,804,3,0,0
1990,57,2,0,0,0,0,449,4,20,0
1990,69,2,3,0,0,0,0,0,0,0
1990,36,1,0,0,0,1,804,2,40,0
1990,33,2,0,0,0,1,468,5,15,0
1990,18,2,1,0,0,0,276,3,35,0
1990,34,1,0,0,0,1,254,4,48,0
1990,31,2,0,0,0,0,274,3,24,0
1990,42,1,0,0,0,0,804,3,40,0
1990,41,2,0,0,0,0,785,1,48,0
1990,19,1,1,0,0,0,424,6,40,0
1990,18,1,1,0,0,0,0,0,0,0
1990,43,1,2,0,0,1,518,2,43,0
1990,18,2,1,0,0,1,0,0,0,0
1990,74,1,0,0,0,0,479,0,10,0
1990,67,2,0,0,2,0,0,0,0,0
1990,58,1,0,0,0,0,426,1,40,0
1990,47,2,0,0,0,0,744,1,40,0
1990,21,1,1,0,0,0,875,1,40,0
1990,19,1,1,0,0,0,779,1,40,0
1990,57,1,0,0,0,0,0,0,0,0
1990,44,2,0,0,0,0,765,1,40,0
1990,28,1,3,0,0,0,449,6,0,0
1990,79,1,3,0,0,0,436,5,0,0
1990,77,2,3,0,0,0,0,0,0,0
1990,46,1,0,1,0,0,0,0,0,0
1990,35,2,0,1,0,0,0,0,0,0
1990,61,1,0,1,0,0,715,6,40,0
1990,55,2,0,1,0,0,407,4,0,0
1990,21,2,1,1,0,0,379,5,25,0
1990,18,2,1,1,0,0,779,6,32,0
1990,39,1,2,0,0,0,516,0,60,0
1990,37,1,0,0,0,0,575,0,40,0
1990,36,2,0,0,0,0,467,5,40,0
1990,21,1,1,0,0,0,567,0,40,0
1990,60,1,3,1,0,0,0,0,0,0
1990,79,2,0,0,0,0,0,0,0,0
1990,75,1,2,1,0,0,0,0,0,0
1990,72,1,1,0,0,0,0,0,0,0
1990,39,1,1,0,0,1,453,6,0,0
1990,50,2,2,0,0,1,379,6,56,0
1990,23,1,1,0,0,0,566,3,40,0
1990,29,1,1,1,0,0,436,6,48,0
1990,40,2,3,0,0,1,203,5,36,0
1990,72,1,0,0,0,0,0,0,0,0
1990,72,2,0,0,0,0,0,0,0,0
1990,71,1,0,0,0,0,567,1,40,0
1990,54,2,0,0,0,0,498,0,0,0
1990,32,1,1,1,0,0,748,4,20,0
1990,47,1,0,1,0,0,804,2,60,0
1990,42,2,0,1,0,1,174,5,40,0
1990,66,2,3,0,0,0,458,4,32,0
1990,28,2,3,0,0,0,467,5,0,0
1990,49,1,0,0,0,1,243,3,50,1
1990,46,2,0,0,0,1,156,5,40,0
1990,23,1,1,0,0,1,389,4,45,0
1990,36,1,0,0,0,0,563,0,30,0
1990,32,2,0,0,0,0,243,3,60,0
1990,44,2,2,0,0,0,348,2,37,0
1990,21,1,0,0,0,0,567,0,0,0
1990,20,2,1,0,0,0,0,0,0,0
1990,20,2,0,0,0,1,159,5,0,0
1990,39,2,2,0,0,0,365,1,40,0
1990,60,1,0,1,0,0,453,4,0,0
1990,67,2,0,1,0,0,0,0,0,0
1990,35,1,1,1,0,0,563,0,16,0
1990,47,1,0,0,0,0,373,3,41,0
1990,44,2,0,0,0,1,308,2,43,0
1990,56,2,2,1,0,0,469,5,40,0
1990,39,1,0,3,3,1,436,3,72,1
1990,39,2,0,3,3,1,17,3,62,0
1990,64,1,0,0,0,0,0,0,0,0
1990,64,2,0,0,0,0,0,0,0,0
1990,38,1,1,0,0,0,0,0,0,0
1990,39,1,2,0,0,1,23,2,40,0
1990,27,1,2,0,0,0,486,5,0,0
1990,19,1,1,1,0,0,486,0,0,0
1990,36,1,0,0,0,0,824,2,40,0
1990,30,2,0,0,0,1,383,4,40,0
1990,38,1,0,0,0,1,426,5,40,0
1990,39,2,0,0,0,0,447,5,40,0
1990,62,1,0,0,0,0,417,5,0,0
1990,60,2,0,0,0,0,0,0,0,0
1990,67,1,0,0,0,0,875,2,0,0
1990,56,2,0,0,0,0,436,5,0,0
1990,60,1,2,0,0,0,783,1,0,0
1990,44,1,0,0,0,0,804,2,83,0
1990,35,2,0,0,0,1,207,5,40,0
1990,35,1,0,0,0,0,779,1,44,1
1990,33,2,0,0,0,0,458,4,0,0
1990,47,2,1,1,0,0,453,5,40,0
1990,29,1,0,0,0,0,364,1,40,0
1990,32,2,0,0,0,1,337,5,12,0
1990,38,2,1,1,0,0,889,1,40,0
1990,22,1,1,1,0,0,426,4,40,0
1990,19,2,1,1,0,0,436,3,16,0
1990,36,1,0,0,0,1,253,4,40,0
1990,32,2,0,0,0,1,319,0,36,0
1990,53,2,2,1,0,0,276,3,36,0
1990,23,1,1,1,0,0,436,3,46,0
1990,32,1,0,0,0,1,699,2,40,0
1990,28,2,0,0,0,1,313,4,20,0
1990,28,1,0,2,1,0,479,0,35,0
1990,18,1,1,2,1,0,479,0,35,0
1990,22,2,1,2,1,0,479,0,30,0
1990,59,1,0,1,0,0,856,0,40,0
1990,59,2,0,1,0,0,447,4,6,0
1990,37,2,0,0,0,0,0,0,0,0
1990,46,1,0,1,0,0,686,3,48,0
1990,35,2,2,1,0,1,444,6,0,0
1990,31,1,0,1,0,0,449,5,40,0
1990,27,2,0,1,0,0,447,5,40,0
1990,40,1,0,1,0,0,447,5,40,0
1990,34,2,0,1,0,0,303,4,40,0
1990,19,2,1,1,0,0,447,5,20,0
1990,63,1,0,0,0,1,5,6,40,0
1990,63,2,0,0,0,1,313,0,40,0
1990,35,1,1,0,0,1,276,5,40,0
1990,75,2,3,1,0,0,0,0,0,0
1990,42,2,2,0,0,0,313,6,40,0
1990,21,2,1,1,0,0,276,3,0,0
1990,48,1,0,1,0,0,436,5,40,0
1990,42,2,0,1,0,0,477,0,40,0
1990,50,2,1,1,0,0,0,0,0,0
1990,50,1,0,0,0,0,243,3,80,0
1990,44,2,0,0,0,0,379,1,40,0
1990,23,2,1,0,0,0,0,0,0,0
1990,21,1,1,0,0,0,188,4,40,0
1990,33,2,2,0,0,1,166,6,40,0
1990,43,1,0,0,0,1,243,3,45,1
1990,40,2,0,0,0,1,313,5,0,0
1990,55,1,0,0,0,1,363,2,40,0
1990,55,2,0,0,0,1,84,5,35,1
1990,27,1,2,0,0,0,783,1,40,0
1990,45,2,2,0,0,1,14,5,40,0
1990,21,1,1,0,0,1,274,3,15,0
1990,47,1,0,0,0,1,389,6,40,0
1990,43,2,0,0,0,1,313,6,40,0
1990,50,2,3,0,0,1,159,5,0,0
1990,34,1,0,0,0,1,53,0,40,0
1990,30,2,0,0,0,1,95,5,36,0
1990,36,1,0,0,0,1,95,6,40,0
1990,35,2,0,0,0,0,389,6,40,0
1990,69,1,3,1,0,0,0,0,0,0
1990,36,2,2,1,0,1,426,5,40,0
1990,40,1,0,0,0,1,21,5,50,0
1990,40,2,0,0,0,1,154,5,40,0
1990,31,1,0,0,0,1,53,6,40,0
1990,30,2,0,0,1,1,313,5,0,0
1990,55,1,3,0,2,0,486,0,35,0
1990,29,1,0,1,0,1,575,0,40,0
1990,27,2,0,1,0,1,337,4,40,0
1990,46,2,2,0,0,0,337,5,38,0
1990,43,1,2,0,0,1,243,3,40,0
1990,54,2,2,0,0,0,447,5,40,0
1990,38,1,0,0,2,0,628,3,45,0
1990,38,2,0,0,0,0,313,6,40,0
1990,53,2,1,1,0,0,473,0,0,0
1990,76,1,0,0,0,0,885,3,16,0
1990,71,2,0,0,0,0,0,0,0,0
1990,43,1,2,0,0,1,869,0,40,0
1990,51,1,0,0,0,0,859,0,60,0
1990,41,2,0,0,0,1,195,5,38,0
1990,20,1,1,0,0,1,804,3,50,0
1990,18,2,1,0,0,1,313,6,25,0
1990,42,2,1,0,0,0,163,5,45,0
1990,66,1,0,0,0,1,0,0,0,0
1990,66,2,0,0,0,0,313,0,40,0
1990,69,2,3,1,0,0,0,0,0,0
1990,20,2,1,1,0,1,744,1,42,0
1990,45,2,3,1,0,0,207,0,0,0
1990,61,1,0,0,0,0,804,1,55,0
1990,59,2,0,0,0,0,435,4,40,0
1990,43,2,2,0,0,0,17,3,0,0
1990,23,2,1,0,0,0,315,4,37,0
1990,76,1,0,0,0,1,22,4,50,1
1990,65,2,0,0,0,1,0,0,0,0
1990,27,1,0,0,0,1,274,3,20,0
1990,25,2,0,0,0,1,234,6,46,0
1990,68,1,0,0,0,0,0,0,0,0
1990,56,2,0,0,0,0,303,5,40,0
1990,19,1,1,1,0,0,436,3,15,0
1990,73,2,0,1,0,0,0,0,0,0
1990,38,1,0,1,0,1,84,5,50,1
1990,32,2,0,1,0,1,203,5,20,0
1990,38,1,1,0,0,1,208,2,72,0
1990,31,1,1,0,0,0,436,3,30,0
1990,42,2,2,0,0,0,467,5,30,0
1990,18,2,1,0,0,0,389,6,20,0
1990,41,2,2,0,0,1,277,3,60,0
1990,20,1,1,0,0,1,383,4,33,0
1990,20,1,1,0,0,1,357,5,35,0
1990,66,2,3,0,0,1,0,0,0,0
1990,23,2,1,0,0,1,274,5,40,0
1990,23,2,1,0,0,1,178,5,30,0
1990,32,2,3,1,0,0,276,3,40,0
1990,42,2,1,0,0,1,156,5,37,0
1990,22,1,0,1,0,0,875,2,40,0
1990,23,2,0,1,0,0,467,5,40,0
1990,21,1,1,0,0,1,0,0,0,0
1990,19,1,1,0,0,1,308,0,30,0
1990,18,1,1,0,0,1,453,5,0,0
1990,23,1,1,0,0,1,877,3,40,0
1990,45,1,1,1,0,1,174,5,40,0
1990,24,2,1,0,0,1,433,4,35,0
1990,23,2,1,0,0,1,686,3,38,0
1990,20,2,1,0,0,1,313,5,30,0
1990,65,1,0,0,0,1,21,6,20,0
1990,62,2,0,0,0,1,254,4,15,0
1990,35,2,1,1,0,0,313,6,40,0
1990,21,2,1,0,0,1,486,1,40,0
1990,52,1,0,0,0,1,157,5,36,0
1990,48,2,0,0,0,0,33,6,42,0
1990,65,2,3,0,0,1,274,3,40,1
1990,66,1,0,0,0,1,84,5,16,1
1990,65,2,0,0,0,1,0,0,0,0
1990,30,2,1,0,0,1,188,1,35,0
1990,41,2,3,0,0,1,65,6,40,0
1990,20,2,1,0,0,0,25,5,40,0
1990,27,1,1,1,0,0,869,0,40,0
1990,42,1,0,0,0,1,769,1,40,1
1990,38,2,0,0,0,1,308,3,15,0
1990,61,1,1,0,0,0,0,0,0,0
1990,20,1,1,1,0,1,462,5,30,0
1990,21,1,1,1,0,1,263,3,30,0
1990,38,1,2,1,0,1,453,4,6,0
1990,24,1,1,0,0,1,579,0,35,0
1990,21,2,2,0,0,0,276,3,0,0
1990,54,2,2,1,0,1,164,5,0,0
1990,43,2,2,0,0,1,257,1,64,0
1990,46,1,2,0,0,1,22,1,40,0
1990,43,2,0,0,0,1,389,5,40,0
1990,38,1,0,0,0,1,448,4,40,0
1990,30,1,1,1,0,1,453,5,40,0
1990,35,1,0,0,0,1,253,4,45,0
1990,33,2,0,0,0,1,156,5,15,0
1990,33,1,2,0,0,1,256,2,80,0
1990,74,2,2,0,0,1,346,4,20,0
1990,50,1,0,0,0,1,197,6,45,1
1990,47,2,0,0,0,1,7,4,45,0
1990,19,1,1,0,0,0,877,3,20,0
1990,21,1,1,0,0,1,386,5,20,0
1990,19,1,1,0,0,1,22,0,70,0
1990,26,2,2,0,0,1,779,3,40,0
1990,26,1,1,1,0,0,0,0,0,0
1990,26,1,1,1,0,0,889,5,0,0
1990,44,1,0,0,2,1,339,5,40,0
1990,31,2,0,0,0,0,364,3,32,0
1990,60,2,0,1,0,0,447,5,40,0
1990,69,1,0,1,0,0,0,0,0,0
1990,28,1,0,1,0,0,563,0,30,0
1990,23,2,0,1,0,0,449,4,30,0
1990,38,2,1,0,0,1,73,5,40,0
1990,23,1,3,0,0,0,686,3,25,0
1990,39,2,1,0,0,1,103,5,40,0
1990,37,2,1,0,0,1,779,5,0,0
1990,36,1,0,0,0,1,213,2,40,0
1990,39,2,0,0,0,0,466,5,38,0
1990,26,1,0,0,0,1,22,1,50,1
1990,24,2,0,0,0,1,178,5,20,1
1990,40,1,2,0,0,1,22,0,40,1
1990,31,2,2,0,0,1,385,5,40,0
1990,40,1,0,1,0,1,208,5,40,1
1990,37,2,0,1,0,1,95,5,20,0
1990,55,1,0,0,2,0,549,1,40,0
1990,46,2,0,0,0,0,337,3,30,0
1990,24,1,1,0,0,0,364,2,40,0
1990,34,1,0,0,0,1,22,0,40,0
1990,32,2,0,0,0,1,25,4,21,0
1990,49,2,0,0,0,1,29,3,48,0
1990,52,1,0,0,0,1,18,4,48,0
1990,27,1,1,1,0,0,875,2,56,0
1990,21,2,1,1,0,0,877,3,20,0
1990,40,1,1,0,0,1,137,5,20,0
1990,35,2,0,1,0,0,14,5,30,0
1990,38,1,0,1,0,0,889,2,45,0
1990,19,1,1,1,0,0,276,3,30,0
1990,39,2,0,0,0,1,154,5,20,0
1990,30,1,0,0,0,1,73,5,40,0
1990,60,1,0,0,0,1,567,0,0,0
1990,58,2,0,0,0,1,666,4,10,0
1990,67,2,3,0,0,0,0,0,0,0
1990,42,1,0,0,0,0,804,3,60,0
1990,39,2,0,0,0,0,385,5,40,0
1990,60,1,0,0,0,0,804,6,0,0
1990,62,2,0,0,0,0,276,3,0,0
1990,36,1,0,0,0,1,178,6,40,0
1990,30,2,0,0,0,1,156,5,40,0
1990,23,2,1,0,0,1,319,5,35,0
1990,23,1,1,0,0,1,436,3,35,0
1990,21,1,1,0,0,1,436,3,35,0
1990,26,1,2,0,0,1,22,4,60,0
1990,59,2,3,0,0,0,276,3,36,0
1990,24,2,3,0,0,0,318,2,40,0
1990,31,1,2,0,0,0,804,4,40,0
1990,46,1,0,0,0,1,154,5,40,1
1990,43,2,0,0,0,1,319,5,40,0
1990,22,2,1,0,0,1,337,5,15,0
1990,61,1,0,0,0,1,253,4,40,1
1990,56,2,0,0,0,0,0,0,0,0
1990,75,1,0,0,0,0,0,0,0,0
1990,72,2,0,0,0,0,0,0,0,0
1990,37,2,2,1,0,1,18,4,20,0
1990,27,2,1,1,0,1,178,5,40,0
1990,19,2,1,1,0,0,449,4,40,0
1990,21,1,1,1,0,0,97,5,40,0
1990,26,2,2,1,0,0,276,3,40,0
1990,35,1,0,0,0,0,516,3,40,0
1990,26,2,0,0,0,1,385,5,40,0
1990,79,1,0,0,0,1,804,4,0,1
1990,80,2,0,0,0,1,0,0,0,0
1990,33,1,0,0,0,1,163,6,40,0
1990,32,2,0,3,3,0,467,5,35,0
1990,34,2,1,0,0,1,95,4,40,0
1990,30,1,2,0,0,1,22,0,40,0
1990,57,1,0,1,0,0,628,1,40,0
1990,59,2,0,1,0,0,407,4,6,0
1990,19,2,1,1,0,0,276,3,40,0
1990,30,2,1,1,0,0,785,1,0,0
1990,47,1,2,0,0,1,0,0,0,0
1990,19,1,1,0,0,1,276,3,40,0
1990,20,1,1,0,0,1,0,0,0,0
1990,20,2,1,3,3,1,469,3,25,0
1990,20,2,1,1,1,1,276,3,30,0
1990,19,2,1,0,0,0,199,5,16,0
1990,21,2,1,1,0,1,436,3,30,0
1990,20,1,1,1,0,1,427,5,0,0
1990,29,1,1,3,3,1,387,5,15,0
1990,18,1,1,0,0,1,243,3,30,0
1990,32,2,2,0,0,1,434,3,30,0
1990,43,1,2,0,0,0,13,3,55,1
1990,64,1,3,0,0,1,18,4,0,0
1990,59,1,0,0,0,1,84,5,50,1
1990,57,2,0,0,0,1,0,0,0,0
1990,77,1,0,0,0,0,804,6,0,0
1990,71,2,0,0,0,1,0,0,0,0
1990,58,2,2,0,0,1,313,5,40,0
1990,22,1,1,0,0,1,208,6,40,0
1990,23,1,1,1,0,0,875,2,60,0
1990,32,1,0,0,0,1,27,5,44,0
1990,32,2,0,0,0,1,308,4,42,0
1990,64,2,3,0,0,0,0,0,0,0
1990,21,1,1,0,0,1,22,5,25,0
1990,20,1,1,0,0,1,0,0,0,0
1990,19,1,1,0,0,1,0,0,0,0
1990,24,1,0,0,0,1,156,5,20,0
1990,22,2,0,0,0,1,103,5,40,0
1990,66,2,2,0,0,1,0,0,0,0
1990,35,1,1,0,0,1,77,5,18,0
1990,30,2,1,0,0,1,78,6,40,0
1990,27,1,1,0,0,1,389,5,20,0
1990,24,1,1,0,0,1,379,5,40,0
1990,24,1,1,0,0,1,567,0,40,0
1990,24,1,1,0,0,1,234,5,20,0
1990,33,1,0,0,0,1,59,5,50,0
1990,33,2,0,0,0,1,0,0,0,0
1990,35,1,0,0,0,0,505,1,40,0
1990,34,2,0,0,0,1,95,5,40,0
1990,47,1,0,0,0,1,55,2,50,1
1990,42,2,0,0,0,1,23,5,0,0
1990,45,1,0,0,0,1,21,5,50,1
1990,31,2,0,0,0,1,254,4,50,0
1990,33,2,2,0,0,0,449,4,0,0
1990,73,1,0,0,0,0,0,0,0,0
1990,74,2,0,0,0,0,0,0,0,0
1990,50,1,1,0,0,0,0,0,0,0
1990,27,1,1,1,0,0,455,4,0,0
1990,48,1,0,0,0,1,479,0,40,0
1990,35,2,0,0,0,0,449,4,14,0
1990,54,1,0,0,0,0,0,0,0,0
1990,59,2,0,0,0,0,458,4,0,0
1990,23,1,1,0,0,1,595,0,40,0
1990,21,1,1,0,0,0,595,0,40,0
1990,31,1,0,0,0,1,804,2,50,1
1990,29,2,0,0,0,1,22,4,3,0
1990,37,1,0,0,0,1,17,3,60,0
1990,35,2,0,0,0,1,677,3,40,0
1990,39,1,0,0,0,1,208,1,40,0
1990,37,2,0,0,0,1,95,5,30,0
1990,65,1,0,1,0,0,0,0,0,0
1990,61,2,0,1,0,0,479,0,0,0
1990,33,1,1,1,0,0,0,0,0,0
1990,67,1,0,0,0,0,453,6,0,0
1990,61,2,0,0,0,0,453,6,25,0
1990,64,1,2,0,0,0,0,0,0,0
1990,37,1,0,0,0,1,505,3,50,0
1990,37,2,0,0,0,1,0,0,0,0
1990,58,1,0,0,0,0,549,1,40,0
1990,54,2,0,0,0,0,155,5,40,0
1990,20,1,1,1,0,0,436,3,30,0
1990,74,2,3,0,0,0,0,0,0,0
1990,55,2,3,1,0,0,407,4,24,0
1990,23,2,1,1,0,0,458,4,40,0
1990,52,1,0,0,0,0,448,1,40,1
1990,52,2,0,0,0,1,0,0,0,0
1990,36,1,0,0,0,0,519,1,43,0
1990,35,2,0,0,0,0,25,4,40,0
1990,27,2,2,1,0,0,276,3,40,0
1990,24,2,1,1,0,0,449,4,3,0
1990,24,1,1,1,0,0,479,0,40,0
1990,37,1,0,0,0,1,243,3,65,1
1990,32,2,0,0,0,0,274,3,0,0
1990,76,1,0,0,0,0,0,0,0,0
1990,77,2,0,0,0,0,0,0,0,0
1990,33,1,0,0,0,0,804,2,60,0
1990,28,2,0,0,0,0,313,5,32,0
1990,67,2,3,0,0,0,0,0,0,0
1990,26,1,2,0,0,0,585,2,10,0
1990,30,1,1,0,0,0,579,4,99,0
1990,23,2,1,1,0,0,0,0,0,0
1990,39,1,0,0,0,0,453,5,40,0
1990,35,2,0,0,0,0,453,5,16,0
1990,35,1,2,0,0,0,0,0,0,0
1990,52,1,0,1,0,0,804,1,40,0
1990,51,2,0,1,0,0,666,3,40,0
1990,45,2,2,1,0,0,449,4,40,0
1990,51,1,2,0,0,0,518,1,40,0
1990,31,1,2,0,0,0,0,0,0,0
1990,32,1,1,1,0,1,0,0,0,0
1990,58,2,2,0,0,0,35,6,40,0
1990,80,2,3,0,0,0,0,0,0,0
1990,26,1,1,1,0,0,889,6,0,0
1990,33,1,1,1,0,0,0,0,0,0
1990,35,1,0,0,0,1,616,0,40,0
1990,37,2,0,0,1,0,744,1,0,0
1990,60,1,0,0,0,0,856,0,0,0
1990,42,2,0,0,0,0,889,0,40,0
1990,20,1,1,0,0,0,479,0,40,0
1990,23,1,1,1,0,0,453,6,0,0
1990,66,2,3,0,0,0,444,5,0,0
1990,35,1,2,0,0,0,686,1,65,0
1990,63,1,0,0,0,0,487,5,40,0
1990,41,2,0,0,0,0,0,0,0,0
1990,28,1,0,1,0,1,424,6,40,0
1990,24,2,0,1,0,1,617,0,40,0
1990,41,1,0,0,0,1,516,0,40,0
1990,39,2,0,0,0,1,313,4,33,0
1990,18,1,1,0,0,1,438,3,30,0
1990,69,1,3,0,0,0,0,0,0,0
1990,31,1,3,1,0,0,889,3,48,0
1990,73,2,2,0,0,0,0,0,0,0
1990,67,1,0,0,0,0,0,0,0,1
1990,67,2,0,0,0,0,0,0,0,0
1990,73,2,3,0,0,0,0,0,0,0
1990,49,1,1,0,0,1,424,6,40,0
1990,79,2,3,0,0,0,0,0,0,0
1990,29,1,3,1,0,0,869,0,40,0
1990,74,2,3,0,0,1,337,3,38,0
1990,30,1,0,0,0,0,486,0,40,0
1990,27,2,0,0,0,1,207,5,56,0
1990,25,2,2,1,0,0,0,0,0,0
1990,44,2,2,1,0,0,779,1,40,0
1990,24,1,1,1,0,0,0,0,0,0
1990,21,1,1,1,0,0,365,3,40,0
1990,43,1,0,1,0,0,869,0,40,0
1990,45,2,0,1,0,0,888,1,40,0
1990,19,1,1,1,0,0,453,5,15,0
1990,73,1,0,0,0,0,0,0,0,0
1990,75,2,0,0,0,0,0,0,0,0
1990,69,1,0,0,0,0,0,0,0,0
1990,66,2,0,0,0,0,436,3,0,0
1990,40,1,0,0,0,0,783,2,40,0
1990,35,2,0,0,0,0,0,0,0,0
1990,28,1,0,0,0,1,424,6,20,0
1990,24,2,0,0,0,0,744,1,40,0
1990,30,2,2,0,0,1,744,1,40,0
1990,27,1,0,0,0,0,709,4,40,0
1990,26,2,0,0,0,0,276,3,35,0
1990,32,2,0,0,0,1,337,3,40,0
1990,41,1,0,0,0,0,869,0,70,0
1990,29,1,0,0,0,1,414,6,40,0
1990,36,2,0,0,0,1,95,5,46,0
1990,39,1,0,0,0,0,595,0,40,0
1990,38,2,0,0,0,0,0,0,0,0
1990,36,1,0,0,0,0,424,6,40,0
1990,34,2,0,0,0,0,328,4,40,0
1990,25,1,0,0,0,1,156,5,30,0
1990,26,2,0,0,0,0,0,0,0,0
1990,51,2,3,0,0,1,0,0,0,0
1990,43,1,2,0,0,0,885,3,40,0
1990,39,1,0,0,0,1,22,1,50,1
1990,40,2,0,0,0,1,159,5,7,0
1990,71,1,0,0,0,0,0,0,0,0
1990,62,2,0,0,0,0,0,0,0,0
1990,21,1,1,0,0,0,0,0,0,0
1990,41,1,0,0,0,1,174,6,40,0
1990,41,2,0,0,0,1,156,5,40,0
1990,65,1,0,0,0,1,0,0,0,0
1990,66,2,0,0,0,1,0,0,0,1
1990,61,1,0,0,0,0,453,5,40,0
1990,63,2,0,0,0,0,0,0,0,0
1990,62,1,0,0,0,0,276,5,30,0
1990,59,2,0,0,0,0,37,1,0,0
1990,50,1,2,0,0,0,314,4,40,0
1990,42,2,2,0,0,0,0,0,0,0
1990,45,2,2,0,0,1,389,6,40,0
1990,65,1,3,0,0,1,389,6,0,0
1990,77,2,1,0,0,1,0,0,0,0
1990,40,1,0,0,0,1,22,2,50,1
1990,40,2,0,0,0,1,379,2,12,0
1990,44,1,0,0,0,1,518,2,40,0
1990,43,2,0,0,0,1,417,6,56,0
1990,20,1,1,0,0,1,883,3,16,0
1990,27,2,3,0,0,0,303,4,40,0
1990,61,2,3,0,0,0,0,0,0,0
1990,67,1,0,0,0,1,0,0,0,0
1990,59,2,0,0,0,1,313,5,40,0
1990,65,1,0,0,0,0,0,0,0,0
1990,61,2,0,0,0,0,0,0,0,0
1990,51,1,0,0,0,1,804,0,45,0
1990,35,2,0,0,0,0,243,3,40,0
1990,24,1,0,1,0,0,804,0,40,0
1990,24,2,0,1,0,0,449,4,40,0
1990,46,1,0,0,2,1,27,1,40,0
1990,45,2,0,0,0,1,447,5,40,0
1990,19,1,1,0,0,0,505,4,40,0
1990,22,1,1,1,0,0,274,4,40,0
1990,25,1,1,1,0,0,584,0,32,0
1990,25,1,3,2,1,0,486,0,20,0
1990,31,1,3,2,1,0,495,0,30,0
1990,76,2,3,0,0,0,0,0,0,0
1990,73,1,1,0,0,0,0,0,0,0
1990,49,1,2,0,0,0,849,0,40,0
1990,55,2,3,0,0,0,0,0,0,0
1990,44,1,3,0,0,0,514,4,45,0
1990,25,1,0,0,0,0,595,0,40,0
1990,28,2,0,0,0,0,435,3,0,0
1990,37,1,0,0,0,1,22,4,40,0
1990,38,2,0,0,2,1,178,6,45,1
1990,55,1,0,0,0,0,253,4,40,0
1990,40,2,0,0,0,0,313,5,40,0
1990,67,1,0,0,0,1,0,0,0,0
1990,66,2,0,0,0,1,0,0,0,0
1990,71,1,0,0,0,0,637,1,0,0
1990,64,2,0,0,0,0,709,1,0,0
1990,44,1,0,3,3,0,505,3,40,0
1990,33,2,0,3,3,1,205,5,40,0
1990,20,2,1,0,0,1,379,5,45,0
1990,25,2,1,1,0,0,446,5,40,0
1990,40,2,0,0,0,1,466,5,80,0
1990,35,1,0,0,0,0,0,0,0,0
1990,18,2,1,0,0,1,379,3,20,0
1990,69,1,0,0,0,0,0,0,0,0
1990,69,2,0,0,0,0,0,0,0,0
1990,18,2,1,0,0,0,435,3,40,0
1990,26,1,1,0,0,0,455,4,40,0
1990,39,2,0,1,0,0,0,0,0,0
1990,40,1,0,1,0,0,486,0,50,0
1990,27,1,1,0,0,0,22,4,45,0
1990,26,1,2,0,0,0,567,0,40,0
1990,44,1,0,0,0,0,785,1,40,0
1990,41,2,0,0,0,0,276,3,40,0
1990,70,1,0,0,0,0,0,0,0,0
1990,63,2,0,0,0,0,155,5,32,0
1990,77,2,3,0,0,0,0,0,0,0
1990,62,1,0,0,0,0,889,4,40,0
1990,59,2,0,0,0,0,453,3,20,0
1990,68,1,0,0,0,1,21,4,0,0
1990,67,2,0,0,0,0,0,0,0,0
1990,35,1,0,0,0,0,266,3,45,0
1990,33,2,0,0,0,0,435,3,32,0
1990,32,1,3,0,0,0,686,3,45,0
1990,41,1,2,0,0,1,555,2,40,0
1990,27,1,0,0,0,0,567,0,40,0
1990,30,2,0,0,0,1,266,3,40,0
1990,52,1,0,0,0,0,749,4,30,0
1990,48,2,0,0,0,0,379,2,50,0
1990,74,2,0,0,0,0,0,0,0,0
1990,73,1,0,0,0,0,0,0,0,0
1990,72,2,0,0,0,0,0,0,0,0
1990,64,1,0,0,0,0,307,5,20,0
1990,52,2,0,0,0,0,385,3,0,0
1990,36,1,0,0,0,1,525,3,45,0
1990,36,2,0,0,0,1,254,4,35,0
1990,41,1,0,0,0,0,585,4,40,0
1990,29,2,0,0,0,0,29,3,10,0
1990,29,1,0,0,0,0,22,0,40,0
1990,29,2,0,0,0,0,0,0,0,0
1990,42,1,1,0,0,0,573,0,40,0
1990,73,1,0,0,0,1,0,0,0,0
1990,69,2,0,0,0,0,0,0,0,0
1990,40,1,0,0,0,1,785,1,40,0
1990,37,2,0,0,0,1,385,4,8,0
1990,33,1,0,0,0,0,628,1,60,0
1990,27,2,0,0,0,1,175,5,0,0
1990,29,2,0,0,0,1,178,6,20,0
1990,25,1,0,0,0,1,195,1,65,0
1990,42,1,0,0,0,0,22,1,45,1
1990,38,2,0,0,0,0,313,1,20,0
1990,57,1,0,0,0,1,26,0,40,1
1990,54,2,0,0,0,1,254,4,40,0
1990,49,1,1,0,0,1,178,5,30,0
1990,76,2,3,0,0,0,0,0,0,0
1990,36,1,2,0,0,1,57,0,48,0
1990,41,2,3,0,0,0,628,1,45,0
1990,27,1,1,0,0,0,439,3,40,0
1990,74,2,3,0,0,1,156,5,40,0
1990,73,1,3,0,0,0,435,2,0,0
1990,64,1,0,0,0,1,734,1,24,0
1990,56,2,0,0,0,1,379,5,0,0
1990,48,1,0,0,0,1,22,0,40,1
1990,46,2,0,0,0,0,313,0,20,0
1990,57,1,0,0,0,1,22,3,30,1
1990,39,2,0,0,0,1,274,3,0,0
1990,47,1,0,0,0,1,266,3,40,0
1990,50,2,0,0,0,1,303,5,41,0
1990,22,2,1,0,0,1,274,3,23,0
1990,44,1,0,3,3,0,637,1,40,0
1990,38,2,0,3,3,1,449,4,25,0
1990,58,1,0,0,0,0,657,1,40,0
1990,56,2,0,0,0,0,628,1,40,0
1990,32,1,2,0,0,0,869,0,0,0
1990,33,2,3,0,0,0,379,0,0,0
1990,78,2,3,0,0,0,0,0,0,0
1990,25,1,0,0,0,1,734,1,40,0
1990,25,2,0,0,0,1,313,5,22,0
1990,75,1,0,0,0,1,254,4,0,0
1990,71,2,0,0,0,0,0,0,0,0
1990,62,1,0,0,0,1,157,5,0,1
1990,63,2,0,0,0,1,95,1,0,0
1990,55,1,2,0,0,1,303,4,40,0
1990,58,2,2,0,0,0,447,5,40,0
1990,43,1,0,0,0,1,22,1,50,1
1990,42,2,0,0,0,1,313,5,15,0
1990,68,1,0,0,0,1,85,5,0,1
1990,70,2,0,0,0,0,0,0,0,0
1990,67,1,1,0,0,0,0,0,0,0
1990,27,2,1,0,0,1,234,6,40,0
1990,55,1,0,0,0,1,0,0,0,0
1990,57,2,0,0,0,1,0,0,0,0
1990,43,1,0,0,0,1,43,5,40,0
1990,42,2,0,0,0,1,313,3,37,0
1990,19,2,1,0,0,0,276,3,20,0
1990,31,1,1,0,0,1,505,0,48,0
1990,59,1,0,0,0,0,686,3,48,0
1990,57,2,0,0,0,0,337,5,50,0
1990,48,1,0,0,0,1,243,3,48,0
1990,36,2,0,0,0,1,213,5,50,0
1990,48,2,3,1,0,1,447,5,40,0
1990,21,2,1,1,0,1,274,3,20,0
1990,23,1,1,1,3,1,276,3,36,0
1990,30,2,1,1,0,0,453,4,0,0
1990,40,1,0,0,0,1,243,3,55,0
1990,35,2,0,0,0,1,303,4,39,0
1990,25,2,1,1,0,0,447,5,40,0
1990,19,1,1,1,0,0,21,5,35,0
1990,75,1,3,1,0,0,0,0,0,0
1990,44,2,1,1,0,0,748,4,0,0
1990,26,1,1,1,0,0,444,3,40,0
1990,25,1,1,0,0,1,883,2,8,0
1990,62,1,0,0,0,0,0,0,0,0
1990,45,2,0,0,2,1,0,0,0,0
1990,26,1,0,0,0,1,29,3,20,0
1990,29,2,0,0,0,1,0,0,0,0
1990,41,2,2,0,2,1,235,5,20,0
1990,30,1,0,0,0,0,549,4,44,0
1990,28,2,0,0,0,0,7,4,40,0
1990,68,1,0,0,0,1,0,0,0,1
1990,68,2,0,0,0,1,0,0,0,0
1990,75,2,0,0,0,0,0,0,0,0
1990,27,1,0,0,0,1,243,3,60,0
1990,25,2,0,0,0,1,313,5,22,0
1990,53,1,0,0,0,1,266,3,0,0
1990,52,2,0,0,0,0,796,1,40,0
1990,63,1,0,0,0,0,0,0,0,0
1990,61,2,0,0,0,0,0,0,0,0
1990,74,1,0,0,0,1,25,5,15,0
1990,68,2,0,0,0,1,0,0,0,0
1990,78,2,3,0,0,1,0,0,0,0
1990,53,1,0,0,0,1,226,2,80,1
1990,30,2,0,0,0,1,463,2,0,0
1990,68,1,0,0,0,0,259,0,40,0
1990,67,2,0,0,0,0,264,3,24,0
1990,32,1,1,0,0,0,453,4,40,0
1990,37,1,0,0,0,1,413,6,40,0
1990,35,2,0,0,0,1,234,5,40,0
1990,47,1,0,0,0,0,22,3,50,0
1990,50,2,0,0,0,0,387,5,20,0
1990,58,1,0,0,0,1,303,4,0,0
1990,59,2,0,0,2,1,95,6,40,0
1990,21,2,1,0,0,1,264,3,25,0
1990,20,2,1,0,0,1,375,4,40,0
1990,20,2,1,0,0,0,458,4,40,0
1990,43,1,0,0,0,1,417,6,56,0
1990,42,2,0,0,0,1,313,5,40,0
1990,60,1,0,0,0,1,157,5,20,0
1990,60,2,0,0,0,1,95,5,0,0
1990,32,1,1,0,0,1,243,3,0,0
1990,32,2,3,0,0,0,276,3,30,0
1990,24,1,1,0,0,0,567,0,25,0
1990,77,2,0,0,0,0,0,0,0,0
1990,70,1,3,0,0,0,0,0,0,0
1990,68,1,0,0,0,1,274,3,24,0
1990,72,2,0,0,0,0,0,0,0,0
1990,33,2,2,0,0,1,315,5,40,0
1990,64,1,0,0,0,0,0,0,0,0
1990,61,2,0,0,0,0,515,1,40,0
1990,53,1,0,0,0,0,418,6,40,0
1990,30,2,0,0,0,0,243,3,50,0
1990,25,1,0,0,0,0,505,2,40,0
1990,19,2,0,0,0,0,748,3,40,0
1990,35,1,2,0,0,0,479,0,60,0
1990,29,2,2,0,0,0,0,0,0,0
1990,30,2,2,0,0,0,449,4,40,0
1990,28,1,1,0,0,0,549,3,46,0
1990,66,1,0,0,0,0,22,2,40,1
1990,59,2,0,0,0,0,0,0,0,0
1990,52,1,0,0,0,1,804,2,40,0
1990,50,2,0,0,0,0,0,0,0,0
1990,26,1,0,0,0,0,505,3,40,0
1990,24,2,0,0,0,0,808,5,0,0
1990,47,1,0,0,0,0,505,5,50,0
1990,46,2,0,0,0,0,275,4,40,0
1990,30,1,3,1,0,0,0,0,0,0
1990,51,1,0,0,0,0,57,0,40,0
1990,41,2,0,0,0,0,205,5,0,0
1990,39,1,0,0,0,1,558,0,45,0
1990,37,2,0,0,0,1,313,5,40,0
1990,31,1,0,0,0,1,13,4,40,0
1990,51,2,0,0,0,1,156,5,40,0
1990,21,1,3,1,0,0,904,6,55,0
1990,18,1,1,0,0,0,515,6,35,0
1990,33,2,1,1,0,0,447,5,40,0
1990,50,1,0,0,0,0,253,4,40,0
1990,42,2,0,0,0,0,313,2,40,0
1990,42,1,0,0,0,1,259,1,50,0
1990,37,2,0,0,0,1,313,5,42,0
1990,30,1,0,0,0,0,213,6,75,0
1990,25,2,0,0,0,1,313,3,40,0
1990,44,2,2,0,0,0,313,5,40,0
1990,31,1,0,1,0,1,25,4,50,0
1990,29,2,0,1,0,1,174,6,40,0
1990,40,1,0,0,0,0,904,6,40,0
1990,34,2,0,0,0,0,243,3,20,0
1990,40,2,0,0,0,1,27,2,40,0
1990,40,1,0,0,0,1,154,5,40,0
1990,73,1,0,0,0,1,0,0,0,0
1990,72,2,0,0,0,0,0,0,0,0
1990,39,2,2,0,0,1,313,4,37,0
1990,24,1,1,0,0,1,444,3,40,0
1990,55,1,0,0,0,1,22,4,50,1
1990,56,2,0,0,0,0,0,0,0,0
1990,28,1,2,0,0,0,243,3,40,0
1990,25,1,1,0,0,1,17,3,40,0
1990,30,1,0,0,0,0,216,1,40,0
1990,26,2,0,0,0,1,254,4,38,0
1990,20,1,1,0,0,1,877,3,35,0
1990,19,2,1,0,0,0,276,3,18,0
1990,32,2,1,0,0,1,186,5,20,0
1990,29,1,0,0,0,1,65,4,37,0
1990,29,2,0,0,0,1,37,4,40,0
1990,41,2,2,0,0,1,27,4,40,0
1990,65,1,0,0,0,0,259,3,0,0
1990,60,2,0,0,0,0,27,2,0,0
1990,23,1,0,3,0,1,829,6,60,0
1990,20,2,0,0,0,0,235,4,24,0
1990,56,1,0,0,0,1,21,5,44,1
1990,50,2,0,0,0,1,0,0,0,0
1990,43,1,3,0,0,0,22,4,50,1
1990,29,1,0,0,0,1,7,3,60,0
1990,27,2,0,0,0,1,37,4,0,0
1990,40,1,0,0,0,0,22,0,70,0
1990,37,2,0,0,0,1,15,5,25,0
1990,66,2,2,0,0,0,325,1,40,0
1990,45,1,0,0,0,0,804,3,50,0
1990,40,2,0,0,0,0,22,2,40,0
1990,18,1,0,0,0,0,599,0,60,0
1990,18,2,0,0,0,0,276,3,25,0
1990,73,2,3,0,0,1,234,4,40,0
1990,70,2,1,1,0,0,0,0,0,0
1990,26,2,1,1,0,0,164,5,40,0
1990,24,2,0,1,0,0,436,3,40,0
1990,24,1,0,1,0,0,453,0,25,0
1990,22,1,1,1,0,0,869,0,70,0
1990,32,1,3,0,0,0,436,3,40,0
1990,29,2,2,0,0,0,364,1,40,0
1990,55,1,0,1,0,0,455,6,40,0
1990,49,2,0,1,0,0,466,5,40,0
1990,29,1,0,0,0,1,267,3,50,1
1990,28,2,0,0,0,1,156,5,45,0
1990,38,1,1,0,0,0,0,0,0,0
1990,41,1,2,1,0,0,0,0,0,0
1990,20,1,1,1,0,0,443,3,0,0
1990,63,2,2,0,0,0,0,0,0,0
1990,71,2,3,1,0,0,449,4,0,0
1990,80,2,1,0,0,1,0,0,0,0
1990,60,2,1,1,0,0,453,4,40,0
1990,60,1,2,1,0,0,804,2,50,0
1990,59,2,3,1,0,0,276,3,35,0
1990,36,1,2,1,0,0,783,0,40,0
1990,27,1,3,1,0,0,436,3,40,0
1990,71,2,3,0,0,0,243,3,0,0
1990,31,1,0,0,0,0,637,1,50,0
1990,33,2,0,0,0,0,276,3,0,0
1990,41,1,0,3,3,0,436,3,40,0
1990,33,2,0,0,0,0,278,1,0,0
1990,80,1,0,0,0,1,0,0,0,0
1990,65,2,0,0,2,1,22,3,48,0
1990,57,1,2,0,0,1,255,4,40,0
1990,21,1,1,0,0,1,573,0,44,0
1990,79,2,3,0,0,0,0,0,0,0
1990,43,1,2,0,0,1,23,5,35,1
1990,26,2,1,0,0,0,22,2,40,0
1990,64,1,0,0,0,0,575,0,0,0
1990,69,2,0,0,0,0,0,0,0,0
1990,47,2,2,0,0,0,443,3,40,0
1990,44,1,2,0,0,0,567,0,40,0
1990,23,1,0,1,0,1,783,2,40,0
1990,19,2,0,1,0,0,378,4,40,0
1990,64,2,3,1,0,0,447,5,40,0
1990,44,1,1,1,0,0,0,0,0,0
1990,58,1,0,0,0,0,869,0,40,0
1990,55,2,0,0,0,0,0,0,0,0
1990,25,1,1,0,0,0,599,0,40,0
1990,40,2,2,0,0,0,216,2,38,0
1990,52,1,0,1,0,0,637,2,40,0
1990,51,2,0,1,0,1,234,5,40,0
1990,24,2,1,1,0,1,354,2,40,0
1990,23,1,1,1,0,1,354,2,40,0
1990,20,2,1,1,0,0,257,2,20,0
1990,39,2,3,1,0,0,436,5,0,0
1990,18,1,0,1,0,0,0,0,0,0
1990,42,2,3,1,0,1,0,0,0,0
1990,60,2,3,1,0,0,453,5,0,0
1990,71,1,3,0,0,0,0,0,0,0
1990,28,1,0,0,0,0,657,3,40,0
1990,25,2,0,0,0,1,313,5,40,0
1990,48,2,2,0,0,0,365,3,45,0
1990,31,1,0,1,0,1,257,2,40,0
1990,26,2,0,1,0,1,323,4,40,0
1990,29,2,2,1,0,1,418,6,40,0
1990,70,1,3,0,0,1,0,0,0,0
1990,68,1,0,1,0,0,243,3,30,0
1990,58,2,0,1,0,0,0,0,0,0
1990,46,2,2,1,0,0,468,5,40,0
1990,51,2,2,1,0,0,389,4,37,0
1990,30,2,1,1,0,1,323,5,40,0
1990,31,1,1,1,0,0,444,3,40,0
1990,26,2,3,1,0,0,264,3,20,0
1990,29,1,0,0,0,0,754,1,40,0
1990,30,2,0,0,0,0,337,5,0,0
1990,37,2,0,0,2,0,253,4,40,0
1990,33,1,0,0,0,0,585,4,40,0
1990,55,2,3,0,0,0,27,6,40,0
1990,60,1,0,1,0,1,808,2,40,0
1990,46,2,0,1,0,1,174,6,40,0
1990,19,1,1,1,0,0,877,3,20,0
1990,59,2,0,1,0,0,467,5,40,0
1990,59,1,0,1,0,0,243,3,40,0
1990,19,2,1,1,0,0,276,3,35,0
1990,55,1,0,1,0,0,22,5,40,0
1990,55,2,0,1,0,0,0,0,0,0
1990,29,1,1,1,0,0,563,0,40,0
1990,33,1,2,0,0,0,597,1,43,0
1990,49,2,2,1,0,0,0,0,0,0
1990,19,2,1,1,0,0,276,3,18,0
1990,21,1,1,1,0,0,436,3,40,0
1990,50,2,1,1,0,0,436,5,40,0
1990,30,1,1,1,0,0,453,4,40,0
1990,43,2,2,1,0,1,379,0,23,0
1990,22,1,2,1,0,0,17,3,40,0
1990,40,1,1,1,0,0,453,3,32,0
1990,39,1,2,0,0,1,869,0,40,0
1990,27,1,0,0,0,0,206,5,40,0
1990,23,2,0,0,0,0,313,3,40,0
1990,62,2,0,0,0,1,0,0,0,0
1990,68,1,0,0,0,1,0,0,0,0
1990,35,1,2,0,0,0,595,0,40,0
1990,34,1,1,0,0,0,595,0,45,0
1990,73,2,2,0,0,1,0,0,0,0
1990,43,1,0,0,0,1,274,3,20,0
1990,37,2,0,0,0,1,447,5,40,0
1990,70,1,0,0,0,0,628,2,0,0
1990,66,2,0,0,2,1,0,0,0,0
1990,54,1,0,0,0,0,804,2,70,0
1990,53,2,0,0,0,0,436,3,0,0
1990,69,1,2,0,0,0,0,0,0,0
1990,48,1,0,0,0,0,22,2,40,0
1990,47,2,0,0,0,0,8,3,40,0
1990,31,1,2,1,0,1,628,2,84,0
1990,23,2,2,1,0,1,447,5,25,0
1990,61,2,2,0,0,0,274,3,40,0
1990,35,1,0,1,0,1,354,2,40,0
1990,31,2,0,1,0,1,376,4,40,0
1990,27,1,0,0,0,1,575,6,60,0
1990,28,2,0,0,0,1,22,2,40,0
1990,51,2,0,0,0,0,243,1,30,0
1990,58,1,0,0,0,0,0,0,0,0
1990,28,2,3,0,0,0,365,3,40,0
1990,60,1,0,0,0,0,869,0,40,0
1990,59,2,0,0,0,0,255,4,40,0
1990,28,1,0,1,0,1,316,6,35,0
1990,24,2,0,1,0,1,447,5,40,0
1990,23,1,1,1,0,0,444,3,20,0
1990,51,1,0,0,0,0,449,5,40,0
1990,44,2,0,0,0,0,449,4,40,0
1990,49,1,0,0,0,1,84,5,60,1
1990,46,2,0,0,0,1,0,0,0,0
1990,31,1,1,0,0,1,255,4,43,0
1990,23,1,1,3,0,1,904,6,40,0
1990,49,2,0,0,0,0,243,3,40,0
1990,57,1,0,0,0,0,37,1,40,0
1990,28,1,1,0,0,1,885,6,40,0
1990,37,1,2,0,0,1,308,6,40,0
1990,27,2,3,0,0,0,435,3,35,0
1990,49,2,2,3,3,1,95,5,50,0
1990,57,2,2,0,0,0,27,4,38,0
1990,20,1,1,0,0,0,577,2,40,0
1990,34,1,0,1,0,1,643,6,80,0
1990,32,2,0,1,0,1,27,6,40,0
1990,51,2,2,0,0,0,243,3,48,0
1990,39,1,0,0,0,0,363,2,50,0
1990,41,2,0,0,0,0,453,5,40,0
1990,45,1,0,0,0,1,533,6,40,0
1990,49,2,0,0,0,1,303,0,40,0
1990,21,1,1,0,0,0,226,6,40,0
1990,34,1,2,0,0,1,523,6,50,0
1990,21,1,1,0,0,0,365,6,80,0
1990,20,1,2,3,0,0,547,6,90,0
1990,24,1,3,0,0,1,515,6,10,0
1990,22,1,1,2,0,0,515,6,60,0
1990,27,1,0,0,0,1,22,6,40,0
1990,27,2,0,0,0,1,356,4,30,0
1990,30,1,0,0,0,0,833,6,56,0
1990,27,2,0,0,0,0,264,3,40,0
1990,27,1,0,0,0,0,684,6,60,0
1990,29,2,0,0,0,0,737,1,5,0
1990,25,1,2,0,0,0,585,2,80,0
1990,23,2,1,0,0,0,508,6,40,0
1990,45,1,0,1,0,1,486,0,40,0
1990,40,2,0,1,0,1,373,3,52,0
1990,36,2,2,0,0,1,103,5,37,1
1990,49,1,0,0,0,1,22,4,50,1
1990,32,2,0,0,0,1,183,4,45,0
1990,63,1,0,0,0,1,0,0,0,0
1990,59,2,0,0,0,1,0,0,0,0
1990,42,1,0,0,0,1,22,2,40,1
1990,39,2,0,0,0,1,163,5,0,0
1990,66,1,0,0,0,0,254,4,40,1
1990,65,2,0,0,0,0,337,4,0,0
1990,56,2,2,0,0,0,674,3,35,0
1990,29,2,1,0,0,1,315,5,40,0
1990,32,2,1,0,0,0,888,5,52,0
1990,42,1,0,0,0,1,476,0,50,0
1990,35,2,0,0,0,1,323,4,0,0
1990,69,1,0,2,0,1,467,5,0,0
1990,66,2,0,0,0,0,14,5,0,0
1990,58,2,0,0,0,1,15,5,48,0
1990,61,1,0,0,0,1,7,4,40,0
1990,33,1,1,0,0,0,159,2,60,0
1990,58,1,2,0,0,1,0,0,0,0
1990,22,2,1,3,0,0,887,4,8,0
1990,41,1,0,0,0,1,22,0,70,0
1990,41,2,0,0,0,1,313,0,48,0
1990,36,1,1,0,0,0,869,0,40,0
1990,18,2,1,1,0,0,275,3,0,0
1990,22,2,0,0,0,1,904,6,49,0
1990,26,1,0,0,0,0,434,3,40,0
1990,25,2,1,0,0,0,533,6,54,0
1990,33,1,2,0,0,1,22,1,40,0
1990,30,1,0,0,0,0,22,0,40,0
1990,27,2,0,0,0,1,313,3,40,0
1990,57,2,2,0,0,0,0,0,0,0
1990,20,2,1,0,0,1,435,3,20,0
1990,55,1,0,0,0,1,555,0,40,1
1990,53,2,0,0,0,1,95,5,32,0
1990,29,2,3,0,0,1,318,2,0,0
1990,19,1,1,0,0,0,877,3,30,0
1990,70,1,0,1,0,0,809,2,28,0
1990,51,2,0,1,0,0,407,4,0,0
1990,45,1,0,0,0,1,785,1,40,0
1990,36,2,0,0,0,1,487,0,45,0
1990,69,1,0,0,2,1,0,0,0,0
1990,61,2,0,0,0,1,23,5,40,0
1990,48,1,0,0,0,0,518,1,40,0
1990,36,2,0,0,0,1,383,4,40,0
1990,20,1,1,0,0,0,365,3,10,0
1990,18,1,1,1,0,0,17,3,40,0
1990,23,2,1,0,0,1,243,3,40,0
1990,50,1,0,0,0,0,503,2,40,0
1990,51,2,0,0,0,0,22,4,37,0
1990,26,1,0,0,0,1,523,6,20,0
1990,26,2,0,0,3,1,445,5,40,0
1990,54,1,0,3,3,1,379,6,40,0
1990,47,2,0,0,0,0,383,4,40,0
1990,80,2,3,0,2,0,0,0,0,0
1990,51,1,0,0,0,1,503,1,50,1
1990,48,2,0,0,0,0,22,5,0,0
1990,46,1,0,0,0,0,637,1,40,0
1990,44,2,0,0,0,1,95,5,40,0
1990,62,1,0,0,0,0,796,6,40,0
1990,59,2,0,0,0,0,313,5,40,0
1990,46,1,2,0,0,1,549,1,50,0
1990,47,1,0,0,0,1,22,2,40,0
1990,46,2,0,0,0,0,407,4,30,0
1990,62,2,3,0,0,1,229,5,0,0
1990,23,1,0,0,0,0,637,6,40,0
1990,23,2,0,0,0,0,276,3,0,0
1990,39,1,0,0,0,1,303,4,50,0
1990,34,2,0,0,0,1,156,5,8,0
1990,67,1,0,0,0,0,759,3,0,0
1990,63,2,0,0,0,0,748,4,40,0
1990,53,2,1,0,0,1,22,5,40,0
1990,59,2,1,0,0,1,21,5,40,0
1990,71,2,3,0,0,0,315,6,0,0
1990,38,1,0,0,0,1,567,0,45,0
1990,35,2,0,0,0,0,339,5,40,0
1990,38,1,2,0,0,0,634,1,40,0
1990,34,2,1,0,0,0,435,3,20,0
1990,52,2,2,0,2,1,84,5,50,1
1990,52,1,1,1,0,0,883,5,35,0
1990,39,2,1,1,0,0,436,3,0,0
1990,31,1,1,0,0,1,243,3,50,1
1990,37,1,0,0,0,1,229,4,40,0
1990,39,2,0,0,0,0,274,3,40,0
1990,52,2,2,0,0,1,15,5,60,0
1990,69,2,0,0,0,1,337,4,8,0
1990,52,1,0,0,2,0,828,2,84,0
1990,60,2,3,0,0,0,313,5,40,0
1990,60,2,2,0,0,0,319,1,40,0
1990,24,2,1,0,0,1,377,5,40,0
1990,27,1,1,0,0,1,27,6,55,0
1990,28,1,1,0,0,1,65,4,35,0
1990,26,2,1,0,0,1,337,4,45,0
1990,35,1,1,0,0,1,447,5,50,0
1990,39,1,0,1,0,1,255,4,20,0
1990,40,2,0,1,0,1,529,2,40,0
1990,62,1,0,0,0,1,0,0,0,0
1990,60,2,0,0,0,1,264,3,0,0
1990,25,1,0,0,0,0,567,0,40,0
1990,24,2,0,0,0,1,458,4,40,0
1990,79,2,0,0,0,0,0,0,0,0
1990,53,1,0,0,0,0,804,2,60,0
1990,47,2,0,0,0,1,389,6,40,0
1990,20,2,1,0,0,1,384,1,20,0
1990,32,2,1,0,0,1,67,4,43,0
1990,42,2,1,0,0,1,354,2,40,0
1990,32,1,1,0,0,1,337,4,38,0
1990,46,1,0,0,0,1,84,5,60,1
1990,29,2,0,0,0,1,319,2,35,0
1990,26,1,0,0,0,0,254,4,55,0
1990,25,2,0,0,0,1,804,2,38,0
1990,58,1,0,0,3,0,22,3,0,0
1990,54,2,0,0,3,0,0,0,0,0
1990,65,1,3,0,0,0,188,3,0,0
1990,23,2,1,0,0,1,203,5,40,0
1990,65,1,0,0,0,1,0,0,0,0
1990,68,2,0,0,0,0,0,0,0,0
1990,55,2,2,0,0,0,375,4,40,0
1990,27,2,0,0,0,1,274,3,45,0
1990,36,1,0,0,0,1,364,1,40,0
1990,34,2,0,0,0,1,95,5,32,0
1990,34,1,0,0,0,1,13,3,40,0
1990,45,2,0,0,0,1,7,4,52,0
1990,44,1,0,0,0,1,159,4,56,0
1990,26,2,1,0,0,1,37,6,40,0
1990,42,1,2,0,0,0,58,2,40,1
1990,28,1,1,0,0,0,276,2,70,0
1990,18,2,1,0,0,0,17,3,35,0
1990,50,2,2,0,0,1,7,4,40,0
1990,56,1,2,0,0,1,365,1,40,0
1990,62,1,3,0,0,1,804,3,20,0
1990,63,1,0,0,0,1,785,3,35,0
1990,63,2,0,0,0,0,0,0,0,0
1990,33,1,1,0,0,0,436,3,35,0
1990,31,2,1,0,0,1,433,4,60,0
1990,22,2,0,0,0,0,439,3,34,0
1990,23,1,0,0,0,0,628,1,50,0
1990,38,2,1,1,0,1,156,5,0,0
1990,20,1,1,1,0,0,486,0,0,0
1990,19,2,1,1,0,0,0,0,0,0
1990,27,2,1,1,0,0,905,6,40,0
1990,26,1,1,1,0,0,869,0,0,0
1990,20,2,1,1,0,0,449,4,37,0
1990,19,1,1,1,0,0,449,5,40,0
1990,68,1,0,0,0,0,0,0,0,0
1990,61,2,0,0,0,0,0,0,0,0
1990,24,1,0,0,0,1,308,4,40,0
1990,24,2,0,0,0,1,317,4,40,0
1990,64,1,0,0,0,0,0,0,0,0
1990,68,2,0,0,0,0,453,5,0,0
1990,29,1,0,0,0,0,877,1,40,0
1990,29,2,0,0,0,0,668,1,40,0
1990,79,1,0,0,0,0,0,0,0,0
1990,80,2,0,0,0,0,0,0,0,0
1990,28,1,0,0,0,0,558,0,45,0
1990,25,2,0,0,0,0,877,3,40,0
1990,62,2,0,0,0,0,275,4,15,0
1990,67,1,0,0,0,1,418,6,0,0
1990,44,2,0,0,0,0,804,5,20,0
1990,52,1,0,0,0,0,777,3,37,0
1990,18,1,1,0,0,0,0,0,0,0
1990,29,1,0,0,0,0,518,1,55,0
1990,30,2,0,0,0,0,0,0,0,0
1990,72,2,3,0,2,0,0,0,0,0
1990,76,2,3,1,0,0,0,0,0,0
1990,80,1,3,1,0,0,0,0,0,0
1990,57,1,0,0,0,1,22,2,10,0
1990,47,2,0,0,0,1,17,3,48,0
1990,71,1,3,0,0,0,376,6,40,0
1990,65,1,3,0,0,0,0,0,0,0
1990,29,2,1,1,0,0,436,3,30,0
1990,52,1,0,0,0,0,777,1,55,0
1990,55,2,0,0,0,0,315,1,0,0
1990,65,2,3,0,0,0,436,3,54,0
1990,35,1,1,0,0,0,263,3,54,0
1990,65,2,2,1,0,0,453,4,10,0
1990,19,2,1,1,0,0,488,0,40,0
1990,58,1,1,0,0,0,0,0,0,0
1990,53,2,2,0,0,0,274,3,40,0
1990,64,1,0,0,0,1,0,0,0,0
1990,62,2,0,0,0,0,0,0,0,0
1990,49,1,0,0,0,0,547,1,50,0
1990,40,2,0,0,0,1,207,5,40,0
1990,19,2,1,0,0,0,276,3,30,0
1990,23,2,2,0,0,0,243,3,40,0
1990,20,1,1,0,0,0,869,0,40,0
1990,36,1,0,0,0,1,22,1,48,0
1990,44,2,0,0,0,1,95,5,40,0
1990,34,2,2,0,0,1,436,3,40,0
1990,72,2,3,0,0,0,0,0,0,0
1990,36,2,3,1,0,0,488,0,40,0
1990,34,1,1,0,0,1,22,0,40,0
1990,30,2,2,0,0,1,337,0,44,0
1990,27,2,1,0,0,0,0,0,0,0
1990,41,1,0,0,2,0,556,0,40,0
1990,40,2,0,0,0,1,156,5,40,0
1990,73,2,3,0,0,0,0,0,0,0
1990,69,1,0,0,0,0,0,0,0,0
1990,65,2,0,0,0,0,0,0,0,0
1990,65,1,0,1,0,0,0,0,0,0
1990,54,2,0,1,0,0,447,5,23,1
1990,35,1,1,0,0,1,17,3,70,1
1990,33,2,1,0,0,1,156,5,40,0
1990,63,2,3,1,0,0,469,6,40,0
1990,35,1,0,0,0,1,254,4,45,0
1990,30,2,0,0,0,0,465,5,36,0
1990,58,1,0,0,0,1,259,1,40,1
1990,54,2,0,0,0,0,0,0,0,0
1990,40,1,0,0,0,1,253,4,50,1
1990,41,2,0,0,0,1,156,5,50,0
1990,64,1,0,0,0,1,17,3,0,1
1990,45,2,0,0,0,1,154,5,0,0
1990,25,1,1,0,0,1,5,6,40,0
1990,25,2,3,0,0,1,256,1,60,0
1990,25,2,3,0,0,1,274,3,50,0
1990,27,1,0,0,0,1,274,3,50,0
1990,24,2,0,0,0,0,243,3,24,0
1990,43,1,0,0,0,1,9,5,45,1
1990,38,2,0,0,0,0,0,0,0,0
1990,20,2,1,0,0,0,315,3,37,0
1990,41,2,3,0,0,0,385,2,37,0
1990,19,2,1,0,0,1,435,3,20,0
1990,46,1,0,0,0,0,577,2,40,0
1990,47,2,0,0,0,0,315,5,40,0
1990,19,1,1,0,0,1,883,2,20,0
1990,29,1,0,0,0,0,503,4,60,0
1990,24,2,0,0,0,1,7,4,40,0
1990,54,1,1,0,0,0,804,2,60,1
1990,62,1,0,0,0,1,276,2,24,0
1990,56,2,0,0,0,0,355,2,40,0
1990,43,1,2,0,0,0,243,3,52,0
1990,68,2,2,0,0,0,0,0,0,0
1990,48,2,2,0,0,0,799,1,40,0
1990,66,2,3,0,0,0,379,5,24,0
1990,55,2,2,0,0,0,313,3,40,0
1990,33,1,1,0,0,1,904,6,40,0
1990,31,1,0,0,0,0,844,0,50,0
1990,41,2,0,0,0,0,0,0,0,0
1990,65,2,2,0,0,1,0,0,0,0
1990,75,2,3,0,0,0,0,0,0,0
1990,45,1,0,0,0,1,22,1,40,0
1990,42,2,0,0,0,1,468,5,0,0
1990,18,1,1,0,0,1,486,5,40,0
1990,44,1,0,0,0,0,734,4,80,0
1990,43,2,0,0,0,0,254,4,30,0
1990,18,1,1,0,0,1,877,3,0,0
1990,44,1,0,0,0,1,423,6,40,0
1990,39,2,0,0,0,1,313,5,50,0
1990,69,1,0,0,0,1,363,3,40,1
1990,63,2,0,0,0,1,0,0,0,0
1990,71,2,0,0,0,1,283,3,20,0
1990,67,1,0,0,0,0,0,0,0,0
1990,72,1,2,0,0,0,0,0,0,0
1990,74,1,0,0,0,0,0,0,0,0
1990,74,2,0,0,0,0,0,0,0,0
1990,32,1,1,0,0,1,14,3,40,0
1990,29,1,1,0,0,1,55,6,40,0
1990,24,1,1,0,0,1,55,6,40,0
1990,22,1,1,3,3,1,577,0,52,0
1990,68,1,0,0,0,0,253,4,30,0
1990,59,2,0,0,0,0,0,0,0,0
1990,21,1,1,1,0,0,885,4,0,0
1990,22,1,1,1,0,0,436,3,10,0
1990,31,1,0,0,0,0,276,3,48,0
1990,29,2,0,0,0,0,383,4,0,0
1990,46,1,0,0,0,1,59,5,40,0
1990,46,2,0,0,0,1,154,5,35,0
1990,18,2,1,0,0,1,313,5,20,0
1990,36,1,0,0,0,0,594,0,50,0
1990,36,2,0,0,0,1,313,1,40,0
1990,29,1,0,0,0,0,869,0,50,0
1990,34,2,0,0,0,0,799,3,40,0
1990,23,2,1,0,0,0,313,4,40,0
1990,35,2,0,0,0,0,0,0,0,0
1990,33,1,0,0,0,0,558,0,50,0
1990,56,2,3,0,0,1,379,6,40,0
1990,29,1,1,0,0,1,904,6,40,0
1990,34,1,0,0,2,1,65,1,40,0
1990,38,2,0,0,0,1,469,4,30,0
1990,45,1,0,0,0,1,174,6,40,0
1990,44,2,0,0,0,1,313,3,25,0
1990,18,2,1,0,0,0,276,3,20,0
1990,51,2,2,0,0,1,174,5,40,0
1990,19,1,1,0,0,0,869,0,32,0
1990,47,1,0,0,0,1,55,1,40,0
1990,40,2,0,0,0,1,315,1,30,0
1990,24,1,1,1,0,0,276,3,80,0
1990,80,2,1,0,0,1,0,0,0,0
1990,18,2,1,0,0,0,438,3,0,0
1990,21,1,2,0,0,0,813,4,32,0
1990,40,2,1,0,0,0,628,1,45,0
1990,62,1,0,0,0,0,56,1,0,0
1990,50,2,0,0,0,0,467,5,30,0
1990,51,1,0,0,0,1,22,0,75,0
1990,41,2,0,0,0,0,254,4,40,0
1990,19,1,1,0,0,0,869,0,40,0
1990,77,1,0,0,0,0,0,0,0,0
1990,76,2,0,0,0,0,0,0,0,0
1990,77,2,0,0,0,1,0,0,0,0
1990,47,1,0,0,0,1,213,1,40,0
1990,44,2,0,0,0,0,187,5,40,0
1990,23,1,1,0,0,1,804,3,40,0
1990,55,1,0,0,0,1,64,4,46,1
1990,49,2,0,0,0,0,748,4,40,0
1990,63,1,0,0,0,0,589,0,38,0
1990,63,2,0,0,0,0,406,4,0,0
1990,38,1,0,0,0,1,308,6,40,0
1990,38,2,0,0,0,1,276,3,20,0
1990,42,2,0,0,0,0,433,3,40,0
1990,50,1,0,0,0,0,577,0,40,0
1990,64,1,0,0,0,0,0,0,0,0
1990,61,2,0,0,0,0,0,0,0,0
1990,26,1,1,1,0,1,57,5,40,0
1990,26,2,1,1,0,1,156,5,20,0
1990,68,1,0,0,0,0,22,5,40,0
1990,63,2,0,0,0,0,276,3,0,0
1990,32,1,1,0,0,0,389,0,16,0
1990,47,1,0,1,0,0,889,6,40,0
1990,43,2,0,1,0,0,453,4,7,0
1990,18,1,1,1,0,0,436,3,25,0
1990,70,1,0,1,0,0,0,0,0,0
1990,66,2,0,1,0,0,156,5,33,0
1990,34,1,0,0,0,1,567,0,0,0
1990,34,2,0,0,0,1,22,1,45,0
1990,72,2,3,0,0,0,274,3,40,0
1990,31,1,0,0,0,1,254,4,40,1
1990,30,2,0,0,0,1,17,3,40,0
1990,42,2,2,0,0,1,95,5,60,0
1990,59,1,0,0,0,1,389,1,0,0
1990,59,2,0,0,2,1,373,3,30,0
1990,32,1,0,0,0,0,694,2,40,0
1990,28,2,0,0,0,1,303,6,60,0
1990,77,1,0,0,0,0,0,0,0,0
1990,75,2,0,0,0,0,0,0,0,0
1990,75,2,3,0,0,1,0,0,0,0
1990,50,2,3,0,0,1,188,5,27,1
1990,59,2,3,0,0,1,877,3,45,0
1990,56,1,0,0,0,1,257,5,40,0
1990,57,2,0,0,0,1,95,5,0,0
1990,20,2,1,0,0,1,274,3,16,0
1990,22,2,1,0,0,1,274,3,16,0
1990,55,1,0,0,0,1,22,1,40,1
1990,54,2,0,0,0,1,0,0,0,0
1990,31,2,2,0,0,0,683,1,40,0
1990,49,1,0,0,0,0,0,0,0,0
1990,56,2,0,0,0,0,0,0,0,0
1990,49,1,1,0,0,0,869,0,50,0
1990,80,1,0,0,0,0,0,0,0,0
1990,78,2,0,0,0,0,0,0,0,0
1990,44,1,0,0,0,1,22,1,45,1
1990,42,2,0,0,0,1,22,5,40,0
1990,49,1,0,0,0,0,577,2,40,0
1990,55,2,0,0,0,0,458,4,50,0
1990,42,1,0,0,0,0,469,5,40,0
1990,30,2,0,0,2,1,84,5,50,1
1990,49,1,0,0,0,0,22,0,48,0
1990,55,2,0,0,0,0,0,0,0,0
1990,69,1,0,0,0,1,0,0,0,0
1990,58,2,0,0,0,0,383,4,30,0
1990,77,1,0,0,0,1,276,3,15,0
1990,72,2,0,0,0,0,0,0,0,0
1990,75,2,0,0,0,0,0,0,0,0
1990,76,1,0,0,0,0,0,0,0,0
1990,24,1,0,0,0,0,243,3,60,0
1990,21,2,0,0,0,0,259,1,40,0
1990,74,1,0,0,0,1,0,0,0,1
1990,72,2,0,0,0,1,0,0,0,0
1990,69,2,3,0,0,0,0,0,0,0
1990,78,1,0,0,0,1,0,0,0,0
1990,66,2,0,0,0,1,0,0,0,0
1990,38,1,1,0,0,1,518,1,40,0
1990,32,1,1,0,0,0,453,1,40,0
1990,29,2,0,0,0,0,748,4,40,0
1990,33,1,0,0,2,0,723,1,40,0
1990,35,1,0,1,0,1,365,1,40,0
1990,33,2,0,1,0,1,426,1,40,0
1990,29,1,0,1,0,0,563,0,40,0
1990,26,2,0,1,0,0,529,2,40,0
1990,33,2,0,0,0,0,313,1,40,0
1990,45,1,0,0,0,0,584,0,50,0
1990,66,1,0,0,0,0,156,5,30,0
1990,58,2,0,0,0,0,689,1,40,0
1990,55,1,0,0,0,1,426,3,40,0
1990,39,2,0,3,3,0,0,0,0,0
1990,56,2,3,1,1,0,447,5,0,0
1990,28,1,3,1,1,0,0,0,0,0
1990,32,2,2,0,0,1,27,1,40,0
1990,72,1,0,0,0,0,426,1,32,0
1990,69,2,0,0,0,0,426,5,40,0
1990,25,2,1,0,0,1,435,3,0,0
1990,33,1,2,0,0,0,567,0,60,0
1990,48,1,0,0,0,1,525,6,45,1
1990,43,2,0,0,0,0,17,4,40,0
1990,42,1,0,0,0,0,558,0,65,0
1990,37,2,0,0,0,0,453,4,0,0
1990,19,2,1,0,0,0,276,3,30,0
1990,61,1,0,0,0,1,259,1,50,0
1990,36,2,0,0,0,1,234,5,0,0
1990,62,1,2,0,0,0,213,1,40,1
1990,76,2,3,0,0,0,0,0,0,0
1990,29,1,1,0,0,0,355,2,45,0
1990,29,1,1,0,0,0,347,4,37,0
1990,73,1,0,0,0,0,0,0,0,0
1990,64,2,0,0,0,1,0,0,0,0
1990,66,1,0,0,0,0,877,3,0,0
1990,67,2,0,0,0,0,0,0,0,0
1990,42,2,0,0,0,1,313,5,55,0
1990,34,1,0,0,0,0,426,5,37,0
1990,21,2,2,0,0,0,276,3,35,0
1990,61,1,0,0,0,1,55,1,50,1
1990,59,2,0,0,0,0,0,0,0,0
1990,74,1,0,0,0,0,0,0,0,0
1990,70,2,0,0,0,0,0,0,0,0
1990,77,1,0,0,0,0,365,6,48,0
1990,76,2,0,0,0,0,0,0,0,0
1990,48,1,2,0,0,0,628,1,40,0
1990,79,2,0,0,0,0,0,0,0,0
1990,20,1,1,3,3,0,0,0,0,0
1990,75,2,3,0,0,0,0,0,0,0
1990,40,1,1,0,0,1,22,5,40,0
1990,31,1,0,0,0,1,453,3,40,0
1990,29,2,0,0,0,1,385,6,40,0
1990,26,1,1,0,0,1,337,3,40,0
1990,20,1,1,0,0,1,436,3,55,0
1990,20,1,1,0,0,1,575,0,40,0
1990,20,1,1,0,0,1,779,1,40,0
1990,44,1,0,0,0,0,55,1,40,1
1990,46,2,0,3,0,0,313,5,0,0
1990,65,2,3,0,0,0,859,1,40,0
1990,38,1,3,0,0,1,22,0,60,0
1990,73,2,0,0,0,0,0,0,0,0
1990,31,2,1,1,0,1,53,0,40,0
1990,69,1,0,0,0,1,26,0,20,0
1990,57,2,0,0,0,0,22,0,35,0
1990,23,2,1,0,0,1,208,5,50,0
1990,60,1,0,0,0,0,796,1,40,0
1990,62,2,0,0,0,1,0,0,0,0
1990,46,1,0,0,0,1,364,1,40,0
1990,32,2,0,0,0,1,276,0,30,0
1990,48,1,0,0,2,0,207,5,40,0
1990,40,2,0,0,0,0,435,3,30,0
1990,18,1,1,0,0,0,436,3,30,0
1990,19,1,1,0,0,0,436,3,45,0
1990,27,2,3,0,0,1,435,3,50,0
1990,46,2,3,0,0,0,435,5,20,0
1990,70,2,3,0,0,0,95,4,0,0
1990,20,1,1,0,0,1,505,3,0,0
1990,20,1,1,0,0,1,276,3,40,0
1990,47,1,2,0,0,1,257,2,40,0
1990,31,1,1,0,0,1,417,6,80,0
1990,50,1,0,0,0,1,22,1,44,1
1990,50,2,0,0,0,1,199,5,20,0
1990,21,2,1,0,0,1,17,3,20,0
1990,41,1,0,0,0,1,877,6,34,0
1990,40,2,0,0,0,1,756,6,40,0
1990,32,1,0,0,0,1,628,1,40,0
1990,33,2,0,0,0,1,274,3,40,0
1990,60,2,3,0,0,1,5,6,40,0
1990,24,1,0,0,0,1,549,5,40,0
1990,23,2,0,0,0,1,313,5,40,0
1990,35,2,2,0,0,1,207,5,40,1
1990,37,1,2,0,0,1,185,4,35,0
1990,56,1,0,0,0,1,55,1,40,1
1990,51,2,0,0,0,0,0,0,0,0
1990,72,1,3,0,0,1,55,1,6,0
1990,56,2,0,0,0,1,303,5,35,0
1990,67,1,0,0,2,1,486,0,0,0
1990,73,2,3,0,0,1,254,4,0,0
1990,49,1,0,0,0,1,263,3,30,0
1990,47,2,0,0,0,1,37,6,40,0
1990,62,2,3,0,0,0,274,3,15,0
1990,40,1,0,0,0,1,628,0,60,0
1990,44,2,0,0,0,1,13,1,0,0
1990,64,1,0,0,0,1,263,3,50,0
1990,60,2,0,0,0,0,0,0,0,0
1990,29,2,0,3,3,0,785,2,40,0
1990,30,1,0,0,0,1,55,1,50,0
1990,69,1,3,0,0,1,0,0,0,0
1990,24,2,1,0,0,1,274,3,60,0
1990,25,2,1,0,0,1,386,4,40,0
1990,37,1,0,0,0,1,186,5,40,0
1990,33,2,0,0,0,1,203,5,60,1
1990,79,1,0,0,0,0,779,3,8,0
1990,73,2,0,0,0,0,0,0,0,0
1990,22,2,0,0,0,1,276,3,25,0
1990,24,1,0,0,0,1,599,6,40,0
1990,68,1,3,0,0,0,796,1,40,0
1990,62,1,0,0,2,1,45,1,0,0
1990,60,2,0,0,2,0,0,0,0,0
1990,42,1,2,0,0,0,0,0,0,0
1990,36,1,1,0,0,0,573,0,40,0
1990,55,1,0,0,0,1,22,2,40,1
1990,53,2,0,0,0,1,0,0,0,1
1990,61,1,0,0,0,1,44,1,40,1
1990,66,2,0,0,0,1,0,0,0,0
1990,52,1,2,0,0,1,628,1,40,0
1990,49,2,3,0,0,1,305,0,20,0
1990,60,1,2,0,0,1,44,6,40,1
1990,34,1,0,0,0,0,558,0,30,0
1990,40,2,0,0,0,1,229,4,40,0
1990,67,1,0,0,0,1,278,1,40,0
1990,55,2,0,0,0,1,95,5,24,0
1990,18,1,1,0,0,0,453,4,12,0
1990,31,2,3,0,0,1,434,1,40,0
1990,58,1,2,0,0,1,628,1,44,0
1990,36,1,1,0,0,1,575,0,40,0
1990,32,1,1,0,0,1,828,2,0,0
1990,44,1,0,0,0,0,17,3,80,0
1990,43,2,0,0,0,1,17,4,65,0
1990,19,1,1,0,0,1,436,3,40,1
1990,43,1,0,0,0,1,243,3,70,0
1990,41,2,0,0,0,1,274,3,35,0
1990,43,2,2,3,0,0,453,4,35,0
1990,53,1,0,0,0,1,255,4,50,1
1990,35,2,0,0,0,0,22,4,0,0
1990,73,1,0,0,0,0,0,0,0,0
1990,72,2,0,0,0,0,0,0,0,0
1990,32,1,3,3,3,1,276,3,50,0
1990,72,2,3,0,0,0,0,0,0,0
1990,60,1,0,0,0,0,22,2,40,0
1990,55,2,0,0,0,1,337,5,30,0
1990,67,1,0,0,0,0,0,0,0,0
1990,70,2,0,0,0,1,0,0,0,0
1990,74,2,2,0,0,0,0,0,0,0
1990,45,1,0,0,0,1,844,1,40,0
1990,37,2,0,3,3,0,0,0,0,0
1990,39,1,0,0,2,1,804,2,70,1
1990,31,2,0,0,0,1,0,0,0,0
1990,33,2,2,0,0,1,44,1,40,0
1990,59,1,0,0,0,0,55,6,50,0
1990,55,2,0,0,0,1,156,5,40,0
1990,35,2,2,0,1,1,0,0,0,0
1990,50,1,0,0,0,1,7,3,40,0
1990,49,2,0,0,0,1,5,6,40,0
1990,26,2,2,1,0,0,436,5,40,0
1990,69,1,0,0,0,0,0,0,0,0
1990,66,2,0,0,0,0,365,3,20,0
1990,30,1,0,0,0,1,174,5,40,0
1990,29,2,0,0,0,1,95,5,30,0
1990,75,1,0,0,0,0,0,0,0,0
1990,78,2,0,0,0,0,0,0,0,0
1990,64,1,0,0,0,0,22,1,60,0
1990,63,2,0,0,0,0,799,1,40,0
1990,37,1,0,0,0,0,97,5,40,0
1990,41,2,0,0,0,0,313,3,40,0
1990,70,2,2,0,0,0,0,0,0,0
1990,48,2,1,0,0,1,156,5,40,0
1990,37,1,0,0,0,0,259,3,50,1
1990,36,2,0,0,2,0,234,5,40,0
1990,65,1,0,0,0,0,0,0,0,0
1990,66,2,0,0,0,0,0,0,0,0
1990,74,1,0,0,0,1,0,0,0,0
1990,73,2,0,0,0,1,339,1,0,0
1990,55,1,3,0,0,0,364,1,40,0
1990,79,2,0,0,0,0,0,0,0,0
1990,73,1,0,0,0,0,0,0,0,0
1990,72,2,0,0,0,0,0,0,0,0
1990,47,1,3,0,0,1,84,5,60,1
1990,48,1,0,0,0,1,7,4,40,0
1990,47,2,0,0,0,1,313,6,40,0
1990,73,1,0,0,2,0,418,6,16,0
1990,71,2,0,0,0,0,0,0,0,0
1990,59,1,0,0,0,0,534,0,45,0
1990,62,2,0,0,0,0,0,0,0,0
1990,44,1,2,0,0,0,0,0,0,0
1990,40,2,2,0,0,0,804,1,40,0
1990,77,2,0,0,0,0,0,0,0,0
1990,42,2,3,0,0,0,436,3,50,0
1990,23,2,1,0,0,0,276,3,40,0
1990,70,1,0,0,0,0,0,0,0,0
1990,62,2,0,0,0,0,0,0,0,0
1990,20,2,1,0,0,0,17,3,40,0
1990,42,1,0,0,0,1,355,2,40,0
1990,39,2,0,0,0,1,156,5,37,0
1990,42,1,0,0,0,1,259,1,40,0
1990,42,2,0,0,0,1,7,4,40,0
1990,48,1,0,0,0,1,22,4,90,0
1990,47,2,0,0,0,1,156,5,50,0
1990,18,1,1,0,0,0,357,1,20,0
1990,80,2,3,0,0,0,0,0,0,0
1990,53,1,2,0,0,1,303,6,60,0
1990,80,1,3,0,0,0,0,0,0,0
1990,59,1,0,0,0,1,0,0,0,0
1990,52,2,0,0,0,1,0,0,0,0
1990,44,1,0,0,0,0,444,3,40,0
1990,40,2,0,0,0,0,447,5,37,0
1990,57,1,3,0,0,0,486,0,40,0
1990,19,1,1,0,0,0,485,0,40,0
1990,21,1,1,0,0,0,486,0,40,0
1990,40,1,0,0,0,1,748,4,40,0
1990,36,2,0,0,0,0,0,0,0,0
1990,72,1,0,0,0,1,0,0,0,1
1990,62,2,0,0,0,1,318,2,0,0
1990,64,1,0,0,0,0,0,0,0,0
1990,60,2,0,0,0,0,0,0,0,0
1990,54,1,0,0,0,0,477,0,48,0
1990,52,2,0,0,0,0,278,1,28,0
1990,44,1,0,0,0,0,804,2,50,0
1990,43,2,0,0,0,0,254,4,40,0
1990,20,1,1,0,0,0,0,0,0,0
1990,19,2,1,0,0,0,883,6,40,0
1990,25,1,1,0,0,0,453,4,40,0
1990,76,1,3,0,0,1,0,0,0,0
1990,22,2,2,0,0,0,785,1,0,0
1990,23,1,1,0,0,0,534,0,0,0
1990,78,1,0,0,0,0,0,0,0,0
1990,79,2,0,0,0,0,0,0,0,0
1990,57,2,1,0,0,1,465,5,25,0
1990,55,1,0,0,0,0,505,4,60,0
1990,54,2,0,0,0,1,354,2,25,0
1990,43,1,2,0,0,0,0,0,0,0
1990,18,1,2,0,0,0,856,1,35,0
1990,20,1,1,0,0,0,436,3,35,0
1990,23,1,0,0,0,0,809,2,70,0
1990,20,2,0,0,0,0,0,0,0,0
1990,52,2,0,0,0,0,276,3,40,0
1990,56,1,0,0,0,0,427,6,30,0
1990,35,1,0,0,0,0,889,3,50,0
1990,34,2,0,0,0,0,485,3,40,0
1990,59,1,0,0,0,0,869,0,40,0
1990,55,2,0,0,0,0,0,0,0,0
1990,77,2,2,0,0,1,0,0,0,0
1990,51,1,0,1,0,0,558,0,25,0
1990,50,2,0,1,0,0,436,5,15,0
1990,24,1,0,1,0,0,424,6,40,0
1990,21,2,0,1,0,0,877,3,0,0
1990,67,1,0,0,0,0,0,0,0,0
1990,62,2,0,0,0,0,389,1,20,0
1990,42,1,2,0,0,0,486,5,40,0
1990,69,1,0,0,0,0,0,0,0,0
1990,67,2,0,0,0,0,0,0,0,0
1990,29,1,0,0,0,0,516,1,40,0
1990,24,2,0,0,0,0,303,3,45,0
1990,44,1,0,0,0,1,159,5,45,0
1990,42,2,0,0,0,1,5,6,40,0
1990,55,1,3,0,0,1,804,2,50,0
1990,22,1,1,0,0,1,256,2,25,0
1990,35,1,1,1,0,0,387,5,25,0
1990,36,1,2,1,4,1,53,6,40,0
1990,36,1,2,1,0,0,769,1,40,0
1990,74,1,0,0,0,0,0,0,0,0
1990,74,2,0,0,0,1,0,0,0,0
1990,24,2,1,0,0,1,435,3,35,0
1990,76,2,3,0,0,1,313,5,0,0
1990,77,2,3,0,0,0,274,3,24,0
1990,72,2,3,0,0,0,0,0,0,0
1990,26,1,1,0,0,1,27,3,40,0
1990,35,1,1,0,0,1,55,6,40,1
1990,67,2,3,0,0,1,313,4,40,1
1990,71,1,0,0,0,0,453,4,40,0
1990,67,2,0,0,0,0,274,3,0,0
1990,35,2,2,0,0,1,197,3,45,0
1990,29,1,1,0,0,1,197,3,57,0
1990,32,1,3,0,0,1,417,6,80,0
1990,40,1,0,0,0,0,22,4,40,0
1990,37,2,0,0,0,0,759,4,40,0
1990,69,1,0,1,0,0,425,6,10,0
1990,62,2,0,1,0,0,447,5,40,0
1990,75,1,0,1,0,0,0,0,0,0
1990,79,2,0,1,0,0,0,0,0,0
1990,43,1,2,1,0,0,449,4,0,0
1990,39,1,0,1,0,0,216,1,40,0
1990,38,2,0,1,0,0,469,5,40,0
1990,55,1,0,1,0,1,4,6,55,0
1990,53,2,0,1,0,0,383,4,35,0
1990,22,2,1,1,0,0,458,4,50,0
1990,23,2,1,1,0,0,785,1,40,0
1990,60,2,2,0,0,1,575,1,50,1
1990,51,1,2,0,0,1,55,1,42,1
1990,51,2,2,0,0,1,315,5,37,0
1990,29,1,3,0,0,1,18,4,40,0
1990,69,1,0,0,0,1,23,0,0,0
1990,63,2,0,0,0,1,23,4,20,0
1990,78,2,0,0,0,0,0,0,0,0
1990,41,1,0,0,0,1,417,6,40,0
1990,38,2,0,0,0,1,195,1,41,0
1990,70,1,3,0,0,1,0,0,0,0
1990,40,1,1,0,0,1,0,0,0,0
1990,27,2,1,0,0,1,37,4,40,0
1990,67,2,3,0,0,0,0,0,0,0
1990,40,1,0,0,0,1,89,5,30,0
1990,33,2,0,0,0,1,22,5,30,0
1990,19,1,1,0,0,0,904,6,40,0
1990,19,1,1,0,0,0,905,6,45,0
1990,18,1,1,0,0,0,829,6,40,0
1990,27,2,1,0,0,1,208,6,67,0
1990,42,1,3,0,0,0,903,6,48,0
1990,18,2,1,0,0,0,829,6,24,0
1990,25,1,1,0,0,1,523,6,50,0
1990,19,1,1,3,0,0,833,6,40,0
1990,19,1,1,0,0,0,523,6,0,0
1990,28,1,1,0,0,1,64,4,40,1
1990,44,1,0,0,1,1,23,4,45,0
1990,40,2,0,0,1,1,23,5,0,0
1990,57,2,3,0,0,1,313,5,40,0
1990,37,1,3,2,0,0,433,3,40,0
1990,18,2,3,0,0,0,444,3,40,0
1990,64,2,3,0,0,1,383,4,15,0
1990,51,1,2,0,0,1,55,4,40,1
1990,80,1,0,0,0,0,0,0,0,1
1990,74,2,0,0,0,0,0,0,0,0
1990,22,1,0,0,0,1,7,3,50,0
1990,21,2,0,0,0,1,383,4,42,0
1990,32,2,1,0,0,0,275,4,38,0
1990,34,2,1,0,0,0,254,6,40,0
1990,58,1,3,0,0,1,307,5,40,0
1990,69,1,0,0,0,1,274,5,45,0
1990,60,2,0,0,0,1,156,5,35,0
1990,27,1,0,2,0,0,426,4,50,0
1990,27,2,0,0,2,0,243,3,40,0
1990,27,2,1,0,0,1,234,5,50,0
1990,41,2,0,0,0,1,22,5,45,0
1990,47,1,0,0,0,1,64,5,42,1
1990,35,2,2,0,0,1,155,4,25,0
1990,58,1,0,0,0,1,254,4,40,1
1990,37,2,0,0,0,0,0,0,0,0
1990,42,1,1,1,0,0,567,0,40,0
1990,50,1,2,0,0,0,22,1,40,1
1990,27,2,0,1,0,0,688,3,40,0
1990,28,1,0,1,0,0,889,3,40,0
1990,37,1,0,1,0,0,529,2,40,0
1990,37,2,0,1,0,0,387,5,35,0
1990,29,2,1,0,0,1,317,4,40,0
1990,21,2,1,0,0,1,317,4,50,0
1990,23,2,1,0,0,1,13,2,40,0
1990,32,1,1,3,1,1,436,4,60,0
1990,22,1,1,0,2,1,144,5,17,0
1990,25,1,0,0,0,0,22,6,40,0
1990,24,2,0,0,0,1,243,3,35,0
1990,48,1,0,0,0,1,229,4,40,0
1990,47,2,0,0,0,1,156,5,40,0
1990,19,1,1,0,0,0,443,3,40,0
1990,18,1,1,0,0,1,276,3,0,0
1990,74,1,0,0,0,0,0,0,0,0
1990,72,2,0,0,0,0,0,0,0,0
1990,56,1,0,0,0,1,22,0,50,1
1990,55,2,0,0,0,1,869,0,0,0
1990,80,2,0,0,0,0,0,0,0,0
1990,73,1,3,0,0,0,0,0,0,0
1990,55,1,3,0,0,0,0,0,0,0
1990,50,1,0,0,0,0,0,0,0,0
1990,49,2,0,0,0,1,13,0,40,0
1990,53,2,0,0,0,1,379,5,0,0
1990,30,1,0,0,0,0,785,1,50,0
1990,55,1,2,0,0,1,809,4,40,0
1990,73,1,2,1,0,0,0,0,0,0
1990,31,1,0,1,0,1,263,3,70,0
1990,27,2,0,1,0,1,254,4,25,0
1990,37,1,3,0,0,0,804,3,45,0
1990,40,2,2,1,0,1,348,5,40,0
1990,19,2,1,1,0,0,276,3,24,0
1990,34,1,2,0,0,0,359,3,40,0
1990,47,2,2,0,0,1,889,3,36,0
1990,28,1,1,1,0,0,804,3,40,0
1990,20,2,1,0,0,1,303,4,41,0
1990,65,2,3,1,1,0,0,0,0,0
1990,42,1,0,0,0,1,375,4,40,0
1990,35,2,0,0,0,1,0,0,0,0
1990,50,1,0,0,0,1,243,1,50,0
1990,52,2,0,0,0,0,313,5,40,0
1990,45,1,0,2,0,0,243,3,45,0
1990,47,2,0,2,0,0,0,0,0,0
1990,45,1,3,0,0,1,514,4,21,0
1990,50,2,1,1,0,1,389,5,70,0
1990,31,2,1,1,0,0,336,5,38,0
1990,68,2,3,0,0,1,0,0,0,0
1990,53,2,2,0,0,0,869,4,40,0
1990,35,1,0,3,3,0,637,1,50,0
1990,30,2,0,0,0,0,449,4,0,0
1990,43,1,0,0,0,1,243,3,50,0
1990,42,2,0,0,0,1,37,3,40,0
1990,18,2,1,0,0,1,208,5,40,0
1990,37,1,0,0,0,1,23,3,45,1
1990,39,2,0,0,0,0,175,4,20,0
1990,35,1,0,0,0,0,505,4,45,0
1990,49,2,0,0,0,1,313,0,0,0
1990,29,1,2,0,0,0,877,3,40,0
1990,32,1,0,1,0,0,354,2,40,0
1990,29,2,0,1,0,1,335,4,40,0
1990,51,2,3,0,0,0,407,4,35,0
1990,22,1,1,0,0,0,567,0,40,0
1990,22,1,1,0,0,0,783,4,40,0
1990,46,1,0,0,1,1,22,4,48,0
1990,45,2,0,0,1,0,98,5,32,0
1990,21,1,1,0,0,1,103,5,20,0
1990,18,1,1,0,0,0,364,3,20,0
1990,65,1,0,0,0,1,628,1,0,0
1990,65,2,0,0,0,0,37,3,0,0
1990,27,1,2,0,0,0,549,4,60,0
1990,68,2,3,0,0,1,0,0,0,0
1990,47,1,0,0,1,1,22,4,40,0
1990,44,2,0,0,0,1,22,4,40,0
1990,23,2,1,0,0,1,0,0,0,0
1990,40,1,0,0,0,1,22,2,40,0
1990,42,2,0,0,0,1,14,5,40,0
1990,67,1,0,0,0,0,453,3,40,0
1990,64,2,0,0,0,1,0,0,0,0
1990,68,1,0,0,0,1,628,1,0,1
1990,58,2,0,0,0,1,337,1,0,0
1990,26,1,0,0,0,1,503,3,40,0
1990,31,2,0,0,0,0,305,5,40,0
1990,45,1,0,0,0,1,178,5,50,1
1990,45,2,0,0,0,1,0,0,0,0
1990,18,1,1,0,0,0,0,0,0,0
1990,34,2,2,0,0,1,447,5,40,0
1990,22,1,0,0,0,0,505,4,40,0
1990,24,2,0,0,0,1,275,4,40,0
1990,50,1,0,0,0,0,589,1,40,0
1990,44,2,0,0,0,0,319,5,36,0
1990,22,2,1,0,0,0,449,4,40,0
1990,26,1,0,0,0,0,486,0,40,0
1990,24,2,0,0,0,1,458,3,50,0
1990,32,1,0,0,0,0,804,0,48,0
1990,30,2,0,0,0,0,243,3,52,0
1990,19,2,1,0,0,0,274,3,40,0
1990,46,1,0,0,0,0,426,3,53,0
1990,38,2,0,0,0,0,466,5,36,0
1990,22,1,1,0,0,0,444,4,40,0
1990,19,2,1,0,0,0,438,3,0,0
1990,34,2,1,0,0,0,0,0,0,0
1990,28,1,0,0,0,0,804,4,46,0
1990,31,2,0,0,0,0,0,0,0,0
1990,28,1,1,0,0,0,577,2,40,0
1990,29,2,1,0,0,0,653,1,40,0
1990,46,1,0,0,0,0,0,0,0,0
1990,49,2,0,0,0,0,447,4,32,0
1990,20,1,1,0,0,0,558,0,40,0
1990,19,1,1,0,0,0,804,3,30,0
1990,25,2,1,0,0,1,435,3,40,0
1990,23,2,1,0,0,0,276,3,40,0
1990,42,1,0,0,0,1,869,0,50,0
1990,40,2,0,0,0,1,259,3,45,0
1990,33,2,2,0,0,1,27,6,40,0
1990,36,1,2,0,0,0,613,0,40,0
1990,47,1,0,0,0,1,486,3,40,0
1990,43,2,0,0,0,1,385,4,40,0
1990,18,2,1,0,0,0,276,3,14,0
1990,56,1,0,0,0,1,85,5,30,1
1990,60,2,0,0,0,1,185,4,24,0
1990,57,1,0,0,1,1,84,4,55,1
1990,52,2,0,0,1,1,337,2,2,0
1990,67,1,0,0,0,1,257,1,40,1
1990,53,2,0,0,0,1,0,0,0,0
1990,55,2,2,0,0,1,22,0,0,0
1990,25,1,1,1,0,1,446,5,75,0
1990,79,2,0,0,0,0,0,0,0,0
1990,21,1,1,0,0,1,197,3,20,0
1990,74,2,2,0,0,1,159,5,0,0
1990,63,1,0,0,0,1,14,5,50,1
1990,53,2,0,0,0,1,379,6,0,0
1990,29,2,1,0,0,1,156,5,45,0
1990,77,2,3,0,0,1,0,0,0,0
1990,29,1,0,0,0,0,243,3,60,1
1990,31,2,0,0,0,1,313,3,20,0
1990,27,1,2,0,0,1,276,3,44,0
1990,29,1,1,0,0,0,595,0,45,0
1990,23,2,1,0,0,0,319,3,40,0
1990,37,1,2,0,0,0,503,2,60,0
1990,38,2,0,0,0,1,387,5,27,0
1990,46,1,0,0,0,0,243,3,40,0
1990,42,1,0,0,0,1,64,4,30,1
1990,41,2,0,0,0,1,0,0,0,0
1990,21,2,1,0,0,1,276,5,20,0
1990,27,1,0,0,2,1,804,2,43,0
1990,27,2,0,0,0,1,95,5,40,0
1990,60,2,2,1,0,1,22,3,40,0
1990,25,1,1,1,1,0,779,1,40,0
1990,43,2,2,0,0,0,276,3,40,0
1990,44,1,2,0,0,0,573,0,45,0
1990,32,1,1,2,0,0,518,1,0,0
1990,44,2,2,2,0,0,449,4,37,0
1990,60,2,2,0,0,1,234,4,40,1
1990,51,1,0,0,0,1,543,1,46,1
1990,56,2,0,0,0,0,0,0,0,0
1990,22,1,1,0,0,0,0,0,0,0
1990,25,1,1,0,0,1,373,3,24,0
1990,22,2,1,0,0,1,0,0,0,0
1990,49,1,0,0,0,1,154,5,50,1
1990,32,2,0,0,0,1,0,0,0,0
1990,18,2,1,0,0,1,486,0,0,0
1990,22,2,1,0,0,1,189,5,12,0
1990,22,2,1,0,0,1,313,5,10,0
1990,18,2,1,0,0,1,0,0,0,0
1990,45,1,0,0,0,1,779,2,40,0
1990,43,2,0,0,0,0,313,4,40,0
1990,22,1,1,0,0,0,435,3,20,0
1990,68,2,3,0,0,0,0,0,0,0
1990,55,1,0,0,0,1,257,0,70,1
1990,48,2,0,0,0,1,274,3,40,0
1990,41,1,0,0,0,1,17,4,50,0
1990,32,2,0,0,3,1,184,4,50,0
1990,26,1,0,0,0,1,243,3,50,0
1990,26,2,0,0,0,1,313,5,41,0
1990,37,1,0,0,0,1,166,5,30,0
1990,36,2,0,0,0,1,156,5,40,0
1990,45,1,0,0,0,1,22,3,60,1
1990,34,2,0,0,0,1,22,3,50,0
1990,39,1,0,0,0,1,21,5,40,0
1990,38,2,0,0,0,1,164,6,20,0
1990,38,1,0,0,0,0,804,3,52,0
1990,36,2,0,0,0,0,353,4,40,0
1990,18,2,1,0,0,0,438,3,15,0
1990,29,1,0,0,0,1,575,0,45,0
1990,27,2,0,0,0,1,327,3,40,0
1990,65,1,0,0,0,1,0,0,0,0
1990,62,2,0,0,0,1,0,0,0,0
1990,38,2,2,0,0,1,389,5,38,0
1990,26,1,0,0,0,1,866,0,45,0
1990,25,2,0,0,0,1,22,4,45,0
1990,54,2,3,0,0,0,436,4,30,0
1990,29,1,0,0,0,1,23,4,40,0
1990,25,2,0,0,0,1,276,4,40,0
1990,36,1,0,0,0,1,55,1,40,0
1990,34,2,0,0,0,1,156,5,35,0
1990,31,1,0,0,0,1,575,5,40,0
1990,33,2,0,0,0,0,276,5,40,0
1990,31,2,2,0,0,0,469,5,35,0
1990,58,1,0,0,0,0,459,4,35,0
1990,58,2,0,0,0,0,0,0,0,0
1990,66,1,3,1,0,0,869,0,45,0
1990,35,2,3,1,0,0,254,4,7,0
1990,42,1,0,1,0,0,436,3,40,0
1990,38,2,0,1,0,0,549,3,40,0
1990,42,1,0,0,0,0,259,3,50,1
1990,41,2,0,0,0,0,0,0,0,0
1990,49,1,0,0,0,1,259,3,60,0
1990,46,2,0,0,0,0,22,3,44,0
1990,54,1,2,0,0,1,159,5,30,0
1990,35,2,2,0,0,0,313,4,45,0
1990,55,2,2,0,0,0,443,3,40,0
1990,45,2,2,0,0,0,365,3,0,0
1990,70,2,3,0,0,0,444,5,0,0
1990,48,1,0,0,0,1,668,1,40,0
1990,48,2,0,0,2,1,274,3,25,0
1990,26,2,1,0,2,1,383,4,30,0
1990,24,1,1,0,0,1,534,3,40,0
1990,47,1,0,0,0,1,22,3,48,1
1990,31,2,0,0,0,0,243,3,40,0
1990,22,1,1,0,0,1,435,3,20,0
1990,71,1,0,0,0,0,799,3,68,0
1990,62,2,0,0,0,0,888,3,68,0
1990,69,1,0,0,0,0,0,0,0,0
1990,65,2,0,0,0,0,0,0,0,0
1990,20,2,1,0,0,1,385,4,40,0
1990,66,2,3,0,0,0,0,0,0,0
1990,26,2,2,0,0,1,315,0,40,0
1990,64,1,0,0,0,0,887,2,0,0
1990,60,2,0,0,2,0,0,0,0,0
1990,44,1,0,3,4,1,17,4,50,1
1990,37,2,0,3,4,1,17,4,50,0
1990,54,2,0,0,0,0,268,3,20,0
1990,48,1,0,0,0,0,0,0,0,0
1990,23,1,1,0,0,0,364,3,40,0
1990,21,1,1,0,0,0,514,4,50,0
1990,57,1,0,0,0,1,36,6,40,0
1990,53,2,0,0,0,0,253,4,38,0
1990,28,1,1,0,0,1,877,3,36,0
1990,59,1,1,0,0,1,0,0,0,0
1990,80,2,3,1,0,0,0,0,0,0
1990,30,1,2,0,0,0,804,4,40,0
1990,36,1,0,0,0,1,22,0,40,1
1990,38,2,0,0,0,0,37,4,0,0
1990,18,1,1,0,0,0,877,3,21,0
1990,37,1,2,0,0,0,804,4,0,0
1990,42,1,0,3,0,1,856,1,40,0
1990,40,2,0,0,0,1,303,4,40,0
1990,53,1,0,0,0,1,475,0,50,0
1990,52,2,0,0,0,0,0,0,0,0
1990,61,1,0,0,0,1,804,2,0,0
1990,58,2,0,0,0,0,0,0,0,0
1990,29,1,0,0,0,1,257,1,40,0
1990,28,2,0,0,0,1,356,4,25,0
1990,29,1,1,0,0,1,473,0,40,0
1990,31,1,1,0,0,1,653,1,65,0
1990,49,1,2,1,0,0,579,0,40,0
1990,28,2,1,1,0,0,754,1,40,0
1990,45,1,1,0,0,1,809,2,70,0
1990,40,2,0,2,1,1,385,4,55,0
1990,45,1,0,2,1,0,444,4,40,0
1990,31,2,1,0,0,1,9,0,45,0
1990,45,1,0,2,0,0,883,2,40,0
1990,43,2,0,2,0,0,449,4,40,0
1990,20,1,1,2,0,0,0,0,0,0
1990,64,2,0,0,0,1,156,5,0,0
1990,20,2,1,0,0,1,276,5,20,0
1990,40,1,1,0,0,1,243,3,55,0
1990,60,2,0,0,0,0,17,3,45,1
1990,63,1,0,0,0,1,17,3,50,1
1990,59,1,1,0,0,1,243,3,40,0
1990,40,1,0,0,0,1,25,4,50,1
1990,35,2,0,0,0,1,0,0,0,0
1990,51,1,0,0,0,1,56,1,40,0
1990,47,2,0,0,0,1,389,4,24,0
1990,42,1,0,0,0,0,7,4,50,1
1990,38,2,0,0,0,0,243,4,50,1
1990,27,1,0,0,0,1,754,1,0,0
1990,25,2,0,0,0,1,678,5,42,0
1990,35,1,0,0,0,0,243,3,40,0
1990,36,2,0,0,0,0,22,4,40,0
1990,28,1,0,0,0,0,259,3,40,0
1990,25,2,0,0,0,1,337,3,40,0
1990,64,1,0,0,0,0,457,4,30,0
1990,61,2,0,0,0,0,449,3,0,0
1990,27,1,1,0,1,0,458,4,40,0
1990,54,1,0,0,0,1,18,4,40,0
1990,51,2,0,0,0,0,319,4,12,0
1990,33,1,2,0,0,0,373,3,40,0
1990,39,1,0,0,0,0,558,0,40,0
1990,44,2,0,0,0,0,0,0,0,0
1990,23,2,1,3,3,1,383,4,40,0
1990,21,2,1,3,4,1,389,4,0,0
1990,65,1,1,0,0,0,274,3,0,0
1990,62,1,1,0,0,0,804,1,0,0
1990,77,1,0,0,0,1,254,4,5,0
1990,75,2,0,0,0,0,0,0,0,0
1990,69,1,1,0,0,1,809,4,0,0
1990,60,2,3,2,0,0,449,5,40,0
1990,30,2,1,2,0,1,308,3,40,0
1990,34,2,1,0,0,1,156,5,37,0
1990,38,1,2,1,0,1,21,5,50,0
1990,33,1,0,3,3,1,59,5,42,0
1990,26,2,0,0,0,1,235,5,30,0
1990,38,1,2,0,0,1,257,2,40,0
1990,35,1,0,0,0,0,486,0,40,0
1990,30,2,0,0,0,1,5,6,40,0
1990,73,1,0,0,0,0,583,1,40,0
1990,67,2,0,0,0,0,0,0,0,0
1990,31,1,2,0,0,0,804,1,40,0
1990,45,1,0,3,3,0,736,4,40,0
1990,44,2,0,3,3,1,203,5,40,0
1990,18,1,1,3,0,0,877,6,20,0
1990,32,1,1,0,0,1,573,0,50,0
1990,24,1,0,0,0,1,95,5,40,0
1990,37,2,0,0,0,1,344,4,30,0
1990,63,1,0,2,0,0,689,2,0,0
1990,63,2,0,2,0,0,0,0,0,0
1990,32,1,1,2,0,1,364,6,50,0
1990,26,2,1,2,0,1,344,4,40,0
1990,24,2,1,2,0,0,276,2,40,0
1990,23,1,1,2,0,0,575,0,45,0
1990,31,2,1,2,0,1,385,4,40,0
1990,35,1,0,0,0,1,253,4,50,0
1990,34,2,0,0,0,1,194,6,45,0
1990,48,1,0,0,0,1,156,5,60,0
1990,43,2,0,0,0,1,156,5,45,0
1990,40,1,0,0,1,1,365,4,40,0
1990,35,2,0,0,0,1,308,2,40,0
1990,37,1,0,2,1,0,435,3,40,0
1990,34,2,0,0,1,0,449,4,40,0
1990,54,2,3,0,0,0,0,0,0,0
1990,27,1,1,0,0,0,883,3,40,0
1990,31,2,1,0,0,1,439,3,50,0
1990,26,1,3,1,0,0,365,3,40,0
1990,24,1,1,1,0,1,17,3,40,0
1990,23,1,1,0,0,0,269,3,42,0
1990,23,2,1,0,0,0,449,0,35,0
1990,60,2,3,0,0,0,0,0,0,0
1990,45,1,0,0,0,1,789,5,50,0
1990,41,2,0,0,0,0,276,5,40,0
1990,19,2,1,0,0,0,427,5,30,0
1990,24,1,1,0,0,0,567,2,40,0
1990,79,2,3,0,0,1,0,0,0,0
1990,26,1,0,0,0,0,463,2,60,0
1990,27,2,0,0,0,1,23,1,45,0
1990,28,1,0,0,0,1,17,3,50,0
1990,31,2,0,0,0,1,243,3,37,0
1990,77,1,3,0,0,0,0,0,0,0
1990,42,2,2,0,0,0,379,5,35,0
1990,19,1,1,0,0,0,436,3,30,0
1990,19,2,1,0,0,0,276,4,30,0
1990,75,1,0,0,0,0,337,5,0,0
1990,56,2,0,0,0,0,744,1,12,0
1990,23,1,1,0,0,1,263,3,60,0
1990,20,2,1,0,0,1,276,4,30,0
1990,50,1,0,0,0,0,567,0,38,0
1990,48,2,0,0,0,0,567,1,40,0
1990,21,1,1,0,0,0,486,0,0,0
1990,20,1,1,0,0,0,0,0,0,0
1990,31,1,0,1,0,0,804,1,50,0
1990,29,2,0,1,0,0,303,6,40,0
1990,64,2,3,0,0,0,276,5,20,0
1990,62,1,0,0,0,0,804,2,60,0
1990,59,2,0,0,0,0,348,5,40,0
1990,48,1,0,0,0,0,17,4,70,0
1990,43,2,0,0,0,0,156,5,40,0
1990,67,1,0,0,0,0,0,0,0,0
1990,70,2,0,0,0,0,0,0,0,0
1990,30,1,1,0,0,0,243,3,45,0
1990,32,2,3,0,0,0,323,1,30,0
1990,56,2,3,0,0,0,359,6,40,0
1990,42,2,2,0,0,1,95,5,40,0
1990,32,1,0,0,0,0,365,1,30,0
1990,24,2,0,0,0,0,308,4,0,0
1990,53,1,0,0,0,0,507,3,43,0
1990,51,2,0,0,0,0,0,0,0,0
1990,32,1,0,0,0,1,22,0,40,0
1990,37,2,0,0,0,0,276,3,30,0
1990,20,1,0,0,0,0,779,1,40,0
1990,21,2,0,0,0,1,337,4,35,0
1990,29,2,3,0,0,1,156,5,40,0
1990,40,1,0,0,0,1,418,6,40,0
1990,37,2,0,0,0,0,389,6,40,0
1990,64,1,0,0,0,0,756,1,40,0
1990,61,2,0,0,0,0,683,1,40,0
1990,61,2,3,1,0,0,447,6,8,0
1990,34,2,2,1,0,0,447,5,8,0
1990,44,2,1,0,0,0,0,0,0,0
1990,27,1,2,0,0,0,22,2,45,0
1990,48,1,0,0,0,0,235,6,39,0
1990,53,2,0,0,0,0,276,5,30,0
1990,37,1,2,0,0,0,575,0,40,0
1990,30,1,0,0,0,0,418,6,45,0
1990,29,2,0,0,0,0,22,0,30,0
1990,46,1,0,0,0,0,519,2,50,0
1990,47,2,0,0,0,0,809,2,50,0
1990,38,1,0,0,0,1,217,4,48,1
1990,36,2,0,0,0,1,64,4,46,1
1990,50,1,0,0,0,1,22,1,40,1
1990,50,2,0,0,0,1,21,5,40,0
1990,24,2,1,0,0,1,23,5,40,0
1990,29,2,3,0,0,1,736,1,35,0
1990,45,1,0,0,0,1,253,4,50,1
1990,40,2,0,0,0,0,253,4,40,0
1990,45,1,0,0,0,1,208,5,60,0
1990,39,2,0,0,0,1,95,5,32,0
1990,39,2,2,0,0,1,426,6,40,0
1990,52,1,2,0,0,1,253,4,40,0
1990,68,1,0,0,0,1,0,0,0,1
1990,63,2,0,0,0,0,0,0,0,0
1990,44,1,0,0,0,1,585,0,45,1
1990,42,2,0,0,0,1,23,0,40,0
1990,63,1,0,0,0,1,414,6,40,1
1990,45,2,0,0,0,1,22,4,0,0
1990,33,1,0,0,1,1,43,5,40,0
1990,33,2,0,0,1,1,683,1,20,0
1990,40,1,0,0,0,1,355,2,50,0
1990,37,2,0,0,0,1,0,0,0,0
1990,76,1,0,0,0,0,28,3,0,0
1990,70,2,0,0,0,0,436,3,0,0
1990,75,1,0,0,0,1,0,0,0,0
1990,60,2,0,0,0,1,0,0,0,0
1990,40,1,0,0,0,1,243,4,60,1
1990,39,2,0,0,0,1,313,5,24,0
1990,19,1,1,0,0,1,274,3,25,0
1990,46,1,0,0,0,1,259,3,50,1
1990,45,2,0,0,0,1,274,3,0,0
1990,49,1,0,0,0,1,259,1,65,0
1990,47,2,0,0,0,1,24,4,77,1
1990,36,1,0,0,0,1,7,5,45,1
1990,33,2,0,0,0,1,21,5,0,0
1990,69,2,3,0,0,0,0,0,0,0
1990,50,1,0,0,2,1,166,1,50,1
1990,44,2,0,0,1,0,313,4,20,0
1990,45,2,3,0,0,1,657,3,0,0
1990,23,1,1,0,0,1,579,0,35,0
1990,21,2,1,0,0,1,318,2,38,0
1990,26,1,1,0,0,1,185,0,40,0
1990,30,1,0,0,0,0,229,0,40,0
1990,28,2,0,0,0,1,447,5,40,0
1990,33,2,2,0,0,1,274,4,20,1
1990,37,1,0,0,0,1,13,5,75,0
1990,34,2,0,0,0,1,435,3,0,0
1990,42,2,0,0,0,0,359,4,48,0
1990,42,1,0,0,0,0,599,3,40,0
1990,40,1,0,1,0,1,36,6,40,0
1990,36,2,0,1,0,1,447,5,40,0
1990,32,1,1,0,0,1,434,4,40,0
1990,30,2,2,0,0,1,313,5,40,0
1990,44,1,0,0,0,1,308,3,40,1
1990,43,2,0,0,0,1,558,0,40,0
1990,43,2,2,0,0,0,216,2,40,0
1990,31,1,0,0,0,0,486,0,40,0
1990,28,2,0,0,0,0,387,5,35,0
1990,65,2,2,0,0,1,277,3,40,0
1990,35,1,1,0,0,0,27,3,40,0
1990,37,1,3,1,0,1,465,5,40,0
1990,73,1,0,0,0,0,0,0,0,0
1990,53,2,0,0,0,0,0,0,0,0
1990,35,2,2,0,0,0,313,5,40,0
1990,76,1,0,0,0,1,0,0,0,0
1990,71,2,0,0,0,1,0,0,0,0
1990,33,1,0,0,0,0,804,3,40,0
1990,34,2,0,0,0,0,364,3,0,0
1990,34,1,0,0,0,0,453,4,60,0
1990,25,2,0,0,0,0,313,1,45,0
1990,55,1,0,0,0,0,498,0,45,0
1990,55,2,0,0,0,0,877,3,33,0
1990,18,1,1,0,0,0,195,1,18,0
1990,29,1,0,0,0,1,418,6,45,0
1990,25,2,0,0,0,0,255,4,40,0
1990,65,2,3,0,0,0,0,0,0,0
1990,30,2,0,0,0,0,276,3,40,0
1990,34,1,0,3,0,0,486,0,40,0
1990,29,2,0,0,4,1,5,6,56,0
1990,32,1,0,0,0,1,22,4,60,0
1990,57,1,0,0,0,0,37,1,40,0
1990,54,2,0,0,0,0,313,0,0,0
1990,79,2,3,0,0,0,0,0,0,0
1990,72,1,0,0,0,0,0,0,0,0
1990,66,2,0,0,0,0,0,0,0,0
1990,74,1,0,0,0,0,0,0,0,0
1990,74,2,0,0,0,0,0,0,0,0
1990,29,2,1,0,0,1,178,5,55,0
1990,68,1,0,0,0,1,0,0,0,0
1990,61,2,0,0,0,0,0,0,0,0
1990,39,1,1,0,0,1,217,4,40,0
1990,74,1,0,0,0,1,427,5,10,0
1990,68,2,0,0,0,1,0,0,0,0
1990,38,1,0,0,0,0,764,4,30,0
1990,34,2,0,0,0,0,254,4,40,0
1990,32,2,1,0,0,1,22,4,41,0
1990,42,1,0,0,0,1,23,5,40,0
1990,37,2,0,0,0,1,337,0,28,0
1990,37,1,0,0,0,1,178,5,80,1
1990,33,2,0,0,0,1,95,5,0,0
1990,27,1,0,0,3,1,55,2,40,0
1990,39,2,0,0,0,1,327,2,40,0
1990,32,2,1,0,0,1,253,4,40,0
1990,58,2,3,0,0,0,389,4,10,0
1990,71,1,0,0,0,1,264,3,64,0
1990,69,2,0,0,0,0,0,0,0,0
1990,64,2,2,0,0,1,156,5,40,0
1990,31,1,0,0,0,0,779,3,40,0
1990,36,2,0,0,0,0,365,1,40,0
1990,63,1,0,1,0,1,156,5,0,0
1990,42,2,0,1,0,1,303,6,40,0
1990,29,1,2,0,0,0,549,4,40,0
1990,24,2,1,0,0,1,385,1,40,0
1990,28,2,3,1,0,0,0,0,0,0
1990,72,2,3,0,0,1,313,5,40,0
1990,49,2,1,0,0,0,335,5,20,0
1990,59,2,3,0,0,1,407,4,40,0
1990,34,2,0,1,0,0,234,5,0,0
1990,27,1,0,1,0,0,549,5,40,0
1990,50,2,3,0,2,0,744,1,40,0
1990,37,2,2,0,0,0,337,3,40,0
1990,65,2,3,0,0,0,276,3,40,0
1990,61,1,2,0,2,0,598,0,40,0
1990,25,1,0,0,0,0,885,3,40,0
1990,25,2,0,0,0,1,159,3,40,0
1990,53,2,3,0,0,0,22,4,37,0
1990,25,2,1,0,0,1,156,5,50,0
1990,30,1,0,1,1,1,188,3,0,0
1990,37,2,0,1,4,0,274,3,37,0
1990,29,2,2,1,4,1,313,5,33,0
1990,77,2,3,0,2,0,0,0,0,0
1990,74,1,0,0,0,0,379,1,0,0
1990,67,2,0,0,0,0,0,0,0,0
1990,58,1,0,0,0,0,0,0,0,0
1990,55,2,0,0,0,0,0,0,0,0
1990,57,1,3,0,0,0,0,0,0,0
1990,28,1,0,0,0,1,22,1,60,1
1990,26,2,0,0,0,1,337,1,40,0
1990,25,1,1,0,0,1,579,0,50,0
1990,27,1,1,0,0,1,434,3,20,0
1990,18,1,1,0,0,0,434,4,42,0
1990,22,1,1,0,0,1,17,3,35,0
1990,56,1,0,0,0,0,274,4,37,0
1990,48,2,0,0,0,1,0,0,0,0
1990,71,1,0,0,0,0,327,4,0,0
1990,68,2,0,0,0,0,0,0,0,0
1990,29,2,1,1,0,1,23,3,40,0
1990,28,1,1,1,0,1,199,1,30,1
1990,76,1,0,0,0,1,909,6,0,0
1990,69,2,0,0,0,1,313,4,0,0
1990,30,1,1,0,0,0,254,4,40,0
1990,76,1,0,0,0,0,909,6,0,0
1990,73,2,0,0,0,0,0,0,0,0
1990,36,1,0,0,0,1,13,1,52,0
1990,34,2,0,0,0,1,385,5,15,0
1990,32,1,0,0,0,1,253,4,40,1
1990,32,2,0,0,0,1,0,0,0,0
1990,74,1,0,0,0,1,0,0,0,1
1990,69,2,0,0,0,1,0,0,0,0
1990,46,1,0,0,0,0,566,3,48,0
1990,47,2,0,0,0,0,337,3,40,0
1990,21,1,0,0,0,0,453,3,40,0
1990,20,2,0,0,0,0,0,0,0,0
1990,47,1,0,0,0,1,375,4,40,0
1990,44,2,0,0,0,1,24,4,40,0
1990,69,1,0,0,1,1,0,0,0,0
1990,67,2,0,0,1,1,0,0,0,0
1990,41,1,0,0,0,0,498,0,50,0
1990,43,2,0,0,0,1,274,3,99,0
1990,66,2,0,0,0,0,0,0,0,0
1990,69,1,0,0,0,1,22,1,40,1
1990,80,1,0,0,0,0,276,5,50,0
1990,77,2,0,0,0,0,276,5,25,0
1990,67,1,1,0,0,0,0,0,0,0
1990,79,1,0,0,0,0,274,3,28,0
1990,75,2,0,0,0,0,0,0,0,0
1990,31,2,1,1,0,0,436,3,24,0
1990,23,1,0,0,0,1,806,3,40,0
1990,26,2,0,0,0,1,253,4,40,0
1990,54,1,1,0,0,0,0,0,0,0
1990,50,1,2,0,0,0,0,0,0,0
1990,39,2,0,3,0,0,243,3,60,0
1990,50,1,0,0,0,0,417,6,72,0
1990,24,1,0,0,0,0,453,6,40,0
1990,24,2,0,0,0,0,276,2,18,0
1990,55,2,1,2,1,0,0,0,0,0
1990,37,1,2,2,1,0,498,0,40,0
1990,44,1,2,0,0,1,487,6,50,0
1990,67,1,0,0,0,0,0,0,0,0
1990,60,2,0,0,0,0,313,5,47,0
1990,45,1,0,0,0,1,178,5,40,1
1990,45,2,0,0,0,1,243,3,40,0
1990,18,1,1,0,0,1,486,5,40,0
1990,34,1,0,0,0,0,905,6,50,0
1990,31,2,0,0,0,0,274,3,20,0
1990,70,2,3,0,1,0,0,0,0,0
1990,72,1,3,0,0,1,0,0,0,0
1990,23,1,0,0,0,0,57,6,84,0
1990,22,2,0,0,0,0,319,3,40,0
1990,35,1,2,0,0,1,435,3,30,0
1990,39,1,0,0,0,1,84,5,90,1
1990,47,2,0,0,0,1,447,5,55,0
1990,20,1,1,0,0,1,187,5,35,0
1990,80,2,3,0,0,0,0,0,0,0
1990,37,1,0,0,0,1,186,5,10,0
1990,37,2,0,0,0,1,194,5,40,0
1990,36,1,0,0,0,1,194,5,7,0
1990,22,2,0,0,0,0,276,3,38,0
1990,23,1,0,1,0,0,904,6,40,0
1990,23,2,0,1,0,1,796,3,50,0
1990,54,1,0,0,0,0,313,4,40,0
1990,54,2,0,0,0,0,335,5,20,0
1990,33,1,0,0,0,0,567,0,40,0
1990,31,2,0,0,0,0,453,4,18,0
1990,68,1,0,0,0,0,0,0,0,0
1990,68,2,0,0,0,0,0,0,0,0
1990,63,1,0,0,0,1,36,6,0,1
1990,60,2,0,0,0,0,0,0,0,0
1990,74,2,3,0,0,0,274,3,7,0
1990,71,1,0,0,0,0,0,0,0,0
1990,69,2,0,0,0,0,0,0,0,0
1990,66,1,0,0,0,1,0,0,0,0
1990,65,2,0,0,0,1,0,0,0,0
1990,58,1,0,0,0,1,22,3,40,1
1990,62,2,0,0,0,1,0,0,0,0
1990,71,1,0,0,0,1,259,1,15,1
1990,69,2,0,0,0,1,0,0,0,0
1990,62,1,0,0,0,0,453,5,40,0
1990,58,2,0,0,0,1,156,5,37,0
1990,20,1,1,0,0,1,486,0,40,0
1990,46,1,0,0,0,1,567,0,40,0
1990,44,2,0,0,0,0,804,3,40,0
1990,61,1,0,0,0,0,869,0,30,0
1990,59,2,0,0,0,0,313,4,37,0
1990,27,1,1,0,0,0,584,0,40,0
1990,58,1,0,0,0,0,804,2,55,0
1990,48,2,0,0,0,0,435,3,35,0
1990,39,1,0,0,0,1,23,5,40,0
1990,37,2,0,0,0,1,95,5,0,0
1990,79,2,3,0,0,0,338,3,35,0
1990,80,1,0,0,0,1,254,4,25,0
1990,76,2,0,0,0,0,0,0,0,0
1990,30,1,1,0,1,1,22,1,45,0
1990,21,1,1,0,1,0,628,1,45,0
1990,73,1,3,0,0,1,0,0,0,0
1990,73,1,3,0,0,1,22,1,30,1
1990,34,1,2,0,0,0,435,3,35,0
1990,21,2,1,0,0,0,469,3,40,0
1990,60,1,0,0,0,0,307,2,0,0
1990,41,2,0,0,0,0,313,5,40,0
1990,52,1,0,0,0,0,549,4,40,0
1990,44,2,0,0,0,1,364,2,40,0
1990,20,1,1,0,0,0,417,6,40,0
1990,19,1,1,0,0,0,508,6,20,0
1990,22,2,1,0,0,1,17,4,42,0
1990,51,2,0,0,0,1,254,4,50,1
1990,66,1,0,0,0,1,254,4,20,0
1990,40,1,0,0,0,0,186,5,20,0
1990,36,2,0,0,0,1,283,3,20,0
1990,41,1,1,0,0,1,17,3,70,0
1990,62,1,0,0,0,1,22,3,44,1
1990,59,2,0,0,0,1,0,0,0,0
1990,38,1,3,0,0,0,479,0,24,0
1990,62,2,3,0,0,0,0,0,0,0
1990,21,2,1,0,0,0,276,3,35,0
1990,36,2,0,0,1,0,469,5,30,0
1990,34,1,0,0,0,0,453,5,50,0
1990,76,1,0,0,0,1,0,0,0,0
1990,71,2,0,0,0,0,95,5,0,0
1990,39,1,0,0,0,0,22,0,50,0
1990,27,2,0,0,0,1,338,4,40,0
1990,77,1,3,0,0,1,0,0,0,1
1990,70,1,0,0,2,0,274,3,0,0
1990,69,2,0,0,0,1,276,3,0,0
1990,28,2,1,0,0,1,435,3,40,0
1990,28,2,1,0,0,1,435,3,35,0
1990,62,1,0,0,0,0,877,3,40,0
1990,62,2,0,0,0,0,0,0,0,0
1990,52,1,0,0,0,1,84,5,48,1
1990,51,2,0,0,0,1,319,5,48,0
1990,53,1,0,0,0,1,22,0,50,0
1990,52,2,0,0,0,0,458,4,35,0
1990,50,1,0,0,0,1,84,5,65,1
1990,42,2,0,0,0,1,95,5,23,0
1990,20,1,1,0,0,1,365,3,38,0
1990,66,1,0,0,0,1,0,0,0,0
1990,62,2,0,0,0,1,0,0,0,1
1990,52,1,0,0,0,0,18,4,40,0
1990,51,2,0,0,0,0,18,4,20,0
1990,58,1,0,0,0,1,17,3,35,1
1990,51,2,0,0,0,0,0,0,0,0
1990,54,1,0,0,0,1,43,4,60,1
1990,54,2,0,0,2,1,313,4,35,0
1990,22,2,1,0,0,1,469,4,35,0
1990,20,2,1,0,0,1,579,4,35,0
1990,73,1,0,0,0,0,0,0,0,0
1990,72,2,0,0,0,0,337,4,0,0
1990,55,2,2,0,0,0,259,3,30,0
1990,65,2,3,0,0,0,274,3,20,0
1990,37,1,2,0,0,1,159,5,40,0
1990,56,1,0,0,2,1,22,0,60,1
1990,47,2,0,0,0,0,337,0,20,0
1990,24,2,1,0,0,1,185,4,50,0
1990,19,2,1,0,0,0,357,0,5,0
1990,42,1,1,0,0,0,486,0,40,0
1990,49,1,0,0,0,1,156,5,40,0
1990,48,2,0,0,0,1,274,3,60,0
1990,21,1,1,0,0,1,804,3,40,0
1990,32,1,1,0,0,0,887,2,45,0
1990,34,2,3,0,0,0,274,3,0,0
1990,47,1,0,0,0,1,426,4,50,0
1990,44,2,0,0,0,0,426,4,40,0
1990,41,1,2,1,0,0,853,3,0,0
1990,27,2,1,0,0,1,418,6,42,0
1990,24,2,1,0,0,1,174,5,40,0
1990,73,1,0,0,0,1,0,0,0,0
1990,71,2,0,0,0,0,0,0,0,0
1990,43,1,1,0,0,1,534,0,50,1
1990,75,1,0,0,0,1,0,0,0,0
1990,72,2,0,0,0,1,0,0,0,0
1990,54,1,2,0,0,1,243,3,40,0
1990,58,2,2,0,0,1,203,5,40,0
1990,47,1,0,0,0,0,558,0,50,0
1990,44,2,0,0,0,0,276,3,24,0
1990,33,1,1,0,0,0,269,3,44,0
1990,64,1,0,0,0,0,0,0,0,0
1990,57,2,0,0,0,0,21,5,40,0
1990,22,1,1,1,0,0,0,0,0,0
1990,34,1,0,0,0,0,475,0,50,0
1990,41,2,0,0,0,0,376,3,36,0
1990,20,2,1,0,0,0,335,5,40,0
1990,79,1,0,0,0,0,0,0,0,0
1990,71,2,0,0,0,0,0,0,0,0
1990,65,2,3,0,0,0,0,0,0,0
1990,66,2,3,0,0,0,889,3,25,0
1990,80,2,3,0,2,0,0,0,0,0
1990,65,2,3,0,0,1,95,5,0,0
1990,75,2,0,0,0,0,0,0,0,0
1990,25,1,1,0,0,1,159,5,40,0
1990,24,1,1,0,0,1,383,4,40,0
1990,68,1,0,0,0,0,354,2,0,0
1990,66,2,0,0,0,0,0,0,0,0
1990,71,1,0,0,0,0,426,4,0,0
1990,66,2,0,0,0,0,259,1,30,0
1990,78,2,3,0,0,0,0,0,0,0
1990,70,1,0,0,0,1,254,4,16,0
1990,52,2,0,0,0,0,185,4,40,0
1990,55,1,2,0,0,0,0,0,0,0
1990,46,2,1,0,0,1,0,0,0,0
1990,65,2,3,2,0,1,159,5,20,0
1990,77,1,0,0,0,1,0,0,0,0
1990,78,2,0,0,0,0,0,0,0,0
1990,33,1,0,0,0,1,263,3,55,0
1990,29,2,0,0,0,1,207,5,32,0
1990,22,1,1,0,0,1,199,5,24,0
1990,22,1,1,0,0,1,199,5,0,0
1990,18,1,1,0,0,0,199,5,40,0
1990,66,1,0,0,0,0,0,0,0,0
1990,64,2,0,0,0,0,0,0,0,0
1990,36,2,1,0,0,1,376,2,40,0
1990,38,1,0,1,1,0,567,0,40,0
1990,28,2,0,1,1,0,436,3,40,0
1990,76,1,0,0,0,1,0,0,0,0
1990,61,2,0,0,0,1,0,0,0,0
1990,64,2,3,0,0,0,0,0,0,0
1990,50,1,2,0,0,0,453,4,25,0
1990,54,1,2,0,0,0,453,6,0,0
1990,72,2,3,0,0,0,313,4,40,0
1990,49,1,1,0,0,0,785,1,0,0
1990,38,1,0,0,0,0,447,5,40,0
1990,33,2,0,0,0,1,95,5,40,0
1990,74,1,0,0,0,0,0,0,0,0
1990,69,2,0,0,0,0,0,0,0,0
1990,69,2,0,0,0,0,0,0,0,0
1990,76,1,0,0,0,0,887,2,0,0
1990,42,1,0,0,0,1,534,4,42,0
1990,41,2,0,0,0,1,65,1,60,0
1990,18,2,1,0,0,0,777,1,20,0
1990,36,1,2,0,0,1,254,4,32,0
1990,25,2,1,0,0,0,0,0,0,0
1990,45,1,2,0,0,0,779,6,50,0
1990,34,2,1,0,0,1,21,5,40,0
1990,80,1,0,0,0,0,0,0,0,0
1990,75,2,0,0,0,0,0,0,0,0
1990,79,2,0,0,0,0,0,0,0,0
1990,72,2,0,0,0,1,0,0,0,0
1990,77,1,0,0,0,0,0,0,0,0
1990,72,2,0,0,0,1,0,0,0,0
1990,58,1,0,0,0,1,274,3,40,0
1990,57,2,0,0,0,0,174,5,0,0
1990,48,1,0,0,0,0,23,5,40,0
1990,57,2,0,0,0,1,23,5,40,1
1990,57,1,2,0,0,0,17,3,70,0
1990,73,1,0,0,0,0,0,0,0,0
1990,74,2,0,0,0,0,0,0,0,0
1990,38,1,0,0,0,0,243,3,80,0
1990,36,2,0,0,0,0,379,3,0,0
1990,32,1,2,0,0,0,0,0,0,0
1990,59,2,3,0,0,1,0,0,0,0
1990,39,1,0,2,1,0,519,0,40,0
1990,27,2,0,2,1,1,337,5,40,0
1990,68,1,0,0,0,0,0,0,0,0
1990,79,2,0,0,0,1,0,0,0,0
1990,78,1,0,0,0,0,0,0,0,0
1990,71,2,0,0,0,1,0,0,0,0
1990,76,1,0,0,0,1,0,0,0,0
1990,73,2,0,0,0,0,0,0,0,0
1990,68,2,3,0,0,0,0,0,0,0
1990,30,1,0,0,0,1,869,3,40,0
1990,29,2,0,0,0,1,259,1,40,0
1990,19,1,1,0,0,1,155,5,30,0
1990,20,1,1,0,0,0,176,5,30,0
1990,69,1,0,0,0,0,487,4,0,0
1990,66,2,0,0,0,0,0,0,0,0
1990,74,1,0,0,0,0,0,0,0,0
1990,71,2,0,0,0,0,0,0,0,0
1990,66,1,3,0,0,0,0,0,0,0
1990,53,1,0,0,0,1,0,0,0,0
1990,51,2,0,0,0,0,453,0,40,0
1990,65,1,0,0,0,0,22,2,45,0
1990,60,2,0,0,0,0,185,3,0,0
1990,59,1,0,0,0,0,503,2,40,0
1990,60,2,0,0,0,0,0,0,0,0
1990,40,1,0,2,1,0,479,0,54,0
1990,34,2,0,2,1,0,479,0,54,0
1990,25,1,0,1,0,0,783,1,40,0
1990,23,2,0,1,1,0,444,3,30,0
1990,74,1,0,0,0,1,0,0,0,0
1990,48,2,0,0,0,0,0,0,0,0
1990,78,2,0,0,0,1,0,0,0,0
1990,74,1,0,0,0,0,0,0,0,0
1990,73,2,0,0,0,0,0,0,0,0
1990,67,1,0,0,0,1,22,0,24,1
1990,66,2,0,0,0,1,0,0,0,0
1990,64,2,3,0,0,0,337,3,30,0
1990,42,1,2,0,0,0,0,0,0,0
1990,71,1,0,0,0,1,257,2,40,0
1990,66,2,0,0,0,0,337,0,40,0
1990,67,2,3,0,0,1,0,0,0,0
1990,30,1,0,0,0,1,804,0,58,0
1990,25,2,0,0,0,0,276,3,30,0
1990,25,1,0,0,0,1,23,0,45,0
1990,19,2,0,0,0,1,95,5,35,0
1990,54,1,0,0,0,0,549,3,50,0
1990,56,2,0,0,0,0,0,0,0,0
1990,25,1,1,0,0,0,364,3,40,0
1990,24,1,1,0,0,0,865,6,40,0
1990,76,1,0,1,0,0,0,0,0,0
1990,71,2,0,1,0,0,449,4,0,0
1990,37,1,0,1,0,0,479,0,50,0
1990,30,2,0,1,0,0,447,5,40,0
1990,32,2,2,0,0,1,27,3,55,0
1990,32,1,2,0,0,0,488,0,40,0
1990,33,1,0,0,1,0,889,2,50,0
1990,27,2,0,0,1,0,909,6,0,0
1990,65,1,0,0,0,1,843,2,0,0
1990,62,2,0,0,0,1,0,0,0,0
1990,28,2,3,0,0,1,174,5,40,0
1990,41,1,0,0,0,1,414,6,40,0
1990,37,2,0,0,0,1,156,5,40,0
1990,35,2,2,0,0,1,23,2,55,0
1990,60,1,0,1,0,0,477,0,40,0
1990,39,2,0,1,0,0,447,5,0,0
1990,53,2,0,0,0,0,469,5,32,0
1990,42,1,0,0,0,0,885,3,65,0
1990,20,2,1,0,0,1,313,4,18,0
1990,18,1,1,0,0,0,567,0,0,0
1990,44,1,0,3,3,1,84,5,54,1
1990,35,2,0,3,3,0,0,0,0,0
1990,53,2,0,0,0,0,0,0,0,0
1990,64,1,0,0,0,0,0,0,0,0
1990,19,2,0,0,0,0,453,4,70,0
1990,22,1,0,0,0,0,869,0,50,0
1990,47,1,3,0,0,0,779,3,50,1
1990,19,1,1,0,0,0,844,0,40,0
1990,18,2,1,0,0,0,0,0,0,0
1990,57,1,0,0,0,1,96,3,42,0
1990,55,2,0,0,0,0,185,3,40,0
1990,64,1,0,0,0,0,0,0,0,0
1990,63,2,0,0,0,0,0,0,0,0
1990,70,2,3,0,0,0,447,5,30,0
1990,50,2,3,0,0,0,365,1,40,0
1990,67,2,2,0,0,1,95,5,48,0
1990,64,2,3,2,1,0,0,0,0,0
1990,76,1,3,0,0,0,0,0,0,0
1990,55,1,0,0,0,1,615,1,60,0
1990,41,2,0,0,0,1,14,5,52,0
1990,44,1,0,1,0,0,477,0,40,0
1990,38,2,0,1,0,0,95,5,40,0
1990,38,1,0,0,0,1,208,6,56,0
1990,33,2,0,0,0,0,677,3,40,0
1990,32,1,0,0,0,1,503,1,65,0
1990,36,2,0,0,0,1,208,5,40,0
1990,74,1,0,0,0,1,274,3,0,0
1990,71,2,0,0,0,0,0,0,0,0
1990,76,2,3,0,0,0,0,0,0,0
1990,75,2,2,0,0,0,164,5,13,0
1990,33,1,0,0,0,0,577,0,45,0
1990,30,2,0,0,0,1,319,4,0,0
1990,77,1,0,0,0,0,0,0,0,0
1990,65,2,0,0,0,0,0,0,0,0
1990,64,1,0,0,0,0,628,1,40,0
1990,60,2,0,0,0,0,313,5,0,0
1990,72,1,0,0,0,1,0,0,0,0
1990,66,2,0,0,0,0,0,0,0,0
1990,68,2,0,0,0,0,0,0,0,0
1990,55,1,0,0,2,0,22,1,60,1
1990,34,2,0,0,0,0,376,1,0,0
1990,69,1,0,0,0,1,0,0,0,0
1990,68,2,0,0,0,1,0,0,0,0
1990,79,1,1,0,0,0,0,0,0,0
1990,62,2,0,0,0,1,0,0,0,0
1990,70,1,0,0,0,1,259,3,0,0
1990,33,1,0,0,0,0,567,0,20,0
1990,32,2,0,0,0,0,0,0,0,0
1990,42,1,0,0,0,1,523,2,80,0
1990,39,2,0,0,0,0,379,5,30,0
1990,60,2,2,0,0,0,435,3,40,0
1990,28,2,2,0,0,0,313,3,40,0
1990,50,1,0,0,0,1,426,4,54,0
1990,48,2,0,0,0,0,426,4,54,0
1990,24,1,1,0,0,0,474,0,40,0
1990,22,1,1,0,0,0,486,0,40,0
1990,66,1,0,0,0,0,0,0,0,0
1990,64,2,0,0,0,0,0,0,0,0
1990,25,2,1,0,0,1,274,3,34,0
1990,29,2,1,1,0,0,436,3,0,0
1990,31,2,1,1,0,0,406,4,40,0
1990,54,2,3,0,0,0,435,3,23,0
1990,74,2,3,0,0,0,0,0,0,0
1990,35,1,1,1,1,1,864,5,44,0
1990,37,2,1,1,1,0,889,3,44,0
1990,68,2,2,0,0,1,339,5,30,0
1990,41,1,0,0,0,0,22,4,65,0
1990,41,2,0,0,0,1,22,4,40,0
1990,22,1,1,3,0,0,505,4,40,0
1990,23,2,1,0,0,0,0,0,0,0
1990,52,2,2,0,0,0,447,5,40,0
1990,30,1,0,0,0,0,759,1,50,0
1990,25,2,0,0,0,0,799,1,40,0
1990,75,2,3,0,0,0,0,0,0,0
1990,66,2,3,0,0,1,447,5,40,0
1990,44,2,2,0,0,1,0,0,0,0
1990,19,2,1,0,0,0,435,3,48,0
1990,26,1,3,0,0,0,573,0,40,0
1990,20,2,3,0,0,0,0,0,0,0
1990,35,1,0,0,0,0,804,0,53,0
1990,35,2,0,0,0,1,206,5,40,0
1990,75,2,0,0,0,0,0,0,0,0
1990,74,2,3,0,0,1,0,0,0,1
1990,68,1,0,0,0,1,823,2,0,0
1990,55,2,0,0,0,0,348,2,37,0
1990,61,1,0,0,0,0,505,4,40,0
1990,57,2,0,0,0,0,453,4,8,0
1990,28,1,1,0,0,0,874,0,40,0
1990,21,2,1,0,0,0,885,3,32,0
1990,60,2,2,0,0,0,23,4,40,0
1990,64,1,0,0,0,1,254,4,0,0
1990,55,2,0,0,0,0,337,0,0,0
1990,41,1,0,0,0,1,274,3,35,0
1990,45,2,0,0,0,1,23,4,40,0
1990,31,1,0,0,0,1,22,4,60,0
1990,29,2,0,0,0,1,313,4,40,0
1990,30,2,3,0,0,0,436,5,40,0
1990,79,1,3,0,0,1,0,0,0,0
1990,80,2,3,0,0,0,0,0,0,1
1990,57,1,0,0,0,0,0,0,0,0
1990,56,2,0,0,0,0,274,3,0,0
1990,32,1,0,0,0,1,486,0,40,0
1990,26,2,0,0,0,0,308,4,40,0
1990,24,1,3,0,2,0,595,0,30,0
1990,52,2,2,0,0,0,313,5,40,0
1990,21,2,1,3,0,0,435,3,40,0
1990,62,2,1,0,0,0,436,3,45,0
1990,27,1,1,0,0,0,575,0,40,0
1990,74,1,0,0,0,1,0,0,0,0
1990,69,2,0,0,0,1,0,0,0,0
1990,34,2,1,0,0,0,804,3,0,0
1990,45,1,0,0,0,1,243,3,65,1
1990,42,2,0,0,2,0,254,4,40,1
1990,18,1,1,0,0,1,387,5,0,0
1990,49,1,0,0,0,0,628,1,40,0
1990,41,2,0,3,3,0,308,5,0,0
1990,18,2,1,0,0,0,276,3,20,0
1990,39,2,2,0,0,1,7,3,40,0
1990,24,1,1,0,0,0,869,2,40,0
1990,23,2,1,0,0,0,436,3,40,0
1990,71,1,0,0,0,1,0,0,0,1
1990,71,2,0,0,0,0,0,0,0,0
1990,58,1,0,0,0,1,518,0,50,0
1990,54,2,0,0,0,1,207,5,48,0
1990,80,2,3,0,0,1,0,0,0,1
1990,79,1,0,0,0,0,0,0,0,0
1990,78,2,0,0,0,0,0,0,0,1
1990,62,1,0,0,0,0,889,3,40,0
1990,61,2,0,0,0,0,276,4,40,0
1990,69,2,3,0,0,0,0,0,0,0
1990,70,2,3,0,0,0,0,0,0,0
1990,50,1,0,0,0,0,573,0,40,0
1990,46,2,0,0,0,1,808,3,70,0
1990,23,2,2,0,0,0,276,3,40,0
1990,72,1,0,0,0,0,0,0,0,0
1990,79,2,0,0,0,1,0,0,0,0
1990,37,1,1,0,0,1,213,6,40,0
1990,29,1,0,0,0,1,229,1,40,0
1990,28,2,0,0,0,1,156,5,7,0
1990,27,1,1,0,0,1,553,0,40,0
1990,19,2,1,0,0,0,439,3,0,0
1990,77,2,3,0,0,1,0,0,0,1
1990,60,1,0,0,0,0,549,4,0,0
1990,55,2,0,0,0,0,243,3,0,0
1990,56,1,0,0,0,1,503,1,40,1
1990,54,2,0,0,0,1,275,4,20,0
1990,54,1,0,0,0,1,22,1,40,1
1990,51,2,0,0,0,1,0,0,0,0
1990,68,1,3,0,0,0,268,3,16,0
1990,41,1,0,0,0,1,274,3,40,0
1990,34,2,0,0,0,0,458,4,38,0
1990,79,1,0,0,0,0,0,0,0,0
1990,39,1,0,0,0,0,22,0,60,0
1990,40,2,0,0,0,1,378,5,40,0
1990,20,2,1,0,0,1,379,5,20,0
1990,47,2,3,0,0,0,22,1,40,0
1990,57,1,0,0,0,1,259,3,48,1
1990,47,2,0,0,0,1,313,3,40,0
1990,77,1,0,0,0,1,0,0,0,1
1990,75,2,0,0,0,1,0,0,0,1
1990,19,1,1,0,1,0,479,0,40,0
1990,72,2,3,0,0,0,0,0,0,0
1990,66,1,0,0,0,0,0,0,0,0
1990,67,2,0,0,0,0,0,0,0,0
1990,43,1,0,0,0,1,259,3,50,1
1990,41,2,0,0,0,1,95,5,44,0
1990,76,2,1,1,0,0,407,4,5,0
1990,39,1,0,0,0,0,22,4,40,0
1990,36,2,0,0,0,1,375,4,40,0
1990,22,1,1,0,0,1,55,1,35,0
1990,20,2,1,0,0,1,435,3,45,0
1990,38,2,2,0,0,1,313,3,36,0
1990,39,1,2,0,0,1,566,0,40,0
1990,35,1,0,0,0,0,869,0,40,1
1990,34,2,0,0,0,0,458,4,20,0
1990,38,1,0,0,0,1,23,4,50,1
1990,36,2,0,0,0,0,274,3,15,0
1990,37,1,1,0,0,1,22,0,70,0
1990,35,1,1,0,0,1,96,5,42,1
1990,31,1,1,0,0,1,95,5,50,1
1990,73,1,0,0,0,0,0,0,0,0
1990,69,2,0,0,0,0,0,0,0,0
1990,71,1,0,0,0,1,0,0,0,0
1990,45,2,0,0,2,0,243,3,0,0
1990,66,1,0,0,0,1,22,1,40,1
1990,65,2,0,0,0,1,0,0,0,0
1990,71,2,3,0,4,0,0,0,0,0
1990,64,1,0,0,2,0,628,1,0,0
1990,58,2,0,0,0,0,274,3,16,0
1990,41,1,0,0,0,1,19,4,40,0
1990,44,2,0,0,0,1,313,4,50,0
1990,20,2,1,0,0,1,433,3,24,0
1990,46,2,2,0,0,1,156,5,45,0
1990,19,2,1,0,0,1,315,4,24,0
1990,47,2,2,0,0,1,458,4,30,0
1990,80,2,3,0,0,1,254,4,0,0
1990,37,1,0,0,0,1,64,1,42,1
1990,36,2,0,0,0,1,389,4,15,0
1990,44,1,0,0,0,0,379,2,40,1
1990,41,2,0,0,0,1,95,5,8,0
1990,37,1,0,0,0,0,637,1,73,0
1990,36,2,0,0,0,0,377,5,35,0
1990,39,2,3,0,0,1,313,5,40,0
1990,57,1,0,0,0,1,274,3,40,1
1990,57,2,0,0,0,1,337,4,30,0
1990,63,1,0,0,0,1,274,3,32,1
1990,59,2,0,0,0,0,0,0,0,0
1990,49,1,0,0,2,1,18,4,50,1
1990,34,2,0,0,2,1,23,5,20,0
1990,25,2,0,0,0,1,317,4,20,0
1990,24,1,0,0,0,1,553,0,40,0
1990,66,1,0,0,0,1,303,6,40,1
1990,54,2,0,0,0,1,769,4,0,0
1990,40,1,1,0,0,1,57,2,50,1
1990,63,1,0,0,0,0,844,0,0,0
1990,61,2,0,0,0,1,254,4,0,0
1990,40,1,0,0,0,1,243,3,60,1
1990,36,2,0,0,0,1,18,4,40,0
1990,67,1,0,0,0,1,243,3,60,1
1990,66,2,0,0,0,1,0,0,0,0
1990,39,2,1,0,0,1,178,5,60,1
1990,33,1,0,0,0,1,178,5,50,1
1990,32,2,0,0,0,1,178,5,60,1
1990,61,2,0,0,0,0,0,0,0,0
1990,67,1,0,0,0,1,426,4,20,1
1990,75,1,0,0,0,1,0,0,0,0
1990,74,2,0,0,0,0,0,0,0,0
1990,29,2,1,0,0,1,22,4,20,0
1990,28,1,0,0,0,0,18,4,40,0
1990,22,2,0,0,0,1,439,3,40,0
1990,74,2,3,0,0,1,313,6,16,0
1990,74,1,0,0,0,1,19,4,20,0
1990,73,2,0,0,0,1,348,4,20,0
1990,53,2,2,0,0,1,799,3,40,0
1990,68,2,3,0,0,0,0,0,0,0
1990,70,2,3,0,0,0,0,0,0,0
1990,64,2,3,0,0,0,467,5,0,0
1990,41,2,2,0,0,1,0,0,0,0
1990,65,1,3,0,0,1,0,0,0,0
1990,50,1,1,0,0,0,0,0,0,0
1990,38,2,2,0,0,1,23,0,0,0
1990,27,1,0,0,0,0,22,3,70,0
1990,24,2,0,0,0,0,337,4,40,0
1990,79,2,3,0,0,0,0,0,0,0
1990,53,2,2,0,0,0,407,4,40,0
1990,46,1,0,0,0,0,877,3,40,0
1990,48,2,0,0,0,0,0,0,0,0
1990,18,1,1,0,0,0,486,0,25,0
1990,22,1,1,0,0,0,254,4,30,0
1990,66,1,3,0,0,0,0,0,0,1
1990,67,2,3,0,0,0,0,0,0,0
1990,41,1,0,0,0,0,883,3,50,0
1990,46,2,0,0,0,1,357,4,35,0
1990,34,1,0,0,0,1,0,0,0,0
1990,70,2,0,0,0,1,337,4,10,0
1990,46,1,2,0,0,1,178,5,50,1
1990,32,2,1,0,0,1,22,4,40,0
1990,45,1,0,1,0,1,783,1,40,0
1990,30,2,0,1,0,0,407,4,12,0
1990,19,2,1,1,0,0,748,5,40,0
1990,78,2,3,1,0,1,0,0,0,0
1990,63,1,0,1,0,1,0,0,0,0
1990,57,2,0,1,0,0,356,5,70,0
1990,33,2,2,1,0,1,104,5,75,0
1990,48,2,3,1,0,1,683,1,40,0
1990,55,2,2,0,0,1,313,5,48,0
1990,18,2,1,1,0,0,436,3,0,0
1990,20,1,1,1,0,0,436,3,40,0
1990,80,1,0,0,0,0,0,0,0,0
1990,79,2,0,0,0,0,0,0,0,0
1990,78,2,3,0,2,0,0,0,0,0
1990,71,1,0,0,0,1,0,0,0,0
1990,68,2,0,0,0,1,0,0,0,0
1990,74,2,0,0,0,0,0,0,0,0
1990,75,2,0,0,0,1,0,0,0,0
1990,35,1,0,0,0,1,579,4,40,0
1990,30,2,0,0,0,0,276,3,0,0
1990,55,2,0,0,0,0,0,0,0,0
1990,56,1,0,0,0,0,849,4,40,0
1990,54,2,3,1,0,0,453,5,40,0
1990,51,1,0,1,0,1,343,6,40,0
1990,53,2,0,1,0,0,25,4,40,0
1990,35,1,1,0,2,1,174,5,50,0
1990,37,2,2,1,0,0,909,6,0,0
1990,63,2,3,1,0,0,683,1,0,0
1990,32,1,0,1,0,1,418,6,40,0
1990,27,2,0,1,0,0,808,5,40,0
1990,69,1,0,0,0,1,877,3,24,1
1990,66,2,0,0,0,1,337,3,24,0
1990,79,2,0,0,0,0,0,0,0,0
1990,31,1,1,0,0,1,174,5,40,0
1990,29,2,1,0,0,1,167,5,40,0
1990,65,2,2,0,0,0,313,5,40,0
1990,24,1,1,0,0,1,318,2,40,0
1990,28,2,1,0,0,0,364,2,40,0
1990,65,2,0,0,0,0,436,2,0,0
1990,71,1,0,0,0,0,426,5,24,0
1990,31,1,2,0,0,1,254,4,40,0
1990,39,2,2,0,0,1,174,5,56,0
1990,34,1,0,0,0,1,84,5,50,1
1990,31,2,0,0,0,1,95,5,40,0
1990,43,1,2,0,0,1,21,5,60,1
1990,35,2,2,0,0,0,434,3,0,0
1990,77,2,3,0,0,0,0,0,0,0
1990,58,1,3,1,0,0,433,3,40,0
1990,31,2,0,1,0,0,447,4,40,0
1990,36,1,0,1,0,1,869,0,35,0
1990,80,1,3,1,0,0,0,0,0,0
1990,42,2,2,0,0,0,254,4,0,0
1990,76,2,2,1,0,0,479,0,30,0
1990,33,1,0,1,1,0,853,0,40,0
1990,28,2,0,1,1,0,443,3,40,0
1990,41,2,2,0,0,1,447,5,36,0
1990,20,2,1,0,0,1,487,5,40,0
1990,75,1,0,0,0,0,0,0,0,0
1990,67,2,0,0,0,0,0,0,0,0
1990,24,2,1,0,0,1,254,4,0,0
1990,78,1,3,0,0,1,0,0,0,0
1990,32,1,1,0,0,1,558,0,50,0
1990,27,2,1,0,0,0,313,5,40,0
1990,60,1,0,0,0,1,243,4,43,1
1990,51,2,0,0,0,0,0,0,0,0
1990,41,1,2,1,0,1,26,5,40,0
1990,42,2,2,0,0,0,313,5,20,0
1990,28,1,2,0,0,0,243,4,40,0
1990,29,1,0,0,0,1,243,3,42,0
1990,29,2,0,0,0,1,163,5,40,0
1990,72,1,0,0,0,0,0,0,0,0
1990,76,2,0,0,0,0,0,0,0,0
1990,31,1,2,0,1,1,243,3,40,0
1990,59,1,0,0,1,0,453,5,40,0
1990,50,2,0,0,1,0,889,1,40,0
1990,22,2,1,0,1,1,385,5,36,0
1990,73,2,3,0,1,0,0,0,0,0
1990,33,2,3,0,0,1,0,0,0,1
1990,37,2,2,0,4,1,0,0,0,0
1990,77,2,0,0,0,1,0,0,0,0
1990,78,1,0,0,0,1,0,0,0,0
1990,65,2,3,0,0,1,0,0,0,1
1990,38,2,2,0,4,1,453,4,50,0
1990,56,1,0,0,1,0,22,3,60,1
1990,58,2,0,0,1,1,628,1,44,0
1990,61,1,3,0,0,0,567,0,0,0
1990,34,1,0,0,0,1,208,6,48,0
1990,32,2,0,0,0,1,804,2,0,0
1990,66,1,3,0,0,1,0,0,0,0
1990,56,1,0,0,0,1,337,0,40,0
1990,50,2,0,0,0,0,337,4,40,0
1990,71,2,3,0,0,1,0,0,0,0
1990,37,2,2,0,0,1,22,4,45,0
1990,25,1,1,0,0,1,156,5,45,0
1990,29,1,0,0,0,1,567,0,40,0
1990,29,2,0,0,0,1,185,3,40,0
1990,27,1,0,0,2,0,505,1,40,0
1990,27,2,0,0,2,0,0,0,0,0
1990,29,1,0,0,1,1,458,4,55,0
1990,26,2,0,0,1,0,383,4,40,0
1990,43,1,0,1,1,0,804,2,20,0
1990,43,1,3,3,1,1,436,3,0,0
1990,45,1,0,2,0,0,628,1,55,0
1990,28,2,0,0,0,0,488,0,50,0
1990,30,2,0,0,0,1,207,5,40,0
1990,34,1,0,0,0,1,575,0,48,0
1990,28,1,0,2,1,1,686,3,40,0
1990,24,2,0,0,0,1,23,4,0,0
1990,69,1,0,0,0,1,277,3,8,0
1990,71,2,0,0,0,0,327,3,20,0
1990,34,2,1,0,0,1,25,4,40,0
1990,33,1,0,0,0,1,85,5,50,1
1990,34,2,0,0,0,1,313,1,0,0
1990,44,1,2,0,0,0,634,1,50,0
1990,68,2,3,0,0,1,337,5,40,0
1990,48,2,2,0,0,1,883,1,40,0
1990,23,2,1,0,0,0,525,4,40,0
1990,56,1,0,2,1,0,779,3,40,0
1990,51,2,0,2,1,0,734,1,40,0
1990,21,2,3,0,0,0,159,5,40,0
1990,51,1,0,0,0,0,189,4,70,1
1990,49,2,0,0,0,1,243,3,20,0
1990,53,1,0,0,0,0,579,5,40,0
1990,51,2,0,0,0,0,29,3,40,0
1990,19,1,1,0,0,0,364,3,32,0
1990,42,1,0,0,0,1,257,2,40,0
1990,39,2,0,0,0,1,22,5,20,0
1990,55,2,2,0,0,1,95,6,42,0
1990,52,1,0,0,1,1,243,3,54,1
1990,48,2,0,0,1,1,23,5,30,0
1990,33,1,0,0,2,0,783,1,50,0
1990,32,2,0,0,2,0,313,3,40,0
1990,35,1,0,0,0,1,185,3,40,0
1990,26,2,0,0,0,0,313,5,40,0
1990,37,1,1,0,0,1,534,5,40,0
1990,35,1,1,0,0,0,427,5,40,0
1990,32,1,1,0,0,1,869,3,40,0
1990,35,1,0,0,0,0,269,3,42,0
1990,28,2,0,0,0,1,458,4,45,0
1990,27,1,2,0,0,0,257,0,40,0
1990,29,1,1,0,0,0,566,0,30,0
1990,27,2,1,0,0,1,0,0,0,0
1990,26,2,0,0,0,1,5,6,40,0
1990,29,1,0,0,0,0,22,3,45,0
1990,32,2,3,1,1,0,447,5,56,0
1990,51,1,0,0,0,0,22,2,45,1
1990,49,2,0,0,0,0,25,2,45,0
1990,79,1,0,0,0,0,877,3,25,0
1990,75,2,0,0,0,0,283,3,39,0
1990,60,1,0,0,0,0,558,1,0,0
1990,65,2,0,0,2,0,0,0,0,0
1990,60,2,0,0,0,1,186,5,25,0
1990,59,1,0,0,0,1,22,1,0,1
1990,68,2,3,0,0,1,255,4,0,0
1990,73,2,3,0,0,0,0,0,0,1
1990,80,2,3,0,2,0,0,0,0,0
1990,55,2,0,0,0,1,156,5,0,0
1990,61,1,0,0,0,1,14,5,0,0
1990,37,2,1,0,0,1,208,5,40,0
1990,36,1,2,0,0,1,355,2,40,0
1990,66,1,0,0,0,1,183,5,0,0
1990,48,2,0,0,0,1,156,5,40,0
1990,53,1,0,0,0,1,486,0,40,0
1990,42,2,0,0,0,1,243,3,45,0
1990,20,1,1,0,0,0,486,0,47,0
1990,76,1,0,0,0,0,0,0,0,0
1990,73,2,0,0,0,0,0,0,0,0
1990,80,1,0,0,0,0,0,0,0,0
1990,76,2,0,0,0,1,0,0,0,0
1990,39,2,2,0,0,1,156,5,30,0
1990,80,1,0,0,0,0,0,0,0,0
1990,69,1,0,0,0,1,22,1,12,1
1990,66,2,0,0,0,0,0,0,0,0
1990,60,1,0,0,0,1,0,0,0,1
1990,57,2,0,0,0,1,178,5,50,1
1990,33,1,0,0,0,1,22,0,40,0
1990,33,2,0,0,0,0,0,0,0,0
1990,33,1,1,0,0,0,0,0,0,0
1990,69,1,2,0,0,0,653,1,0,0
1990,44,2,1,0,0,0,447,4,40,0
1990,20,2,1,0,0,0,365,3,40,0
1990,42,1,3,0,0,1,263,3,60,0
1990,41,1,0,0,0,1,243,3,60,1
1990,32,2,0,0,0,0,383,4,20,0
1990,80,1,0,0,0,0,0,0,0,0
1990,72,2,0,0,0,0,0,0,0,0
1990,30,1,2,0,0,0,22,0,40,0
1990,38,1,0,0,0,1,22,0,60,0
1990,31,2,0,3,3,1,22,0,50,0
1990,71,1,0,0,0,0,0,0,0,0
1990,70,2,0,0,0,0,0,0,0,0
1990,64,1,0,0,0,0,0,0,0,0
1990,63,2,0,0,0,0,0,0,0,0
1990,61,1,0,0,2,0,266,3,44,0
1990,59,2,0,0,0,0,229,1,42,0
1990,21,2,1,0,0,0,444,5,35,0
1990,22,2,0,0,0,0,23,2,40,0
1990,27,1,0,0,0,1,589,3,45,0
1990,24,1,0,0,0,0,534,0,40,0
1990,27,2,0,0,0,1,21,4,50,1
1990,44,1,0,0,0,1,418,6,45,0
1990,43,2,0,0,0,1,27,4,37,0
1990,31,1,0,0,1,1,455,4,40,0
1990,28,2,0,0,0,0,185,3,40,0
1990,52,2,2,1,1,1,17,3,40,0
1990,71,1,0,0,0,1,0,0,0,0
1990,67,2,0,0,0,0,0,0,0,0
1990,70,1,0,0,2,1,0,0,0,1
1990,63,2,0,0,0,0,0,0,0,0
1990,69,1,0,0,0,1,0,0,0,0
1990,66,2,0,0,0,1,313,2,0,0
1990,69,2,3,0,0,1,0,0,0,0
1990,77,1,0,0,0,1,13,4,50,1
1990,62,2,0,0,0,1,156,5,0,0
1990,72,2,0,0,0,0,0,0,0,0
1990,73,1,0,0,0,0,264,3,33,0
1990,68,1,0,0,0,1,84,5,40,1
1990,67,2,0,0,0,1,0,0,0,0
1990,78,1,0,0,0,0,0,0,0,0
1990,73,2,0,0,0,0,0,0,0,0
1990,80,1,0,0,2,0,0,0,0,0
1990,79,2,0,0,2,0,0,0,0,0
1990,78,1,0,0,0,0,0,0,0,0
1990,71,2,0,0,0,0,0,0,0,0
1990,73,1,0,0,0,0,0,0,0,0
1990,65,2,0,0,0,0,0,0,0,0
1990,68,2,0,0,0,0,0,0,0,0
1990,71,1,0,0,0,0,0,0,0,0
1990,33,2,1,0,0,1,337,5,40,0
1990,18,1,0,0,0,0,0,0,0,0
1990,71,2,0,0,0,0,0,0,0,0
1990,72,2,0,0,0,1,265,3,15,0
1990,68,2,3,0,0,1,274,3,15,0
1990,24,2,1,0,0,1,337,0,45,0
1990,25,2,1,0,0,1,22,5,45,0
1990,65,1,0,0,0,1,0,0,0,0
1990,62,2,0,0,0,1,0,0,0,0
1990,72,1,0,0,2,1,0,0,0,1
1990,74,2,0,0,0,0,0,0,0,0
1990,72,2,3,0,0,0,447,5,30,0
1990,63,1,0,0,0,1,84,5,42,1
1990,58,2,0,0,0,1,0,0,0,0
1990,45,1,0,2,0,0,514,4,40,0
1990,39,2,0,2,0,0,313,5,40,0
1990,79,1,3,0,0,0,0,0,0,0
1990,74,2,0,0,0,1,0,0,0,0
1990,80,1,0,0,0,1,0,0,0,0
1990,79,2,3,0,0,0,0,0,0,0
1990,32,1,0,0,2,0,554,0,40,0
1990,31,2,0,0,0,1,17,3,30,0
1990,56,1,0,0,0,0,426,4,0,0
1990,63,2,0,0,0,0,0,0,0,0
1990,56,1,0,0,0,1,243,3,0,1
1990,52,2,0,0,0,1,909,6,0,0
1990,52,1,0,0,0,1,13,1,40,0
1990,50,2,0,0,0,1,254,4,30,0
1990,57,2,2,0,0,0,319,4,40,0
1990,49,1,2,0,0,1,53,5,60,1
1990,68,2,3,0,0,1,0,0,0,1
1990,63,1,0,0,2,1,58,0,18,1
1990,59,2,0,0,4,1,0,0,0,0
1990,59,2,2,0,0,0,308,3,40,0
1990,36,1,2,0,0,1,13,1,40,0
1990,34,1,2,0,0,1,195,1,46,0
1990,67,1,0,0,0,0,486,0,35,0
1990,53,2,0,0,0,0,96,3,35,0
1990,24,2,2,0,0,0,276,3,0,0
1990,51,1,0,0,0,0,33,0,40,0
1990,43,2,0,0,0,0,458,4,30,0
1990,72,1,0,0,0,0,335,4,40,0
1990,63,2,0,0,0,0,276,3,20,0
1990,42,1,0,0,0,1,503,2,48,1
1990,40,2,0,0,0,1,389,5,42,0
1990,50,2,0,0,0,0,0,0,0,0
1990,64,1,0,0,0,0,337,3,40,0
1990,18,1,1,0,0,0,276,3,40,0
1990,19,2,1,0,0,0,319,4,40,0
1990,23,1,1,0,0,1,547,2,40,0
1990,73,1,0,0,0,0,0,0,0,0
1990,74,2,0,0,0,0,0,0,0,0
1990,36,2,1,0,0,1,203,6,40,0
1990,30,2,1,0,0,0,803,2,40,0
1990,37,1,0,0,0,0,859,1,40,0
1990,35,2,0,0,2,0,276,3,40,0
1990,80,1,0,0,0,1,0,0,0,0
1990,77,2,0,0,0,1,0,0,0,0
1990,28,1,3,0,0,0,22,0,10,0
1990,44,1,0,1,0,0,804,0,40,0
1990,40,2,0,1,0,1,35,6,0,0
1990,38,1,0,0,0,0,259,1,40,0
1990,36,2,0,0,0,1,207,5,24,0
1990,39,1,2,0,0,0,186,5,40,0
1990,74,2,2,0,0,0,0,0,0,0
1990,75,1,0,0,0,1,0,0,0,0
1990,75,2,0,0,0,1,0,0,0,0
1990,19,2,1,0,0,1,253,4,15,0
1990,19,2,1,0,0,1,383,4,25,0
1990,47,1,0,0,0,1,303,4,0,0
1990,35,2,0,0,0,1,0,0,0,0
1990,21,2,1,3,0,1,435,3,0,0
1990,74,1,0,0,0,1,243,3,0,0
1990,69,2,0,0,0,1,0,0,0,0
1990,36,1,0,1,1,0,779,3,40,0
1990,34,2,0,1,1,0,373,3,0,0
1990,58,1,0,0,0,1,243,3,60,1
1990,62,2,0,0,0,0,0,0,0,0
1990,51,2,2,1,0,0,453,5,40,0
1990,19,1,1,1,0,0,453,4,40,0
1990,25,1,0,1,0,1,855,0,45,0
1990,24,2,0,1,0,0,683,1,40,0
1990,35,2,1,0,1,0,453,4,40,0
1990,51,1,3,0,0,0,243,3,40,1
1990,25,1,1,0,0,1,22,5,45,0
1990,78,1,0,0,0,0,0,0,0,0
1990,74,2,0,0,0,1,0,0,0,0
1990,31,1,0,0,0,1,22,3,45,1
1990,31,2,0,0,0,1,243,3,0,0
1990,40,1,0,0,3,1,159,5,50,1
1990,25,2,0,0,1,1,0,0,0,0
1990,53,2,0,0,0,1,167,5,40,0
1990,58,1,0,0,0,1,84,5,26,1
1990,30,2,2,0,0,1,0,0,0,0
1990,24,2,1,0,0,1,313,5,30,0
1990,72,1,0,0,0,1,303,6,0,1
1990,70,2,0,0,0,0,0,0,0,0
1990,30,1,2,3,3,1,263,3,40,0
1990,20,2,1,0,0,0,379,2,50,0
1990,64,1,0,0,0,1,256,4,25,0
1990,54,2,0,0,0,1,389,3,10,0
1990,39,1,0,0,0,1,13,1,58,0
1990,43,2,0,0,0,1,319,5,20,0
1990,19,1,1,0,0,1,567,0,0,0
1990,74,2,3,0,2,0,785,3,0,0
1990,48,1,0,0,0,1,84,5,40,1
1990,36,2,0,0,1,1,628,1,0,0
1990,34,2,1,0,0,1,255,4,40,0
1990,76,2,1,0,0,0,0,0,0,0
1990,78,2,3,0,0,0,0,0,0,0
1990,66,2,2,0,0,1,95,5,0,0
1990,71,1,0,0,0,1,0,0,0,0
1990,63,2,0,0,0,1,243,3,40,0
1990,34,1,2,0,0,1,243,3,40,0
1990,29,2,0,0,0,1,205,5,40,0
1990,35,1,0,0,0,0,453,4,50,0
1990,46,1,3,0,0,1,375,4,45,0
1990,45,2,2,0,0,0,243,4,45,0
1990,73,2,3,0,0,1,0,0,0,0
1990,38,1,2,0,0,1,218,5,75,0
1990,52,1,0,0,0,1,243,3,40,1
1990,46,2,0,0,0,0,365,3,0,0
1990,20,2,1,0,0,1,888,1,20,0
1990,18,2,1,0,0,0,469,3,25,0
1990,29,1,0,0,0,0,259,1,40,1
1990,24,2,0,0,3,0,283,3,40,0
1990,38,2,2,0,0,1,95,5,40,0
1990,56,1,0,0,0,1,0,0,0,1
1990,53,2,0,0,0,0,313,5,0,0
1990,48,1,0,0,4,1,17,3,40,0
1990,49,2,0,0,4,0,0,0,0,0
1990,21,1,1,0,4,0,0,0,0,0
1990,69,2,3,0,0,0,0,0,0,0
1990,65,2,2,0,2,0,447,5,24,0
1990,71,2,3,0,2,1,0,0,0,0
1990,74,1,1,0,0,1,0,0,0,0
1990,40,1,0,0,0,1,507,0,45,0
1990,36,2,0,0,0,1,95,5,40,0
1990,77,2,3,0,0,0,0,0,0,0
1990,39,1,0,0,0,1,159,3,50,1
1990,31,2,0,0,0,1,243,3,50,0
1990,22,1,1,0,0,1,754,1,48,0
1990,39,2,1,0,0,1,463,2,40,0
1990,28,1,1,0,0,1,389,4,55,0
1990,48,2,2,0,0,0,266,3,40,0
1990,41,2,2,0,0,1,243,3,40,1
1990,66,2,3,0,0,0,0,0,0,0
1990,22,2,0,0,0,0,365,5,40,0
1990,26,1,0,0,0,0,877,3,35,0
1990,32,1,1,0,0,0,657,1,40,0
1990,50,2,2,0,0,1,375,4,40,0
1990,78,1,0,0,0,0,0,0,0,0
1990,65,1,0,0,0,1,0,0,0,1
1990,64,2,0,0,0,0,0,0,0,0
1990,63,2,3,0,0,0,274,3,40,0
1990,33,1,1,0,0,1,274,3,40,0
1990,34,2,3,0,0,0,337,1,40,0
1990,72,2,3,0,0,0,0,0,0,0
1990,62,2,3,0,0,1,95,5,0,0
1990,33,1,1,0,0,0,549,4,40,0
1990,61,2,0,0,1,1,235,5,40,0
1990,69,1,0,0,1,0,869,0,40,0
1990,63,2,3,0,2,1,338,1,4,0
1990,42,1,0,0,0,1,558,0,60,1
1990,44,2,0,0,0,1,22,4,40,0
1990,46,1,2,0,0,0,567,4,30,0
1990,18,2,1,0,0,0,0,0,0,0
1990,48,2,1,0,0,1,95,5,40,1
1990,78,2,3,0,0,0,0,0,0,0
1990,55,1,0,0,0,1,22,1,45,1
1990,55,2,0,0,0,0,0,0,0,0
1990,18,2,1,0,0,0,276,5,30,0
1990,59,2,2,0,0,1,274,3,40,0
1990,49,1,3,0,0,0,809,2,40,0
1990,36,1,0,0,0,1,208,6,50,1
1990,34,2,0,0,0,1,95,5,20,0
1990,65,1,3,0,0,0,6,6,40,1
1990,45,1,0,0,0,1,469,4,35,0
1990,34,2,0,0,0,1,426,5,40,0
1990,55,1,3,0,1,0,479,0,56,0
1990,46,1,0,0,0,1,56,1,40,1
1990,43,2,0,0,0,1,156,5,45,0
1990,69,1,0,0,0,0,0,0,0,0
1990,72,2,0,0,0,0,0,0,0,0
1990,74,2,2,0,0,1,0,0,0,0
1990,33,1,2,0,0,1,259,3,40,0
1990,34,1,0,1,1,0,33,2,40,0
1990,31,2,0,1,1,1,17,4,37,0
1990,33,1,1,0,0,0,436,3,0,0
1990,37,1,0,0,0,1,573,0,8,0
1990,36,2,0,0,0,1,463,2,40,0
1990,40,1,0,0,0,0,573,0,40,0
1990,32,2,0,0,0,0,337,5,40,0
1990,30,1,0,0,0,0,22,3,55,0
1990,25,2,0,0,0,1,423,6,40,0
1990,34,1,0,0,0,0,804,1,40,0
1990,31,2,0,0,0,1,155,5,12,0
1990,31,1,0,0,0,1,253,4,40,0
1990,30,2,0,0,0,0,155,5,20,0
1990,30,1,0,0,1,0,595,0,50,0
1990,29,2,0,0,1,0,484,0,40,0
1990,26,1,0,1,0,0,507,4,54,0
1990,23,2,0,1,0,0,447,5,40,0
1990,39,1,0,1,0,0,436,3,55,0
1990,45,2,0,1,0,0,453,0,48,0
1990,23,2,1,1,0,1,365,3,40,0
1990,26,1,0,0,0,0,804,3,40,0
1990,20,2,0,0,0,0,418,6,40,0
1990,32,1,1,1,0,0,0,0,0,0
1990,41,1,3,1,0,0,436,3,0,0
1990,55,2,3,1,4,0,436,5,0,0
1990,40,2,2,1,0,0,0,0,0,0
1990,19,1,1,1,0,0,0,0,0,0
1990,18,1,1,1,0,0,0,0,0,0
1990,22,1,1,1,0,0,0,0,0,0
1990,54,1,1,1,0,0,804,0,0,0
1990,55,2,2,1,0,0,747,4,32,0
1990,57,1,0,0,0,0,259,3,65,0
1990,56,2,0,0,0,0,277,4,60,0
1990,70,1,0,0,0,0,0,0,0,0
1990,63,2,0,0,0,0,303,4,0,0
1990,37,1,2,0,0,1,243,3,55,0
1990,22,1,1,0,0,1,458,4,25,0
1990,62,1,0,0,0,0,243,3,0,0
1990,38,2,0,0,0,0,337,3,40,0
1990,23,1,1,0,0,0,599,0,40,0
1990,38,1,0,0,0,0,0,0,0,0
1990,36,2,0,0,0,0,0,0,0,0
1990,27,1,1,0,0,0,319,3,50,0
1990,55,1,0,0,0,0,486,5,20,0
1990,53,2,0,0,0,0,387,5,0,0
1990,24,2,1,0,0,1,447,5,40,0
1990,18,1,1,0,0,1,274,3,40,0
1990,20,1,1,0,0,0,866,3,0,0
1990,62,1,0,0,0,0,22,1,45,0
1990,62,2,0,0,0,1,22,5,40,0
1990,65,1,0,0,0,0,0,0,0,0
1990,61,2,0,0,0,0,0,0,0,0
1990,32,1,0,0,0,0,567,0,50,0
1990,34,2,0,0,0,1,253,4,35,0
1990,53,2,2,0,0,0,313,6,40,0
1990,56,1,0,0,0,1,869,0,35,0
1990,43,2,0,0,0,1,0,0,0,0
1990,18,1,1,0,0,0,0,0,0,0
1990,75,1,0,0,2,0,0,0,0,0
1990,62,2,0,0,1,0,0,0,0,0
1990,26,2,3,0,0,0,779,1,0,0
1990,36,1,0,0,0,1,206,5,40,0
1990,33,2,0,0,0,1,206,5,40,0
1990,59,1,0,0,0,1,263,3,24,0
1990,47,2,0,0,0,1,313,4,32,0
1990,33,2,3,0,0,1,95,5,32,0
1990,31,1,0,0,0,1,347,6,40,0
1990,27,2,0,0,0,1,383,4,40,0
1990,67,1,0,0,0,1,0,0,0,0
1990,61,2,0,0,0,1,174,5,20,0
1990,40,1,0,0,0,1,527,2,40,0
1990,37,2,0,0,0,1,23,4,40,0
1990,70,1,0,0,2,0,0,0,0,0
1990,72,2,0,0,0,0,0,0,0,0
1990,42,2,1,0,0,1,486,0,35,0
1990,51,2,2,0,0,1,22,4,48,0
1990,27,1,0,0,0,1,187,2,45,0
1990,26,2,0,0,0,1,23,4,40,0
1990,23,1,1,2,1,0,364,3,30,0
1990,22,2,1,2,1,1,687,3,30,0
1990,26,1,0,0,0,0,804,4,50,0
1990,28,2,0,0,0,0,385,4,60,0
1990,74,1,3,0,0,0,653,0,40,0
1990,29,1,0,0,0,0,43,0,45,0
1990,26,2,0,0,0,1,21,5,30,0
1990,76,2,0,0,0,0,0,0,0,0
1990,80,1,0,0,0,1,0,0,0,0
1990,68,1,2,0,0,0,453,5,0,0
1990,37,2,2,0,0,1,22,0,40,0
1990,31,1,0,0,0,0,869,0,30,0
1990,30,2,0,0,0,0,23,4,28,0
1990,73,1,0,0,0,1,0,0,0,0
1990,57,2,0,0,0,1,0,0,0,0
1990,72,1,0,0,0,1,777,1,0,0
1990,71,2,0,0,0,1,0,0,0,0
1990,72,1,0,0,0,0,0,0,0,1
1990,68,2,0,0,0,0,0,0,0,0
1990,65,2,2,0,2,1,0,0,0,0
1990,54,2,2,0,0,1,313,4,56,0
1990,79,1,3,0,0,0,0,0,0,0
1990,36,1,0,0,0,1,375,4,40,0
1990,42,2,0,0,0,1,22,5,40,0
1990,67,1,0,0,0,0,804,3,0,0
1990,65,2,0,0,0,0,379,3,0,0
1990,80,2,0,0,0,0,0,0,0,0
1990,53,1,0,0,0,0,507,2,40,0
1990,56,2,0,0,0,0,276,4,40,0
1990,19,2,1,0,0,0,276,3,0,0
1990,75,1,3,0,0,0,628,1,0,0
1990,58,1,2,0,0,1,549,4,65,0
1990,51,1,0,0,0,0,785,1,45,0
1990,49,2,0,0,0,1,447,5,35,0
1990,61,2,3,0,0,0,18,4,20,0
1990,62,1,0,0,0,1,259,1,40,1
1990,55,2,0,0,2,0,0,0,0,0
1990,79,2,3,0,0,0,0,0,0,0
1990,23,2,1,0,0,1,259,0,40,0
1990,72,1,0,0,0,0,303,6,40,0
1990,71,2,0,0,0,1,0,0,0,0
1990,59,1,0,0,0,0,447,5,99,0
1990,62,2,0,0,0,0,0,0,0,0
1990,37,2,1,0,0,1,365,4,57,0
1990,43,2,2,0,0,1,22,4,55,0
1990,76,2,0,0,0,1,0,0,0,0
1990,41,1,0,0,0,1,57,1,50,1
1990,39,2,0,0,0,1,99,5,35,0
1990,36,2,3,0,0,0,0,0,0,0
1990,64,2,3,0,0,0,0,0,0,0
1990,67,1,0,0,0,1,486,5,15,0
1990,69,2,0,0,0,0,0,0,0,0
1990,69,1,3,0,0,0,779,6,0,0
1990,70,2,2,0,0,0,447,4,30,0
1990,25,1,0,0,0,0,558,0,40,0
1990,19,2,0,0,0,0,453,4,30,0
1990,71,1,0,0,0,0,0,0,0,0
1990,67,2,0,0,0,0,0,0,0,0
1990,61,1,0,0,0,1,23,3,16,1
1990,55,2,0,0,0,1,67,6,20,0
1990,75,2,3,0,0,0,438,3,28,0
1990,71,1,0,0,0,0,0,0,0,0
1990,63,2,0,0,0,0,283,3,16,0
1990,38,1,2,0,0,0,877,3,36,0
1990,75,2,3,0,0,0,0,0,0,0
1990,51,2,2,0,0,0,433,3,42,0
1990,19,2,1,0,0,1,276,3,32,0
1990,46,1,2,3,0,1,567,4,40,0
1990,29,1,0,0,0,1,417,6,56,0
1990,27,2,0,0,0,1,243,3,30,0
1990,26,1,2,0,0,0,534,0,40,0
1990,20,2,1,0,0,0,313,1,36,0
1990,75,2,3,0,0,0,0,0,0,0
1990,71,2,3,0,0,0,0,0,0,0
1990,78,2,0,0,0,0,0,0,0,0
1990,61,1,0,0,0,1,86,0,40,0
1990,59,2,0,0,0,1,0,0,0,0
1990,54,1,0,0,0,1,243,3,60,0
1990,67,2,0,0,0,1,274,3,50,0
1990,68,1,0,0,0,1,17,3,0,0
1990,66,2,0,0,0,1,0,0,0,0
1990,54,2,2,0,0,0,274,3,30,0
1990,56,1,2,0,0,1,266,3,40,0
1990,31,2,1,0,0,1,243,3,45,0
1990,27,2,2,0,0,1,318,2,40,0
1990,59,1,3,2,1,0,486,0,40,0
1990,20,1,1,2,1,0,486,0,40,0
1990,78,1,0,0,0,0,268,3,24,0
1990,72,2,0,0,0,0,0,0,0,0
1990,20,1,1,0,0,1,887,4,45,0
1990,63,1,2,0,0,1,254,4,40,1
1990,38,2,2,0,0,1,254,4,48,0
1990,72,2,3,0,0,1,0,0,0,1
1990,59,2,3,0,0,0,185,3,24,0
1990,57,2,0,0,0,0,0,0,0,0
1990,58,1,0,0,0,0,226,2,16,1
1990,48,1,0,0,0,1,23,4,48,1
1990,47,2,0,0,0,1,389,4,50,0
1990,35,1,1,0,0,0,426,4,40,0
1990,22,2,1,0,0,0,276,3,40,0
1990,29,1,0,0,0,0,573,0,33,0
1990,26,2,0,0,0,0,804,3,30,0
1990,46,1,3,2,1,0,889,1,56,0
1990,35,1,0,0,0,0,573,0,50,0
1990,33,2,0,0,0,0,0,0,0,0
1990,47,1,0,0,0,1,657,3,40,0
1990,40,2,0,0,0,0,0,0,0,0
1990,31,1,0,0,0,0,585,0,40,0
1990,44,2,0,0,0,0,447,5,24,0
1990,48,1,0,0,0,0,657,3,40,0
1990,47,2,0,0,0,1,447,5,20,0
1990,36,2,1,0,0,0,799,6,11,0
1990,68,1,0,0,0,1,254,4,60,0
1990,67,2,0,0,0,1,0,0,0,0
1990,62,2,3,1,0,1,0,0,0,0
1990,28,1,0,1,0,1,318,2,30,0
1990,25,2,0,1,0,0,327,2,40,0
1990,37,1,0,0,0,1,243,3,40,0
1990,35,2,0,0,0,1,458,4,0,0
1990,70,2,3,0,0,0,0,0,0,0
1990,34,1,0,0,0,1,653,1,55,0
1990,32,2,0,0,0,0,313,4,40,0
1990,22,1,1,0,0,1,486,0,50,0
1990,28,1,0,0,0,0,853,0,48,0
1990,26,2,0,0,0,0,0,0,0,0
1990,40,1,0,0,0,0,734,1,40,0
1990,43,2,0,0,0,0,385,5,40,0
1990,50,1,0,0,0,0,503,1,60,0
1990,49,2,0,0,0,0,365,3,34,0
1990,75,1,0,0,0,0,0,0,0,0
1990,77,2,0,0,0,0,0,0,0,0
1990,53,1,0,0,2,1,869,0,40,0
1990,49,2,0,0,2,1,0,0,0,0
1990,76,1,0,0,0,0,453,5,0,0
1990,70,2,0,0,0,0,0,0,0,0
1990,32,1,1,0,0,0,77,0,40,0
1990,75,1,3,0,0,0,0,0,0,0
1990,55,1,0,0,0,0,869,0,40,0
1990,53,2,0,0,0,1,447,5,40,0
1990,36,1,0,0,0,0,565,0,40,0
1990,35,2,0,0,0,0,866,3,40,0
1990,23,1,1,0,0,0,22,1,50,0
1990,43,1,0,1,0,0,806,2,55,0
1990,39,2,0,1,0,0,449,5,40,0
1990,51,1,0,0,0,0,804,2,0,0
1990,42,2,0,0,0,0,449,4,24,0
1990,22,2,1,1,0,0,449,4,0,0
1990,31,1,3,1,0,0,888,2,40,0
1990,80,2,3,1,0,0,453,4,0,0
1990,64,2,3,1,0,0,453,5,40,0
1990,40,1,1,0,0,1,379,6,45,0
1990,52,2,2,0,0,0,435,5,25,0
1990,29,2,1,0,0,0,448,4,48,0
1990,53,1,0,0,0,1,558,0,53,1
1990,52,2,0,0,0,0,29,3,19,0
1990,79,1,0,0,0,0,389,4,20,0
1990,78,2,0,0,0,1,0,0,0,0
1990,40,1,0,0,0,1,22,2,45,1
1990,36,2,0,0,0,0,155,5,0,0
1990,30,2,0,0,0,1,318,2,25,0
1990,32,1,0,0,0,1,486,0,60,0
1990,65,1,0,0,0,1,558,0,30,0
1990,65,2,0,0,0,1,0,0,0,0
1990,23,2,1,0,0,1,156,5,40,0
1990,28,1,3,0,0,0,207,5,0,0
1990,40,2,2,0,0,1,95,4,40,0
1990,59,1,0,0,0,1,804,2,48,0
1990,60,2,0,0,0,1,257,2,25,0
1990,22,1,1,0,0,1,599,1,60,0
1990,67,2,3,0,2,0,373,3,0,0
1990,36,2,0,0,0,1,234,5,40,0
1990,46,1,0,0,0,1,157,5,40,0
1990,35,1,0,0,0,1,23,5,60,0
1990,35,2,0,0,0,1,254,4,45,0
1990,47,1,0,0,0,1,389,1,50,1
1990,42,2,0,0,0,0,318,2,40,0
1990,19,2,1,0,3,1,274,3,20,0
1990,36,1,1,1,1,1,274,3,0,0
1990,37,2,1,0,0,0,185,3,35,0
1990,33,1,1,0,0,1,228,2,50,0
1990,78,2,0,0,0,0,0,0,0,0
1990,58,1,2,0,0,1,754,1,40,0
1990,56,1,0,1,0,0,599,0,40,0
1990,54,2,0,1,0,0,436,5,30,0
1990,28,1,1,1,0,0,885,3,40,0
1990,32,2,2,0,0,1,386,1,45,0
1990,47,1,0,0,1,0,575,3,45,0
1990,44,2,0,0,0,1,376,6,40,0
1990,35,1,0,1,1,0,754,0,40,0
1990,34,2,0,1,0,0,447,5,40,0
1990,73,2,3,0,0,1,0,0,0,0
1990,42,2,0,0,0,1,389,4,40,0
1990,42,1,0,0,0,0,637,4,46,0
1990,40,1,3,0,0,0,486,5,40,0
1990,79,1,0,0,0,1,0,0,0,0
1990,76,2,0,0,0,0,0,0,0,0
1990,79,2,3,0,0,1,0,0,0,0
1990,80,1,0,0,1,0,0,0,0,0
1990,76,2,0,0,1,0,666,3,0,0
1990,34,1,1,0,1,1,435,4,30,0
1990,59,2,2,0,0,0,453,4,10,0
1990,53,1,2,0,0,0,0,0,0,0
1990,70,1,0,0,0,0,0,0,0,0
1990,21,2,0,0,0,0,264,3,0,0
1990,25,1,3,0,2,1,567,0,50,0
1990,30,1,2,0,2,1,585,0,50,0
1990,37,1,0,0,0,0,457,4,45,0
1990,32,2,0,0,0,1,156,5,40,0
1990,63,1,0,0,0,1,0,0,0,0
1990,62,2,0,0,0,1,0,0,0,0
1990,79,2,3,0,0,1,0,0,0,0
1990,55,1,0,0,0,0,22,5,60,1
1990,55,2,0,0,0,0,22,3,20,1
1990,57,2,0,0,0,1,0,0,0,0
1990,59,1,0,0,0,1,185,4,45,0
1990,65,2,0,0,0,1,0,0,0,1
1990,62,1,0,0,2,1,84,5,58,1
1990,69,2,3,0,0,1,0,0,0,0
1990,70,2,3,0,0,1,0,0,0,0
1990,49,1,0,0,1,1,808,5,40,0
1990,33,2,0,0,1,0,439,5,40,0
1990,24,1,1,0,1,0,486,5,40,0
1990,31,1,2,0,0,0,259,3,40,0
1990,34,2,2,0,0,0,17,3,0,0
1990,76,2,0,0,0,0,278,1,0,0
1990,55,1,0,0,0,1,486,4,40,0
1990,55,2,0,0,0,1,235,1,50,0
1990,64,2,2,0,0,0,17,4,60,0
1990,65,1,0,0,0,1,13,1,40,0
1990,62,2,0,0,0,1,22,1,46,0
1990,31,1,0,0,0,1,87,5,35,1
1990,36,2,0,0,0,1,308,4,40,0
1990,45,1,2,0,0,1,22,4,45,0
1990,41,1,2,0,0,0,65,1,45,0
1990,54,1,0,0,0,1,176,5,40,0
1990,56,2,0,0,4,1,0,0,0,0
1990,64,1,0,0,0,1,418,6,0,0
1990,65,2,0,0,0,1,447,5,0,0
1990,39,1,0,0,0,1,447,5,80,1
1990,34,2,0,0,0,1,0,0,0,0
1990,41,1,0,0,0,1,253,4,40,1
1990,42,2,0,0,0,1,156,5,40,0
1990,36,1,2,0,0,0,785,1,40,0
1990,77,2,3,0,0,0,0,0,0,0
1990,58,1,0,0,0,1,505,4,40,0
1990,56,2,0,0,0,0,383,4,0,0
1990,38,1,0,0,0,1,303,6,40,0
1990,36,2,0,0,0,1,445,5,28,0
1990,80,2,3,0,0,1,0,0,0,0
1990,48,1,0,0,2,0,435,3,36,0
1990,45,2,0,0,0,0,446,5,40,0
1990,74,1,0,0,0,1,0,0,0,0
1990,68,2,0,0,0,0,0,0,0,0
1990,76,1,0,0,0,1,0,0,0,0
1990,64,2,0,0,0,0,0,0,0,0
1990,35,1,0,0,0,0,486,0,45,0
1990,35,2,0,0,0,1,95,4,0,0
1990,46,1,0,0,0,1,22,1,50,1
1990,41,2,0,0,0,0,274,3,35,0
1990,58,1,0,0,0,1,0,0,0,0
1990,59,2,0,0,0,0,0,0,0,0
1990,24,1,1,0,0,1,579,0,40,0
1990,21,2,1,0,0,0,435,3,40,0
1990,59,2,2,0,0,0,0,0,0,0
1990,70,2,3,0,2,1,0,0,0,0
1990,35,1,0,0,0,1,95,5,70,1
1990,37,2,0,0,0,1,156,5,0,0
1990,58,1,0,0,0,0,829,2,84,0
1990,62,2,0,0,0,0,348,4,38,0
1990,57,1,0,0,0,1,55,1,40,1
1990,52,2,0,0,0,1,383,4,40,0
1990,70,2,3,0,0,0,0,0,0,0
1990,60,2,3,0,2,0,0,0,0,0
1990,69,1,0,0,0,1,187,5,0,1
1990,57,2,0,0,2,1,0,0,0,0
1990,71,1,0,0,0,1,179,6,20,0
1990,69,2,0,0,0,0,0,0,0,0
1990,50,1,0,0,0,1,22,4,0,1
1990,48,2,0,0,0,1,22,4,30,0
1990,64,1,0,0,0,1,22,4,0,1
1990,60,2,0,0,0,0,337,5,24,0
1990,37,1,2,0,0,1,178,5,50,1
1990,32,2,1,0,0,1,313,5,25,0
1990,67,2,3,0,0,0,0,0,0,0
1990,65,1,0,1,0,1,5,6,45,0
1990,60,2,0,1,0,0,447,5,36,0
1990,29,1,0,0,0,1,447,5,40,0
1990,27,2,0,0,0,1,89,5,0,0
1990,65,1,0,0,0,0,269,3,35,0
1990,63,2,0,0,0,0,337,3,30,0
1990,53,1,0,0,0,0,22,3,44,0
1990,52,2,0,0,0,0,263,3,44,0
1990,76,1,3,0,0,0,0,0,0,0
1990,58,1,0,1,0,0,779,2,40,0
1990,45,2,0,1,0,1,264,3,40,0
1990,25,2,1,1,0,1,274,3,35,0
1990,63,1,0,0,0,0,21,5,40,0
1990,64,2,0,0,0,0,389,5,38,0
1990,33,1,2,0,0,0,549,3,44,0
1990,42,1,0,0,0,1,453,4,75,0
1990,38,2,0,0,0,0,337,3,50,0
1990,19,2,1,0,0,1,435,3,30,0
1990,57,1,0,0,0,0,254,4,50,0
1990,58,2,0,0,0,1,254,4,25,0
1990,62,1,0,0,0,0,364,6,55,0
1990,58,2,0,0,0,0,439,3,40,0
1990,79,1,0,0,2,0,389,1,35,0
1990,72,2,0,0,0,0,283,5,19,0
1990,75,1,0,0,0,0,156,5,40,0
1990,74,2,0,0,0,0,0,0,0,0
1990,39,1,0,0,0,1,476,0,48,0
1990,38,2,0,0,0,0,379,3,48,0
1990,65,2,3,0,0,0,438,3,20,0
1990,60,1,0,0,0,1,316,5,0,0
1990,58,2,0,0,0,0,308,5,20,0
1990,60,1,2,0,0,1,18,4,40,1
1990,76,2,3,0,0,1,67,5,0,0
1990,75,2,3,0,0,0,0,0,0,0
1990,57,1,0,0,0,1,176,5,50,0
1990,61,2,0,0,0,1,167,5,28,0
1990,65,2,3,0,0,0,0,0,0,0
1990,71,1,0,0,0,0,0,0,0,0
1990,69,2,0,0,0,0,0,0,0,0
1990,49,1,0,0,0,1,303,1,40,1
1990,47,2,0,0,0,0,25,4,40,0
1990,46,1,0,0,0,0,29,3,40,0
1990,47,2,0,0,0,1,337,3,40,0
1990,64,2,3,0,0,1,95,5,30,0
1990,76,1,0,0,0,0,0,0,0,0
1990,74,2,0,0,0,0,0,0,0,0
1990,60,2,1,0,0,0,379,5,28,0
1990,49,2,2,0,2,1,95,5,40,0
1990,60,2,1,0,0,0,0,0,0,0
1990,70,1,0,0,0,1,0,0,0,0
1990,68,2,0,0,0,0,0,0,0,0
1990,64,1,0,0,0,0,808,5,0,0
1990,63,2,0,0,0,0,254,4,40,0
1990,79,2,3,0,0,0,0,0,0,0
1990,61,1,0,0,0,0,0,0,0,0
1990,59,2,0,0,0,0,0,0,0,0
1990,46,1,0,0,0,1,13,1,0,1
1990,45,2,0,0,0,1,313,1,0,0
1990,23,1,1,0,0,1,22,6,0,0
1990,20,2,1,0,0,1,275,4,40,0
1990,19,1,1,0,0,0,783,6,0,0
1990,74,2,3,0,2,0,0,0,0,0
1990,50,1,0,0,0,0,579,5,40,0
1990,47,2,0,0,0,1,319,5,40,0
1990,30,1,1,0,0,1,276,3,25,0
1990,28,1,1,0,0,0,534,0,50,0
1990,20,2,1,0,0,0,276,3,40,0
1990,73,1,0,0,0,0,0,0,0,0
1990,74,2,0,0,0,0,0,0,0,0
1990,39,1,1,0,0,0,549,5,40,0
1990,72,1,0,0,0,0,337,5,10,0
1990,72,2,0,0,0,0,0,0,0,0
1990,74,1,0,0,0,1,0,0,0,1
1990,72,2,0,0,0,0,0,0,0,0
1990,78,1,0,0,0,0,0,0,0,0
1990,68,2,0,0,0,0,0,0,0,0
1990,47,2,1,0,0,1,95,5,40,0
1990,63,1,0,0,0,1,274,3,40,1
1990,56,2,0,0,0,1,373,3,20,0
1990,26,1,1,0,0,0,579,0,8,0
1990,24,1,1,0,0,0,734,1,40,0
1990,39,2,2,0,0,1,156,5,40,0
1990,65,2,3,0,0,1,156,5,0,0
1990,68,1,3,0,0,0,0,0,0,0
1990,19,2,3,0,0,0,276,3,20,0
1990,45,1,0,0,0,0,804,3,43,0
1990,43,2,0,0,0,1,22,5,45,0
1990,69,1,0,0,2,0,667,3,20,0
1990,66,2,0,0,2,0,274,3,20,0
1990,76,2,3,0,0,1,0,0,0,0
1990,68,2,2,0,0,0,389,4,16,0
1990,31,1,1,0,0,1,217,5,5,0
1990,37,1,1,0,0,1,538,3,40,0
1990,35,2,1,0,3,0,0,0,0,0
1990,43,2,2,0,0,0,253,4,37,0
1990,67,2,3,0,0,0,0,0,0,0
1990,73,2,1,0,0,1,406,4,78,0
1990,43,2,3,0,0,1,734,1,60,0
1990,72,2,3,0,0,0,0,0,0,0
1990,78,2,3,0,0,0,0,0,0,0
1990,43,1,0,1,0,0,364,1,40,0
1990,38,2,0,1,0,0,379,4,40,0
1990,50,2,2,1,0,0,449,4,35,0
1990,62,1,0,1,0,0,876,2,50,1
1990,63,2,0,1,0,1,156,5,40,0
1990,49,1,2,1,0,0,0,0,0,0
1990,37,1,0,1,1,0,453,4,25,0
1990,31,2,0,1,1,0,447,5,40,0
1990,30,2,1,0,0,1,435,3,42,0
1990,64,2,3,0,0,0,348,3,40,0
1990,25,2,2,0,0,0,264,3,48,0
1990,74,2,2,0,0,0,0,0,0,0
1990,37,2,1,0,0,1,197,6,40,0
1990,67,1,2,0,0,1,22,5,18,1
1990,24,1,1,0,0,0,434,3,40,0
1990,42,1,0,0,0,1,22,3,45,1
1990,40,2,0,0,0,1,337,3,16,0
1990,39,2,0,0,0,1,256,2,40,1
1990,58,1,0,0,0,1,434,4,30,0
1990,51,1,0,0,0,1,22,4,50,1
1990,44,2,0,0,0,1,0,0,0,0
1990,63,2,0,0,0,0,0,0,0,0
1990,66,1,0,0,0,1,23,5,40,0
1990,48,1,0,0,0,0,0,0,0,0
1990,27,2,0,0,0,0,453,5,40,0
1990,73,1,0,0,0,0,0,0,0,0
1990,59,2,0,0,0,0,458,3,15,0
1990,19,1,1,1,0,0,783,0,40,0
1990,28,2,2,0,1,0,0,0,0,0
1990,26,1,1,0,4,0,453,4,40,0
1990,40,1,3,1,1,0,856,1,70,0
1990,25,1,1,1,1,0,486,4,40,0
1990,26,2,1,0,0,1,17,3,63,0
1990,28,1,2,0,0,0,22,2,57,0
1990,51,2,3,1,0,0,549,1,40,0
1990,19,1,1,1,0,0,436,3,0,0
1990,43,1,2,0,0,1,243,3,59,1
1990,32,1,2,0,0,0,243,3,66,0
1990,65,1,3,0,0,0,22,0,60,1
1990,39,1,0,0,0,1,558,0,40,1
1990,27,2,0,0,0,1,263,3,40,0
1990,51,2,3,3,3,1,174,5,10,0
1990,23,1,1,3,3,1,276,3,40,0
1990,23,1,1,3,3,1,95,4,40,0
1990,70,2,1,0,0,0,0,0,0,0
1990,64,2,3,0,0,1,254,4,30,0
1990,74,1,0,0,0,0,0,0,0,0
1990,69,2,0,0,0,0,276,3,20,0
1990,42,1,0,0,0,1,5,6,45,1
1990,39,2,0,0,0,1,0,0,0,0
1990,18,1,1,0,0,0,0,0,0,0
1990,24,1,2,1,0,0,474,0,12,0
1990,70,1,0,1,0,0,628,1,30,0
1990,72,2,0,1,0,0,0,0,0,0
1990,45,1,0,0,0,1,254,4,40,0
1990,44,2,0,0,0,1,313,4,0,0
1990,76,1,0,0,0,0,0,0,0,0
1990,75,2,0,0,0,0,0,0,0,0
1990,69,1,0,0,0,1,0,0,0,0
1990,66,2,0,0,0,0,315,5,24,0
1990,76,2,3,0,0,0,0,0,0,0
1990,50,2,2,0,4,1,667,4,40,0
1990,54,1,0,0,0,0,22,4,40,0
1990,52,2,0,0,0,0,18,4,40,0
1990,53,1,2,0,0,0,243,3,40,0
1990,78,1,0,0,0,1,0,0,0,0
1990,65,2,0,0,0,0,0,0,0,0
1990,36,1,1,0,0,0,779,1,48,0
1990,63,1,3,0,0,0,547,2,20,0
1990,37,1,1,0,0,1,575,4,40,0
1990,47,1,0,0,0,1,0,0,0,0
1990,41,2,0,0,2,1,0,0,0,0
1990,38,1,0,0,0,1,156,5,40,0
1990,36,2,0,0,0,1,203,5,40,0
1990,75,1,0,0,0,0,0,0,0,0
1990,76,2,0,0,0,1,0,0,0,0
1990,38,1,0,1,1,0,426,5,40,0
1990,40,2,0,1,1,1,95,5,40,0
1990,54,2,2,0,0,1,319,4,40,0
1990,57,1,0,0,0,0,0,0,0,0
1990,58,2,0,0,0,0,319,4,35,0
1990,18,2,1,0,0,0,274,3,15,0
1990,78,2,3,0,0,0,0,0,0,0
1990,22,2,2,0,0,0,23,2,40,0
1990,45,2,3,0,0,1,23,2,40,0
1990,74,2,3,0,0,0,0,0,0,0
1990,38,1,2,0,0,0,22,0,60,0
1990,23,2,1,0,0,1,313,0,40,0
1990,74,1,0,0,0,1,0,0,0,0
1990,72,2,0,0,0,1,0,0,0,0
1990,38,1,1,0,0,1,426,4,40,0
1990,42,1,1,0,0,1,22,4,50,1
1990,26,1,1,0,0,1,447,5,40,0
1990,69,2,3,0,0,1,337,5,35,0
1990,35,1,1,1,0,1,585,0,24,0
1990,54,1,0,0,0,1,15,5,37,0
1990,54,2,0,0,0,0,17,3,0,0
1990,39,1,0,0,1,0,549,3,40,0
1990,37,2,0,0,1,0,777,1,0,0
1990,61,1,0,0,0,0,734,1,50,0
1990,62,2,0,0,2,0,0,0,0,0
1990,27,1,1,0,0,0,563,0,20,0
1990,32,1,2,0,0,0,539,3,59,0
1990,36,2,3,0,0,0,449,4,40,0
1990,19,2,3,0,0,1,0,0,0,0
1990,43,1,0,0,0,0,453,4,40,0
1990,39,2,0,0,0,0,446,5,32,0
1990,65,1,2,0,0,0,0,0,0,0
1990,79,2,0,0,0,0,0,0,0,0
1990,23,1,1,0,0,0,308,3,50,0
1990,21,2,2,1,1,1,435,3,28,0
1990,59,1,0,0,0,0,575,0,40,0
1990,55,2,0,0,0,0,447,5,40,0
1990,70,2,3,0,0,0,0,0,0,0
1990,50,1,0,1,1,0,869,0,40,0
1990,36,2,0,1,1,0,449,4,40,0
1990,19,1,1,1,1,0,0,0,0,0
1990,40,2,1,0,0,1,436,3,60,0
1990,71,1,0,0,0,1,0,0,0,1
1990,73,2,0,0,0,1,0,0,0,0
1990,33,2,0,0,0,1,319,0,25,0
1990,31,1,0,0,0,1,86,0,60,1
1990,80,1,0,0,0,1,22,1,40,0
1990,79,2,0,0,0,1,0,0,0,0
1990,45,1,2,3,3,1,55,1,40,1
1990,33,2,2,0,0,0,547,3,40,0
1990,47,1,2,0,0,1,259,3,50,1
1990,45,1,0,0,2,0,508,2,40,0
1990,44,2,0,0,0,0,683,1,0,0
1990,68,1,0,0,0,0,0,0,0,0
1990,68,2,0,0,4,0,0,0,0,0
1990,67,1,0,0,0,0,0,0,0,0
1990,70,2,0,0,0,1,0,0,0,0
1990,39,2,2,0,0,1,243,3,50,0
1990,78,2,3,0,0,0,0,0,0,0
1990,43,1,1,0,0,0,804,4,40,0
1990,28,1,0,0,0,1,259,3,35,0
1990,26,2,0,0,0,0,466,5,50,0
1990,60,1,0,0,0,0,555,0,50,0
1990,46,2,0,0,0,0,0,0,0,0
1990,21,1,1,0,0,0,218,5,40,0
1990,38,1,0,0,0,1,203,5,40,0
1990,35,2,0,0,0,1,203,5,43,0
1990,79,2,3,0,2,0,0,0,0,0
1990,69,2,3,0,0,0,0,0,0,0
1990,32,2,3,0,0,0,337,3,40,0
1990,58,2,3,0,0,0,389,6,40,0
1990,32,1,0,0,0,0,575,0,55,0
1990,36,2,0,0,0,1,337,3,40,0
1990,72,1,3,0,0,0,359,2,40,0
1990,70,2,3,0,0,0,0,0,0,0
1990,44,1,1,0,0,1,5,6,50,0
1990,43,1,1,0,0,1,5,6,40,0
1990,64,1,0,0,0,1,243,3,50,0
1990,68,2,0,0,0,0,387,5,20,0
1990,31,1,0,1,1,0,523,2,40,0
1990,28,2,0,3,1,0,7,4,40,0
1990,42,1,0,1,1,0,243,4,40,0
1990,32,2,0,1,1,1,373,4,0,0
1990,69,2,2,0,0,0,283,3,20,0
1990,53,1,0,0,0,1,523,2,32,0
1990,41,2,0,0,0,1,313,4,40,0
1990,40,1,0,0,0,1,418,6,40,0
1990,40,2,0,0,0,1,5,6,40,0
1990,44,1,0,0,0,1,85,5,40,1
1990,37,2,0,0,0,1,95,5,30,0
1990,38,2,1,0,0,1,445,5,38,0
1990,24,1,1,0,0,1,23,5,40,0
1990,77,1,0,0,2,0,0,0,0,0
1990,72,2,0,0,0,0,0,0,0,0
1990,52,2,0,0,0,1,318,2,35,0
1990,52,1,0,0,0,1,22,2,45,1
1990,62,1,0,0,0,0,0,0,0,0
1990,61,2,0,0,0,0,469,4,40,0
1990,34,2,3,0,0,1,276,3,40,0
1990,28,1,1,0,0,0,877,3,40,0
1990,37,2,1,0,0,1,23,5,37,0
1990,78,2,3,0,0,0,888,1,40,0
1990,67,2,3,0,0,1,337,3,0,0
1990,35,2,1,0,0,1,0,0,0,0
1990,36,1,2,0,1,1,164,5,40,0
1990,53,1,0,3,1,1,647,1,40,0
1990,49,2,0,3,1,0,0,0,0,0
1990,29,2,1,3,1,1,313,5,21,0
1990,52,1,0,0,1,1,505,4,60,0
1990,46,2,0,0,1,0,0,0,0,0
1990,25,1,1,0,1,0,785,4,40,0
1990,35,1,0,0,0,1,22,1,65,0
1990,31,2,0,0,2,1,22,5,12,0
1990,29,1,0,0,0,1,575,1,45,0
1990,36,2,0,0,0,1,458,4,45,0
1990,49,1,0,0,1,1,84,5,80,0
1990,49,2,0,0,1,1,0,0,0,0
1990,19,2,1,0,0,1,335,4,20,0
1990,79,2,2,0,1,0,0,0,0,0
1990,70,2,3,0,1,0,379,5,0,0
1990,27,2,1,0,0,1,156,5,40,0
1990,46,1,0,0,0,1,22,3,45,1
1990,40,2,0,0,0,1,33,5,45,0
1990,46,1,0,0,0,1,253,4,40,0
1990,41,2,0,0,0,1,14,5,45,0
1990,38,1,0,0,0,1,414,6,50,1
1990,38,2,0,0,2,1,274,3,0,0
1990,36,1,0,0,0,1,243,3,90,1
1990,36,2,0,0,0,1,95,5,50,0
1990,68,2,3,0,0,1,277,3,0,0
1990,36,1,0,2,1,1,86,1,50,1
1990,33,2,0,2,1,1,14,5,40,0
1990,60,2,3,2,1,0,0,0,0,0
1990,49,1,0,0,0,1,84,5,75,1
1990,41,2,0,0,0,1,159,5,10,0
1990,60,1,0,0,1,1,59,5,60,1
1990,60,2,0,0,1,1,0,0,0,0
1990,34,2,0,0,0,1,255,4,65,1
1990,34,1,0,0,0,1,255,4,30,1
1990,41,1,0,0,0,1,22,5,60,0
1990,41,2,0,0,0,1,313,4,0,0
1990,36,1,0,0,0,1,22,1,40,1
1990,36,2,0,0,0,1,97,5,0,0
1990,35,1,0,0,0,1,426,2,50,0
1990,30,2,0,0,0,1,0,0,0,0
1990,48,1,0,0,0,1,253,4,40,0
1990,44,2,0,0,0,0,268,3,24,0
1990,21,2,1,0,0,0,435,3,30,0
1990,23,2,1,0,0,1,235,5,40,0
1990,44,1,0,0,0,1,22,4,45,1
1990,43,2,0,0,0,0,0,0,0,0
1990,27,2,1,0,0,1,243,3,40,0
1990,24,2,1,0,0,1,458,4,40,0
1990,21,2,1,0,0,1,166,3,40,0
1990,40,1,0,0,0,0,319,1,57,0
1990,38,2,0,0,0,0,447,5,0,0
1990,54,2,2,0,0,1,95,5,40,0
1990,73,2,2,0,0,0,0,0,0,0
1990,78,1,0,0,0,0,0,0,0,1
1990,72,2,0,0,0,0,0,0,0,0
1990,77,1,0,0,0,1,0,0,0,0
1990,74,2,0,0,0,0,0,0,0,0
1990,74,1,3,0,0,0,0,0,0,0
1990,45,1,0,0,0,1,22,4,45,1
1990,45,2,0,0,0,1,254,4,40,0
1990,48,1,0,0,0,1,13,2,60,1
1990,46,2,0,0,0,0,0,0,0,0
1990,19,1,1,0,0,0,274,3,30,0
1990,19,1,1,0,0,0,877,3,25,0
1990,69,1,0,0,0,0,453,5,0,0
1990,66,2,0,0,0,0,0,0,0,0
1990,75,2,3,0,0,0,0,0,0,0
1990,28,1,0,0,0,0,22,3,50,0
1990,27,2,0,0,0,0,155,5,50,0
1990,31,1,0,0,0,0,558,0,30,0
1990,32,2,0,0,0,0,276,3,5,0
1990,44,1,0,0,0,1,13,3,50,1
1990,43,2,0,0,0,0,313,5,37,0
1990,27,1,2,0,0,0,657,3,40,0
1990,34,2,3,2,0,0,435,3,40,0
1990,28,2,0,0,0,1,375,4,38,0
1990,38,1,0,0,0,1,567,0,40,0
1990,70,2,3,0,0,1,666,4,20,0
1990,35,1,0,0,0,1,259,1,40,0
1990,35,2,0,0,0,1,0,0,0,0
1990,29,1,0,0,0,0,22,4,66,0
1990,28,2,0,0,0,1,445,5,24,0
1990,25,2,1,0,0,1,55,2,55,0
1990,33,1,2,0,0,1,23,4,40,0
1990,36,1,2,0,0,1,734,1,40,0
1990,67,2,3,0,4,0,0,0,0,0
1990,33,1,2,0,0,1,426,3,60,0
1990,40,1,0,0,0,1,804,3,58,0
1990,35,2,0,0,0,1,458,4,0,0
1990,41,1,0,0,0,1,266,3,35,0
1990,41,2,0,0,0,1,266,3,0,0
1990,36,1,0,0,0,1,274,3,50,0
1990,32,2,0,0,0,1,27,1,50,0
1990,55,2,3,0,0,0,25,4,40,0
1990,57,1,0,0,2,0,828,2,40,1
1990,54,2,0,0,2,0,276,3,0,0
1990,21,1,1,0,0,1,379,6,40,0
1990,38,1,0,0,0,1,254,4,45,0
1990,40,2,0,0,0,1,156,5,40,0
1990,39,1,0,0,0,0,17,3,55,0
1990,33,2,0,0,0,1,243,3,50,0
1990,78,2,3,0,0,0,0,0,0,0
1990,67,1,0,0,2,0,0,0,0,0
1990,74,2,0,0,2,0,0,0,0,0
1990,74,2,0,0,0,1,0,0,0,0
1990,76,1,0,0,0,0,18,4,0,0
1990,69,1,0,0,2,1,0,0,0,0
1990,65,2,0,0,2,1,447,5,0,0
1990,68,2,3,0,0,1,0,0,0,0
1990,68,1,0,0,2,0,0,0,0,0
1990,69,2,0,0,2,0,0,0,0,0
1990,64,2,0,0,0,0,22,5,36,0
1990,61,2,1,0,0,1,156,5,40,0
1990,65,1,0,0,0,1,259,3,40,1
1990,56,2,0,0,0,1,313,5,35,0
1990,44,2,3,0,0,1,469,4,40,0
1990,56,2,2,0,0,1,0,0,0,0
1990,80,2,3,0,0,0,0,0,0,0
1990,52,2,0,0,0,1,156,5,25,0
1990,55,1,0,0,0,1,225,5,40,0
1990,79,2,3,0,0,1,0,0,0,0
1990,29,1,0,0,0,1,243,3,40,0
1990,30,2,0,0,0,1,313,4,20,0
1990,64,2,3,0,0,0,313,6,0,0
1990,39,1,0,0,3,1,243,3,84,1
1990,26,2,0,0,0,1,276,3,15,0
1990,59,1,0,0,0,1,259,3,40,1
1990,41,2,0,0,0,1,379,4,0,0
1990,30,1,1,0,0,1,255,4,48,0
1990,27,2,1,0,0,1,13,2,60,0
1990,46,2,0,1,1,0,467,5,40,0
1990,53,1,0,1,1,0,0,0,0,0
1990,25,2,1,1,1,1,447,5,24,0
1990,23,1,1,1,1,1,888,2,0,0
1990,20,2,1,1,1,1,0,0,0,0
1990,68,1,0,0,0,1,258,1,0,0
1990,69,2,0,0,0,0,313,5,0,0
1990,74,1,0,0,0,1,243,3,40,0
1990,73,2,0,0,0,0,0,0,0,0
1990,53,1,1,0,0,0,0,0,0,0
1990,70,1,0,0,0,0,0,0,0,0
1990,72,2,0,0,0,0,0,0,0,0
1990,78,1,0,0,0,0,0,0,0,0
1990,75,2,0,0,0,0,0,0,0,0
1990,76,1,0,0,2,0,0,0,0,0
1990,76,2,0,0,2,0,0,0,0,0
1990,43,2,3,1,0,1,95,5,40,0
1990,20,2,1,1,0,0,447,5,20,0
1990,18,2,1,1,0,0,276,3,20,0
1990,55,1,2,0,0,1,558,0,40,0
1990,35,1,1,0,0,0,18,4,40,0
1990,31,1,1,0,0,0,436,3,40,0
1990,29,2,1,0,0,1,365,1,40,0
1990,62,1,0,0,0,0,567,0,40,0
1990,60,2,0,0,0,0,0,0,0,0
1990,32,2,1,0,0,1,473,0,60,0
1990,42,1,3,0,0,1,628,1,40,0
1990,33,1,0,1,0,0,436,4,40,0
1990,47,2,0,0,1,0,0,0,0,0
1990,50,1,0,0,0,0,505,4,50,0
1990,47,2,0,0,0,1,22,3,0,0
1990,18,2,1,0,0,0,264,3,10,0
1990,56,1,0,0,0,1,243,4,60,1
1990,57,2,0,0,0,0,0,0,0,0
1990,68,2,2,0,0,0,0,0,0,0
1990,61,1,0,0,0,1,0,0,0,0
1990,50,2,0,0,0,1,156,5,40,0
1990,53,1,0,0,0,0,869,0,40,0
1990,47,2,0,0,0,0,363,5,40,0
1990,59,1,2,0,0,0,573,0,40,0
1990,78,2,3,0,0,0,877,3,22,1
1990,33,1,1,0,0,0,558,0,40,0
1990,32,1,1,0,0,1,22,4,40,0
1990,33,1,2,0,0,1,22,3,55,0
1990,53,1,0,1,1,0,486,0,45,0
1990,54,2,0,1,4,0,0,0,0,0
1990,35,1,2,0,0,0,677,3,50,0
1990,39,1,3,1,0,1,0,0,0,0
1990,68,1,0,1,0,0,0,0,0,0
1990,60,2,0,1,0,0,0,0,0,0
1990,27,2,3,1,0,0,447,4,40,0
1990,29,1,1,0,0,1,7,4,45,0
1990,49,1,3,1,0,0,22,1,40,0
1990,40,1,0,1,0,0,584,0,60,0
1990,42,2,0,1,0,1,315,3,40,0
1990,62,2,0,1,0,0,449,4,30,0
1990,68,1,0,1,0,0,486,0,12,0
1990,30,1,1,1,0,0,563,0,40,0
1990,24,1,1,1,0,0,563,0,40,0
1990,79,2,3,1,0,0,0,0,0,0
1990,63,2,2,0,0,0,274,3,40,0
1990,24,2,1,0,0,0,276,3,6,0
1990,36,1,1,0,0,1,187,5,51,0
1990,34,1,1,0,0,0,599,0,40,0
1990,55,1,2,0,0,0,0,0,0,0
1990,52,2,3,0,0,0,888,3,40,0
1990,41,2,2,0,0,1,677,1,31,0
1990,56,1,0,0,0,0,37,0,60,0
1990,55,2,0,0,0,1,156,5,40,0
1990,27,2,1,0,0,1,439,3,40,0
1990,31,1,1,0,0,1,813,4,40,0
1990,28,1,1,0,0,1,64,3,50,1
1990,34,1,0,0,0,1,575,0,45,0
1990,32,2,0,0,0,0,0,0,0,0
1990,64,1,2,0,0,1,254,4,30,0
1990,54,2,2,0,0,0,0,0,0,0
1990,20,1,0,0,0,0,534,0,45,0
1990,22,2,0,0,0,0,315,3,40,0
1990,50,1,0,0,0,1,13,0,40,1
1990,51,2,0,0,0,1,156,5,35,0
1990,19,2,1,0,0,1,163,5,20,0
1990,54,1,2,0,0,1,567,0,40,0
1990,27,2,1,0,0,0,479,0,45,0
1990,24,2,1,0,0,0,453,4,65,0
1990,35,1,2,0,0,0,453,4,30,0
1990,77,1,0,0,0,1,0,0,0,0
1990,71,2,0,0,0,1,0,0,0,0
1990,48,2,2,0,0,0,254,4,40,1
1990,21,2,1,0,0,1,456,5,30,0
1990,65,2,3,0,0,0,18,4,0,0
1990,68,2,3,0,2,1,0,0,0,0
1990,76,1,0,0,0,1,13,1,0,0
1990,76,2,0,0,0,0,0,0,0,0
1990,27,1,1,0,0,1,17,3,70,0
1990,35,1,2,0,0,0,379,3,45,0
1990,28,1,1,0,0,0,567,0,0,0
1990,38,1,0,0,0,0,22,3,50,0
1990,34,2,0,0,0,0,435,3,25,0
1990,41,1,0,0,0,1,243,3,40,0
1990,40,2,0,0,0,1,23,4,40,0
1990,67,2,3,0,0,0,0,0,0,0
1990,32,1,0,0,3,1,318,2,45,0
1990,41,2,0,0,0,1,13,1,40,0
1990,43,2,2,0,0,0,259,1,52,0
1990,20,1,1,0,0,0,453,4,38,0
1990,18,2,1,0,0,0,435,3,0,0
1990,28,1,0,0,0,1,575,0,40,0
1990,31,2,0,0,1,1,6,6,40,0
1990,19,2,1,0,1,0,323,2,15,0
1990,27,1,1,0,0,1,517,5,40,0
1990,26,1,1,0,0,1,455,4,40,0
1990,76,1,0,0,2,0,439,3,0,0
1990,77,2,0,0,0,0,0,0,0,0
1990,49,2,0,0,0,1,0,0,0,0
1990,58,1,0,0,0,0,0,0,0,0
1990,78,1,0,0,0,1,0,0,0,0
1990,58,2,0,0,0,1,156,5,45,0
1990,60,1,0,0,0,1,253,4,40,1
1990,59,2,0,0,0,1,337,3,38,0
1990,79,2,3,0,0,0,0,0,0,0
1990,80,1,0,0,0,1,0,0,0,0
1990,78,2,0,0,0,0,0,0,0,0
1990,64,2,0,0,2,0,877,3,15,0
1990,68,1,0,0,0,1,0,0,0,0
1990,77,2,0,0,0,1,0,0,0,0
1990,79,2,3,0,0,0,0,0,0,0
1990,63,1,0,0,0,1,0,0,0,0
1990,63,2,0,0,0,0,29,3,15,0
1990,33,1,0,1,0,0,243,3,40,0
1990,24,2,0,1,0,0,275,3,40,0
1990,27,1,1,0,0,0,904,6,40,0
1990,24,2,1,0,2,1,194,1,40,0
1990,78,1,0,0,2,0,0,0,0,0
1990,71,2,0,0,0,0,0,0,0,0
1990,31,2,3,0,4,1,337,1,40,0
1990,80,1,0,0,0,1,178,5,0,1
1990,80,2,0,0,0,0,0,0,0,0
1990,42,1,0,0,0,1,628,2,40,1
1990,39,2,0,0,1,0,22,2,40,0
1990,72,2,3,0,1,0,0,0,0,0
1990,70,2,0,0,0,0,0,0,0,0
1990,76,2,3,0,2,0,0,0,0,0
1990,68,2,3,0,0,0,0,0,0,0
1990,70,1,0,0,0,0,754,3,70,0
1990,69,2,0,0,0,0,0,0,0,0
1990,78,1,0,0,0,0,0,0,0,0
1990,77,2,0,0,0,0,0,0,0,0
1990,39,1,0,0,0,1,56,1,50,1
1990,32,2,0,0,0,1,7,4,40,1
1990,61,1,0,0,0,1,23,4,40,0
1990,60,2,0,0,0,1,95,4,10,0
1990,34,2,3,1,1,0,447,5,40,0
1990,22,2,1,1,1,1,447,5,0,0
1990,18,2,1,1,1,0,443,3,40,0
1990,26,1,1,1,1,1,549,6,40,0
1990,32,1,1,1,1,1,734,1,40,0
1990,34,1,0,1,0,1,156,5,40,0
1990,28,2,0,1,0,0,436,6,40,0
1990,32,1,2,0,0,0,22,4,65,0
1990,35,1,0,1,0,0,354,2,40,0
1990,30,2,0,1,0,0,25,4,46,0
1990,46,2,1,0,0,0,337,3,40,0
1990,32,1,1,0,0,1,17,3,60,0
1990,41,1,0,1,0,1,804,3,55,0
1990,31,2,0,1,0,1,6,6,38,0
1990,68,1,3,1,0,0,0,0,0,0
1990,67,1,0,1,0,0,243,3,48,0
1990,46,2,0,1,0,0,17,3,48,0
1990,47,2,2,1,0,0,575,1,40,0
1990,24,1,1,1,0,1,7,4,25,0
1990,47,2,3,1,0,0,803,5,50,0
1990,32,1,1,1,0,0,505,1,40,0
1990,26,1,1,1,0,1,779,2,40,0
1990,29,2,3,1,0,1,23,3,40,0
1990,62,1,3,0,0,0,22,2,40,0
1990,46,1,0,1,1,0,637,1,40,0
1990,44,2,0,1,1,1,263,3,50,0
1990,40,1,0,0,0,1,243,3,45,0
1990,39,2,0,0,0,1,154,5,35,0
1990,59,2,2,0,0,0,313,4,40,0
1990,22,1,1,0,0,1,785,1,0,0
1990,38,1,0,1,4,1,749,4,72,0
1990,45,2,0,1,0,1,278,1,30,0
1990,23,2,1,1,0,0,444,3,0,0
1990,33,1,0,1,1,1,808,4,40,0
1990,26,2,0,1,1,1,364,3,35,0
1990,22,2,1,1,1,0,0,0,0,0
1990,52,2,2,1,0,0,447,5,20,0
1990,18,1,1,1,0,0,0,0,0,0
1990,34,1,1,1,1,1,235,2,40,0
1990,75,1,0,0,0,0,22,3,0,0
1990,72,2,0,0,0,0,379,6,0,0
1990,24,1,1,0,0,1,318,2,40,0
1990,20,1,1,0,0,1,318,2,40,0
1990,20,1,1,0,0,0,318,2,40,0
1990,61,2,3,0,0,0,0,0,0,0
1990,47,2,2,1,0,0,447,5,40,0
1990,73,2,3,0,0,0,0,0,0,0
1990,42,1,2,0,0,0,877,4,40,0
1990,28,1,2,0,0,0,579,4,40,0
1990,38,1,3,1,0,0,567,0,0,0
1990,33,1,1,0,0,1,208,5,32,0
1990,30,1,1,0,0,1,22,4,50,0
1990,39,1,3,0,0,1,355,2,40,0
1990,63,2,2,0,0,1,156,5,40,1
1990,32,1,0,0,0,0,533,2,40,1
1990,29,2,0,0,0,0,37,4,0,0
1990,36,2,0,1,0,1,444,3,45,0
1990,46,1,0,1,0,1,253,4,0,0
1990,46,1,0,0,2,1,263,3,40,1
1990,45,2,0,0,2,1,458,4,0,1
1990,22,1,1,0,2,1,585,0,0,0
1990,21,1,1,0,2,0,365,3,0,0
1990,21,1,1,0,0,1,426,3,50,0
1990,19,2,1,0,0,1,308,4,20,0
1990,31,2,1,1,0,0,384,4,40,0
1990,28,1,1,0,0,0,783,4,60,0
1990,66,1,0,1,0,0,689,0,40,0
1990,62,2,0,1,0,0,683,1,40,0
1990,33,2,1,1,0,0,389,1,15,0
1990,38,1,0,0,0,1,558,0,60,0
1990,37,2,0,0,0,1,313,5,21,0
1990,32,1,0,0,0,0,365,3,35,0
1990,32,2,0,0,0,0,449,5,20,0
1990,35,2,1,0,1,1,469,4,30,0
1990,36,2,1,0,1,0,0,0,0,0
1990,60,2,3,0,0,0,348,2,0,0
1990,33,1,2,0,0,0,436,3,72,0
1990,32,2,2,0,0,0,435,3,0,0
1990,34,2,2,0,0,0,9,3,50,0
1990,24,1,1,3,1,1,275,4,60,0
1990,28,2,1,0,0,1,435,4,30,0
1990,78,1,0,0,0,1,0,0,0,0
1990,72,2,0,0,0,0,185,5,0,0
1990,24,1,1,0,0,0,869,0,45,0
1990,26,2,1,0,0,1,313,1,40,0
1990,43,1,2,0,0,0,869,0,40,0
1990,43,2,2,0,0,1,458,4,47,0
1990,19,2,1,0,0,1,276,3,0,0
1990,31,1,2,0,0,1,243,4,50,0
1990,30,1,1,0,0,0,509,1,40,0
1990,27,1,1,0,0,0,874,0,40,0
1990,28,2,2,0,0,1,95,5,50,0
1990,26,2,3,0,0,0,458,4,36,0
1990,77,2,3,0,0,0,0,0,0,0
1990,70,2,3,0,0,0,0,0,0,0
1990,30,1,1,0,0,1,575,3,40,0
1990,30,2,1,0,0,1,37,4,40,0
1990,25,2,0,0,0,1,448,5,40,0
1990,27,1,0,0,0,1,436,3,65,0
1990,53,1,0,0,0,0,22,6,50,0
1990,40,2,0,0,0,0,303,6,40,0
1990,47,1,0,0,2,1,354,2,40,0
1990,42,2,0,0,3,0,313,6,40,0
1990,20,1,1,0,0,1,877,3,25,0
1990,34,1,0,0,0,1,33,0,50,1
1990,26,2,0,0,0,0,37,0,40,0
1990,35,1,0,0,0,1,555,4,48,0
1990,37,2,0,0,0,0,313,4,40,0
1990,18,2,1,0,0,1,359,2,20,0
1990,35,1,0,0,0,0,505,4,50,0
1990,33,2,0,0,0,0,22,5,40,0
1990,47,1,0,0,0,1,157,5,40,0
1990,43,2,0,0,0,1,164,5,40,0
1990,21,1,1,0,0,1,446,5,18,0
1990,48,2,3,0,0,1,0,0,0,0
1990,26,1,1,0,0,1,486,5,40,0
1990,35,1,0,0,0,0,689,1,40,0
1990,36,2,0,0,0,0,319,5,40,0
1990,19,2,1,0,0,0,318,2,0,0
1990,72,2,3,0,0,0,379,2,20,0
1990,58,2,2,0,0,1,337,5,40,0
1990,54,1,0,0,0,0,686,3,60,0
1990,51,2,0,0,0,1,313,5,35,0
1990,24,2,1,0,0,1,23,5,40,0
1990,24,2,1,0,0,1,197,5,40,0
1990,70,1,0,0,0,0,0,0,0,0
1990,74,2,0,0,2,0,0,0,0,0
1990,69,1,0,0,0,0,259,1,30,0
1990,70,2,0,0,0,0,308,5,0,0
1990,36,1,0,0,0,1,783,1,40,0
1990,36,2,0,0,0,1,467,5,0,0
1990,40,1,0,0,0,0,22,1,45,0
1990,40,2,0,0,0,0,365,1,45,0
1990,19,1,1,0,0,0,266,3,48,0
1990,30,2,1,0,0,1,156,5,40,0
1990,59,1,0,0,0,0,0,0,0,0
1990,49,2,0,0,0,1,0,0,0,0
1990,67,2,3,0,0,0,0,0,0,0
1990,78,2,3,0,0,0,0,0,0,0
1990,53,1,2,0,0,0,486,0,0,0
1990,28,1,3,0,0,0,357,5,40,0
1990,64,1,0,0,0,1,274,3,30,0
1990,61,2,0,0,0,0,0,0,0,0
1990,55,2,3,1,0,0,447,5,40,0
1990,23,2,1,1,0,0,0,0,0,0
1990,51,1,2,1,0,0,844,0,0,0
1990,73,1,0,0,0,0,0,0,0,0
1990,74,2,0,0,0,0,0,0,0,0
1990,35,1,0,0,0,0,469,4,40,0
1990,45,2,0,0,0,0,754,2,39,0
1990,59,1,0,0,0,1,804,2,42,0
1990,62,2,0,0,0,0,337,1,0,0
1990,77,2,3,0,0,1,0,0,0,0
1990,75,1,0,0,0,1,0,0,0,0
1990,68,2,0,0,0,0,0,0,0,0
1990,62,1,0,0,0,1,0,0,0,0
1990,59,2,0,0,0,0,365,5,60,0
1990,19,2,1,0,0,0,274,3,40,0
1990,80,1,3,0,0,1,159,4,40,0
1990,77,2,0,0,2,0,0,0,0,0
1990,63,1,2,0,2,1,243,1,40,0
1990,47,2,2,0,0,1,264,3,50,0
1990,74,2,3,0,0,0,0,0,0,0
1990,40,1,2,0,0,0,243,3,40,0
1990,58,1,1,0,0,1,909,6,0,1
1990,74,1,3,0,0,0,0,0,0,0
1990,80,2,3,0,0,1,0,0,0,0
1990,67,1,0,0,2,0,628,1,40,0
1990,63,2,0,0,2,0,0,0,0,0
1990,40,1,0,0,0,1,518,1,40,0
1990,30,2,0,0,0,0,303,4,40,0
1990,32,1,0,1,0,0,53,2,40,0
1990,29,2,0,1,0,0,0,0,0,0
1990,70,1,0,0,0,0,453,2,35,0
1990,66,2,0,0,0,0,0,0,0,0
1990,73,2,3,0,0,0,0,0,0,0
1990,75,1,3,0,0,0,0,0,0,0
1990,72,2,3,0,0,0,0,0,0,0
1990,78,2,3,1,0,0,0,0,0,0
1990,53,2,2,1,0,0,453,4,15,0
1990,19,1,1,1,0,0,484,0,25,0
1990,29,1,1,1,0,0,486,0,40,0
1990,28,2,1,1,0,0,447,5,0,0
1990,28,1,1,0,0,1,567,0,40,0
1990,31,1,1,0,0,1,266,3,40,0
1990,77,1,0,0,0,0,0,0,0,0
1990,78,2,0,0,0,0,0,0,0,0
1990,26,1,1,0,1,0,0,0,0,0
1990,42,1,0,0,0,1,189,4,40,0
1990,41,2,0,0,0,1,774,4,40,0
1990,27,2,0,0,0,1,458,4,40,0
1990,28,1,0,0,0,1,418,6,40,0
1990,50,2,2,1,1,0,479,0,40,0
1990,26,2,1,1,1,1,95,5,40,0
1990,19,1,1,1,0,0,276,3,0,0
1990,32,1,0,0,0,1,21,5,53,0
1990,27,2,0,0,0,1,13,2,48,0
1990,20,1,1,0,0,0,877,3,45,0
1990,53,1,2,0,0,1,197,1,40,0
1990,47,2,2,0,0,0,379,1,40,0
1990,43,1,0,0,0,0,17,3,40,0
1990,40,2,0,0,0,1,337,3,45,0
1990,19,1,1,0,0,1,0,0,0,0
1990,31,1,0,0,0,1,418,6,50,0
1990,30,2,0,0,0,1,336,6,0,0
1990,25,1,0,0,0,0,259,3,40,0
1990,26,2,0,0,1,0,379,4,40,0
1990,42,1,0,0,0,1,414,6,50,1
1990,37,2,0,0,0,1,313,4,38,0
1990,32,2,3,0,0,0,385,4,40,0
1990,41,2,3,0,0,1,95,5,0,0
1990,32,1,1,0,0,1,243,4,40,1
1990,49,1,0,0,0,0,274,3,55,0
1990,33,2,0,0,4,1,313,1,40,0
1990,62,2,2,0,1,0,453,4,0,0
1990,54,1,0,0,1,1,18,4,40,0
1990,47,2,0,0,1,1,22,3,40,1
1990,21,2,1,0,0,1,208,3,20,0
1990,26,2,1,0,0,0,468,4,35,0
1990,78,2,2,0,1,0,0,0,0,0
1990,74,1,0,0,1,0,0,0,0,0
1990,21,2,1,0,1,1,208,3,20,0
1990,20,2,1,0,1,1,96,5,40,0
1990,36,2,0,0,1,0,23,0,12,0
1990,53,1,0,0,0,0,804,3,40,0
1990,50,2,2,0,2,0,243,3,72,0
1990,30,2,1,0,0,0,498,0,20,0
1990,52,2,3,0,0,0,0,0,0,0
1990,62,1,0,0,0,1,259,3,40,0
1990,58,2,0,0,0,1,156,5,15,0
1990,77,1,3,0,0,0,734,3,20,0
1990,33,1,0,0,0,1,364,3,40,1
1990,31,2,0,0,0,0,22,5,30,0
1990,27,1,1,0,0,1,804,3,40,0
1990,33,1,2,0,0,0,585,6,40,0
1990,64,1,0,0,0,1,23,3,60,0
1990,63,2,0,0,0,1,154,5,2,0
1990,23,2,1,0,0,1,303,4,50,0
1990,20,1,1,0,0,0,883,3,0,0
1990,33,1,0,0,0,1,628,1,50,0
1990,30,2,0,0,0,0,208,5,40,0
1990,58,1,0,0,0,0,235,6,40,0
1990,54,2,0,0,0,0,255,4,40,0
1990,29,1,1,0,0,1,418,6,40,0
1990,27,2,1,1,1,0,449,4,40,0
1990,38,2,1,3,3,1,476,0,40,0
1990,61,1,3,1,1,0,444,4,25,0
1990,47,2,1,1,1,0,747,4,38,0
1990,45,2,3,1,1,0,549,1,12,0
1990,63,2,3,1,0,0,469,6,40,0
1990,19,2,1,1,0,0,0,0,0,0
1990,44,2,0,1,1,0,407,4,40,0
1990,53,1,0,1,1,0,22,3,40,0
1990,26,1,1,1,1,0,869,0,40,0
1990,34,1,2,1,1,0,407,4,40,0
1990,58,1,3,0,1,0,453,3,40,0
1990,30,1,0,0,1,0,733,1,40,0
1990,24,2,0,0,1,0,0,0,0,0
1990,31,1,1,1,0,1,339,4,40,0
1990,41,2,2,1,0,1,308,5,22,0
1990,63,1,2,1,0,0,0,0,0,0
1990,34,2,1,1,0,1,889,1,0,0
1990,38,1,1,1,0,0,505,4,40,0
1990,25,1,1,1,0,0,436,3,0,0
1990,24,2,1,1,0,0,785,1,50,0
1990,40,2,2,1,0,0,348,2,40,0
1990,34,2,1,1,0,0,453,4,0,0
1990,62,1,2,1,0,0,883,2,0,0
1990,43,2,2,1,1,0,687,1,0,0
1990,71,1,0,0,0,1,22,0,0,1
1990,73,2,0,0,0,1,0,0,0,0
1990,63,2,0,0,0,1,0,0,0,0
1990,24,2,1,0,0,1,328,4,40,0
1990,23,1,1,0,1,0,0,0,0,0
1990,34,1,1,1,1,0,479,0,40,0
1990,24,2,1,1,1,0,479,0,40,0
1990,48,2,3,1,0,0,407,4,40,0
1990,33,1,0,0,1,0,869,0,40,0
1990,43,2,0,0,1,0,407,4,30,0
1990,38,1,3,0,1,0,687,1,40,0
1990,35,2,0,2,1,0,744,5,60,0
1990,44,1,0,2,1,0,804,0,72,0
1990,19,1,1,2,1,0,0,0,0,0
1990,51,2,3,0,1,0,747,1,20,0
1990,29,1,3,2,1,0,804,3,40,0
1990,25,2,3,0,1,0,765,1,40,0
1990,20,1,1,2,1,0,889,1,40,0
1990,18,2,1,0,1,0,0,0,0,0
1990,37,1,1,1,0,1,154,5,12,0
1990,29,2,0,1,0,0,274,3,40,0
1990,29,1,0,1,0,0,436,3,40,0
1990,34,2,2,1,0,0,808,5,35,0
1990,30,1,1,0,0,0,595,0,30,0
1990,19,1,1,0,0,0,0,0,0,0
1990,41,2,2,0,0,0,0,0,0,0
1990,35,1,1,1,1,0,595,0,40,0
1990,33,1,1,1,1,0,595,0,40,0
1990,52,1,0,1,1,0,486,0,84,0
1990,52,2,0,1,1,0,257,4,20,0
1990,46,1,0,0,1,1,18,4,40,1
1990,32,2,0,0,1,1,0,0,0,0
1990,22,1,1,0,1,1,258,1,30,0
1990,18,2,1,0,1,1,276,3,30,0
1990,42,2,2,0,1,0,407,4,45,0
1990,29,1,1,1,0,1,464,4,0,0
1990,58,1,2,0,0,0,0,0,0,0
1990,64,1,3,0,1,0,0,0,0,0
1990,56,1,0,2,1,0,185,4,40,0
1990,56,2,0,2,1,0,0,0,0,0
1990,21,2,1,0,0,1,276,3,20,0
1990,26,1,1,1,0,1,313,6,40,0
1990,26,1,1,1,0,0,439,3,40,0
1990,65,2,1,0,1,0,0,0,0,0
1990,63,2,2,0,4,0,0,0,0,0
1990,29,2,3,0,0,0,0,0,0,0
1990,69,1,3,1,0,0,0,0,0,0
1990,76,1,2,0,1,0,579,0,0,0
1990,37,1,2,2,1,0,869,0,39,0
1990,62,1,3,0,1,0,889,4,0,0
1990,39,1,0,2,1,0,869,0,40,0
1990,32,2,0,2,1,0,315,1,30,0
1990,26,1,0,2,1,0,869,0,30,0
1990,25,2,0,2,1,0,0,0,0,0
1990,36,1,0,1,1,1,23,2,40,0
1990,27,2,0,0,0,1,323,5,40,0
1990,48,2,2,0,1,0,0,0,0,0
1990,66,1,0,0,1,1,23,2,40,1
1990,70,2,0,0,1,0,0,0,0,0
1990,63,1,0,0,1,0,435,3,45,0
1990,64,2,0,0,1,1,0,0,0,0
1990,33,2,2,0,1,0,303,4,44,0
1990,75,2,3,0,1,0,0,0,0,0
1990,53,2,2,2,1,0,435,3,0,0
1990,27,1,1,2,1,0,877,3,40,0
1990,22,2,1,2,0,0,0,0,0,0
1990,33,1,2,2,1,0,259,1,40,0
1990,76,1,0,0,1,0,356,4,0,0
1990,76,2,0,0,1,0,0,0,0,0
1990,46,2,3,0,1,1,337,4,40,0
1990,71,2,3,0,1,0,0,0,0,0
1990,31,1,0,0,1,0,426,4,40,0
1990,28,2,0,0,1,0,436,3,25,0
1990,22,1,0,0,1,0,804,1,45,0
1990,23,2,0,0,1,0,759,1,0,0
1990,62,2,3,0,1,0,0,0,0,0
1990,62,1,1,0,1,0,869,0,30,0
1990,39,2,3,1,1,0,447,5,30,0
1990,76,1,0,0,1,0,0,0,0,0
1990,63,2,0,0,1,0,0,0,0,0
1990,33,1,0,0,1,0,453,5,40,0
1990,31,2,0,0,1,0,449,5,40,0
1990,28,1,0,0,1,0,259,3,40,0
1990,30,2,0,0,1,0,0,0,0,0
1990,64,1,0,0,1,0,567,0,0,0
1990,66,2,0,0,1,0,0,0,0,0
1990,51,2,3,2,1,0,453,4,48,0
1990,19,2,3,2,1,0,0,0,0,0
1990,77,1,3,0,1,0,0,0,0,0
1990,63,2,3,0,1,0,0,0,0,0
1990,59,2,2,0,1,0,243,3,0,0
1990,54,1,0,0,1,0,804,1,55,0
1990,52,2,0,0,1,0,777,1,40,0
1990,27,1,1,0,1,1,319,4,40,0
1990,77,2,1,0,1,0,0,0,0,0
1990,72,1,1,0,1,0,0,0,0,0
1990,46,1,0,0,1,0,426,4,40,0
1990,45,2,0,0,1,1,205,6,35,0
1990,54,2,0,0,1,0,0,0,0,0
1990,53,1,0,0,1,0,585,0,40,0
1990,35,1,0,0,1,0,22,4,40,0
1990,36,2,0,0,1,0,315,3,0,0
1990,63,1,0,0,1,0,22,1,40,0
1990,63,2,0,0,1,0,313,1,40,0
1990,66,2,2,0,1,0,0,0,0,0
1990,42,1,2,0,1,0,869,0,45,0
1990,75,2,3,0,0,0,0,0,0,0
1990,50,2,3,0,1,1,276,4,40,0
1990,22,1,1,0,1,0,379,5,30,0
1990,32,2,3,0,1,1,0,0,0,0
1990,43,1,3,0,1,1,505,4,45,0
1990,45,1,1,0,1,0,449,4,40,0
1990,22,1,1,0,1,0,274,3,40,0
1990,55,1,0,0,1,0,563,0,30,0
1990,54,2,0,0,1,0,0,0,0,0
1990,77,1,0,0,1,1,383,4,30,0
1990,75,2,0,0,1,1,0,0,0,0
1990,26,1,0,0,1,1,486,0,40,0
1990,25,2,0,0,1,1,0,0,0,0
1990,71,2,0,0,0,0,0,0,0,0
1990,41,2,2,0,1,1,337,5,52,0
1990,67,2,0,0,1,1,0,0,0,0
1990,68,1,0,0,1,1,0,0,0,0
1990,57,1,0,0,0,1,254,4,40,0
1990,58,2,0,0,1,1,23,5,40,0
1990,73,1,3,0,1,1,379,4,50,0
1990,45,1,0,0,1,1,885,3,10,0
1990,41,2,0,0,2,0,0,0,0,0
1990,21,1,1,0,0,1,684,4,45,0
1990,20,2,1,0,0,1,37,3,55,0
1990,18,2,1,0,0,0,0,0,0,0
1990,68,2,3,0,2,0,0,0,0,0
1990,28,1,0,0,1,1,856,3,40,0
1990,30,2,0,0,1,1,435,3,40,0
1990,32,1,1,0,1,0,379,4,40,0
1990,20,1,1,0,1,0,435,3,40,0
1990,69,2,0,0,1,0,0,0,0,0
1990,21,2,1,0,1,0,21,4,40,0
1990,38,1,1,0,1,1,256,1,45,0
1990,32,1,1,0,1,1,23,1,45,1
1990,49,2,2,0,1,1,29,3,45,0
1990,21,2,1,0,0,1,156,5,16,0
1990,42,2,2,0,1,0,0,0,0,0
1990,39,1,3,0,1,0,887,4,50,0
1990,45,1,1,0,1,0,727,1,40,0
1990,23,2,1,0,1,0,453,6,40,0
1990,66,1,0,0,1,0,453,3,0,0
1990,56,2,0,0,1,0,0,0,0,0
1990,61,1,0,0,1,0,22,2,40,0
1990,60,2,0,0,1,0,458,4,40,0
1990,41,1,1,0,1,1,259,3,40,0
1990,63,2,2,0,1,0,0,0,0,0
1990,56,1,1,0,1,0,575,4,40,0
1990,55,1,0,0,1,0,22,4,40,0
1990,53,2,0,0,1,0,0,0,0,0
1990,20,1,1,0,1,1,0,0,0,0
1990,79,2,3,0,1,0,0,0,0,0
1990,32,1,0,0,1,0,749,1,45,0
1990,35,2,0,0,1,0,889,3,45,0
1990,25,1,1,0,1,0,514,4,40,0
1990,32,2,1,0,1,0,407,4,40,0
1990,47,1,0,0,1,0,684,1,0,0
1990,45,2,0,0,1,0,0,0,0,0
1990,21,2,1,0,1,0,264,3,0,0
1990,22,1,1,0,0,1,159,4,40,0
1990,21,1,1,2,0,1,9,3,25,0
1990,51,1,0,0,1,1,243,3,40,1
1990,46,2,0,0,1,1,0,0,0,0
1990,30,1,1,0,0,1,243,3,40,0
1990,77,1,0,0,0,0,426,5,0,0
1990,76,2,0,0,0,0,0,0,0,0
1990,43,1,2,0,0,1,105,4,40,0
1990,27,1,1,0,0,1,197,4,40,0
1990,66,1,0,0,0,1,473,0,0,0
1990,62,2,0,0,0,1,156,5,40,0
1990,21,2,2,0,1,0,0,0,0,0
1990,55,1,1,0,1,1,7,4,40,0
1990,78,2,3,0,1,0,0,0,0,0
1990,62,1,0,1,1,0,0,0,0,0
1990,50,2,0,0,1,0,0,0,0,0
1990,23,2,3,0,1,0,909,6,0,0
1990,75,2,0,0,1,0,0,0,0,0
1990,36,2,1,0,0,1,329,5,38,0
1990,63,2,3,1,0,0,95,5,40,0
1990,36,1,2,1,0,1,23,5,40,0
1990,79,2,3,0,0,1,0,0,0,0
1990,48,2,2,0,0,1,157,5,40,0
1990,29,1,1,0,2,0,226,2,60,1
1990,63,2,0,0,0,1,22,5,45,0
1990,65,1,0,0,0,1,254,4,45,0
1990,30,2,1,0,0,0,0,0,0,0
1990,78,1,0,0,1,1,357,4,9,0
1990,67,2,0,0,1,1,0,0,0,0
1990,51,1,2,0,1,0,515,2,50,0
1990,25,2,1,0,1,0,0,0,0,0
1990,51,1,0,0,1,0,565,0,50,0
1990,53,2,0,0,1,0,744,1,40,0
1990,19,1,1,0,1,1,459,4,0,0
1990,41,1,0,0,1,0,558,0,40,0
1990,46,2,0,0,1,0,389,1,0,0
1990,25,1,2,0,1,0,869,0,40,0
1990,28,2,1,0,1,1,0,0,0,0
1990,20,1,1,0,1,0,0,0,0,0
1990,48,1,0,0,1,1,176,5,84,0
1990,52,2,0,0,1,1,667,3,25,0
1990,18,2,1,0,0,1,0,0,0,0
1990,39,2,0,0,1,0,313,5,35,0
1990,50,1,0,0,1,0,455,4,35,0
1990,65,1,0,0,1,0,243,1,40,0
1990,68,2,0,0,1,0,379,4,20,0
1990,55,1,0,0,1,0,565,0,40,0
1990,57,2,0,0,1,0,0,0,0,0
1990,48,1,0,0,1,1,523,0,40,0
1990,49,2,0,0,1,0,683,1,40,0
1990,62,1,0,0,4,0,22,1,60,0
1990,37,2,0,3,4,0,0,0,0,0
1990,34,1,0,0,1,0,558,0,40,0
1990,31,2,0,0,0,0,274,5,0,0
1990,75,1,0,0,1,0,0,0,0,0
1990,72,2,0,0,1,0,0,0,0,0
1990,42,2,2,0,1,0,275,4,25,0
1990,59,1,0,0,1,0,558,0,40,0
1990,58,2,0,0,1,1,0,0,0,0
1990,28,1,1,0,1,1,558,0,48,0
1990,76,1,1,0,1,0,0,0,0,0
1990,49,1,0,0,1,0,567,0,40,0
1990,39,2,0,0,1,0,0,0,0,0
1990,20,2,1,0,1,1,337,3,32,1
1990,51,2,2,3,3,1,95,5,0,0
1990,66,1,0,0,1,0,885,3,0,0
1990,57,2,0,0,1,0,319,5,40,0
1990,50,2,1,0,1,0,666,1,40,0
1990,51,2,2,0,1,0,744,1,40,0
1990,33,1,1,0,1,0,457,4,60,0
1990,48,2,2,0,1,1,315,2,50,0
1990,56,1,0,0,0,1,0,0,0,0
1990,76,2,0,0,0,0,0,0,0,0
1990,55,1,3,0,1,0,0,0,0,0
1990,36,2,3,0,1,0,0,0,0,0
1990,55,1,0,0,1,1,17,3,79,0
1990,51,2,0,0,1,1,444,3,20,0
1990,35,1,0,0,1,1,455,4,40,0
1990,28,2,0,0,1,1,337,4,40,0
1990,40,1,1,0,4,0,0,0,0,0
1990,49,2,0,0,1,0,449,4,40,0
1990,50,1,0,0,1,1,426,4,40,0
1990,62,1,0,0,1,0,804,1,40,0
1990,52,2,0,0,1,0,744,1,40,0
1990,56,1,2,0,0,1,558,0,40,0
1990,47,1,0,2,1,0,549,1,70,0
1990,47,2,0,2,1,0,779,3,0,0
1990,19,1,1,2,1,1,877,3,45,0
1990,74,2,3,0,1,0,0,0,0,0
1990,65,1,0,2,1,0,453,4,40,0
1990,64,2,0,2,1,0,0,0,0,0
1990,36,2,2,2,1,0,783,1,8,0
1990,54,2,0,0,1,0,779,1,40,0
1990,58,1,0,0,1,0,22,1,40,0
1990,28,1,3,0,1,1,264,3,40,0
1990,74,2,0,0,0,1,95,1,3,0
1990,32,2,1,0,1,1,313,5,40,0
1990,35,1,0,0,0,0,516,3,40,0
1990,30,2,0,0,0,0,276,4,40,0
1990,45,1,0,0,1,0,804,2,40,0
1990,42,2,0,0,1,0,744,1,40,0
1990,22,2,1,0,1,0,0,0,0,0
1990,29,1,0,0,1,0,276,3,40,0
1990,28,2,0,0,1,0,0,0,0,0
1990,49,1,0,0,4,0,804,3,40,0
1990,52,2,0,0,4,0,744,1,40,0
1990,44,2,1,0,4,0,364,1,50,0
1990,58,1,1,0,4,0,796,3,50,0
1990,57,1,0,0,1,0,804,3,40,0
1990,56,2,0,0,1,0,0,0,0,0
1990,26,1,1,0,1,0,0,0,0,0
1990,47,2,2,0,1,0,744,1,40,0
1990,34,1,0,0,1,1,355,2,43,0
1990,32,2,0,0,1,0,0,0,0,0
1990,21,2,0,0,0,0,337,3,40,0
1990,20,1,0,0,0,0,856,3,40,0
1990,61,1,0,2,1,0,457,4,40,0
1990,62,2,0,0,1,0,0,0,0,0
1990,63,2,2,0,0,1,95,5,48,0
1990,57,2,3,0,1,0,739,1,40,0
1990,23,1,1,0,1,1,453,3,60,0
1990,41,1,0,0,1,0,877,3,40,0
1990,38,2,0,0,1,0,744,1,0,0
1990,75,1,0,0,1,0,0,0,0,0
1990,68,2,0,0,1,0,0,0,0,0
1990,62,1,0,0,1,0,579,2,40,0
1990,59,2,0,0,1,0,744,1,40,0
1990,24,1,2,0,0,1,585,2,45,0
1990,50,1,0,0,1,0,22,1,50,1
1990,50,2,0,0,1,1,337,1,40,0
1990,27,1,1,0,1,1,22,1,45,0
1990,24,1,1,0,0,1,25,1,45,0
1990,18,2,1,0,0,0,264,3,40,0
1990,67,2,0,0,1,0,744,1,40,0
1990,50,1,0,0,1,0,507,0,60,0
1990,47,2,0,0,1,1,337,1,0,0
1990,18,1,1,0,1,0,389,3,40,0
1990,29,1,1,0,1,0,0,0,0,0
1990,26,2,3,0,1,0,274,3,0,0
1990,70,2,2,0,0,0,313,4,37,0
1990,48,1,0,0,3,1,84,5,60,1
1990,46,2,0,0,3,1,0,0,0,0
1990,65,2,3,0,0,0,22,0,48,0
1990,53,1,2,0,0,1,195,1,48,0
1990,26,1,1,0,0,1,217,1,40,0
1990,31,2,1,1,1,0,0,0,0,0
1990,27,1,2,0,0,1,435,3,40,0
1990,71,2,3,0,0,0,0,0,0,0
1990,79,2,2,0,0,1,0,0,0,0
1990,54,2,2,0,1,1,159,5,40,0
1990,34,1,0,0,1,1,23,4,40,0
1990,32,2,0,0,1,0,436,3,40,0
1990,41,1,0,0,1,0,378,4,40,0
1990,32,2,0,0,1,1,276,3,0,0
1990,64,2,3,0,0,0,389,6,14,0
1990,33,1,1,0,1,0,197,3,40,0
1990,67,1,0,0,1,0,243,1,40,0
1990,72,2,0,0,1,0,0,0,0,0
1990,63,1,1,0,0,0,0,0,0,0
1990,23,2,1,0,1,1,259,1,24,0
1990,74,2,1,0,1,0,0,0,0,0
1990,25,1,2,0,0,0,829,6,60,0
1990,40,2,0,0,2,1,157,5,40,0
1990,50,1,0,0,0,1,165,5,60,0
1990,32,1,0,0,0,0,534,0,40,0
1990,28,2,0,0,0,1,105,5,40,0
1990,62,2,1,0,0,0,0,0,0,0
1990,72,2,3,0,1,1,144,5,8,0
1990,48,1,2,0,0,1,637,1,50,1
1990,29,2,1,0,0,0,185,3,40,0
1990,75,2,0,0,0,1,0,0,0,0
1990,56,1,0,2,1,0,449,4,40,0
1990,62,2,0,2,1,0,0,0,0,0
1990,31,1,0,2,1,1,318,2,40,0
1990,23,2,0,2,1,0,319,4,0,0
1990,33,1,1,2,1,1,276,4,35,0
1990,77,1,0,0,0,1,0,0,0,0
1990,75,2,0,0,0,1,0,0,0,0
1990,52,1,2,0,1,1,0,0,0,0
1990,64,1,1,0,0,0,198,2,40,0
1990,55,1,1,0,0,1,885,3,40,0
1990,48,2,2,0,1,0,709,1,12,0
1990,24,1,1,0,1,0,0,0,0,0
1990,57,1,0,0,0,1,7,4,50,1
1990,47,2,0,0,0,1,336,4,40,0
1990,22,2,1,0,0,1,435,3,35,0
1990,68,2,3,0,0,1,313,5,20,0
1990,70,1,0,0,0,1,178,5,20,1
1990,61,2,0,0,0,1,0,0,0,0
1990,31,1,0,0,1,1,379,3,0,0
1990,28,2,0,0,1,1,0,0,0,0
1990,41,2,0,0,0,1,313,5,40,0
1990,47,1,0,0,0,0,243,3,40,0
1990,69,2,0,0,2,0,0,0,0,0
1990,80,2,3,0,2,0,0,0,0,0
1990,78,2,3,0,0,0,0,0,0,0
1990,62,1,0,0,0,1,154,5,40,1
1990,55,2,0,0,0,0,319,4,39,0
1990,77,2,3,0,2,1,0,0,0,0
1990,59,1,0,0,2,1,22,2,0,1
1990,60,2,0,0,2,0,0,0,0,0
1990,63,2,2,0,0,1,274,3,8,0
1990,51,1,3,0,0,0,186,5,30,0
1990,43,2,3,0,0,1,808,2,40,0
1990,41,1,0,0,0,1,22,3,60,1
1990,29,2,0,0,2,1,0,0,0,0
1990,67,1,1,0,0,0,22,3,40,1
1990,39,2,1,1,1,0,744,1,30,0
1990,65,1,0,0,0,1,254,4,40,0
1990,52,2,0,0,1,1,22,4,40,0
1990,23,2,1,0,0,1,37,5,60,0
1990,29,2,1,1,1,1,234,1,40,0
1990,30,2,1,1,1,1,95,5,40,0
1990,29,1,1,0,0,0,549,1,40,0
1990,67,1,0,0,0,1,378,4,0,0
1990,65,2,0,0,0,0,308,2,37,0
1990,27,1,1,0,0,1,303,5,37,0
1990,49,2,2,1,0,1,95,5,40,0
1990,53,1,0,0,0,0,575,2,40,0
1990,50,2,0,0,0,0,22,5,40,0
1990,39,1,0,0,4,1,558,0,50,1
1990,37,2,0,0,4,1,185,4,30,0
1990,28,1,0,0,0,1,259,3,40,0
1990,28,2,0,0,0,1,156,5,40,0
1990,80,2,3,0,0,0,0,0,0,0
1990,78,2,3,0,0,0,0,0,0,0
1990,37,1,0,0,0,1,23,5,37,0
1990,36,2,0,0,0,1,156,5,40,0
1990,61,1,0,0,0,1,22,3,36,1
1990,57,2,0,0,0,0,0,0,0,0
1990,60,1,0,0,0,0,268,3,40,0
1990,57,2,0,0,0,0,458,3,35,0
1990,42,2,0,0,0,1,22,4,40,0
1990,33,1,0,0,0,1,255,4,50,1
1990,22,1,1,0,0,1,317,4,0,0
1990,22,1,1,0,0,1,0,0,0,0
1990,24,2,3,0,0,0,889,3,43,0
1990,63,1,0,0,0,0,266,3,40,0
1990,62,2,0,0,0,0,438,3,0,0
1990,34,1,0,1,1,0,889,3,46,0
1990,33,2,0,1,1,0,276,3,25,0
1990,39,2,0,1,0,1,305,5,40,0
1990,41,1,0,1,0,1,869,0,40,0
1990,40,1,0,1,1,0,777,1,40,0
1990,29,2,0,1,1,0,155,5,40,0
1990,46,1,0,1,1,0,453,3,40,0
1990,33,2,0,1,1,0,207,5,0,0
1990,39,1,0,1,0,1,18,6,50,0
1990,39,2,0,1,0,1,84,6,40,0
1990,49,1,0,0,0,1,628,2,40,0
1990,46,2,0,0,0,1,243,4,40,0
1990,18,1,1,0,0,0,0,0,0,0
1990,18,1,1,0,0,0,0,0,0,0
1990,18,2,1,0,0,1,323,4,0,0
1990,73,1,0,0,0,0,0,0,0,0
1990,63,2,0,0,0,1,254,4,36,0
1990,22,2,1,1,1,0,466,5,40,0
1990,21,1,1,1,1,0,885,3,40,0
1990,30,2,1,1,1,0,274,3,40,0
1990,31,1,1,1,1,0,443,3,40,0
1990,28,2,1,1,1,0,313,5,36,0
1990,28,2,0,1,0,1,156,5,30,0
1990,52,1,0,1,1,1,22,1,50,0
1990,28,1,1,1,1,1,877,3,0,0
1990,23,1,1,1,1,0,318,2,0,0
1990,56,2,3,0,0,1,687,3,0,0
1990,39,2,0,1,1,0,747,1,48,0
1990,29,1,3,1,0,0,748,4,35,0
1990,35,1,0,1,4,0,328,4,40,0
1990,40,1,0,0,2,1,486,0,0,0
1990,35,2,0,0,2,1,337,3,0,0
1990,80,2,3,0,0,1,0,0,0,0
1990,51,2,1,0,0,1,243,3,40,0
1990,77,2,3,0,0,0,0,0,0,0
1990,27,2,2,0,0,1,274,3,0,0
1990,44,1,2,0,2,0,0,0,0,0
1990,25,2,2,1,1,1,448,4,40,0
1990,24,1,1,1,1,1,804,2,50,0
1990,58,2,2,0,0,0,22,3,40,0
1990,30,1,0,0,0,0,883,2,20,0
1990,47,2,0,2,1,0,277,3,33,0
1990,63,1,0,0,2,1,22,3,48,1
1990,53,2,0,0,1,1,22,3,48,0
1990,24,1,1,0,1,1,259,3,54,0
1990,68,1,0,0,0,0,0,0,0,0
1990,64,2,0,0,0,0,0,0,0,0
1990,24,1,1,1,0,1,17,5,40,0
1990,73,2,1,0,0,0,364,3,20,0
1990,35,1,0,0,0,1,274,3,38,0
1990,29,2,0,0,1,1,85,5,8,0
1990,32,1,0,0,0,1,779,0,50,0
1990,31,2,0,0,0,0,313,5,40,0
1990,41,2,2,0,4,0,313,6,40,0
1990,18,2,1,0,0,0,274,3,15,0
1990,30,2,2,0,1,0,243,4,40,0
1990,62,2,1,0,0,0,243,3,40,0
1990,56,2,3,0,0,0,0,0,0,0
1990,72,1,0,0,0,0,0,0,0,0
1990,67,2,0,0,0,0,0,0,0,0
1990,25,2,3,1,0,1,156,5,40,0
1990,53,1,0,0,0,1,418,6,40,0
1990,50,2,0,0,0,1,95,5,40,0
1990,21,2,1,0,0,1,98,5,30,0
1990,48,1,0,0,3,1,628,1,40,1
1990,39,2,0,0,3,0,688,1,15,0
1990,18,1,1,0,3,0,276,3,0,0
1990,40,1,3,0,3,1,156,5,0,0
1990,20,1,1,0,3,0,889,5,0,0
1990,22,2,1,0,3,0,313,3,0,0
1990,53,1,2,0,0,0,0,0,0,0
1990,49,2,3,1,1,0,447,4,37,0
1990,25,2,1,1,1,1,754,3,0,0
1990,23,2,1,1,1,1,469,4,50,0
1990,21,1,1,1,1,1,877,3,35,0
1990,65,1,3,1,1,0,889,4,20,0
1990,52,2,1,0,0,1,274,3,50,0
1990,49,1,0,0,0,1,793,1,50,1
1990,46,2,0,0,0,0,95,5,40,0
1990,29,2,0,0,0,1,313,5,35,0
1990,34,1,0,0,0,0,426,5,40,0
1990,65,1,0,0,1,0,453,3,0,0
1990,69,2,0,0,1,0,453,3,0,0
1990,45,2,3,1,1,0,0,0,0,0
1990,51,1,2,1,0,0,453,5,40,0
1990,22,1,0,0,1,0,259,1,75,0
1990,22,2,0,0,0,0,276,3,0,0
1990,23,1,0,0,0,1,418,6,40,0
1990,32,2,0,0,0,1,328,4,40,0
1990,23,2,0,0,1,1,257,2,60,0
1990,39,1,0,0,1,0,22,4,50,0
1990,25,2,3,0,1,1,243,3,20,0
1990,27,2,1,0,0,1,99,5,40,0
1990,27,1,0,0,0,1,234,4,40,0
1990,27,2,0,0,0,1,337,4,30,0
1990,54,2,3,0,0,0,0,0,0,0
1990,57,2,2,0,0,1,254,4,0,0
1990,27,2,1,0,0,0,379,3,40,0
1990,30,1,0,0,1,1,243,3,44,1
1990,29,2,0,0,1,1,456,4,22,0
1990,62,1,2,0,0,1,243,3,50,1
1990,56,2,2,0,2,1,313,0,40,0
1990,38,1,0,0,0,0,577,2,40,0
1990,34,2,0,0,0,1,337,2,42,1
1990,41,1,3,1,1,0,558,0,0,0
1990,30,2,1,0,1,1,0,0,0,0
1990,49,2,2,1,1,0,447,5,48,0
1990,43,1,0,1,0,0,327,2,40,0
1990,36,2,0,1,0,1,156,5,40,0
1990,59,1,0,1,1,0,449,4,50,0
1990,55,2,0,1,1,0,749,1,40,0
1990,28,1,3,1,1,1,156,5,30,0
1990,23,1,3,1,1,0,344,4,40,0
1990,25,2,1,1,1,1,749,1,40,0
1990,19,1,1,1,1,0,336,4,35,0
1990,28,1,1,0,1,1,487,5,35,1
1990,32,1,1,1,0,0,449,5,40,0
1990,64,1,0,1,0,0,434,3,0,0
1990,64,2,0,1,0,1,407,4,0,0
1990,38,1,2,1,0,0,453,4,40,0
1990,47,2,2,1,0,0,447,5,40,0
1990,66,1,0,0,1,0,22,1,0,0
1990,56,2,0,0,1,0,0,0,0,0
1990,33,2,1,0,1,1,23,3,40,0
1990,40,1,0,1,0,0,22,0,56,0
1990,26,2,0,1,0,0,458,4,40,0
1990,54,2,2,1,1,0,447,5,40,0
1990,27,2,3,1,1,0,736,1,40,0
1990,33,2,0,1,1,0,276,3,35,0
1990,35,1,3,1,1,0,734,1,40,0
1990,48,1,0,1,1,0,804,3,40,0
1990,34,2,3,1,1,0,174,6,40,0
1990,26,1,0,0,0,1,385,2,44,0
1990,25,2,0,0,1,1,337,1,46,0
1990,35,1,0,0,0,1,253,4,40,0
1990,34,2,0,0,0,1,375,4,38,0
1990,24,2,1,0,0,1,255,4,48,0
1990,24,2,1,0,0,1,337,2,45,0
1990,28,2,1,0,1,0,339,3,40,0
1990,25,1,0,0,0,1,303,4,40,0
1990,25,2,0,0,1,1,17,3,45,0
1990,40,2,1,0,1,0,461,2,30,0
1990,35,2,2,1,0,0,355,2,40,0
1990,73,2,3,1,0,0,436,3,25,0
1990,62,1,3,1,0,0,804,1,45,0
1990,41,2,0,1,1,0,777,1,40,0
1990,39,1,0,1,1,0,777,1,40,0
1990,56,1,0,1,1,1,457,4,31,0
1990,48,2,0,1,1,1,458,4,99,0
1990,61,1,1,0,0,1,0,0,0,0
1990,45,1,0,0,0,0,595,0,40,0
1990,42,2,0,0,0,0,274,3,40,0
1990,18,1,1,0,0,0,869,0,30,0
1990,39,1,0,0,0,1,0,0,0,0
1990,40,2,0,0,0,0,276,3,40,0
1990,42,1,0,1,1,0,585,0,40,0
1990,39,2,0,1,1,0,744,1,11,0
1990,53,1,0,1,1,0,758,1,40,0
1990,48,2,0,1,1,1,447,5,60,0
1990,24,1,1,1,1,1,799,3,40,0
1990,25,1,1,1,0,0,0,0,0,0
1990,21,2,1,1,0,1,0,0,0,0
1990,47,1,3,1,0,1,418,6,40,0
1990,80,1,0,0,0,0,0,0,0,0
1990,80,1,3,0,0,0,0,0,0,0
1990,48,1,1,0,0,0,849,4,40,0
1990,53,1,0,1,0,0,709,1,40,0
1990,40,2,0,1,0,0,379,3,40,0
1990,28,1,3,0,0,0,509,1,40,0
1990,24,1,0,0,0,1,308,6,40,0
1990,25,2,0,0,4,1,22,2,40,0
1990,20,1,1,0,0,0,796,1,40,0
1990,49,2,3,0,0,0,785,3,40,0
1990,58,2,3,0,0,0,744,1,40,0
1990,33,2,3,0,4,0,0,0,0,0
1990,39,2,3,1,0,0,447,5,40,0
1990,18,1,1,1,0,0,436,3,0,0
1990,52,2,0,0,1,0,779,3,0,0
1990,61,1,0,0,1,0,518,1,50,0
1990,63,1,3,0,0,0,0,0,0,0
1990,43,1,3,1,1,1,186,5,40,0
1990,18,1,1,1,1,0,449,4,16,0
1990,73,1,0,0,0,0,0,0,0,0
1990,65,2,0,0,0,0,785,1,35,0
1990,30,1,0,0,0,1,229,2,50,0
1990,31,2,0,0,0,1,95,5,40,0
1990,61,2,3,1,0,1,156,5,38,0
1990,38,1,1,0,1,0,866,0,40,0
1990,68,2,0,1,0,0,0,0,0,0
1990,55,2,3,1,0,0,0,0,0,0
1990,28,2,1,1,0,0,0,0,0,0
1990,27,1,1,1,0,0,804,2,40,0
1990,22,1,1,1,0,0,889,3,20,0
1990,30,2,3,0,0,0,887,4,36,0
1990,29,2,3,1,1,0,734,1,43,0
1990,78,2,3,1,0,0,0,0,0,0
1990,74,1,3,1,0,1,0,0,0,0
1990,70,1,3,1,0,0,0,0,0,0
1990,55,1,0,1,0,1,156,5,40,0
1990,53,2,0,1,0,1,156,5,24,0
1990,19,1,1,1,0,1,379,4,40,0
1990,18,2,1,1,0,0,435,3,0,0
1990,22,2,1,1,0,0,313,3,40,0
1990,40,1,0,0,1,0,785,1,40,0
1990,32,2,0,0,1,0,0,0,0,0
1990,44,1,1,1,0,0,804,1,40,0
1990,62,2,3,0,1,0,785,1,40,0
1990,38,1,0,0,0,0,783,4,40,0
1990,34,2,0,0,1,1,313,5,40,0
1990,72,2,0,0,1,0,0,0,0,0
1990,64,2,2,0,0,1,0,0,0,0
1990,58,1,0,0,0,0,523,4,49,0
1990,48,2,0,0,0,1,156,5,55,0
1990,44,1,3,0,4,0,505,3,40,0
1990,37,1,0,0,0,1,515,2,51,0
1990,44,2,0,0,0,1,318,2,25,0
1990,44,1,0,0,0,1,22,4,45,1
1990,46,2,0,0,0,0,303,4,40,0
1990,36,2,2,0,1,1,13,2,40,0
1990,72,2,3,0,1,0,0,0,0,0
1990,62,1,1,0,0,1,0,0,0,1
1990,69,1,0,0,0,1,0,0,0,0
1990,64,2,3,0,2,0,22,3,0,0
1990,42,1,0,0,1,0,0,0,0,0
1990,47,2,0,0,1,0,0,0,0,0
1990,57,1,0,0,0,1,159,5,40,0
1990,56,2,0,0,0,0,0,0,0,1
1990,22,1,1,0,0,1,163,5,0,0
1990,21,1,1,0,0,1,389,5,30,0
1990,27,1,0,0,0,1,189,2,40,0
1990,22,2,0,0,1,1,364,4,40,0
1990,36,1,2,0,0,0,0,0,0,0
1990,43,1,0,0,1,1,243,3,50,1
1990,31,2,0,0,1,1,463,2,40,0
1990,61,1,0,2,1,1,435,3,40,0
1990,59,2,0,2,1,1,435,3,40,0
1990,58,1,3,2,1,1,274,3,0,0
1990,37,2,1,2,1,1,435,3,40,0
1990,32,2,1,2,1,0,0,0,0,0
1990,23,2,3,2,1,1,276,3,42,0
1990,25,1,1,3,1,0,435,3,0,0
1990,31,2,1,0,0,1,435,4,40,0
1990,40,1,2,0,1,0,22,2,50,0
1990,64,2,3,0,1,1,274,3,30,0
1990,32,2,1,0,1,1,175,5,40,0
1990,23,1,1,2,0,0,509,1,40,0
1990,30,1,0,0,1,1,677,3,45,0
1990,27,2,0,0,1,1,339,5,45,0
1990,26,1,0,0,1,1,59,3,99,0
1990,22,2,0,0,1,1,337,3,99,0
1990,43,1,1,0,2,0,436,3,48,0
1990,28,2,1,0,1,0,276,1,0,0
1990,28,1,0,0,1,1,22,0,40,0
1990,26,2,0,0,0,1,274,3,40,0
1990,74,1,0,0,1,0,0,0,0,0
1990,68,2,0,0,4,0,0,0,0,0
1990,34,2,2,0,1,1,185,5,40,0
1990,18,1,1,0,0,0,276,3,18,0
1990,48,1,0,0,1,0,779,1,40,0
1990,35,2,0,0,1,0,744,1,40,0
1990,31,2,1,0,0,0,463,2,30,0
1990,77,1,0,0,1,0,0,0,0,0
1990,75,2,0,0,1,0,0,0,0,0
1990,75,1,0,0,1,0,335,4,42,0
1990,79,2,0,0,1,0,0,0,0,0
1990,35,1,2,0,1,0,779,1,40,0
1990,69,1,0,0,1,0,457,4,25,0
1990,66,2,0,0,1,0,0,0,0,0
1990,47,2,2,0,1,0,385,4,40,0
1990,36,1,1,0,0,1,5,6,40,0
1990,34,2,1,0,1,1,313,6,40,0
1990,70,1,0,0,0,0,777,1,40,0
1990,66,2,0,0,0,0,459,5,17,0
1990,45,1,2,0,0,1,566,3,40,0
1990,78,2,0,0,1,0,0,0,0,0
1990,59,2,1,0,1,0,0,0,0,0
1990,44,2,1,0,1,1,85,5,40,1
1990,43,2,1,0,1,1,84,5,40,1
1990,80,1,0,0,1,0,0,0,0,0
1990,75,2,0,0,1,0,0,0,0,0
1990,33,2,3,0,1,0,445,5,40,0
1990,37,1,0,0,0,1,5,6,40,0
1990,41,2,0,0,1,1,22,6,40,0
1990,36,1,0,0,1,0,318,2,40,0
1990,22,2,0,0,1,0,318,2,40,0
1990,46,2,3,0,1,0,264,3,40,0
1990,29,1,2,0,1,1,0,0,0,0
1990,48,2,2,0,1,0,379,4,0,0
1990,26,1,2,0,1,1,458,4,40,0
1990,48,2,2,0,1,0,447,5,0,0
1990,26,2,2,0,1,1,274,3,0,0
1990,22,2,1,0,1,0,276,3,0,0
1990,18,2,3,0,1,0,0,0,0,0
1990,59,1,3,0,1,1,445,5,12,0
1990,31,2,2,0,1,0,436,5,40,0
1990,30,2,1,0,1,1,379,4,40,0
1990,19,1,1,0,1,0,265,3,40,0
1990,79,1,0,0,1,1,0,0,0,0
1990,80,2,0,0,1,1,0,0,0,0
1990,29,1,0,2,0,0,174,5,40,0
1990,31,2,0,2,1,0,27,6,40,0
1990,63,2,3,0,1,0,747,4,0,0
1990,69,1,0,0,1,0,253,4,25,0
1990,64,2,0,0,1,0,0,0,0,0
1990,37,1,2,0,1,1,253,4,50,0
1990,65,2,3,0,1,0,0,0,0,0
1990,67,1,0,0,0,0,558,0,48,1
1990,63,2,0,0,0,0,0,0,0,0
1990,32,1,1,0,1,0,268,3,44,0
1990,62,1,2,0,1,1,889,3,0,0
1990,57,2,2,0,1,0,0,0,0,0
1990,59,1,0,0,0,0,533,2,40,0
1990,44,2,0,0,0,1,275,4,30,0
1990,28,1,1,0,0,0,509,4,0,0
1990,22,1,1,0,0,0,0,0,0,0
1990,62,2,0,0,0,1,194,0,0,0
1990,62,1,0,0,0,1,55,5,40,0
1990,29,1,1,0,0,1,514,4,40,0
1990,79,1,0,0,2,0,567,0,8,0
1990,72,2,0,0,2,0,447,5,20,0
1990,52,1,0,0,1,0,727,1,53,0
1990,51,2,0,0,1,0,274,3,0,0
1990,36,1,0,0,1,1,529,2,45,0
1990,35,2,0,0,1,1,383,4,40,0
1990,68,2,3,0,1,0,0,0,0,0
1990,72,1,0,0,0,1,23,5,40,0
1990,57,2,0,0,0,1,315,4,50,0
1990,80,1,0,0,0,1,235,5,20,0
1990,57,1,0,0,1,0,565,0,90,0
1990,61,2,0,0,1,0,444,5,40,0
1990,24,1,1,0,1,1,269,3,0,0
1990,23,1,1,0,1,0,505,4,52,0
1990,49,1,0,0,1,0,804,1,40,0
1990,42,2,0,0,1,1,313,5,35,0
1990,23,2,1,0,0,1,376,3,40,0
1990,65,2,2,0,0,1,207,5,48,0
1990,35,1,0,0,0,0,853,0,63,0
1990,40,2,0,0,0,0,774,5,25,0
1990,19,1,1,0,0,0,877,3,40,0
1990,58,1,0,0,1,0,0,0,0,0
1990,54,2,0,0,1,0,0,0,0,0
1990,36,1,0,0,1,0,883,1,36,0
1990,27,2,0,0,1,0,254,4,40,1
1990,46,1,0,0,1,1,337,0,40,0
1990,43,2,0,0,1,0,25,4,85,0
1990,19,2,1,0,0,1,319,5,24,0
1990,38,1,0,0,1,1,178,5,40,0
1990,31,2,0,0,1,1,22,5,40,0
1990,77,2,0,0,1,0,0,0,0,0
1990,54,1,0,0,1,0,259,1,48,1
1990,59,2,0,0,1,1,389,1,40,0
1990,62,1,0,0,1,1,754,3,40,0
1990,68,2,0,0,4,1,0,0,0,0
1990,42,2,3,0,1,0,243,3,60,0
1990,59,1,0,0,0,0,256,1,45,1
1990,47,2,0,0,1,0,0,0,0,0
1990,21,2,1,0,0,1,164,5,20,0
1990,37,1,0,0,1,1,55,2,40,0
1990,37,2,0,0,1,1,23,4,30,0
1990,57,1,0,0,0,0,508,2,40,0
1990,55,2,0,0,1,0,433,3,35,0
1990,26,1,1,0,0,0,686,3,60,0
1990,22,1,1,0,0,0,785,3,40,0
1990,69,2,2,0,1,1,156,5,40,0
1990,44,1,0,1,1,1,436,3,40,0
1990,45,2,0,0,1,1,17,3,40,0
1990,21,1,1,0,1,0,436,3,40,0
1990,44,1,0,0,0,0,534,6,40,0
1990,39,2,0,0,0,1,313,4,37,0
1990,33,1,0,0,0,0,523,2,40,0
1990,29,2,0,0,0,1,337,5,40,0
1990,51,1,0,0,1,1,267,3,40,0
1990,49,2,0,0,1,0,385,4,40,0
1990,30,2,2,2,1,1,337,2,40,0
1990,37,1,0,0,1,1,585,0,40,0
1990,39,2,0,0,1,0,156,5,25,0
1990,33,1,1,0,1,1,0,0,0,0
1990,44,1,0,0,0,1,98,5,40,0
1990,40,2,0,0,0,1,95,5,40,0
1990,67,1,0,0,1,1,257,2,40,0
1990,47,2,0,0,1,0,0,0,0,0
1990,30,1,0,0,1,1,418,6,40,0
1990,29,2,0,0,1,1,456,5,20,0
1990,62,1,0,0,0,1,567,0,40,0
1990,63,2,0,0,0,0,0,0,0,0
1990,37,1,1,0,0,0,567,0,40,0
1990,34,2,3,0,0,0,0,0,0,0
1990,38,1,2,0,0,0,869,0,16,0
1990,35,2,2,0,0,0,26,4,40,0
1990,28,1,0,0,0,1,23,3,48,0
1990,28,2,0,0,0,0,274,3,25,0
1990,57,2,2,0,1,0,0,0,0,0
1990,33,2,3,0,1,0,313,3,40,0
1990,54,1,0,0,1,1,197,5,40,0
1990,53,2,0,0,1,1,337,3,40,0
1990,27,2,0,0,0,1,23,5,40,0
1990,26,2,3,0,0,1,23,5,40,0
1990,29,1,0,0,1,1,516,2,40,0
1990,53,2,2,0,0,0,22,2,38,0
1990,35,1,0,0,1,0,514,4,60,0
1990,34,2,0,0,1,1,379,4,40,0
1990,40,1,0,0,0,1,22,3,72,0
1990,34,2,0,0,0,0,22,0,0,0
1990,63,2,2,0,1,1,159,5,37,0
1990,80,2,3,0,0,1,159,5,22,0
1990,74,2,3,0,0,0,376,3,0,0
1990,64,2,3,0,1,0,467,5,40,0
1990,30,1,0,0,1,1,84,5,80,0
1990,31,2,0,0,1,1,235,5,30,0
1990,46,1,0,0,1,1,43,5,40,0
1990,46,2,0,0,1,0,0,0,0,0
1990,22,1,1,0,0,1,486,5,35,0
1990,55,2,2,0,0,1,22,1,42,1
1990,45,2,2,0,0,1,156,5,40,0
1990,19,1,1,0,0,0,0,0,0,0
1990,59,1,0,1,0,0,579,4,50,0
1990,61,2,0,1,0,0,17,5,40,0
1990,22,1,1,1,0,1,0,0,0,0
1990,46,1,2,0,0,1,566,0,40,0
1990,46,2,2,0,0,1,234,4,0,0
1990,42,1,2,0,0,0,566,0,48,0
1990,43,2,2,1,1,1,315,3,42,0
1990,18,1,1,1,1,0,0,0,0,0
1990,26,1,0,0,0,1,17,3,60,0
1990,31,2,0,0,1,1,383,4,40,0
1990,37,2,2,1,1,1,379,4,40,0
1990,60,2,3,1,1,0,274,3,20,0
1990,38,2,1,1,0,0,407,4,0,0
1990,40,1,3,0,0,0,18,4,40,0
1990,18,1,1,0,0,0,0,0,0,0
1990,40,2,1,0,0,0,888,3,40,0
1990,44,1,0,0,0,1,178,5,40,1
1990,40,2,0,0,0,1,0,0,0,0
1990,34,1,0,0,1,1,259,3,40,1
1990,26,2,0,0,0,0,0,0,0,0
1990,42,1,0,0,0,1,178,5,50,1
1990,44,2,0,0,0,1,178,5,35,0
1990,65,2,3,0,0,1,0,0,0,0
1990,48,2,2,0,1,1,156,5,40,0
1990,22,2,1,0,1,1,303,4,0,0
1990,21,2,1,0,0,1,264,3,6,0
1990,67,1,0,0,0,0,253,4,0,0
1990,63,2,0,0,0,0,253,4,0,0
1990,61,1,0,0,1,1,628,1,0,0
1990,60,2,0,0,1,1,0,0,0,0
1990,20,2,1,0,0,1,264,3,20,0
1990,50,1,0,0,0,1,414,6,40,0
1990,43,2,0,0,0,1,359,6,40,0
1990,52,2,2,0,1,0,276,3,40,0
1990,25,2,1,0,1,1,14,5,50,0
1990,29,2,0,0,0,1,337,5,40,0
1990,34,1,0,0,0,1,869,0,40,0
1990,43,1,0,0,2,0,355,2,48,1
1990,40,2,0,0,0,1,156,5,35,0
1990,41,1,0,0,0,1,14,5,60,1
1990,37,2,0,0,0,1,156,5,40,0
1990,31,2,1,0,0,1,156,5,50,0
1990,37,2,1,0,0,1,199,5,40,1
1990,69,1,0,0,1,0,274,3,40,0
1990,55,2,0,0,2,0,276,3,50,0
1990,47,2,2,0,0,1,313,4,40,0
1990,38,1,0,0,1,1,549,1,40,0
1990,36,2,0,0,1,1,216,1,40,0
1990,32,2,3,0,1,1,385,4,40,0
1990,32,2,3,0,0,1,156,5,37,0
1990,38,2,1,0,0,1,95,5,60,0
1990,42,2,1,0,0,1,95,5,20,0
1990,47,2,2,1,1,1,156,5,50,0
1990,20,2,1,1,1,0,0,0,0,0
1990,62,1,0,2,1,0,507,3,50,0
1990,61,2,0,2,1,0,0,0,0,0
1990,26,1,1,2,1,1,318,2,20,0
1990,39,1,0,0,1,1,274,3,40,1
1990,42,2,0,0,1,0,0,0,0,0
1990,39,1,0,0,0,1,176,5,50,1
1990,38,2,0,0,0,1,14,5,40,0
1990,37,2,2,0,1,1,55,4,40,1
1990,26,2,1,0,0,1,243,3,45,0
1990,22,2,1,0,0,0,577,2,40,0
1990,24,2,1,0,0,0,804,2,40,0
1990,44,2,2,2,1,0,269,3,40,0
1990,19,2,1,2,1,1,0,0,0,0
1990,67,2,3,2,1,0,0,0,0,0
1990,28,1,2,2,1,0,877,2,40,0
1990,20,1,0,0,0,1,255,4,40,1
1990,29,2,0,0,0,1,13,4,40,0
1990,59,2,3,0,0,1,14,5,45,0
1990,37,1,0,0,0,1,154,5,40,0
1990,38,2,0,0,0,1,95,5,35,1
1990,72,1,0,0,0,1,258,3,12,0
1990,73,2,0,0,0,1,0,0,0,0
1990,44,1,0,0,1,1,418,6,0,0
1990,40,2,0,0,1,1,167,5,30,1
1990,25,2,1,0,0,1,385,4,40,0
1990,40,1,0,0,0,1,167,5,50,1
1990,40,2,0,0,0,1,14,5,35,0
1990,42,2,2,0,0,1,254,4,50,1
1990,78,1,0,0,0,1,0,0,0,1
1990,76,2,0,0,0,0,0,0,0,0
1990,47,1,0,0,0,1,267,3,40,1
1990,44,2,0,0,0,1,313,5,0,0
1990,72,1,0,0,1,0,0,0,0,0
1990,69,2,0,0,1,0,0,0,0,0
1990,46,1,0,0,1,1,637,2,60,0
1990,46,2,0,0,1,0,313,3,45,0
1990,31,1,0,0,0,1,178,6,40,0
1990,31,2,0,0,1,1,23,5,40,0
1990,62,1,0,0,1,1,558,0,40,0
1990,61,2,0,0,1,1,376,4,40,0
1990,32,2,1,0,1,1,383,4,40,0
1990,61,1,0,0,1,0,253,4,40,1
1990,62,2,0,0,1,0,0,0,0,0
1990,28,1,1,0,2,1,33,4,45,0
1990,25,2,2,0,1,1,435,4,35,0
1990,23,1,0,0,1,1,804,3,40,0
1990,19,2,0,0,1,0,313,5,40,0
1990,34,1,0,0,0,1,84,5,80,0
1990,33,2,0,0,0,1,313,4,0,0
1990,30,2,1,0,0,1,178,5,16,0
1990,47,1,0,0,0,1,25,3,60,1
1990,41,2,0,0,0,1,155,5,40,0
1990,37,1,0,0,1,1,178,5,40,0
1990,35,2,0,0,1,1,0,0,0,0
1990,19,1,1,0,0,1,323,5,40,0
1990,20,1,1,0,0,1,14,5,20,0
1990,53,2,2,0,0,1,27,1,40,0
1990,24,2,2,0,0,1,385,3,33,0
1990,38,1,2,0,0,0,337,3,20,0
1990,62,1,0,1,0,1,0,0,0,0
1990,60,2,0,1,0,0,0,0,0,0
1990,37,2,1,0,1,1,178,6,47,0
1990,69,2,2,0,1,1,276,3,0,0
1990,47,2,2,0,0,1,158,5,65,0
1990,56,1,2,0,0,1,567,1,0,0
1990,31,2,1,0,0,1,7,4,50,0
1990,29,2,1,0,0,1,243,3,50,0
1990,38,1,0,0,1,1,7,1,45,1
1990,38,2,0,0,1,1,0,0,0,0
1990,56,1,2,0,0,1,178,5,40,0
1990,67,2,3,0,0,1,0,0,0,0
1990,42,2,0,0,0,1,95,2,20,0
1990,43,1,0,0,0,1,43,0,60,1
1990,71,1,0,0,0,1,22,4,25,1
1990,60,2,0,0,3,1,274,3,48,1
1990,32,2,1,0,0,1,95,5,45,0
1990,53,1,0,0,0,1,178,5,40,1
1990,42,2,0,0,0,1,0,0,0,0
1990,42,1,0,0,1,1,167,5,35,1
1990,37,2,0,0,1,1,174,5,45,0
1990,62,1,0,0,0,1,259,1,40,1
1990,56,2,0,0,0,1,0,0,0,0
1990,37,1,0,0,0,1,22,4,50,1
1990,36,2,0,0,0,1,0,0,0,0
1990,18,1,1,0,0,0,833,6,15,0
1990,46,1,0,0,2,1,889,4,60,1
1990,39,2,0,0,1,1,319,3,2,0
1990,46,1,0,1,1,1,154,5,40,0
1990,53,2,0,1,0,1,14,5,40,1
1990,34,1,0,0,0,0,455,4,60,1
1990,33,2,0,0,0,0,22,4,50,0
1990,42,1,0,0,0,0,849,0,40,1
1990,39,2,0,0,0,1,156,5,20,0
1990,39,2,0,0,0,1,95,5,40,0
1990,43,1,0,0,0,1,259,3,40,0
1990,51,2,0,0,1,0,869,0,40,0
1990,51,1,0,0,1,0,453,0,0,0
1990,57,1,1,0,1,0,426,0,0,0
1990,56,1,3,0,1,0,567,0,0,0
1990,55,1,0,0,1,0,259,1,40,0
1990,54,2,0,0,1,0,276,3,40,0
1990,30,1,2,0,1,0,444,3,40,0
1990,42,1,0,0,0,1,22,2,40,0
1990,32,2,0,0,0,0,385,3,20,0
1990,46,1,0,2,1,0,473,0,60,0
1990,46,2,0,2,1,0,479,0,40,0
1990,21,2,1,2,0,0,315,3,40,0
1990,19,1,1,2,0,0,385,3,35,0
1990,20,1,1,1,0,1,515,6,40,0
1990,40,1,2,1,0,0,22,6,40,0
1990,29,1,1,0,1,0,228,6,72,0
1990,66,2,3,0,0,1,0,0,0,1
1990,32,1,1,0,0,1,178,5,45,0
1990,35,1,3,0,1,0,744,1,0,0
1990,72,2,3,2,1,0,779,1,40,0
1990,37,1,0,0,0,0,804,2,50,0
1990,51,2,0,0,1,0,0,0,0,0
1990,46,1,0,0,0,0,756,1,45,0
1990,44,2,0,0,1,0,274,3,38,0
1990,45,1,1,0,1,0,0,0,0,0
1990,39,1,0,1,0,1,156,5,37,0
1990,37,2,0,1,0,1,156,5,37,0
1990,35,1,0,0,0,0,436,3,54,0
1990,39,2,0,0,0,0,435,3,40,0
1990,22,1,1,0,0,0,509,4,32,0
1990,76,1,0,1,0,0,0,0,0,0
1990,66,2,0,1,0,0,453,5,21,0
1990,35,1,0,1,1,0,479,0,40,0
1990,33,2,0,1,1,0,479,0,40,0
1990,39,1,0,0,0,1,417,6,40,1
1990,30,2,0,0,0,1,389,2,40,0
1990,37,1,0,0,0,1,22,2,50,1
1990,31,2,0,0,0,0,379,5,0,0
1990,26,1,0,0,1,1,13,3,55,1
1990,25,2,0,0,1,1,208,5,0,0
1990,46,1,0,1,1,0,364,3,40,0
1990,43,2,0,1,1,0,0,0,0,0
1990,24,1,1,1,1,1,213,5,40,0
1990,20,2,1,1,1,0,276,3,20,0
1990,62,2,3,1,1,0,0,0,0,0
1990,56,1,0,0,0,0,734,1,40,0
1990,53,2,0,0,0,0,466,5,40,0
1990,18,2,1,0,0,0,469,3,30,0
1990,19,2,1,3,3,1,313,5,30,0
1990,45,1,0,0,0,1,653,1,40,1
1990,50,2,0,0,2,0,22,2,37,0
1990,31,2,1,0,0,0,389,5,37,0
1990,31,1,2,0,0,1,156,5,65,0
1990,24,2,3,0,0,1,558,0,45,0
1990,31,1,2,0,0,1,17,3,50,0
1990,37,1,0,1,0,0,453,5,20,0
1990,31,2,0,1,0,0,808,2,20,0
1990,39,1,0,0,0,1,567,0,35,0
1990,36,2,0,0,0,0,379,3,48,0
1990,35,2,2,0,0,1,14,5,32,0
1990,48,2,0,2,1,0,465,5,40,0
1990,57,1,0,2,1,0,379,3,25,0
1990,22,1,1,2,1,0,888,1,0,0
1990,74,1,3,2,1,0,0,0,0,0
1990,76,2,2,2,1,0,0,0,0,0
1990,75,2,3,0,4,0,0,0,0,0
1990,71,1,1,2,1,0,0,0,0,0
1990,46,1,0,0,0,1,418,6,40,1
1990,35,2,0,0,0,0,23,6,40,0
1990,54,2,2,0,1,0,174,6,40,0
1990,27,2,3,0,0,0,435,3,30,0
1990,29,1,0,0,0,1,18,4,40,0
1990,35,2,0,0,0,1,156,5,40,0
1990,61,1,0,0,0,0,567,0,40,0
1990,58,2,0,0,0,0,337,0,30,0
1990,36,2,3,1,0,0,0,0,0,0
1990,37,1,2,0,0,0,473,0,47,0
1990,38,2,2,1,0,0,0,0,0,0
1990,20,2,0,0,0,0,435,3,14,0
1990,19,1,0,0,0,0,435,3,14,0
1990,25,1,1,0,0,0,439,3,14,0
1990,67,1,3,1,1,0,477,0,40,0
1990,42,1,1,1,4,1,869,0,40,0
1990,72,1,0,1,4,0,479,0,40,0
1990,60,2,0,1,0,0,0,0,0,0
1990,54,1,3,1,4,0,436,3,0,0
1990,26,1,0,0,0,1,274,3,40,0
1990,31,2,0,0,0,0,785,1,42,0
1990,68,2,2,0,0,0,469,5,0,0
1990,40,1,0,0,0,0,479,0,0,0
1990,31,2,0,0,0,0,243,3,50,0
1990,56,1,3,0,0,0,888,1,30,0
1990,51,2,2,0,0,0,0,0,0,0
1990,27,2,3,0,0,1,313,5,0,0
1990,56,1,0,0,0,1,595,0,0,0
1990,47,2,0,0,0,0,274,3,34,0
1990,69,2,1,0,0,1,0,0,0,0
1990,75,1,0,0,2,0,0,0,0,0
1990,71,2,0,0,4,0,0,0,0,0
1990,32,1,0,0,0,1,567,0,40,0
1990,31,2,0,0,0,0,276,2,40,0
1990,26,1,0,0,0,0,558,0,40,0
1990,25,2,0,0,0,0,155,5,35,0
1990,25,1,3,0,0,1,208,2,60,0
1990,47,1,0,0,0,0,514,3,40,0
1990,44,2,0,0,0,0,185,3,40,0
1990,35,1,2,0,0,0,505,4,40,0
1990,45,1,1,0,0,1,76,5,40,0
1990,50,1,0,0,0,0,36,6,40,0
1990,50,2,0,0,0,1,313,2,40,0
1990,18,1,1,0,0,0,434,5,40,0
1990,47,2,1,0,0,1,877,3,38,0
1990,57,1,0,0,0,0,254,4,40,0
1990,51,2,0,0,0,0,254,4,40,0
1990,67,1,0,0,0,1,14,5,40,0
1990,52,2,0,0,0,0,95,4,0,0
1990,19,2,1,0,0,1,487,0,32,0
1990,32,2,0,0,0,0,263,4,40,0
1990,32,1,0,0,0,0,503,4,52,0
1990,70,1,0,0,0,1,853,0,40,0
1990,67,2,0,0,0,1,337,4,40,0
1990,69,1,2,0,0,0,0,0,0,0
1990,75,2,2,0,0,0,0,0,0,0
1990,74,2,3,0,0,0,0,0,0,0
1990,70,1,0,0,0,0,523,2,0,0
1990,66,2,0,0,0,0,0,0,0,0
1990,73,1,0,0,0,0,0,0,0,0
1990,58,2,0,0,0,0,0,0,0,0
1990,35,1,1,0,0,0,0,0,0,0
1990,33,2,2,0,0,0,387,5,12,0
1990,77,1,0,0,0,0,0,0,0,0
1990,76,2,0,0,0,0,0,0,0,0
1990,43,2,1,0,0,0,0,0,0,0
1990,69,1,0,0,0,1,0,0,0,0
1990,73,2,0,0,0,0,0,0,0,0
1990,35,1,0,0,0,0,558,0,50,0
1990,28,2,0,0,0,0,268,3,0,0
1990,54,2,0,0,0,1,254,4,20,0
1990,63,1,0,0,0,1,0,0,0,0
1990,29,1,0,0,0,0,498,0,50,0
1990,27,2,0,0,0,0,0,0,0,0
1990,31,1,0,0,0,1,163,5,70,0
1990,25,2,0,0,0,1,176,5,70,0
1990,71,2,3,0,0,0,0,0,0,0
1990,53,1,3,1,0,0,268,3,15,0
1990,24,2,1,1,0,0,447,5,40,0
1990,49,2,3,1,0,0,14,5,40,0
1990,71,1,0,0,0,0,0,0,0,0
1990,71,2,0,0,0,1,0,0,0,0
1990,63,1,0,0,0,0,0,0,0,0
1990,60,2,0,0,0,0,0,0,0,0
1990,48,1,0,0,0,1,37,6,40,0
1990,48,2,0,0,0,1,33,2,40,0
1990,65,1,0,0,0,1,0,0,0,0
1990,63,2,0,0,0,1,0,0,0,0
1990,48,2,3,0,0,0,274,3,0,0
1990,41,1,0,0,0,0,516,0,49,0
1990,42,2,0,0,0,0,156,5,40,0
1990,73,2,3,0,0,0,389,6,65,0
1990,51,1,0,0,0,0,473,0,40,0
1990,50,2,0,0,0,0,355,2,45,0
1990,77,1,0,0,0,0,0,0,0,0
1990,75,2,0,0,0,1,0,0,0,0
1990,76,2,3,0,0,0,0,0,0,0
1990,57,1,1,0,0,0,0,0,0,0
1990,32,1,1,1,0,0,0,0,0,0
1990,48,1,2,0,0,0,468,5,0,0
1990,38,2,3,0,0,0,22,2,40,0
1990,66,1,0,0,0,0,22,1,40,0
1990,65,2,0,0,0,0,0,0,0,0
1990,25,1,0,0,0,0,595,0,45,0
1990,23,2,0,0,0,0,435,3,11,0
1990,57,2,2,0,0,0,406,4,40,0
1990,42,2,3,0,0,0,0,0,0,0
1990,18,2,1,0,0,0,335,5,25,0
1990,47,1,0,0,0,0,0,0,0,0
1990,44,2,0,0,0,1,206,5,40,0
1990,75,1,0,0,0,0,477,0,50,0
1990,69,2,0,0,0,0,0,0,0,0
1990,35,2,3,0,0,1,13,3,45,1
1990,49,1,0,0,0,0,567,1,45,0
1990,48,2,0,0,0,0,447,5,37,0
1990,18,1,1,0,0,0,0,0,0,0
1990,69,1,0,0,0,1,0,0,0,0
1990,58,2,0,0,0,0,436,5,30,0
1990,41,1,2,0,0,0,494,1,40,1
1990,29,2,2,0,0,0,0,0,0,0
1990,48,1,0,0,0,0,17,3,40,0
1990,45,2,0,0,0,0,264,3,40,0
1990,19,2,1,0,0,0,435,3,25,0
1990,33,2,3,1,0,0,0,0,0,0
1990,63,1,0,0,0,1,253,4,50,0
1990,57,2,0,0,0,0,0,0,0,0
1990,37,1,1,0,0,0,0,0,0,0
1990,40,1,0,0,0,0,479,0,40,0
1990,34,2,0,0,0,0,479,0,0,0
1990,76,1,2,0,0,0,0,0,0,0
1990,69,1,0,0,0,0,0,0,0,0
1990,66,2,0,0,0,0,0,0,0,0
1990,57,1,0,0,0,0,446,5,0,0
1990,47,2,0,0,0,1,313,5,40,0
1990,22,1,1,0,0,0,567,0,45,0
1990,51,1,1,0,0,1,22,1,45,0
1990,59,2,3,0,0,0,0,0,0,0
1990,39,2,0,0,0,1,473,0,40,1
1990,44,1,0,0,0,1,473,0,46,0
1990,27,2,1,0,0,0,466,5,40,0
1990,63,2,0,1,0,0,17,3,40,0
1990,66,1,0,1,0,0,869,0,40,0
1990,21,2,1,1,0,0,0,0,0,0
1990,44,1,3,0,0,0,869,0,25,0
1990,20,1,1,0,0,1,0,0,0,0
1990,18,2,1,0,0,0,276,3,30,0
1990,69,1,0,0,0,0,547,3,0,0
1990,68,2,0,0,0,0,23,3,0,0
1990,32,1,0,0,0,0,479,0,48,0
1990,29,2,0,0,0,0,379,4,40,0
1990,35,1,2,0,0,0,785,1,99,0
1990,48,2,1,0,0,1,385,1,0,0
1990,31,1,0,0,0,0,534,0,25,0
1990,31,2,0,0,0,0,0,0,0,0
1990,31,2,0,0,0,0,0,0,0,0
1990,35,1,0,0,0,0,0,0,0,0
1990,73,1,0,0,0,0,22,5,40,0
1990,64,2,0,0,0,0,0,0,0,0
1990,73,2,3,0,0,0,0,0,0,0
1990,48,1,0,0,0,0,498,0,40,0
1990,46,2,0,0,0,0,459,5,40,0
1990,54,1,0,0,0,0,218,0,0,0
1990,53,2,0,0,0,0,0,0,0,0
1990,43,1,0,0,0,1,543,0,40,0
1990,50,2,0,0,0,0,185,4,0,0
1990,59,2,1,0,0,1,804,2,38,0
1990,79,1,0,0,0,0,0,0,0,0
1990,74,2,0,0,0,0,207,6,20,0
1990,29,1,0,0,0,0,514,4,45,0
1990,28,2,0,0,0,1,156,5,16,0
1990,31,1,0,3,1,1,199,5,48,0
1990,30,2,0,2,0,1,167,5,40,0
1990,47,2,2,0,0,0,436,5,30,0
1990,75,2,3,0,0,0,0,0,0,0
1990,18,2,1,0,0,0,276,3,0,0
1990,50,1,0,0,0,0,486,4,51,0
1990,42,2,0,0,0,0,243,3,40,0
1990,37,2,2,0,0,1,156,5,40,0
1990,53,2,2,0,0,0,435,3,40,0
1990,18,2,0,0,0,0,438,3,12,0
1990,21,1,0,0,0,0,779,1,40,0
1990,66,1,0,0,0,0,824,2,20,0
1990,65,2,0,0,0,0,0,0,0,0
1990,49,2,0,0,0,0,888,3,60,0
1990,52,1,0,0,0,0,0,0,0,0
1990,69,1,0,0,0,0,0,0,0,0
1990,22,2,0,0,0,0,0,0,0,0
1990,27,1,0,0,0,0,804,3,48,0
1990,23,2,0,0,0,0,313,5,40,0
1990,57,1,0,0,0,1,259,3,40,1
1990,54,2,0,0,0,1,828,4,33,0
1990,54,2,0,0,0,0,0,0,0,0
1990,43,1,0,0,0,1,555,0,40,0
1990,70,1,0,0,0,0,0,0,0,0
1990,70,2,0,0,0,0,0,0,0,0
1990,23,2,1,0,0,0,668,1,40,0
1990,35,2,2,1,0,1,779,5,40,0
1990,43,1,0,0,0,1,22,1,60,0
1990,44,2,0,0,0,1,754,1,40,0
1990,32,1,2,0,0,0,779,1,40,0
1990,40,1,0,0,0,0,268,3,45,0
1990,29,2,0,0,0,0,313,5,40,0
1990,66,1,0,0,0,0,22,2,0,0
1990,59,2,0,0,0,0,447,5,24,0
1990,72,2,3,0,0,0,0,0,0,0
1990,65,2,0,0,0,1,0,0,0,0
1990,73,1,0,0,0,1,0,0,0,0
1990,63,2,2,0,0,1,95,5,32,0
1990,58,1,0,0,0,0,579,0,40,0
1990,53,2,0,0,0,0,0,0,0,0
1990,33,1,0,0,0,0,509,6,40,0
1990,34,2,0,0,0,0,339,3,40,0
1990,61,2,3,0,0,1,889,6,0,0
1990,36,1,0,0,0,1,255,4,60,0
1990,31,2,0,0,0,1,156,5,40,0
1990,39,1,0,0,0,1,307,3,45,0
1990,48,2,0,0,0,1,158,5,40,0
1990,53,1,0,0,0,1,0,0,0,0
1990,49,2,0,0,2,0,0,0,0,0
1990,60,1,0,0,0,1,86,0,44,0
1990,60,2,0,0,0,0,0,0,0,0
1990,44,1,0,0,0,0,558,0,60,1
1990,30,2,0,0,0,0,0,0,0,0
1990,18,1,1,0,0,0,22,0,50,0
1990,43,1,0,0,0,0,804,2,60,0
1990,31,2,0,0,0,0,243,3,40,0
1990,39,2,2,1,0,1,889,6,40,0
1990,40,2,2,1,0,0,808,5,30,0
1990,71,1,3,0,0,0,0,0,0,0
1990,55,2,2,0,2,1,243,3,40,0
1990,54,1,0,0,0,0,0,0,0,0
1990,51,2,0,0,0,0,0,0,0,0
1990,70,1,0,0,0,0,453,3,50,0
1990,65,2,0,0,0,0,0,0,0,0
1990,68,1,0,0,2,1,8,3,36,0
1990,68,2,0,0,0,0,277,3,20,0
1990,55,1,0,0,0,0,0,0,0,0
1990,42,2,0,0,0,1,376,3,50,0
1990,21,2,1,0,0,1,155,5,50,0
1990,18,2,1,0,0,1,155,5,20,0
1990,74,1,0,0,0,1,0,0,0,0
1990,70,2,0,0,0,0,0,0,0,0
1990,76,2,3,0,0,0,0,0,0,0
1990,61,1,0,0,0,1,25,6,0,0
1990,62,2,0,0,0,0,0,0,0,0
1990,43,2,2,0,0,0,337,4,40,0
1990,53,1,2,0,0,0,259,3,45,0
1990,69,1,0,0,0,0,804,0,40,0
1990,67,2,0,0,0,0,0,0,0,0
1990,27,2,1,1,0,0,0,0,0,0
1990,39,2,2,1,0,0,229,3,0,0
1990,71,1,0,1,0,0,0,0,0,0
1990,68,2,0,1,0,0,0,0,0,0
1990,60,1,2,0,0,0,268,3,41,0
1990,24,2,0,0,0,0,25,4,40,0
1990,26,1,0,0,0,0,527,2,50,0
1990,75,1,0,0,0,0,0,0,0,0
1990,70,2,0,0,0,0,0,0,0,0
1990,79,2,3,0,0,0,264,3,40,0
1990,63,1,0,0,0,0,366,2,40,0
1990,63,2,0,0,0,0,744,1,0,0
1990,75,1,0,0,0,1,254,4,0,1
1990,44,1,0,0,0,1,178,5,55,0
1990,44,2,0,0,0,1,21,5,25,0
1990,54,1,0,0,0,0,0,0,0,0
1990,53,2,0,0,0,0,0,0,0,0
1990,20,1,1,0,0,0,436,3,40,0
1990,72,1,1,0,0,0,0,0,0,0
1990,74,1,0,0,0,0,0,0,0,0
1990,64,2,0,0,0,0,0,0,0,0
1990,45,1,2,0,0,1,27,3,55,1
1990,36,2,0,0,2,0,389,2,40,0
1990,54,1,0,0,0,1,217,5,40,0
1990,53,1,3,0,0,0,436,5,40,0
1990,27,2,1,0,0,1,156,5,50,0
1990,22,2,1,1,0,0,744,1,40,0
1990,80,2,3,0,0,1,0,0,0,0
1990,31,2,3,0,0,0,278,1,20,0
1990,45,1,2,0,0,0,785,3,0,0
1990,27,1,1,0,0,0,563,0,40,0
1990,69,1,0,0,0,0,0,0,0,0
1990,68,2,0,0,0,0,0,0,0,0
1990,37,1,2,0,0,0,804,1,40,0
1990,33,2,2,0,0,1,389,4,42,0
1990,49,2,2,0,0,1,785,1,50,0
1990,62,1,0,0,0,1,453,5,0,0
1990,62,2,0,0,0,1,0,0,0,0
1990,45,2,0,0,0,1,207,5,40,0
1990,56,1,0,0,0,0,0,0,0,0
1990,36,1,0,0,0,0,505,3,48,0
1990,35,2,0,0,0,0,313,3,40,0
1990,74,1,0,0,0,0,0,0,0,0
1990,74,2,0,0,0,0,0,0,0,0
1990,41,1,0,0,0,0,17,3,80,0
1990,38,2,0,0,0,0,17,3,20,0
1990,67,1,0,0,0,0,0,0,0,0
1990,64,2,0,0,0,0,0,0,0,0
1990,53,1,0,0,0,1,167,6,40,0
1990,52,2,0,0,0,0,0,0,0,0
1990,18,1,1,0,0,0,599,0,40,0
1990,74,2,3,0,0,0,0,0,0,0
1990,59,1,0,0,0,0,0,0,0,0
1990,73,2,0,0,0,0,0,0,0,0
1990,79,2,3,0,0,0,0,0,0,0
1990,40,1,3,0,0,1,809,2,35,0
1990,63,1,0,0,0,0,804,2,0,0
1990,64,2,0,0,0,0,313,4,0,0
1990,72,1,0,0,0,1,0,0,0,0
1990,70,2,0,0,0,0,0,0,0,0
1990,70,1,0,0,0,1,0,0,0,0
1990,67,2,0,0,0,0,0,0,0,0
1990,67,1,0,0,0,1,0,0,0,0
1990,67,2,0,0,0,1,0,0,0,0
1990,62,2,3,0,0,1,0,0,0,0
1990,64,1,0,0,0,0,435,3,64,0
1990,62,2,0,0,0,1,95,5,32,0
1990,66,1,0,0,0,0,0,0,0,0
1990,63,2,0,0,0,0,274,3,21,0
1990,79,1,0,0,0,0,0,0,0,0
1990,68,2,0,0,0,1,0,0,0,0
1990,70,1,0,0,0,0,686,3,0,0
1990,60,2,0,0,0,0,276,3,24,0
1990,23,2,1,0,0,0,276,3,60,0
1990,49,1,0,0,0,1,253,4,65,1
1990,48,2,0,0,0,0,313,4,0,0
1990,27,1,0,0,0,1,538,3,40,0
1990,25,2,0,0,0,0,243,3,40,0
1990,64,2,2,0,0,0,447,5,15,0
1990,80,2,3,0,0,0,0,0,0,0
1990,25,1,0,0,0,0,754,1,45,0
1990,33,2,0,0,0,0,276,3,0,0
1990,34,2,2,0,0,1,15,5,48,0
1990,33,1,0,0,0,1,243,3,50,1
1990,32,2,0,0,0,1,207,5,40,0
1990,76,2,3,0,0,0,0,0,0,0
1990,27,1,1,0,0,0,829,2,86,0
1990,77,2,3,0,0,1,0,0,0,0
1990,80,2,0,0,0,0,0,0,0,0
1990,78,1,0,0,0,1,66,4,40,0
1990,80,2,0,0,0,0,0,0,0,0
1990,48,1,2,0,0,1,263,3,40,0
1990,52,2,2,0,0,0,276,5,20,0
1990,73,2,3,0,0,0,0,0,0,0
1990,41,2,1,0,0,0,0,0,0,0
1990,78,2,3,0,0,0,0,0,0,0
1990,28,1,0,0,2,0,259,3,45,0
1990,25,2,0,0,0,1,259,3,40,0
1990,59,1,0,0,0,0,734,4,40,0
1990,59,2,0,0,0,0,337,1,0,0
1990,75,2,0,0,0,0,0,0,0,0
1990,68,1,0,0,0,0,877,3,30,0
1990,36,1,2,0,0,0,885,3,40,0
1990,31,2,2,0,0,1,436,3,40,0
1990,41,1,0,0,0,0,514,3,11,0
1990,35,2,0,0,0,0,308,2,25,0
1990,44,1,0,0,0,1,243,3,60,0
1990,40,2,0,0,0,1,243,4,50,0
1990,21,2,1,0,0,1,276,3,33,0
1990,22,1,1,0,0,0,734,3,40,0
1990,70,2,2,0,0,0,0,0,0,0
1990,71,1,0,0,0,0,0,0,0,0
1990,66,2,0,0,0,0,0,0,0,0
1990,28,2,0,0,0,0,337,5,30,0
1990,30,1,0,0,0,0,7,5,30,1
1990,24,1,1,0,0,1,218,5,42,0
1990,23,2,2,0,0,1,383,4,40,0
1990,66,1,0,0,0,0,0,0,0,0
1990,66,2,0,0,0,0,0,0,0,0
1990,56,2,3,0,0,1,159,5,40,0
1990,31,2,2,0,0,0,255,4,35,0
1990,56,1,0,0,0,0,808,2,35,0
1990,54,2,0,0,0,0,243,3,40,0
1990,56,1,0,0,0,0,806,3,16,0
1990,54,2,0,0,0,0,274,3,0,0
1990,57,1,0,0,0,0,337,2,50,0
1990,55,2,0,0,0,0,338,2,20,0
1990,73,1,0,0,0,0,0,0,0,0
1990,78,2,0,0,2,0,0,0,0,0
1990,76,2,3,0,0,0,0,0,0,0
1990,74,1,0,0,0,1,0,0,0,0
1990,73,2,0,0,0,1,0,0,0,0
1990,65,1,0,0,0,0,557,0,0,0
1990,55,2,0,0,0,0,159,5,0,0
1990,72,1,0,0,0,0,0,0,0,0
1990,72,2,0,0,0,0,0,0,0,0
1990,50,1,1,0,0,0,29,3,40,0
1990,48,1,1,0,0,1,243,3,48,0
1990,25,2,1,0,0,1,276,3,0,0
1990,67,1,0,0,0,0,0,0,0,0
1990,69,2,0,0,0,0,0,0,0,0
1990,72,1,0,0,0,0,0,0,0,0
1990,74,2,0,0,0,0,0,0,0,0
1990,73,1,0,0,0,1,0,0,0,1
1990,63,2,0,0,0,1,8,2,0,0
1990,74,2,3,0,0,0,0,0,0,0
1990,56,1,0,0,0,1,18,4,60,0
1990,55,2,0,0,0,1,254,4,0,0
1990,74,2,3,0,0,0,435,3,0,0
1990,76,2,3,0,0,0,0,0,0,0
1990,79,2,0,0,0,0,0,0,0,0
1990,64,2,3,0,0,0,0,0,0,0
1990,36,1,0,0,0,0,637,1,40,0
1990,31,2,0,0,0,0,808,5,0,0
1990,80,2,3,0,0,1,0,0,0,0
1990,30,1,0,0,0,0,783,2,30,0
1990,27,2,0,0,0,0,278,1,40,0
1990,67,2,2,0,2,1,274,3,99,0
1990,63,1,0,0,0,0,777,1,0,0
1990,60,2,0,0,0,0,436,5,0,0
1990,27,1,0,0,0,1,243,3,60,0
1990,25,2,0,0,0,1,95,5,48,0
1990,75,2,1,0,0,0,0,0,0,0
1990,26,1,3,0,0,0,696,4,70,0
1990,30,2,2,0,0,1,435,3,30,0
1990,73,1,0,0,0,0,0,0,0,0
1990,72,2,0,0,0,0,0,0,0,0
1990,66,2,3,0,0,0,0,0,0,0
1990,42,1,3,0,0,1,804,2,50,0
1990,33,1,1,0,0,0,188,5,0,0
1990,69,1,0,0,0,0,486,4,0,0
1990,65,2,0,0,0,0,0,0,0,0
1990,58,2,2,0,0,0,276,3,0,0
1990,58,1,0,0,0,0,889,0,44,0
1990,51,2,0,0,0,0,155,5,40,0
1990,75,1,0,0,0,0,0,0,0,0
1990,70,2,0,0,0,0,0,0,0,0
1990,39,1,0,0,0,1,157,5,40,0
1990,38,2,0,0,0,1,156,5,25,0
1990,72,1,0,0,0,0,887,4,10,0
1990,75,2,0,0,0,0,467,5,15,0
1990,68,2,3,0,0,1,385,6,7,0
1990,59,1,2,0,0,1,228,5,0,0
1990,18,1,1,0,0,0,17,3,0,0
1990,38,2,0,0,0,0,16,2,40,0
1990,46,1,0,0,0,0,859,1,0,0
1990,39,1,0,0,0,1,558,0,45,0
1990,38,2,0,0,0,0,22,1,40,0
1990,69,1,0,0,0,1,0,0,0,0
1990,67,2,0,0,0,0,313,4,0,0
1990,36,1,0,0,0,1,97,5,20,0
1990,34,2,0,0,0,1,84,5,60,0
1990,19,2,1,0,0,1,379,4,40,0
1990,24,1,0,0,0,0,496,1,50,0
1990,24,2,0,0,0,0,435,3,30,0
1990,43,2,2,0,0,0,276,3,22,0
1990,19,1,1,0,0,0,595,0,35,0
1990,21,1,0,0,0,0,486,0,0,0
1990,18,2,0,0,0,0,435,5,20,0
1990,24,1,0,0,0,0,849,1,40,0
1990,22,2,0,0,0,0,313,5,40,0
1990,22,1,1,2,1,1,154,5,0,0
1990,34,1,0,0,0,0,243,3,40,0
1990,34,2,0,0,0,1,243,3,40,0
1990,75,2,3,0,0,0,0,0,0,0
1990,43,1,0,0,0,1,85,5,37,1
1990,41,2,0,0,0,1,159,5,18,0
1990,69,1,0,0,0,0,486,0,0,0
1990,64,2,0,0,0,1,0,0,0,0
1990,20,1,1,0,0,1,0,0,0,0
1990,25,2,1,0,0,1,156,5,40,0
1990,47,1,0,0,0,0,533,4,40,0
1990,37,2,0,0,0,0,337,4,40,0
1990,75,2,0,0,0,1,337,3,40,0
1990,39,2,0,0,0,0,278,1,25,0
1990,42,1,0,0,0,1,363,1,50,0
1990,21,2,1,0,0,1,378,3,50,0
1990,63,1,0,0,0,0,274,3,0,0
1990,56,2,0,0,0,0,796,1,40,0
1990,78,2,3,0,0,0,0,0,0,0
1990,80,1,0,0,0,0,0,0,0,0
1990,75,2,0,0,0,0,276,3,15,0
1990,64,1,3,0,0,1,0,0,0,0
1990,74,1,0,0,0,0,0,0,0,0
1990,69,2,0,3,0,0,0,0,0,0
1990,46,2,0,0,0,0,348,4,40,0
1990,48,1,0,0,0,1,0,0,0,0
1990,54,1,2,0,0,1,637,1,40,0
1990,34,1,0,0,0,1,13,1,50,0
1990,30,2,0,0,0,1,21,5,50,0
1990,35,1,0,0,0,1,259,3,40,0
1990,37,2,0,0,0,1,208,5,40,0
1990,72,2,3,0,0,1,0,0,0,0
1990,41,2,2,0,0,1,198,2,40,1
1990,70,1,0,0,0,0,0,0,0,0
1990,69,2,0,0,0,0,0,0,0,0
1990,75,2,3,0,0,0,0,0,0,0
1990,44,1,0,1,0,1,734,1,40,0
1990,43,2,0,1,0,1,313,5,40,0
1990,73,2,3,0,0,0,0,0,0,0
1990,69,2,3,0,0,1,804,4,20,0
1990,19,2,1,0,0,0,313,6,65,0
1990,44,2,2,0,0,1,435,3,0,0
1990,33,1,0,0,0,1,22,5,45,1
1990,29,2,0,0,0,1,15,5,45,0
1990,37,1,0,1,0,1,36,5,40,0
1990,36,2,0,1,0,1,157,5,40,0
1990,34,1,0,1,0,0,808,2,40,0
1990,30,2,0,1,0,0,335,4,40,0
1990,32,1,2,0,0,0,869,4,60,0
1990,68,1,0,0,0,0,275,4,0,0
1990,67,2,0,0,0,1,337,4,0,0
1990,73,2,3,0,0,1,0,0,0,0
1990,42,1,0,1,0,1,364,5,40,0
1990,42,2,0,1,0,1,774,5,40,0
1990,67,1,0,0,0,0,803,6,0,0
1990,65,2,0,0,0,1,414,6,0,0
1990,27,1,0,0,0,1,804,2,47,0
1990,28,2,0,0,0,1,206,5,44,0
1990,74,1,0,1,0,0,0,0,0,0
1990,59,2,0,1,0,0,235,2,40,0
1990,69,1,0,0,0,1,0,0,0,0
1990,71,2,0,0,0,0,0,0,0,0
1990,71,1,0,0,0,1,217,5,0,0
1990,61,2,0,0,0,0,313,5,40,0
1990,56,2,2,1,0,0,407,4,30,0
1990,24,1,2,1,0,0,457,4,35,0
1990,21,2,1,1,0,0,438,3,0,0
1990,25,1,1,1,0,0,444,4,30,0
1990,28,2,1,1,0,1,385,1,40,0
1990,37,2,3,1,0,0,458,4,24,0
1990,37,1,3,1,1,0,567,0,0,0
1990,76,1,0,1,0,0,0,0,0,0
1990,69,2,0,1,0,0,0,0,0,0
1990,52,1,2,0,0,1,379,3,45,0
1990,72,2,1,0,0,0,0,0,0,0
1990,19,2,1,1,0,0,449,5,40,0
1990,62,2,3,0,0,0,0,0,0,0
1990,27,1,1,1,0,0,889,3,30,0
1990,70,1,1,0,0,0,0,0,0,0
1990,79,1,0,0,0,1,0,0,0,1
1990,71,2,0,0,0,0,0,0,0,0
1990,48,1,1,0,0,0,486,0,20,0
1990,63,1,1,0,0,0,218,6,40,0
1990,46,1,1,0,0,0,22,3,37,0
1990,47,2,3,0,0,0,21,5,45,0
1990,31,1,0,1,0,0,275,5,16,0
1990,30,2,0,1,0,0,174,6,40,0
1990,75,1,0,0,2,0,549,4,0,0
1990,76,2,0,0,2,0,0,0,0,0
1990,36,2,0,0,0,1,343,4,50,0
1990,41,1,0,0,0,0,804,6,40,0
1990,28,1,1,0,0,0,547,0,40,0
1990,30,2,2,0,0,1,694,2,48,0
1990,54,2,0,0,0,0,683,1,40,0
1990,58,1,0,0,0,0,869,0,40,0
1990,31,2,1,0,0,0,759,1,40,0
1990,62,2,2,0,0,1,164,5,40,0
1990,58,2,3,0,0,0,466,5,19,0
1990,50,2,1,0,0,0,0,0,0,0
1990,41,1,0,0,0,1,264,3,50,0
1990,36,2,0,0,0,1,339,5,40,0
1990,63,2,2,0,0,1,95,5,53,0
1990,77,1,0,0,0,0,0,0,0,0
1990,73,2,0,0,0,1,0,0,0,0
1990,26,1,0,0,0,1,243,3,40,0
1990,25,2,0,0,0,1,339,3,40,0
1990,65,1,0,0,0,1,17,3,50,0
1990,73,2,0,0,0,1,379,3,35,0
1990,67,1,0,0,0,0,453,2,40,0
1990,57,2,0,0,0,0,303,3,40,0
1990,77,1,0,0,0,0,0,0,0,0
1990,21,2,0,0,0,1,253,4,40,0
1990,37,1,0,0,0,0,534,3,40,0
1990,50,1,2,0,0,0,486,0,8,0
1990,23,2,1,0,0,0,379,5,40,0
1990,30,1,0,0,0,1,213,1,37,0
1990,28,2,0,0,0,1,379,4,40,0
1990,39,1,0,0,0,1,579,0,40,0
1990,38,2,0,0,0,1,188,1,40,0
1990,26,1,2,0,0,1,17,3,40,0
1990,43,1,1,0,0,1,436,4,40,0
1990,64,2,2,0,0,0,0,0,0,0
1990,34,1,0,0,0,1,446,5,55,0
1990,30,2,0,0,0,1,216,5,0,0
1990,65,1,2,0,0,1,235,3,16,0
1990,22,1,1,0,0,0,318,2,40,0
1990,61,2,2,0,0,0,0,0,0,0
1990,36,1,0,0,0,0,363,3,48,0
1990,32,2,0,0,0,1,308,1,40,0
1990,25,1,0,0,0,1,243,3,40,0
1990,21,2,0,0,0,1,379,4,40,0
1990,57,1,0,0,2,0,453,5,40,0
1990,40,2,0,0,2,0,313,4,40,0
1990,30,1,0,0,0,1,23,1,40,0
1990,32,2,0,0,0,1,22,5,15,0
1990,35,1,3,0,0,0,759,4,32,0
1990,62,1,2,0,0,0,469,5,40,1
1990,47,2,2,0,0,1,315,5,30,0
1990,30,1,0,0,0,1,573,0,50,0
1990,18,2,0,0,0,1,383,4,40,0
1990,29,2,0,0,2,1,7,4,40,0
1990,35,1,0,0,0,1,156,5,20,0
1990,74,2,3,0,0,1,0,0,0,0
1990,50,2,2,3,3,1,447,5,40,0
1990,20,1,1,3,0,1,877,3,50,0
1990,38,1,0,0,0,1,254,4,45,1
1990,43,2,0,0,0,1,235,4,0,0
1990,26,2,1,0,0,1,318,2,40,0
1990,41,1,0,0,0,0,27,3,40,0
1990,37,2,0,0,0,0,889,1,40,0
1990,47,1,0,0,0,1,22,5,50,1
1990,38,2,0,0,0,1,36,2,0,0
1990,60,2,3,0,0,0,313,4,40,0
1990,70,1,0,0,0,0,0,0,0,0
1990,69,2,0,0,2,0,0,0,0,0
1990,47,2,2,0,0,1,22,4,40,0
1990,22,1,1,0,0,1,779,1,35,0
1990,19,1,1,0,0,0,276,5,35,0
1990,38,1,0,0,0,1,243,3,50,0
1990,38,2,0,0,0,1,23,3,40,0
1990,38,1,0,0,0,1,178,5,45,0
1990,34,2,0,0,0,1,156,5,0,0
1990,29,1,0,0,0,1,549,1,70,0
1990,32,2,0,0,2,0,315,3,40,0
1990,77,2,3,0,0,0,0,0,0,0
1990,75,1,0,0,0,0,0,0,0,0
1990,76,2,0,0,0,0,0,0,0,0
1990,40,1,0,0,0,0,567,0,40,0
1990,37,2,0,0,0,0,444,4,0,0
1990,18,1,1,0,0,0,436,3,0,0
1990,73,2,0,0,0,0,0,0,0,0
1990,60,1,0,0,0,1,274,3,12,0
1990,55,2,0,0,0,1,313,5,40,0
1990,26,1,3,0,0,0,567,1,42,0
1990,63,1,2,0,0,0,709,1,40,0
1990,48,1,2,0,0,0,507,3,45,0
1990,61,2,2,0,0,1,365,5,40,0
1990,35,1,1,0,0,1,23,5,40,0
1990,75,1,0,0,0,1,469,5,25,0
1990,50,2,0,0,0,0,469,5,40,0
1990,72,2,1,0,0,1,0,0,0,1
1990,77,1,0,0,1,1,0,0,0,0
1990,67,2,0,0,1,0,785,1,0,0
1990,45,2,2,0,0,1,95,4,50,0
1990,59,2,0,0,0,0,0,0,0,0
1990,71,1,0,0,0,1,259,3,40,0
1990,79,2,3,0,0,0,0,0,0,0
1990,69,1,0,0,0,0,5,6,4,0
1990,57,2,0,0,0,0,5,6,0,0
1990,74,1,0,0,0,1,0,0,0,0
1990,74,2,0,0,0,1,0,0,0,0
1990,68,2,0,0,0,1,0,0,0,0
1990,74,1,0,0,0,0,0,0,0,0
1990,40,1,0,0,0,1,259,1,60,0
1990,45,2,0,0,0,0,0,0,0,0
1990,39,2,3,0,0,0,234,5,35,0
1990,75,1,0,0,0,1,83,5,0,1
1990,71,2,0,0,0,1,203,5,0,0
1990,75,1,3,0,0,1,0,0,0,1
1990,68,2,0,0,0,0,0,0,0,0
1990,32,1,1,0,0,1,22,2,40,0
1990,54,1,0,0,0,1,254,4,0,0
1990,50,2,0,0,0,1,0,0,0,0
1990,25,1,1,0,0,1,254,4,50,0
1990,40,1,2,0,0,0,277,1,40,0
1990,60,1,3,0,0,0,444,3,40,0
1990,44,1,0,0,0,1,178,5,40,1
1990,34,2,0,0,0,1,314,4,40,0
1990,64,1,0,0,0,1,178,5,40,1
1990,63,2,0,0,0,0,375,4,40,0
1990,21,1,0,0,0,0,579,0,40,0
1990,20,2,0,0,0,0,259,1,40,0
1990,76,1,0,0,0,1,0,0,0,0
1990,75,2,0,0,0,1,0,0,0,0
1990,64,1,0,0,0,1,19,4,40,1
1990,59,2,0,0,0,1,313,4,20,0
1990,52,1,3,0,0,1,453,3,45,0
1990,69,1,0,0,0,1,0,0,0,1
1990,66,2,0,0,0,1,0,0,0,0
1990,44,1,2,0,0,1,459,5,80,0
1990,62,2,3,0,0,0,447,5,48,0
1990,36,2,3,0,0,0,95,5,60,0
1990,55,2,2,0,0,1,319,3,0,0
1990,58,1,0,0,0,1,22,1,65,0
1990,63,2,0,0,0,1,0,0,0,0
1990,79,2,3,0,0,0,0,0,0,0
1990,29,1,1,0,0,1,22,2,50,0
1990,73,1,2,0,0,0,0,0,0,0
1990,33,1,0,0,0,0,567,0,40,0
1990,49,2,0,0,0,1,37,4,40,0
1990,21,1,1,0,0,0,276,3,30,0
1990,69,2,1,0,0,0,0,0,0,1
1990,74,1,3,0,0,0,0,0,0,0
1990,59,2,3,0,0,1,313,5,38,0
1990,72,1,0,0,0,0,0,0,0,0
1990,79,2,0,0,0,1,0,0,0,0
1990,77,1,0,0,0,1,0,0,0,1
1990,78,2,0,0,0,1,0,0,0,0
1990,57,1,2,0,0,1,0,0,0,0
1990,23,1,1,0,0,0,464,4,40,0
1990,44,1,0,0,0,1,174,6,40,0
1990,39,2,0,0,0,1,435,4,15,0
1990,21,2,1,0,0,1,777,4,50,0
1990,26,1,0,0,0,0,486,4,40,0
1990,30,2,0,0,0,0,439,3,32,0
1990,77,2,3,0,0,1,0,0,0,1
1990,42,1,2,0,0,0,834,0,32,0
1990,45,2,2,0,0,0,276,3,0,0
1990,44,2,2,0,0,1,785,3,65,0
1990,44,2,1,0,0,1,188,5,65,0
1990,43,1,3,1,0,1,869,0,40,0
1990,67,1,0,0,0,1,486,0,5,0
1990,66,2,0,0,0,1,0,0,0,0
1990,63,1,0,0,0,0,453,3,0,0
1990,53,2,0,0,0,0,22,5,0,0
1990,43,1,2,0,0,1,5,6,40,0
1990,37,2,2,0,0,0,385,2,40,0
1990,37,2,2,0,0,1,313,1,40,0
1990,31,2,2,0,0,1,276,3,40,0
1990,31,1,2,0,0,1,436,3,40,0
1990,26,2,1,0,0,1,276,3,40,0
1990,33,2,3,0,0,0,337,3,40,0
1990,36,1,0,0,0,0,783,1,40,0
1990,36,2,0,0,0,0,319,3,40,0
1990,67,1,0,0,0,1,0,0,0,0
1990,64,2,0,0,0,0,0,0,0,0
1990,31,2,1,0,0,1,785,1,40,0
1990,51,2,3,0,0,1,37,5,40,0
1990,74,2,3,0,0,0,0,0,0,0
1990,50,2,2,0,0,0,338,1,65,0
1990,26,1,1,0,0,1,159,4,15,0
1990,40,1,0,0,1,1,22,3,40,0
1990,40,2,0,0,1,1,318,2,40,0
1990,45,2,2,0,0,1,167,5,10,0
1990,74,2,1,0,0,0,0,0,0,0
1990,52,1,0,0,0,0,243,4,40,1
1990,50,2,0,0,0,0,337,4,13,0
1990,28,2,2,0,0,1,18,4,40,0
1990,38,1,2,0,0,1,0,0,0,0
1990,26,1,1,0,0,1,213,1,50,0
1990,56,2,3,0,0,1,163,5,40,0
1990,22,1,1,0,0,1,274,3,0,0
1990,78,2,3,0,0,0,0,0,0,0
1990,23,1,0,0,0,0,229,4,45,0
1990,28,2,0,0,0,1,65,4,40,0
1990,29,1,1,0,0,1,17,3,50,0
1990,22,1,1,0,0,0,243,3,45,0
1990,18,1,1,0,0,0,436,3,40,0
1990,55,1,2,0,0,0,436,3,30,0
1990,69,1,0,0,0,0,0,0,0,0
1990,65,2,0,0,0,0,0,0,0,0
1990,48,1,0,0,0,1,22,1,40,1
1990,45,2,0,0,0,1,95,5,40,0
1990,21,1,1,0,0,0,486,0,45,0
1990,49,2,2,0,0,0,744,1,40,0
1990,31,1,0,0,0,0,243,3,45,0
1990,25,2,0,0,0,1,95,5,20,0
1990,30,2,2,0,0,1,95,5,40,0
1990,27,1,0,0,0,0,783,1,40,0
1990,24,2,0,0,0,1,257,1,40,0
1990,30,1,0,0,0,0,22,4,40,0
1990,25,2,0,0,0,0,365,3,0,0
1990,45,1,0,0,0,0,599,3,40,0
1990,42,2,0,0,0,0,208,3,40,0
1990,60,1,2,0,0,0,804,1,40,0
1990,40,1,1,1,0,1,479,0,40,0
1990,28,1,2,0,0,0,243,3,40,0
1990,22,2,2,0,0,0,243,3,40,0
1990,33,2,2,0,0,0,243,3,40,0
1990,42,2,3,0,0,0,319,1,20,0
1990,23,2,3,0,0,0,785,1,40,0
1990,28,1,0,0,0,1,176,5,55,0
1990,26,2,0,0,0,1,385,1,40,0
1990,24,2,1,0,0,0,438,3,25,0
1990,30,1,2,0,0,0,523,2,50,0
1990,58,1,0,0,0,0,0,0,0,0
1990,62,2,0,0,0,0,276,3,40,0
1990,39,2,2,0,0,0,303,5,37,0
1990,36,1,1,0,0,0,22,1,40,0
1990,65,2,3,0,0,1,27,5,20,0
1990,63,2,2,0,0,0,56,1,40,0
1990,34,1,3,0,0,0,453,4,8,0
1990,28,1,0,0,0,1,575,2,40,0
1990,31,2,0,0,0,0,22,2,36,0
1990,71,1,0,0,0,0,426,4,0,0
1990,67,2,0,0,0,0,0,0,0,0
1990,38,1,0,0,0,1,19,4,50,0
1990,32,2,0,0,0,1,276,3,10,0
1990,19,1,1,0,0,0,426,6,10,0
1990,34,2,3,1,0,0,405,4,37,0
1990,35,1,0,0,0,1,156,5,37,0
1990,29,2,0,0,0,1,156,5,35,0
1990,24,1,0,0,0,0,779,3,45,0
1990,23,2,0,0,0,0,453,4,17,0
1990,41,1,0,0,0,1,156,5,40,0
1990,37,2,0,0,0,1,156,5,40,0
1990,67,2,0,0,0,0,0,0,0,0
1990,73,1,0,0,0,0,0,0,0,0
1990,78,2,3,0,0,1,156,5,0,0
1990,47,2,0,0,0,0,689,1,56,0
1990,49,1,0,0,0,0,599,0,48,0
1990,71,1,0,0,0,1,567,0,30,0
1990,64,2,0,0,0,0,0,0,0,0
1990,42,1,0,0,0,0,529,2,45,0
1990,38,2,0,0,0,1,276,3,20,0
1990,34,1,0,0,0,0,759,1,54,0
1990,34,2,0,0,0,1,234,4,40,0
1990,42,1,0,0,1,1,203,5,40,0
1990,36,2,0,0,1,1,313,3,40,0
1990,19,2,1,0,0,1,438,3,30,0
1990,48,1,0,0,0,1,22,1,40,1
1990,47,2,0,0,0,1,338,4,8,0
1990,21,2,1,0,0,1,435,3,30,0
1990,55,2,3,0,2,0,0,0,0,0
1990,27,1,1,0,0,0,889,4,0,0
1990,77,1,0,0,2,1,0,0,0,0
1990,70,2,0,0,2,0,0,0,0,0
1990,41,2,0,0,2,0,467,5,12,0
1990,32,1,0,0,0,1,257,4,40,0
1990,35,2,0,0,0,1,203,5,50,0
1990,56,1,0,0,0,1,5,6,54,1
1990,70,2,3,0,0,0,0,0,0,0
1990,61,2,2,0,0,1,97,5,40,0
1990,20,2,0,0,0,0,438,3,40,0
1990,24,1,0,0,0,1,64,4,40,0
1990,66,2,3,0,0,1,0,0,0,0
1990,69,1,0,0,0,1,0,0,0,0
1990,63,2,0,0,0,1,156,5,40,0
1990,63,2,3,0,0,0,0,0,0,0
1990,38,1,2,0,0,0,436,3,40,0
1990,28,2,2,0,0,1,774,4,30,0
1990,43,1,0,0,0,1,558,0,40,0
1990,42,2,0,0,2,0,436,4,40,0
1990,20,1,1,0,2,1,469,5,35,0
1990,18,2,1,0,0,0,887,4,25,0
1990,77,2,3,0,0,0,243,3,25,0
1990,33,1,0,0,0,1,389,1,50,1
1990,30,2,0,0,0,1,0,0,0,0
1990,32,1,0,0,0,0,505,4,60,0
1990,32,2,0,0,0,0,276,3,30,0
1990,73,2,3,0,0,0,0,0,0,0
1990,44,2,2,0,0,1,259,1,40,1
1990,59,1,2,0,0,0,869,0,40,0
1990,37,1,0,0,0,1,22,5,60,1
1990,36,2,0,0,0,1,95,5,12,0
1990,66,1,0,0,0,0,21,5,40,0
1990,66,2,0,0,0,0,0,0,0,0
1990,73,1,0,0,0,1,0,0,0,0
1990,63,2,0,0,0,1,0,0,0,0
1990,74,2,3,0,0,1,95,5,0,0
1990,39,1,0,0,0,1,376,4,60,1
1990,43,2,0,0,0,1,156,5,40,0
1990,44,2,2,0,0,0,378,4,0,0
1990,20,1,0,0,0,1,806,3,70,0
1990,26,2,0,0,0,0,379,3,0,0
1990,78,2,3,0,0,1,0,0,0,0
1990,63,1,1,0,0,0,628,1,0,0
1990,67,2,3,0,2,0,0,0,0,0
1990,68,1,0,0,2,1,0,0,0,0
1990,67,2,0,0,2,0,0,0,0,0
1990,39,2,2,0,0,1,355,2,32,0
1990,72,2,0,0,0,0,0,0,0,0
1990,63,1,0,0,0,1,797,1,40,0
1990,59,2,0,0,0,1,0,0,0,0
1990,73,2,3,0,0,1,0,0,0,0
1990,44,1,3,0,0,1,523,2,50,0
1990,48,1,0,0,0,0,585,0,40,0
1990,48,2,0,0,0,0,785,3,40,0
1990,78,2,3,0,0,0,0,0,0,0
1990,31,1,0,0,0,0,505,4,40,0
1990,32,2,0,0,0,1,95,5,40,0
1990,46,1,2,0,0,1,243,3,40,0
1990,75,1,0,0,0,0,0,0,0,0
1990,74,2,0,0,0,0,0,0,0,0
1990,39,1,0,1,0,1,376,5,40,0
1990,35,2,0,1,0,1,5,6,40,0
1990,77,2,0,0,0,0,0,0,0,0
1990,35,2,1,0,0,1,243,4,50,0
1990,43,1,0,0,0,1,25,4,60,1
1990,43,2,0,0,0,1,0,0,0,0
1990,38,1,0,0,0,1,229,5,45,0
1990,37,2,0,0,0,1,5,6,45,0
1990,31,2,0,0,0,1,463,2,20,0
1990,28,1,0,0,0,1,185,4,80,1
1990,78,1,0,0,0,0,0,0,0,0
1990,39,1,0,0,0,1,354,2,40,0
1990,38,2,0,0,0,0,313,5,0,0
1990,39,1,0,0,0,1,13,4,40,0
1990,39,2,0,0,0,1,156,5,30,0
1990,32,1,1,0,0,0,364,1,40,0
1990,58,2,3,0,0,0,337,6,40,0
1990,51,2,2,0,0,0,414,6,40,0
1990,42,1,1,0,0,1,418,6,40,0
1990,21,2,1,0,0,1,447,5,40,0
1990,52,2,0,0,0,0,466,5,42,0
1990,49,1,0,0,0,1,243,3,40,0
1990,20,2,1,0,0,0,435,3,40,0
1990,19,2,1,0,0,0,435,3,40,0
1990,18,2,1,0,0,0,435,3,30,0
1990,74,1,0,0,0,0,0,0,0,0
1990,65,2,0,0,0,0,0,0,0,0
1990,51,1,0,0,0,1,84,5,60,1
1990,49,2,0,0,0,1,313,5,6,0
1990,23,1,1,0,0,1,435,3,0,0
1990,72,1,0,0,0,1,0,0,0,0
1990,58,2,0,0,0,1,0,0,0,0
1990,56,1,0,1,0,0,486,4,40,0
1990,57,2,0,1,0,0,443,5,20,0
1990,33,2,2,0,0,0,804,2,40,0
1990,77,2,0,0,0,0,0,0,0,0
1990,66,2,2,1,0,1,436,3,27,0
1990,47,1,0,1,0,0,869,0,40,0
1990,43,2,0,1,0,0,449,4,40,0
1990,37,2,2,0,0,0,466,5,60,0
1990,31,1,0,0,0,1,156,5,40,0
1990,31,2,0,0,0,1,156,5,40,0
1990,26,1,0,0,0,0,657,1,40,0
1990,20,2,0,0,0,0,376,1,40,0
1990,51,1,2,0,0,1,22,4,40,0
1990,25,1,1,0,0,1,447,5,40,0
1990,79,1,3,0,0,1,444,5,0,0
1990,72,2,3,0,0,0,0,0,0,0
1990,59,1,0,0,0,0,65,1,50,1
1990,57,2,0,0,0,0,0,0,0,0
1990,52,2,0,0,0,0,447,5,40,0
1990,54,1,0,0,0,1,278,1,40,0
1990,62,1,0,0,0,0,417,6,50,0
1990,52,2,0,0,0,1,95,5,24,0
1990,63,1,0,0,0,0,667,3,40,0
1990,58,2,0,0,0,0,274,3,0,0
1990,72,1,0,0,0,1,734,1,40,0
1990,74,2,0,0,0,0,0,0,0,0
1990,31,2,1,0,0,1,313,3,40,0
1990,52,1,0,0,0,0,748,4,66,0
1990,48,2,0,0,0,1,275,4,40,0
1990,21,1,1,0,0,1,444,5,16,0
1990,19,2,1,0,0,1,274,3,16,0
1990,74,2,2,0,0,0,0,0,0,0
1990,45,2,1,0,0,0,785,1,40,0
1990,31,1,0,0,0,0,507,4,40,0
1990,30,2,0,0,0,1,336,5,32,0
1990,69,1,0,0,0,1,36,6,0,0
1990,72,2,0,0,0,0,0,0,0,0
1990,33,1,0,0,0,1,213,1,40,0
1990,34,2,0,0,0,1,378,4,40,0
1990,47,1,3,1,0,1,355,2,40,0
1990,49,1,0,1,0,0,844,6,40,0
1990,47,2,0,1,0,0,0,0,0,0
1990,34,1,0,0,0,1,657,3,90,0
1990,32,2,0,0,0,0,779,1,80,0
1990,42,1,0,0,0,0,515,6,40,0
1990,38,2,0,0,0,0,22,5,40,0
1990,61,2,3,0,0,1,0,0,0,0
1990,55,1,0,0,0,1,22,3,40,0
1990,52,2,0,0,0,0,444,3,25,0
1990,46,2,2,0,0,0,436,3,40,0
1990,22,2,1,0,0,0,688,3,40,0
1990,39,1,2,2,1,0,243,3,45,0
1990,26,1,1,0,0,1,558,0,40,0
1990,50,1,0,0,0,1,354,2,40,0
1990,37,2,0,0,0,0,385,4,40,0
1990,70,2,2,0,0,0,385,4,40,0
1990,47,1,0,0,0,0,355,2,40,0
1990,45,2,0,0,0,0,22,4,23,0
1990,21,1,1,0,0,0,453,3,20,0
1990,71,2,3,1,0,0,0,0,0,0
1990,72,1,0,0,0,0,19,4,20,0
1990,72,2,0,0,0,0,0,0,0,0
1990,70,1,0,0,0,0,365,1,25,0
1990,57,2,0,0,0,0,25,4,40,0
1990,74,1,0,0,0,0,0,0,0,0
1990,72,2,0,0,0,0,0,0,0,0
1990,65,1,0,0,0,0,355,2,40,0
1990,69,2,0,0,0,0,0,0,0,0
1990,71,2,3,0,0,0,0,0,0,0
1990,38,1,0,0,0,1,243,3,45,0
1990,36,2,0,0,0,1,243,3,48,0
1990,60,1,0,0,0,1,277,4,0,0
1990,60,2,0,0,0,0,264,3,13,0
1990,60,2,3,0,0,0,443,5,35,0
1990,37,1,0,0,0,1,21,5,55,0
1990,38,2,0,0,0,1,229,6,42,0
1990,33,2,0,0,0,0,276,3,40,0
1990,32,1,0,0,0,0,17,3,60,0
1990,65,2,3,0,0,0,313,5,0,0
1990,64,1,2,0,0,1,0,0,0,0
1990,71,1,0,0,0,1,0,0,0,1
1990,71,2,0,0,0,1,0,0,0,0
1990,27,1,1,0,0,1,53,0,40,0
1990,73,2,3,0,0,1,0,0,0,0
1990,33,1,0,0,0,1,169,3,60,1
1990,33,2,0,0,0,1,14,5,20,0
1990,58,1,0,0,0,1,509,1,40,0
1990,48,2,0,0,0,0,0,0,0,0
1990,21,2,1,0,0,1,0,0,0,0
1990,20,1,1,0,0,0,694,2,40,0
1990,25,1,0,0,0,1,96,3,40,0
1990,23,2,0,0,0,1,274,3,30,0
1990,75,1,0,0,0,1,0,0,0,0
1990,72,2,0,0,0,1,0,0,0,0
1990,69,2,3,0,2,0,0,0,0,0
1990,37,1,0,0,0,1,89,5,50,1
1990,33,2,0,0,0,1,0,0,0,0
1990,30,1,0,0,0,1,357,2,35,0
1990,29,2,0,0,0,1,379,5,0,0
1990,66,2,2,0,0,1,156,5,0,0
1990,33,1,0,0,0,1,15,5,80,1
1990,32,2,0,0,0,1,0,0,0,0
1990,70,2,3,0,0,1,0,0,0,0
1990,66,2,0,0,0,0,276,3,0,0
1990,61,1,0,0,0,0,0,0,0,0
1990,60,2,0,0,0,0,447,5,48,0
1990,70,1,0,0,0,1,0,0,0,0
1990,62,2,0,0,0,1,0,0,0,0
1990,80,1,3,0,0,0,0,0,0,0
1990,66,1,0,0,0,1,0,0,0,0
1990,67,2,0,0,0,0,0,0,0,0
1990,50,2,2,0,0,1,0,0,0,0
1990,19,1,1,0,0,0,485,0,50,0
1990,64,1,0,0,0,0,363,1,0,0
1990,61,2,0,0,0,0,0,0,0,0
1990,59,1,1,0,0,1,0,0,0,0
1990,74,2,3,0,4,1,0,0,0,0
1990,63,1,0,0,0,0,706,1,30,0
1990,63,2,0,0,0,0,337,1,36,0
1990,42,1,2,0,0,1,255,4,40,0
1990,40,1,0,0,0,1,254,4,40,0
1990,40,2,0,0,0,1,255,4,40,0
1990,34,1,0,0,0,1,375,4,45,0
1990,32,2,0,0,0,1,389,5,20,0
1990,32,1,0,0,0,0,575,0,42,0
1990,29,2,0,0,0,1,365,3,20,0
1990,45,2,0,0,0,0,355,2,45,0
1990,48,1,0,0,0,0,0,0,0,0
1990,20,2,1,0,0,0,449,4,30,0
1990,24,2,3,0,0,0,276,3,30,0
1990,79,1,0,0,0,1,0,0,0,0
1990,76,2,0,0,0,1,0,0,0,0
1990,65,2,3,1,0,0,0,0,0,0
1990,59,1,0,0,0,1,909,6,0,0
1990,59,2,0,0,0,0,0,0,0,0
1990,58,1,0,0,0,0,274,3,40,0
1990,51,2,0,0,0,0,266,3,24,0
1990,20,1,1,0,0,1,0,0,0,0
1990,22,1,1,0,0,1,523,6,40,0
1990,40,1,0,0,0,0,363,6,50,0
1990,38,2,0,0,0,1,199,5,4,0
1990,67,1,0,0,0,1,0,0,0,0
1990,65,2,0,0,0,1,0,0,0,0
1990,75,1,0,0,2,0,276,2,40,0
1990,74,2,0,0,0,0,0,0,0,0
1990,29,2,2,0,0,1,208,5,50,0
1990,55,2,3,0,0,0,365,1,40,0
1990,34,1,3,0,0,0,804,1,40,0
1990,66,1,0,1,0,0,0,0,0,0
1990,65,2,0,1,0,0,407,4,40,0
1990,32,1,1,0,0,0,549,3,0,0
1990,72,1,0,0,0,0,0,0,0,0
1990,71,2,0,0,0,0,0,0,0,0
1990,36,1,0,0,0,1,7,4,40,0
1990,29,2,0,0,0,1,379,1,40,0
1990,32,2,0,0,0,1,0,0,0,0
1990,38,1,0,0,0,0,683,1,40,0
1990,34,2,0,0,0,1,747,4,45,0
1990,30,1,0,0,0,0,364,1,40,0
1990,44,2,0,0,0,1,22,2,40,0
1990,40,1,0,0,0,1,503,3,40,0
1990,67,1,0,0,0,0,783,1,40,0
1990,54,2,0,0,0,0,274,3,20,0
1990,34,1,0,0,0,1,157,5,40,0
1990,35,2,0,0,0,1,104,5,40,0
1990,36,2,2,0,0,1,243,3,40,0
1990,18,2,1,0,0,0,0,0,0,0
1990,50,1,0,0,0,1,804,3,50,0
1990,46,2,0,0,0,0,387,5,53,0
1990,42,1,0,0,0,1,243,4,40,0
1990,41,2,0,0,0,0,29,3,40,0
1990,60,2,3,0,0,0,385,2,40,0
1990,44,1,0,1,0,1,8,6,23,0
1990,43,2,0,1,0,1,315,5,20,0
1990,38,2,3,0,0,0,436,3,40,0
1990,61,1,3,0,0,0,0,0,0,0
1990,53,1,0,0,0,0,375,4,45,0
1990,53,2,0,0,2,1,0,0,0,0
1990,77,2,3,0,0,0,0,0,0,0
1990,50,2,3,0,0,1,804,2,40,0
1990,46,2,3,0,1,0,479,0,0,0
1990,26,1,0,0,1,0,479,0,40,0
1990,21,1,0,0,1,0,479,0,40,0
1990,23,1,3,0,1,0,479,0,40,0
1990,21,2,0,0,1,0,479,0,40,0
1990,25,2,0,0,1,0,479,0,40,0
1990,18,2,3,0,1,0,479,0,40,0
1990,40,2,2,0,0,0,266,3,24,0
1990,36,2,2,0,0,1,95,5,40,0
1990,40,2,1,1,0,0,0,0,0,0
1990,19,1,1,1,0,0,0,0,0,0
1990,77,1,0,0,0,0,0,0,0,0
1990,72,2,0,0,0,0,0,0,0,0
1990,20,2,1,0,0,0,276,3,0,0
1990,43,1,2,0,0,0,22,0,40,0
1990,51,2,2,0,0,0,253,4,40,0
1990,43,2,2,0,0,1,0,0,0,0
1990,35,2,2,0,0,1,313,2,40,0
1990,80,1,3,0,0,0,0,0,0,0
1990,48,1,0,0,0,0,303,6,40,0
1990,35,2,0,0,0,0,313,6,40,0
1990,63,1,0,0,0,1,235,2,40,0
1990,59,2,0,0,0,1,95,5,32,0
1990,24,2,1,0,0,1,323,4,0,0
1990,46,1,1,0,0,1,869,0,30,0
1990,34,1,3,2,1,1,27,1,50,0
1990,47,1,2,0,0,0,804,2,46,0
1990,36,1,0,0,0,0,243,3,50,0
1990,27,2,0,0,0,1,373,3,50,0
1990,52,1,0,0,0,0,473,0,99,0
1990,48,2,0,0,0,0,796,4,9,0
1990,46,1,0,0,0,0,549,3,50,0
1990,40,2,0,0,0,0,357,2,50,0
1990,19,1,1,0,0,0,877,3,15,0
1990,48,2,2,0,0,0,444,3,30,0
1990,42,1,0,0,0,1,159,6,40,0
1990,40,2,0,0,0,1,259,1,40,0
1990,35,1,0,0,0,1,153,5,70,1
1990,30,2,0,0,0,1,17,4,0,0
1990,48,1,0,0,0,1,579,0,40,1
1990,40,2,0,0,0,0,468,5,55,0
1990,33,2,3,0,0,0,25,4,40,0
1990,24,1,3,0,1,0,479,0,40,0
1990,34,1,0,0,0,0,368,4,40,0
1990,31,2,0,0,0,0,0,0,0,0
1990,52,1,3,0,0,1,368,3,40,0
1990,23,1,0,0,0,0,877,3,40,0
1990,20,2,0,0,0,0,435,3,39,0
1990,19,2,1,0,0,0,785,1,40,0
1990,33,1,0,0,0,1,806,3,50,0
1990,32,2,0,2,1,0,376,4,40,0
1990,27,1,0,0,0,1,243,3,40,0
1990,28,2,0,0,0,1,475,0,0,0
1990,22,1,1,0,0,0,505,4,40,0
1990,21,2,3,0,0,0,804,3,36,0
1990,40,1,0,0,0,1,22,0,66,0
1990,42,2,0,0,0,1,216,5,48,0
1990,75,1,0,0,0,1,0,0,0,0
1990,74,2,0,0,0,1,0,0,0,0
1990,68,1,0,0,0,1,0,0,0,0
1990,69,2,0,0,0,0,0,0,0,0
1990,52,1,0,0,0,1,547,1,30,0
1990,51,2,0,0,0,0,276,2,40,0
1990,37,1,0,0,0,1,355,2,45,0
1990,36,2,0,0,0,1,808,5,30,0
1990,33,1,0,0,0,0,479,0,40,0
1990,40,2,0,0,0,0,0,0,0,0
1990,19,2,3,0,0,0,276,3,40,0
1990,22,2,3,0,0,0,276,3,40,0
1990,59,1,0,0,0,0,21,5,50,1
1990,50,2,0,0,0,0,243,3,40,0
1990,75,2,3,0,0,0,0,0,0,0
1990,64,2,3,0,0,0,0,0,0,0
1990,24,1,1,0,0,0,348,2,40,0
1990,53,1,0,0,0,1,575,5,45,0
1990,50,2,0,0,0,0,313,3,40,0
1990,19,2,1,0,0,0,274,3,4,0
1990,67,1,0,0,0,0,0,0,0,0
1990,62,2,0,0,0,0,274,3,20,0
1990,73,2,3,0,0,0,0,0,0,0
1990,42,2,2,0,0,1,276,3,53,0
1990,20,1,1,0,0,0,436,3,30,0
1990,22,1,1,0,0,0,887,4,30,0
1990,38,2,0,0,1,1,426,2,60,0
1990,34,1,0,0,1,0,514,4,30,0
1990,62,1,0,0,0,0,889,2,0,0
1990,58,2,0,0,0,1,387,5,38,0
1990,46,1,2,0,0,0,595,0,40,0
1990,42,2,3,0,0,0,909,6,0,0
1990,30,1,0,0,0,1,575,3,40,0
1990,25,2,0,0,0,1,23,1,0,0
1990,30,1,1,1,0,0,235,3,43,0
1990,72,2,3,1,0,0,0,0,0,0
1990,33,2,3,0,0,0,804,3,40,0
1990,25,2,1,0,0,1,687,3,40,0
1990,25,1,1,0,0,1,434,3,50,0
1990,25,2,1,0,4,0,889,3,30,0
1990,69,2,3,0,0,1,0,0,0,0
1990,40,1,1,0,0,0,889,1,40,0
1990,42,1,2,0,0,1,156,5,40,0
1990,18,2,1,1,0,0,368,3,40,0
1990,32,2,1,0,0,0,804,2,40,0
1990,63,2,3,0,0,0,0,0,0,0
1990,34,1,1,2,0,0,436,3,40,0
1990,34,1,0,0,1,0,565,0,40,0
1990,32,2,0,0,1,0,0,0,0,0
1990,60,1,0,0,0,0,185,4,40,0
1990,51,2,0,0,0,0,313,4,40,0
1990,79,2,3,0,0,0,0,0,0,0
1990,55,2,3,0,0,1,243,3,50,0
1990,57,1,0,0,0,1,27,2,45,0
1990,53,2,0,0,0,1,385,3,22,0
1990,30,1,1,0,0,1,828,2,70,0
1990,47,2,3,1,0,0,243,3,48,0
1990,23,1,1,1,0,0,0,0,0,0
1990,40,1,1,1,0,1,27,6,40,0
1990,72,2,3,1,0,0,0,0,0,0
1990,21,1,3,1,0,0,769,3,40,0
1990,77,1,1,0,0,1,0,0,0,0
1990,49,2,2,1,0,0,889,1,40,0
1990,28,2,1,1,0,0,453,3,30,0
1990,27,1,1,1,0,0,436,4,0,0
1990,24,1,1,1,0,0,447,5,52,0
1990,37,1,3,1,0,0,505,3,30,0
1990,50,2,0,0,0,0,435,3,40,0
1990,45,1,0,0,0,1,174,6,40,0
1990,33,1,0,0,0,0,567,0,40,0
1990,31,2,0,0,0,1,313,0,40,0
1990,34,1,0,0,0,1,243,3,70,0
1990,27,2,0,0,0,1,315,5,40,0
1990,37,2,2,2,1,1,203,5,40,0
1990,61,2,2,0,0,1,375,4,40,0
1990,66,2,3,0,0,0,748,4,47,0
1990,27,1,0,0,0,1,22,2,42,0
1990,23,2,0,0,0,0,319,5,45,0
1990,23,1,1,1,0,0,883,3,0,0
1990,26,2,2,0,0,0,804,4,30,0
1990,34,1,1,0,0,1,22,0,40,0
1990,70,1,3,0,0,0,243,3,0,0
1990,71,1,0,0,0,0,0,0,0,0
1990,68,2,0,0,0,0,0,0,0,0
1990,78,1,0,0,0,0,0,0,0,0
1990,75,2,0,0,0,0,0,0,0,0
1990,34,2,3,1,0,0,0,0,0,0
1990,46,2,3,1,0,0,467,5,30,0
1990,51,2,3,0,1,0,449,5,0,0
1990,25,2,1,1,0,0,785,1,40,0
1990,50,2,3,1,0,1,14,5,40,1
1990,47,2,3,0,0,0,0,0,0,0
1990,51,2,0,1,0,0,748,4,20,0
1990,62,1,0,1,0,0,486,0,40,0
1990,21,2,1,1,0,0,446,5,30,0
1990,31,2,3,1,0,0,628,4,45,0
1990,33,2,1,0,0,0,0,0,0,0
1990,70,2,0,1,0,0,0,0,0,0
1990,61,2,3,1,0,0,0,0,0,0
1990,46,2,2,0,0,0,0,0,0,0
1990,74,2,2,0,0,0,0,0,0,0
1990,23,1,0,0,0,0,243,3,40,0
1990,22,2,0,0,0,0,356,3,40,0
1990,57,1,0,1,0,0,426,4,0,0
1990,51,2,0,1,0,0,477,0,40,0
1990,73,1,0,0,0,0,0,0,0,0
1990,70,2,0,0,0,0,0,0,0,0
1990,50,1,0,2,1,0,869,0,40,0
1990,42,2,0,2,1,0,449,4,0,0
1990,22,2,1,2,1,0,278,1,40,0
1990,19,1,1,2,1,0,276,3,53,0
1990,69,2,3,0,0,0,0,0,0,0
1990,54,1,3,0,0,1,503,1,40,0
1990,26,1,1,0,0,1,159,5,70,0
1990,39,2,3,0,2,1,193,5,50,0
1990,79,2,3,1,0,0,407,4,12,0
1990,44,1,3,1,0,0,447,5,40,0
1990,18,1,1,1,0,0,0,0,0,0
1990,20,2,1,0,0,1,319,5,30,0
1990,58,2,3,0,0,0,0,0,0,0
1990,43,1,0,0,0,1,22,0,55,0
1990,39,2,0,0,0,1,156,5,0,0
1990,18,1,1,0,0,0,0,0,0,0
1990,26,1,1,0,0,1,255,4,48,0
1990,61,1,0,0,0,1,23,5,65,1
1990,60,2,0,0,0,1,0,0,0,0
1990,27,1,1,0,0,1,43,5,40,0
1990,71,1,0,0,0,0,276,3,36,0
1990,69,2,0,0,0,0,439,3,0,0
1990,80,2,3,0,0,0,0,0,0,0
1990,29,1,0,0,0,1,84,5,80,0
1990,28,2,0,0,1,1,375,4,40,0
1990,34,1,2,0,0,1,243,3,60,0
1990,36,1,0,0,0,1,243,3,40,1
1990,35,2,0,0,0,1,319,4,2,0
1990,36,1,3,0,0,1,264,3,37,0
1990,66,1,0,0,0,1,22,4,40,1
1990,63,2,0,0,0,1,0,0,0,0
1990,27,1,0,0,0,1,7,3,50,1
1990,30,2,0,0,0,1,178,5,40,0
1990,31,1,1,0,0,1,189,2,40,0
1990,33,2,2,0,0,1,234,5,40,0
1990,23,2,1,0,0,1,274,4,30,0
1990,25,2,2,0,0,0,263,3,40,0
1990,32,2,2,0,0,1,178,5,40,0
1990,43,1,0,0,0,0,505,2,40,0
1990,40,2,0,0,0,0,315,6,40,0
1990,46,2,2,0,0,1,84,5,46,1
1990,19,2,1,0,0,1,276,3,0,0
1990,18,1,1,0,0,1,0,0,0,0
1990,29,1,0,0,0,0,243,3,50,0
1990,27,2,0,0,0,1,375,4,40,0
1990,26,1,1,0,0,1,647,3,40,0
1990,80,2,3,0,2,0,0,0,0,0
1990,28,2,1,0,0,1,185,3,45,0
1990,37,1,0,0,0,1,389,3,48,0
1990,33,2,0,0,0,0,328,4,40,0
1990,60,1,0,0,0,0,869,0,20,0
1990,54,2,0,0,0,0,0,0,0,0
1990,28,2,1,0,0,1,313,5,40,0
1990,72,1,0,0,0,0,0,0,0,0
1990,70,2,0,0,0,0,0,0,0,0
1990,51,1,0,0,0,1,22,4,60,1
1990,45,2,0,0,0,1,259,3,20,0
1990,61,1,0,0,0,1,217,5,40,0
1990,63,2,0,0,0,1,217,5,40,0
1990,60,1,0,0,0,0,734,1,37,0
1990,51,2,0,0,0,0,0,0,0,0
1990,63,2,2,0,0,0,243,3,0,0
1990,34,1,1,0,0,0,17,3,70,0
1990,27,2,1,0,0,0,23,1,40,0
1990,70,1,0,0,0,0,643,6,0,0
1990,70,2,0,0,0,1,0,0,0,0
1990,35,1,0,0,0,1,515,6,60,0
1990,39,2,0,0,0,1,155,5,0,0
1990,25,1,1,0,0,1,365,0,45,0
1990,54,1,0,0,0,1,22,1,40,1
1990,57,2,0,0,2,1,328,6,40,0
1990,31,1,0,0,4,0,889,5,25,0
1990,28,2,0,0,0,1,25,4,37,0
1990,64,1,0,0,0,1,877,3,35,0
1990,62,2,0,0,0,0,0,0,0,0
1990,32,2,0,0,0,1,234,4,40,0
1990,31,1,0,0,0,1,308,4,60,0
1990,49,1,2,1,0,0,808,5,40,0
1990,35,2,2,1,0,1,433,3,40,0
1990,22,1,0,0,0,0,485,0,40,0
1990,22,2,0,0,0,0,385,5,22,0
1990,25,1,2,0,0,1,206,6,40,0
1990,18,2,1,0,0,1,468,5,20,0
1990,49,1,0,0,0,1,13,1,40,1
1990,44,2,0,0,0,1,337,5,20,0
1990,22,1,1,0,0,1,376,5,30,0
1990,21,2,1,0,0,1,276,3,40,0
1990,54,2,0,0,0,1,14,5,40,1
1990,59,1,0,0,0,1,7,3,60,0
1990,21,1,1,0,0,1,276,3,30,0
1990,20,1,1,0,0,0,804,3,40,0
1990,67,1,0,0,0,1,96,3,40,1
1990,64,2,0,0,0,1,0,0,0,0
1990,35,1,2,0,0,1,526,3,40,0
1990,43,1,0,0,0,1,13,1,60,1
1990,40,2,0,0,0,1,254,4,15,0
1990,50,2,3,0,0,0,274,3,35,0
1990,22,1,1,0,0,0,436,3,30,0
1990,49,1,0,0,0,0,579,0,0,0
1990,47,2,0,0,0,1,318,2,60,0
1990,31,1,2,0,0,1,253,4,50,0
1990,37,2,1,0,2,1,337,5,0,0
1990,41,1,2,0,0,1,734,1,40,0
1990,59,2,2,0,0,0,8,3,40,0
1990,22,1,1,0,0,0,748,4,45,0
1990,76,1,0,0,0,0,22,2,1,0
1990,76,2,0,0,0,0,0,0,0,0
1990,50,1,0,0,0,1,423,6,40,0
1990,51,2,0,3,0,0,0,0,0,0
1990,28,2,2,0,0,0,318,2,37,0
1990,53,1,0,0,0,0,804,3,0,0
1990,49,2,0,0,0,0,376,5,0,0
1990,32,1,0,0,0,0,185,5,43,0
1990,27,2,0,0,0,0,439,3,30,0
1990,52,1,2,0,0,1,869,0,40,0
1990,52,1,0,0,0,1,216,5,38,0
1990,45,2,0,0,0,1,154,5,30,0
1990,59,1,0,0,0,1,313,1,40,1
1990,57,2,0,0,0,1,268,3,35,0
1990,34,2,3,0,0,0,407,4,40,0
1990,34,1,0,0,0,0,8,6,40,0
1990,33,2,0,0,0,1,379,6,40,0
1990,49,2,0,0,0,1,156,5,0,0
1990,52,1,0,0,0,1,243,0,60,0
1990,80,2,3,0,0,0,0,0,0,0
1990,39,1,2,0,0,1,575,2,40,0
1990,58,1,0,0,0,1,379,6,30,0
1990,53,2,0,0,0,1,808,2,20,0
1990,67,2,3,0,0,0,0,0,0,0
1990,32,1,2,0,0,0,276,3,45,0
1990,28,1,0,0,0,1,59,5,25,0
1990,23,2,0,0,0,1,155,5,30,0
1990,32,2,2,0,0,1,389,2,42,0
1990,49,1,1,0,0,1,376,4,40,0
1990,37,1,0,0,0,1,174,5,40,0
1990,27,2,0,0,0,1,469,4,20,0
1990,28,1,0,0,0,1,417,6,60,0
1990,31,2,0,0,0,1,22,5,35,0
1990,35,2,0,0,0,1,156,5,40,0
1990,37,1,0,0,0,0,567,0,40,0
1990,20,1,1,0,0,1,379,4,30,0
1990,62,2,2,0,0,1,234,5,40,0
1990,39,1,0,0,0,1,55,4,40,1
1990,32,2,0,0,2,1,22,2,45,0
1990,28,1,3,0,0,1,255,4,70,1
1990,40,1,0,0,0,1,253,4,50,1
1990,39,2,0,0,0,1,259,3,60,0
1990,47,1,2,0,0,1,453,4,40,0
1990,60,1,2,0,0,1,448,4,50,0
1990,74,1,0,0,0,0,0,0,0,0
1990,72,2,0,0,0,0,0,0,0,0
1990,28,2,2,0,0,0,255,4,40,0
1990,64,1,0,0,0,1,22,3,40,1
1990,64,2,0,0,0,1,0,0,0,0
1990,47,2,0,0,0,0,337,4,0,0
1990,63,1,0,0,0,1,22,4,0,0
1990,41,1,0,0,0,1,55,2,45,1
1990,42,2,0,0,0,1,174,5,20,0
1990,39,1,0,0,0,1,22,4,40,1
1990,30,2,0,0,0,1,447,5,40,0
1990,38,1,0,0,0,1,229,4,30,0
1990,45,2,0,0,0,1,217,5,40,0
1990,31,1,0,0,0,0,354,2,40,0
1990,32,2,0,0,0,0,354,2,40,0
1990,33,2,0,0,0,1,355,2,40,0
1990,35,1,0,0,0,0,27,3,40,0
1990,59,1,0,0,0,0,0,0,0,0
1990,56,2,0,0,0,0,597,0,51,0
1990,26,1,0,0,0,0,533,5,60,0
1990,30,2,0,0,0,0,0,0,0,0
1990,58,1,3,1,1,0,447,4,40,0
1990,31,1,1,1,1,1,303,4,40,0
1990,29,2,1,1,1,0,337,4,40,0
1990,34,1,0,0,0,0,599,0,40,0
1990,32,2,0,0,0,1,0,0,0,0
1990,47,2,0,0,0,0,0,0,0,0
1990,47,1,0,0,0,1,22,1,40,1
1990,40,1,0,0,2,1,174,5,50,1
1990,40,2,0,0,0,1,156,5,40,0
1990,38,1,0,0,0,0,804,5,40,0
1990,41,2,0,0,0,1,308,5,38,0
1990,18,1,1,0,0,0,869,0,40,0
1990,58,1,0,0,0,1,243,3,45,0
1990,40,2,0,0,0,1,166,4,40,0
1990,44,1,0,0,0,1,453,5,60,0
1990,40,2,0,0,0,1,156,5,48,0
1990,18,1,1,0,0,0,877,3,40,0
1990,34,1,0,0,0,1,178,5,50,1
1990,27,2,0,0,0,1,156,5,30,0
1990,28,1,1,0,3,1,889,2,40,0
1990,32,1,1,0,0,1,508,2,45,0
1990,49,2,2,1,0,1,207,5,48,0
1990,21,2,1,1,0,0,313,5,40,0
1990,28,1,0,1,0,1,797,1,60,0
1990,33,2,0,1,0,1,0,0,0,0
1990,36,1,0,1,0,0,444,5,0,0
1990,35,2,0,1,0,0,405,4,40,0
1990,19,1,1,0,0,1,175,4,40,0
1990,20,2,1,0,0,1,348,5,8,0
1990,21,2,1,0,0,0,335,4,40,0
1990,60,1,0,0,0,1,176,5,70,0
1990,60,2,0,0,0,1,313,5,35,0
1990,73,2,3,0,0,0,0,0,0,0
1990,33,1,0,0,0,0,804,2,30,0
1990,27,2,0,0,0,0,253,4,40,0
1990,37,1,0,0,0,1,22,4,50,1
1990,39,2,0,0,0,0,13,4,38,0
1990,47,1,0,0,0,1,375,4,40,0
1990,47,2,0,0,0,0,0,0,0,0
1990,46,1,1,1,0,1,243,4,37,0
1990,25,1,1,1,0,1,257,0,40,0
1990,40,1,1,1,0,1,22,5,40,0
1990,20,1,1,1,0,0,453,0,40,0
1990,47,1,0,0,0,1,354,2,40,0
1990,45,2,0,0,0,0,804,3,40,0
1990,21,1,1,0,0,1,376,4,35,0
1990,41,2,0,0,1,0,529,3,40,0
1990,53,1,0,0,1,0,628,1,40,0
1990,72,1,0,0,1,0,529,2,40,0
1990,71,2,0,0,1,0,0,0,0,0
1990,23,1,1,0,0,1,376,2,40,0
1990,38,1,1,0,0,1,375,4,40,0
1990,59,2,1,0,0,0,337,3,40,0
1990,34,1,0,0,0,1,15,5,40,0
1990,34,2,0,0,0,1,447,5,40,0
1990,43,1,1,0,0,1,27,4,37,1
1990,47,1,2,0,0,0,508,2,41,0
1990,40,1,0,0,0,0,785,1,40,0
1990,35,2,0,0,0,1,229,2,40,0
1990,30,1,0,0,0,0,759,1,40,0
1990,31,2,0,0,0,0,889,1,40,0
1990,43,1,0,0,0,1,575,0,60,0
1990,42,2,0,0,0,1,25,4,40,0
1990,27,1,1,0,1,0,809,4,40,0
1990,26,2,1,0,1,0,0,0,0,0
1990,52,2,2,0,1,0,0,0,0,0
1990,31,1,1,3,4,0,567,0,40,0
1990,38,1,0,0,1,0,804,2,40,0
1990,35,2,0,0,1,0,364,1,35,0
1990,31,1,1,0,1,1,379,3,41,0
1990,51,1,2,0,0,1,235,4,35,0
1990,57,1,2,0,0,1,22,4,60,1
1990,30,1,1,0,0,1,505,3,50,0
1990,53,1,2,0,2,0,567,1,40,0
1990,62,1,2,0,1,0,243,3,40,1
1990,39,1,0,0,0,0,785,1,42,0
1990,29,2,0,0,0,0,197,5,25,0
1990,41,1,0,0,0,0,804,0,64,0
1990,41,2,0,0,0,0,439,3,0,0
1990,34,2,0,0,0,0,799,3,20,0
1990,37,1,0,0,0,0,876,2,0,0
1990,59,2,3,0,0,0,449,5,0,0
1990,34,1,2,0,0,0,785,1,40,0
1990,33,1,0,0,0,0,804,2,30,0
1990,36,2,0,0,0,0,185,3,52,0
1990,31,1,3,0,0,0,507,2,40,0
1990,47,1,0,0,0,1,257,2,60,1
1990,45,2,0,0,0,1,29,3,12,0
1990,72,1,0,0,0,1,22,2,40,0
1990,62,2,0,0,0,1,313,0,40,0
1990,40,1,0,0,0,1,22,1,45,1
1990,38,2,0,0,0,1,336,2,0,0
1990,52,1,0,0,0,1,185,0,40,1
1990,49,2,0,0,0,1,0,0,0,0
1990,44,1,0,0,0,0,213,2,45,0
1990,44,2,0,0,0,0,23,0,50,0
1990,20,1,1,0,0,1,779,0,20,0
1990,19,2,1,0,0,0,276,5,0,0
1990,78,1,3,0,0,0,0,0,0,0
1990,63,1,0,0,0,1,508,2,40,0
1990,62,2,0,0,0,0,313,5,40,0
1990,60,1,0,0,0,0,0,0,0,0
1990,55,2,0,0,0,0,436,5,32,0
1990,76,1,0,0,0,1,637,1,55,1
1990,49,2,0,0,2,0,337,1,55,0
1990,22,2,1,0,0,1,204,5,36,0
1990,26,2,1,0,0,0,445,5,35,0
1990,77,1,0,0,0,0,0,0,0,0
1990,71,2,0,0,0,0,0,0,0,0
1990,68,2,3,1,0,0,0,0,0,0
1990,51,2,3,1,0,0,449,5,24,0
1990,21,2,1,1,0,0,534,0,0,0
1990,18,2,1,1,0,0,0,0,0,0
1990,40,1,0,1,1,0,447,5,40,0
1990,34,2,0,1,1,0,447,5,40,0
1990,79,2,3,1,1,0,0,0,0,0
1990,38,1,0,0,0,1,567,0,40,0
1990,36,2,0,0,0,0,467,5,35,0
1990,46,1,0,0,0,0,259,3,40,0
1990,43,2,0,0,0,1,163,5,40,0
1990,66,1,0,0,0,0,486,0,15,0
1990,74,2,0,0,0,0,0,0,0,0
1990,37,1,0,0,0,0,804,3,40,0
1990,39,2,0,0,0,0,314,5,40,0
1990,27,1,3,0,0,1,176,5,65,0
1990,20,1,3,0,0,1,418,6,40,0
1990,36,1,0,0,0,0,35,5,40,0
1990,21,2,0,0,0,0,435,3,40,0
1990,69,1,0,2,0,0,0,0,0,0
1990,42,2,0,2,0,0,888,3,40,0
1990,37,1,0,0,0,0,804,3,40,0
1990,36,2,0,0,0,1,558,0,35,0
1990,37,1,0,0,0,0,804,3,40,0
1990,28,2,0,0,0,0,313,3,40,0
1990,37,1,0,0,0,1,804,2,60,0
1990,37,2,0,0,0,1,95,5,40,0
1990,27,1,3,1,0,0,436,3,0,0
1990,52,1,0,0,0,0,579,5,40,0
1990,52,2,0,0,0,0,8,3,50,0
1990,25,1,0,0,0,1,554,1,45,0
1990,20,2,0,0,0,1,276,3,40,0
1990,67,1,3,0,0,1,0,0,0,0
1990,28,2,3,0,0,0,313,4,0,0
1990,35,1,0,0,0,0,523,2,40,1
1990,34,2,0,0,0,0,435,3,50,0
1990,59,2,2,0,0,0,379,5,40,0
1990,23,2,1,1,0,0,0,0,0,0
1990,20,2,1,1,0,0,438,3,40,0
1990,40,1,0,0,0,1,549,6,40,0
1990,27,2,0,0,2,0,276,3,0,0
1990,28,2,1,1,0,0,448,4,40,0
1990,31,1,1,1,0,0,569,0,40,0
1990,24,1,0,0,1,0,443,3,40,0
1990,24,2,0,0,0,0,447,5,40,0
1990,37,1,0,0,0,0,269,3,50,0
1990,33,2,0,0,0,1,73,5,40,0
1990,65,1,0,0,0,1,0,0,0,0
1990,64,2,0,0,0,1,0,0,0,0
1990,69,1,0,0,0,1,243,3,45,0
1990,52,2,0,3,3,1,276,5,40,0
1990,22,1,1,3,3,0,585,0,40,0
1990,61,1,0,0,0,0,567,0,0,0
1990,50,2,0,0,0,0,0,0,0,0
1990,28,1,3,0,0,0,628,1,40,0
1990,64,1,0,0,0,1,0,0,0,0
1990,62,2,0,0,0,0,313,4,40,0
1990,72,2,3,0,0,0,754,1,40,0
1990,63,1,0,0,0,0,185,4,25,0
1990,61,2,0,0,0,0,308,1,45,0
1990,28,1,1,0,0,0,804,2,65,0
1990,26,2,1,0,0,0,869,0,40,0
1990,20,2,1,0,0,0,0,0,0,0
1990,20,1,1,0,0,0,637,3,45,0
1990,35,1,0,0,0,0,628,1,40,0
1990,30,2,0,0,0,1,313,1,30,0
1990,43,1,0,0,0,0,585,0,40,0
1990,41,2,0,0,0,1,0,0,0,0
1990,25,2,2,0,0,0,354,2,40,0
1990,37,2,2,0,0,1,264,3,40,0
1990,56,1,3,0,0,1,243,4,50,0
1990,65,1,2,0,0,1,185,5,20,0
1990,31,1,1,0,0,0,883,0,45,0
1990,45,1,0,0,0,1,84,5,55,1
1990,42,2,0,0,0,1,435,4,0,0
1990,68,1,0,0,0,0,0,0,0,0
1990,42,2,0,0,0,0,0,0,0,0
1990,51,2,3,0,0,1,157,5,52,0
1990,29,1,2,0,0,1,229,1,42,0
1990,32,2,2,0,0,1,158,5,45,0
1990,25,2,1,0,0,1,22,3,45,0
1990,30,2,2,0,0,0,276,4,40,0
1990,58,1,0,0,0,1,22,2,40,1
1990,54,2,0,0,0,1,154,5,32,0
1990,27,1,0,0,0,1,657,1,35,0
1990,29,2,0,0,0,0,0,0,0,0
1990,78,1,0,0,0,0,0,0,0,0
1990,69,2,0,0,0,0,909,6,0,0
1990,72,1,3,0,0,0,0,0,0,0
1990,43,1,0,0,0,0,779,1,40,0
1990,39,2,0,0,0,0,225,1,40,0
1990,68,1,0,0,0,1,0,0,0,0
1990,70,2,0,0,0,1,0,0,0,0
1990,28,2,3,0,0,0,486,5,35,0
1990,66,1,2,0,0,0,0,0,0,0
1990,71,2,2,0,0,1,337,1,0,0
1990,53,1,2,1,0,0,804,1,40,0
1990,41,2,2,0,0,0,313,5,40,0
1990,26,1,0,0,0,0,686,1,40,0
1990,22,2,0,0,0,0,276,2,0,0
1990,35,1,0,0,0,1,525,4,40,1
1990,31,2,0,0,0,1,95,5,40,0
1990,59,1,0,0,0,0,507,1,40,0
1990,56,2,0,0,0,0,276,3,40,0
1990,49,1,0,2,0,0,889,1,40,0
1990,39,2,0,0,0,0,14,5,40,0
1990,43,2,2,0,0,1,37,4,40,0
1990,80,2,3,0,0,0,0,0,0,0
1990,59,2,2,0,0,0,329,3,40,0
1990,39,1,1,0,0,1,0,0,0,0
1990,28,1,0,0,0,0,436,3,35,0
1990,20,2,0,0,0,0,276,3,40,0
1990,65,1,0,0,0,0,0,0,0,0
1990,61,2,0,0,0,0,0,0,0,0
1990,54,1,0,0,0,0,473,0,0,0
1990,52,2,0,0,0,0,0,0,0,0
1990,40,1,0,0,0,0,516,0,40,0
1990,38,2,0,0,0,1,29,3,40,0
1990,33,1,0,0,0,0,804,1,54,0
1990,27,2,0,0,0,0,276,3,40,0
1990,39,1,3,1,0,0,804,3,45,0
1990,39,1,0,0,0,1,436,4,70,0
1990,39,2,0,0,0,0,435,3,40,0
1990,72,1,0,0,0,1,5,6,1,0
1990,66,2,0,0,0,1,0,0,0,0
1990,38,1,3,0,0,1,18,4,50,0
1990,43,1,2,0,0,0,804,1,50,0
1990,76,1,0,0,0,0,0,0,0,0
1990,71,2,0,0,0,0,0,0,0,0
1990,62,1,1,0,0,0,486,0,16,0
1990,58,1,0,0,0,0,17,4,40,0
1990,45,2,0,0,0,0,0,0,0,0
1990,34,1,2,0,0,1,585,0,0,0
1990,20,1,1,1,0,0,0,0,0,0
1990,79,1,0,0,0,0,0,0,0,0
1990,38,1,0,0,0,0,479,0,50,0
1990,41,2,0,0,0,0,313,1,42,0
1990,63,1,3,1,0,0,0,0,0,0
1990,71,2,3,1,0,0,0,0,0,0
1990,36,2,1,1,0,0,436,3,40,0
1990,44,1,2,1,0,0,549,3,8,0
1990,47,1,1,1,0,0,0,0,0,0
1990,34,1,0,1,0,1,486,5,40,0
1990,23,2,0,1,0,0,379,3,40,0
1990,18,2,1,0,0,0,435,3,35,0
1990,42,2,2,0,0,1,274,3,50,0
1990,78,2,2,0,0,0,0,0,0,0
1990,66,1,0,0,0,1,275,4,20,0
1990,62,2,0,0,0,1,22,4,20,0
1990,38,2,2,0,0,1,7,4,60,0
1990,30,1,0,0,2,1,575,2,42,0
1990,23,2,0,0,0,1,234,5,38,0
1990,55,1,0,0,0,1,255,4,50,1
1990,42,2,0,0,0,1,243,3,50,0
1990,18,2,1,0,0,0,467,5,20,0
1990,57,1,1,0,0,0,0,0,0,0
1990,36,1,2,0,0,1,529,2,50,0
1990,38,1,0,0,0,1,804,4,40,0
1990,34,2,0,0,0,1,25,3,40,0
1990,66,1,0,0,0,0,877,3,18,0
1990,66,2,0,0,0,0,748,4,0,0
1990,34,2,2,0,0,1,22,4,40,0
1990,30,1,0,0,0,0,514,4,40,0
1990,75,1,0,0,0,0,0,0,0,0
1990,75,2,0,0,0,0,0,0,0,0
1990,37,1,0,0,0,0,889,3,40,0
1990,36,2,0,0,0,0,734,1,0,0
1990,67,1,0,0,0,0,628,1,0,0
1990,67,2,0,0,0,0,0,0,0,0
1990,27,2,2,0,0,0,22,1,42,0
1990,75,2,3,1,0,0,407,4,5,0
1990,19,2,1,1,0,0,878,3,40,0
1990,27,1,1,1,0,0,883,3,40,0
1990,33,1,1,1,0,0,804,2,40,0
1990,42,1,0,1,0,1,354,2,40,0
1990,39,2,0,1,0,0,444,5,37,0
1990,72,1,0,0,0,0,0,0,0,0
1990,69,2,0,0,0,0,779,1,0,0
1990,41,1,2,0,0,1,95,5,36,0
1990,77,1,0,0,0,0,0,0,0,0
1990,66,2,0,0,0,0,0,0,0,0
1990,36,2,1,0,0,0,444,3,20,0
1990,37,1,0,0,0,0,596,0,55,0
1990,26,2,0,0,2,0,534,0,45,0
1990,18,1,1,3,0,0,534,0,40,0
1990,20,1,0,0,0,0,785,0,40,0
1990,29,2,0,0,0,0,435,3,40,0
1990,34,1,0,0,0,1,804,4,50,0
1990,30,2,0,0,0,1,155,5,0,0
1990,25,1,1,1,0,1,804,3,54,0
1990,22,2,1,1,0,0,276,3,40,0
1990,79,1,0,0,0,0,0,0,0,0
1990,70,2,0,0,0,0,0,0,0,0
1990,69,1,0,0,0,0,0,0,0,0
1990,63,2,0,0,0,1,0,0,0,0
1990,77,2,3,0,0,1,0,0,0,0
1990,53,1,0,0,0,1,254,4,60,1
1990,52,2,0,0,0,1,156,5,30,0
1990,36,2,0,1,0,0,328,4,38,0
1990,34,1,0,1,0,1,418,6,40,0
1990,24,1,0,0,0,1,22,5,50,0
1990,28,2,0,0,0,1,163,4,45,0
1990,66,1,0,0,0,0,16,2,0,1
1990,63,2,0,0,0,0,0,0,0,0
1990,67,2,1,0,0,0,389,4,0,0
1990,27,2,1,0,0,0,243,3,40,0
1990,47,1,3,0,0,1,84,5,60,1
1990,35,2,2,0,0,1,174,5,40,0
1990,54,1,0,0,0,0,769,1,40,0
1990,49,2,0,0,0,0,0,0,0,0
1990,60,2,0,0,0,0,469,4,5,0
1990,63,1,0,0,0,0,518,1,40,0
1990,80,2,3,0,0,1,0,0,0,1
1990,46,1,0,0,0,1,254,4,40,0
1990,44,2,0,0,0,1,337,1,20,0
1990,61,1,3,1,0,0,453,3,50,0
1990,26,1,1,1,0,1,208,5,40,0
1990,65,1,0,0,0,1,59,1,0,0
1990,63,2,0,0,0,1,265,3,0,0
1990,48,1,0,0,0,1,658,4,50,1
1990,40,2,0,0,0,0,185,4,35,0
1990,72,1,1,0,0,0,0,0,0,0
1990,68,1,2,0,0,0,315,5,25,0
1990,35,2,3,0,0,1,254,4,10,0
1990,72,1,0,0,0,0,0,0,0,0
1990,68,2,0,0,0,0,0,0,0,0
1990,63,2,3,0,0,0,0,0,0,1
1990,57,1,0,0,0,0,434,3,40,0
1990,53,2,0,0,0,0,0,0,0,0
1990,19,2,1,0,0,0,443,3,40,0
1990,50,1,2,0,0,0,804,0,60,0
1990,54,2,2,0,0,0,458,4,40,0
1990,26,1,0,3,1,0,486,0,45,0
1990,24,2,0,3,1,0,488,3,0,0
1990,23,1,1,1,0,0,573,0,9,0
1990,65,1,0,0,0,0,323,0,8,0
1990,60,2,0,0,0,0,436,5,20,0
1990,23,2,1,0,0,1,435,3,40,0
1990,40,1,0,0,0,1,84,5,60,1
1990,37,2,0,0,2,1,313,4,0,0
1990,35,1,0,0,0,1,417,6,80,0
1990,37,2,0,0,0,1,156,5,25,0
1990,47,1,0,0,0,1,777,1,40,0
1990,42,2,0,0,0,1,253,4,40,0
1990,18,2,1,0,0,1,274,3,20,0
1990,67,1,0,0,0,0,0,0,0,0
1990,63,2,0,0,0,0,0,0,0,0
1990,77,1,2,0,0,1,375,4,36,0
1990,33,1,2,0,0,1,447,5,40,0
1990,26,1,1,0,0,1,447,5,40,0
1990,68,1,0,0,0,0,808,5,20,0
1990,65,2,0,0,0,0,0,0,0,0
1990,30,1,1,0,0,0,628,1,20,0
1990,27,1,1,0,0,0,479,0,40,0
1990,24,2,1,0,0,0,877,3,40,0
1990,73,2,3,1,0,0,14,5,35,0
1990,19,1,1,1,0,0,0,0,0,0
1990,65,2,1,1,0,1,0,0,0,0
1990,30,2,1,1,0,0,449,4,40,0
1990,41,2,0,0,0,0,0,0,0,0
1990,42,1,0,0,0,0,263,3,40,0
1990,19,1,1,0,0,0,887,3,40,0
1990,22,1,0,0,0,1,877,3,40,0
1990,21,2,0,0,0,1,8,3,48,0
1990,21,2,2,0,0,0,17,3,60,0
1990,40,2,3,0,0,0,856,1,48,0
1990,18,2,1,0,0,0,459,5,15,0
1990,66,1,0,0,0,0,0,0,0,0
1990,58,2,0,0,0,0,785,1,0,0
1990,76,2,3,0,2,0,0,0,0,0
1990,78,2,0,0,0,0,0,0,0,0
1990,32,1,0,0,0,0,585,1,40,0
1990,34,2,0,0,0,0,435,3,35,0
1990,35,2,2,0,0,1,7,5,40,0
1990,61,1,0,0,0,1,549,2,48,1
1990,57,2,0,0,0,1,156,5,40,0
1990,39,1,2,0,0,1,55,2,50,0
1990,27,2,0,0,0,1,313,2,35,0
1990,25,1,0,0,0,0,485,0,40,0
1990,33,1,2,0,0,1,678,5,40,0
1990,48,2,2,0,0,1,274,3,40,0
1990,33,1,0,0,0,0,869,0,40,0
1990,32,2,0,0,0,1,337,0,20,0
1990,72,2,3,0,0,0,0,0,0,0
1990,69,1,3,0,0,1,0,0,0,0
1990,29,1,1,0,0,1,217,1,40,0
1990,70,1,0,0,0,0,889,4,40,0
1990,68,2,0,0,0,0,436,5,30,0
1990,60,1,0,0,0,0,783,1,0,1
1990,58,2,0,0,0,0,0,0,0,0
1990,45,1,0,0,0,1,25,4,60,1
1990,44,2,0,0,0,1,0,0,0,0
1990,42,1,0,0,0,1,22,0,50,1
1990,37,2,0,0,0,1,313,0,40,0
1990,77,2,3,0,0,0,0,0,0,0
1990,30,1,0,1,0,0,584,0,40,0
1990,32,2,0,1,0,1,434,3,38,0
1990,22,2,0,0,0,1,303,4,20,0
1990,26,1,0,0,0,1,159,5,45,0
1990,74,1,0,0,0,1,166,3,0,0
1990,63,2,0,0,0,1,254,4,0,0
1990,53,1,0,0,0,0,796,1,40,1
1990,48,2,0,0,0,0,683,1,40,0
1990,43,1,0,0,0,1,176,5,45,0
1990,41,2,0,0,0,1,0,0,0,0
1990,59,1,3,0,0,0,579,0,40,0
1990,23,1,1,0,0,0,804,2,40,0
1990,22,2,1,0,0,0,467,5,30,0
1990,67,1,0,0,0,0,887,3,9,0
1990,62,2,0,0,0,0,274,3,16,0
1990,29,1,0,0,0,0,599,0,60,0
1990,34,2,0,0,0,0,785,1,40,0
1990,78,2,3,0,0,1,0,0,0,0
1990,62,1,2,0,0,1,23,3,40,0
1990,43,1,0,1,0,0,0,0,0,0
1990,39,2,0,1,0,0,463,2,20,0
1990,30,1,3,0,0,0,804,3,50,0
1990,22,1,3,0,0,0,585,2,40,0
1990,39,2,0,0,0,1,25,4,45,0
1990,42,1,0,0,0,0,243,3,50,0
1990,20,1,1,0,0,0,276,3,89,0
1990,41,1,0,0,0,0,217,1,40,0
1990,39,2,0,0,0,0,313,1,40,0
1990,33,1,1,0,0,0,486,0,40,0
1990,30,2,2,0,0,0,276,3,55,0
1990,70,1,0,0,0,1,53,0,40,0
1990,68,2,0,0,0,1,374,5,0,0
1990,40,1,0,0,0,1,57,1,40,1
1990,39,2,0,0,0,1,22,3,40,0
1990,51,1,0,0,0,0,565,0,40,0
1990,47,2,0,0,0,0,337,3,32,0
1990,20,1,1,0,0,0,444,3,40,0
1990,65,1,0,0,0,1,259,1,4,0
1990,67,2,0,0,0,1,0,0,0,0
1990,59,1,0,0,0,0,254,4,40,0
1990,58,2,0,0,0,0,274,3,28,0
1990,59,1,0,0,0,0,567,5,40,0
1990,61,2,0,0,0,0,313,5,26,0
1990,66,2,3,0,0,1,0,0,0,0
1990,42,2,1,1,0,0,719,1,40,0
1990,18,1,1,1,0,0,0,0,0,0
1990,55,1,0,0,0,1,254,4,60,0
1990,56,2,0,0,0,1,264,3,40,0
1990,37,1,0,0,0,1,178,5,60,1
1990,37,2,0,0,0,1,203,5,0,0
1990,54,1,2,0,0,0,17,4,40,0
1990,47,2,2,0,0,0,17,4,40,0
1990,64,1,0,0,0,1,188,1,0,0
1990,62,2,0,0,0,1,164,5,0,0
1990,73,1,0,0,0,1,0,0,0,0
1990,75,2,0,0,0,1,0,0,0,1
1990,48,1,0,0,0,0,0,0,0,0
1990,35,2,0,0,0,1,313,5,30,0
1990,39,1,0,0,0,1,558,0,0,0
1990,34,2,0,0,0,0,475,0,40,0
1990,36,1,0,0,0,0,516,0,30,0
1990,34,2,0,2,1,0,479,0,30,0
1990,67,1,3,3,0,0,0,0,0,0
1990,50,1,0,0,1,0,479,0,50,0
1990,46,2,0,0,1,0,479,0,40,0
1990,27,2,3,0,1,0,475,0,56,0
1990,35,1,2,0,1,0,479,0,45,0
1990,39,2,2,0,0,0,435,3,35,0
1990,51,1,0,0,0,1,28,3,60,0
1990,51,2,0,0,0,1,313,5,16,0
1990,65,1,3,0,0,0,653,1,40,0
1990,34,1,2,0,0,0,486,0,70,0
1990,28,2,1,0,0,1,156,5,80,0
1990,78,1,0,0,0,0,0,0,0,0
1990,75,2,0,0,0,0,0,0,0,0
1990,53,2,2,0,0,0,389,6,37,0
1990,44,2,0,0,0,1,167,5,40,0
1990,51,1,0,0,0,1,243,1,40,0
1990,70,1,0,0,0,0,567,0,55,0
1990,71,2,0,0,0,0,558,6,40,0
1990,57,1,0,0,0,1,253,4,30,0
1990,58,2,0,0,0,1,0,0,0,0
1990,28,1,1,0,0,1,23,5,40,0
1990,41,2,3,1,0,0,0,0,0,0
1990,20,2,1,1,0,0,0,0,0,0
1990,18,2,1,1,0,0,0,0,0,0
1990,54,1,3,1,0,0,479,0,50,0
1990,62,1,0,0,2,1,185,5,50,1
1990,58,2,0,0,0,1,313,1,48,0
1990,28,2,2,0,0,0,254,4,30,0
1990,62,2,0,1,0,1,0,0,0,0
1990,66,1,0,1,0,1,22,1,20,1
1990,69,1,0,0,0,1,0,0,0,1
1990,67,2,0,0,0,1,0,0,0,0
1990,64,2,3,0,0,1,0,0,0,0
1990,48,2,2,0,0,1,274,3,0,0
1990,73,2,3,0,0,1,0,0,0,0
1990,67,2,2,0,0,0,13,3,40,0
1990,38,2,0,0,0,1,175,4,48,0
1990,48,1,0,0,0,1,22,5,50,0
1990,34,2,2,0,0,0,434,3,36,0
1990,76,1,0,0,0,0,804,2,90,0
1990,67,2,0,0,0,0,0,0,0,0
1990,19,2,1,0,0,1,313,5,20,0
1990,20,1,1,0,0,0,549,4,40,0
1990,44,1,2,0,0,1,486,4,40,0
1990,32,1,0,0,0,1,455,4,40,0
1990,27,2,0,0,0,1,308,5,40,0
1990,42,1,0,0,1,1,558,0,50,0
1990,40,2,0,0,0,1,159,5,45,0
1990,77,1,0,0,0,0,197,5,50,1
1990,76,2,0,0,0,0,0,0,0,0
1990,66,1,0,0,0,1,0,0,0,0
1990,64,2,0,0,0,0,668,4,10,0
1990,42,1,2,0,0,1,303,0,40,0
1990,29,2,0,0,0,0,449,4,0,0
1990,32,1,0,0,0,0,498,0,45,0
1990,46,1,0,3,3,1,274,3,60,1
1990,48,2,0,3,3,0,274,3,40,0
1990,21,1,1,3,3,1,0,0,0,0
1990,58,2,0,0,0,0,313,4,0,0
1990,52,1,0,0,0,0,197,4,0,0
1990,46,1,0,0,0,1,259,1,45,0
1990,45,2,0,0,0,0,458,4,45,0
1990,40,1,0,0,0,1,263,3,40,0
1990,52,2,0,0,0,1,15,5,40,0
1990,25,2,1,0,0,1,157,5,40,0
1990,71,1,0,0,0,0,0,0,0,0
1990,71,2,0,0,0,0,0,0,0,0
1990,48,1,2,1,0,0,479,0,60,0
1990,62,1,0,0,0,0,797,1,0,0
1990,61,2,0,0,0,0,0,0,0,0
1990,28,1,0,2,1,0,804,0,45,0
1990,27,2,0,2,4,0,479,0,45,0
1990,30,1,1,0,1,0,479,0,40,0
1990,31,2,2,1,0,1,166,1,40,0
1990,58,1,0,1,0,1,343,3,20,0
1990,54,2,0,1,0,0,0,0,0,0
1990,25,1,1,1,0,1,523,6,50,0
1990,34,1,0,0,0,1,226,6,70,0
1990,25,2,0,0,0,0,143,5,0,0
1990,62,2,3,0,0,1,0,0,0,0
1990,56,1,0,0,0,0,877,1,55,0
1990,55,2,0,0,0,0,0,0,0,0
1990,35,1,0,0,0,0,307,1,48,0
1990,34,2,0,0,0,0,307,2,48,0
1990,58,1,3,0,0,0,823,2,60,0
1990,37,1,0,0,0,1,796,4,30,0
1990,39,2,0,0,0,1,37,6,40,0
1990,47,1,0,0,0,0,274,3,45,1
1990,47,2,0,0,0,1,257,1,0,0
1990,56,1,0,0,0,1,163,5,40,0
1990,45,2,0,0,0,1,243,3,40,0
1990,26,1,1,0,0,0,575,6,40,0
1990,47,1,0,0,0,1,547,1,40,0
1990,43,2,0,0,0,0,175,6,20,0
1990,47,2,2,0,0,1,274,3,69,0
1990,79,1,0,0,0,0,0,0,0,0
1990,70,2,0,0,0,0,0,0,0,0
1990,25,1,0,0,0,1,485,5,47,0
1990,25,2,0,0,0,1,337,4,40,0
1990,48,1,2,0,0,0,424,6,40,0
1990,31,1,1,1,0,0,869,0,40,0
1990,19,2,1,0,0,1,435,3,30,0
1990,70,2,3,0,1,0,379,6,20,0
1990,72,1,2,1,0,0,0,0,0,0
1990,67,1,1,1,0,0,0,0,0,0
1990,77,1,0,1,0,0,0,0,0,0
1990,79,2,0,1,0,0,0,0,0,0
1990,53,2,3,1,0,0,449,4,40,0
1990,55,1,0,0,0,1,243,3,60,0
1990,51,2,0,0,0,0,313,3,45,0
1990,28,1,1,0,0,1,259,3,50,0
1990,69,1,0,0,0,1,22,1,40,1
1990,62,2,0,0,0,0,14,5,0,0
1990,35,2,1,1,0,0,909,6,0,0
1990,35,1,1,1,0,0,505,4,48,0
1990,58,2,2,1,0,1,95,5,3,0
1990,78,2,1,0,0,0,389,3,4,0
1990,21,2,1,0,0,1,319,3,40,0
1990,36,1,2,0,0,1,573,0,40,0
1990,30,1,0,1,0,1,274,3,53,0
1990,28,2,0,1,0,1,95,5,40,0
1990,44,2,1,0,0,0,0,0,0,0
1990,23,1,0,0,0,0,904,6,40,0
1990,24,2,0,0,0,0,486,3,0,0
1990,63,1,0,0,0,1,365,1,40,0
1990,53,2,0,0,0,1,0,0,0,0
1990,31,1,2,0,0,0,22,0,40,0
1990,71,2,3,0,0,0,0,0,0,0
1990,40,2,2,1,0,1,26,6,40,0
1990,62,1,0,0,0,1,84,5,50,1
1990,59,2,0,0,0,0,337,5,7,0
1990,39,1,0,0,0,1,508,6,50,0
1990,41,2,0,0,0,1,95,5,5,0
1990,70,2,3,0,0,1,0,0,0,1
1990,28,2,2,0,0,1,305,2,40,0
1990,60,1,0,0,0,1,453,4,40,1
1990,59,2,0,0,0,0,276,5,0,0
1990,76,1,3,0,0,1,0,0,0,0
1990,28,1,0,0,0,1,905,6,60,0
1990,26,2,0,0,0,1,156,5,40,0
1990,34,1,0,0,0,1,373,1,40,0
1990,32,2,0,0,3,0,339,2,40,0
1990,32,2,2,3,0,1,29,3,50,0
1990,21,1,0,2,3,1,65,6,45,0
1990,25,2,0,0,0,0,904,6,50,0
1990,31,1,0,0,0,1,8,6,70,0
1990,29,2,0,0,0,1,318,6,0,0
1990,29,1,0,1,0,0,686,3,35,0
1990,31,2,0,1,0,1,376,5,37,0
1990,44,2,1,1,0,0,0,0,0,0
1990,21,2,1,1,0,0,276,3,4,0
1990,36,2,2,0,0,1,95,5,40,0
1990,54,1,1,0,0,0,0,0,0,0
1990,29,2,2,0,0,1,208,2,24,0
1990,41,1,2,0,0,0,804,2,40,0
1990,59,2,0,0,0,0,466,5,15,0
1990,61,1,0,0,0,0,476,0,25,0
1990,47,1,0,0,0,0,783,1,40,0
1990,45,2,0,0,0,0,313,5,35,0
1990,31,2,1,0,0,1,337,5,40,0
1990,53,1,0,0,0,0,783,1,40,0
1990,51,2,0,0,0,0,22,5,40,0
1990,40,1,0,0,0,0,804,2,42,0
1990,40,2,0,0,0,0,804,3,4,0
1990,36,1,0,0,0,1,178,5,60,1
1990,33,2,0,0,0,1,23,2,0,0
1990,61,1,2,1,0,1,354,2,0,0
1990,73,2,3,1,0,1,0,0,0,0
1990,59,1,3,1,0,0,486,5,80,0
1990,42,2,2,0,0,1,187,5,40,0
1990,79,2,3,0,0,0,0,0,0,0
1990,75,2,3,0,0,0,0,0,0,0
1990,76,1,0,0,0,1,0,0,0,0
1990,76,2,0,0,0,1,0,0,0,0
1990,72,2,3,0,0,0,0,0,0,0
1990,73,2,3,1,0,0,0,0,0,0
1990,47,1,0,0,0,0,475,0,50,0
1990,42,2,0,0,0,1,156,5,40,0
1990,57,2,2,0,0,1,156,5,40,0
1990,56,1,0,1,0,0,585,1,40,0
1990,50,2,0,1,0,0,449,4,40,0
1990,29,2,1,1,0,1,22,3,40,0
1990,28,2,1,1,0,1,156,5,25,0
1990,64,1,3,0,0,1,23,0,0,0
1990,47,1,0,0,0,0,307,4,45,0
1990,46,2,0,0,0,1,154,5,25,0
1990,20,1,1,0,0,1,274,3,15,0
1990,35,2,3,1,0,1,313,5,40,0
1990,21,1,1,0,0,0,418,6,60,0
1990,30,1,0,0,0,0,779,1,40,0
1990,30,2,0,0,0,0,0,0,0,0
1990,31,1,0,1,0,0,844,2,40,0
1990,32,2,0,1,0,1,348,2,37,0
1990,35,1,0,1,0,0,783,1,40,0
1990,30,2,0,1,0,0,368,4,35,0
1990,48,1,2,0,0,0,0,0,0,0
1990,23,2,1,0,0,0,479,0,0,0
1990,39,1,0,1,0,0,389,1,40,0
1990,37,2,0,1,0,0,156,5,40,0
1990,35,1,0,1,0,0,364,1,40,0
1990,32,2,0,1,0,0,785,1,40,0
1990,54,1,0,0,0,0,224,1,60,0
1990,52,2,0,0,0,0,0,0,0,0
1990,19,1,1,0,0,0,486,0,0,0
1990,27,1,1,0,0,0,475,0,40,0
1990,34,2,3,0,0,0,779,1,0,0
1990,42,1,1,0,0,0,804,1,40,0
1990,61,2,3,1,0,0,447,5,0,0
1990,37,1,1,1,0,0,475,0,0,0
1990,42,1,0,0,0,1,473,0,14,0
1990,34,2,0,0,0,1,234,4,30,0
1990,38,1,0,0,0,1,585,0,40,0
1990,30,2,0,0,2,1,105,5,0,0
1990,48,2,3,1,0,0,447,5,40,0
1990,22,1,1,1,0,0,308,1,40,0
1990,64,1,3,1,0,0,0,0,0,0
1990,65,1,3,0,0,0,475,0,40,0
1990,72,2,3,1,0,0,0,0,0,0
1990,40,1,2,1,0,0,599,0,40,0
1990,67,2,3,0,0,0,14,5,0,0
1990,30,1,0,1,0,0,417,4,40,0
1990,30,2,0,1,0,0,686,1,43,0
1990,38,1,1,0,0,1,308,4,40,0
1990,34,1,0,1,0,0,856,1,40,0
1990,34,2,0,1,0,0,764,1,43,0
1990,72,2,0,0,0,1,83,5,20,0
1990,61,1,0,0,0,0,783,3,40,0
1990,67,2,0,0,0,0,0,0,0,0
1990,74,2,3,0,0,0,473,0,3,0
1990,71,2,3,0,0,1,0,0,0,0
1990,33,2,2,0,0,0,808,5,40,0
1990,59,1,0,0,0,1,825,2,50,1
1990,55,2,0,0,0,0,0,0,0,0
1990,68,1,0,0,0,0,628,1,0,0
1990,64,2,0,0,0,0,0,0,0,0
1990,46,2,2,0,0,1,22,0,40,0
1990,20,1,1,0,0,0,869,0,20,0
1990,46,1,0,0,0,1,174,5,50,0
1990,33,2,0,0,0,1,174,5,40,0
1990,41,1,0,0,0,1,274,3,50,0
1990,42,2,0,0,0,1,386,1,40,0
1990,60,1,0,0,0,1,27,3,40,1
1990,60,2,0,0,0,1,97,3,50,0
1990,67,2,3,1,0,0,407,4,25,0
1990,55,2,2,0,0,0,379,3,40,0
1990,20,1,1,0,0,0,274,3,18,0
1990,56,1,0,1,0,0,373,6,40,0
1990,53,2,0,1,0,0,0,0,0,0
1990,31,2,1,1,0,0,484,0,40,0
1990,47,2,3,1,0,1,0,0,0,0
1990,24,1,1,1,0,0,0,0,0,0
1990,79,2,1,1,0,1,157,5,40,0
1990,21,1,0,0,0,1,269,3,40,0
1990,19,2,0,0,0,0,274,3,35,0
1990,30,1,0,0,3,1,904,6,40,0
1990,27,2,0,0,0,0,316,6,14,0
1990,44,2,2,1,0,0,436,5,27,0
1990,19,1,1,1,0,1,877,3,20,0
1990,26,2,2,0,0,0,14,5,43,0
1990,34,1,1,0,0,1,779,1,44,0
1990,65,2,2,0,0,0,744,1,0,0
1990,47,1,0,1,0,0,779,2,40,0
1990,42,2,0,1,0,0,0,0,0,0
1990,29,1,1,0,0,0,806,3,40,0
1990,26,1,0,0,0,0,475,0,40,0
1990,29,2,0,0,0,0,0,0,0,0
1990,75,2,3,0,0,0,0,0,0,0
1990,40,1,3,1,0,0,785,1,40,0
1990,21,2,1,1,0,0,686,1,40,0
1990,19,2,1,1,0,0,316,6,16,0
1990,22,1,1,1,0,0,518,1,40,0
1990,66,1,0,0,0,1,5,6,3,0
1990,70,2,0,0,0,1,525,4,0,0
1990,37,2,0,0,0,1,263,3,50,0
1990,38,1,0,0,0,0,0,0,0,0
1990,37,2,2,1,0,0,744,1,9,0
1990,47,2,3,1,0,0,488,3,40,0
1990,73,2,3,0,0,0,0,0,0,0
1990,59,2,3,0,0,0,5,6,40,1
1990,52,1,0,0,0,1,178,5,40,1
1990,42,2,0,0,0,1,313,2,55,0
1990,23,1,1,0,0,1,263,3,16,0
1990,71,2,3,1,0,0,0,0,0,0
1990,37,1,0,0,0,0,804,0,40,0
1990,29,2,0,0,0,0,0,0,0,0
1990,28,2,1,1,0,0,0,0,0,0
1990,46,1,1,1,0,0,475,0,40,0
1990,76,2,3,0,0,0,0,0,0,0
1990,48,2,2,0,0,0,447,5,0,0
1990,48,2,2,0,0,0,0,0,0,0
1990,56,1,0,0,0,0,18,4,40,0
1990,50,2,0,0,0,0,889,4,40,0
1990,54,2,2,0,0,1,155,5,40,0
1990,21,1,3,0,0,0,567,0,40,0
1990,49,1,1,0,0,0,909,6,0,0
1990,60,1,0,0,0,0,458,4,30,0
1990,66,2,0,0,0,1,156,5,0,0
1990,38,1,0,0,0,1,274,5,70,0
1990,38,2,0,0,0,1,185,3,30,0
1990,68,2,3,0,0,1,0,0,0,0
1990,34,1,0,0,0,1,856,1,40,0
1990,33,2,0,0,0,1,206,5,40,0
1990,30,1,1,0,0,0,709,1,40,0
1990,33,1,2,0,0,0,756,1,42,0
1990,74,2,3,1,0,0,0,0,0,0
1990,23,1,0,0,0,0,877,3,40,0
1990,19,2,0,0,0,0,276,3,40,0
1990,63,1,0,0,0,1,338,0,0,0
1990,59,2,0,0,0,1,95,1,40,0
1990,33,1,1,0,0,1,259,3,40,0
1990,61,2,1,0,0,0,0,0,0,0
1990,42,1,0,0,0,0,804,2,65,0
1990,40,2,0,0,0,1,22,4,31,0
1990,68,2,3,0,0,0,466,5,28,0
1990,71,1,0,0,0,0,0,0,0,0
1990,72,2,0,0,0,0,0,0,0,0
1990,41,2,1,0,0,1,178,5,40,0
1990,54,2,3,1,0,1,156,5,40,0
1990,26,1,0,0,0,0,423,6,40,0
1990,20,2,0,0,0,0,335,1,40,0
1990,53,1,0,1,0,0,453,1,40,0
1990,50,2,0,1,0,0,739,1,40,0
1990,42,1,2,0,0,0,785,1,0,0
1990,37,1,0,0,0,1,174,6,40,0
1990,36,2,0,0,0,1,156,5,40,0
1990,43,1,0,0,0,0,453,4,40,0
1990,39,2,0,0,0,1,453,4,30,0
1990,18,1,1,0,0,0,453,4,40,0
1990,27,1,0,0,0,1,783,1,55,0
1990,19,2,0,0,0,0,738,1,40,0
1990,19,1,1,0,0,0,653,6,20,0
1990,57,2,2,0,0,0,744,1,40,0
1990,24,1,0,0,0,0,579,0,30,0
1990,21,2,0,3,0,0,319,2,20,0
1990,26,1,3,0,0,0,804,2,40,0
1990,35,2,1,1,0,1,567,6,45,0
1990,42,1,0,0,0,1,9,1,48,0
1990,42,2,0,0,0,0,313,5,12,0
1990,33,1,0,0,0,1,657,3,60,0
1990,23,2,0,0,0,1,95,5,40,0
1990,35,1,2,3,0,1,243,3,40,0
1990,36,2,2,0,0,0,207,5,40,0
1990,58,1,0,0,0,0,426,1,30,0
1990,52,2,0,0,0,0,243,3,0,0
1990,63,1,0,0,0,0,804,5,40,0
1990,55,2,0,0,0,0,0,0,0,0
1990,53,1,0,0,0,0,804,2,0,0
1990,50,2,0,0,0,0,739,1,40,0
1990,59,2,3,0,0,0,0,0,0,0
1990,31,1,2,0,0,1,653,1,50,0
1990,79,1,0,0,0,0,0,0,0,0
1990,66,2,0,0,0,0,0,0,0,0
1990,80,1,0,1,0,0,0,0,0,0
1990,71,2,0,1,0,0,0,0,0,0
1990,34,2,0,1,0,0,0,0,0,0
1990,38,1,0,1,0,0,0,0,0,0
1990,54,2,3,0,2,1,337,3,20,0
1990,47,1,0,0,0,1,529,2,50,0
1990,44,2,0,0,0,1,155,5,40,0
1990,73,1,0,0,0,0,0,0,0,0
1990,69,2,0,0,0,0,0,0,0,0
1990,77,2,3,0,0,1,154,5,0,1
1990,42,1,3,0,0,1,263,3,50,0
1990,64,1,0,0,0,0,274,3,40,0
1990,60,2,0,0,0,0,313,5,35,0
1990,42,1,1,1,0,0,0,0,0,0
1990,35,1,0,1,0,0,779,1,43,0
1990,29,2,0,1,0,0,637,1,40,0
1990,67,2,3,1,0,0,0,0,0,0
1990,61,2,3,1,0,0,407,4,45,0
1990,78,2,3,1,0,0,0,0,0,0
1990,66,2,0,1,0,0,337,6,0,0
1990,71,1,0,1,0,0,426,5,40,0
1990,44,2,3,1,0,0,686,1,0,0
1990,19,2,1,1,0,0,276,3,14,0
1990,21,2,1,0,0,1,276,3,40,0
1990,50,1,2,0,0,0,479,0,40,0
1990,38,1,1,0,0,1,23,5,50,1
1990,30,2,1,1,0,0,449,4,0,0
1990,25,1,1,1,0,0,436,5,40,0
1990,51,1,0,1,0,0,825,2,40,0
1990,46,2,0,1,0,0,5,6,40,0
1990,25,1,3,1,0,0,889,1,47,0
1990,21,1,1,1,0,0,188,5,30,0
1990,19,1,1,1,0,0,436,3,35,0
1990,27,1,1,0,0,0,547,4,12,0
1990,24,2,2,0,0,0,308,5,30,0
1990,31,2,1,0,0,1,188,4,40,0
1990,63,1,0,0,0,1,178,5,50,1
1990,61,2,0,0,0,0,379,5,0,0
1990,66,1,0,0,0,1,0,0,0,0
1990,25,2,0,0,0,1,0,0,0,0
1990,46,1,0,0,0,1,254,4,40,0
1990,42,2,0,0,0,1,156,5,35,0
1990,67,1,0,0,0,1,284,4,25,0
1990,61,2,0,0,0,1,285,4,10,0
1990,32,1,1,0,0,0,453,3,4,0
1990,67,1,0,0,0,1,274,3,30,0
1990,62,2,0,0,0,0,313,1,24,0
1990,33,2,3,0,0,0,303,3,36,0
1990,65,1,0,1,0,0,669,4,60,1
1990,62,2,0,1,0,1,156,5,35,0
1990,29,1,2,0,3,1,57,1,40,0
1990,36,1,0,1,0,0,777,1,40,0
1990,41,2,0,1,0,0,436,3,40,0
1990,23,2,1,1,0,0,436,3,0,0
1990,28,2,2,1,0,1,5,6,40,0
1990,59,2,3,1,0,0,407,4,16,0
1990,35,2,3,1,0,1,435,3,32,0
1990,47,2,3,0,0,0,337,5,37,0
1990,21,2,1,0,0,1,0,0,0,0
1990,36,1,0,1,0,0,355,2,40,0
1990,36,2,0,1,0,0,888,1,40,0
1990,18,1,1,1,0,0,436,3,20,0
1990,29,1,0,0,0,1,176,5,40,0
1990,23,2,0,0,0,1,156,5,40,0
1990,48,1,0,0,0,0,687,1,45,0
1990,47,2,0,0,0,0,426,3,40,0
1990,18,1,0,0,0,0,877,3,28,0
1990,23,2,1,1,0,0,0,0,0,0
1990,39,1,0,0,0,1,95,5,40,1
1990,36,2,0,0,0,1,447,5,40,0
1990,63,2,3,0,0,0,337,4,0,0
1990,38,1,1,0,0,1,95,5,16,0
1990,44,1,0,0,0,1,628,1,45,0
1990,32,2,0,0,0,0,15,5,45,0
1990,34,1,0,0,0,1,84,5,50,1
1990,30,2,0,0,0,1,95,5,4,0
1990,28,2,1,0,0,1,98,5,40,0
1990,36,2,3,1,0,1,154,5,40,0
1990,40,1,3,0,1,1,904,6,52,0
1990,79,1,2,0,2,0,657,3,40,0
1990,47,1,0,0,0,1,253,4,46,0
1990,43,2,0,0,0,1,37,5,40,0
1990,22,2,1,0,0,1,308,3,40,0
1990,18,1,1,0,0,0,486,0,40,0
1990,46,1,0,3,3,1,84,5,50,1
1990,43,2,0,3,4,1,216,5,40,0
1990,43,1,0,0,0,0,243,3,60,1
1990,45,2,0,0,0,0,319,5,0,0
1990,58,2,3,0,0,0,808,5,15,0
1990,37,1,3,0,0,0,856,1,48,0
1990,40,1,0,0,0,1,95,5,40,0
1990,37,2,0,0,0,0,336,5,40,0
1990,50,1,0,0,0,0,558,0,40,0
1990,43,2,0,0,0,0,337,3,42,0
1990,45,2,2,0,0,0,308,4,40,0
1990,49,1,0,0,0,0,825,2,8,0
1990,40,2,0,0,0,0,243,3,40,0
1990,18,1,0,0,0,0,507,1,40,0
1990,31,1,1,1,0,0,563,0,48,0
1990,57,1,0,0,0,1,259,3,40,1
1990,54,2,0,0,0,1,156,5,40,0
1990,34,1,0,1,0,1,785,1,40,0
1990,40,2,0,1,0,0,444,3,40,0
1990,23,1,1,1,0,0,887,3,50,0
1990,40,1,0,0,0,1,415,4,60,0
1990,38,2,0,0,0,0,458,4,45,0
1990,37,1,0,0,0,0,307,6,40,0
1990,33,2,0,0,2,0,308,4,40,0
1990,30,1,0,1,0,1,186,6,45,0
1990,24,2,0,0,0,1,208,2,42,0
1990,42,1,0,1,0,1,157,5,40,0
1990,39,2,0,1,0,0,328,3,40,0
1990,40,1,0,3,3,1,84,6,40,0
1990,35,2,0,3,3,1,95,5,40,0
1990,41,1,0,0,0,1,95,5,44,0
1990,39,2,0,0,0,1,95,5,24,0
1990,71,2,2,0,0,1,0,0,0,0
1990,26,1,0,0,0,0,534,3,40,0
1990,26,2,0,0,0,0,447,5,0,0
1990,30,1,1,1,0,0,0,0,0,0
1990,63,1,0,0,0,0,505,3,0,0
1990,63,2,0,0,0,0,0,0,0,0
1990,19,1,1,0,2,1,523,6,78,0
1990,25,1,3,2,0,1,228,6,40,0
1990,19,1,1,0,0,0,348,6,30,0
1990,22,2,1,1,0,1,348,6,60,0
1990,20,1,1,0,0,1,228,6,10,0
1990,25,1,0,0,0,1,189,6,40,0
1990,24,2,0,0,0,1,877,3,0,0
1990,52,1,2,0,0,0,567,0,40,0
1990,61,1,2,1,0,0,274,3,40,0
1990,37,1,0,0,0,1,695,2,40,1
1990,37,2,0,0,0,1,379,1,40,0
1990,34,1,0,0,0,1,243,3,50,1
1990,32,2,0,0,0,1,156,5,45,0
1990,53,1,0,1,0,0,453,4,0,0
1990,51,2,0,1,0,0,0,0,0,0
1990,62,1,2,0,0,0,0,0,0,0
1990,65,2,2,1,0,0,447,5,0,0
1990,39,2,1,1,0,0,785,1,40,0
1990,22,1,1,1,0,0,769,1,48,0
1990,20,1,1,1,0,0,889,1,40,0
1990,33,2,2,1,0,0,887,1,48,0
1990,23,2,1,1,0,0,889,1,40,0
1990,67,2,3,0,0,0,0,0,0,0
1990,60,1,0,0,0,0,804,2,45,0
1990,52,2,0,0,0,0,436,5,30,0
1990,43,1,0,0,0,1,27,2,45,0
1990,41,2,0,0,0,1,458,3,0,0
1990,42,1,0,0,0,1,824,2,40,0
1990,40,2,0,0,0,0,313,5,35,0
1990,67,2,2,1,0,0,453,5,0,0
1990,46,1,0,0,0,1,243,3,40,0
1990,31,2,0,0,0,1,313,5,0,0
1990,21,2,1,0,0,0,877,1,0,0
1990,69,1,3,0,0,1,174,5,20,0
1990,66,2,3,1,0,0,0,0,0,0
1990,19,1,0,1,0,0,779,1,48,0
1990,19,2,0,1,0,0,435,3,30,0
1990,24,1,1,1,0,0,0,0,0,0
1990,64,1,0,0,0,0,0,0,0,0
1990,62,2,0,0,0,0,0,0,0,0
1990,68,1,3,0,0,0,254,4,0,0
1990,28,1,0,1,0,0,27,6,45,0
1990,25,2,0,1,0,1,276,2,25,0
1990,67,2,2,0,0,1,406,4,40,0
1990,45,1,2,0,0,1,274,3,48,0
1990,43,1,2,0,0,1,904,6,76,0
1990,67,2,3,1,0,0,0,0,0,0
1990,37,1,2,1,0,0,756,1,40,0
1990,52,2,3,1,0,0,449,5,40,0
1990,50,2,3,1,0,0,447,5,40,0
1990,74,2,3,0,0,1,0,0,0,0
1990,26,1,1,0,0,1,903,6,12,0
1990,60,1,0,0,0,0,0,0,0,0
1990,53,2,0,0,0,0,0,0,0,0
1990,39,1,0,0,0,1,27,6,30,0
1990,41,2,0,0,0,1,22,5,37,0
1990,26,1,0,0,0,1,904,6,60,0
1990,24,2,0,0,0,1,0,0,0,0
1990,29,2,2,0,0,1,243,3,45,0
1990,55,2,2,0,0,0,303,6,25,0
1990,24,2,1,0,0,0,337,4,40,0
1990,31,2,2,0,0,0,458,4,6,0
1990,79,2,3,0,0,0,0,0,0,0
1990,27,1,0,0,0,1,903,6,50,0
1990,27,2,0,0,0,1,156,5,40,0
1990,39,2,2,1,0,0,0,0,0,0
1990,18,1,1,1,0,0,0,0,0,0
1990,44,1,2,0,0,0,567,0,40,0
1990,47,2,3,0,0,0,866,0,25,0
1990,64,2,3,0,0,1,0,0,0,0
1990,70,2,3,0,0,0,0,0,0,0
1990,31,1,0,0,0,1,156,5,50,0
1990,33,2,0,3,3,0,0,0,0,0
1990,37,1,0,1,0,1,243,3,55,0
1990,32,2,0,1,0,1,458,4,40,0
1990,39,2,3,1,0,0,449,5,40,0
1990,35,2,2,1,0,0,338,1,40,0
1990,30,2,3,1,0,0,274,3,40,0
1990,37,1,0,1,0,0,276,3,40,0
1990,38,2,0,1,0,0,315,6,40,0
1990,18,1,1,1,0,0,887,4,0,0
1990,68,1,0,0,0,0,22,4,40,0
1990,53,2,0,0,0,1,22,4,40,0
1990,44,1,0,0,0,1,213,1,40,1
1990,44,2,0,0,0,0,243,3,7,0
1990,20,1,1,0,0,0,783,0,40,0
1990,18,1,1,0,0,1,877,3,5,0
1990,54,2,3,1,0,0,447,5,40,0
1990,62,2,0,0,0,1,0,0,0,0
1990,56,1,0,0,0,1,849,4,40,0
1990,29,2,1,0,0,0,436,3,40,0
1990,35,2,3,1,0,0,447,5,40,0
1990,57,2,2,1,0,1,0,0,0,0
1990,44,1,0,0,0,1,426,5,60,0
1990,36,2,0,0,0,1,22,4,40,0
1990,19,1,1,0,0,0,904,6,40,0
1990,54,1,0,0,0,0,853,1,40,0
1990,42,2,0,0,0,0,744,1,40,0
1990,18,1,1,0,0,0,0,0,0,0
1990,19,2,1,0,0,0,435,5,50,0
1990,36,1,0,0,0,0,22,0,40,0
1990,36,2,0,0,0,0,18,4,40,0
1990,59,2,3,0,0,0,0,0,0,0
1990,55,1,0,0,0,0,505,1,40,0
1990,45,2,0,0,0,1,9,2,37,0
1990,23,1,1,0,0,0,505,3,40,0
1990,46,1,0,0,0,0,785,1,40,0
1990,43,2,0,0,0,0,29,3,0,0
1990,26,1,1,0,0,0,804,3,45,0
1990,26,1,0,0,0,1,426,4,40,0
1990,25,2,0,0,0,0,447,6,90,0
1990,32,1,0,0,0,1,176,5,50,0
1990,29,2,0,0,0,1,156,5,40,0
1990,29,1,0,0,0,0,567,0,30,0
1990,31,2,0,0,0,0,0,0,0,0
1990,25,1,0,0,0,0,259,1,60,0
1990,24,2,0,0,0,0,197,4,40,0
1990,44,1,0,0,0,1,529,2,50,0
1990,43,2,0,0,0,1,0,0,0,0
1990,54,1,0,0,0,0,243,3,70,0
1990,50,2,0,0,0,0,0,0,0,0
1990,61,1,0,0,0,0,414,6,50,0
1990,55,2,0,0,0,0,0,0,0,0
1990,48,2,3,0,0,0,337,3,40,0
1990,59,1,0,0,0,1,264,3,30,0
1990,53,2,0,0,0,0,436,3,24,0
1990,40,1,0,0,0,0,22,4,45,0
1990,38,2,0,0,0,0,327,2,40,0
1990,59,1,0,0,0,0,549,3,40,0
1990,58,2,0,0,0,0,0,0,0,0
1990,30,1,0,0,0,1,274,5,40,0
1990,29,2,0,0,0,1,156,5,10,0
1990,40,1,0,0,0,1,417,0,40,0
1990,39,2,0,0,0,1,275,4,40,0
1990,42,2,0,0,0,1,0,0,0,0
1990,61,1,0,0,0,0,257,0,40,1
1990,20,2,1,0,0,1,383,4,28,0
1990,24,1,1,0,0,1,259,3,44,0
1990,62,1,0,0,0,1,426,4,20,0
1990,62,2,0,0,0,1,0,0,0,0
1990,39,1,0,0,0,1,229,3,20,0
1990,34,2,0,0,0,0,0,0,0,0
1990,28,1,0,0,0,1,259,1,50,1
1990,26,2,0,0,0,0,313,4,40,0
1990,57,1,0,0,0,0,769,1,65,0
1990,56,2,0,0,0,0,447,5,52,0
1990,37,1,0,0,0,1,25,4,45,0
1990,30,2,0,0,0,0,323,2,40,0
1990,63,2,3,0,0,0,0,0,0,0
1990,73,1,3,0,0,0,0,0,0,0
1990,49,1,0,0,0,0,417,6,56,0
1990,45,2,0,0,0,0,0,0,0,0
1990,56,1,2,0,0,0,453,6,40,0
1990,20,1,1,0,0,0,866,6,40,0
1990,47,1,2,0,0,1,436,3,40,0
1990,32,1,1,0,0,1,27,4,47,0
1990,44,1,2,0,0,1,174,5,40,0
1990,44,1,2,0,0,0,243,3,40,0
1990,48,1,0,0,0,0,844,0,40,0
1990,43,2,0,0,0,0,744,1,40,0
1990,25,2,3,0,0,0,436,5,0,0
1990,33,1,0,0,0,0,514,4,30,0
1990,31,2,0,0,0,0,278,1,25,0
1990,26,1,0,0,0,0,785,1,50,0
1990,23,2,0,0,0,0,747,4,40,0
1990,24,1,0,0,0,0,505,3,0,0
1990,26,2,0,0,0,0,337,3,40,0
1990,73,2,0,0,0,0,0,0,0,0
1990,59,1,0,0,0,0,768,0,40,0
1990,26,1,0,0,0,1,27,1,50,0
1990,24,2,0,0,0,1,888,3,35,0
1990,59,1,0,0,0,0,888,3,40,0
1990,58,2,0,0,0,0,319,5,40,0
1990,50,1,0,1,0,1,628,1,40,0
1990,48,2,0,1,0,1,95,5,40,0
1990,61,2,2,0,0,1,17,3,40,0
1990,76,2,3,0,0,0,0,0,0,0
1990,71,1,0,0,0,0,0,0,0,0
1990,66,2,0,0,0,0,749,1,0,0
1990,37,1,0,0,0,0,479,0,40,0
1990,33,2,0,0,0,0,744,1,40,0
1990,75,2,3,0,0,0,0,0,0,0
1990,51,1,0,0,0,0,567,0,0,0
1990,50,2,0,0,0,1,426,1,40,0
1990,25,2,2,0,0,0,628,1,42,0
1990,45,1,0,0,0,0,856,1,50,0
1990,37,2,0,0,0,0,744,1,50,0
1990,22,2,1,0,0,0,364,1,40,0
1990,21,2,1,0,0,0,566,1,50,0
1990,28,1,1,0,0,1,575,1,48,0
1990,59,1,0,0,0,0,365,1,40,0
1990,57,2,0,0,0,0,376,3,30,0
1990,40,1,2,0,0,0,243,3,40,0
1990,36,1,0,0,0,1,303,1,70,0
1990,36,2,0,0,0,0,265,3,27,0
1990,52,2,3,0,0,0,0,0,0,0
1990,59,1,0,0,0,1,243,3,20,0
1990,56,2,0,0,0,0,0,0,0,0
1990,49,1,0,0,0,0,744,1,40,0
1990,46,2,0,0,0,0,8,1,40,0
1990,20,1,1,0,0,1,436,3,32,0
1990,18,1,1,0,0,0,436,3,0,0
1990,54,1,0,0,0,0,505,4,40,0
1990,50,2,0,0,0,0,0,0,0,0
1990,22,2,0,0,0,1,798,1,46,0
1990,24,1,0,0,0,0,889,1,45,0
1990,21,1,0,0,0,0,856,1,40,0
1990,19,2,0,0,0,0,313,2,40,0
1990,23,1,0,0,0,0,856,1,48,0
1990,22,2,0,0,0,0,276,3,40,0
1990,38,1,1,0,0,0,628,1,0,0
1990,64,1,2,0,0,0,779,3,0,0
1990,36,1,0,0,0,0,856,1,40,0
1990,31,2,0,0,0,0,679,4,40,0
1990,32,1,1,0,0,0,869,0,40,0
1990,43,1,0,0,0,0,527,2,45,0
1990,43,2,0,0,0,0,0,0,0,0
1990,44,1,0,0,0,0,628,1,50,0
1990,44,2,0,0,0,0,796,1,40,0
1990,80,1,0,0,0,0,0,0,0,0
1990,76,2,0,0,0,0,0,0,0,0
1990,46,1,0,0,0,1,749,1,40,0
1990,44,2,0,0,0,0,779,1,52,0
1990,20,1,1,0,0,1,738,1,40,0
1990,28,1,0,0,0,1,13,1,40,0
1990,26,2,0,0,0,1,406,4,40,0
1990,70,1,0,0,0,0,0,0,0,0
1990,67,2,0,0,0,0,628,1,60,0
1990,29,2,1,0,0,0,276,3,50,0
1990,34,1,0,0,0,0,744,1,45,0
1990,33,2,0,0,0,1,744,1,40,0
1990,68,1,0,0,2,0,0,0,0,0
1990,72,2,0,0,0,0,0,0,0,0
1990,67,1,0,0,0,0,0,0,0,0
1990,64,2,0,0,0,0,447,5,40,0
1990,24,1,2,0,0,0,783,0,40,0
1990,70,1,3,0,0,0,0,0,0,0
1990,38,2,2,0,0,1,207,5,40,0
1990,47,1,0,0,0,0,783,1,40,0
1990,46,2,0,0,0,0,387,5,30,0
1990,20,2,1,0,0,1,436,3,30,0
1990,47,1,2,0,0,0,523,3,40,0
1990,36,2,2,0,0,0,274,3,40,0
1990,69,1,0,0,0,0,0,0,0,0
1990,72,2,0,0,0,0,0,0,0,0
1990,72,1,0,0,0,0,0,0,0,0
1990,62,2,0,0,0,0,0,0,0,0
1990,41,1,0,0,0,1,255,4,50,0
1990,34,2,0,0,0,1,338,4,0,0
1990,25,1,1,0,0,1,22,3,70,0
1990,32,1,1,0,0,0,628,1,40,0
1990,71,1,0,0,0,0,0,0,0,0
1990,61,2,0,0,0,0,777,1,0,0
1990,57,1,2,0,0,0,0,0,0,0
1990,37,1,0,0,0,1,486,0,40,0
1990,37,2,0,0,0,1,203,5,45,0
1990,26,1,0,0,0,0,804,2,45,0
1990,21,2,0,0,0,0,25,4,0,0
1990,59,1,0,0,0,1,25,4,40,0
1990,57,2,0,0,0,0,313,5,40,0
1990,55,2,2,0,0,1,21,5,58,0
1990,20,1,1,0,0,0,188,1,40,0
1990,38,1,0,1,0,0,637,1,40,0
1990,35,2,0,1,0,0,769,1,40,0
1990,47,1,2,0,0,1,259,3,45,0
1990,36,1,0,0,0,1,22,0,60,0
1990,48,2,0,0,0,1,628,1,50,0
1990,57,1,0,0,0,0,844,0,40,0
1990,50,2,0,0,0,0,0,0,0,0
1990,19,1,1,0,0,0,804,3,50,0
1990,36,2,0,0,0,0,744,1,40,0
1990,44,1,0,0,0,0,514,4,50,0
1990,32,1,0,0,0,0,844,0,40,0
1990,31,2,0,0,0,0,387,5,35,0
1990,25,1,0,0,0,1,22,4,40,0
1990,24,2,0,0,0,1,389,3,40,0
1990,34,1,2,0,0,0,567,0,0,0
1990,34,2,1,1,0,0,877,1,40,0
1990,63,2,1,1,0,0,0,0,0,0
1990,18,2,1,1,0,0,276,3,27,0
1990,43,1,1,1,0,0,783,1,40,0
1990,77,2,3,0,0,0,0,0,0,0
1990,46,2,2,0,0,1,458,4,0,0
1990,22,1,1,0,0,0,579,4,40,0
1990,52,2,2,0,0,0,243,3,50,0
1990,33,1,1,0,0,0,677,1,40,0
1990,60,1,0,0,0,0,804,0,40,0
1990,71,2,0,0,0,0,315,6,40,0
1990,30,1,0,0,0,0,577,2,40,0
1990,29,2,0,0,0,0,0,0,0,0
1990,67,1,0,0,0,0,365,1,14,0
1990,65,2,0,0,0,1,378,4,0,0
1990,50,1,0,0,0,0,628,1,60,0
1990,39,2,0,0,0,1,156,5,20,0
1990,65,1,0,0,0,1,176,5,68,0
1990,59,2,0,0,0,1,336,6,40,0
1990,68,2,2,0,0,1,21,5,0,0
1990,46,1,1,1,0,0,887,3,20,0
1990,30,1,0,0,0,0,424,6,44,0
1990,28,2,0,0,0,1,744,1,45,0
1990,34,1,0,1,0,0,22,1,42,0
1990,37,2,0,1,0,0,738,1,32,0
1990,38,1,0,0,0,0,785,1,40,0
1990,38,2,0,0,0,0,14,5,38,0
1990,39,1,0,0,0,0,595,0,20,0
1990,36,2,0,0,0,0,595,0,40,0
1990,18,1,1,0,0,0,595,0,40,0
1990,20,1,3,0,0,0,0,0,0,0
1990,72,1,3,0,0,1,53,0,40,0
1990,62,1,0,0,0,1,628,1,40,1
1990,36,2,0,0,0,1,365,1,24,0
1990,68,2,0,0,0,1,164,5,16,0
1990,72,1,0,0,0,1,549,5,28,0
1990,29,2,0,0,0,1,156,5,50,0
1990,29,1,0,0,0,1,216,1,40,0
1990,36,1,2,0,0,0,453,3,60,0
1990,39,2,2,1,0,0,739,1,40,0
1990,19,1,1,1,0,1,874,1,40,0
1990,57,1,0,0,0,0,355,2,60,0
1990,43,2,0,0,0,0,0,0,0,0
1990,25,1,2,0,0,0,766,1,24,0
1990,46,2,3,1,0,0,0,0,0,0
1990,20,1,1,1,0,1,0,0,0,0
1990,40,1,1,1,0,0,0,0,0,0
1990,72,2,3,0,0,0,0,0,0,0
1990,76,1,1,0,0,1,0,0,0,0
1990,30,1,0,0,2,1,903,6,40,0
1990,25,2,0,0,0,1,276,3,40,0
1990,31,2,3,1,0,0,385,5,40,0
1990,66,1,0,0,0,0,804,0,0,0
1990,57,2,0,0,0,0,0,0,0,0
1990,61,2,3,0,0,0,447,5,40,0
1990,34,2,3,0,0,0,243,3,20,0
1990,34,1,0,0,0,0,517,4,40,0
1990,34,2,0,0,0,1,203,5,40,0
1990,26,1,0,0,0,1,154,5,20,0
1990,28,2,0,0,0,1,235,5,13,0
1990,37,1,0,0,1,1,167,5,45,0
1990,36,2,0,0,0,1,99,5,30,0
1990,31,1,2,0,0,0,259,3,40,0
1990,67,1,0,0,0,0,888,1,70,0
1990,63,2,0,0,0,0,0,0,0,0
1990,21,1,1,0,0,0,486,5,40,0
1990,66,1,0,0,0,0,453,2,32,0
1990,59,2,0,0,0,0,628,1,40,0
1990,54,2,2,1,0,1,888,1,0,0
1990,29,1,1,1,0,1,174,5,40,0
1990,76,2,3,0,0,0,0,0,0,0
1990,21,1,1,0,0,1,804,3,24,0
1990,55,2,3,0,0,0,748,4,40,0
1990,57,1,1,0,0,1,22,4,60,0
1990,56,1,0,0,0,1,23,5,50,0
1990,52,2,0,0,0,1,156,5,8,0
1990,24,1,1,0,0,0,853,2,40,0
1990,31,1,1,0,0,0,804,3,45,0
1990,44,1,0,0,0,1,525,3,40,0
1990,42,2,0,0,0,0,0,0,0,0
1990,18,1,1,0,0,0,175,4,23,0
1990,36,1,0,0,0,0,208,2,40,0
1990,36,2,0,0,0,1,95,5,24,0
1990,31,1,0,0,0,0,363,1,40,0
1990,26,2,0,0,0,0,347,4,40,0
1990,27,1,0,0,0,0,877,3,40,0
1990,27,2,0,0,0,0,385,5,40,0
1990,36,1,0,0,0,1,156,5,56,0
1990,36,2,0,0,0,1,376,6,40,0
1990,48,1,0,0,0,0,567,0,30,0
1990,42,2,0,0,0,0,453,4,0,0
1990,36,1,0,0,0,1,157,5,40,0
1990,34,2,0,0,0,1,383,4,0,0
1990,35,1,0,0,0,1,259,3,40,0
1990,29,2,0,0,0,1,37,3,0,0
1990,28,1,0,0,2,1,529,2,45,0
1990,28,2,0,0,0,1,375,4,40,0
1990,34,1,0,0,0,1,307,1,50,0
1990,36,2,0,0,0,0,438,3,40,0
1990,42,1,0,0,0,1,5,6,55,0
1990,44,2,0,0,0,0,337,5,40,0
1990,19,2,1,0,0,0,274,3,60,0
1990,18,2,1,0,0,1,265,3,20,0
1990,27,2,0,0,0,0,264,3,25,0
1990,33,1,0,0,0,0,357,1,40,0
1990,38,1,0,0,0,0,759,4,40,0
1990,31,2,0,0,0,0,234,3,40,0
1990,55,1,0,0,0,0,276,3,0,0
1990,55,2,0,0,0,0,744,1,40,0
1990,77,2,0,0,0,0,0,0,0,0
1990,42,1,0,0,0,0,549,0,40,0
1990,39,2,0,0,0,1,315,5,40,0
1990,20,1,1,0,0,0,567,0,0,0
1990,61,1,3,0,0,0,22,1,40,1
1990,51,1,0,0,0,0,533,4,48,0
1990,46,2,0,0,0,0,518,1,40,0
1990,48,1,1,0,0,1,653,0,50,0
1990,35,1,3,1,0,0,496,1,0,0
1990,50,1,0,0,0,0,486,0,40,0
1990,57,2,0,0,0,0,0,0,0,0
1990,32,1,1,0,0,1,84,5,40,0
1990,24,2,1,0,0,1,95,5,36,0
1990,72,1,0,0,0,0,0,0,0,0
1990,70,2,0,0,0,0,0,0,0,0
1990,35,2,1,1,0,1,243,3,35,0
1990,32,2,1,1,0,0,0,0,0,0
1990,72,2,3,0,0,0,628,1,0,0
1990,22,1,1,0,1,1,243,3,30,0
1990,21,1,1,0,1,1,0,0,0,0
1990,25,1,1,0,0,1,579,0,40,0
1990,24,1,1,0,4,1,567,0,24,0
1990,19,1,1,0,2,1,877,3,40,0
1990,24,2,1,3,3,1,444,3,45,0
1990,18,2,1,1,0,1,276,3,30,0
1990,20,2,1,1,0,1,0,0,0,0
1990,22,1,1,0,0,1,154,5,35,0
1990,19,2,1,0,0,0,276,3,15,0
1990,21,1,1,0,0,1,473,0,30,0
1990,31,2,1,1,0,0,447,5,40,0
1990,21,1,1,0,0,1,0,0,0,0
1990,21,1,1,0,0,1,366,2,40,0
1990,21,1,1,0,0,1,0,0,0,0
1990,21,1,1,0,0,1,213,5,20,0
1990,21,1,1,0,0,1,0,0,0,0
1990,19,1,1,0,0,1,235,4,40,0
1990,47,1,0,0,0,0,759,3,30,0
1990,46,2,0,0,0,0,14,5,40,0
1990,30,1,0,1,0,0,216,5,40,0
1990,28,2,0,1,0,0,796,1,40,0
1990,21,2,1,0,0,1,216,5,30,0
1990,23,2,1,0,0,1,579,0,10,0
1990,24,2,1,0,0,1,224,5,10,0
1990,21,2,1,0,0,1,435,3,25,0
1990,23,2,1,0,0,1,144,5,45,0
1990,44,1,2,1,0,0,453,2,42,0
1990,19,1,1,0,0,1,313,3,40,0
1990,19,1,1,0,0,0,883,3,30,0
1990,20,1,1,0,0,1,877,3,35,0
1990,22,1,1,0,0,1,274,3,25,0
1990,23,1,1,0,0,1,3,6,40,0
1990,22,1,1,0,0,1,889,1,40,0
1990,39,1,0,0,0,1,256,2,40,0
1990,37,2,0,0,0,1,14,5,30,0
1990,54,1,0,0,0,1,22,1,55,0
1990,53,2,0,0,0,1,25,4,45,0
1990,31,1,1,0,0,1,188,5,30,0
1990,73,1,0,0,0,0,0,0,0,1
1990,56,2,0,0,0,0,447,5,0,0
1990,21,2,1,0,0,1,435,3,30,0
1990,19,1,1,0,0,1,0,0,0,0
1990,20,1,1,0,0,1,274,3,15,0
1990,21,1,1,0,0,1,384,1,40,0
1990,43,1,0,0,0,0,529,2,40,0
1990,42,2,0,0,0,0,319,6,40,0
1990,78,2,3,0,0,0,0,0,0,0
1990,18,1,1,0,0,0,276,3,20,0
1990,76,1,0,0,0,1,0,0,0,0
1990,76,2,0,0,0,1,0,0,0,0
1990,29,2,0,0,0,1,207,5,40,0
1990,30,1,0,0,0,0,628,1,40,0
1990,43,1,0,0,0,1,125,5,40,0
1990,42,2,0,0,0,0,275,3,20,0
1990,73,2,3,0,0,0,283,3,20,0
1990,20,1,1,1,0,1,889,4,45,0
1990,33,2,2,0,0,1,156,5,45,0
1990,52,1,0,1,0,0,447,5,56,0
1990,49,2,0,1,0,1,156,5,40,0
1990,18,2,1,1,0,1,274,3,18,0
1990,47,1,0,1,0,0,203,5,40,0
1990,45,2,0,1,0,0,447,5,40,0
1990,23,1,1,1,0,1,266,3,40,0
1990,24,2,1,1,0,1,387,5,40,0
1990,55,1,2,0,0,0,505,4,48,0
1990,36,1,3,1,0,0,563,0,0,0
1990,24,1,1,0,0,1,856,1,40,0
1990,25,2,1,0,0,1,243,3,25,0
1990,59,2,0,1,0,0,453,5,30,0
1990,61,1,0,1,0,0,856,0,40,0
1990,20,1,1,0,0,0,473,0,0,0
1990,35,1,0,0,0,1,359,2,50,0
1990,36,2,0,0,0,0,313,4,40,0
1990,40,1,0,0,0,1,475,0,70,0
1990,37,2,0,0,0,0,308,4,20,0
1990,77,2,3,1,0,0,0,0,0,0
1990,33,2,2,1,0,1,0,0,0,0
1990,55,1,2,1,0,0,549,1,40,0
1990,32,2,1,1,0,1,207,5,40,0
1990,27,1,2,1,0,0,804,0,40,0
1990,28,1,0,1,0,0,447,5,45,0
1990,25,2,0,1,0,0,447,5,0,0
1990,56,2,3,1,0,0,0,0,0,0
1990,28,1,0,0,0,0,613,0,55,0
1990,29,2,0,0,0,1,274,3,0,0
1990,26,1,0,1,0,0,804,0,40,0
1990,20,2,0,1,0,0,0,0,0,0
1990,41,1,2,0,0,0,243,3,90,1
1990,29,2,2,0,0,0,276,3,38,0
1990,35,1,0,1,0,0,516,0,40,0
1990,33,2,0,1,0,0,447,5,40,0
1990,74,1,3,0,0,0,0,0,0,0
1990,77,1,0,1,0,0,426,0,40,0
1990,80,2,0,1,0,0,447,5,25,0
1990,74,1,0,0,0,1,475,0,17,1
1990,75,2,0,0,0,1,0,0,0,0
1990,32,1,0,0,0,0,558,0,50,0
1990,32,2,0,0,0,0,8,3,40,0
1990,39,1,1,1,0,0,616,0,48,0
1990,34,2,3,1,0,0,744,1,40,0
1990,20,2,3,1,0,0,276,3,6,0
1990,45,2,2,1,0,0,744,1,0,0
1990,75,1,0,0,0,0,0,0,0,0
1990,72,2,0,0,0,0,0,0,0,0
1990,53,1,2,0,0,0,426,1,55,0
1990,72,2,3,0,0,0,0,0,0,0
1990,59,2,3,1,0,0,208,5,40,0
1990,29,2,0,0,0,0,0,0,0,0
1990,30,1,0,0,0,0,558,0,40,0
1990,58,1,3,2,1,0,579,1,48,0
1990,25,1,1,2,1,1,23,5,40,0
1990,23,1,1,2,1,1,779,1,43,0
1990,19,1,1,2,1,1,453,1,48,0
1990,38,1,0,0,0,0,889,1,40,0
1990,35,2,0,0,0,0,458,4,28,0
1990,36,1,0,0,0,0,355,2,40,0
1990,38,2,0,0,0,1,356,5,45,0
1990,23,1,1,0,0,0,785,1,40,0
1990,34,2,1,0,0,1,436,3,45,0
1990,43,1,0,0,0,1,23,5,50,1
1990,41,2,0,0,0,1,156,5,40,0
1990,64,1,0,1,0,0,809,2,0,0
1990,58,2,0,1,0,0,436,5,40,0
1990,36,2,2,1,0,0,104,5,0,0
1990,39,1,0,0,0,1,448,4,45,0
1990,35,2,0,0,0,1,313,4,40,0
1990,35,1,0,0,0,0,549,6,40,0
1990,31,2,0,0,0,1,229,5,40,0
1990,27,2,2,1,0,1,156,5,30,0
1990,69,1,0,0,0,0,379,4,50,0
1990,65,2,0,0,0,0,348,5,0,0
1990,53,1,0,0,0,1,243,3,0,0
1990,42,2,0,0,0,1,0,0,0,0
1990,43,1,1,0,0,1,283,5,40,0
1990,52,1,1,0,0,1,903,6,45,1
1990,43,1,1,0,0,1,259,3,40,0
1990,50,1,1,0,0,1,903,6,60,1
1990,28,1,0,1,0,0,447,5,40,0
1990,28,2,0,1,0,0,22,5,0,0
1990,48,1,2,0,0,1,128,5,40,0
1990,44,1,0,0,0,0,43,5,40,0
1990,41,2,0,0,0,0,7,4,42,0
1990,21,1,1,0,0,1,514,3,40,0
1990,75,2,3,1,0,0,0,0,0,0
1990,35,2,0,1,0,0,707,1,31,0
1990,38,1,0,1,0,0,747,3,40,0
1990,27,2,1,1,0,0,207,5,0,0
1990,18,1,1,1,0,0,444,3,0,0
1990,36,1,0,1,0,0,783,1,40,0
1990,32,2,0,1,0,0,796,1,40,0
1990,20,2,1,1,0,0,467,5,20,0
1990,35,1,1,0,0,1,134,5,35,0
1990,20,2,1,1,0,0,436,3,40,0
1990,27,1,1,1,0,0,706,1,40,0
1990,20,2,1,0,0,1,435,3,35,0
1990,36,1,1,0,0,1,263,3,44,0
1990,53,1,0,0,0,1,156,5,40,0
1990,54,2,0,0,2,1,156,5,40,0
1990,19,2,1,0,0,1,159,4,36,0
1990,67,2,2,0,0,1,377,6,19,0
1990,40,2,1,0,3,1,313,6,40,0
1990,66,1,3,0,0,0,0,0,0,0
1990,39,1,2,0,0,1,22,1,50,1
1990,26,1,1,2,1,0,479,0,60,0
1990,51,1,0,0,0,0,503,1,40,0
1990,50,2,0,0,0,0,744,1,40,0
1990,23,1,1,0,0,0,453,3,40,0
1990,47,1,0,0,0,0,453,3,40,0
1990,48,2,0,0,0,0,0,0,0,0
1990,62,1,0,0,0,0,744,1,48,0
1990,58,2,0,0,0,0,447,5,40,0
1990,70,1,0,0,0,0,479,0,30,0
1990,69,2,0,0,0,0,0,0,0,0
1990,65,1,0,0,0,0,475,0,40,0
1990,61,2,0,0,0,0,458,4,0,0
1990,50,1,0,0,0,0,235,5,40,0
1990,47,2,0,0,0,1,156,5,40,0
1990,20,2,1,0,0,1,276,3,15,0
1990,33,1,3,0,0,0,518,4,30,0
1990,56,1,0,1,0,0,727,1,40,0
1990,52,2,0,1,0,1,447,5,40,0
1990,29,1,1,1,0,0,727,1,30,0
1990,22,2,1,1,0,0,447,5,40,0
1990,49,1,0,0,0,0,208,2,80,0
1990,43,2,0,0,0,0,156,5,33,0
1990,25,2,3,0,1,0,479,0,46,0
1990,23,1,3,0,1,1,859,1,40,0
1990,70,1,0,0,0,0,473,0,50,0
1990,67,2,0,0,0,0,0,0,0,0
1990,59,2,3,1,0,0,389,4,40,0
1990,58,1,2,1,0,0,0,0,0,0
1990,21,1,0,0,0,0,785,1,45,0
1990,20,2,0,0,0,0,23,3,37,0
1990,19,2,2,0,0,0,436,3,0,0
1990,27,2,0,0,0,1,313,5,40,0
1990,28,1,0,0,0,0,628,1,40,0
1990,37,1,0,0,0,1,315,6,40,0
1990,36,2,0,0,0,0,789,1,40,0
1990,18,1,0,0,0,0,274,3,32,0
1990,18,2,0,0,0,0,0,0,0,0
1990,60,1,3,0,0,0,364,3,24,0
1990,35,2,3,0,0,0,0,0,0,0
1990,33,1,1,1,0,0,628,1,40,0
1990,34,2,1,1,0,0,889,1,40,0
1990,37,1,0,0,0,0,878,1,37,0
1990,35,2,0,0,0,0,276,3,32,0
1990,36,1,0,0,0,0,22,3,40,0
1990,32,2,0,0,0,0,319,5,0,0
1990,23,1,3,0,0,0,514,3,32,0
1990,37,2,3,1,0,0,744,1,40,0
1990,26,1,1,0,0,0,779,1,40,0
1990,25,2,2,0,0,0,738,1,46,0
1990,46,1,0,0,0,0,488,0,0,0
1990,44,2,0,0,0,0,436,3,45,0
1990,54,2,3,0,0,1,0,0,0,0
1990,67,1,0,0,0,1,0,0,0,0
1990,56,2,0,0,0,1,0,0,0,0
1990,41,2,1,1,0,0,744,1,40,0
1990,24,1,1,1,0,0,727,1,40,0
1990,21,1,1,1,0,0,727,1,40,0
1990,21,2,1,1,0,0,276,3,40,0
1990,36,1,1,1,0,0,585,0,40,0
1990,40,1,2,0,0,0,637,0,48,0
1990,71,1,0,0,0,0,475,0,40,0
1990,69,2,0,0,0,0,0,0,0,0
1990,33,1,0,1,0,1,227,6,40,0
1990,35,2,0,1,0,1,0,0,0,0
1990,37,1,0,0,0,1,904,6,50,0
1990,34,2,0,0,0,1,0,0,0,0
1990,50,1,0,0,0,1,5,6,40,0
1990,47,2,0,0,0,0,316,6,16,0
1990,22,2,1,0,0,1,316,5,40,0
1990,20,1,1,0,0,0,436,3,30,0
1990,18,1,1,0,0,0,0,0,0,0
1990,24,1,1,1,0,0,597,0,0,0
1990,20,1,0,0,0,1,515,6,50,0
1990,18,2,0,0,0,0,469,3,15,0
1990,20,1,0,0,0,0,637,1,47,0
1990,20,2,0,0,0,0,17,3,40,0
1990,59,1,0,0,0,1,22,0,50,0
1990,55,2,0,0,0,0,0,0,0,0
1990,37,1,0,0,0,0,263,3,50,1
1990,39,2,0,0,0,1,263,3,50,0
1990,32,2,3,1,0,0,0,0,0,0
1990,28,1,0,0,0,0,567,3,50,0
1990,25,2,0,0,0,0,208,3,40,0
1990,42,2,0,1,0,0,889,0,60,0
1990,57,1,0,1,0,0,479,0,48,0
1990,72,1,2,0,0,0,436,3,20,0
1990,78,2,3,0,0,0,447,5,42,0
1990,54,2,2,0,0,1,447,5,35,0
1990,44,2,2,0,0,0,383,4,38,0
1990,18,2,1,0,0,0,744,1,38,0
1990,76,2,2,0,0,1,0,0,0,0
1990,60,1,0,0,0,0,0,0,0,0
1990,50,2,0,0,0,0,447,5,40,0
1990,51,2,3,0,0,1,95,5,40,0
1990,22,1,1,0,0,1,0,0,0,0
1990,67,2,1,0,0,0,0,0,0,0
1990,60,1,0,0,0,0,417,6,0,0
1990,56,2,0,0,0,1,447,5,40,0
1990,80,2,3,0,0,0,0,0,0,0
1990,26,1,0,0,0,0,365,5,40,0
1990,25,2,0,0,0,0,313,1,40,0
1990,65,1,0,0,0,0,637,2,0,0
1990,65,2,0,0,0,0,436,5,0,0
1990,63,1,0,0,0,0,785,1,46,0
1990,58,2,0,0,0,0,796,1,0,0
1990,34,1,0,0,0,0,869,0,40,0
1990,36,2,0,0,0,0,22,3,40,0
1990,19,2,1,0,0,0,883,3,40,0
1990,44,1,0,1,0,0,518,1,40,0
1990,40,2,0,1,0,1,156,5,40,0
1990,61,1,1,0,0,0,0,0,0,0
1990,66,1,0,0,0,0,885,3,11,0
1990,29,2,0,0,0,0,159,5,7,0
1990,49,1,2,1,0,0,804,2,0,0
1990,23,2,1,1,0,1,0,0,0,0
1990,59,2,3,1,0,0,686,1,40,0
1990,64,1,0,0,0,0,856,1,48,0
1990,55,2,0,0,0,0,447,5,40,0
1990,59,2,2,0,0,0,0,0,0,0
1990,27,1,0,0,0,0,747,1,40,0
1990,22,2,0,0,0,0,744,1,40,0
1990,35,1,0,0,0,0,804,1,60,0
1990,36,2,0,0,0,0,496,1,50,0
1990,34,1,0,0,0,0,856,1,40,0
1990,29,2,0,0,0,0,0,0,0,0
1990,37,1,1,0,0,0,889,1,40,0
1990,71,1,0,0,0,0,473,0,60,1
1990,56,2,0,0,0,1,473,0,38,1
1990,36,1,0,0,0,0,804,2,10,1
1990,41,2,0,0,0,1,804,2,80,1
1990,72,2,3,0,0,0,0,0,0,0
1990,42,1,0,0,0,0,585,0,20,0
1990,32,2,0,0,0,1,453,5,40,0
1990,72,1,0,0,0,0,0,0,0,0
1990,61,2,0,0,0,0,0,0,0,0
1990,38,1,0,0,0,0,453,5,40,0
1990,36,2,0,3,3,1,484,3,40,0
1990,29,1,0,0,0,0,785,1,50,0
1990,28,2,0,0,0,1,22,4,40,0
1990,74,1,0,0,0,0,644,1,4,0
1990,63,2,0,0,0,1,95,5,50,0
1990,30,2,0,0,0,1,365,3,40,0
1990,27,1,0,0,0,0,365,0,56,0
1990,20,1,0,0,0,1,599,1,40,0
1990,23,2,0,0,0,1,364,3,40,0
1990,41,1,0,0,0,0,417,6,40,0
1990,42,2,0,0,0,1,253,4,40,0
1990,38,1,1,0,0,1,533,1,40,0
1990,26,2,2,0,0,0,744,1,40,0
1990,50,2,0,0,0,0,243,3,39,0
1990,50,1,0,0,0,0,804,2,70,0
1990,33,2,1,0,0,1,29,3,40,0
1990,29,2,1,0,0,0,337,3,40,0
1990,62,2,2,0,0,0,0,0,0,0
1990,35,1,2,0,0,1,804,3,40,0
1990,27,1,1,0,0,1,22,1,50,0
1990,46,1,0,0,0,0,0,0,0,0
1990,42,2,0,0,0,0,0,0,0,0
1990,18,1,1,0,0,0,0,0,0,0
1990,21,2,2,0,0,0,379,5,40,0
1990,30,2,1,0,0,1,243,3,40,0
1990,26,1,0,3,0,0,426,4,40,0
1990,33,2,0,0,0,0,313,6,40,0
1990,64,1,0,0,0,0,849,0,0,0
1990,67,2,0,0,0,1,337,4,0,0
1990,19,2,1,1,0,0,744,1,36,0
1990,29,1,0,0,0,1,628,1,40,0
1990,26,2,0,0,0,1,195,2,40,0
1990,35,1,3,1,0,1,588,0,0,0
1990,76,2,3,0,0,0,0,0,0,0
1990,43,1,0,1,0,0,213,6,0,0
1990,39,2,0,1,0,1,229,2,40,0
1990,23,2,1,1,0,0,0,0,0,0
1990,79,2,3,1,0,0,0,0,0,0
1990,56,1,0,0,0,0,804,4,40,0
1990,50,2,0,0,0,0,744,1,50,0
1990,68,1,3,0,0,1,37,5,40,0
1990,68,2,3,0,0,1,0,0,0,0
1990,34,1,0,1,0,0,883,1,64,0
1990,36,2,0,1,0,0,888,1,47,0
1990,53,2,3,1,0,0,447,5,40,0
1990,35,1,0,0,0,1,259,1,35,1
1990,34,2,0,0,0,1,274,3,20,0
1990,35,2,3,1,0,0,449,4,40,0
1990,36,1,0,0,0,1,25,4,40,1
1990,36,2,0,0,0,1,264,3,10,0
1990,45,1,2,0,0,0,354,2,40,0
1990,31,1,0,1,0,0,447,5,40,0
1990,28,2,0,1,0,0,683,1,40,0
1990,34,2,1,1,0,0,744,1,0,0
1990,68,1,0,0,0,1,155,5,60,0
1990,68,2,0,0,0,1,155,5,60,0
1990,38,1,0,1,0,0,567,0,40,0
1990,37,2,0,1,0,0,444,5,38,0
1990,28,1,0,0,0,1,156,5,55,0
1990,24,2,0,0,0,0,479,0,10,0
1990,67,2,3,1,0,0,0,0,0,0
1990,21,2,1,1,0,0,0,0,0,0
1990,46,2,1,1,0,0,0,0,0,0
1990,44,1,0,0,0,0,628,1,36,0
1990,34,2,0,0,0,0,674,1,36,0
1990,76,2,3,0,0,0,0,0,0,0
1990,68,1,2,1,0,0,0,0,0,0
1990,35,1,0,0,0,0,804,2,40,0
1990,29,2,0,0,0,0,313,5,40,0
1990,79,2,3,1,0,0,0,0,0,0
1990,46,2,0,0,0,0,777,1,40,0
1990,48,1,0,0,0,0,889,1,40,0
1990,27,1,0,0,0,1,176,5,60,0
1990,26,2,0,0,0,1,164,5,40,0
1990,70,1,0,0,0,0,263,3,40,0
1990,69,2,0,0,0,0,0,0,0,0
1990,56,2,1,1,0,0,243,3,40,0
1990,36,1,0,0,0,0,526,4,50,0
1990,32,2,0,0,0,0,667,1,40,0
1990,53,1,0,1,0,0,447,5,40,0
1990,43,2,0,1,0,0,0,0,0,0
1990,23,1,1,1,0,1,174,5,40,0
1990,47,1,0,0,0,0,0,0,0,0
1990,48,2,0,0,0,0,744,1,40,0
1990,33,1,0,0,0,0,479,0,60,0
1990,30,2,0,0,0,0,337,3,40,0
1990,35,1,0,0,0,0,0,0,0,0
1990,36,2,0,0,0,0,0,0,0,0
1990,62,1,0,0,0,0,59,6,40,0
1990,58,2,0,0,0,1,313,4,35,0
1990,49,1,0,0,0,0,628,3,45,0
1990,46,2,0,0,0,0,467,5,40,0
1990,34,1,2,3,0,0,554,0,60,0
1990,72,2,3,0,0,0,0,0,0,0
1990,75,2,3,0,0,0,0,0,0,0
1990,61,2,3,0,0,0,0,0,0,0
1990,38,2,2,0,0,1,487,0,45,0
1990,21,1,1,0,1,0,479,0,9,0
1990,28,1,0,0,0,0,766,0,55,0
1990,19,2,0,0,0,0,436,5,0,0
1990,66,1,0,0,0,1,243,3,40,0
1990,53,2,0,0,0,1,0,0,0,0
1990,67,1,0,0,0,0,473,0,28,0
1990,63,2,0,0,0,1,95,5,40,0
1990,51,1,3,0,1,0,417,6,53,0
1990,43,1,0,0,0,0,628,1,40,0
1990,27,2,0,0,0,1,156,5,24,0
1990,75,2,3,1,0,0,0,0,0,0
1990,76,2,3,0,0,0,0,0,0,0
1990,42,1,0,1,0,1,785,1,40,0
1990,41,2,0,1,0,0,744,1,40,0
1990,22,2,1,1,0,0,514,1,40,0
1990,19,2,1,1,0,1,0,0,0,0
1990,26,1,0,0,0,0,505,3,45,0
1990,23,2,0,0,0,0,385,6,40,0
1990,34,1,0,0,0,0,507,3,0,0
1990,34,2,0,0,0,0,744,1,40,0
1990,49,2,2,1,0,0,0,0,0,0
1990,51,2,0,1,0,0,0,0,0,0
1990,58,1,0,1,0,0,486,1,0,0
1990,46,1,0,0,0,1,96,3,40,1
1990,44,2,0,0,0,1,458,4,40,0
1990,66,2,3,0,0,0,22,3,0,0
1990,35,1,1,0,0,0,447,5,0,0
1990,31,1,1,0,0,0,514,4,0,0
1990,29,1,1,0,0,0,0,0,0,0
1990,78,1,0,0,0,0,595,0,20,0
1990,78,2,0,0,0,0,468,4,14,0
1990,28,1,0,0,0,0,804,3,50,0
1990,21,2,0,0,0,0,744,1,40,0
1990,65,1,2,0,0,1,0,0,0,1
1990,66,1,0,1,0,1,14,5,0,0
1990,65,2,0,1,0,1,0,0,0,0
1990,66,1,0,1,0,0,727,1,40,0
1990,63,2,0,1,0,0,0,0,0,0
1990,37,1,0,0,0,0,628,0,40,0
1990,28,2,0,0,0,0,313,0,40,0
1990,63,1,0,1,0,0,479,0,30,0
1990,67,2,0,1,0,0,0,0,0,0
1990,35,1,0,0,0,1,259,3,62,0
1990,31,2,0,0,0,1,204,5,32,0
1990,62,2,3,1,0,0,0,0,0,0
1990,21,2,1,1,0,0,744,1,40,0
1990,30,1,3,1,0,0,779,1,40,0
1990,70,1,0,1,0,0,0,0,0,0
1990,68,2,0,1,0,0,0,0,0,0
1990,67,1,0,0,0,0,489,0,40,0
1990,58,2,0,0,0,0,0,0,0,0
1990,44,2,0,0,0,1,84,3,0,0
1990,43,1,0,0,0,1,22,0,70,1
1990,64,1,0,0,0,0,0,0,0,0
1990,62,2,0,0,0,0,0,0,0,0
1990,18,1,1,0,0,0,479,0,8,0
1990,40,2,2,1,0,1,156,5,37,0
1990,25,1,1,1,0,0,438,1,40,0
1990,52,2,3,1,0,0,15,5,40,0
1990,20,2,1,1,0,1,276,3,20,0
1990,49,1,2,1,0,0,364,3,40,0
1990,43,2,2,1,0,0,744,1,40,0
1990,26,1,1,1,0,0,473,0,65,0
1990,25,1,1,1,0,0,734,1,40,0
1990,68,1,0,0,0,0,804,1,20,0
1990,61,2,0,0,0,0,447,5,40,0
1990,37,2,2,0,0,1,23,3,50,0
1990,77,2,3,0,0,0,0,0,0,0
1990,55,1,1,0,0,0,0,0,0,0
1990,60,2,2,0,0,1,0,0,0,0
1990,73,2,3,0,0,0,0,0,0,0
1990,50,1,2,1,0,0,869,0,40,0
1990,20,1,1,1,0,0,0,0,0,0
1990,59,2,3,1,0,0,779,1,40,0
1990,30,1,0,0,0,0,804,2,40,0
1990,35,2,0,0,0,0,744,1,40,0
1990,43,1,0,0,0,1,259,3,50,0
1990,42,2,0,0,0,1,159,1,40,0
1990,18,2,1,0,0,0,274,3,20,0
1990,18,2,1,0,0,0,319,4,40,0
1990,18,1,1,0,0,1,365,3,40,0
1990,23,1,1,0,0,1,585,0,45,0
1990,26,1,1,0,0,1,357,4,40,0
1990,25,1,1,0,0,1,869,0,50,0
1990,31,1,1,0,0,1,17,3,50,0
1990,21,2,1,0,0,1,443,5,20,0
1990,20,2,1,0,0,1,435,3,30,0
1990,20,2,1,0,0,1,383,4,40,0
1990,19,2,1,0,0,1,344,4,38,0
1990,50,1,2,0,0,1,25,4,45,1
1990,48,1,0,1,0,1,243,3,40,0
1990,45,2,0,1,0,0,777,1,40,0
1990,34,1,0,0,0,0,558,0,40,0
1990,29,2,0,0,0,1,808,5,15,0
1990,27,1,0,0,0,0,869,0,40,0
1990,23,2,0,0,0,0,796,2,0,0
1990,80,1,0,1,0,0,475,0,0,0
1990,71,2,0,1,0,0,0,0,0,0
1990,29,1,0,0,0,0,779,1,40,0
1990,22,2,0,0,0,0,0,0,0,0
1990,63,2,3,0,0,0,266,3,20,0
1990,37,1,0,0,0,1,535,2,38,0
1990,32,2,0,0,0,1,254,4,32,0
1990,36,1,0,1,0,1,424,6,40,0
1990,37,2,0,1,0,0,744,1,0,0
1990,49,2,0,0,0,1,22,1,35,1
1990,53,1,0,0,0,1,22,2,0,0
1990,21,2,1,0,0,1,313,1,20,0
1990,75,2,3,1,0,0,0,0,0,0
1990,54,1,0,0,0,1,176,5,50,0
1990,61,2,0,0,0,1,0,0,0,0
1990,68,1,0,0,0,0,473,0,20,0
1990,63,2,0,0,0,0,666,4,40,0
1990,35,1,1,0,0,1,558,0,40,0
1990,22,2,2,0,0,0,439,3,40,0
1990,47,1,2,0,0,0,637,1,40,0
1990,42,1,1,1,0,1,0,0,0,0
1990,52,1,0,0,0,0,475,0,40,0
1990,54,2,0,0,0,0,808,2,10,0
1990,39,1,0,0,0,0,768,1,40,0
1990,37,2,0,0,0,0,447,5,40,0
1990,69,1,0,0,0,0,0,0,0,0
1990,68,2,0,0,0,0,0,0,0,0
1990,37,1,0,0,0,0,417,6,72,0
1990,33,2,0,0,0,1,156,5,35,0
1990,39,1,0,0,0,1,84,5,40,0
1990,34,2,0,0,0,1,154,5,30,0
1990,38,1,0,0,0,0,885,3,0,0
1990,21,2,0,0,0,0,744,1,40,0
1990,28,1,0,0,0,0,804,2,40,0
1990,20,2,0,0,0,0,785,1,40,0
1990,47,1,0,1,0,0,453,6,40,1
1990,32,2,0,1,0,0,744,1,40,0
1990,32,1,3,0,1,1,453,5,0,0
1990,59,1,0,0,0,1,23,6,40,1
1990,60,2,0,0,0,0,0,0,0,0
1990,57,1,2,0,0,0,0,0,0,0
1990,64,2,2,0,0,0,0,0,0,0
1990,22,2,3,1,0,0,475,0,2,0
1990,24,2,3,0,0,1,253,4,40,0
1990,24,1,1,1,0,0,0,0,0,0
1990,35,1,3,1,0,0,877,2,48,0
1990,26,2,1,1,0,0,744,1,40,0
1990,19,2,1,1,0,0,0,0,0,0
1990,43,1,0,0,0,0,804,2,70,0
1990,27,2,0,0,2,0,276,3,40,0
1990,58,1,3,0,0,0,473,0,30,0
1990,36,1,0,0,0,0,503,3,40,0
1990,32,2,0,0,0,0,744,1,40,0
1990,30,2,0,0,0,1,17,3,50,0
1990,36,1,0,0,0,1,33,0,40,0
1990,47,1,0,0,0,0,475,0,20,0
1990,47,2,0,0,0,0,379,4,0,0
1990,29,1,2,0,0,0,0,0,0,0
1990,25,1,1,0,0,0,0,0,0,0
1990,19,1,1,0,0,0,0,0,0,0
1990,39,1,0,0,0,1,208,2,65,0
1990,28,2,0,0,0,1,447,5,40,0
1990,19,2,3,0,0,1,447,5,40,0
1990,32,1,0,0,0,1,13,1,44,0
1990,29,2,0,0,0,1,319,5,40,0
1990,31,1,0,0,0,1,243,3,70,0
1990,32,2,0,0,0,1,313,2,40,0
1990,30,2,2,1,0,0,0,0,0,0
1990,43,2,2,0,0,0,796,1,20,0
1990,44,2,2,1,0,1,744,1,40,0
1990,48,1,0,0,0,1,558,0,40,0
1990,42,2,0,0,0,1,313,2,40,0
1990,61,1,0,0,0,1,226,2,0,1
1990,59,2,0,0,0,1,243,3,40,0
1990,32,2,2,0,0,1,558,6,40,0
1990,45,1,2,0,0,1,84,5,41,0
1990,57,1,0,0,0,1,23,5,50,1
1990,57,2,0,0,0,0,379,5,0,0
1990,40,1,2,0,0,1,217,5,40,0
1990,43,1,0,0,0,1,64,3,44,0
1990,43,2,0,0,0,1,95,5,40,0
1990,20,2,1,0,0,1,163,5,20,0
1990,68,2,3,0,0,0,365,3,20,0
1990,39,1,0,3,3,1,259,1,40,1
1990,38,2,0,3,3,1,0,0,0,0
1990,28,1,0,0,0,1,259,3,40,0
1990,34,2,0,0,0,1,158,5,40,0
1990,45,2,2,0,0,1,463,2,20,1
1990,53,1,2,0,0,1,226,2,20,1
1990,46,1,0,0,0,0,63,5,50,1
1990,44,2,0,0,0,0,337,6,40,0
1990,19,2,1,0,0,0,274,3,48,0
1990,64,1,0,0,0,0,0,0,0,0
1990,59,2,0,0,0,0,274,3,40,0
1990,33,2,2,0,0,0,274,3,32,0
1990,42,2,0,0,0,1,156,5,40,0
1990,43,1,0,0,0,1,156,5,48,1
1990,41,1,0,0,0,1,22,2,42,0
1990,37,2,0,0,0,1,243,3,40,0
1990,46,1,0,0,0,1,303,2,48,0
1990,46,2,0,0,0,0,303,6,40,0
1990,25,2,3,0,0,0,313,2,40,0
1990,32,1,0,0,0,1,637,2,45,0
1990,30,2,0,0,0,1,0,0,0,0
1990,54,2,2,0,0,0,748,4,35,0
1990,55,1,0,0,2,1,22,1,45,0
1990,55,2,0,0,1,0,379,5,0,0
1990,19,2,1,0,0,1,264,3,20,0
1990,65,1,0,0,0,0,276,4,40,0
1990,61,2,0,0,0,0,888,1,40,0
1990,34,1,0,0,0,0,806,2,40,0
1990,35,2,0,0,0,0,337,5,20,0
1990,69,1,0,0,0,1,0,0,0,0
1990,71,2,0,0,0,0,313,3,24,0
1990,57,1,0,0,0,0,515,2,0,0
1990,58,2,0,0,0,0,318,2,0,0
1990,32,2,2,0,0,0,373,3,40,0
1990,23,1,0,0,0,0,613,0,70,0
1990,22,2,0,0,0,0,779,3,0,0
1990,36,1,0,0,0,1,17,3,50,0
1990,33,2,0,0,0,1,313,3,20,0
1990,42,2,2,0,0,0,327,1,40,0
1990,18,2,1,0,0,0,329,5,25,0
1990,37,1,0,0,0,1,36,6,40,0
1990,35,2,0,0,2,1,278,3,0,0
1990,33,1,0,0,0,0,579,6,40,0
1990,33,2,0,0,0,1,229,6,40,0
1990,25,2,0,0,0,0,337,1,40,0
1990,31,1,0,0,0,0,505,4,40,0
1990,65,1,2,0,0,1,597,0,32,0
1990,26,2,3,0,0,0,435,3,40,0
1990,64,2,0,0,0,0,254,4,40,0
1990,71,1,0,0,0,0,575,3,0,0
1990,24,2,2,0,0,1,318,2,60,0
1990,39,2,2,1,0,0,323,6,40,0
1990,78,2,3,0,0,0,0,0,0,0
1990,43,1,0,0,0,0,417,6,90,0
1990,40,2,0,0,0,0,22,5,40,0
1990,19,1,1,0,0,0,259,3,40,0
1990,76,2,3,0,0,0,744,1,40,0
1990,37,1,0,0,0,0,824,2,40,0
1990,37,2,0,0,0,0,303,2,40,0
1990,37,1,0,0,2,1,23,5,70,0
1990,34,2,0,0,0,1,313,3,40,0
1990,29,1,2,0,0,1,178,5,60,1
1990,34,2,1,0,0,1,156,5,40,0
1990,34,1,0,0,0,1,84,5,40,1
1990,30,2,0,0,0,0,313,5,0,0
1990,43,1,2,0,0,0,585,0,50,0
1990,18,1,1,0,0,0,486,0,30,0
1990,44,1,3,0,0,0,585,0,40,0
1990,59,1,0,0,0,1,547,4,44,0
1990,57,2,0,0,0,0,313,4,0,0
1990,49,1,0,0,0,1,503,1,15,0
1990,46,2,0,0,0,0,276,3,25,0
1990,36,1,0,0,0,0,516,0,55,0
1990,34,2,0,0,0,1,9,3,48,0
1990,40,2,3,1,0,0,314,6,40,0
1990,32,1,0,0,0,1,426,2,40,0
1990,29,2,0,0,0,1,177,5,37,0
1990,36,1,0,0,0,1,525,2,40,0
1990,33,2,0,0,0,1,468,5,66,0
1990,27,1,1,0,0,1,653,2,40,0
1990,48,1,0,0,0,0,534,0,40,0
1990,45,2,0,0,0,0,0,0,0,0
1990,21,1,1,0,0,0,534,0,40,0
1990,37,1,0,0,1,1,243,3,0,0
1990,27,2,0,0,0,0,25,6,40,0
1990,61,1,0,0,0,0,804,2,70,1
1990,52,2,0,0,0,0,0,0,0,0
1990,23,1,0,0,0,0,856,2,40,0
1990,26,2,0,0,0,0,276,3,40,0
1990,68,2,3,0,0,1,313,5,40,0
1990,45,1,0,0,0,0,804,2,50,0
1990,40,2,0,0,0,0,447,5,28,0
1990,64,1,0,0,0,0,804,2,50,0
1990,55,2,0,0,0,0,274,3,32,0
1990,64,1,0,0,0,1,22,1,40,0
1990,58,2,0,0,0,1,254,4,37,0
1990,77,1,3,0,0,0,0,0,0,0
1990,36,1,0,0,0,1,226,2,40,0
1990,32,2,0,0,0,1,318,2,55,0
1990,37,1,0,0,0,0,804,0,40,0
1990,35,2,0,0,0,1,313,5,40,0
1990,39,2,2,0,0,1,313,2,40,0
1990,18,2,2,0,0,0,264,3,43,0
1990,26,1,2,0,0,0,566,3,40,0
1990,75,2,3,0,0,0,0,0,0,0
1990,55,2,3,1,0,0,453,5,0,0
1990,27,2,1,1,0,0,0,0,0,0
1990,34,1,0,1,0,0,804,0,40,0
1990,27,2,0,1,0,0,909,6,0,0
1990,37,1,0,0,0,0,359,2,55,0
1990,35,2,0,0,0,0,313,1,32,0
1990,18,2,1,0,0,0,877,3,0,0
1990,61,1,0,0,0,0,368,2,45,0
1990,52,2,0,0,0,0,0,0,0,0
1990,49,1,0,0,0,1,44,1,40,1
1990,47,2,0,0,0,0,313,1,40,0
1990,27,1,0,1,0,1,585,2,40,0
1990,27,2,0,1,0,0,25,4,40,0
1990,37,1,0,0,0,1,508,2,50,0
1990,36,2,0,0,0,0,274,3,0,0
1990,35,2,2,0,0,0,628,3,40,0
1990,35,1,0,1,0,1,217,5,30,0
1990,32,2,0,1,0,1,95,5,40,0
1990,38,1,0,0,0,1,575,0,40,0
1990,36,2,0,0,0,0,174,5,40,0
1990,30,1,0,0,0,1,355,2,35,0
1990,34,2,0,0,0,1,276,3,36,0
1990,54,1,0,1,0,0,734,1,40,0
1990,49,2,0,1,0,1,174,6,40,0
1990,29,2,1,1,0,1,379,3,40,0
1990,43,2,2,1,0,1,205,5,40,0
1990,52,1,0,0,0,0,326,1,50,0
1990,52,2,0,0,0,0,468,5,10,0
1990,44,1,1,0,0,0,523,2,40,0
1990,28,1,0,1,0,1,567,0,43,0
1990,26,2,0,1,0,1,327,6,40,0
1990,47,1,3,0,0,0,514,4,19,0
1990,70,1,0,0,0,1,0,0,0,0
1990,61,2,0,0,2,0,156,5,40,0
1990,26,1,1,0,0,0,687,3,48,0
1990,55,2,1,1,0,0,436,5,30,0
1990,30,1,1,1,0,0,0,0,0,0
1990,24,1,1,1,0,0,486,6,40,0
1990,58,1,0,0,0,1,689,1,42,0
1990,54,2,0,0,0,0,254,4,50,0
1990,25,1,1,0,0,1,365,3,40,0
1990,29,2,2,0,0,0,276,4,40,0
1990,49,2,3,0,0,1,337,0,0,1
1990,23,1,1,0,0,0,567,0,40,0
1990,34,1,0,1,0,1,27,6,40,0
1990,37,2,0,1,0,0,174,6,40,0
1990,19,1,1,1,0,0,0,0,0,0
1990,50,1,0,0,0,0,634,1,55,0
1990,50,2,0,0,0,0,436,5,32,0
1990,52,1,3,0,0,0,804,2,70,0
1990,48,1,3,0,0,0,783,4,40,0
1990,61,1,0,0,0,0,22,0,60,0
1990,58,2,0,0,0,0,313,0,40,0
1990,23,1,1,0,0,0,259,3,60,0
1990,29,2,0,0,0,1,23,6,40,0
1990,27,1,0,0,0,1,365,3,40,0
1990,36,1,0,0,0,0,567,0,40,0
1990,41,2,0,0,0,0,243,3,0,0
1990,39,2,1,1,0,1,174,5,25,0
1990,33,1,0,1,0,0,356,4,48,0
1990,34,2,0,1,0,1,305,4,40,0
1990,28,1,0,0,0,1,23,2,40,0
1990,29,2,0,0,0,1,104,5,40,0
1990,30,1,0,0,0,1,73,3,40,1
1990,31,2,0,0,0,1,313,5,37,0
1990,30,1,0,3,3,0,877,3,80,0
1990,29,2,0,3,3,1,877,3,20,0
1990,45,2,2,3,3,0,877,1,40,0
1990,22,2,1,3,3,0,276,3,50,0
1990,29,1,0,0,0,0,628,2,52,0
1990,29,2,0,0,0,0,253,4,40,0
1990,46,2,2,0,0,0,276,3,0,0
1990,67,1,0,0,0,0,0,0,0,0
1990,68,2,0,0,0,0,0,0,0,0
1990,46,1,0,0,0,0,804,2,0,0
1990,43,2,0,0,0,0,0,0,0,0
1990,44,1,2,0,0,0,844,0,46,0
1990,21,2,1,0,0,0,23,4,40,0
1990,48,1,1,0,0,1,23,4,80,0
1990,34,1,2,0,0,0,567,0,40,0
1990,64,2,0,0,0,0,0,0,0,0
1990,63,1,0,0,0,1,0,0,0,0
1990,49,1,0,0,2,0,183,5,60,1
1990,43,2,0,0,2,0,0,0,0,0
1990,48,1,0,0,0,1,554,0,40,0
1990,47,2,0,0,0,1,156,5,50,0
1990,18,1,1,0,0,0,436,3,25,0
1990,45,1,0,0,0,1,213,3,55,1
1990,45,2,0,0,0,1,336,6,40,0
1990,31,2,2,0,0,1,95,5,23,0
1990,37,1,0,0,0,1,22,1,55,0
1990,36,2,0,0,0,1,159,5,2,0
1990,49,2,1,0,0,1,205,5,40,0
1990,34,1,0,0,0,1,26,2,50,0
1990,34,2,0,0,0,1,156,5,50,0
1990,47,1,0,0,0,0,22,1,50,1
1990,44,2,0,0,0,1,167,5,8,0
1990,19,1,1,0,0,1,0,0,0,0
1990,42,1,0,0,0,1,183,5,60,1
1990,38,2,0,0,0,1,183,5,40,0
1990,58,1,0,0,0,1,259,1,40,1
1990,58,2,0,0,0,1,0,0,0,0
1990,32,2,2,0,0,0,0,0,0,0
1990,58,1,0,0,0,1,5,0,40,1
1990,55,2,0,0,0,1,164,5,40,0
1990,19,1,1,0,0,0,459,5,40,0
1990,27,2,2,0,0,0,486,3,40,0
1990,55,2,2,0,0,1,204,5,40,0
1990,49,1,3,0,0,1,22,0,50,0
1990,22,1,1,0,0,0,599,0,20,0
1990,39,2,2,0,0,1,25,4,45,0
1990,31,2,0,0,0,1,64,2,40,0
1990,43,1,0,0,2,0,17,3,40,0
1990,43,1,0,0,0,1,166,1,50,1
1990,43,2,0,0,0,1,104,5,20,0
1990,79,1,0,0,0,0,378,4,0,0
1990,67,2,0,0,0,0,0,0,0,0
1990,42,1,0,0,0,1,259,3,40,0
1990,28,2,0,0,0,1,208,5,40,0
1990,36,2,2,0,0,1,166,3,45,0
1990,21,2,1,0,0,1,435,3,40,0
1990,22,2,1,0,0,1,435,3,0,0
1990,24,2,1,0,0,1,264,3,0,0
1990,37,2,2,0,0,1,373,2,50,0
1990,60,1,0,0,0,1,259,3,50,1
1990,57,2,0,0,0,0,0,0,0,0
1990,23,2,1,0,0,1,185,4,40,0
1990,41,2,0,0,0,1,327,2,4,0
1990,46,1,0,0,0,0,567,0,30,0
1990,20,1,1,0,0,1,877,5,30,0
1990,46,1,0,0,0,1,229,1,48,1
1990,47,2,0,0,0,1,156,5,45,0
1990,37,1,0,0,0,1,13,4,40,1
1990,37,2,0,0,0,1,84,5,10,0
1990,49,1,0,0,0,1,259,3,40,1
1990,46,2,0,0,0,1,0,0,0,0
1990,23,1,1,0,0,1,259,3,40,0
1990,20,1,1,0,0,0,274,3,40,0
1990,29,2,0,0,0,1,274,3,40,0
1990,36,1,0,0,0,1,178,5,40,0
1990,48,1,0,0,0,1,226,2,35,1
1990,47,2,0,0,0,1,254,4,35,0
1990,61,2,2,0,0,1,185,4,60,0
1990,24,2,0,0,0,1,313,2,45,0
1990,28,1,0,0,0,1,185,2,45,0
1990,43,1,0,0,0,0,22,1,0,0
1990,42,2,0,0,0,0,313,2,42,0
1990,19,2,1,0,0,1,276,3,30,0
1990,71,2,3,0,0,0,687,3,40,0
1990,39,1,0,0,0,1,243,1,40,1
1990,36,2,0,0,0,1,0,0,0,0
1990,23,2,0,0,0,1,373,1,40,0
1990,23,1,0,0,0,0,418,6,50,0
1990,46,1,0,0,2,1,55,1,40,1
1990,39,2,0,0,2,1,73,1,40,0
1990,19,1,1,0,2,0,364,1,40,0
1990,78,2,3,0,2,1,0,0,0,0
1990,65,1,0,0,0,0,459,5,40,0
1990,49,2,0,0,0,0,0,0,0,0
1990,80,1,0,0,0,1,389,6,0,0
1990,76,2,0,0,0,0,0,0,0,0
1990,46,1,1,0,0,0,529,2,42,0
1990,53,1,0,0,0,1,259,1,55,1
1990,53,2,0,0,0,1,319,4,42,0
1990,23,1,1,0,0,1,43,5,30,0
1990,30,1,0,0,0,1,22,3,40,0
1990,29,2,0,0,0,1,235,4,0,0
1990,29,1,3,0,0,0,856,0,40,0
1990,39,1,0,0,0,1,259,3,45,0
1990,27,2,0,0,0,0,389,3,0,0
1990,76,2,3,0,0,0,0,0,0,0
1990,47,1,0,0,0,0,8,2,42,0
1990,43,2,0,0,0,1,0,0,0,0
1990,47,2,0,0,0,1,206,5,47,0
1990,36,1,0,0,0,1,243,3,44,0
1990,26,2,2,0,0,1,26,5,55,0
1990,53,1,0,0,0,1,453,0,40,0
1990,49,2,0,0,0,0,789,1,0,0
1990,50,1,0,0,0,1,213,3,40,0
1990,52,2,0,0,0,0,0,0,0,0
1990,29,2,2,0,0,0,37,2,40,0
1990,58,1,0,0,0,0,804,2,50,0
1990,57,2,0,0,0,0,385,4,48,0
1990,27,2,2,0,0,0,313,4,36,0
1990,37,1,1,0,0,1,53,0,40,0
1990,43,2,3,0,0,1,264,3,40,0
1990,20,2,1,0,0,1,379,5,20,0
1990,44,2,3,0,0,1,254,4,50,0
1990,22,2,1,0,0,1,243,3,20,0
1990,26,2,1,0,0,1,376,4,40,0
1990,40,1,2,0,0,1,804,2,40,0
1990,49,2,1,0,0,1,22,2,40,0
1990,26,1,1,1,0,0,453,0,50,0
1990,55,2,0,0,0,0,303,4,60,0
1990,42,1,0,0,0,0,883,3,45,0
1990,31,1,1,0,0,1,22,4,60,0
1990,69,2,3,0,0,1,313,4,0,0
1990,61,1,0,0,0,0,44,1,40,1
1990,60,2,0,0,0,0,313,3,40,0
1990,25,1,1,0,0,1,486,4,45,0
1990,23,2,1,0,0,1,207,5,40,0
1990,42,2,1,0,0,1,156,5,40,0
1990,30,2,1,0,0,0,337,3,40,0
1990,63,2,3,0,0,0,337,5,40,0
1990,34,2,1,0,0,1,253,4,60,0
1990,31,1,1,0,0,0,637,1,40,0
1990,54,2,2,0,0,0,0,0,0,0
1990,43,1,3,1,0,1,426,4,40,0
1990,49,1,0,0,0,0,563,0,24,0
1990,48,2,0,0,0,0,435,3,40,0
1990,28,1,0,0,0,0,507,2,52,0
1990,27,2,0,0,0,0,435,3,0,0
1990,28,1,0,1,0,0,567,1,40,0
1990,26,2,0,0,0,0,277,3,8,0
1990,36,1,1,0,0,1,734,1,40,0
1990,79,2,0,0,0,0,0,0,0,0
1990,26,1,0,0,0,0,579,4,40,0
1990,24,2,0,0,0,1,436,3,0,0
1990,26,1,0,0,0,1,549,2,40,0
1990,22,2,0,0,3,0,887,2,40,0
1990,70,2,3,0,0,1,0,0,0,0
1990,41,2,1,0,0,1,25,1,40,0
1990,41,2,2,0,0,0,315,5,40,0
1990,18,1,1,0,0,0,0,0,0,0
1990,32,2,3,0,0,0,375,4,40,0
1990,28,1,1,0,0,1,23,1,45,0
1990,25,1,1,0,0,1,23,4,40,0
1990,34,1,0,0,0,1,243,3,40,0
1990,25,2,0,0,0,1,447,5,32,0
1990,31,1,0,0,0,1,485,0,60,0
1990,31,2,0,0,0,1,95,5,16,0
1990,47,1,0,0,0,1,56,6,40,1
1990,41,2,0,0,0,1,337,3,40,0
1990,23,2,1,0,0,0,434,3,40,0
1990,23,2,1,1,0,1,375,4,40,0
1990,29,2,1,1,0,1,354,2,40,0
1990,24,1,1,0,0,0,376,4,40,0
1990,27,1,1,0,0,1,323,4,40,0
1990,49,2,3,0,0,1,255,4,60,0
1990,24,2,1,0,0,1,359,6,40,0
1990,27,2,1,1,2,1,313,4,40,0
1990,41,2,2,0,0,1,313,5,40,0
1990,18,1,1,0,0,0,877,3,15,0
1990,31,2,0,0,1,0,22,1,40,0
1990,59,1,0,0,0,1,178,5,50,1
1990,42,1,0,0,0,0,573,0,40,0
1990,40,2,0,0,0,0,0,0,0,0
1990,67,1,0,0,0,0,0,0,0,0
1990,62,2,0,0,0,0,0,0,0,0
1990,40,1,2,0,0,0,883,2,40,0
1990,41,2,2,0,0,0,0,0,0,0
1990,78,1,0,0,0,1,0,0,0,0
1990,77,2,0,0,0,0,0,0,0,0
1990,32,1,1,1,0,0,769,1,40,0
1990,39,1,2,0,3,1,259,1,75,0
1990,33,2,2,0,0,1,264,3,45,0
1990,30,1,0,0,0,1,579,5,40,0
1990,30,2,0,0,0,0,313,3,0,0
1990,64,1,0,0,0,0,22,3,20,0
1990,61,2,0,0,0,1,0,0,0,0
1990,33,1,1,0,0,1,23,1,40,0
1990,40,1,0,0,0,1,178,6,40,0
1990,37,2,0,0,0,1,95,5,36,0
1990,51,1,0,0,0,1,22,2,50,1
1990,39,2,0,0,0,1,22,5,40,0
1990,32,1,0,0,0,1,22,4,60,0
1990,30,2,0,0,0,1,254,4,20,0
1990,42,1,0,0,0,1,26,5,55,0
1990,36,2,0,0,0,0,313,5,20,0
1990,31,1,0,0,0,0,734,6,40,0
1990,31,2,0,0,0,0,0,0,0,0
1990,46,1,0,0,0,0,22,2,40,0
1990,40,2,0,0,0,0,0,0,0,0
1990,44,2,2,0,0,0,22,0,60,0
1990,38,2,2,0,0,1,22,4,40,0
1990,28,2,1,0,0,1,164,5,40,0
1990,23,1,0,0,0,0,453,5,40,0
1990,19,2,0,0,0,1,376,4,40,0
1990,34,1,0,0,0,0,566,0,50,0
1990,29,2,0,0,0,0,0,0,0,0
1990,41,1,0,0,0,1,307,2,40,0
1990,40,2,0,0,0,0,796,1,48,0
1990,27,1,0,0,0,0,558,0,55,0
1990,27,2,0,0,0,1,185,5,45,0
1990,43,1,0,0,0,1,515,2,40,0
1990,42,2,0,0,0,0,0,0,0,0
1990,19,1,1,0,0,0,877,3,38,0
1990,23,1,0,0,0,0,243,3,40,0
1990,22,2,0,0,0,0,447,5,40,0
1990,42,1,0,0,0,1,259,3,45,0
1990,48,2,0,0,0,1,313,1,40,0
1990,19,1,1,0,0,1,365,3,30,0
1990,78,1,0,0,0,0,0,0,0,0
1990,78,2,0,0,0,0,0,0,0,0
1990,27,1,1,0,0,1,64,2,48,0
1990,47,2,3,0,0,0,0,0,0,0
1990,19,1,1,0,0,0,364,2,0,0
1990,21,2,1,0,0,0,0,0,0,0
1990,40,1,2,0,0,0,595,0,40,0
1990,38,1,0,1,0,1,64,4,45,0
1990,37,2,0,1,0,1,313,3,40,0
1990,21,1,1,0,0,1,23,4,85,0
1990,21,1,1,0,0,1,229,5,10,0
1990,27,2,0,0,0,1,178,5,20,0
1990,29,1,0,0,2,1,178,5,55,0
1990,64,1,0,0,0,1,44,1,0,0
1990,64,2,0,0,0,0,274,3,32,0
1990,39,1,0,0,0,1,274,3,40,0
1990,38,2,0,0,0,1,327,2,40,0
1990,24,2,3,1,0,0,337,3,40,0
1990,44,2,3,1,0,1,276,3,40,0
1990,63,2,3,0,0,0,0,0,0,0
1990,65,2,0,0,0,0,337,3,0,0
1990,42,1,0,0,0,1,225,6,45,1
1990,42,2,0,0,0,1,156,5,40,0
1990,43,2,2,0,0,1,167,5,40,0
1990,19,2,1,0,0,1,427,5,40,0
1990,41,2,1,1,0,1,0,0,0,0
1990,46,2,2,1,0,0,0,0,0,0
1990,30,1,0,0,0,1,55,2,40,0
1990,31,2,0,0,0,1,259,1,47,0
1990,50,2,3,0,2,1,156,5,40,0
1990,61,2,2,0,0,1,666,3,40,0
1990,68,1,0,0,0,1,254,4,0,1
1990,63,2,0,0,0,1,0,0,0,0
1990,79,2,3,0,2,0,0,0,0,0
1990,59,2,2,0,0,1,22,5,38,0
1990,35,2,0,0,0,0,379,5,40,0
1990,44,1,0,0,0,0,534,5,40,0
1990,20,1,0,0,0,0,505,3,56,0
1990,19,2,0,0,0,0,275,4,40,0
1990,71,2,3,0,0,0,0,0,0,0
1990,26,1,1,0,0,0,0,0,0,0
1990,35,1,0,2,1,0,804,3,45,0
1990,27,2,0,2,1,0,435,3,38,0
1990,25,1,1,2,4,0,434,3,40,0
1990,26,1,1,2,4,0,579,0,40,0
1990,48,1,0,0,0,1,364,3,44,0
1990,47,2,0,0,0,1,373,3,45,0
1990,20,1,1,0,0,1,389,4,35,0
1990,28,1,0,0,0,1,189,5,40,0
1990,26,2,0,0,0,1,184,4,40,0
1990,27,1,0,0,4,1,909,6,0,0
1990,24,2,0,0,4,1,379,6,0,0
1990,23,1,0,0,4,0,436,3,48,0
1990,23,2,0,0,4,1,337,4,37,0
1990,42,2,2,1,0,1,164,3,40,0
1990,18,1,1,1,0,0,436,3,40,0
1990,18,1,1,1,0,0,453,3,36,0
1990,67,1,0,0,0,1,22,1,0,0
1990,63,2,0,0,0,0,22,4,0,0
1990,65,1,0,0,0,1,0,0,0,0
1990,65,2,0,0,0,0,0,0,0,0
1990,73,2,3,0,0,0,0,0,0,0
1990,39,1,0,0,0,1,229,5,40,0
1990,38,2,0,0,0,1,0,0,0,0
1990,28,2,1,1,0,1,187,2,40,0
1990,25,1,1,1,0,1,22,4,40,0
1990,39,1,0,0,1,1,208,5,42,0
1990,37,2,0,0,1,1,306,6,0,0
1990,29,1,0,0,0,1,195,2,55,0
1990,27,2,0,0,0,1,243,3,45,1
1990,39,1,0,0,0,1,178,4,45,1
1990,32,2,0,0,0,1,23,5,40,0
1990,45,1,2,0,0,1,64,4,50,0
1990,75,1,0,0,0,1,0,0,0,0
1990,77,2,0,0,0,1,0,0,0,0
1990,22,2,1,1,0,1,37,4,20,0
1990,46,2,2,0,0,1,95,5,45,1
1990,20,1,1,0,0,1,0,0,0,0
1990,34,1,0,3,3,1,7,5,0,0
1990,34,2,0,3,3,1,0,0,0,0
1990,27,2,1,0,0,1,156,5,50,0
1990,28,2,1,0,0,1,29,3,50,0
1990,36,1,0,0,0,1,376,1,30,0
1990,36,2,0,0,0,1,0,0,0,0
1990,20,2,1,1,0,0,754,4,40,0
1990,55,2,0,1,0,0,405,4,0,0
1990,57,1,0,1,0,0,505,0,73,0
1990,79,2,3,0,0,0,0,0,0,0
1990,55,2,2,0,0,0,337,3,40,0
1990,23,2,1,0,0,1,234,5,45,0
1990,22,2,1,0,0,1,23,5,60,0
1990,47,1,1,0,0,1,55,2,42,1
1990,48,2,1,0,0,0,0,0,0,0
1990,70,2,3,0,0,0,0,0,0,0
1990,64,1,0,0,0,1,59,6,0,0
1990,61,2,0,0,0,0,0,0,0,0
1990,40,2,2,0,0,1,243,3,40,0
1990,35,2,0,0,0,0,259,3,30,0
1990,35,1,0,0,0,0,558,0,45,0
1990,20,2,1,0,0,1,274,3,38,0
1990,20,1,1,0,0,1,159,5,10,0
1990,61,2,0,0,0,1,379,4,30,0
1990,74,2,3,0,0,1,0,0,0,0
1990,24,1,1,0,0,1,259,3,40,0
1990,24,1,1,0,0,1,216,6,40,0
1990,48,2,2,0,0,1,243,3,55,0
1990,25,2,1,1,0,1,774,1,45,0
1990,68,1,0,0,2,1,503,3,60,1
1990,68,2,0,0,0,1,22,4,25,0
1990,59,1,0,0,0,1,22,4,40,1
1990,55,2,0,0,0,0,21,5,48,0
1990,44,2,2,0,0,1,337,4,30,0
1990,59,1,0,3,3,0,243,3,96,0
1990,51,2,0,3,3,0,17,3,96,0
1990,24,1,1,3,3,1,276,3,30,0
1990,55,1,0,0,0,0,555,4,40,0
1990,56,2,0,0,0,0,808,5,20,0
1990,71,1,0,0,0,1,888,1,10,0
1990,68,2,0,0,0,0,315,4,0,0
1990,26,2,2,0,0,0,24,4,37,0
1990,28,1,1,0,0,1,229,5,40,0
1990,26,1,2,0,0,1,27,3,40,0
1990,32,1,0,0,0,1,22,4,65,0
1990,20,2,0,0,0,1,276,4,40,0
1990,66,2,3,0,0,1,0,0,0,0
1990,47,1,0,3,3,1,364,1,40,0
1990,43,2,0,3,3,1,259,3,40,0
1990,75,2,3,3,3,0,0,0,0,0
1990,60,1,0,0,0,0,503,3,45,0
1990,57,2,0,0,0,0,155,5,40,0
1990,41,2,2,0,0,1,26,5,40,0
1990,61,1,0,0,0,0,628,1,40,1
1990,66,2,0,0,0,0,0,0,0,0
1990,27,1,1,0,0,1,383,4,20,0
1990,43,1,0,0,0,1,243,2,60,1
1990,41,2,0,0,0,1,313,2,37,0
1990,19,1,1,0,0,0,436,3,34,0
1990,22,1,1,0,0,0,213,2,40,0
1990,26,1,1,0,0,0,518,0,60,0
1990,41,2,3,0,0,1,0,0,0,0
1990,20,1,1,0,0,0,628,2,50,0
1990,37,1,0,1,0,1,243,3,50,0
1990,37,2,0,1,0,1,243,3,50,0
1990,37,2,1,0,0,1,22,4,40,0
1990,43,1,0,3,3,1,488,3,50,0
1990,33,2,0,3,3,0,488,3,50,0
1990,77,2,3,0,0,0,0,0,0,0
1990,25,2,1,1,0,0,254,4,0,0
1990,25,1,0,2,0,1,785,3,40,0
1990,24,2,0,0,0,1,318,2,40,0
1990,23,2,0,0,0,0,375,4,37,0
1990,26,1,0,0,0,1,375,4,40,0
1990,62,2,0,0,0,0,0,0,0,0
1990,66,1,0,0,0,1,0,0,0,0
1990,25,2,1,0,0,1,904,6,50,0
1990,27,2,0,0,0,1,99,5,45,0
1990,25,1,0,0,0,1,259,3,40,0
1990,23,1,0,0,0,1,383,4,40,0
1990,50,2,0,0,0,1,319,1,40,0
1990,36,1,1,0,0,1,418,6,50,0
1990,25,1,0,1,0,1,804,1,45,0
1990,23,2,0,1,0,1,385,3,40,0
1990,24,1,3,1,0,1,804,1,44,0
1990,22,1,1,1,0,0,276,3,40,0
1990,30,2,1,1,0,1,303,4,40,0
1990,33,1,1,1,0,1,307,5,50,0
1990,40,2,2,0,0,0,27,2,35,0
1990,19,1,1,0,0,0,869,0,40,0
1990,46,1,0,0,0,1,376,4,50,0
1990,19,2,0,1,0,0,316,5,40,0
1990,41,1,0,0,0,1,22,1,65,0
1990,41,2,0,0,0,0,257,1,38,0
1990,21,2,1,0,0,0,319,1,30,0
1990,19,1,1,0,0,0,735,1,50,0
1990,71,2,3,1,0,0,467,5,0,0
1990,55,2,2,1,0,0,888,1,40,0
1990,40,2,0,1,0,0,447,5,50,0
1990,40,1,0,1,0,0,505,1,40,0
1990,58,2,3,1,0,0,447,5,40,0
1990,48,2,3,1,0,0,0,0,0,0
1990,20,2,1,1,0,0,877,3,40,0
1990,28,1,1,1,0,1,444,3,30,0
1990,47,1,2,1,0,0,804,1,40,0
1990,52,1,0,1,0,0,804,3,40,0
1990,52,2,0,1,0,0,795,3,40,0
1990,24,2,1,1,0,1,313,1,40,0
1990,20,2,1,1,0,0,0,0,0,0
1990,38,2,2,1,0,1,313,5,40,0
1990,35,2,1,1,0,1,385,5,40,0
1990,28,1,1,1,0,0,856,2,40,0
1990,39,1,1,1,0,0,875,2,40,0
1990,41,1,0,1,0,0,567,0,0,0
1990,41,2,0,1,0,0,97,5,40,0
1990,41,2,2,0,0,1,95,5,32,0
1990,28,2,3,0,0,1,235,6,40,0
1990,77,2,3,0,0,0,274,3,25,0
1990,46,1,2,0,0,1,5,6,45,0
1990,52,2,0,0,0,1,277,5,45,0
1990,57,1,0,0,0,1,23,5,50,1
1990,19,1,1,0,0,1,657,3,25,0
1990,26,1,1,0,0,1,243,3,40,0
1990,79,2,3,0,0,1,0,0,0,0
1990,44,1,0,1,0,0,13,4,40,0
1990,45,2,0,1,0,0,747,1,40,0
1990,31,1,1,1,0,1,575,3,54,0
1990,26,2,2,0,0,0,37,5,40,0
1990,31,2,1,0,0,0,579,0,40,0
1990,30,1,0,0,0,1,253,4,45,0
1990,29,2,0,0,0,1,156,5,35,0
1990,37,1,1,0,0,0,889,3,37,0
1990,28,2,0,0,0,1,64,3,50,0
1990,28,1,0,0,0,1,76,5,55,0
1990,29,2,0,1,0,1,206,5,40,0
1990,40,1,0,1,1,1,15,5,52,0
1990,40,1,0,1,0,0,844,6,40,0
1990,34,2,0,1,0,0,869,2,40,0
1990,18,1,1,1,0,0,453,6,32,0
1990,34,2,1,1,0,0,303,4,40,0
1990,23,1,3,0,0,1,259,3,40,0
1990,31,1,1,1,0,0,875,2,40,0
1990,28,1,1,1,0,1,567,0,65,0
1990,40,2,1,0,0,1,156,5,40,0
1990,33,2,2,1,0,1,95,5,40,0
1990,25,2,1,1,0,1,375,4,37,0
1990,29,1,1,1,1,1,336,4,37,0
1990,41,2,2,0,0,1,389,4,45,0
1990,20,2,1,0,0,1,276,3,30,0
1990,51,1,0,1,0,1,354,2,40,0
1990,49,2,0,1,0,0,354,2,40,0
1990,43,1,0,1,0,0,595,0,40,0
1990,39,2,0,1,0,0,447,5,40,0
1990,22,1,1,1,0,0,889,3,40,0
1990,18,2,1,1,0,0,315,5,40,0
1990,34,1,0,1,0,1,253,4,40,0
1990,29,2,0,1,0,1,389,4,40,0
1990,42,2,2,1,0,1,213,2,40,0
1990,24,2,1,1,0,1,276,3,0,0
1990,34,2,2,1,0,0,276,4,40,0
1990,28,1,0,1,0,0,883,2,40,0
1990,23,2,0,1,0,1,276,3,40,0
1990,43,1,2,1,0,0,804,2,40,0
1990,22,2,1,1,0,1,243,3,40,0
1990,40,2,2,1,0,1,33,5,40,0
1990,21,1,1,1,0,1,364,2,24,0
1990,19,2,1,1,0,1,228,6,20,0
1990,27,1,3,0,0,0,505,3,60,0
1990,33,2,1,1,0,1,23,4,53,0
1990,60,2,2,1,0,0,319,5,24,0
1990,42,1,0,0,0,1,523,5,60,0
1990,43,2,0,0,0,0,313,3,40,0
1990,24,2,2,0,0,0,25,6,40,0
1990,43,1,0,0,0,1,85,5,30,1
1990,41,2,0,0,0,1,796,1,50,0
1990,18,1,1,0,0,0,877,3,20,0
1990,67,1,0,0,0,1,0,0,0,0
1990,63,2,0,0,0,1,313,5,30,0
1990,43,1,2,1,0,0,804,2,40,0
1990,22,2,1,1,0,1,315,2,40,0
1990,24,2,1,1,0,0,317,4,40,0
1990,32,1,1,1,0,0,434,4,30,0
1990,25,1,0,1,0,1,774,6,40,0
1990,24,2,0,1,0,0,389,6,40,0
1990,64,2,3,1,0,0,739,1,40,0
1990,39,1,1,1,0,0,738,1,0,0
1990,29,1,1,1,0,1,436,3,40,0
1990,27,2,1,1,0,1,303,4,40,0
1990,26,1,1,1,0,1,319,6,40,0
1990,24,1,1,1,0,1,308,4,40,0
1990,20,1,1,1,0,1,368,3,32,0
1990,74,1,2,0,0,0,0,0,0,0
1990,45,1,1,0,0,0,804,2,60,0
1990,58,1,0,0,0,1,269,3,55,0
1990,61,2,0,0,0,0,348,4,0,0
1990,36,1,0,1,0,1,779,1,40,0
1990,31,2,0,1,0,1,313,5,40,0
1990,24,1,1,1,0,1,55,2,37,0
1990,29,1,0,0,0,1,305,3,50,0
1990,25,2,0,0,0,0,313,4,40,0
1990,50,1,0,0,0,1,86,0,60,1
1990,48,2,0,0,0,1,156,5,30,0
1990,22,1,1,0,0,0,235,5,40,0
1990,36,1,0,1,0,0,547,5,40,0
1990,38,2,0,1,0,1,156,5,40,0
1990,35,2,0,3,3,1,744,4,40,0
1990,45,1,0,3,3,0,804,2,40,0
1990,19,1,1,3,3,1,877,3,40,0
1990,62,1,0,0,0,0,363,1,0,0
1990,60,2,0,0,0,0,23,4,40,0
1990,19,2,1,0,0,0,313,0,40,0
1990,41,2,0,0,0,0,303,5,40,0
1990,43,1,0,0,0,0,22,3,43,0
1990,23,2,1,1,0,0,458,4,40,0
1990,35,1,0,1,0,1,455,5,37,0
1990,34,2,0,1,0,1,159,6,40,0
1990,30,2,1,0,0,1,7,4,50,0
1990,56,1,3,1,0,0,804,0,40,0
1990,25,1,1,1,0,0,563,0,40,0
1990,22,2,1,1,0,0,436,3,30,0
1990,19,2,1,1,0,0,0,0,0,0
1990,43,1,0,0,0,1,547,3,40,0
1990,42,2,0,0,0,1,373,3,40,0
1990,40,2,3,1,0,0,15,5,38,0
1990,22,2,1,1,0,0,439,3,0,0
1990,43,1,3,1,0,0,364,1,40,0
1990,21,2,1,1,0,0,319,2,25,0
1990,19,1,1,1,0,0,883,3,35,0
1990,47,2,3,1,0,0,95,5,40,0
1990,43,1,0,1,0,1,575,0,60,0
1990,41,2,0,1,0,0,736,1,45,0
1990,23,2,1,1,0,1,163,5,40,0
1990,34,2,1,0,0,1,256,4,40,1
1990,44,1,0,1,0,1,777,2,40,0
1990,35,2,0,1,0,1,197,6,40,0
1990,56,1,0,1,0,0,683,1,40,0
1990,46,2,0,1,0,0,683,1,40,0
1990,27,1,1,1,0,1,424,6,40,0
1990,45,2,3,1,0,1,229,4,40,0
1990,22,1,1,1,0,1,308,1,40,0
1990,41,1,2,1,0,1,785,4,50,0
1990,34,2,1,0,0,1,174,5,40,0
1990,44,2,2,0,0,0,373,3,38,0
1990,35,1,0,0,0,1,259,3,45,0
1990,34,2,0,0,0,1,22,1,50,1
1990,40,1,0,0,0,1,243,3,40,1
1990,40,2,0,0,0,1,259,3,20,0
1990,49,1,0,0,0,1,253,4,84,1
1990,47,2,0,0,0,1,274,3,0,0
1990,38,1,0,0,0,0,243,3,45,0
1990,30,2,0,0,0,1,203,3,40,0
1990,68,1,0,0,0,1,378,4,0,0
1990,65,2,0,0,0,1,156,5,0,0
1990,60,1,0,3,3,1,22,0,40,1
1990,57,2,0,3,3,1,0,0,0,0
1990,42,2,2,0,0,0,259,3,45,0
1990,76,1,0,0,0,0,303,6,40,0
1990,73,2,0,0,0,0,0,0,0,0
1990,41,1,2,0,0,0,864,3,55,0
1990,34,1,0,0,0,1,257,4,40,1
1990,34,2,0,0,0,1,379,4,0,0
1990,31,1,0,0,0,1,558,0,40,1
1990,31,2,0,0,0,1,337,0,3,0
1990,54,1,0,0,0,1,197,1,40,1
1990,48,2,0,0,0,0,254,4,50,1
1990,34,1,0,0,0,1,7,3,50,1
1990,32,2,0,0,0,1,7,4,40,0
1990,76,1,0,0,0,1,0,0,0,1
1990,70,2,0,0,0,0,0,0,0,0
1990,56,2,2,0,0,1,254,4,50,1
1990,40,1,0,0,0,1,22,5,50,1
1990,37,2,0,0,1,1,23,4,50,0
1990,36,1,0,1,0,0,386,2,40,0
1990,32,2,0,1,0,0,503,2,40,0
1990,24,1,1,0,0,1,567,0,50,0
1990,22,1,1,0,0,1,453,0,50,0
1990,48,2,2,0,0,1,167,4,40,0
1990,37,1,0,0,0,1,308,1,40,0
1990,28,2,0,0,0,1,274,5,40,0
1990,32,1,0,0,0,1,243,3,45,0
1990,31,2,0,0,0,1,376,4,40,0
1990,40,1,0,0,0,1,253,4,50,1
1990,41,2,0,0,0,1,0,0,0,0
1990,27,1,1,0,0,1,813,3,36,0
1990,28,1,2,0,0,1,185,1,40,1
1990,27,1,1,0,0,0,317,4,40,0
1990,62,1,0,0,0,1,13,5,0,0
1990,58,2,0,0,0,1,315,5,30,0
1990,23,1,1,0,0,1,486,5,40,0
1990,23,2,1,0,0,1,318,5,40,0
1990,22,2,1,0,0,0,313,5,40,0
1990,35,1,1,0,0,1,23,3,45,0
1990,39,1,0,0,0,1,22,4,45,1
1990,40,2,0,0,0,1,0,0,0,0
1990,54,1,0,0,0,1,243,4,40,1
1990,52,2,0,0,0,1,0,0,0,0
1990,25,2,1,0,0,1,463,2,40,0
1990,42,2,2,0,0,1,254,4,56,1
1990,47,1,0,0,0,1,26,5,40,1
1990,47,2,0,0,0,1,156,5,40,0
1990,66,1,0,0,0,1,259,1,24,0
1990,46,2,2,0,0,1,435,4,40,0
1990,23,1,1,0,0,1,276,5,20,0
1990,20,1,1,0,0,1,276,3,30,0
1990,33,1,0,0,0,1,255,4,45,0
1990,30,2,0,0,0,1,319,1,40,0
1990,41,1,0,0,2,1,243,3,60,0
1990,40,2,0,0,2,1,95,5,50,0
1990,66,1,2,0,2,1,27,1,40,0
1990,41,1,2,0,0,1,257,0,40,0
1990,59,1,3,0,0,1,254,4,38,0
1990,45,1,0,0,0,1,64,2,40,1
1990,44,2,0,0,0,1,159,5,16,0
1990,32,1,2,0,2,1,229,6,50,0
1990,30,2,1,0,0,1,13,4,50,0
1990,36,1,0,0,0,1,229,4,40,0
1990,42,2,0,0,0,1,22,4,50,0
1990,42,2,2,0,0,0,18,4,40,0
1990,41,2,2,0,0,1,376,1,40,0
1990,67,2,3,0,0,0,439,3,20,0
1990,20,1,3,0,0,1,785,1,24,0
1990,49,1,0,0,0,1,259,1,50,1
1990,47,2,0,0,0,1,339,5,40,0
1990,37,1,0,0,2,1,7,1,48,0
1990,39,2,0,0,2,1,0,0,0,0
1990,23,1,1,0,2,1,389,5,10,0
1990,18,1,1,0,0,1,753,0,40,0
1990,45,1,2,0,0,1,185,4,55,1
1990,31,1,1,0,0,1,7,4,40,0
1990,38,1,1,1,0,1,474,0,30,0
1990,52,1,2,0,0,1,185,4,40,0
1990,36,1,0,0,0,0,188,5,40,0
1990,38,2,0,0,0,0,155,5,16,0
1990,39,1,1,0,0,1,256,3,40,0
1990,71,1,1,0,0,0,0,0,0,0
1990,46,1,2,0,0,1,486,0,40,0
1990,43,2,1,0,0,1,203,5,40,0
1990,40,1,2,0,0,1,889,0,60,0
1990,72,2,3,0,0,0,0,0,0,0
1990,79,1,2,0,1,0,379,5,30,0
1990,28,1,0,0,0,0,22,4,40,0
1990,29,2,0,0,4,0,319,4,30,0
1990,27,1,1,0,0,1,806,3,40,0
1990,35,2,2,0,0,1,95,5,60,1
1990,58,2,2,0,0,1,313,1,40,0
1990,21,1,1,0,0,1,435,3,45,0
1990,23,1,1,0,0,0,22,2,40,0
1990,61,1,0,0,0,1,22,0,50,1
1990,59,2,0,0,0,1,277,5,30,0
1990,71,1,0,0,0,1,22,0,40,1
1990,64,2,0,0,0,0,22,0,40,1
1990,41,1,0,0,0,1,22,0,60,1
1990,30,2,0,0,0,1,255,4,42,0
1990,43,1,2,0,0,1,254,4,40,1
1990,33,1,0,0,0,1,254,4,60,1
1990,29,2,0,0,2,1,0,0,0,0
1990,31,2,1,0,0,1,254,4,52,0
1990,72,1,0,0,0,1,379,3,40,0
1990,67,2,0,0,0,1,0,0,0,0
1990,23,2,1,0,2,1,435,3,30,0
1990,39,1,1,0,0,1,435,3,40,0
1990,71,2,2,0,0,1,234,4,35,0
1990,37,2,1,0,0,0,26,5,8,0
1990,28,1,1,0,0,1,18,4,43,1
1990,65,1,0,0,0,1,5,6,0,0
1990,67,2,0,0,0,1,0,0,0,0
1990,30,1,0,0,0,1,56,1,45,0
1990,24,2,0,0,0,1,373,3,40,0
1990,35,1,0,0,0,1,64,4,55,1
1990,36,2,0,0,0,1,104,5,20,0
1990,22,1,1,0,0,1,23,4,25,0
1990,23,1,1,0,0,1,24,4,36,0
1990,22,1,1,0,0,1,376,5,45,0
1990,38,2,1,0,0,1,179,6,40,0
1990,79,2,3,0,0,0,313,6,40,0
1990,19,1,1,1,0,0,0,0,0,0
1990,32,1,0,1,0,1,458,4,40,0
1990,30,2,0,1,0,1,259,1,0,0
1990,46,1,0,1,0,0,686,3,40,0
1990,33,2,0,1,0,0,686,3,40,0
1990,22,2,1,1,0,0,17,3,0,0
1990,20,1,1,1,0,0,799,3,40,0
1990,48,2,3,1,0,0,785,1,40,0
1990,69,2,3,1,0,0,174,5,0,0
1990,65,1,0,1,0,0,464,4,40,0
1990,62,2,0,1,0,1,156,5,40,0
1990,42,1,1,1,0,0,243,3,0,0
1990,60,1,2,0,0,1,259,1,38,0
1990,29,1,0,0,0,1,567,0,60,0
1990,29,2,0,0,0,1,27,1,40,0
1990,21,1,1,1,0,1,459,5,40,0
1990,18,1,1,1,0,0,436,3,25,0
1990,56,2,3,1,0,0,0,0,0,0
1990,18,2,0,1,0,0,754,1,40,0
1990,20,1,0,1,0,0,486,0,40,0
1990,74,1,3,0,0,0,855,0,0,0
1990,37,1,0,0,0,1,259,1,48,0
1990,33,2,0,0,0,1,556,0,40,0
1990,41,2,2,1,0,0,436,5,40,0
1990,20,1,1,1,0,1,453,5,20,0
1990,23,1,1,1,0,0,453,5,26,0
1990,48,1,0,1,0,0,824,2,40,0
1990,49,2,0,1,0,0,257,2,40,0
1990,49,2,0,1,0,1,253,4,40,1
1990,64,1,0,1,0,1,809,2,40,0
1990,33,2,3,1,0,0,744,1,40,0
1990,45,1,0,1,0,1,7,2,40,1
1990,49,2,0,1,0,1,157,5,30,0
1990,19,1,1,1,0,0,364,1,62,0
1990,62,1,2,1,0,1,254,4,45,0
1990,43,2,2,1,0,1,253,4,40,0
1990,29,1,1,1,0,0,869,0,40,0
1990,32,2,1,1,0,1,337,3,40,0
1990,31,1,1,1,0,0,505,3,40,0
1990,30,2,1,1,0,0,379,4,40,0
1990,51,2,0,1,0,0,22,4,0,0
1990,62,1,0,1,0,0,426,3,40,0
1990,39,2,1,1,0,0,436,3,50,0
1990,19,1,1,1,0,0,0,0,0,0
1990,55,2,2,1,0,0,453,5,40,0
1990,28,2,1,1,0,0,385,4,40,0
1990,50,1,0,1,0,0,266,3,0,0
1990,48,2,0,1,0,1,14,5,50,1
1990,22,1,1,1,0,1,278,1,28,0
1990,19,2,1,1,0,0,274,3,40,0
1990,43,2,2,1,0,0,207,5,0,0
1990,24,1,1,1,0,0,364,2,40,0
1990,59,2,2,1,0,0,243,4,40,0
1990,77,2,3,1,0,0,216,5,24,0
1990,40,1,2,1,0,1,804,2,35,0
1990,27,2,1,1,0,1,22,2,40,0
1990,31,2,1,1,0,0,0,0,0,0
1990,74,2,3,1,0,1,389,5,0,1
1990,39,1,1,1,0,1,387,5,0,0
1990,29,2,2,0,0,1,143,5,35,0
1990,30,2,2,1,0,1,313,5,35,0
1990,62,2,3,1,0,0,0,0,0,0
1990,37,2,3,1,0,1,23,4,36,0
1990,69,2,3,1,0,0,0,0,0,0
1990,29,2,3,1,0,0,0,0,0,0
1990,59,1,0,1,0,0,577,2,40,0
1990,59,2,0,1,0,0,0,0,0,0
1990,52,1,0,1,0,0,869,0,60,0
1990,38,2,0,1,0,0,804,2,40,0
1990,24,1,1,1,0,0,883,3,40,0
1990,62,2,3,1,0,0,0,0,0,0
1990,29,2,1,1,0,0,436,3,22,0
1990,35,2,1,1,0,0,0,0,0,0
1990,30,2,1,0,0,1,274,3,20,0
1990,33,1,0,1,0,0,558,0,40,0
1990,33,2,0,1,0,0,243,3,0,0
1990,22,2,3,1,0,0,785,1,0,0
1990,64,1,1,0,0,0,0,0,0,0
1990,49,2,3,1,0,0,748,5,40,0
1990,28,1,3,1,0,0,679,4,40,0
1990,45,1,2,1,0,0,486,0,40,0
1990,24,2,1,0,0,1,185,4,45,0
1990,26,2,2,0,0,1,14,5,45,0
1990,22,1,1,1,0,1,317,4,40,0
1990,28,1,1,1,0,1,443,4,32,0
1990,77,2,3,1,0,0,0,0,0,0
1990,61,1,3,1,0,0,0,0,0,0
1990,36,1,2,1,0,1,514,4,40,0
1990,44,2,1,1,0,0,0,0,0,0
1990,23,1,1,1,0,0,869,0,0,0
1990,47,2,3,1,0,0,449,5,40,0
1990,26,1,1,0,0,1,575,0,30,0
1990,27,1,1,3,2,0,434,3,40,0
1990,60,1,3,0,0,0,0,0,0,0
1990,21,2,1,1,0,1,276,3,0,0
1990,23,2,1,1,0,0,444,3,40,0
1990,30,2,3,1,0,1,385,4,0,0
1990,38,2,2,1,0,0,0,0,0,0
1990,45,2,1,1,0,0,449,4,40,0
1990,39,1,2,1,0,1,307,5,40,0
1990,44,1,0,2,1,0,889,1,40,0
1990,46,2,0,2,0,0,0,0,0,0
1990,38,2,3,2,4,0,744,1,40,0
1990,39,1,0,1,0,0,78,5,72,0
1990,36,2,0,1,0,1,159,5,52,0
1990,29,1,1,1,0,0,637,1,40,0
1990,62,1,3,0,1,0,0,0,0,0
1990,35,1,0,2,1,0,563,0,40,0
1990,34,2,0,2,1,0,435,3,40,0
1990,72,2,3,0,0,0,0,0,0,0
1990,50,1,0,1,0,0,687,1,50,0
1990,42,2,0,1,0,0,447,5,40,0
1990,23,2,1,1,0,0,337,4,25,0
1990,22,1,1,1,0,1,453,4,20,0
1990,30,2,1,1,0,0,443,4,40,0
1990,46,1,2,1,0,0,804,1,40,0
1990,31,2,2,1,0,1,337,3,40,0
1990,40,2,1,1,0,1,308,4,40,0
1990,40,2,2,1,0,1,207,1,40,0
1990,48,2,1,1,0,1,313,4,40,0
1990,30,2,1,1,0,1,315,5,0,0
1990,54,1,0,1,0,0,555,5,70,0
1990,51,2,0,1,0,0,453,4,0,0
1990,21,2,1,1,0,1,379,5,20,0
1990,57,1,0,0,0,1,694,2,40,0
1990,60,2,0,0,0,0,0,0,0,0
1990,46,1,0,0,0,0,579,0,50,0
1990,43,2,0,0,0,0,579,0,50,0
1990,41,2,3,1,0,0,156,5,40,0
1990,66,1,0,0,0,1,178,4,0,0
1990,66,2,0,0,0,0,0,0,0,0
1990,68,2,0,0,0,1,0,0,0,0
1990,69,1,0,0,0,1,22,2,0,1
1990,50,2,2,0,0,0,385,4,60,0
1990,25,1,1,0,0,0,505,3,40,0
1990,55,2,2,1,0,0,254,4,40,0
1990,25,1,2,0,0,0,856,3,40,0
1990,27,2,2,0,0,0,887,2,40,0
1990,46,1,0,1,0,1,156,5,40,0
1990,41,2,0,1,0,1,313,5,40,0
1990,30,1,2,1,0,0,785,1,40,0
1990,42,1,0,0,0,0,785,1,40,0
1990,38,2,0,0,0,0,336,5,40,0
1990,18,1,1,0,0,0,575,0,25,0
1990,43,1,0,1,0,0,376,1,50,0
1990,42,2,0,1,0,0,313,2,40,0
1990,25,2,1,1,0,1,208,3,20,0
1990,21,1,1,1,0,0,436,3,80,0
1990,73,2,0,0,0,0,0,0,0,0
1990,44,2,2,1,0,1,379,4,40,0
1990,42,1,0,1,0,1,235,2,40,0
1990,39,2,0,0,0,0,628,5,40,0
1990,23,1,0,0,0,0,806,3,45,0
1990,22,2,0,0,0,1,864,3,40,0
1990,46,2,3,1,0,1,276,2,38,0
1990,41,1,0,1,0,1,0,0,0,0
1990,40,2,0,1,0,1,14,5,40,0
1990,76,2,3,0,0,0,0,0,0,0
1990,34,2,2,1,0,0,26,3,40,0
1990,27,1,0,0,0,0,653,0,40,0
1990,26,2,0,0,0,0,0,0,0,0
1990,36,2,2,0,0,0,27,4,44,0
1990,32,1,0,0,0,1,364,2,43,0
1990,25,2,0,0,0,1,364,2,45,0
1990,58,1,0,0,0,0,573,0,0,0
1990,46,2,0,0,0,0,379,0,0,0
1990,71,1,0,0,0,1,0,0,0,0
1990,71,2,0,0,0,1,0,0,0,0
1990,32,1,1,0,0,1,22,2,60,0
1990,54,1,0,0,0,1,177,5,45,1
1990,54,2,0,0,0,1,313,5,45,0
1990,22,1,0,0,0,1,22,3,40,0
1990,25,2,0,0,0,0,243,3,35,0
1990,28,1,2,0,0,0,785,4,48,0
1990,51,1,0,0,0,1,22,2,40,0
1990,50,2,0,0,0,1,379,3,32,0
1990,23,2,1,0,0,1,447,5,40,0
1990,20,1,1,0,0,1,889,2,0,0
1990,31,2,0,0,0,1,174,5,40,0
1990,28,1,0,1,0,1,17,3,55,0
1990,72,1,0,0,0,0,0,0,0,0
1990,67,2,0,0,0,0,337,1,18,0
1990,24,1,0,0,0,1,17,3,75,0
1990,25,2,0,0,0,1,37,3,55,0
1990,65,2,0,0,0,0,0,0,0,0
1990,51,1,0,0,0,0,176,5,11,0
1990,22,2,1,0,0,0,319,3,40,0
1990,44,1,0,0,0,0,22,2,40,1
1990,42,2,0,0,0,0,0,0,0,0
1990,57,2,2,0,0,1,337,0,37,0
1990,23,1,0,0,0,1,637,1,30,0
1990,22,2,0,0,0,1,37,2,35,0
1990,27,1,0,1,0,1,386,4,40,0
1990,26,2,0,1,0,0,376,4,40,0
1990,51,1,0,1,1,1,0,0,0,0
1990,46,2,0,1,1,1,95,5,52,0
1990,19,2,1,1,2,1,276,3,30,0
1990,18,2,1,1,2,1,433,3,20,0
1990,36,1,0,0,1,1,514,3,60,0
1990,25,2,0,0,0,1,804,3,40,0
1990,36,1,0,1,0,0,567,0,40,0
1990,37,2,0,1,0,0,22,6,40,0
1990,32,2,1,1,0,0,335,6,40,0
1990,44,1,0,0,0,1,259,0,52,1
1990,43,2,0,0,0,1,156,5,40,0
1990,29,2,1,0,0,1,348,2,40,0
1990,54,1,1,0,0,1,9,1,60,1
1990,24,2,0,0,0,1,23,2,15,0
1990,31,1,0,0,0,1,259,3,45,1
1990,30,1,1,1,0,0,888,3,40,0
1990,35,2,2,1,0,0,318,2,40,0
1990,28,1,0,3,3,0,435,3,40,0
1990,24,2,0,3,3,0,0,0,0,0
1990,45,1,0,3,3,0,869,0,40,0
1990,33,2,0,3,3,0,458,4,40,0
1990,45,1,0,0,0,1,23,5,55,1
1990,43,2,0,0,0,0,0,0,0,0
1990,80,1,0,0,0,1,439,3,40,1
1990,79,2,0,0,0,1,0,0,0,0
1990,54,1,0,0,0,0,637,1,48,0
1990,50,2,0,0,2,1,33,2,40,0
1990,28,1,1,0,0,1,525,1,36,0
1990,29,1,2,3,3,0,435,3,56,0
1990,27,1,0,0,1,1,55,2,45,0
1990,25,2,0,0,0,1,174,6,40,0
1990,45,1,2,0,0,1,14,5,50,1
1990,35,1,0,0,0,1,525,4,40,0
1990,30,2,0,0,0,1,95,5,24,0
1990,34,1,0,0,0,0,534,3,30,0
1990,31,2,0,0,0,1,159,5,4,0
1990,29,2,1,0,0,1,313,2,43,0
1990,32,2,2,0,2,1,267,3,60,0
1990,35,1,0,0,0,1,176,5,45,0
1990,28,2,0,0,0,1,468,5,5,0
1990,57,1,2,0,0,1,523,3,56,0
1990,24,2,1,0,2,0,435,3,40,0
1990,31,1,0,0,0,0,585,3,40,0
1990,24,2,0,0,0,0,453,4,40,0
1990,31,2,2,0,0,1,23,3,50,0
1990,33,1,2,0,0,1,318,2,40,0
1990,24,1,1,0,0,1,257,2,40,0
1990,46,1,0,0,0,0,22,2,40,1
1990,40,2,0,3,0,0,628,1,35,0
1990,20,1,1,3,0,0,856,3,43,0
1990,39,1,0,0,0,0,22,5,40,0
1990,32,2,0,0,0,0,337,0,40,0
1990,38,2,0,0,0,1,156,5,60,0
1990,35,1,0,0,0,1,243,3,50,0
1990,63,2,3,0,1,1,0,0,0,0
1990,44,2,0,0,0,1,354,2,40,0
1990,35,1,0,0,0,1,16,2,43,0
1990,55,1,0,0,0,1,259,1,60,1
1990,52,2,0,0,0,0,277,3,0,0
1990,36,1,0,0,0,1,37,2,40,0
1990,36,2,0,0,0,1,95,5,16,0
1990,38,1,0,0,0,1,364,1,40,0
1990,39,2,0,0,0,0,315,3,38,0
1990,31,1,2,0,0,0,505,4,54,0
1990,29,2,2,0,0,1,337,1,40,0
1990,50,1,0,0,0,0,686,3,40,0
1990,47,2,0,0,0,0,276,3,40,0
1990,19,1,1,0,0,0,354,2,40,0
1990,19,1,1,0,0,1,595,0,15,0
1990,22,2,1,0,0,0,313,3,40,0
1990,21,2,1,0,0,0,337,5,40,0
1990,35,1,0,0,0,1,22,1,45,0
1990,34,2,0,0,0,1,274,3,8,0
1990,41,1,0,0,0,1,417,6,60,0
1990,39,2,0,0,0,1,0,0,0,0
1990,30,1,0,0,0,1,59,5,40,0
1990,27,2,0,0,0,1,59,5,45,0
1990,35,1,0,0,0,0,243,3,44,0
1990,39,2,0,0,0,0,25,4,40,0
1990,40,1,0,0,0,1,64,3,40,1
1990,37,2,0,0,0,0,156,5,20,0
1990,26,2,1,0,0,1,378,3,45,0
1990,42,2,2,0,0,0,337,1,40,0
1990,23,2,2,0,0,0,313,0,40,0
1990,49,1,0,0,0,1,25,3,40,0
1990,47,2,0,0,0,0,313,3,40,0
1990,26,1,1,0,0,1,373,3,21,0
1990,45,1,0,0,0,1,22,0,40,1
1990,43,2,0,0,0,0,37,1,40,0
1990,39,2,2,0,0,1,27,4,40,1
1990,24,1,1,0,0,1,22,3,50,0
1990,27,1,1,0,0,1,56,3,40,0
1990,37,1,0,0,0,1,304,5,40,0
1990,35,2,0,0,0,1,98,5,40,0
1990,39,2,1,0,0,1,243,3,40,0
1990,27,2,2,0,0,0,365,3,45,0
1990,40,1,0,0,0,1,343,5,60,1
1990,39,2,0,0,0,1,0,0,0,0
1990,31,1,0,0,0,0,337,3,50,0
1990,32,2,0,0,0,0,337,3,40,0
1990,57,2,3,0,0,1,0,0,0,0
1990,68,1,0,0,0,1,0,0,0,0
1990,67,2,0,0,0,1,0,0,0,0
1990,35,2,0,0,0,1,156,5,0,0
1990,36,1,0,0,0,1,176,5,40,0
1990,29,1,0,0,0,0,567,1,40,0
1990,38,2,0,0,0,0,208,3,40,0
1990,50,1,0,0,0,0,804,4,40,0
1990,48,2,0,0,0,0,338,4,40,0
1990,23,2,1,0,0,1,364,2,20,0
1990,26,1,1,0,0,1,283,3,40,0
1990,31,1,1,0,0,1,22,1,40,0
1990,31,1,1,0,0,0,436,4,50,0
1990,25,1,0,1,0,1,229,4,40,0
1990,25,2,0,1,0,1,155,5,40,0
1990,34,1,0,0,0,1,7,4,72,1
1990,29,2,0,0,0,1,348,4,35,0
1990,50,1,0,0,0,0,783,4,40,0
1990,51,2,0,0,0,0,0,0,0,0
1990,32,1,1,0,0,0,866,0,24,0
1990,35,2,0,0,0,1,363,1,40,1
1990,38,1,0,0,0,1,9,1,40,0
1990,46,1,0,0,0,0,453,4,40,0
1990,45,2,0,0,0,0,308,4,40,0
1990,37,1,0,0,0,1,178,5,40,0
1990,32,2,0,0,0,1,447,5,40,0
1990,29,1,0,0,0,0,579,0,47,0
1990,27,2,0,0,0,1,316,5,46,0
1990,45,1,0,0,0,1,734,1,38,0
1990,48,2,0,0,0,0,313,5,40,0
1990,63,2,3,0,0,0,274,3,28,0
1990,24,1,0,0,0,0,253,4,60,0
1990,35,2,0,0,0,1,195,1,45,0
1990,32,1,0,0,0,1,226,2,40,0
1990,31,2,0,0,0,1,95,5,16,0
1990,24,1,0,0,0,1,243,3,50,0
1990,23,2,0,0,0,0,313,5,40,0
1990,32,1,0,0,0,1,243,3,50,0
1990,30,2,0,0,0,1,376,4,6,0
1990,31,2,2,0,0,1,24,4,40,0
1990,40,1,0,0,0,1,159,1,50,0
1990,35,2,0,0,0,1,276,3,35,0
1990,22,1,0,0,0,0,566,0,65,1
1990,21,2,0,0,0,1,23,1,40,0
1990,63,2,3,0,0,0,385,3,40,0
1990,32,1,0,0,0,0,567,0,50,0
1990,30,2,0,0,0,1,313,5,40,0
1990,36,2,0,0,0,1,13,1,40,0
1990,40,1,0,0,0,1,313,3,40,1
1990,73,1,0,0,0,0,243,3,70,0
1990,72,2,0,0,0,0,0,0,0,0
1990,60,2,3,1,0,0,0,0,0,0
1990,80,2,3,0,0,1,0,0,0,0
1990,36,2,2,0,0,0,744,1,40,0
1990,34,1,0,0,0,0,575,0,45,0
1990,31,2,0,0,0,0,744,1,40,0
1990,61,1,0,0,0,0,783,0,40,0
1990,59,2,0,0,0,0,16,2,40,1
1990,26,1,3,0,0,1,585,0,40,0
1990,64,1,0,1,0,0,0,0,0,0
1990,64,2,0,1,0,0,0,0,0,0
1990,59,1,0,0,0,0,579,0,40,0
1990,55,2,0,0,0,1,313,5,40,0
1990,77,1,0,1,0,0,0,0,0,0
1990,70,2,0,1,0,0,0,0,0,0
1990,50,1,3,1,0,0,0,0,0,0
1990,75,2,3,1,0,0,0,0,0,0
1990,38,1,0,1,0,0,475,0,40,0
1990,37,2,0,1,0,0,785,1,40,0
1990,20,1,1,1,0,0,804,1,40,0
1990,18,2,1,1,0,0,0,0,0,0
1990,42,2,2,1,0,1,486,3,0,0
1990,45,1,0,0,0,0,779,1,40,0
1990,43,2,0,0,0,0,468,5,40,0
1990,18,1,1,0,0,0,0,0,0,0
1990,56,2,1,1,0,0,0,0,0,0
1990,42,2,3,1,0,0,449,5,40,0
1990,19,2,1,1,0,0,0,0,0,0
1990,44,1,1,0,0,0,0,0,0,0
1990,59,2,3,1,0,0,0,0,0,0
1990,70,1,3,1,0,0,0,0,0,0
1990,35,2,2,1,0,0,744,1,40,0
1990,30,1,0,0,0,0,804,2,40,0
1990,39,2,0,0,0,0,549,1,40,0
1990,77,2,3,0,0,0,0,0,0,0
1990,41,1,0,0,0,0,567,0,38,0
1990,41,2,0,0,0,0,313,6,40,0
1990,47,1,0,0,0,1,354,2,37,0
1990,47,2,0,0,0,0,379,3,25,0
1990,61,1,0,0,0,0,276,3,40,0
1990,53,2,0,0,0,0,265,3,24,0
1990,69,1,0,0,0,0,0,0,0,0
1990,71,2,0,0,0,0,0,0,0,0
1990,38,1,0,0,0,1,274,3,50,0
1990,37,2,0,0,0,1,156,5,37,0
1990,72,1,0,0,0,0,0,0,0,0
1990,61,2,0,0,0,0,156,5,40,0
1990,32,1,1,0,0,1,263,3,45,0
1990,71,2,3,0,0,1,0,0,0,0
1990,25,1,0,0,2,1,22,0,40,0
1990,26,2,0,0,0,1,23,5,40,0
1990,57,1,0,0,0,0,505,1,55,0
1990,58,2,0,0,0,0,0,0,0,0
1990,33,2,2,1,0,0,744,1,40,0
1990,49,1,2,1,0,0,496,1,40,0
1990,73,2,3,0,0,0,0,0,0,0
1990,57,1,0,0,0,0,274,3,50,0
1990,49,2,0,0,0,0,0,0,0,0
1990,29,2,1,0,0,0,313,1,40,0
1990,23,2,1,1,0,0,0,0,0,0
1990,46,2,2,1,0,0,785,1,40,0
1990,28,1,1,1,0,0,486,0,20,0
1990,27,2,1,1,0,0,447,5,40,0
1990,23,1,1,1,0,0,889,1,40,0
1990,21,2,1,1,0,0,779,1,40,0
1990,18,2,1,1,0,0,0,0,0,0
1990,71,2,3,1,0,0,0,0,0,0
1990,28,1,0,0,0,1,79,4,45,0
1990,28,2,0,0,0,1,157,5,38,0
1990,78,1,0,0,0,0,0,0,0,0
1990,76,2,0,0,0,0,0,0,0,0
1990,28,1,2,0,0,1,695,2,40,0
1990,80,2,0,0,0,0,0,0,0,0
1990,64,2,3,0,0,1,313,5,40,0
1990,71,1,3,1,0,0,0,0,0,0
1990,60,2,3,0,0,1,22,4,0,0
1990,25,1,1,0,0,1,383,4,35,0
1990,30,1,0,0,0,1,174,6,40,0
1990,24,2,0,0,0,1,174,6,40,0
1990,31,1,0,1,0,0,486,0,0,0
1990,32,2,0,1,0,0,686,1,40,0
1990,40,1,0,1,0,0,885,3,40,0
1990,43,2,0,1,0,0,747,1,45,0
1990,20,1,1,1,0,0,364,1,45,0
1990,19,2,1,1,0,0,453,5,0,0
1990,30,1,2,0,0,1,547,6,40,0
1990,24,1,0,0,0,1,208,5,50,0
1990,24,2,0,0,0,1,174,5,40,0
1990,50,1,2,1,0,0,588,0,40,0
1990,64,1,0,0,0,0,316,6,40,0
1990,56,2,0,0,0,0,156,5,40,0
1990,18,2,1,3,3,1,0,0,0,0
1990,41,1,0,0,2,1,217,1,42,0
1990,44,2,0,0,0,1,156,5,0,0
1990,21,2,2,0,0,0,313,4,40,0
1990,20,1,1,0,0,1,686,3,30,0
1990,30,1,0,1,0,0,628,1,48,0
1990,33,2,0,1,0,0,436,5,30,0
1990,64,1,0,0,0,1,22,3,45,1
1990,50,2,0,0,0,1,0,0,0,0
1990,40,1,0,3,0,1,905,6,60,0
1990,39,2,0,0,0,1,104,5,40,0
1990,33,2,1,1,0,0,796,1,40,0
1990,30,1,2,1,0,0,518,1,48,0
1990,56,2,3,0,0,0,0,0,0,0
1990,47,1,0,0,0,0,804,2,50,0
1990,74,2,0,0,0,0,0,0,0,0
1990,42,1,0,0,0,0,0,0,0,0
1990,42,2,0,0,0,0,337,5,40,0
1990,21,2,1,0,0,0,274,5,40,0
1990,19,1,1,0,0,0,856,1,65,0
1990,46,1,0,0,0,0,259,3,48,0
1990,46,2,0,0,0,0,97,5,40,0
1990,24,1,1,0,0,0,694,2,40,0
1990,19,2,1,0,0,0,317,4,48,0
1990,45,2,3,1,0,0,738,1,40,0
1990,21,2,1,1,0,0,785,1,40,0
1990,34,1,3,1,0,0,0,0,0,0
1990,63,1,1,0,0,0,808,5,60,0
1990,38,1,0,0,0,1,575,2,40,0
1990,35,2,0,0,0,0,313,5,40,0
1990,24,2,1,1,0,0,744,1,0,0
1990,33,2,1,0,0,1,17,4,60,0
1990,73,1,0,0,0,0,0,0,0,0
1990,63,2,0,0,0,0,744,1,40,0
1990,35,2,3,1,0,0,777,1,40,0
1990,32,1,2,0,0,1,418,6,40,0
1990,40,2,1,1,0,0,727,1,45,0
1990,23,2,1,1,0,0,646,1,40,0
1990,33,2,3,1,0,1,749,1,40,0
1990,62,1,0,0,0,1,243,3,60,0
1990,54,2,0,0,0,0,243,3,10,0
1990,54,2,0,0,0,0,0,0,0,0
1990,58,1,0,0,0,1,494,1,42,0
1990,23,1,2,0,0,0,869,0,40,0
1990,52,1,0,1,0,0,469,5,40,0
1990,49,2,0,1,0,0,666,3,40,0
1990,55,2,0,0,0,0,0,0,0,0
1990,61,1,0,0,0,1,33,1,45,0
1990,76,2,3,0,0,1,0,0,0,0
1990,46,1,0,0,0,0,579,0,30,0
1990,39,2,0,0,0,1,157,5,37,0
1990,21,1,1,0,0,0,436,3,40,0
1990,19,1,1,0,0,1,243,3,40,0
1990,27,1,0,0,0,0,785,1,40,0
1990,28,2,0,0,0,0,22,1,40,0
1990,52,1,2,0,0,1,567,0,0,0
1990,26,2,1,0,0,1,22,5,40,0
1990,34,1,3,1,0,0,809,2,0,0
1990,50,1,0,0,0,1,274,3,40,0
1990,47,2,0,0,0,1,23,1,55,0
1990,73,2,3,0,0,0,0,0,0,0
1990,72,2,3,0,0,0,0,0,0,0
1990,73,1,3,0,0,0,0,0,0,0
1990,28,1,0,0,0,0,22,0,50,1
1990,28,2,0,0,0,0,0,0,0,0
1990,44,1,0,0,0,0,23,6,40,1
1990,43,2,0,0,0,1,303,6,40,0
1990,75,1,0,0,0,0,0,0,0,0
1990,70,2,0,0,0,0,0,0,0,0
1990,18,2,1,1,0,0,436,3,30,0
1990,52,2,3,1,0,0,0,0,0,0
1990,29,1,1,1,0,1,785,4,40,0
1990,60,1,3,1,0,0,0,0,0,0
1990,72,1,0,0,0,0,0,0,0,0
1990,71,2,0,0,0,0,185,3,8,0
1990,24,2,3,0,0,0,749,1,40,0
1990,37,2,3,0,0,0,435,3,40,0
1990,30,1,2,0,0,0,783,4,40,0
1990,48,1,0,0,0,1,274,3,40,0
1990,46,2,0,0,0,0,383,4,40,0
1990,48,1,0,0,0,0,804,3,40,0
1990,42,2,0,0,0,0,339,5,29,0
1990,41,1,0,0,0,0,804,3,40,0
1990,40,2,0,0,0,0,796,1,40,0
1990,20,2,1,0,0,0,387,5,15,0
1990,49,2,3,0,0,0,0,0,0,0
1990,37,1,0,1,0,0,628,1,40,0
1990,34,2,0,1,0,1,95,5,40,0
1990,37,1,0,0,0,0,785,1,40,0
1990,35,2,0,0,0,0,785,1,40,0
1990,34,1,0,0,0,1,804,1,40,0
1990,31,2,0,0,0,0,315,4,0,0
1990,45,1,0,1,0,0,777,2,40,0
1990,41,2,0,1,0,0,754,1,50,0
1990,44,1,0,0,0,0,866,0,40,0
1990,36,2,0,0,0,0,0,0,0,0
1990,20,1,1,0,0,0,0,0,0,0
1990,28,1,0,0,0,0,264,3,35,0
1990,23,2,0,0,0,0,389,6,42,0
1990,26,1,0,0,0,0,585,1,45,0
1990,25,2,0,0,0,0,313,4,40,0
1990,61,2,2,0,0,1,95,5,7,0
1990,58,1,0,0,0,0,243,3,40,1
1990,65,2,0,0,0,0,0,0,0,0
1990,32,1,0,0,0,1,22,1,50,0
1990,29,2,0,0,0,1,274,3,10,0
1990,25,2,1,0,0,1,95,5,32,0
1990,42,1,0,0,0,1,323,2,40,0
1990,36,2,0,0,0,0,243,3,0,0
1990,77,2,3,0,0,0,0,0,0,0
1990,64,1,0,0,0,0,628,1,40,0
1990,65,2,0,0,0,0,276,3,0,0
1990,56,1,0,0,0,0,804,2,70,1
1990,53,2,0,0,0,0,337,3,0,0
1990,76,2,2,1,0,1,0,0,0,0
1990,37,1,0,0,0,0,734,3,40,0
1990,37,2,0,0,0,0,276,3,16,0
1990,30,1,0,0,0,0,518,1,40,0
1990,35,2,0,0,0,0,684,1,40,0
1990,39,1,0,0,0,0,5,0,40,0
1990,41,2,0,0,0,0,0,0,0,0
1990,73,2,3,1,0,0,0,0,0,0
1990,46,1,0,0,0,0,22,0,40,0
1990,40,2,0,0,0,0,744,1,40,0
1990,43,2,2,0,0,0,738,1,40,0
1990,50,2,3,0,2,0,243,3,40,0
1990,42,2,2,0,0,0,888,3,0,0
1990,34,2,1,0,0,0,0,0,0,0
1990,36,1,0,1,2,1,904,6,60,0
1990,25,2,0,1,0,1,208,6,50,0
1990,46,1,0,0,0,1,5,6,40,0
1990,45,2,0,0,0,1,17,5,40,0
1990,34,1,0,1,0,1,227,6,40,0
1990,35,2,0,1,0,1,155,5,30,0
1990,42,2,2,0,0,1,446,3,40,0
1990,30,1,2,1,0,0,699,6,48,0
1990,19,2,1,1,0,1,276,3,40,0
1990,30,1,1,0,0,1,7,5,45,0
1990,64,1,0,0,0,0,585,1,50,0
1990,65,2,0,0,0,0,197,4,40,0
1990,52,2,2,0,0,0,486,5,0,0
1990,42,1,0,1,0,1,457,4,30,0
1990,40,2,0,1,0,0,264,3,40,0
1990,18,2,1,1,0,0,276,3,13,0
1990,43,2,1,1,0,1,348,2,40,0
1990,70,2,3,0,0,1,0,0,0,0
1990,25,1,1,1,0,1,436,4,40,0
1990,21,1,1,1,0,0,228,6,42,0
1990,22,1,1,1,0,0,804,6,50,0
1990,18,1,1,0,0,0,904,6,0,0
1990,27,1,3,1,0,0,904,6,60,0
1990,26,1,3,0,2,0,904,6,60,0
1990,22,1,1,1,0,0,904,6,60,0
1990,27,1,0,0,0,1,228,6,60,0
1990,26,2,0,1,0,0,453,5,31,0
1990,23,1,0,0,0,1,59,6,40,0
1990,20,2,0,0,0,1,467,5,45,0
1990,22,1,0,0,0,0,844,6,60,0
1990,19,2,0,0,0,0,276,3,25,0
1990,28,1,1,1,0,0,756,1,40,0
1990,27,1,1,1,0,0,785,4,40,0
1990,33,2,1,1,0,0,405,4,20,0
1990,63,1,0,0,0,0,0,0,0,0
1990,64,2,0,0,0,0,479,0,20,0
1990,32,2,3,1,0,1,156,5,40,0
1990,58,2,3,0,0,1,14,5,80,1
1990,74,1,0,0,0,1,0,0,0,0
1990,74,2,0,0,0,0,0,0,0,0
1990,35,1,1,0,0,1,435,4,40,0
1990,71,1,0,0,0,1,0,0,0,0
1990,67,2,0,0,0,1,274,3,14,0
1990,79,1,0,0,0,0,0,0,0,0
1990,78,2,0,0,0,1,0,0,0,0
1990,37,1,0,0,0,1,17,4,65,0
1990,36,2,0,0,0,1,256,2,40,0
1990,54,1,0,0,0,0,549,6,40,0
1990,49,2,0,0,0,0,5,6,40,0
1990,24,1,1,0,0,0,869,0,40,0
1990,19,2,1,0,0,1,447,5,17,0
1990,43,1,0,0,0,0,783,1,80,0
1990,42,2,0,0,0,0,374,3,40,0
1990,19,1,1,0,0,0,213,2,40,0
1990,33,1,2,0,0,0,783,3,40,0
1990,67,2,3,0,0,0,0,0,0,0
1990,47,1,0,0,0,1,423,6,50,0
1990,49,2,0,0,0,0,435,3,30,0
1990,65,2,3,0,0,0,243,3,40,0
1990,44,2,2,0,0,0,337,4,40,0
1990,26,1,0,0,0,0,575,1,40,0
1990,22,2,0,0,0,0,313,5,40,0
1990,69,1,0,0,2,1,22,1,20,1
1990,63,2,0,0,0,0,318,5,40,0
1990,64,1,0,0,0,0,777,1,0,0
1990,62,2,0,0,0,0,0,0,0,0
1990,29,1,0,0,0,0,796,1,50,0
1990,27,2,0,0,0,0,436,3,30,0
1990,46,1,0,0,0,0,269,3,40,0
1990,43,2,0,0,0,0,259,3,40,0
1990,20,1,1,0,0,0,779,1,40,0
1990,42,1,0,0,0,0,327,2,40,0
1990,37,2,0,0,0,1,5,6,40,0
1990,18,2,1,0,0,1,0,0,0,0
1990,60,1,3,0,0,0,783,1,0,0
1990,43,1,0,0,0,0,426,6,50,0
1990,40,2,0,0,0,1,313,5,40,0
1990,18,1,1,0,0,0,486,0,32,0
1990,25,1,0,0,0,1,856,1,40,0
1990,22,2,0,0,0,1,348,4,39,0
1990,40,1,2,0,0,0,585,0,40,0
1990,43,2,2,0,0,0,748,4,35,0
1990,73,2,3,0,0,0,0,0,0,0
1990,19,1,0,0,0,1,869,0,40,0
1990,70,1,3,1,0,0,417,6,0,0
1990,56,2,2,0,0,0,313,1,40,0
1990,60,1,0,0,0,1,416,6,50,0
1990,56,2,0,0,0,1,156,5,0,0
1990,31,1,1,0,0,1,48,1,60,0
1990,27,1,1,0,0,1,359,6,45,0
1990,46,1,0,0,0,0,263,3,40,0
1990,45,2,0,0,0,0,243,3,40,0
1990,18,1,1,0,0,0,877,3,25,0
1990,52,1,0,0,0,1,277,5,40,0
1990,35,2,0,0,0,0,453,4,40,0
1990,21,1,0,0,0,0,547,6,45,0
1990,21,2,0,0,0,1,243,3,48,0
1990,43,1,3,0,0,1,903,6,60,1
1990,21,1,1,0,0,0,833,6,50,0
1990,47,1,0,0,0,0,22,2,40,1
1990,44,2,0,0,0,1,313,6,40,0
1990,18,1,1,0,0,0,486,0,20,0
1990,38,1,0,0,0,1,903,6,50,1
1990,38,2,0,0,0,1,156,5,60,0
1990,18,1,1,0,0,0,0,0,0,0
1990,51,2,0,0,0,0,453,6,0,0
1990,52,1,0,0,0,0,424,6,40,0
1990,32,1,2,0,0,0,587,0,40,0
1990,43,1,0,0,0,0,533,4,50,0
1990,38,2,0,0,0,1,0,0,0,0
1990,42,1,0,0,0,0,779,2,40,0
1990,40,2,0,0,0,0,888,3,0,0
1990,19,1,1,0,0,0,869,0,40,0
1990,50,2,2,1,0,0,824,1,40,0
1990,77,1,3,0,0,1,488,0,0,0
1990,71,1,0,0,0,0,0,0,0,0
1990,62,2,0,0,0,0,207,4,60,0
1990,78,1,0,0,0,0,0,0,0,0
1990,70,2,0,0,0,0,0,0,0,0
1990,23,1,1,0,0,0,509,3,30,0
1990,25,1,0,0,0,0,734,1,40,0
1990,25,2,0,0,0,0,777,1,0,0
1990,30,1,0,0,0,0,496,1,60,0
1990,30,2,0,0,0,1,313,0,32,0
1990,54,2,3,0,0,0,888,1,40,0
1990,22,1,0,0,0,0,426,4,40,0
1990,21,2,0,0,0,0,25,4,40,0
1990,45,2,2,0,0,0,744,1,40,0
1990,28,1,0,0,0,0,887,5,60,0
1990,21,2,0,3,3,1,0,0,0,0
1990,37,1,0,0,0,0,789,2,40,0
1990,33,2,0,0,0,1,375,4,40,0
1990,55,1,0,0,0,0,804,2,40,0
1990,55,2,0,0,0,0,909,6,0,0
1990,18,2,1,0,0,0,159,4,20,0
1990,41,1,0,0,0,0,575,6,40,0
1990,37,2,0,0,0,0,253,4,58,0
1990,18,1,1,0,0,0,275,4,20,0
1990,62,1,0,0,0,0,634,1,40,0
1990,58,2,0,0,0,0,0,0,0,0
1990,78,1,0,0,0,0,0,0,0,0
1990,70,2,0,0,0,0,0,0,0,0
1990,24,1,2,0,0,0,243,3,40,0
1990,55,2,2,0,0,0,22,4,50,0
1990,31,1,0,0,0,0,243,3,45,0
1990,24,2,0,0,0,0,628,3,40,0
1990,43,1,0,1,0,0,414,6,40,0
1990,38,2,0,1,0,0,469,3,40,0
1990,19,2,1,1,0,0,276,3,32,0
1990,18,2,1,1,0,0,436,3,20,0
1990,43,1,0,0,0,0,507,3,40,0
1990,43,2,0,0,0,0,435,3,40,0
1990,29,2,0,0,0,1,203,5,40,0
1990,41,1,0,0,0,1,55,2,40,0
1990,36,1,0,0,0,0,426,4,60,0
1990,35,2,0,0,2,1,426,4,0,0
1990,59,1,0,0,0,0,0,0,0,0
1990,56,2,0,0,0,0,0,0,0,0
1990,37,1,2,0,0,0,585,0,9,0
1990,18,1,1,0,0,0,444,3,0,0
1990,29,1,0,0,0,0,806,3,70,0
1990,27,2,0,0,0,0,458,4,0,0
1990,26,1,1,0,0,0,806,3,70,0
1990,29,1,0,0,0,0,785,1,40,0
1990,29,2,0,0,0,0,0,0,0,0
1990,57,1,0,0,0,1,197,1,50,1
1990,55,2,0,0,0,0,313,1,0,0
1990,53,1,0,0,0,0,686,3,39,0
1990,50,2,0,0,0,0,17,5,37,0
1990,74,2,3,0,0,0,0,0,0,0
1990,66,1,0,0,0,0,277,3,55,0
1990,61,2,0,0,0,0,277,3,55,0
1990,18,1,1,0,2,0,459,5,6,0
1990,58,1,0,0,0,0,274,3,40,0
1990,55,2,0,0,0,0,0,0,0,0
1990,50,1,0,0,0,1,233,1,40,0
1990,41,2,0,0,0,1,234,5,40,0
1990,22,2,1,0,0,1,315,5,35,0
1990,23,1,0,0,0,0,785,1,40,0
1990,19,2,0,0,0,0,765,1,40,0
1990,41,1,0,0,0,0,448,4,40,0
1990,39,2,0,0,0,0,276,3,40,0
1990,58,2,2,0,0,1,0,0,0,0
1990,22,1,1,0,0,0,869,0,40,0
1990,52,2,3,0,0,0,796,1,0,0
1990,65,1,0,0,0,0,0,0,0,0
1990,58,2,0,0,0,0,0,0,0,0
1990,34,1,1,0,0,0,0,0,0,0
1990,31,1,0,0,0,0,749,1,40,0
1990,29,2,0,0,0,0,738,1,40,0
1990,41,1,0,0,0,1,22,2,40,1
1990,46,2,0,0,0,1,0,0,0,0
1990,24,1,0,0,0,0,709,1,40,0
1990,18,2,0,0,0,1,449,4,30,0
1990,66,1,0,0,0,1,774,1,0,0
1990,56,2,0,0,0,0,0,0,0,0
1990,53,2,2,0,0,0,744,1,45,0
1990,31,1,0,0,0,0,577,2,40,0
1990,30,2,0,0,0,0,0,0,0,0
1990,73,2,0,0,0,0,0,0,0,0
1990,45,2,1,0,0,0,364,1,40,0
1990,40,1,1,0,0,0,785,1,40,0
1990,76,2,3,0,0,0,404,4,14,0
1990,38,1,0,0,0,1,637,1,50,0
1990,30,2,0,0,2,0,0,0,0,0
1990,30,1,0,0,0,0,883,1,55,0
1990,41,2,0,0,0,0,379,1,40,0
1990,19,2,1,0,0,0,0,0,0,0
1990,26,2,1,0,0,0,435,3,40,0
1990,30,1,0,0,0,0,436,3,50,0
1990,22,2,0,0,0,0,449,4,60,0
1990,58,1,2,0,0,0,257,2,50,0
1990,74,1,0,0,0,0,0,0,0,0
1990,55,2,0,0,0,0,796,1,0,0
1990,27,1,2,0,0,0,563,0,40,0
1990,31,2,2,0,0,0,744,1,40,0
1990,46,1,0,0,0,0,518,1,45,0
1990,43,2,0,0,0,0,744,1,40,0
1990,19,2,0,0,0,0,888,1,40,0
1990,19,1,0,0,0,0,686,1,40,0
1990,50,1,2,0,0,0,0,0,0,0
1990,25,2,3,0,0,0,744,1,40,0
1990,23,2,1,0,0,1,243,3,0,0
1990,61,1,0,0,0,0,636,1,40,0
1990,57,2,0,0,0,0,0,0,0,0
1990,70,2,2,0,0,0,0,0,0,0
1990,39,1,0,0,0,0,744,1,60,0
1990,38,2,0,0,0,0,379,1,60,0
1990,68,1,0,0,0,0,0,0,0,0
1990,72,2,0,0,0,0,0,0,0,0
1990,64,1,0,0,0,1,628,1,0,0
1990,61,2,0,0,0,0,0,0,0,0
1990,76,2,3,0,0,0,0,0,0,0
1990,52,1,1,0,0,0,738,1,40,0
1990,31,1,0,0,0,1,14,5,40,0
1990,31,2,0,0,0,0,345,4,20,0
1990,52,1,0,0,0,0,766,1,80,0
1990,34,2,0,0,0,0,447,5,40,0
1990,29,1,0,0,0,0,22,0,40,0
1990,27,2,0,0,0,1,205,5,0,0
1990,51,1,0,0,0,0,808,2,40,0
1990,50,2,0,0,0,0,276,3,30,0
1990,25,2,1,0,0,0,435,3,23,0
1990,47,2,2,0,0,0,337,1,40,0
1990,36,2,2,0,0,1,804,2,50,0
1990,59,2,2,0,0,0,446,5,40,0
1990,64,2,3,1,0,0,407,4,26,0
1990,43,1,0,0,0,1,525,3,40,0
1990,38,2,0,0,0,0,189,4,20,0
1990,35,1,2,0,0,0,589,0,35,0
1990,43,1,0,0,0,0,806,1,40,0
1990,38,2,0,0,0,0,159,5,10,0
1990,70,1,0,0,0,1,176,5,20,0
1990,68,2,0,0,0,0,0,0,0,0
1990,25,2,0,0,0,0,738,1,48,0
1990,29,1,0,0,0,0,235,1,48,0
1990,49,1,0,0,0,0,268,3,45,0
1990,48,2,0,0,0,0,159,1,48,0
1990,34,2,2,0,0,0,216,1,48,0
1990,57,1,0,0,0,1,21,5,42,0
1990,54,2,0,0,0,0,337,1,54,0
1990,45,2,2,0,0,0,0,0,0,0
1990,69,1,1,0,0,0,0,0,0,0
1990,75,2,3,0,0,0,0,0,0,0
1990,64,1,0,0,0,0,0,0,0,0
1990,64,2,0,0,0,0,744,1,40,0
1990,29,1,0,0,0,0,758,1,40,0
1990,23,2,0,0,0,0,739,1,40,0
1990,57,1,0,0,0,0,783,4,40,0
1990,54,2,0,0,0,0,0,0,0,0
1990,65,1,3,0,0,0,585,0,0,0
1990,21,1,0,0,0,0,567,0,40,0
1990,21,2,0,0,0,0,22,1,40,0
1990,52,1,0,0,0,0,0,0,0,0
1990,42,2,0,0,0,0,796,1,0,0
1990,27,2,2,0,0,0,407,4,40,0
1990,19,1,1,0,0,0,577,0,40,0
1990,76,1,0,0,0,1,0,0,0,0
1990,75,2,0,0,0,1,0,0,0,0
1990,75,2,2,0,0,0,0,0,0,0
1990,31,2,2,0,0,0,888,1,40,0
1990,26,1,1,2,1,0,567,0,40,0
1990,53,2,2,0,0,1,488,3,0,0
1990,49,1,0,0,0,0,869,0,0,0
1990,44,2,0,0,0,0,0,0,0,0
1990,22,1,0,0,0,0,268,3,55,0
1990,24,2,0,0,0,0,0,0,0,0
1990,29,2,1,1,0,0,738,1,40,0
1990,58,1,0,1,0,0,453,1,0,0
1990,56,2,0,1,0,0,508,2,0,0
1990,20,2,1,1,0,0,435,3,0,0
1990,23,1,0,0,0,0,176,5,40,0
1990,24,2,0,0,0,0,466,5,40,0
1990,49,1,2,0,0,0,783,4,0,0
1990,37,2,1,0,0,0,738,1,40,0
1990,44,2,2,0,0,0,666,3,35,0
1990,56,1,0,0,0,1,796,3,40,0
1990,46,2,0,0,0,1,0,0,0,0
1990,36,1,1,0,0,1,19,4,43,0
1990,69,1,3,0,0,0,0,0,0,0
1990,65,1,3,0,0,0,0,0,0,0
1990,65,2,3,0,0,0,0,0,0,0
1990,38,1,0,0,0,0,579,0,40,0
1990,36,2,0,0,0,0,738,1,40,0
1990,45,1,2,0,0,0,0,0,0,0
1990,42,1,0,1,0,0,779,1,40,0
1990,40,2,0,1,0,0,796,1,40,0
1990,22,1,1,1,0,0,436,3,36,0
1990,27,1,0,0,0,1,734,1,50,0
1990,25,2,0,0,0,1,313,4,40,0
1990,56,1,0,0,0,0,259,3,50,1
1990,54,2,0,0,0,0,339,3,0,0
1990,77,2,3,0,0,0,0,0,0,0
1990,40,1,0,0,0,0,549,2,40,0
1990,36,2,0,0,0,0,269,3,40,0
1990,76,2,3,0,0,0,0,0,0,0
1990,42,1,0,0,0,0,877,3,40,0
1990,36,2,0,0,0,0,0,0,0,0
1990,32,1,0,0,0,1,55,2,40,0
1990,28,2,0,0,0,0,313,1,40,0
1990,42,1,0,0,0,0,243,4,40,0
1990,41,2,0,0,0,0,274,3,40,0
1990,30,1,0,0,0,1,56,1,50,0
1990,28,2,0,0,0,0,27,4,20,0
1990,42,1,0,0,0,0,785,1,45,0
1990,39,2,0,0,0,0,579,0,0,0
1990,35,1,3,0,0,0,486,0,22,0
1990,69,1,0,0,0,0,567,0,40,0
1990,69,2,0,0,0,0,0,0,0,0
1990,32,2,2,0,0,0,225,1,40,0
1990,77,2,0,0,0,0,0,0,0,0
1990,19,1,1,0,0,0,567,0,38,0
1990,21,2,1,0,0,0,888,1,40,0
1990,20,2,1,0,0,0,754,1,40,0
1990,53,1,0,0,0,0,549,1,40,0
1990,47,2,0,0,0,1,313,5,40,0
1990,33,1,2,0,0,0,779,1,35,0
1990,80,1,0,0,0,0,0,0,0,0
1990,73,2,0,0,0,0,0,0,0,0
1990,51,1,0,0,0,1,178,5,51,1
1990,51,2,0,0,0,1,266,3,0,0
1990,22,2,1,0,0,1,175,4,15,0
1990,45,1,0,0,0,0,453,5,40,0
1990,45,2,0,0,0,0,379,5,40,0
1990,21,1,0,0,0,0,883,2,40,0
1990,22,2,0,0,0,0,336,4,40,0
1990,65,1,0,0,0,1,274,3,50,0
1990,65,2,0,0,0,1,0,0,0,0
1990,48,1,0,0,0,0,727,1,0,0
1990,48,2,0,0,0,0,779,1,40,0
1990,75,1,0,0,0,0,0,0,0,0
1990,75,2,0,0,0,0,0,0,0,0
1990,33,2,2,0,0,1,203,5,40,0
1990,33,1,0,2,1,0,869,0,40,0
1990,19,1,1,2,1,0,754,1,40,0
1990,30,1,1,2,1,0,777,1,40,0
1990,33,1,0,2,0,0,869,0,40,0
1990,43,1,0,0,0,0,785,1,40,0
1990,40,2,0,0,0,0,436,5,28,0
1990,36,1,0,0,0,1,0,0,0,0
1990,34,2,0,0,0,0,889,1,0,0
1990,59,1,0,0,0,0,535,3,40,0
1990,58,2,0,0,0,0,407,4,20,1
1990,29,1,0,0,0,0,883,1,40,0
1990,27,2,0,0,0,1,243,3,35,0
1990,31,1,0,0,0,1,364,1,40,0
1990,29,2,0,0,0,1,308,3,40,0
1990,41,1,0,0,0,1,17,3,48,1
1990,41,2,0,0,0,1,234,5,35,0
1990,76,1,0,0,0,0,0,0,0,0
1990,61,2,0,0,0,0,0,0,0,0
1990,68,2,3,0,0,1,0,0,0,0
1990,67,1,0,0,0,0,0,0,0,0
1990,61,2,0,0,0,0,0,0,0,0
1990,34,2,3,1,0,1,426,1,40,0
1990,19,1,1,1,0,0,877,1,40,0
1990,67,1,0,1,0,0,0,0,0,0
1990,65,2,0,1,0,1,0,0,0,0
1990,66,1,0,0,0,0,783,1,30,0
1990,65,2,0,0,0,0,0,0,0,0
1990,67,1,0,0,0,1,156,5,0,1
1990,66,2,0,0,0,1,156,5,0,0
1990,30,1,1,0,0,1,365,1,40,0
1990,32,2,2,0,0,0,785,1,40,0
1990,18,1,0,0,0,0,883,1,40,0
1990,45,1,3,0,0,0,453,1,48,0
1990,28,1,1,0,0,1,853,4,44,0
1990,52,1,0,0,0,0,785,1,40,0
1990,49,2,0,0,0,1,0,0,0,0
1990,26,2,0,0,0,1,207,5,40,0
1990,24,1,0,0,0,1,276,3,40,0
1990,74,2,3,0,0,1,449,5,0,0
1990,42,1,2,0,0,0,0,0,0,0
1990,18,1,1,0,0,0,653,0,25,0
1990,46,1,2,0,0,0,853,0,0,0
1990,51,1,0,0,0,0,738,1,48,0
1990,45,2,0,0,0,0,877,2,40,0
1990,21,2,1,0,0,0,888,1,37,0
1990,34,1,0,0,0,0,567,0,75,0
1990,27,2,0,0,0,0,313,5,40,0
1990,72,2,3,0,0,0,0,0,0,0
1990,69,1,2,0,0,0,458,4,70,0
1990,61,2,3,0,0,0,0,0,0,0
1990,29,1,0,0,0,0,779,1,40,0
1990,23,2,0,0,0,0,436,3,40,0
1990,52,1,0,0,0,1,308,3,0,0
1990,56,2,0,0,0,0,796,1,40,0
1990,58,1,0,0,0,0,555,0,4,0
1990,59,2,0,0,0,1,159,6,40,1
1990,61,2,3,0,0,0,0,0,0,0
1990,47,1,2,0,0,1,804,2,50,0
1990,67,2,3,0,0,0,0,0,0,0
1990,68,1,2,0,0,0,889,4,0,0
1990,71,1,0,0,0,0,0,0,0,0
1990,68,2,0,0,0,0,628,1,0,0
1990,45,1,0,0,0,0,759,1,40,0
1990,43,2,0,0,0,0,644,1,40,0
1990,23,1,1,0,0,0,728,1,40,0
1990,31,2,2,0,0,0,276,3,40,0
1990,46,1,0,0,0,0,785,1,40,0
1990,41,2,0,0,0,0,365,1,40,0
1990,50,1,3,1,0,0,486,0,28,0
1990,58,2,3,0,0,0,744,1,40,0
1990,64,2,3,1,0,0,0,0,0,0
1990,49,1,0,0,0,0,453,1,40,0
1990,43,2,0,0,0,0,744,1,35,0
1990,73,1,0,0,0,0,0,0,0,0
1990,73,2,0,0,0,0,0,0,0,0
1990,57,1,0,0,0,0,853,0,50,0
1990,49,2,0,0,0,0,0,0,0,0
1990,22,2,1,0,0,1,379,5,45,0
1990,26,1,1,0,0,1,156,5,70,0
1990,65,1,0,0,0,0,518,1,40,0
1990,56,2,0,0,0,0,796,1,32,0
1990,40,1,0,0,0,0,634,1,40,0
1990,40,2,0,0,0,0,379,5,40,0
1990,18,2,1,0,0,0,469,5,40,0
1990,56,1,0,0,0,0,766,1,37,0
1990,56,2,0,0,0,0,274,3,40,0
1990,61,1,0,0,0,1,0,0,0,0
1990,61,2,0,0,0,0,0,0,0,0
1990,22,1,0,0,0,0,505,3,0,0
1990,21,2,0,0,0,0,276,3,45,0
1990,68,1,0,0,0,1,7,4,40,1
1990,65,2,0,0,0,1,0,0,0,0
1990,72,2,3,0,0,1,0,0,0,0
1990,25,2,0,0,0,0,407,4,40,0
1990,34,1,0,0,0,1,869,0,40,0
1990,45,1,2,0,0,1,796,1,45,0
1990,43,2,2,0,0,1,274,3,40,0
1990,47,1,0,0,0,0,563,0,40,0
1990,39,2,0,0,0,0,0,0,0,0
1990,70,1,0,0,0,0,0,0,0,0
1990,65,2,0,0,0,0,0,0,0,0
1990,67,2,3,0,0,1,0,0,0,0
1990,28,1,0,0,0,0,777,1,40,0
1990,23,2,0,0,0,0,449,4,36,0
1990,54,1,2,0,0,0,804,2,0,0
1990,40,1,0,0,0,1,156,5,40,1
1990,39,2,0,0,0,0,313,5,35,0
1990,54,1,0,0,0,0,36,5,40,0
1990,51,2,0,0,0,0,738,1,48,0
1990,79,1,0,3,0,0,0,0,0,0
1990,70,2,0,0,0,0,0,0,0,0
1990,18,2,1,0,0,1,276,3,40,0
1990,55,1,0,0,0,0,473,0,20,0
1990,53,2,0,0,0,0,473,0,39,0
1990,28,1,1,0,0,0,869,0,8,0
1990,32,2,2,0,0,0,744,1,0,0
1990,53,1,0,0,0,1,184,5,40,0
1990,54,2,0,0,0,1,0,0,0,0
1990,70,2,3,0,0,0,744,1,39,0
1990,42,1,3,0,0,1,95,5,32,0
1990,45,1,1,0,0,1,379,5,40,0
1990,58,1,0,0,0,0,514,4,40,0
1990,66,2,0,0,0,0,0,0,0,0
1990,29,1,3,0,0,0,889,3,40,0
1990,70,1,0,0,0,0,877,3,0,0
1990,64,2,0,0,0,0,0,0,0,0
1990,19,2,1,0,0,1,276,3,0,0
1990,59,2,0,0,0,0,447,5,40,0
1990,61,1,0,0,0,0,447,5,40,0
1990,62,1,0,0,0,0,22,3,0,1
1990,62,2,0,0,0,0,0,0,0,0
1990,67,2,3,0,0,0,319,5,0,0
1990,77,1,0,0,0,1,0,0,0,0
1990,76,2,0,0,0,1,0,0,0,0
1990,59,1,0,0,0,0,22,3,0,0
1990,55,2,0,0,0,1,313,3,0,0
1990,59,2,0,0,0,1,22,2,40,0
1990,62,1,0,0,0,1,507,2,42,1
1990,44,2,0,0,0,1,14,5,40,0
1990,45,1,0,0,0,0,804,2,60,0
1990,45,1,0,0,0,0,518,1,40,0
1990,45,2,0,0,0,0,739,1,40,0
1990,41,1,0,0,0,1,178,5,45,1
1990,40,2,0,0,0,1,164,5,40,0
1990,53,1,0,0,0,1,22,1,64,0
1990,44,2,0,0,0,1,458,4,40,0
1990,22,1,1,0,0,1,856,1,40,0
1990,45,1,0,0,0,1,154,5,41,0
1990,44,2,0,0,0,1,14,5,43,0
1990,69,2,3,1,0,0,0,0,0,0
1990,40,1,1,1,0,0,0,0,0,0
1990,76,2,3,0,0,0,0,0,0,0
1990,56,1,0,3,3,0,589,3,40,0
1990,34,2,0,3,3,0,754,1,40,0
1990,73,2,3,0,0,0,0,0,0,0
1990,48,1,2,0,0,0,888,1,40,0
1990,21,1,1,1,0,0,888,2,0,0
1990,27,1,2,0,0,0,486,0,53,0
1990,60,2,3,1,0,0,0,0,0,0
1990,18,2,1,1,0,0,785,1,0,0
1990,22,2,1,1,0,0,796,1,0,0
1990,40,1,0,0,0,0,783,0,40,0
1990,38,2,0,0,0,0,207,5,40,0
1990,55,1,0,0,0,1,424,6,43,0
1990,51,2,0,0,0,1,95,5,40,0
1990,50,2,3,1,0,0,628,3,16,0
1990,71,1,0,0,0,0,426,5,15,0
1990,73,2,0,0,0,0,426,5,22,0
1990,42,1,2,0,0,0,468,5,0,0
1990,76,1,0,0,0,0,0,0,0,0
1990,73,2,0,0,0,0,0,0,0,0
1990,23,2,1,0,0,1,156,5,38,0
1990,27,1,0,0,0,1,17,3,60,0
1990,26,2,0,0,0,1,256,1,40,0
1990,53,2,2,0,0,0,319,5,44,0
1990,48,2,3,1,0,0,748,5,0,0
1990,57,2,3,1,0,0,405,4,40,0
1990,67,1,2,1,0,0,453,6,40,0
1990,65,1,0,1,0,0,869,0,40,0
1990,59,2,0,1,0,0,0,0,0,0
1990,35,1,2,1,0,0,424,6,40,0
1990,39,1,0,0,0,0,575,0,50,0
1990,34,2,0,0,0,1,95,5,40,0
1990,32,1,0,0,0,1,423,6,18,0
1990,22,2,0,0,0,0,424,6,0,0
1990,22,1,0,0,0,0,257,4,40,0
1990,21,2,0,0,0,0,243,3,40,0
1990,43,1,0,0,0,0,804,1,50,0
1990,39,2,0,0,0,0,888,1,0,0
1990,47,1,0,0,0,1,503,1,40,1
1990,45,2,0,0,0,0,445,5,36,0
1990,22,2,1,0,0,1,23,1,40,0
1990,27,2,0,0,0,1,877,1,40,0
1990,27,1,0,0,0,0,885,3,55,0
1990,29,2,2,1,0,0,748,4,40,0
1990,35,1,0,0,0,0,889,1,40,0
1990,31,2,0,0,0,0,264,3,30,0
1990,20,1,1,0,0,0,479,0,32,0
1990,57,1,0,0,0,1,473,0,60,0
1990,57,2,0,0,0,1,0,0,0,0
1990,80,2,0,0,0,1,144,5,40,0
1990,76,1,0,0,0,0,885,3,60,0
1990,74,2,0,0,0,0,435,3,30,0
1990,69,2,3,0,0,0,0,0,0,0
1990,48,1,0,0,0,0,804,3,40,0
1990,44,2,0,0,0,0,0,0,0,0
1990,36,1,0,0,0,0,473,0,40,0
1990,36,2,0,0,0,0,473,0,40,0
1990,70,2,3,0,0,0,0,0,0,0
1990,38,1,0,0,0,1,13,3,55,0
1990,38,2,0,0,0,1,29,3,52,0
1990,34,2,3,1,0,0,786,1,40,0
1990,23,1,1,1,0,0,804,0,0,0
1990,70,2,3,0,0,0,888,1,39,0
1990,48,1,2,0,0,1,5,6,40,0
1990,52,2,2,0,0,0,363,3,40,0
1990,36,1,0,1,0,0,747,3,0,0
1990,28,2,0,1,0,0,785,1,40,0
1990,65,2,3,1,0,0,0,0,0,0
1990,21,2,1,0,0,0,389,4,40,0
1990,25,1,0,0,0,0,417,6,72,0
1990,26,2,0,0,0,1,174,5,40,0
1990,76,2,3,1,0,0,0,0,0,0
1990,45,1,2,1,0,0,475,0,30,0
1990,36,1,1,1,0,0,0,0,0,0
1990,78,2,3,0,0,1,0,0,0,0
1990,78,1,3,1,0,0,0,0,0,0
1990,35,1,0,0,0,1,486,0,40,0
1990,34,2,0,0,0,1,156,5,40,0
1990,60,1,0,1,0,0,19,4,40,0
1990,34,2,0,1,0,0,207,5,40,0
1990,64,1,0,1,0,0,407,4,0,0
1990,64,2,0,1,0,1,156,5,0,0
1990,39,1,2,0,0,0,808,5,40,0
1990,74,1,3,1,0,0,486,0,2,0
1990,72,2,3,1,0,0,0,0,0,0
1990,37,2,0,1,0,0,319,5,40,0
1990,39,1,0,1,0,0,566,1,40,0
1990,35,2,1,1,0,0,0,0,0,0
1990,73,2,3,1,0,0,0,0,0,0
1990,56,1,0,1,0,0,804,1,55,0
1990,55,2,0,1,0,0,436,5,35,0
1990,34,1,1,0,0,1,426,5,40,0
1990,64,1,0,0,0,1,65,6,40,0
1990,58,2,0,0,0,1,313,4,40,0
1990,25,1,1,0,0,0,567,1,40,0
1990,47,1,3,1,0,0,637,1,40,0
1990,22,2,1,1,0,0,686,1,45,0
1990,63,1,3,1,0,0,505,4,60,0
1990,24,2,3,1,0,0,338,3,40,0
1990,51,2,2,1,0,1,447,5,40,0
1990,26,1,1,1,0,0,453,4,0,0
1990,37,2,2,0,0,0,337,0,40,0
1990,18,1,1,0,0,0,436,3,25,0
1990,37,1,1,0,0,1,628,1,42,0
1990,35,1,2,0,4,1,213,6,50,0
1990,25,1,2,0,0,1,259,3,50,0
1990,22,1,1,0,0,1,348,3,40,0
1990,21,1,1,0,0,1,804,3,60,0
1990,26,1,0,0,0,1,0,0,0,0
1990,25,2,0,0,2,0,0,0,0,0
1990,28,1,0,0,0,1,904,6,60,0
1990,25,2,0,0,0,1,156,5,40,0
1990,46,1,0,0,0,1,129,5,55,1
1990,45,2,0,0,0,1,229,1,40,0
1990,65,2,0,0,0,1,377,5,25,0
1990,68,1,0,0,0,0,0,0,0,0
1990,20,1,1,1,0,1,904,6,32,0
1990,18,1,1,0,0,0,904,6,40,0
1990,24,1,3,0,0,0,904,6,50,0
1990,21,1,1,0,0,1,904,6,40,0
1990,29,1,0,1,0,0,889,1,40,0
1990,26,2,0,1,0,0,315,6,50,0
1990,32,1,0,1,0,1,22,6,40,0
1990,29,2,0,1,0,1,365,0,38,0
1990,29,2,3,2,0,0,308,2,15,0
1990,31,1,3,2,0,1,159,5,40,0
1990,29,2,1,1,0,0,777,1,70,0
1990,80,2,0,0,0,1,0,0,0,0
1990,78,1,0,0,0,1,0,0,0,0
1990,76,2,3,1,0,0,0,0,0,0
1990,42,2,0,1,0,0,0,0,0,0
1990,42,1,0,1,0,0,0,0,0,0
1990,67,1,0,0,0,1,254,4,30,1
1990,64,2,0,0,0,1,0,0,0,0
1990,40,1,0,0,0,0,453,1,40,0
1990,40,2,0,0,0,1,458,4,45,0
1990,40,1,0,1,0,0,523,6,40,0
1990,36,2,0,1,0,1,319,5,40,0
1990,65,1,0,0,0,1,5,6,0,0
1990,62,2,0,0,2,0,5,6,0,0
1990,77,2,3,1,0,0,447,5,0,0
1990,46,1,0,0,0,0,0,0,0,0
1990,44,2,0,0,0,0,307,1,55,0
1990,25,2,2,0,0,0,804,0,40,0
1990,77,1,0,1,0,0,0,0,0,0
1990,52,2,1,1,0,0,436,3,40,0
1990,65,2,0,1,0,0,0,0,0,0
1990,56,1,0,0,0,1,628,1,48,0
1990,49,2,0,0,0,0,683,1,40,0
1990,19,1,1,0,0,0,904,6,0,0
1990,28,1,1,1,0,1,859,6,9,0
1990,20,1,1,1,0,0,804,6,70,0
1990,20,1,1,0,2,0,208,6,50,0
1990,24,1,0,3,0,1,904,6,40,0
1990,24,2,0,3,0,1,383,4,38,0
1990,42,1,0,0,0,1,22,6,80,0
1990,43,2,0,0,0,1,14,5,40,0
1990,35,1,2,0,0,1,389,5,45,0
1990,37,1,0,0,0,0,243,3,66,0
1990,28,2,0,0,0,1,313,2,40,0
1990,76,2,3,0,0,0,0,0,0,0
1990,27,2,2,0,0,0,389,1,40,0
1990,26,1,0,1,0,1,447,5,40,0
1990,26,2,0,1,0,0,385,6,40,0
1990,25,1,0,0,0,1,904,6,40,0
1990,25,2,0,0,0,1,328,5,38,0
1990,33,1,0,0,0,0,22,4,60,0
1990,34,2,0,0,0,1,17,3,0,0
1990,41,1,0,0,0,1,13,1,65,1
1990,40,2,0,0,0,1,156,5,40,0
1990,47,1,0,0,0,1,84,5,70,1
1990,46,2,0,0,0,1,0,0,0,0
1990,71,2,3,0,0,1,0,0,0,0
1990,36,2,2,0,2,1,156,5,40,0
1990,48,1,2,1,0,1,883,2,0,0
1990,51,2,3,1,0,0,748,4,40,0
1990,53,1,0,0,0,1,766,1,40,0
1990,55,2,0,0,0,0,0,0,0,0
1990,59,1,1,0,0,0,0,0,0,0
1990,42,1,1,0,0,0,883,1,43,0
1990,37,2,0,1,0,0,337,4,40,0
1990,34,1,0,1,0,0,856,1,40,0
1990,74,1,0,0,0,0,0,0,0,0
1990,74,2,0,0,0,0,0,0,0,0
1990,22,1,0,0,0,0,735,1,40,0
1990,23,2,0,0,0,1,274,3,0,0
1990,20,1,1,0,0,0,459,5,48,0
1990,40,2,1,1,0,0,407,4,0,0
1990,36,1,1,0,0,1,869,0,42,0
1990,34,1,0,1,0,0,505,4,40,0
1990,30,2,0,1,0,0,276,3,27,0
1990,57,1,1,1,0,0,0,0,0,0
1990,42,1,0,1,0,0,628,2,40,0
1990,40,2,0,1,0,0,407,4,0,0
1990,19,1,1,1,0,0,257,2,0,0
1990,33,1,1,1,0,0,0,0,0,0
1990,23,1,0,1,0,0,749,3,40,0
1990,21,2,0,1,0,0,199,5,0,0
1990,64,2,3,1,0,0,448,1,0,0
1990,31,1,1,1,0,0,0,0,0,0
1990,52,1,0,0,0,1,14,5,42,0
1990,45,2,0,0,0,1,156,5,40,0
1990,18,2,1,0,0,0,0,0,0,0
1990,39,1,0,0,0,1,389,3,60,1
1990,40,2,0,0,0,0,337,3,50,0
1990,27,1,0,0,0,1,226,6,60,0
1990,26,2,0,0,0,1,229,5,0,0
1990,41,1,0,0,0,0,529,2,48,1
1990,39,2,0,0,0,0,433,5,40,0
1990,20,2,1,0,0,1,376,4,40,0
1990,30,1,0,0,0,0,877,1,40,0
1990,29,2,0,0,0,0,466,5,32,0
1990,55,2,3,0,2,0,0,0,0,0
1990,63,1,0,0,0,1,243,4,42,0
1990,57,2,0,0,0,0,0,0,0,0
1990,41,1,0,3,0,0,547,1,65,0
1990,33,2,0,3,0,0,734,1,40,0
1990,45,1,0,1,0,0,0,0,0,0
1990,36,2,0,1,0,0,203,5,40,0
1990,46,1,0,1,0,1,355,2,40,0
1990,31,2,0,1,0,1,156,5,40,0
1990,25,1,3,1,0,0,0,0,0,0
1990,47,1,0,1,0,1,804,3,40,0
1990,46,2,0,1,0,1,385,1,40,0
1990,40,2,0,1,0,0,276,3,0,0
1990,34,1,0,1,0,0,856,1,40,0
1990,36,2,2,1,0,1,156,5,40,0
1990,31,1,0,0,0,1,904,6,80,0
1990,30,2,0,0,0,1,313,5,0,0
1990,58,1,3,0,0,0,364,1,40,0
1990,28,1,1,0,2,0,473,0,0,0
1990,24,1,0,0,0,1,575,1,48,0
1990,22,2,0,0,0,0,799,1,30,0
1990,35,1,0,0,0,0,197,3,40,0
1990,30,2,0,0,0,0,276,3,28,0
1990,38,1,0,1,0,0,869,0,40,0
1990,36,2,0,1,0,0,739,1,43,0
1990,75,2,3,0,0,0,0,0,0,0
1990,36,1,0,0,0,1,628,1,40,0
1990,33,2,0,0,0,0,276,3,40,0
1990,33,1,0,0,0,0,549,1,55,0
1990,38,2,0,0,0,0,744,1,40,0
1990,27,1,0,0,0,1,637,1,45,0
1990,25,2,0,0,0,0,785,3,0,0
1990,60,2,3,1,0,0,739,1,40,0
1990,48,1,0,0,0,0,479,0,49,0
1990,44,2,0,0,0,0,447,5,88,0
1990,18,2,1,0,0,0,436,3,40,0
1990,52,1,0,0,0,0,738,1,40,0
1990,60,2,0,0,0,0,17,3,0,0
1990,45,1,0,0,0,0,22,1,40,0
1990,32,2,0,0,0,1,313,4,40,0
1990,76,2,3,0,0,0,0,0,0,0
1990,38,2,0,0,0,1,105,5,80,1
1990,32,1,0,0,0,1,505,3,40,0
1990,68,2,3,0,0,0,0,0,0,0
1990,53,1,0,0,0,0,744,1,40,0
1990,47,2,0,0,0,0,276,3,20,0
1990,51,1,0,0,0,0,176,5,7,0
1990,42,2,0,0,0,0,276,3,40,0
1990,18,1,1,0,0,0,783,4,40,0
1990,26,1,1,0,0,0,783,1,0,0
1990,31,1,0,1,0,0,22,1,40,0
1990,30,2,0,1,0,0,779,3,40,0
1990,63,1,0,0,0,0,0,0,0,0
1990,63,2,0,0,0,1,375,4,39,0
1990,39,1,3,1,0,0,889,3,40,0
1990,29,1,0,0,0,1,453,2,40,0
1990,30,2,0,0,0,1,176,5,40,0
1990,56,1,0,1,0,0,486,0,40,0
1990,50,2,0,1,0,0,0,0,0,0
1990,30,2,1,1,0,0,738,1,40,0
1990,28,2,1,1,0,0,0,0,0,0
1990,26,1,2,0,0,1,418,6,52,0
1990,24,2,2,0,0,0,799,1,40,0
1990,35,2,2,0,0,0,878,1,48,0
1990,28,1,2,0,0,0,878,1,48,0
1990,53,1,0,0,0,1,243,3,0,1
1990,49,2,0,0,0,1,156,5,42,0
1990,19,2,1,0,0,1,204,5,28,0
1990,18,2,1,0,0,0,259,1,20,0
1990,50,1,0,0,0,1,95,5,55,1
1990,47,2,0,0,0,1,95,5,50,1
1990,22,2,1,0,0,1,276,3,40,0
1990,20,2,1,0,0,1,89,5,20,0
1990,18,2,1,0,0,1,435,3,20,0
1990,27,1,1,0,0,1,368,2,80,0
1990,65,1,1,0,0,1,487,5,40,1
1990,73,1,0,0,0,0,0,0,0,0
1990,69,2,0,0,0,0,0,0,0,0
1990,53,1,0,0,0,0,783,1,40,1
1990,49,2,0,0,0,0,355,2,40,0
1990,29,1,1,0,0,1,67,5,50,0
1990,59,1,0,0,0,0,634,1,40,0
1990,57,2,0,0,0,0,436,5,30,0
1990,30,1,0,0,0,0,365,1,40,0
1990,29,2,0,0,0,0,365,3,40,0
1990,48,1,0,1,0,0,856,1,36,0
1990,44,2,0,1,0,0,0,0,0,0
1990,70,2,0,1,0,0,0,0,0,0
1990,77,1,0,1,0,0,0,0,0,0
1990,80,2,3,0,0,1,0,0,0,0
1990,42,2,3,1,0,0,365,3,40,0
1990,21,1,1,1,0,0,759,1,40,0
1990,29,1,1,1,0,0,883,2,42,0
1990,46,2,2,0,0,1,363,3,40,0
1990,62,2,3,0,0,0,779,1,40,0
1990,56,1,0,0,0,1,56,1,40,1
1990,56,2,0,0,0,1,313,1,23,0
1990,61,1,0,0,0,1,376,2,40,0
1990,60,2,0,0,0,0,744,1,40,0
1990,58,1,0,0,0,0,503,2,0,0
1990,58,2,0,0,0,0,503,2,40,0
1990,68,1,0,0,0,1,0,0,0,0
1990,65,2,0,0,0,0,0,0,0,0
1990,76,1,3,1,0,0,0,0,0,0
1990,49,1,0,0,0,1,5,6,40,0
1990,44,2,0,0,0,0,22,2,40,0
1990,71,2,3,0,0,0,0,0,0,0
1990,35,2,2,0,0,0,449,5,40,0
1990,59,2,2,0,0,0,739,1,35,0
1990,76,2,3,0,0,0,0,0,0,0
1990,29,2,1,1,0,0,276,3,6,0
1990,79,1,0,1,0,0,453,5,12,0
1990,73,2,0,1,0,0,0,0,0,0
1990,58,2,1,0,0,1,95,5,40,1
1990,39,1,0,0,0,1,178,5,49,0
1990,41,2,0,0,0,1,234,5,40,0
1990,28,1,0,1,0,1,424,6,40,0
1990,29,2,0,1,0,1,276,5,25,0
1990,54,2,0,1,0,0,436,3,40,0
1990,52,1,0,1,0,0,479,0,40,0
1990,24,2,2,1,0,0,444,3,10,0
1990,22,2,3,1,0,1,313,5,40,0
1990,18,1,1,1,0,0,853,0,0,0
1990,58,1,0,0,0,0,869,0,30,0
1990,54,2,0,0,0,0,274,4,20,0
1990,20,1,1,0,0,0,304,6,40,0
1990,25,1,0,0,0,1,418,6,50,0
1990,23,2,0,0,0,1,313,6,40,0
1990,64,1,3,0,0,1,426,1,44,1
1990,27,1,0,0,0,1,308,6,45,0
1990,26,2,0,0,0,1,479,0,25,0
1990,44,2,2,0,0,0,27,5,40,0
1990,53,1,0,0,0,1,17,3,48,0
1990,49,2,0,0,0,1,0,0,0,0
1990,52,1,0,0,0,1,14,5,40,0
1990,51,2,0,0,0,0,156,5,40,0
1990,27,2,1,0,0,0,444,5,30,0
1990,22,2,1,1,0,0,637,1,40,0
1990,40,2,0,1,0,1,856,6,40,0
1990,35,1,0,1,0,1,856,6,40,0
1990,47,1,0,0,0,0,628,1,40,0
1990,44,2,0,0,0,0,0,0,0,0
1990,49,1,0,0,0,1,263,3,50,0
1990,54,2,0,0,0,0,377,5,40,0
1990,62,2,3,0,0,0,436,5,30,0
1990,38,1,0,0,0,1,156,5,45,0
1990,31,2,0,0,0,1,7,5,45,0
1990,43,2,3,0,0,1,313,5,40,0
1990,21,2,1,0,0,1,433,3,30,0
1990,49,2,2,0,0,0,389,1,45,0
1990,19,1,1,0,0,0,276,3,40,0
1990,35,1,0,0,0,0,418,6,40,0
1990,42,2,0,0,0,0,97,5,0,0
1990,43,1,0,0,0,1,178,5,50,1
1990,43,2,0,0,0,1,0,0,0,0
1990,36,1,0,0,0,0,509,4,40,0
1990,31,2,0,0,0,0,243,3,40,0
1990,35,1,2,0,0,0,804,4,40,0
1990,38,1,0,0,0,0,496,1,40,0
1990,34,2,0,0,4,1,243,4,45,0
1990,46,1,0,0,0,0,435,3,34,0
1990,45,2,0,0,0,0,565,3,40,0
1990,20,1,1,0,0,0,804,3,72,0
1990,53,1,0,0,0,0,549,1,37,1
1990,49,2,0,0,0,0,549,1,37,1
1990,36,1,0,0,0,1,547,1,45,1
1990,37,2,0,0,0,0,774,1,38,0
1990,26,2,1,1,0,0,744,1,8,0
1990,53,2,0,0,0,0,0,0,0,0
1990,59,1,0,0,0,0,856,1,40,0
1990,29,1,1,0,0,0,486,0,60,0
1990,57,1,0,0,0,0,653,6,40,0
1990,37,2,0,0,0,0,313,6,40,0
1990,70,2,3,0,0,0,379,6,40,0
1990,63,2,0,1,0,0,0,0,0,0
1990,61,1,0,1,0,0,0,0,0,0
1990,49,1,0,0,0,0,575,1,40,0
1990,48,2,0,0,0,0,447,5,40,0
1990,20,1,1,0,0,0,779,1,40,0
1990,66,2,3,0,0,0,313,5,0,0
1990,66,1,3,1,0,0,479,0,0,0
1990,73,1,0,0,0,0,0,0,0,0
1990,70,2,0,0,0,0,276,3,33,0
1990,77,2,3,0,0,0,0,0,0,0
1990,26,2,1,1,0,0,0,0,0,0
1990,37,1,0,0,0,0,856,1,40,0
1990,36,2,0,0,0,0,328,1,40,0
1990,53,2,1,1,0,0,744,1,36,0
1990,45,1,1,1,0,0,869,0,0,0
1990,19,1,1,0,0,1,887,3,40,0
1990,30,1,1,1,0,0,747,1,50,0
1990,29,1,0,0,0,1,17,3,53,0
1990,30,2,0,0,0,0,433,3,35,0
1990,22,2,1,0,0,0,435,3,40,0
1990,69,1,0,1,0,0,0,0,0,0
1990,62,2,0,1,0,0,738,1,0,0
1990,25,1,1,1,0,0,785,1,40,0
1990,55,1,0,0,0,1,199,5,20,0
1990,51,2,0,0,2,0,254,4,50,0
1990,41,2,3,3,0,0,0,0,0,0
1990,28,1,0,3,0,0,495,6,40,0
1990,28,2,0,3,0,0,17,3,45,0
1990,26,1,1,3,0,1,376,4,10,0
1990,20,1,1,3,4,1,329,5,16,0
1990,19,1,1,3,4,1,887,2,0,0
1990,18,1,1,3,4,1,567,0,40,0
1990,51,1,2,3,0,1,259,3,40,0
1990,22,1,1,3,0,1,243,3,25,0
1990,19,2,1,3,0,1,335,1,40,0
1990,35,1,2,3,0,1,558,0,40,0
1990,33,1,2,0,3,1,628,3,40,0
1990,34,1,1,3,0,1,433,3,32,0
1990,25,1,1,3,0,1,27,3,70,0
1990,53,1,0,3,0,1,508,2,40,0
1990,47,2,0,0,0,0,387,5,10,0
1990,54,1,0,3,0,1,243,3,44,0
1990,54,2,0,3,0,0,22,6,40,0
1990,35,1,0,3,0,1,203,6,48,0
1990,32,2,0,3,0,1,243,3,40,0
1990,31,1,0,2,0,1,364,3,40,0
1990,27,2,0,0,0,1,0,0,0,0
1990,58,1,0,0,0,1,22,2,40,0
1990,51,2,0,0,0,1,254,4,40,0
1990,49,1,3,3,3,0,357,4,40,0
1990,40,1,0,0,0,1,869,0,40,0
1990,39,2,0,0,0,1,243,3,40,0
1990,50,1,0,0,0,1,17,4,50,0
1990,50,2,0,3,0,1,254,4,40,0
1990,80,1,0,3,4,1,0,0,0,0
1990,67,2,0,3,0,0,0,0,0,0
1990,35,1,0,3,0,1,549,0,40,0
1990,33,2,0,3,3,1,777,1,40,0
1990,21,2,1,0,0,0,0,0,0,0
1990,70,1,0,3,0,1,0,0,0,0
1990,71,2,0,3,0,0,0,0,0,0
1990,30,1,1,0,0,0,434,3,0,0
1990,32,2,2,0,0,0,0,0,0,0
1990,26,1,1,0,0,0,17,3,75,0
1990,26,1,1,0,0,0,0,0,0,0
1990,28,2,1,0,0,0,0,0,0,0
1990,71,1,0,3,3,0,558,0,40,0
1990,54,2,0,3,0,1,274,3,48,0
1990,27,1,1,3,0,0,849,1,40,0
1990,57,1,0,3,0,0,563,0,40,0
1990,52,2,0,3,0,0,449,5,40,0
1990,35,2,2,3,3,0,799,3,40,0
1990,34,2,0,0,0,1,254,4,30,0
1990,35,1,0,0,0,0,567,0,40,0
1990,35,1,0,0,0,1,529,2,55,0
1990,34,2,0,3,0,1,197,5,40,0
1990,33,1,2,3,0,0,459,4,0,0
1990,25,2,1,3,0,0,449,4,0,0
1990,67,1,0,2,0,0,808,1,0,0
1990,61,2,0,0,0,0,688,1,40,0
1990,44,2,2,0,0,1,458,4,40,0
1990,32,2,1,3,0,1,436,3,0,0
1990,66,1,3,0,0,0,477,0,0,0
1990,63,2,1,0,0,0,0,0,0,0
1990,21,1,1,3,0,0,563,0,40,0
1990,42,1,0,3,3,0,479,0,40,0
1990,38,2,0,0,3,1,0,0,0,0
1990,77,1,3,3,3,0,0,0,0,0
1990,18,2,1,3,3,0,0,0,0,0
1990,58,2,1,3,0,1,383,4,48,0
1990,80,2,3,3,0,0,474,0,25,0
1990,21,1,1,0,0,0,558,0,30,0
1990,32,1,0,3,0,0,599,0,32,0
1990,46,2,0,0,0,1,647,3,20,0
1990,47,1,2,3,3,1,558,0,40,0
1990,52,1,0,0,0,0,503,0,45,0
1990,51,2,0,3,0,0,0,0,0,0
1990,29,1,1,3,0,1,444,4,40,0
1990,27,1,1,3,0,1,17,3,50,0
1990,45,1,2,0,0,1,869,0,40,1
1990,50,2,2,0,0,0,434,3,24,0
1990,33,1,0,3,0,1,5,6,40,0
1990,30,2,0,3,0,0,276,4,0,0
1990,32,1,1,0,0,1,469,4,20,0
1990,35,1,0,3,0,0,804,1,40,0
1990,30,2,0,0,0,0,445,5,40,0
1990,80,2,1,3,0,0,449,4,40,0
1990,41,1,0,3,0,1,417,6,56,0
1990,29,2,0,0,0,0,453,3,8,0
1990,49,1,0,3,0,1,156,5,40,1
1990,43,2,0,3,0,1,157,5,40,0
1990,38,1,0,3,3,1,223,1,0,0
1990,39,2,0,3,3,1,379,0,0,0
1990,27,1,3,3,3,1,486,0,40,0
1990,27,2,3,3,3,1,276,3,40,0
1990,68,1,0,3,0,0,235,3,18,0
1990,64,2,0,3,0,0,0,0,0,0
1990,38,1,1,3,0,1,276,3,24,0
1990,24,1,1,0,0,1,844,4,40,0
1990,32,2,1,0,0,0,453,5,30,0
1990,67,1,2,0,0,1,473,0,6,0
1990,77,2,3,3,0,0,0,0,0,0
1990,59,2,0,0,0,1,469,4,0,0
1990,57,1,0,0,0,1,55,5,40,1
1990,30,1,0,0,0,1,436,4,50,0
1990,27,2,0,0,0,1,274,3,40,0
1990,58,1,0,0,0,0,426,4,40,0
1990,54,2,0,0,0,0,276,3,20,0
1990,63,1,0,3,0,0,529,2,40,1
1990,61,2,0,3,0,0,315,4,42,0
1990,35,2,1,3,0,1,22,0,45,0
1990,26,2,1,3,0,1,22,3,40,0
1990,50,1,0,0,0,1,22,5,50,0
1990,45,2,0,3,0,1,106,5,40,0
1990,19,2,1,3,0,0,264,3,30,0
1990,55,1,0,3,0,0,464,4,40,0
1990,50,2,0,3,0,0,0,0,0,0
1990,20,2,1,3,0,0,385,1,40,0
1990,39,1,0,3,3,1,453,5,40,0
1990,41,2,0,0,0,1,254,4,20,0
1990,38,1,0,3,3,0,804,1,40,0
1990,35,2,0,3,3,1,379,5,40,0
1990,79,2,3,3,0,0,0,0,0,0
1990,66,1,0,3,0,0,18,4,20,0
1990,60,2,0,3,0,0,274,3,32,0
1990,60,1,0,3,0,1,7,4,20,1
1990,58,2,0,3,0,1,0,0,0,0
1990,77,2,3,0,0,0,0,0,0,0
1990,58,1,0,3,0,1,386,4,5,0
1990,54,2,0,3,0,0,274,3,40,0
1990,25,2,1,3,0,1,379,3,40,0
1990,52,2,3,3,0,0,17,4,40,0
1990,19,1,1,3,0,0,579,0,40,0
1990,31,1,0,3,0,1,585,4,40,0
1990,33,2,0,3,0,1,17,3,30,0
1990,52,2,2,0,0,0,348,4,40,0
1990,45,1,2,3,4,0,448,4,60,0
1990,21,1,1,1,0,0,435,4,40,0
1990,49,1,0,0,2,0,17,4,40,1
1990,61,2,0,0,4,0,469,4,28,0
1990,79,1,0,3,3,0,486,0,40,0
1990,70,2,0,3,3,0,0,0,0,0
1990,32,1,0,0,0,1,904,6,40,0
1990,34,2,0,0,0,1,313,3,20,0
1990,29,1,0,1,0,0,22,6,50,0
1990,26,2,0,1,0,1,313,6,40,0
1990,30,1,1,0,0,1,313,6,47,0
1990,21,1,1,2,0,1,446,6,48,0
1990,23,1,1,0,0,0,523,6,80,0
1990,39,1,1,1,0,1,436,6,50,0
1990,60,1,2,3,0,0,36,6,40,0
1990,26,2,1,3,3,1,276,5,0,0
1990,19,2,1,3,0,0,0,0,0,0
1990,32,1,0,3,0,1,227,6,40,1
1990,31,2,0,3,0,0,257,2,40,0
1990,57,1,0,0,0,0,356,6,40,0
1990,57,2,0,3,3,0,276,3,30,0
1990,76,1,0,3,3,0,243,3,11,0
1990,59,2,0,3,0,0,274,3,45,0
1990,43,1,0,3,0,1,585,0,40,0
1990,43,2,0,3,0,0,379,5,40,0
1990,21,1,1,3,0,0,866,0,40,0
1990,24,1,0,3,0,0,885,1,30,0
1990,24,2,0,3,0,1,313,5,37,0
1990,56,1,0,3,0,1,217,1,40,0
1990,52,2,0,3,0,1,276,3,0,0
1990,53,1,0,3,0,0,523,6,40,0
1990,43,2,0,0,0,1,174,5,40,0
1990,67,1,0,3,0,0,0,0,0,0
1990,61,2,0,3,0,0,436,5,45,0
1990,28,1,1,3,0,0,426,3,0,0
1990,24,2,1,3,0,1,23,0,40,0
1990,47,1,0,3,0,0,844,6,80,0
1990,44,2,0,3,0,0,365,2,72,0
1990,36,1,1,3,0,1,567,6,40,0
1990,57,1,0,0,0,1,22,4,55,1
1990,48,2,0,0,0,1,22,4,52,0
1990,42,1,0,3,3,0,579,0,40,0
1990,41,2,0,3,3,1,0,0,0,0
1990,19,1,3,3,0,0,804,0,40,0
1990,18,1,1,3,0,0,0,0,0,0
1990,37,2,1,3,0,1,0,0,0,0
1990,51,2,3,0,0,1,0,0,0,0
1990,26,2,1,0,0,0,0,0,0,0
1990,54,2,2,0,0,0,276,3,0,0
1990,43,1,0,3,3,1,208,5,40,0
1990,37,2,0,3,0,1,95,5,40,0
1990,43,2,2,3,0,1,379,5,40,0
1990,19,2,1,3,0,1,433,3,20,0
1990,22,1,0,1,0,1,844,6,40,0
1990,22,2,0,1,0,0,274,3,20,0
1990,24,1,1,3,0,0,265,3,0,0
1990,21,2,1,3,0,0,0,0,0,0
1990,25,2,0,0,0,1,17,3,45,0
1990,26,1,0,0,0,1,418,6,40,0
1990,26,1,1,0,0,1,214,0,40,0
1990,54,1,0,3,3,1,567,0,40,0
1990,46,2,0,3,3,1,453,5,4,0
1990,22,1,1,3,0,1,276,3,32,0
1990,32,1,1,1,0,1,904,6,40,0
1990,48,1,0,0,0,0,22,3,45,1
1990,47,2,0,0,0,0,276,4,0,0
1990,26,1,1,0,0,1,337,2,45,0
1990,25,1,1,0,0,1,276,3,30,0
1990,44,1,0,3,0,1,653,1,48,1
1990,40,2,0,3,0,0,379,2,40,0
1990,57,1,0,3,0,1,558,0,45,1
1990,53,2,0,3,0,1,313,4,40,0
1990,46,1,0,3,0,1,57,6,40,1
1990,47,2,0,3,0,1,156,5,35,0
1990,18,1,1,3,0,0,319,4,20,1
1990,40,1,2,2,0,1,169,6,40,0
1990,54,1,3,0,0,1,637,1,40,1
1990,44,2,0,3,3,0,435,3,12,0
1990,40,1,0,3,0,1,23,3,40,0
1990,61,2,2,3,0,0,435,3,37,0
1990,52,1,2,3,0,0,849,2,40,0
1990,20,2,1,3,0,0,0,0,0,0
1990,22,1,1,3,0,0,453,4,0,0
1990,61,1,0,3,0,0,473,0,56,0
1990,58,2,0,3,0,0,479,0,0,0
1990,42,1,1,3,0,1,23,6,40,0
1990,39,1,0,0,0,1,589,0,40,0
1990,38,2,0,3,0,1,243,3,37,0
1990,29,2,1,3,0,1,458,4,25,0
1990,25,1,1,3,0,0,547,2,40,0
1990,42,2,0,0,0,1,14,5,55,0
1990,45,1,0,0,0,1,22,6,40,1
1990,49,1,0,3,3,1,889,1,48,1
1990,51,2,0,3,3,1,447,5,40,0
1990,22,1,1,3,3,1,365,5,0,0
1990,27,1,0,0,0,1,167,5,40,0
1990,25,2,0,3,3,1,313,4,40,0
1990,46,2,3,0,0,1,36,6,48,0
1990,31,1,1,0,0,1,215,0,48,1
1990,36,1,0,3,0,1,259,3,50,0
1990,32,2,0,0,0,1,319,3,0,0
1990,46,1,0,3,3,1,529,2,40,0
1990,45,2,0,3,0,1,156,5,40,0
1990,18,2,1,3,0,0,779,3,30,0
1990,32,1,0,0,0,1,22,6,60,0
1990,32,2,0,0,0,1,253,4,15,0
1990,32,1,0,3,3,1,259,3,40,0
1990,30,2,0,3,3,1,313,6,40,0
1990,46,1,2,3,0,1,253,4,30,1
1990,27,1,0,1,2,1,226,6,40,0
1990,27,2,0,0,0,1,313,1,40,0
1990,55,2,3,2,0,0,424,6,0,0
1990,19,1,1,2,0,0,785,1,8,0
1990,30,1,0,2,0,0,453,6,10,0
1990,34,2,0,2,0,0,436,3,0,0
1990,47,2,0,0,2,0,737,1,37,0
1990,60,1,0,3,0,0,734,1,0,0
1990,39,1,0,3,0,1,418,6,40,0
1990,38,2,0,3,0,1,418,6,40,0
1990,21,2,1,3,0,1,426,6,40,0
1990,20,2,1,0,0,1,406,4,50,0
1990,34,1,0,0,0,0,508,1,60,0
1990,27,2,0,0,0,0,458,4,0,0
1990,74,1,0,3,3,0,0,0,0,0
1990,73,2,0,3,3,0,0,0,0,0
1990,74,2,0,3,0,0,0,0,0,0
1990,70,1,0,0,0,0,0,0,0,0
1990,67,2,0,0,0,0,747,4,0,0
1990,37,1,1,0,0,1,426,4,40,0
1990,34,1,0,3,0,0,365,1,40,0
1990,30,2,0,3,0,0,444,5,40,0
1990,68,2,3,3,0,0,0,0,0,0
1990,31,2,2,3,0,0,453,5,13,0
1990,62,1,0,3,3,0,0,0,0,0
1990,62,2,0,3,3,0,0,0,0,0
1990,36,1,1,3,3,0,0,0,0,0
1990,29,2,1,3,3,1,277,3,20,0
1990,21,1,1,3,3,1,253,4,10,0
1990,70,1,0,3,0,0,0,0,0,0
1990,72,2,0,3,0,0,0,0,0,0
1990,42,2,2,3,0,0,315,6,40,0
1990,61,1,0,0,0,1,23,5,40,1
1990,56,2,0,0,0,0,0,0,0,0
1990,60,1,0,3,0,1,22,1,40,1
1990,57,2,0,3,0,0,337,6,40,0
1990,34,1,0,3,0,1,258,3,40,1
1990,35,2,0,3,0,1,337,0,40,0
1990,57,1,0,3,0,0,809,5,40,0
1990,58,2,0,3,0,1,379,4,40,0
1990,31,2,1,0,0,0,259,3,40,0
1990,51,2,3,2,0,1,276,3,40,1
1990,31,1,1,0,0,0,189,4,40,0
1990,56,1,0,3,0,1,257,2,50,0
1990,43,2,0,0,0,1,318,2,85,0
1990,69,2,3,0,0,0,365,3,0,0
1990,46,1,0,3,0,1,53,0,55,1
1990,43,2,0,3,0,1,313,2,40,0
1990,66,1,0,3,0,0,0,0,0,0
1990,64,2,0,3,0,0,259,3,20,0
1990,73,1,0,3,0,0,0,0,0,0
1990,68,2,0,3,0,1,156,5,0,0
1990,35,1,1,3,0,1,866,0,60,0
1990,32,1,2,3,0,0,595,0,0,0
1990,29,2,1,3,0,1,444,3,40,0
1990,35,1,1,0,0,1,433,3,37,0
1990,45,1,2,3,0,1,457,4,60,0
1990,38,1,0,3,0,1,555,0,40,1
1990,36,2,0,3,0,1,313,5,40,0
1990,66,1,2,3,0,1,266,3,37,0
1990,63,2,0,0,0,1,0,0,0,0
1990,66,1,0,0,0,1,43,0,30,0
1990,54,1,0,0,0,1,84,5,65,1
1990,34,2,0,3,0,1,95,4,40,0
1990,69,1,0,3,0,1,473,0,7,1
1990,68,2,0,3,0,0,0,0,0,0
1990,72,2,1,3,0,0,313,5,0,0
1990,75,2,3,3,0,0,0,0,0,0
1990,44,2,1,3,0,0,444,3,40,0
1990,45,2,1,3,0,1,276,5,40,0
1990,73,2,0,3,0,0,0,0,0,0
1990,72,1,0,3,0,1,0,0,0,0
1990,43,2,0,3,3,1,463,2,20,0
1990,42,1,0,3,3,1,159,4,45,0
1990,56,2,2,3,0,0,789,1,40,0
1990,32,1,1,3,0,0,364,4,40,0
1990,37,1,2,0,0,1,178,5,60,1
1990,79,1,0,3,0,0,486,4,40,0
1990,71,2,0,3,0,0,0,0,0,0
1990,43,2,1,3,0,1,13,4,40,0
1990,42,1,0,3,0,0,804,1,40,0
1990,40,2,0,3,0,1,303,6,40,1
1990,47,1,0,3,0,0,213,6,40,0
1990,44,2,0,3,0,1,254,4,40,0
1990,19,2,1,3,0,1,276,3,40,0
1990,18,1,1,3,0,1,461,2,30,0
1990,18,1,1,3,0,1,453,4,30,0
1990,41,1,0,3,0,1,157,5,40,0
1990,43,2,0,3,0,0,318,2,35,0
1990,22,1,1,3,0,0,566,3,30,0
1990,69,1,0,3,0,1,0,0,0,0
1990,69,2,0,3,0,0,176,5,40,0
1990,18,2,1,0,0,0,276,5,36,0
1990,65,1,0,3,0,0,243,3,40,0
1990,63,2,0,3,0,0,449,4,40,0
1990,25,2,1,3,0,0,379,3,40,0
1990,57,1,2,3,0,1,23,5,44,0
1990,61,2,0,0,0,0,0,0,0,0
1990,58,2,2,0,0,0,276,3,40,0
1990,29,1,1,0,0,1,435,3,40,0
1990,51,1,0,0,3,0,22,0,40,0
1990,50,2,0,0,0,1,0,0,0,0
1990,26,1,1,0,0,1,0,0,0,0
1990,22,1,1,0,0,1,0,0,0,0
1990,18,1,1,0,0,0,0,0,0,0
1990,47,2,2,0,0,1,354,2,40,0
1990,46,1,3,3,3,1,21,5,40,0
1990,76,2,2,0,0,0,0,0,0,0
1990,48,1,0,3,0,1,558,0,50,1
1990,48,2,0,0,0,1,95,5,0,0
1990,21,1,1,3,0,0,0,0,0,0
1990,24,2,1,3,0,0,0,0,0,0
1990,72,2,3,0,0,0,274,3,40,0
1990,58,2,2,3,0,0,796,4,40,0
1990,26,1,1,3,0,1,59,5,48,0
1990,37,1,1,3,0,1,25,4,40,0
1990,43,1,1,3,0,0,523,2,40,0
1990,42,1,2,0,0,1,253,4,20,0
1990,75,1,0,3,0,0,0,0,0,0
1990,70,2,0,3,0,0,0,0,0,0
1990,43,1,0,3,3,0,453,4,40,0
1990,38,2,0,3,3,0,435,3,20,0
1990,32,1,0,3,0,1,804,3,37,0
1990,29,2,0,3,0,0,379,5,40,0
1990,51,2,2,3,0,0,22,4,40,0
1990,19,1,1,3,0,0,877,3,28,0
1990,36,1,0,3,0,0,869,0,40,0
1990,33,2,0,3,3,1,243,3,40,0
1990,27,1,1,3,0,1,23,4,40,0
1990,33,1,0,3,3,1,433,3,48,0
1990,28,2,0,3,3,0,0,0,0,0
1990,76,2,3,3,3,0,0,0,0,0
1990,39,1,0,3,3,0,696,4,40,0
1990,37,2,0,3,3,0,274,3,40,0
1990,20,2,1,3,0,1,379,5,20,0
1990,25,1,1,0,0,1,18,4,50,0
1990,65,1,0,3,0,1,85,5,45,1
1990,61,2,0,3,0,1,0,0,0,0
1990,32,1,1,3,0,1,85,5,40,0
1990,29,1,1,3,0,1,85,5,40,0
1990,26,2,1,3,0,1,375,4,40,0
1990,31,2,3,3,0,1,445,5,40,0
1990,24,1,1,3,0,1,243,3,25,0
1990,31,1,3,3,0,1,85,5,40,0
1990,47,1,0,3,0,1,418,6,40,1
1990,41,2,0,0,0,1,95,5,25,0
1990,62,2,3,3,0,0,389,2,37,0
1990,30,2,1,3,0,0,197,1,40,0
1990,25,1,1,3,0,0,365,3,8,0
1990,68,1,0,3,0,0,0,0,0,0
1990,64,2,0,0,2,0,0,0,0,0
1990,39,2,1,0,0,1,243,3,40,0
1990,40,2,1,3,0,1,204,5,40,0
1990,28,2,1,0,0,1,337,4,40,0
1990,43,2,2,3,0,0,449,5,28,0
1990,29,1,0,0,0,1,78,5,50,0
1990,30,2,0,0,0,1,313,5,41,0
1990,32,1,1,3,0,1,178,6,60,0
1990,62,1,3,3,0,1,18,4,40,0
1990,33,2,3,3,0,0,313,3,40,0
1990,32,1,1,3,0,1,216,5,45,0
1990,27,2,2,0,0,1,319,3,40,0
1990,51,1,2,0,0,1,159,1,40,1
1990,75,1,0,3,3,0,0,0,0,0
1990,72,2,0,3,3,0,0,0,0,0
1990,71,2,0,3,0,0,0,0,0,0
1990,71,1,0,3,0,0,0,0,0,0
1990,54,1,2,3,0,1,22,3,40,1
1990,75,2,3,3,0,0,0,0,0,0
1990,38,2,2,3,0,0,303,6,40,0
1990,40,1,0,3,0,1,366,2,40,0
1990,32,2,0,3,0,1,337,3,40,0
1990,46,2,1,0,0,1,229,6,40,0
1990,29,2,0,0,0,1,25,4,47,0
1990,29,1,0,0,0,1,43,5,46,0
1990,23,2,1,3,2,1,383,4,75,0
1990,60,1,0,3,0,0,21,5,40,1
1990,52,2,0,3,0,0,0,0,0,0
1990,19,2,1,3,0,0,456,5,0,0
1990,62,2,1,3,3,1,274,3,40,0
1990,38,1,0,0,0,0,243,0,60,1
1990,25,2,0,3,3,1,234,5,50,0
1990,51,1,0,3,0,1,274,3,40,0
1990,47,2,0,3,0,1,303,4,40,0
1990,21,2,1,3,0,1,337,4,20,0
1990,55,2,0,3,0,1,229,1,40,0
1990,55,1,0,1,0,1,163,6,40,0
1990,73,2,3,3,0,1,0,0,0,0
1990,37,1,3,3,0,0,575,0,40,1
1990,20,2,1,3,3,0,335,5,18,0
1990,47,2,2,0,0,1,167,5,30,0
1990,44,1,2,3,3,0,567,0,0,0
1990,37,1,0,3,0,1,22,5,62,0
1990,38,2,0,3,0,1,106,5,47,0
1990,56,2,2,0,0,0,887,1,40,0
1990,50,1,0,3,0,1,554,0,40,1
1990,50,2,0,3,0,1,328,5,40,0
1990,18,2,1,3,0,0,276,3,16,0
1990,50,2,0,3,0,1,65,3,40,0
1990,39,1,0,3,0,1,0,0,0,0
1990,25,1,1,3,0,0,486,0,40,0
1990,29,2,3,3,0,0,469,2,0,0
1990,28,2,1,3,0,1,84,5,50,0
1990,73,2,3,3,0,0,0,0,0,0
1990,34,1,0,3,0,0,57,2,40,0
1990,29,2,0,3,0,1,216,5,20,0
1990,78,2,3,3,3,0,0,0,0,0
1990,34,1,0,3,0,1,189,5,40,0
1990,39,2,0,3,0,0,317,4,40,0
1990,39,1,0,3,3,0,436,4,50,0
1990,42,2,0,3,3,0,274,3,0,0
1990,71,1,0,3,3,0,744,1,0,0
1990,71,2,0,3,0,0,0,0,0,0
1990,31,2,3,0,4,1,316,4,40,0
1990,43,1,0,3,0,0,426,4,40,0
1990,43,2,0,3,0,0,23,2,40,0
1990,19,1,1,3,0,0,0,0,0,0
1990,33,1,0,3,0,0,22,3,30,0
1990,37,2,0,3,3,0,276,3,40,0
1990,62,2,3,3,3,0,453,3,20,0
1990,34,2,1,3,3,1,449,4,40,0
1990,59,2,2,3,0,0,8,4,0,0
1990,35,1,1,3,0,0,889,1,45,0
1990,33,2,1,3,0,0,359,3,40,0
1990,63,1,0,3,0,0,25,4,40,0
1990,63,2,0,3,0,0,0,0,0,0
1990,37,1,1,3,0,1,806,3,40,0
1990,76,1,3,3,0,0,186,5,3,0
1990,39,1,2,3,0,0,194,4,35,0
1990,69,2,3,3,0,0,186,5,5,0
1990,66,1,0,3,3,0,575,1,24,0
1990,57,2,0,3,0,0,0,0,0,0
1990,28,1,0,3,4,0,276,2,40,0
1990,24,2,0,3,0,0,0,0,0,0
1990,61,1,0,3,0,1,167,5,44,1
1990,59,2,0,3,0,0,15,5,25,0
1990,34,2,1,3,0,1,274,3,40,0
1990,66,1,1,3,0,1,0,0,0,0
1990,35,1,1,3,3,1,0,0,0,0
1990,24,1,1,3,0,1,889,4,0,0
1990,29,1,0,0,0,1,414,6,50,0
1990,28,2,0,0,0,1,0,0,0,0
1990,38,1,0,3,0,1,596,0,40,0
1990,33,2,0,3,0,1,335,4,40,0
1990,63,1,0,3,0,0,56,0,0,0
1990,59,2,0,3,0,1,337,6,40,0
1990,35,2,1,3,0,0,234,0,40,0
1990,40,2,0,3,0,1,156,5,40,0
1990,21,1,0,3,3,0,436,3,40,0
1990,57,1,2,3,0,0,527,2,40,0
1990,30,1,1,3,0,0,596,1,40,0
1990,25,1,1,3,0,0,883,0,40,0
1990,28,1,0,1,0,1,904,6,55,0
1990,25,2,0,1,0,0,0,0,0,0
1990,46,1,1,0,2,1,436,2,40,0
1990,40,1,0,0,0,1,263,3,50,0
1990,26,2,0,0,3,1,435,3,32,0
1990,60,1,0,1,0,1,433,3,35,0
1990,31,2,0,3,3,1,909,6,0,0
1990,70,1,3,3,3,1,347,6,17,0
1990,25,1,1,3,0,1,213,0,40,0
1990,36,1,2,3,3,1,436,3,60,0
1990,32,1,1,3,3,1,809,4,40,0
1990,37,2,2,3,3,1,274,3,0,0
1990,33,2,2,3,3,0,444,3,40,0
1990,73,1,3,3,3,0,0,0,0,0
1990,28,2,0,1,0,0,467,5,36,0
1990,28,1,0,1,0,0,547,6,52,0
1990,35,1,0,0,0,0,535,6,40,0
1990,33,2,0,0,0,0,439,3,0,0
1990,34,1,0,0,0,1,515,6,55,0
1990,29,2,0,0,0,0,376,4,42,0
1990,28,1,1,3,0,0,218,6,70,0
1990,32,1,3,0,0,1,905,6,40,0
1990,45,1,1,0,0,1,523,6,55,0
1990,62,1,0,3,0,1,6,6,40,0
1990,62,2,0,3,0,1,156,5,40,0
1990,36,1,2,3,0,1,23,2,40,0
1990,33,1,1,3,0,1,278,1,40,0
1990,78,2,3,3,0,0,0,0,0,0
1990,68,2,1,3,0,0,303,6,40,0
1990,57,2,3,3,0,0,453,3,40,0
1990,57,1,2,0,0,0,0,0,0,0
1990,27,1,0,1,0,0,904,6,60,0
1990,28,2,0,1,0,1,274,3,40,0
1990,25,1,3,0,0,1,804,6,45,0
1990,28,1,0,0,0,1,903,6,60,0
1990,27,2,0,0,0,1,95,5,8,0
1990,39,1,0,0,2,1,903,6,60,0
1990,39,2,0,0,0,1,156,5,20,0
1990,18,1,1,0,0,0,905,6,50,0
1990,23,1,1,2,1,0,904,6,60,0
1990,23,1,1,2,1,0,225,6,40,0
1990,23,1,1,0,0,1,418,6,40,0
1990,26,2,3,0,0,0,904,6,50,0
1990,60,1,0,3,0,0,503,6,40,0
1990,59,2,0,3,0,1,23,6,40,0
1990,37,1,1,0,0,1,317,4,42,0
1990,25,1,1,3,3,1,243,3,50,0
1990,21,2,1,0,0,0,276,3,0,0
1990,26,1,1,0,0,0,696,2,40,0
1990,64,1,0,3,0,0,869,2,0,0
1990,43,2,0,3,0,0,0,0,0,0
1990,25,1,0,3,0,0,453,4,0,0
1990,25,2,0,3,0,1,157,5,0,0
1990,29,2,0,2,0,0,274,3,0,0
1990,34,1,0,3,4,0,453,4,16,0
1990,58,1,0,3,0,1,547,3,40,0
1990,51,2,0,3,0,0,0,0,0,0
1990,53,1,3,0,0,0,0,0,0,0
1990,68,1,0,0,0,0,0,0,0,0
1990,63,2,0,0,0,0,0,0,0,0
1990,40,1,0,0,0,1,473,0,50,0
1990,29,2,0,3,3,1,461,5,45,0
1990,31,2,0,3,3,0,667,1,40,0
1990,34,1,0,3,3,1,22,0,40,0
1990,24,2,0,3,0,0,436,3,0,0
1990,25,1,0,3,4,0,479,0,25,0
1990,20,2,1,0,0,1,169,5,35,0
1990,21,1,1,0,0,1,216,0,40,0
1990,36,1,0,3,0,1,13,5,45,0
1990,41,2,0,3,0,1,95,5,45,1
1990,20,2,3,0,0,0,383,4,40,0
1990,48,1,0,3,0,0,855,0,40,0
1990,42,2,0,0,0,0,155,5,20,0
1990,19,1,1,0,0,0,486,0,40,0
1990,74,1,2,0,0,1,0,0,0,0
1990,43,1,2,0,0,1,828,4,40,0
1990,32,2,1,3,0,1,313,5,40,0
1990,43,1,3,1,1,0,274,3,40,0
1990,23,2,1,0,2,1,317,4,40,0
1990,56,1,0,3,0,0,508,2,40,1
1990,54,2,0,3,0,0,447,5,40,0
1990,29,1,1,3,0,1,877,3,34,0
1990,21,2,1,3,0,0,319,3,30,0
1990,36,1,3,3,0,0,598,0,45,1
1990,51,2,2,0,0,0,303,6,40,0
1990,19,1,1,0,0,0,426,4,35,0
1990,28,1,0,0,0,1,226,6,40,0
1990,25,2,0,0,0,1,458,4,0,0
1990,68,1,0,3,0,0,0,0,0,0
1990,68,2,0,3,0,0,0,0,0,0
1990,47,1,0,0,0,0,22,3,60,0
1990,44,2,0,0,2,0,259,3,40,0
1990,22,1,3,1,0,0,904,6,0,0
1990,23,1,2,0,0,0,523,6,50,0
1990,37,1,2,0,0,1,503,6,50,0
1990,37,1,0,0,0,1,413,6,40,0
1990,32,2,0,0,0,1,315,6,40,0
1990,31,2,3,0,0,1,449,4,12,0
1990,30,2,1,3,0,0,435,3,0,0
1990,63,2,2,0,0,1,0,0,0,0
1990,77,2,3,3,0,0,0,0,0,0
1990,19,2,1,2,0,0,383,4,40,0
1990,43,1,0,3,4,1,575,0,40,0
1990,37,2,0,3,4,0,257,2,40,0
1990,66,1,3,3,4,0,0,0,0,0
1990,18,1,1,3,4,0,365,3,40,0
1990,53,1,0,3,0,0,257,0,40,1
1990,34,2,0,3,3,0,435,3,20,0
1990,29,1,1,3,0,0,783,1,45,0
1990,21,1,1,3,0,0,459,4,20,0
1990,51,1,0,0,0,0,33,0,50,0
1990,49,2,0,0,0,0,736,1,35,0
1990,23,1,1,0,0,1,789,1,20,0
1990,21,2,1,0,0,1,467,5,20,0
1990,56,1,0,0,0,1,453,4,40,0
1990,58,2,0,0,0,0,313,3,40,0
1990,48,1,0,3,0,1,23,4,45,1
1990,44,2,0,3,0,1,156,5,40,0
1990,69,1,0,0,0,1,0,0,0,0
1990,65,2,0,0,0,0,0,0,0,0
1990,41,1,1,3,0,1,883,2,40,0
1990,40,1,0,3,0,0,359,2,40,1
1990,37,2,0,3,0,0,336,4,46,0
1990,47,1,0,0,0,1,259,3,55,1
1990,49,2,0,0,0,1,313,6,24,0
1990,67,1,0,0,0,0,33,5,7,1
1990,59,2,0,0,0,1,154,5,20,0
1990,26,1,3,3,3,0,479,0,40,0
1990,27,1,1,3,3,0,479,0,40,0
1990,26,1,1,3,3,0,473,0,40,0
1990,32,2,2,0,2,1,22,1,45,0
1990,33,1,1,1,0,1,889,5,40,0
1990,52,1,0,3,0,1,453,1,40,0
1990,48,2,0,3,0,0,0,0,0,0
1990,55,1,1,3,0,0,0,0,0,0
1990,32,1,0,0,0,1,235,4,40,0
1990,35,2,0,0,0,0,461,2,40,0
1990,55,2,3,0,0,1,33,4,40,0
1990,38,1,0,3,0,1,243,3,60,1
1990,36,2,0,3,0,1,23,4,40,0
1990,33,1,0,0,0,1,185,1,50,0
1990,32,2,0,0,0,1,303,4,40,0
1990,69,1,0,0,0,0,473,0,10,0
1990,69,2,0,0,0,0,0,0,0,0
1990,61,1,0,0,0,1,804,3,35,0
1990,57,2,0,0,0,0,313,1,40,0
1990,28,1,0,0,0,0,475,0,60,0
1990,25,2,0,0,0,1,0,0,0,0
1990,40,1,1,0,0,1,883,3,50,0
1990,36,2,2,0,0,0,888,1,40,0
1990,74,1,0,0,0,0,0,0,0,0
1990,69,2,0,0,0,1,0,0,0,0
1990,25,1,0,0,0,0,783,1,75,0
1990,24,2,0,0,0,0,796,1,40,0
1990,24,1,0,0,0,0,473,0,50,0
1990,24,2,0,0,0,1,259,1,40,0
1990,31,1,0,0,0,1,243,3,50,0
1990,30,2,0,0,0,1,97,5,4,0
1990,19,2,1,0,0,1,313,5,36,0
1990,60,1,0,0,0,0,473,0,40,1
1990,57,2,0,0,0,0,0,0,0,0
1990,37,1,0,0,0,1,159,5,45,0
1990,32,2,0,0,0,1,785,3,7,0
1990,79,1,0,0,0,0,479,0,45,0
1990,78,2,0,0,0,1,0,0,0,0
1990,77,1,3,0,0,0,0,0,0,0
1990,77,2,3,0,0,0,0,0,0,0
1990,36,1,0,0,0,0,653,1,45,0
1990,20,2,0,0,0,1,877,3,36,0
1990,76,2,3,0,0,0,0,0,0,0
1990,63,1,0,0,0,0,567,0,60,0
1990,64,2,0,0,0,0,453,6,15,0
1990,80,1,0,0,0,0,0,0,0,0
1990,74,2,0,0,0,0,0,0,0,0
1990,79,1,0,0,0,0,0,0,0,0
1990,78,2,0,0,0,1,0,0,0,0
1990,39,1,0,0,0,1,628,1,44,0
1990,36,2,0,0,0,0,365,1,40,0
1990,77,1,0,0,0,0,0,0,0,0
1990,75,2,0,0,0,0,909,6,0,0
1990,42,1,0,0,0,0,269,3,40,0
1990,35,2,0,0,0,0,453,4,25,0
1990,19,1,1,0,0,1,323,5,45,0
1990,44,1,0,3,3,1,686,1,48,0
1990,42,2,0,3,3,1,686,1,48,0
1990,21,2,1,3,3,1,313,5,15,0
1990,61,1,0,0,0,1,473,0,60,0
1990,56,2,0,0,0,0,337,3,40,0
1990,40,1,0,0,0,1,243,4,50,1
1990,34,2,0,0,0,0,313,5,40,0
1990,55,1,0,0,0,0,7,4,30,1
1990,56,2,0,0,0,0,0,0,0,0
1990,80,2,0,0,0,0,0,0,0,0
1990,27,1,0,0,0,0,804,2,70,0
1990,26,2,0,0,0,0,449,4,0,0
1990,60,1,0,0,0,0,869,0,48,0
1990,57,2,0,0,0,0,447,5,30,0
1990,31,1,0,0,0,0,785,1,40,0
1990,34,2,0,0,0,1,22,1,28,0
1990,38,1,0,0,0,0,549,0,45,0
1990,42,2,0,0,0,0,0,0,0,0
1990,61,1,1,0,0,1,36,6,40,0
1990,20,1,1,0,0,1,575,2,30,0
1990,46,1,2,0,0,0,453,5,66,0
1990,42,1,0,0,0,0,595,0,40,0
1990,43,2,0,0,0,0,744,1,40,0
1990,77,1,0,0,0,0,457,4,0,0
1990,73,2,0,0,0,1,158,5,36,0
1990,62,1,0,0,0,1,157,5,40,0
1990,58,2,0,0,0,1,164,5,10,0
1990,73,2,3,0,0,0,0,0,0,0
1990,34,1,0,0,0,0,505,4,50,0
1990,32,2,0,0,0,0,466,5,7,0
1990,33,2,2,0,0,1,458,4,40,0
1990,42,1,2,0,0,0,785,1,45,0
1990,57,1,0,0,0,1,375,4,40,0
1990,48,2,0,0,0,0,313,3,40,0
1990,50,1,0,0,0,0,869,0,50,0
1990,47,2,0,0,0,0,628,1,40,0
1990,21,1,1,0,0,1,856,1,14,0
1990,41,1,0,0,0,1,22,0,50,0
1990,42,2,0,0,0,1,264,3,35,0
1990,27,1,0,0,0,1,22,0,40,0
1990,26,2,0,0,0,1,313,4,35,0
1990,29,2,3,0,0,1,447,5,40,0
1990,21,1,0,0,0,0,785,1,40,0
1990,22,2,0,0,0,1,447,5,0,0
1990,30,1,0,0,0,0,887,4,60,0
1990,25,2,0,0,0,0,0,0,0,0
1990,73,1,0,0,0,1,0,0,0,0
1990,72,2,0,0,0,0,0,0,0,0
1990,41,2,2,0,0,0,0,0,0,0
1990,35,1,2,0,0,0,243,3,50,0
1990,27,1,1,0,0,1,25,4,50,0
1990,27,1,2,0,0,0,686,1,40,0
1990,31,2,2,0,0,1,276,3,20,0
1990,42,1,0,0,0,1,365,1,45,0
1990,39,2,0,0,0,0,436,5,36,0
1990,19,1,1,0,0,1,575,1,45,0
1990,63,1,0,0,0,0,473,0,48,0
1990,63,2,0,0,0,0,0,0,0,0
1990,34,1,1,0,0,1,366,2,40,0
1990,70,1,0,0,0,0,473,0,55,1
1990,69,2,0,0,0,0,0,0,0,0
1990,26,1,0,0,0,1,777,1,0,0
1990,34,2,0,0,0,0,65,5,38,0
1990,76,2,1,0,0,0,0,0,0,0
1990,53,1,1,0,0,0,0,0,0,0
1990,63,2,3,0,0,0,0,0,0,0
1990,50,2,3,0,0,1,313,5,40,0
1990,18,2,1,0,0,1,315,5,15,0
1990,73,2,3,0,0,0,0,0,0,0
1990,34,1,0,0,0,0,549,6,40,0
1990,33,2,0,0,0,0,883,2,20,0
1990,71,1,0,3,3,0,0,0,0,0
1990,68,2,0,3,3,0,0,0,0,0
1990,60,1,0,0,0,1,22,3,15,1
1990,57,2,0,0,0,1,22,2,40,0
1990,36,1,0,0,0,1,243,3,44,0
1990,34,2,0,0,0,1,208,5,40,0
1990,69,2,3,0,0,0,0,0,0,0
1990,67,1,0,0,0,1,0,0,0,0
1990,66,2,0,0,0,1,95,5,24,0
1990,79,1,0,0,0,0,0,0,0,0
1990,74,2,0,0,0,0,0,0,0,0
1990,46,1,0,0,0,1,567,0,37,0
1990,45,2,0,0,0,1,445,5,32,0
1990,24,1,1,0,0,1,479,0,42,0
1990,21,1,1,0,0,0,804,2,40,0
1990,74,2,3,0,0,0,0,0,0,0
1990,64,1,3,0,0,1,266,3,50,0
1990,61,1,0,0,0,0,804,2,0,0
1990,63,2,0,3,0,1,95,5,40,0
1990,26,2,1,3,0,1,157,5,40,0
1990,41,1,0,0,0,0,634,1,45,0
1990,40,2,0,0,0,0,748,5,32,0
1990,20,1,1,0,0,0,753,1,42,0
1990,65,2,3,0,0,0,0,0,0,0
1990,67,2,0,0,0,0,319,4,18,0
1990,76,2,3,0,0,0,323,4,12,0
1990,67,1,1,0,0,0,259,0,60,1
1990,35,1,0,0,0,0,785,1,40,0
1990,29,2,0,0,0,0,785,1,40,0
1990,32,1,0,0,0,1,785,1,40,0
1990,27,2,0,0,0,1,313,1,40,0
1990,79,1,0,0,0,0,567,0,0,0
1990,78,2,0,0,0,0,449,4,24,0
1990,37,1,2,0,0,0,785,1,40,0
1990,33,2,2,0,0,0,769,1,40,0
1990,41,2,1,0,0,1,785,1,46,0
1990,48,2,3,0,0,0,785,1,40,0
1990,77,2,3,0,0,0,0,0,0,0
1990,45,1,2,0,0,1,567,0,50,0
1990,71,2,2,0,0,0,0,0,0,0
1990,42,1,0,0,0,0,473,0,60,0
1990,42,2,0,0,0,0,243,1,40,0
1990,59,1,0,0,0,0,804,1,52,0
1990,58,2,0,0,0,0,436,5,40,0
1990,20,1,1,0,0,1,479,0,24,0
1990,47,2,0,0,0,0,628,1,40,0
1990,48,1,0,0,0,0,844,6,40,0
1990,20,1,1,0,0,0,804,3,40,0
1990,29,1,0,0,0,0,628,1,40,0
1990,27,2,0,0,0,0,447,5,0,0
1990,21,1,0,0,0,0,33,4,35,0
1990,20,2,0,0,0,1,406,4,0,0
1990,36,1,3,0,0,1,628,1,60,0
1990,53,1,3,0,0,1,253,4,50,1
1990,25,2,1,0,0,1,174,5,20,0
1990,33,1,0,0,0,0,479,0,40,0
1990,31,2,0,0,0,0,909,6,0,0
1990,38,2,2,0,0,1,259,1,60,0
1990,78,2,3,0,0,1,0,0,0,0
1990,61,1,0,0,0,0,475,0,65,0
1990,60,2,0,0,0,1,337,0,0,0
1990,68,1,0,0,0,0,0,0,0,0
1990,68,2,0,0,0,0,0,0,0,0
1990,34,1,0,0,0,1,243,3,60,0
1990,33,2,0,0,0,0,313,5,40,0
1990,44,1,0,0,0,0,473,0,50,0
1990,41,2,0,0,0,1,0,0,0,0
1990,66,1,0,0,0,0,479,0,35,0
1990,66,2,0,0,0,0,0,0,0,0
1990,32,1,0,0,0,1,5,6,46,0
1990,31,2,0,0,0,1,156,5,16,0
1990,61,2,3,0,0,1,3,6,40,0
1990,33,1,1,0,0,1,475,0,80,0
1990,22,2,1,0,0,1,444,5,15,0
1990,65,2,0,0,0,0,0,0,0,0
1990,76,1,0,0,0,1,0,0,0,0
1990,46,1,0,0,0,0,473,0,50,1
1990,47,2,0,0,0,0,436,5,40,0
1990,46,1,0,0,0,0,473,0,99,0
1990,39,2,0,0,0,1,22,0,80,0
1990,56,1,0,0,0,0,22,1,60,0
1990,53,2,0,0,0,0,22,1,60,0
1990,19,2,1,0,0,0,447,5,28,0
1990,21,1,1,0,0,0,869,0,0,0
1990,20,1,1,0,0,1,216,5,6,0
1990,80,1,0,0,0,0,0,0,0,0
1990,76,2,0,0,0,0,0,0,0,0
1990,72,2,3,0,0,0,0,0,0,0
1990,29,1,0,0,0,1,473,0,50,0
1990,29,2,0,0,0,1,406,4,28,0
1990,78,2,3,0,0,0,337,3,40,0
1990,36,1,0,0,0,1,459,6,40,0
1990,33,2,0,0,0,1,234,5,25,0
1990,35,2,0,0,0,1,95,5,40,0
1990,41,1,0,0,0,0,473,0,30,0
1990,39,1,2,0,0,1,706,1,45,0
1990,40,1,0,0,0,0,284,4,50,0
1990,38,2,0,0,0,1,687,3,45,0
1990,39,1,0,0,0,1,595,0,40,0
1990,36,2,0,0,0,0,567,0,60,0
1990,31,2,3,0,0,0,308,1,20,0
1990,23,1,1,0,0,0,475,0,60,0
1990,74,1,0,0,0,0,254,4,20,0
1990,53,1,0,0,0,1,138,5,40,0
1990,46,2,0,0,0,1,156,5,40,0
1990,23,1,1,0,0,0,779,1,50,0
1990,32,1,0,0,0,1,156,5,60,0
1990,33,2,0,0,0,1,95,5,16,0
1990,19,2,1,0,0,1,436,5,8,0
1990,51,1,0,0,0,1,22,4,55,0
1990,43,2,0,0,0,0,313,5,40,0
1990,74,2,3,0,0,0,0,0,0,0
1990,69,1,3,0,0,0,0,0,0,0
1990,32,1,0,0,0,1,754,1,48,0
1990,30,2,0,0,0,1,23,5,0,0
1990,48,1,0,0,0,0,637,1,40,0
1990,42,2,0,0,0,0,467,5,15,0
1990,73,2,3,0,0,1,385,3,0,0
1990,58,1,0,0,0,0,804,2,60,1
1990,57,2,0,0,0,0,0,0,0,0
1990,67,1,0,0,0,1,89,5,15,0
1990,67,2,0,0,0,0,0,0,0,0
1990,68,1,0,0,0,0,0,0,0,0
1990,65,2,0,0,0,1,0,0,0,0
1990,49,1,0,0,0,0,473,0,70,0
1990,47,2,0,0,0,0,274,3,24,0
1990,59,2,1,0,0,1,0,0,0,0
1990,44,2,3,0,0,0,276,3,40,0
1990,32,1,2,0,0,1,889,1,40,0
1990,49,1,0,0,0,0,783,1,40,0
1990,46,2,0,0,0,1,185,3,20,0
1990,24,2,1,0,0,1,885,3,25,0
1990,46,2,0,0,0,1,0,0,0,0
1990,45,1,0,0,0,0,473,0,75,0
1990,21,2,1,0,0,1,447,5,12,0
1990,18,1,1,0,0,0,475,0,32,0
1990,19,1,1,0,0,1,436,3,35,0
1990,62,1,0,0,0,1,159,5,0,0
1990,59,2,0,0,0,1,156,5,40,0
1990,65,1,0,0,0,0,0,0,0,0
1990,60,2,0,0,0,0,0,0,0,0
1990,79,2,0,0,0,1,0,0,0,0
1990,42,1,0,0,0,0,479,0,40,0
1990,52,2,0,0,0,0,808,5,17,0
1990,23,1,0,0,0,0,0,0,0,0
1990,66,2,0,0,0,0,0,0,0,0
1990,72,1,0,0,0,0,0,0,0,0
1990,67,2,0,0,0,0,0,0,0,0
1990,33,2,2,0,0,1,0,0,0,0
1990,24,1,1,0,0,1,223,1,40,0
1990,58,1,0,0,0,0,473,0,45,0
1990,55,2,0,0,0,0,337,3,80,0
1990,50,2,2,0,0,1,259,3,40,0
1990,77,2,3,0,0,0,0,0,0,0
1990,38,1,0,0,0,0,804,1,40,0
1990,37,2,0,0,0,0,0,0,0,0
1990,33,2,2,0,0,0,453,4,30,0
1990,72,2,3,0,0,0,0,0,0,0
1990,38,2,1,0,0,1,156,5,50,0
1990,39,2,1,0,0,1,185,1,0,0
1990,23,1,0,0,0,0,567,0,60,0
1990,22,2,0,0,0,0,0,0,0,0
1990,26,1,0,0,0,0,447,5,40,0
1990,25,2,0,0,0,0,447,5,40,0
1990,30,2,2,0,0,0,796,1,40,0
1990,51,1,0,0,0,0,889,3,45,0
1990,48,2,0,0,0,0,337,4,40,0
1990,18,1,1,0,0,0,479,0,22,0
1990,68,2,3,0,0,0,0,0,0,0
1990,30,1,1,0,0,0,567,1,40,0
1990,32,2,2,0,0,0,447,5,40,0
1990,50,1,0,0,0,0,22,4,40,0
1990,50,2,0,0,0,0,469,4,40,0
1990,45,2,2,0,0,0,785,3,35,0
1990,30,1,0,0,0,0,783,1,40,0
1990,30,2,0,0,0,1,95,5,49,0
1990,62,1,0,0,0,0,0,0,0,0
1990,54,2,0,0,0,0,0,0,0,0
1990,39,2,1,0,0,0,0,0,0,0
1990,29,1,1,0,0,0,544,1,40,0
1990,30,2,3,0,4,1,17,3,40,0
1990,61,1,0,0,0,0,808,5,40,0
1990,60,2,0,0,0,0,0,0,0,0
1990,51,1,0,0,0,1,505,0,40,0
1990,49,2,0,0,0,0,313,5,40,0
1990,71,1,0,0,0,0,0,0,0,0
1990,67,2,0,0,0,0,0,0,0,0
1990,22,1,1,0,0,1,877,1,40,0
1990,28,1,1,0,0,1,556,0,50,0
1990,21,1,1,0,0,1,257,2,40,0
1990,21,1,1,0,0,1,379,1,40,0
1990,50,1,0,0,0,1,59,5,46,0
1990,47,2,0,0,0,1,0,0,0,0
1990,40,1,0,0,0,1,33,5,45,0
1990,37,2,0,0,0,1,446,5,11,0
1990,30,1,0,0,0,0,785,1,45,0
1990,29,2,0,0,0,0,433,5,37,0
1990,66,2,2,0,0,0,453,5,20,0
1990,67,1,1,0,0,0,0,0,0,0
1990,44,2,2,0,0,0,22,1,44,0
1990,29,1,0,0,0,1,14,5,40,0
1990,28,2,0,0,0,1,156,5,50,0
1990,50,1,0,0,0,0,243,3,48,0
1990,48,2,0,0,0,0,319,3,40,0
1990,31,1,1,0,0,0,869,0,60,0
1990,26,1,0,0,0,0,748,4,40,0
1990,27,2,0,0,0,1,435,3,40,0
1990,41,1,2,0,0,1,266,3,77,0
1990,37,1,1,0,0,0,637,1,50,1
1990,65,2,2,0,2,1,313,3,0,0
1990,76,1,3,0,2,0,0,0,0,0
1990,64,2,3,0,0,0,0,0,0,0
1990,36,2,0,0,0,0,364,3,40,0
1990,40,1,0,0,0,0,709,1,40,0
1990,65,1,3,0,0,0,889,1,0,0
1990,80,1,0,3,3,1,0,0,0,0
1990,72,2,0,3,3,0,0,0,0,0
1990,61,2,3,0,0,1,254,4,24,0
1990,59,1,0,0,0,1,0,0,0,0
1990,59,2,0,0,0,1,156,5,0,0
1990,80,1,0,0,0,0,0,0,0,0
1990,72,2,0,0,0,0,0,0,0,0
1990,60,2,2,0,0,0,453,5,60,0
1990,39,1,2,0,0,0,783,1,40,0
1990,74,2,3,0,0,0,0,0,0,0
1990,19,2,1,0,0,1,275,3,15,0
1990,19,2,1,0,0,1,456,5,20,0
1990,19,1,1,0,0,1,276,3,22,0
1990,21,2,1,0,0,1,313,5,25,0
1990,21,2,1,0,0,1,313,5,25,0
1990,49,2,2,0,0,1,59,5,40,0
1990,36,1,0,0,0,0,448,4,40,0
1990,32,2,0,0,0,0,774,4,30,0
1990,46,1,0,0,0,1,163,5,45,0
1990,46,2,0,0,0,1,167,5,50,1
1990,23,1,2,0,0,1,436,3,0,0
1990,29,1,0,0,0,1,176,5,50,0
1990,26,2,0,0,0,1,97,5,15,0
1990,70,1,0,0,0,0,453,3,40,0
1990,69,2,0,0,0,0,269,3,35,0
1990,41,1,0,0,0,1,549,1,45,0
1990,41,2,0,0,0,1,274,3,25,0
1990,65,2,0,0,0,0,0,0,0,0
1990,64,1,0,0,0,0,253,4,42,1
1990,70,1,0,0,0,0,0,0,0,0
1990,66,2,0,0,0,0,0,0,0,0
1990,31,1,0,0,0,0,477,0,48,0
1990,28,2,0,0,0,1,313,4,7,0
1990,39,1,0,0,0,0,479,0,60,0
1990,36,2,0,0,0,0,22,3,40,0
1990,41,1,0,0,0,1,475,0,60,0
1990,40,2,0,0,0,0,337,0,20,0
1990,18,2,1,0,0,0,479,0,10,0
1990,35,1,0,0,0,1,15,5,40,0
1990,35,2,0,0,0,1,313,1,37,0
1990,34,1,0,0,0,1,634,1,50,0
1990,28,2,0,0,0,0,447,5,0,0
1990,29,1,0,0,0,1,267,3,45,0
1990,28,2,0,0,0,1,207,5,58,0
1990,39,1,0,0,0,1,178,5,50,1
1990,43,2,0,0,0,1,164,5,40,0
1990,40,1,2,0,0,1,856,1,40,0
1990,20,2,1,0,0,1,364,3,35,0
1990,46,1,0,0,0,0,595,0,45,0
1990,54,2,0,0,0,0,435,3,0,0
1990,45,2,0,0,0,1,17,3,50,0
1990,47,1,0,3,0,0,434,3,50,0
1990,68,1,1,0,0,0,869,0,0,0
1990,29,1,0,0,0,0,889,3,45,0
1990,31,2,0,0,0,1,22,4,40,0
1990,34,1,0,0,0,0,855,0,40,0
1990,32,2,0,0,0,0,434,3,48,0
1990,29,1,2,0,0,1,503,3,49,0
1990,71,2,3,0,0,0,0,0,0,0
1990,45,1,0,0,0,0,486,4,40,0
1990,41,2,0,0,0,0,276,3,40,0
1990,23,1,1,0,0,0,779,2,40,0
1990,70,2,3,0,0,1,153,5,28,0
1990,39,1,0,0,0,0,804,2,50,0
1990,33,2,0,0,0,1,22,4,45,0
1990,29,1,0,0,0,0,433,3,40,0
1990,28,2,0,0,0,0,628,1,40,0
1990,32,1,0,0,0,1,518,1,42,0
1990,24,2,0,0,0,1,185,3,25,0
1990,56,1,0,0,0,0,853,0,40,0
1990,54,2,0,0,0,0,15,5,40,0
1990,58,1,0,0,0,0,804,3,55,0
1990,50,2,0,0,0,0,466,5,44,0
1990,19,1,1,0,0,0,444,3,20,0
1990,46,1,0,0,0,1,176,5,62,0
1990,45,2,0,0,0,1,447,5,35,0
1990,29,1,0,0,0,1,883,0,50,0
1990,25,2,0,0,0,1,95,5,40,0
1990,41,2,3,0,0,1,337,1,40,0
1990,49,1,0,0,0,0,804,4,35,0
1990,56,2,0,0,0,1,804,4,35,0
1990,33,1,1,0,0,0,473,0,40,0
1990,76,2,3,0,0,0,0,0,0,0
1990,76,2,3,0,0,0,0,0,0,0
1990,76,2,3,0,0,0,0,0,0,0
1990,58,1,3,0,0,0,473,0,10,0
1990,20,1,1,0,0,1,473,0,75,0
1990,32,1,1,0,0,0,473,0,50,1
1990,64,1,0,0,0,0,278,1,8,0
1990,61,2,0,0,2,0,449,5,40,0
1990,18,2,1,0,0,1,199,5,20,0
1990,29,1,0,0,0,1,856,2,55,0
1990,28,2,0,0,0,0,203,5,40,0
1990,28,1,1,0,0,1,473,0,30,0
1990,77,2,2,0,0,0,0,0,0,0
1990,35,1,0,0,0,0,558,0,75,0
1990,33,2,0,0,0,1,95,5,30,0
1990,57,1,0,0,0,0,785,1,40,0
1990,53,2,0,0,0,0,466,5,40,0
1990,50,1,0,0,0,0,577,2,40,0
1990,49,2,0,0,0,0,458,4,16,0
1990,46,2,2,0,0,1,435,3,30,0
1990,40,1,0,0,0,1,475,0,60,0
1990,38,2,0,0,0,1,385,1,40,0
1990,72,1,0,0,0,0,473,0,30,0
1990,72,2,0,0,0,0,0,0,0,0
1990,23,2,1,0,0,0,877,3,40,0
1990,39,1,0,0,0,0,889,1,40,0
1990,38,2,0,0,0,0,436,5,45,0
1990,77,2,3,0,0,1,0,0,0,0
1990,66,1,0,0,0,0,0,0,0,0
1990,53,2,0,0,0,0,0,0,0,0
1990,55,2,0,0,0,0,25,5,0,0
1990,58,1,0,0,0,1,869,0,40,1
1990,69,1,0,0,0,0,473,0,35,0
1990,66,2,0,0,0,0,313,5,0,0
1990,31,1,0,0,0,0,869,0,40,0
1990,30,2,0,0,0,0,344,4,40,0
1990,48,1,0,0,0,1,473,0,60,1
1990,47,2,0,0,0,1,22,0,40,0
1990,18,1,1,0,0,1,0,0,0,0
1990,40,1,0,0,0,1,253,4,45,1
1990,38,2,0,0,0,1,174,5,24,0
1990,78,2,3,0,0,0,0,0,0,0
1990,72,1,3,0,0,1,0,0,0,0
1990,65,1,1,0,0,0,0,0,0,0
1990,41,1,0,0,0,0,637,1,55,0
1990,37,2,0,0,0,0,447,5,25,0
1990,66,1,0,0,0,1,479,0,40,1
1990,64,2,0,0,0,1,0,0,0,0
1990,30,1,1,0,0,1,796,1,50,0
1990,49,1,0,0,0,0,567,0,40,0
1990,48,2,0,0,0,0,276,3,40,0
1990,32,1,0,0,0,0,473,0,60,0
1990,35,2,0,0,0,1,159,5,40,0
1990,46,2,2,0,0,1,447,5,45,0
1990,31,1,1,0,0,1,473,0,50,0
1990,79,1,0,0,0,0,473,0,42,0
1990,75,2,0,0,0,0,0,0,0,0
1990,44,1,1,0,0,1,473,0,42,0
1990,45,1,0,0,0,0,479,0,55,1
1990,43,2,0,0,0,0,0,0,0,0
1990,24,2,1,0,0,1,385,0,35,0
1990,55,2,2,0,0,0,449,5,40,0
1990,35,1,0,0,0,0,549,1,52,0
1990,36,2,0,0,0,1,95,5,32,0
1990,42,1,0,0,0,1,475,0,40,0
1990,41,2,0,0,0,1,316,6,10,0
1990,38,1,0,0,0,1,577,2,40,0
1990,38,2,0,0,0,0,0,0,0,0
1990,36,1,0,0,0,1,549,3,50,0
1990,30,2,0,0,0,0,0,0,0,0
1990,74,2,3,0,0,0,0,0,0,0
1990,79,2,3,0,0,0,0,0,0,0
1990,49,2,2,0,0,0,466,5,0,0
1990,46,1,1,0,0,1,436,3,35,0
1990,36,1,0,0,0,1,157,5,40,0
1990,33,2,0,0,0,0,668,4,30,0
1990,74,2,3,0,0,0,207,5,40,0
1990,26,2,2,0,0,0,337,4,40,0
1990,60,1,0,0,0,0,436,5,70,0
1990,61,2,0,0,0,0,748,5,99,0
1990,29,1,0,0,0,0,473,0,75,0
1990,30,2,0,0,0,0,0,0,0,0
1990,42,1,0,0,0,1,804,1,55,0
1990,37,2,0,0,0,1,208,2,60,0
1990,20,2,0,0,0,1,276,3,40,0
1990,28,1,0,2,1,1,197,2,60,0
1990,32,2,2,0,0,1,243,5,50,0
1990,69,1,0,0,0,0,89,5,45,0
1990,66,2,0,0,0,1,95,5,16,0
1990,61,1,0,0,0,0,804,2,40,0
1990,62,2,0,0,0,0,335,3,40,0
1990,58,1,0,0,0,0,473,0,40,0
1990,56,2,0,0,0,0,0,0,0,0
1990,48,1,0,0,0,0,518,1,40,0
1990,42,2,0,0,0,0,889,1,40,0
1990,24,1,1,0,0,0,889,1,40,0
1990,73,2,3,0,0,0,0,0,0,0
1990,60,1,0,0,0,0,473,0,0,0
1990,57,2,0,0,0,0,0,0,0,0
1990,34,1,0,0,0,1,243,3,50,0
1990,34,2,0,0,0,1,22,3,25,0
1990,39,1,0,0,0,0,558,0,40,0
1990,39,2,0,0,0,0,274,3,40,0
1990,20,1,1,0,0,1,576,2,40,0
1990,28,1,0,0,0,1,13,3,50,1
1990,28,2,0,0,0,1,157,5,20,0
1990,55,1,0,0,0,0,549,3,52,0
1990,47,2,0,0,0,0,436,3,36,0
1990,72,1,1,0,0,0,734,1,40,0
1990,76,2,1,0,0,0,0,0,0,0
1990,77,1,2,0,0,0,217,3,20,0
1990,65,2,3,0,0,0,0,0,0,0
1990,44,1,0,0,0,1,27,1,55,0
1990,45,2,0,0,0,0,274,3,25,0
1990,20,1,1,0,0,0,263,3,20,0
1990,65,1,0,0,0,0,255,4,0,1
1990,55,2,0,0,0,0,303,2,40,0
1990,40,2,1,0,0,1,458,4,40,0
1990,37,1,1,0,0,1,889,0,10,0
1990,24,1,0,0,0,0,628,2,50,0
1990,24,2,0,0,0,0,785,1,25,0
1990,77,1,0,0,0,0,0,0,0,0
1990,78,2,0,0,0,0,0,0,0,0
1990,63,2,0,0,0,0,313,3,40,0
1990,65,1,0,0,0,0,0,0,0,0
1990,80,1,3,0,0,0,0,0,0,0
1990,47,1,1,0,0,0,22,3,50,0
1990,40,2,1,0,0,0,0,0,0,0
1990,28,1,2,0,0,0,505,4,55,0
1990,24,2,1,0,0,1,23,5,40,0
1990,80,2,3,0,0,0,0,0,0,0
1990,53,1,0,2,0,0,22,1,60,0
1990,47,2,0,2,0,0,313,4,15,0
1990,21,2,1,2,0,0,383,4,36,0
1990,28,1,0,0,0,0,307,1,50,0
1990,25,2,0,0,0,0,888,3,40,0
1990,61,1,0,0,0,1,253,4,26,1
1990,58,2,0,0,0,0,313,4,0,0
1990,36,1,1,0,0,0,6,6,48,0
1990,44,2,2,0,0,0,379,4,40,0
1990,26,2,1,0,0,0,276,3,40,0
1990,26,2,0,0,0,1,23,4,40,0
1990,28,1,0,0,0,1,877,3,52,0
1990,61,1,0,0,0,0,779,1,40,0
1990,54,2,0,0,0,0,389,6,40,0
1990,33,2,3,0,0,0,467,5,0,0
1990,48,1,0,0,0,1,156,5,50,0
1990,46,2,0,0,0,1,445,5,37,0
1990,18,1,1,0,0,0,877,3,20,0
1990,19,1,1,0,0,1,264,3,20,0
1990,41,1,3,0,0,0,597,0,36,0
1990,78,2,3,0,0,0,0,0,0,0
1990,66,1,0,0,0,1,0,0,0,0
1990,71,2,0,0,0,1,0,0,0,0
1990,33,1,0,1,0,0,804,1,40,0
1990,32,2,0,1,0,0,313,5,40,0
1990,63,1,0,0,0,1,268,3,40,0
1990,62,2,0,0,0,0,877,3,12,0
1990,35,1,0,0,0,1,178,5,55,1
1990,33,2,0,0,0,1,0,0,0,0
1990,24,1,0,0,0,1,799,2,35,0
1990,25,2,0,0,0,1,458,3,35,0
1990,62,2,3,0,0,0,213,5,40,0
1990,31,2,1,0,0,1,156,5,40,0
1990,24,1,3,0,0,1,274,3,0,0
1990,72,2,3,0,0,1,0,0,0,0
1990,29,1,0,0,0,0,777,1,40,0
1990,27,2,0,0,0,0,17,3,40,0
1990,69,1,0,0,0,0,354,2,0,0
1990,66,2,0,0,0,0,0,0,0,0
1990,63,1,0,0,0,1,22,1,50,0
1990,26,2,0,0,0,1,19,4,32,0
1990,20,1,1,0,0,1,426,5,35,0
1990,45,1,0,0,0,1,356,4,35,0
1990,39,2,0,0,0,1,379,4,0,0
1990,42,1,0,0,0,1,337,4,40,0
1990,36,2,0,0,0,0,313,4,40,0
1990,28,1,0,1,0,1,327,2,40,0
1990,28,2,0,1,0,1,337,6,40,0
1990,48,1,0,0,0,0,804,2,65,0
1990,40,2,0,0,0,1,336,4,37,0
1990,73,2,1,0,0,0,628,1,0,0
1990,41,1,1,0,0,1,444,3,44,0
1990,69,2,2,0,0,0,748,5,0,0
1990,59,1,2,0,0,0,579,5,30,0
1990,49,2,2,0,0,0,18,4,40,0
1990,34,1,0,0,0,1,255,4,50,1
1990,34,2,0,0,0,1,21,5,40,0
1990,50,1,0,0,0,1,13,4,50,1
1990,54,2,0,0,2,1,313,5,20,0
1990,76,1,0,0,0,0,526,3,5,0
1990,75,2,0,0,0,0,0,0,0,0
1990,19,2,1,0,0,1,435,3,28,0
1990,38,1,1,0,0,1,178,4,45,1
1990,42,1,0,0,0,0,22,4,70,0
1990,42,2,0,0,0,1,154,5,35,0
1990,51,1,0,0,0,1,56,4,42,1
1990,48,2,0,0,0,0,439,5,10,0
1990,29,1,0,0,0,1,804,2,45,0
1990,30,2,0,0,0,1,274,6,40,0
1990,31,1,0,0,0,0,754,1,40,0
1990,29,2,0,0,0,0,0,0,0,0
1990,25,2,1,0,0,1,0,0,0,0
1990,72,1,0,0,0,1,85,5,30,0
1990,67,2,0,0,0,1,0,0,0,0
1990,43,2,2,0,0,1,155,5,40,0
1990,40,1,1,0,0,1,229,4,40,0
1990,38,2,1,0,0,1,303,6,55,0
1990,48,1,1,0,2,1,36,6,40,0
1990,75,2,3,0,0,0,0,0,0,0
1990,58,1,1,0,0,1,426,5,33,0
1990,68,1,3,0,0,0,0,0,0,0
1990,60,1,0,0,0,0,549,0,45,0
1990,62,2,0,0,0,1,0,0,0,0
1990,41,1,0,0,0,1,455,4,45,0
1990,39,2,0,0,0,1,14,5,50,0
1990,27,2,2,0,0,1,95,5,40,0
1990,19,2,1,0,0,1,319,4,25,0
1990,20,2,1,0,0,1,313,5,25,0
1990,19,2,1,0,0,1,264,3,40,0
1990,46,1,0,0,0,1,575,1,35,1
1990,43,2,0,0,0,1,0,0,0,0
1990,19,1,1,0,0,0,877,3,20,0
1990,36,1,0,0,0,1,453,3,40,0
1990,36,2,0,0,0,1,66,4,40,0
1990,36,1,0,0,0,0,243,2,50,0
1990,39,2,0,0,0,0,259,1,40,0
1990,72,1,0,0,0,1,475,0,40,0
1990,68,2,0,0,0,0,0,0,0,0
1990,21,1,1,0,0,1,243,3,50,0
1990,20,2,1,0,0,1,257,5,35,0
1990,38,2,0,0,0,1,14,5,0,0
1990,56,1,0,0,0,1,197,5,60,0
1990,45,1,0,0,0,0,259,3,50,0
1990,45,2,0,0,0,1,458,4,45,0
1990,32,2,0,0,0,1,8,5,45,0
1990,30,1,0,0,0,1,22,4,40,0
1990,42,1,2,0,0,0,418,6,40,0
1990,35,2,2,0,0,0,313,2,40,0
1990,79,1,3,0,0,0,0,0,0,0
1990,38,1,0,0,0,1,22,1,55,1
1990,39,2,0,0,0,1,156,5,0,0
1990,34,1,0,0,0,1,5,6,55,0
1990,31,2,0,0,0,1,23,2,40,0
1990,21,1,1,0,0,1,756,1,40,0
1990,25,2,1,0,0,1,7,5,40,0
1990,49,1,0,0,0,1,23,5,50,1
1990,46,2,0,0,0,1,0,0,0,0
1990,64,1,0,0,0,0,0,0,0,0
1990,61,2,0,0,0,0,0,0,0,0
1990,39,2,1,0,0,1,27,6,48,0
1990,34,1,0,0,0,0,213,4,40,0
1990,31,2,0,0,0,1,466,5,40,0
1990,55,1,0,0,0,1,253,4,40,1
1990,50,2,0,0,0,1,313,4,37,0
1990,21,2,1,0,0,1,435,3,8,0
1990,28,1,0,0,0,1,254,4,50,0
1990,27,2,0,0,0,1,243,3,50,0
1990,21,2,1,0,0,1,256,1,40,0
1990,22,2,1,0,0,1,383,4,30,0
1990,51,1,0,0,0,1,7,4,50,1
1990,51,2,0,0,0,1,0,0,0,0
1990,37,2,2,0,0,0,363,6,40,0
1990,33,1,1,0,0,1,365,5,40,0
1990,45,2,2,0,0,1,253,4,40,1
1990,30,1,1,0,0,0,567,0,40,0
1990,41,1,0,0,0,0,0,0,0,0
1990,37,2,0,0,0,1,264,3,40,0
1990,33,1,0,0,0,1,549,3,46,0
1990,30,2,0,0,0,0,453,4,5,0
1990,28,2,1,0,0,0,444,3,45,0
1990,69,1,1,0,0,0,479,0,50,0
1990,52,2,0,0,0,0,0,0,0,0
1990,53,1,0,0,0,0,453,2,40,0
1990,45,1,0,0,0,0,889,1,52,0
1990,51,2,0,0,0,0,0,0,0,0
1990,30,1,1,0,0,1,243,0,47,0
1990,24,2,1,0,0,0,479,0,44,0
1990,22,2,1,0,0,0,337,4,40,0
1990,24,1,1,0,0,0,17,3,45,0
1990,43,1,0,0,0,0,785,1,40,0
1990,32,2,0,0,2,0,376,4,40,0
1990,44,1,0,0,0,1,22,1,50,1
1990,45,2,0,0,0,1,313,5,20,0
1990,41,2,2,0,0,0,547,5,40,0
1990,45,1,0,0,0,0,284,3,40,0
1990,44,2,0,0,0,1,337,4,52,0
1990,31,1,0,0,0,0,566,0,0,0
1990,27,2,0,0,0,0,435,3,0,0
1990,69,2,0,0,0,0,0,0,0,0
1990,70,1,0,0,0,0,0,0,0,0
1990,21,1,1,0,0,0,566,0,40,0
1990,41,2,0,0,0,0,337,1,40,0
1990,41,1,0,0,0,1,266,3,52,0
1990,51,1,0,0,0,0,809,5,0,0
1990,47,2,0,0,0,0,436,3,20,0
1990,67,1,0,0,0,0,804,2,20,0
1990,66,2,0,0,0,0,0,0,0,0
1990,48,1,2,0,0,1,779,1,40,0
1990,51,1,0,0,0,1,154,5,50,1
1990,48,2,0,0,0,1,188,3,50,0
1990,21,1,1,0,0,1,323,4,45,0
1990,20,1,1,0,0,1,487,5,20,0
1990,20,2,1,0,0,0,434,3,40,0
1990,20,1,1,1,4,1,329,5,10,0
1990,20,2,1,1,0,1,343,3,45,0
1990,42,1,0,0,0,0,785,1,40,0
1990,42,2,0,0,0,1,14,5,55,0
1990,47,2,2,0,0,1,33,6,90,0
1990,21,2,1,0,0,1,315,5,15,0
1990,53,1,0,0,0,1,567,0,32,0
1990,45,2,0,0,0,1,386,4,40,0
1990,39,1,0,0,0,1,505,6,40,0
1990,37,2,0,0,0,1,313,0,38,0
1990,45,1,0,0,0,0,354,2,40,0
1990,45,2,0,0,0,0,354,2,40,0
1990,75,2,1,0,0,0,436,3,40,0
1990,62,1,0,0,0,0,33,0,40,0
1990,61,2,0,0,0,0,785,1,40,0
1990,56,1,2,0,0,1,804,3,40,0
1990,51,2,2,0,0,0,435,3,24,0
1990,27,1,0,0,0,0,259,1,40,0
1990,30,2,0,0,0,1,259,1,40,0
1990,31,1,0,0,0,1,259,1,50,0
1990,30,2,0,0,0,1,389,5,42,0
1990,29,1,0,0,0,1,23,1,55,0
1990,30,2,0,0,0,1,254,4,20,0
1990,27,1,0,3,3,1,154,5,40,0
1990,29,2,0,3,3,1,0,0,0,0
1990,29,2,1,0,0,0,337,3,40,0
1990,26,1,1,0,0,1,17,3,50,0
1990,24,1,1,0,0,1,67,4,25,0
1990,23,1,1,0,0,1,446,5,35,0
1990,19,1,1,0,0,1,0,0,0,0
1990,57,1,2,0,0,0,453,5,0,0
1990,69,1,2,0,0,0,259,3,0,0
1990,21,2,1,0,0,1,319,2,30,0
1990,31,1,2,0,0,0,683,1,40,0
1990,66,1,1,0,0,1,243,4,0,0
1990,73,1,0,0,0,0,0,0,0,0
1990,73,2,0,0,0,0,0,0,0,0
1990,73,2,3,0,0,1,0,0,0,0
1990,34,1,0,0,0,1,686,3,60,1
1990,36,2,0,0,0,0,313,4,40,0
1990,32,1,0,0,0,0,453,4,40,0
1990,27,2,0,0,0,0,453,4,40,0
1990,56,1,0,0,0,1,22,1,48,1
1990,54,2,0,0,0,1,95,5,0,0
1990,39,1,0,0,0,1,689,3,50,0
1990,35,2,0,0,0,0,313,4,40,0
1990,27,1,0,0,0,0,579,0,20,0
1990,24,2,0,0,0,1,424,6,40,0
1990,73,1,0,0,0,0,507,4,30,0
1990,71,2,0,0,0,0,0,0,0,0
1990,67,1,0,0,0,0,424,6,0,0
1990,54,2,0,0,0,0,0,0,0,0
1990,49,1,0,0,0,0,389,1,40,0
1990,52,2,0,0,0,0,666,4,99,0
1990,72,2,3,0,0,0,0,0,0,0
1990,54,1,0,0,0,0,473,0,70,0
1990,50,2,0,0,0,0,0,0,0,0
1990,29,1,0,0,0,0,453,5,40,0
1990,27,2,0,0,0,0,21,5,40,0
1990,50,1,0,0,0,1,628,1,42,1
1990,47,2,0,0,0,0,734,5,34,0
1990,22,2,1,0,0,1,434,3,30,0
1990,28,1,0,0,0,1,22,0,45,0
1990,26,2,0,0,0,0,22,3,45,0
1990,68,2,3,0,0,0,0,0,0,0
1990,43,1,2,0,0,0,747,1,40,0
1990,76,2,3,0,0,0,0,0,0,0
1990,75,1,0,0,0,0,0,0,0,0
1990,68,2,0,0,0,1,0,0,0,0
1990,29,1,0,0,0,0,37,1,8,0
1990,28,2,0,0,0,0,327,2,40,0
1990,24,1,0,0,0,1,323,3,45,0
1990,23,2,0,0,0,1,95,5,46,0
1990,64,1,0,0,0,0,804,2,0,0
1990,62,2,0,0,0,1,0,0,0,0
1990,19,2,1,0,0,0,754,1,0,0
1990,36,1,2,0,0,0,21,5,0,0
1990,30,2,1,0,0,0,449,4,25,0
1990,21,2,1,0,2,1,379,3,20,0
1990,40,1,0,0,0,0,889,6,40,0
1990,38,2,0,0,0,0,687,3,25,0
1990,54,1,0,0,0,0,777,1,40,0
1990,44,2,0,0,0,0,379,3,40,0
1990,54,2,3,0,0,0,0,0,0,0
1990,38,2,0,0,0,1,157,5,40,0
1990,38,1,0,0,0,1,777,1,40,0
1990,31,1,0,0,0,1,599,2,40,0
1990,41,2,0,0,0,1,22,5,28,0
1990,20,1,1,0,0,0,379,6,40,0
1990,75,2,3,0,0,0,379,3,45,0
1990,80,2,3,0,0,0,0,0,0,0
1990,59,1,0,0,0,0,473,0,60,0
1990,57,2,0,0,0,0,335,6,25,0
1990,56,1,0,0,0,0,259,3,55,0
1990,51,2,0,0,0,1,95,5,36,0
1990,41,2,2,0,0,1,188,5,40,0
1990,20,1,1,0,0,0,486,6,0,0
1990,38,1,0,0,0,0,505,3,60,0
1990,35,2,0,0,0,0,785,1,40,0
1990,68,1,0,0,0,0,6,6,0,0
1990,67,2,0,0,0,1,0,0,0,0
1990,65,2,3,0,0,0,0,0,0,0
1990,23,2,1,0,0,0,706,1,40,0
1990,80,1,3,0,0,0,885,3,0,0
1990,73,1,0,0,0,0,0,0,0,0
1990,73,2,0,0,0,0,0,0,0,0
1990,50,2,2,0,0,0,308,1,40,0
1990,35,1,0,0,0,0,473,0,80,0
1990,33,2,0,0,0,1,337,5,40,0
1990,31,1,0,0,0,0,243,3,60,0
1990,31,2,0,0,0,0,377,5,37,0
1990,63,1,0,0,0,0,356,3,15,0
1990,50,2,0,0,0,1,379,5,40,0
1990,78,2,0,0,0,1,0,0,0,0
1990,24,2,1,0,0,1,154,5,12,0
1990,28,1,1,0,0,1,154,5,15,0
1990,30,1,0,3,3,1,154,5,20,0
1990,30,2,0,3,3,1,235,5,20,0
1990,56,1,0,0,0,1,44,1,50,1
1990,57,2,0,0,0,1,95,5,0,0
1990,33,1,0,0,0,0,355,2,40,0
1990,31,2,0,0,0,0,337,3,40,0
1990,41,1,0,0,0,1,423,6,40,0
1990,41,2,0,0,0,1,14,5,65,0
1990,47,1,0,0,0,0,785,1,40,0
1990,46,2,0,0,0,0,453,5,25,0
1990,18,1,1,0,0,0,276,3,30,0
1990,25,2,1,0,0,1,303,3,45,0
1990,25,2,1,0,0,1,243,3,40,0
1990,26,2,0,0,0,1,389,1,40,0
1990,29,1,0,0,0,0,426,5,50,0
1990,33,1,0,0,0,0,779,2,40,0
1990,29,2,0,0,0,0,335,5,40,0
1990,39,1,0,0,0,0,558,0,40,0
1990,39,2,0,0,0,0,337,5,45,0
1990,68,2,2,0,0,1,95,5,40,0
1990,20,1,1,0,0,1,727,1,36,0
1990,23,2,1,0,0,1,313,5,20,0
1990,21,1,1,0,0,1,804,3,42,0
1990,24,2,1,0,0,1,163,5,0,0
1990,30,1,0,0,0,1,779,1,42,0
1990,27,2,0,0,0,1,466,5,40,0
1990,37,1,1,0,0,1,243,3,68,1
1990,33,2,2,0,0,1,337,3,12,0
1990,42,1,0,0,0,1,85,5,36,1
1990,39,2,0,0,0,1,0,0,0,0
1990,19,1,1,0,0,1,276,3,30,0
1990,20,2,1,0,0,1,435,3,10,0
1990,23,1,1,0,0,1,216,5,30,0
1990,24,1,1,0,0,1,456,5,40,0
1990,24,1,1,0,0,1,579,0,40,0
1990,21,2,1,0,0,1,447,5,25,0
1990,20,2,1,0,0,1,435,3,23,0
1990,67,1,0,0,0,1,86,0,40,0
1990,61,2,0,0,0,1,0,0,0,0
1990,67,2,2,0,0,1,156,5,24,0
1990,64,2,2,0,0,1,174,6,40,0
1990,26,2,1,0,0,1,329,5,40,0
1990,20,2,1,0,0,1,447,5,20,0
1990,20,2,1,0,0,1,338,3,10,0
1990,20,2,1,0,0,1,276,5,28,0
1990,20,2,1,0,0,1,379,5,30,0
1990,37,1,0,0,0,0,599,0,40,0
1990,29,2,0,0,0,1,308,4,0,0
1990,26,1,0,0,0,0,779,1,40,0
1990,25,2,0,0,0,0,389,4,36,0
1990,55,2,3,0,0,0,804,2,40,0
1990,80,1,0,0,0,0,376,6,3,0
1990,70,2,0,0,0,0,447,5,3,0
1990,51,1,0,0,0,1,157,5,50,0
1990,49,2,0,0,0,1,156,5,37,0
1990,23,1,1,0,0,1,514,3,40,0
1990,78,2,3,0,0,0,0,0,0,0
1990,57,1,2,0,0,0,0,0,0,0
1990,55,2,2,0,0,0,447,5,22,0
1990,47,1,0,0,0,0,473,0,16,0
1990,44,2,0,0,0,0,0,0,0,0
1990,52,2,2,0,0,0,888,1,28,0
1990,44,1,0,0,0,1,55,1,40,0
1990,40,2,0,0,0,1,859,1,40,0
1990,73,1,1,0,0,0,783,1,60,0
1990,23,1,0,0,0,0,567,0,40,0
1990,26,2,0,0,0,1,376,1,40,0
1990,71,1,3,0,0,0,259,3,45,0
1990,73,1,0,0,0,0,869,0,40,0
1990,74,2,0,0,0,0,0,0,0,0
1990,33,1,1,0,0,1,436,3,35,0
1990,31,1,0,0,0,0,575,0,50,0
1990,27,2,0,0,0,0,159,3,0,0
1990,65,2,3,0,0,0,276,3,20,0
1990,35,1,0,0,0,1,637,1,40,0
1990,29,2,0,0,0,1,313,1,40,0
1990,24,1,1,0,0,1,779,3,37,0
1990,26,2,1,0,0,0,779,3,37,0
1990,42,1,0,0,0,0,507,2,45,0
1990,39,2,0,0,0,1,319,5,40,0
1990,18,2,1,0,0,0,379,2,30,0
1990,44,2,0,0,0,0,364,1,42,0
1990,43,1,0,0,0,0,505,4,60,0
1990,39,1,0,0,0,0,708,1,40,0
1990,40,2,0,0,0,1,95,5,24,0
1990,18,1,1,0,0,0,877,3,25,0
1990,57,1,0,0,0,0,783,1,60,0
1990,55,2,0,0,0,0,744,1,40,0
1990,80,1,3,0,0,0,0,0,0,0
1990,61,1,0,0,0,0,217,1,40,0
1990,63,2,0,0,0,0,0,0,0,0
1990,65,1,2,0,0,1,0,0,0,0
1990,80,1,0,0,0,0,0,0,0,0
1990,78,2,0,0,0,1,0,0,0,0
1990,37,1,0,0,0,1,376,1,40,0
1990,31,2,0,0,0,1,313,1,40,0
1990,29,1,0,0,0,1,259,3,40,0
1990,28,2,0,0,0,1,159,5,20,0
1990,28,1,0,0,0,1,473,0,50,1
1990,25,2,0,0,0,1,95,5,40,0
1990,25,1,0,0,0,1,706,1,40,0
1990,25,2,0,0,0,1,447,5,32,0
1990,77,2,0,0,0,1,0,0,0,0
1990,25,1,0,0,0,0,686,1,38,0
1990,23,2,0,0,0,1,447,5,40,0
1990,25,1,0,0,0,1,243,3,44,0
1990,25,2,0,0,0,1,337,5,40,0
1990,58,1,0,0,0,0,22,2,50,0
1990,55,2,0,0,0,0,6,6,37,0
1990,44,1,0,3,3,0,889,1,40,0
1990,40,2,0,3,3,0,889,1,40,0
1990,69,2,0,0,0,0,0,0,0,0
1990,73,1,0,0,0,0,0,0,0,0
1990,42,1,0,0,0,0,686,1,40,0
1990,39,2,0,0,0,0,889,1,48,0
1990,22,1,1,0,0,1,686,1,40,0
1990,19,2,1,0,0,1,859,1,30,0
1990,74,1,3,0,0,0,579,0,0,0
1990,45,2,1,0,0,1,156,5,50,0
1990,71,1,0,0,0,0,0,0,0,0
1990,69,2,0,0,0,0,0,0,0,0
1990,56,1,2,0,0,1,473,0,60,0
1990,26,2,1,0,0,0,203,5,40,0
1990,33,1,2,0,0,0,889,3,40,0
1990,55,1,0,0,0,1,628,1,45,0
1990,55,2,0,0,0,0,0,0,0,0
1990,39,1,2,0,0,0,475,0,40,0
1990,63,1,0,0,0,0,785,1,40,0
1990,60,2,0,0,0,1,785,1,40,0
1990,40,1,0,0,0,0,486,0,40,0
1990,31,2,0,0,0,0,438,3,18,0
1990,75,1,0,0,0,0,0,0,0,0
1990,70,2,0,0,0,0,0,0,0,0
1990,39,1,0,0,0,0,798,1,45,0
1990,42,2,0,0,0,1,315,5,37,0
1990,21,2,1,0,0,0,435,3,40,0
1990,18,1,1,0,0,0,453,5,25,0
1990,72,1,0,0,0,0,637,1,45,0
1990,70,2,0,0,0,0,327,3,0,0
1990,58,2,2,0,0,0,313,5,0,0
1990,71,1,0,0,0,0,0,0,0,0
1990,70,2,0,0,0,0,0,0,0,0
1990,70,1,0,0,0,0,0,0,0,0
1990,65,2,0,0,0,0,0,0,0,0
1990,39,2,2,0,0,1,405,4,0,0
1990,23,2,0,0,0,0,466,5,0,0
1990,34,1,0,0,0,0,577,0,40,0
1990,40,2,2,0,0,1,203,5,40,0
1990,45,1,3,0,0,1,174,5,50,0
1990,73,1,2,0,0,0,0,0,0,0
1990,49,2,2,0,0,0,22,5,40,0
1990,28,1,1,0,0,0,566,0,40,0
1990,24,2,1,0,0,0,804,3,40,0
1990,77,2,3,0,0,0,0,0,0,0
1990,55,1,0,0,0,0,783,4,40,0
1990,55,2,0,0,0,0,337,4,45,0
1990,32,2,0,0,0,1,22,1,40,0
1990,35,1,0,0,0,0,22,2,40,0
1990,46,1,0,0,0,1,156,5,40,1
1990,46,2,0,0,0,1,313,4,40,0
1990,70,2,3,0,0,0,434,3,0,0
1990,44,1,0,0,0,0,804,2,52,1
1990,39,2,0,0,0,0,256,1,40,0
1990,18,2,1,0,0,0,436,3,14,0
1990,32,1,2,0,0,0,496,0,50,0
1990,19,1,1,0,0,0,759,1,40,0
1990,37,2,2,0,0,1,737,1,40,0
1990,36,1,0,0,0,1,549,1,40,0
1990,32,2,0,0,0,0,683,1,30,0
1990,39,1,0,0,0,1,628,2,50,1
1990,34,2,0,0,0,1,466,5,40,0
1990,18,2,1,0,0,0,406,4,4,0
1990,30,2,0,0,0,1,23,3,40,0
1990,32,1,0,0,0,0,558,0,45,0
1990,20,1,0,0,0,1,689,1,40,0
1990,19,2,0,0,0,1,243,3,25,0
1990,44,2,2,0,0,0,313,3,40,0
1990,55,1,0,0,0,0,229,5,40,0
1990,49,2,0,0,0,0,313,5,0,0
1990,27,1,1,0,0,1,22,1,40,0
1990,37,1,0,0,0,0,453,1,70,0
1990,33,2,0,0,0,1,466,5,50,0
1990,44,1,0,0,2,0,558,0,55,0
1990,45,2,0,0,0,0,434,3,40,0
1990,22,1,1,0,0,1,56,1,35,0
1990,23,1,1,0,0,1,56,1,40,0
1990,28,1,0,0,0,1,686,3,46,0
1990,28,2,0,0,0,1,458,4,23,0
1990,67,2,3,0,0,1,264,3,35,0
1990,26,1,0,0,0,1,253,4,50,0
1990,27,2,0,0,0,1,277,3,24,0
1990,74,2,3,0,0,0,0,0,0,0
1990,44,2,2,0,0,0,683,1,32,0
1990,26,2,1,0,0,1,207,5,50,0
1990,29,1,2,0,0,1,207,5,50,0
1990,34,2,1,0,0,1,426,2,45,0
1990,74,2,3,0,0,0,276,3,40,0
1990,74,1,0,0,0,0,453,4,0,0
1990,37,1,0,0,0,1,178,5,45,1
1990,40,2,0,0,0,1,104,5,40,0
1990,68,1,0,0,0,1,259,3,44,1
1990,68,2,0,0,0,1,0,0,0,0
1990,50,1,0,0,0,1,415,5,40,0
1990,41,2,0,0,0,1,389,5,40,0
1990,19,2,1,0,0,1,348,2,20,0
1990,39,2,3,0,0,1,27,6,40,0
1990,19,1,1,0,0,1,276,3,0,0
1990,33,1,1,0,0,0,777,1,48,0
1990,80,2,3,0,0,0,0,0,0,0
1990,66,1,0,0,0,0,418,6,40,0
1990,64,2,0,0,0,0,335,3,20,0
1990,53,1,0,0,0,0,453,5,35,0
1990,52,2,0,0,0,0,276,3,40,0
1990,67,1,0,0,0,0,0,0,0,0
1990,68,2,0,0,0,0,0,0,0,0
1990,41,2,2,0,0,1,436,5,40,0
1990,21,1,1,0,0,0,274,3,30,0
1990,41,1,0,0,0,0,355,2,40,0
1990,41,2,0,0,0,0,379,4,28,0
1990,18,1,1,0,0,0,889,1,25,0
1990,49,1,0,0,0,1,475,0,50,0
1990,49,2,0,0,0,1,25,4,40,0
1990,78,1,1,0,0,0,479,0,40,0
1990,34,1,0,0,0,1,227,6,40,0
1990,34,2,0,0,0,1,156,5,16,0
1990,72,2,1,0,0,0,799,5,0,0
1990,62,1,0,0,0,0,804,2,60,0
1990,58,2,0,0,0,0,785,1,40,0
1990,27,1,0,0,0,0,567,0,45,0
1990,28,2,0,0,0,0,466,5,50,0
1990,60,1,2,0,0,0,804,0,50,1
1990,48,2,3,0,0,1,257,4,0,0
1990,77,1,2,1,0,0,0,0,0,0
1990,65,1,0,0,0,0,0,0,0,0
1990,63,2,0,0,0,0,277,3,0,0
1990,38,1,0,0,0,1,418,6,40,0
1990,30,2,0,0,0,1,889,1,40,0
1990,42,1,0,0,0,1,53,5,40,0
1990,41,2,0,0,0,1,156,5,40,0
1990,43,1,0,0,0,0,529,2,52,0
1990,43,2,0,0,0,0,95,5,30,0
1990,19,1,1,0,0,1,877,3,23,0
1990,51,1,2,0,0,1,734,1,45,0
1990,69,1,0,0,0,0,0,0,0,0
1990,80,2,0,3,0,0,0,0,0,0
1990,76,2,0,0,0,0,0,0,0,0
1990,30,1,0,0,0,1,514,4,40,0
1990,30,2,0,0,0,1,313,5,47,0
1990,32,1,2,0,0,0,243,3,60,0
1990,30,2,2,0,0,0,426,3,24,0
1990,39,1,0,0,0,0,486,0,40,0
1990,37,2,0,0,0,1,379,2,40,0
1990,69,1,0,0,0,0,0,0,0,0
1990,68,2,0,0,0,0,0,0,0,0
1990,34,1,2,0,0,0,567,0,45,0
1990,75,2,3,0,0,0,0,0,0,0
1990,39,1,0,0,0,0,549,1,40,0
1990,36,2,0,0,0,1,329,5,39,0
1990,51,1,0,0,0,0,22,0,40,0
1990,51,2,0,0,0,1,156,5,8,0
1990,55,1,2,0,0,1,453,4,45,0
1990,73,1,0,0,0,0,486,0,2,0
1990,70,2,0,0,0,0,453,1,7,0
1990,32,2,1,0,0,0,796,1,40,0
1990,39,1,0,0,0,1,696,1,45,0
1990,48,2,0,0,0,1,157,5,50,0
1990,42,1,0,0,0,1,336,1,40,0
1990,43,2,0,0,0,1,208,5,30,0
1990,23,1,1,0,0,1,877,3,20,0
1990,43,1,0,0,0,1,453,1,40,0
1990,37,2,0,0,0,0,268,3,25,0
1990,39,1,0,0,0,0,785,1,40,0
1990,36,2,0,0,0,0,313,4,33,0
1990,59,1,0,0,0,0,804,1,52,0
1990,58,2,0,0,0,0,888,1,40,0
1990,41,1,0,0,0,0,486,5,42,0
1990,40,2,0,0,0,1,95,5,40,0
1990,71,2,3,0,0,0,436,3,0,0
1990,72,1,0,0,0,0,0,0,0,0
1990,67,2,0,0,0,0,0,0,0,0
1990,58,1,3,0,0,1,355,2,0,0
1990,54,1,0,0,0,1,22,1,50,0
1990,51,2,0,0,0,1,95,5,50,0
1990,28,1,1,0,0,1,634,1,55,0
1990,47,1,0,0,0,1,22,3,45,1
1990,46,2,0,0,0,1,156,5,8,0
1990,19,1,1,0,0,1,194,0,20,0
1990,66,1,0,0,0,1,0,0,0,0
1990,67,2,0,0,0,1,315,6,20,0
1990,23,1,1,0,0,1,157,5,40,0
1990,59,1,1,0,0,0,0,0,0,0
1990,74,2,2,0,0,0,0,0,0,0
1990,46,1,0,0,0,1,473,0,40,0
1990,32,2,0,0,0,0,0,0,0,0
1990,59,1,3,0,0,0,479,0,0,0
1990,28,1,1,0,0,0,473,0,30,0
1990,26,1,2,0,0,0,479,0,60,0
1990,66,1,0,0,0,0,785,1,0,0
1990,60,2,0,0,0,0,0,0,0,0
1990,27,2,1,0,0,1,736,1,40,0
1990,24,1,0,0,0,0,668,1,40,0
1990,24,2,0,0,0,0,435,5,0,0
1990,41,1,0,0,0,0,909,6,0,0
1990,36,2,0,0,0,0,407,4,30,0
1990,45,1,0,3,3,0,436,3,50,0
1990,40,2,0,3,4,1,159,5,20,0
1990,19,2,1,3,3,1,313,5,15,0
1990,21,2,1,0,0,1,385,1,40,0
1990,36,2,1,0,0,1,156,5,40,0
1990,79,2,3,0,0,1,0,0,0,0
1990,72,1,0,0,0,0,549,0,35,0
1990,68,2,0,0,0,1,777,3,6,0
1990,46,2,1,0,0,1,379,6,47,0
1990,77,2,3,0,0,0,0,0,0,0
1990,55,1,0,0,0,0,785,1,40,0
1990,54,2,0,0,0,0,389,5,0,0
1990,23,1,1,0,0,1,257,4,40,0
1990,46,1,0,0,0,1,23,3,40,0
1990,46,2,0,0,0,0,337,5,40,0
1990,21,2,1,0,0,1,435,3,20,0
1990,23,2,1,0,0,1,379,4,20,0
1990,68,1,0,0,0,0,0,0,0,0
1990,72,2,0,0,0,0,0,0,0,0
1990,60,1,0,0,0,1,777,1,40,0
1990,53,2,0,0,0,0,444,5,25,0
1990,50,1,0,0,0,1,5,6,40,0
1990,46,2,0,0,0,0,376,5,6,0
1990,65,1,0,0,0,0,473,0,30,0
1990,65,2,0,0,0,0,0,0,0,0
1990,60,2,3,0,0,0,379,4,20,0
1990,40,1,0,0,0,1,585,0,40,0
1990,38,2,0,0,0,1,327,2,40,0
1990,79,1,0,0,0,0,0,0,0,0
1990,72,2,0,0,0,0,0,0,0,0
1990,23,1,1,0,0,1,453,5,40,0
1990,63,1,0,0,0,1,259,1,40,0
1990,53,2,0,0,0,1,313,1,40,1
1990,18,1,0,0,0,0,593,0,30,0
1990,19,2,0,0,0,0,313,1,10,0
1990,19,1,1,0,0,1,274,5,20,0
1990,60,1,0,0,0,0,889,1,0,0
1990,55,2,0,0,0,0,435,3,20,0
1990,21,1,1,0,0,0,883,2,40,0
1990,33,1,0,0,0,1,216,0,40,0
1990,31,2,0,0,0,1,0,0,0,0
1990,20,2,1,0,0,1,174,4,30,0
1990,40,1,0,0,0,1,523,4,40,0
1990,43,2,0,0,0,0,27,6,40,0
1990,18,1,1,0,0,0,785,3,32,0
1990,70,1,0,0,0,1,185,3,18,0
1990,66,2,0,0,0,1,186,5,7,0
1990,27,1,1,0,0,1,75,5,40,0
1990,66,1,0,0,0,0,0,0,0,0
1990,63,2,0,0,0,1,313,4,40,0
1990,40,2,1,0,0,1,21,6,40,0
1990,68,2,3,0,0,0,0,0,0,0
1990,37,1,0,0,0,1,184,1,40,0
1990,32,2,0,0,0,1,206,5,42,0
1990,59,1,0,0,0,1,355,2,40,0
1990,58,2,0,0,0,0,0,0,0,0
1990,43,1,0,0,0,0,754,1,50,0
1990,41,2,0,0,0,0,888,1,38,0
1990,18,1,1,0,0,0,444,3,27,0
1990,74,1,0,0,0,0,0,0,0,0
1990,60,2,0,0,0,0,0,0,0,0
1990,39,1,2,0,0,0,637,1,40,0
1990,42,1,0,0,0,0,417,6,75,0
1990,41,2,0,0,0,0,185,3,10,0
1990,18,1,1,0,0,0,436,3,28,0
1990,46,2,2,0,0,1,34,5,40,0
1990,44,1,0,0,0,0,507,1,40,0
1990,43,2,0,0,0,0,436,4,35,0
1990,19,2,1,0,0,0,406,4,16,0
1990,60,2,0,0,0,1,95,5,20,0
1990,60,1,0,0,0,1,305,6,40,0
1990,27,1,1,1,0,0,447,5,40,0
1990,25,1,1,1,0,0,447,4,7,0
1990,28,1,0,0,0,1,257,5,40,1
1990,27,2,0,0,0,1,206,5,16,0
1990,67,1,0,0,0,0,0,0,0,0
1990,64,2,0,0,0,0,0,0,0,0
1990,75,1,0,0,0,0,0,0,0,0
1990,69,2,0,0,0,0,0,0,0,0
1990,31,1,1,0,0,0,357,4,39,0
1990,63,2,0,0,0,1,95,5,3,0
1990,66,1,0,0,0,1,178,5,48,1
1990,37,2,2,0,0,0,379,3,32,0
1990,34,2,1,1,0,1,375,4,40,0
1990,25,2,1,1,0,0,888,1,48,0
1990,52,1,0,0,0,0,73,1,48,0
1990,46,2,0,0,0,1,365,5,46,0
1990,19,1,1,0,0,0,869,0,50,0
1990,28,1,2,0,0,0,804,2,40,0
1990,25,1,1,0,0,0,779,1,48,0
1990,68,1,0,0,0,0,779,2,40,0
1990,67,2,0,0,0,0,313,6,15,0
1990,32,1,1,0,0,0,453,3,40,0
1990,77,1,3,0,0,0,579,4,3,0
1990,40,1,0,0,0,1,383,4,37,0
1990,32,2,0,0,0,0,276,3,27,0
1990,76,1,0,0,0,0,479,0,40,0
1990,74,2,0,0,0,0,0,0,0,0
1990,57,1,0,0,0,1,22,1,50,1
1990,57,2,0,0,0,0,0,0,0,0
1990,48,1,0,0,0,1,218,0,40,0
1990,51,2,0,0,0,0,436,5,25,0
1990,35,1,0,0,0,1,804,6,40,0
1990,33,2,0,0,0,1,435,3,20,0
1990,25,1,1,0,0,1,243,3,40,0
1990,26,1,2,0,0,1,243,3,75,0
1990,59,2,3,0,0,0,21,5,30,0
1990,64,1,0,0,0,0,453,1,0,0
1990,65,2,0,0,0,0,0,0,0,0
1990,35,2,1,0,0,0,0,0,0,0
1990,75,2,3,0,0,0,0,0,0,0
1990,42,1,0,3,3,1,785,1,40,0
1990,42,2,0,3,4,0,468,5,0,0
1990,19,2,1,3,3,1,889,1,40,0
1990,18,1,1,3,3,0,479,0,60,0
1990,20,2,1,3,3,1,385,1,40,0
1990,36,1,0,0,0,1,424,6,40,0
1990,41,2,0,0,0,0,156,5,7,0
1990,19,1,1,0,0,0,889,0,30,0
1990,65,1,0,0,0,0,804,3,20,0
1990,68,2,0,0,0,0,0,0,0,0
1990,52,1,0,0,0,1,154,5,65,0
1990,47,2,0,0,0,1,274,3,17,0
1990,40,2,3,1,0,1,156,5,35,0
1990,64,1,0,0,0,1,563,1,40,0
1990,58,2,0,0,0,1,779,1,0,0
1990,49,1,0,0,0,1,696,1,40,0
1990,45,2,0,0,0,1,217,1,0,0
1990,70,2,3,0,0,0,0,0,0,0
1990,43,1,3,0,0,1,253,4,40,1
1990,66,2,2,0,0,1,23,6,32,0
1990,76,1,1,0,0,0,473,0,40,0
1990,72,1,1,0,0,0,473,0,40,0
1990,26,2,2,0,0,0,435,3,25,0
1990,50,2,3,0,0,0,0,0,0,0
1990,24,1,2,0,0,0,505,4,40,0
1990,69,1,0,0,0,0,0,0,0,0
1990,68,2,0,0,0,0,0,0,0,0
1990,39,1,0,0,0,1,804,2,60,0
1990,33,2,0,0,0,1,0,0,0,0
1990,55,2,3,0,0,0,276,3,24,0
1990,19,1,1,0,0,0,804,3,32,0
1990,79,2,3,0,0,0,0,0,0,0
1990,55,1,0,0,0,0,22,0,40,1
1990,55,2,0,0,0,1,157,5,40,0
1990,75,1,0,0,0,0,0,0,0,0
1990,68,2,0,0,0,0,0,0,0,0
1990,57,1,0,3,3,0,849,1,40,0
1990,51,2,0,3,3,0,744,1,40,0
1990,18,1,1,3,3,0,435,3,13,0
1990,27,1,0,0,0,0,423,6,40,0
1990,28,2,0,0,0,0,877,3,30,0
1990,25,1,1,0,0,1,259,3,30,0
1990,63,2,0,0,0,0,275,4,40,0
1990,67,1,0,0,0,0,0,0,0,0
1990,54,2,2,0,0,0,748,4,80,0
1990,52,1,2,0,0,0,748,4,80,0
1990,28,2,2,0,0,0,379,5,40,0
1990,33,1,2,0,0,0,505,3,48,0
1990,67,2,3,0,0,1,0,0,0,0
1990,40,1,0,0,0,1,628,1,50,1
1990,39,2,0,0,0,1,877,1,37,0
1990,28,1,2,0,0,0,804,2,45,0
1990,26,2,2,0,0,0,383,4,40,0
1990,54,2,1,0,0,0,0,0,0,0
1990,24,1,1,0,0,0,364,1,36,0
1990,78,1,0,0,0,0,18,4,40,0
1990,74,2,0,0,0,0,18,4,40,0
1990,39,1,0,0,0,0,804,2,40,0
1990,35,2,0,0,0,1,95,5,40,0
1990,41,1,0,0,0,0,804,3,30,0
1990,39,2,0,0,0,0,433,3,40,0
1990,70,2,3,0,0,0,0,0,0,0
1990,54,1,0,0,0,0,473,0,70,0
1990,51,2,0,0,0,0,473,0,56,0
1990,58,1,0,0,0,0,263,3,66,0
1990,52,2,0,0,0,1,313,5,40,0
1990,39,1,0,0,0,0,22,0,62,0
1990,35,2,0,0,0,1,95,5,40,0
1990,21,1,0,0,0,0,785,1,55,0
1990,18,2,0,0,0,0,447,5,30,0
1990,61,1,0,0,0,0,804,2,60,0
1990,63,2,0,0,0,0,0,0,0,0
1990,51,1,0,0,0,1,709,1,75,0
1990,48,2,0,0,0,1,95,5,12,0
1990,51,1,0,0,0,0,63,6,40,0
1990,46,2,0,0,0,0,484,3,40,0
1990,64,1,0,0,0,0,475,0,60,0
1990,66,2,0,0,0,0,0,0,0,0
1990,53,2,2,0,0,0,447,5,22,0
1990,45,1,0,0,0,1,25,4,58,0
1990,42,2,0,0,0,1,156,5,0,0
1990,30,1,0,0,0,0,877,3,40,0
1990,29,2,0,0,0,0,17,3,55,0
1990,27,1,0,0,0,0,855,1,40,0
1990,25,2,0,0,0,0,777,1,40,0
1990,74,1,0,0,0,0,0,0,0,0
1990,80,2,0,0,0,0,0,0,0,0
1990,45,1,0,0,0,0,554,0,40,0
1990,39,2,0,0,0,1,95,5,40,0
1990,18,1,1,0,0,0,436,3,20,0
1990,32,2,2,0,0,0,785,1,0,0
1990,61,1,0,0,0,0,843,2,48,0
1990,59,2,0,0,0,1,0,0,0,0
1990,41,1,0,0,0,1,804,2,50,0
1990,43,2,0,0,0,0,754,1,0,0
1990,36,2,3,0,0,0,21,5,40,0
1990,55,2,0,0,0,0,447,5,40,0
1990,43,1,2,0,0,1,22,4,65,0
1990,79,2,3,0,0,0,0,0,0,0
1990,64,1,0,0,0,0,0,0,0,0
1990,64,2,0,0,0,0,453,6,0,0
1990,73,2,3,0,0,0,407,4,48,0
1990,76,2,3,0,0,0,0,0,0,0
1990,59,1,0,0,0,0,56,1,60,0
1990,57,2,0,0,0,0,444,5,40,0
1990,22,2,1,0,0,1,447,5,50,0
1990,55,1,1,0,0,0,785,1,40,0
1990,49,2,1,0,0,0,435,3,39,0
1990,43,1,0,0,0,1,22,4,50,1
1990,36,2,0,0,0,1,313,6,0,0
1990,37,1,0,0,0,1,647,3,50,0
1990,36,2,0,0,0,1,274,3,0,0
1990,53,1,0,0,0,0,473,0,50,0
1990,51,2,0,0,0,0,473,0,50,0
1990,26,1,3,0,0,1,156,5,70,0
1990,29,1,0,0,0,0,479,0,57,0
1990,26,2,0,0,0,0,447,5,0,0
1990,29,2,2,0,0,0,156,5,20,0
1990,59,1,0,0,0,0,22,4,40,0
1990,50,2,0,0,0,1,313,4,25,0
1990,56,1,0,0,0,0,473,0,60,0
1990,53,2,0,0,0,0,0,0,0,0
1990,28,1,1,0,0,0,0,0,0,0
1990,26,1,1,0,0,1,575,0,40,0
1990,75,2,3,0,0,0,0,0,0,0
1990,26,1,1,0,0,0,617,0,60,0
1990,50,1,0,0,0,1,157,5,50,0
1990,45,2,0,0,0,1,383,4,35,0
1990,36,1,0,0,0,1,243,3,50,0
1990,36,2,0,0,0,1,458,4,30,0
1990,74,1,0,0,0,1,866,0,32,0
1990,68,2,0,0,0,1,175,5,30,0
1990,55,1,0,0,0,1,154,5,40,0
1990,57,2,0,0,0,1,156,5,40,0
1990,34,2,0,0,0,0,785,1,40,0
1990,39,1,0,0,0,1,567,2,40,0
1990,74,2,3,0,0,1,313,3,40,0
1990,46,1,1,0,0,1,0,0,0,0
1990,32,1,0,0,0,1,84,5,78,1
1990,31,2,0,0,0,1,677,3,7,0
1990,61,1,0,0,0,0,869,0,45,0
1990,47,2,0,0,0,1,22,5,40,0
1990,32,1,0,0,0,0,844,0,50,0
1990,33,2,0,0,0,1,313,5,40,0
1990,19,1,1,0,0,1,579,5,40,0
1990,36,1,0,0,0,1,159,5,44,0
1990,35,2,0,0,0,1,159,5,40,0
1990,33,2,1,0,0,0,444,5,40,0
1990,80,2,3,0,0,0,0,0,0,0
1990,32,1,0,0,0,1,517,3,49,0
1990,28,2,0,0,0,1,276,3,15,0
1990,53,1,0,0,0,0,804,3,40,0
1990,48,2,0,0,0,1,276,3,40,0
1990,22,1,1,0,0,1,514,4,40,0
1990,19,1,1,0,0,1,436,3,35,0
1990,78,1,0,0,0,0,473,0,20,0
1990,77,2,0,0,0,0,0,0,0,0
1990,76,2,3,0,0,0,0,0,0,0
1990,27,1,0,0,0,1,637,1,52,0
1990,26,2,0,0,0,1,319,5,40,0
1990,22,1,0,0,0,0,475,0,40,0
1990,67,1,0,0,0,0,887,4,29,0
1990,60,2,0,0,0,0,407,4,3,0
1990,62,1,0,0,0,0,473,0,50,0
1990,59,2,0,0,0,0,785,1,40,0
1990,61,1,0,0,0,0,453,3,55,0
1990,52,2,0,0,0,0,453,3,80,0
1990,27,2,1,0,0,1,195,1,40,0
1990,46,1,0,0,0,1,268,3,60,0
1990,43,2,0,0,0,0,313,5,40,0
1990,54,1,0,0,0,0,0,0,0,0
1990,63,2,0,0,0,1,95,5,7,0
1990,75,1,0,0,0,0,479,0,40,0
1990,73,2,0,0,0,0,453,0,40,0
1990,75,2,3,0,0,0,0,0,0,0
1990,26,1,1,0,0,0,0,0,0,0
1990,71,2,3,0,0,0,0,0,0,0
1990,67,1,0,0,0,1,479,0,0,0
1990,58,2,0,0,0,0,313,5,40,0
1990,57,1,0,0,0,0,589,0,48,0
1990,52,2,0,0,0,0,14,5,30,0
1990,42,1,0,0,0,0,514,4,50,0
1990,42,2,0,0,0,0,364,3,40,0
1990,32,2,0,0,0,0,796,1,40,0
1990,29,1,0,3,0,0,779,1,40,0
1990,28,1,0,0,0,1,243,3,50,1
1990,26,2,0,0,0,1,157,5,32,0
1990,33,1,0,0,0,1,473,0,40,0
1990,31,2,0,0,0,1,436,3,27,0
1990,55,1,0,0,0,0,0,0,0,0
1990,50,2,0,0,0,0,0,0,0,0
1990,58,1,0,0,0,0,473,0,40,0
1990,57,2,0,0,0,0,666,3,40,0
1990,79,2,3,0,0,0,0,0,0,0
1990,54,1,0,0,0,0,22,2,45,0
1990,56,2,0,0,0,0,0,0,0,0
1990,57,2,0,0,0,0,779,1,40,0
1990,63,1,0,0,0,1,0,0,0,0
1990,70,2,3,0,0,1,0,0,0,0
1990,80,2,3,0,0,0,0,0,0,0
1990,43,1,0,0,0,1,22,2,45,0
1990,40,2,0,0,0,1,337,5,1,0
1990,63,1,1,0,0,0,479,0,45,0
1990,75,2,3,0,0,0,436,5,0,0
1990,42,1,2,0,0,0,64,2,45,0
1990,43,1,0,0,0,0,259,1,44,0
1990,40,2,0,0,0,0,466,5,30,0
1990,23,1,1,0,0,0,795,1,60,0
1990,78,2,3,0,0,0,0,0,0,0
1990,75,1,0,0,0,0,0,0,0,0
1990,68,2,0,0,0,0,0,0,0,0
1990,74,2,1,0,0,0,0,0,0,0
1990,58,1,0,0,0,0,529,2,40,0
1990,56,2,0,0,0,0,447,5,16,0
1990,21,2,1,0,0,0,0,0,0,0
1990,18,1,1,0,0,0,276,3,18,0
1990,68,1,0,0,0,0,0,0,0,0
1990,66,2,0,0,0,0,0,0,0,0
1990,27,1,0,0,0,1,783,1,40,0
1990,26,2,0,0,0,0,376,1,37,0
1990,50,1,1,0,0,0,0,0,0,0
1990,52,1,2,0,0,0,856,0,55,0
1990,38,1,1,0,0,0,523,2,48,0
1990,79,2,0,0,0,1,0,0,0,0
1990,36,1,2,0,0,1,243,3,60,0
1990,74,1,0,0,0,0,0,0,0,0
1990,69,2,0,0,0,0,686,1,0,0
1990,46,2,0,0,0,0,276,5,20,0
1990,43,1,0,0,0,0,563,0,40,0
1990,24,1,1,0,0,1,567,0,40,0
1990,36,2,3,0,0,1,203,2,20,0
1990,47,2,2,0,0,1,436,5,40,0
1990,55,1,0,0,0,0,804,1,40,0
1990,52,2,0,0,0,0,337,0,25,0
1990,42,2,2,0,0,0,276,3,55,0
1990,57,1,0,0,0,0,243,3,45,0
1990,54,2,0,0,0,0,313,0,30,0
1990,64,1,0,0,0,0,567,0,36,0
1990,65,2,0,0,0,0,0,0,0,0
1990,35,1,1,0,0,1,754,1,50,0
1990,50,1,0,0,0,0,518,1,45,0
1990,48,2,0,0,0,0,0,0,0,0
1990,42,1,0,0,0,0,777,1,40,0
1990,39,2,0,0,0,0,785,1,40,0
1990,20,1,1,0,0,0,276,3,32,0
1990,69,2,3,0,0,0,0,0,0,0
1990,51,2,2,0,0,1,889,3,40,0
1990,35,1,0,0,0,0,448,4,75,0
1990,35,2,0,0,0,1,319,5,40,0
1990,59,2,3,0,0,0,406,4,40,0
1990,51,1,0,0,0,0,856,3,40,0
1990,50,2,0,0,0,0,0,0,0,0
1990,51,1,1,0,0,0,0,0,0,0
1990,51,1,0,0,0,0,637,1,40,0
1990,53,2,0,0,0,0,0,0,0,0
1990,27,1,1,0,0,1,523,3,40,0
1990,37,1,0,0,0,0,327,3,40,0
1990,33,2,0,0,0,1,0,0,0,0
1990,77,2,3,0,0,0,276,5,12,0
1990,22,2,2,0,0,0,313,2,0,0
1990,26,1,0,0,0,0,475,0,60,0
1990,21,2,0,0,0,0,276,3,35,0
1990,37,1,0,0,0,1,473,0,7,0
1990,38,2,0,0,0,1,156,5,24,0
1990,67,1,0,0,0,1,243,3,4,0
1990,66,2,0,0,0,1,0,0,0,0
1990,39,1,0,0,0,0,364,3,40,0
1990,36,2,0,0,0,0,744,1,40,0
1990,44,1,0,0,0,1,259,1,40,0
1990,34,2,0,0,0,0,0,0,0,0
1990,24,2,1,0,0,0,385,4,0,0
1990,31,2,2,0,0,0,383,4,0,0
1990,27,2,1,0,0,1,308,4,40,0
1990,46,2,2,0,0,1,313,5,40,0
1990,31,1,0,0,0,0,744,2,0,0
1990,27,2,0,0,0,0,888,1,40,0
1990,35,1,0,0,0,0,869,2,45,0
1990,38,2,0,0,0,1,709,1,40,0
1990,18,2,1,0,0,0,257,4,25,0
1990,40,2,2,0,0,0,447,5,40,0
1990,19,2,1,0,0,0,276,3,25,0
1990,52,1,2,0,0,0,0,0,0,0
1990,58,1,0,0,0,0,585,1,0,0
1990,59,2,0,0,0,0,264,3,0,0
1990,35,1,2,0,0,1,579,5,40,0
1990,61,1,0,0,0,1,14,5,24,0
1990,58,2,0,0,0,1,0,0,0,0
1990,65,2,2,0,0,1,356,5,4,0
1990,49,1,2,0,0,1,96,3,0,0
1990,18,1,1,0,0,1,436,3,10,0
1990,20,2,1,0,0,1,447,5,40,0
1990,21,2,1,0,0,1,383,4,36,0
1990,37,1,0,0,0,1,274,3,40,0
1990,32,2,0,0,0,1,243,3,48,0
1990,28,1,0,0,0,0,889,1,15,0
1990,26,2,0,0,0,1,156,5,40,0
1990,28,1,2,0,0,0,889,1,40,0
1990,50,1,0,0,0,1,503,1,50,0
1990,50,2,0,0,0,0,337,5,40,0
1990,64,2,0,0,0,1,156,5,3,0
1990,64,1,0,0,0,1,259,3,40,0
1990,26,1,0,0,0,0,453,3,40,0
1990,22,2,0,0,0,0,435,3,35,0
1990,46,1,0,0,0,1,235,2,40,0
1990,43,2,0,0,0,0,313,1,40,0
1990,20,2,1,0,2,1,276,3,20,0
1990,19,2,1,0,0,0,276,3,15,0
1990,48,2,2,0,0,1,303,4,40,0
1990,44,1,0,0,0,1,18,4,60,1
1990,40,2,0,0,0,1,313,3,10,0
1990,53,1,0,0,0,1,479,0,70,0
1990,49,2,0,0,0,1,156,5,40,0
1990,20,1,1,0,0,1,443,3,30,0
1990,41,1,0,0,0,1,804,0,50,0
1990,40,2,0,0,0,1,445,5,30,0
1990,49,1,0,0,0,0,496,1,40,0
1990,31,2,0,0,0,0,785,1,20,0
1990,80,1,0,0,0,1,0,0,0,0
1990,80,2,0,0,0,0,0,0,0,0
1990,26,1,0,0,0,0,889,1,40,0
1990,22,2,0,0,0,0,683,1,30,0
1990,46,2,2,0,0,1,0,0,0,0
1990,49,1,2,0,0,0,496,1,40,1
1990,76,2,3,0,0,0,0,0,0,0
1990,28,1,1,0,0,1,156,5,40,0
1990,27,2,1,0,0,1,22,4,47,0
1990,27,1,0,0,0,1,804,2,50,0
1990,24,2,0,0,0,0,0,0,0,0
1990,55,1,0,0,0,1,423,6,60,1
1990,57,2,0,0,0,0,0,0,0,0
1990,35,2,2,0,0,1,364,3,40,0
1990,52,1,0,0,0,1,22,0,42,0
1990,47,2,0,0,0,1,174,5,4,0
1990,35,1,0,0,0,1,804,0,40,0
1990,34,2,0,0,0,0,804,1,40,0
1990,29,1,0,0,0,0,779,1,40,0
1990,24,2,0,0,0,0,0,0,0,0
1990,73,1,0,0,0,0,0,0,0,0
1990,66,2,0,0,0,1,0,0,0,0
1990,25,2,0,0,0,1,435,3,30,0
1990,25,1,0,0,0,0,436,3,40,0
1990,50,1,0,0,0,1,22,0,40,0
1990,42,2,0,0,0,0,276,3,25,0
1990,18,1,1,0,0,0,436,3,20,0
1990,33,2,1,0,0,1,186,5,10,0
1990,27,2,1,0,0,1,486,0,40,0
1990,48,1,0,0,0,1,243,3,40,0
1990,46,2,0,0,0,0,877,3,32,0
1990,80,2,3,0,2,0,468,5,40,0
1990,50,1,2,0,0,0,883,3,40,0
1990,61,1,0,0,0,1,694,0,50,0
1990,60,2,0,0,0,1,379,2,35,0
1990,61,1,0,0,0,0,0,0,0,0
1990,61,2,0,0,0,0,0,0,0,0
1990,27,1,0,0,0,1,174,5,0,0
1990,28,2,0,0,0,1,23,1,40,0
1990,59,2,3,0,0,0,0,0,0,0
1990,38,1,0,0,0,1,844,2,40,0
1990,35,2,0,0,0,1,319,0,25,0
1990,68,2,3,0,0,0,0,0,0,0
1990,57,1,2,0,0,0,599,0,10,0
1990,40,1,0,0,0,1,418,6,40,0
1990,36,2,0,0,0,1,319,5,40,0
1990,69,2,3,0,0,0,0,0,0,0
1990,64,1,0,0,0,1,783,4,0,0
1990,47,2,0,0,0,0,436,5,30,0
1990,35,1,1,0,0,0,869,0,0,0
1990,36,1,2,0,0,0,634,1,40,0
1990,72,2,0,0,0,1,0,0,0,0
1990,45,1,0,0,0,1,22,5,50,0
1990,44,2,0,0,0,1,156,5,40,0
1990,37,1,0,0,0,0,616,0,40,0
1990,29,2,0,3,0,0,216,5,0,0
1990,37,1,0,0,0,1,5,6,40,0
1990,35,2,0,0,0,1,458,4,40,0
1990,60,1,0,0,0,0,363,0,0,0
1990,50,2,0,0,0,0,383,4,40,0
1990,61,2,3,0,0,0,0,0,0,0
1990,58,2,3,0,0,1,164,5,40,0
1990,50,1,0,0,0,0,544,1,40,0
1990,49,2,0,0,0,1,389,6,8,0
1990,37,2,2,0,0,0,438,3,48,0
1990,31,1,0,0,0,1,87,5,40,0
1990,25,2,0,0,0,0,337,5,20,0
1990,25,1,2,0,0,0,567,0,30,0
1990,61,1,0,0,0,0,473,0,50,0
1990,60,2,0,0,0,0,0,0,0,0
1990,53,1,0,0,0,1,418,6,40,0
1990,51,2,0,0,0,0,337,4,30,0
1990,18,1,1,0,0,0,436,3,25,0
1990,28,1,0,0,0,0,904,6,40,0
1990,23,2,0,0,0,0,276,3,0,0
1990,23,1,1,0,0,0,496,0,50,0
1990,26,1,1,0,0,0,727,1,40,0
1990,21,2,1,0,0,1,447,5,40,0
1990,50,1,2,0,0,1,96,3,0,0
1990,42,2,0,0,0,1,67,5,20,0
1990,40,1,0,0,0,0,95,5,20,0
1990,38,1,0,0,0,0,473,0,40,0
1990,36,2,0,0,0,1,0,0,0,0
1990,45,1,0,3,0,0,0,0,0,0
1990,52,2,0,0,0,1,174,5,40,0
1990,26,1,0,0,0,0,475,0,15,0
1990,22,2,0,0,0,0,447,5,0,0
1990,52,1,0,0,0,0,804,2,50,0
1990,46,2,0,0,0,0,0,0,0,0
1990,52,1,0,0,0,0,804,0,45,0
1990,49,2,0,0,0,0,379,3,40,0
1990,22,1,1,0,0,1,509,3,40,0
1990,18,2,1,0,0,0,0,0,0,0
1990,25,1,1,0,0,1,804,4,40,0
1990,66,1,0,0,0,1,316,6,52,0
1990,42,2,0,0,0,1,274,3,17,0
1990,31,1,2,0,0,0,316,6,0,0
1990,63,2,3,0,0,0,453,4,35,0
1990,56,1,0,0,0,0,644,1,40,0
1990,60,2,0,0,0,0,0,0,0,0
1990,67,2,2,0,0,1,0,0,0,0
1990,43,1,0,0,0,1,766,1,40,0
1990,56,2,0,0,0,1,156,5,40,0
1990,49,1,0,0,0,0,453,5,40,0
1990,44,2,0,0,0,0,453,5,30,0
1990,33,1,0,0,0,0,637,1,40,0
1990,47,2,0,0,0,0,449,5,4,0
1990,21,1,1,0,0,0,889,1,40,0
1990,62,1,0,0,0,0,22,0,60,0
1990,61,2,0,0,0,0,0,0,0,0
1990,61,1,0,0,0,0,243,3,60,0
1990,60,2,0,0,0,0,447,5,56,0
1990,51,1,0,0,0,0,804,2,40,0
1990,47,2,0,0,0,0,313,2,40,0
1990,21,1,1,0,0,0,257,4,40,0
1990,71,2,3,0,0,0,0,0,0,0
1990,49,2,1,0,0,1,423,6,40,0
1990,24,1,1,0,0,1,783,2,40,1
1990,20,1,1,0,0,1,869,0,50,0
1990,36,2,2,0,0,0,453,4,0,0
1990,52,1,0,0,0,0,804,1,50,0
1990,45,2,0,0,0,0,0,0,0,0
1990,36,2,2,0,0,1,207,5,40,0
1990,55,2,2,0,0,0,444,5,40,0
1990,49,2,3,0,0,0,0,0,0,0
1990,71,2,3,0,0,0,0,0,0,0
1990,76,2,3,0,0,0,0,0,0,0
1990,65,1,2,1,0,0,804,0,0,0
1990,29,1,0,0,0,0,727,3,40,0
1990,28,2,0,0,0,0,17,3,35,0
1990,22,1,1,0,0,1,243,3,30,0
1990,40,1,2,0,0,0,259,3,80,0
1990,55,1,0,0,0,0,357,4,40,0
1990,51,2,0,0,0,0,383,4,40,0
1990,35,1,0,0,0,1,757,1,48,0
1990,33,2,0,0,0,1,0,0,0,0
1990,32,1,0,0,0,1,418,6,40,1
1990,37,2,0,3,3,1,313,6,25,0
1990,40,1,0,0,0,0,505,4,40,0
1990,37,2,0,0,0,0,0,0,0,0
1990,42,1,1,0,0,1,757,1,25,0
1990,41,1,2,2,1,0,889,1,45,0
1990,23,1,0,0,0,0,595,0,40,0
1990,22,2,0,0,0,0,436,3,25,0
1990,61,2,3,0,0,0,27,1,0,0
1990,59,1,0,0,0,0,533,4,42,0
1990,55,2,0,0,0,0,337,3,40,0
1990,69,2,3,0,0,0,0,0,0,0
1990,52,1,0,0,0,1,779,1,45,0
1990,50,2,0,0,0,0,488,0,20,0
1990,64,1,0,0,0,1,567,0,40,0
1990,59,2,0,0,0,1,156,5,0,0
1990,44,1,0,0,0,0,485,6,40,0
1990,47,2,0,0,0,1,0,0,0,0
1990,75,1,1,0,0,0,0,0,0,0
1990,40,1,0,0,0,0,628,1,45,0
1990,40,2,0,0,0,1,453,0,0,0
1990,30,1,0,2,1,0,686,1,40,0
1990,22,2,0,2,1,0,488,3,0,0
1990,46,1,0,0,0,1,575,1,40,0
1990,42,2,0,0,0,0,796,1,40,0
1990,64,2,3,0,0,0,0,0,0,0
1990,22,2,3,0,0,0,479,0,36,0
1990,47,1,0,0,0,1,167,0,40,1
1990,37,2,0,0,0,1,473,0,40,0
1990,28,1,0,0,0,1,227,6,32,0
1990,27,2,0,0,0,1,308,4,50,0
1990,61,1,3,0,0,0,766,3,44,0
1990,76,1,3,2,0,0,0,0,0,0
1990,60,1,0,0,0,1,475,0,70,1
1990,51,2,0,0,0,1,475,0,70,0
1990,24,1,1,0,0,0,453,5,40,0
1990,19,2,1,0,0,0,888,3,40,0
1990,74,1,0,0,0,0,804,2,40,0
1990,65,2,0,0,0,0,0,0,0,0
1990,67,1,0,2,0,0,804,0,0,0
1990,64,2,0,2,0,0,479,0,0,0
1990,28,1,0,2,0,0,883,1,30,0
1990,22,2,0,0,0,0,444,3,40,0
1990,24,1,0,0,0,0,804,1,45,0
1990,23,2,0,0,0,1,386,4,43,0
1990,33,1,0,0,0,0,263,3,40,0
1990,31,2,0,0,0,0,337,3,10,0
1990,58,1,0,0,0,0,804,3,40,0
1990,53,2,0,0,0,0,0,0,0,0
1990,74,1,0,0,0,0,475,0,24,0
1990,69,2,0,0,0,0,0,0,0,0
1990,43,1,2,0,0,1,23,0,45,0
1990,33,1,0,0,0,1,495,0,50,0
1990,31,2,0,0,0,1,435,3,16,0
1990,77,2,3,0,0,1,0,0,0,0
1990,48,2,0,0,0,1,157,5,0,0
1990,47,1,0,0,0,1,208,5,45,0
1990,21,1,0,0,0,1,479,0,45,0
1990,19,2,0,0,0,0,257,2,30,0
1990,74,2,3,0,0,0,0,0,0,0
1990,46,1,0,0,0,0,628,1,40,0
1990,40,2,0,0,0,0,313,1,10,0
1990,69,1,0,0,0,0,159,5,10,0
1990,66,2,0,0,0,0,0,0,0,0
1990,51,1,0,0,0,0,644,1,45,0
1990,60,2,0,0,0,0,0,0,0,0
1990,59,2,1,0,0,1,21,5,40,0
1990,36,2,2,0,0,1,467,5,15,0
1990,56,1,0,0,0,1,43,5,24,0
1990,54,2,0,0,0,0,264,3,38,0
1990,25,1,1,0,0,0,579,0,20,0
1990,23,2,1,3,0,0,276,4,40,0
1990,50,1,1,0,0,0,0,0,0,0
1990,45,2,2,0,0,0,667,3,25,0
1990,19,1,1,0,0,0,274,3,35,0
1990,38,1,0,0,0,1,64,1,45,0
1990,37,2,0,0,0,1,315,3,5,0
1990,42,2,2,0,0,1,27,6,40,0
1990,19,2,1,0,0,1,23,1,20,0
1990,32,1,0,0,0,1,22,2,60,0
1990,32,2,0,0,0,1,85,5,24,0
1990,57,1,0,0,0,0,883,2,42,0
1990,60,2,0,0,0,0,436,3,20,0
1990,51,1,0,0,0,0,18,4,30,0
1990,54,2,0,0,0,0,18,4,10,0
1990,25,1,1,0,0,0,759,1,30,0
1990,20,2,1,0,0,0,449,4,35,0
1990,36,1,3,0,0,0,436,5,40,0
1990,39,2,2,0,0,0,677,3,40,0
1990,51,1,0,0,0,1,255,4,40,0
1990,45,2,0,0,0,1,156,5,45,0
1990,61,1,0,0,0,1,804,1,40,0
1990,58,2,0,0,0,0,0,0,0,0
1990,37,2,2,0,2,1,95,5,40,0
1990,45,2,1,0,0,1,84,5,20,0
1990,51,1,3,0,0,0,22,5,40,0
1990,31,1,2,0,0,0,448,4,50,0
1990,42,2,0,0,0,1,156,5,40,0
1990,41,1,0,0,0,1,156,5,40,0
1990,21,1,1,0,0,0,436,3,12,0
1990,18,2,1,0,0,0,438,3,0,0
1990,57,1,0,0,0,0,804,3,70,0
1990,54,2,0,0,0,0,329,5,19,0
1990,23,2,1,0,0,0,777,5,40,0
1990,62,2,3,0,0,0,313,0,40,0
1990,38,1,2,0,0,0,806,3,45,0
1990,28,1,1,0,0,0,453,1,60,0
1990,55,1,0,0,0,1,84,5,40,1
1990,54,2,0,0,0,1,177,5,6,1
1990,37,2,2,0,0,0,337,3,40,0
1990,34,1,0,3,3,1,628,1,50,0
1990,30,2,0,2,0,1,22,1,40,0
1990,75,1,0,0,0,0,276,4,24,0
1990,74,2,0,0,0,0,0,0,0,0
1990,73,1,3,0,0,0,347,4,20,0
1990,33,1,2,0,0,0,507,0,60,0
1990,28,2,1,0,0,1,308,1,40,0
1990,36,1,0,0,0,1,21,5,65,0
1990,29,2,0,0,0,1,379,1,40,0
1990,32,1,0,0,0,1,486,5,40,0
1990,30,2,0,0,0,1,337,3,25,0
1990,51,2,3,0,0,0,444,3,16,0
1990,20,1,1,0,0,0,686,3,40,0
1990,38,1,0,0,0,0,496,6,0,0
1990,35,2,0,0,0,1,436,5,40,0
1990,43,1,0,0,0,1,14,5,40,0
1990,47,2,0,0,0,1,808,2,40,0
1990,21,2,3,0,0,1,208,5,40,0
1990,19,1,3,0,0,0,905,6,40,0
1990,21,1,1,0,0,0,436,3,30,0
1990,35,1,3,0,0,0,417,6,56,0
1990,45,1,0,0,0,1,549,4,40,0
1990,42,2,0,0,0,0,503,4,40,0
1990,34,1,0,1,0,1,686,3,32,0
1990,31,2,0,0,0,0,264,3,0,0
1990,44,2,3,0,0,0,779,1,40,0
1990,38,1,0,0,0,0,687,3,45,0
1990,35,2,0,0,0,0,316,4,40,0
1990,48,1,0,0,0,1,243,3,40,0
1990,32,2,0,0,0,1,313,1,40,0
1990,20,1,1,0,0,1,887,1,60,0
1990,59,1,0,0,0,1,5,6,40,0
1990,59,2,0,0,0,0,156,5,37,0
1990,20,2,1,0,0,1,337,3,30,0
1990,76,2,3,0,0,1,0,0,0,0
1990,68,1,0,0,0,0,0,0,0,0
1990,63,2,0,0,0,0,185,3,0,0
1990,62,1,0,2,0,1,486,5,40,0
1990,62,2,0,2,0,0,453,5,40,0
1990,53,1,2,0,0,1,156,5,55,0
1990,33,1,1,0,0,0,453,0,6,0
1990,18,2,0,3,0,0,486,0,45,0
1990,19,1,0,0,0,0,155,5,0,0
1990,38,1,0,0,0,0,473,0,60,0
1990,33,2,0,0,0,0,0,0,0,0
1990,27,1,2,0,0,1,473,0,50,0
1990,78,1,0,0,0,0,0,0,0,0
1990,60,2,0,0,0,0,0,0,0,0
1990,58,1,0,0,0,0,355,2,30,0
1990,56,2,0,0,0,0,453,5,45,0
1990,44,1,0,0,0,1,17,3,60,0
1990,42,2,0,0,0,1,17,3,99,0
1990,46,1,0,0,0,0,549,4,50,0
1990,43,2,0,0,0,1,387,5,0,0
1990,67,2,3,0,0,1,0,0,0,0
1990,64,1,2,0,0,0,0,0,0,0
1990,32,1,0,0,0,1,773,5,36,0
1990,20,2,0,0,0,1,316,6,40,0
1990,28,1,0,0,0,0,473,0,60,0
1990,25,2,0,0,0,1,804,0,40,0
1990,36,1,0,0,0,1,376,3,40,0
1990,34,2,0,0,0,1,164,5,0,0
1990,65,1,0,0,0,0,579,0,40,0
1990,63,2,0,0,0,1,0,0,0,0
1990,61,1,0,0,0,0,0,0,0,0
1990,41,2,0,0,0,0,877,3,40,0
1990,32,1,3,2,1,0,479,0,60,0
1990,27,1,0,2,1,0,479,0,60,0
1990,35,1,0,2,1,0,479,0,60,0
1990,26,1,0,0,0,0,259,3,54,0
1990,22,2,0,0,0,0,313,3,20,0
1990,53,1,0,0,0,1,453,3,40,0
1990,54,2,0,0,0,0,0,0,0,0
1990,59,2,2,0,0,1,0,0,0,0
1990,62,1,0,0,0,1,628,1,40,0
1990,57,2,0,0,0,0,0,0,0,0
1990,30,1,0,0,0,0,479,0,40,0
1990,30,2,0,0,0,1,677,5,10,0
1990,72,1,3,0,0,0,0,0,0,0
1990,66,2,3,0,0,0,0,0,0,0
1990,48,1,0,0,0,1,156,5,40,0
1990,43,2,0,0,0,0,447,5,8,0
1990,67,1,3,0,0,1,505,4,0,0
1990,51,1,0,0,0,1,473,0,40,0
1990,49,2,0,0,0,1,156,5,40,0
1990,42,1,0,0,0,0,453,3,50,0
1990,37,2,0,0,0,1,337,5,50,0
1990,49,2,2,0,2,0,276,4,30,0
1990,40,2,2,0,0,1,218,5,65,1
1990,56,1,0,0,0,1,254,4,8,1
1990,54,2,0,0,0,1,0,0,0,0
1990,51,1,1,0,0,0,444,4,40,0
1990,33,1,0,0,0,0,804,2,50,0
1990,28,2,0,0,0,1,36,6,40,0
1990,74,1,0,0,0,0,0,0,0,0
1990,72,2,0,0,0,1,0,0,0,0
1990,40,1,0,0,0,1,17,4,50,1
1990,35,2,0,0,0,1,376,4,40,0
1990,35,1,0,0,0,1,59,0,50,0
1990,34,2,0,0,0,1,376,4,16,0
1990,44,1,0,2,1,0,754,2,40,0
1990,37,2,0,2,1,0,368,3,40,0
1990,43,2,0,0,0,0,453,5,40,0
1990,39,1,0,0,0,0,585,3,50,0
1990,49,1,0,0,0,1,5,6,70,0
1990,51,2,0,0,0,0,466,5,45,0
1990,39,1,0,0,0,1,157,5,99,0
1990,39,2,0,0,0,1,453,5,18,0
1990,25,1,2,0,0,0,734,1,40,0
1990,51,1,0,0,0,1,804,3,40,0
1990,51,2,0,0,0,1,313,1,40,0
1990,46,1,0,0,0,1,417,6,56,0
1990,44,2,0,0,0,1,25,5,40,0
1990,20,1,1,0,0,1,567,0,20,0
1990,33,2,0,0,0,1,0,0,0,0
1990,33,1,0,0,0,1,22,5,40,0
1990,36,1,0,0,0,0,418,6,40,0
1990,36,2,0,0,0,1,278,1,45,0
1990,23,1,0,0,0,0,599,0,40,0
1990,20,2,0,0,0,0,276,3,30,0
1990,60,2,2,0,0,0,337,3,45,0
1990,58,1,0,0,0,0,804,1,48,0
1990,53,2,0,0,0,0,436,5,6,0
1990,34,1,0,0,0,0,274,3,70,1
1990,31,2,0,0,0,0,337,3,0,0
1990,52,1,3,0,0,0,544,0,0,0
1990,24,1,0,0,0,1,806,3,12,0
1990,23,2,0,0,0,1,466,5,14,0
1990,73,2,3,0,0,0,0,0,0,0
1990,31,2,1,0,0,1,525,1,40,0
1990,28,1,0,0,0,1,825,2,40,0
1990,30,2,0,0,0,0,466,5,25,0
1990,77,1,0,0,0,0,0,0,0,0
1990,67,2,0,0,0,1,0,0,0,0
1990,39,2,1,0,0,0,0,0,0,0
1990,22,2,1,0,0,1,804,3,45,0
1990,74,1,0,0,0,1,389,6,40,1
1990,71,2,0,0,0,0,0,0,0,0
1990,40,1,1,0,0,1,156,5,35,0
1990,37,1,0,0,0,1,22,1,99,1
1990,37,2,0,0,0,1,97,5,12,0
1990,40,1,0,0,0,0,544,0,40,0
1990,40,2,0,0,0,0,0,0,0,0
1990,19,1,1,0,0,0,479,0,60,0
1990,30,1,0,0,0,1,804,0,60,0
1990,25,2,0,0,0,0,0,0,0,0
1990,60,1,0,0,0,1,195,1,45,1
1990,44,2,0,0,0,1,0,0,0,0
1990,22,2,1,0,0,1,386,4,0,0
1990,20,1,1,0,0,1,486,5,0,0
1990,19,1,1,0,0,1,379,1,40,0
1990,44,1,0,0,0,1,473,0,80,0
1990,43,2,0,0,0,1,156,5,40,0
1990,18,1,1,0,0,0,475,0,25,0
1990,67,1,2,0,0,0,243,3,0,0
1990,39,1,0,0,0,1,84,5,50,1
1990,41,2,0,0,0,1,0,0,0,0
1990,19,1,1,0,0,1,446,5,24,0
1990,34,1,0,0,0,1,157,5,60,0
1990,35,2,0,0,0,1,319,5,20,0
1990,70,1,0,0,0,1,87,5,40,0
1990,58,2,0,0,0,1,0,0,0,0
1990,32,1,0,0,0,1,473,0,11,1
1990,30,2,0,0,0,1,337,0,0,0
1990,38,1,0,0,0,1,804,3,50,0
1990,38,2,0,0,0,1,337,5,10,0
1990,61,1,0,0,0,0,243,3,47,0
1990,57,2,0,0,0,1,274,3,16,0
1990,20,2,2,0,0,0,453,4,20,0
1990,32,2,3,0,0,0,488,0,30,0
1990,29,1,0,0,0,1,167,5,40,0
1990,31,2,0,0,0,1,167,5,20,1
1990,47,1,0,0,0,0,804,3,40,0
1990,43,2,0,0,0,0,477,0,40,0
1990,64,1,0,0,0,1,869,0,40,0
1990,59,2,0,0,0,0,0,0,0,0
1990,32,1,0,0,0,1,274,3,40,0
1990,30,2,0,0,0,0,804,0,50,0
1990,45,1,0,0,0,1,277,3,45,0
1990,39,2,0,0,0,1,21,5,0,0
1990,18,1,1,0,0,1,877,3,20,0
1990,19,2,1,0,2,1,313,5,18,0
1990,78,1,0,0,0,1,0,0,0,0
1990,70,2,0,0,0,0,0,0,0,0
1990,46,1,0,0,0,0,549,4,40,0
1990,50,2,0,0,0,0,453,5,20,0
1990,47,1,0,0,0,1,22,1,40,0
1990,43,2,0,0,0,1,177,5,30,0
1990,67,2,3,0,0,0,313,5,0,0
1990,29,1,0,0,0,0,567,0,40,0
1990,33,2,0,0,0,1,389,4,40,0
1990,56,1,0,0,0,1,157,5,45,0
1990,54,2,0,0,0,1,156,5,45,0
1990,40,2,3,0,0,0,337,5,40,0
1990,49,2,2,0,0,1,319,6,40,0
1990,47,1,0,0,0,1,59,5,40,1
1990,43,2,0,0,0,1,0,0,0,0
1990,40,1,2,0,0,0,889,3,40,0
1990,58,1,0,0,0,1,56,6,45,1
1990,53,2,0,0,0,1,188,1,10,0
1990,52,1,0,3,2,1,22,1,45,0
1990,53,2,0,0,0,1,159,4,40,0
1990,20,1,0,0,0,0,544,1,45,0
1990,19,2,0,0,0,0,734,1,40,0
1990,39,1,0,0,0,0,5,6,50,0
1990,32,2,0,2,1,0,459,5,99,0
1990,54,1,0,0,0,1,479,0,40,0
1990,53,2,0,0,0,1,0,0,0,0
1990,21,2,1,0,0,1,114,5,5,0
1990,30,1,0,0,0,0,505,2,40,0
1990,32,2,0,0,0,1,319,5,20,0
1990,77,1,0,0,0,0,0,0,0,0
1990,76,2,0,0,0,0,0,0,0,0
1990,50,1,0,0,0,0,505,1,0,0
1990,47,2,0,0,0,1,156,5,12,0
1990,66,2,2,0,0,0,799,3,0,0
1990,35,1,0,0,0,1,575,5,50,0
1990,33,2,0,0,0,0,154,5,35,0
1990,41,1,0,0,0,0,869,0,40,0
1990,41,2,0,0,0,1,213,6,40,0
1990,20,2,1,0,0,1,276,3,40,0
1990,54,1,0,0,0,0,479,0,40,0
1990,53,2,0,0,0,0,337,3,40,0
1990,35,2,2,0,0,1,316,6,70,0
1990,63,2,3,0,0,1,473,0,32,0
1990,50,2,2,0,0,1,156,5,40,0
1990,60,1,1,0,0,1,16,2,0,0
1990,76,1,3,0,0,0,0,0,0,0
1990,60,1,0,0,0,0,496,1,40,0
1990,55,2,0,0,0,0,0,0,0,0
1990,67,1,0,0,0,0,259,0,36,0
1990,64,2,0,0,0,0,259,3,30,0
1990,23,1,0,0,1,0,734,1,40,0
1990,37,2,0,0,0,1,159,5,40,0
1990,35,1,0,0,0,1,598,0,70,0
1990,31,2,0,0,0,0,0,0,0,0
1990,71,1,0,0,0,0,475,0,60,0
1990,69,2,0,0,0,0,0,0,0,0
1990,59,1,0,0,0,0,567,0,60,0
1990,56,2,0,0,0,0,0,0,0,0
1990,24,1,0,0,0,1,518,1,80,0
1990,23,2,0,0,0,1,276,3,0,0
1990,52,1,0,0,0,1,22,3,90,0
1990,48,2,0,0,0,1,337,3,40,0
1990,22,1,0,0,0,1,479,0,70,0
1990,21,2,0,0,0,1,269,3,32,0
1990,63,1,0,0,0,1,19,4,48,1
1990,61,2,0,0,0,0,276,3,65,0
1990,78,1,0,0,0,0,0,0,0,0
1990,75,2,0,0,0,0,389,6,15,0
1990,31,1,0,0,0,0,473,0,70,0
1990,31,2,0,0,0,1,473,0,70,0
1990,50,1,0,0,0,1,229,1,40,0
1990,37,2,0,0,0,0,95,5,32,0
1990,65,1,0,0,0,0,357,2,0,0
1990,59,2,0,0,0,0,389,6,38,0
1990,45,1,0,0,0,0,514,3,37,0
1990,48,2,0,0,0,0,275,5,15,0
1990,25,1,1,0,0,0,637,1,40,0
1990,59,1,0,0,0,0,628,1,0,0
1990,52,2,0,0,0,1,274,3,0,0
1990,31,1,1,0,0,1,254,4,50,0
1990,71,1,1,0,0,0,5,6,40,0
1990,71,1,0,0,0,0,0,0,0,0
1990,68,2,0,0,0,0,0,0,0,0
1990,73,2,2,0,0,1,0,0,0,0
1990,50,1,0,0,0,1,448,4,41,0
1990,42,2,0,0,0,1,186,5,10,0
1990,65,1,0,0,0,1,24,4,0,0
1990,64,2,0,0,0,0,313,5,37,0
1990,52,1,0,0,0,1,263,3,50,0
1990,51,2,0,0,0,0,458,4,50,0
1990,59,2,2,0,0,1,164,5,42,0
1990,24,2,1,0,0,1,308,1,40,0
1990,58,1,0,0,0,0,0,0,0,0
1990,54,2,0,0,0,0,339,5,40,0
1990,37,1,0,0,0,0,869,0,30,0
1990,34,2,0,0,0,0,806,3,40,0
1990,65,2,3,0,0,0,0,0,0,0
1990,72,1,0,0,0,1,475,0,30,0
1990,69,2,0,0,0,0,473,0,70,0
1990,66,1,0,0,0,0,243,3,10,0
1990,62,2,0,0,0,0,0,0,0,0
1990,47,1,0,0,0,0,777,1,40,0
1990,58,2,0,0,0,0,683,1,40,0
1990,23,1,2,0,0,0,637,1,45,0
1990,21,1,1,0,0,0,488,3,50,0
1990,78,2,1,0,0,1,0,0,0,0
1990,54,1,0,0,0,0,889,5,40,0
1990,51,2,0,0,0,1,95,5,24,0
1990,44,1,0,0,0,1,785,1,40,0
1990,41,2,0,0,0,0,435,5,25,0
1990,37,1,0,0,0,0,856,1,40,0
1990,34,2,0,0,0,0,313,1,40,0
1990,50,1,0,0,0,1,554,0,40,0
1990,45,2,0,0,0,0,389,6,28,0
1990,21,1,1,0,0,1,243,3,40,0
1990,56,1,0,0,0,0,844,0,50,0
1990,39,2,0,0,0,1,337,1,40,0
1990,69,2,3,0,0,0,275,3,20,0
1990,76,1,1,0,0,0,0,0,0,0
1990,37,1,0,0,0,0,527,2,48,1
1990,32,2,0,0,0,1,0,0,0,0
1990,30,1,0,0,0,1,486,5,6,0
1990,32,2,0,0,0,1,754,1,20,0
1990,30,1,1,0,0,1,783,1,56,0
1990,35,2,2,0,0,1,203,5,40,0
1990,38,1,2,0,0,0,547,3,30,0
1990,40,1,0,0,0,1,877,2,40,0
1990,37,2,0,0,0,1,446,5,40,0
1990,18,2,1,0,0,0,319,5,15,0
1990,43,1,0,0,0,0,453,3,40,0
1990,44,2,0,0,0,0,785,1,30,0
1990,22,2,3,0,0,0,276,3,20,0
1990,19,1,1,0,0,1,779,1,65,0
1990,20,2,1,0,0,0,783,1,25,0
1990,22,1,1,0,0,0,453,1,50,0
1990,60,1,0,0,0,0,628,1,0,0
1990,59,2,0,0,0,1,447,5,40,0
1990,52,2,3,0,0,0,0,0,0,0
1990,53,1,2,0,0,0,855,0,45,0
1990,32,1,1,0,0,0,17,4,50,0
1990,24,2,1,0,0,0,877,1,32,0
1990,69,1,0,0,0,0,0,0,0,0
1990,72,2,0,0,0,0,0,0,0,0
1990,54,2,1,0,0,1,313,5,0,0
1990,30,1,0,0,0,1,22,0,60,0
1990,28,2,0,0,0,1,313,5,38,0
1990,74,1,3,0,0,0,486,0,10,0
1990,80,2,3,0,0,0,0,0,0,0
1990,41,1,2,0,0,0,579,4,40,0
1990,31,2,2,0,0,0,479,0,40,0
1990,43,1,0,0,0,0,235,1,48,0
1990,41,2,0,0,0,0,785,1,40,0
1990,41,1,0,0,0,0,243,3,65,0
1990,39,2,0,0,0,0,404,4,36,0
1990,19,2,1,0,0,0,436,3,40,0
1990,34,1,0,0,0,1,259,3,40,0
1990,34,2,0,0,0,0,319,5,40,0
1990,75,2,0,0,0,0,0,0,0,0
1990,21,2,1,0,0,1,447,5,0,0
1990,71,2,3,0,0,0,0,0,0,0
1990,76,1,1,0,0,0,0,0,0,0
1990,64,1,0,0,0,0,804,0,0,0
1990,62,2,0,0,0,0,0,0,0,0
1990,67,2,3,0,0,0,449,5,0,0
1990,38,1,1,0,0,0,585,0,50,0
1990,45,1,0,0,0,0,379,1,40,0
1990,34,2,0,0,0,0,447,5,0,0
1990,61,1,0,0,0,0,585,3,45,0
1990,58,2,0,0,0,0,185,0,16,0
1990,57,1,0,0,0,0,804,2,60,0
1990,59,2,0,0,0,0,436,5,0,0
1990,31,1,1,0,0,0,853,6,40,0
1990,34,1,0,0,0,0,856,1,40,0
1990,32,2,0,0,0,0,22,1,40,0
1990,70,1,0,0,0,1,473,0,60,0
1990,72,2,0,0,0,0,0,0,0,0
1990,41,2,2,0,0,1,207,5,40,0
1990,51,1,2,0,0,0,748,5,37,0
1990,31,1,0,0,0,1,783,1,40,0
1990,28,2,0,0,0,0,466,5,32,0
1990,45,1,2,0,0,0,356,1,37,0
1990,43,2,1,0,0,0,447,5,40,0
1990,53,1,0,0,0,1,156,5,0,0
1990,50,2,0,0,0,1,579,3,0,0
1990,24,1,1,0,0,1,904,6,0,0
1990,39,1,0,0,0,1,22,1,50,1
1990,38,2,0,0,0,1,156,5,40,0
1990,46,1,0,0,0,0,507,1,42,0
1990,47,2,0,0,0,0,754,1,40,0
1990,62,1,1,0,0,0,486,0,0,0
1990,52,1,0,1,0,1,503,1,40,0
1990,48,2,0,2,0,1,207,5,24,0
1990,25,1,1,1,0,0,444,3,25,0
1990,23,2,1,1,0,0,0,0,0,0
1990,18,2,1,1,0,0,785,1,40,0
1990,26,1,1,1,0,0,424,6,40,0
1990,51,1,0,0,0,0,549,3,40,0
1990,52,2,0,0,0,0,796,1,23,0
1990,21,1,1,0,0,0,783,0,40,0
1990,62,1,0,0,0,0,453,2,0,0
1990,57,2,0,0,0,0,0,0,0,0
1990,44,1,0,0,0,0,628,1,40,0
1990,41,2,0,0,0,0,447,5,35,0
1990,18,1,1,0,0,0,217,0,60,0
1990,31,1,0,0,0,1,577,2,40,0
1990,26,2,0,0,0,0,0,0,0,0
1990,32,1,0,0,0,0,759,1,40,0
1990,31,2,0,0,0,0,274,3,35,0
1990,66,1,0,0,0,0,0,0,0,0
1990,61,2,0,0,0,1,383,4,50,0
1990,36,1,0,0,0,1,505,3,30,0
1990,31,2,0,0,0,1,95,5,32,0
1990,68,2,3,0,0,1,164,5,14,0
1990,66,2,3,0,0,0,274,3,17,0
1990,58,1,0,0,0,0,804,1,40,0
1990,56,2,0,0,0,0,748,5,32,0
1990,65,1,0,0,0,0,473,0,60,0
1990,55,2,0,0,0,1,95,5,32,0
1990,32,1,1,0,0,1,883,3,42,0
1990,44,2,0,0,0,1,313,1,40,0
1990,46,1,0,0,0,0,544,1,40,0
1990,19,1,1,0,0,1,877,3,40,0
1990,38,1,2,0,0,0,785,1,40,0
1990,61,2,0,0,0,0,0,0,0,0
1990,59,1,0,0,0,0,0,0,0,0
1990,66,1,0,0,0,1,0,0,0,0
1990,59,2,0,0,0,0,354,2,8,0
1990,43,2,1,0,0,1,383,4,40,0
1990,54,2,1,0,0,0,466,5,9,0
1990,25,2,1,0,0,1,458,4,40,0
1990,21,2,1,0,0,1,467,5,10,0
1990,59,1,1,0,0,0,704,1,40,0
1990,40,1,0,2,0,1,634,1,40,0
1990,36,2,0,2,0,1,156,5,20,0
1990,32,1,0,0,0,0,503,3,50,0
1990,32,2,0,0,0,0,0,0,0,0
1990,26,1,1,0,0,1,22,3,40,0
1990,63,1,0,0,0,0,479,0,2,0
1990,52,2,0,0,0,0,337,3,25,0
1990,73,1,0,0,0,0,0,0,0,0
1990,68,2,0,0,0,0,0,0,0,0
1990,25,1,1,0,0,1,256,1,50,0
1990,34,1,3,0,0,1,213,1,48,0
1990,43,1,2,0,0,0,0,0,0,0
1990,63,1,0,0,0,0,0,0,0,0
1990,61,2,0,0,0,0,0,0,0,0
1990,48,1,0,0,0,1,22,1,50,1
1990,47,2,0,0,0,0,315,4,35,0
1990,22,2,1,0,0,1,274,5,40,0
1990,19,2,1,0,0,1,459,5,10,0
1990,60,1,0,0,0,0,243,3,50,1
1990,59,2,0,0,0,0,0,0,0,0
1990,29,1,1,0,0,1,328,4,40,0
1990,55,1,0,0,0,0,628,1,52,0
1990,52,2,0,0,0,1,0,0,0,0
1990,68,1,0,0,0,0,0,0,0,0
1990,66,2,0,0,0,0,0,0,0,0
1990,49,1,0,0,0,1,199,1,55,1
1990,43,2,0,0,0,1,0,0,0,0
1990,62,1,0,0,0,0,823,2,0,0
1990,58,2,0,0,0,0,0,0,0,0
1990,29,2,2,0,0,1,434,5,38,0
1990,25,2,1,0,0,0,434,3,50,0
1990,35,1,0,3,4,1,44,1,40,0
1990,33,2,0,3,3,1,0,0,0,0
1990,40,1,0,0,0,1,376,4,55,1
1990,40,2,0,0,0,1,0,0,0,0
1990,22,1,1,1,0,0,276,3,35,0
1990,39,1,0,0,0,1,127,5,30,1
1990,39,2,0,0,0,1,156,5,40,0
1990,46,1,0,0,0,0,507,2,40,0
1990,46,2,0,0,0,0,303,5,40,0
1990,20,1,1,0,0,0,106,5,40,0
1990,34,1,0,0,0,0,558,0,40,1
1990,33,2,0,0,0,0,0,0,0,0
1990,38,1,2,0,0,0,804,2,50,0
1990,26,2,1,0,0,1,445,5,0,0
1990,36,2,0,0,0,0,777,1,40,0
1990,34,1,0,0,0,0,783,1,40,0
1990,40,1,1,0,0,0,443,3,25,0
1990,33,1,1,0,0,0,883,1,50,0
1990,64,1,0,0,0,0,0,0,0,0
1990,67,2,0,0,0,0,313,4,0,0
1990,44,1,2,0,0,1,567,0,60,0
1990,68,1,0,0,0,0,0,0,0,0
1990,72,2,0,0,0,1,385,0,46,0
1990,69,2,3,0,0,0,0,0,0,0
1990,67,2,3,0,0,0,0,0,0,0
1990,33,2,2,0,0,0,323,4,37,0
1990,58,1,0,0,0,0,558,0,0,0
1990,51,2,0,0,0,0,579,0,0,0
1990,19,2,1,0,0,0,779,1,0,0
1990,30,1,0,1,0,0,843,2,24,0
1990,29,2,0,1,0,1,95,4,42,0
1990,45,1,0,2,1,0,796,1,40,0
1990,21,2,0,0,0,0,628,1,40,0
1990,42,1,2,1,0,0,0,0,0,0
1990,19,2,1,1,0,0,467,5,30,0
1990,21,1,1,1,0,0,0,0,0,0
1990,47,1,1,2,1,0,889,1,0,0
1990,43,2,1,2,1,0,0,0,0,0
1990,36,1,2,1,0,0,804,1,60,0
1990,74,1,2,0,0,0,0,0,0,0
1990,66,2,1,0,0,0,379,4,40,0
1990,56,2,1,0,0,1,447,5,8,0
1990,57,2,2,1,0,0,448,1,40,0
1990,38,1,0,0,0,1,56,1,40,0
1990,36,2,0,0,0,0,579,0,0,0
1990,79,2,3,0,2,0,0,0,0,0
1990,46,1,0,0,0,1,44,1,40,1
1990,42,2,0,0,0,1,389,5,21,0
1990,26,2,1,0,0,1,157,5,20,0
1990,63,2,2,0,0,0,0,0,0,0
1990,73,2,2,0,0,0,0,0,0,0
1990,74,2,3,0,0,0,0,0,0,0
1990,67,2,2,3,0,0,407,4,15,0
1990,43,1,0,0,0,1,804,2,40,0
1990,39,2,0,0,0,1,22,1,30,0
1990,22,1,1,0,0,0,0,0,0,0
1990,50,1,3,0,0,0,628,1,45,1
1990,65,1,3,0,0,0,473,0,40,0
1990,59,2,3,0,0,0,435,3,40,0
1990,36,1,1,0,0,1,479,0,40,0
1990,40,1,0,3,3,1,65,1,40,0
1990,33,2,0,3,3,0,0,0,0,0
1990,49,1,0,0,0,0,516,3,40,0
1990,36,2,0,0,0,1,22,1,50,0
1990,36,1,0,0,0,0,473,0,99,0
1990,33,2,0,0,0,0,274,3,0,0
1990,69,1,0,0,0,0,0,0,0,0
1990,65,2,0,0,0,0,0,0,0,0
1990,43,1,0,0,0,1,226,1,35,1
1990,39,2,0,0,0,1,21,5,50,0
1990,24,1,0,0,0,1,23,4,45,0
1990,23,2,0,0,0,1,243,3,40,0
1990,69,1,0,0,0,1,84,5,40,0
1990,66,2,0,0,0,1,318,2,10,0
1990,33,1,0,0,0,1,27,6,70,0
1990,34,2,0,0,0,1,313,4,28,0
1990,41,1,0,0,0,1,157,5,40,0
1990,39,2,0,0,0,1,379,5,8,0
1990,20,2,1,0,0,0,385,4,40,0
1990,33,1,0,0,0,1,53,5,40,0
1990,36,2,0,0,0,1,354,2,40,0
1990,23,1,1,0,0,1,364,1,42,0
1990,21,1,1,0,4,0,276,2,30,0
1990,55,1,0,0,0,1,22,2,40,0
1990,54,2,0,0,0,1,156,5,50,0
1990,30,1,0,0,0,1,33,1,45,0
1990,34,2,0,0,0,1,95,5,24,0
1990,55,1,0,0,0,1,216,1,40,0
1990,53,2,0,0,0,1,95,5,35,0
1990,25,1,0,0,0,1,44,1,45,0
1990,24,2,0,0,0,1,155,5,45,0
1990,36,1,0,0,0,0,889,1,50,0
1990,29,2,0,0,0,1,22,4,45,0
1990,35,1,0,0,0,0,783,1,45,0
1990,34,2,0,0,0,1,385,3,40,0
1990,18,2,1,0,0,1,383,4,20,0
1990,55,1,0,0,0,0,518,3,40,0
1990,55,2,0,0,0,0,207,5,40,0
1990,24,2,1,0,0,0,406,4,0,0
1990,21,1,1,0,0,1,515,1,40,0
1990,31,2,2,0,0,1,0,0,0,0
1990,26,1,1,0,0,1,426,4,0,0
1990,43,1,0,0,0,1,44,1,50,1
1990,37,2,0,0,0,1,0,0,0,0
1990,30,2,1,0,0,1,379,0,40,0
1990,68,1,0,0,0,0,0,0,0,1
1990,62,2,0,0,0,0,0,0,0,0
1990,38,1,0,0,0,1,156,5,40,0
1990,36,2,0,0,0,1,156,5,40,0
1990,77,1,0,0,0,1,0,0,0,0
1990,79,2,0,0,0,0,0,0,0,0
1990,33,2,1,0,0,0,0,0,0,0
1990,53,1,0,0,0,1,21,5,65,0
1990,49,2,0,0,0,1,197,5,40,0
1990,23,1,1,0,0,1,575,4,8,0
1990,18,2,1,0,0,0,264,3,40,0
1990,63,1,0,0,0,0,808,2,40,0
1990,58,2,0,0,0,0,0,0,0,0
1990,64,1,0,0,0,1,804,1,37,0
1990,61,2,0,0,0,1,207,5,40,0
1990,20,2,1,0,0,1,373,3,26,0
1990,76,2,3,0,0,1,0,0,0,0
1990,60,1,1,0,0,1,856,1,40,0
1990,36,1,2,0,0,0,628,1,64,0
1990,42,1,2,0,0,0,804,0,40,0
1990,58,1,0,0,0,0,783,2,40,0
1990,56,2,0,0,0,0,277,3,0,0
1990,52,1,0,0,0,1,174,6,50,0
1990,50,2,0,0,0,1,436,3,40,0
1990,30,1,1,0,4,1,417,6,60,0
1990,45,2,2,0,0,0,808,2,40,0
1990,41,1,2,0,0,0,684,1,40,0
1990,20,2,1,0,0,0,379,4,32,0
1990,18,1,1,0,0,0,433,3,40,0
1990,32,1,0,0,0,1,505,4,60,0
1990,30,2,0,0,0,0,466,5,8,0
1990,60,1,0,0,0,0,523,2,40,0
1990,74,2,0,0,0,0,0,0,0,0
1990,43,1,1,1,0,1,154,5,40,0
1990,67,2,3,0,0,0,0,0,0,0
1990,72,1,2,0,0,0,0,0,0,0
1990,39,1,0,0,0,1,308,4,40,0
1990,33,2,0,0,0,1,385,4,30,0
1990,52,1,0,0,0,0,436,5,40,0
1990,52,2,0,0,0,0,0,0,0,0
1990,53,1,0,0,0,0,783,2,40,0
1990,54,2,0,0,0,0,444,3,30,0
1990,33,2,2,0,0,1,17,3,40,0
1990,73,2,3,0,0,0,0,0,0,0
1990,48,1,0,0,0,0,804,2,60,0
1990,43,2,0,0,0,0,785,1,40,0
1990,23,1,1,0,0,0,779,1,40,0
1990,60,1,0,0,0,0,637,1,50,0
1990,53,2,0,0,0,1,7,5,38,0
1990,33,1,2,0,0,1,243,3,40,0
1990,29,2,1,0,0,1,724,1,40,0
1990,64,1,0,0,0,0,593,0,0,0
1990,63,2,0,0,0,0,277,3,20,0
1990,40,1,0,0,0,0,57,1,40,0
1990,40,2,0,0,0,0,105,5,24,0
1990,32,2,1,0,0,0,628,1,40,0
1990,34,1,0,0,0,1,22,4,40,0
1990,35,2,0,0,0,1,313,4,20,0
1990,70,2,3,0,0,0,95,5,0,0
1990,21,2,1,0,0,0,706,1,42,0
1990,73,1,0,0,0,0,323,4,20,0
1990,73,2,0,0,0,0,0,0,0,0
1990,46,1,0,0,0,0,473,0,60,0
1990,45,2,0,0,0,1,264,3,40,0
1990,25,2,1,0,0,0,436,3,40,0
1990,24,1,1,0,0,0,759,1,38,0
1990,69,1,0,0,0,0,0,0,0,0
1990,61,2,0,0,0,0,785,1,40,0
1990,29,1,1,0,0,0,804,1,25,0
1990,45,1,2,0,0,1,157,5,40,0
1990,18,1,1,0,0,0,274,3,15,0
1990,21,2,1,0,0,1,337,4,40,0
1990,45,1,0,0,0,1,796,1,55,0
1990,45,2,0,0,0,0,888,3,24,0
1990,23,1,1,1,0,0,444,3,0,0
1990,33,1,0,0,0,0,719,1,48,0
1990,30,2,0,0,0,1,355,2,40,0
1990,37,2,0,0,0,1,253,4,40,0
1990,36,1,0,0,0,1,213,2,40,0
1990,59,2,3,0,0,0,889,1,40,0
1990,27,1,1,0,0,1,436,2,40,0
1990,20,2,3,0,0,0,0,0,0,0
1990,35,1,0,0,0,0,453,0,48,0
1990,32,2,0,0,0,0,0,0,0,0
1990,42,1,0,0,0,1,21,5,42,0
1990,30,2,0,0,0,1,208,5,18,0
1990,67,1,3,0,0,1,849,1,0,0
1990,32,1,2,0,0,0,505,3,40,0
1990,62,1,0,0,0,1,354,2,40,0
1990,62,2,0,0,0,0,337,3,24,0
1990,46,2,2,0,0,0,785,1,40,0
1990,26,2,3,0,0,0,883,1,40,0
1990,62,1,0,0,0,0,806,3,50,0
1990,57,2,0,0,0,0,425,5,22,0
1990,21,2,1,0,0,1,264,3,30,0
1990,27,1,1,0,0,0,888,3,32,0
1990,32,1,1,0,0,1,877,3,32,0
1990,30,1,0,0,0,0,869,0,45,0
1990,32,2,0,0,0,1,313,4,9,0
1990,70,1,3,0,0,0,0,0,0,0
1990,73,2,3,0,0,0,0,0,0,0
1990,30,2,2,0,0,0,337,3,50,0
1990,28,1,1,0,0,0,597,0,45,0
1990,42,1,0,0,0,0,0,0,0,0
1990,41,2,0,0,0,0,439,3,20,0
1990,20,1,1,0,0,0,779,1,40,0
1990,18,1,1,0,0,0,0,0,0,0
1990,54,1,0,0,0,0,785,1,45,0
1990,54,2,0,0,0,0,0,0,0,0
1990,21,1,1,0,0,1,443,3,72,0
1990,33,1,0,3,0,1,5,6,43,0
1990,30,2,0,0,0,1,313,5,28,0
1990,48,1,0,0,0,1,438,3,65,0
1990,42,2,0,0,0,1,276,3,46,0
1990,41,1,0,0,0,0,585,2,60,1
1990,38,2,0,0,0,0,313,3,40,0
1990,46,1,0,0,0,1,33,1,40,0
1990,32,2,0,0,0,1,348,2,0,0
1990,37,1,0,0,0,1,253,4,55,0
1990,36,2,0,0,0,1,95,5,20,0
1990,79,2,3,0,0,0,0,0,0,0
1990,62,2,2,0,0,0,447,5,40,0
1990,49,1,2,0,0,0,889,1,40,0
1990,77,2,3,0,0,0,0,0,0,0
1990,78,1,3,0,0,1,0,0,0,0
1990,40,1,0,0,0,1,229,1,60,1
1990,39,2,0,0,0,0,769,1,0,0
1990,50,1,2,0,0,0,779,1,48,0
1990,20,1,1,0,0,0,509,4,40,0
1990,50,1,3,0,0,0,704,1,40,0
1990,75,2,3,0,0,0,473,0,40,0
1990,52,1,3,0,0,1,473,0,40,0
1990,38,1,0,0,0,0,474,0,45,0
1990,37,2,0,0,0,0,336,5,40,0
1990,63,2,0,0,0,0,0,0,0,0
1990,68,1,0,0,0,0,834,0,70,0
1990,37,1,0,0,0,0,859,1,45,0
1990,42,2,0,0,0,0,785,1,40,0
1990,45,1,0,0,0,0,473,0,60,0
1990,45,2,0,0,0,0,473,0,52,0
1990,67,1,0,0,0,1,86,0,60,1
1990,59,2,0,0,0,1,257,0,0,0
1990,53,1,0,0,0,1,804,3,70,0
1990,52,2,0,0,0,0,435,3,25,0
1990,27,1,1,0,0,0,0,0,0,0
1990,51,1,0,0,0,0,567,1,40,0
1990,47,2,0,0,0,0,0,0,0,0
1990,47,1,0,0,0,0,783,1,40,1
1990,51,2,0,0,0,0,0,0,0,0
1990,46,1,0,0,0,0,426,4,40,0
1990,39,2,0,0,0,0,319,4,36,0
1990,65,1,0,0,0,0,453,5,40,0
1990,62,2,0,0,0,0,0,0,0,0
1990,32,2,1,0,0,0,0,0,0,0
1990,68,1,0,0,0,0,0,0,0,0
1990,65,2,0,0,0,0,0,0,0,0
1990,35,2,1,0,0,1,315,5,40,0
1990,32,1,1,0,0,1,505,4,40,0
1990,31,1,0,0,0,1,804,1,60,0
1990,30,2,0,0,0,1,747,4,40,0
1990,49,1,0,0,0,1,22,1,48,1
1990,49,2,0,0,0,0,318,2,20,0
1990,22,2,1,0,0,1,14,5,20,0
1990,27,2,0,0,0,1,313,5,35,0
1990,25,1,0,0,0,1,889,1,30,0
1990,56,1,0,0,0,0,479,0,60,0
1990,58,2,0,0,0,0,473,0,40,0
1990,47,2,3,0,0,1,748,5,16,0
1990,51,1,0,0,0,0,889,3,40,0
1990,46,2,0,0,0,0,449,5,37,0
1990,40,1,0,0,0,1,84,5,60,1
1990,42,2,0,0,0,1,97,5,40,0
1990,55,1,0,0,0,1,163,5,40,0
1990,56,2,0,0,0,1,24,4,40,0
1990,46,2,3,0,0,1,95,5,37,0
1990,80,1,0,0,0,0,0,0,0,0
1990,72,2,0,0,0,0,0,0,0,0
1990,24,1,0,0,0,1,904,6,70,0
1990,21,2,0,0,0,0,444,3,8,0
1990,52,1,0,0,0,0,855,0,40,0
1990,48,2,0,0,0,0,0,0,0,0
1990,67,2,2,0,0,0,0,0,0,0
1990,27,1,1,0,0,1,267,3,60,0
1990,79,2,3,0,0,0,0,0,0,0
1990,25,1,0,0,0,1,57,1,40,0
1990,23,2,0,0,0,1,23,4,40,0
1990,53,1,0,0,0,0,22,1,40,1
1990,50,2,0,0,0,1,0,0,0,0
1990,21,1,1,0,0,1,475,0,40,0
1990,36,1,0,0,0,1,517,1,55,0
1990,32,2,0,0,0,1,95,5,40,0
1990,53,1,0,0,0,0,364,1,40,0
1990,56,2,0,0,0,0,313,0,45,0
1990,22,2,1,0,0,1,475,0,40,0
1990,70,1,0,0,0,0,243,3,0,0
1990,65,2,0,0,0,0,365,3,16,0
1990,34,1,0,0,0,1,473,0,50,0
1990,30,2,0,0,0,1,313,3,26,0
1990,39,1,0,0,0,0,503,3,40,0
1990,38,2,0,0,0,0,796,1,40,0
1990,18,1,1,0,0,0,887,3,12,0
1990,44,1,0,0,0,1,628,1,40,0
1990,43,2,0,0,0,1,458,4,20,0
1990,20,2,1,0,0,1,435,3,25,0
1990,48,1,0,0,0,1,308,4,40,0
1990,46,2,0,0,0,0,337,0,1,0
1990,22,1,1,0,0,1,683,1,0,0
1990,71,1,0,0,0,0,507,2,8,0
1990,64,2,0,0,0,0,0,0,0,0
1990,54,2,2,0,0,1,254,4,8,1
1990,18,1,1,0,0,0,243,3,40,0
1990,75,1,0,0,0,0,0,0,0,0
1990,70,2,0,0,0,0,0,0,0,0
1990,72,1,0,0,0,0,0,0,0,0
1990,69,2,0,0,0,0,0,0,0,0
1990,43,1,0,0,0,0,804,2,80,0
1990,40,2,0,0,0,1,479,0,0,0
1990,65,1,0,0,0,0,588,0,25,0
1990,70,2,0,0,0,0,436,3,30,0
1990,76,2,3,0,0,0,0,0,0,0
1990,52,2,2,0,0,0,777,1,40,0
1990,43,1,0,0,0,1,274,3,40,0
1990,30,2,0,0,0,1,313,5,20,0
1990,68,1,0,0,0,0,0,0,0,0
1990,62,2,0,0,0,0,0,0,0,0
1990,52,1,0,3,3,1,84,5,50,1
1990,47,2,0,3,3,1,0,0,0,0
1990,78,1,0,0,0,0,0,0,0,0
1990,78,2,0,0,0,0,0,0,0,0
1990,25,2,0,0,0,1,458,4,40,0
1990,29,1,0,0,0,0,883,1,40,0
1990,31,2,1,0,0,1,157,5,50,0
1990,45,1,1,0,0,1,178,5,43,0
1990,65,1,0,0,0,0,637,1,0,0
1990,65,2,0,0,0,1,0,0,0,0
1990,70,2,3,0,0,0,0,0,0,1
1990,50,1,1,0,0,1,547,1,40,1
1990,28,1,0,0,0,0,783,4,45,0
1990,23,2,0,0,0,0,0,0,0,0
1990,74,1,0,0,0,0,473,0,60,0
1990,68,2,0,0,0,1,156,5,30,0
1990,33,1,1,0,0,1,473,0,43,0
1990,50,1,0,0,0,0,364,1,40,0
1990,52,2,0,0,0,0,0,0,0,0
1990,43,2,2,0,0,0,276,3,40,0
1990,34,1,1,0,0,0,473,0,40,0
1990,63,1,3,0,0,0,869,0,40,0
1990,57,2,3,0,0,0,909,6,0,0
1990,68,2,3,0,0,0,748,4,0,0
1990,55,2,3,0,0,0,0,0,0,0
1990,25,1,1,0,0,0,796,1,40,0
1990,44,1,0,0,0,1,17,3,40,0
1990,27,2,0,0,0,1,178,5,20,0
1990,65,1,0,0,0,0,0,0,0,0
1990,63,2,0,0,0,0,0,0,0,0
1990,37,2,2,0,0,0,5,6,37,0
1990,65,1,0,0,0,0,0,0,0,0
1990,61,2,0,0,0,0,436,3,25,0
1990,75,2,1,0,0,0,0,0,0,0
1990,42,1,0,0,0,1,796,1,40,0
1990,42,2,0,0,0,1,308,4,40,0
1990,26,2,0,0,0,1,275,3,40,0
1990,30,1,0,0,0,1,804,3,50,0
1990,75,1,0,0,0,1,0,0,0,0
1990,73,2,0,0,0,0,0,0,0,0
1990,52,1,0,0,0,1,585,5,40,0
1990,48,2,0,0,0,1,354,2,40,0
1990,36,1,0,0,0,1,418,6,40,0
1990,23,2,0,0,0,1,157,5,25,0
1990,80,1,0,0,0,0,0,0,0,0
1990,76,2,0,0,0,1,0,0,0,0
1990,80,1,0,0,0,0,0,0,0,0
1990,78,2,0,0,0,0,0,0,0,0
1990,36,2,2,0,0,1,365,5,0,0
1990,36,1,0,0,0,0,889,2,40,0
1990,34,2,0,0,0,0,276,5,52,0
1990,76,1,0,0,0,0,0,0,0,0
1990,74,2,0,0,0,0,0,0,0,0
1990,54,2,0,0,0,1,447,5,40,0
1990,58,1,0,0,0,0,0,0,0,0
1990,66,1,0,0,0,0,473,0,40,0
1990,64,2,0,0,0,0,0,0,0,0
1990,37,1,0,0,0,0,593,0,60,0
1990,34,2,0,0,0,0,368,1,40,0
1990,73,2,3,0,0,0,0,0,0,0
1990,51,1,2,0,0,0,22,0,0,0
1990,50,1,0,0,0,0,549,3,42,0
1990,48,2,0,0,0,0,313,1,40,0
1990,18,2,1,0,0,1,445,5,36,0
1990,36,1,0,0,0,0,699,1,48,0
1990,35,2,0,0,0,0,447,5,44,0
1990,58,1,0,0,0,1,567,1,40,0
1990,57,2,0,0,0,0,164,5,32,0
1990,22,1,1,0,0,1,259,3,15,0
1990,57,1,0,0,0,1,453,5,8,0
1990,56,2,0,0,0,0,95,5,37,0
1990,59,1,0,0,0,0,577,2,50,0
1990,57,2,0,0,0,1,274,3,0,0
1990,78,2,3,0,0,0,0,0,0,0
1990,60,1,0,0,0,0,628,1,40,1
1990,62,2,0,0,0,1,313,5,0,0
1990,78,1,0,0,0,0,276,3,40,0
1990,74,2,0,0,0,0,0,0,0,0
1990,76,2,3,0,0,0,0,0,0,0
1990,78,1,0,0,0,1,0,0,0,0
1990,72,2,0,0,0,0,174,5,3,0
1990,56,2,3,0,0,1,434,3,60,0
1990,35,1,1,0,0,0,889,2,40,0
1990,57,1,0,0,0,1,0,0,0,0
1990,52,2,0,0,0,0,0,0,0,0
1990,39,1,0,0,0,0,713,1,40,0
1990,37,2,0,0,0,1,0,0,0,0
1990,20,2,1,0,0,1,467,5,20,0
1990,40,1,0,0,0,1,486,5,55,0
1990,40,2,0,0,0,1,157,5,16,0
1990,68,1,0,0,0,0,0,0,0,0
1990,62,2,0,0,0,0,0,0,0,0
1990,57,1,0,0,0,0,22,0,40,0
1990,54,2,0,0,0,0,436,5,27,0
1990,63,1,3,0,0,0,783,1,16,0
1990,55,1,1,0,0,0,869,0,0,0
1990,49,1,0,0,0,1,253,4,40,0
1990,39,2,0,0,0,1,0,0,0,0
1990,30,1,0,0,0,1,796,1,45,0
1990,29,2,0,0,0,0,276,3,32,0
1990,75,1,0,0,0,0,0,0,0,0
1990,74,2,0,0,0,0,0,0,0,0
1990,39,1,0,0,0,1,57,1,40,1
1990,39,2,0,0,0,1,208,5,24,0
1990,33,1,0,0,0,1,85,5,40,1
1990,31,2,0,0,0,1,318,2,0,0
1990,30,1,0,0,0,0,683,1,48,0
1990,27,2,0,0,0,1,95,5,0,0
1990,51,1,0,0,0,0,525,4,43,0
1990,43,2,0,0,0,0,679,1,40,0
1990,41,1,0,0,0,0,869,0,40,0
1990,41,2,0,0,0,0,337,3,40,0
1990,18,1,1,0,0,0,462,5,22,0
1990,35,1,0,0,0,0,549,1,45,0
1990,38,2,0,0,0,1,156,5,40,0
1990,32,1,0,0,0,1,734,1,40,0
1990,33,2,0,0,0,0,253,4,40,0
1990,76,2,3,0,0,0,799,3,30,0
1990,56,1,0,0,0,0,785,1,40,0
1990,56,2,0,0,0,0,407,4,0,0
1990,19,2,1,0,0,0,364,3,0,0
1990,44,1,0,0,0,0,243,3,40,1
1990,43,2,0,0,0,0,316,5,24,0
1990,18,2,1,0,0,0,276,3,10,0
1990,47,1,0,0,0,1,57,1,45,1
1990,45,2,0,0,0,1,185,3,32,0
1990,22,1,1,0,0,1,35,0,43,0
1990,43,2,0,0,0,1,156,5,0,0
1990,41,1,0,0,0,1,178,5,60,1
1990,42,1,0,0,0,1,378,3,40,0
1990,39,2,0,0,0,1,447,5,45,0
1990,64,2,0,0,0,0,318,2,40,0
1990,44,1,1,0,0,0,628,1,40,0
1990,70,1,0,0,0,0,0,0,0,0
1990,44,1,3,0,0,0,0,0,0,0
1990,67,1,0,0,0,0,0,0,0,0
1990,66,2,0,0,0,0,0,0,0,0
1990,74,2,3,0,0,0,0,0,0,0
1990,52,2,3,0,0,0,453,5,48,0
1990,30,1,1,0,0,0,734,1,48,0
1990,27,2,1,0,0,1,5,6,40,0
1990,69,1,0,0,0,0,558,0,0,0
1990,66,2,0,0,0,0,0,0,0,0
1990,23,1,0,0,0,0,804,4,35,0
1990,21,2,0,0,0,0,785,1,40,0
1990,52,1,0,0,0,1,327,3,40,0
1990,49,2,0,0,0,0,337,3,40,0
1990,27,1,0,0,0,0,558,0,40,0
1990,22,2,0,0,0,0,0,0,0,0
1990,37,1,0,0,0,1,588,0,45,0
1990,35,2,0,0,0,1,453,5,15,0
1990,52,1,0,0,0,1,575,0,52,0
1990,49,2,0,0,0,0,0,0,0,0
1990,30,1,2,0,0,0,544,2,40,0
1990,21,1,1,0,0,1,696,1,40,0
1990,39,1,0,0,0,1,585,1,42,0
1990,40,2,0,0,0,1,337,3,35,0
1990,34,1,2,0,0,0,869,0,30,0
1990,34,2,2,0,0,1,313,3,40,0
1990,28,1,0,0,0,0,507,6,52,0
1990,28,2,0,0,0,1,0,0,0,0
1990,69,1,3,0,0,0,0,0,0,0
1990,62,2,2,0,0,1,0,0,0,0
1990,29,2,1,0,0,0,449,4,0,0
1990,28,1,0,0,0,0,783,1,40,0
1990,22,2,0,0,0,0,435,3,0,0
1990,68,1,0,0,0,0,0,0,0,0
1990,61,2,0,0,0,0,447,5,40,0
1990,54,1,0,1,0,0,637,1,40,0
1990,58,2,0,1,0,0,0,0,0,0
1990,53,2,3,0,0,0,446,5,40,0
1990,64,2,2,1,0,0,436,5,40,0
1990,64,1,0,0,0,0,0,0,0,0
1990,69,2,0,0,0,0,0,0,0,0
1990,41,2,2,0,0,0,0,0,0,0
1990,35,1,1,0,0,0,213,1,40,0
1990,33,1,1,0,0,0,737,1,40,0
1990,35,1,0,1,0,1,677,3,35,0
1990,28,2,0,0,0,1,447,5,30,0
1990,53,1,2,0,0,1,259,3,40,1
1990,61,1,0,0,0,1,259,1,32,1
1990,62,2,0,0,0,1,274,3,12,0
1990,19,1,1,0,0,1,265,3,10,0
1990,43,1,0,0,0,1,687,3,50,0
1990,40,2,0,0,0,1,447,5,30,0
1990,21,2,1,1,0,1,435,3,25,0
1990,65,2,0,0,0,0,339,1,0,0
1990,63,1,0,0,0,1,57,1,40,0
1990,24,2,2,0,0,1,313,3,40,0
1990,26,1,0,0,0,1,59,1,45,0
1990,25,2,0,0,0,1,154,5,0,0
1990,30,1,0,0,0,0,889,3,40,0
1990,31,2,0,0,0,1,683,1,40,0
1990,68,2,3,0,0,0,0,0,0,0
1990,59,1,2,0,0,0,337,1,44,0
1990,32,1,0,0,0,1,628,1,40,0
1990,35,2,0,0,0,1,186,5,40,0
1990,39,1,0,0,0,1,856,1,40,0
1990,36,2,0,0,0,0,243,3,40,0
1990,30,1,0,1,0,1,734,1,37,0
1990,31,2,0,1,0,0,379,5,40,0
1990,55,2,3,0,0,0,0,0,0,0
1990,45,1,0,0,0,1,505,4,40,0
1990,40,2,0,0,0,1,95,5,32,0
1990,43,1,0,3,3,1,83,5,40,1
1990,40,2,0,3,3,1,0,0,0,0
1990,71,2,0,3,3,0,0,0,0,0
1990,57,2,2,1,0,1,22,3,99,0
1990,37,1,0,1,0,0,379,3,99,0
1990,36,2,0,1,0,0,385,6,40,0
1990,55,1,0,0,0,1,154,5,60,0
1990,56,2,0,0,0,1,95,5,60,0
1990,47,1,1,0,0,1,0,0,0,0
1990,51,2,0,0,0,1,313,5,40,0
1990,51,1,0,0,0,1,254,4,40,0
1990,29,1,1,0,0,1,274,3,24,0
1990,25,2,1,0,0,1,156,5,48,0
1990,70,2,3,1,0,0,0,0,0,0
1990,67,2,2,0,0,0,25,4,40,0
1990,40,2,2,3,0,0,434,3,21,0
1990,27,2,1,0,0,1,804,2,40,0
1990,27,1,0,0,0,0,567,0,50,0
1990,27,2,0,0,0,0,0,0,0,0
1990,78,2,3,0,0,0,0,0,0,0
1990,37,1,1,0,0,1,23,4,48,0
1990,65,1,0,0,0,1,777,1,40,1
1990,62,2,0,0,0,0,0,0,0,0
1990,63,1,0,3,0,0,597,0,45,1
1990,61,2,0,0,0,0,0,0,0,0
1990,20,1,1,3,0,1,774,1,50,0
1990,41,1,1,0,0,0,496,1,0,0
1990,39,1,0,0,0,1,523,4,42,0
1990,41,2,0,0,0,1,95,5,40,0
1990,69,1,0,0,0,0,558,0,0,0
1990,73,2,0,0,0,0,0,0,0,0
1990,33,1,0,0,0,0,503,3,40,0
1990,35,2,0,0,0,0,0,0,0,0
1990,69,1,0,0,0,0,0,0,0,0
1990,64,2,0,0,0,0,0,0,0,0
1990,77,2,3,0,0,0,0,0,0,0
1990,39,1,0,0,0,1,65,1,50,1
1990,38,2,0,0,0,1,264,3,20,0
1990,18,2,1,0,0,1,276,3,20,0
1990,33,1,2,0,0,1,65,1,45,0
1990,25,1,1,0,0,1,54,1,40,0
1990,54,1,0,0,0,0,243,3,70,0
1990,45,2,0,0,0,0,0,0,0,0
1990,31,1,0,0,0,0,516,1,40,0
1990,29,2,0,0,0,0,453,3,42,0
1990,68,2,3,0,0,1,0,0,0,0
1990,26,2,2,0,0,1,435,3,40,0
1990,56,1,2,0,0,0,444,1,30,0
1990,68,1,0,0,0,0,0,0,0,0
1990,61,2,0,0,0,0,0,0,0,0
1990,32,1,0,0,0,0,804,2,45,0
1990,29,2,0,0,0,0,436,5,30,0
1990,74,2,3,0,0,0,356,5,12,0
1990,57,1,3,0,0,0,58,2,36,0
1990,45,1,0,0,0,0,9,5,40,0
1990,46,2,0,0,0,0,385,4,40,0
1990,19,1,1,0,0,0,436,3,40,0
1990,31,1,0,0,0,1,869,0,43,0
1990,23,2,0,0,0,1,95,5,30,0
1990,64,1,0,0,0,0,473,0,40,0
1990,62,2,0,0,0,0,0,0,0,0
1990,43,1,0,0,0,1,558,0,50,0
1990,41,2,0,0,0,0,433,3,35,0
1990,18,1,1,0,0,0,443,3,40,0
1990,39,1,0,0,0,1,749,3,50,0
1990,36,2,0,0,0,1,37,1,40,0
1990,21,1,0,0,0,0,779,1,45,0
1990,21,2,0,0,0,0,468,6,25,0
1990,24,1,2,0,0,0,453,5,42,0
1990,53,1,0,0,0,0,777,1,40,0
1990,42,2,0,0,0,1,383,4,40,0
1990,26,1,1,0,0,1,783,1,40,0
1990,63,1,3,0,0,0,783,1,60,0
1990,36,1,0,0,0,1,804,2,80,0
1990,33,2,0,0,0,1,447,5,40,0
1990,37,2,2,0,0,0,276,3,26,0
1990,42,1,0,0,0,0,547,4,40,1
1990,38,2,0,0,0,0,0,0,0,0
1990,44,1,0,0,0,0,566,0,30,0
1990,37,2,0,0,0,1,229,1,45,0
1990,40,1,2,0,0,1,505,6,40,0
1990,47,2,2,0,0,1,0,0,0,0
1990,23,1,1,0,0,0,866,0,40,0
1990,42,1,0,0,0,0,637,1,45,1
1990,39,2,0,0,0,0,337,5,40,0
1990,28,1,2,0,0,0,567,0,40,0
1990,53,1,0,0,0,0,889,1,40,0
1990,54,2,0,0,0,1,156,5,32,0
1990,27,1,1,0,0,1,426,5,40,0
1990,33,2,2,0,0,0,453,4,0,0
1990,60,1,0,0,0,0,0,0,0,0
1990,24,2,0,0,0,0,0,0,0,0
1990,31,1,0,0,0,0,453,2,40,0
1990,29,2,0,0,0,0,315,4,40,0
1990,58,1,0,0,0,1,157,5,50,0
1990,54,2,0,0,0,0,313,4,40,0
1990,29,1,3,0,0,1,156,5,40,0
1990,75,2,3,0,0,0,0,0,0,0
1990,38,1,0,0,0,0,877,3,40,0
1990,39,2,0,0,0,0,337,4,40,0
1990,68,1,0,0,0,0,426,3,45,0
1990,61,2,0,0,0,0,447,4,32,0
1990,56,1,0,0,0,1,7,4,48,1
1990,56,2,0,0,0,1,0,0,0,0
1990,73,1,0,0,0,1,0,0,0,0
1990,70,2,0,0,0,1,0,0,0,0
1990,43,1,1,0,0,1,0,0,0,0
1990,38,2,2,0,0,0,777,1,45,0
1990,58,1,0,0,0,1,22,1,50,1
1990,53,2,0,0,0,1,323,4,0,0
1990,38,2,2,0,0,1,315,1,40,0
1990,78,2,3,0,0,0,0,0,0,0
1990,72,2,3,0,0,1,0,0,0,0
1990,55,1,0,0,0,0,766,1,0,0
1990,49,2,0,0,0,0,683,1,40,0
1990,27,1,2,0,0,0,533,2,40,0
1990,34,2,2,0,0,0,276,3,40,0
1990,42,1,0,0,0,1,577,2,40,0
1990,40,2,0,0,0,1,95,5,30,0
1990,19,1,1,0,0,0,774,4,20,0
1990,50,1,0,0,0,0,628,1,48,0
1990,50,2,0,0,0,0,283,4,30,0
1990,28,1,1,0,0,1,433,3,38,0
1990,25,2,3,0,0,0,877,4,38,0
1990,69,1,0,0,0,0,473,0,8,0
1990,68,2,0,0,0,0,0,0,0,0
1990,65,2,1,0,0,0,0,0,0,0
1990,75,1,0,0,0,0,0,0,0,0
1990,74,2,0,0,0,1,0,0,0,0
1990,70,2,3,0,0,1,0,0,0,0
1990,42,1,0,0,0,1,59,6,40,1
1990,41,2,0,0,0,1,436,3,0,0
1990,51,2,2,0,0,0,449,4,30,0
1990,31,2,1,1,0,1,313,6,40,0
1990,48,1,0,0,0,0,566,3,40,0
1990,47,2,0,0,0,0,379,5,40,0
1990,61,1,0,0,0,1,259,1,48,0
1990,60,2,0,0,0,0,155,5,52,0
1990,50,1,0,0,0,0,783,1,40,0
1990,48,2,0,0,0,0,276,5,15,0
1990,22,2,1,0,0,0,447,5,37,0
1990,30,1,0,0,0,0,777,1,40,0
1990,28,2,0,0,0,0,0,0,0,0
1990,45,1,0,0,0,1,417,6,45,0
1990,40,2,0,0,0,1,5,6,40,0
1990,25,2,2,0,0,1,313,4,40,0
1990,28,1,1,0,0,1,434,3,75,0
1990,67,1,0,0,0,0,473,0,0,0
1990,66,2,0,0,0,0,0,0,0,0
1990,70,2,3,0,0,0,0,0,0,0
1990,66,1,0,0,0,0,0,0,0,0
1990,58,2,0,0,0,0,0,0,0,0
1990,67,2,3,0,0,0,0,0,0,0
1990,25,2,2,0,0,0,17,3,50,0
1990,68,1,1,0,0,0,856,1,0,0
1990,31,1,0,2,1,0,849,3,40,0
1990,24,2,0,2,0,0,447,5,40,0
1990,71,2,3,0,0,0,0,0,0,0
1990,55,1,0,0,0,0,0,0,0,0
1990,46,2,0,0,0,1,466,5,15,0
1990,24,1,1,0,0,1,268,3,39,0
1990,22,2,1,0,0,1,188,1,50,0
1990,69,2,2,0,0,0,0,0,0,0
1990,65,1,0,0,0,0,0,0,0,0
1990,62,2,0,0,0,0,0,0,0,0
1990,28,1,1,0,0,0,365,3,41,0
1990,74,1,0,0,0,1,0,0,0,0
1990,75,2,0,0,0,0,23,6,24,0
1990,50,1,0,0,0,0,804,6,44,0
1990,45,2,0,0,0,1,444,3,15,0
1990,19,2,1,0,0,0,443,3,40,0
1990,48,1,0,0,0,0,563,0,40,1
1990,45,2,0,0,0,0,315,4,40,0
1990,19,1,1,0,0,1,877,3,20,0
1990,55,1,0,0,0,0,243,3,40,0
1990,55,2,0,0,0,1,0,0,0,0
1990,32,1,1,0,0,1,57,1,50,0
1990,31,2,1,0,0,1,355,2,40,0
1990,34,2,1,3,3,1,59,6,40,0
1990,63,1,2,0,0,1,514,4,40,0
1990,78,1,3,0,0,0,0,0,0,0
1990,30,2,2,0,0,0,243,3,50,0
1990,61,1,0,0,0,0,804,0,0,0
1990,61,2,0,0,2,1,0,0,0,0
1990,22,2,1,0,0,1,439,3,10,0
1990,35,1,0,0,0,1,17,3,50,0
1990,38,2,0,0,0,0,336,6,35,0
1990,76,1,0,0,0,0,0,0,0,0
1990,79,2,0,0,0,0,0,0,0,0
1990,67,1,1,0,0,1,0,0,0,0
1990,32,1,0,0,0,1,415,4,60,0
1990,29,2,0,0,0,1,383,4,30,0
1990,50,1,0,0,0,0,274,3,40,0
1990,49,2,0,0,0,0,0,0,0,0
1990,65,1,0,0,0,1,436,5,30,0
1990,65,2,0,0,0,0,436,5,42,0
1990,53,1,0,1,0,1,257,5,35,0
1990,50,2,0,1,0,1,27,5,30,0
1990,26,2,1,1,0,0,754,1,40,0
1990,22,1,1,1,0,0,777,1,50,0
1990,80,2,3,0,0,1,0,0,0,0
1990,78,2,3,0,0,1,0,0,0,0
1990,37,1,1,0,0,0,259,1,40,0
1990,43,1,0,0,0,0,585,5,40,0
1990,42,2,0,0,0,0,435,3,35,0
1990,18,2,1,0,0,0,435,3,8,0
1990,25,1,1,0,0,1,25,4,40,0
1990,43,1,0,0,0,0,597,0,40,0
1990,42,2,0,0,0,1,0,0,0,0
1990,21,1,1,0,0,0,883,3,40,0
1990,53,1,1,0,0,1,704,1,42,0
1990,45,1,0,0,0,1,7,4,60,1
1990,46,2,0,0,0,1,319,5,40,0
1990,57,1,0,0,0,1,33,1,20,0
1990,57,2,0,0,0,0,278,1,22,0
1990,44,1,0,0,0,0,799,1,40,0
1990,43,2,0,0,0,0,276,3,27,0
1990,20,2,1,0,0,0,458,4,32,0
1990,73,1,0,0,0,0,0,0,0,0
1990,71,2,0,0,0,0,0,0,0,0
1990,27,1,0,0,0,0,453,5,40,0
1990,29,2,0,0,0,1,467,5,25,0
1990,53,1,0,0,0,0,516,4,50,0
1990,50,2,0,0,0,0,436,3,40,0
1990,26,1,0,0,0,0,475,0,50,0
1990,26,2,0,0,0,0,785,1,43,0
1990,32,1,0,0,0,0,883,1,71,0
1990,33,2,0,0,0,0,447,5,17,0
1990,63,1,0,0,0,1,154,5,40,0
1990,64,2,0,0,0,1,183,5,28,0
1990,63,1,0,0,0,1,549,3,46,0
1990,62,2,0,0,0,0,329,5,30,0
1990,25,1,1,0,0,0,777,1,43,0
1990,19,1,1,0,0,1,95,3,32,0
1990,26,1,0,0,0,1,154,5,40,0
1990,22,2,0,0,0,1,23,5,40,0
1990,22,1,1,0,0,1,154,5,20,0
1990,20,2,1,0,0,1,435,3,8,0
1990,19,2,1,0,0,1,383,4,20,0
1990,19,2,1,0,0,1,276,3,35,0
1990,69,1,0,0,0,0,628,1,0,0
1990,68,2,0,0,0,0,264,3,22,0
1990,65,2,2,0,0,0,0,0,0,0
1990,29,1,0,0,0,0,756,1,40,0
1990,29,2,0,0,0,1,274,3,22,0
1990,73,2,3,0,0,0,666,4,20,0
1990,28,1,0,0,0,0,804,3,40,0
1990,24,2,0,0,0,0,447,5,32,0
1990,34,1,0,0,0,1,518,4,60,1
1990,29,2,0,0,0,1,313,3,25,1
1990,40,2,0,0,0,0,23,5,40,0
1990,45,1,0,0,0,0,804,0,42,0
1990,72,2,3,0,0,1,0,0,0,0
1990,39,1,2,0,0,0,869,0,40,0
1990,41,1,0,0,0,1,156,5,50,0
1990,40,2,0,0,0,0,383,4,20,0
1990,75,2,0,0,0,0,0,0,0,0
1990,32,2,2,0,0,1,95,5,40,0
1990,57,1,0,0,0,0,637,1,40,0
1990,51,2,0,0,0,0,0,0,0,0
1990,37,1,0,0,0,1,558,0,50,1
1990,35,2,0,0,0,1,337,0,10,0
1990,31,1,1,0,0,1,684,1,40,0
1990,42,1,0,0,0,1,549,4,60,0
1990,41,2,0,0,0,0,313,4,40,0
1990,42,1,0,0,0,0,435,3,40,0
1990,43,2,0,0,0,0,243,3,40,0
1990,21,1,1,0,0,1,436,3,20,0
1990,77,2,3,0,0,1,0,0,0,0
1990,80,2,1,0,0,0,0,0,0,0
1990,30,1,0,0,0,1,869,0,45,0
1990,27,2,0,0,0,1,276,3,12,0
1990,32,2,1,0,0,1,387,5,20,0
1990,29,1,0,0,0,1,418,6,40,0
1990,28,2,0,0,0,0,337,0,25,0
1990,53,2,1,0,0,0,0,0,0,0
1990,29,1,2,0,0,0,449,5,35,0
1990,18,2,1,0,0,0,435,4,20,0
1990,26,2,1,0,0,0,0,0,0,0
1990,67,1,0,0,0,0,0,0,0,0
1990,67,2,0,0,0,0,274,3,6,0
1990,38,1,0,0,0,1,567,0,40,0
1990,34,2,0,3,0,1,203,5,40,0
1990,35,1,0,0,0,1,259,3,50,0
1990,37,2,0,0,0,1,156,5,40,0
1990,36,1,0,0,0,1,22,2,65,0
1990,37,2,0,0,0,1,467,5,57,0
1990,75,1,0,0,0,0,0,0,0,0
1990,65,2,0,0,0,0,0,0,0,0
1990,52,1,0,0,0,0,259,3,40,0
1990,50,2,0,0,0,0,268,3,35,0
1990,40,1,0,0,0,1,157,5,40,0
1990,36,2,0,0,0,1,95,5,40,0
1990,18,2,1,0,0,0,453,4,30,0
1990,70,1,0,0,0,0,486,0,15,0
1990,66,2,0,0,0,1,25,4,28,0
1990,38,1,0,0,0,1,785,4,30,0
1990,36,2,0,0,0,1,316,4,34,0
1990,43,2,1,0,0,0,337,6,37,0
1990,74,2,3,0,0,1,23,6,37,0
1990,53,1,2,0,0,0,0,0,0,0
1990,48,1,0,0,0,0,36,3,40,0
1990,49,2,0,0,0,0,779,1,40,0
1990,34,2,2,0,0,1,889,1,32,0
1990,24,2,3,0,0,0,0,0,0,0
1990,26,1,3,0,0,0,783,0,62,0
1990,67,2,3,0,0,0,0,0,0,0
1990,54,1,0,0,0,0,0,0,0,0
1990,52,2,0,0,0,0,0,0,0,0
1990,23,2,1,0,0,1,23,5,40,0
1990,19,1,1,0,0,0,877,3,16,0
1990,66,2,3,0,0,0,444,3,27,0
1990,44,1,0,0,0,0,785,1,40,0
1990,36,2,0,0,0,1,207,5,40,0
1990,18,2,1,0,0,0,435,3,20,0
1990,80,1,0,0,0,0,0,0,0,0
1990,77,2,0,0,0,0,0,0,0,0
1990,66,2,3,0,0,0,0,0,0,0
1990,74,1,3,0,0,0,0,0,0,0
1990,51,1,0,0,0,1,19,4,45,1
1990,48,2,0,0,0,1,254,4,20,0
1990,47,1,0,0,0,0,595,0,40,0
1990,42,2,0,0,0,0,436,3,36,0
1990,24,2,1,0,0,0,0,0,0,0
1990,57,1,0,0,0,0,804,1,50,0
1990,55,2,0,0,0,0,0,0,0,0
1990,34,1,1,0,0,0,549,1,48,0
1990,40,1,0,0,0,0,547,1,48,0
1990,39,2,0,0,0,0,447,6,34,0
1990,38,1,0,0,0,1,889,1,40,0
1990,25,2,0,0,0,0,0,0,0,0
1990,62,1,0,0,0,0,213,1,32,0
1990,59,2,0,0,0,0,0,0,0,0
1990,26,1,1,0,0,0,885,4,49,0
1990,23,2,1,0,0,0,447,5,36,0
1990,65,1,2,0,0,0,0,0,0,0
1990,54,1,0,0,0,1,22,5,60,0
1990,52,2,0,0,0,0,808,5,25,0
1990,25,1,2,0,0,0,475,0,40,0
1990,54,2,0,0,0,0,264,3,34,0
1990,61,1,0,0,0,0,584,0,40,0
1990,28,1,2,0,0,0,0,0,0,0
1990,79,2,3,0,0,1,0,0,0,0
1990,35,1,0,0,0,1,25,4,42,0
1990,38,2,0,0,0,1,466,5,30,0
1990,60,1,0,0,0,0,22,2,0,0
1990,54,2,0,0,0,1,95,5,46,0
1990,68,1,0,0,0,0,628,1,0,0
1990,69,2,0,0,0,0,315,5,0,0
1990,29,2,2,0,0,1,785,1,56,0
1990,34,1,2,1,0,0,327,3,48,0
1990,31,2,0,0,0,0,453,1,8,0
1990,34,1,0,0,0,0,263,3,60,0
1990,66,1,0,0,0,0,534,4,40,0
1990,62,2,0,0,0,0,277,3,14,0
1990,19,1,0,0,0,0,243,3,40,0
1990,19,2,0,0,0,1,439,3,30,0
1990,18,2,1,0,0,0,313,5,16,0
1990,19,2,1,0,0,0,467,5,16,0
1990,37,2,2,0,0,1,207,6,40,0
1990,59,2,3,0,0,1,444,3,35,0
1990,33,1,1,0,0,0,883,3,40,0
1990,48,2,2,0,0,1,163,5,40,0
1990,57,1,0,0,0,0,577,2,40,0
1990,50,2,0,0,0,1,889,1,42,0
1990,19,2,1,0,0,1,274,3,20,0
1990,77,2,3,0,0,0,0,0,0,0
1990,44,1,0,0,0,1,503,1,40,0
1990,43,2,0,0,0,1,95,5,24,0
1990,21,2,1,0,0,1,373,3,40,0
1990,38,1,0,0,0,1,514,4,40,0
1990,29,2,0,0,0,1,156,5,40,0
1990,37,1,0,0,0,0,479,0,50,0
1990,38,2,0,0,0,1,0,0,0,0
1990,56,1,0,0,0,1,467,5,0,0
1990,55,2,0,0,0,0,468,3,37,0
1990,71,2,3,0,0,0,449,4,0,0
1990,48,1,0,0,0,0,473,0,40,0
1990,45,2,0,0,0,1,389,4,40,0
1990,29,1,0,0,0,0,768,1,40,0
1990,27,2,0,0,0,0,719,1,40,0
1990,69,2,3,0,0,0,313,4,38,0
1990,70,1,0,0,0,0,475,0,72,0
1990,73,2,0,0,0,1,0,0,0,0
1990,65,1,0,0,0,0,0,0,0,0
1990,68,2,0,0,0,0,0,0,0,0
1990,62,1,0,0,0,0,804,2,14,0
1990,62,2,0,0,0,1,313,4,18,0
1990,26,1,0,0,0,0,869,0,40,0
1990,26,2,0,0,0,0,274,3,40,0
1990,30,1,0,0,0,0,637,1,40,0
1990,28,2,0,0,0,0,447,5,40,0
1990,40,1,0,0,0,0,253,4,0,0
1990,38,2,0,0,0,0,447,4,30,0
1990,18,1,1,0,0,0,785,5,13,0
1990,75,1,3,0,0,0,479,0,40,0
1990,57,1,0,0,0,0,475,0,50,1
1990,56,2,0,0,0,0,447,5,40,1
1990,27,1,1,0,0,0,453,5,40,0
1990,18,2,1,0,0,0,447,5,30,0
1990,75,2,2,0,0,0,458,4,0,0
1990,49,1,0,0,0,0,505,3,40,0
1990,39,2,0,0,0,0,447,5,50,0
1990,28,2,1,0,0,1,447,5,84,0
1990,56,1,0,0,0,0,0,0,0,0
1990,40,2,0,0,0,0,0,0,0,0
1990,32,1,0,0,0,0,507,3,50,0
1990,32,2,0,0,0,0,223,1,40,0
1990,25,1,0,0,0,0,804,2,40,0
1990,25,2,0,0,0,0,435,3,30,0
1990,35,1,0,0,0,1,253,4,40,0
1990,37,2,0,0,0,1,243,3,32,0
1990,31,1,1,0,0,0,434,3,40,0
1990,31,1,0,0,0,0,567,0,40,0
1990,32,2,0,0,0,0,383,4,24,0
1990,32,2,0,0,0,1,98,5,40,0
1990,51,1,0,0,0,0,259,3,50,1
1990,66,1,0,0,0,1,9,1,40,0
1990,62,2,0,0,0,1,0,0,0,0
1990,52,1,0,0,0,0,777,1,42,0
1990,65,2,0,0,0,0,376,1,0,0
1990,24,2,1,0,0,0,785,1,40,0
1990,51,1,0,0,0,0,709,1,0,0
1990,53,2,0,0,0,0,0,0,0,0
1990,42,1,2,0,0,1,174,6,40,0
1990,61,1,0,0,0,0,475,0,0,0
1990,53,2,0,0,0,0,0,0,0,0
1990,68,2,3,0,0,0,447,4,16,0
1990,27,1,0,0,0,1,243,3,42,1
1990,28,2,0,0,0,1,208,3,42,0
1990,46,1,2,0,0,0,434,3,60,0
1990,40,1,0,0,0,1,567,0,40,0
1990,40,2,0,0,0,1,204,5,40,0
1990,49,1,0,0,0,0,475,0,55,0
1990,41,2,0,0,0,0,473,0,50,0
1990,59,1,0,0,0,0,503,1,48,0
1990,56,2,0,0,0,0,275,4,0,0
1990,19,1,1,0,0,0,436,3,10,0
1990,78,2,3,0,0,0,0,0,0,0
1990,78,2,1,0,0,0,0,0,0,0
1990,28,1,0,0,0,0,889,1,60,0
1990,26,2,0,0,0,0,737,1,20,0
1990,23,1,0,0,0,0,779,3,40,0
1990,20,2,0,0,0,0,379,1,45,0
1990,32,1,0,0,0,0,856,1,55,0
1990,31,2,0,0,0,0,458,4,25,0
1990,80,2,3,0,0,0,0,0,0,0
1990,77,2,0,0,0,0,0,0,0,0
1990,61,1,0,0,0,0,263,3,48,0
1990,60,2,0,0,0,0,0,0,0,0
1990,21,1,0,0,0,1,796,1,51,0
1990,22,2,0,0,0,1,22,3,40,0
1990,70,1,3,0,0,0,0,0,0,0
1990,64,2,3,0,0,0,0,0,0,0
1990,31,1,0,0,0,0,453,4,40,0
1990,34,2,0,0,0,1,379,4,0,0
1990,69,2,3,0,0,1,319,4,14,0
1990,19,1,1,0,0,1,78,5,45,0
1990,77,2,2,0,0,0,0,0,0,0
1990,53,1,0,0,0,0,796,1,50,0
1990,52,2,0,0,0,0,0,0,0,0
1990,27,2,1,0,0,1,435,3,0,0
1990,28,1,0,0,0,1,243,3,50,0
1990,36,2,0,0,0,1,686,3,40,0
1990,52,1,3,0,0,0,694,2,40,0
1990,51,1,3,0,0,0,0,0,0,0
1990,35,1,0,0,0,1,253,4,48,1
1990,30,2,0,0,0,0,159,5,10,0
1990,61,1,2,0,0,1,796,1,10,0
1990,59,1,2,0,0,1,355,2,0,0
1990,38,1,2,1,0,1,243,1,48,0
1990,24,1,0,0,0,0,505,4,40,0
1990,19,2,0,0,0,0,265,3,0,0
1990,20,1,1,0,0,1,443,5,15,0
1990,53,2,2,0,0,1,185,0,50,0
1990,19,1,1,0,0,1,889,2,0,0
1990,37,2,2,0,0,0,418,6,50,0
1990,32,2,1,0,0,0,37,1,47,0
1990,54,1,0,0,0,1,23,5,50,1
1990,50,2,0,0,0,1,0,0,0,1
1990,36,2,1,0,0,0,0,0,0,0
1990,78,2,0,0,0,0,866,0,0,0
1990,34,1,0,0,0,1,577,2,40,0
1990,33,2,0,0,0,1,22,4,0,0
1990,36,1,0,0,0,1,13,4,50,0
1990,34,2,0,0,0,1,313,3,30,0
1990,72,1,0,0,0,0,567,0,0,0
1990,72,2,0,0,0,0,364,3,0,0
1990,79,2,0,0,0,0,0,0,0,0
1990,59,1,0,0,0,0,243,3,55,0
1990,59,2,0,0,0,1,157,5,40,0
1990,70,2,3,0,0,0,0,0,0,0
1990,70,1,0,0,0,1,486,3,24,0
1990,67,2,0,0,0,1,383,4,8,0
1990,75,1,3,0,0,0,0,0,0,0
1990,79,2,3,0,0,0,0,0,0,0
1990,56,2,3,0,0,0,0,0,0,0
1990,52,1,0,0,0,0,475,0,84,1
1990,51,2,0,0,0,0,0,0,0,0
1990,40,1,0,0,0,1,253,4,40,1
1990,40,2,0,0,0,1,379,4,30,0
1990,53,1,0,0,0,1,628,1,40,0
1990,48,2,0,0,0,0,313,6,60,0
1990,23,1,1,0,0,1,14,5,60,0
1990,77,1,0,0,0,0,479,0,60,0
1990,72,2,0,0,0,0,0,0,0,0
1990,31,1,0,0,0,0,17,3,50,0
1990,35,2,0,3,0,1,21,5,40,0
1990,45,1,1,0,0,1,268,3,33,0
1990,36,1,0,0,0,1,628,4,42,0
1990,34,2,0,0,0,0,804,5,20,0
1990,56,1,0,0,0,0,473,0,60,0
1990,50,2,0,0,0,0,313,5,20,0
1990,74,1,0,0,0,0,0,0,0,0
1990,64,2,0,0,0,0,0,0,0,0
1990,57,1,0,0,0,0,176,5,70,1
1990,59,2,0,0,0,0,313,5,8,0
1990,74,1,0,0,0,0,0,0,0,0
1990,74,2,0,0,0,0,0,0,0,0
1990,42,1,0,0,0,0,518,1,46,0
1990,36,2,0,0,0,0,313,1,40,0
1990,33,1,0,0,0,0,779,1,40,0
1990,26,2,0,0,0,0,0,0,0,0
1990,80,2,3,0,0,0,0,0,0,0
1990,34,1,1,0,0,1,505,3,25,0
1990,63,2,0,3,0,0,0,0,0,0
1990,32,1,1,1,0,0,785,1,26,0
1990,63,1,0,0,0,1,585,1,0,0
1990,53,2,0,0,0,0,0,0,0,0
1990,30,1,0,0,0,0,22,6,40,0
1990,37,2,0,0,0,1,203,5,0,0
1990,52,1,0,0,0,1,25,4,35,0
1990,45,2,0,0,0,0,243,3,35,0
1990,72,1,0,0,0,0,869,0,0,0
1990,65,2,0,0,0,0,0,0,0,0
1990,42,2,2,0,0,0,276,3,35,0
1990,64,1,0,0,0,0,558,1,0,1
1990,70,2,0,0,0,0,0,0,0,0
1990,25,1,0,0,0,0,804,1,40,0
1990,72,1,3,0,0,0,0,0,0,0
1990,45,1,0,0,0,0,103,5,45,0
1990,36,2,0,0,0,0,365,4,36,0
1990,71,2,3,0,0,0,0,0,0,0
1990,49,2,0,0,0,0,17,3,50,0
1990,62,1,0,0,0,0,804,2,0,0
1990,19,1,1,0,0,0,364,3,40,0
1990,41,1,0,0,0,1,355,2,50,0
1990,41,2,0,0,0,0,447,5,40,0
1990,79,2,0,0,2,0,426,4,0,0
1990,65,1,0,0,0,1,156,5,2,0
1990,62,2,0,0,0,1,178,5,50,1
1990,32,1,0,0,0,1,22,0,50,0
1990,31,2,0,0,0,0,243,0,50,0
1990,48,1,3,0,0,0,527,2,44,1
1990,18,2,1,0,0,1,243,3,25,0
1990,23,1,1,0,0,1,869,0,40,0
1990,36,1,0,0,0,1,418,6,40,0
1990,31,2,0,0,0,0,877,1,0,0
1990,55,1,0,0,0,0,628,1,40,0
1990,52,2,0,0,0,0,337,3,37,0
1990,47,1,0,0,0,1,274,3,65,0
1990,48,2,0,0,0,0,274,3,37,0
1990,18,1,1,0,0,0,274,3,30,0
1990,55,1,0,0,0,0,804,2,40,0
1990,53,2,0,0,0,0,15,5,40,0
1990,39,1,0,0,0,0,14,5,40,0
1990,38,2,0,0,0,1,95,5,25,0
1990,58,1,0,0,0,1,257,2,40,0
1990,53,2,0,0,0,0,0,0,0,0
1990,77,2,3,0,0,0,0,0,0,0
1990,40,1,0,0,0,1,567,0,40,0
1990,35,2,0,0,0,1,234,5,40,0
1990,41,1,0,0,0,1,22,3,42,1
1990,41,2,0,0,0,1,156,5,40,0
1990,63,2,3,0,0,1,313,5,47,0
1990,63,1,0,0,0,0,278,1,12,0
1990,63,2,0,0,0,0,356,4,25,0
1990,42,1,0,0,0,1,156,5,43,0
1990,34,2,0,0,0,1,314,6,45,0
1990,48,1,0,0,0,1,575,6,40,0
1990,46,2,0,0,0,0,0,0,0,0
1990,76,2,3,0,0,0,389,6,45,0
1990,80,2,3,0,0,0,259,3,0,0
1990,26,2,1,0,0,0,303,6,99,0
1990,79,2,3,0,0,0,0,0,0,0
1990,46,2,2,0,0,1,313,5,37,0
1990,22,2,1,0,0,0,328,5,37,0
1990,61,2,2,0,0,0,164,5,40,0
1990,67,1,3,0,0,0,0,0,0,0
1990,79,1,0,0,0,0,0,0,0,0
1990,76,2,0,0,0,0,0,0,0,0
1990,37,1,1,0,0,1,186,5,40,0
1990,40,1,0,0,0,1,228,2,40,0
1990,39,2,0,0,0,1,467,5,18,0
1990,18,1,1,0,0,0,436,3,20,0
1990,72,2,3,0,0,0,0,0,0,0
1990,36,2,0,0,0,0,777,3,46,0
1990,30,1,0,0,0,1,435,3,48,0
1990,18,2,1,0,0,0,436,3,30,0
1990,20,2,1,0,0,0,327,3,40,0
1990,64,2,3,0,0,0,243,3,41,0
1990,37,1,1,0,0,1,518,4,43,0
1990,36,1,1,0,0,1,593,0,40,0
1990,26,2,1,0,0,1,5,6,38,0
1990,30,2,1,0,0,0,335,6,40,0
1990,52,1,0,0,0,1,808,2,40,0
1990,50,2,0,0,0,0,15,5,40,0
1990,76,2,3,0,0,0,0,0,0,0
1990,63,1,2,0,0,0,505,3,40,1
1990,57,1,0,0,0,0,549,4,50,0
1990,54,2,0,0,0,0,197,6,37,0
1990,39,1,0,0,0,1,157,5,48,0
1990,38,2,0,0,0,1,0,0,0,0
1990,61,2,3,0,0,1,197,6,40,0
1990,26,2,1,0,0,1,274,3,20,0
1990,25,1,2,0,0,1,453,4,40,0
1990,38,1,2,1,0,1,909,6,0,0
1990,27,2,3,0,0,0,276,3,60,0
1990,51,2,3,0,0,0,436,3,40,0
1990,28,2,2,0,0,0,579,0,45,0
1990,24,2,1,0,0,1,23,5,48,0
1990,38,1,1,0,0,1,179,6,37,0
1990,79,2,3,0,0,0,0,0,0,0
1990,58,1,2,0,0,0,276,5,32,0
1990,43,1,0,0,0,1,178,5,40,0
1990,36,2,0,0,2,1,21,5,20,0
1990,61,1,0,0,0,0,22,3,0,0
1990,63,2,0,0,0,0,303,4,32,0
1990,39,1,0,0,0,1,84,5,60,1
1990,39,2,0,0,0,1,104,5,0,0
1990,48,1,0,0,0,1,5,6,40,0
1990,41,2,0,0,0,1,5,6,37,0
1990,80,1,0,0,0,0,178,6,16,0
1990,60,2,3,0,0,0,0,0,0,0
1990,41,1,0,1,0,0,17,3,99,0
1990,43,2,0,1,0,0,95,5,99,0
1990,77,2,2,1,0,0,444,3,90,0
1990,33,1,0,0,0,0,657,1,40,0
1990,30,2,0,0,0,0,95,5,20,0
1990,36,1,0,0,0,0,585,0,40,0
1990,31,2,0,0,0,0,385,6,37,0
1990,36,1,0,0,0,1,486,0,60,0
1990,38,2,0,0,0,0,337,3,37,0
1990,62,2,3,0,0,0,0,0,0,0
1990,29,1,1,0,0,0,869,0,40,0
1990,26,1,2,0,0,1,22,4,45,0
1990,27,1,1,0,0,1,267,3,50,0
1990,25,2,1,0,0,1,434,3,60,0
1990,30,1,0,0,0,0,628,1,40,0
1990,31,2,0,0,0,1,198,5,50,0
1990,75,2,3,0,0,0,363,3,0,0
1990,45,1,0,0,0,1,23,6,40,0
1990,48,2,0,0,0,1,36,6,40,0
1990,21,1,1,0,0,1,278,3,25,0
1990,73,2,3,0,0,0,0,0,0,0
1990,36,1,2,0,0,0,595,0,40,0
1990,39,1,0,0,0,0,243,3,48,0
1990,38,2,0,0,0,0,0,0,0,0
1990,62,2,3,0,0,1,0,0,0,0
1990,43,1,0,0,0,0,308,1,40,0
1990,42,2,0,0,0,0,808,5,22,0
1990,52,1,0,0,0,0,628,1,40,0
1990,49,2,0,0,0,0,456,4,25,0
1990,52,1,0,0,0,0,637,1,44,0
1990,53,2,0,0,0,0,458,4,0,0
1990,36,1,0,0,0,0,518,1,40,0
1990,35,2,0,0,0,1,95,5,40,0
1990,28,2,2,0,0,1,22,3,45,0
1990,43,1,0,0,0,1,22,1,57,1
1990,41,2,0,0,0,1,197,5,10,0
1990,31,1,0,0,0,1,355,2,43,0
1990,27,2,0,0,2,0,466,5,30,0
1990,42,1,2,0,0,0,804,3,40,0
1990,57,1,0,0,0,1,473,0,48,0
1990,55,2,0,0,0,0,313,5,20,0
1990,55,1,0,0,0,1,804,2,60,0
1990,34,2,0,0,0,1,313,5,40,0
1990,44,2,1,0,0,0,799,5,25,0
1990,55,1,2,0,0,0,849,1,40,0
1990,71,2,0,0,0,0,0,0,0,0
1990,53,1,0,0,0,0,0,0,0,0
1990,52,2,0,0,0,0,0,0,0,0
1990,55,2,2,1,0,0,446,5,26,0
1990,55,1,3,1,0,0,567,5,30,0
1990,70,2,3,0,0,0,0,0,0,0
1990,37,1,0,0,0,0,804,2,50,0
1990,35,2,0,0,0,0,17,3,35,0
1990,64,2,3,0,0,0,0,0,0,0
1990,40,2,2,0,0,0,799,1,40,0
1990,71,1,0,0,0,1,243,3,0,0
1990,71,2,0,0,0,1,0,0,0,0
1990,65,1,0,1,0,0,274,3,40,0
1990,61,2,0,1,0,0,274,3,20,0
1990,52,1,0,0,0,1,518,1,40,0
1990,49,2,0,0,0,0,0,0,0,0
1990,24,2,1,0,0,0,379,3,40,0
1990,23,1,1,0,0,0,505,1,40,0
1990,19,2,1,0,0,0,276,3,12,0
1990,45,2,2,0,0,1,628,1,50,1
1990,76,1,3,0,0,0,0,0,0,0
1990,39,1,2,0,0,1,785,3,50,0
1990,27,1,0,0,0,0,22,5,48,0
1990,27,2,0,0,0,0,754,1,40,0
1990,76,2,3,0,0,0,0,0,0,0
1990,62,2,3,0,0,1,23,6,37,0
1990,36,2,1,0,0,1,174,5,35,0
1990,38,2,2,0,0,0,447,5,40,0
1990,57,1,1,0,0,0,22,1,40,0
1990,44,1,0,0,0,1,235,2,40,0
1990,32,2,0,0,0,1,0,0,0,0
1990,37,1,2,0,0,0,558,0,40,0
1990,29,2,1,0,0,1,379,3,40,0
1990,38,1,0,0,0,0,869,2,0,0
1990,38,2,0,0,0,0,208,5,40,0
1990,28,2,1,0,0,1,313,5,40,0
1990,33,2,1,0,0,0,348,2,40,0
1990,49,1,3,0,0,0,756,1,55,0
1990,56,2,3,0,0,0,435,3,40,0
1990,46,1,0,0,0,1,544,4,0,0
1990,31,2,0,0,0,0,0,0,0,0
1990,22,1,0,0,0,0,426,4,60,0
1990,19,2,0,0,0,1,449,4,0,0
1990,23,2,2,0,0,0,315,4,38,0
1990,51,1,0,0,0,0,518,0,60,0
1990,49,2,0,0,0,0,0,0,0,0
1990,67,2,1,0,0,1,0,0,0,0
1990,64,1,1,0,0,0,0,0,0,0
1990,76,2,3,0,0,0,0,0,0,0
1990,25,1,0,0,0,1,734,1,40,0
1990,21,2,0,0,0,0,276,3,0,0
1990,31,1,0,0,0,0,243,3,40,0
1990,29,2,0,0,0,0,336,3,40,0
1990,59,1,0,0,0,0,453,1,36,0
1990,59,2,0,0,0,0,449,5,40,0
1990,34,1,1,0,0,0,486,0,40,0
1990,79,2,3,0,0,0,0,0,0,0
1990,30,1,0,0,0,0,628,5,40,0
1990,36,2,0,0,0,1,23,6,37,0
1990,33,1,0,0,0,0,777,1,48,0
1990,31,2,0,0,0,1,157,5,50,0
1990,69,1,0,0,0,0,0,0,0,0
1990,66,2,0,0,0,0,0,0,0,0
1990,54,2,2,0,0,1,383,4,39,0
1990,63,1,2,0,0,0,567,0,32,0
1990,64,1,0,0,0,0,804,2,0,0
1990,61,2,0,0,0,0,0,0,0,0
1990,49,1,0,0,0,0,628,0,40,0
1990,43,2,0,0,0,1,156,5,37,0
1990,34,1,0,0,0,0,804,3,55,0
1990,31,2,0,0,0,0,449,4,0,0
1990,37,1,0,0,0,1,243,3,47,0
1990,37,2,0,0,0,1,156,5,30,0
1990,77,2,0,0,0,0,0,0,0,0
1990,79,1,0,0,0,0,0,0,0,0
1990,63,1,0,0,0,0,804,1,0,0
1990,62,2,0,0,0,0,0,0,0,0
1990,43,1,0,0,0,1,766,1,40,0
1990,41,2,0,0,0,1,276,3,16,0
1990,20,1,1,0,0,1,383,4,20,0
1990,26,1,0,0,0,1,379,4,38,0
1990,25,2,0,0,0,0,385,4,38,0
1990,43,1,0,0,0,0,366,2,45,0
1990,41,2,0,0,0,0,344,1,20,0
1990,30,1,0,0,0,0,269,3,47,0
1990,29,2,0,0,0,1,25,4,38,0
1990,47,1,0,0,0,1,27,6,50,0
1990,40,2,0,0,0,1,276,3,32,0
1990,30,1,0,0,0,1,234,6,40,0
1990,33,2,0,0,0,1,156,5,40,0
1990,60,1,0,0,0,0,266,3,0,0
1990,53,2,0,0,0,0,447,5,40,0
1990,18,2,1,0,0,0,0,0,0,0
1990,29,2,1,1,0,0,785,0,40,0
1990,62,2,1,0,0,1,313,6,0,0
1990,37,1,3,0,0,0,0,0,0,0
1990,33,1,0,0,0,0,883,2,40,0
1990,29,2,0,0,0,1,337,6,60,0
1990,57,1,1,0,0,0,379,0,0,0
1990,58,1,1,0,0,1,59,6,0,0
1990,73,2,3,0,0,0,0,0,0,0
1990,57,1,0,0,0,1,22,5,48,0
1990,50,2,0,0,0,1,344,4,35,0
1990,21,1,1,0,0,1,385,6,8,0
1990,18,2,1,0,0,0,274,3,30,0
1990,30,1,0,0,0,1,22,4,30,0
1990,29,2,0,0,0,0,337,0,40,0
1990,19,2,1,0,0,0,0,0,0,0
1990,63,1,0,0,0,0,453,1,0,0
1990,60,2,0,0,0,0,0,0,0,0
1990,24,1,1,0,0,0,447,5,40,0
1990,66,2,3,0,0,0,434,3,48,0
1990,31,1,0,0,0,1,156,5,50,0
1990,31,2,0,0,0,1,156,5,40,0
1990,45,2,3,0,0,0,313,0,40,0
1990,51,2,0,0,0,0,666,4,45,0
1990,48,1,0,0,0,1,797,4,45,0
1990,32,2,2,0,0,0,313,6,37,0
1990,78,1,1,0,0,0,0,0,0,0
1990,52,1,1,0,0,0,459,5,40,0
1990,37,1,0,0,0,0,804,1,45,0
1990,41,2,0,0,0,0,0,0,0,0
1990,18,2,1,0,0,0,276,3,25,0
1990,26,1,1,0,0,1,473,0,60,0
1990,25,1,0,0,0,0,276,3,40,0
1990,26,2,0,0,2,0,877,3,0,0
1990,42,1,0,0,0,1,25,4,40,0
1990,39,2,0,0,0,1,0,0,0,0
1990,73,2,3,0,0,0,0,0,0,0
1990,46,1,0,0,0,0,804,2,50,0
1990,42,2,0,0,0,0,687,3,0,0
1990,62,1,0,0,0,0,243,3,0,0
1990,59,2,0,0,0,0,0,0,0,0
1990,77,1,0,0,0,0,0,0,0,0
1990,65,2,0,0,0,0,22,4,40,0
1990,33,1,3,0,0,1,364,1,40,0
1990,53,1,1,0,0,0,479,0,40,0
1990,48,1,1,0,0,0,479,0,40,0
1990,35,1,0,0,0,0,785,1,40,0
1990,27,2,0,0,0,0,453,3,0,0
1990,43,2,0,0,0,0,22,1,40,0
1990,46,1,0,0,0,0,757,1,60,0
1990,25,1,0,0,0,0,105,5,40,0
1990,24,2,0,0,0,1,744,1,35,0
1990,37,1,0,0,0,0,628,1,50,0
1990,36,2,0,0,0,0,0,0,0,0
1990,60,1,0,0,0,0,453,6,0,0
1990,60,2,0,0,0,0,679,1,40,0
1990,26,1,0,0,0,0,877,3,40,0
1990,26,2,0,0,0,0,254,4,37,0
1990,33,1,0,0,0,1,259,3,60,1
1990,32,2,0,0,0,1,338,3,24,0
1990,28,1,1,0,0,0,556,0,45,0
1990,66,2,3,0,0,0,479,0,8,0
1990,38,1,1,0,0,0,0,0,0,0
1990,32,1,1,0,0,0,473,0,50,0
1990,68,1,0,0,0,0,0,0,0,0
1990,66,2,0,0,0,0,0,0,0,0
1990,55,1,2,0,0,0,22,0,40,1
1990,54,2,2,0,0,0,447,5,0,0
1990,40,1,0,2,0,1,105,5,50,0
1990,31,2,0,0,0,1,904,6,0,0
1990,40,1,0,0,0,1,628,1,42,0
1990,40,2,0,0,0,1,254,4,20,0
1990,18,1,1,0,0,0,877,3,16,0
1990,27,2,2,0,0,1,313,1,0,0
1990,36,1,2,0,0,1,479,0,0,0
1990,37,1,1,0,0,0,0,0,0,0
1990,31,1,0,0,0,0,856,1,48,0
1990,30,2,0,0,0,0,888,1,48,0
1990,45,1,0,0,0,1,823,2,60,0
1990,40,2,0,0,0,0,195,1,40,0
1990,62,1,0,0,0,0,748,4,48,0
1990,65,2,0,0,0,0,355,2,40,0
1990,41,1,1,0,0,0,637,1,8,0
1990,55,1,0,0,0,1,8,1,50,0
1990,53,2,0,0,0,1,303,1,40,0
1990,35,2,3,0,0,0,444,5,0,0
1990,18,1,1,0,0,0,567,0,30,0
1990,33,1,0,0,0,0,856,1,50,0
1990,29,2,0,0,0,0,458,3,32,0
1990,48,1,0,0,0,0,243,3,40,0
1990,47,2,0,0,0,0,0,0,0,0
1990,26,1,0,0,0,0,719,1,45,0
1990,28,2,0,0,0,1,337,4,40,0
1990,46,1,0,0,0,0,804,2,99,0
1990,31,2,0,0,0,0,785,1,70,0
1990,61,1,0,0,0,1,0,0,0,0
1990,56,2,0,0,0,0,447,5,40,0
1990,67,1,0,0,0,0,883,2,0,0
1990,62,2,0,0,0,0,468,5,0,0
1990,49,1,0,0,0,1,637,1,40,0
1990,32,2,0,0,0,1,185,5,40,0
1990,50,2,0,0,0,0,748,5,0,0
1990,57,1,0,0,0,1,163,5,40,0
1990,22,1,0,0,0,1,523,6,40,0
1990,19,2,0,0,0,1,37,6,40,0
1990,36,1,0,0,0,1,585,1,40,0
1990,36,2,0,0,0,0,889,4,30,0
1990,29,1,0,0,0,0,509,2,40,0
1990,23,2,0,0,2,0,447,5,40,0
1990,51,1,0,0,0,0,13,1,70,0
1990,51,2,0,0,0,0,479,0,40,0
1990,22,2,1,0,0,0,268,3,40,0
1990,75,2,3,0,0,0,0,0,0,0
1990,37,2,1,0,0,0,0,0,0,0
1990,54,1,1,0,0,1,216,6,40,0
1990,26,1,0,0,0,0,777,1,48,0
1990,26,2,0,0,0,0,0,0,0,0
1990,58,1,0,0,0,0,473,0,60,0
1990,58,2,0,0,0,0,473,0,0,0
1990,24,1,1,0,0,1,869,0,40,0
1990,25,1,0,0,0,0,475,0,48,0
1990,25,2,0,0,0,1,308,4,40,0
1990,54,1,0,0,0,1,254,4,45,0
1990,52,2,0,0,0,1,313,3,42,0
1990,25,2,1,0,0,1,315,6,30,0
1990,23,2,1,0,0,1,467,5,40,0
1990,21,1,1,0,0,1,567,0,38,0
1990,19,2,1,0,0,1,628,3,40,0
1990,40,1,2,0,0,0,355,2,40,0
1990,30,1,0,0,0,0,243,3,40,0
1990,24,2,0,0,0,0,363,4,40,0
1990,44,2,0,0,0,1,95,5,40,0
1990,47,1,0,0,0,0,804,2,40,0
1990,20,2,1,0,0,1,785,1,40,0
1990,39,1,0,0,0,0,784,3,40,0
1990,40,2,0,0,0,0,447,5,40,0
1990,60,1,0,0,0,0,453,2,40,0
1990,51,2,0,0,0,0,7,4,40,0
1990,32,1,0,0,0,1,567,0,40,0
1990,25,2,0,0,0,1,208,5,50,0
1990,40,1,0,0,0,1,804,2,60,0
1990,37,2,0,0,0,0,359,2,20,0
1990,39,1,0,0,0,1,253,4,50,0
1990,38,2,0,0,0,1,156,5,50,0
1990,75,2,3,0,0,0,0,0,0,0
1990,28,1,0,0,2,1,804,2,70,1
1990,22,2,0,0,0,0,22,3,40,0
1990,59,2,3,2,1,0,0,0,0,0
1990,34,1,1,2,0,0,856,3,0,0
1990,32,1,1,2,0,0,0,0,0,0
1990,23,2,1,2,0,0,319,5,8,0
1990,22,1,1,2,0,1,864,6,35,0
1990,47,2,0,0,0,1,389,5,40,0
1990,49,1,0,0,0,0,779,1,48,1
1990,67,2,3,1,0,0,453,4,36,0
1990,72,1,0,0,0,0,0,0,0,0
1990,72,2,0,0,0,0,0,0,0,0
1990,21,1,1,0,0,1,217,1,60,0
1990,71,1,0,0,0,0,0,0,0,0
1990,70,2,0,0,0,0,0,0,0,0
1990,73,1,2,0,0,0,0,0,0,0
1990,31,2,0,0,0,0,278,3,36,0
1990,36,1,0,0,0,0,806,1,40,0
1990,59,1,2,0,0,0,656,1,10,0
1990,54,1,0,0,0,0,266,3,50,0
1990,53,2,0,0,0,0,458,4,10,0
1990,73,1,0,0,0,1,844,1,2,0
1990,72,2,0,0,0,1,156,5,0,0
1990,28,1,1,0,0,0,505,4,40,0
1990,67,1,3,0,0,0,0,0,0,0
1990,38,2,2,0,0,1,447,5,20,0
1990,23,2,3,0,0,0,0,0,0,0
1990,18,1,1,0,0,0,486,5,32,0
1990,30,1,0,0,0,1,27,5,40,0
1990,27,2,0,0,0,1,0,0,0,0
1990,62,1,0,0,0,0,457,4,30,0
1990,56,2,0,0,0,0,457,4,20,0
1990,77,1,3,0,0,0,0,0,0,0
1990,48,1,0,0,0,0,779,1,40,0
1990,48,2,0,0,0,0,337,4,40,0
1990,18,2,1,0,0,0,435,3,20,0
1990,70,1,0,0,0,0,0,0,0,1
1990,67,2,0,0,0,0,0,0,0,1
1990,27,1,1,0,0,1,213,1,46,0
1990,53,1,0,0,0,0,36,6,57,0
1990,50,2,0,0,0,0,265,3,15,0
1990,39,2,1,0,0,1,85,5,54,0
1990,42,2,2,0,0,1,21,5,40,1
1990,18,2,1,0,0,0,274,3,20,0
1990,63,2,2,0,0,1,0,0,0,0
1990,61,2,1,0,0,1,0,0,0,1
1990,43,2,2,1,0,0,379,5,40,0
1990,33,1,0,0,0,1,33,1,45,0
1990,25,2,0,0,3,1,348,4,40,0
1990,24,1,1,0,0,1,156,5,45,0
1990,26,2,2,0,0,1,156,5,40,0
1990,35,1,0,0,0,0,785,1,40,0
1990,32,2,0,0,0,0,469,3,32,0
1990,67,2,3,0,0,0,274,3,27,0
1990,42,2,1,0,0,1,174,5,40,0
1990,57,1,0,0,0,1,877,3,60,1
1990,57,2,0,0,0,0,877,3,0,0
1990,44,1,0,0,0,1,634,1,45,0
1990,45,2,0,0,0,0,0,0,0,0
1990,31,2,2,0,0,1,254,4,0,0
1990,34,1,1,0,0,1,804,0,40,0
1990,69,2,3,0,0,1,0,0,0,0
1990,37,1,0,0,0,1,869,0,60,1
1990,35,2,0,0,0,1,305,4,0,0
1990,23,1,1,1,0,1,386,5,34,0
1990,27,1,1,1,0,1,14,5,24,0
1990,22,1,1,1,0,1,335,5,0,0
1990,65,1,0,0,0,1,535,4,12,0
1990,58,2,0,0,0,1,387,5,24,0
1990,26,1,1,0,0,1,17,3,55,0
1990,25,1,1,0,0,1,243,3,60,0
1990,45,1,2,0,0,1,696,3,40,0
1990,30,1,0,0,0,0,889,5,44,0
1990,26,2,0,0,0,1,65,4,40,0
1990,41,1,0,0,0,1,7,2,40,1
1990,41,2,0,0,0,1,0,0,0,0
1990,59,2,3,0,0,1,313,5,40,0
1990,24,1,0,1,0,1,889,2,40,0
1990,27,2,0,1,0,1,337,4,40,0
1990,27,1,0,0,0,1,366,2,48,0
1990,25,2,0,0,0,1,315,5,37,0
1990,63,1,0,0,0,0,0,0,0,0
1990,58,2,0,0,0,0,0,0,0,0
1990,18,2,1,0,0,0,313,6,0,0
1990,72,1,0,0,0,0,0,0,0,0
1990,74,1,0,0,0,0,0,0,0,0
1990,73,2,0,0,0,0,0,0,0,0
1990,71,2,3,0,0,0,0,0,0,0
1990,25,1,0,0,0,1,796,1,43,0
1990,22,2,0,0,0,1,313,1,40,0
1990,50,1,0,0,0,1,22,2,50,0
1990,47,2,0,0,0,0,199,5,35,0
1990,28,1,0,0,2,1,176,5,60,0
1990,24,2,0,0,0,1,466,5,10,0
1990,43,1,0,0,0,1,26,5,50,0
1990,42,2,0,0,0,1,0,0,0,0
1990,48,1,3,0,0,1,257,5,50,0
1990,37,2,2,0,0,0,359,2,40,0
1990,63,1,0,0,0,0,856,1,0,0
1990,60,2,0,0,0,0,0,0,0,0
1990,32,1,1,0,0,0,415,4,40,0
1990,71,1,1,0,0,0,889,1,0,0
1990,24,2,1,0,0,0,276,3,0,0
1990,36,1,2,0,0,1,55,1,0,0
1990,37,1,0,0,0,1,797,1,40,0
1990,36,2,0,0,0,0,0,0,0,0
1990,55,1,0,0,0,0,426,1,40,0
1990,51,2,0,0,0,0,303,1,40,0
1990,33,1,1,0,0,0,856,1,40,0
1990,74,1,0,0,0,0,0,0,0,0
1990,70,2,0,0,0,0,0,0,0,0
1990,45,1,0,0,0,0,549,3,40,1
1990,41,2,0,0,0,1,313,4,20,0
1990,21,2,1,0,0,1,319,5,40,0
1990,19,1,1,0,0,0,887,3,25,0
1990,75,2,3,0,0,0,0,0,0,0
1990,71,1,0,0,0,1,0,0,0,0
1990,72,2,0,0,0,1,0,0,0,0
1990,65,1,0,0,0,0,0,0,0,0
1990,72,2,0,0,0,0,0,0,0,0
1990,55,1,0,0,0,0,518,1,65,1
1990,54,2,0,0,0,0,337,4,40,0
1990,26,1,2,0,0,0,904,6,60,0
1990,79,1,3,0,0,0,0,0,0,0
1990,31,1,0,0,0,1,274,3,45,0
1990,28,2,0,0,0,1,257,4,40,0
1990,58,1,0,0,0,1,65,5,32,1
1990,52,2,0,0,0,1,84,5,25,0
1990,20,1,1,0,0,0,444,3,20,0
1990,54,1,0,0,2,0,22,1,50,1
1990,49,2,0,0,2,0,22,0,45,0
1990,33,1,0,0,0,1,779,1,45,0
1990,34,2,0,0,0,1,383,4,24,0
1990,46,1,0,0,0,1,22,1,43,1
1990,42,2,0,0,0,1,0,0,0,0
1990,36,1,1,0,0,1,904,6,40,0
1990,55,2,2,1,0,1,23,6,40,0
1990,26,2,1,1,0,1,424,6,40,0
1990,29,2,1,1,0,0,785,5,40,0
1990,28,2,1,1,0,0,436,3,20,0
1990,76,2,3,1,0,0,0,0,0,0
1990,66,1,0,1,0,0,0,0,0,0
1990,61,2,0,1,0,1,0,0,0,0
1990,42,1,1,1,0,0,909,6,0,0
1990,57,2,2,1,0,0,0,0,0,0
1990,25,1,2,1,0,0,276,3,40,0
1990,39,2,3,1,0,0,426,4,32,0
1990,39,1,0,1,0,1,259,3,25,0
1990,38,2,0,1,0,1,157,5,35,0
1990,43,2,1,1,0,1,156,5,40,0
1990,57,1,0,0,0,1,218,6,40,1
1990,61,2,0,0,0,0,0,0,0,0
1990,60,1,0,0,0,0,453,5,45,0
1990,54,2,0,0,0,0,303,5,27,0
1990,24,1,1,0,0,1,22,0,40,0
1990,79,1,0,0,0,0,0,0,0,0
1990,67,2,0,0,0,0,0,0,0,0
1990,33,2,0,0,0,1,95,5,28,0
1990,36,1,0,0,0,1,22,3,45,0
1990,74,2,3,0,0,0,0,0,0,0
1990,79,1,0,0,0,0,0,0,0,0
1990,79,2,0,0,2,0,0,0,0,0
1990,73,2,3,0,0,0,0,0,0,0
1990,36,2,2,0,0,1,447,5,50,0
1990,74,2,3,0,0,0,0,0,0,0
1990,60,1,0,0,0,0,656,1,40,0
1990,58,2,0,0,0,0,0,0,0,0
1990,20,1,1,0,0,1,274,3,15,0
1990,63,1,0,0,0,0,453,5,40,0
1990,59,2,0,0,0,0,0,0,0,0
1990,38,1,2,0,0,0,453,5,40,0
1990,72,1,0,0,0,0,418,6,40,0
1990,70,2,0,0,0,0,0,0,0,0
1990,31,2,2,0,0,0,348,2,40,0
1990,31,1,0,1,0,0,909,6,0,0
1990,28,2,0,1,0,0,0,0,0,0
1990,57,2,3,0,0,0,339,2,40,0
1990,35,1,1,0,0,1,453,3,40,0
1990,72,1,3,1,0,0,0,0,0,0
1990,39,2,2,0,0,0,22,3,40,0
1990,36,1,0,0,0,1,779,1,40,0
1990,35,2,0,0,0,0,379,4,37,0
1990,20,2,1,1,0,0,0,0,0,0
1990,29,1,0,1,0,1,453,1,40,0
1990,24,2,0,1,0,1,453,5,18,0
1990,50,2,2,0,0,1,337,3,72,0
1990,26,1,1,0,0,1,804,3,30,0
1990,20,1,1,0,2,0,453,3,40,0
1990,18,2,1,0,0,0,276,3,25,0
1990,23,1,1,0,0,0,436,3,40,0
1990,33,2,1,1,0,0,0,0,0,0
1990,29,2,3,1,0,0,343,3,0,0
1990,75,1,0,0,0,0,0,0,0,0
1990,72,2,0,0,0,0,0,0,0,0
1990,53,1,0,0,0,1,27,1,40,1
1990,51,2,0,0,0,0,274,3,15,0
1990,24,1,0,0,0,0,804,2,50,0
1990,26,2,0,0,0,1,23,4,40,0
1990,46,1,0,0,0,1,156,5,35,0
1990,43,2,0,0,0,1,313,3,45,0
1990,53,1,0,0,0,1,804,3,60,0
1990,54,2,0,0,0,0,348,3,20,0
1990,27,1,0,0,0,1,208,6,40,0
1990,28,2,0,0,0,1,445,5,0,0
1990,30,1,0,0,0,1,229,6,72,0
1990,30,2,0,0,0,1,0,0,0,0
1990,43,1,0,0,2,0,617,0,48,0
1990,41,2,0,0,0,0,808,2,30,0
1990,21,2,0,0,0,0,435,3,24,0
1990,26,1,0,0,0,0,22,1,40,0
1990,76,2,1,0,0,0,0,0,0,0
1990,35,1,0,0,0,0,766,1,40,0
1990,34,2,0,0,0,0,274,3,25,0
1990,43,1,0,0,0,1,5,6,40,0
1990,44,2,0,3,3,0,203,5,40,0
1990,19,1,1,0,0,1,365,6,40,0
1990,51,1,0,0,0,0,55,0,40,0
1990,47,2,0,0,0,0,313,2,40,0
1990,24,2,1,0,0,1,156,5,40,0
1990,19,2,1,0,0,1,463,2,20,0
1990,49,1,0,0,0,0,783,1,40,0
1990,44,2,0,0,0,0,274,3,40,0
1990,26,1,0,0,0,0,634,1,40,0
1990,23,2,0,0,0,0,185,3,40,0
1990,75,1,0,0,0,0,0,0,0,0
1990,72,2,0,0,0,0,0,0,0,0
1990,57,1,0,0,0,0,365,1,40,0
1990,52,2,0,0,0,0,337,1,32,0
1990,33,1,0,0,0,0,475,0,75,0
1990,34,2,0,0,0,1,475,0,55,0
1990,28,2,1,0,0,1,22,4,40,0
1990,47,1,0,0,0,1,65,6,40,1
1990,48,2,0,0,2,1,0,0,0,0
1990,45,1,2,0,0,1,514,4,50,0
1990,72,2,3,0,0,1,348,5,40,0
1990,46,1,0,0,0,0,5,6,40,0
1990,44,2,0,0,0,0,303,5,40,0
1990,47,2,0,0,0,0,339,3,40,0
1990,48,1,0,0,0,0,785,1,0,0
1990,77,2,3,0,0,0,0,0,0,0
1990,59,1,0,3,3,1,84,5,50,1
1990,57,2,0,3,3,1,0,0,0,0
1990,56,1,0,0,0,1,27,1,45,0
1990,55,2,0,0,0,1,14,5,37,0
1990,40,1,0,0,0,1,243,3,50,0
1990,36,2,0,0,0,1,466,5,79,0
1990,50,1,0,0,0,1,253,4,40,1
1990,51,2,0,0,0,0,315,4,40,0
1990,20,2,1,0,0,1,274,3,10,0
1990,79,2,3,0,0,1,0,0,0,0
1990,31,1,1,0,0,0,21,5,60,0
1990,72,2,3,0,0,0,23,4,40,0
1990,51,2,1,0,0,0,253,4,10,0
1990,49,2,1,0,0,0,316,4,40,0
1990,44,1,1,0,0,0,355,2,40,0
1990,38,1,1,0,0,1,185,3,37,0
1990,26,1,1,0,0,0,595,0,70,0
1990,23,2,1,0,0,0,276,3,20,0
1990,78,2,3,0,0,0,0,0,0,0
1990,70,2,3,0,0,0,808,5,24,0
1990,24,1,1,0,0,0,257,2,40,0
1990,49,1,0,0,0,0,823,2,70,1
1990,47,2,0,0,0,0,254,4,40,0
1990,23,1,2,0,0,0,363,2,40,0
1990,28,1,1,1,0,1,56,6,50,0
1990,47,1,0,0,0,1,505,1,80,1
1990,46,2,0,0,0,1,156,5,40,0
1990,69,2,3,0,0,0,0,0,0,0
1990,50,1,1,0,0,0,628,3,40,0
1990,36,2,2,2,0,1,95,5,50,1
1990,42,1,0,0,0,0,519,1,50,0
1990,39,2,0,0,0,0,274,3,40,0
1990,72,2,3,0,0,0,0,0,0,0
1990,41,1,0,0,0,1,616,0,50,1
1990,31,2,0,0,0,1,159,5,15,0
1990,31,1,0,0,0,0,208,2,60,0
1990,29,2,0,0,0,0,453,4,0,0
1990,69,1,0,0,0,1,154,5,37,1
1990,69,2,0,0,0,1,0,0,0,0
1990,66,2,2,0,0,0,0,0,0,0
1990,74,2,3,0,0,0,0,0,0,0
1990,34,1,0,0,0,1,517,0,25,0
1990,34,2,0,0,0,1,154,5,10,0
1990,39,2,2,0,0,1,235,5,47,0
1990,66,2,2,0,0,0,628,1,0,0
1990,65,1,2,0,0,0,0,0,0,0
1990,30,1,0,0,0,1,235,2,40,0
1990,31,2,2,0,0,1,5,6,40,0
1990,34,1,0,0,0,1,22,0,60,1
1990,33,2,0,0,0,1,103,5,11,0
1990,75,2,3,0,0,1,0,0,0,0
1990,73,2,3,0,0,0,754,3,0,0
1990,63,1,0,0,0,0,696,5,37,0
1990,61,2,0,0,0,0,0,0,0,0
1990,18,2,1,0,0,0,264,3,24,0
1990,22,1,1,0,0,1,453,0,40,0
1990,19,2,1,0,0,0,435,3,18,0
1990,26,1,0,0,3,1,225,5,27,0
1990,35,2,0,3,3,1,159,5,0,0
1990,20,1,1,0,0,0,435,3,20,0
1990,22,1,1,3,0,0,436,3,20,0
1990,29,1,1,0,0,1,443,3,30,0
1990,28,1,1,0,0,1,505,4,50,0
1990,22,2,3,0,0,0,276,3,20,0
1990,57,2,0,0,0,0,865,4,6,0
1990,61,1,0,0,0,0,526,0,8,0
1990,20,1,1,0,0,1,514,4,8,0
1990,26,1,1,0,0,1,877,3,0,0
1990,27,1,1,0,0,1,869,0,0,0
1990,32,2,0,0,0,0,447,5,5,0
1990,30,1,0,0,0,0,22,2,45,0
1990,36,1,3,0,0,0,768,3,0,0
1990,36,1,0,0,0,0,426,5,40,0
1990,31,2,0,0,0,0,423,6,40,0
1990,26,2,3,0,0,0,799,1,40,0
1990,21,1,1,0,0,0,777,1,40,0
1990,75,2,3,0,0,0,0,0,0,0
1990,25,1,0,0,0,1,853,0,55,0
1990,23,2,0,0,0,0,276,3,30,0
1990,47,1,0,0,0,0,22,3,40,0
1990,46,2,0,0,0,0,444,5,10,0
1990,36,1,1,0,0,1,677,1,40,0
1990,58,2,2,0,0,0,436,3,40,0
1990,36,1,1,0,0,0,0,0,0,0
1990,51,1,0,2,0,1,869,0,40,0
1990,48,2,0,3,0,1,156,5,40,0
1990,66,2,3,0,0,0,436,5,30,0
1990,47,1,0,0,0,0,579,0,40,0
1990,39,2,0,0,0,0,313,5,30,0
1990,34,2,3,0,0,1,313,5,37,0
1990,44,2,2,0,0,1,0,0,0,0
1990,73,2,3,0,0,0,0,0,0,0
1990,18,2,1,0,0,0,447,5,40,0
1990,35,1,0,0,0,1,21,5,70,0
1990,31,2,0,0,0,1,178,5,37,0
1990,50,2,0,0,0,0,348,2,40,0
1990,41,1,0,0,0,0,783,0,40,0
1990,32,1,1,0,0,0,455,4,25,0
1990,28,1,1,0,0,0,883,2,0,0
1990,58,2,0,0,0,1,433,5,40,0
1990,61,1,0,0,0,0,804,2,40,0
1990,40,1,3,0,0,1,22,4,40,0
1990,59,1,0,0,0,1,14,5,40,0
1990,59,2,0,0,0,1,329,5,20,0
1990,20,2,1,0,0,1,17,3,38,0
1990,35,1,0,0,0,0,567,0,48,0
1990,34,2,0,0,0,1,686,3,40,0
1990,74,2,3,0,0,0,23,6,0,0
1990,30,1,0,0,0,1,806,3,40,0
1990,30,2,0,0,0,1,379,4,38,0
1990,32,1,0,0,0,0,593,0,0,0
1990,30,2,0,0,0,0,0,0,0,0
1990,37,1,0,0,0,0,856,1,70,0
1990,37,2,0,0,0,0,385,4,40,0
1990,50,2,2,0,0,0,17,3,40,0
1990,41,1,0,0,0,0,503,1,54,1
1990,41,2,0,0,0,0,808,5,20,0
1990,31,1,0,0,0,0,0,0,0,0
1990,31,2,0,0,0,0,747,1,0,0
1990,43,1,0,0,0,0,418,6,40,0
1990,56,2,0,0,0,0,243,3,0,0
1990,29,1,2,1,0,0,0,0,0,0
1990,61,2,3,1,0,0,0,0,0,0
1990,55,1,0,0,0,0,547,2,40,0
1990,53,2,0,0,0,0,0,0,0,0
1990,40,2,2,1,0,1,447,1,0,0
1990,78,2,3,0,0,0,0,0,0,0
1990,65,1,0,0,0,0,579,3,40,0
1990,59,2,0,0,0,0,0,0,0,0
1990,31,2,1,0,0,0,274,3,35,0
1990,39,1,0,0,0,1,756,1,40,0
1990,35,2,0,0,0,0,95,5,20,0
1990,19,2,1,0,0,0,276,3,20,0
1990,61,1,1,0,0,0,0,0,0,0
1990,62,1,0,0,0,0,853,0,54,0
1990,57,2,0,0,0,0,465,6,0,0
1990,26,1,0,0,0,1,215,1,44,0
1990,22,2,0,0,0,1,156,5,40,0
1990,78,2,3,0,0,0,0,0,0,0
1990,75,1,2,0,2,0,0,0,0,0
1990,64,1,0,0,0,1,22,5,0,0
1990,63,2,0,0,0,1,0,0,0,0
1990,41,1,2,0,0,0,617,0,0,0
1990,20,1,1,0,0,0,856,1,40,0
1990,36,2,2,0,0,0,435,3,0,0
1990,77,1,0,0,0,0,0,0,0,0
1990,74,2,0,0,0,0,0,0,0,0
1990,42,1,0,0,0,0,616,0,40,0
1990,38,2,0,0,0,0,313,4,40,0
1990,30,1,0,0,0,0,266,3,35,0
1990,30,2,0,0,0,0,276,3,0,0
1990,51,1,0,0,0,0,0,0,0,0
1990,49,2,0,0,0,0,0,0,0,0
1990,60,1,0,0,0,0,0,0,0,0
1990,59,2,0,0,0,0,616,0,54,0
1990,75,2,1,0,0,0,0,0,0,0
1990,38,1,0,0,0,1,804,2,70,0
1990,44,2,0,0,0,1,95,5,40,0
1990,22,2,2,0,0,0,276,3,20,0
1990,48,1,0,0,0,1,424,6,40,0
1990,47,2,0,0,0,1,95,5,40,0
1990,19,1,1,0,0,1,365,3,13,0
1990,63,1,0,0,0,0,0,0,0,0
1990,66,2,0,0,0,0,0,0,0,0
1990,30,1,2,0,0,1,856,1,44,0
1990,80,2,3,0,0,1,0,0,0,0
1990,53,1,3,0,0,1,453,5,48,0
1990,24,2,1,0,0,1,313,5,0,0
1990,18,2,1,0,0,0,435,3,24,0
1990,23,1,1,0,0,1,264,3,35,0
1990,21,2,1,0,0,1,276,3,35,0
1990,27,2,2,0,0,1,748,4,6,0
1990,34,1,1,0,0,1,869,0,40,0
1990,65,1,0,0,0,0,804,5,12,0
1990,60,2,0,0,0,0,447,5,40,0
1990,62,1,0,0,0,0,354,2,40,0
1990,62,2,0,0,0,0,0,0,0,0
1990,29,1,1,0,0,1,597,0,70,0
1990,28,1,1,0,0,1,364,1,40,0
1990,35,1,0,0,0,1,684,1,63,0
1990,29,2,0,0,0,1,383,4,0,0
1990,62,1,0,0,0,0,0,0,0,0
1990,62,2,0,0,0,0,276,4,24,0
1990,53,1,0,0,0,0,473,0,55,0
1990,48,2,0,0,0,0,0,0,0,0
1990,18,1,1,0,0,0,877,1,28,0
1990,68,1,1,0,0,0,0,0,0,0
1990,43,1,0,0,0,0,485,0,40,0
1990,43,2,0,0,0,0,447,5,0,0
1990,41,2,3,0,0,0,777,5,40,0
1990,72,1,0,0,0,0,0,0,0,0
1990,77,2,0,0,0,0,0,0,0,0
1990,46,2,3,0,0,0,313,4,30,0
1990,66,1,0,0,0,0,887,1,0,0
1990,59,2,0,0,0,1,0,0,0,0
1990,79,1,0,0,0,0,0,0,0,0
1990,79,2,0,0,0,0,0,0,0,0
1990,71,1,0,0,0,0,473,0,40,0
1990,69,2,0,0,0,0,0,0,0,0
1990,51,2,2,0,0,0,453,5,40,0
1990,29,1,1,0,0,0,486,0,15,0
1990,76,2,0,0,0,0,0,0,0,0
1990,64,2,3,0,0,1,0,0,0,0
1990,80,2,3,0,0,0,0,0,0,0
1990,78,1,0,0,0,0,0,0,0,0
1990,40,2,0,0,0,0,0,0,0,0
1990,39,1,0,0,0,1,678,5,40,0
1990,40,2,0,0,0,1,156,5,45,0
1990,54,1,0,0,0,0,877,1,0,0
1990,52,2,0,0,0,0,744,1,40,0
1990,18,1,1,0,0,0,0,0,0,0
1990,52,2,0,0,0,1,888,1,40,0
1990,49,1,0,0,0,0,453,1,40,0
1990,21,1,0,0,0,1,0,0,0,0
1990,80,2,3,0,0,0,0,0,0,0
1990,74,2,3,0,0,0,877,1,0,0
1990,73,2,3,0,0,0,0,0,0,0
1990,26,1,1,0,0,1,217,1,40,0
1990,51,1,0,0,0,1,628,1,40,0
1990,44,2,0,0,0,1,156,5,40,0
1990,68,1,3,0,0,1,0,0,0,0
1990,41,1,2,0,0,1,8,6,40,0
1990,51,1,3,0,0,1,616,0,40,0
1990,20,1,1,0,0,0,887,3,15,0
1990,47,2,3,0,0,0,449,5,28,0
1990,44,1,0,0,0,1,7,4,40,1
1990,43,2,0,0,0,1,156,5,40,0
1990,80,2,3,0,0,0,0,0,0,0
1990,75,2,3,0,0,0,407,4,0,0
1990,44,1,1,0,0,0,0,0,0,0
1990,31,2,3,0,0,0,447,5,40,0
1990,69,1,0,0,0,1,84,5,50,1
1990,69,2,0,0,0,1,15,5,20,0
1990,35,2,2,0,0,1,216,0,37,0
1990,38,1,3,1,0,1,479,0,40,0
1990,35,1,0,0,0,1,783,0,48,0
1990,33,2,0,0,0,1,744,1,30,0
1990,38,1,0,0,0,1,889,0,48,0
1990,36,2,0,0,0,0,453,4,0,0
1990,78,1,0,0,0,0,0,0,0,0
1990,73,2,0,0,0,0,0,0,0,0
1990,57,1,0,0,0,0,567,0,40,0
1990,55,2,0,0,0,0,877,3,40,0
1990,66,2,0,0,0,0,0,0,0,0
1990,70,2,2,0,0,0,0,0,0,0
1990,42,1,0,0,0,1,777,1,40,1
1990,35,2,0,0,0,0,276,4,40,0
1990,65,2,3,0,0,0,796,1,40,0
1990,49,1,0,0,0,1,5,6,40,0
1990,48,2,0,0,0,1,337,3,40,0
1990,19,2,1,0,0,1,276,3,12,0
1990,79,1,1,0,0,0,473,0,35,0
1990,72,1,1,0,0,0,0,0,0,0
1990,75,2,3,0,0,0,0,0,0,0
1990,56,1,0,0,0,0,616,0,40,1
1990,54,2,0,0,0,0,274,3,32,0
1990,32,1,0,0,0,0,783,4,40,0
1990,32,2,0,0,0,1,747,1,40,0
1990,74,2,3,0,0,0,0,0,0,0
1990,70,2,3,0,0,0,0,0,0,0
1990,39,1,0,0,0,0,869,0,40,0
1990,35,2,0,0,0,0,748,5,40,0
1990,18,1,1,0,0,0,0,0,0,0
1990,20,1,1,1,0,0,829,2,4,0
1990,61,1,0,0,0,1,96,3,40,0
1990,50,2,0,0,0,1,0,0,0,0
1990,29,2,1,0,0,1,479,0,50,0
1990,67,1,1,0,0,0,364,1,0,0
1990,80,2,3,0,0,0,0,0,0,0
1990,25,1,1,0,0,1,889,0,15,0
1990,22,2,1,0,0,1,243,3,48,0
1990,29,1,0,0,0,0,733,1,40,0
1990,21,2,0,0,0,0,435,3,40,0
1990,77,2,3,0,0,0,0,0,0,0
1990,53,1,0,0,0,0,614,0,40,0
1990,53,2,0,0,0,0,0,0,0,0
1990,65,1,0,0,0,0,453,0,0,0
1990,72,2,0,0,0,1,435,3,0,0
1990,28,2,0,0,0,0,15,5,0,0
1990,29,1,0,0,0,0,804,3,50,0
1990,42,1,2,0,0,0,567,0,30,0
1990,33,1,2,0,0,1,844,3,45,0
1990,21,2,1,0,0,1,185,3,35,0
1990,70,1,3,0,0,1,0,0,0,0
1990,57,1,0,0,0,0,0,0,0,0
1990,46,2,0,0,0,0,274,3,0,0
1990,58,1,0,0,0,0,804,0,48,0
1990,52,2,0,0,0,1,313,5,45,0
1990,31,1,0,0,0,0,804,0,40,0
1990,26,2,0,0,0,0,744,1,5,0
1990,28,1,2,0,0,0,505,4,40,0
1990,24,2,2,0,0,0,449,4,6,0
1990,24,2,3,0,0,0,315,5,0,0
1990,55,1,0,0,0,0,426,5,40,0
1990,53,2,0,0,0,0,5,6,10,0
1990,29,1,1,0,0,0,804,2,60,0
1990,31,1,0,0,0,0,453,0,40,0
1990,28,2,0,0,0,1,158,5,40,0
1990,54,2,1,1,0,0,909,6,0,0
1990,26,2,1,1,0,1,447,5,0,0
1990,25,2,1,1,0,1,0,0,0,0
1990,30,2,1,1,0,1,95,5,40,0
1990,69,1,0,1,0,0,0,0,0,0
1990,32,2,3,0,0,0,0,0,0,0
1990,30,1,0,0,0,0,307,0,48,0
1990,29,2,0,0,0,1,0,0,0,0
1990,27,2,1,0,0,1,385,5,40,0
1990,67,2,2,1,0,0,0,0,0,0
1990,70,2,3,0,0,1,0,0,0,0
1990,39,2,1,0,0,0,0,0,0,0
1990,27,2,1,1,0,1,909,6,0,0
1990,61,1,0,0,0,0,0,0,0,0
1990,55,2,0,0,0,0,337,1,0,0
1990,25,1,3,0,0,0,804,2,55,0
1990,44,2,1,0,0,0,0,0,0,0
1990,65,1,3,0,0,0,617,0,0,0
1990,36,1,1,0,0,0,909,6,0,0
1990,73,2,3,0,0,0,0,0,0,0
1990,58,1,2,0,0,0,0,0,0,0
1990,75,1,0,0,0,0,0,0,0,0
1990,74,2,0,0,0,0,0,0,0,0
1990,64,1,0,0,0,0,869,0,0,0
1990,64,2,0,0,0,0,0,0,0,0
1990,55,2,3,0,0,0,264,3,40,0
1990,78,1,0,0,0,0,535,3,0,0
1990,75,2,0,0,0,0,0,0,0,0
1990,41,2,2,0,0,1,174,5,37,0
1990,21,2,3,0,0,1,315,5,0,0
1990,27,1,1,0,0,0,269,3,65,0
1990,22,1,0,0,0,1,22,5,40,0
1990,20,2,0,0,0,0,159,5,40,0
1990,55,1,0,0,0,1,547,5,40,0
1990,58,2,0,0,0,0,389,6,0,0
1990,71,2,3,0,0,0,0,0,0,0
1990,51,1,0,0,0,0,804,1,40,0
1990,48,2,0,0,0,1,308,1,40,0
1990,19,1,1,0,0,1,274,3,15,0
1990,61,1,0,0,0,0,0,0,0,0
1990,39,2,0,0,0,1,783,1,12,0
1990,42,1,0,0,0,1,474,0,48,0
1990,44,2,0,0,0,1,243,3,45,0
1990,69,1,0,0,0,0,0,0,0,0
1990,74,2,0,0,0,0,453,3,0,0
1990,26,1,0,0,0,0,777,1,40,0
1990,25,2,0,0,0,0,754,1,40,0
1990,34,1,0,0,0,1,796,0,40,0
1990,34,2,0,0,0,1,156,5,45,0
1990,26,1,0,0,0,0,797,1,40,0
1990,23,2,0,0,2,0,754,1,40,0
1990,77,2,3,0,0,1,0,0,0,0
1990,42,1,0,0,0,0,803,3,45,0
1990,39,2,0,0,0,1,383,4,35,0
1990,21,1,1,0,0,1,269,3,30,0
1990,19,1,1,0,0,1,479,0,40,0
1990,78,2,3,0,0,0,0,0,0,0
1990,42,2,2,0,2,1,878,1,37,0
1990,26,1,0,0,0,1,869,0,40,0
1990,25,2,0,0,0,1,389,5,30,0
1990,42,1,0,0,0,1,505,4,62,0
1990,36,2,0,0,0,1,785,1,52,0
1990,72,1,0,0,0,0,0,0,0,0
1990,73,2,0,0,0,0,466,5,8,0
1990,51,2,2,0,0,0,426,4,40,0
1990,32,1,1,0,0,1,22,1,40,0
1990,31,1,1,0,0,0,365,3,40,0
1990,44,2,2,0,0,0,458,4,1,0
1990,72,2,3,0,0,1,0,0,0,0
1990,77,1,0,0,0,0,0,0,0,0
1990,74,2,0,0,0,0,0,0,0,0
1990,29,1,0,0,0,0,22,3,40,0
1990,26,2,0,0,0,1,447,5,40,0
1990,25,1,0,0,0,1,177,5,20,0
1990,26,2,0,0,0,1,313,5,40,0
1990,58,1,0,0,0,0,259,3,0,0
1990,46,2,0,0,0,0,0,0,0,0
1990,63,1,0,0,0,0,259,3,43,0
1990,59,2,0,0,0,0,243,3,32,0
1990,60,1,0,0,0,0,808,5,50,0
1990,56,2,0,0,0,0,0,0,0,0
1990,28,1,1,0,0,0,566,0,30,0
1990,52,1,0,0,0,1,276,3,25,0
1990,50,2,0,0,0,1,13,1,40,0
1990,72,1,0,0,0,0,0,0,0,0
1990,67,2,0,0,0,0,0,0,0,0
1990,60,1,0,0,0,0,804,2,0,0
1990,53,2,0,0,0,0,0,0,0,0
1990,37,2,0,0,0,1,785,1,40,0
1990,31,1,0,0,0,0,783,1,40,0
1990,78,2,0,0,0,0,0,0,0,0
1990,80,2,3,0,0,0,0,0,0,0
1990,59,2,3,3,4,0,449,5,40,0
1990,70,1,0,0,0,0,5,6,30,0
1990,66,2,0,0,0,0,0,0,0,0
1990,78,1,2,0,0,0,0,0,0,0
1990,79,1,0,0,0,0,473,0,40,0
1990,76,2,0,0,0,0,0,0,0,0
1990,27,1,0,0,0,1,549,3,40,0
1990,24,2,0,0,0,1,17,3,43,0
1990,28,1,0,0,0,1,877,3,36,0
1990,27,2,0,0,0,1,466,5,99,0
1990,37,1,1,0,0,0,799,5,20,0
1990,35,1,3,0,0,0,0,0,0,0
1990,58,1,0,0,0,0,689,6,48,0
1990,54,2,0,0,0,1,156,5,40,0
1990,23,2,1,0,0,1,156,5,40,0
1990,46,1,2,0,0,1,274,3,40,0
1990,20,2,1,0,0,1,374,3,23,0
1990,27,1,0,0,0,0,579,0,40,0
1990,26,2,0,0,0,1,22,3,32,0
1990,65,1,0,0,0,0,368,3,7,0
1990,62,2,0,0,0,0,0,0,0,0
1990,80,2,3,0,0,0,0,0,0,0
1990,39,1,0,0,0,1,769,1,50,0
1990,39,2,0,0,0,1,156,5,40,0
1990,51,1,1,0,0,0,453,5,20,0
1990,53,1,1,0,0,0,278,3,15,0
1990,62,1,1,0,0,1,0,0,0,0
1990,76,1,3,0,0,0,0,0,0,0
1990,76,2,3,0,0,1,0,0,0,0
1990,61,2,3,0,0,0,453,4,0,0
1990,34,1,0,0,0,0,753,0,40,0
1990,32,2,0,0,0,0,22,3,32,0
1990,20,1,0,0,0,1,276,3,36,0
1990,21,2,0,0,0,0,779,3,30,0
1990,54,1,0,0,0,0,696,2,40,0
1990,39,2,0,0,0,0,337,1,40,0
1990,18,1,1,0,0,1,877,3,30,0
1990,47,1,0,0,0,1,22,5,50,0
1990,46,2,0,0,0,1,0,0,0,0
1990,22,1,0,0,0,1,22,2,45,0
1990,23,2,0,0,0,1,328,1,40,0
1990,67,1,0,0,0,0,647,3,40,0
1990,65,2,0,0,0,0,0,0,0,0
1990,23,1,0,0,0,0,449,5,40,0
1990,66,2,3,0,0,0,0,0,0,0
1990,30,1,0,0,0,0,577,2,40,0
1990,30,2,0,0,0,0,0,0,0,0
1990,28,1,3,0,0,0,628,1,50,0
1990,23,2,1,0,0,0,796,1,45,0
1990,32,1,1,0,0,0,869,0,45,0
1990,46,1,1,0,0,0,888,1,40,0
1990,54,1,1,0,0,0,706,1,40,0
1990,78,1,1,0,0,0,0,0,0,0
1990,31,1,0,0,0,0,804,2,54,0
1990,44,2,0,0,0,1,95,5,50,0
1990,44,1,0,0,0,0,824,2,55,1
1990,43,2,0,0,0,0,276,3,30,0
1990,21,1,1,0,0,0,453,5,40,0
1990,20,2,1,0,0,1,447,5,20,0
1990,31,1,0,0,0,0,263,3,54,0
1990,32,2,0,0,0,0,785,1,40,0
1990,47,1,0,0,0,0,869,0,60,0
1990,40,2,0,0,0,0,447,5,0,0
1990,20,1,1,0,0,0,156,5,30,0
1990,78,1,3,0,0,0,0,0,0,0
1990,53,1,0,0,0,0,769,1,30,0
1990,63,2,0,0,4,0,0,0,0,0
1990,60,1,0,0,0,1,156,5,0,0
1990,61,2,0,0,0,1,0,0,0,0
1990,29,2,3,0,0,1,435,3,50,0
1990,72,2,3,0,0,0,877,3,0,0
1990,47,1,0,0,0,1,156,5,35,0
1990,34,2,0,0,0,1,466,5,40,0
1990,67,2,2,0,0,0,453,4,10,0
1990,77,1,0,0,0,1,0,0,0,0
1990,75,2,0,0,0,0,0,0,0,0
1990,25,1,0,0,0,1,579,0,35,0
1990,25,2,0,0,0,0,449,4,32,0
1990,24,1,0,0,0,1,883,1,60,0
1990,23,2,0,0,0,1,203,5,40,0
1990,43,2,2,0,0,0,779,1,40,0
1990,38,1,0,0,0,0,733,1,50,0
1990,34,2,0,0,0,0,0,0,0,0
1990,54,1,0,0,0,0,365,1,40,0
1990,50,2,0,0,0,0,447,5,40,0
1990,31,1,0,0,0,1,213,1,40,0
1990,30,2,0,0,0,1,159,5,37,0
1990,38,1,0,0,0,1,859,1,40,0
1990,35,2,0,0,0,1,164,5,10,0
1990,41,1,0,0,0,0,319,3,45,0
1990,31,2,0,0,0,0,316,3,24,0
1990,24,1,2,0,0,1,877,3,50,0
1990,69,2,2,0,0,0,453,3,15,0
1990,71,1,3,0,0,0,0,0,0,0
1990,29,1,0,0,0,1,473,0,40,0
1990,30,2,0,0,0,0,337,4,0,0
1990,71,2,3,0,0,0,0,0,0,0
1990,32,1,0,0,0,1,859,0,48,0
1990,30,2,0,0,0,0,229,1,0,0
1990,26,2,2,0,0,0,444,3,30,0
1990,36,1,2,0,0,0,799,5,40,0
1990,78,2,2,0,0,1,0,0,0,0
1990,68,2,3,0,0,0,313,5,24,0
1990,64,2,3,0,0,0,0,0,0,0
1990,49,1,0,0,0,1,22,2,80,0
1990,53,2,0,0,0,1,889,1,40,0
1990,45,2,0,0,0,0,435,3,34,0
1990,54,1,0,0,0,0,785,1,40,0
1990,72,2,3,0,0,1,313,5,45,0
1990,62,1,0,0,0,0,0,0,0,0
1990,60,2,0,0,0,1,316,5,0,0
1990,61,2,3,0,0,0,0,0,0,0
1990,75,1,3,0,0,0,0,0,0,0
1990,52,2,0,0,0,0,0,0,0,0
1990,35,1,0,0,0,1,213,5,40,0
1990,33,1,0,1,0,1,243,3,30,0
1990,46,2,0,0,0,1,14,5,50,0
1990,69,2,3,0,0,0,0,0,0,0
1990,39,1,1,0,0,0,0,0,0,0
1990,70,2,3,0,0,0,0,0,0,0
1990,34,1,2,0,0,1,525,5,37,0
1990,34,1,0,0,0,0,736,1,37,0
1990,32,2,0,0,0,0,883,1,37,0
1990,63,1,0,0,0,0,577,2,40,0
1990,61,2,0,0,0,0,217,2,40,0
1990,67,1,0,0,0,0,259,3,15,0
1990,65,2,0,0,0,1,365,4,11,0
1990,52,1,1,0,0,1,154,5,50,0
1990,31,1,1,0,0,1,154,5,55,1
1990,31,2,2,0,0,1,313,5,35,0
1990,33,1,0,0,0,1,303,6,35,0
1990,29,2,0,0,0,1,389,3,48,0
1990,64,1,0,0,0,0,804,3,40,0
1990,66,2,0,0,0,0,0,0,0,0
1990,20,2,1,0,0,1,264,3,10,0
1990,20,1,1,0,0,1,439,3,30,0
1990,18,2,1,1,1,0,276,3,0,0
1990,22,1,1,0,0,1,844,0,40,0
1990,21,1,1,0,0,1,436,3,30,0
1990,64,1,0,0,0,0,804,2,40,0
1990,60,2,0,0,0,0,0,0,0,0
1990,44,1,0,0,0,0,567,0,40,0
1990,37,2,0,3,1,0,264,3,50,0
1990,34,2,2,0,0,1,95,5,34,0
1990,71,1,0,0,0,0,285,4,25,0
1990,58,2,0,0,0,1,313,5,40,0
1990,34,2,1,1,0,0,0,0,0,0
1990,33,1,0,0,0,0,848,1,45,0
1990,29,2,0,0,0,1,389,2,40,0
1990,37,1,0,0,0,1,503,3,60,0
1990,36,2,0,0,0,1,0,0,0,0
1990,42,1,0,0,0,1,22,5,50,1
1990,41,2,0,0,0,0,383,4,40,0
1990,35,2,2,0,0,1,95,5,32,0
1990,80,2,0,0,0,0,0,0,0,0
1990,24,1,0,0,0,1,259,3,40,0
1990,22,2,0,0,0,1,229,1,40,0
1990,65,2,3,0,0,0,0,0,0,0
1990,79,2,3,0,0,0,0,0,0,0
1990,25,1,0,0,0,0,263,3,57,0
1990,22,2,0,0,0,1,313,1,40,0
1990,79,1,0,0,0,1,426,3,40,0
1990,75,2,0,0,0,0,0,0,0,0
1990,74,2,3,0,0,0,0,0,0,0
1990,69,1,0,0,0,0,479,0,40,0
1990,65,2,0,0,0,0,0,0,0,0
1990,64,2,3,0,0,1,337,5,0,0
1990,40,1,0,0,0,1,356,4,40,0
1990,31,2,0,0,0,1,435,3,40,0
1990,28,1,0,0,0,1,806,3,70,1
1990,26,2,0,0,0,1,185,3,40,0
1990,64,1,0,0,0,0,479,0,10,0
1990,62,2,0,0,0,0,407,4,0,0
1990,26,2,1,0,0,1,23,4,45,0
1990,38,2,2,1,0,0,436,4,40,0
1990,19,1,1,1,0,1,756,1,0,0
1990,27,1,0,0,0,1,159,6,50,0
1990,26,2,0,0,0,1,274,3,25,0
1990,39,1,0,0,0,1,903,6,45,1
1990,36,2,0,0,0,1,95,5,38,0
1990,39,1,2,0,0,1,595,0,45,0
1990,30,1,0,0,0,0,883,1,40,0
1990,30,2,0,0,0,0,355,2,36,0
1990,33,1,0,0,0,1,628,1,40,0
1990,35,2,0,0,0,1,0,0,0,0
1990,41,1,0,0,0,1,8,6,40,0
1990,34,2,0,0,0,1,27,6,40,0
1990,63,1,0,0,0,0,806,3,50,0
1990,61,2,0,0,0,0,0,0,0,0
1990,49,1,0,0,0,1,64,4,50,0
1990,47,2,0,0,0,0,308,5,15,0
1990,18,2,1,0,0,0,468,5,17,0
1990,22,1,1,0,0,0,243,3,58,0
1990,37,2,0,0,0,1,185,1,26,0
1990,37,1,0,0,0,1,23,6,40,1
1990,44,1,2,0,0,1,263,3,65,0
1990,40,2,1,0,0,1,243,3,65,0
1990,54,1,0,0,0,1,0,0,0,0
1990,51,2,0,0,0,1,389,5,20,0
1990,67,1,0,0,0,1,22,1,40,1
1990,67,2,0,0,0,1,0,0,0,0
1990,30,1,1,0,0,1,696,0,40,0
1990,37,1,2,0,0,0,449,1,40,0
1990,68,1,0,0,0,0,0,0,0,0
1990,65,2,0,0,0,0,319,5,0,0
1990,41,2,0,0,0,1,278,1,40,0
1990,36,1,0,0,0,1,278,1,40,0
1990,37,1,0,0,0,0,589,3,40,0
1990,37,2,0,0,0,1,385,3,40,0
1990,77,1,0,0,0,0,473,0,0,1
1990,74,2,0,0,0,1,0,0,0,0
1990,32,1,0,0,0,1,22,5,60,0
1990,30,2,0,0,0,1,376,6,32,0
1990,76,1,0,0,0,0,479,0,16,0
1990,76,2,0,0,0,0,0,0,0,0
1990,54,2,2,0,0,0,808,2,30,0
1990,32,1,0,0,0,1,25,4,75,0
1990,31,2,0,0,0,1,157,5,50,0
1990,25,2,1,0,0,1,154,5,40,0
1990,22,1,1,1,0,1,166,5,40,0
1990,21,2,1,0,0,1,348,3,20,0
1990,21,1,1,0,0,1,389,5,20,0
1990,21,1,1,0,0,1,889,3,25,0
1990,19,2,1,3,0,0,308,4,40,0
1990,21,2,1,0,0,1,335,1,40,0
1990,20,2,1,0,0,1,234,5,45,0
1990,22,2,1,0,0,1,435,3,15,0
1990,22,2,1,0,0,1,435,3,35,0
1990,26,1,1,0,0,1,154,5,20,0
1990,26,2,1,0,0,1,143,5,24,0
1990,34,2,0,0,0,1,329,5,36,0
1990,22,1,0,0,4,1,22,5,15,0
1990,38,1,0,0,4,0,213,5,40,0
1990,34,2,0,0,1,1,278,1,27,0
1990,30,1,0,0,0,0,436,3,37,0
1990,27,2,0,0,0,0,435,3,32,0
1990,65,1,0,0,0,1,254,4,40,1
1990,65,2,0,0,0,0,439,3,20,0
1990,54,1,0,0,0,1,25,4,40,1
1990,55,2,0,0,0,1,337,4,0,0
1990,40,1,0,0,0,1,253,4,60,0
1990,39,2,0,0,0,0,17,3,50,0
1990,18,1,1,0,0,0,877,3,24,0
1990,69,1,0,0,0,0,0,0,0,0
1990,67,2,0,0,0,0,0,0,0,0
1990,51,2,0,1,0,1,174,5,37,0
1990,50,1,0,1,0,1,505,3,0,0
1990,18,2,1,1,0,0,365,3,4,0
1990,42,1,0,0,0,1,22,2,40,1
1990,41,2,0,0,0,1,313,5,40,0
1990,68,2,2,0,0,1,164,5,0,0
1990,42,1,0,0,0,1,84,5,80,1
1990,39,2,0,0,0,1,21,5,15,0
1990,18,2,1,0,0,1,264,3,15,0
1990,20,1,1,0,0,0,199,5,0,0
1990,18,1,1,0,0,0,274,3,22,0
1990,20,2,1,0,0,1,319,5,30,0
1990,19,2,1,0,0,1,203,5,35,0
1990,51,2,0,1,0,0,436,5,14,0
1990,56,1,0,1,0,0,766,1,0,0
1990,46,2,2,0,0,0,276,3,28,0
1990,28,1,1,0,0,1,774,4,37,0
1990,61,1,0,0,0,1,27,4,16,0
1990,58,2,0,0,2,1,22,6,40,0
1990,32,1,0,0,2,1,64,5,40,1
1990,32,2,0,0,2,1,154,5,40,0
1990,72,1,0,0,0,1,0,0,0,0
1990,69,2,0,0,0,1,0,0,0,0
1990,20,2,1,0,0,1,243,5,20,0
1990,63,1,1,0,0,0,679,1,37,0
1990,21,2,1,3,3,1,376,5,50,0
1990,19,2,1,0,0,1,379,5,40,0
1990,20,2,1,0,0,1,383,4,40,0
1990,21,2,1,0,0,0,216,5,42,0
1990,20,2,1,0,0,1,154,5,22,0
1990,28,1,0,3,3,1,154,5,20,0
1990,28,2,0,3,3,1,0,0,0,0
1990,65,1,2,1,0,0,0,0,0,0
1990,56,1,0,0,0,1,5,6,40,0
1990,56,2,0,0,0,1,0,0,0,0
1990,72,2,3,0,0,0,0,0,0,0
1990,28,1,0,0,0,0,769,1,40,0
1990,29,2,0,0,0,0,243,3,35,0
1990,46,1,0,0,0,1,154,5,55,1
1990,45,2,0,0,0,1,433,3,15,0
1990,18,1,1,0,0,0,436,3,17,0
1990,46,1,0,0,0,1,243,4,50,1
1990,46,2,0,0,0,1,95,5,0,0
1990,40,2,3,0,0,1,22,4,0,0
1990,37,1,0,0,0,1,49,2,50,1
1990,37,2,0,0,0,1,327,6,30,0
1990,73,1,3,0,0,1,176,4,30,0
1990,33,1,0,3,0,1,783,4,60,0
1990,39,2,0,0,0,0,785,1,0,0
1990,45,1,0,0,0,0,22,4,45,0
1990,45,2,0,0,0,0,383,4,40,0
1990,32,1,0,0,0,0,785,1,50,0
1990,32,2,0,0,0,0,337,4,40,0
1990,28,1,0,0,0,0,473,0,40,0
1990,24,2,0,0,0,1,313,6,37,0
1990,46,1,0,0,0,1,628,1,55,0
1990,33,2,0,0,0,0,276,3,26,0
1990,59,1,0,0,0,0,706,1,40,0
1990,58,2,0,0,0,0,683,1,0,0
1990,26,1,2,0,0,0,883,3,40,0
1990,23,1,1,0,0,0,684,1,15,0
1990,33,1,0,0,0,0,869,0,40,0
1990,44,2,0,0,0,0,313,3,40,0
1990,26,2,1,0,0,0,375,4,40,0
1990,40,1,2,0,0,1,883,3,37,0
1990,78,2,3,0,0,0,0,0,0,0
1990,74,2,3,0,0,1,446,5,28,0
1990,62,1,0,0,0,1,176,5,50,0
1990,62,2,0,0,0,1,95,5,40,0
1990,48,1,0,0,0,0,25,3,40,1
1990,44,2,0,0,0,0,337,4,20,0
1990,20,1,1,0,0,1,505,3,40,0
1990,34,1,0,0,2,0,22,0,65,0
1990,31,2,0,0,0,1,22,5,43,0
1990,73,1,3,0,0,1,575,5,7,0
1990,44,1,0,0,0,1,637,1,40,0
1990,42,2,0,0,0,1,37,5,40,0
1990,37,1,0,0,0,0,433,0,40,0
1990,34,2,0,0,0,1,337,0,0,0
1990,20,2,1,0,0,0,164,5,30,0
1990,19,1,1,1,0,0,754,1,48,0
1990,18,2,1,0,0,1,276,3,20,0
1990,19,1,1,0,0,1,443,3,15,0
1990,18,1,1,1,0,1,379,6,8,0
1990,19,2,1,0,0,1,443,3,15,0
1990,43,1,0,3,3,1,787,1,40,0
1990,36,2,0,3,3,1,667,3,50,0
1990,69,2,0,3,3,0,0,0,0,0
1990,65,1,0,3,3,0,0,0,0,0
1990,57,1,0,0,0,0,458,4,45,0
1990,55,2,0,0,0,1,326,4,38,0
1990,25,2,1,0,0,1,155,5,40,0
1990,22,2,1,0,0,0,277,1,30,0
1990,22,2,1,0,0,1,13,1,20,0
1990,22,2,1,0,0,1,308,5,35,0
1990,21,2,1,0,0,1,438,3,40,0
1990,55,1,0,0,0,1,259,3,60,0
1990,52,2,0,0,0,1,307,4,40,0
1990,30,1,0,0,0,1,308,4,38,1
1990,30,2,0,0,0,1,308,4,38,0
1990,34,1,0,0,0,1,24,4,37,0
1990,32,2,0,0,2,1,0,0,0,0
1990,31,1,0,0,0,1,253,4,40,0
1990,28,2,0,0,0,1,378,4,38,0
1990,68,2,3,0,0,1,276,3,57,0
1990,27,1,1,0,0,1,229,4,40,0
1990,36,2,1,0,0,1,329,5,65,0
1990,29,2,1,0,0,1,155,5,40,0
1990,38,2,1,0,0,1,14,5,42,0
1990,65,2,3,0,0,1,337,3,40,0
1990,80,1,2,0,0,0,274,3,8,0
1990,40,1,0,0,0,0,799,3,0,0
1990,28,2,0,0,0,0,0,0,0,0
1990,67,2,2,0,0,0,0,0,0,0
1990,28,1,0,0,0,1,883,3,16,0
1990,25,2,0,0,0,1,22,4,40,0
1990,44,1,2,0,0,1,254,4,40,1
1990,44,1,2,0,0,1,85,5,40,1
1990,45,2,1,0,0,1,313,5,60,0
1990,33,2,2,3,0,0,779,1,40,0
1990,77,2,0,0,0,0,243,3,45,0
1990,34,1,0,0,0,1,785,1,40,0
1990,34,2,0,0,0,1,22,1,40,0
1990,77,2,1,0,0,0,0,0,0,0
1990,31,1,0,0,0,1,235,2,40,0
1990,29,2,0,0,0,1,276,3,0,0
1990,36,2,0,0,0,1,757,1,40,0
1990,37,1,0,0,0,1,308,1,40,0
1990,70,1,0,0,0,1,473,0,30,0
1990,66,2,0,0,0,1,308,4,40,0
1990,66,1,0,0,0,0,0,0,0,0
1990,63,2,0,0,0,0,0,0,0,0
1990,44,1,0,0,0,1,385,1,40,0
1990,44,2,0,0,0,1,447,5,42,0
1990,75,2,3,0,0,0,0,0,0,0
1990,73,2,3,0,0,0,447,5,0,0
1990,36,1,2,0,0,1,479,0,60,0
1990,71,1,0,0,0,1,337,0,40,0
1990,67,2,0,0,0,0,276,4,0,0
1990,45,1,2,0,0,0,804,2,60,0
1990,27,1,0,0,0,0,783,0,45,0
1990,25,2,0,0,0,1,889,1,16,0
1990,78,1,0,0,0,0,473,0,40,0
1990,73,2,0,0,0,0,0,0,0,0
1990,47,1,0,0,0,1,567,0,50,0
1990,50,2,0,0,0,1,156,5,60,0
1990,36,1,0,0,0,1,783,1,45,0
1990,38,2,0,0,0,0,738,1,30,0
1990,42,2,3,0,0,0,0,0,0,0
1990,40,1,0,0,0,1,243,3,45,1
1990,39,2,0,0,0,1,156,5,8,0
1990,76,2,3,0,0,0,0,0,0,0
1990,58,1,0,0,0,0,567,0,40,0
1990,42,2,0,0,0,1,207,5,36,0
1990,76,2,3,0,0,1,14,5,40,0
1990,35,1,1,2,1,0,869,3,40,0
1990,60,1,0,0,0,1,22,1,50,0
1990,60,2,0,0,0,0,0,0,0,0
1990,34,1,0,0,0,0,534,1,40,0
1990,29,2,0,0,0,0,447,5,0,0
1990,34,2,0,0,0,0,379,1,40,0
1990,37,1,0,0,0,1,323,1,40,0
1990,58,1,0,0,0,0,453,5,40,0
1990,53,2,0,0,0,0,808,5,30,0
1990,30,2,1,0,0,0,0,0,0,0
1990,79,1,3,0,0,0,0,0,0,0
1990,49,1,0,0,0,1,783,4,70,0
1990,43,2,0,0,0,1,354,2,20,0
1990,19,2,1,0,0,1,435,5,20,0
1990,79,2,3,0,0,0,0,0,0,0
1990,78,2,3,0,0,0,0,0,0,0
1990,40,2,2,0,0,1,95,5,68,0
1990,41,1,0,0,0,1,33,6,45,0
1990,37,2,0,0,0,1,23,4,40,0
1990,60,1,0,0,0,0,479,0,50,1
1990,65,2,0,0,0,0,383,4,34,0
1990,57,1,0,0,0,1,263,3,60,1
1990,56,2,0,0,0,0,22,3,40,0
1990,67,1,0,0,0,0,0,0,0,0
1990,69,2,0,0,0,1,0,0,0,0
1990,21,1,1,0,0,0,424,6,37,0
1990,55,1,2,0,0,1,424,6,40,0
1990,25,2,0,1,0,0,0,0,0,0
1990,31,1,0,1,0,0,909,6,0,0
1990,43,2,2,0,0,1,337,1,45,0
1990,64,2,0,0,0,0,0,0,0,0
1990,71,1,0,0,0,0,0,0,0,0
1990,41,1,1,0,0,1,558,0,50,0
1990,45,1,1,0,0,1,653,1,0,0
1990,29,2,1,0,0,1,159,5,42,0
1990,60,1,0,0,0,0,0,0,0,0
1990,45,2,0,0,0,1,243,3,44,0
1990,76,2,3,0,0,0,0,0,0,0
1990,73,1,3,0,0,0,5,6,2,0
1990,33,2,0,0,0,0,785,1,40,0
1990,30,1,0,0,0,0,514,4,40,0
1990,42,1,2,0,0,1,213,1,40,0
1990,49,1,0,0,0,1,53,2,60,0
1990,46,2,0,0,0,0,33,5,60,0
1990,57,1,0,0,0,0,0,0,0,0
1990,48,2,0,0,0,0,0,0,0,0
1990,28,1,1,0,0,0,0,0,0,0
1990,70,1,0,0,0,0,0,0,0,0
1990,68,2,0,0,0,0,0,0,0,0
1990,72,1,0,0,0,0,0,0,0,0
1990,68,2,0,0,0,0,0,0,0,0
1990,75,1,0,0,0,0,0,0,0,0
1990,77,2,0,0,0,0,0,0,0,0
1990,34,1,0,0,0,0,799,1,40,0
1990,29,2,0,0,0,1,188,5,40,0
1990,49,1,0,0,0,0,766,1,40,0
1990,53,2,0,0,0,0,274,3,28,0
1990,23,1,1,0,0,0,585,0,40,0
1990,32,1,0,0,0,1,253,4,45,0
1990,28,2,0,0,0,1,95,5,32,0
1990,29,1,0,0,0,0,426,6,37,0
1990,24,2,0,0,0,0,877,3,30,0
1990,33,2,2,0,0,0,276,3,25,0
1990,62,1,0,0,0,0,423,6,0,0
1990,56,2,0,0,0,0,436,5,6,0
1990,28,2,1,0,0,1,385,2,40,0
1990,30,1,1,0,0,0,0,0,0,0
1990,32,1,1,0,0,1,308,1,42,0
1990,50,2,2,1,0,0,785,1,55,0
1990,35,1,0,0,0,1,909,6,0,0
1990,26,2,0,1,0,0,0,0,0,0
1990,64,2,3,0,0,1,95,5,25,0
1990,76,2,3,0,0,0,0,0,0,0
1990,69,2,3,0,0,0,0,0,0,0
1990,34,2,0,0,0,1,156,5,35,0
1990,33,1,0,0,0,0,444,3,0,0
1990,73,1,0,0,0,1,0,0,0,0
1990,76,2,0,0,0,1,0,0,0,0
1990,44,1,0,0,0,1,14,5,40,0
1990,44,2,0,0,0,1,14,5,35,0
1990,68,1,0,0,0,0,0,0,0,0
1990,73,2,0,0,0,0,0,0,0,0
1990,78,1,0,0,0,0,0,0,0,0
1990,73,2,0,0,0,0,0,0,0,0
1990,74,2,3,0,0,0,389,6,13,0
1990,77,1,0,0,0,0,0,0,0,0
1990,73,2,0,0,0,0,0,0,0,0
1990,35,1,0,0,0,1,505,3,40,0
1990,32,2,0,0,0,1,243,5,20,0
1990,54,2,2,0,0,1,156,5,40,0
1990,21,1,1,0,0,0,567,3,39,0
1990,53,1,3,0,0,0,475,0,10,0
1990,37,1,0,0,0,0,783,1,40,0
1990,33,2,0,0,0,0,0,0,0,0
1990,68,1,0,0,0,0,266,3,20,0
1990,67,2,0,0,0,0,0,0,0,0
1990,72,2,1,0,0,0,0,0,0,0
1990,34,1,0,0,0,0,853,0,50,0
1990,20,2,0,0,0,0,779,0,50,0
1990,38,1,0,1,0,0,453,5,46,0
1990,38,2,0,1,0,0,785,1,40,0
1990,32,2,2,0,0,0,22,4,40,0
1990,19,1,1,0,0,0,259,3,40,0
1990,47,1,0,0,0,0,757,1,48,0
1990,45,2,0,0,0,1,0,0,0,0
1990,18,2,1,0,0,0,276,3,30,0
1990,47,1,0,0,0,1,33,5,40,0
1990,47,2,0,0,0,1,446,5,40,0
1990,20,1,1,0,0,1,637,1,40,0
1990,73,2,3,1,0,0,0,0,0,0
1990,39,2,1,1,0,1,0,0,0,0
1990,27,2,1,1,0,0,0,0,0,0
1990,63,1,0,0,0,0,0,0,0,0
1990,60,2,0,0,0,0,0,0,0,0
1990,40,1,2,0,0,0,783,1,40,0
1990,48,1,0,0,0,1,85,5,45,1
1990,47,2,0,0,0,1,22,5,40,0
1990,40,1,0,0,0,0,889,1,48,0
1990,37,2,0,0,0,0,755,1,40,0
1990,57,2,3,0,0,0,708,1,0,0
1990,28,1,0,0,0,0,17,3,50,0
1990,30,2,0,0,0,0,686,3,55,0
1990,34,1,0,1,0,1,785,1,48,0
1990,34,2,0,1,0,1,156,5,40,0
1990,75,1,0,0,0,0,0,0,0,0
1990,69,2,0,0,0,0,0,0,0,0
1990,27,1,0,0,0,1,549,1,48,0
1990,27,2,0,0,0,1,348,3,40,0
1990,23,2,1,0,0,1,95,5,40,0
1990,38,2,2,0,0,1,95,5,48,0
1990,18,2,1,0,0,0,319,4,30,0
1990,42,2,2,0,0,1,156,5,45,0
1990,49,1,1,0,0,1,856,1,46,0
1990,26,2,1,0,0,0,57,1,40,0
1990,33,2,1,0,0,0,364,3,40,0
1990,47,2,2,0,0,0,379,1,40,0
1990,21,1,1,0,0,0,877,3,15,0
1990,33,1,0,0,0,1,198,2,45,0
1990,32,2,0,0,0,1,157,5,50,0
1990,30,2,2,1,0,1,389,5,40,0
1990,47,1,0,0,0,1,0,0,0,0
1990,43,2,0,0,0,0,0,0,0,0
1990,19,1,1,0,0,0,887,3,30,0
1990,74,2,3,0,0,0,0,0,0,0
1990,31,2,2,0,0,1,243,3,0,0
1990,53,1,0,0,0,0,628,1,48,0
1990,53,2,0,0,0,0,0,0,0,0
1990,29,1,0,0,0,0,766,1,48,0
1990,24,2,0,0,0,0,0,0,0,0
1990,27,1,0,0,0,1,804,3,40,0
1990,24,2,0,0,0,1,313,5,20,0
1990,43,1,0,0,0,0,883,1,40,0
1990,41,2,0,0,0,0,0,0,0,0
1990,66,1,0,0,0,0,473,0,60,0
1990,63,2,0,0,0,0,274,3,20,0
1990,34,1,0,0,0,0,424,6,45,0
1990,35,2,0,0,0,0,337,5,15,0
1990,48,2,3,0,0,0,447,5,40,0
1990,41,1,2,0,0,0,889,1,50,0
1990,27,1,1,0,0,0,686,1,40,0
1990,29,1,1,0,0,0,573,0,40,0
1990,70,1,1,0,0,0,0,0,0,1
1990,66,1,0,0,0,1,16,2,40,0
1990,53,2,0,0,0,0,0,0,0,0
1990,28,1,1,0,0,0,579,0,60,0
1990,67,1,0,0,0,0,355,2,0,0
1990,64,2,0,0,0,0,156,5,20,0
1990,25,1,0,0,0,1,475,0,48,0
1990,25,2,0,0,0,1,157,5,30,0
1990,37,1,0,0,0,1,785,1,40,0
1990,35,2,0,0,0,0,313,1,25,0
1990,48,1,0,0,0,0,804,3,0,0
1990,35,2,0,0,0,0,0,0,0,0
1990,20,2,0,2,1,0,439,5,25,0
1990,26,1,0,2,1,0,486,0,25,0
1990,31,2,1,0,0,1,95,5,45,0
1990,30,1,0,0,0,1,154,5,40,0
1990,30,2,0,0,0,1,14,5,45,0
1990,35,2,1,1,0,1,276,3,30,0
1990,26,2,2,0,0,1,313,5,38,0
1990,21,2,0,0,0,1,383,4,36,0
1990,21,1,0,0,2,0,575,0,38,0
1990,29,1,1,3,3,0,436,3,24,0
1990,26,2,1,3,3,1,303,4,40,0
1990,23,1,1,0,0,1,255,4,40,0
1990,68,1,2,0,0,0,0,0,0,0
1990,27,2,1,0,0,1,235,5,40,0
1990,23,1,1,0,0,1,27,5,45,0
1990,23,1,1,0,0,1,259,3,40,0
1990,25,1,0,2,0,0,243,3,50,0
1990,24,2,0,2,0,0,877,1,42,0
1990,26,1,0,2,1,0,443,4,40,0
1990,26,2,0,2,1,1,449,4,20,0
1990,22,1,1,2,1,0,443,3,25,0
1990,21,2,1,2,1,1,449,4,0,0
1990,19,1,1,2,1,0,0,0,0,0
1990,63,1,1,0,2,0,683,1,40,0
1990,55,1,1,0,0,0,7,4,40,0
1990,50,1,1,0,0,1,23,4,40,0
1990,26,1,0,2,0,0,444,4,40,0
1990,29,2,0,1,0,0,383,4,30,0
1990,52,2,2,0,0,1,5,6,37,0
1990,27,1,0,0,0,0,426,5,40,0
1990,26,2,0,0,0,0,379,5,40,0
1990,45,2,3,0,0,0,365,3,0,0
1990,64,2,1,3,3,1,95,5,0,0
1990,28,1,1,3,3,1,154,5,40,0
1990,32,2,1,1,0,1,276,3,40,0
1990,37,1,3,1,0,0,389,3,40,0
1990,48,1,0,1,0,0,453,5,40,0
1990,45,2,0,1,0,0,453,5,40,0
1990,33,1,1,0,0,1,426,4,50,0
1990,66,2,3,1,0,0,0,0,0,0
1990,40,2,0,0,1,0,518,1,40,0
1990,34,1,0,0,4,0,463,2,36,0
1990,34,1,1,1,0,1,267,3,48,0
1990,31,1,1,0,0,1,189,4,50,1
1990,55,2,3,0,0,0,213,5,40,0
1990,19,1,1,0,0,0,364,4,40,0
1990,41,1,1,0,1,1,684,1,40,0
1990,34,2,1,0,1,1,439,3,40,0
1990,21,1,1,2,1,1,804,2,40,0
1990,22,1,1,2,1,1,804,2,40,0
1990,42,2,2,1,0,1,178,5,40,0
1990,19,1,1,1,0,1,277,3,25,0
1990,31,2,1,0,0,1,22,0,35,0
1990,45,1,1,0,0,1,856,1,99,0
1990,26,1,0,2,1,0,443,3,55,0
1990,24,2,0,2,1,0,0,0,0,0
1990,63,2,3,1,1,1,95,4,24,0
1990,28,2,3,0,0,0,479,0,0,0
1990,28,2,1,0,0,1,178,5,50,1
1990,34,1,0,0,0,1,696,4,45,0
1990,36,2,0,0,0,1,24,4,24,0
1990,31,1,1,1,0,1,356,1,40,0
1990,49,1,0,0,0,1,418,6,40,1
1990,46,2,0,0,0,1,385,1,0,0
1990,21,2,1,0,0,0,274,3,40,0
1990,69,2,3,0,0,0,257,4,9,0
1990,78,1,3,0,2,0,567,0,20,0
1990,76,2,3,0,0,1,23,5,16,0
1990,62,1,0,0,2,0,597,0,40,1
1990,61,2,0,0,0,1,379,0,30,0
1990,72,1,3,0,0,0,0,0,0,0
1990,72,1,1,0,0,1,255,4,55,1
1990,42,2,1,0,0,1,208,5,60,0
1990,38,2,1,0,0,1,389,4,40,0
1990,57,1,0,0,0,1,178,6,40,1
1990,53,2,0,0,2,1,167,5,40,0
1990,66,1,0,0,2,1,274,3,60,1
1990,65,2,0,0,2,0,337,3,20,0
1990,50,1,0,0,2,0,368,2,40,0
1990,47,2,0,0,0,0,0,0,0,0
1990,20,2,1,0,0,1,327,3,25,0
1990,34,1,0,3,3,0,243,3,40,0
1990,35,2,0,3,3,0,243,3,40,0
1990,33,1,0,3,3,1,255,4,60,0
1990,29,2,0,3,3,1,259,3,50,0
1990,29,1,1,0,1,0,436,3,40,0
1990,29,1,1,0,1,0,804,1,0,0
1990,27,1,1,0,1,0,436,3,40,0
1990,22,2,1,0,0,1,259,3,15,0
1990,40,1,0,3,3,1,809,2,50,0
1990,35,2,0,3,3,1,0,0,0,0
1990,36,2,0,0,0,1,22,5,45,0
1990,41,1,0,0,0,1,774,1,40,0
1990,25,1,1,0,0,1,385,5,13,0
1990,24,1,1,0,0,1,243,3,44,0
1990,54,1,0,0,0,0,734,1,40,0
1990,53,2,0,0,0,0,335,3,40,0
1990,18,1,1,0,0,1,365,3,25,0
1990,49,2,2,3,3,1,337,4,40,0
1990,24,1,1,3,3,1,276,3,30,0
1990,21,2,1,3,3,1,385,4,40,0
1990,19,1,1,3,3,0,435,3,0,0
1990,42,1,0,0,0,0,514,4,40,0
1990,43,2,0,0,0,0,365,3,40,0
1990,22,1,1,0,0,1,263,3,40,0
1990,18,1,1,0,0,1,275,4,24,0
1990,33,1,0,2,1,0,436,3,40,0
1990,23,2,0,2,1,0,744,1,40,0
1990,25,1,1,2,1,0,435,4,40,0
1990,27,2,1,0,2,1,22,5,60,0
1990,28,1,1,0,0,1,877,3,40,0
1990,33,1,0,0,1,1,174,5,40,0
1990,29,2,0,0,1,0,0,0,0,0
1990,47,2,0,0,0,1,9,5,37,0
1990,51,1,0,0,0,0,505,3,0,0
1990,41,1,0,0,0,0,783,1,40,0
1990,40,2,0,0,0,1,313,5,35,0
1990,20,1,1,0,0,1,877,3,40,0
1990,41,2,1,0,0,1,154,5,45,0
1990,59,1,0,0,0,0,804,3,40,0
1990,52,2,0,0,0,0,344,5,40,0
1990,20,2,1,0,0,0,313,4,35,0
1990,27,1,1,0,0,1,567,5,40,0
1990,24,2,1,0,0,1,567,5,40,0
1990,55,1,0,0,0,0,453,5,40,0
1990,53,2,0,0,0,0,463,2,40,0
1990,30,1,0,2,1,0,599,0,40,0
1990,21,2,0,2,1,0,0,0,0,0
1990,32,1,3,2,1,0,357,4,65,0
1990,27,1,0,2,1,0,809,1,40,0
1990,23,2,0,2,1,0,779,1,40,0
1990,72,2,3,2,1,0,0,0,0,0
1990,49,1,3,2,1,0,779,1,45,0
1990,47,2,1,0,0,1,487,5,40,0
1990,68,2,1,3,0,1,156,5,0,0
1990,40,1,0,3,3,0,17,3,40,1
1990,40,2,0,3,3,0,0,0,0,0
1990,41,2,1,0,0,0,779,1,18,0
1990,54,1,0,0,0,0,734,1,40,0
1990,51,2,0,0,0,0,447,4,0,0
1990,39,1,2,0,0,0,486,5,40,0
1990,44,1,2,0,0,1,22,1,40,0
1990,30,1,1,0,0,1,22,4,50,0
1990,48,2,2,3,0,0,0,0,0,0
1990,32,1,0,2,1,0,779,1,40,0
1990,25,2,0,2,1,0,779,1,40,0
1990,54,1,2,0,0,1,23,4,45,0
1990,21,2,1,0,0,1,463,2,30,0
1990,27,1,1,0,0,1,185,5,40,0
1990,23,2,1,0,0,1,103,5,40,0
1990,24,1,1,0,0,1,22,4,40,0
1990,28,2,1,0,0,1,21,5,45,0
1990,27,2,1,0,0,1,178,3,40,0
1990,33,1,1,0,0,1,195,1,40,0
1990,38,1,0,2,0,0,628,1,40,0
1990,38,2,0,2,0,0,276,3,50,0
1990,18,1,1,2,0,0,426,4,25,0
1990,25,1,1,0,0,1,186,5,20,0
1990,22,1,1,0,0,0,436,3,12,0
1990,26,1,1,0,0,1,208,5,25,0
1990,26,1,1,0,0,1,208,5,15,0
1990,27,1,1,0,0,1,318,2,39,0
1990,27,2,1,0,0,1,315,4,40,0
1990,43,1,1,0,0,1,178,5,40,0
1990,68,2,2,0,0,0,348,2,0,0
1990,34,1,1,0,0,1,22,4,40,1
1990,29,1,0,0,0,1,275,4,50,0
1990,30,2,0,0,0,1,195,5,42,0
1990,29,2,1,0,0,1,21,5,42,0
1990,26,1,1,0,0,1,185,4,40,0
1990,26,1,1,0,0,1,185,4,50,0
1990,27,1,1,0,0,1,185,4,65,0
1990,74,2,3,0,0,0,373,3,0,0
1990,30,2,1,0,0,1,256,4,50,0
1990,41,1,0,0,0,1,567,0,40,0
1990,34,2,0,0,0,1,318,2,40,0
1990,38,1,1,0,2,0,453,4,50,0
1990,26,1,1,2,1,0,436,3,50,0
1990,18,1,1,2,1,0,443,3,56,0
1990,31,2,1,0,0,1,174,5,40,0
1990,45,1,0,0,0,1,7,4,50,1
1990,41,2,0,0,0,1,22,5,0,0
1990,27,2,1,0,0,1,166,4,45,0
1990,25,1,1,0,0,1,257,1,40,0
1990,24,1,1,0,0,1,336,4,40,0
1990,27,2,1,0,0,1,25,4,40,0
1990,31,2,1,0,0,1,25,4,45,0
1990,37,1,2,0,0,1,255,4,40,0
1990,30,2,1,0,0,1,178,5,50,1
1990,27,1,0,0,0,1,323,4,45,0
1990,27,2,0,0,0,0,308,5,40,0
1990,39,1,0,0,2,1,657,3,60,0
1990,34,2,0,0,0,0,467,4,40,0
1990,26,2,1,0,2,1,22,2,40,0
1990,42,1,2,0,0,1,187,5,40,1
1990,24,1,1,0,0,1,234,5,40,0
1990,24,1,1,0,0,1,234,5,40,0
1990,24,1,1,0,0,1,234,5,40,0
1990,25,2,1,0,0,1,313,3,30,0
1990,27,2,1,0,0,1,319,4,40,0
1990,33,1,2,0,0,1,274,3,25,0
1990,59,2,3,0,0,0,276,3,44,0
1990,20,2,1,1,0,1,199,5,60,0
1990,18,2,1,1,0,1,0,0,0,0
1990,24,1,1,0,2,1,195,4,40,0
1990,29,1,1,0,2,1,256,1,50,1
1990,26,2,1,0,0,1,178,5,50,0
1990,27,1,0,0,0,1,178,6,40,0
1990,30,2,0,0,0,1,26,5,33,0
1990,36,1,0,0,0,1,22,1,45,1
1990,34,2,0,0,0,1,13,5,45,0
1990,26,2,1,0,0,1,13,1,40,0
1990,37,2,1,0,0,1,197,1,40,0
1990,26,2,1,0,0,1,43,5,50,0
1990,40,1,0,0,0,1,178,5,50,1
1990,40,2,0,0,0,1,183,5,40,0
1990,26,2,1,0,0,0,255,4,35,0
1990,72,2,0,0,0,0,0,0,0,0
1990,28,1,1,0,0,1,255,4,35,1
1990,57,1,0,0,2,0,787,1,50,1
1990,47,2,0,0,2,0,313,5,0,0
1990,20,1,1,0,0,1,274,3,40,0
1990,19,1,1,0,0,0,889,1,40,0
1990,72,1,0,0,0,0,637,1,0,0
1990,67,2,0,0,0,0,0,0,0,0
1990,73,2,1,0,0,0,0,0,0,0
1990,58,1,0,3,3,1,678,5,50,0
1990,54,2,0,3,3,1,444,2,40,0
1990,27,2,1,3,3,1,95,5,40,0
1990,52,1,0,3,3,1,364,3,45,0
1990,51,2,0,3,3,1,373,5,40,0
1990,75,2,3,3,3,0,0,0,0,0
1990,49,2,0,3,3,1,194,2,40,1
1990,51,1,0,3,3,1,5,6,40,0
1990,25,2,1,3,3,1,203,5,45,0
1990,54,2,1,3,3,1,96,5,40,0
1990,76,2,3,0,0,0,0,0,0,0
1990,37,1,0,0,2,1,185,5,40,0
1990,36,2,0,0,2,1,156,5,0,0
1990,79,1,1,0,0,0,0,0,0,0
1990,36,2,2,0,0,0,808,2,40,0
1990,68,1,2,0,0,0,0,0,0,0
1990,46,1,2,0,0,0,808,2,40,0
1990,38,1,0,3,3,1,23,3,40,0
1990,35,2,0,3,3,1,95,5,40,0
1990,32,2,2,0,0,0,909,6,0,0
1990,33,1,1,0,0,0,779,1,40,0
1990,57,1,0,0,0,1,585,0,40,0
1990,52,2,0,0,0,0,0,0,0,0
1990,38,1,3,3,3,0,447,5,40,0
1990,30,1,3,3,3,1,877,3,20,0
1990,28,1,1,3,3,0,447,5,15,0
1990,26,1,1,3,3,1,105,5,20,0
1990,75,1,3,0,2,0,0,0,0,0
1990,35,1,0,0,1,0,785,1,45,0
1990,35,2,0,0,1,1,785,1,48,0
1990,26,1,3,2,0,1,203,5,44,0
1990,42,2,2,0,0,0,7,4,50,0
1990,38,1,1,2,1,0,435,3,30,0
1990,43,1,0,0,1,1,759,1,48,0
1990,43,2,0,0,1,0,0,0,0,0
1990,38,1,1,0,0,1,308,3,40,1
1990,42,1,2,0,2,1,53,0,65,1
1990,43,2,1,0,0,1,313,0,40,0
1990,36,1,0,3,3,1,53,5,40,0
1990,37,2,0,3,3,1,156,5,40,0
1990,40,2,2,0,0,0,383,4,40,0
1990,35,2,1,0,2,0,453,4,20,0
1990,26,2,1,0,0,0,313,1,0,0
1990,62,1,0,0,0,0,804,3,0,0
1990,57,2,0,0,0,1,17,3,40,0
1990,24,1,1,0,0,0,417,6,40,0
1990,21,2,1,0,0,1,337,4,30,0
1990,68,1,0,0,0,1,0,0,0,0
1990,73,2,0,0,0,0,0,0,0,0
1990,33,1,0,0,0,0,365,1,56,0
1990,30,2,0,0,0,0,356,5,35,0
1990,44,1,0,3,3,1,774,1,40,0
1990,25,2,0,3,3,1,95,5,45,0
1990,57,2,0,0,0,1,314,6,60,1
1990,58,1,0,0,0,1,158,5,65,0
1990,72,2,3,0,0,0,0,0,0,0
1990,64,1,0,0,0,1,15,5,44,1
1990,65,2,0,0,0,0,337,4,25,0
1990,25,1,3,2,1,0,563,0,45,0
1990,49,2,3,0,2,1,0,0,0,0
1990,50,2,2,0,2,0,0,0,0,0
1990,43,1,0,2,0,0,808,2,40,0
1990,51,2,0,2,0,0,0,0,0,0
1990,68,2,0,0,0,0,379,6,35,0
1990,65,1,0,0,0,0,889,2,40,0
1990,32,1,0,0,0,0,856,1,40,0
1990,29,2,0,0,0,0,785,3,40,0
1990,21,2,3,3,3,0,98,5,24,0
1990,71,2,1,0,0,1,0,0,0,0
1990,27,2,1,0,0,0,327,2,0,0
1990,27,1,1,0,0,0,558,1,20,0
1990,56,1,0,0,2,0,783,1,40,0
1990,55,2,0,0,2,0,453,4,40,0
1990,38,1,0,0,0,1,418,6,99,0
1990,38,2,0,0,0,1,0,0,0,0
1990,37,2,2,0,1,1,754,1,35,0
1990,29,1,0,0,1,0,888,3,40,0
1990,26,2,0,0,1,0,436,2,40,0
1990,20,1,1,0,0,0,0,0,0,0
1990,71,2,3,0,0,0,0,0,0,0
1990,24,1,1,2,0,1,22,5,40,0
1990,31,2,3,0,0,1,274,6,40,0
1990,28,1,1,0,0,0,364,1,40,0
1990,42,2,3,0,0,0,0,0,0,0
1990,18,1,1,0,0,0,364,3,40,0
1990,26,1,1,0,2,0,575,0,40,0
1990,25,1,1,2,0,1,274,3,0,0
1990,25,1,1,2,1,1,274,3,40,0
1990,20,1,1,2,1,0,754,1,50,0
1990,24,2,1,2,1,0,888,1,40,0
1990,19,2,1,2,1,0,888,1,40,0
1990,30,2,3,2,1,0,888,1,40,0
1990,77,1,0,0,0,0,779,3,0,0
1990,62,2,0,0,0,0,777,1,40,0
1990,42,1,1,0,0,1,418,6,40,0
1990,29,2,1,2,0,0,385,1,40,0
1990,58,2,3,0,0,0,0,0,0,0
1990,30,1,1,2,0,0,0,0,0,0
1990,21,1,0,2,0,0,0,0,0,0
1990,50,1,0,0,0,1,8,0,37,0
1990,38,2,0,0,1,0,379,5,99,0
1990,19,1,1,0,0,1,315,5,21,0
1990,18,2,1,0,4,0,439,3,15,0
1990,22,1,1,0,4,1,0,0,0,0
1990,64,1,0,0,0,1,628,1,40,0
1990,60,2,0,0,0,0,439,3,24,0
1990,63,2,2,0,0,0,6,3,40,0
1990,45,2,1,0,0,1,365,3,50,0
1990,34,1,0,0,0,0,804,1,40,0
1990,29,2,0,0,0,0,0,0,0,0
1990,41,1,0,2,1,0,436,3,35,0
1990,39,2,0,2,1,0,259,1,40,0
1990,18,2,1,2,1,0,0,0,0,0
1990,31,1,0,2,1,0,779,4,40,0
1990,25,2,0,2,1,0,796,4,40,0
1990,22,1,0,2,1,1,785,1,40,0
1990,28,2,0,2,1,1,0,0,0,0
1990,23,2,1,2,1,1,744,1,40,0
1990,66,2,2,2,1,0,779,1,0,0
1990,21,2,1,2,1,1,308,4,40,0
1990,67,1,3,0,0,0,0,0,0,0
1990,71,1,1,0,0,0,0,0,0,0
1990,34,1,1,0,2,0,704,1,40,0
1990,35,2,0,2,0,0,744,1,35,0
1990,44,1,0,2,0,0,706,1,40,0
1990,19,2,1,2,0,0,276,3,20,0
1990,28,1,1,0,0,1,267,3,45,0
1990,65,2,3,1,0,0,0,0,0,0
1990,35,1,0,2,1,0,453,1,40,0
1990,31,2,0,2,1,0,383,4,0,0
1990,23,1,1,2,1,1,309,1,0,0
1990,47,1,3,2,1,0,443,5,40,0
1990,33,1,3,2,1,0,649,1,40,0
1990,29,1,3,2,1,0,523,3,0,0
1990,64,1,0,0,2,0,653,1,40,0
1990,59,2,0,0,2,0,453,4,25,0
1990,21,1,1,0,0,0,453,4,40,0
1990,19,1,1,0,0,1,208,3,25,0
1990,41,1,2,0,0,0,809,2,0,0
1990,77,1,3,0,2,0,0,0,0,0
1990,29,1,1,0,0,1,59,5,50,0
1990,48,1,0,3,3,0,804,3,40,0
1990,47,2,0,3,3,0,356,4,40,0
1990,23,2,1,3,3,1,23,5,40,0
1990,41,2,1,3,3,1,276,3,40,0
1990,25,2,1,0,0,1,0,0,0,0
1990,39,1,1,2,0,0,479,0,0,0
1990,63,1,0,0,2,0,453,5,40,0
1990,48,2,0,0,2,0,666,1,30,0
1990,34,1,0,0,1,0,0,0,0,0
1990,28,2,0,0,1,0,0,0,0,0
1990,36,2,3,0,1,0,0,0,0,0
1990,35,1,0,0,0,1,599,4,40,0
1990,26,2,0,0,0,0,909,6,0,0
1990,62,1,0,2,1,0,444,3,48,0
1990,52,2,0,2,2,0,744,1,40,0
1990,67,2,3,0,0,0,313,1,35,0
1990,29,1,0,0,0,1,185,3,60,0
1990,28,2,0,0,0,1,154,5,32,0
1990,74,2,1,0,0,1,0,0,0,0
1990,49,1,0,0,2,1,59,6,35,0
1990,30,2,0,0,2,1,59,5,40,0
1990,37,2,1,0,2,1,0,0,0,0
1990,52,2,3,0,0,0,14,5,37,0
1990,18,1,1,0,0,0,785,1,20,0
1990,66,2,3,0,0,0,889,1,40,0
1990,29,1,1,0,0,1,507,2,0,0
1990,34,1,0,0,0,0,567,0,50,0
1990,39,2,0,0,0,1,567,0,40,0
1990,68,1,0,0,0,1,22,2,0,0
1990,68,2,0,0,0,0,313,5,0,0
1990,79,1,0,0,0,1,0,0,0,0
1990,80,2,0,0,0,0,0,0,0,0
1990,46,1,1,0,0,0,453,2,40,0
1990,58,2,2,0,0,1,313,4,40,0
1990,27,2,1,0,0,1,418,6,40,0
1990,25,2,1,0,0,1,418,6,40,0
1990,35,1,1,0,0,0,355,2,50,0
1990,32,2,1,0,0,1,313,5,50,0
1990,48,1,0,0,0,0,804,1,60,1
1990,48,2,0,0,0,0,0,0,0,0
1990,74,1,3,0,4,0,0,0,0,0
1990,76,2,3,0,0,0,0,0,0,0
1990,29,2,0,0,0,0,313,5,40,0
1990,26,1,0,0,0,0,637,3,40,0
1990,59,1,0,0,0,0,579,0,0,0
1990,58,2,0,0,0,0,447,5,0,0
1990,32,1,3,0,0,0,453,3,40,0
1990,25,2,3,0,0,0,7,4,40,0
1990,45,1,0,0,2,0,785,1,45,0
1990,41,2,0,0,2,1,308,3,40,0
1990,60,2,3,0,0,0,0,0,0,0
1990,34,2,0,0,0,1,13,4,40,0
1990,36,1,0,0,0,1,253,4,40,0
1990,25,1,0,0,0,1,547,4,50,1
1990,25,2,0,0,0,1,458,4,15,0
1990,49,1,0,0,2,0,544,1,40,0
1990,43,2,0,0,0,0,0,0,0,0
1990,71,1,3,0,0,0,0,0,0,0
1990,51,1,0,0,0,1,426,4,20,0
1990,43,2,0,0,0,1,313,1,40,0
1990,74,2,3,0,0,0,0,0,0,0
1990,41,2,2,0,0,1,27,6,40,0
1990,59,1,1,0,0,0,375,4,3,0
1990,62,1,3,0,0,0,414,6,40,0
1990,68,1,0,0,2,1,667,3,40,0
1990,65,2,0,0,2,1,727,1,30,0
1990,31,1,0,0,1,1,33,1,40,0
1990,35,2,0,0,0,1,313,3,32,0
1990,76,2,0,0,2,0,0,0,0,0
1990,47,1,1,0,0,0,686,2,40,0
1990,43,2,1,0,0,0,217,1,0,1
1990,76,1,0,0,0,0,0,0,0,0
1990,72,2,0,0,0,0,0,0,0,0
1990,50,1,2,0,0,0,453,5,50,0
1990,34,1,0,0,0,1,634,1,40,0
1990,34,2,0,0,0,1,308,5,50,0
1990,73,1,2,0,0,0,0,0,0,0
1990,60,1,2,0,0,1,645,0,75,0
1990,51,1,0,0,0,0,628,1,55,1
1990,52,2,0,0,0,0,378,5,40,0
1990,27,1,1,0,0,0,889,1,40,0
1990,27,2,1,0,0,1,375,4,40,0
1990,40,2,2,0,0,1,313,5,50,0
1990,39,1,2,0,0,1,433,3,60,0
1990,61,1,0,0,0,0,628,1,55,1
1990,55,2,0,0,0,0,0,0,0,0
1990,27,2,1,0,0,0,17,3,40,0
1990,32,2,3,0,0,0,435,3,25,0
1990,65,2,3,0,0,0,0,0,0,0
1990,58,1,0,0,2,0,364,1,40,0
1990,60,2,0,0,2,0,785,1,40,0
1990,28,1,1,0,2,1,689,3,55,0
1990,21,1,1,0,0,1,887,3,0,0
1990,80,2,3,0,2,0,0,0,0,0
1990,58,2,2,0,0,0,379,2,37,0
1990,80,2,3,0,0,0,315,4,0,0
1990,41,1,0,0,0,1,77,5,40,0
1990,32,2,0,0,1,0,449,4,8,0
1990,57,2,2,0,0,1,459,5,48,0
1990,41,1,2,0,0,1,459,5,59,0
1990,31,1,0,0,2,1,628,1,50,0
1990,31,2,0,0,2,1,0,0,0,0
1990,78,2,3,0,2,1,0,0,0,0
1990,27,1,1,2,0,1,243,3,40,0
1990,46,2,3,2,0,0,0,0,0,0
1990,65,1,3,2,0,0,0,0,0,0
1990,23,1,1,2,0,0,804,2,40,0
1990,71,2,3,0,0,0,779,1,40,0
1990,76,2,3,0,0,0,0,0,0,0
1990,46,1,1,0,0,0,785,3,45,1
1990,69,1,0,0,0,1,547,6,0,0
1990,70,2,0,0,0,0,0,0,0,0
1990,36,1,1,0,0,0,628,1,40,0
1990,41,2,0,3,3,1,95,5,0,0
1990,39,1,0,3,3,1,628,1,40,0
1990,64,1,0,3,3,1,0,0,0,0
1990,62,2,0,3,3,1,0,0,0,0
1990,78,2,2,0,0,0,0,0,0,0
1990,60,2,3,0,2,0,888,3,40,0
1990,22,2,0,0,0,0,383,4,34,0
1990,26,1,0,0,0,0,869,0,40,0
1990,64,1,3,0,0,0,796,1,40,0
1990,27,2,1,0,0,0,22,3,40,0
1990,23,1,1,0,0,1,518,1,40,0
1990,56,1,0,0,0,0,704,1,45,0
1990,51,2,0,0,0,0,0,0,0,0
1990,31,1,1,0,0,0,0,0,0,0
1990,29,1,2,0,1,0,224,1,40,0
1990,34,2,0,2,1,0,0,0,0,0
1990,35,1,0,2,1,1,443,3,80,0
1990,20,2,1,0,1,0,0,0,0,0
1990,63,1,3,0,1,0,0,0,0,0
1990,25,1,1,0,1,0,373,1,40,0
1990,18,2,1,0,0,0,449,4,0,0
1990,74,1,0,0,2,0,278,3,40,0
1990,55,2,0,0,2,0,453,4,35,0
1990,33,1,0,2,1,0,438,3,72,0
1990,29,2,0,0,0,1,909,6,0,0
1990,20,1,0,0,1,0,364,1,40,0
1990,20,2,0,0,1,0,308,4,40,0
1990,72,2,3,0,1,0,0,0,0,0
1990,33,1,0,0,0,0,597,0,35,0
1990,28,2,0,0,0,0,0,0,0,0
1990,38,2,1,0,0,0,308,1,40,0
1990,24,1,1,0,0,1,154,5,40,0
1990,29,1,3,1,0,0,575,1,40,0
1990,27,2,1,1,0,0,407,4,40,0
1990,20,1,1,1,0,0,276,5,32,0
1990,24,1,1,1,0,0,453,4,20,0
1990,28,1,3,1,0,1,453,4,46,0
1990,58,1,0,1,0,0,808,2,40,0
1990,53,2,0,1,0,0,376,5,40,0
1990,24,2,1,1,0,1,734,1,0,0
1990,30,1,0,1,0,1,36,6,40,0
1990,30,2,0,1,0,0,243,3,40,0
1990,30,2,1,1,0,1,909,6,0,0
1990,34,1,2,1,0,0,57,5,40,0
1990,33,2,2,1,0,0,313,1,40,0
1990,41,1,1,0,0,0,0,0,0,0
1990,45,1,0,1,0,1,539,4,40,0
1990,48,2,0,1,0,0,0,0,0,0
1990,27,2,1,1,0,1,319,3,0,0
1990,29,1,1,1,0,0,355,2,40,0
1990,56,1,0,1,0,0,503,1,40,0
1990,58,2,0,1,0,0,453,4,10,0
1990,36,1,1,1,0,0,426,5,40,0
1990,63,1,0,1,0,0,4,6,40,0
1990,63,2,0,1,0,1,0,0,0,0
1990,30,2,1,1,0,0,439,5,40,0
1990,68,1,1,0,0,1,567,5,15,0
1990,55,2,3,1,0,0,628,1,40,0
1990,35,1,1,1,0,0,0,0,0,0
1990,37,1,2,1,0,0,909,6,0,0
1990,41,1,1,1,0,1,156,5,35,0
1990,67,1,3,1,0,0,0,0,0,0
1990,22,2,0,1,0,0,0,0,0,0
1990,26,1,0,1,0,0,889,1,40,0
1990,24,1,1,1,0,0,889,1,40,0
1990,53,2,3,1,0,0,796,1,40,0
1990,28,2,3,1,0,1,274,3,0,0
1990,24,2,1,1,0,0,319,3,40,0
1990,46,1,3,1,0,0,889,1,40,0
1990,34,1,0,1,0,0,887,4,24,0
1990,34,2,0,1,0,0,0,0,0,0
1990,43,1,0,0,0,1,628,1,45,0
1990,43,2,0,0,2,1,95,4,30,0
1990,56,1,0,0,0,0,804,4,35,1
1990,56,2,0,0,0,0,0,0,0,0
1990,30,1,0,0,1,0,889,1,51,0
1990,20,2,0,0,1,0,0,0,0,0
1990,27,1,3,0,1,1,368,3,30,0
1990,32,2,1,0,0,0,0,0,0,0
1990,51,2,1,0,1,0,274,3,40,0
1990,54,1,0,1,0,0,0,0,0,0
1990,42,2,0,1,0,0,0,0,0,0
1990,48,1,1,1,0,0,0,0,0,0
1990,50,2,3,1,0,0,748,4,0,0
1990,30,1,3,1,0,0,534,4,40,0
1990,28,2,1,1,0,0,0,0,0,0
1990,28,1,3,1,0,0,0,0,0,0
1990,45,1,0,1,0,0,723,2,40,0
1990,43,2,0,1,0,0,888,1,40,0
1990,21,2,0,1,0,1,378,5,40,0
1990,23,1,0,1,0,0,785,1,50,0
1990,43,2,3,1,0,0,468,5,25,0
1990,62,1,1,1,0,0,0,0,0,0
1990,63,2,2,1,0,1,17,5,40,0
1990,29,2,0,2,0,0,0,0,0,0
1990,39,1,0,2,0,0,909,6,0,0
1990,31,2,1,1,0,1,909,6,0,0
1990,37,2,2,1,0,1,539,2,40,0
1990,50,1,2,1,0,0,0,0,0,0
1990,19,1,1,1,0,0,877,3,30,0
1990,71,1,0,1,0,0,415,5,15,0
1990,70,2,0,1,0,0,0,0,0,0
1990,32,2,1,1,0,0,443,2,40,0
1990,43,1,1,1,0,0,174,5,40,0
1990,72,2,3,1,0,0,0,0,0,0
1990,68,1,3,1,0,0,0,0,0,0
1990,40,2,2,1,0,1,27,4,37,0
1990,36,2,1,1,0,1,799,3,40,0
1990,70,1,0,1,0,0,354,2,40,0
1990,67,2,0,1,0,1,156,5,30,0
1990,62,2,3,1,0,0,0,0,0,0
1990,53,1,0,1,0,0,174,5,0,0
1990,38,2,0,1,0,1,157,5,65,0
1990,54,2,2,1,0,0,387,5,35,0
1990,25,1,1,1,0,1,575,0,40,0
1990,24,2,1,1,0,1,276,6,30,0
1990,35,2,3,1,0,0,207,5,40,0
1990,65,1,3,1,0,1,0,0,0,0
1990,70,2,3,0,0,0,0,0,0,0
1990,59,2,3,1,0,0,425,6,20,0
1990,68,2,2,1,0,1,0,0,0,0
1990,39,2,2,1,0,1,73,1,78,0
1990,20,2,1,0,0,1,337,5,20,0
1990,48,1,0,0,0,1,178,4,40,1
1990,43,2,0,0,0,1,26,5,40,0
1990,63,2,1,0,0,0,465,5,0,0
1990,36,1,0,0,0,1,178,6,45,0
1990,36,2,0,0,0,1,178,5,45,1
1990,33,2,3,1,0,0,0,0,0,0
1990,34,2,1,1,0,1,23,0,35,0
1990,47,1,3,0,0,0,804,3,40,0
1990,58,2,0,0,0,1,34,4,80,1
1990,63,1,0,0,0,1,178,5,44,1
1990,76,1,3,0,0,1,0,0,0,0
1990,49,1,0,0,0,1,65,4,50,1
1990,44,2,0,0,0,1,303,4,40,1
1990,27,1,0,0,0,1,0,0,0,0
1990,25,2,0,0,0,1,204,5,36,0
1990,60,1,3,0,0,0,456,4,0,0
1990,32,1,0,0,0,1,226,2,30,0
1990,23,2,0,0,0,1,463,2,12,0
1990,34,1,1,0,0,1,22,3,45,1
1990,42,2,2,0,0,1,13,3,55,1
1990,21,2,1,0,0,1,155,5,30,0
1990,46,1,2,1,0,0,479,0,40,0
1990,24,2,1,1,0,1,0,0,0,0
1990,42,2,2,1,0,0,447,5,0,0
1990,18,1,1,1,0,0,0,0,0,0
1990,67,1,2,1,0,0,0,0,0,0
1990,33,1,1,1,0,1,0,0,0,0
1990,30,2,1,1,0,0,0,0,0,0
1990,22,2,1,3,0,1,194,5,10,0
1990,23,2,1,0,0,1,435,3,40,0
1990,21,2,1,2,0,1,319,1,0,0
1990,27,2,1,2,1,1,154,5,0,0
1990,21,1,0,0,0,0,804,3,22,0
1990,21,2,0,1,0,0,909,6,0,0
1990,35,2,1,1,0,0,0,0,0,0
1990,57,1,1,1,0,1,843,1,0,0
1990,43,1,2,1,0,1,174,5,40,0
1990,28,2,1,1,0,0,276,5,20,0
1990,36,2,1,1,0,0,0,0,0,0
1990,59,1,0,0,0,0,243,4,50,1
1990,49,2,0,0,0,0,22,1,50,0
1990,30,1,1,0,2,1,26,5,50,1
1990,33,1,0,0,0,1,178,5,45,1
1990,30,2,0,0,0,1,178,5,45,1
1990,62,2,1,0,0,1,24,4,30,0
1990,48,2,3,0,0,1,185,3,45,0
1990,20,2,1,0,0,0,433,3,40,0
1990,23,1,1,0,0,0,436,3,40,0
1990,80,2,3,1,0,0,0,0,0,0
1990,43,2,3,2,1,0,779,1,40,0
1990,40,1,3,2,0,0,869,0,56,0
1990,29,1,0,2,1,1,549,1,40,0
1990,41,1,1,2,1,0,888,3,40,0
1990,37,1,0,2,1,0,777,1,40,0
1990,26,1,1,2,1,0,0,0,0,0
1990,44,1,0,0,1,0,727,1,48,0
1990,37,2,0,0,0,0,0,0,0,0
1990,19,2,1,0,0,1,379,5,20,0
1990,40,1,0,2,1,0,754,1,40,0
1990,36,2,0,0,1,0,0,0,0,0
1990,53,1,0,2,1,0,889,1,40,0
1990,46,2,0,2,1,0,666,1,40,0
1990,37,1,2,1,4,0,0,0,0,0
1990,19,1,3,1,1,0,567,0,54,0
1990,36,1,0,2,1,0,669,1,40,0
1990,30,2,0,2,1,0,889,1,40,0
1990,30,1,3,2,1,0,486,0,40,0
1990,24,2,1,2,1,0,769,1,40,0
1990,55,1,0,0,1,0,804,3,40,0
1990,35,2,0,0,1,0,0,0,0,0
1990,27,1,1,2,1,1,779,3,60,0
1990,43,2,1,2,1,0,779,3,50,0
1990,47,1,0,2,1,0,713,1,40,0
1990,45,2,0,2,1,1,666,4,40,0
1990,24,1,1,2,1,0,505,4,40,0
1990,19,2,1,2,0,0,435,3,40,0
1990,32,1,1,2,1,0,869,0,0,0
1990,21,2,1,2,1,1,22,3,20,0
1990,77,2,0,0,0,0,0,0,0,0
1990,73,1,0,0,0,0,0,0,0,0
1990,46,2,1,0,0,0,0,0,0,0
1990,66,1,0,2,1,0,0,0,0,0
1990,42,1,1,2,1,0,308,5,37,0
1990,26,1,1,2,1,0,889,1,40,0
1990,31,2,2,2,1,0,888,1,40,0
1990,51,1,0,2,0,0,558,0,40,0
1990,51,2,0,2,0,0,0,0,0,0
1990,20,1,1,2,0,1,869,0,40,0
1990,30,1,1,2,0,0,869,0,40,0
1990,33,1,0,2,1,0,485,0,50,0
1990,29,2,0,2,1,0,0,0,0,0
1990,46,2,1,2,1,0,449,5,40,0
1990,44,1,0,2,1,0,505,4,50,0
1990,40,2,0,2,1,0,0,0,0,0
1990,28,1,0,2,1,0,888,1,40,0
1990,30,2,0,2,1,0,276,4,45,0
1990,18,2,1,2,1,0,0,0,0,0
1990,56,1,0,2,1,0,889,2,40,0
1990,50,2,0,2,1,0,0,0,0,0
1990,29,2,1,2,1,1,23,4,50,0
1990,25,2,1,2,1,0,0,0,0,0
1990,24,1,1,2,0,1,335,4,20,0
1990,19,2,1,2,0,0,0,0,0,0
1990,21,2,1,2,0,0,0,0,0,0
1990,33,1,0,2,1,1,585,0,48,0
1990,32,2,0,2,1,1,95,5,0,0
1990,58,2,0,0,0,1,95,5,44,0
1990,60,1,0,0,0,0,754,3,0,0
1990,24,1,1,0,0,0,869,0,40,0
1990,26,1,1,3,3,1,259,1,50,0
1990,40,2,2,1,0,1,337,4,45,0
1990,37,1,0,3,3,0,436,3,48,0
1990,35,2,0,3,3,0,756,1,8,0
1990,68,1,3,3,3,0,0,0,0,0
1990,36,2,3,3,3,0,0,0,0,0
1990,30,2,0,0,0,1,56,1,42,0
1990,30,1,0,0,0,0,15,5,40,0
1990,76,2,3,0,0,0,0,0,0,0
1990,65,1,0,0,0,1,453,2,40,0
1990,61,2,0,0,0,0,337,3,40,0
1990,54,1,1,0,0,0,889,3,0,0
1990,39,1,0,2,0,0,417,6,50,0
1990,37,2,0,2,0,0,808,2,40,0
1990,32,1,2,0,0,1,585,2,40,1
1990,28,2,2,0,0,0,793,3,0,0
1990,43,2,1,0,0,0,335,6,40,0
1990,30,1,0,0,1,0,889,1,40,0
1990,30,2,0,0,1,0,453,4,40,0
1990,27,1,1,0,2,0,575,0,40,0
1990,27,1,0,0,0,0,507,2,40,0
1990,20,2,0,0,0,1,25,6,50,0
1990,41,1,2,0,0,0,777,1,0,0
1990,57,2,3,0,0,0,453,3,18,0
1990,32,1,1,0,0,0,804,3,40,0
1990,33,1,0,0,0,0,365,2,35,0
1990,33,2,0,0,0,0,0,0,0,0
1990,51,1,0,0,0,0,779,3,40,0
1990,49,2,0,0,0,1,17,3,0,0
1990,77,2,3,0,0,0,0,0,0,0
1990,65,1,3,0,0,0,825,2,0,0
1990,43,2,2,0,0,1,337,5,40,0
1990,22,1,1,0,0,0,628,2,50,0
1990,65,1,0,3,3,0,14,3,40,0
1990,65,2,0,3,3,0,22,3,0,0
1990,61,2,3,3,3,0,436,3,54,0
1990,20,2,1,3,3,1,443,3,40,0
1990,34,2,1,3,3,0,567,0,40,0
1990,57,2,3,0,0,0,0,0,0,0
1990,24,1,1,0,0,0,777,1,40,0
1990,22,1,1,0,0,0,877,3,40,0
1990,48,2,3,0,0,0,877,3,40,0
1990,77,1,0,0,0,0,0,0,0,0
1990,74,2,0,0,0,0,0,0,0,0
1990,56,2,2,0,0,0,779,1,0,0
1990,64,2,2,0,0,0,276,3,0,0
1990,59,1,0,2,1,0,777,1,40,0
1990,56,2,0,2,1,0,0,0,0,0
1990,23,1,1,2,0,1,357,3,40,0
1990,21,2,1,2,0,1,458,4,28,0
1990,18,1,1,2,0,0,159,5,40,0
1990,68,2,3,0,0,1,305,4,0,0
1990,55,1,0,2,0,0,804,3,40,0
1990,55,2,0,0,0,0,356,1,0,0
1990,22,1,1,0,0,0,567,0,40,0
1990,20,2,1,0,0,0,308,4,40,0
1990,72,2,3,0,0,0,0,0,0,0
1990,60,1,0,0,0,0,413,6,40,0
1990,60,2,0,0,0,1,5,6,40,0
1990,34,1,0,0,1,0,779,1,40,0
1990,30,2,0,0,1,0,706,1,40,0
1990,50,1,3,0,2,1,0,0,0,0
1990,36,1,0,0,0,1,426,4,40,0
1990,39,2,0,0,0,1,95,5,40,0
1990,57,1,0,1,0,0,364,2,40,0
1990,23,2,0,1,0,0,0,0,0,0
1990,32,1,0,1,0,0,883,2,80,0
1990,29,2,1,1,0,0,465,5,35,0
1990,67,2,0,1,0,0,785,1,0,0
1990,51,1,1,1,0,0,453,5,40,0
1990,65,2,3,1,0,0,0,0,0,0
1990,63,1,3,1,0,0,0,0,0,0
1990,45,1,1,1,0,0,0,0,0,0
1990,32,2,2,0,0,1,277,3,40,0
1990,22,1,0,0,2,0,558,0,60,0
1990,24,2,0,0,0,1,276,3,0,0
1990,51,1,0,0,0,0,889,3,50,0
1990,50,2,0,0,0,0,276,3,40,0
1990,65,1,0,0,0,0,276,2,0,0
1990,65,2,0,0,0,0,0,0,0,0
1990,68,1,0,0,0,0,0,0,0,0
1990,66,2,0,0,0,0,0,0,0,0
1990,38,1,0,2,0,0,769,1,0,0
1990,37,2,0,2,1,1,156,5,30,0
1990,41,1,0,0,0,0,734,1,40,0
1990,39,2,0,0,0,0,0,0,0,0
1990,80,1,3,0,0,0,808,2,0,0
1990,62,1,2,0,0,0,883,2,0,0
1990,67,2,3,2,1,0,0,0,0,0
1990,39,1,0,0,0,1,628,1,55,0
1990,37,2,0,0,0,0,0,0,0,0
1990,36,2,0,0,0,1,365,4,25,0
1990,36,1,0,0,0,1,364,1,40,0
1990,45,1,2,1,0,1,167,5,40,0
1990,46,1,2,1,0,0,796,1,0,0
1990,42,2,2,1,0,1,453,4,40,0
1990,67,1,3,0,2,0,0,0,0,0
1990,74,1,0,0,0,1,0,0,0,0
1990,69,2,0,0,0,0,0,0,0,0
1990,54,1,0,0,2,1,22,5,40,1
1990,52,2,0,0,2,1,313,5,16,0
1990,26,1,1,0,0,1,55,2,40,0
1990,23,1,1,0,0,1,0,0,0,0
1990,20,2,1,0,0,1,0,0,0,0
1990,59,2,3,0,0,0,888,1,40,0
1990,22,1,1,0,0,0,0,0,0,0
1990,22,1,1,0,0,0,426,4,48,0
1990,32,2,2,0,0,0,796,1,40,0
1990,50,1,0,1,0,0,22,1,40,0
1990,48,2,0,1,0,0,22,5,40,0
1990,26,2,1,1,0,1,529,2,40,0
1990,64,2,2,0,0,0,347,4,0,0
1990,68,2,1,0,0,1,318,2,40,0
1990,50,1,2,0,1,0,889,1,40,0
1990,62,2,3,0,0,0,338,1,32,0
1990,76,2,3,0,0,0,0,0,0,0
1990,56,1,2,0,0,0,804,2,40,0
1990,27,1,0,0,0,1,303,2,40,0
1990,27,2,0,0,0,0,13,5,40,0
1990,69,1,0,0,0,0,0,0,0,0
1990,73,2,0,0,0,0,0,0,0,0
1990,79,2,3,0,0,0,909,6,0,0
1990,52,1,0,0,0,0,359,6,40,0
1990,50,2,0,0,0,0,0,0,0,0
1990,23,1,1,0,0,1,235,4,40,0
1990,26,1,1,0,0,1,363,4,40,0
1990,52,1,0,0,0,0,777,1,40,0
1990,48,2,0,0,0,0,453,3,0,0
1990,20,2,1,0,0,1,383,4,40,0
1990,57,2,2,0,0,0,313,1,40,0
1990,25,2,1,0,0,1,335,5,30,0
1990,76,1,0,0,0,0,0,0,0,0
1990,73,2,0,0,0,0,0,0,0,0
1990,66,1,0,0,0,1,22,5,0,1
1990,65,2,0,0,0,0,0,0,0,0
1990,68,2,2,0,0,0,444,1,40,0
1990,39,1,1,0,0,1,356,5,35,0
1990,65,1,0,0,1,0,453,5,40,0
1990,59,2,0,0,0,0,313,5,35,0
1990,48,1,0,0,2,0,435,4,43,0
1990,48,2,0,0,2,0,888,1,40,0
1990,19,1,1,0,0,0,464,2,40,0
1990,22,2,1,0,0,1,313,4,40,0
1990,78,2,0,0,0,0,0,0,0,0
1990,56,1,0,2,4,0,637,2,40,0
1990,51,2,0,0,1,0,276,3,42,0
1990,25,1,1,0,1,1,259,1,50,0
1990,69,1,0,0,0,0,22,1,0,0
1990,70,2,0,0,0,0,0,0,0,0
1990,38,1,1,0,0,1,804,3,40,0
1990,30,1,0,0,0,0,808,2,40,0
1990,60,2,0,0,1,0,436,3,40,0
1990,24,2,1,0,0,1,223,1,40,0
1990,70,1,0,0,0,0,0,0,0,0
1990,65,2,0,0,0,0,0,0,0,0
1990,33,1,0,0,0,0,507,2,40,0
1990,34,2,0,0,0,0,363,1,40,0
1990,29,1,1,0,0,0,13,4,50,0
1990,40,1,1,0,0,0,24,4,35,0
1990,37,2,1,3,0,1,538,3,40,0
1990,69,2,3,0,0,0,0,0,0,0
1990,40,1,1,0,0,1,176,5,80,0
1990,39,1,1,0,0,1,176,5,60,0
1990,75,1,1,0,0,1,176,5,15,1
1990,72,2,3,0,0,0,0,0,0,0
1990,39,1,1,0,0,1,27,2,40,0
1990,69,1,0,0,0,0,0,0,0,0
1990,65,2,0,0,0,0,0,0,0,0
1990,65,2,3,0,0,0,276,3,0,0
1990,38,1,0,0,0,1,243,3,40,0
1990,29,2,0,0,0,0,315,4,37,0
1990,62,1,0,0,0,1,21,5,48,1
1990,58,2,0,0,0,0,0,0,0,0
1990,21,1,1,0,0,0,576,2,40,0
1990,19,1,1,0,0,0,529,2,40,0
1990,41,1,0,0,0,0,779,1,40,0
1990,39,2,0,0,0,0,23,4,15,0
1990,50,1,0,0,0,1,197,5,40,1
1990,58,2,0,0,2,1,21,5,50,0
1990,80,1,0,0,0,0,0,0,0,0
1990,75,2,0,0,0,0,0,0,0,0
1990,44,1,0,1,0,0,804,2,44,0
1990,39,2,0,1,0,1,313,5,38,0
1990,45,1,0,1,0,1,156,5,40,0
1990,38,2,0,0,0,1,156,5,40,0
1990,70,1,3,0,0,1,0,0,0,0
1990,40,2,1,0,0,0,313,4,40,0
1990,38,2,1,0,0,1,15,5,40,0
1990,39,1,0,0,0,1,514,3,40,0
1990,39,2,0,0,0,0,0,0,0,0
1990,69,2,3,0,0,1,0,0,0,0
1990,80,2,2,0,0,1,0,0,0,0
1990,70,2,3,0,0,0,337,4,0,0
1990,27,1,1,0,0,0,447,5,40,0
1990,60,2,3,0,0,0,0,0,0,0
1990,27,1,1,0,0,1,459,5,40,0
1990,24,1,1,0,0,1,218,0,40,0
1990,33,1,0,0,0,1,848,0,40,1
1990,31,2,0,0,0,1,313,4,0,0
1990,37,1,0,0,0,0,875,2,40,0
1990,36,2,0,0,0,1,95,3,40,0
1990,58,1,0,0,0,0,567,5,40,0
1990,55,2,0,0,0,0,0,0,0,0
1990,24,1,0,0,0,1,157,5,40,0
1990,21,2,0,0,0,1,274,5,39,0
1990,71,2,3,1,0,0,447,5,0,0
1990,62,1,0,0,0,1,216,0,35,1
1990,59,2,0,0,0,1,156,5,32,0
1990,54,2,1,0,0,1,156,5,40,0
1990,78,1,0,0,0,0,0,0,0,0
1990,74,2,0,0,0,0,0,0,0,0
1990,39,1,1,0,0,1,263,3,52,0
1990,79,2,0,1,0,0,0,0,0,0
1990,32,2,2,1,0,0,447,5,0,0
1990,38,1,1,1,0,0,436,3,40,0
1990,31,2,1,1,0,0,14,5,35,0
1990,56,2,3,1,0,0,436,5,40,0
1990,45,2,0,1,0,1,706,1,40,0
1990,49,1,0,1,0,0,687,3,40,0
1990,64,1,0,1,0,0,0,0,0,0
1990,63,2,0,1,0,0,0,0,0,0
1990,23,2,1,1,0,0,0,0,0,0
1990,37,2,2,1,0,1,354,2,40,0
1990,57,1,0,1,0,0,444,3,40,0
1990,54,2,0,1,0,1,0,0,0,0
1990,27,1,1,1,0,1,355,2,30,0
1990,54,2,2,1,0,1,313,1,40,0
1990,20,2,3,1,0,0,385,4,40,0
1990,50,2,3,1,0,0,748,5,40,0
1990,45,1,3,1,0,0,22,1,40,0
1990,32,1,0,1,0,1,0,0,0,0
1990,28,2,0,1,0,1,426,4,40,0
1990,62,2,3,1,0,0,17,5,35,0
1990,54,1,3,1,0,0,22,4,0,0
1990,47,1,3,1,0,0,459,5,0,0
1990,47,1,1,1,0,0,0,0,0,0
1990,52,2,2,1,0,1,0,0,0,0
1990,31,2,1,1,0,0,0,0,0,0
1990,27,1,1,1,0,0,0,0,0,0
1990,55,2,0,1,0,0,447,5,40,0
1990,56,1,0,1,0,0,754,3,40,0
1990,20,1,1,1,0,0,365,3,40,0
1990,20,1,1,1,0,0,356,5,40,0
1990,72,2,3,1,0,0,0,0,0,0
1990,58,2,3,1,0,0,447,5,0,0
1990,32,1,0,1,0,1,23,1,50,0
1990,29,2,0,1,0,1,378,5,40,0
1990,32,2,3,1,0,0,514,4,10,0
1990,56,2,2,1,0,1,386,2,0,0
1990,52,1,0,1,0,0,785,1,40,0
1990,36,2,0,1,0,1,337,4,40,0
1990,28,2,1,1,0,0,335,4,40,0
1990,31,2,1,1,0,0,447,5,40,0
1990,40,2,3,1,0,1,0,0,0,0
1990,51,1,2,1,0,0,364,1,40,0
1990,35,1,2,1,0,1,447,5,40,0
1990,22,2,1,1,0,1,447,5,40,0
1990,69,2,3,1,0,1,0,0,0,0
1990,40,2,0,1,0,1,156,5,20,0
1990,38,1,0,1,0,1,156,5,40,0
1990,18,1,1,1,0,0,448,6,25,0
1990,20,1,1,1,0,1,185,3,40,0
1990,62,1,0,1,0,0,453,2,40,0
1990,57,2,0,1,0,0,207,5,0,0
1990,18,1,1,1,0,0,0,0,0,0
1990,33,2,1,1,0,1,308,3,40,0
1990,50,2,1,1,0,1,95,5,40,0
1990,52,1,1,1,0,0,0,0,0,0
1990,44,2,1,1,0,0,909,6,0,0
1990,27,2,1,1,0,1,319,4,40,0
1990,44,2,1,1,0,0,0,0,0,0
1990,68,1,0,1,0,0,0,0,0,0
1990,31,2,0,1,0,0,453,3,40,0
1990,60,1,0,1,0,0,653,1,40,0
1990,57,2,0,1,0,0,155,5,0,0
1990,31,1,1,1,0,0,189,4,50,0
1990,21,1,1,1,0,1,276,3,20,0
1990,69,1,0,1,0,0,0,0,0,0
1990,67,2,0,1,0,1,156,5,30,0
1990,43,1,1,1,0,0,889,3,0,0
1990,40,1,1,1,0,0,909,6,0,0
1990,56,2,1,1,0,0,447,5,40,0
1990,35,2,1,1,0,0,0,0,0,0
1990,20,1,1,1,0,0,0,0,0,0
1990,18,2,1,1,0,0,379,5,0,0
1990,35,1,1,1,0,0,849,3,40,0
1990,46,1,0,1,0,1,23,2,40,0
1990,41,2,0,1,0,1,305,4,0,0
1990,47,1,0,1,0,0,355,2,40,0
1990,47,2,0,1,0,0,174,5,40,0
1990,20,2,1,1,0,0,376,4,40,0
1990,30,2,0,1,0,1,385,1,33,0
1990,33,1,0,1,0,0,453,4,40,0
1990,31,2,1,1,0,1,229,4,40,0
1990,35,1,1,0,0,1,197,5,40,0
1990,53,2,2,1,0,0,888,1,40,0
1990,20,2,1,1,0,0,276,3,0,0
1990,72,2,3,1,0,0,0,0,0,0
1990,52,1,0,1,0,0,453,3,40,0
1990,49,2,0,1,0,0,0,0,0,0
1990,22,1,1,1,0,1,453,5,40,0
1990,20,1,1,1,0,0,0,0,0,0
1990,38,1,2,1,0,0,22,6,40,0
1990,28,2,2,1,0,0,315,5,31,0
1990,54,2,0,1,0,1,338,4,37,0
1990,52,1,0,1,0,0,0,0,0,0
1990,74,2,3,1,0,1,0,0,0,0
1990,32,2,1,1,0,0,909,6,0,0
1990,31,2,1,1,0,1,0,0,0,0
1990,23,2,1,1,0,0,0,0,0,0
1990,45,2,1,1,0,1,0,0,0,0
1990,65,1,0,1,0,0,707,1,0,0
1990,53,2,0,1,0,0,909,6,0,0
1990,28,1,1,1,0,1,0,0,0,0
1990,22,1,1,1,0,1,0,0,0,0
1990,46,1,0,1,0,1,156,5,40,0
1990,47,2,0,1,0,1,156,5,35,0
1990,22,2,1,1,0,0,0,0,0,0
1990,26,2,1,1,0,0,0,0,0,0
1990,80,1,3,1,0,0,0,0,0,0
1990,58,1,1,1,0,0,0,0,0,0
1990,65,2,2,1,0,0,0,0,0,0
1990,18,2,1,1,0,0,0,0,0,0
1990,74,2,3,1,0,0,449,4,0,0
1990,66,2,3,1,0,0,0,0,0,0
1990,71,2,3,1,1,1,0,0,0,0
1990,40,2,1,1,0,0,0,0,0,0
1990,73,2,3,1,0,0,0,0,0,0
1990,33,2,1,1,0,1,323,6,40,0
1990,74,1,0,1,0,0,27,5,40,0
1990,64,2,0,1,0,1,313,5,40,0
1990,53,2,1,1,0,0,453,6,0,0
1990,19,1,1,1,0,0,0,0,0,0
1990,28,1,1,1,0,0,243,6,40,0
1990,76,2,3,1,0,0,0,0,0,0
1990,69,1,0,0,2,1,259,1,16,0
1990,56,2,0,0,0,1,22,5,21,0
1990,54,2,1,1,0,0,0,0,0,0
1990,35,2,3,1,0,1,225,5,20,0
1990,19,2,1,1,0,1,276,3,40,0
1990,64,1,0,1,0,0,804,2,40,0
1990,56,2,0,1,0,0,449,4,40,0
1990,26,1,1,1,0,0,436,3,0,0
1990,30,2,1,1,0,0,909,6,0,0
1990,20,1,1,1,0,1,453,6,8,0
1990,64,2,3,1,0,0,454,4,40,0
1990,41,1,1,1,0,1,203,5,35,0
1990,25,1,1,1,0,0,683,1,40,0
1990,38,2,1,1,0,0,0,0,0,0
1990,20,2,0,1,0,0,0,0,0,0
1990,21,1,0,1,0,0,0,0,0,0
1990,24,1,1,1,0,0,316,6,40,0
1990,22,1,1,0,0,1,174,5,10,0
1990,30,1,2,1,0,1,573,0,40,0
1990,24,2,1,0,0,1,22,5,35,0
1990,57,1,0,3,3,0,505,3,40,0
1990,57,2,0,3,3,0,0,0,0,0
1990,21,2,1,3,3,1,276,4,25,0
1990,49,1,1,0,0,1,156,5,60,0
1990,35,1,3,1,1,1,335,5,3,0
1990,76,2,3,0,2,1,0,0,0,0
1990,42,2,3,0,0,1,83,5,60,0
1990,20,1,1,3,0,1,213,5,10,0
1990,27,2,1,0,0,1,337,4,2,0
1990,26,2,1,0,0,1,95,5,45,0
1990,19,1,1,0,0,1,363,1,40,0
1990,75,2,0,1,0,0,0,0,0,0
1990,72,2,3,1,0,0,443,5,0,0
1990,37,1,1,1,0,1,444,5,40,0
1990,34,2,1,1,0,0,386,4,0,0
1990,42,2,2,1,0,1,307,5,40,0
1990,19,1,1,1,0,0,883,5,30,0
1990,67,2,3,1,0,0,407,4,16,0
1990,40,2,2,1,0,0,447,4,20,0
1990,18,2,1,1,0,0,387,6,16,0
1990,18,1,1,1,0,0,468,5,8,0
1990,40,1,2,1,0,0,355,2,40,0
1990,65,1,2,1,0,0,0,0,0,0
1990,67,2,1,1,0,0,276,4,0,0
1990,58,2,3,1,0,1,317,4,26,0
1990,41,2,2,1,0,0,0,0,0,0
1990,41,2,3,1,0,1,25,6,40,0
1990,19,2,1,1,0,1,276,3,20,0
1990,18,1,1,1,0,0,877,3,16,0
1990,30,2,1,1,0,1,0,0,0,0
1990,69,1,1,1,0,0,0,0,0,0
1990,40,2,1,1,0,1,389,5,70,0
1990,67,2,3,1,0,0,0,0,0,0
1990,39,2,1,1,0,1,338,3,40,0
1990,26,1,1,1,0,1,667,1,40,0
1990,26,2,1,1,0,0,276,4,40,0
1990,32,1,1,1,0,0,453,4,20,0
1990,40,2,3,1,0,1,313,4,88,0
1990,61,2,2,1,0,1,33,5,40,0
1990,29,2,2,1,0,0,449,5,40,0
1990,63,1,0,1,0,0,354,2,0,0
1990,64,2,0,1,0,0,0,0,0,0
1990,45,2,1,1,0,0,354,2,40,0
1990,21,2,1,1,0,1,0,0,0,0
1990,40,2,1,1,0,1,628,1,89,0
1990,18,1,1,1,0,0,0,0,0,0
1990,40,1,1,1,0,0,769,1,40,0
1990,64,2,2,1,0,1,234,6,20,0
1990,38,1,2,1,0,1,434,4,20,0
1990,26,1,0,1,4,1,344,4,40,0
1990,25,2,0,1,0,1,313,5,40,0
1990,30,1,3,1,0,0,447,5,14,0
1990,55,2,1,1,0,1,156,5,99,0
1990,32,1,1,1,0,0,354,2,40,0
1990,35,1,0,1,4,1,308,4,20,0
1990,34,2,0,1,0,1,156,5,40,0
1990,46,2,3,1,0,1,0,0,0,0
1990,23,1,1,1,0,1,265,3,40,0
1990,41,2,3,1,0,1,313,4,35,0
1990,18,1,1,1,0,0,0,0,0,0
1990,39,1,3,1,0,0,909,6,0,0
1990,33,1,1,1,0,1,313,5,40,0
1990,36,1,3,1,0,1,628,0,40,0
1990,71,1,3,1,0,1,453,5,40,0
1990,64,2,3,1,0,0,0,0,0,0
1990,67,2,2,1,0,0,447,5,0,0
1990,47,2,3,1,0,0,379,5,40,0
1990,71,1,3,1,0,0,379,3,48,0
1990,64,1,1,1,0,0,274,3,10,0
1990,37,2,1,1,0,1,156,5,30,0
1990,47,1,0,1,0,0,779,3,40,0
1990,40,2,0,1,0,1,314,2,40,0
1990,56,1,0,1,0,0,579,0,40,0
1990,65,2,0,1,0,1,14,5,36,0
1990,37,2,3,1,0,1,337,5,40,0
1990,35,1,3,1,0,0,264,3,50,0
1990,68,1,3,1,0,1,0,0,0,0
1990,66,1,2,1,0,1,225,2,35,0
1990,45,2,2,1,0,1,203,5,40,0
1990,39,2,0,1,0,1,909,6,0,0
1990,43,1,0,1,0,0,453,5,0,0
1990,30,2,1,0,0,0,436,3,36,0
1990,37,1,3,1,0,0,453,5,48,0
1990,18,1,1,1,0,0,364,2,16,0
1990,60,2,3,1,0,1,0,0,0,0
1990,29,1,1,1,0,1,0,0,0,0
1990,74,1,3,1,0,0,0,0,0,0
1990,62,2,2,1,0,1,877,3,40,0
1990,50,1,2,1,0,0,808,2,20,0
1990,71,1,3,1,0,1,0,0,0,0
1990,27,1,3,1,0,0,523,0,40,0
1990,26,1,3,1,0,0,444,3,0,0
1990,67,2,2,2,1,0,789,1,0,0
1990,18,1,1,2,1,0,436,3,0,0
1990,21,1,0,2,0,1,356,4,35,0
1990,19,2,0,2,0,1,337,4,37,0
1990,50,2,2,1,0,0,446,5,37,0
1990,57,1,0,1,0,1,257,5,35,1
1990,55,2,0,1,0,1,185,4,40,0
1990,57,2,2,1,0,1,319,3,37,0
1990,36,1,0,1,0,0,327,2,50,0
1990,36,2,0,1,0,0,313,6,40,0
1990,55,1,0,2,0,0,785,1,35,0
1990,53,2,0,2,0,0,449,5,40,0
1990,80,2,3,0,0,0,0,0,0,0
1990,58,2,2,1,0,0,436,5,40,0
1990,31,2,1,1,0,1,216,5,40,0
1990,45,1,1,2,1,1,783,1,40,0
1990,71,2,1,2,1,0,0,0,0,0
1990,65,2,3,2,1,0,0,0,0,0
1990,65,1,1,0,0,0,0,0,0,0
1990,51,2,2,0,0,0,155,5,40,0
1990,26,1,1,0,0,0,856,3,40,0
1990,23,2,1,0,0,0,687,3,36,0
1990,21,2,1,0,0,0,439,3,30,0
1990,66,2,2,0,0,0,319,5,40,0
1990,42,1,2,0,0,0,779,1,40,0
1990,63,2,1,0,0,0,319,4,35,0
1990,38,1,0,0,0,1,418,6,45,0
1990,41,2,0,0,0,0,22,2,40,0
1990,55,1,0,0,0,0,417,6,50,0
1990,40,2,0,0,0,0,425,6,0,0
1990,73,2,3,0,0,0,0,0,0,0
1990,44,1,1,0,0,0,0,0,0,0
1990,40,1,0,2,0,1,414,6,40,0
1990,40,2,0,2,0,0,0,0,0,0
1990,21,2,1,2,0,1,243,3,40,0
1990,18,1,1,2,0,0,385,5,40,0
1990,65,1,0,1,0,0,779,1,0,0
1990,63,2,0,1,0,0,0,0,0,0
1990,19,2,3,1,0,0,475,0,0,0
1990,59,1,0,1,0,1,883,1,0,0
1990,56,2,0,1,0,1,14,5,34,0
1990,41,1,0,1,0,0,804,3,40,0
1990,21,2,0,1,0,0,447,5,20,0
1990,69,2,3,1,0,0,0,0,0,0
1990,68,1,0,1,0,0,364,1,0,0
1990,73,2,0,1,0,0,0,0,0,0
1990,61,1,3,1,0,0,0,0,0,0
1990,67,1,3,1,0,0,0,0,0,0
1990,67,2,3,1,0,0,0,0,0,0
1990,69,2,2,1,0,1,0,0,0,0
1990,71,2,3,1,0,1,387,5,37,0
1990,53,2,3,1,0,1,5,6,37,0
1990,26,2,1,1,0,0,315,4,40,0
1990,63,1,2,1,0,0,0,0,0,0
1990,44,1,0,1,0,1,156,5,36,0
1990,39,2,0,1,0,1,156,5,30,0
1990,19,1,1,1,0,1,877,3,0,0
1990,39,2,3,1,0,1,95,5,40,0
1990,20,2,1,1,0,1,337,4,20,0
1990,19,2,1,1,0,1,379,4,20,0
1990,41,1,3,1,0,1,567,0,40,0
1990,60,2,3,1,0,1,0,0,0,0
1990,43,2,2,1,0,1,173,4,40,0
1990,48,2,3,1,0,0,808,2,36,0
1990,18,2,1,1,0,0,0,0,0,0
1990,29,1,0,0,1,0,486,0,40,0
1990,22,2,0,0,1,0,777,1,40,0
1990,38,1,0,1,0,0,909,6,0,0
1990,38,2,0,1,0,1,909,6,0,0
1990,21,1,1,1,0,0,856,2,40,0
1990,19,1,1,1,0,1,0,0,0,0
1990,18,2,1,1,0,0,337,4,20,0
1990,39,2,2,1,0,1,417,6,40,0
1990,19,1,1,1,0,1,354,2,30,0
1990,23,2,1,1,0,0,0,0,0,0
1990,68,2,3,1,0,0,0,0,0,0
1990,45,1,0,1,0,0,779,1,40,0
1990,35,2,0,1,0,0,0,0,0,0
1990,52,2,3,1,0,0,447,5,30,0
1990,40,1,3,1,0,0,628,1,48,0
1990,26,2,1,1,0,0,909,6,0,0
1990,50,1,3,1,0,0,843,5,40,0
1990,22,2,1,1,0,1,208,3,20,0
1990,45,2,2,1,0,0,436,3,0,0
1990,27,1,1,1,0,0,889,4,51,0
1990,22,1,1,1,0,0,466,5,40,0
1990,42,2,3,1,0,0,243,3,24,0
1990,22,1,1,1,0,0,443,3,32,0
1990,20,1,1,1,0,0,265,3,24,0
1990,55,1,0,0,0,1,84,4,80,1
1990,43,2,0,0,0,1,0,0,0,0
1990,74,1,3,0,0,1,167,5,25,1
1990,55,1,0,0,0,1,229,1,40,0
1990,48,2,0,0,0,1,337,4,40,0
1990,23,2,1,0,0,0,276,3,40,0
1990,44,1,0,0,0,1,253,4,50,1
1990,45,2,0,0,0,1,0,0,0,1
1990,43,1,0,0,4,1,84,5,60,1
1990,49,2,0,0,0,1,0,0,0,0
1990,39,1,0,0,0,1,256,4,50,1
1990,37,2,0,0,0,1,256,4,25,0
1990,50,1,1,0,0,1,453,4,20,0
1990,46,1,0,0,0,1,59,2,42,1
1990,46,2,0,0,0,1,184,5,50,1
1990,74,1,3,0,0,1,154,5,40,1
1990,45,1,0,0,0,1,178,5,50,0
1990,42,2,0,0,0,1,156,5,35,0
1990,45,1,0,3,3,0,22,1,40,0
1990,41,2,0,3,3,0,0,0,0,0
1990,66,2,3,3,3,0,687,1,40,0
1990,60,2,2,0,0,1,318,2,35,0
1990,23,2,1,0,0,1,137,5,40,0
1990,45,1,0,0,0,1,25,4,40,1
1990,47,2,0,0,0,1,156,5,30,0
1990,43,1,0,0,0,1,254,4,50,1
1990,40,2,0,0,0,1,266,3,0,0
1990,54,1,0,0,0,1,84,5,45,1
1990,49,2,0,0,0,1,188,5,40,0
1990,70,1,0,0,0,0,254,4,6,0
1990,68,2,0,0,0,1,268,3,20,0
1990,36,1,0,0,0,1,7,4,60,1
1990,34,2,0,0,0,1,189,4,50,0
1990,45,1,0,0,2,1,55,1,45,1
1990,44,2,0,0,2,1,379,4,50,0
1990,23,2,0,0,2,1,0,0,0,0
1990,25,1,0,0,2,0,809,2,60,0
1990,44,1,1,0,0,0,0,0,0,0
1990,59,1,0,0,0,1,253,4,60,1
1990,59,2,0,0,0,1,337,4,40,1
1990,29,1,0,0,2,1,628,4,50,0
1990,27,2,0,0,2,1,458,4,40,0
1990,53,2,3,0,2,1,275,4,0,0
1990,19,2,1,0,2,1,319,5,20,0
1990,78,1,0,0,0,0,0,0,0,0
1990,71,2,0,0,0,0,0,0,0,0
1990,31,1,2,3,0,1,198,2,55,0
1990,36,2,1,0,0,1,99,5,40,0
1990,43,1,0,3,3,1,869,0,40,0
1990,40,2,0,3,3,1,84,5,40,1
1990,57,1,0,0,0,1,184,1,40,0
1990,54,2,0,0,0,1,156,5,38,0
1990,21,2,3,0,0,1,276,3,20,0
1990,65,2,2,0,0,1,243,4,37,0
1990,41,1,2,0,0,1,22,1,50,1
1990,28,2,1,0,0,1,379,2,40,0
1990,34,1,0,0,3,1,89,5,40,1
1990,36,2,0,0,0,1,0,0,0,0
1990,31,1,0,0,0,1,208,2,54,0
1990,33,2,0,0,0,1,466,5,46,0
1990,36,1,0,0,0,1,22,4,45,0
1990,32,2,0,0,0,1,33,4,20,0
1990,25,1,0,1,1,1,59,5,40,0
1990,23,2,0,1,0,1,303,5,20,0
1990,54,2,3,0,0,1,274,3,80,0
1990,57,1,0,0,2,0,637,1,50,0
1990,55,2,0,0,2,0,0,0,0,0
1990,72,1,0,0,0,1,0,0,0,1
1990,73,2,0,0,0,0,0,0,0,0
1990,59,1,0,0,0,1,23,5,60,0
1990,55,2,0,0,0,1,0,0,0,0
1990,24,2,1,0,0,1,156,5,40,0
1990,57,1,0,0,0,1,156,5,30,0
1990,55,2,0,0,0,1,0,0,0,0
1990,70,1,0,0,0,0,0,0,0,0
1990,64,2,0,0,0,1,0,0,0,0
1990,54,1,0,0,0,0,505,3,48,0
1990,54,2,0,0,0,0,337,1,40,0
1990,26,1,0,0,0,1,426,4,40,0
1990,25,2,0,0,0,1,426,4,30,0
1990,58,2,0,0,2,0,0,0,0,1
1990,67,1,0,0,2,0,0,0,0,0
1990,60,1,0,0,0,0,303,6,40,0
1990,58,2,0,0,0,0,0,0,0,0
1990,32,1,1,0,0,0,433,3,40,0
1990,28,1,1,0,0,1,55,2,40,0
1990,67,1,0,0,0,1,185,1,0,0
1990,65,2,0,0,0,0,303,5,35,0
1990,76,2,1,0,0,0,0,0,0,0
1990,64,1,0,0,0,1,7,2,48,1
1990,61,2,0,0,0,1,0,0,0,0
1990,29,1,1,0,0,1,23,2,45,0
1990,18,2,1,1,0,1,264,3,40,0
1990,23,2,1,1,0,1,154,5,45,0
1990,19,2,1,0,0,0,274,3,40,0
1990,25,1,3,0,0,1,385,4,40,0
1990,36,1,0,0,0,1,255,4,47,1
1990,35,2,0,0,0,1,183,5,16,0
1990,43,1,0,0,0,1,178,5,60,0
1990,42,2,0,0,0,1,185,4,10,0
1990,18,1,1,0,0,0,0,0,0,0
1990,41,1,0,3,3,1,22,5,55,1
1990,35,2,0,3,3,1,0,0,0,0
1990,29,1,0,0,0,1,26,5,60,1
1990,29,2,0,0,0,1,14,4,40,0
1990,37,2,0,0,0,1,204,5,23,0
1990,41,1,0,0,0,1,13,1,37,0
1990,54,1,0,1,0,1,869,0,40,1
1990,49,2,0,1,0,1,22,4,37,1
1990,66,2,2,0,0,1,0,0,0,0
1990,51,1,0,0,0,1,159,5,60,1
1990,48,2,0,3,0,1,78,5,52,0
1990,38,1,0,0,2,1,376,4,40,0
1990,27,2,0,0,0,1,318,2,40,0
1990,47,1,1,0,0,1,22,4,0,0
1990,43,1,0,0,2,1,229,4,72,1
1990,48,2,0,0,0,1,243,3,20,0
1990,36,1,1,0,0,0,0,0,0,0
1990,33,2,2,0,0,1,256,5,40,0
1990,27,2,1,0,0,1,178,5,50,0
1990,68,2,1,0,0,1,0,0,0,0
1990,65,2,2,0,0,0,379,4,36,0
1990,40,2,0,0,0,0,274,3,37,0
1990,41,1,0,0,0,1,518,1,42,0
1990,18,1,1,0,0,1,436,3,25,0
1990,68,2,3,0,0,0,0,0,0,0
1990,55,1,0,0,0,1,308,4,40,1
1990,53,2,0,0,0,0,22,2,40,0
1990,47,1,0,0,0,1,178,5,40,1
1990,45,2,0,0,0,1,156,5,40,0
1990,22,2,1,0,0,1,435,3,20,0
1990,19,2,1,0,0,1,459,4,30,0
1990,68,1,0,0,0,1,0,0,0,0
1990,59,2,0,0,0,1,0,0,0,0
1990,47,1,0,0,0,1,22,2,50,0
1990,53,2,0,0,0,0,22,2,0,0
1990,21,1,1,0,0,1,529,2,60,0
1990,73,2,2,0,0,1,337,4,0,0
1990,62,1,0,0,0,1,253,4,25,1
1990,55,2,0,0,0,1,15,5,40,1
1990,53,2,2,0,0,1,319,5,40,0
1990,57,1,0,0,0,1,707,1,50,1
1990,50,2,0,0,0,1,319,5,0,0
1990,57,1,0,3,3,1,276,3,60,0
1990,54,2,0,3,3,1,276,3,40,0
1990,52,2,0,0,0,1,274,3,0,0
1990,54,1,0,0,0,1,23,5,48,1
1990,49,1,0,0,0,1,157,5,40,1
1990,46,2,0,0,0,1,157,5,40,0
1990,58,2,2,0,0,1,274,3,22,0
1990,58,1,0,3,3,1,84,5,60,1
1990,56,2,0,3,3,1,225,5,15,0
1990,38,1,2,0,0,0,356,1,43,0
1990,62,2,3,0,0,1,305,1,45,0
1990,48,2,3,0,0,1,0,0,0,0
1990,72,2,3,0,0,0,0,0,0,0
1990,55,2,2,0,2,0,467,5,40,0
1990,27,1,1,0,0,1,55,1,40,0
1990,72,2,3,0,0,0,389,1,0,0
1990,74,1,0,0,0,1,48,1,0,0
1990,67,2,0,0,0,1,0,0,0,0
1990,35,2,3,0,0,1,95,5,0,0
1990,75,1,0,0,0,1,179,6,10,1
1990,70,2,0,0,0,1,0,0,0,0
1990,49,1,0,0,0,1,84,5,50,1
1990,33,2,0,0,0,1,157,5,35,0
1990,74,1,0,0,0,0,0,0,0,0
1990,72,2,0,0,0,0,0,0,0,0
1990,77,1,0,0,0,1,217,5,40,0
1990,74,2,0,0,0,0,0,0,0,0
1990,63,2,3,0,0,1,0,0,0,1
1990,62,1,0,0,2,0,563,0,40,0
1990,62,2,0,0,2,0,0,0,0,0
1990,53,1,0,0,2,0,796,2,0,0
1990,49,2,0,0,0,1,207,5,0,0
1990,25,2,1,0,0,0,319,3,32,0
1990,59,1,0,0,0,1,22,3,40,1
1990,51,2,0,0,0,1,185,3,20,0
1990,72,1,0,0,0,1,23,1,5,0
1990,60,2,0,0,0,0,22,5,40,0
1990,33,1,2,0,3,1,243,3,50,1
1990,62,1,0,0,2,0,558,0,60,0
1990,61,2,0,0,2,0,0,0,0,0
1990,21,1,1,0,0,1,877,3,25,0
1990,47,1,0,0,0,1,503,5,40,0
1990,47,2,0,0,0,1,379,5,15,0
1990,22,1,1,0,0,1,453,5,40,0
1990,69,1,0,0,0,0,425,6,15,0
1990,76,2,0,0,0,1,0,0,0,0
1990,61,1,0,0,0,1,22,4,37,1
1990,56,2,0,0,0,1,159,5,12,0
1990,27,1,1,0,0,1,23,4,40,0
1990,64,1,0,0,0,1,314,4,35,1
1990,62,2,0,0,0,0,313,4,0,0
1990,32,1,1,0,0,1,804,2,50,0
1990,71,1,0,0,0,0,0,0,0,0
1990,69,2,0,0,0,0,274,3,15,0
1990,30,1,0,0,0,1,84,5,60,0
1990,25,2,0,0,0,1,243,3,40,0
1990,37,1,0,1,0,1,166,3,55,1
1990,36,2,0,1,0,1,22,1,60,0
1990,26,1,0,0,1,0,443,3,40,0
1990,19,2,0,0,1,0,0,0,0,0
1990,18,1,1,0,1,0,444,3,0,0
1990,60,2,1,0,0,0,276,5,37,0
1990,66,1,2,0,2,1,235,4,0,0
1990,27,2,1,0,4,0,804,0,40,0
1990,30,2,2,0,0,1,375,4,40,0
1990,47,1,0,0,0,0,275,4,40,0
1990,38,2,0,3,3,1,22,4,46,0
1990,45,2,2,0,0,1,254,4,60,0
1990,24,2,1,0,0,1,13,5,40,0
1990,38,1,0,3,3,1,308,1,40,0
1990,35,2,0,3,3,1,0,0,0,0
1990,43,1,0,3,3,1,23,5,40,0
1990,34,2,0,3,3,1,0,0,0,0
1990,29,1,1,0,0,1,84,5,80,0
1990,34,1,0,0,0,1,7,2,50,0
1990,30,2,0,0,0,1,376,1,40,0
1990,33,2,2,0,0,0,313,4,42,0
1990,35,2,2,0,0,1,195,1,36,0
1990,61,1,0,0,0,0,804,3,40,0
1990,59,2,0,0,0,0,0,0,0,0
1990,24,1,1,0,0,0,856,3,45,0
1990,25,2,1,0,0,1,313,4,60,0
1990,54,2,2,0,0,0,628,1,48,0
1990,25,1,1,0,0,0,243,3,45,0
1990,33,2,2,0,0,0,276,3,40,0
1990,74,1,0,0,0,1,0,0,0,0
1990,73,2,0,0,0,0,0,0,0,0
1990,43,1,0,0,2,1,523,4,40,0
1990,42,2,0,0,0,0,335,3,20,0
1990,48,1,2,0,0,0,55,2,45,0
1990,28,1,0,0,0,1,263,3,50,0
1990,25,2,0,0,0,1,329,5,15,0
1990,52,1,0,0,0,1,804,1,45,0
1990,52,2,0,0,0,0,0,0,0,0
1990,60,1,0,0,0,1,508,2,40,0
1990,53,2,0,0,0,1,316,5,30,0
1990,28,1,0,0,0,0,869,0,50,0
1990,28,2,0,0,0,1,337,3,30,0
1990,77,2,3,0,0,0,0,0,0,0
1990,66,1,1,0,0,0,0,0,0,0
1990,43,1,0,0,0,0,706,1,0,0
1990,40,2,0,0,0,0,785,1,0,0
1990,38,2,2,0,0,1,25,4,48,0
1990,26,1,2,0,0,1,23,1,45,0
1990,24,1,1,0,0,1,804,5,50,0
1990,68,2,1,0,0,0,0,0,0,0
1990,45,1,0,3,3,1,243,3,40,0
1990,32,2,0,0,0,1,468,5,40,0
1990,42,2,3,0,0,1,243,4,37,1
1990,27,1,0,0,0,1,779,3,0,0
1990,29,2,0,0,0,1,264,3,45,0
1990,32,1,0,2,1,0,436,3,40,0
1990,27,2,0,0,0,0,877,3,0,0
1990,63,1,0,0,0,1,256,3,0,0
1990,58,2,0,0,0,1,364,1,40,0
1990,65,1,0,0,0,1,0,0,0,0
1990,59,2,0,0,0,0,313,3,30,0
1990,56,1,0,0,2,0,804,3,29,0
1990,55,2,0,0,2,0,274,3,30,0
1990,64,1,0,0,0,1,188,4,40,0
1990,58,2,0,0,0,1,315,5,48,0
1990,40,1,2,0,0,1,13,3,60,0
1990,18,1,1,0,0,0,433,3,20,0
1990,33,2,1,0,0,1,178,5,20,0
1990,46,1,0,0,0,0,735,1,48,1
1990,42,2,0,0,0,0,0,0,0,0
1990,46,1,0,0,0,1,157,5,50,0
1990,49,2,0,0,0,1,156,5,35,0
1990,51,1,2,0,0,1,579,0,40,0
1990,57,2,0,0,0,1,95,5,42,0
1990,65,1,0,0,0,0,516,0,40,0
1990,30,1,1,0,0,1,417,6,40,0
1990,30,1,1,0,0,1,66,5,50,1
1990,39,1,0,0,0,1,13,1,60,1
1990,37,2,0,0,0,1,0,0,0,0
1990,62,1,0,0,0,1,534,0,40,0
1990,56,2,0,0,0,0,0,0,0,0
1990,53,1,0,0,0,1,243,4,50,1
1990,50,2,0,0,0,1,159,5,30,0
1990,46,1,0,0,0,1,156,5,50,1
1990,42,2,0,0,0,1,406,4,50,0
1990,34,2,2,0,0,1,159,5,20,0
1990,70,2,3,0,0,0,0,0,0,0
1990,31,1,1,0,0,1,0,0,0,0
1990,43,1,0,0,0,0,628,2,40,1
1990,42,2,0,0,0,0,0,0,0,0
1990,37,1,0,0,0,1,48,1,40,1
1990,30,2,0,0,0,1,313,4,40,0
1990,52,1,0,0,0,1,243,3,48,0
1990,53,2,0,0,0,1,313,5,22,0
1990,43,1,0,0,0,1,96,5,48,0
1990,37,2,0,0,0,1,0,0,0,0
1990,65,2,3,0,0,0,0,0,0,0
1990,45,1,2,0,0,1,13,1,40,0
1990,33,1,0,0,0,1,308,4,40,1
1990,33,2,0,0,0,1,274,3,20,0
1990,39,1,0,0,0,1,7,1,40,1
1990,34,2,0,0,0,1,0,0,0,0
1990,55,1,0,0,0,0,303,2,40,0
1990,54,2,0,0,0,1,323,5,25,0
1990,66,2,3,0,0,0,22,4,40,0
1990,75,2,3,0,0,0,0,0,0,0
1990,34,1,0,0,0,1,73,1,40,0
1990,35,2,0,0,0,1,164,5,45,0
1990,41,1,0,0,0,1,529,1,48,0
1990,38,2,0,0,0,1,276,3,25,0
1990,57,1,0,0,0,1,14,5,55,1
1990,57,2,0,0,0,1,383,4,20,0
1990,26,2,1,0,0,1,889,1,40,0
1990,76,2,1,0,0,0,0,0,0,0
1990,75,2,3,0,0,0,0,0,0,0
1990,35,2,0,0,0,0,0,0,0,0
1990,44,1,0,0,0,1,57,0,40,0
1990,46,1,0,0,0,0,533,2,40,0
1990,45,2,0,0,0,0,313,5,25,0
1990,57,1,0,0,0,1,263,3,45,0
1990,53,2,0,0,0,1,313,5,25,0
1990,69,1,0,0,0,0,453,4,0,0
1990,63,2,0,0,0,0,0,0,0,0
1990,25,2,1,0,0,1,313,5,40,0
1990,79,1,3,0,0,0,473,0,35,0
1990,30,1,0,0,0,0,199,5,60,0
1990,32,2,0,0,0,0,22,5,0,0
1990,27,1,1,3,3,1,376,2,48,0
1990,47,1,0,0,0,0,13,1,0,0
1990,28,2,0,0,0,0,274,3,40,0
1990,72,1,0,0,0,1,73,0,20,0
1990,72,2,0,0,0,1,0,0,0,0
1990,31,1,1,0,0,1,48,1,45,0
1990,67,1,0,0,2,1,18,4,9,0
1990,69,2,0,0,0,1,15,5,40,1
1990,37,2,2,0,0,1,23,1,60,0
1990,40,1,0,3,3,1,243,3,52,0
1990,37,2,0,3,3,1,185,3,60,0
1990,37,1,0,0,0,0,844,0,40,1
1990,30,2,0,0,0,1,458,4,45,0
1990,50,1,0,0,0,0,18,6,60,1
1990,52,2,0,0,0,0,65,5,50,0
1990,78,2,3,0,0,0,0,0,0,0
1990,72,1,0,0,0,0,79,0,0,0
1990,75,2,0,0,0,0,0,0,0,0
1990,23,2,1,0,0,0,254,4,40,0
1990,21,1,1,0,0,0,869,0,40,0
1990,32,1,0,0,0,1,13,1,50,0
1990,32,2,0,0,0,1,174,5,40,0
1990,29,1,0,0,0,1,22,3,40,1
1990,32,2,0,0,0,0,319,5,20,0
1990,33,1,0,0,0,1,22,1,65,0
1990,28,2,0,0,0,1,267,3,50,1
1990,27,2,1,0,0,1,0,0,0,0
1990,37,1,2,0,0,0,585,0,40,1
1990,28,1,1,0,0,1,213,1,46,0
1990,25,2,1,0,0,1,213,1,42,0
1990,69,1,3,0,0,0,215,1,38,0
1990,67,1,1,0,0,1,177,5,40,0
1990,70,1,1,0,0,1,453,5,20,0
1990,61,1,0,0,0,1,23,1,40,1
1990,57,2,0,0,0,0,0,0,0,0
1990,55,1,0,0,0,1,22,1,0,0
1990,44,2,0,0,0,0,435,4,15,0
1990,38,1,0,0,0,1,566,3,40,1
1990,37,2,0,0,0,0,0,0,0,0
1990,48,1,0,0,0,1,558,2,50,1
1990,48,2,0,0,0,1,385,5,40,0
1990,48,2,2,0,0,1,37,1,50,0
1990,34,1,0,0,0,1,22,3,40,0
1990,31,2,0,0,0,1,313,6,40,0
1990,37,1,1,0,0,0,355,2,40,0
1990,72,1,3,0,0,0,0,0,0,0
1990,66,1,0,0,2,0,276,3,0,0
1990,62,2,0,0,2,1,156,5,10,0
1990,30,1,3,0,2,1,785,1,25,0
1990,27,1,1,0,2,1,579,1,40,0
1990,46,1,2,0,0,1,23,1,40,1
1990,75,1,3,0,2,0,0,0,0,0
1990,42,1,0,0,0,0,507,2,50,1
1990,40,2,0,0,0,0,313,3,30,0
1990,51,1,0,0,0,1,448,1,56,0
1990,48,2,0,0,0,0,379,4,20,0
1990,20,1,1,0,0,0,596,3,40,0
1990,51,1,0,0,0,1,84,5,50,1
1990,46,2,0,0,0,1,0,0,0,0
1990,28,1,0,0,0,1,57,1,50,1
1990,28,2,0,0,0,1,254,4,45,0
1990,36,2,0,1,0,1,37,5,45,0
1990,31,1,0,1,0,1,55,1,30,0
1990,44,1,0,0,0,1,243,3,45,1
1990,43,2,0,0,0,1,445,5,22,0
1990,18,2,1,0,0,0,319,5,5,0
1990,41,1,3,0,0,1,253,4,40,1
1990,50,1,0,0,0,1,105,5,40,0
1990,48,2,0,0,2,1,15,5,40,1
1990,24,2,1,0,0,0,22,4,50,0
1990,46,1,0,0,0,1,22,0,50,1
1990,46,2,0,0,0,1,22,5,16,0
1990,67,1,0,0,0,1,22,1,60,1
1990,61,2,0,0,0,1,0,0,0,0
1990,43,1,0,0,2,1,22,0,60,1
1990,37,2,0,0,0,1,0,0,0,0
1990,54,2,3,0,0,1,313,5,40,0
1990,43,1,0,0,2,0,254,4,55,1
1990,40,2,0,0,0,0,254,4,25,0
1990,23,1,1,0,0,1,508,2,26,0
1990,31,1,0,0,0,1,634,1,50,0
1990,28,2,0,0,0,1,23,3,45,0
1990,41,1,0,0,0,1,243,3,60,0
1990,33,2,0,0,0,1,156,5,40,0
1990,29,1,0,0,0,1,256,4,50,0
1990,25,2,0,0,0,1,305,3,50,0
1990,64,1,0,0,0,0,213,1,40,0
1990,61,2,0,0,0,0,385,1,45,0
1990,33,1,0,0,0,1,538,3,40,0
1990,25,2,0,0,0,1,166,1,40,0
1990,74,1,0,0,0,1,23,1,30,0
1990,68,2,0,0,0,0,0,0,0,0
1990,41,1,2,0,0,1,213,1,40,0
1990,43,1,0,0,0,0,637,1,40,0
1990,42,2,0,0,0,0,29,3,40,0
1990,21,2,1,0,2,0,243,3,25,0
1990,33,1,3,0,0,1,57,1,46,0
1990,34,2,3,0,0,0,243,3,0,0
1990,79,2,2,0,0,0,0,0,0,0
1990,56,1,0,0,0,1,227,6,40,1
1990,50,2,0,0,0,0,0,0,0,0
1990,27,1,1,0,0,1,883,2,40,0
1990,41,1,0,0,0,0,686,3,48,0
1990,38,2,0,0,0,0,208,3,32,0
1990,29,1,2,0,0,1,274,3,60,1
1990,26,1,1,0,0,0,595,0,40,0
1990,24,2,3,0,0,0,889,3,40,0
1990,22,1,0,0,0,0,735,1,50,0
1990,22,2,0,0,0,0,276,3,0,0
1990,48,2,2,0,0,1,313,3,40,0
1990,24,1,1,0,0,1,364,2,60,0
1990,20,2,1,0,0,1,435,3,30,0
1990,74,2,2,0,0,0,0,0,0,0
1990,59,1,0,3,0,1,187,5,45,0
1990,43,2,0,0,0,1,95,5,25,0
1990,31,2,1,0,0,1,257,1,50,0
1990,34,1,2,0,0,1,22,1,50,1
1990,49,1,0,0,0,0,0,0,0,0
1990,46,2,0,0,0,1,27,2,50,1
1990,48,1,0,0,0,1,37,1,40,0
1990,44,2,0,0,0,0,305,4,50,0
1990,21,2,1,0,0,1,267,3,15,0
1990,44,1,0,0,0,1,22,1,45,0
1990,40,2,0,0,0,1,257,4,45,0
1990,36,1,0,0,0,0,534,3,40,0
1990,38,2,0,0,0,0,276,3,10,0
1990,18,2,1,0,0,0,447,5,0,0
1990,74,1,0,0,0,0,259,1,40,0
1990,72,2,0,0,0,0,0,0,0,0
1990,62,1,0,0,0,1,384,1,15,0
1990,64,2,0,0,0,1,0,0,0,0
1990,31,1,1,0,0,0,243,3,55,1
1990,29,2,1,0,0,1,259,3,46,0
1990,25,1,1,0,0,0,327,2,40,0
1990,52,1,0,0,0,0,804,2,70,1
1990,50,2,0,0,0,0,804,3,40,0
1990,22,1,1,0,0,1,385,3,40,0
1990,59,1,0,0,0,0,529,2,40,0
1990,48,2,0,0,0,0,337,5,37,0
1990,46,1,0,0,0,1,22,1,40,1
1990,36,2,0,0,0,0,243,3,40,0
1990,24,1,1,0,0,0,844,6,40,0
1990,64,2,0,0,0,1,259,1,15,0
1990,69,1,0,0,0,1,22,0,20,0
1990,30,1,0,0,0,1,277,3,40,0
1990,30,2,0,0,0,0,243,3,45,0
1990,29,1,1,3,3,1,22,2,40,0
1990,48,2,3,0,0,0,14,5,40,0
1990,33,1,0,0,0,1,773,5,60,1
1990,33,2,0,0,0,0,0,0,0,0
1990,41,2,2,2,1,0,253,4,40,0
1990,35,1,1,2,1,0,253,4,40,0
1990,62,2,2,2,1,0,628,1,0,0
1990,27,2,1,0,0,1,243,3,45,0
1990,31,1,2,0,0,1,57,1,45,1
1990,61,1,1,0,0,1,184,1,40,1
1990,51,1,0,0,0,0,22,1,48,0
1990,50,2,0,0,0,0,243,4,37,0
1990,67,2,3,0,0,0,0,0,0,0
1990,29,1,2,0,0,1,257,1,40,0
1990,33,1,0,0,0,1,27,1,40,0
1990,30,2,0,0,0,1,313,5,40,0
1990,40,1,0,0,0,1,253,4,40,0
1990,38,2,0,0,0,1,337,1,40,0
1990,57,1,0,0,0,0,188,1,40,1
1990,49,2,0,0,0,0,0,0,0,0
1990,21,2,1,0,0,0,318,2,40,0
1990,35,2,1,0,0,1,313,5,37,0
1990,23,2,1,0,0,1,438,3,0,0
1990,23,2,1,0,0,1,583,0,40,0
1990,27,1,0,0,0,1,418,6,48,0
1990,27,2,0,0,0,1,359,6,0,0
1990,32,1,0,0,0,1,23,4,55,0
1990,32,2,0,0,0,1,95,5,25,0
1990,35,1,0,0,0,1,259,1,50,0
1990,35,2,0,0,0,1,197,2,60,1
1990,35,1,0,0,0,1,869,0,40,0
1990,30,2,0,0,0,0,254,4,30,0
1990,29,1,2,0,0,1,567,0,40,0
1990,62,1,0,0,0,1,0,0,0,0
1990,62,2,0,0,0,0,308,3,40,0
1990,67,1,0,0,0,0,0,0,0,0
1990,69,2,0,0,0,0,337,3,6,0
1990,54,1,0,0,0,0,356,1,0,0
1990,52,2,0,0,0,1,95,5,48,0
1990,25,1,1,0,0,1,356,1,22,0
1990,71,1,0,0,0,0,686,3,15,0
1990,71,2,0,0,0,0,0,0,0,0
1990,64,1,0,0,0,1,243,1,46,1
1990,61,2,0,0,0,0,0,0,0,0
1990,68,1,0,0,0,1,365,3,30,0
1990,65,2,0,0,0,1,389,4,8,0
1990,70,1,0,0,0,0,0,0,0,0
1990,70,2,0,0,0,0,0,0,0,0
1990,72,1,1,0,0,0,0,0,0,0
1990,47,1,0,0,0,1,22,2,40,0
1990,45,2,0,0,0,1,0,0,0,0
1990,72,2,3,0,0,0,804,5,40,0
1990,71,2,0,0,0,0,0,0,0,0
1990,28,2,0,0,0,1,313,4,8,0
1990,32,1,0,0,0,1,518,1,50,0
1990,53,2,2,0,0,0,458,4,0,0
1990,34,1,0,0,0,1,856,1,40,0
1990,32,2,0,0,0,1,217,1,40,0
1990,45,1,0,0,1,0,259,3,53,0
1990,40,2,0,0,1,0,777,1,45,0
1990,26,2,1,0,0,0,255,4,40,0
1990,24,1,1,0,0,1,365,1,40,0
1990,40,1,0,0,0,0,869,0,40,0
1990,34,2,0,0,0,0,208,5,24,0
1990,67,2,3,0,0,1,313,0,0,0
1990,61,1,0,0,1,1,264,3,40,0
1990,66,2,0,0,2,1,0,0,0,0
1990,36,1,0,0,0,0,653,0,40,0
1990,37,2,0,0,0,0,276,4,25,0
1990,41,1,0,0,0,1,318,2,40,0
1990,38,2,0,0,0,1,22,4,40,0
1990,53,1,0,0,0,0,544,1,0,0
1990,50,2,0,0,0,0,23,4,42,0
1990,24,1,1,0,0,0,759,4,0,0
1990,28,1,0,0,0,0,505,4,45,0
1990,28,2,0,0,0,1,313,4,40,0
1990,74,1,0,0,0,0,0,0,0,0
1990,69,2,0,0,0,0,425,6,18,0
1990,67,2,2,0,0,0,0,0,0,0
1990,45,1,1,0,0,0,263,3,40,0
1990,54,1,2,0,0,0,804,1,40,0
1990,65,1,3,0,0,0,0,0,0,0
1990,68,2,0,0,0,0,0,0,0,0
1990,46,2,2,0,0,0,327,2,50,0
1990,22,2,1,0,0,1,379,2,40,0
1990,21,1,1,2,1,1,889,3,0,0
1990,19,2,1,2,1,0,0,0,0,0
1990,24,2,1,2,1,0,889,1,0,0
1990,24,1,1,2,1,0,436,3,0,0
1990,41,2,2,0,0,0,22,4,50,0
1990,33,1,0,0,0,0,243,3,40,0
1990,35,2,0,0,0,1,439,3,22,0
1990,48,1,0,0,0,1,156,5,40,0
1990,40,2,0,0,0,1,406,4,50,0
1990,36,1,0,0,0,1,84,5,50,0
1990,39,2,0,0,0,0,0,0,0,0
1990,28,1,1,0,0,1,7,3,45,0
1990,26,2,1,0,0,0,259,3,40,0
1990,28,2,2,0,0,1,185,3,52,0
1990,27,1,1,0,0,1,308,6,40,0
1990,45,1,0,0,0,1,22,1,40,1
1990,44,2,0,0,0,1,0,0,0,0
1990,27,1,1,0,1,0,443,3,0,0
1990,20,1,1,0,1,0,444,3,0,0
1990,25,1,1,0,1,0,443,3,40,0
1990,33,2,3,0,0,1,166,5,40,0
1990,49,1,0,0,0,1,285,4,40,0
1990,45,2,0,0,0,0,888,4,30,0
1990,21,2,1,0,0,1,315,4,30,0
1990,30,1,1,0,4,1,154,5,12,0
1990,57,2,3,0,4,1,744,1,25,0
1990,50,1,0,0,0,0,354,2,40,0
1990,51,2,0,0,0,0,0,0,0,0
1990,38,2,0,0,0,1,84,5,50,1
1990,42,1,0,0,0,1,7,4,38,0
1990,41,1,0,0,0,1,418,6,48,0
1990,41,2,0,0,0,0,313,1,40,0
1990,52,2,3,0,0,0,276,3,40,0
1990,20,2,1,0,0,0,313,2,40,0
1990,25,1,1,0,0,0,859,5,40,0
1990,43,1,0,0,0,1,547,2,40,0
1990,33,2,0,0,0,1,313,3,40,0
1990,33,2,0,2,1,0,888,1,40,0
1990,30,1,0,2,1,0,436,3,40,0
1990,64,1,3,0,0,0,869,0,40,0
1990,73,2,1,0,0,1,315,6,30,0
1990,63,2,3,0,2,0,264,3,32,0
1990,42,1,0,0,0,0,53,0,40,0
1990,39,2,0,0,0,0,14,5,20,0
1990,43,1,2,2,1,0,785,3,40,0
1990,39,1,2,2,1,0,779,1,40,0
1990,42,2,1,2,1,0,789,1,40,0
1990,34,2,2,2,0,0,447,5,12,0
1990,63,1,0,0,0,1,473,0,15,0
1990,47,2,0,0,0,0,453,5,0,0
1990,65,1,2,0,0,0,453,5,40,0
1990,69,1,3,0,0,0,0,0,0,0
1990,42,1,0,0,0,1,25,1,40,1
1990,39,2,0,0,0,1,264,3,34,0
1990,47,1,0,0,0,0,809,5,50,0
1990,42,2,0,0,0,1,207,5,19,0
1990,57,1,0,0,0,1,628,1,40,0
1990,58,2,0,0,0,1,22,3,40,0
1990,24,1,1,0,0,0,439,3,50,0
1990,26,1,0,3,0,1,889,6,50,0
1990,28,2,0,0,0,0,243,3,5,0
1990,58,2,2,0,0,0,313,3,40,0
1990,38,2,1,0,0,0,406,4,20,0
1990,38,2,2,0,0,0,243,3,50,0
1990,73,2,3,0,0,0,335,4,40,0
1990,19,2,1,0,0,0,383,4,32,0
1990,76,1,0,0,0,0,0,0,0,0
1990,73,2,0,0,0,0,0,0,0,0
1990,53,1,2,0,0,0,505,3,30,0
1990,29,1,0,0,0,1,187,5,40,0
1990,29,2,0,0,0,1,195,4,35,0
1990,33,1,1,0,0,0,567,0,40,0
1990,71,2,3,0,0,0,0,0,0,0
1990,26,2,1,0,0,1,229,5,40,0
1990,31,2,0,0,0,1,95,5,36,0
1990,34,1,0,0,0,1,197,5,45,0
1990,34,1,0,0,0,1,375,4,40,0
1990,34,2,0,0,0,1,315,5,40,0
1990,41,1,0,0,1,1,549,3,99,0
1990,34,2,0,0,1,0,779,1,99,0
1990,77,1,3,0,2,0,0,0,0,0
1990,56,1,2,0,0,0,754,2,40,0
1990,39,1,0,0,0,1,785,3,40,0
1990,39,2,0,0,0,0,266,3,20,0
1990,54,1,0,0,0,0,883,2,40,0
1990,38,2,0,0,0,1,883,2,48,0
1990,33,1,0,0,0,1,254,4,40,0
1990,41,2,0,0,0,0,784,1,40,0
1990,64,2,3,0,0,0,373,1,40,0
1990,67,2,1,0,0,0,0,0,0,0
1990,24,1,1,0,0,0,364,3,40,0
1990,18,2,1,0,0,1,336,4,27,0
1990,25,2,0,0,0,1,23,1,40,0
1990,29,1,0,0,0,1,84,5,99,0
1990,64,1,0,3,3,0,453,1,40,0
1990,52,2,0,3,3,0,878,1,48,0
1990,24,1,1,3,3,1,0,0,0,0
1990,31,2,1,3,3,1,315,4,37,0
1990,28,1,1,3,3,1,276,3,0,0
1990,52,2,1,0,0,1,156,5,35,1
1990,27,1,0,0,0,0,259,1,1,0
1990,63,2,0,0,2,0,0,0,0,0
1990,67,1,0,0,0,0,486,4,0,0
1990,65,2,0,0,0,0,0,0,0,0
1990,27,1,1,0,0,0,734,1,40,0
1990,32,1,0,0,0,1,259,1,65,1
1990,31,2,0,0,0,1,22,4,45,0
1990,60,2,3,0,0,1,157,5,40,0
1990,29,2,1,0,0,1,337,4,40,0
1990,24,2,1,0,0,1,203,5,40,0
1990,41,1,0,0,0,1,157,5,40,1
1990,41,2,0,0,0,1,319,5,20,0
1990,69,2,1,0,0,0,379,3,0,0
1990,73,2,3,0,0,0,0,0,0,0
1990,24,2,1,0,0,1,276,3,40,0
1990,24,1,0,0,0,1,804,1,40,0
1990,22,2,0,0,0,1,339,3,40,0
1990,52,1,0,1,0,1,797,1,46,0
1990,42,2,0,1,0,1,779,1,40,0
1990,21,1,1,1,0,1,859,4,40,0
1990,76,1,0,0,0,0,0,0,0,0
1990,71,2,0,0,0,0,274,3,0,0
1990,41,1,0,0,0,1,22,3,60,1
1990,40,2,0,0,0,1,199,5,1,0
1990,53,2,1,0,0,0,385,1,40,0
1990,42,1,1,0,0,0,0,0,0,0
1990,40,2,3,1,0,0,385,1,40,0
1990,72,2,3,1,0,0,276,2,40,0
1990,25,2,1,1,0,1,447,5,0,0
1990,23,1,1,1,0,1,799,1,0,0
1990,38,2,2,1,0,1,909,6,0,0
1990,28,1,1,1,0,0,785,1,40,0
1990,66,1,0,1,0,0,436,6,0,0
1990,58,2,0,1,0,1,95,5,24,0
1990,31,1,1,1,0,1,308,4,40,0
1990,22,2,1,1,0,1,316,3,30,0
1990,68,2,1,0,0,1,0,0,0,0
1990,37,1,0,1,0,0,453,5,40,0
1990,30,2,0,1,0,1,313,5,20,0
1990,37,2,2,1,0,1,156,5,38,0
1990,76,2,0,0,0,0,0,0,0,0
1990,44,1,0,0,0,1,243,1,45,1
1990,39,2,0,0,0,1,0,0,0,0
1990,59,1,0,0,0,1,25,4,0,0
1990,54,2,0,0,0,1,208,3,32,0
1990,80,1,0,0,0,0,0,0,0,0
1990,78,2,0,0,0,0,0,0,0,0
1990,32,1,0,0,0,0,785,1,52,1
1990,31,2,0,0,0,0,37,3,0,0
1990,66,1,2,0,0,1,549,3,20,1
1990,71,2,0,0,0,1,0,0,0,0
1990,41,1,1,0,2,0,243,3,50,0
1990,74,1,3,0,2,0,0,0,0,0
1990,46,1,0,0,0,0,417,6,60,0
1990,44,2,0,0,0,1,313,4,14,0
1990,20,2,1,0,0,1,435,3,10,0
1990,56,2,3,0,0,0,24,4,34,0
1990,39,1,0,0,0,1,558,0,40,0
1990,36,2,0,0,0,1,185,4,42,0
1990,59,1,0,0,0,1,22,0,45,0
1990,58,2,0,0,0,0,22,6,15,0
1990,27,2,1,0,0,0,348,0,40,0
1990,22,2,1,0,0,1,319,2,40,0
1990,69,2,3,0,0,0,0,0,0,0
1990,37,2,3,0,0,1,385,2,5,0
1990,47,1,0,0,2,1,804,3,40,0
1990,37,2,0,0,2,1,22,1,40,0
1990,60,2,2,0,0,0,379,2,40,0
1990,70,1,0,0,0,1,0,0,0,0
1990,74,2,0,0,0,0,0,0,0,0
1990,77,2,3,0,2,0,0,0,0,0
1990,67,1,0,0,0,0,448,5,0,0
1990,68,2,0,0,0,1,448,4,0,0
1990,68,1,0,0,2,1,253,4,40,0
1990,63,2,0,0,2,1,0,0,0,0
1990,27,2,1,0,0,1,169,5,37,0
1990,61,1,0,0,0,1,22,4,40,0
1990,58,2,0,0,0,1,0,0,0,0
1990,33,1,0,0,0,1,7,4,45,1
1990,34,2,0,0,0,1,274,3,17,0
1990,40,1,0,0,0,1,64,4,40,1
1990,40,2,0,0,0,1,156,5,16,0
1990,64,1,0,0,0,1,22,1,40,0
1990,64,2,0,0,0,1,22,5,26,0
1990,47,2,1,0,0,0,55,2,45,0
1990,69,2,3,0,0,0,0,0,0,0
1990,73,1,0,0,0,1,259,3,40,1
1990,72,2,0,0,0,1,259,1,10,0
1990,47,2,0,0,0,0,364,3,37,0
1990,32,1,0,0,0,1,865,4,50,0
1990,19,1,1,0,0,1,869,0,30,0
1990,53,1,0,0,0,1,22,1,50,1
1990,45,2,0,0,0,1,156,5,0,0
1990,34,1,0,0,0,1,7,3,50,0
1990,30,2,0,0,0,1,303,6,0,0
1990,49,1,3,0,0,1,389,1,40,1
1990,51,1,0,0,0,0,59,3,40,0
1990,51,2,0,0,0,0,379,3,40,0
1990,19,1,0,2,1,0,444,3,40,0
1990,20,2,0,2,1,0,0,0,0,0
1990,22,1,0,2,1,0,443,3,48,0
1990,22,2,0,2,1,0,888,2,41,0
1990,31,2,2,0,0,0,0,0,0,0
1990,24,1,2,0,0,0,186,5,0,0
1990,39,1,3,0,0,1,549,1,60,0
1990,33,2,1,0,0,0,434,3,30,0
1990,43,1,3,0,0,0,534,0,0,0
1990,37,1,0,0,1,0,224,1,20,0
1990,37,2,0,0,1,0,0,0,0,0
1990,35,1,3,0,1,0,869,1,20,0
1990,28,1,1,0,0,0,869,0,20,0
1990,68,2,3,0,0,0,159,5,18,0
1990,48,1,0,0,0,0,687,1,40,0
1990,42,2,0,0,2,0,458,4,30,0
1990,50,1,0,0,0,1,259,3,50,0
1990,47,2,0,0,0,1,158,5,40,0
1990,38,1,0,0,0,0,883,2,45,0
1990,36,2,0,0,0,1,389,3,18,0
1990,54,1,1,0,0,0,808,2,35,0
1990,39,2,1,0,0,1,808,2,35,0
1990,46,1,3,1,0,1,0,0,0,0
1990,35,1,0,0,0,1,7,4,40,1
1990,35,2,3,0,0,1,0,0,0,0
1990,24,1,0,2,1,0,436,3,50,0
1990,23,2,0,2,0,1,276,3,12,0
1990,39,1,0,3,3,1,436,3,40,0
1990,36,2,0,3,3,1,95,5,40,1
1990,28,1,1,0,0,1,547,4,40,0
1990,71,1,0,0,0,0,734,1,40,0
1990,54,2,0,0,0,0,274,3,36,0
1990,74,1,3,0,0,0,0,0,0,0
1990,54,1,0,0,0,1,575,2,40,0
1990,44,2,0,0,0,0,276,3,32,0
1990,19,2,1,0,0,1,877,3,20,0
1990,77,2,3,0,2,0,0,0,0,0
1990,54,1,0,0,0,0,22,1,44,1
1990,52,2,0,0,0,0,274,3,30,0
1990,39,1,0,0,0,1,426,5,65,0
1990,36,2,0,0,0,1,466,5,50,0
1990,58,1,0,0,0,0,699,1,40,0
1990,57,2,0,0,2,0,308,1,40,0
1990,30,1,1,0,0,1,26,5,40,0
1990,25,1,1,0,0,1,57,1,40,0
1990,22,2,1,0,0,1,73,3,40,0
1990,42,1,0,0,2,0,628,1,40,0
1990,43,2,0,0,2,0,276,3,30,0
1990,20,1,1,0,0,1,0,0,0,0
1990,18,2,1,0,0,1,0,0,0,0
1990,32,1,0,0,0,0,856,1,40,0
1990,32,2,0,0,0,0,0,0,0,0
1990,77,2,0,0,2,0,0,0,0,0
1990,30,1,0,1,0,1,255,4,44,0
1990,24,2,0,1,0,1,319,5,44,0
1990,38,1,0,0,0,0,224,1,48,0
1990,33,2,0,0,0,0,0,0,0,0
1990,60,2,3,0,0,0,0,0,0,0
1990,38,1,0,1,0,0,779,1,40,0
1990,34,2,0,1,0,0,313,4,40,0
1990,31,1,1,1,0,1,0,0,0,0
1990,34,2,3,1,0,0,0,0,0,0
1990,71,2,2,0,0,1,95,5,40,0
1990,59,2,2,0,0,1,889,1,40,0
1990,28,2,1,0,0,1,447,3,40,0
1990,33,1,0,0,0,0,567,4,40,0
1990,28,2,0,0,0,1,318,2,40,0
1990,59,2,1,0,0,1,318,2,20,0
1990,32,1,0,0,0,0,235,0,40,0
1990,26,2,0,0,0,1,337,1,40,0
1990,68,1,0,0,0,1,0,0,0,0
1990,67,2,0,0,0,1,319,4,0,0
1990,68,1,0,0,0,0,804,2,0,0
1990,59,2,0,0,0,0,463,2,15,0
1990,26,1,1,0,0,0,364,1,40,0
1990,21,2,1,0,0,0,436,3,40,0
1990,33,2,2,0,0,0,453,5,0,0
1990,48,1,0,0,0,0,547,3,40,0
1990,46,2,0,0,0,0,0,0,0,0
1990,18,1,1,0,0,0,779,1,10,0
1990,52,1,0,0,0,1,185,3,50,0
1990,47,2,0,0,0,1,463,2,18,0
1990,37,1,0,0,0,0,567,0,45,1
1990,35,2,0,0,0,0,0,0,0,0
1990,45,1,1,3,3,1,259,3,40,0
1990,41,2,2,0,0,1,314,1,35,0
1990,20,2,1,0,0,1,25,4,50,0
1990,30,1,0,0,0,0,579,1,50,0
1990,29,2,0,0,0,0,313,5,40,0
1990,25,1,0,0,0,1,259,3,45,1
1990,27,2,0,0,0,1,276,3,30,1
1990,72,1,0,0,0,1,0,0,0,0
1990,70,2,0,0,0,1,0,0,0,0
1990,38,2,1,0,0,0,447,5,32,0
1990,34,1,0,0,0,0,734,1,50,1
1990,34,2,0,0,0,1,0,0,0,0
1990,43,1,0,0,3,1,243,3,60,0
1990,33,2,0,0,3,0,0,0,0,0
1990,61,1,0,0,0,0,825,2,40,1
1990,61,2,0,0,0,1,27,4,30,0
1990,27,2,1,0,0,1,205,5,40,0
1990,67,2,2,0,0,0,29,3,40,0
1990,43,1,0,0,2,0,436,3,40,0
1990,33,2,0,0,2,0,276,3,20,0
1990,63,1,0,0,0,1,22,4,50,0
1990,57,2,0,0,0,1,313,4,25,0
1990,30,2,1,0,0,1,27,3,46,0
1990,60,1,2,0,0,1,22,2,40,1
1990,28,1,0,0,0,1,259,3,40,0
1990,28,2,0,0,0,1,156,5,45,0
1990,66,1,0,0,0,1,0,0,0,0
1990,67,2,0,0,0,0,0,0,0,0
1990,56,2,3,0,4,0,0,0,0,0
1990,46,1,0,0,0,1,156,5,46,0
1990,47,2,0,3,0,1,95,4,40,0
1990,21,1,1,0,0,1,883,2,40,0
1990,56,1,0,0,0,0,0,0,0,0
1990,55,2,0,0,0,0,385,4,40,0
1990,55,2,3,0,0,0,449,5,40,0
1990,21,2,1,0,0,0,268,3,51,0
1990,46,2,2,0,0,0,447,5,40,0
1990,80,2,3,0,0,0,0,0,0,0
1990,41,2,2,0,0,0,376,4,40,0
1990,70,2,3,0,0,0,387,5,25,0
1990,34,2,1,0,0,0,453,4,20,0
1990,37,2,1,0,0,0,0,0,0,0
1990,73,2,0,0,0,0,0,0,0,0
1990,74,1,0,0,0,0,0,0,0,0
1990,43,2,1,0,0,0,0,0,0,0
1990,58,1,0,0,0,0,336,4,40,0
1990,59,2,0,0,0,0,0,0,0,0
1990,32,1,1,0,0,0,357,4,37,0
1990,68,2,2,0,0,0,257,2,32,0
1990,37,1,0,0,0,0,735,1,40,0
1990,37,2,0,0,0,0,277,3,12,0
1990,30,1,1,0,0,1,9,3,40,0
1990,63,2,3,0,0,0,0,0,0,0
1990,27,2,1,0,0,0,888,5,30,0
1990,55,1,0,0,0,1,29,3,40,1
1990,47,2,0,0,0,0,313,1,20,0
1990,22,1,1,0,0,1,259,1,35,0
1990,52,1,0,0,0,1,575,0,40,1
1990,53,2,0,0,0,1,103,5,40,0
1990,19,1,1,0,0,1,265,3,20,0
1990,72,2,3,0,0,0,337,1,40,0
1990,77,1,0,0,0,0,734,1,3,0
1990,73,2,0,0,0,0,0,0,0,0
1990,42,1,0,0,2,0,567,0,32,0
1990,37,2,0,0,2,1,458,4,20,0
1990,38,1,0,0,0,1,96,3,65,1
1990,37,2,0,0,0,1,0,0,0,0
1990,35,1,0,0,0,1,785,3,60,0
1990,37,2,0,0,0,1,95,5,60,0
1990,37,1,0,0,0,0,585,0,48,1
1990,38,2,0,0,0,1,313,0,40,0
1990,42,1,0,0,2,0,869,0,40,0
1990,40,2,0,0,2,1,453,4,10,0
1990,70,1,0,0,0,0,0,0,0,0
1990,69,2,0,0,0,0,0,0,0,0
1990,71,1,0,0,0,0,459,5,11,0
1990,71,2,0,0,0,0,0,0,0,0
1990,46,1,0,0,0,1,303,4,40,0
1990,43,2,0,0,0,0,628,1,40,0
1990,18,2,1,0,0,0,276,4,30,0
1990,55,1,0,0,0,0,518,3,48,0
1990,53,2,0,0,0,1,314,4,37,0
1990,23,1,1,0,0,1,575,0,40,0
1990,34,1,0,0,0,0,875,2,42,0
1990,33,2,0,0,0,0,389,5,0,0
1990,66,1,0,0,0,0,0,0,0,0
1990,62,2,0,0,0,0,254,4,20,0
1990,26,1,0,0,0,1,628,2,40,0
1990,27,2,0,0,0,1,313,4,40,0
1990,43,1,2,0,0,1,17,4,40,1
1990,20,1,1,0,0,0,17,4,40,0
1990,37,2,2,0,0,0,17,3,34,0
1990,56,2,3,0,0,0,0,0,0,0
1990,25,2,1,0,0,1,23,3,40,0
1990,63,1,0,0,0,1,157,5,0,0
1990,57,2,0,0,0,0,435,3,30,0
1990,19,1,1,0,0,0,877,3,0,0
1990,45,1,0,0,0,0,337,2,40,0
1990,42,2,0,0,0,0,274,3,40,0
1990,21,1,1,0,0,0,647,3,42,0
1990,72,1,0,0,0,1,0,0,0,0
1990,70,2,0,0,0,0,0,0,0,0
1990,24,2,1,0,0,1,27,4,35,0
1990,62,2,3,0,0,0,0,0,0,0
1990,41,1,0,0,0,1,258,1,40,0
1990,33,2,0,0,0,1,389,3,40,0
1990,40,1,0,0,0,1,23,1,50,1
1990,32,2,0,0,0,0,379,4,0,0
1990,62,1,0,0,0,1,628,2,0,0
1990,58,2,0,0,0,0,316,6,0,0
1990,45,1,0,0,0,1,174,5,40,0
1990,41,2,0,0,0,1,174,5,30,0
1990,63,1,0,0,0,1,23,3,0,1
1990,62,2,0,0,0,1,156,5,40,0
1990,53,1,0,0,0,0,804,2,30,0
1990,50,2,0,0,0,0,313,2,20,0
1990,19,1,1,0,0,0,804,2,0,0
1990,41,1,0,0,0,1,507,1,40,0
1990,39,2,0,0,0,1,0,0,0,0
1990,53,1,0,0,0,0,844,0,42,0
1990,53,2,0,0,0,0,449,5,40,0
1990,32,2,1,0,0,1,95,5,56,0
1990,54,1,0,0,0,0,235,2,40,0
1990,51,2,0,0,0,0,5,6,40,0
1990,25,1,1,0,0,1,594,0,50,0
1990,27,2,1,0,0,1,25,4,40,0
1990,26,1,1,0,0,0,869,0,45,0
1990,39,1,0,0,0,1,59,5,40,0
1990,38,2,0,0,0,1,95,5,16,0
1990,28,1,0,0,0,1,98,5,40,0
1990,28,2,0,0,0,1,95,5,40,0
1990,74,2,3,0,0,0,0,0,0,0
1990,38,2,3,1,0,1,22,5,40,0
1990,51,2,2,0,0,1,207,5,40,0
1990,21,2,1,0,0,0,208,5,40,0
1990,28,1,1,0,0,1,22,2,50,0
1990,27,1,1,2,0,0,17,3,40,0
1990,24,2,1,2,0,0,754,1,40,0
1990,76,1,0,0,0,0,0,0,0,0
1990,76,2,0,0,0,0,0,0,0,0
1990,26,1,1,0,0,1,43,5,44,0
1990,74,2,3,0,0,0,0,0,0,0
1990,34,1,0,1,0,0,777,1,40,0
1990,30,2,0,1,0,1,313,3,35,0
1990,21,1,0,0,0,0,804,3,50,0
1990,24,2,0,0,0,0,319,4,0,0
1990,26,2,1,0,0,0,22,4,0,0
1990,74,2,3,0,0,0,0,0,0,0
1990,29,1,3,0,0,1,243,4,60,0
1990,27,1,0,0,0,0,538,4,50,1
1990,28,2,0,0,0,0,276,2,45,1
1990,43,1,0,1,0,1,5,6,40,0
1990,42,2,0,1,0,1,21,5,40,0
1990,33,2,0,0,0,0,313,5,35,0
1990,43,1,0,0,0,1,825,2,40,0
1990,60,2,2,0,0,0,0,0,0,0
1990,39,1,0,0,0,0,804,2,55,0
1990,38,2,0,0,0,0,26,0,40,0
1990,20,1,1,0,0,0,748,4,40,0
1990,49,2,1,0,0,0,337,4,37,0
1990,68,2,3,0,0,0,0,0,0,0
1990,73,2,3,0,0,0,0,0,0,0
1990,48,2,1,0,0,0,0,0,0,0
1990,34,2,2,1,0,1,338,5,40,1
1990,78,2,1,0,0,0,0,0,0,0
1990,75,2,3,0,0,0,0,0,0,0
1990,71,1,0,0,0,0,0,0,0,0
1990,67,2,0,0,0,1,0,0,0,0
1990,40,2,2,0,0,0,174,5,37,0
1990,60,1,0,1,0,1,174,5,40,0
1990,61,2,0,1,0,0,0,0,0,0
1990,63,1,1,1,0,1,156,5,40,0
1990,43,1,0,1,0,0,453,5,20,0
1990,34,2,0,1,0,0,447,5,40,0
1990,71,1,0,1,0,0,453,2,0,0
1990,69,2,0,1,0,0,0,0,0,0
1990,58,1,3,1,0,0,808,2,30,0
1990,34,2,1,1,0,1,0,0,0,0
1990,19,1,1,1,0,0,0,0,0,0
1990,50,2,3,1,0,0,438,3,0,0
1990,23,1,1,1,0,1,174,5,40,0
1990,23,1,0,1,0,0,777,1,40,0
1990,22,2,0,1,0,0,276,3,40,0
1990,38,2,0,1,0,0,259,1,40,0
1990,38,1,0,1,0,1,364,1,50,0
1990,46,1,0,0,0,0,507,2,40,0
1990,44,2,0,0,0,0,364,5,40,0
1990,25,1,1,0,0,0,567,0,30,0
1990,24,1,1,0,0,0,443,5,30,0
1990,30,1,0,0,0,1,259,1,56,0
1990,29,2,0,0,0,0,435,3,0,0
1990,44,1,0,0,0,1,597,0,40,1
1990,41,2,0,0,0,0,29,3,14,0
1990,59,1,0,0,0,1,257,1,56,0
1990,57,2,0,0,0,1,0,0,0,0
1990,27,1,1,0,0,1,48,5,40,0
1990,78,2,3,0,0,0,314,1,40,1
1990,80,1,0,0,0,1,0,0,0,0
1990,80,2,0,0,0,0,0,0,0,0
1990,42,1,0,0,0,0,824,2,40,0
1990,35,2,0,0,0,1,435,3,45,0
1990,29,1,0,0,2,1,224,1,40,0
1990,28,2,0,0,0,1,386,4,28,0
1990,42,1,0,0,0,1,7,1,45,1
1990,40,2,0,0,0,1,407,4,20,0
1990,43,2,2,0,0,0,628,1,40,0
1990,19,2,1,0,0,1,446,3,15,0
1990,47,1,2,0,0,1,415,3,55,0
1990,56,1,0,0,0,1,533,2,0,0
1990,52,2,0,0,0,0,0,0,0,0
1990,24,2,1,0,0,1,313,5,40,0
1990,52,1,0,0,0,0,579,0,40,1
1990,51,2,0,0,0,0,313,5,22,0
1990,29,1,1,0,0,0,579,0,20,0
1990,24,1,1,0,0,0,579,0,20,0
1990,49,1,0,0,0,1,558,0,40,0
1990,48,2,0,0,0,0,446,5,40,0
1990,24,1,1,0,0,1,217,5,40,0
1990,18,1,1,0,0,1,436,3,24,0
1990,43,2,2,0,0,0,313,4,40,0
1990,36,1,3,0,0,1,567,1,45,0
1990,46,2,2,0,2,0,337,5,50,0
1990,38,2,2,2,1,1,0,0,0,0
1990,77,2,3,0,2,0,0,0,0,0
1990,31,2,2,1,0,1,256,4,40,0
1990,41,1,2,1,0,1,267,3,40,0
1990,70,2,3,1,0,0,0,0,0,0
1990,66,2,1,0,0,0,337,6,0,0
1990,26,2,1,0,0,1,415,4,43,0
1990,60,1,0,0,0,1,253,4,40,0
1990,48,2,0,0,0,0,458,4,9,0
1990,24,2,1,0,0,1,73,1,45,0
1990,26,1,0,0,0,1,318,2,50,0
1990,26,2,0,0,0,1,387,5,0,0
1990,41,1,0,0,0,1,23,3,40,0
1990,35,2,0,0,0,0,0,0,0,0
1990,56,1,0,0,0,0,514,4,0,0
1990,50,2,0,0,0,0,435,3,38,0
1990,21,2,1,0,0,0,445,5,0,0
1990,62,1,3,0,0,0,217,1,0,0
1990,54,2,2,0,0,1,318,2,43,0
1990,48,1,2,0,0,1,259,3,40,0
1990,42,1,0,0,0,1,686,3,43,0
1990,40,2,0,3,0,0,313,5,33,0
1990,18,2,1,0,0,0,276,3,20,0
1990,75,2,2,0,0,0,0,0,0,0
1990,54,1,3,0,0,0,0,0,0,0
1990,65,2,0,0,0,0,436,3,16,0
1990,63,1,0,0,0,0,585,5,45,0
1990,24,1,3,0,1,0,573,0,0,0
1990,20,1,1,2,1,0,554,0,0,0
1990,50,1,0,1,0,0,567,0,40,0
1990,47,2,0,1,0,1,0,0,0,0
1990,23,1,1,1,0,1,276,3,18,0
1990,53,1,0,0,0,0,783,1,40,0
1990,49,2,0,0,0,0,274,3,0,0
1990,73,2,3,0,0,0,0,0,0,0
1990,42,1,0,0,0,1,22,4,50,0
1990,35,2,0,0,0,1,95,5,24,0
1990,57,1,0,0,0,0,0,0,0,0
1990,48,2,0,0,0,0,243,3,43,0
1990,29,1,0,0,0,1,253,4,40,0
1990,29,2,0,0,0,1,375,4,40,0
1990,76,2,3,0,0,0,0,0,0,0
1990,42,1,0,0,0,1,575,1,40,1
1990,34,2,0,0,0,0,0,0,0,0
1990,68,2,1,0,0,0,379,4,24,0
1990,55,1,0,3,3,1,33,1,40,0
1990,50,2,0,3,3,0,0,0,0,0
1990,19,2,1,3,3,0,276,3,20,0
1990,72,1,0,0,0,1,379,3,0,0
1990,69,2,0,0,0,0,335,1,0,0
1990,42,1,1,0,0,1,268,3,40,0
1990,25,2,1,0,0,0,628,2,46,0
1990,58,1,0,1,0,0,549,2,40,0
1990,51,2,0,1,0,1,25,4,35,0
1990,22,1,1,1,0,1,356,4,30,0
1990,33,1,0,1,0,0,825,2,40,0
1990,29,2,0,1,0,0,315,2,40,0
1990,42,1,2,1,0,1,808,2,40,0
1990,46,1,0,0,0,0,414,6,40,0
1990,42,2,0,0,0,1,313,5,16,0
1990,40,1,0,1,3,1,253,4,50,0
1990,32,2,0,1,0,1,229,4,45,0
1990,43,1,0,0,0,0,796,3,40,0
1990,37,2,0,3,0,1,95,5,40,0
1990,18,1,1,3,0,0,0,0,0,0
1990,70,2,3,0,0,0,0,0,0,0
1990,28,1,1,0,0,0,783,1,40,0
1990,49,2,1,0,0,1,156,5,50,1
1990,73,1,0,0,0,1,0,0,0,0
1990,64,2,0,0,0,1,313,5,16,0
1990,26,2,1,0,0,1,185,3,40,0
1990,41,1,0,0,0,0,507,2,45,0
1990,34,2,0,3,3,0,777,1,20,0
1990,18,2,1,3,0,0,0,0,0,0
1990,70,2,0,0,0,1,337,5,0,0
1990,73,1,0,0,0,1,5,6,0,0
1990,74,2,1,0,0,0,0,0,0,0
1990,42,1,0,0,0,1,178,5,58,1
1990,41,2,0,0,0,1,156,5,15,0
1990,46,1,0,0,0,1,575,0,40,0
1990,44,2,0,0,0,1,387,5,40,0
1990,23,2,1,0,0,1,43,0,40,0
1990,22,2,1,0,2,1,208,3,40,0
1990,19,1,1,0,0,1,365,3,40,0
1990,41,2,2,1,0,1,7,1,40,1
1990,65,1,0,0,0,0,796,6,40,0
1990,61,2,0,0,0,0,348,2,40,0
1990,27,2,1,0,0,1,33,4,40,0
1990,62,1,0,0,0,0,628,1,0,0
1990,54,2,0,0,0,0,796,1,40,0
1990,76,1,0,0,0,0,0,0,0,0
1990,66,2,0,0,0,0,265,3,22,0
1990,42,1,1,0,0,1,379,6,0,0
1990,67,1,0,1,0,0,889,1,0,0
1990,67,2,0,1,0,0,0,0,0,0
1990,33,2,1,1,0,1,216,5,40,0
1990,28,1,0,2,1,0,436,3,54,0
1990,22,2,0,3,0,0,785,1,40,0
1990,21,1,1,2,1,0,453,4,0,0
1990,59,1,3,1,0,1,0,0,0,0
1990,43,2,1,1,0,1,15,5,0,0
1990,20,2,1,1,0,0,0,0,0,0
1990,59,1,0,0,0,1,178,5,50,1
1990,50,2,0,0,0,0,0,0,0,0
1990,23,1,1,0,0,1,806,3,40,0
1990,42,1,0,0,0,0,628,1,40,0
1990,39,2,0,0,0,0,17,3,36,0
1990,48,2,2,1,0,1,174,5,40,0
1990,44,2,3,0,0,1,13,3,40,0
1990,33,2,0,2,0,1,385,6,32,0
1990,37,1,0,0,0,1,5,6,40,0
1990,78,2,2,2,0,0,754,1,0,0
1990,28,1,1,0,0,0,554,0,50,0
1990,54,2,3,0,0,0,0,0,0,0
1990,51,1,0,0,0,1,22,1,60,1
1990,49,2,0,0,0,1,0,0,0,0
1990,34,2,2,1,0,1,319,4,40,0
1990,78,1,3,0,0,1,254,4,20,1
1990,38,2,2,0,0,1,303,4,40,0
1990,42,2,3,1,0,1,156,5,30,0
1990,18,1,1,1,0,1,436,3,0,0
1990,47,1,0,1,0,1,365,3,40,1
1990,41,2,0,1,0,1,463,2,20,0
1990,19,2,1,1,0,0,0,0,0,0
1990,78,1,0,0,2,1,0,0,0,0
1990,65,2,0,0,2,1,0,0,0,0
1990,37,1,0,0,0,1,355,2,30,0
1990,34,2,0,1,0,0,458,3,35,0
1990,54,1,0,0,0,1,23,1,40,1
1990,54,2,0,0,2,1,264,3,40,0
1990,21,2,1,0,0,1,264,3,22,0
1990,75,1,0,0,0,0,0,0,0,0
1990,70,2,0,0,0,0,0,0,0,0
1990,43,1,1,0,0,0,379,2,40,0
1990,45,1,0,0,0,1,376,4,40,1
1990,42,2,0,0,0,0,877,3,39,0
1990,44,2,1,1,0,1,95,5,40,0
1990,32,2,2,1,0,1,447,5,40,0
1990,54,1,3,0,0,0,696,3,40,0
1990,19,2,1,0,0,0,348,3,20,0
1990,53,1,0,0,2,0,453,2,40,0
1990,44,2,0,0,2,0,0,0,0,0
1990,20,2,1,0,0,1,0,0,0,0
1990,19,2,1,0,0,0,0,0,0,0
1990,63,1,0,0,2,0,796,1,50,0
1990,63,2,0,0,0,0,23,3,0,0
1990,76,2,3,0,0,0,0,0,0,0
1990,48,1,1,0,0,1,804,2,40,0
1990,35,1,1,0,0,1,159,5,50,0
1990,63,2,3,0,0,0,389,1,40,0
1990,46,1,1,0,0,0,318,2,40,0
1990,56,2,3,0,0,1,379,1,40,0
1990,28,2,1,0,0,1,0,0,0,0
1990,44,1,0,0,0,1,243,3,40,1
1990,43,2,0,0,0,0,275,5,25,0
1990,35,1,0,0,0,1,22,1,40,1
1990,32,2,0,0,2,1,0,0,0,0
1990,45,1,0,0,0,1,55,1,45,1
1990,44,2,0,0,0,1,253,4,40,0
1990,22,1,1,0,0,1,59,2,45,0
1990,63,1,0,0,0,1,22,0,40,1
1990,58,2,0,0,0,1,21,5,20,0
1990,34,1,0,3,3,1,789,3,40,0
1990,43,2,0,3,3,1,337,4,40,0
1990,25,1,3,3,3,0,628,1,60,0
1990,36,1,0,3,3,1,628,1,60,0
1990,29,2,0,3,3,0,0,0,0,0
1990,20,1,1,3,3,1,229,1,25,0
1990,55,1,0,0,0,0,628,1,45,0
1990,63,2,0,0,0,0,877,3,16,0
1990,42,2,3,0,0,0,313,3,35,0
1990,77,2,2,0,0,0,0,0,0,0
1990,37,1,2,0,0,0,785,4,48,0
1990,66,1,0,0,0,0,804,3,0,0
1990,66,2,0,0,0,0,276,3,26,0
1990,42,1,0,0,2,1,255,4,60,0
1990,42,2,0,0,0,0,319,1,40,0
1990,18,2,1,0,0,0,276,3,20,0
1990,66,2,1,0,0,0,785,3,0,0
1990,26,2,1,0,0,0,435,3,45,0
1990,46,1,0,0,2,1,22,1,40,1
1990,47,2,0,0,2,1,313,5,12,0
1990,18,1,1,0,2,0,453,5,15,0
1990,32,2,0,0,0,0,364,2,40,0
1990,36,1,0,0,0,0,575,0,40,0
1990,27,2,2,0,0,0,313,0,40,0
1990,28,2,1,0,0,1,628,1,40,0
1990,44,1,3,0,0,1,243,5,70,0
1990,22,1,1,0,0,1,877,3,40,0
1990,53,2,2,0,0,0,7,4,40,0
1990,47,1,0,0,0,1,518,1,40,0
1990,49,2,0,0,0,0,0,0,0,0
1990,22,1,1,0,0,0,769,3,16,0
1990,19,1,1,0,0,0,486,0,30,0
1990,21,1,1,3,1,0,274,3,0,0
1990,53,1,2,0,0,1,376,2,40,0
1990,25,2,1,0,0,1,376,4,40,0
1990,26,1,0,0,0,1,253,4,55,0
1990,28,2,0,0,0,1,313,0,45,0
1990,57,1,0,0,0,0,259,1,0,0
1990,55,2,0,0,0,0,337,4,40,0
1990,20,1,1,0,0,0,804,3,40,0
1990,28,1,0,0,0,1,13,3,50,0
1990,29,2,0,0,0,1,64,4,40,0
1990,25,1,0,0,0,1,356,4,47,0
1990,23,2,0,0,0,0,466,5,40,0
1990,56,1,0,0,0,0,686,3,48,1
1990,53,2,0,0,0,0,804,6,30,0
1990,40,1,0,0,0,1,8,3,44,1
1990,40,2,0,0,0,1,143,5,4,0
1990,23,1,0,0,0,1,156,5,50,0
1990,24,2,0,0,0,1,376,4,40,0
1990,69,1,3,0,2,0,366,2,0,0
1990,60,2,1,0,0,0,22,4,0,0
1990,69,1,0,0,0,0,0,0,0,0
1990,66,2,0,0,0,0,0,0,0,0
1990,42,2,1,0,0,1,14,5,50,0
1990,24,1,0,0,0,1,533,3,60,0
1990,24,2,0,0,0,1,447,5,35,0
1990,30,1,0,0,0,1,259,3,60,0
1990,27,2,0,0,0,1,315,4,30,0
1990,40,2,2,0,0,0,355,2,40,0
1990,27,1,0,0,0,0,595,0,50,1
1990,25,2,0,0,0,1,337,1,30,0
1990,45,1,1,0,0,1,23,1,50,1
1990,19,2,1,0,0,1,447,5,40,0
1990,46,1,0,0,0,1,22,2,60,1
1990,45,2,0,0,0,1,185,3,30,0
1990,36,1,0,0,0,1,178,5,45,1
1990,29,2,0,0,0,1,186,5,12,0
1990,34,1,0,0,0,1,507,4,50,0
1990,33,2,0,0,0,1,243,3,0,0
1990,30,2,0,0,0,1,64,3,42,0
1990,32,1,0,0,0,1,389,3,40,0
1990,38,1,0,0,0,0,869,0,40,0
1990,33,2,0,0,0,0,243,3,37,0
1990,33,1,0,0,0,1,16,2,60,0
1990,33,2,0,0,0,1,276,3,30,0
1990,51,1,0,0,0,0,696,4,40,0
1990,47,2,0,0,0,1,95,4,28,0
1990,22,1,1,0,0,1,534,3,40,0
1990,21,2,1,0,0,1,677,3,20,0
1990,37,1,0,0,0,0,22,0,40,1
1990,33,2,0,0,0,0,274,3,15,0
1990,61,1,1,0,0,1,243,4,37,0
1990,34,1,0,0,0,1,883,5,24,0
1990,30,2,0,0,0,0,0,0,0,0
1990,61,2,3,0,0,0,435,3,30,0
1990,50,1,0,0,0,0,804,2,45,0
1990,49,2,0,0,0,1,407,4,30,0
1990,62,2,3,0,0,0,379,4,40,0
1990,34,1,0,0,0,1,58,1,45,0
1990,32,2,0,0,0,0,389,3,0,0
1990,26,1,1,0,0,1,22,1,49,0
1990,69,1,0,0,0,1,22,3,30,1
1990,66,2,0,0,0,1,0,0,0,0
1990,68,1,0,0,0,0,22,0,40,0
1990,66,2,0,0,0,1,313,0,20,0
1990,33,1,3,0,0,1,229,4,0,0
1990,49,1,1,0,0,1,156,5,36,0
1990,65,1,0,0,0,0,808,2,48,0
1990,65,2,0,0,0,0,276,3,0,0
1990,44,1,0,3,3,1,53,5,52,0
1990,46,2,0,3,3,1,316,1,40,0
1990,30,2,1,3,3,1,365,3,40,0
1990,80,1,3,3,3,1,0,0,0,0
1990,78,2,3,3,3,1,0,0,0,0
1990,21,1,1,1,0,1,785,1,0,0
1990,23,2,1,1,0,1,319,1,40,0
1990,60,2,2,0,0,1,65,5,60,0
1990,46,2,3,0,0,1,7,5,50,0
1990,55,1,0,3,3,1,84,5,50,1
1990,47,2,0,3,3,1,155,5,10,0
1990,75,1,0,0,0,1,7,4,0,1
1990,65,2,0,0,0,1,0,0,0,0
1990,53,1,0,0,0,0,22,0,40,1
1990,64,2,0,0,0,0,313,0,20,0
1990,53,1,0,0,0,0,0,0,0,1
1990,42,2,0,0,0,1,156,5,0,1
1990,68,1,3,0,0,1,0,0,0,0
1990,65,1,0,0,0,1,22,4,55,1
1990,42,2,0,0,0,1,22,4,50,0
1990,37,1,0,0,0,1,43,5,48,0
1990,36,2,0,0,0,1,389,5,40,0
1990,37,1,1,0,0,0,516,2,40,0
1990,31,1,0,0,0,1,804,3,40,0
1990,34,2,0,0,0,1,308,5,25,0
1990,54,1,0,0,0,1,59,6,40,0
1990,54,2,0,0,0,1,155,5,35,0
1990,18,1,1,0,0,0,486,0,5,0
1990,67,1,0,0,0,1,225,1,45,1
1990,68,2,0,0,0,1,34,5,20,0
1990,44,1,0,0,0,1,26,5,60,1
1990,45,2,0,0,0,1,156,5,40,0
1990,20,2,3,0,0,1,449,3,40,0
1990,78,1,0,0,0,0,0,0,0,0
1990,75,2,0,0,0,0,0,0,0,0
1990,42,1,0,0,0,1,22,4,40,1
1990,45,2,0,0,0,1,466,5,28,0
1990,57,1,0,0,0,1,7,4,44,1
1990,58,2,0,0,0,1,313,5,47,0
1990,19,1,1,0,0,0,0,0,0,0
1990,31,1,0,0,0,1,256,2,50,0
1990,27,2,0,0,0,0,363,4,40,0
1990,68,1,0,0,0,1,259,3,50,1
1990,68,2,0,0,0,0,313,3,8,0
1990,33,1,0,0,0,0,379,4,50,1
1990,29,2,0,0,0,0,337,4,40,1
1990,61,1,0,1,0,0,448,4,40,1
1990,56,2,0,1,0,0,453,5,20,0
1990,37,1,1,1,0,1,375,4,40,0
1990,41,1,0,0,0,1,243,4,50,1
1990,36,2,0,0,0,1,197,1,40,1
1990,47,1,2,0,0,1,0,0,0,0
1990,26,1,0,0,0,1,64,4,55,0
1990,26,2,0,0,0,1,153,5,18,0
1990,39,1,0,0,0,1,22,1,40,0
1990,33,2,0,0,0,0,27,5,0,0
1990,64,1,2,0,0,0,585,0,0,0
1990,69,2,3,0,0,0,0,0,0,0
1990,43,1,0,0,0,0,22,4,50,1
1990,42,2,0,0,0,1,266,3,30,0
1990,39,1,1,0,0,1,178,6,50,0
1990,61,1,0,0,0,1,575,4,24,0
1990,60,2,0,0,0,0,0,0,0,0
1990,46,1,0,0,0,1,26,5,80,1
1990,46,2,0,0,0,1,95,5,30,0
1990,18,2,1,0,0,1,274,3,16,0
1990,40,1,0,0,0,1,13,4,60,1
1990,39,2,0,0,0,1,156,5,30,0
1990,40,1,0,0,0,1,567,0,40,0
1990,38,2,0,0,0,1,95,5,30,0
1990,38,1,0,0,0,1,376,2,40,0
1990,36,2,0,0,0,1,22,1,40,1
1990,36,1,0,0,0,1,176,5,50,0
1990,36,2,0,0,0,1,159,5,35,0
1990,37,1,0,0,0,1,8,4,50,1
1990,31,2,0,0,0,1,186,5,40,0
1990,32,1,0,0,0,1,585,0,40,0
1990,31,2,0,0,0,1,256,4,21,0
1990,62,1,0,0,0,1,22,4,40,1
1990,47,2,0,0,0,1,0,0,0,0
1990,26,2,2,0,0,1,23,5,48,0
1990,28,1,0,0,0,1,22,5,50,0
1990,29,2,0,0,0,1,95,5,48,0
1990,38,1,0,0,2,1,269,3,60,1
1990,37,2,0,0,2,1,0,0,0,0
1990,53,1,2,0,0,1,22,4,50,1
1990,63,1,0,0,1,1,84,5,40,1
1990,51,2,0,0,1,0,0,0,0,0
1990,26,1,1,0,0,0,785,1,40,0
1990,55,1,0,0,0,1,255,4,40,1
1990,37,2,0,0,0,1,22,4,30,1
1990,31,1,1,0,0,1,199,5,40,0
1990,35,1,0,0,0,1,65,4,40,0
1990,35,2,0,0,0,1,313,5,40,0
1990,28,1,3,1,0,1,48,1,50,1
1990,35,2,2,0,0,1,389,3,60,0
1990,26,1,1,0,0,0,308,3,37,0
1990,23,1,1,0,0,0,376,1,45,0
1990,34,1,0,0,0,1,178,5,50,1
1990,34,2,0,0,0,1,156,5,40,0
1990,73,1,2,0,0,1,22,1,80,1
1990,27,2,1,2,1,1,22,1,45,0
1990,23,1,1,2,1,1,436,3,30,0
1990,25,2,1,2,1,1,436,3,35,0
1990,24,2,1,0,0,1,156,5,40,0
1990,21,2,3,0,0,1,313,4,55,0
1990,43,1,2,0,0,1,229,4,38,0
1990,60,1,0,0,0,0,529,2,0,0
1990,61,2,0,0,0,0,0,0,0,0
1990,22,1,0,0,0,1,216,5,20,0
1990,25,2,0,0,0,1,303,5,50,0
1990,35,1,3,0,0,0,628,1,40,0
1990,73,1,0,0,0,1,0,0,0,0
1990,72,2,0,0,0,1,0,0,0,0
1990,74,2,2,0,0,1,0,0,0,0
1990,43,2,2,0,0,1,466,5,50,0
1990,72,2,2,0,0,1,22,5,0,0
1990,33,1,0,0,0,1,253,4,50,0
1990,32,2,0,0,0,1,64,4,0,0
1990,37,2,3,0,0,1,243,3,40,0
1990,47,2,2,0,0,0,319,4,40,0
1990,71,1,0,0,0,0,0,0,0,0
1990,62,2,0,0,0,1,274,3,12,0
1990,30,1,0,0,0,1,804,2,50,0
1990,23,2,0,0,0,1,319,1,18,0
1990,55,1,0,0,0,1,22,4,72,1
1990,53,2,0,0,0,1,0,0,0,0
1990,44,1,0,3,0,1,188,4,30,0
1990,43,2,0,3,3,1,95,5,40,0
1990,30,1,1,0,0,1,259,1,40,0
1990,30,1,1,0,0,1,259,3,40,0
1990,48,1,1,0,0,1,305,4,40,0
1990,41,1,0,0,0,1,7,5,40,0
1990,40,2,0,0,0,1,736,1,40,0
1990,39,1,0,0,0,1,178,1,50,1
1990,40,2,0,0,0,1,0,0,0,0
1990,50,2,3,0,0,1,22,5,40,0
1990,28,1,1,0,0,1,717,0,40,0
1990,25,1,0,0,0,1,229,4,45,0
1990,24,2,0,0,0,1,55,5,40,0
1990,75,2,3,0,0,0,0,0,0,0
1990,71,1,0,0,0,0,0,0,0,0
1990,67,2,0,0,2,1,0,0,0,0
1990,41,1,0,0,0,1,259,1,50,1
1990,39,2,0,0,0,1,303,1,0,0
1990,65,1,0,0,0,1,23,3,40,0
1990,67,2,0,0,0,0,313,4,0,0
1990,39,1,0,3,3,1,73,5,48,1
1990,41,2,0,3,3,1,229,2,52,0
1990,23,1,1,0,0,1,869,2,45,0
1990,21,2,1,0,0,1,319,1,40,0
1990,50,1,0,0,0,1,23,1,45,1
1990,48,2,0,0,0,1,95,5,40,0
1990,39,2,2,0,0,0,338,1,30,0
1990,34,1,2,0,0,0,734,1,40,0
1990,50,1,0,0,0,0,364,1,40,0
1990,43,2,0,0,0,1,337,3,45,0
1990,54,1,3,0,0,0,424,6,40,0
1990,38,1,0,0,0,1,255,4,45,1
1990,36,2,0,0,0,1,0,0,0,0
1990,48,1,0,0,0,0,686,3,40,0
1990,46,2,0,0,0,0,375,4,40,0
1990,19,1,1,0,0,1,869,0,20,0
1990,64,1,0,0,0,1,33,1,20,0
1990,54,2,0,0,0,0,313,6,16,0
1990,23,2,1,0,0,1,156,5,24,0
1990,30,1,1,0,0,1,229,1,42,1
1990,57,1,0,0,0,0,509,2,40,0
1990,55,2,0,0,0,0,453,5,0,0
1990,23,2,1,0,0,0,379,3,40,0
1990,29,1,0,0,0,0,653,0,40,0
1990,25,2,0,0,0,1,313,4,20,0
1990,38,1,0,0,0,1,198,5,25,0
1990,33,2,0,0,0,1,22,2,40,0
1990,29,1,1,0,0,1,575,0,40,0
1990,34,2,1,0,0,1,235,5,40,0
1990,28,1,0,1,0,1,156,5,60,0
1990,27,2,0,1,0,1,23,4,36,0
1990,36,1,0,0,0,1,159,4,40,0
1990,36,2,0,0,0,1,95,5,20,0
1990,42,2,1,1,0,1,243,3,40,1
1990,76,1,3,0,0,0,0,0,0,0
1990,20,1,0,3,0,0,878,1,50,0
1990,23,2,0,0,0,0,64,5,40,0
1990,36,1,1,0,0,1,243,3,0,0
1990,25,1,0,0,0,1,229,4,37,0
1990,25,2,0,0,0,1,203,5,20,0
1990,20,1,1,0,0,0,784,1,45,0
1990,32,1,0,0,0,0,259,3,45,0
1990,35,2,0,0,0,0,315,4,37,0
1990,41,1,0,0,0,1,308,4,36,0
1990,30,2,0,0,0,1,313,4,40,0
1990,34,1,0,0,0,1,734,1,40,0
1990,32,2,0,0,0,1,877,3,40,0
1990,29,1,0,0,0,0,869,0,60,0
1990,28,2,0,0,0,1,0,0,0,0
1990,23,1,0,0,0,1,22,3,55,0
1990,28,2,0,0,0,1,95,5,45,0
1990,44,1,0,0,0,1,22,4,50,1
1990,44,2,0,0,0,0,308,4,40,0
1990,25,2,1,0,0,0,0,0,0,0
1990,44,1,0,0,0,1,628,1,40,1
1990,46,2,0,0,2,1,313,3,37,0
1990,22,2,1,0,0,1,73,1,40,0
1990,19,2,1,0,0,1,379,1,40,0
1990,56,1,0,0,0,1,13,1,50,1
1990,50,2,0,0,0,1,0,0,0,0
1990,68,2,3,0,0,0,0,0,0,0
1990,35,1,3,0,1,0,486,0,40,0
1990,20,1,1,0,1,0,486,0,40,0
1990,21,1,1,0,1,0,486,0,40,0
1990,32,1,3,0,1,0,486,0,40,0
1990,51,2,2,2,1,0,453,5,37,0
1990,34,1,0,0,0,0,307,2,42,0
1990,29,2,0,0,0,1,274,3,15,0
1990,40,1,0,0,0,1,14,5,55,1
1990,39,2,0,0,0,1,0,0,0,0
1990,47,1,2,0,0,1,254,4,40,1
1990,68,1,0,0,0,1,156,5,40,0
1990,68,2,0,0,2,0,0,0,0,0
1990,33,2,1,0,0,0,359,6,60,0
1990,33,1,0,0,0,1,64,3,40,0
1990,30,2,0,0,0,1,319,5,12,0
1990,31,1,0,3,3,1,64,4,40,0
1990,24,2,0,3,3,1,159,5,20,0
1990,23,1,1,0,0,1,23,4,27,0
1990,31,1,0,0,0,1,8,1,45,0
1990,30,2,0,0,0,0,313,4,32,0
1990,26,1,0,1,0,1,53,0,40,1
1990,24,2,0,1,0,1,373,3,20,0
1990,26,1,0,2,0,1,269,3,52,0
1990,23,2,0,0,0,0,463,2,40,0
1990,34,2,1,0,0,1,56,1,50,0
1990,36,2,1,0,0,1,507,4,55,0
1990,62,1,0,0,0,0,558,0,10,0
1990,59,2,0,0,0,0,0,0,0,0
1990,49,1,0,0,0,1,235,5,45,1
1990,48,2,0,0,0,1,254,4,45,0
1990,18,1,1,0,0,0,443,3,8,0
1990,32,2,2,0,0,1,434,3,16,0
1990,65,1,0,0,0,0,363,3,0,0
1990,64,2,0,0,0,0,0,0,0,0
1990,64,2,3,0,0,0,0,0,0,0
1990,49,1,0,0,0,1,22,1,35,1
1990,48,2,0,0,0,1,255,4,60,0
1990,26,2,0,2,1,0,634,1,40,0
1990,30,1,0,2,1,0,704,1,40,0
1990,20,2,1,2,1,0,785,1,30,0
1990,22,1,1,2,1,0,777,1,52,0
1990,55,1,0,0,0,1,185,4,54,0
1990,48,2,0,0,0,0,189,5,30,0
1990,26,2,3,2,1,0,878,1,40,0
1990,22,1,0,0,0,0,547,2,40,0
1990,22,2,0,0,0,1,276,3,35,0
1990,30,1,0,0,0,0,696,1,40,0
1990,25,2,0,0,0,1,203,5,40,0
1990,31,1,0,0,0,0,243,3,60,0
1990,32,2,0,0,0,1,95,5,40,0
1990,70,2,1,0,0,1,447,5,4,0
1990,49,1,0,0,0,1,567,0,40,0
1990,44,2,0,0,0,1,33,1,50,0
1990,24,1,1,0,0,1,785,1,40,0
1990,72,1,0,0,0,1,0,0,0,0
1990,75,2,0,0,0,0,0,0,0,0
1990,74,1,0,0,0,1,157,5,0,0
1990,68,2,0,0,0,1,0,0,0,0
1990,66,1,0,0,0,0,436,3,0,0
1990,61,2,0,0,0,0,338,3,0,0
1990,22,1,1,0,0,1,575,0,45,0
1990,31,1,0,0,0,0,473,0,86,0
1990,29,2,0,0,0,1,0,0,0,0
1990,50,1,0,0,0,1,257,1,50,0
1990,46,2,0,0,0,0,257,4,40,0
1990,38,1,0,0,0,1,56,5,50,1
1990,34,2,0,0,0,1,95,5,40,0
1990,53,2,3,0,0,0,436,5,99,0
1990,54,1,2,0,0,1,808,2,45,0
1990,46,1,0,0,0,0,575,2,40,0
1990,44,2,0,0,0,0,383,4,37,0
1990,22,2,1,0,0,1,383,4,10,0
1990,21,1,1,0,0,1,877,2,20,0
1990,57,1,0,0,0,1,22,1,45,0
1990,57,2,0,0,2,1,337,1,45,0
1990,36,1,0,0,0,0,804,1,40,1
1990,36,2,0,0,0,0,804,2,40,0
1990,37,1,0,0,0,1,567,0,40,0
1990,35,2,0,0,0,1,22,4,40,0
1990,45,1,0,0,0,0,777,1,40,0
1990,38,2,0,0,0,1,22,3,40,0
1990,19,2,1,0,0,1,445,5,20,0
1990,29,1,0,0,0,0,534,0,40,0
1990,28,2,0,0,0,0,0,0,0,0
1990,48,1,0,0,0,1,243,4,55,1
1990,47,2,0,0,0,1,14,5,50,0
1990,75,1,0,0,0,1,0,0,0,0
1990,76,2,0,0,0,1,0,0,0,0
1990,43,1,0,0,0,0,7,3,52,1
1990,46,2,0,0,0,1,0,0,0,0
1990,61,1,0,0,0,0,637,1,50,0
1990,59,2,0,0,0,0,453,5,0,0
1990,58,1,0,0,0,0,253,4,40,1
1990,55,2,0,0,0,0,23,5,37,0
1990,23,1,1,0,0,1,486,5,40,0
1990,51,1,0,0,0,0,22,0,65,1
1990,42,2,0,0,0,0,255,4,0,0
1990,44,1,0,0,0,1,157,5,40,0
1990,44,2,0,0,0,1,156,5,40,0
1990,77,2,0,0,0,0,0,0,0,0
1990,40,1,1,0,0,1,217,4,42,0
1990,47,2,3,0,0,1,25,4,40,0
1990,20,2,1,0,0,1,435,3,30,0
1990,18,1,1,0,0,0,443,3,8,0
1990,77,2,3,0,0,0,0,0,0,0
1990,20,1,0,0,0,1,257,4,40,0
1990,29,2,0,0,0,0,337,3,40,0
1990,37,1,0,0,0,1,258,1,40,0
1990,40,2,0,0,0,1,433,3,36,0
1990,18,2,1,0,0,0,376,3,30,0
1990,29,1,0,0,0,1,785,1,40,0
1990,27,2,0,0,0,0,348,1,60,0
1990,29,1,0,3,0,1,554,0,40,0
1990,29,2,0,0,0,0,276,3,24,0
1990,60,2,3,0,0,0,444,5,30,0
1990,35,1,0,0,0,1,567,0,45,0
1990,35,2,0,0,0,1,439,3,15,0
1990,58,1,0,0,0,1,259,3,45,0
1990,58,2,0,0,0,1,315,4,40,0
1990,43,2,2,0,0,0,313,3,40,0
1990,23,2,2,0,0,0,435,3,25,0
1990,50,1,0,0,0,1,22,1,43,0
1990,45,2,0,0,0,0,744,1,35,0
1990,23,2,1,0,0,1,446,5,40,0
1990,75,2,3,0,0,0,0,0,0,0
1990,52,1,0,0,0,1,25,4,45,1
1990,51,2,0,0,0,0,0,0,0,0
1990,27,1,0,0,0,1,217,0,45,0
1990,23,2,0,0,0,1,383,4,37,0
1990,42,1,0,0,0,0,269,3,40,0
1990,30,2,0,0,0,0,315,1,25,0
1990,63,2,3,0,0,0,0,0,0,0
1990,34,1,2,0,0,1,809,2,30,0
1990,21,2,1,0,0,1,458,4,33,0
1990,50,2,2,0,0,1,22,1,45,0
1990,32,1,0,0,0,1,178,5,65,1
1990,31,2,0,0,0,1,259,3,45,1
1990,24,1,1,0,0,1,276,3,0,0
1990,33,1,0,0,0,1,22,5,50,0
1990,30,2,0,0,0,0,628,1,40,0
1990,45,1,0,0,0,0,518,1,40,0
1990,44,2,0,0,0,0,368,1,40,0
1990,21,2,1,0,0,0,17,3,25,0
1990,44,1,0,0,0,0,547,2,40,1
1990,37,2,0,0,0,0,426,0,0,0
1990,19,2,1,0,0,0,459,5,40,0
1990,38,1,0,1,0,0,889,0,0,0
1990,43,2,0,1,0,0,719,1,40,0
1990,21,1,1,1,0,0,804,2,16,0
1990,19,2,1,1,0,0,785,1,40,0
1990,44,1,0,0,0,1,523,2,40,0
1990,38,2,0,0,0,0,327,2,40,0
1990,55,1,0,0,0,0,453,1,40,0
1990,42,2,0,0,0,0,795,1,40,0
1990,69,1,0,0,0,0,575,0,0,0
1990,68,2,0,0,0,0,0,0,0,0
1990,69,2,3,0,0,1,0,0,0,1
1990,65,1,0,0,0,0,0,0,0,0
1990,62,2,0,0,0,0,27,3,23,0
1990,63,1,2,1,0,0,585,0,40,0
1990,37,1,0,0,0,1,808,2,38,0
1990,37,2,0,0,0,1,274,3,40,0
1990,71,2,3,0,0,0,0,0,0,0
1990,52,1,0,0,0,1,628,1,48,1
1990,43,2,0,0,0,1,229,5,12,0
1990,38,1,0,0,2,0,5,6,40,0
1990,37,2,0,0,0,1,33,0,40,0
1990,59,1,1,0,0,1,338,1,40,0
1990,55,1,2,0,0,0,0,0,0,0
1990,29,1,0,0,1,0,777,1,40,0
1990,25,2,0,0,1,0,754,1,0,0
1990,20,1,1,0,1,0,276,3,60,0
1990,68,1,3,0,1,0,779,0,50,0
1990,21,1,0,0,1,0,453,1,40,0
1990,40,1,0,0,0,1,823,2,0,0
1990,39,2,0,0,0,0,313,5,37,0
1990,69,1,1,0,0,1,0,0,0,0
1990,68,1,0,0,2,0,453,5,0,0
1990,79,2,0,0,0,0,0,0,0,0
1990,37,1,2,0,0,0,243,3,45,1
1990,38,2,3,0,0,0,22,5,40,0
1990,31,1,0,0,0,0,766,2,50,0
1990,28,2,0,0,0,0,0,0,0,0
1990,40,1,0,0,0,1,253,4,40,1
1990,37,2,0,0,0,1,465,6,38,0
1990,24,1,0,0,0,1,473,0,70,0
1990,22,2,0,0,0,0,313,5,40,0
1990,24,1,1,0,0,1,275,3,37,0
1990,30,2,2,0,0,1,22,4,50,0
1990,25,1,1,0,0,1,255,4,40,0
1990,27,1,1,0,0,1,255,4,45,0
1990,49,1,1,0,0,1,22,1,50,1
1990,35,1,1,0,0,1,23,5,50,0
1990,79,2,3,0,0,0,0,0,0,0
1990,68,2,3,0,0,0,274,3,0,0
1990,21,2,1,0,0,1,318,2,40,0
1990,30,1,0,0,2,1,567,0,35,0
1990,30,2,0,0,0,1,22,3,40,0
1990,46,1,0,0,0,1,637,3,40,0
1990,37,2,0,0,0,0,579,0,42,0
1990,36,1,0,0,0,1,73,1,40,0
1990,36,2,0,0,0,1,96,5,45,0
1990,44,1,0,0,0,0,518,1,40,0
1990,33,2,0,0,0,1,466,5,25,0
1990,31,1,0,0,0,1,628,1,50,0
1990,24,2,0,0,0,0,467,5,10,0
1990,70,1,0,0,0,0,0,0,0,0
1990,68,2,0,0,0,0,0,0,0,0
1990,46,1,2,0,0,0,263,3,55,0
1990,18,1,1,0,0,0,276,3,8,0
1990,42,1,2,0,0,1,628,1,45,0
1990,44,1,0,0,0,1,804,2,42,0
1990,43,2,0,0,0,0,0,0,0,0
1990,33,1,0,0,0,1,696,4,40,0
1990,32,2,0,0,2,0,313,4,40,0
1990,59,1,0,0,0,1,243,3,66,0
1990,55,2,0,0,0,0,313,1,37,0
1990,36,1,0,0,0,1,436,5,70,0
1990,39,2,0,0,0,0,274,3,30,0
1990,37,1,0,0,0,1,567,0,48,0
1990,26,2,0,0,0,1,307,4,45,0
1990,54,1,0,0,0,0,0,0,0,0
1990,54,2,0,0,0,0,877,1,40,0
1990,27,1,0,0,0,0,804,2,70,0
1990,27,2,0,0,0,1,435,3,30,0
1990,44,2,2,0,0,0,785,1,40,0
1990,40,1,0,0,0,0,694,2,40,0
1990,37,2,0,0,0,1,188,1,45,0
1990,36,1,2,0,0,1,634,1,55,0
1990,32,2,2,0,0,0,735,1,27,0
1990,32,1,0,0,0,0,453,5,50,0
1990,30,2,0,0,0,0,23,4,38,0
1990,34,1,0,0,0,1,43,5,50,1
1990,33,2,0,0,0,1,253,4,50,0
1990,26,1,0,0,0,1,23,3,55,0
1990,25,2,0,0,0,1,166,4,60,0
1990,40,1,0,3,3,1,59,1,40,1
1990,37,2,0,3,3,1,95,5,32,0
1990,63,2,3,0,0,0,207,5,30,0
1990,31,2,2,0,0,1,14,5,0,0
1990,40,1,0,0,0,1,64,4,40,1
1990,38,2,0,0,0,0,458,4,40,0
1990,35,1,0,0,0,0,804,2,40,0
1990,34,2,0,0,0,0,436,3,40,0
1990,47,1,0,0,0,0,567,0,40,0
1990,42,2,0,0,0,0,274,3,23,0
1990,19,2,1,0,0,1,435,3,25,0
1990,18,1,1,1,0,0,904,6,0,0
1990,21,1,1,3,3,0,833,6,40,0
1990,20,1,3,0,0,0,904,6,50,0
1990,40,1,3,0,0,1,448,6,80,0
1990,18,1,3,0,2,0,523,6,40,0
1990,36,1,3,0,0,1,37,6,50,0
1990,18,1,1,0,0,1,904,6,40,0
1990,22,1,1,0,0,0,575,6,75,0
1990,40,2,0,0,2,1,305,6,65,0
1990,46,1,0,0,0,1,156,5,22,0
1990,18,1,1,0,0,0,523,6,20,0
1990,18,2,3,0,0,0,833,6,40,0
1990,42,1,0,1,0,1,22,2,50,0
1990,38,2,0,1,0,1,22,4,40,0
1990,80,1,3,0,0,0,0,0,0,0
1990,66,2,3,0,0,1,313,5,15,0
1990,26,2,1,0,0,1,22,5,60,0
1990,68,1,0,0,0,1,0,0,0,1
1990,68,2,0,0,0,1,157,5,15,0
1990,57,1,0,0,0,1,558,0,50,1
1990,54,2,0,0,0,1,156,5,55,0
1990,67,1,0,0,0,1,259,3,20,1
1990,60,2,0,0,0,1,0,0,0,0
1990,25,1,0,0,0,1,84,5,40,0
1990,26,2,0,0,0,1,254,4,40,1
1990,45,1,0,0,0,0,22,4,60,1
1990,39,2,0,0,4,1,359,4,40,0
1990,21,2,1,0,0,0,435,3,20,0
1990,34,2,1,0,0,0,348,4,50,0
1990,79,2,0,0,0,0,0,0,0,0
1990,39,1,0,0,0,1,259,3,60,0
1990,36,2,0,0,0,1,0,0,0,0
1990,54,1,0,0,0,1,22,1,44,1
1990,54,2,0,0,0,1,22,5,44,0
1990,31,1,0,0,0,1,255,4,50,1
1990,33,2,0,0,0,1,433,3,0,0
1990,31,1,2,0,0,1,356,6,55,0
1990,42,1,0,0,0,1,17,3,50,0
1990,42,2,0,0,0,0,458,4,30,0
1990,48,2,0,0,0,1,154,5,12,0
1990,50,1,0,0,0,1,7,3,40,1
1990,42,1,0,0,0,0,307,5,40,0
1990,38,2,0,0,0,0,0,0,0,0
1990,49,2,3,0,0,0,0,0,0,0
1990,76,1,0,0,0,1,0,0,0,0
1990,75,2,0,0,0,0,0,0,0,0
1990,63,2,0,0,0,1,257,2,35,0
1990,65,1,0,0,0,1,23,1,22,1
1990,36,1,0,0,0,1,18,4,50,1
1990,35,2,0,0,0,1,7,4,0,0
1990,26,1,0,0,0,1,475,0,36,0
1990,26,2,0,0,0,1,64,3,40,0
1990,56,2,1,0,0,1,475,0,40,0
1990,33,1,0,0,0,1,455,4,40,0
1990,30,2,0,0,0,0,628,1,40,0
1990,28,2,2,0,0,0,368,1,40,0
1990,33,1,1,0,0,0,567,1,40,0
1990,47,1,0,0,1,0,869,0,40,0
1990,45,2,0,0,1,0,0,0,0,0
1990,18,1,1,0,1,0,869,0,40,0
1990,44,1,0,0,0,1,259,1,40,1
1990,44,2,0,0,0,1,337,6,20,0
1990,43,1,2,0,0,1,22,1,40,0
1990,30,2,1,0,1,0,22,1,40,0
1990,72,2,0,0,0,1,0,0,0,0
1990,59,1,0,0,0,0,259,3,40,1
1990,62,2,0,0,0,0,337,5,40,0
1990,46,2,0,0,0,1,174,5,25,0
1990,47,1,0,0,0,1,27,4,60,0
1990,60,1,0,0,0,1,22,4,50,1
1990,61,2,0,0,0,0,0,0,0,0
1990,47,2,2,0,0,1,263,3,53,0
1990,40,2,0,0,0,1,0,0,0,0
1990,43,1,0,0,0,1,22,3,40,1
1990,46,1,0,0,0,1,178,5,50,1
1990,45,2,0,0,0,1,95,5,40,0
1990,45,1,0,0,0,1,26,5,55,1
1990,43,2,0,0,0,1,447,5,40,0
1990,54,1,0,0,0,1,243,3,45,1
1990,51,2,0,0,0,1,254,4,50,0
1990,26,1,1,0,0,1,256,2,40,0
1990,40,1,0,0,0,1,22,1,40,0
1990,41,2,0,0,0,1,96,5,31,0
1990,26,1,0,0,0,1,373,3,45,0
1990,25,2,0,0,0,1,435,3,24,0
1990,47,2,0,0,0,0,318,2,40,0
1990,50,1,0,0,0,0,243,1,60,0
1990,26,2,1,0,0,1,159,3,50,0
1990,23,2,1,0,0,1,379,5,35,0
1990,18,1,1,0,0,0,804,4,20,0
1990,28,1,1,0,0,1,259,1,50,0
1990,56,2,2,0,2,1,194,4,30,0
1990,79,1,0,0,0,1,59,5,40,1
1990,79,2,0,0,0,1,0,0,0,0
1990,25,1,1,0,0,1,453,5,37,0
1990,32,1,1,0,0,1,43,1,50,0
1990,28,1,1,0,0,1,769,1,40,0
1990,40,1,0,0,2,1,544,1,47,0
1990,46,2,0,0,2,1,0,0,0,0
1990,70,1,0,0,0,1,243,3,0,0
1990,68,2,0,0,0,0,0,0,0,0
1990,32,1,0,0,0,1,21,5,40,1
1990,33,2,0,0,0,1,99,5,15,0
1990,36,2,1,0,0,1,243,3,40,1
1990,50,1,2,0,0,1,276,3,40,1
1990,27,1,0,0,0,1,22,0,50,1
1990,27,2,0,0,0,1,313,0,40,0
1990,38,1,0,0,0,1,634,1,40,0
1990,36,2,0,0,0,1,317,4,25,0
1990,57,1,0,0,0,1,256,3,37,1
1990,53,2,0,0,0,0,313,4,32,0
1990,19,2,1,0,0,1,313,5,20,0
1990,31,1,2,0,0,1,254,4,40,0
1990,29,1,1,0,0,1,263,3,48,0
1990,32,1,0,0,0,0,734,1,48,1
1990,31,2,0,0,0,1,0,0,0,0
1990,42,1,0,0,0,1,22,3,55,1
1990,40,2,0,0,0,1,156,5,18,0
1990,33,1,3,0,0,1,267,3,40,0
1990,30,1,0,0,0,1,13,1,55,1
1990,30,2,0,0,0,1,0,0,0,0
1990,29,1,0,0,0,1,257,2,50,0
1990,27,2,0,0,0,1,185,5,32,0
1990,50,1,0,0,0,1,22,0,50,1
1990,49,2,0,0,0,1,468,5,40,0
1990,38,1,0,0,0,1,178,5,60,1
1990,37,2,0,0,0,0,438,3,25,1
1990,37,1,0,0,0,1,7,4,40,1
1990,34,2,0,0,0,1,154,5,40,0
1990,59,1,0,3,3,1,55,3,40,1
1990,50,2,0,3,3,1,376,1,40,0
1990,25,1,0,3,0,1,243,3,40,0
1990,25,2,0,3,3,1,23,5,40,0
1990,20,2,1,3,0,1,458,4,40,0
1990,61,1,0,0,0,1,7,0,45,0
1990,58,2,0,0,0,1,156,5,45,0
1990,26,1,0,0,0,1,689,4,40,0
1990,25,2,0,0,0,1,95,5,20,0
1990,75,1,0,0,0,1,86,5,0,1
1990,75,2,0,0,0,0,17,3,0,1
1990,33,1,0,0,0,1,254,4,40,0
1990,27,2,0,0,0,1,95,5,40,0
1990,29,1,1,0,0,1,226,1,30,0
1990,32,1,0,0,0,1,558,4,50,1
1990,31,2,0,0,0,1,796,4,40,1
1990,44,1,0,3,3,1,73,5,40,1
1990,43,2,0,3,3,1,0,0,0,0
1990,43,1,0,0,0,1,13,1,60,1
1990,42,2,0,0,0,1,463,2,40,0
1990,36,1,0,0,0,1,95,5,45,0
1990,36,2,0,0,0,1,0,0,0,0
1990,39,2,2,0,0,1,13,2,50,0
1990,49,1,0,0,0,0,804,0,45,0
1990,34,2,0,0,0,1,98,5,40,0
1990,29,1,0,3,0,1,7,1,51,1
1990,27,2,0,3,3,1,24,4,45,0
1990,39,1,0,0,0,1,243,3,50,1
1990,38,2,0,0,0,1,315,5,30,0
1990,39,1,0,0,0,1,235,2,42,0
1990,40,2,0,0,0,1,266,3,40,0
1990,51,1,0,0,0,1,226,2,50,0
1990,50,2,0,0,0,1,0,0,0,0
1990,21,1,1,0,0,1,378,4,40,0
1990,23,1,0,0,0,0,359,6,40,0
1990,29,2,0,0,0,0,385,4,40,0
1990,44,1,0,0,0,1,243,3,50,1
1990,28,2,0,0,0,0,365,1,40,0
1990,63,1,0,0,0,0,0,0,0,0
1990,72,2,0,0,0,1,155,5,40,0
1990,27,1,1,0,0,1,157,5,40,0
1990,47,1,0,0,0,0,567,0,40,0
1990,36,2,0,0,0,1,22,1,48,0
1990,37,1,2,0,0,1,198,2,45,0
1990,71,2,2,0,0,1,379,4,40,0
1990,58,2,0,0,0,0,706,1,40,0
1990,64,1,0,0,0,0,0,0,0,0
1990,22,1,1,0,0,0,869,0,40,0
1990,50,2,3,0,0,0,313,5,40,0
1990,24,1,1,0,0,1,227,6,40,0
1990,21,1,1,0,0,0,365,1,40,0
1990,56,1,0,0,0,0,226,2,55,1
1990,56,2,0,0,0,0,323,2,22,0
1990,49,1,0,0,2,1,22,1,50,1
1990,47,2,0,0,2,1,95,5,0,0
1990,46,1,0,0,0,1,253,4,50,1
1990,39,2,0,0,0,0,253,4,37,0
1990,43,1,0,0,0,1,558,0,40,1
1990,41,2,0,0,0,1,95,5,0,0
1990,42,1,0,0,2,0,558,0,50,1
1990,40,2,0,0,2,0,0,0,0,0
1990,72,1,0,0,0,0,0,0,0,0
1990,58,2,0,0,0,0,0,0,0,0
1990,58,1,0,0,2,0,453,4,40,0
1990,50,2,0,0,2,1,435,3,30,0
1990,52,1,0,0,0,1,687,3,50,0
1990,50,2,0,0,0,1,434,5,58,0
1990,24,1,1,0,0,0,453,5,25,0
1990,55,1,0,0,0,0,634,1,40,0
1990,51,2,0,0,0,0,0,0,0,0
1990,26,2,1,0,0,0,785,1,40,0
1990,30,1,1,0,0,0,505,3,50,0
1990,39,1,2,0,0,0,634,1,40,0
1990,27,1,1,0,0,1,176,5,65,0
1990,62,1,0,0,0,0,17,3,50,0
1990,53,2,0,0,0,0,274,3,20,0
1990,29,1,1,0,0,0,23,5,40,0
1990,62,1,0,0,1,0,889,1,40,0
1990,65,2,0,0,0,0,0,0,0,0
1990,19,1,1,0,0,0,804,3,45,0
1990,28,1,0,0,0,1,318,2,48,0
1990,26,2,0,0,0,0,439,3,20,0
1990,78,2,3,0,0,0,0,0,0,0
1990,56,2,1,0,0,0,308,3,37,0
1990,22,1,1,0,0,0,885,4,40,0
1990,18,2,1,0,0,0,276,3,35,0
1990,27,1,0,0,0,1,53,0,40,0
1990,26,2,0,0,0,1,185,1,37,0
1990,44,1,2,0,0,1,143,5,40,1
1990,22,1,1,0,0,1,505,3,48,0
1990,69,1,0,2,0,0,0,0,0,0
1990,60,2,0,2,0,0,779,1,40,0
1990,26,1,2,2,0,0,754,2,50,0
1990,28,2,2,2,0,1,796,1,0,0
1990,47,1,0,0,0,0,457,4,60,0
1990,48,2,0,0,0,0,185,3,12,0
1990,25,2,1,0,0,1,243,3,40,0
1990,23,1,1,0,0,1,268,3,22,0
1990,41,1,0,0,0,0,856,1,40,0
1990,38,2,0,2,0,0,364,1,40,0
1990,32,1,0,0,0,1,174,6,37,0
1990,37,2,0,0,0,0,174,5,40,0
1990,20,1,1,0,0,0,365,1,40,0
1990,18,2,1,0,0,0,468,5,40,0
1990,59,1,0,0,0,0,628,1,40,0
1990,61,2,0,0,0,0,783,1,0,0
1990,36,1,0,0,0,0,355,2,40,0
1990,25,2,0,0,0,0,355,2,40,0
1990,35,1,0,0,0,1,259,3,0,0
1990,32,2,0,0,0,0,0,0,0,0
1990,46,1,0,0,0,1,259,1,60,1
1990,47,2,0,0,2,1,156,5,40,0
1990,21,2,1,0,0,1,379,3,40,0
1990,19,1,1,0,0,1,637,3,40,0
1990,50,1,0,0,0,1,485,0,40,1
1990,49,2,0,0,0,1,0,0,0,0
1990,26,2,1,0,0,1,435,1,0,0
1990,28,1,0,0,0,0,547,3,40,0
1990,27,2,0,0,0,0,259,3,40,0
1990,35,1,0,0,0,0,806,3,50,0
1990,35,2,0,0,0,1,22,1,40,0
1990,39,1,0,0,0,1,263,3,40,0
1990,42,2,0,3,3,1,185,3,36,0
1990,79,1,0,0,0,0,0,0,0,0
1990,79,2,0,0,0,0,0,0,0,0
1990,24,1,1,0,2,0,229,3,40,0
1990,51,2,2,0,0,0,368,1,40,0
1990,23,2,1,0,0,1,313,2,55,0
1990,20,1,1,0,0,0,547,2,40,0
1990,21,1,1,0,0,0,359,2,40,0
1990,27,1,0,0,0,0,869,0,40,0
1990,29,2,0,0,0,0,323,1,40,0
1990,31,1,0,0,0,0,18,4,60,0
1990,29,2,0,0,0,1,889,3,0,0
1990,48,1,0,0,0,1,156,5,50,0
1990,48,2,0,0,0,1,156,5,50,0
1990,41,1,3,0,0,1,503,0,45,0
1990,19,1,1,0,0,0,555,0,55,0
1990,23,1,1,0,0,1,22,3,43,0
1990,32,1,0,0,0,0,263,3,70,1
1990,26,2,0,0,0,1,33,1,0,0
1990,49,2,2,0,0,0,243,3,48,0
1990,30,1,0,0,0,1,178,5,35,1
1990,59,2,0,0,0,1,379,5,0,0
1990,47,1,0,0,0,1,154,5,50,1
1990,46,2,0,0,0,1,154,5,40,0
1990,50,1,0,0,0,1,243,3,40,1
1990,55,2,0,0,2,1,274,3,0,0
1990,29,1,0,0,0,0,869,0,0,0
1990,30,2,0,0,0,0,0,0,0,0
1990,27,1,0,0,0,1,883,3,30,0
1990,26,2,0,0,2,1,313,6,0,0
1990,27,1,0,0,0,1,253,4,50,0
1990,37,2,0,0,0,1,156,5,42,0
1990,40,2,3,2,0,1,785,1,40,0
1990,34,1,0,0,1,0,243,3,40,0
1990,33,2,0,0,1,1,453,4,24,0
1990,74,2,3,0,0,0,0,0,0,0
1990,38,1,1,0,0,0,804,2,25,0
1990,63,1,0,0,4,0,176,5,40,0
1990,66,2,0,0,0,0,313,5,28,0
1990,38,2,1,1,0,0,376,1,0,0
1990,36,1,0,1,0,0,856,2,50,0
1990,32,2,0,1,0,0,877,1,35,0
1990,21,1,1,1,0,1,458,4,40,0
1990,43,1,0,0,0,0,365,1,50,0
1990,41,2,0,0,0,1,0,0,0,0
1990,18,1,1,0,0,0,877,3,99,0
1990,38,1,0,0,0,1,266,3,48,0
1990,36,2,0,0,0,1,313,5,40,0
1990,36,2,0,0,0,1,188,1,37,0
1990,38,1,0,0,0,1,785,1,65,1
1990,23,1,3,0,1,0,453,1,40,0
1990,20,2,1,0,1,0,785,1,40,0
1990,32,1,0,2,0,0,734,1,50,0
1990,31,2,0,2,1,0,0,0,0,0
1990,18,1,1,2,1,0,0,0,0,0
1990,27,1,1,2,1,0,806,3,40,0
1990,22,1,1,2,1,0,804,3,0,0
1990,21,2,1,2,0,1,719,1,0,0
1990,34,1,0,0,0,1,804,3,40,0
1990,31,2,0,0,0,1,375,4,30,0
1990,19,2,1,1,0,1,336,5,40,0
1990,45,1,1,0,0,0,516,0,48,0
1990,46,2,2,0,0,0,313,4,40,0
1990,56,1,0,0,0,1,43,4,50,0
1990,53,2,0,0,0,1,0,0,0,0
1990,22,1,1,0,0,1,889,2,15,0
1990,20,1,1,0,0,1,877,3,60,0
1990,45,1,0,0,0,1,363,1,48,0
1990,45,2,0,0,0,1,14,5,36,0
1990,21,1,1,0,0,0,888,3,40,0
1990,33,1,0,0,0,0,804,2,50,0
1990,26,2,0,0,0,0,438,3,10,0
1990,42,2,3,0,0,0,243,3,50,0
1990,21,2,1,0,0,0,243,3,40,0
1990,22,1,1,0,0,0,365,3,0,0
1990,28,1,2,2,0,0,378,4,60,0
1990,53,1,0,0,0,0,453,5,45,0
1990,50,2,0,0,0,0,0,0,0,0
1990,76,2,3,0,0,0,0,0,0,0
1990,31,1,0,2,0,0,864,0,40,0
1990,33,2,0,0,0,1,95,5,0,0
1990,43,2,3,0,0,1,13,3,32,0
1990,41,1,0,0,0,0,889,1,40,0
1990,38,2,0,0,0,0,22,5,40,0
1990,21,1,1,0,0,1,637,1,40,0
1990,67,2,3,0,2,0,0,0,0,0
1990,26,1,1,0,0,0,65,3,40,0
1990,46,1,0,0,0,0,575,0,40,0
1990,44,2,0,0,0,0,0,0,0,0
1990,25,1,1,0,0,0,567,0,35,0
1990,33,1,0,0,0,1,414,6,48,0
1990,32,2,0,0,0,1,375,4,40,0
1990,21,1,0,0,0,0,424,6,40,0
1990,22,2,0,0,0,0,458,4,22,0
1990,27,1,0,0,0,0,567,0,50,0
1990,24,2,0,0,0,1,7,4,28,0
1990,43,1,0,0,0,1,22,1,50,1
1990,43,2,0,0,0,1,383,4,50,0
1990,79,2,3,0,0,0,337,5,0,0
1990,38,1,0,0,0,0,523,4,50,0
1990,37,2,0,0,0,0,376,4,0,0
1990,20,2,1,0,0,0,435,3,20,0
1990,76,2,3,0,0,0,0,0,0,0
1990,54,1,0,0,0,0,453,5,40,0
1990,51,2,0,0,2,0,379,5,37,0
1990,68,1,0,0,0,0,473,0,45,0
1990,69,2,0,0,0,0,0,0,0,0
1990,42,1,1,0,0,0,487,0,40,0
1990,60,2,3,0,0,0,0,0,0,0
1990,29,2,3,0,0,1,95,5,32,0
1990,73,1,0,0,0,0,0,0,0,0
1990,70,2,0,0,0,1,355,2,0,0
1990,43,2,1,0,0,0,175,5,22,0
1990,74,2,3,0,0,1,0,0,0,0
1990,44,2,2,0,0,1,156,5,40,0
1990,52,1,0,0,0,1,154,5,40,1
1990,49,2,0,0,0,0,164,5,37,0
1990,23,1,1,0,0,1,453,0,10,0
1990,21,1,1,0,0,1,479,0,40,0
1990,36,1,0,0,0,1,167,5,40,0
1990,35,2,0,0,0,1,134,5,40,0
1990,21,2,1,0,0,0,21,5,35,0
1990,22,2,1,0,0,1,164,5,15,0
1990,23,2,1,0,0,1,21,5,35,0
1990,24,2,1,0,0,1,276,3,60,0
1990,21,1,1,3,3,0,0,0,0,0
1990,18,2,1,0,0,0,435,3,18,0
1990,18,1,1,0,0,0,427,5,0,0
1990,33,2,1,1,0,1,163,5,35,0
1990,62,2,3,0,2,0,859,3,25,0
1990,75,1,0,0,0,0,0,0,0,0
1990,74,2,0,0,0,0,0,0,0,0
1990,73,2,3,0,0,0,0,0,0,0
1990,36,1,0,0,0,1,508,2,70,0
1990,37,2,0,0,0,1,348,2,42,0
1990,73,2,2,0,0,1,0,0,0,0
1990,41,1,0,0,0,1,509,3,80,0
1990,41,2,0,0,0,0,276,3,0,0
1990,31,1,1,0,0,0,804,3,40,1
1990,32,1,1,0,0,1,567,0,45,0
1990,46,1,0,0,0,1,634,1,40,0
1990,40,2,0,0,0,0,449,4,25,0
1990,52,2,0,0,0,1,154,5,50,0
1990,51,1,0,0,0,1,87,5,53,1
1990,48,1,0,0,0,0,804,2,50,0
1990,48,2,0,0,0,0,389,5,24,0
1990,20,1,1,0,0,0,785,1,40,0
1990,71,1,1,0,0,0,0,0,0,0
1990,52,1,0,0,0,0,585,0,40,0
1990,47,2,0,0,0,1,264,3,40,0
1990,20,1,1,0,0,1,555,0,0,0
1990,80,2,3,0,0,0,889,2,0,0
1990,62,2,2,0,0,1,37,5,53,0
1990,34,1,0,0,0,1,36,6,40,0
1990,30,2,0,1,0,1,95,5,40,0
1990,40,2,1,0,0,0,466,5,40,0
1990,22,1,0,0,0,0,426,4,40,0
1990,21,2,0,0,0,0,383,4,40,0
1990,31,2,1,1,0,1,354,2,40,0
1990,33,1,0,0,0,1,22,3,40,1
1990,35,2,0,0,0,1,418,6,0,0
1990,38,1,0,0,0,1,518,1,40,0
1990,34,2,0,0,0,0,276,3,20,0
1990,32,1,0,0,0,1,56,3,40,0
1990,32,2,0,0,0,1,877,3,18,0
1990,31,1,0,0,0,1,215,1,55,1
1990,25,2,0,0,0,1,337,1,40,0
1990,73,1,0,0,0,0,0,0,0,0
1990,75,2,0,0,0,0,0,0,0,0
1990,44,1,0,0,0,1,418,6,60,1
1990,37,2,0,0,4,0,0,0,0,0
1990,34,1,0,0,0,1,804,2,50,0
1990,32,2,0,0,0,0,313,4,25,0
1990,58,1,0,0,0,0,567,5,0,0
1990,60,2,0,0,0,0,0,0,0,0
1990,25,1,1,0,0,0,567,0,40,0
1990,42,2,0,0,0,0,313,4,40,0
1990,49,1,0,0,0,0,363,1,40,0
1990,20,2,1,0,0,0,319,5,25,0
1990,54,1,0,0,0,0,804,3,45,0
1990,52,2,0,0,0,0,313,5,40,0
1990,28,1,1,0,0,1,22,2,40,0
1990,23,1,1,0,0,1,269,3,40,0
1990,42,1,0,0,0,1,364,1,45,0
1990,40,2,0,0,0,0,375,4,20,0
1990,40,1,0,0,0,1,243,3,60,0
1990,36,2,0,0,0,1,468,4,60,0
1990,37,1,0,0,0,1,804,2,50,0
1990,32,2,0,0,0,0,383,4,40,0
1990,28,2,1,1,4,0,315,4,40,0
1990,32,1,0,0,0,0,869,0,40,1
1990,30,2,0,0,0,1,449,4,6,0
1990,29,1,0,1,1,1,213,4,40,0
1990,30,2,0,1,1,0,447,5,40,0
1990,36,1,0,0,0,1,849,1,50,0
1990,28,2,0,0,0,0,0,0,0,0
1990,45,2,2,0,0,0,319,3,40,0
1990,20,2,1,0,0,0,439,3,30,0
1990,51,1,0,0,0,1,777,1,40,0
1990,51,2,0,0,0,0,0,0,0,0
1990,79,2,3,0,0,0,0,0,0,0
1990,30,1,0,0,0,1,883,2,40,0
1990,27,2,0,0,0,1,266,3,50,0
1990,40,1,0,0,0,1,255,4,45,1
1990,34,2,0,0,0,1,0,0,0,0
1990,39,2,1,0,0,1,22,2,40,0
1990,30,1,0,0,0,0,789,4,40,0
1990,29,2,0,0,0,0,313,4,0,0
1990,24,1,1,0,0,1,418,6,40,0
1990,43,1,0,0,0,0,529,2,50,0
1990,43,2,0,0,0,0,276,3,40,0
1990,18,1,1,0,0,1,365,3,30,0
1990,48,1,0,0,2,1,13,1,72,1
1990,23,1,1,0,0,1,459,5,15,0
1990,24,1,1,0,0,1,253,4,70,0
1990,47,2,0,0,2,1,0,0,0,0
1990,29,1,0,0,0,0,505,3,40,0
1990,23,2,0,0,0,0,274,3,16,0
1990,40,1,0,2,0,1,203,6,37,0
1990,37,2,0,0,0,1,174,5,40,0
1990,32,1,0,0,0,1,243,2,50,0
1990,31,2,0,0,0,1,463,2,24,0
1990,37,1,0,0,0,1,22,2,50,1
1990,34,2,0,0,0,0,0,0,0,0
1990,65,1,3,0,0,1,33,1,10,0
1990,28,1,0,0,0,1,543,3,40,0
1990,32,2,0,0,0,1,254,4,25,0
1990,40,2,2,0,0,0,254,4,45,0
1990,20,2,1,0,0,1,274,3,20,0
1990,18,1,1,0,0,0,595,0,30,0
1990,67,1,0,0,0,0,0,0,0,0
1990,68,2,0,0,0,0,0,0,0,0
1990,37,1,1,0,0,1,558,0,42,0
1990,25,1,1,0,0,0,514,4,45,0
1990,29,1,0,0,0,0,637,1,40,0
1990,29,2,0,0,0,0,453,2,40,0
1990,43,1,0,0,0,1,418,6,50,1
1990,40,2,0,0,0,1,356,4,40,0
1990,39,2,1,1,0,0,315,6,40,0
1990,30,1,0,2,0,0,516,2,40,0
1990,32,2,0,2,1,0,785,1,0,0
1990,36,1,1,0,0,0,695,2,40,0
1990,20,2,1,0,0,0,737,1,40,0
1990,61,1,0,0,0,1,23,5,50,1
1990,58,2,0,0,0,0,453,5,12,0
1990,33,2,1,1,0,1,883,1,40,0
1990,64,2,0,0,0,1,337,5,0,0
1990,62,1,0,0,0,1,628,3,37,1
1990,64,1,3,0,0,0,0,0,0,0
1990,31,1,1,0,0,1,14,5,40,0
1990,47,1,2,0,0,0,0,0,0,0
1990,53,1,0,1,0,0,585,1,40,1
1990,49,2,0,1,0,1,689,2,40,0
1990,41,2,1,1,0,0,0,0,0,0
1990,27,2,1,1,0,1,389,5,40,0
1990,35,1,0,0,0,1,173,6,45,0
1990,34,2,0,0,0,1,17,3,45,0
1990,19,1,1,2,0,0,426,4,15,0
1990,32,2,1,0,0,1,389,4,40,0
1990,57,2,2,0,0,0,253,4,40,0
1990,68,1,0,0,0,0,0,0,0,0
1990,68,2,0,0,0,0,0,0,0,0
1990,49,2,0,0,0,1,0,0,0,0
1990,42,1,0,0,0,0,637,1,0,0
1990,76,2,3,0,2,0,0,0,0,0
1990,43,1,0,0,0,1,16,2,40,0
1990,40,2,0,0,0,1,313,5,35,0
1990,40,2,2,0,0,0,889,1,40,0
1990,46,1,3,0,0,1,56,1,40,0
1990,53,2,3,0,0,0,337,5,40,0
1990,43,2,2,0,0,1,95,5,45,0
1990,34,1,0,0,0,1,423,6,60,0
1990,26,2,0,0,0,1,318,2,40,0
1990,41,1,0,0,0,0,475,0,40,0
1990,39,2,0,0,0,1,156,5,20,0
1990,18,2,1,0,0,0,383,4,15,0
1990,38,2,0,0,0,1,253,4,45,0
1990,35,1,0,0,0,1,507,3,45,0
1990,38,1,0,0,0,1,783,1,40,0
1990,35,2,0,0,0,0,0,0,0,0
1990,41,1,0,0,0,1,575,0,40,0
1990,38,2,0,0,0,1,747,4,46,0
1990,68,1,0,0,0,1,96,3,22,0
1990,66,2,0,0,0,1,159,5,60,1
1990,52,1,0,0,2,1,637,1,48,0
1990,50,2,0,0,2,0,356,2,0,0
1990,56,1,0,0,0,0,365,1,40,1
1990,39,2,0,0,0,1,0,0,0,0
1990,34,1,0,0,0,1,229,4,42,0
1990,33,2,0,0,0,1,274,3,0,0
1990,48,1,0,0,0,0,696,5,40,0
1990,49,2,0,0,0,0,9,5,40,0
1990,39,1,0,0,0,1,597,0,40,0
1990,41,2,0,0,0,1,354,2,40,0
1990,23,2,1,0,0,0,549,4,40,0
1990,35,2,2,0,0,0,17,3,40,0
1990,39,1,2,0,0,1,779,1,40,0
1990,41,2,2,0,0,0,386,2,37,0
1990,37,1,0,0,0,1,22,2,40,1
1990,34,2,0,0,0,1,99,5,12,0
1990,34,1,0,0,0,0,529,2,50,1
1990,32,2,0,0,0,0,313,1,40,0
1990,47,1,0,2,0,0,479,0,50,0
1990,38,2,0,2,1,1,0,0,0,0
1990,20,1,1,2,0,0,783,4,40,0
1990,47,1,0,0,0,0,783,1,50,0
1990,41,2,0,0,0,1,313,0,40,0
1990,22,1,1,0,0,0,567,0,50,0
1990,39,1,0,0,0,0,516,3,58,1
1990,41,2,0,0,0,0,276,3,20,0
1990,40,1,0,0,0,1,22,1,40,1
1990,40,2,0,0,0,1,48,1,40,0
1990,59,1,2,0,0,1,696,1,40,1
1990,58,1,0,0,0,0,558,0,40,0
1990,54,2,0,0,0,0,0,0,0,0
1990,42,2,2,0,0,1,0,0,0,0
1990,19,2,1,0,0,1,337,1,40,0
1990,50,1,3,0,0,1,178,5,50,1
1990,54,1,0,0,2,1,57,1,40,1
1990,56,2,0,0,0,1,156,5,40,0
1990,53,1,0,0,0,0,555,2,40,0
1990,48,2,0,0,0,0,0,0,0,0
1990,44,2,0,0,2,1,888,2,40,0
1990,57,1,0,0,2,1,73,4,40,0
1990,42,1,0,0,0,1,156,5,35,0
1990,30,2,0,0,0,1,0,0,0,0
1990,63,1,0,0,0,0,0,0,0,0
1990,65,2,0,0,0,0,447,5,30,0
1990,30,1,0,0,0,0,804,2,52,0
1990,23,2,0,0,0,0,435,3,24,0
1990,53,2,2,0,0,0,254,3,40,0
1990,22,2,1,0,0,0,844,3,40,0
1990,21,1,1,0,0,0,544,1,32,0
1990,21,2,1,0,0,0,453,4,0,0
1990,46,1,0,0,0,1,95,5,40,1
1990,41,2,0,0,0,1,174,5,20,0
1990,56,1,0,0,0,0,159,0,40,0
1990,62,2,0,0,0,0,744,1,0,0
1990,46,1,0,0,0,0,368,1,50,0
1990,31,2,0,0,0,0,337,3,40,0
1990,40,1,0,0,0,1,386,2,50,1
1990,39,2,0,0,0,1,318,2,20,0
1990,22,2,1,0,0,1,435,3,40,0
1990,19,2,1,0,0,1,435,3,25,0
1990,47,1,0,0,0,1,869,1,72,1
1990,46,2,0,0,0,0,466,5,0,0
1990,26,2,2,0,0,0,575,2,40,0
1990,33,1,0,0,0,0,558,0,44,0
1990,33,2,0,0,0,1,207,5,32,0
1990,28,1,0,0,0,0,22,3,48,0
1990,27,2,0,0,0,0,185,3,24,0
1990,26,1,0,0,0,0,449,5,40,0
1990,23,2,0,0,0,1,889,1,40,0
1990,69,1,0,0,0,0,0,0,0,0
1990,73,2,0,0,0,0,0,0,0,0
1990,27,1,0,0,0,1,479,0,50,0
1990,26,2,0,2,0,0,888,1,12,0
1990,55,1,0,0,0,0,804,2,40,0
1990,52,2,0,0,0,0,0,0,0,0
1990,21,1,1,0,0,1,243,3,55,0
1990,73,2,3,0,0,0,22,3,24,0
1990,24,2,1,0,0,1,785,1,40,0
1990,66,1,1,0,0,0,628,1,0,0
1990,39,1,0,0,0,1,505,4,43,0
1990,33,2,0,0,0,0,337,6,37,0
1990,18,2,1,0,0,0,274,3,30,0
1990,57,1,0,1,0,1,22,5,40,0
1990,57,2,0,1,0,1,163,5,40,0
1990,22,2,1,1,0,1,354,2,25,0
1990,71,2,2,1,0,1,0,0,0,0
1990,18,1,1,1,0,0,447,5,16,0
1990,60,1,0,0,0,0,0,0,0,0
1990,43,2,0,0,0,0,444,5,0,0
1990,20,1,1,0,0,0,505,6,50,0
1990,23,1,1,0,0,1,379,6,40,0
1990,30,1,0,0,0,1,13,1,65,0
1990,27,2,0,0,0,1,466,5,40,0
1990,37,2,1,0,0,1,105,5,20,0
1990,73,1,0,0,0,1,457,4,20,0
1990,78,2,0,0,0,0,0,0,0,0
1990,43,1,0,0,0,1,375,4,37,0
1990,44,2,0,0,0,1,156,5,60,0
1990,79,1,0,0,0,1,0,0,0,1
1990,74,2,0,0,0,1,0,0,0,0
1990,47,1,0,0,0,1,64,1,45,1
1990,41,2,0,0,0,1,436,3,55,0
1990,26,2,1,0,0,1,256,4,50,0
1990,29,2,1,0,0,1,29,3,40,0
1990,56,1,0,1,0,1,243,1,56,0
1990,56,2,0,1,0,0,683,1,20,0
1990,47,1,2,0,0,1,174,5,60,0
1990,72,2,3,0,0,0,0,0,0,0
1990,40,2,2,0,0,1,234,5,37,0
1990,40,1,2,0,2,0,22,5,50,0
1990,35,2,2,0,0,1,313,5,40,0
1990,38,1,0,0,0,1,43,0,46,0
1990,30,2,0,0,0,1,313,0,16,0
1990,24,1,1,0,0,1,779,1,45,0
1990,28,1,0,0,0,1,27,3,50,0
1990,25,2,0,0,0,1,375,4,45,0
1990,34,1,0,0,0,1,749,3,40,0
1990,33,2,0,0,0,1,303,3,40,0
1990,54,1,2,0,0,0,263,3,65,0
1990,56,2,3,1,0,0,0,0,0,0
1990,70,2,3,0,0,1,0,0,0,0
1990,67,1,0,0,0,1,23,2,0,0
1990,59,2,0,0,0,1,274,3,0,0
1990,26,1,0,0,0,1,359,3,40,0
1990,24,2,0,0,0,1,95,5,40,0
1990,41,2,2,0,0,0,0,0,0,0
1990,76,1,0,0,0,1,188,4,10,0
1990,67,2,0,0,0,1,328,4,0,0
1990,52,1,0,0,0,1,21,4,60,1
1990,49,2,0,0,0,0,29,3,40,0
1990,25,2,1,0,0,1,364,4,45,0
1990,28,2,1,0,0,1,229,4,50,0
1990,37,2,2,0,0,1,167,5,40,0
1990,73,1,0,0,0,1,84,5,40,1
1990,68,2,0,0,0,1,156,5,0,0
1990,75,1,0,0,0,0,0,0,0,0
1990,72,2,0,0,0,0,0,0,0,0
1990,32,1,1,0,0,0,783,1,50,0
1990,26,1,2,0,0,1,25,6,90,0
1990,40,1,0,0,0,1,13,4,50,1
1990,34,2,0,0,0,1,95,5,40,0
1990,50,1,2,0,0,1,154,5,50,0
1990,50,1,0,0,0,1,25,5,60,1
1990,50,2,0,0,0,0,0,0,0,0
1990,43,1,0,1,0,0,628,1,50,0
1990,38,2,0,1,0,1,434,4,40,0
1990,19,2,1,1,0,0,256,4,25,0
1990,39,2,2,0,0,0,207,5,50,0
1990,36,2,2,0,0,1,319,5,40,0
1990,31,2,3,1,0,1,449,4,25,0
1990,49,2,0,1,0,0,337,2,30,0
1990,49,1,0,1,0,0,22,5,40,0
1990,70,2,3,0,0,0,0,0,0,0
1990,34,1,0,0,0,1,558,0,40,0
1990,33,2,0,0,0,1,337,4,17,0
1990,44,1,0,0,0,1,22,3,60,1
1990,36,2,0,0,0,1,73,1,50,1
1990,73,2,3,0,0,0,0,0,0,0
1990,51,1,0,0,0,1,154,5,40,0
1990,49,2,0,0,0,1,164,5,42,0
1990,31,1,2,0,0,1,505,1,50,0
1990,30,2,1,0,0,1,313,4,37,0
1990,29,2,2,0,0,1,276,3,50,0
1990,28,1,0,0,0,1,7,4,50,0
1990,22,2,0,0,0,1,7,4,50,0
1990,33,1,0,0,0,1,13,0,60,1
1990,30,2,0,0,0,1,183,5,11,0
1990,23,1,0,0,0,0,268,3,50,0
1990,23,2,0,0,0,0,313,5,40,0
1990,27,2,1,0,0,0,283,4,45,0
1990,30,2,2,0,0,1,313,4,40,0
1990,26,1,1,0,0,0,853,2,30,0
1990,22,2,2,0,0,0,435,3,0,0
1990,55,1,0,0,0,1,903,6,60,1
1990,58,2,0,0,0,1,313,4,0,0
1990,42,1,0,0,0,1,178,5,50,1
1990,37,2,0,0,0,1,379,6,19,0
1990,40,1,0,0,0,1,305,6,44,0
1990,41,2,0,0,0,0,383,4,40,0
1990,18,2,1,0,0,0,264,3,19,0
1990,45,1,1,0,0,0,22,1,50,1
1990,31,1,1,0,0,1,363,3,48,0
1990,41,1,2,0,0,1,57,1,45,0
1990,18,1,1,3,0,0,438,3,22,0
1990,35,2,2,1,0,1,207,5,40,0
1990,26,2,1,1,0,1,217,5,40,0
1990,29,2,2,0,0,0,338,6,40,0
1990,36,2,2,0,0,0,33,1,40,0
1990,29,1,0,1,0,0,243,3,40,0
1990,27,2,0,1,0,0,243,3,35,0
1990,70,2,2,0,0,0,376,3,0,0
1990,20,1,1,1,0,0,877,3,40,0
1990,24,1,3,1,0,1,869,0,40,0
1990,45,2,2,1,0,0,785,4,40,0
1990,25,1,1,1,0,0,687,3,30,0
1990,22,2,1,1,0,0,276,4,0,0
1990,18,1,1,1,0,0,276,3,0,0
1990,42,2,2,1,0,1,308,5,40,0
1990,19,1,1,0,0,0,637,1,45,0
1990,31,2,1,0,2,1,208,5,40,0
1990,61,2,3,1,0,0,379,6,0,0
1990,72,2,3,0,2,0,0,0,0,0
1990,26,1,1,0,0,1,17,3,70,0
1990,25,1,1,0,0,1,256,1,50,0
1990,29,1,1,0,0,1,379,3,40,0
1990,32,2,1,1,0,1,314,6,40,0
1990,27,1,0,0,0,1,103,5,40,0
1990,28,2,0,0,0,1,95,5,40,0
1990,39,1,0,1,0,1,889,4,40,0
1990,30,2,0,1,0,1,337,4,40,0
1990,53,2,1,1,0,0,335,5,37,0
1990,36,1,1,0,0,1,17,4,40,0
1990,42,1,1,0,0,1,313,3,40,0
1990,51,2,0,1,0,0,159,3,0,0
1990,49,1,0,1,0,0,507,0,40,0
1990,58,1,1,1,0,0,0,0,0,0
1990,19,1,1,1,0,0,436,3,0,0
1990,61,2,3,1,0,1,374,3,0,0
1990,50,1,0,0,0,1,229,1,40,0
1990,51,2,0,0,0,1,0,0,0,0
1990,22,1,1,0,0,1,436,3,30,0
1990,47,1,0,0,0,0,27,6,40,0
1990,49,2,0,0,0,0,379,5,36,0
1990,30,2,0,0,0,1,174,5,40,0
1990,32,1,0,0,0,1,277,5,37,0
1990,61,1,3,0,0,0,0,0,0,0
1990,61,1,0,0,0,0,577,2,40,0
1990,56,2,0,0,0,0,0,0,0,0
1990,62,1,2,0,0,0,637,1,40,0
1990,47,1,0,1,0,0,637,1,40,0
1990,36,2,0,1,0,0,0,0,0,0
1990,35,2,1,1,0,1,744,1,40,0
1990,48,1,0,0,0,1,156,5,47,0
1990,47,2,0,0,0,1,257,2,40,0
1990,51,1,2,0,0,1,575,6,40,0
1990,24,1,1,0,3,1,337,4,40,0
1990,49,2,2,0,0,0,779,6,40,0
1990,24,1,0,0,0,0,804,2,60,0
1990,29,2,0,0,0,0,785,1,40,0
1990,29,2,1,1,0,0,0,0,0,0
1990,33,1,0,0,0,0,354,2,40,0
1990,31,2,0,0,0,1,84,5,20,0
1990,44,2,2,1,0,1,308,0,40,0
1990,52,2,3,1,0,0,0,0,0,0
1990,67,1,2,0,0,1,376,6,40,0
1990,33,1,0,0,0,1,17,5,50,0
1990,33,2,0,0,0,1,466,5,30,0
1990,37,1,0,0,0,0,804,2,40,0
1990,38,2,0,0,0,1,283,3,12,0
1990,25,1,0,0,0,1,234,5,40,0
1990,21,2,0,0,0,1,385,4,40,0
1990,75,1,0,0,0,1,0,0,0,0
1990,60,2,0,0,0,0,0,0,0,0
1990,55,2,2,0,0,0,418,6,40,0
1990,73,2,2,0,0,0,0,0,0,0
1990,30,2,2,0,0,1,389,5,43,0
1990,41,1,0,0,0,0,354,2,40,0
1990,43,2,0,0,0,0,0,0,0,0
1990,26,1,0,1,0,0,889,1,40,0
1990,26,2,0,1,0,0,243,3,40,0
1990,32,1,1,0,0,0,274,3,30,0
1990,40,1,1,0,0,1,17,3,40,0
1990,26,2,2,0,0,1,319,3,25,0
1990,27,2,1,0,0,1,73,5,40,0
1990,59,1,0,0,0,1,435,4,30,0
1990,66,2,0,0,0,0,435,4,20,0
1990,58,1,2,0,0,0,783,1,37,1
1990,39,2,2,0,2,0,434,3,40,0
1990,26,1,2,0,0,0,804,3,40,0
1990,67,2,3,0,0,0,877,3,0,0
1990,30,2,1,0,0,1,329,5,40,0
1990,45,2,2,0,0,1,313,4,37,0
1990,37,1,0,0,0,1,259,1,40,0
1990,39,2,0,0,0,0,276,3,30,0
1990,46,1,0,0,0,0,804,2,40,1
1990,46,2,0,0,0,0,0,0,0,0
1990,20,1,1,0,0,0,887,3,40,0
1990,21,2,1,3,3,0,435,3,32,0
1990,42,2,2,0,0,1,95,5,24,0
1990,67,1,2,0,0,0,486,0,30,0
1990,50,1,2,0,0,0,37,1,40,0
1990,73,2,3,0,0,0,0,0,0,0
1990,32,1,0,0,0,1,515,1,40,1
1990,29,2,0,0,0,0,458,4,30,0
1990,37,1,0,0,0,1,13,4,45,1
1990,36,2,0,0,0,1,313,5,6,0
1990,59,1,0,0,0,0,796,1,40,0
1990,57,2,0,0,0,0,0,0,0,0
1990,79,2,3,0,0,1,449,3,4,0
1990,62,1,0,0,0,0,703,1,40,0
1990,62,2,0,0,0,0,0,0,0,0
1990,72,2,3,0,0,0,0,0,0,0
1990,48,2,2,0,0,0,313,3,50,0
1990,62,1,0,0,2,0,869,0,40,0
1990,60,2,0,0,0,0,0,0,0,0
1990,27,2,1,0,0,0,24,4,40,0
1990,51,2,2,1,0,0,447,5,40,0
1990,35,2,1,1,0,0,0,0,0,0
1990,80,2,3,1,0,0,0,0,0,0
1990,25,2,1,1,0,1,453,4,40,0
1990,75,2,0,1,0,1,0,0,0,0
1990,38,2,1,1,0,1,313,5,0,0
1990,79,2,3,1,0,0,0,0,0,0
1990,35,2,2,0,0,0,0,0,0,0
1990,48,1,2,1,0,0,433,3,40,0
1990,40,2,1,1,0,0,0,0,0,0
1990,18,1,1,1,0,0,0,0,0,0
1990,22,2,1,1,0,1,356,5,40,0
1990,74,1,1,1,0,0,0,0,0,0
1990,75,1,3,1,0,0,0,0,0,0
1990,74,2,3,1,0,0,0,0,0,0
1990,72,1,1,1,0,0,0,0,0,0
1990,27,1,1,1,0,0,887,2,50,0
1990,60,2,2,1,0,0,0,0,0,0
1990,38,1,2,0,0,1,156,5,0,0
1990,32,2,2,0,0,1,339,5,40,0
1990,37,1,2,0,0,1,276,3,40,0
1990,42,1,1,0,0,0,756,1,40,0
1990,54,1,0,0,0,0,785,1,40,0
1990,47,2,0,0,0,0,374,3,25,0
1990,47,1,0,0,0,0,804,2,66,0
1990,43,2,0,0,0,0,0,0,0,0
1990,69,1,0,0,0,0,0,0,0,0
1990,62,2,0,0,0,0,0,0,0,0
1990,21,1,2,0,0,0,486,0,40,0
1990,31,1,0,0,0,0,883,1,60,0
1990,30,2,0,0,0,0,447,5,0,0
1990,27,1,0,0,0,1,686,3,40,0
1990,27,2,0,0,0,0,378,2,40,0
1990,77,2,3,0,0,0,379,2,40,0
1990,41,2,3,1,0,0,0,0,0,0
1990,34,2,2,0,0,1,243,3,40,0
1990,31,1,2,0,0,0,566,0,50,0
1990,68,1,0,0,0,0,0,0,0,0
1990,51,2,0,0,0,0,356,4,0,0
1990,63,2,2,1,0,1,806,4,40,0
1990,79,1,0,0,0,1,0,0,0,1
1990,79,2,0,0,0,0,0,0,0,0
1990,57,1,0,0,0,1,166,1,40,0
1990,54,2,0,0,0,0,0,0,0,0
1990,23,2,1,0,0,1,95,6,20,0
1990,25,1,0,0,0,0,883,3,45,0
1990,27,2,0,0,0,0,223,0,40,0
1990,44,2,0,0,0,0,337,1,45,0
1990,52,1,0,0,0,1,96,5,42,0
1990,31,1,0,0,0,1,518,1,42,0
1990,30,2,0,0,0,0,313,5,50,0
1990,39,2,2,0,0,1,95,5,40,0
1990,69,1,0,0,0,0,0,0,0,0
1990,68,2,0,0,0,0,0,0,0,0
1990,30,1,0,0,0,1,505,3,40,0
1990,26,2,0,0,0,0,275,3,38,0
1990,61,1,0,0,0,0,453,3,38,0
1990,55,2,0,0,0,0,0,0,0,0
1990,61,1,0,0,0,1,243,4,42,0
1990,59,2,0,0,0,0,243,4,0,0
1990,64,2,3,1,0,0,0,0,0,0
1990,24,1,1,1,0,1,903,6,45,0
1990,46,2,3,0,0,0,785,1,40,0
1990,40,1,2,0,0,1,453,0,40,0
1990,27,1,1,0,0,1,576,0,40,0
1990,43,1,1,0,0,1,178,5,45,0
1990,40,2,1,0,0,1,178,5,45,0
1990,60,1,0,0,0,0,22,0,47,0
1990,60,2,0,0,0,0,628,3,0,0
1990,41,2,2,0,0,1,207,5,34,0
1990,20,1,1,0,0,0,453,5,24,0
1990,51,1,0,0,0,1,156,5,40,0
1990,50,2,0,0,0,1,316,5,30,0
1990,25,1,3,0,0,1,235,3,50,0
1990,50,1,0,0,0,0,558,0,30,0
1990,51,2,0,0,0,0,444,5,17,0
1990,22,1,1,0,0,0,783,1,40,0
1990,61,1,0,0,0,1,176,5,40,0
1990,43,2,0,0,0,1,156,5,40,0
1990,74,2,3,0,0,0,0,0,0,0
1990,69,2,1,0,0,1,156,5,40,0
1990,73,1,0,0,0,1,259,3,0,0
1990,69,2,0,0,0,1,0,0,0,0
1990,40,1,0,0,0,0,558,0,30,0
1990,40,2,0,0,0,1,808,5,0,0
1990,19,1,1,0,0,1,877,3,40,0
1990,19,2,1,0,0,0,17,3,40,0
1990,20,2,1,0,0,1,276,3,30,0
1990,49,1,0,0,0,0,859,1,40,0
1990,47,2,0,0,0,0,313,3,40,0
1990,23,2,3,0,0,1,208,5,40,0
1990,52,1,0,0,0,0,337,4,40,0
1990,53,2,0,0,0,0,373,3,40,0
1990,28,1,1,0,0,0,355,2,40,0
1990,29,1,0,0,0,0,628,1,45,0
1990,27,2,0,0,0,0,348,3,40,0
1990,66,1,0,0,0,1,558,0,40,0
1990,61,2,0,0,0,0,0,0,0,0
1990,20,1,1,0,0,1,567,0,40,0
1990,63,1,0,0,0,0,0,0,0,0
1990,61,2,0,0,0,0,0,0,0,0
1990,44,1,0,0,0,0,426,2,40,0
1990,23,2,0,0,0,0,373,3,0,0
1990,67,1,0,0,0,0,453,5,0,0
1990,67,2,0,0,0,0,0,0,0,0
1990,43,1,1,0,0,0,593,0,40,0
1990,52,2,2,0,0,0,33,5,40,0
1990,71,1,1,0,0,0,486,4,40,0
1990,28,1,0,0,0,0,257,2,55,0
1990,36,2,0,0,0,0,313,1,40,0
1990,32,1,0,0,0,0,637,1,50,0
1990,25,2,0,0,0,0,435,3,18,0
1990,20,1,1,0,0,1,779,1,40,0
1990,71,1,0,0,0,0,0,0,0,0
1990,72,2,0,0,0,0,0,0,0,0
1990,68,2,3,0,0,0,0,0,0,0
1990,45,2,1,0,0,1,337,0,40,0
1990,37,2,1,0,0,1,167,5,45,1
1990,51,1,0,0,0,0,505,4,0,0
1990,45,2,0,0,0,0,466,5,72,0
1990,34,1,0,0,0,0,869,0,50,0
1990,34,2,0,0,0,1,15,5,40,0
1990,42,1,2,0,0,1,64,4,60,0
1990,35,2,2,0,0,1,25,4,40,0
1990,48,1,0,0,0,1,22,1,55,1
1990,47,2,0,0,0,0,375,4,37,0
1990,25,1,1,0,0,0,523,3,40,0
1990,49,1,3,0,0,0,486,0,0,0
1990,73,2,0,0,0,0,0,0,0,0
1990,39,1,0,0,0,1,243,3,60,0
1990,38,2,0,0,0,0,185,3,20,0
1990,47,1,0,0,0,0,417,6,80,0
1990,47,2,0,0,0,1,385,3,37,0
1990,72,1,0,0,0,1,176,5,8,0
1990,72,2,0,0,0,0,0,0,0,0
1990,72,2,3,0,0,0,877,3,6,0
1990,76,1,2,0,0,1,804,3,8,0
1990,56,1,0,0,0,1,197,0,40,0
1990,52,2,0,0,0,1,503,2,40,0
1990,75,2,3,0,0,0,0,0,0,0
1990,78,2,3,0,0,0,379,3,0,0
1990,38,1,0,0,0,1,417,6,70,0
1990,38,2,0,0,0,1,869,0,40,0
1990,59,1,0,0,0,1,785,1,48,1
1990,52,2,0,0,0,0,447,5,20,0
1990,21,1,1,0,0,1,57,1,24,0
1990,38,1,0,0,0,0,243,3,50,0
1990,34,2,0,0,0,0,256,2,40,0
1990,36,2,2,0,0,1,254,4,65,1
1990,32,1,0,0,0,0,378,6,40,0
1990,30,2,0,0,0,1,347,4,40,0
1990,76,1,3,0,0,0,0,0,0,0
1990,25,1,0,0,0,0,686,3,50,0
1990,28,2,0,0,0,0,433,3,50,0
1990,72,2,3,0,0,0,0,0,0,0
1990,40,1,2,0,0,1,0,0,0,0
1990,22,2,2,0,0,0,0,0,0,0
1990,79,1,3,0,0,0,0,0,0,0
1990,20,1,3,0,0,0,887,3,40,0
1990,50,1,0,0,0,1,22,1,40,0
1990,49,2,0,0,0,1,95,5,26,0
1990,21,1,1,0,0,0,337,6,40,0
1990,72,2,3,0,0,0,0,0,0,0
1990,61,2,3,0,0,0,0,0,0,0
1990,56,2,2,0,0,0,313,2,15,0
1990,24,2,1,0,0,1,447,5,50,0
1990,25,2,1,0,0,1,737,1,40,0
1990,70,2,3,0,0,0,0,0,0,0
1990,25,1,0,0,0,0,585,0,40,0
1990,32,2,0,0,0,0,785,1,37,0
1990,34,1,0,0,0,0,804,2,58,0
1990,32,2,0,0,0,0,466,5,50,0
1990,44,1,0,0,0,1,228,2,40,0
1990,43,2,0,0,0,0,183,4,40,0
1990,19,1,1,0,0,0,877,3,16,0
1990,73,2,3,0,0,0,0,0,0,0
1990,25,1,3,0,0,0,869,0,40,0
1990,67,1,0,0,0,0,628,1,0,0
1990,66,2,0,0,0,0,0,0,0,0
1990,38,1,2,0,0,0,804,3,40,0
1990,35,1,0,0,0,0,599,0,37,0
1990,32,2,0,0,0,0,466,5,0,0
1990,59,1,0,0,0,0,453,4,40,0
1990,72,2,0,0,0,0,0,0,0,0
1990,31,2,1,0,0,0,406,4,40,0
1990,44,1,0,0,0,1,23,6,40,1
1990,42,2,0,0,0,1,313,5,20,0
1990,43,1,0,0,0,0,453,0,32,0
1990,40,2,0,0,0,1,646,1,40,0
1990,18,1,1,0,0,0,804,3,32,0
1990,27,1,0,0,0,1,709,1,40,0
1990,24,2,0,0,0,0,744,1,0,0
1990,54,1,0,0,0,0,779,3,0,0
1990,54,2,0,0,0,1,0,0,0,0
1990,68,1,0,0,0,0,0,0,0,0
1990,63,2,0,0,0,0,0,0,0,0
1990,34,2,2,0,0,1,435,3,0,0
1990,74,1,0,0,0,1,459,5,30,0
1990,74,2,0,0,0,0,319,5,16,0
1990,28,1,0,0,0,1,263,3,60,0
1990,30,2,0,0,0,0,313,4,40,0
1990,30,1,0,0,0,0,473,0,49,1
1990,27,2,0,0,0,1,95,5,40,0
1990,36,1,0,0,0,0,579,0,40,0
1990,34,2,0,0,0,0,444,5,0,0
1990,36,2,2,0,0,0,0,0,0,0
1990,18,2,1,0,0,0,435,3,16,0
1990,63,1,0,0,0,0,453,1,40,0
1990,55,2,0,0,0,0,0,0,0,0
1990,22,1,1,0,0,0,889,1,0,0
1990,38,1,1,0,0,0,0,0,0,0
1990,44,1,0,0,0,0,804,2,40,0
1990,43,2,0,0,0,0,435,3,0,0
1990,72,1,0,0,0,0,0,0,0,0
1990,55,2,0,0,0,0,0,0,0,0
1990,43,2,2,0,0,1,375,4,40,0
1990,29,1,0,0,0,0,567,3,40,0
1990,29,2,0,0,0,0,436,3,0,0
1990,42,1,2,0,0,0,889,1,40,0
1990,46,2,2,0,0,0,753,1,22,0
1990,49,1,0,0,0,1,0,0,0,0
1990,53,2,0,0,0,0,0,0,0,0
1990,76,2,3,0,0,0,466,5,30,0
1990,31,1,0,0,0,1,567,0,40,0
1990,30,2,0,0,0,0,447,5,40,0
1990,33,1,0,0,0,1,22,0,40,1
1990,35,2,0,0,0,1,338,0,20,0
1990,45,1,0,0,0,0,555,0,50,0
1990,43,2,0,0,0,0,373,6,40,0
1990,19,1,1,0,0,0,175,5,20,0
1990,78,1,1,0,0,0,804,6,0,0
1990,57,1,0,0,0,0,785,1,0,0
1990,56,2,0,0,0,0,0,0,0,0
1990,35,2,3,0,0,0,0,0,0,0
1990,64,1,0,0,0,0,379,2,0,0
1990,64,2,0,0,0,0,0,0,0,0
1990,25,1,1,0,0,0,804,2,40,0
1990,44,1,0,0,0,0,558,0,45,1
1990,42,2,0,0,0,0,0,0,0,0
1990,21,1,1,0,0,0,579,0,45,0
1990,19,1,1,0,0,1,579,0,40,0
1990,65,1,0,0,0,0,453,1,40,0
1990,56,2,0,0,0,0,364,1,33,0
1990,26,1,0,0,0,0,567,0,70,0
1990,26,2,0,0,0,0,365,4,45,0
1990,46,1,0,0,0,0,577,2,40,1
1990,44,2,0,0,0,0,487,0,10,0
1990,36,2,0,0,0,1,335,3,40,0
1990,35,1,0,0,0,0,785,1,40,0
1990,54,1,2,0,0,0,438,3,15,0
1990,32,1,0,0,0,0,734,1,40,0
1990,27,2,0,0,0,0,379,6,40,0
1990,32,1,0,0,0,1,243,1,40,0
1990,25,2,0,0,0,0,243,3,44,0
1990,74,2,3,0,0,0,446,5,40,0
1990,56,1,0,0,0,0,796,1,45,0
1990,52,2,0,0,0,0,447,5,0,0
1990,27,1,0,0,0,1,259,1,40,0
1990,32,2,0,0,0,0,22,4,40,0
1990,47,1,0,0,0,1,22,1,50,1
1990,48,2,0,0,0,1,37,5,40,0
1990,21,2,1,0,0,1,435,3,50,0
1990,57,2,3,0,0,0,754,1,40,0
1990,18,1,1,0,0,0,878,1,40,0
1990,20,1,0,0,0,0,779,1,40,0
1990,21,2,0,0,0,0,274,3,36,0
1990,23,2,1,0,0,0,435,5,0,0
1990,60,2,3,0,0,0,744,1,40,0
1990,23,1,0,0,0,0,803,3,25,0
1990,18,2,0,0,0,0,276,3,20,0
1990,69,2,2,0,0,0,0,0,0,0
1990,23,1,1,0,0,0,883,3,45,0
1990,62,1,0,0,0,1,785,1,40,0
1990,57,2,0,0,0,0,0,0,0,0
1990,60,2,0,0,0,0,657,3,20,0
1990,63,1,0,0,0,0,657,1,0,0
1990,18,1,1,0,0,0,436,3,40,0
1990,23,1,0,0,0,1,883,2,17,0
1990,20,2,0,0,0,0,365,3,0,0
1990,50,1,0,0,0,1,254,4,50,0
1990,59,2,0,0,0,0,313,5,41,0
1990,21,2,1,0,0,1,435,5,54,0
1990,44,2,3,0,0,0,447,5,0,0
1990,37,1,0,0,0,1,84,5,80,1
1990,36,2,0,0,0,1,84,5,30,1
1990,25,2,1,0,0,0,406,4,60,0
1990,80,1,0,1,0,0,0,0,0,0
1990,77,2,0,1,0,0,0,0,0,0
1990,34,1,1,1,0,0,365,3,40,0
1990,35,2,3,1,0,1,0,0,0,0
1990,69,1,0,0,0,1,909,6,0,0
1990,73,2,0,0,0,1,95,5,0,0
1990,37,1,0,0,0,0,575,1,40,0
1990,34,2,0,0,0,1,22,1,55,0
1990,71,2,3,0,0,0,0,0,0,0
1990,57,1,0,0,0,0,585,1,40,0
1990,56,2,0,0,0,0,0,0,0,0
1990,28,1,2,0,0,0,783,1,40,0
1990,63,1,0,0,0,1,43,5,32,0
1990,63,2,0,0,0,1,95,6,24,0
1990,70,1,0,0,0,0,538,3,0,0
1990,65,2,0,0,0,0,628,1,0,0
1990,64,1,0,0,0,0,0,0,0,0
1990,66,2,0,0,0,0,0,0,0,0
1990,52,2,2,0,0,0,379,3,40,0
1990,58,2,2,0,0,0,313,5,47,0
1990,27,1,1,0,0,1,453,4,40,0
1990,19,2,1,0,0,1,435,3,25,0
1990,58,1,2,0,0,0,544,1,40,0
1990,67,2,3,0,0,0,0,0,0,0
1990,53,1,0,0,0,0,505,3,40,0
1990,59,2,0,3,0,1,446,5,30,0
1990,40,1,3,0,0,1,808,2,20,0
1990,67,1,0,0,0,0,0,0,0,0
1990,55,2,0,0,0,0,435,3,30,0
1990,61,1,1,0,0,0,243,3,53,0
1990,45,1,0,0,0,1,13,1,50,1
1990,42,2,0,0,0,1,375,4,20,0
1990,31,2,2,0,0,0,785,1,0,0
1990,36,1,0,0,0,0,549,1,40,0
1990,34,2,0,0,0,0,547,1,40,0
1990,24,2,3,0,0,0,337,6,35,0
1990,53,1,0,0,0,0,709,1,40,0
1990,49,2,0,0,0,0,745,1,35,0
1990,23,1,0,0,0,0,0,0,0,0
1990,19,2,0,0,0,0,0,0,0,0
1990,46,1,0,0,0,1,745,1,40,0
1990,35,2,0,0,0,0,277,3,20,0
1990,54,1,0,0,0,0,768,0,40,0
1990,54,2,0,0,0,0,436,5,45,0
1990,58,1,0,0,0,1,259,3,40,1
1990,59,2,0,0,0,0,23,6,0,0
1990,39,2,2,0,0,0,243,3,40,0
1990,36,2,2,0,0,1,447,5,40,0
1990,28,1,2,0,0,0,447,5,40,0
1990,56,2,2,0,0,0,795,1,0,0
1990,18,1,1,0,0,0,887,4,40,0
1990,60,1,0,0,0,0,889,3,6,0
1990,55,2,0,0,0,0,0,0,0,0
1990,28,1,2,0,0,0,777,1,40,0
1990,50,1,0,0,0,0,514,1,55,0
1990,45,2,0,0,0,1,319,5,0,0
1990,27,1,1,0,0,0,549,3,40,0
1990,65,2,3,0,0,0,174,5,15,0
1990,33,1,1,0,0,0,779,1,40,0
1990,72,1,0,0,0,1,869,0,45,0
1990,56,2,0,0,0,0,436,3,35,0
1990,70,2,0,0,0,1,0,0,0,0
1990,71,1,0,0,0,1,23,5,40,0
1990,48,1,2,0,0,1,22,1,70,0
1990,56,1,2,0,0,0,549,5,40,0
1990,44,2,2,0,0,0,447,5,40,0
1990,43,2,2,0,0,0,808,5,50,0
1990,31,1,0,0,0,0,567,0,45,0
1990,29,2,0,0,0,1,95,5,40,0
1990,41,1,0,0,0,1,777,1,45,0
1990,43,2,0,0,0,0,274,3,30,0
1990,27,1,0,0,0,1,453,4,40,0
1990,27,2,0,0,0,0,453,4,40,0
1990,31,1,2,0,0,1,777,1,40,0
1990,62,1,0,0,0,0,628,1,40,0
1990,58,2,0,0,0,0,486,4,0,0
1990,23,1,1,0,0,0,785,1,40,0
1990,73,1,0,0,0,0,0,0,0,0
1990,69,2,0,0,0,1,376,1,40,0
1990,51,1,0,0,0,1,28,3,5,0
1990,48,2,0,0,0,1,308,5,40,0
1990,31,1,0,0,0,0,365,1,58,0
1990,28,2,0,0,0,1,185,4,40,0
1990,34,1,0,0,0,1,22,1,45,1
1990,34,2,0,0,0,1,0,0,0,0
1990,30,2,0,0,0,1,95,5,32,0
1990,34,1,0,0,0,1,253,4,50,0
1990,36,1,0,0,0,0,804,3,40,0
1990,34,2,0,0,0,0,269,3,34,0
1990,34,1,0,0,0,1,418,6,40,0
1990,31,2,0,0,0,1,25,4,16,0
1990,47,1,0,0,0,1,549,1,50,0
1990,46,2,0,0,0,0,313,5,24,0
1990,21,1,1,0,0,1,869,0,35,0
1990,19,2,1,0,0,1,259,1,30,0
1990,23,1,1,0,0,0,785,1,40,0
1990,24,2,1,0,0,0,769,0,0,0
1990,30,1,1,0,0,0,505,1,40,0
1990,32,1,0,0,0,1,637,3,52,0
1990,31,2,0,0,0,0,754,3,40,0
1990,75,2,0,0,0,0,668,4,15,0
1990,32,1,1,0,0,0,558,0,38,0
1990,26,2,1,0,0,0,505,3,40,0
1990,61,1,3,0,0,0,22,2,40,0
1990,30,1,0,0,0,0,695,2,40,0
1990,27,2,0,0,0,1,389,5,40,0
1990,55,1,0,0,0,0,779,1,45,0
1990,51,2,0,0,0,0,337,3,50,0
1990,28,2,1,0,0,0,337,4,40,0
1990,23,1,1,0,0,0,888,1,50,0
1990,61,2,1,0,0,0,479,0,0,0
1990,45,1,0,0,0,1,176,5,50,0
1990,40,2,0,0,0,0,313,5,40,0
1990,20,2,1,0,0,1,889,1,45,0
1990,58,1,3,0,0,0,599,0,25,0
1990,33,1,0,0,0,0,549,3,45,0
1990,32,2,0,0,2,1,337,4,40,0
1990,43,1,2,0,0,0,585,0,45,0
1990,27,2,3,0,0,1,785,1,40,0
1990,60,1,3,0,0,0,259,3,10,0
1990,78,1,0,0,0,0,779,1,20,0
1990,65,2,0,0,0,0,0,0,0,0
1990,79,2,3,0,0,0,0,0,0,0
1990,33,1,0,0,0,1,453,1,55,0
1990,31,2,0,0,0,1,25,4,40,0
1990,69,2,3,0,0,0,0,0,0,0
1990,76,2,1,0,0,1,0,0,0,0
1990,18,1,1,0,0,0,889,6,45,0
1990,61,1,0,0,0,0,547,1,40,0
1990,58,2,0,0,0,0,157,5,0,0
1990,32,1,0,0,0,1,253,4,60,0
1990,32,2,0,0,0,0,313,4,0,0
1990,32,1,0,0,0,0,577,2,40,0
1990,31,2,0,0,0,0,308,4,42,0
1990,62,1,0,0,0,0,33,1,0,0
1990,61,2,0,0,0,0,549,1,0,0
1990,23,2,2,0,0,0,754,1,40,0
1990,32,1,0,0,0,0,804,2,50,0
1990,27,2,0,0,0,0,444,3,36,0
1990,47,1,0,0,0,0,616,0,40,0
1990,39,2,0,0,0,1,329,5,21,0
1990,45,1,0,0,0,1,157,5,47,0
1990,42,2,0,0,0,1,21,5,0,0
1990,64,1,0,0,0,0,486,0,0,0
1990,58,2,0,0,0,0,0,0,0,0
1990,56,1,0,0,0,0,797,1,50,0
1990,53,2,0,0,0,0,804,5,6,0
1990,24,1,1,0,0,0,635,1,58,0
1990,18,2,1,0,0,0,383,4,20,0
1990,32,2,2,0,0,0,436,3,20,0
1990,73,2,1,0,0,0,0,0,0,0
1990,62,1,0,0,0,0,869,0,0,0
1990,61,2,0,0,0,0,787,1,0,0
1990,31,2,2,0,0,0,785,1,40,0
1990,50,1,0,0,0,0,243,3,40,0
1990,50,2,0,0,0,0,808,5,18,0
1990,28,1,1,0,0,1,368,1,40,0
1990,24,1,1,0,0,1,22,3,20,0
1990,20,2,0,0,0,0,779,1,8,0
1990,25,1,0,0,0,0,904,6,99,0
1990,69,1,0,0,0,0,0,0,0,0
1990,65,2,0,0,0,0,0,0,0,0
1990,31,1,0,0,0,0,475,0,63,0
1990,29,2,0,0,0,0,0,0,0,0
1990,27,1,1,0,0,1,573,0,40,0
1990,19,1,1,0,0,0,755,1,35,0
1990,21,2,1,0,0,1,468,5,35,0
1990,37,1,0,0,0,0,796,1,40,0
1990,37,2,0,0,0,0,0,0,0,0
1990,49,1,0,0,0,0,534,1,40,0
1990,46,2,0,0,0,0,0,0,0,0
1990,43,1,0,0,0,1,696,1,49,1
1990,37,2,0,0,0,0,436,3,40,0
1990,31,1,0,0,0,1,224,1,48,0
1990,30,2,0,0,0,1,339,2,40,0
1990,65,1,0,0,0,0,796,1,40,0
1990,64,2,0,0,0,0,22,6,36,0
1990,38,1,1,0,0,0,6,6,40,0
1990,28,1,1,0,0,0,453,4,35,0
1990,30,1,0,0,0,0,883,3,40,0
1990,25,2,0,0,0,1,458,4,4,0
1990,60,1,0,0,0,0,243,3,40,0
1990,54,2,0,0,0,0,259,3,40,0
1990,34,1,0,0,0,0,268,3,20,0
1990,31,2,0,0,0,0,0,0,0,0
1990,51,1,0,0,0,0,514,4,50,0
1990,51,2,0,0,0,0,449,4,12,0
1990,18,1,1,0,0,0,0,0,0,0
1990,66,2,1,0,0,0,0,0,0,0
1990,78,1,0,0,0,0,426,5,16,0
1990,62,2,0,0,0,0,348,5,40,0
1990,47,1,0,0,0,1,628,1,60,0
1990,44,2,0,0,0,1,744,1,40,0
1990,55,2,1,0,0,0,407,4,0,0
1990,29,1,2,0,0,0,727,1,40,0
1990,49,1,2,0,0,1,579,0,45,0
1990,74,2,3,0,0,0,0,0,0,0
1990,34,1,0,0,0,0,737,1,35,0
1990,33,2,0,0,0,0,444,5,3,0
1990,26,1,0,0,0,0,727,1,40,0
1990,28,2,0,0,0,0,683,1,14,0
1990,57,1,0,0,0,0,258,1,0,0
1990,55,2,0,0,0,0,383,4,40,0
1990,50,1,0,0,0,1,19,4,40,1
1990,49,2,0,0,0,1,313,4,20,0
1990,33,1,0,0,0,0,554,0,40,0
1990,31,2,0,0,0,0,0,0,0,0
1990,30,1,1,0,0,0,877,3,40,0
1990,62,2,3,0,0,0,0,0,0,0
1990,45,1,0,0,0,0,529,2,42,0
1990,46,2,0,0,0,0,174,5,37,0
1990,62,2,3,0,0,1,254,0,60,0
1990,33,2,0,0,0,1,308,5,40,0
1990,26,1,0,0,0,1,534,0,40,0
1990,50,1,0,0,0,0,804,0,40,0
1990,49,2,0,0,0,0,0,0,0,0
1990,21,1,0,0,0,0,856,1,30,0
1990,78,2,3,0,0,0,0,0,0,0
1990,36,1,2,0,0,0,869,0,40,0
1990,33,2,2,0,0,1,156,5,37,0
1990,66,1,2,0,0,0,0,0,0,0
1990,72,2,0,0,0,0,0,0,0,0
1990,77,2,3,0,0,0,0,0,0,0
1990,41,1,0,0,0,0,5,6,40,0
1990,41,2,0,0,0,0,337,2,16,0
1990,49,2,3,0,0,0,683,1,0,0
1990,18,1,1,0,0,0,479,0,3,0
1990,54,1,0,0,0,0,453,5,40,0
1990,37,2,0,0,0,1,156,5,10,0
1990,28,1,0,0,0,0,766,1,40,0
1990,22,2,0,0,0,0,769,0,32,0
1990,32,1,0,0,0,0,785,1,40,0
1990,23,2,0,0,0,0,0,0,0,0
1990,62,2,2,0,0,0,0,0,0,0
1990,19,2,1,0,0,1,276,3,30,0
1990,33,1,0,0,0,1,174,6,37,0
1990,33,2,0,0,0,0,446,5,40,0
1990,59,2,0,0,0,0,683,1,0,0
1990,55,1,0,0,0,0,694,2,40,0
1990,20,1,1,0,0,0,436,3,30,0
1990,43,1,0,0,0,1,243,3,55,0
1990,47,2,0,0,0,1,156,5,40,0
1990,45,1,0,0,0,1,96,3,54,0
1990,43,2,0,0,0,1,266,3,6,0
1990,20,2,1,0,0,1,406,4,8,0
1990,35,2,2,0,0,0,313,5,42,0
1990,57,1,0,0,0,0,473,0,60,0
1990,57,2,0,0,0,0,453,4,10,0
1990,64,1,0,0,0,0,473,0,40,0
1990,63,2,0,0,0,0,484,0,0,0
1990,38,2,1,0,0,0,0,0,0,0
1990,31,1,0,0,0,1,555,0,65,0
1990,29,2,0,0,0,0,447,5,40,0
1990,28,1,1,0,0,0,22,3,50,0
1990,68,1,0,0,0,1,0,0,0,0
1990,67,2,0,0,0,1,0,0,0,0
1990,51,1,0,0,0,0,505,2,40,0
1990,47,2,0,0,0,1,376,4,48,0
1990,18,1,1,0,0,0,486,0,10,0
1990,26,1,1,0,0,0,844,0,40,0
1990,22,2,1,0,0,0,458,4,40,0
1990,43,1,0,0,0,0,243,3,50,0
1990,36,2,0,0,0,1,156,5,35,0
1990,49,1,0,0,0,1,254,4,50,0
1990,46,2,0,0,0,1,157,5,43,0
1990,19,1,1,0,0,1,444,3,10,0
1990,69,1,0,0,0,0,0,0,0,0
1990,67,2,0,0,0,0,0,0,0,0
1990,32,2,0,0,0,1,889,3,40,0
1990,31,1,0,0,0,1,505,3,40,0
1990,32,2,3,0,0,0,0,0,0,0
1990,28,1,1,0,0,0,0,0,0,0
1990,27,1,0,0,0,1,25,4,37,0
1990,24,2,0,0,0,1,95,5,37,0
1990,72,1,0,0,0,0,808,5,0,0
1990,69,2,0,0,0,0,0,0,0,0
1990,70,2,3,0,0,0,0,0,0,0
1990,31,2,1,0,0,1,217,2,40,0
1990,55,1,0,0,0,0,495,0,60,0
1990,49,2,0,0,0,0,0,0,0,0
1990,20,2,1,0,0,1,389,5,40,0
1990,70,1,0,0,0,0,426,5,40,0
1990,68,2,0,0,0,0,0,0,0,0
1990,74,1,0,0,0,0,0,0,0,0
1990,73,2,0,0,0,0,0,0,0,0
1990,71,2,3,0,0,0,0,0,0,0
1990,42,1,0,0,0,0,13,1,60,0
1990,41,2,0,0,0,0,0,0,0,0
1990,40,1,0,0,0,1,628,1,40,1
1990,41,2,0,0,0,1,157,5,40,0
1990,37,1,0,0,0,0,453,5,41,0
1990,37,2,0,0,0,0,203,5,36,0
1990,63,1,0,0,0,0,804,5,50,0
1990,60,2,0,0,0,0,0,0,0,0
1990,27,2,1,0,0,0,468,5,50,0
1990,35,2,1,0,0,0,0,0,0,0
1990,75,1,0,0,0,0,0,0,0,0
1990,76,2,0,0,0,0,407,4,0,0
1990,64,1,0,0,0,0,518,1,0,0
1990,50,2,0,0,0,0,0,0,0,0
1990,22,1,1,0,0,0,0,0,0,0
1990,20,1,1,0,0,0,878,1,80,0
1990,65,1,0,0,0,0,453,5,40,0
1990,59,2,0,0,0,0,453,5,3,0
1990,25,1,0,0,0,0,779,1,40,0
1990,21,2,0,0,0,0,385,6,40,0
1990,43,1,0,0,0,0,217,5,46,0
1990,28,2,0,0,0,0,348,3,30,0
1990,35,1,0,0,0,0,567,6,40,0
1990,36,2,0,0,0,0,636,1,40,0
1990,30,2,3,0,0,1,229,1,40,0
1990,50,1,0,0,0,0,448,2,70,1
1990,46,2,0,0,0,0,797,1,40,0
1990,71,1,0,0,0,0,0,0,0,0
1990,67,2,0,0,0,0,156,5,0,0
1990,65,1,0,0,0,1,178,5,50,1
1990,61,2,0,0,2,1,318,2,40,0
1990,41,1,2,1,0,1,534,1,48,0
1990,31,2,0,1,0,1,156,5,0,0
1990,30,1,0,1,0,1,783,1,40,0
1990,60,2,3,1,0,0,407,4,14,0
1990,38,1,2,1,0,1,259,1,40,0
1990,62,2,3,1,0,0,0,0,0,0
1990,27,2,1,1,0,0,426,3,40,0
1990,21,2,1,1,0,0,785,3,34,0
1990,34,1,1,1,0,0,0,0,0,0
1990,32,2,1,1,0,0,0,0,0,0
1990,32,1,1,1,0,1,909,6,0,0
1990,49,1,0,1,0,0,259,3,40,0
1990,53,2,0,1,0,1,156,5,30,0
1990,54,1,0,1,0,0,889,1,40,0
1990,46,2,0,1,0,0,0,0,0,0
1990,21,2,1,1,0,1,436,3,5,0
1990,54,2,2,0,0,0,337,6,40,0
1990,35,1,2,0,0,0,759,1,40,0
1990,57,1,1,1,0,0,849,1,0,0
1990,31,2,3,1,0,0,0,0,0,0
1990,75,1,3,1,0,0,0,0,0,0
1990,60,1,2,1,0,0,0,0,0,0
1990,37,2,1,1,0,1,5,6,0,0
1990,66,2,3,1,0,0,0,0,0,0
1990,62,1,0,0,0,0,804,3,40,0
1990,66,2,0,0,0,1,95,5,16,0
1990,64,2,3,1,0,0,0,0,0,0
1990,36,2,1,1,0,1,0,0,0,0
1990,25,2,1,1,0,0,436,3,0,0
1990,30,2,0,1,0,0,315,6,40,0
1990,44,1,0,1,0,0,354,2,40,0
1990,71,1,3,1,0,0,0,0,0,0
1990,65,1,0,1,0,0,0,0,0,0
1990,70,2,0,1,0,0,0,0,0,0
1990,34,1,0,1,0,1,453,4,40,0
1990,37,2,0,1,0,1,379,5,40,0
1990,18,2,1,1,0,0,0,0,0,0
1990,30,2,0,1,0,1,315,4,20,0
1990,33,1,0,1,0,0,458,3,40,0
1990,52,2,2,1,0,0,0,0,0,0
1990,42,2,2,1,0,0,628,1,40,0
1990,43,2,3,1,0,1,354,2,30,0
1990,38,2,2,1,0,0,243,3,35,0
1990,71,1,0,1,0,0,0,0,0,0
1990,63,2,0,1,0,0,0,0,0,0
1990,74,2,3,0,0,1,156,5,0,0
1990,38,1,0,0,0,0,0,0,0,0
1990,23,2,0,0,0,0,0,0,0,0
1990,40,1,2,3,0,0,883,3,40,0
1990,22,1,1,2,1,0,436,3,50,0
1990,80,2,3,0,0,0,0,0,0,0
1990,56,1,1,0,0,0,0,0,0,0
1990,69,1,0,0,0,0,0,0,0,0
1990,70,2,0,0,0,0,0,0,0,0
1990,70,1,0,0,0,0,0,0,0,0
1990,20,2,0,0,0,0,354,2,0,0
1990,58,2,2,0,1,0,757,4,35,0
1990,59,1,2,0,1,0,869,0,99,0
1990,40,2,2,0,0,0,909,6,0,0
1990,20,1,1,0,0,0,276,3,0,0
1990,61,2,2,1,0,0,155,5,30,0
1990,57,1,2,0,0,1,7,4,40,0
1990,37,1,0,0,0,0,804,2,50,1
1990,42,2,0,0,0,0,877,3,0,0
1990,25,1,3,0,0,0,809,4,40,0
1990,79,2,3,0,0,0,0,0,0,0
1990,73,1,0,0,0,0,0,0,0,0
1990,72,2,0,0,0,0,0,0,0,0
1990,32,2,2,1,0,0,458,4,4,0
1990,57,1,0,0,0,0,779,1,50,1
1990,59,2,0,0,0,1,95,5,40,0
1990,28,2,1,0,0,1,206,5,40,0
1990,46,1,0,0,0,1,628,1,50,0
1990,40,2,0,0,0,0,313,1,0,0
1990,47,1,0,0,0,0,597,1,40,0
1990,64,2,0,0,0,1,0,0,0,0
1990,64,2,3,0,0,0,453,5,40,0
1990,72,2,3,0,0,0,0,0,0,0
1990,36,1,1,0,0,1,0,0,0,0
1990,45,1,0,0,0,0,549,1,40,0
1990,43,2,0,0,0,0,243,3,72,0
1990,73,1,0,0,0,0,22,4,3,0
1990,66,2,0,0,0,0,0,0,0,0
1990,37,1,0,0,0,1,796,1,40,0
1990,35,2,0,0,0,0,259,3,25,0
1990,31,1,1,2,0,0,0,0,0,0
1990,78,1,3,1,0,0,0,0,0,0
1990,56,2,3,1,0,0,0,0,0,0
1990,55,1,0,0,1,0,779,1,40,0
1990,35,2,0,0,1,0,0,0,0,0
1990,59,1,0,2,0,0,696,1,40,1
1990,52,2,0,2,0,0,0,0,0,0
1990,25,1,2,2,0,0,888,1,40,0
1990,19,1,1,2,0,0,436,3,30,0
1990,75,2,3,0,0,0,0,0,0,0
1990,73,1,0,0,2,0,889,1,40,0
1990,80,2,0,0,2,0,0,0,0,0
1990,37,2,2,0,0,1,203,5,40,0
1990,36,1,0,0,0,1,699,1,48,0
1990,36,2,0,0,0,0,0,0,0,0
1990,24,2,1,0,0,0,313,5,37,0
1990,70,1,0,0,2,0,0,0,0,0
1990,68,2,0,0,2,0,0,0,0,0
1990,43,2,0,0,0,1,8,1,0,0
1990,43,1,0,0,0,1,157,5,50,1
1990,42,1,0,0,0,1,22,4,50,1
1990,34,2,0,0,0,1,0,0,0,0
1990,53,1,0,0,0,0,274,3,40,0
1990,50,2,0,0,0,0,274,3,40,0
1990,22,2,1,0,0,1,243,3,30,0
1990,73,1,0,0,0,1,0,0,0,0
1990,67,2,0,0,0,0,0,0,0,0
1990,34,1,0,0,0,1,523,6,40,0
1990,34,2,0,0,0,1,95,5,40,0
1990,58,1,0,0,0,0,859,1,18,0
1990,57,2,0,0,0,0,0,0,0,0
1990,57,1,3,0,0,1,869,0,40,0
1990,28,1,0,0,0,0,637,1,40,0
1990,41,2,0,0,0,0,435,3,18,0
1990,70,1,0,0,0,0,647,3,40,0
1990,66,2,0,0,0,0,0,0,0,0
1990,38,1,0,0,0,0,628,1,50,0
1990,36,2,0,0,0,0,315,5,0,0
1990,35,1,0,0,0,0,628,1,40,0
1990,30,2,0,0,0,0,207,5,25,0
1990,68,2,3,0,0,0,0,0,0,0
1990,43,1,0,0,0,0,22,1,50,0
1990,41,2,0,0,0,1,156,5,40,0
1990,61,1,0,0,0,1,263,3,42,0
1990,50,2,0,0,0,0,313,5,40,0
1990,36,1,0,0,0,0,628,1,42,0
1990,31,2,0,0,0,1,373,3,0,0
1990,38,1,0,0,0,1,307,1,60,1
1990,36,2,0,0,0,1,37,5,15,0
1990,52,1,0,0,0,1,22,0,40,0
1990,53,2,0,0,0,1,379,5,0,0
1990,43,2,2,0,0,0,319,5,40,0
1990,21,1,1,0,0,1,356,4,40,0
1990,37,2,1,0,0,0,458,4,40,0
1990,26,1,2,0,0,0,889,1,50,0
1990,27,2,1,0,0,1,23,3,40,0
1990,40,1,0,0,0,1,253,4,40,1
1990,42,2,0,0,0,1,157,5,40,0
1990,29,1,1,0,0,0,505,3,43,0
1990,58,1,0,0,0,1,259,3,44,1
1990,55,2,0,0,0,0,0,0,0,0
1990,57,1,0,0,0,0,525,4,20,0
1990,51,2,0,0,0,0,456,4,30,0
1990,68,1,0,0,0,0,686,1,0,0
1990,63,2,0,0,0,1,313,5,0,0
1990,34,2,2,0,0,1,736,1,40,0
1990,55,2,2,0,0,1,95,5,40,0
1990,23,2,0,0,0,0,373,3,40,0
1990,27,1,0,0,0,1,505,3,40,0
1990,72,2,3,0,0,0,0,0,0,0
1990,42,2,1,0,0,0,276,3,41,0
1990,18,1,1,0,0,0,877,3,30,0
1990,29,2,2,1,0,0,313,5,35,0
1990,47,1,1,0,0,0,769,1,0,0
1990,37,1,0,0,0,0,686,3,40,0
1990,34,2,0,0,0,0,888,3,40,0
1990,23,2,1,0,0,0,313,5,40,0
1990,28,1,1,0,0,0,453,4,65,0
1990,64,1,0,0,0,0,869,0,35,0
1990,60,2,0,0,0,0,0,0,0,0
1990,23,2,1,0,0,0,0,0,0,0
1990,60,1,0,0,0,0,796,1,40,0
1990,60,2,0,0,0,0,0,0,0,0
1990,30,1,0,0,0,1,25,4,50,1
1990,30,2,0,0,0,1,458,3,30,0
1990,33,1,0,0,0,1,823,2,48,0
1990,33,2,0,0,0,1,0,0,0,0
1990,59,1,0,0,0,0,856,1,40,0
1990,48,2,0,0,0,0,0,0,0,0
1990,26,1,0,0,0,0,804,4,60,0
1990,24,2,0,0,0,0,877,3,0,0
1990,72,1,2,0,0,0,0,0,0,0
1990,32,1,0,0,0,1,243,3,40,0
1990,30,2,0,0,0,0,0,0,0,0
1990,24,1,0,0,0,0,426,4,40,0
1990,21,2,0,0,0,0,277,3,30,0
1990,74,1,0,0,0,1,0,0,0,0
1990,70,2,0,0,0,1,0,0,0,0
1990,23,1,1,1,0,0,0,0,0,0
1990,43,1,0,0,0,1,785,1,40,0
1990,43,2,0,0,0,1,443,3,10,0
1990,20,1,1,0,2,1,229,1,40,0
1990,19,2,1,0,0,1,276,3,30,0
1990,25,1,0,0,0,1,57,1,40,0
1990,24,2,0,0,0,1,313,5,35,0
1990,21,1,1,0,0,1,883,4,25,0
1990,30,1,0,0,0,0,849,1,40,0
1990,29,2,0,0,0,0,0,0,0,0
1990,42,1,0,0,0,0,453,3,40,0
1990,36,2,0,0,0,0,0,0,0,0
1990,56,1,0,0,0,0,628,1,40,1
1990,54,2,0,0,0,0,439,3,40,0
1990,52,1,0,0,0,1,213,1,40,0
1990,50,2,0,0,0,0,0,0,0,0
1990,20,1,1,0,0,1,0,0,0,0
1990,64,1,0,0,0,1,216,1,40,0
1990,63,2,0,0,0,0,0,0,0,0
1990,40,1,0,0,0,0,628,1,55,0
1990,37,2,0,0,0,1,0,0,0,0
1990,35,1,2,0,0,0,849,2,40,0
1990,38,1,0,0,0,1,525,1,40,0
1990,36,2,0,0,0,1,447,5,24,0
1990,77,1,3,0,0,0,0,0,0,0
1990,26,1,0,0,0,1,216,5,45,0
1990,25,2,0,0,0,1,73,5,40,0
1990,28,1,0,0,0,1,804,3,40,0
1990,27,2,0,0,0,1,156,5,40,0
1990,34,1,0,0,0,1,804,2,50,0
1990,31,2,0,0,0,1,234,3,0,0
1990,45,1,0,0,0,0,779,1,48,0
1990,44,2,0,0,0,0,339,1,40,0
1990,53,1,0,0,0,0,549,3,45,0
1990,53,2,0,0,0,0,276,3,40,0
1990,25,1,1,0,0,0,436,3,40,0
1990,38,1,0,0,0,1,703,1,48,0
1990,37,2,0,0,0,1,104,4,30,0
1990,34,1,0,0,0,0,22,4,45,0
1990,29,2,0,0,0,1,22,4,20,0
1990,27,1,0,0,0,1,567,0,45,0
1990,27,2,0,0,0,1,156,5,35,0
1990,72,1,0,0,0,0,0,0,0,0
1990,69,2,0,0,0,0,0,0,0,0
1990,36,1,0,0,0,0,719,1,40,0
1990,33,2,0,0,0,0,313,5,16,0
1990,43,1,0,0,0,0,883,2,40,0
1990,32,2,0,0,0,0,453,4,3,0
1990,47,1,0,0,0,0,567,0,24,0
1990,52,2,0,0,0,0,383,4,40,0
1990,19,2,1,0,0,0,208,5,25,0
1990,44,1,0,0,2,1,22,0,40,0
1990,35,2,0,0,0,0,0,0,0,0
1990,69,1,0,0,0,0,503,4,0,0
1990,66,2,0,0,0,0,337,2,40,0
1990,38,1,1,0,0,0,27,2,40,0
1990,76,2,3,0,0,0,444,3,0,0
1990,51,1,0,0,0,1,0,0,0,0
1990,51,2,0,0,0,1,379,0,40,0
1990,32,2,1,0,0,1,22,1,55,0
1990,63,1,0,0,0,1,25,4,40,0
1990,61,2,0,0,0,0,276,4,30,0
1990,41,1,0,0,0,1,22,1,60,0
1990,42,2,0,0,0,0,435,3,40,0
1990,21,2,3,0,0,0,17,3,0,0
1990,21,1,0,0,0,0,755,1,44,0
1990,21,2,0,0,0,0,445,5,30,0
1990,40,1,0,0,0,0,208,5,0,0
1990,38,2,0,0,0,0,335,5,40,0
1990,18,2,1,0,0,0,276,3,20,0
1990,80,2,3,0,0,0,0,0,0,0
1990,28,1,0,0,0,0,804,2,45,0
1990,28,2,0,0,0,0,877,3,16,0
1990,65,2,2,0,0,0,0,0,0,0
1990,27,1,0,0,0,1,22,1,55,0
1990,28,2,0,0,0,1,156,5,40,0
1990,23,1,0,0,0,0,263,3,60,0
1990,23,2,0,0,0,1,22,4,46,0
1990,78,1,0,0,0,1,19,4,0,0
1990,78,2,0,0,0,0,0,0,0,0
1990,32,1,0,0,0,1,804,3,40,0
1990,29,2,0,0,0,0,253,4,40,0
1990,30,1,0,0,0,1,266,3,40,0
1990,29,2,0,0,0,0,0,0,0,0
1990,33,1,0,0,0,1,573,0,50,0
1990,32,2,0,0,0,1,208,3,37,0
1990,33,1,0,0,0,0,417,6,60,0
1990,32,2,0,0,0,1,379,1,40,0
1990,35,1,0,0,0,1,355,2,70,0
1990,33,2,0,0,0,1,268,3,45,0
1990,72,1,0,0,0,0,0,0,0,0
1990,73,2,0,0,0,0,0,0,0,0
1990,45,1,0,0,0,0,859,1,40,0
1990,43,2,0,0,0,0,453,5,40,0
1990,21,1,1,0,0,1,904,6,50,0
1990,18,2,1,0,0,0,443,3,25,0
1990,64,2,3,0,0,1,379,1,40,0
1990,26,2,1,0,0,1,444,3,40,0
1990,49,1,0,0,0,0,804,6,40,0
1990,48,2,0,0,0,0,243,3,40,0
1990,19,1,1,0,0,0,877,3,24,0
1990,42,2,1,0,0,1,156,5,60,0
1990,44,2,1,0,0,1,163,5,50,0
1990,67,2,3,0,0,1,0,0,0,0
1990,43,1,0,0,0,0,628,1,45,0
1990,42,2,0,0,0,0,383,4,0,0
1990,18,2,1,0,0,0,0,0,0,0
1990,22,1,0,0,0,1,566,0,72,0
1990,21,2,0,0,0,0,277,3,72,0
1990,35,1,2,0,0,1,575,1,40,1
1990,26,1,0,0,0,1,7,4,44,0
1990,28,2,0,0,0,1,256,4,40,0
1990,54,2,0,0,0,1,185,3,45,0
1990,68,1,0,0,0,0,479,0,40,0
1990,32,1,0,0,0,1,804,2,45,0
1990,33,2,0,0,0,0,383,4,30,0
1990,74,1,0,0,0,0,0,0,0,0
1990,70,2,0,0,0,0,0,0,0,0
1990,33,2,2,0,0,0,313,5,37,0
1990,41,1,2,0,0,1,683,1,52,1
1990,28,1,0,0,0,0,549,2,40,1
1990,26,2,0,0,0,1,313,5,40,0
1990,42,1,0,0,0,0,803,2,60,0
1990,40,2,0,0,0,1,0,0,0,0
1990,38,1,0,0,0,1,23,6,37,0
1990,28,2,0,0,0,1,466,5,35,0
1990,65,2,3,0,0,1,0,0,0,0
1990,42,1,0,0,0,1,355,2,40,0
1990,41,2,0,0,0,1,5,6,0,0
1990,54,1,0,0,0,1,22,1,40,1
1990,56,2,0,0,0,1,0,0,0,0
1990,30,1,0,0,0,0,804,2,50,0
1990,30,2,0,0,0,0,436,3,0,0
1990,61,1,0,0,0,1,796,6,40,1
1990,57,2,0,0,0,0,243,1,40,0
1990,34,2,0,0,0,1,313,5,40,0
1990,34,1,0,0,0,1,766,1,48,0
1990,27,1,0,0,0,0,567,0,40,0
1990,27,2,0,0,0,0,458,4,40,0
1990,27,2,0,0,0,0,276,3,25,0
1990,31,1,0,0,0,0,779,1,50,0
1990,60,1,0,0,0,0,22,0,40,1
1990,57,2,0,0,0,0,436,5,20,0
1990,32,1,0,0,0,1,65,1,49,0
1990,29,2,0,0,0,1,337,1,40,0
1990,20,1,1,0,0,0,235,1,50,0
1990,20,2,2,0,0,0,677,3,40,0
1990,21,1,1,0,0,1,523,4,30,0
1990,25,1,1,0,0,1,198,2,35,0
1990,76,2,3,0,0,1,379,4,0,0
1990,19,2,1,0,0,0,355,2,25,0
1990,20,2,1,0,0,1,427,5,25,0
1990,24,2,1,0,0,1,313,1,40,0
1990,39,1,0,0,0,0,534,1,40,0
1990,38,2,0,0,0,1,0,0,0,0
1990,38,1,0,0,1,1,253,4,40,0
1990,37,2,0,0,0,0,157,5,40,0
1990,37,1,0,0,0,0,575,1,60,1
1990,37,2,0,0,0,0,888,1,40,0
1990,67,2,3,0,0,0,0,0,0,0
1990,42,1,0,0,0,0,628,2,40,1
1990,39,2,0,3,0,0,435,3,40,0
1990,19,2,1,3,0,0,313,5,40,0
1990,18,2,1,0,0,0,435,3,20,0
1990,73,1,3,0,0,0,0,0,0,0
1990,45,1,0,0,0,1,22,2,45,1
1990,44,2,0,0,0,0,254,4,40,0
1990,70,1,0,0,2,1,154,5,25,0
1990,71,2,0,0,2,1,0,0,0,0
1990,63,1,0,0,0,0,754,3,40,0
1990,60,2,0,0,0,0,348,5,40,0
1990,26,1,3,0,0,1,154,5,40,0
1990,51,1,0,0,0,0,0,0,0,0
1990,52,2,0,0,0,0,0,0,0,0
1990,37,1,0,0,0,0,518,1,40,0
1990,38,2,0,0,0,0,796,1,40,0
1990,19,1,1,0,0,0,27,6,25,0
1990,33,1,1,0,0,0,507,4,40,0
1990,43,2,2,0,0,0,376,4,55,0
1990,34,1,3,0,0,0,804,4,40,0
1990,67,1,0,0,0,0,307,4,48,0
1990,66,2,0,0,0,0,0,0,0,0
1990,42,1,0,0,0,1,453,5,40,0
1990,37,2,0,0,0,0,453,5,40,0
1990,70,1,3,0,0,0,0,0,0,0
1990,65,1,0,0,0,0,715,1,0,0
1990,56,2,0,0,0,0,889,5,40,0
1990,39,1,1,0,0,0,769,1,30,0
1990,49,1,0,1,0,0,889,1,40,0
1990,46,2,0,1,0,1,95,1,32,0
1990,19,1,1,1,0,0,444,3,20,0
1990,64,1,3,0,0,1,275,4,0,0
1990,68,1,1,0,0,0,337,1,40,1
1990,62,2,3,0,0,0,274,3,32,0
1990,31,1,1,0,0,1,783,1,40,0
1990,48,1,0,0,0,0,637,2,40,0
1990,49,2,0,0,0,0,337,6,30,0
1990,21,1,1,0,0,1,887,2,40,0
1990,47,1,0,0,0,0,544,1,40,0
1990,46,2,0,0,0,0,0,0,0,0
1990,30,2,1,1,0,0,785,1,17,0
1990,58,2,3,0,0,0,453,5,0,0
1990,65,1,3,0,0,0,426,1,20,0
1990,24,1,0,0,0,0,359,1,43,0
1990,22,2,0,0,0,1,308,1,10,0
1990,65,2,3,0,0,0,274,3,28,0
1990,63,2,3,0,0,0,407,4,40,0
1990,30,2,1,0,0,0,436,3,45,0
1990,41,1,0,0,0,1,23,5,40,0
1990,40,2,0,0,0,0,277,3,4,0
1990,48,2,2,0,0,1,156,5,50,0
1990,80,2,3,0,0,0,435,3,0,0
1990,47,1,0,0,0,1,25,4,45,1
1990,46,2,0,0,0,1,156,5,40,0
1990,41,1,0,0,0,1,253,4,50,0
1990,42,2,0,0,0,1,14,5,40,0
1990,29,1,0,0,0,0,785,1,40,0
1990,29,2,0,0,0,1,26,5,4,0
1990,45,1,0,0,0,1,804,3,50,1
1990,44,2,0,0,0,0,804,3,60,0
1990,67,2,3,0,0,0,0,0,0,0
1990,37,1,0,0,0,0,364,0,40,0
1990,36,2,0,0,0,0,0,0,0,0
1990,22,1,1,0,0,0,479,0,55,0
1990,37,1,0,0,0,0,804,1,40,0
1990,37,2,0,0,0,0,0,0,0,0
1990,79,2,3,0,0,0,0,0,0,0
1990,35,1,0,0,0,0,808,5,35,0
1990,30,2,0,0,0,0,0,0,0,0
1990,36,1,2,0,0,0,757,1,40,0
1990,73,1,0,0,0,0,473,0,0,0
1990,72,2,0,0,0,0,0,0,0,0
1990,33,1,0,0,0,0,505,3,40,0
1990,31,2,0,0,0,0,0,0,0,0
1990,67,2,3,0,0,0,0,0,0,0
1990,56,1,0,0,0,0,28,3,45,1
1990,55,2,0,0,0,0,0,0,0,0
1990,71,1,0,0,0,1,783,1,0,0
1990,70,2,0,0,0,1,337,3,0,0
1990,30,1,1,0,0,0,889,1,50,0
1990,50,1,0,0,0,1,18,4,50,0
1990,50,2,0,0,0,0,329,5,32,0
1990,52,1,0,0,2,0,584,0,40,1
1990,32,2,0,0,0,0,355,2,46,0
1990,32,1,2,0,0,0,783,1,40,0
1990,39,1,0,0,0,0,22,1,55,1
1990,33,2,0,0,0,1,22,1,40,0
1990,78,1,0,0,0,1,0,0,0,0
1990,73,2,0,0,0,0,0,0,0,0
1990,31,1,0,0,0,0,804,2,40,0
1990,27,2,0,0,0,1,95,5,40,0
1990,25,1,0,0,0,0,783,1,40,0
1990,25,2,0,0,0,0,315,6,37,0
1990,24,1,1,2,1,0,567,0,40,0
1990,74,1,0,0,0,0,0,0,0,0
1990,62,2,0,0,0,0,785,1,0,0
1990,70,1,3,0,0,0,0,0,0,0
1990,79,2,3,0,0,0,0,0,0,0
1990,45,1,0,0,0,0,883,1,40,0
1990,34,2,0,0,0,1,156,5,40,0
1990,31,1,0,0,0,0,418,6,50,0
1990,44,2,0,0,0,0,434,5,0,0
1990,63,2,0,0,0,0,0,0,0,0
1990,62,1,0,0,0,0,263,3,40,0
1990,48,1,0,0,0,1,176,5,50,0
1990,46,2,0,0,0,1,64,1,32,0
1990,39,1,0,0,0,0,804,2,80,0
1990,36,2,0,0,0,0,889,3,40,0
1990,68,2,3,0,0,0,0,0,0,0
1990,38,2,2,0,0,1,889,1,40,0
1990,25,1,0,0,0,1,558,0,45,0
1990,24,2,0,0,0,1,445,5,40,0
1990,47,2,2,0,0,0,0,0,0,0
1990,71,1,0,0,0,0,785,1,0,0
1990,70,2,0,0,0,1,0,0,0,0
1990,76,1,3,0,0,0,0,0,0,0
1990,29,1,0,1,0,0,518,1,40,0
1990,28,2,0,1,0,0,276,3,15,0
1990,48,1,0,0,0,1,453,3,40,0
1990,34,2,0,0,0,1,27,5,40,0
1990,75,1,0,0,0,0,0,0,0,0
1990,70,2,0,0,0,0,0,0,0,0
1990,22,1,1,0,0,0,727,3,40,0
1990,64,2,2,1,0,1,155,5,0,0
1990,80,2,3,1,0,0,0,0,0,0
1990,77,1,0,0,0,0,0,0,0,0
1990,77,2,0,0,0,0,0,0,0,0
1990,52,2,2,1,0,0,453,4,0,0
1990,29,2,1,1,0,1,357,2,42,0
1990,37,1,0,0,0,1,217,4,45,0
1990,34,2,0,0,0,0,348,2,42,0
1990,30,1,0,1,0,1,789,1,50,0
1990,29,2,0,1,0,1,779,1,40,0
1990,39,1,0,0,0,1,777,1,45,0
1990,39,2,0,0,0,1,95,5,28,0
1990,41,2,2,0,0,1,25,4,45,0
1990,18,1,1,0,0,0,785,4,10,0
1990,18,1,1,0,0,0,274,3,15,0
1990,48,2,2,1,0,0,507,1,40,0
1990,26,1,1,1,0,0,804,5,40,0
1990,40,2,1,0,0,0,628,1,45,0
1990,48,1,0,0,0,1,22,5,40,1
1990,50,2,0,0,0,0,313,5,40,0
1990,69,2,3,0,0,0,0,0,0,0
1990,39,1,0,0,0,1,308,1,40,0
1990,40,2,0,0,0,0,207,5,28,0
1990,30,2,1,0,0,1,376,1,45,0
1990,56,1,0,0,0,1,78,5,40,1
1990,54,2,0,0,0,1,14,5,40,0
1990,62,1,3,0,0,0,0,0,0,0
1990,60,1,0,1,0,0,703,1,0,0
1990,59,2,0,1,0,0,0,0,0,0
1990,48,1,0,1,0,1,628,1,40,0
1990,39,2,0,1,0,1,276,3,40,0
1990,61,2,3,0,0,0,276,3,30,0
1990,50,1,0,1,0,0,0,0,0,0
1990,45,2,0,1,0,0,207,5,40,0
1990,18,2,1,1,0,0,453,4,18,0
1990,61,1,2,0,0,0,434,3,50,0
1990,29,2,2,0,0,0,444,5,40,0
1990,72,1,0,0,0,1,0,0,0,0
1990,72,2,0,0,0,1,183,5,40,0
1990,43,1,1,0,0,1,21,5,42,0
1990,42,1,1,0,0,1,164,5,45,0
1990,70,2,3,0,0,0,0,0,0,0
1990,44,1,0,0,0,0,575,1,40,0
1990,37,2,0,0,0,0,0,0,0,0
1990,43,2,0,1,0,1,197,6,40,0
1990,50,1,0,0,0,1,804,2,45,0
1990,69,1,0,0,0,0,0,0,0,0
1990,54,2,0,0,0,0,7,3,40,0
1990,36,1,1,0,0,0,519,4,40,0
1990,44,2,3,0,0,0,313,4,40,0
1990,22,1,1,0,0,1,379,5,30,0
1990,26,1,0,0,0,0,599,0,40,0
1990,25,2,0,0,0,1,378,3,40,0
1990,44,2,2,0,0,1,0,0,0,0
1990,31,1,1,0,0,1,22,1,45,0
1990,55,2,2,0,0,1,329,5,40,0
1990,79,2,3,0,0,0,0,0,0,0
1990,37,1,0,0,0,1,243,3,60,1
1990,36,2,0,0,0,1,156,5,12,0
1990,51,1,0,0,0,1,27,1,50,1
1990,50,2,0,0,0,1,387,5,40,0
1990,23,1,1,0,0,1,686,3,30,0
1990,63,1,0,0,0,0,634,1,40,0
1990,62,2,0,0,0,0,0,0,0,0
1990,76,2,3,0,0,0,0,0,0,0
1990,33,1,0,0,0,1,22,1,65,1
1990,31,2,0,0,0,0,796,1,0,0
1990,20,1,0,0,0,0,756,1,40,0
1990,19,2,0,0,0,0,348,5,20,0
1990,37,1,1,0,0,1,653,0,40,0
1990,71,2,3,0,0,0,0,0,0,0
1990,80,2,3,0,0,0,0,0,0,0
1990,19,2,1,0,0,0,769,1,40,0
1990,54,1,0,0,0,0,804,3,25,0
1990,53,2,0,0,0,0,274,3,40,0
1990,48,2,2,0,0,0,313,5,40,0
1990,39,1,0,0,0,1,473,0,60,0
1990,27,2,0,0,0,1,313,1,40,0
1990,55,2,2,0,0,0,0,0,0,0
1990,72,1,0,0,0,0,0,0,0,0
1990,72,2,0,0,0,0,909,6,0,0
1990,45,2,2,0,0,1,14,5,42,0
1990,24,1,1,0,0,1,156,5,20,0
1990,70,2,2,0,0,0,744,1,0,0
1990,57,1,0,0,0,0,22,3,40,0
1990,57,2,0,0,0,0,313,1,52,0
1990,35,1,0,0,0,0,637,1,50,0
1990,37,2,0,0,0,1,804,2,0,0
1990,38,2,2,0,0,1,243,4,45,0
1990,43,1,0,0,0,1,253,4,40,0
1990,45,2,0,0,0,1,376,2,40,0
1990,58,1,0,0,0,0,695,2,40,1
1990,55,2,0,0,0,0,0,0,0,0
1990,62,1,2,0,0,0,534,4,40,0
1990,58,2,2,0,0,0,447,5,40,0
1990,21,1,1,0,0,0,337,5,40,0
1990,20,2,1,0,0,1,313,0,20,0
1990,19,1,1,0,0,1,315,5,30,0
1990,20,1,1,0,0,1,469,4,40,0
1990,22,1,1,0,0,1,22,5,20,0
1990,41,1,0,0,0,1,154,5,20,0
1990,31,2,0,0,0,1,105,5,40,0
1990,66,1,0,0,0,1,5,6,40,0
1990,66,2,0,0,0,0,0,0,0,0
1990,49,2,2,0,0,0,359,2,55,0
1990,21,1,1,0,0,1,337,3,40,0
1990,20,1,1,0,0,0,17,3,60,0
1990,18,2,1,0,0,0,274,3,20,0
1990,20,2,1,0,0,1,154,5,40,0
1990,44,1,2,0,0,0,458,4,40,0
1990,47,1,0,0,0,1,22,1,45,1
1990,50,2,0,0,0,0,373,3,40,0
1990,38,1,2,0,0,1,259,1,50,0
1990,29,1,0,0,2,1,226,2,40,0
1990,30,2,0,0,0,1,95,5,32,0
1990,51,1,0,0,0,1,243,3,50,1
1990,50,2,0,0,0,1,254,4,20,0
1990,21,2,1,0,0,0,274,3,20,0
1990,42,1,0,0,0,1,356,1,42,0
1990,42,2,0,0,0,1,22,4,3,0
1990,20,1,1,0,2,0,365,3,40,0
1990,62,1,0,0,0,0,804,4,40,0
1990,63,2,0,0,0,1,808,5,20,0
1990,25,2,2,0,0,0,313,2,40,0
1990,33,1,1,0,0,1,22,3,40,0
1990,79,2,3,0,0,0,0,0,0,0
1990,36,2,1,0,0,0,869,0,40,0
1990,39,1,0,0,0,1,418,6,40,0
1990,38,2,0,0,0,0,18,4,45,0
1990,53,1,0,0,0,1,156,5,40,0
1990,53,2,0,0,0,1,95,5,25,0
1990,28,2,1,0,0,1,17,5,50,0
1990,35,1,0,0,0,1,23,1,50,0
1990,29,2,0,0,0,0,678,5,0,0
1990,30,1,0,0,0,1,243,3,50,0
1990,29,2,0,0,0,1,204,5,24,0
1990,54,1,0,0,0,0,268,3,44,0
1990,54,2,0,0,0,0,0,0,0,0
1990,46,1,0,0,0,1,243,3,50,1
1990,43,2,0,0,0,1,169,5,0,0
1990,33,1,0,0,0,1,637,1,70,0
1990,32,2,0,0,0,0,0,0,0,0
1990,63,2,0,0,0,0,0,0,0,0
1990,66,1,0,0,0,1,22,4,55,1
1990,43,1,0,0,0,1,184,1,40,0
1990,33,2,0,0,0,0,0,0,0,0
1990,26,1,0,0,0,1,523,3,25,0
1990,26,2,0,0,0,1,23,4,42,0
1990,35,1,0,0,0,1,48,1,55,1
1990,33,2,0,0,0,1,157,5,32,0
1990,68,1,0,0,0,0,859,1,4,0
1990,76,2,0,0,0,1,0,0,0,0
1990,42,1,0,0,0,0,243,3,50,0
1990,40,2,0,0,0,0,379,3,40,0
1990,64,1,0,0,0,0,516,0,15,0
1990,64,2,0,0,0,0,0,0,0,0
1990,42,2,1,0,0,0,433,5,35,0
1990,52,1,0,0,0,1,178,5,45,1
1990,45,2,0,0,0,1,156,5,43,0
1990,19,1,1,0,0,0,0,0,0,0
1990,51,1,2,0,0,0,653,3,40,0
1990,50,2,2,0,0,0,774,4,40,0
1990,40,1,0,0,0,1,243,3,50,0
1990,35,2,0,0,0,1,313,1,0,0
1990,41,1,0,0,0,0,549,4,40,0
1990,48,2,0,0,0,0,385,5,37,0
1990,21,1,1,0,0,1,507,4,40,0
1990,38,1,2,0,0,1,567,0,45,0
1990,31,2,2,0,0,1,0,0,0,0
1990,45,2,0,0,0,1,185,3,15,0
1990,47,1,0,0,0,1,22,4,40,1
1990,18,2,1,0,0,0,373,3,15,0
1990,23,1,0,0,0,0,327,1,40,0
1990,20,2,0,0,0,1,337,4,40,0
1990,45,1,0,0,0,1,26,3,50,0
1990,47,2,0,0,0,1,337,5,32,0
1990,19,1,1,0,0,1,257,0,16,0
1990,26,1,0,0,0,1,185,3,40,0
1990,28,2,0,0,0,1,95,5,32,0
1990,43,1,0,0,0,1,436,3,35,0
1990,39,2,0,0,0,1,203,5,41,0
1990,42,1,0,0,0,0,856,3,40,1
1990,38,2,0,0,0,0,313,5,40,0
1990,43,1,0,0,0,1,243,4,50,1
1990,41,2,0,0,0,0,313,4,37,0
1990,18,1,1,0,0,0,443,3,20,0
1990,36,1,0,0,0,0,785,1,60,1
1990,29,2,0,0,0,0,276,3,16,1
1990,45,1,0,0,0,1,266,3,52,0
1990,42,2,0,0,0,0,23,4,40,0
1990,69,1,3,0,0,0,575,0,0,0
1990,66,1,0,0,0,0,457,4,15,0
1990,62,2,0,0,0,0,628,5,64,0
1990,63,2,2,0,0,0,797,1,0,0
1990,35,1,0,0,0,1,213,1,80,0
1990,28,2,0,0,0,0,784,1,40,0
1990,37,2,1,0,0,1,575,1,40,0
1990,36,1,1,0,0,1,583,0,6,0
1990,44,2,0,0,0,0,319,1,40,0
1990,41,1,0,0,0,0,22,0,50,1
1990,62,1,3,0,0,0,22,0,45,0
1990,66,1,0,0,0,1,57,1,40,1
1990,56,2,0,0,0,0,0,0,0,0
1990,64,1,1,0,0,1,163,5,0,0
1990,39,1,0,0,0,1,547,4,45,0
1990,35,2,0,0,0,0,804,2,53,0
1990,36,1,0,0,0,0,628,1,40,0
1990,38,2,0,0,0,0,365,3,40,0
1990,28,1,0,0,0,0,509,0,50,0
1990,26,2,0,0,0,0,379,1,0,0
1990,28,1,0,0,0,1,217,1,55,0
1990,28,2,0,0,0,1,155,5,40,0
1990,70,1,0,0,0,0,0,0,0,0
1990,67,2,0,0,0,0,0,0,0,0
1990,53,1,0,0,0,0,364,3,40,0
1990,58,2,0,0,0,0,327,2,12,0
1990,23,1,1,0,2,1,225,1,40,0
1990,38,1,0,0,0,1,195,1,48,0
1990,36,2,0,0,0,1,156,5,40,0
1990,40,1,1,0,0,0,0,0,0,0
1990,68,2,3,1,0,0,407,4,12,0
1990,61,1,0,1,0,0,447,5,0,0
1990,56,2,0,1,0,1,447,5,40,0
1990,35,1,1,1,0,0,198,5,16,0
1990,27,1,1,1,0,0,436,3,40,0
1990,50,2,2,1,0,0,0,0,0,0
1990,43,1,0,0,0,1,0,0,0,0
1990,45,2,0,0,0,1,0,0,0,0
1990,72,2,3,0,0,0,0,0,0,0
1990,53,1,0,0,0,0,315,5,40,0
1990,37,2,0,0,0,0,0,0,0,0
1990,44,2,2,1,0,0,447,5,40,0
1990,21,1,0,1,0,0,804,5,45,0
1990,18,1,0,1,0,0,435,3,20,0
1990,39,1,0,0,0,1,22,1,45,0
1990,40,2,0,0,0,1,785,3,40,0
1990,25,2,1,0,0,1,95,5,40,0
1990,38,2,1,0,0,1,254,4,40,1
1990,23,2,1,0,0,1,313,5,30,0
1990,22,2,1,0,0,1,15,5,25,0
1990,29,1,0,0,0,0,243,3,40,0
1990,29,2,0,0,0,0,276,3,40,0
1990,41,2,2,1,0,1,529,2,48,0
1990,26,2,2,0,0,1,234,5,35,0
1990,37,1,1,0,0,1,178,5,65,0
1990,33,1,0,0,0,0,887,1,40,0
1990,33,2,0,0,0,0,316,5,0,0
1990,49,1,0,0,0,0,22,4,60,0
1990,46,2,0,0,0,0,375,4,40,0
1990,24,1,1,0,0,1,558,0,48,0
1990,23,2,1,0,0,0,275,3,40,0
1990,70,2,3,0,0,0,0,0,0,0
1990,19,1,1,0,0,0,424,6,40,0
1990,61,1,2,0,0,1,178,5,48,1
1990,31,2,2,0,0,0,379,5,20,0
1990,34,1,0,0,0,0,804,3,75,0
1990,35,2,0,0,0,0,276,3,40,0
1990,18,2,1,0,0,0,877,3,20,0
1990,31,1,0,3,0,0,436,3,80,0
1990,29,2,0,0,0,0,433,3,35,0
1990,42,1,0,0,0,0,365,3,40,0
1990,41,2,0,0,0,0,436,5,40,0
1990,39,1,0,0,0,0,55,2,40,0
1990,48,2,0,0,0,0,308,3,40,0
1990,35,2,0,1,0,1,308,2,40,0
1990,37,1,0,1,0,0,883,2,20,0
1990,53,1,0,0,0,1,253,4,30,0
1990,53,2,0,0,0,1,316,6,30,0
1990,39,1,0,0,0,1,785,1,40,0
1990,40,2,0,0,0,0,0,0,0,0
1990,33,1,1,0,2,0,0,0,0,0
1990,42,1,2,0,0,1,675,3,40,0
1990,36,2,2,0,0,0,337,3,40,0
1990,37,1,0,0,0,1,599,0,40,0
1990,36,2,0,0,0,0,449,4,20,0
1990,43,1,0,3,3,1,689,1,40,0
1990,40,2,0,3,3,1,435,3,25,0
1990,66,1,0,0,0,1,259,3,40,1
1990,65,2,0,0,0,1,0,0,0,0
1990,79,1,0,0,0,0,735,1,22,0
1990,67,2,0,0,0,0,0,0,0,0
1990,39,1,0,0,0,1,256,1,40,0
1990,38,2,0,0,0,1,365,2,40,0
1990,28,1,0,0,0,0,755,1,45,0
1990,28,2,0,0,0,0,243,3,45,0
1990,35,1,2,3,3,1,373,3,40,0
1990,35,2,1,0,0,1,234,4,40,0
1990,21,1,1,0,0,1,869,0,0,0
1990,49,1,0,0,0,1,263,3,48,0
1990,49,2,0,0,0,1,337,3,0,0
1990,52,1,0,0,0,1,376,3,40,0
1990,50,2,0,0,0,0,316,3,40,0
1990,57,1,0,0,0,1,0,0,0,0
1990,55,2,0,0,0,0,0,0,0,0
1990,35,1,0,0,0,1,188,3,40,0
1990,34,2,0,0,0,1,95,5,40,0
1990,24,1,0,0,0,0,734,1,40,0
1990,21,2,0,0,0,0,385,3,39,0
1990,46,1,0,0,0,1,154,5,55,0
1990,43,2,0,0,0,1,156,5,40,0
1990,55,1,0,0,0,1,505,3,40,0
1990,39,2,0,0,0,0,0,0,0,0
1990,43,1,0,0,0,0,869,0,40,0
1990,35,2,0,0,0,0,276,3,35,0
1990,55,2,2,0,0,1,5,6,40,0
1990,58,2,2,0,0,1,156,5,37,0
1990,26,1,1,0,0,1,796,1,36,0
1990,48,1,3,1,0,0,783,1,0,0
1990,38,1,0,0,0,1,544,1,40,1
1990,36,2,0,0,0,0,0,0,0,0
1990,18,2,1,0,0,0,319,5,26,0
1990,22,1,1,0,1,1,276,3,24,0
1990,20,2,1,0,0,1,447,5,32,0
1990,31,2,3,1,0,0,449,4,40,0
1990,39,2,1,0,0,0,453,1,48,0
1990,39,1,0,1,0,0,516,0,40,0
1990,40,2,0,1,0,0,796,1,63,0
1990,21,1,1,1,0,0,365,3,32,0
1990,58,2,3,1,0,0,447,5,40,0
1990,56,1,0,0,0,0,804,1,40,0
1990,58,2,0,0,0,0,447,4,30,0
1990,76,2,3,0,0,0,0,0,0,0
1990,42,1,0,0,0,1,27,5,50,0
1990,40,2,0,0,0,1,157,5,40,0
1990,76,2,3,0,0,0,0,0,0,0
1990,57,2,3,0,0,0,453,0,37,0
1990,35,1,1,0,0,0,567,0,20,0
1990,53,2,2,0,0,1,207,5,40,0
1990,37,2,2,0,0,0,25,4,45,0
1990,43,2,2,0,0,0,389,4,16,0
1990,35,2,2,0,0,1,14,5,40,1
1990,50,1,0,3,3,1,57,1,45,0
1990,52,2,0,3,3,1,0,0,0,0
1990,26,2,1,3,3,1,164,5,10,0
1990,72,2,3,3,3,0,0,0,0,0
1990,35,1,0,0,0,0,563,0,34,0
1990,34,2,0,0,0,0,387,5,30,0
1990,77,1,0,0,0,1,0,0,0,0
1990,69,2,0,0,0,1,0,0,0,0
1990,31,2,2,0,0,1,435,3,0,0
1990,18,2,1,0,0,0,278,1,50,0
1990,29,1,2,0,0,0,595,0,40,0
1990,19,2,1,0,0,0,379,3,40,0
1990,71,1,0,0,0,1,453,5,0,0
1990,68,2,0,0,0,1,0,0,0,0
1990,33,1,0,0,0,0,883,2,40,0
1990,31,2,0,0,0,0,436,3,20,0
1990,39,1,0,0,0,0,436,3,40,0
1990,31,2,0,0,0,0,0,0,0,0
1990,55,1,0,0,0,1,706,1,48,0
1990,53,2,0,0,0,1,95,5,24,0
1990,48,2,2,0,0,0,243,3,40,0
1990,25,1,0,0,0,0,756,1,40,0
1990,24,2,0,0,0,0,458,4,20,0
1990,41,1,0,0,0,1,22,0,45,0
1990,39,2,0,0,0,1,195,1,40,0
1990,30,1,0,0,0,1,889,1,40,0
1990,27,2,0,0,0,0,276,3,38,0
1990,54,1,0,0,0,1,22,0,50,0
1990,54,2,0,0,0,1,379,5,40,0
1990,40,1,0,0,0,1,473,0,50,0
1990,35,2,0,0,0,1,0,0,0,0
1990,25,2,1,0,0,1,487,5,15,0
1990,24,2,1,0,0,1,157,5,60,0
1990,65,1,0,0,0,1,22,4,32,0
1990,65,2,0,0,0,0,0,0,0,0
1990,51,1,0,0,0,0,473,0,40,0
1990,49,2,0,0,0,1,315,5,40,0
1990,22,2,1,0,0,1,315,4,40,0
1990,20,1,1,0,0,1,373,3,25,0
1990,31,1,0,0,0,0,637,1,40,0
1990,31,2,0,0,0,0,785,1,40,0
1990,28,2,2,0,0,1,313,5,40,0
1990,43,2,2,0,0,1,0,0,0,0
1990,21,1,1,0,0,1,443,3,10,0
1990,29,1,0,0,0,0,877,2,45,0
1990,26,2,0,0,0,0,447,5,35,0
1990,49,2,2,0,0,0,449,4,40,0
1990,30,1,1,0,0,1,89,5,50,0
1990,28,2,1,0,0,0,0,0,0,0
1990,52,2,3,0,0,0,909,6,0,0
1990,35,2,3,0,0,1,0,0,0,0
1990,20,1,2,0,0,0,436,3,38,0
1990,31,2,2,0,0,1,469,3,28,0
1990,48,2,2,0,0,1,37,5,40,0
1990,20,1,1,0,0,1,444,3,25,0
1990,33,1,0,0,0,0,389,1,40,0
1990,33,2,0,0,0,0,444,3,40,0
1990,35,2,2,0,0,1,785,1,45,0
1990,32,1,0,0,0,0,269,3,54,0
1990,30,2,0,0,0,0,877,3,0,0
1990,21,2,2,0,0,0,447,5,40,0
1990,43,2,2,0,0,1,253,4,40,0
1990,63,1,0,0,0,0,717,1,0,0
1990,34,2,0,0,0,0,779,5,0,0
1990,41,1,0,1,0,1,628,1,60,0
1990,41,2,0,1,0,1,315,5,40,0
1990,59,2,2,0,0,1,95,5,40,0
1990,22,1,1,0,0,1,159,5,15,0
1990,32,1,0,0,0,1,243,3,50,0
1990,32,2,0,0,0,1,178,5,40,0
1990,23,1,1,0,0,1,185,1,40,0
1990,72,1,0,0,0,1,0,0,0,1
1990,73,2,0,0,0,0,0,0,0,0
1990,19,2,1,0,0,1,444,5,30,0
1990,22,2,1,0,0,1,154,5,20,0
1990,28,2,1,0,0,1,154,5,20,0
1990,25,1,1,0,2,1,14,5,42,0
1990,22,1,1,0,0,1,479,0,80,0
1990,22,1,1,0,0,1,387,5,40,0
1990,21,1,1,0,0,1,379,5,25,0
1990,21,1,1,0,0,1,313,4,40,0
1990,26,1,1,3,3,1,0,0,0,0
1990,21,1,1,0,0,1,503,1,40,0
1990,21,1,1,0,0,1,804,3,40,0
1990,23,2,1,0,0,1,18,4,20,0
1990,18,2,1,0,0,0,438,3,26,0
1990,20,2,1,0,0,1,315,6,40,0
1990,18,2,1,0,0,1,435,3,20,0
1990,19,2,1,1,0,0,276,3,10,0
1990,19,2,1,0,0,0,276,3,23,0
1990,47,1,0,0,0,1,448,3,40,0
1990,45,2,0,0,0,0,458,4,50,0
1990,76,2,3,0,0,1,0,0,0,0
1990,51,1,1,0,0,0,453,5,35,0
1990,29,1,0,0,0,1,53,0,40,0
1990,26,2,0,0,0,1,243,3,20,0
1990,65,1,0,0,0,0,259,1,0,0
1990,66,2,0,0,0,0,18,4,10,0
1990,26,2,1,0,0,0,785,1,40,0
1990,27,1,1,0,0,0,628,1,40,0
1990,78,2,3,0,0,0,0,0,0,0
1990,19,1,0,0,0,0,637,1,40,0
1990,20,2,0,0,0,0,438,3,40,0
1990,29,2,0,0,0,0,426,5,36,0
1990,32,1,0,0,0,0,683,1,40,0
1990,25,1,0,0,0,0,783,1,40,0
1990,25,2,0,0,0,0,785,1,40,0
1990,41,1,0,0,0,1,53,5,50,0
1990,41,2,0,0,0,1,243,3,45,0
1990,31,1,0,0,0,0,869,0,40,0
1990,30,2,0,0,0,0,785,1,40,0
1990,32,1,1,0,0,1,163,5,40,0
1990,21,2,1,0,0,1,17,3,28,0
1990,21,2,1,0,0,1,276,3,24,0
1990,20,2,1,0,0,1,23,4,50,0
1990,18,2,1,0,0,0,276,3,23,0
1990,42,2,3,0,0,1,154,5,20,0
1990,19,2,1,0,0,1,459,5,35,0
1990,30,1,1,1,4,1,0,0,0,0
1990,33,2,0,0,0,1,78,5,40,0
1990,37,1,0,0,0,1,76,6,40,0
1990,74,1,0,0,0,1,26,5,0,0
1990,72,2,0,0,0,1,156,5,40,0
1990,71,1,0,0,0,0,0,0,0,0
1990,68,2,0,0,0,0,0,0,0,0
1990,27,1,2,0,0,0,877,3,35,0
1990,46,1,3,0,0,1,274,3,40,0
1990,21,2,1,0,0,1,435,3,25,0
1990,22,2,1,0,0,1,264,3,25,0
1990,19,2,1,0,0,1,276,3,20,0
1990,21,2,1,0,0,1,444,3,20,0
1990,28,1,1,0,0,1,628,4,40,0
1990,59,1,0,0,0,1,253,4,35,0
1990,57,2,0,0,0,1,156,5,50,0
1990,20,2,1,0,0,1,259,1,10,0
1990,23,1,0,0,0,1,55,3,52,0
1990,20,2,0,0,0,1,435,3,20,0
1990,23,2,1,0,0,1,183,5,30,0
1990,24,2,1,0,0,1,453,5,10,0
1990,22,2,1,0,0,1,379,5,20,0
1990,57,2,2,0,0,0,435,3,0,0
1990,59,1,0,0,0,0,777,2,40,0
1990,58,2,0,0,0,1,95,5,40,0
1990,20,1,1,0,0,0,436,2,15,0
1990,28,2,1,0,0,1,679,5,40,0
1990,68,1,0,0,0,0,0,0,0,0
1990,77,2,0,0,0,0,0,0,0,0
1990,47,1,0,0,0,0,505,1,48,1
1990,47,2,0,0,0,0,458,4,10,0
1990,43,1,0,0,0,1,55,3,40,0
1990,27,2,0,0,0,1,328,4,40,0
1990,64,2,3,0,0,0,436,5,27,0
1990,32,1,0,0,0,0,628,1,40,0
1990,34,2,0,0,0,0,313,5,40,0
1990,58,1,2,0,0,0,844,0,40,0
1990,56,2,2,0,0,0,878,1,37,0
1990,25,2,2,0,0,0,193,3,0,0
1990,39,1,0,0,0,0,869,0,40,0
1990,35,2,0,0,0,0,683,1,48,0
1990,46,1,0,0,0,1,156,5,35,0
1990,46,2,0,0,0,1,97,5,32,0
1990,31,1,2,0,0,0,777,1,40,0
1990,26,2,2,0,0,0,779,1,40,0
1990,42,1,0,0,0,1,253,4,40,0
1990,35,2,0,0,0,0,155,5,9,0
1990,34,1,0,0,0,1,217,0,40,0
1990,33,2,0,0,0,0,313,5,32,0
1990,45,1,0,0,0,0,804,1,40,0
1990,38,2,0,0,0,0,754,1,40,0
1990,23,1,1,0,0,1,378,4,40,0
1990,20,1,1,0,0,0,869,0,50,0
1990,62,1,0,0,0,0,715,1,48,0
1990,63,2,0,0,0,0,0,0,0,0
1990,29,2,1,0,0,0,436,3,99,0
1990,57,1,0,0,0,1,59,4,40,1
1990,52,2,0,0,0,1,95,5,24,0
1990,71,1,0,0,0,0,0,0,0,0
1990,69,2,0,0,0,0,0,0,0,0
1990,61,1,0,0,0,1,356,1,0,0
1990,58,2,0,0,0,0,156,5,10,0
1990,30,1,2,0,0,0,0,0,0,0
1990,18,1,1,1,0,0,436,3,6,0
1990,40,1,0,0,0,1,156,5,45,0
1990,35,2,0,0,0,0,0,0,0,0
1990,33,1,2,0,0,1,563,0,40,0
1990,72,1,0,0,0,0,657,1,45,0
1990,66,2,0,0,0,0,0,0,0,0
1990,51,1,0,0,0,0,779,1,0,0
1990,52,2,0,0,0,0,379,6,40,0
1990,66,1,0,1,0,0,877,3,30,0
1990,59,2,0,1,0,0,379,5,40,0
1990,26,2,1,0,0,1,234,4,39,0
1990,24,1,1,1,0,0,486,0,50,0
1990,35,1,2,0,0,0,634,1,40,0
1990,26,2,2,1,0,0,447,5,37,0
1990,44,1,0,0,0,0,785,1,35,0
1990,34,2,0,0,0,0,0,0,0,0
1990,38,2,3,0,0,0,579,0,40,0
1990,21,2,1,0,0,1,326,5,25,0
1990,25,1,2,0,0,1,17,3,60,0
1990,76,1,0,0,0,0,804,3,40,0
1990,78,2,0,0,0,0,0,0,0,0
1990,64,1,0,0,0,0,0,0,0,0
1990,61,2,0,0,0,0,0,0,0,0
1990,44,1,1,0,0,0,885,3,60,0
1990,55,1,0,0,0,1,185,1,0,0
1990,52,2,0,0,0,0,338,5,0,0
1990,31,1,2,0,0,1,36,6,40,0
1990,31,1,0,0,0,0,563,0,40,0
1990,25,2,0,0,0,0,435,5,36,0
1990,79,1,0,0,0,1,0,0,0,0
1990,78,2,0,0,0,1,0,0,0,0
1990,64,1,0,0,0,0,243,3,55,1
1990,65,2,0,0,0,0,447,5,35,0
1990,65,1,0,0,0,1,0,0,0,0
1990,67,2,0,0,0,0,0,0,0,0
1990,76,2,1,1,0,0,207,5,0,0
1990,34,1,1,0,0,1,229,1,40,0
1990,72,2,3,0,0,0,0,0,0,0
1990,74,1,3,0,0,0,0,0,0,0
1990,47,1,2,0,0,1,555,1,48,0
1990,50,1,0,0,0,1,217,4,58,0
1990,48,2,0,0,0,0,0,0,0,0
1990,20,2,1,0,0,0,159,5,36,0
1990,25,1,0,0,0,1,709,1,54,0
1990,35,2,0,0,0,0,434,3,0,0
1990,43,2,1,0,0,1,628,1,45,0
1990,19,1,1,0,0,1,887,4,20,0
1990,37,1,1,0,0,1,426,4,72,0
1990,53,1,2,0,0,0,804,2,40,0
1990,27,1,0,0,0,0,453,5,40,0
1990,26,2,0,0,0,0,435,3,32,0
1990,39,1,0,0,0,1,257,1,40,1
1990,30,2,0,0,0,0,89,4,25,0
1990,57,1,0,0,0,0,804,2,41,0
1990,48,2,0,0,0,0,379,3,0,0
1990,18,1,1,0,0,0,243,3,0,0
1990,39,1,0,0,0,0,785,1,43,0
1990,37,2,0,0,0,1,389,5,40,0
1990,18,1,1,0,0,0,243,3,20,0
1990,47,2,2,0,0,0,337,3,40,0
1990,53,2,2,0,0,1,379,5,25,0
1990,73,1,0,0,0,0,379,6,0,0
1990,68,2,0,0,0,0,379,6,0,0
1990,52,2,3,0,0,0,466,5,45,0
1990,23,2,2,0,0,0,406,4,0,0
1990,28,2,3,0,0,0,185,3,40,0
1990,54,1,0,0,0,0,804,2,50,0
1990,49,2,0,0,0,0,804,2,50,0
1990,23,1,3,0,0,0,877,3,20,0
1990,28,2,3,0,0,0,777,1,40,0
1990,30,1,2,0,0,0,453,1,50,0
1990,39,1,0,0,0,1,217,1,40,0
1990,40,2,0,0,0,1,243,5,40,0
1990,63,1,0,0,0,0,783,4,0,0
1990,62,2,0,0,0,0,0,0,0,0
1990,20,1,0,0,0,0,804,3,30,0
1990,25,2,0,0,0,1,466,5,0,0
1990,23,2,1,0,0,0,0,0,0,0
1990,19,2,1,0,0,1,453,3,25,0
1990,20,2,1,0,0,1,438,3,35,0
1990,64,1,0,0,0,1,22,4,50,1
1990,69,2,0,0,2,1,274,3,15,0
1990,19,1,1,0,0,1,453,3,36,0
1990,18,2,1,0,0,1,323,3,40,0
1990,18,2,1,0,0,1,276,3,16,0
1990,21,2,1,0,0,1,27,4,10,0
1990,19,2,1,0,0,1,379,1,15,0
1990,21,1,1,0,0,1,329,5,30,0
1990,22,1,1,0,0,1,637,5,30,0
1990,75,1,3,0,0,0,0,0,0,0
1990,26,1,0,0,0,0,806,1,60,0
1990,24,2,0,0,0,0,379,6,40,0
1990,29,2,1,1,0,1,443,5,20,0
1990,43,1,0,0,0,0,235,1,40,0
1990,42,2,0,0,0,1,313,5,40,0
1990,21,1,1,0,0,1,426,3,30,0
1990,61,1,0,0,0,0,453,5,40,0
1990,63,2,0,0,0,0,0,0,0,0
1990,72,2,2,0,0,0,0,0,0,0
1990,32,1,1,0,0,0,443,3,32,0
1990,67,1,0,0,0,0,709,1,0,0
1990,76,2,0,0,0,0,0,0,0,0
1990,68,1,0,0,0,1,194,5,0,0
1990,66,2,0,0,0,1,156,5,0,0
1990,34,1,0,0,0,1,13,1,40,0
1990,30,2,0,0,0,1,385,5,40,0
1990,45,1,0,0,0,0,637,1,45,0
1990,46,2,0,0,0,0,276,3,40,0
1990,22,2,1,0,0,0,274,3,35,0
1990,33,1,0,0,0,1,585,0,40,0
1990,31,2,0,0,0,1,243,3,40,0
1990,39,1,0,0,0,1,56,1,40,0
1990,43,2,0,0,0,0,458,4,41,0
1990,35,1,0,0,0,0,579,1,42,0
1990,27,2,0,0,0,0,0,0,0,0
1990,25,1,0,0,0,0,889,2,50,0
1990,23,2,0,0,0,0,436,3,40,0
1990,78,1,2,0,0,0,0,0,0,0
1990,66,2,1,0,0,1,156,5,40,0
1990,57,2,1,0,0,1,156,5,40,0
1990,22,1,0,0,0,0,877,1,40,0
1990,24,2,0,0,0,0,447,5,0,0
1990,62,1,0,0,0,0,453,1,40,0
1990,30,2,0,0,0,0,243,3,0,0
1990,60,1,3,0,0,0,683,1,0,0
1990,37,1,0,0,0,0,808,5,0,0
1990,45,2,0,0,0,0,909,6,0,0
1990,53,1,0,0,0,0,22,2,42,0
1990,52,2,0,0,0,0,0,0,0,0
1990,23,1,1,0,0,0,869,0,0,0
1990,62,1,0,0,0,0,703,1,40,0
1990,59,2,0,0,0,0,0,0,0,0
1990,44,1,2,0,0,0,878,1,44,0
1990,18,1,1,0,0,0,475,0,25,0
1990,75,2,3,0,0,0,0,0,0,0
1990,30,1,0,0,0,1,13,3,40,0
1990,29,2,0,0,0,1,243,3,50,0
1990,78,2,3,0,0,0,0,0,0,0
1990,51,1,0,0,0,1,22,0,60,0
1990,48,2,0,0,0,1,156,5,40,0
1990,20,1,1,0,0,1,877,3,40,0
1990,20,1,1,0,0,1,885,3,20,0
1990,48,1,0,0,0,1,176,5,84,0
1990,48,2,0,0,0,1,313,5,40,0
1990,46,1,0,0,0,0,274,3,40,0
1990,44,2,0,0,0,1,95,5,40,0
1990,33,1,0,0,0,1,22,1,50,1
1990,31,2,0,0,0,1,375,4,40,0
1990,68,1,0,0,0,0,0,0,0,0
1990,66,2,0,0,0,0,0,0,0,0
1990,52,1,0,0,0,0,266,3,44,0
1990,37,2,0,0,0,1,274,3,35,0
1990,58,1,0,0,0,1,14,5,40,1
1990,57,2,0,0,0,1,0,0,0,0
1990,77,1,3,0,0,0,0,0,0,0
1990,28,1,0,0,0,0,779,1,47,0
1990,24,2,0,0,0,0,337,3,45,0
1990,52,1,3,0,0,0,276,3,40,0
1990,20,1,1,0,0,0,889,1,40,0
1990,45,2,0,0,0,1,23,5,45,0
1990,37,1,0,0,0,1,447,5,45,1
1990,23,1,1,0,0,1,229,1,38,0
1990,69,1,0,0,0,0,789,1,0,0
1990,62,2,0,0,0,0,0,0,0,0
1990,22,1,0,0,0,0,17,3,40,0
1990,23,2,0,0,0,0,435,3,35,0
1990,77,2,3,0,0,0,337,3,20,0
1990,53,2,0,0,0,1,95,5,60,0
1990,64,1,0,0,0,0,585,1,0,0
1990,66,1,0,0,0,1,163,5,30,0
1990,61,2,0,0,0,1,159,5,35,0
1990,74,2,3,0,0,1,449,5,0,0
1990,57,1,0,0,0,1,154,5,40,0
1990,55,2,0,0,0,1,308,6,40,0
1990,78,2,2,0,0,0,0,0,0,0
1990,50,2,0,1,0,0,453,4,30,0
1990,51,1,0,1,0,0,706,1,0,0
1990,26,1,1,1,0,0,909,6,0,0
1990,27,2,1,1,0,0,379,6,0,0
1990,29,1,2,0,0,1,869,0,60,0
1990,27,2,2,0,0,0,0,0,0,0
1990,74,2,3,0,0,0,0,0,0,0
1990,55,1,0,0,0,0,259,3,40,0
1990,40,2,0,0,0,0,313,2,40,0
1990,20,2,1,1,0,1,313,5,40,0
1990,70,2,2,1,0,0,0,0,0,0
1990,48,1,0,0,0,0,779,1,40,0
1990,56,2,0,0,0,0,779,5,40,0
1990,31,1,3,0,0,0,595,0,27,0
1990,27,1,1,0,0,0,804,5,40,0
1990,76,2,3,0,0,0,0,0,0,0
1990,76,2,3,0,0,0,0,0,0,0
1990,47,1,2,0,0,1,823,2,40,0
1990,35,2,2,0,0,1,435,3,25,0
1990,69,2,3,0,0,0,447,5,0,0
1990,31,1,3,0,0,1,628,1,40,0
1990,28,2,3,0,0,0,276,4,0,0
1990,38,1,0,0,0,0,567,0,40,0
1990,36,2,0,0,0,1,95,5,24,0
1990,68,1,0,0,0,0,683,1,0,0
1990,52,2,0,0,0,0,0,0,0,0
1990,29,1,1,0,0,0,0,0,0,0
1990,19,1,1,0,0,0,444,3,28,0
1990,25,1,1,0,0,1,426,5,40,0
1990,51,1,0,0,0,0,549,2,40,0
1990,46,2,0,0,0,0,458,4,0,0
1990,28,1,2,0,0,0,595,0,60,0
1990,42,1,0,0,0,0,453,5,0,0
1990,38,2,0,0,0,0,438,3,12,0
1990,59,1,0,0,0,0,453,5,40,0
1990,62,2,0,0,0,0,365,3,15,0
1990,47,2,2,0,0,1,95,5,68,0
1990,23,1,1,0,0,1,486,3,40,0
1990,65,1,0,0,0,0,804,2,2,0
1990,68,2,0,0,0,0,0,0,0,0
1990,19,1,1,1,0,0,444,4,0,0
1990,79,2,1,0,0,1,0,0,0,0
1990,46,1,3,0,0,0,505,3,40,0
1990,28,2,2,0,0,0,189,4,40,0
1990,45,2,3,0,0,1,0,0,0,1
1990,19,2,1,0,0,1,264,3,0,0
1990,39,1,0,0,0,0,37,1,40,0
1990,37,2,0,0,0,0,155,5,33,0
1990,22,1,1,0,0,1,347,4,40,0
1990,55,1,0,0,0,1,308,1,38,0
1990,51,2,0,0,2,0,0,0,0,0
1990,36,2,2,0,0,1,628,1,40,0
1990,45,1,2,0,0,1,188,5,99,0
1990,45,1,0,0,0,0,804,2,40,0
1990,42,2,0,0,0,0,17,3,25,0
1990,21,1,1,0,0,0,378,4,40,0
1990,18,2,1,0,0,0,357,4,42,0
1990,64,2,3,0,0,0,436,1,40,0
1990,55,1,0,0,0,0,637,1,40,0
1990,54,2,0,0,0,0,744,1,40,0
1990,33,2,2,0,0,1,22,4,12,0
1990,38,2,2,0,0,0,628,1,45,0
1990,19,1,1,0,0,0,683,1,16,0
1990,20,2,1,0,0,0,379,5,25,0
1990,64,1,1,0,0,0,473,0,60,1
1990,28,1,0,0,0,0,518,1,40,0
1990,22,2,0,0,0,0,785,1,40,0
1990,34,1,0,0,0,0,783,0,50,0
1990,25,2,0,0,0,0,159,1,45,0
1990,35,1,0,0,0,0,637,1,40,0
1990,33,2,0,0,0,0,744,1,40,0
1990,76,1,0,0,0,1,0,0,0,0
1990,74,2,0,0,0,1,0,0,0,0
1990,59,1,0,0,0,0,507,2,40,0
1990,55,2,0,0,0,0,0,0,0,0
1990,22,1,1,0,0,1,0,0,0,0
1990,80,2,3,0,0,0,0,0,0,0
1990,75,1,0,0,0,0,733,1,0,0
1990,73,2,0,0,0,0,0,0,0,0
1990,58,1,0,0,0,0,473,0,35,0
1990,60,2,0,0,0,0,0,0,0,0
1990,50,1,0,0,0,1,696,0,80,0
1990,51,2,0,0,0,0,337,3,99,0
1990,51,1,0,0,0,0,808,5,10,0
1990,52,2,0,0,0,0,0,0,0,0
1990,44,1,0,0,0,0,713,1,40,0
1990,54,2,0,0,0,1,878,1,40,0
1990,53,2,3,0,0,1,449,5,37,0
1990,61,1,0,0,0,0,529,2,40,1
1990,58,2,0,0,0,0,0,0,0,0
1990,18,1,1,0,0,0,579,0,12,0
1990,19,1,1,0,0,0,725,1,40,0
1990,39,1,0,0,0,0,0,0,0,0
1990,40,2,0,0,0,0,785,1,8,0
1990,35,2,1,0,0,1,313,1,40,0
1990,55,1,0,0,0,0,259,3,40,0
1990,53,2,0,0,0,0,355,2,42,0
1990,75,1,0,0,0,0,0,0,0,0
1990,71,2,0,0,0,0,0,0,0,0
1990,40,2,2,0,0,0,453,5,0,0
1990,24,2,1,0,0,0,453,4,24,0
1990,18,2,1,0,0,0,435,3,53,0
1990,43,1,0,0,0,1,579,0,40,1
1990,43,2,0,0,0,1,436,5,18,0
1990,20,2,1,0,0,0,264,3,20,0
1990,40,1,0,0,0,1,154,5,40,0
1990,37,2,0,0,0,1,154,5,25,0
1990,62,1,0,0,0,0,783,4,50,0
1990,47,2,0,0,0,0,0,0,0,0
1990,27,1,0,0,0,0,22,3,50,0
1990,28,2,0,0,0,0,17,3,47,0
1990,38,1,0,0,0,1,433,3,40,0
1990,29,2,0,0,0,0,22,3,50,0
1990,18,1,1,0,0,0,436,3,40,0
1990,21,1,1,0,0,1,447,5,40,0
1990,78,1,0,0,0,0,0,0,0,0
1990,73,2,0,0,0,0,0,0,0,0
1990,49,1,2,0,0,0,505,4,60,0
1990,40,2,3,0,0,0,785,1,46,0
1990,19,2,1,0,0,0,785,4,0,0
1990,59,1,0,0,0,0,804,0,40,0
1990,56,2,0,0,0,0,383,4,40,0
1990,53,1,0,0,0,0,717,1,44,0
1990,50,2,0,0,0,0,379,1,32,0
1990,25,2,1,0,0,1,379,5,40,0
1990,28,1,0,0,0,1,176,5,40,0
1990,25,2,0,0,0,1,458,4,0,0
1990,76,2,3,0,0,1,0,0,0,0
1990,64,1,0,0,0,0,577,2,0,0
1990,62,2,0,0,0,1,274,3,0,0
1990,67,1,0,0,0,0,0,0,0,0
1990,66,2,0,0,0,0,0,0,0,0
1990,72,1,0,0,0,0,0,0,0,0
1990,74,2,0,0,0,0,0,0,0,0
1990,18,1,1,0,0,0,0,0,0,0
1990,64,2,1,0,0,0,7,4,16,0
1990,59,2,1,0,0,0,447,5,35,0
1990,73,2,3,0,0,0,453,5,15,0
1990,73,2,3,0,0,1,0,0,0,0
1990,39,1,2,0,0,0,777,1,40,0
1990,31,2,2,0,0,0,337,4,15,0
1990,62,1,0,0,0,0,276,3,40,0
1990,62,2,0,0,0,0,468,4,0,0
1990,62,2,3,0,0,0,0,0,0,0
1990,40,1,1,0,0,1,33,1,48,0
1990,59,1,0,0,0,1,599,0,40,0
1990,51,2,0,0,0,0,0,0,0,0
1990,26,1,2,0,0,0,785,1,40,0
1990,30,1,0,0,0,0,628,1,45,0
1990,30,2,0,0,0,0,479,0,15,0
1990,41,1,0,0,0,1,364,1,40,0
1990,41,2,0,0,0,1,156,5,12,0
1990,65,1,0,0,0,0,473,0,5,0
1990,64,2,0,0,0,0,0,0,0,0
1990,46,1,0,0,0,0,365,1,40,0
1990,44,2,0,0,0,0,0,0,0,0
1990,23,2,1,0,0,0,547,1,40,0
1990,20,2,1,0,0,0,756,1,40,0
1990,38,1,2,0,0,0,869,0,55,0
1990,18,1,1,0,0,0,558,0,45,0
1990,25,1,0,0,0,1,423,6,45,0
1990,25,2,0,0,0,1,174,5,40,0
1990,27,1,0,0,0,0,719,1,99,0
1990,26,2,0,0,0,0,877,1,99,0
1990,21,1,0,0,0,0,637,1,40,0
1990,20,2,0,0,0,0,466,5,40,0
1990,36,1,0,0,0,0,779,1,40,0
1990,32,2,0,0,0,0,754,1,45,0
1990,40,1,0,0,0,0,473,0,84,0
1990,34,2,0,0,0,0,808,5,16,0
1990,53,1,0,0,0,0,785,1,40,0
1990,51,2,0,0,0,0,689,1,40,0
1990,52,2,3,0,0,0,785,4,0,0
1990,66,1,0,0,0,1,355,2,42,0
1990,62,2,0,0,0,1,466,5,30,0
1990,30,1,0,0,0,0,575,1,30,0
1990,28,2,0,0,0,0,785,1,40,0
1990,66,1,0,0,0,0,0,0,0,0
1990,65,2,0,0,0,0,0,0,0,0
1990,80,2,3,0,0,0,0,0,0,0
1990,27,1,0,0,0,0,785,1,40,0
1990,25,2,0,0,0,0,766,1,0,0
1990,25,1,0,0,0,1,243,3,50,0
1990,23,2,0,0,0,1,208,5,32,0
1990,29,1,0,0,0,0,777,1,47,0
1990,35,2,0,3,1,0,0,0,0,0
1990,41,1,0,0,0,0,785,1,40,0
1990,40,2,0,0,0,0,27,0,20,0
1990,35,1,0,0,0,0,889,2,40,0
1990,35,2,0,0,0,1,207,5,32,0
1990,54,1,0,0,0,1,23,5,45,0
1990,54,2,0,0,0,1,383,4,40,0
1990,47,1,0,0,0,1,22,1,55,1
1990,48,2,0,0,0,1,313,1,0,0
1990,69,2,3,0,0,0,0,0,0,0
1990,44,1,0,0,0,0,806,1,50,0
1990,43,2,0,0,0,0,719,1,40,0
1990,19,1,1,0,0,0,486,5,50,0
1990,43,1,0,0,0,0,529,2,40,0
1990,37,2,0,0,0,0,337,3,40,0
1990,18,1,1,0,0,1,883,3,40,0
1990,44,1,0,0,0,1,473,0,70,0
1990,42,2,0,0,0,1,156,5,35,0
1990,25,1,2,0,0,1,748,4,30,0
1990,62,1,0,0,0,0,804,2,60,0
1990,43,2,0,0,0,1,0,0,0,0
1990,40,2,2,0,0,1,33,1,42,0
1990,47,1,0,0,0,1,534,0,40,0
1990,43,2,0,0,0,0,243,3,40,0
1990,51,1,0,0,0,0,825,2,40,0
1990,49,2,0,0,0,0,683,1,40,0
1990,19,2,1,0,0,0,719,1,40,0
1990,44,1,0,0,0,0,257,4,60,1
1990,44,2,0,0,0,1,207,5,20,0
1990,19,1,1,0,0,0,683,1,10,0
1990,34,1,0,0,0,0,628,1,40,0
1990,30,2,0,0,0,0,683,1,40,0
1990,49,1,0,0,0,0,17,3,60,0
1990,46,2,0,0,0,0,17,3,60,1
1990,29,1,0,0,0,0,628,1,40,0
1990,23,2,0,0,0,0,0,0,0,0
1990,78,2,3,0,0,0,0,0,0,0
1990,24,1,0,0,0,1,885,3,40,0
1990,23,2,0,0,0,0,887,3,40,0
1990,57,2,0,0,0,1,0,0,0,0
1990,60,1,0,0,0,1,254,4,40,1
1990,21,1,1,0,0,0,263,3,40,0
1990,39,2,3,0,0,1,163,5,50,0
1990,40,2,2,0,0,0,433,3,45,0
1990,55,1,0,0,0,1,549,1,40,0
1990,48,2,0,0,0,0,164,5,15,0
1990,26,1,1,0,0,1,869,0,40,0
1990,24,2,1,0,0,1,194,3,40,0
1990,51,2,0,0,0,0,379,0,40,0
1990,44,1,0,0,0,0,518,1,48,0
1990,59,1,0,0,0,0,547,0,30,0
1990,50,2,0,0,0,0,0,0,0,0
1990,34,1,2,0,0,0,804,0,45,0
1990,25,1,0,0,0,0,243,3,48,0
1990,23,2,0,0,0,0,276,3,25,0
1990,61,1,0,0,0,0,22,1,45,0
1990,59,2,0,0,0,0,313,4,39,0
1990,29,1,1,0,0,0,575,0,40,0
1990,63,1,0,0,0,1,254,4,99,0
1990,61,2,0,0,0,0,0,0,0,0
1990,77,2,3,2,1,0,0,0,0,0
1990,32,2,1,2,0,0,878,1,40,0
1990,65,1,0,0,0,0,21,5,0,0
1990,64,2,0,0,0,0,0,0,0,0
1990,64,2,3,0,0,1,0,0,0,0
1990,68,1,0,0,0,1,179,6,44,1
1990,72,2,0,0,0,0,254,4,0,0
1990,25,1,0,0,0,0,783,1,54,1
1990,25,2,0,0,0,0,364,1,45,0
1990,36,1,0,0,0,0,856,1,40,0
1990,33,2,0,0,0,0,389,1,48,0
1990,76,2,3,0,0,1,0,0,0,0
1990,65,1,0,0,0,0,869,0,50,0
1990,64,2,0,0,0,0,254,4,18,0
1990,60,1,0,0,0,0,355,2,0,0
1990,59,2,0,0,0,1,95,5,35,0
1990,19,2,1,0,0,1,313,2,20,0
1990,25,1,0,0,0,0,259,3,40,0
1990,26,2,0,0,0,0,274,3,10,0
1990,33,1,0,0,0,1,57,1,12,1
1990,27,2,0,0,0,1,95,5,8,0
1990,47,1,0,0,0,1,783,1,40,0
1990,40,2,0,0,0,1,207,5,40,0
1990,21,1,1,0,0,1,436,3,35,0
1990,18,2,1,0,0,0,436,3,20,0
1990,79,2,0,0,0,0,0,0,0,0
1990,35,1,0,0,0,0,804,3,46,0
1990,34,2,0,0,0,0,383,4,24,0
1990,30,1,0,0,0,0,235,1,48,0
1990,30,2,0,0,0,1,373,3,0,0
1990,61,1,0,0,0,1,558,0,50,1
1990,59,2,0,0,0,0,0,0,0,0
1990,68,1,0,0,0,0,0,0,0,0
1990,68,2,0,0,0,0,0,0,0,0
1990,31,1,0,0,0,0,486,0,60,0
1990,28,2,0,0,0,1,313,4,0,0
1990,29,1,0,0,0,1,157,5,0,0
1990,27,2,0,0,0,0,486,4,50,0
1990,77,2,3,0,0,0,0,0,0,0
1990,29,1,0,0,0,0,56,1,45,0
1990,28,2,0,0,0,0,319,5,24,0
1990,30,2,1,0,0,1,418,6,45,0
1990,38,2,2,0,0,1,174,6,37,0
1990,29,1,0,0,0,0,889,1,40,0
1990,30,2,0,0,0,0,796,1,40,0
1990,45,1,0,0,0,0,804,3,55,1
1990,47,2,0,0,0,0,0,0,0,0
1990,24,1,1,0,0,1,505,4,40,0
1990,29,2,2,0,0,1,445,5,32,0
1990,53,1,0,0,0,1,243,3,50,1
1990,51,2,0,0,0,0,313,3,32,0
1990,59,1,0,0,0,0,22,1,40,0
1990,58,2,0,0,0,1,337,3,30,0
1990,36,1,0,0,0,0,243,3,40,0
1990,34,2,0,0,0,1,254,4,30,0
1990,39,1,0,0,0,1,29,3,48,0
1990,38,2,0,0,0,1,156,5,45,0
1990,20,1,0,0,0,0,453,1,40,0
1990,29,2,0,0,0,0,889,1,40,0
1990,72,1,0,0,0,0,796,1,40,0
1990,66,2,0,0,0,0,0,0,0,0
1990,79,2,3,0,0,0,0,0,0,0
1990,25,1,0,0,0,1,364,1,60,0
1990,25,2,0,0,0,1,433,5,30,0
1990,71,1,2,0,0,0,0,0,0,0
1990,65,1,0,0,0,0,0,0,0,0
1990,61,2,0,0,0,0,783,1,40,0
1990,70,1,0,0,0,0,0,0,0,0
1990,67,2,0,0,0,0,0,0,0,0
1990,22,1,0,0,0,0,785,1,78,0
1990,19,2,0,0,0,0,276,3,40,0
1990,35,1,0,0,0,0,804,2,60,0
1990,30,2,0,0,0,1,328,5,40,0
1990,50,1,0,0,0,0,856,1,40,0
1990,33,2,0,0,0,0,737,1,40,0
1990,40,1,0,0,0,0,694,1,40,0
1990,35,2,0,0,3,0,487,0,36,0
1990,19,1,0,0,0,1,36,6,40,0
1990,70,2,0,0,0,0,0,0,0,0
1990,59,1,0,0,2,1,337,1,40,0
1990,53,2,0,0,0,1,0,0,0,0
1990,18,2,1,0,0,0,389,1,12,0
1990,24,1,0,0,0,0,217,1,48,0
1990,22,2,0,0,0,0,339,2,45,0
1990,33,2,1,0,0,0,785,1,40,0
1990,25,1,1,0,0,0,856,1,50,0
1990,39,1,0,0,0,0,364,1,40,0
1990,42,2,0,0,0,0,313,2,30,0
1990,18,2,1,0,0,0,253,4,6,0
1990,53,1,0,0,0,0,213,2,45,0
1990,50,2,0,0,0,1,797,1,40,0
1990,26,2,1,0,0,0,319,4,32,0
1990,73,1,0,0,0,1,57,1,22,0
1990,69,2,0,0,0,1,0,0,0,0
1990,57,1,0,0,0,1,156,5,40,0
1990,55,2,0,0,0,1,156,5,40,0
1990,58,1,0,0,0,0,599,0,40,0
1990,59,2,0,0,0,1,448,4,40,0
1990,23,2,1,0,0,1,276,3,47,0
1990,23,2,1,0,0,0,793,1,56,0
1990,20,1,1,0,0,0,783,4,40,0
1990,38,1,0,0,0,1,156,5,45,0
1990,35,2,0,0,0,1,95,2,40,0
1990,35,1,0,0,0,1,27,3,70,0
1990,28,2,0,0,0,0,449,4,40,0
1990,29,1,0,0,0,1,417,6,60,0
1990,28,2,0,0,0,1,156,5,40,0
1990,74,1,0,0,0,0,22,2,0,0
1990,66,2,0,0,0,0,785,1,40,0
1990,26,1,1,0,0,0,518,1,40,0
1990,47,1,0,0,0,1,13,1,55,1
1990,44,2,0,0,0,1,0,0,0,0
1990,69,1,0,0,0,1,84,5,50,1
1990,67,2,0,0,0,1,23,5,60,0
1990,60,1,0,0,0,0,785,1,40,0
1990,45,2,0,0,0,0,0,0,0,0
1990,67,1,0,0,0,0,5,6,26,0
1990,59,2,0,0,0,0,0,0,0,0
1990,33,1,1,0,0,0,804,2,40,0
1990,28,1,1,0,0,0,804,1,40,0
1990,67,2,0,0,0,0,0,0,0,0
1990,66,1,0,0,0,0,0,0,0,0
1990,64,2,0,0,0,0,449,4,40,0
1990,72,1,0,0,0,0,0,0,0,0
1990,75,2,0,0,0,0,0,0,0,0
1990,45,1,1,0,0,0,727,1,10,0
1990,43,1,1,0,0,0,733,1,10,0
1990,40,1,1,0,0,0,733,5,10,0
1990,27,1,0,0,0,0,363,1,40,0
1990,30,2,0,0,0,0,336,6,20,0
1990,38,1,0,0,0,0,869,0,48,0
1990,36,2,0,0,0,0,444,3,40,0
1990,27,1,1,0,0,0,453,5,40,0
1990,28,2,1,0,0,0,785,1,40,0
1990,29,1,1,0,0,0,869,0,40,0
1990,54,1,0,0,0,0,889,1,32,0
1990,63,2,0,0,0,0,453,5,0,0
1990,20,1,1,0,0,0,889,4,40,0
1990,32,1,0,0,0,0,804,3,45,0
1990,27,2,0,0,0,0,754,1,40,0
1990,39,1,0,0,0,1,255,4,40,0
1990,35,2,0,0,0,1,156,5,55,0
1990,38,1,0,0,0,1,473,0,60,0
1990,37,2,0,0,0,1,744,1,30,0
1990,33,1,0,0,0,0,516,0,45,0
1990,30,2,0,0,0,0,796,5,40,0
1990,74,1,1,0,0,0,0,0,0,0
1990,28,1,1,0,0,0,889,1,45,0
1990,33,1,2,0,0,0,804,1,40,0
1990,29,2,2,0,0,0,365,3,45,0
1990,68,1,0,0,0,0,0,0,0,0
1990,66,2,0,0,0,0,0,0,0,0
1990,33,1,0,0,0,1,458,4,30,0
1990,34,2,0,0,0,1,453,5,40,0
1990,54,1,3,0,0,0,804,0,0,0
1990,30,1,2,0,0,1,216,5,40,0
1990,49,2,2,0,0,1,157,5,45,0
1990,41,1,0,0,0,0,869,0,50,0
1990,38,2,0,0,0,1,23,5,40,0
1990,30,1,1,0,0,0,558,0,60,0
1990,24,2,2,0,0,0,785,1,40,0
1990,38,1,0,0,0,1,544,1,40,0
1990,38,2,0,0,0,0,387,5,35,0
1990,65,1,0,0,0,0,453,3,16,0
1990,62,2,0,0,0,0,29,3,60,0
1990,40,2,2,0,0,0,785,1,40,0
1990,31,1,1,0,0,0,579,4,40,0
1990,66,2,2,0,0,0,283,3,0,0
1990,24,1,0,0,0,1,704,1,45,0
1990,23,2,0,0,0,0,447,5,0,0
1990,64,2,3,0,0,0,0,0,0,0
1990,41,2,3,0,0,0,466,5,40,0
1990,46,1,0,0,0,1,577,2,40,0
1990,60,2,0,0,2,0,0,0,0,0
1990,36,1,0,0,0,0,558,0,45,0
1990,33,2,0,0,0,0,889,1,45,0
1990,32,1,0,0,0,0,595,0,40,0
1990,29,2,0,0,0,0,0,0,0,0
1990,20,1,1,0,0,0,888,0,40,0
1990,67,1,0,0,0,0,453,5,40,0
1990,64,2,0,0,0,0,453,5,40,0
1990,68,1,0,0,0,0,507,2,30,0
1990,63,2,0,0,0,1,0,0,0,0
1990,33,2,1,0,0,0,315,4,10,0
1990,28,1,0,0,0,1,473,0,55,0
1990,25,2,0,0,0,1,445,5,20,0
1990,33,1,0,0,0,0,779,1,49,0
1990,24,2,0,0,0,1,229,0,45,0
1990,68,2,2,0,0,0,434,3,0,0
1990,60,1,0,0,0,0,853,0,10,0
1990,51,2,0,0,0,0,877,1,60,0
1990,31,2,1,0,0,1,313,4,40,0
1990,45,1,0,0,0,0,686,1,36,0
1990,39,2,0,0,0,0,686,1,36,0
1990,18,1,1,0,0,0,486,4,40,0
1990,38,1,0,0,0,0,243,3,45,0
1990,33,2,0,0,0,1,276,5,25,0
1990,27,1,2,0,0,0,796,1,40,0
1990,65,1,0,0,0,1,376,5,1,0
1990,60,2,0,0,0,0,0,0,0,0
1990,68,2,3,0,0,0,505,1,0,0
1990,43,2,1,0,0,0,0,0,0,0
1990,54,1,0,0,0,1,22,3,40,0
1990,53,2,0,0,0,0,376,6,40,0
1990,57,1,0,0,0,1,13,1,40,1
1990,56,2,0,0,0,0,319,5,40,0
1990,75,2,3,0,0,0,25,4,0,0
1990,27,1,0,0,0,0,785,1,40,0
1990,25,2,0,0,0,0,276,3,53,0
1990,68,2,3,0,0,0,666,4,10,0
1990,51,1,0,0,0,0,27,1,40,0
1990,49,2,0,0,0,0,744,1,40,0
1990,20,2,1,0,0,0,443,3,7,0
1990,50,2,1,0,0,0,425,6,40,0
1990,69,1,0,0,0,0,0,0,0,0
1990,67,2,0,0,0,1,0,0,0,0
1990,65,1,1,0,0,0,0,0,0,0
1990,74,2,3,0,0,1,453,5,40,1
1990,46,1,0,0,0,0,557,0,40,0
1990,46,2,0,0,0,0,458,4,15,0
1990,31,2,1,0,0,0,264,3,18,0
1990,44,1,0,0,0,0,849,1,40,0
1990,42,2,0,0,0,0,628,5,40,0
1990,28,1,0,0,0,0,795,1,40,0
1990,25,2,0,0,0,1,337,5,37,0
1990,35,2,2,0,0,1,243,4,20,0
1990,25,1,0,0,0,0,24,3,40,0
1990,23,2,0,0,0,0,276,3,35,0
1990,71,1,0,0,0,1,473,0,30,1
1990,70,2,0,0,0,0,889,1,0,0
1990,65,2,2,0,0,0,436,5,0,0
1990,79,2,1,0,0,0,0,0,0,0
1990,31,1,0,0,0,0,734,1,45,0
1990,29,2,0,0,0,0,628,1,42,0
1990,32,1,0,0,0,1,337,1,40,0
1990,30,2,0,0,0,0,385,1,40,0
1990,28,1,1,0,0,1,56,1,45,0
1990,26,1,0,0,0,0,785,1,40,0
1990,30,2,0,0,0,1,378,2,40,0
1990,80,1,0,0,0,1,0,0,0,0
1990,78,2,0,0,0,0,0,0,0,0
1990,49,1,0,0,0,1,549,3,75,0
1990,48,2,0,0,0,1,96,3,14,0
1990,23,1,1,0,0,1,274,3,60,0
1990,34,1,0,0,0,1,256,1,42,0
1990,32,2,0,0,0,1,25,4,39,0
1990,66,1,0,0,0,0,243,3,0,1
1990,62,2,0,0,0,0,313,3,25,0
1990,23,1,1,0,0,1,475,0,40,0
1990,25,2,1,0,0,1,469,4,40,0
1990,33,1,1,0,0,1,105,5,40,0
1990,50,1,0,0,0,0,585,1,40,0
1990,53,2,0,0,0,0,796,1,40,0
1990,27,1,1,0,0,1,365,4,15,0
1990,21,2,1,0,0,0,877,3,10,0
1990,25,1,1,0,0,0,706,1,40,0
1990,20,2,1,0,0,0,276,3,30,0
1990,37,1,2,0,0,1,527,2,42,0
1990,24,1,0,0,0,0,22,3,40,0
1990,24,2,0,0,0,0,779,1,40,0
1990,36,1,2,0,0,1,508,2,40,0
1990,50,1,3,0,0,1,15,5,70,0
1990,56,2,2,0,0,0,447,5,40,0
1990,54,2,2,0,0,0,747,3,40,0
1990,29,2,1,0,0,0,274,4,16,0
1990,40,1,0,0,0,1,243,3,50,0
1990,31,2,0,0,0,1,458,4,30,0
1990,37,1,0,0,0,1,85,5,45,1
1990,35,2,0,0,0,1,86,0,24,0
1990,57,1,0,0,0,0,243,3,50,1
1990,55,2,0,0,0,0,337,3,40,0
1990,76,1,3,0,0,1,0,0,0,0
1990,51,2,0,0,0,1,95,5,36,0
1990,51,1,0,0,0,0,779,1,40,0
1990,58,1,0,1,0,0,21,5,40,0
1990,52,2,0,1,0,0,796,1,40,0
1990,32,1,0,0,0,1,508,6,72,0
1990,29,2,0,0,0,0,22,3,40,0
1990,25,1,0,0,0,1,217,4,40,0
1990,20,2,0,0,0,0,436,3,38,0
1990,28,1,0,0,0,1,904,6,50,0
1990,22,2,0,0,2,1,435,3,0,0
1990,30,2,2,0,0,1,706,1,40,0
1990,50,1,0,0,0,0,365,1,40,0
1990,43,2,0,0,0,1,314,6,20,0
1990,37,1,0,0,0,0,785,1,40,0
1990,31,2,0,0,0,0,0,0,0,0
1990,38,1,0,0,0,1,243,3,48,0
1990,36,2,0,0,0,0,0,0,0,0
1990,27,2,3,0,0,1,447,5,38,0
1990,29,1,3,0,0,1,869,0,55,0
1990,52,1,0,0,0,1,213,1,40,0
1990,46,2,0,0,0,0,0,0,0,0
1990,46,1,0,0,0,1,33,1,50,1
1990,47,2,0,0,0,1,163,5,40,0
1990,18,1,1,0,2,0,436,3,0,0
1990,73,2,3,0,0,0,0,0,0,0
1990,78,2,3,0,0,0,0,0,0,0
1990,64,1,0,0,0,0,634,1,0,0
1990,62,2,0,0,0,1,444,3,0,0
1990,65,1,0,0,0,1,96,3,12,0
1990,55,2,0,0,0,0,0,0,0,0
1990,64,1,0,0,0,0,475,0,99,0
1990,55,2,0,0,0,0,796,1,40,0
1990,24,1,1,0,0,0,889,1,40,0
1990,75,2,3,0,0,0,804,3,25,0
1990,50,1,0,0,0,1,154,5,40,0
1990,53,2,0,0,0,1,0,0,0,0
1990,22,2,1,0,0,1,313,4,6,0
1990,44,1,0,0,0,0,628,1,55,0
1990,39,2,0,0,0,0,443,5,10,0
1990,69,1,0,0,0,1,473,0,48,0
1990,70,2,0,0,0,0,689,1,0,0
1990,61,1,0,0,0,0,796,1,0,0
1990,59,2,0,0,0,0,796,1,40,0
1990,32,1,0,3,0,0,777,1,32,0
1990,24,2,0,0,0,0,319,5,40,0
1990,76,2,3,0,0,0,0,0,0,0
1990,55,1,1,0,0,0,453,0,40,0
1990,25,1,1,0,0,0,453,4,41,0
1990,46,2,3,0,0,0,0,0,0,0
1990,39,1,0,0,0,1,23,5,50,0
1990,31,2,0,0,0,1,167,5,40,0
1990,59,1,0,0,0,1,796,1,40,0
1990,55,2,0,0,0,1,466,5,35,0
1990,26,1,0,0,0,0,594,0,50,0
1990,27,2,0,0,0,1,445,5,40,0
1990,55,1,0,0,0,0,769,1,42,0
1990,55,2,0,0,0,0,0,0,0,0
1990,44,1,0,0,0,0,675,1,40,0
1990,44,2,0,0,0,1,877,3,33,0
1990,21,1,1,0,0,1,787,1,24,0
1990,26,1,0,0,0,0,657,1,72,0
1990,25,2,0,0,0,0,447,5,0,0
1990,53,2,3,0,0,0,889,1,40,0
1990,74,2,3,0,0,0,0,0,0,0
1990,69,2,3,0,0,0,17,3,40,0
1990,67,1,3,0,0,0,0,0,0,0
1990,39,1,2,0,0,1,804,2,0,0
1990,64,1,0,0,0,1,56,1,0,0
1990,59,2,0,0,0,0,0,0,0,0
1990,67,1,3,0,0,0,804,1,8,0
1990,26,2,1,1,0,1,683,1,40,0
1990,30,1,0,0,0,1,57,1,50,0
1990,30,2,0,0,0,1,259,3,4,0
1990,36,1,0,0,0,0,683,1,40,0
1990,43,2,0,0,0,0,549,1,40,0
1990,52,1,0,0,0,0,567,0,40,0
1990,52,2,0,0,0,0,313,2,40,0
1990,78,1,0,0,0,0,0,0,0,0
1990,75,2,0,0,0,0,0,0,0,0
1990,71,2,2,0,0,1,433,3,10,0
1990,39,2,3,0,0,0,25,5,60,0
1990,39,1,0,0,0,0,796,1,56,1
1990,30,2,0,0,0,0,315,6,0,0
1990,31,1,0,0,0,1,274,3,50,0
1990,33,2,0,0,0,0,337,1,0,0
1990,36,1,0,0,0,1,686,3,42,0
1990,32,2,0,0,0,0,316,4,38,0
1990,75,2,3,0,0,0,0,0,0,0
1990,60,1,0,0,0,0,549,2,40,0
1990,54,2,0,0,0,0,799,1,40,0
1990,50,1,0,0,0,0,785,1,40,0
1990,33,2,0,0,0,0,207,5,0,0
1990,54,1,3,0,0,0,579,0,40,0
1990,36,1,0,0,0,0,579,0,40,0
1990,30,2,0,0,0,0,465,5,40,0
1990,65,1,0,0,0,0,804,2,30,0
1990,62,2,0,0,0,0,356,5,15,0
1990,25,1,0,0,0,0,505,3,49,0
1990,22,2,0,0,0,0,327,1,0,0
1990,38,1,0,0,0,1,473,0,99,0
1990,36,2,0,3,0,1,447,5,0,0
1990,21,1,1,0,0,0,689,6,52,0
1990,54,1,0,0,0,0,259,3,65,0
1990,54,2,0,0,0,0,315,4,0,0
1990,22,1,0,0,0,0,779,1,40,0
1990,20,2,0,0,0,1,243,3,32,0
1990,32,1,0,0,0,1,195,1,40,0
1990,33,2,0,0,0,0,337,4,0,0
1990,55,1,0,0,0,1,73,1,40,0
1990,55,2,0,0,0,1,157,5,40,0
1990,51,1,0,0,0,1,57,1,40,0
1990,47,2,0,0,0,0,785,1,40,0
1990,19,2,1,0,0,1,259,1,20,0
1990,58,1,0,0,0,0,628,1,40,0
1990,55,2,0,0,0,0,436,5,20,0
1990,71,1,1,0,0,0,0,0,0,0
1990,78,2,3,0,0,0,0,0,0,0
1990,63,1,0,0,0,0,0,0,0,0
1990,55,2,0,0,0,0,447,5,20,0
1990,22,1,1,0,0,0,634,1,65,0
1990,50,1,0,0,0,0,796,1,16,0
1990,51,2,0,0,0,0,796,1,16,0
1990,64,1,0,0,0,0,777,1,0,0
1990,60,2,0,0,0,0,447,5,20,0
1990,77,1,0,0,0,0,0,0,0,0
1990,75,2,0,0,0,0,0,0,0,0
1990,43,1,0,0,0,0,909,6,0,0
1990,39,2,0,0,0,0,909,6,0,0
1990,25,2,1,0,0,1,159,5,50,0
1990,22,2,1,0,0,0,257,2,40,0
1990,23,1,2,2,0,0,658,1,48,0
1990,45,1,0,0,0,0,804,2,40,0
1990,42,2,0,0,0,0,17,3,40,0
1990,37,1,0,0,0,0,453,5,40,0
1990,35,2,0,0,0,0,777,1,48,0
1990,77,1,0,0,0,0,0,0,0,0
1990,68,2,0,0,0,1,305,1,0,0
1990,55,1,0,0,0,0,717,1,40,0
1990,52,2,0,0,0,0,276,3,30,0
1990,62,1,0,0,0,0,355,2,48,0
1990,53,2,0,0,0,0,25,4,40,0
1990,27,2,0,0,0,0,243,3,40,0
1990,26,1,0,0,0,0,276,3,30,0
1990,77,1,0,0,0,1,0,0,0,0
1990,73,2,0,0,0,1,0,0,0,0
1990,18,2,1,0,0,1,276,3,27,0
1990,53,1,0,0,0,1,243,3,40,0
1990,50,2,0,0,0,1,313,5,40,0
1990,43,1,0,0,0,1,48,2,60,1
1990,41,2,0,0,0,1,479,0,14,0
1990,37,1,1,0,0,0,366,2,40,0
1990,35,2,2,0,0,0,473,0,40,0
1990,77,1,3,0,0,0,0,0,0,0
1990,24,1,0,0,0,0,473,0,50,1
1990,24,2,0,0,0,0,458,4,40,0
1990,39,1,0,0,0,0,785,1,50,0
1990,38,2,0,0,0,0,22,4,35,0
1990,36,2,2,0,0,1,21,5,52,0
1990,58,1,0,0,0,0,518,1,40,0
1990,55,2,0,0,0,0,0,0,0,0
1990,25,1,0,0,0,0,243,3,55,0
1990,23,2,0,0,0,0,379,3,38,0
1990,47,1,0,0,0,1,259,1,40,1
1990,47,2,0,0,0,0,13,1,40,0
1990,18,1,1,0,0,1,274,5,40,0
1990,77,2,3,0,0,0,0,0,0,0
1990,40,1,2,0,0,0,785,1,50,0
1990,80,2,3,0,0,0,0,0,0,0
1990,39,2,2,0,0,0,628,1,40,0
1990,24,2,1,0,0,0,0,0,0,0
1990,28,2,0,0,0,0,466,5,25,0
1990,35,1,0,0,0,0,595,0,40,0
1990,79,1,0,0,0,0,783,5,40,0
1990,69,2,0,0,0,0,444,3,0,0
1990,67,1,0,0,0,0,479,0,30,0
1990,63,2,0,0,0,0,0,0,0,0
1990,41,1,0,0,0,1,308,1,40,0
1990,38,2,0,0,0,0,377,5,40,0
1990,32,1,0,0,0,0,779,1,56,0
1990,30,2,0,0,0,1,467,5,24,0
1990,34,1,0,0,0,1,806,3,60,0
1990,32,2,0,0,0,1,313,5,40,0
1990,19,1,1,1,0,0,759,1,50,0
1990,65,1,1,0,0,0,0,0,0,0
1990,50,2,2,0,0,0,446,5,30,0
1990,42,1,0,0,0,1,22,4,45,1
1990,41,2,0,0,0,1,204,5,40,0
1990,63,2,1,2,1,0,779,1,0,0
1990,70,2,0,1,0,0,0,0,0,0
1990,78,1,0,0,0,0,0,0,0,0
1990,72,2,0,0,0,0,0,0,0,0
1990,54,1,2,0,0,0,0,0,0,0
1990,68,2,3,0,0,0,444,4,0,0
1990,55,1,0,0,0,1,156,5,50,0
1990,54,2,0,0,0,1,156,5,40,0
1990,25,2,2,0,0,0,274,3,40,0
1990,63,2,3,0,0,0,0,0,0,0
1990,65,2,3,0,0,0,0,0,0,0
1990,55,1,0,0,0,1,176,5,40,0
1990,52,2,0,0,0,1,95,5,36,0
1990,27,2,0,0,0,0,383,4,40,0
1990,29,1,0,0,0,0,785,1,48,0
1990,51,1,0,0,0,0,364,1,0,0
1990,51,2,0,0,0,0,734,1,0,0
1990,19,1,1,0,0,0,436,3,0,0
1990,34,1,0,0,0,1,22,4,50,0
1990,31,2,0,0,0,1,337,1,14,0
1990,24,1,0,0,0,0,878,1,40,0
1990,21,2,0,0,0,0,785,1,40,0
1990,54,1,0,0,0,0,887,1,40,0
1990,51,2,0,0,0,0,0,0,0,0
1990,25,1,1,0,0,1,628,1,40,0
1990,25,1,1,0,0,1,214,1,45,0
1990,41,1,0,0,0,1,14,1,45,1
1990,40,2,0,0,0,1,387,5,40,0
1990,76,2,3,0,0,0,0,0,0,0
1990,30,1,0,0,0,0,764,1,40,0
1990,29,2,0,0,0,0,785,1,40,0
1990,66,1,3,0,0,0,0,0,0,0
1990,54,1,0,0,0,0,796,1,56,0
1990,49,2,0,0,0,0,796,1,45,0
1990,69,2,3,0,0,0,0,0,0,0
1990,68,1,0,0,0,0,22,1,13,0
1990,64,2,0,0,0,0,0,0,0,0
1990,36,1,0,0,0,1,869,0,40,0
1990,31,2,0,0,0,1,356,3,40,0
1990,40,1,0,0,0,1,157,5,40,0
1990,41,2,0,0,0,0,29,3,40,0
1990,32,1,0,0,0,1,473,0,80,0
1990,25,2,0,0,0,1,95,5,32,0
1990,42,1,0,0,0,1,534,4,40,1
1990,42,2,0,0,0,1,22,2,40,0
1990,21,2,1,0,0,1,319,4,20,0
1990,18,1,1,0,0,0,865,4,20,0
1990,71,1,0,0,0,1,5,6,15,0
1990,69,2,0,0,0,0,254,4,30,0
1990,60,1,0,0,0,0,855,0,0,0
1990,46,2,0,0,0,1,436,3,40,0
1990,21,1,1,0,0,1,567,0,32,0
1990,18,2,1,0,0,0,159,5,0,0
1990,70,2,3,0,0,0,0,0,0,0
1990,78,1,0,0,0,1,22,3,30,1
1990,72,2,0,0,0,1,156,5,8,0
1990,38,1,0,0,0,1,354,2,40,0
1990,31,2,0,0,0,0,389,4,40,0
1990,71,1,0,0,0,0,0,0,0,0
1990,76,2,0,0,0,0,0,0,0,0
1990,77,2,3,0,0,0,0,0,0,0
1990,23,2,3,0,0,1,243,3,40,0
1990,45,1,0,0,0,0,0,0,0,0
1990,51,2,0,0,0,0,447,5,40,0
1990,67,2,2,0,0,0,804,2,0,0
1990,56,1,0,0,0,0,804,2,40,0
1990,58,2,0,0,0,0,436,3,40,0
1990,66,1,0,0,0,0,0,0,0,0
1990,61,2,0,0,0,0,0,0,0,0
1990,30,2,1,0,0,0,0,0,0,0
1990,29,1,1,0,0,0,877,3,39,0
1990,71,1,0,0,0,0,0,0,0,0
1990,28,1,0,0,0,1,889,1,0,0
1990,30,2,0,0,0,1,458,4,45,0
1990,27,1,0,0,0,0,575,5,40,0
1990,23,2,0,0,0,0,203,5,35,0
1990,73,1,0,0,0,0,0,0,0,0
1990,71,2,0,0,0,0,0,0,0,0
1990,38,1,0,0,0,1,628,1,50,0
1990,38,2,0,0,0,0,23,3,32,0
1990,64,1,0,0,0,0,0,0,0,0
1990,63,2,0,0,0,0,0,0,0,0
1990,34,2,2,0,0,0,0,0,0,0
1990,72,1,0,0,0,1,473,0,50,0
1990,67,2,0,0,0,1,0,0,0,0
1990,46,1,1,0,0,0,473,0,60,0
1990,44,1,2,0,0,1,473,0,40,0
1990,41,1,0,0,0,0,519,1,40,0
1990,36,2,0,0,0,0,354,2,40,0
1990,52,1,0,0,0,0,525,1,40,1
1990,56,2,0,0,0,0,0,0,0,0
1990,41,1,0,0,0,1,579,0,30,0
1990,42,2,0,0,2,0,0,0,0,0
1990,20,1,1,0,0,1,486,4,60,0
1990,76,2,1,0,0,0,0,0,0,0
1990,25,1,0,0,0,0,748,4,50,0
1990,24,2,0,0,0,0,453,4,40,0
1990,51,1,0,0,0,1,14,5,40,1
1990,51,2,0,0,0,1,313,5,40,0
1990,28,1,0,0,0,0,885,4,47,0
1990,26,2,0,0,0,0,276,3,20,0
1990,39,1,0,0,0,1,157,5,40,0
1990,41,2,0,0,0,0,157,5,35,0
1990,43,1,1,0,0,0,479,0,70,1
1990,19,1,1,0,0,0,696,1,45,0
1990,37,1,0,0,0,1,473,0,60,0
1990,33,2,0,0,0,1,156,5,40,0
1990,34,1,0,0,0,0,779,1,48,0
1990,35,2,0,0,0,0,808,5,6,0
1990,31,1,0,0,0,0,804,0,48,0
1990,30,2,0,0,0,0,313,5,40,0
1990,66,1,0,0,0,0,889,5,40,0
1990,63,2,0,0,0,1,95,5,24,0
1990,44,1,0,0,0,1,7,3,40,0
1990,42,2,0,0,0,1,387,5,22,0
1990,21,1,0,0,0,0,889,1,40,0
1990,20,2,0,0,0,1,0,0,0,0
1990,73,1,0,0,0,1,0,0,0,0
1990,64,2,0,0,0,0,0,0,0,0
1990,44,1,0,0,0,0,804,3,40,0
1990,41,2,0,0,0,0,436,5,40,0
1990,22,1,1,0,0,0,883,3,40,0
1990,49,2,2,0,0,1,156,5,40,0
1990,73,1,0,0,0,0,0,0,0,0
1990,72,2,0,0,0,0,0,0,0,0
1990,43,1,0,0,0,0,44,1,56,0
1990,41,2,0,0,0,0,313,6,40,0
1990,39,1,3,0,0,0,27,2,50,0
1990,30,2,3,0,0,1,23,5,40,0
1990,75,1,0,0,0,1,78,1,0,1
1990,73,2,0,0,0,1,95,1,0,1
1990,71,1,0,0,0,0,796,1,30,0
1990,69,2,0,0,0,0,0,0,0,0
1990,43,2,1,0,0,1,164,5,40,0
1990,62,1,0,0,0,0,628,5,40,0
1990,61,2,0,0,0,0,0,0,0,0
1990,40,1,0,0,0,1,17,4,50,1
1990,45,2,0,0,0,1,174,5,40,1
1990,73,1,1,0,0,1,0,0,0,0
1990,36,1,0,0,0,1,634,1,42,0
1990,34,2,0,0,0,1,156,5,36,0
1990,48,1,0,0,0,0,17,3,50,0
1990,40,2,0,0,0,0,467,5,30,0
1990,30,1,0,0,0,1,628,1,60,0
1990,29,2,0,0,0,1,337,2,40,0
1990,59,1,0,0,0,0,253,4,40,0
1990,56,2,0,0,0,0,383,4,40,0
1990,40,1,0,0,0,1,56,1,40,0
1990,40,2,0,0,0,0,376,2,40,0
1990,32,1,0,0,0,1,877,3,40,0
1990,27,2,0,0,0,1,156,5,40,0
1990,40,1,0,0,0,1,355,2,42,0
1990,37,2,0,0,0,0,0,0,0,0
1990,34,2,2,0,0,0,706,1,48,0
1990,35,1,1,0,0,1,197,5,50,0
1990,21,1,0,0,0,0,588,0,35,0
1990,32,1,0,0,0,1,84,5,75,1
1990,32,2,0,0,0,1,0,0,0,0
1990,30,1,0,0,0,1,505,4,50,0
1990,30,2,0,0,0,0,335,4,40,0
1990,32,1,0,0,0,0,13,1,60,0
1990,30,2,0,0,0,0,37,4,40,0
1990,53,1,0,0,0,0,485,5,50,0
1990,29,2,0,0,0,0,278,1,22,0
1990,60,1,0,0,0,0,523,3,40,0
1990,60,2,0,0,0,0,0,0,0,0
1990,26,1,1,0,0,1,853,0,44,0
1990,23,1,1,0,0,0,804,3,40,0
1990,57,1,0,0,0,0,704,1,48,1
1990,52,2,0,0,0,0,0,0,0,0
1990,28,1,3,0,0,0,579,0,0,0
1990,62,2,3,3,0,0,337,4,5,0
1990,26,1,1,3,0,1,447,5,40,0
1990,50,2,3,0,0,0,514,1,40,0
1990,41,2,2,0,0,1,266,3,40,0
1990,44,1,0,0,0,1,156,5,40,0
1990,40,2,0,0,0,1,458,4,40,0
1990,48,1,3,0,0,0,575,0,40,0
1990,28,1,0,0,0,1,359,4,40,0
1990,23,2,0,0,0,1,313,4,40,0
1990,35,1,3,0,0,0,653,3,40,0
1990,28,2,3,0,0,0,0,0,0,0
1990,65,1,0,0,0,0,653,1,0,0
1990,61,2,0,0,0,0,436,3,30,0
1990,47,2,2,0,0,0,453,1,40,0
1990,20,2,1,0,0,0,17,3,45,0
1990,55,1,0,0,0,0,364,2,40,0
1990,52,2,0,0,0,0,0,0,0,0
1990,20,2,1,0,0,0,315,3,40,0
1990,56,2,3,0,0,0,407,4,0,0
1990,29,1,0,0,0,0,567,0,32,0
1990,27,2,0,0,0,0,779,5,40,0
1990,55,1,0,0,0,1,243,3,50,0
1990,32,2,0,0,0,0,0,0,0,0
1990,72,1,0,0,0,0,426,4,30,0
1990,62,2,0,0,0,0,438,3,0,0
1990,42,1,0,0,0,1,255,4,50,1
1990,42,2,0,0,0,1,156,5,0,0
1990,32,1,0,0,0,0,883,1,46,0
1990,28,2,0,0,0,0,447,5,40,0
1990,75,1,3,0,0,1,0,0,0,0
1990,31,1,2,0,0,0,567,0,75,0
1990,26,1,3,0,0,0,453,2,40,0
1990,40,1,1,0,0,0,779,1,50,0
1990,27,1,0,0,0,0,628,2,40,0
1990,24,2,0,0,0,0,313,4,40,0
1990,63,1,0,0,0,1,575,1,0,0
1990,60,2,0,0,0,1,329,5,0,0
1990,38,1,0,0,0,0,777,1,48,0
1990,40,2,0,0,0,0,276,3,40,0
1990,18,1,1,0,0,0,866,0,35,0
1990,79,2,3,0,0,0,0,0,0,0
1990,58,1,0,0,0,1,44,1,41,1
1990,40,2,0,0,0,1,22,4,40,0
1990,28,1,0,0,0,1,57,1,40,0
1990,24,2,0,0,0,1,18,4,40,0
1990,51,1,0,0,0,0,637,1,48,1
1990,50,2,0,0,0,1,0,0,0,0
1990,26,2,3,0,0,0,276,3,30,0
1990,33,1,0,0,0,0,883,2,50,0
1990,31,2,0,0,0,0,0,0,0,0
1990,61,1,0,0,0,0,637,1,0,0
1990,59,2,0,0,0,0,0,0,0,0
1990,28,1,0,0,0,1,365,3,40,0
1990,35,2,0,0,0,1,204,5,30,0
1990,42,1,2,0,0,0,514,4,40,0
1990,18,2,1,0,0,0,379,4,0,0
1990,41,2,2,0,0,0,436,3,0,0
1990,39,1,0,3,3,0,17,3,40,1
1990,27,2,0,3,3,0,337,3,0,0
1990,22,2,3,3,3,0,435,3,40,0
1990,49,1,0,0,2,1,59,6,40,0
1990,47,2,0,0,0,0,486,3,15,0
1990,59,1,0,0,0,1,174,5,40,1
1990,55,2,0,0,0,0,274,3,20,0
1990,33,1,0,0,0,1,216,1,45,0
1990,34,2,0,0,0,1,444,5,15,0
1990,32,1,0,0,0,0,725,1,40,0
1990,26,2,0,0,0,1,313,4,35,0
1990,59,1,0,0,0,1,243,3,60,1
1990,58,2,0,0,0,1,243,3,60,0
1990,38,1,0,0,0,0,575,2,40,0
1990,39,2,0,0,0,1,458,4,70,0
1990,19,2,1,0,0,0,259,3,30,0
1990,55,1,2,0,0,0,804,2,40,0
1990,25,2,0,0,0,0,443,5,40,0
1990,29,1,0,0,0,0,806,1,40,0
1990,39,1,2,0,0,1,796,1,48,0
1990,29,1,2,0,0,0,783,1,40,0
1990,30,2,0,0,0,0,445,5,40,0
1990,22,1,0,0,0,0,208,2,50,0
1990,48,2,2,0,0,0,313,0,15,0
1990,61,2,3,0,0,0,785,1,40,0
1990,24,2,0,0,0,0,435,3,30,0
1990,24,1,0,0,0,0,785,1,40,0
1990,24,1,0,0,0,0,766,1,40,0
1990,21,2,0,0,0,0,733,1,40,0
1990,74,1,3,0,0,0,0,0,0,0
1990,68,1,0,0,0,0,0,0,0,0
1990,72,2,0,0,0,0,0,0,0,0
1990,47,1,0,0,0,0,637,1,48,0
1990,40,2,0,0,0,0,487,0,30,0
1990,77,1,3,0,0,0,575,1,40,0
1990,79,1,3,0,0,0,0,0,0,0
1990,74,1,0,0,0,1,0,0,0,0
1990,63,2,0,0,0,1,22,2,0,0
1990,50,1,0,0,0,1,856,4,40,0
1990,46,2,0,0,0,0,796,1,40,0
1990,28,2,1,0,0,0,889,3,38,0
1990,44,2,0,0,0,1,17,3,40,0
1990,44,1,0,0,0,1,7,3,40,0
1990,40,2,2,0,0,0,777,1,40,0
1990,21,2,1,0,0,0,579,1,40,0
1990,29,1,2,0,0,0,547,3,40,0
1990,78,2,3,0,0,0,0,0,0,0
1990,29,1,0,0,0,1,278,1,50,0
1990,24,2,0,0,0,1,434,3,30,0
1990,61,1,0,0,0,0,804,2,0,0
1990,58,2,0,0,0,0,313,2,40,0
1990,32,1,0,0,0,0,558,0,45,0
1990,31,2,0,0,0,0,354,2,40,0
1990,52,1,0,0,0,0,637,1,48,0
1990,53,2,0,0,0,0,476,0,40,0
1990,48,1,0,0,0,0,338,6,40,0
1990,42,2,0,0,0,0,804,3,28,0
1990,19,2,1,0,0,0,276,3,28,0
1990,33,1,0,0,0,0,516,0,40,0
1990,33,2,0,0,0,1,156,5,35,0
1990,47,1,0,0,0,0,804,2,40,0
1990,38,2,0,0,0,0,808,5,30,0
1990,44,1,0,0,0,1,213,1,40,0
1990,43,2,0,0,0,1,156,5,40,0
1990,27,1,0,0,0,0,567,0,30,0
1990,28,2,0,0,0,1,487,0,40,0
1990,41,1,0,0,0,0,533,1,48,1
1990,40,2,0,0,0,0,0,0,0,0
1990,41,1,1,0,0,1,157,5,40,0
1990,32,1,2,0,0,1,213,2,40,0
1990,38,2,2,0,0,0,376,2,40,0
1990,54,1,0,0,0,0,523,4,0,0
1990,50,2,0,0,0,0,185,3,0,0
1990,61,2,3,0,0,0,0,0,0,0
1990,19,2,1,0,0,0,317,4,40,0
1990,21,2,1,0,0,0,877,3,20,0
1990,25,1,0,0,0,1,796,4,50,0
1990,25,2,0,0,0,0,276,3,25,0
1990,56,1,0,0,0,1,22,1,48,1
1990,57,2,0,0,0,1,0,0,0,0
1990,48,1,2,0,0,0,579,1,40,0
1990,19,1,1,0,0,0,877,3,30,0
1990,34,1,0,0,0,0,567,0,48,0
1990,30,2,0,0,0,1,207,5,32,0
1990,36,2,3,0,0,1,13,2,40,0
1990,42,2,3,0,0,1,234,4,37,0
1990,45,1,0,0,0,0,417,6,60,0
1990,36,2,0,0,0,1,376,2,45,0
1990,35,1,0,0,0,1,156,5,40,0
1990,35,2,0,0,0,0,155,5,20,0
1990,35,1,0,0,2,1,85,5,50,1
1990,34,2,0,0,0,1,313,5,40,0
1990,77,1,0,0,0,0,457,4,0,0
1990,73,2,0,0,2,0,0,0,0,0
1990,28,1,1,0,0,1,364,2,20,0
1990,39,1,0,0,0,0,243,3,50,1
1990,39,2,0,0,0,1,769,3,20,0
1990,42,1,0,0,0,1,253,4,50,1
1990,41,2,0,0,0,1,159,2,12,0
1990,58,1,0,0,0,0,485,0,40,0
1990,55,2,0,0,0,0,0,0,0,0
1990,35,1,2,0,0,0,22,0,70,0
1990,24,1,1,0,0,0,486,0,70,0
1990,28,2,1,0,0,1,224,1,40,0
1990,29,1,1,0,0,1,73,5,40,0
1990,50,1,0,0,0,1,243,3,50,0
1990,50,2,0,0,0,1,243,3,50,0
1990,52,1,0,0,0,1,84,5,50,1
1990,52,2,0,0,0,1,0,0,0,0
1990,23,1,1,0,0,1,567,0,40,0
1990,18,1,1,0,0,0,804,3,17,0
1990,57,1,0,0,0,1,254,4,45,0
1990,49,2,0,0,0,1,254,4,65,1
1990,21,2,1,0,0,1,313,4,15,0
1990,20,2,1,0,0,1,313,4,20,0
1990,28,1,1,0,0,1,628,1,50,0
1990,21,2,0,0,0,1,319,3,30,0
1990,23,1,0,0,0,1,22,3,50,0
1990,37,2,1,0,0,1,155,5,50,0
1990,28,1,0,0,0,1,22,1,50,0
1990,26,2,0,0,0,0,313,4,0,0
1990,44,1,0,0,0,1,255,4,60,1
1990,40,2,0,0,0,1,229,4,0,0
1990,26,1,0,0,0,0,518,1,40,0
1990,25,2,0,0,0,1,379,3,8,0
1990,35,1,0,0,0,0,785,1,40,0
1990,35,2,0,0,0,0,156,5,40,0
1990,41,2,2,0,0,0,27,4,35,0
1990,36,1,2,0,0,0,709,1,40,0
1990,34,1,0,0,0,0,259,3,40,0
1990,32,2,0,0,0,1,257,4,47,0
1990,30,1,0,0,0,0,22,4,60,0
1990,28,2,0,0,0,0,0,0,0,0
1990,35,1,0,0,0,1,883,1,30,0
1990,24,2,0,0,0,1,339,5,40,0
1990,75,2,0,0,0,0,0,0,0,0
1990,44,1,2,0,0,0,889,3,40,0
1990,29,1,0,0,0,0,243,3,40,0
1990,28,2,0,0,0,0,337,3,40,0
1990,27,1,2,0,0,0,769,1,40,0
1990,72,1,0,0,0,0,0,0,0,0
1990,70,2,0,0,0,0,0,0,0,0
1990,40,1,0,0,0,0,518,1,37,0
1990,40,2,0,0,0,1,95,5,30,0
1990,37,1,0,0,0,1,796,4,40,0
1990,36,2,0,0,0,1,314,5,40,0
1990,68,1,2,0,0,0,887,3,40,0
1990,39,1,2,0,0,0,505,4,50,0
1990,28,1,2,0,0,1,525,3,40,0
1990,72,1,0,0,0,0,0,0,0,0
1990,67,2,0,0,0,1,157,5,15,0
1990,75,2,3,0,0,0,0,0,0,0
1990,63,1,0,0,0,0,549,3,40,0
1990,69,2,0,0,0,0,0,0,0,0
1990,43,1,2,0,0,0,887,3,40,0
1990,22,2,0,0,0,0,447,5,99,0
1990,23,1,0,0,0,0,446,5,99,0
1990,23,1,0,0,0,0,22,0,55,0
1990,23,2,0,0,0,0,0,0,0,0
1990,30,1,0,0,0,0,783,1,40,0
1990,36,2,0,0,0,1,458,4,30,0
1990,54,2,1,0,0,1,163,5,40,0
1990,29,1,0,0,0,1,65,1,40,0
1990,23,2,0,0,0,0,445,5,35,0
1990,31,1,0,0,0,0,22,1,50,0
1990,28,2,0,0,0,0,0,0,0,0
1990,64,1,0,0,0,0,628,1,40,0
1990,59,2,0,0,0,0,0,0,0,0
1990,61,1,0,0,0,0,889,1,40,0
1990,59,2,0,0,0,0,785,3,40,0
1990,38,1,1,0,0,0,0,0,0,0
1990,34,2,2,0,0,0,757,1,48,0
1990,69,2,3,0,0,0,0,0,0,0
1990,47,2,3,0,0,0,243,3,21,0
1990,36,1,0,0,0,1,567,0,45,0
1990,27,2,0,0,0,1,157,5,40,0
1990,19,2,1,0,0,0,276,3,25,0
1990,77,2,3,0,0,0,0,0,0,0
1990,61,1,0,0,0,0,593,0,50,0
1990,60,2,0,0,0,0,0,0,0,0
1990,37,2,2,0,0,1,22,2,36,0
1990,46,2,1,0,0,0,0,0,0,0
1990,32,1,0,0,0,0,704,1,60,0
1990,29,2,0,0,0,1,386,5,40,0
1990,45,1,0,0,0,0,777,1,40,0
1990,42,2,0,0,0,0,435,4,40,0
1990,26,1,1,0,0,1,748,4,30,0
1990,18,2,1,0,0,1,435,3,20,0
1990,21,1,1,1,0,1,243,5,25,0
1990,50,1,2,1,0,0,516,2,40,0
1990,48,2,1,1,0,0,376,1,40,0
1990,25,1,1,1,0,0,22,1,40,0
1990,77,1,0,0,0,0,0,0,0,0
1990,72,2,0,0,0,0,0,0,0,0
1990,34,2,2,3,0,0,889,4,0,0
1990,19,2,1,0,0,0,436,3,40,0
1990,35,1,0,0,0,1,23,1,50,0
1990,34,2,0,0,0,1,0,0,0,0
1990,45,1,0,0,0,0,804,2,40,0
1990,45,2,0,0,0,1,228,4,30,0
1990,49,1,3,0,0,0,779,1,44,0
1990,70,2,3,0,0,0,0,0,0,0
1990,52,1,0,0,0,0,766,6,48,0
1990,49,2,0,0,0,0,276,3,35,0
1990,45,1,0,0,0,0,585,6,40,0
1990,44,2,0,0,0,0,0,0,0,0
1990,23,2,3,0,0,0,436,3,35,0
1990,53,1,0,0,0,0,709,1,0,0
1990,50,2,0,0,0,0,0,0,0,0
1990,25,2,1,0,0,1,447,5,40,0
1990,27,2,2,0,0,0,22,3,38,0
1990,18,2,1,0,0,0,274,3,35,0
1990,55,1,0,0,0,0,806,1,55,0
1990,44,2,0,0,0,0,466,5,40,0
1990,22,2,1,0,0,1,17,3,56,0
1990,19,1,0,0,0,0,869,0,60,0
1990,22,2,0,0,0,0,335,4,40,0
1990,54,1,0,0,0,0,575,1,50,1
1990,50,2,0,0,0,0,22,1,40,0
1990,21,2,1,0,0,0,274,3,20,0
1990,21,1,1,0,0,0,877,3,40,0
1990,45,1,0,0,0,0,777,3,40,0
1990,45,2,0,0,0,0,355,2,33,0
1990,20,2,1,0,0,1,438,3,20,0
1990,43,1,0,0,0,0,785,1,40,0
1990,35,2,0,0,0,0,436,5,37,0
1990,55,1,0,0,0,0,243,3,45,0
1990,53,2,0,0,0,1,268,3,5,0
1990,62,1,0,0,0,0,473,0,48,0
1990,64,2,0,0,0,0,0,0,0,0
1990,29,1,1,0,0,0,785,1,40,0
1990,35,2,2,0,0,0,243,3,40,0
1990,62,2,3,0,0,0,276,3,40,0
1990,76,1,1,0,0,0,0,0,0,1
1990,73,1,2,0,0,0,0,0,0,0
1990,55,1,0,0,0,1,243,3,40,1
1990,52,2,0,0,0,0,0,0,0,0
1990,30,1,2,0,0,0,889,1,40,0
1990,55,1,0,0,0,0,785,1,40,0
1990,44,2,0,0,0,0,0,0,0,0
1990,18,1,1,0,0,0,0,0,0,0
1990,32,1,2,0,0,1,36,4,45,0
1990,45,1,0,0,0,1,877,3,40,0
1990,39,2,0,0,0,1,313,5,40,0
1990,48,1,2,0,0,1,22,5,40,0
1990,22,1,1,0,0,1,154,5,40,0
1990,55,1,0,0,0,1,156,5,50,0
1990,55,2,0,0,0,1,157,5,50,0
1990,18,2,1,0,0,0,0,0,0,0
1990,76,2,0,0,0,0,0,0,0,0
1990,33,1,0,0,0,1,253,4,52,0
1990,32,2,0,0,0,1,203,5,35,0
1990,36,1,0,0,0,1,475,0,60,0
1990,29,2,0,0,0,1,0,0,0,0
1990,76,1,0,0,0,0,475,0,40,0
1990,71,2,0,0,0,0,0,0,0,0
1990,70,2,3,0,0,0,0,0,0,0
1990,53,1,0,0,0,0,869,0,40,0
1990,48,2,0,0,0,1,354,2,15,0
1990,34,1,1,0,0,1,473,0,40,0
1990,37,1,2,0,0,1,696,4,60,0
1990,64,1,0,0,0,0,473,0,50,0
1990,58,2,0,0,0,0,0,0,0,0
1990,23,2,1,0,0,0,0,0,0,0
1990,21,2,1,0,0,0,614,0,40,0
1990,60,1,0,0,0,0,475,0,85,0
1990,58,2,0,0,0,0,337,3,9,0
1990,66,2,3,0,0,0,337,3,10,0
1990,74,2,3,0,0,0,274,3,0,0
1990,62,1,2,0,0,0,268,3,40,0
1990,61,2,3,0,0,0,436,5,32,0
1990,61,1,0,0,0,0,844,0,0,0
1990,57,2,0,0,0,0,0,0,0,0
1990,30,1,0,0,0,1,414,6,40,0
1990,30,2,0,0,0,1,174,6,40,0
1990,49,1,0,0,0,0,6,6,40,0
1990,34,2,0,0,0,0,465,5,35,0
1990,22,1,1,0,0,1,869,0,43,0
1990,42,1,1,0,0,1,598,0,42,0
1990,52,1,0,0,0,0,28,3,45,0
1990,37,2,0,0,0,0,0,0,0,0
1990,50,1,0,0,0,1,479,0,70,0
1990,46,2,0,0,0,0,479,0,30,0
1990,43,1,2,0,0,1,259,3,56,0
1990,55,1,0,0,0,0,267,3,40,0
1990,51,2,0,0,0,0,0,0,0,0
1990,42,2,2,0,0,0,276,3,40,0
1990,19,1,1,0,0,0,804,0,60,0
1990,41,1,2,0,0,0,804,2,70,0
1990,74,2,3,0,0,0,436,3,2,0
1990,62,1,0,0,0,0,479,0,50,0
1990,54,2,0,0,0,1,453,5,0,0
1990,64,1,0,0,0,0,598,0,60,0
1990,62,2,0,0,0,0,0,0,0,0
1990,64,2,2,0,0,1,337,4,32,0
1990,71,1,0,0,0,0,473,0,40,0
1990,68,2,0,0,0,0,0,0,0,0
1990,70,2,3,0,0,0,404,4,2,0
1990,77,2,3,0,0,0,435,3,14,0
1990,37,1,1,0,0,0,804,2,70,0
1990,24,1,0,0,0,1,885,3,35,0
1990,19,2,0,0,0,1,453,3,32,0
1990,68,1,0,0,0,1,877,3,25,0
1990,68,2,0,0,0,0,0,0,0,0
1990,80,2,3,0,0,1,0,0,0,0
1990,72,1,0,0,0,0,0,0,0,0
1990,72,2,0,0,0,0,159,5,4,0
1990,37,1,0,0,0,1,475,0,70,0
1990,38,2,0,0,0,1,337,0,60,0
1990,44,1,0,3,0,0,453,1,40,0
1990,49,2,0,3,3,0,407,4,20,0
1990,63,2,0,0,0,0,406,4,20,0
1990,71,1,0,0,0,0,453,4,10,0
1990,66,1,0,0,0,0,0,0,0,0
1990,60,2,0,0,0,0,436,5,30,0
1990,45,1,2,0,0,0,869,0,40,0
1990,80,2,3,0,0,0,0,0,0,0
1990,72,1,0,0,0,0,869,0,0,0
1990,77,2,0,0,0,0,0,0,0,0
1990,37,1,0,0,0,1,5,6,45,0
1990,35,2,0,0,0,1,466,5,50,0
1990,40,1,0,0,0,1,225,0,48,0
1990,38,2,0,0,0,1,313,5,40,0
1990,49,1,0,0,0,1,207,5,48,0
1990,34,2,0,0,0,0,383,4,40,0
1990,28,1,0,0,0,1,14,5,45,0
1990,26,2,0,0,0,1,156,5,40,0
1990,79,1,3,0,0,0,0,0,0,0
1990,34,1,0,0,0,1,22,5,50,0
1990,41,2,0,0,0,0,458,4,48,0
1990,69,1,1,0,0,0,0,0,0,0
1990,28,1,1,0,0,1,365,1,65,0
1990,38,2,2,0,0,1,308,5,40,0
1990,37,2,2,2,0,1,337,4,35,0
1990,26,1,0,0,0,1,17,3,75,0
1990,26,2,0,0,0,0,197,3,20,0
1990,61,2,2,0,0,0,0,0,0,0
1990,26,1,0,0,0,1,628,1,48,0
1990,23,2,0,0,0,1,888,3,40,0
1990,27,1,0,2,1,0,486,5,40,0
1990,25,2,0,2,0,1,338,5,40,0
1990,39,1,0,0,0,0,783,3,40,0
1990,35,2,0,0,0,0,276,3,40,0
1990,36,1,0,0,0,1,14,5,40,0
1990,36,2,0,0,0,1,95,5,44,0
1990,23,2,1,0,0,1,174,6,45,0
1990,27,1,0,0,0,0,473,0,0,0
1990,23,2,0,0,0,1,383,4,0,0
1990,55,1,0,0,0,0,379,3,47,0
1990,59,2,0,0,0,0,0,0,0,0
1990,48,1,0,0,0,1,473,0,40,0
1990,47,2,0,0,0,0,315,4,60,0
1990,39,1,0,0,0,1,887,0,40,1
1990,38,2,0,0,0,0,338,5,40,0
1990,59,1,0,0,0,1,386,0,80,1
1990,50,2,0,0,0,1,188,5,40,0
1990,18,2,1,0,0,0,0,0,0,0
1990,44,1,0,0,0,1,473,0,50,0
1990,37,2,0,0,0,1,157,5,40,0
1990,29,1,0,0,1,0,889,3,80,0
1990,29,2,0,0,0,0,156,5,20,0
1990,44,2,3,0,0,0,276,3,40,0
1990,56,1,0,0,1,0,0,0,0,0
1990,48,2,0,0,1,0,0,0,0,0
1990,35,1,0,0,1,0,479,0,66,0
1990,35,2,0,0,1,0,0,0,0,0
1990,27,2,2,0,0,0,444,3,30,0
1990,32,1,0,0,0,1,337,0,66,0
1990,26,2,0,0,0,0,315,4,0,0
1990,34,2,1,0,0,1,734,1,40,0
1990,29,1,0,0,0,1,486,6,42,0
1990,28,2,0,0,0,1,22,3,20,0
1990,38,1,2,0,0,0,539,2,0,0
1990,30,2,0,0,0,0,747,4,20,0
1990,30,1,0,0,0,0,869,0,40,0
1990,57,2,0,0,0,0,5,6,40,0
1990,55,1,0,0,0,0,505,4,50,0
1990,30,1,0,0,0,0,804,2,72,0
1990,23,2,0,0,0,0,435,3,40,0
1990,36,1,0,0,0,1,517,3,48,0
1990,34,2,0,0,0,0,276,3,30,0
1990,29,1,0,0,0,1,473,0,35,0
1990,22,2,0,0,0,1,155,5,6,0
1990,40,1,0,0,0,0,558,2,40,0
1990,41,2,0,0,0,1,877,3,30,0
1990,66,2,3,0,0,1,159,5,17,0
1990,43,1,3,0,0,0,475,0,40,1
1990,34,2,2,0,0,0,22,3,40,0
1990,34,1,2,0,0,1,27,0,60,0
1990,30,1,0,0,0,1,243,3,40,0
1990,28,2,0,0,0,1,266,3,0,0
1990,32,2,2,0,0,0,458,4,45,0
1990,53,1,2,0,0,0,259,0,40,0
1990,38,1,0,0,0,1,505,4,50,0
1990,38,2,0,0,0,1,337,4,5,0
1990,26,1,1,0,0,0,22,1,45,0
1990,44,1,2,0,0,1,89,5,44,0
1990,30,1,2,0,0,0,614,0,60,0
1990,46,1,0,0,0,0,804,2,58,0
1990,43,2,0,0,0,1,579,1,40,0
1990,19,1,1,0,0,1,637,1,40,0
1990,18,2,1,0,0,0,22,5,45,0
1990,73,1,0,0,0,0,479,0,40,0
1990,78,2,0,0,0,0,0,0,0,0
1990,27,1,0,0,0,1,628,1,65,0
1990,27,2,0,0,0,1,383,4,35,0
1990,31,2,2,0,0,1,319,5,20,0
1990,77,2,3,0,0,0,0,0,0,0
1990,78,1,0,0,0,0,567,0,25,0
1990,75,2,0,0,0,0,0,0,0,0
1990,51,1,0,0,0,1,549,4,60,0
1990,48,2,0,0,0,1,156,5,40,0
1990,45,1,0,0,0,0,796,1,40,0
1990,40,2,0,0,0,0,438,3,42,0
1990,40,1,0,0,0,1,628,1,40,1
1990,34,2,0,0,0,0,315,1,40,0
1990,30,1,0,0,0,0,804,2,60,0
1990,26,2,0,0,0,1,0,0,0,0
1990,32,1,1,0,0,0,517,0,60,0
1990,64,1,0,0,0,0,473,0,60,0
1990,60,2,0,0,0,0,0,0,0,0
1990,32,1,0,0,0,0,889,2,40,0
1990,24,2,0,0,0,0,435,5,20,0
1990,69,1,3,0,0,0,0,0,0,0
1990,63,1,0,0,0,0,243,3,96,0
1990,64,2,0,0,0,1,243,3,96,0
1990,70,1,0,0,0,1,263,3,48,0
1990,38,2,0,0,0,0,0,0,0,0
1990,77,2,3,0,0,0,0,0,0,0
1990,64,2,0,0,0,0,0,0,0,0
1990,74,1,0,0,0,0,0,0,0,0
1990,37,1,0,0,0,1,414,6,58,0
1990,37,2,0,0,0,1,156,5,40,0
1990,42,1,0,0,0,1,43,3,42,0
1990,33,2,0,0,0,1,23,3,32,0
1990,67,1,0,0,0,0,263,3,30,0
1990,63,2,0,0,0,0,0,0,0,0
1990,46,2,2,0,0,0,447,5,40,0
1990,21,1,0,0,0,1,804,0,55,0
1990,25,2,0,0,0,1,317,4,30,0
1990,72,2,3,0,0,0,877,1,40,0
1990,31,2,2,0,0,0,313,2,24,0
1990,56,1,0,0,0,0,473,0,60,0
1990,53,2,0,0,0,0,313,5,40,0
1990,63,2,1,0,0,0,268,3,24,0
1990,68,2,1,0,0,0,0,0,0,0
1990,61,1,0,0,0,0,473,0,50,0
1990,60,2,0,0,0,0,22,0,50,0
1990,67,1,3,0,0,1,509,3,40,0
1990,29,1,3,0,0,0,473,0,55,0
1990,25,1,0,0,0,0,848,0,65,0
1990,22,2,0,0,0,0,877,3,36,0
1990,62,1,0,0,0,1,696,2,40,1
1990,60,2,0,0,0,1,0,0,0,0
1990,31,1,0,0,0,1,479,0,70,0
1990,30,2,0,0,0,1,95,5,24,0
1990,65,1,0,0,0,0,473,0,60,0
1990,49,2,0,0,0,1,17,3,40,0
1990,29,1,0,0,0,1,473,0,60,0
1990,25,2,0,0,0,1,156,5,35,0
1990,30,1,1,0,0,0,365,2,40,0
1990,58,2,0,0,0,0,436,5,35,0
1990,69,1,0,0,0,0,0,0,0,0
1990,56,1,0,0,0,0,747,4,36,0
1990,55,2,0,0,0,0,747,4,36,0
1990,78,1,0,0,0,0,473,0,40,0
1990,72,2,0,0,0,0,0,0,0,0
1990,25,1,0,0,0,0,637,1,40,0
1990,27,2,0,0,0,0,748,4,40,0
1990,40,1,0,0,0,1,355,2,40,0
1990,37,2,0,0,0,0,636,1,37,0
1990,74,2,2,0,0,0,0,0,0,0
1990,70,1,0,0,0,0,0,0,0,0
1990,65,2,0,0,0,0,804,2,0,0
1990,49,1,0,0,0,0,22,6,40,0
1990,40,2,0,0,0,0,436,3,50,0
1990,79,2,0,0,0,0,0,0,0,0
1990,54,1,0,0,0,0,855,0,40,0
1990,33,2,0,3,0,1,95,5,40,0
1990,38,1,2,0,0,1,157,5,40,0
1990,32,1,0,0,0,0,785,1,50,0
1990,33,2,0,0,0,0,0,0,0,0
1990,76,2,3,0,0,0,0,0,0,0
1990,62,1,0,0,0,1,473,0,90,0
1990,58,2,0,0,0,1,389,6,40,0
1990,30,1,1,0,0,1,473,0,90,0
1990,58,2,3,0,0,1,316,6,8,0
1990,40,1,0,0,0,1,889,2,40,0
1990,41,2,0,0,0,0,458,4,70,0
1990,21,1,1,0,0,1,235,4,40,0
1990,19,1,1,0,0,1,766,1,0,0
1990,34,1,0,0,0,1,479,0,40,0
1990,31,2,0,0,0,1,443,3,0,0
1990,57,2,2,0,0,1,436,5,40,0
1990,37,1,0,0,0,0,479,0,80,0
1990,36,2,0,0,0,0,466,5,45,0
1990,59,2,3,0,0,1,447,4,7,0
1990,24,1,1,3,0,0,617,0,8,0
1990,74,2,3,0,0,0,453,4,40,0
1990,20,1,2,0,0,0,505,4,40,0
1990,56,2,3,0,0,0,274,3,33,0
1990,30,1,2,0,0,0,889,1,40,0
1990,70,1,0,0,0,0,337,3,27,0
1990,64,2,0,0,0,0,744,1,0,0
1990,45,1,0,0,0,0,186,5,20,0
1990,29,2,0,0,0,0,446,5,40,0
1990,66,2,1,0,0,0,0,0,0,0
1990,66,1,0,0,0,0,354,2,40,0
1990,56,2,0,0,0,0,389,4,37,0
1990,20,2,1,0,0,1,313,2,32,0
1990,56,1,0,0,0,0,853,2,40,0
1990,53,2,0,0,0,0,785,1,0,0
1990,28,1,0,0,0,1,379,5,40,0
1990,25,2,0,0,0,1,466,5,16,0
1990,39,1,0,0,0,0,567,0,40,0
1990,37,2,0,0,0,0,16,2,24,0
1990,35,1,0,0,0,1,448,4,40,0
1990,33,2,0,0,0,0,453,5,40,0
1990,28,1,0,0,0,0,373,1,40,0
1990,30,2,0,0,0,1,268,3,0,0
1990,71,2,3,0,0,1,95,5,0,0
1990,35,2,2,0,0,0,203,5,40,0
1990,63,2,2,0,0,0,748,5,36,0
1990,61,2,3,0,0,1,303,2,0,0
1990,72,2,3,0,0,0,0,0,0,0
1990,52,1,0,0,0,1,23,5,40,0
1990,38,2,0,0,0,1,376,4,40,0
1990,21,1,0,0,0,0,637,1,40,0
1990,20,2,0,0,0,1,383,4,30,0
1990,67,2,3,0,0,1,0,0,0,0
1990,51,2,2,0,0,1,208,5,39,0
1990,30,2,3,0,0,1,435,3,0,0
1990,18,1,1,0,0,1,878,4,2,0
1990,18,1,1,0,0,1,878,4,35,0
1990,43,1,0,0,0,1,434,3,40,0
1990,49,2,0,2,0,0,436,3,0,0
1990,39,1,2,1,0,0,0,0,0,0
1990,26,2,2,0,0,0,0,0,0,0
1990,30,1,1,0,0,0,579,0,40,0
1990,57,1,0,0,0,0,637,2,48,0
1990,58,2,0,0,0,0,0,0,0,0
1990,80,2,3,0,0,0,0,0,0,0
1990,64,1,0,0,0,0,687,1,0,0
1990,69,2,0,0,0,0,744,1,0,0
1990,47,1,1,0,0,1,785,1,40,0
1990,38,1,2,0,0,1,783,2,40,0
1990,78,1,0,0,0,0,686,3,2,0
1990,75,2,0,0,0,0,0,0,0,0
1990,77,2,3,0,0,0,679,1,40,0
1990,72,1,0,0,0,0,259,1,0,0
1990,61,2,0,0,0,0,0,0,0,0
1990,32,1,0,0,0,1,856,1,45,0
1990,26,2,0,0,0,1,0,0,0,0
1990,37,1,0,0,0,0,479,0,80,0
1990,40,2,0,0,0,0,183,1,1,0
1990,22,1,0,0,0,0,473,0,84,0
1990,20,2,0,0,0,0,364,3,40,0
1990,33,1,0,0,0,1,465,6,40,0
1990,31,2,0,0,0,1,229,1,40,0
1990,31,1,0,0,0,0,709,1,40,0
1990,31,2,0,0,0,0,0,0,0,0
1990,52,1,0,0,0,0,259,3,35,0
1990,50,2,0,0,0,1,458,4,24,0
1990,76,1,0,0,0,1,0,0,0,0
1990,72,2,0,0,0,1,0,0,0,0
1990,35,1,0,0,0,1,785,1,40,0
1990,32,2,0,0,0,1,22,4,30,0
1990,31,2,3,0,0,1,453,4,46,0
1990,33,1,0,0,0,0,514,1,40,0
1990,32,2,0,0,0,0,466,5,42,0
1990,49,1,0,0,0,0,479,0,50,0
1990,34,2,0,0,0,1,95,5,50,0
1990,42,1,0,0,0,1,869,0,40,0
1990,39,2,0,0,0,1,458,4,16,0
1990,25,2,3,0,0,0,909,6,0,0
1990,67,1,0,0,0,0,479,0,40,0
1990,65,2,0,0,0,0,747,4,0,0
1990,73,1,2,0,0,0,486,0,3,0
1990,39,1,3,0,0,0,699,0,60,0
1990,76,2,3,0,0,0,0,0,0,0
1990,46,1,2,0,0,0,454,3,49,0
1990,63,2,3,0,0,0,379,5,40,0
1990,34,1,0,0,0,0,637,1,50,0
1990,33,2,0,0,0,1,156,5,45,0
1990,75,1,0,0,0,1,176,5,50,0
1990,75,2,0,0,0,1,313,5,20,0
1990,71,1,0,0,0,0,0,0,0,0
1990,66,2,0,0,0,1,447,5,0,0
1990,53,1,0,0,0,0,558,1,40,0
1990,54,2,0,0,0,1,95,5,40,0
1990,45,1,0,0,0,0,709,1,40,0
1990,41,2,0,0,0,1,355,2,40,0
1990,21,1,0,0,0,1,203,5,48,0
1990,19,2,0,0,0,0,468,5,40,0
1990,63,2,3,0,0,0,0,0,0,0
1990,33,1,2,0,0,0,785,1,0,0
1990,42,1,0,0,0,1,543,3,40,0
1990,38,2,0,0,0,1,458,4,28,0
1990,31,1,0,0,0,1,355,2,42,0
1990,37,2,0,0,0,1,466,5,55,0
1990,55,2,2,0,0,0,243,3,95,0
1990,39,1,0,0,0,1,159,5,30,0
1990,38,2,0,0,0,1,156,5,40,0
1990,29,1,0,0,0,0,804,2,45,0
1990,33,2,0,0,0,0,753,1,40,0
1990,29,1,0,0,0,1,22,4,60,0
1990,28,2,0,0,0,0,423,6,40,0
1990,35,2,0,0,0,1,22,4,50,0
1990,36,1,0,0,0,1,453,5,45,0
1990,51,1,0,0,0,0,223,0,84,0
1990,50,2,0,0,0,0,313,5,51,0
1990,22,2,1,0,0,1,385,1,30,0
1990,49,1,0,0,0,0,509,2,40,0
1990,46,2,0,0,0,0,329,5,0,0
1990,51,1,0,0,0,1,628,1,45,0
1990,48,2,0,0,0,0,23,3,40,0
1990,21,1,1,0,0,1,313,5,32,0
1990,37,1,0,0,0,1,637,3,40,0
1990,37,2,0,0,0,1,365,1,40,0
1990,39,2,2,0,0,1,335,5,40,0
1990,45,1,3,0,0,1,77,4,40,0
1990,30,1,0,1,0,0,453,5,28,0
1990,28,2,0,1,0,1,8,5,48,0
1990,31,1,1,1,0,1,453,5,20,0
1990,41,1,1,0,0,1,25,4,50,0
1990,76,2,3,1,0,0,0,0,0,0
1990,41,1,2,1,0,1,0,0,0,0
1990,24,1,1,3,3,1,235,5,20,0
1990,27,1,1,3,3,1,235,5,20,0
1990,32,1,0,0,0,0,79,1,40,0
1990,32,2,0,0,0,0,274,4,14,0
1990,78,2,3,0,0,0,0,0,0,0
1990,44,2,1,0,0,0,785,1,40,0
1990,68,2,3,0,0,0,0,0,0,0
1990,32,1,2,0,0,1,508,1,55,0
1990,44,2,3,0,0,0,436,3,40,0
1990,25,1,2,0,0,0,889,4,35,0
1990,51,1,0,0,0,1,628,1,40,1
1990,52,2,0,0,0,0,0,0,0,0
1990,45,1,3,0,0,1,33,1,40,0
1990,71,1,0,0,0,0,804,1,0,0
1990,71,2,0,0,0,0,0,0,0,0
1990,23,1,1,0,0,0,486,0,40,0
1990,71,2,3,0,0,0,0,0,0,0
1990,44,2,1,0,0,0,468,5,0,0
1990,36,1,0,0,0,1,418,6,40,0
1990,31,2,0,0,0,1,155,5,40,0
1990,64,2,2,0,0,1,689,1,0,0
1990,28,1,3,1,0,0,0,0,0,0
1990,28,2,1,1,0,0,449,4,0,0
1990,36,1,0,0,0,0,486,1,40,0
1990,29,2,0,0,0,0,785,1,40,0
1990,73,2,2,0,0,0,0,0,0,0
1990,39,1,0,0,0,1,266,3,40,0
1990,36,2,0,0,0,1,387,5,15,0
1990,54,2,2,0,0,0,679,1,40,0
1990,40,1,0,0,0,1,704,1,37,0
1990,47,2,0,0,0,0,0,0,0,0
1990,30,2,2,0,0,0,303,4,40,0
1990,42,2,1,0,0,1,208,5,36,0
1990,32,1,0,0,0,0,243,3,43,0
1990,26,2,0,0,0,1,337,3,40,0
1990,43,1,2,0,0,1,889,3,60,0
1990,55,2,3,0,0,0,0,0,0,0
1990,74,2,3,0,0,1,0,0,0,0
1990,44,2,2,1,0,0,0,0,0,0
1990,75,2,3,0,0,0,0,0,0,0
1990,45,1,0,0,0,1,259,1,60,1
1990,39,2,0,0,0,1,0,0,0,0
1990,53,1,0,0,0,0,889,2,45,0
1990,52,2,0,0,0,1,207,5,40,0
1990,21,2,1,0,0,0,406,4,40,0
1990,19,1,1,0,0,0,17,3,39,0
1990,23,1,0,0,0,1,213,2,40,0
1990,25,2,0,0,0,0,683,1,40,0
1990,44,2,0,0,0,1,689,1,40,0
1990,36,1,0,0,0,0,653,1,40,0
1990,32,1,0,3,0,0,595,0,35,1
1990,35,2,0,0,0,0,0,0,0,0
1990,35,1,0,0,0,1,235,1,40,0
1990,33,2,0,0,0,1,174,5,20,0
1990,30,2,1,1,0,0,449,5,16,0
1990,42,2,2,0,0,0,203,4,40,0
1990,18,2,1,0,0,0,0,0,0,0
1990,43,2,2,0,0,1,704,1,50,1
1990,64,1,2,0,0,1,0,0,0,0
1990,65,2,3,0,0,0,383,4,0,0
1990,55,2,0,3,3,0,0,0,0,0
1990,58,1,0,3,3,0,0,0,0,0
1990,26,1,1,0,0,0,547,6,50,0
1990,56,2,2,0,0,0,17,3,50,0
1990,24,1,0,0,0,1,418,6,40,0
1990,22,2,0,0,0,1,23,5,40,0
1990,68,1,0,0,0,0,0,0,0,0
1990,64,2,0,0,0,0,0,0,0,0
1990,74,1,3,0,0,1,0,0,0,0
1990,57,2,3,1,0,1,13,3,50,0
1990,34,1,0,0,0,1,22,1,50,0
1990,30,2,0,0,0,1,785,1,40,0
1990,56,1,0,1,0,1,508,1,40,0
1990,49,2,0,1,0,0,433,3,0,0
1990,29,1,3,1,0,0,436,3,30,0
1990,38,1,0,0,0,1,5,6,40,0
1990,34,2,0,0,0,1,95,5,20,0
1990,58,1,0,0,0,1,7,1,0,1
1990,52,2,0,0,0,1,0,0,0,1
1990,27,1,1,0,0,1,189,2,70,0
1990,45,1,0,0,0,1,178,4,0,0
1990,40,2,0,0,0,1,264,3,15,0
1990,29,2,1,0,0,1,156,5,50,0
1990,68,1,0,0,0,1,84,5,60,1
1990,68,2,0,0,0,1,0,0,0,0
1990,33,1,0,0,0,1,869,0,40,0
1990,30,1,0,0,0,1,426,2,40,0
1990,67,1,0,0,0,1,104,5,56,0
1990,46,2,0,0,0,1,156,5,14,0
1990,62,1,0,1,0,0,426,4,40,0
1990,28,2,0,0,0,0,23,5,40,0
1990,28,1,0,0,0,0,435,3,38,0
1990,28,2,0,0,0,1,435,3,20,0
1990,69,1,0,0,0,0,0,0,0,0
1990,77,2,0,0,0,0,0,0,0,0
1990,30,1,0,0,0,1,75,0,45,0
1990,32,2,0,0,0,1,174,5,0,0
1990,33,1,0,0,0,0,766,1,40,0
1990,34,2,0,0,0,1,229,2,40,0
1990,73,1,0,0,0,1,0,0,0,0
1990,75,2,0,0,0,1,0,0,0,0
1990,72,2,3,0,0,0,274,3,20,0
1990,76,2,3,0,0,0,0,0,0,0
1990,69,2,0,0,0,0,0,0,0,0
1990,68,1,0,0,0,1,59,5,0,0
1990,30,1,1,0,0,1,785,1,40,0
1990,76,2,3,0,0,0,447,5,0,0
1990,35,1,1,0,0,1,243,3,56,0
1990,39,2,2,0,0,0,435,5,25,0
1990,37,1,2,0,0,0,523,1,40,0
1990,70,1,0,0,0,0,0,0,0,0
1990,76,2,0,0,0,0,0,0,0,0
1990,43,2,0,3,0,0,276,2,40,0
1990,51,1,0,0,0,1,808,2,40,0
1990,26,1,0,0,0,1,185,4,40,0
1990,26,2,0,0,0,1,188,4,40,0
1990,67,1,0,0,0,0,375,4,30,0
1990,60,2,0,0,0,1,319,5,42,0
1990,30,1,0,0,0,1,255,4,95,0
1990,32,2,0,0,0,1,255,4,95,0
1990,33,1,0,0,0,0,355,2,43,0
1990,37,2,0,0,0,1,337,5,30,0
1990,53,1,0,0,0,0,8,5,40,1
1990,50,2,0,0,2,0,744,1,0,0
1990,51,1,0,0,0,1,154,5,40,0
1990,50,2,0,0,0,1,22,1,55,0
1990,48,1,0,0,0,1,235,1,40,0
1990,48,2,0,0,0,1,95,5,32,0
1990,21,1,1,0,0,1,877,3,40,0
1990,47,1,3,0,0,1,696,4,40,0
1990,31,1,0,3,3,1,154,5,40,1
1990,31,2,0,3,3,1,385,5,20,0
1990,31,1,1,0,0,1,22,1,42,0
1990,38,1,0,0,0,0,575,1,40,0
1990,37,2,0,0,0,0,276,3,32,0
1990,20,1,1,0,0,0,459,5,32,0
1990,59,2,2,0,0,0,313,3,40,0
1990,36,1,0,0,0,0,859,0,40,0
1990,33,2,0,0,0,0,354,2,15,0
1990,40,1,0,0,0,0,796,1,40,0
1990,41,2,0,0,0,0,387,5,35,0
1990,53,2,2,0,0,1,95,5,43,0
1990,42,2,2,0,0,1,22,5,55,0
1990,28,1,0,0,0,1,505,3,40,0
1990,27,2,0,0,0,1,23,6,40,0
1990,28,1,0,0,0,1,363,1,40,0
1990,27,2,0,0,0,1,156,5,40,0
1990,32,1,0,0,0,0,266,3,50,0
1990,33,2,0,0,0,1,156,5,40,0
1990,57,1,3,0,0,0,579,3,40,0
1990,49,1,2,0,0,0,0,0,0,0
1990,43,1,0,0,0,1,22,0,45,0
1990,40,2,0,0,0,1,354,2,25,0
1990,21,2,1,0,0,1,383,4,40,0
1990,26,1,0,0,0,0,804,0,40,0
1990,25,2,0,0,0,0,276,3,30,0
1990,73,2,3,0,0,0,0,0,0,0
1990,44,1,0,0,0,1,804,0,40,0
1990,41,2,0,0,0,1,315,5,40,0
1990,30,1,0,0,0,1,64,3,40,0
1990,29,2,0,0,0,1,155,5,5,0
1990,37,2,2,0,0,1,808,5,40,0
1990,38,1,0,0,0,1,473,0,60,0
1990,35,2,0,0,0,1,23,5,20,0
1990,19,1,3,0,0,1,276,5,35,0
1990,61,2,3,0,0,1,27,4,20,0
1990,33,1,0,2,0,0,785,1,44,0
1990,34,2,0,2,0,0,785,1,40,0
1990,24,1,1,0,0,1,365,3,30,0
1990,25,1,1,0,0,1,686,1,44,0
1990,37,1,0,0,0,1,567,3,30,0
1990,35,2,0,0,0,1,156,5,45,0
1990,34,1,0,0,0,0,823,2,50,0
1990,33,2,0,0,0,0,453,5,0,0
1990,59,2,1,0,0,0,0,0,0,0
1990,62,1,0,0,0,0,473,0,60,0
1990,60,2,0,0,0,0,0,0,0,0
1990,41,1,0,0,0,0,804,2,60,0
1990,39,2,0,0,0,1,885,3,25,0
1990,18,2,1,0,0,0,885,3,19,0
1990,64,2,3,0,0,0,458,4,40,0
1990,42,1,0,0,0,1,176,5,60,0
1990,42,2,0,0,0,1,447,5,30,0
1990,18,1,1,0,0,0,373,3,24,0
1990,53,2,2,0,0,0,223,1,40,0
1990,69,1,0,0,0,0,0,0,0,0
1990,72,2,0,0,0,0,0,0,0,0
1990,43,1,0,0,0,1,16,2,45,0
1990,41,2,0,0,0,0,467,5,14,0
1990,77,2,1,0,0,1,0,0,0,0
1990,51,1,0,0,0,1,157,5,55,0
1990,47,2,0,0,0,1,156,5,55,0
1990,52,2,2,0,0,0,257,0,40,0
1990,43,1,0,0,0,1,7,4,56,0
1990,43,2,0,0,0,1,22,5,12,0
1990,39,1,0,0,0,1,426,2,40,0
1990,39,2,0,0,0,0,785,1,40,0
1990,71,1,0,0,0,0,0,0,0,0
1990,70,2,0,0,0,0,0,0,0,0
1990,40,1,0,0,0,1,585,0,50,0
1990,32,2,0,0,0,1,337,0,45,0
1990,33,1,1,0,0,0,453,3,40,0
1990,47,1,0,0,0,0,637,1,40,0
1990,41,2,0,0,0,1,365,6,40,0
1990,43,1,0,0,0,0,567,0,45,0
1990,36,2,0,0,0,1,313,3,40,0
1990,31,1,0,0,0,0,549,1,48,0
1990,30,2,0,0,0,0,888,1,48,0
1990,60,1,0,0,0,1,178,5,40,1
1990,57,2,0,0,0,1,274,3,3,0
1990,19,2,1,0,0,1,0,0,0,0
1990,34,1,0,0,0,1,418,6,44,0
1990,34,2,0,0,0,0,628,1,45,0
1990,62,2,3,0,0,1,465,5,16,0
1990,55,1,0,0,0,0,303,2,40,0
1990,53,2,0,0,0,0,264,3,16,0
1990,68,2,3,0,0,1,337,6,10,0
1990,47,1,0,0,0,0,804,2,50,0
1990,38,2,0,0,0,1,207,5,40,0
1990,19,1,1,0,0,0,479,0,20,0
1990,70,2,1,0,0,0,0,0,0,0
1990,76,2,3,0,0,0,0,0,0,0
1990,25,1,0,0,0,1,803,2,40,0
1990,26,2,0,0,0,1,387,5,65,0
1990,58,1,0,0,0,0,804,2,60,0
1990,57,2,0,0,0,0,453,3,0,0
1990,56,2,1,0,0,0,23,2,40,0
1990,76,2,3,0,0,0,0,0,0,0
1990,18,2,1,0,0,0,379,5,10,0
1990,38,2,2,0,0,1,208,2,40,0
1990,31,1,1,0,0,0,467,3,38,0
1990,54,1,0,0,0,1,473,0,60,0
1990,49,2,0,0,0,1,377,5,50,0
1990,21,1,0,0,0,1,783,1,50,0
1990,20,2,0,0,0,0,889,1,10,0
1990,30,2,0,0,0,0,276,3,30,0
1990,29,1,0,0,0,1,505,3,45,0
1990,65,2,3,0,0,0,337,3,48,0
1990,54,2,0,0,0,0,27,5,40,0
1990,57,1,0,0,0,0,0,0,0,0
1990,76,1,0,0,0,0,0,0,0,0
1990,72,2,0,0,0,0,0,0,0,0
1990,69,1,0,0,0,1,453,5,40,0
1990,68,2,0,0,0,1,159,5,40,0
1990,33,1,0,0,0,1,253,4,70,0
1990,30,2,0,0,0,1,385,6,45,0
1990,39,1,1,0,0,0,0,0,0,0
1990,24,1,0,0,0,1,547,2,40,0
1990,20,2,0,0,0,0,436,3,30,0
1990,79,1,0,0,0,1,0,0,0,0
1990,78,2,0,0,0,0,0,0,0,0
1990,22,1,0,0,0,1,17,3,60,0
1990,20,2,0,0,0,1,435,3,30,0
1990,30,1,0,0,0,1,883,1,40,0
1990,31,2,0,0,0,1,156,5,40,0
1990,56,1,0,0,0,0,235,1,40,0
1990,52,2,0,0,0,0,276,3,35,0
1990,42,1,0,0,0,1,375,4,40,0
1990,39,2,0,0,0,1,156,5,50,0
1990,29,1,0,0,0,1,505,4,40,0
1990,28,2,0,0,0,0,313,5,40,0
1990,31,1,0,0,0,1,453,5,40,0
1990,28,2,0,0,0,0,0,0,0,0
1990,52,1,0,0,0,0,783,0,50,0
1990,57,2,0,0,0,0,25,4,44,0
1990,47,1,0,0,0,0,235,1,40,0
1990,46,2,0,0,2,0,366,2,40,0
1990,20,1,1,0,0,0,804,2,40,0
1990,45,1,0,0,0,1,176,5,40,0
1990,44,2,0,0,0,1,95,5,24,0
1990,56,2,3,0,0,0,0,0,0,0
1990,40,1,0,0,0,1,473,0,50,0
1990,38,2,0,0,0,1,156,5,40,0
1990,63,1,0,0,0,0,473,0,10,0
1990,62,2,0,0,0,1,156,5,48,0
1990,46,1,0,0,0,0,567,0,30,0
1990,46,2,0,0,0,1,365,5,32,0
1990,35,1,0,0,0,1,25,4,55,0
1990,30,2,0,0,0,1,156,5,45,0
1990,36,1,0,0,0,0,779,1,48,0
1990,34,2,0,0,0,1,337,4,35,0
1990,26,1,0,0,0,1,418,6,40,0
1990,24,2,0,0,0,1,156,5,40,0
1990,74,1,3,0,0,0,0,0,0,0
1990,63,1,0,0,0,0,0,0,0,0
1990,64,2,0,0,0,1,379,5,40,0
1990,36,1,0,0,0,0,243,3,10,1
1990,33,2,0,0,0,1,243,3,90,0
1990,54,1,1,0,0,0,883,3,45,0
1990,68,1,0,0,0,0,0,0,0,0
1990,64,2,0,0,0,1,0,0,0,0
1990,66,1,0,0,0,1,803,2,0,0
1990,68,2,0,0,0,1,0,0,0,0
1990,46,1,0,0,0,1,154,5,40,0
1990,41,2,0,0,0,1,304,2,45,1
1990,18,2,1,0,0,0,199,5,12,0
1990,22,2,1,0,0,0,364,1,40,0
1990,47,2,0,0,0,1,303,6,40,0
1990,38,1,0,0,0,1,505,4,40,0
1990,54,1,3,0,0,1,453,5,40,0
1990,60,1,0,0,0,0,516,2,50,0
1990,60,2,0,0,0,0,243,3,24,0
1990,22,2,1,1,0,0,276,3,0,0
1990,79,1,0,0,0,0,0,0,0,0
1990,76,2,0,0,0,0,0,0,0,0
1990,35,1,2,0,0,0,689,2,40,0
1990,27,1,0,0,0,0,869,0,48,0
1990,24,2,0,0,0,1,458,4,30,0
1990,77,2,3,0,0,0,0,0,0,0
1990,56,2,3,0,0,0,453,6,40,1
1990,36,2,1,0,0,0,435,3,35,0
1990,24,2,1,0,0,0,446,4,28,0
1990,53,1,0,0,0,1,804,0,45,0
1990,51,2,0,0,0,0,0,0,0,0
1990,24,1,1,0,0,1,365,4,40,0
1990,23,2,2,0,0,0,447,5,30,0
1990,65,1,0,0,0,0,0,0,0,0
1990,62,2,0,0,0,0,785,1,0,0
1990,79,2,3,0,0,1,0,0,0,0
1990,23,2,1,0,0,1,354,2,35,0
1990,20,2,1,0,0,1,337,4,40,0
1990,57,1,0,0,0,0,243,3,50,0
1990,57,2,0,0,0,0,434,3,40,0
1990,38,2,2,0,0,1,779,1,40,0
1990,19,2,1,0,0,1,466,5,6,0
1990,46,1,0,0,0,0,889,1,46,0
1990,46,2,0,0,0,0,808,5,50,0
1990,62,1,0,0,0,0,505,3,50,0
1990,59,2,0,0,0,1,319,0,15,0
1990,76,2,1,0,0,1,0,0,0,0
1990,65,1,0,0,0,0,686,3,0,0
1990,65,2,0,0,0,0,0,0,0,0
1990,27,2,2,0,0,1,95,5,32,0
1990,79,1,0,0,0,0,0,0,0,0
1990,67,2,0,0,0,0,0,0,0,0
1990,69,1,0,0,0,0,0,0,0,0
1990,65,2,0,0,0,0,0,0,0,0
1990,45,1,2,0,0,0,453,1,40,0
1990,73,1,0,0,0,0,0,0,0,0
1990,64,2,0,0,0,0,17,3,0,0
1990,20,2,1,0,0,0,363,1,50,0
1990,25,2,2,0,0,0,744,1,30,0
1990,24,1,0,0,0,1,804,2,40,0
1990,19,2,0,0,0,1,447,5,40,0
1990,70,1,0,0,0,1,176,5,40,0
1990,71,2,0,0,0,1,0,0,0,0
1990,41,1,1,0,0,1,883,3,16,0
1990,57,1,0,0,0,0,505,4,30,0
1990,55,2,0,0,0,1,95,5,40,0
1990,71,1,3,0,0,1,276,3,24,0
1990,38,1,2,0,0,1,22,2,40,0
1990,69,2,2,0,0,0,389,5,75,0
1990,48,1,0,0,0,1,575,5,40,0
1990,48,2,0,0,0,1,453,5,40,0
1990,21,1,1,0,0,1,243,3,20,0
1990,38,1,0,0,0,0,198,2,50,0
1990,46,2,0,0,0,0,469,4,40,0
1990,41,1,0,0,0,0,518,1,40,0
1990,40,2,0,0,0,0,0,0,0,0
1990,19,2,1,0,0,0,276,3,40,0
1990,60,2,3,0,0,0,424,6,40,0
1990,27,1,1,0,0,1,436,3,0,0
1990,32,1,0,0,0,0,734,1,40,0
1990,31,2,0,0,0,0,683,1,40,0
1990,71,1,0,0,0,0,0,0,0,0
1990,64,2,0,0,0,0,0,0,0,0
1990,55,1,0,0,0,1,36,6,40,1
1990,52,2,0,0,0,1,14,5,40,0
1990,53,1,0,0,0,1,243,3,40,0
1990,51,2,0,0,0,1,315,1,24,0
1990,27,1,1,0,0,0,523,0,0,0
1990,39,1,0,3,3,1,84,5,40,1
1990,37,2,0,0,0,1,0,0,0,0
1990,49,1,0,3,0,1,5,6,40,0
1990,43,2,0,0,0,1,243,3,45,0
1990,69,1,0,0,0,0,22,4,8,0
1990,64,2,0,0,0,0,313,3,8,0
1990,78,1,3,0,0,1,379,6,4,0
1990,35,1,0,0,0,0,849,0,50,0
1990,26,2,0,0,0,1,22,3,40,0
1990,73,1,0,0,0,0,0,0,0,0
1990,52,2,0,0,0,0,276,3,40,0
1990,58,1,0,0,0,1,363,1,40,1
1990,56,2,0,0,0,1,253,4,27,0
1990,25,1,1,0,0,1,166,4,40,0
1990,25,1,1,0,0,1,13,4,45,0
1990,61,1,0,0,0,1,628,1,40,0
1990,64,2,0,0,0,1,378,4,17,0
1990,70,1,0,0,0,1,55,2,40,1
1990,68,2,0,0,0,1,0,0,0,0
1990,50,2,2,1,0,1,389,3,14,0
1990,21,1,1,1,0,1,877,3,20,0
1990,18,2,1,1,0,0,386,4,15,0
1990,32,1,1,0,0,1,229,5,40,0
1990,42,1,0,0,0,1,696,2,45,1
1990,37,2,0,0,0,0,0,0,0,0
1990,31,1,0,0,0,1,17,3,50,0
1990,22,2,0,0,0,1,435,3,30,0
1990,27,1,0,0,0,0,576,0,30,0
1990,28,2,0,0,2,1,103,5,16,0
1990,67,2,3,1,0,0,336,5,24,0
1990,24,1,0,0,0,0,18,4,40,0
1990,25,2,0,0,0,1,313,3,40,0
1990,32,1,1,0,0,0,628,1,41,0
1990,37,2,2,0,0,1,216,5,40,0
1990,52,1,2,0,0,1,567,0,40,0
1990,43,1,0,0,0,1,22,6,40,0
1990,40,2,0,0,0,1,323,6,40,0
1990,60,1,0,0,0,1,229,4,21,0
1990,63,2,0,0,0,1,0,0,0,0
1990,37,2,0,0,0,1,95,5,48,0
1990,48,1,0,0,0,1,259,1,40,0
1990,19,1,1,0,0,1,777,3,22,0
1990,42,1,0,0,0,1,22,4,65,1
1990,47,2,0,0,0,0,0,0,0,0
1990,27,1,0,1,0,1,174,5,40,0
1990,28,2,0,1,0,1,274,3,25,0
1990,64,1,0,0,0,0,509,4,0,0
1990,57,2,0,0,0,0,799,3,0,0
1990,76,2,3,0,0,1,0,0,0,0
1990,38,1,2,0,0,1,178,5,55,1
1990,56,1,0,0,0,0,869,0,40,0
1990,56,2,0,0,0,0,274,3,21,0
1990,66,1,0,0,0,0,797,3,40,0
1990,64,2,0,0,0,0,337,1,24,0
1990,77,2,3,0,0,0,0,0,0,0
1990,32,1,0,0,0,1,156,5,40,0
1990,29,2,0,0,0,1,203,5,40,0
1990,29,1,0,0,0,1,84,5,50,0
1990,29,2,0,0,0,1,95,5,37,0
1990,37,1,1,0,0,1,84,3,70,1
1990,42,1,0,0,0,0,566,3,48,0
1990,40,2,0,0,0,0,274,3,0,0
1990,21,1,2,0,0,0,637,1,40,0
1990,19,1,1,0,0,0,566,3,20,0
1990,18,2,1,0,0,0,435,3,12,0
1990,42,2,2,0,0,1,178,2,40,0
1990,22,2,1,0,0,0,458,4,40,0
1990,73,1,0,0,0,1,84,5,43,1
1990,72,2,0,0,0,1,159,3,0,0
1990,47,2,2,0,0,1,21,4,40,0
1990,32,2,0,0,0,1,17,3,55,0
1990,25,1,0,0,0,1,13,4,55,0
1990,47,1,2,0,0,1,22,4,40,1
1990,43,1,1,0,0,1,22,0,40,0
1990,80,1,0,0,0,1,0,0,0,1
1990,74,2,0,0,0,1,0,0,0,0
1990,26,1,0,0,0,0,735,1,40,0
1990,27,2,0,0,0,1,313,2,40,0
1990,22,1,0,3,3,1,435,3,40,0
1990,22,2,0,0,0,1,276,3,40,0
1990,70,1,0,0,0,1,0,0,0,0
1990,69,2,0,0,0,1,186,5,3,0
1990,37,1,0,0,0,0,22,4,40,0
1990,34,2,0,0,0,0,313,3,0,0
1990,53,2,3,0,0,0,276,3,40,0
1990,50,1,0,0,0,1,647,3,40,1
1990,47,2,0,0,0,0,0,0,0,0
1990,28,2,1,0,0,1,18,4,40,0
1990,57,1,0,0,0,1,253,4,25,1
1990,57,2,0,0,0,1,22,1,40,0
1990,73,1,0,0,0,1,0,0,0,0
1990,72,2,0,0,0,1,0,0,0,0
1990,39,1,0,0,0,1,23,5,55,1
1990,39,2,0,0,0,1,195,4,35,0
1990,39,1,0,0,0,1,229,4,45,1
1990,30,2,0,0,0,1,376,1,40,0
1990,34,1,1,0,0,1,13,3,37,1
1990,32,1,0,0,0,1,229,4,40,0
1990,35,2,0,0,0,1,156,5,40,0
1990,29,1,0,0,0,1,253,4,40,0
1990,28,2,0,0,0,1,23,4,40,0
1990,56,1,0,0,0,1,243,4,38,1
1990,56,2,0,0,0,1,274,3,20,0
1990,25,1,1,0,0,1,434,3,35,0
1990,44,2,2,1,0,1,8,5,50,1
1990,36,1,0,0,0,1,243,4,40,1
1990,35,2,0,0,0,1,99,5,4,0
1990,33,1,0,0,0,1,64,1,40,0
1990,34,2,0,0,0,0,22,2,40,0
1990,34,1,0,0,0,1,227,6,40,0
1990,31,2,0,0,0,0,313,4,40,0
1990,39,1,0,3,3,1,84,5,45,1
1990,31,2,0,3,3,1,84,5,45,0
1990,33,2,2,0,2,1,313,1,40,0
1990,29,1,0,3,2,1,22,4,35,0
1990,30,2,0,0,0,1,95,5,40,0
1990,41,1,0,0,0,1,243,1,54,1
1990,36,2,0,0,0,1,0,0,0,0
1990,65,1,0,0,0,0,808,2,15,0
1990,63,2,0,0,0,0,158,5,15,0
1990,42,1,1,0,0,0,579,5,0,0
1990,38,1,0,0,0,1,628,1,45,0
1990,36,2,0,0,0,0,313,1,40,0
1990,18,1,1,0,0,0,453,5,20,0
1990,57,1,0,0,0,0,628,6,40,0
1990,56,2,0,0,0,0,808,5,40,0
1990,35,1,1,0,0,1,229,4,45,0
1990,31,1,0,0,0,0,575,0,45,0
1990,28,2,0,0,0,1,368,1,0,0
1990,38,1,2,0,0,0,804,0,35,0
1990,28,1,0,0,0,1,505,3,40,0
1990,24,2,0,0,0,0,0,0,0,0
1990,80,1,0,0,0,0,0,0,0,0
1990,75,2,0,0,0,0,469,5,25,0
1990,60,2,2,0,0,0,449,4,35,0
1990,53,1,0,0,0,0,243,3,40,0
1990,47,2,0,0,0,0,185,3,40,0
1990,28,1,1,0,0,1,64,3,40,1
1990,29,2,2,0,0,1,65,2,40,0
1990,36,1,0,0,0,1,195,1,50,1
1990,39,2,0,0,0,1,157,5,40,0
1990,31,2,1,0,0,1,99,5,40,0
1990,28,2,1,0,1,1,156,5,40,0
1990,29,2,1,0,0,1,156,5,40,0
1990,25,1,0,0,0,1,156,5,37,0
1990,24,2,0,0,0,1,156,5,0,0
1990,50,1,0,0,0,1,243,3,50,1
1990,47,2,0,0,0,1,265,3,21,0
1990,29,1,1,0,0,0,796,2,48,0
1990,51,1,0,0,0,1,53,5,40,1
1990,49,2,0,0,0,1,203,5,0,0
1990,37,2,2,0,0,1,95,5,40,1
1990,19,2,1,0,0,1,199,4,12,0
1990,53,2,2,0,0,0,453,3,40,0
1990,72,1,2,1,0,0,0,0,0,0
1990,31,1,0,0,0,0,567,0,40,0
1990,29,2,0,0,0,0,385,2,40,0
1990,40,1,0,0,0,1,55,2,40,0
1990,39,2,0,0,0,1,276,3,20,0
1990,18,1,1,0,0,0,365,3,20,0
1990,21,1,1,0,0,0,444,5,0,0
1990,46,1,0,0,0,0,453,4,40,0
1990,43,2,0,0,0,0,785,1,40,0
1990,60,1,0,0,0,0,628,4,40,0
1990,65,2,0,0,0,0,313,4,40,0
1990,73,2,3,1,0,0,0,0,0,0
1990,40,2,2,0,2,0,453,5,40,0
1990,19,1,1,0,2,0,887,4,35,0
1990,48,1,2,0,0,1,768,0,50,0
1990,23,1,1,0,0,1,22,0,50,0
1990,34,2,2,3,0,1,95,5,60,0
1990,41,1,2,0,0,1,22,5,60,0
1990,49,1,0,0,0,1,243,3,71,0
1990,45,2,0,0,0,1,243,3,71,0
1990,26,2,3,0,0,0,274,3,40,0
1990,23,2,2,0,0,0,445,5,35,0
1990,67,2,3,0,0,0,0,0,0,0
1990,38,1,0,0,0,1,224,1,40,0
1990,38,2,0,0,0,1,157,5,37,0
1990,29,1,1,1,0,0,276,5,25,0
1990,26,1,0,0,0,0,866,0,40,0
1990,26,2,0,0,0,0,274,3,40,0
1990,77,2,0,0,0,0,0,0,0,0
1990,44,2,2,1,0,1,379,1,40,0
1990,66,2,3,1,0,0,0,0,0,0
1990,51,2,2,1,0,0,155,5,40,0
1990,42,2,1,0,0,1,208,5,40,0
1990,21,1,3,0,0,0,505,4,40,0
1990,66,2,3,0,0,0,336,5,25,0
1990,63,1,0,0,0,1,243,3,40,0
1990,60,2,0,0,0,0,274,3,16,0
1990,77,2,0,0,0,0,0,0,0,0
1990,27,1,1,0,0,1,14,5,45,0
1990,33,2,3,0,0,0,0,0,0,0
1990,63,1,0,0,0,0,889,1,0,0
1990,52,2,0,0,0,0,0,0,0,0
1990,24,1,0,0,0,0,866,0,40,0
1990,24,2,0,0,0,0,274,3,25,0
1990,60,1,0,0,0,1,308,3,20,0
1990,60,2,0,0,0,0,0,0,0,0
1990,45,1,2,0,0,0,0,0,0,0
1990,42,1,0,0,0,0,22,1,60,1
1990,37,2,0,0,0,0,0,0,0,0
1990,34,1,0,0,0,1,354,2,60,0
1990,37,2,0,0,0,0,0,0,0,0
1990,53,2,3,0,0,1,95,5,40,0
1990,26,1,1,0,0,0,869,0,44,0
1990,32,1,0,0,0,0,573,0,40,0
1990,32,2,0,0,0,0,313,5,40,0
1990,64,1,0,0,0,0,453,2,0,0
1990,64,2,0,0,0,0,0,0,0,0
1990,66,1,0,0,0,0,628,1,0,0
1990,64,2,0,0,0,0,0,0,0,0
1990,63,1,0,0,0,1,0,0,0,0
1990,59,2,0,0,0,0,313,1,38,0
1990,61,1,0,1,0,1,0,0,0,0
1990,61,2,0,1,0,0,8,6,40,0
1990,50,1,0,0,0,0,579,0,40,1
1990,32,2,0,0,0,0,435,3,40,0
1990,51,1,0,0,0,1,808,2,25,0
1990,47,2,0,0,0,1,95,5,36,0
1990,21,1,1,0,0,0,443,3,40,0
1990,19,1,1,0,0,0,756,3,40,0
1990,55,1,0,0,0,1,85,5,40,1
1990,55,2,0,0,0,1,389,1,10,0
1990,23,1,1,0,0,1,27,4,40,0
1990,36,2,2,0,0,1,23,5,37,0
1990,49,1,0,0,0,1,22,2,50,0
1990,49,2,0,0,0,1,203,5,40,0
1990,20,2,1,0,0,1,385,5,40,0
1990,18,1,1,0,0,1,427,4,40,0
1990,44,1,0,1,0,1,804,2,40,1
1990,44,2,0,1,0,1,0,0,0,0
1990,60,1,0,0,0,1,448,2,40,0
1990,60,2,0,0,0,0,348,3,37,0
1990,75,2,3,0,0,0,0,0,0,0
1990,75,1,0,1,1,0,0,0,0,0
1990,53,2,0,1,0,0,449,5,40,0
1990,20,2,1,1,0,0,313,5,40,0
1990,20,2,0,0,0,0,319,5,50,0
1990,23,1,0,0,0,0,809,2,50,0
1990,20,2,1,0,0,0,434,3,32,0
1990,43,1,0,0,0,1,475,0,50,0
1990,41,2,0,0,0,0,376,4,41,0
1990,19,1,1,0,0,0,785,0,47,0
1990,52,1,0,0,0,1,176,5,50,0
1990,42,2,0,0,0,1,207,5,40,0
1990,18,2,1,0,0,0,447,5,40,0
1990,24,1,1,3,3,1,0,0,0,0
1990,43,1,0,0,0,1,547,2,40,0
1990,42,2,0,0,0,0,387,5,30,0
1990,46,1,0,0,0,0,435,3,60,0
1990,36,2,0,0,0,0,444,3,40,0
1990,20,1,1,0,0,1,199,5,40,0
1990,56,1,0,3,0,0,804,1,41,0
1990,51,2,0,0,0,0,435,5,0,0
1990,45,1,0,0,0,1,473,0,58,0
1990,43,2,0,0,0,0,319,0,34,0
1990,51,1,0,0,0,1,243,3,0,0
1990,50,2,0,0,0,0,243,3,0,0
1990,24,1,0,0,0,1,479,0,60,0
1990,22,2,0,0,0,1,156,5,30,0
1990,22,2,1,0,0,1,457,4,40,0
1990,37,2,1,0,0,1,156,5,45,0
1990,63,1,0,0,0,0,453,4,40,0
1990,60,2,0,0,0,0,449,5,40,0
1990,66,1,0,0,0,1,473,0,30,0
1990,64,2,0,0,0,1,0,0,0,0
1990,36,1,0,0,0,1,883,3,40,0
1990,32,2,0,3,0,1,467,5,18,0
1990,48,2,1,0,0,1,22,5,65,1
1990,42,2,2,0,0,1,754,1,0,0
1990,18,1,1,0,0,0,315,6,40,0
1990,37,1,0,0,0,1,903,6,50,1
1990,43,2,0,0,0,1,159,5,12,0
1990,66,1,0,0,0,1,46,0,40,0
1990,62,2,0,0,0,1,157,5,40,0
1990,25,1,1,0,0,0,426,4,40,0
1990,20,2,1,3,0,1,467,5,0,0
1990,29,1,0,0,0,0,235,6,40,0
1990,26,2,0,0,0,1,374,4,40,0
1990,21,1,1,0,0,0,579,0,0,0
1990,23,1,3,0,0,0,505,6,40,0
1990,35,1,3,1,0,1,22,6,40,0
1990,42,1,0,0,0,1,903,6,50,0
1990,45,2,0,0,0,1,156,5,30,0
1990,44,1,0,0,0,1,904,6,40,0
1990,43,2,0,0,0,1,195,6,40,0
1990,58,1,0,0,0,0,804,5,0,0
1990,57,2,0,0,0,0,186,4,1,0
1990,55,1,2,0,0,0,418,6,0,0
1990,33,1,1,0,0,0,614,0,0,0
1990,34,1,0,0,0,1,785,3,40,0
1990,28,2,0,0,0,1,164,5,36,0
1990,41,1,0,0,0,1,803,3,40,0
1990,40,2,0,0,0,1,95,5,44,0
1990,43,2,0,0,0,0,253,4,40,0
1990,49,1,0,0,0,1,487,0,35,0
1990,31,1,2,0,0,1,889,1,40,0
1990,59,1,2,0,0,1,275,3,50,0
1990,33,1,0,0,0,0,785,1,40,0
1990,34,2,0,0,0,0,276,3,32,0
1990,43,1,0,0,0,0,577,2,40,0
1990,43,2,0,0,0,0,0,0,0,0
1990,28,1,0,0,0,0,844,0,12,0
1990,30,2,0,0,0,0,727,1,40,0
1990,31,2,1,0,0,1,156,5,45,0
1990,35,1,0,0,0,1,207,5,40,0
1990,30,2,0,0,0,1,207,5,38,0
1990,64,1,3,0,0,0,856,0,0,0
1990,37,1,1,0,0,0,27,4,55,0
1990,71,1,0,0,0,0,479,0,36,0
1990,68,2,0,0,0,0,0,0,0,0
1990,48,2,3,0,0,1,95,5,80,0
1990,22,1,1,0,0,1,154,5,16,0
1990,61,2,2,3,0,0,467,5,40,0
1990,28,2,1,3,0,0,379,6,40,0
1990,61,2,0,0,0,0,453,5,27,0
1990,63,1,0,0,0,0,253,4,40,0
1990,49,1,0,3,0,1,418,6,50,0
1990,45,2,0,0,0,0,0,0,0,0
1990,80,2,3,0,0,0,0,0,0,0
1990,57,1,0,0,0,0,628,2,40,0
1990,55,2,0,0,0,1,95,5,40,0
1990,25,1,1,0,0,1,19,4,45,0
1990,62,1,2,0,0,1,535,6,8,0
1990,66,1,0,0,0,0,808,2,10,0
1990,73,2,0,0,0,0,0,0,0,0
1990,61,1,0,0,0,1,0,0,0,0
1990,56,2,0,0,2,1,154,5,50,0
1990,23,1,1,0,0,1,235,5,60,0
1990,23,1,1,0,0,1,594,0,20,0
1990,21,1,1,0,0,1,426,3,50,0
1990,77,2,3,0,0,1,0,0,0,0
1990,27,1,0,0,0,1,216,5,40,0
1990,20,2,0,0,0,1,383,4,40,0
1990,19,2,1,0,0,1,389,5,15,0
1990,23,2,1,0,0,1,14,5,30,0
1990,29,1,3,0,0,1,885,3,40,0
1990,22,1,1,0,0,1,17,3,30,0
1990,71,2,0,0,0,0,0,0,0,0
1990,28,1,0,0,0,1,903,6,60,0
1990,26,2,0,0,0,1,253,4,0,0
1990,41,1,0,0,0,1,523,6,70,0
1990,37,2,0,0,0,0,0,0,0,0
1990,29,1,0,1,4,1,154,5,15,0
1990,30,2,0,1,4,1,406,4,5,0
1990,24,2,0,0,0,1,458,4,30,0
1990,24,1,0,0,0,1,436,1,20,0
1990,20,2,1,0,0,0,446,6,50,0
1990,77,2,3,0,0,0,777,1,40,0
1990,31,1,0,0,0,1,27,6,40,0
1990,25,2,0,0,0,1,254,4,37,0
1990,80,2,3,0,0,1,313,4,0,0
1990,46,1,0,0,0,1,904,6,60,0
1990,46,2,0,0,0,1,29,3,6,0
1990,21,2,1,0,0,1,274,3,28,0
1990,19,1,1,0,0,1,274,3,20,0
1990,18,2,1,0,0,0,469,5,16,0
1990,21,2,1,0,0,1,259,1,40,0
1990,19,1,1,0,0,1,904,6,25,0
1990,20,1,1,0,0,0,883,6,63,0
1990,21,1,1,0,0,0,364,6,54,0
1990,37,1,0,0,0,1,8,6,60,0
1990,35,2,0,2,1,0,666,3,40,0
1990,37,1,1,0,0,0,507,2,42,0
1990,54,1,0,0,0,1,473,0,48,0
1990,50,2,0,0,0,1,447,5,40,0
1990,68,1,0,0,0,0,355,2,0,0
1990,68,2,0,0,0,0,354,2,16,0
1990,63,2,3,0,0,0,0,0,0,0
1990,57,2,2,0,0,1,315,6,40,0
1990,50,1,3,0,0,0,0,0,0,0
1990,76,2,3,0,0,1,0,0,0,0
1990,28,1,0,0,0,1,514,4,50,0
1990,27,2,0,0,0,1,466,5,55,0
1990,37,1,2,0,0,1,243,3,80,1
1990,36,1,0,0,0,0,703,1,40,0
1990,33,2,0,0,0,0,407,4,28,0
1990,67,1,0,0,0,0,804,0,20,0
1990,65,2,0,0,0,0,313,3,50,0
1990,42,1,0,0,0,1,268,3,40,0
1990,37,2,0,0,0,0,22,5,40,0
1990,78,2,3,0,0,0,453,4,7,0
1990,45,1,0,0,0,1,808,5,10,0
1990,35,2,0,0,0,0,159,1,49,0
1990,19,2,1,0,0,1,796,1,40,0
1990,67,1,0,0,0,0,5,6,0,0
1990,61,2,0,0,0,0,747,4,0,0
1990,61,1,0,0,0,0,0,0,0,0
1990,60,2,0,0,0,1,0,0,0,0
1990,59,1,0,0,0,1,53,0,40,1
1990,59,2,0,0,0,0,0,0,0,0
1990,29,1,0,0,0,0,337,3,45,0
1990,29,2,0,0,0,0,276,3,25,0
1990,71,1,3,0,0,0,469,3,20,0
1990,25,1,0,0,0,1,473,0,40,0
1990,27,2,0,0,0,0,319,1,0,0
1990,38,2,2,0,0,0,677,3,40,0
1990,36,1,1,0,0,0,444,3,30,0
1990,32,2,2,0,0,1,337,5,40,0
1990,64,2,3,0,0,0,0,0,0,0
1990,37,2,1,0,0,0,0,0,0,0
1990,27,1,0,0,0,0,529,2,45,0
1990,21,2,0,0,0,0,467,5,85,0
1990,34,2,3,0,0,0,276,3,40,0
1990,55,2,0,0,0,1,95,5,45,0
1990,58,1,0,0,0,0,0,0,0,0
1990,35,1,1,3,0,1,424,6,45,0
1990,32,1,0,0,0,0,628,1,42,0
1990,25,2,0,0,0,1,17,3,45,0
1990,29,1,0,0,0,0,549,3,40,0
1990,28,2,0,0,0,0,458,4,40,0
1990,36,1,0,0,0,0,869,0,40,0
1990,33,2,0,0,0,0,303,4,40,0
1990,24,1,2,0,0,0,308,1,40,0
1990,32,1,0,0,0,1,84,5,60,1
1990,35,2,0,0,0,1,337,5,20,0
1990,79,1,3,0,0,0,473,0,0,0
1990,25,2,1,0,0,0,0,0,0,0
1990,79,2,3,0,0,1,156,5,40,0
1990,48,1,0,0,0,1,473,0,56,0
1990,47,2,0,0,0,1,156,5,60,0
1990,70,1,0,0,0,0,473,0,20,0
1990,71,2,0,0,0,0,0,0,0,0
1990,66,1,0,0,0,1,243,3,48,0
1990,67,2,0,0,0,1,337,3,20,0
1990,30,1,0,0,0,1,8,1,60,0
1990,31,2,0,0,0,1,95,5,40,0
1990,57,1,0,0,0,1,176,5,70,0
1990,55,2,0,0,0,1,268,3,70,0
1990,43,1,0,0,0,1,203,5,44,0
1990,40,2,0,0,0,0,268,3,35,0
1990,80,2,3,0,0,1,503,1,40,0
1990,44,1,0,0,0,1,22,0,50,0
1990,44,2,0,0,0,1,5,6,10,0
1990,30,1,0,0,0,0,779,1,48,0
1990,24,2,0,0,0,1,447,5,32,0
1990,58,1,2,0,0,0,453,4,40,0
1990,48,1,0,0,0,0,785,1,45,0
1990,36,2,0,0,0,0,436,3,45,0
1990,52,1,0,0,0,1,213,3,40,0
1990,49,2,0,0,0,1,337,6,40,0
1990,34,1,0,0,0,1,585,0,40,0
1990,57,2,0,0,0,1,458,4,40,0
1990,50,1,0,0,0,0,226,0,44,0
1990,48,2,0,0,0,0,337,0,65,0
1990,48,1,0,0,0,1,157,5,45,0
1990,46,2,0,0,0,1,156,5,35,0
1990,47,1,0,0,0,0,507,4,60,0
1990,45,2,0,0,0,0,337,2,50,0
1990,78,2,0,0,0,0,0,0,0,0
1990,61,1,0,0,0,1,86,0,40,0
1990,56,2,0,0,0,1,0,0,0,0
1990,56,1,0,0,0,1,167,5,45,0
1990,41,2,0,0,0,1,95,5,45,0
1990,42,1,0,0,0,1,14,5,55,0
1990,41,2,0,0,0,1,156,5,60,0
1990,42,1,3,1,0,1,514,4,40,0
1990,43,1,0,0,0,1,628,1,50,0
1990,42,2,0,0,0,1,243,3,60,0
1990,73,1,0,0,0,0,0,0,0,0
1990,70,2,0,0,0,0,0,0,0,0
1990,50,1,0,0,0,1,19,4,50,0
1990,46,2,0,0,0,0,243,3,35,0
1990,25,1,1,0,0,1,883,4,48,0
1990,54,1,0,0,0,0,243,2,48,0
1990,55,2,0,0,0,0,387,5,25,0
1990,34,1,0,0,0,0,575,0,40,0
1990,25,2,0,0,0,0,453,5,40,0
1990,76,2,3,0,0,0,0,0,0,0
1990,74,1,0,0,0,0,473,0,40,0
1990,71,2,0,0,0,0,0,0,0,0
1990,70,1,0,0,0,1,96,3,12,0
1990,64,2,0,0,0,0,0,0,0,0
1990,51,1,0,0,0,0,777,1,40,0
1990,48,2,0,0,0,1,23,5,40,0
1990,63,1,0,0,0,0,869,0,9,0
1990,63,2,0,0,0,1,0,0,0,0
1990,38,1,0,0,0,0,516,2,40,0
1990,36,2,0,0,0,0,308,4,40,0
1990,41,2,2,0,0,1,359,6,60,0
1990,21,1,1,0,0,1,779,1,40,0
1990,44,1,0,0,0,1,53,0,40,0
1990,40,2,0,0,0,0,337,3,10,0
1990,19,1,1,0,0,1,0,0,0,0
1990,52,1,0,0,0,0,738,1,48,0
1990,45,2,0,0,0,0,436,5,30,0
1990,26,2,1,0,0,0,406,4,40,0
1990,24,1,1,0,0,0,804,3,45,0
1990,22,1,1,0,0,0,22,6,40,0
1990,58,1,0,0,0,0,243,3,60,0
1990,51,2,0,0,0,0,458,4,50,0
1990,57,1,0,0,0,0,355,2,40,0
1990,55,2,0,0,0,1,22,2,0,0
1990,28,1,0,0,0,1,243,3,52,0
1990,39,2,0,0,0,0,337,2,40,0
1990,50,1,0,0,0,1,14,5,60,1
1990,49,2,0,0,0,1,156,5,50,0
1990,19,2,1,0,0,1,313,0,35,0
1990,43,1,0,0,0,1,23,5,40,1
1990,36,2,0,0,0,0,0,0,0,0
1990,77,1,0,3,0,0,274,3,25,0
1990,72,2,0,0,0,1,0,0,0,0
1990,67,2,3,0,0,0,0,0,0,0
1990,68,1,0,0,0,1,453,5,40,0
1990,64,2,0,0,0,1,0,0,0,0
1990,26,1,0,0,0,0,354,2,40,0
1990,25,2,0,0,0,1,207,5,40,0
1990,60,1,0,0,0,0,518,1,70,0
1990,68,2,0,0,0,0,0,0,0,0
1990,33,1,0,0,0,0,577,2,40,0
1990,43,2,0,0,0,0,337,3,40,0
1990,27,2,0,0,0,0,313,2,30,0
1990,28,1,0,0,0,0,505,3,45,0
1990,77,2,3,0,0,0,0,0,0,0
1990,23,1,1,1,0,0,447,5,40,0
1990,24,1,0,0,0,0,505,6,40,0
1990,21,2,0,0,0,1,276,5,30,0
1990,28,1,0,0,0,0,628,2,40,0
1990,27,2,0,0,0,0,0,0,0,0
1990,30,1,0,2,0,0,22,4,50,0
1990,29,2,0,0,0,0,359,4,25,0
1990,58,1,0,0,0,0,0,0,0,0
1990,55,2,0,0,0,0,0,0,0,0
1990,21,1,1,0,0,0,0,0,0,0
1990,38,1,0,0,0,0,637,1,40,0
1990,39,2,0,0,0,0,276,3,30,0
1990,20,2,1,0,0,0,389,5,40,0
1990,18,2,1,0,0,0,0,0,0,0
1990,77,1,0,0,0,0,0,0,0,0
1990,70,2,0,0,0,0,0,0,0,0
1990,24,2,1,0,0,1,375,4,40,0
1990,26,2,1,0,0,1,174,6,40,0
1990,33,1,2,2,0,1,877,1,40,0
1990,32,1,1,2,0,0,734,5,40,0
1990,52,1,0,0,0,0,257,1,55,0
1990,49,2,0,0,0,1,95,5,40,0
1990,21,1,1,0,0,1,593,0,45,0
1990,39,2,2,0,0,1,178,6,43,0
1990,75,2,0,0,0,0,266,3,24,0
1990,23,1,1,0,0,1,517,3,40,0
1990,31,1,1,1,0,0,883,2,40,0
1990,31,2,1,1,0,0,447,5,0,0
1990,23,1,1,0,0,1,804,2,35,0
1990,45,1,0,0,0,1,426,5,20,0
1990,39,2,0,0,0,0,458,4,45,0
1990,18,1,1,0,0,0,433,3,30,0
1990,60,1,0,0,0,0,734,1,37,0
1990,60,2,0,0,0,0,0,0,0,0
1990,30,2,2,0,0,1,23,3,40,0
1990,23,1,1,3,3,0,0,0,0,0
1990,32,1,0,0,3,1,216,2,40,0
1990,28,2,0,0,3,1,0,0,0,0
1990,44,2,1,0,0,0,887,4,40,0
1990,26,2,1,0,0,0,335,5,40,0
1990,34,1,0,0,0,0,98,5,40,0
1990,34,2,0,0,0,1,95,5,40,0
1990,26,2,1,0,0,0,375,4,40,0
1990,60,1,0,0,0,0,516,2,40,0
1990,59,2,0,0,0,0,313,5,40,0
1990,21,2,1,0,0,1,337,3,40,0
1990,74,1,0,0,0,1,0,0,0,0
1990,70,2,0,0,0,0,0,0,0,0
1990,39,1,1,0,0,0,653,1,40,0
1990,52,1,0,0,0,1,303,1,40,0
1990,53,2,0,0,0,0,338,3,40,0
1990,28,1,0,0,0,0,597,1,40,0
1990,27,2,0,0,0,1,64,2,40,0
1990,79,2,3,0,0,0,0,0,0,0
1990,47,1,0,0,0,0,486,5,60,0
1990,46,2,0,0,0,0,434,3,0,0
1990,49,1,1,0,0,0,826,2,0,0
1990,47,2,2,0,0,0,303,4,40,0
1990,65,1,0,0,0,0,684,1,40,0
1990,61,2,0,0,0,0,0,0,0,0
1990,70,1,0,0,0,0,0,0,0,0
1990,75,2,0,0,0,0,0,0,0,0
1990,44,1,0,0,0,0,364,2,40,0
1990,43,2,0,0,0,0,0,0,0,0
1990,40,1,2,0,0,0,783,1,40,0
1990,63,2,3,0,2,0,0,0,0,0
1990,35,1,0,0,0,1,235,1,45,0
1990,33,2,0,0,0,1,188,1,3,0
1990,32,1,0,0,0,0,889,3,42,0
1990,33,2,0,0,0,1,407,4,12,0
1990,49,1,0,0,0,0,597,0,0,0
1990,36,2,0,0,0,0,0,0,0,0
1990,68,1,0,0,0,0,575,2,0,0
1990,65,2,0,0,0,0,0,0,0,0
1990,57,1,0,0,0,0,555,1,40,0
1990,52,2,0,0,0,1,808,2,20,0
1990,21,1,1,0,0,0,783,1,40,0
1990,19,1,1,0,0,1,877,3,20,0
1990,70,1,0,3,0,0,0,0,0,0
1990,69,2,0,3,0,0,0,0,0,0
1990,33,2,1,0,0,1,95,5,44,0
1990,29,1,1,0,0,1,327,0,40,0
1990,18,2,1,0,0,1,348,5,20,0
1990,19,2,1,0,0,0,356,5,40,0
1990,24,2,1,0,0,1,447,5,12,0
1990,42,2,3,0,0,1,329,5,30,0
1990,22,2,1,0,0,1,379,4,12,0
1990,19,2,1,0,0,1,329,5,40,0
1990,19,2,1,0,0,1,315,3,28,0
1990,25,1,0,3,0,1,315,5,40,0
1990,22,2,0,3,0,1,444,3,0,0
1990,20,2,1,0,0,1,348,0,0,0
1990,21,2,1,0,0,0,877,1,35,0
1990,45,1,0,0,0,1,75,5,50,0
1990,42,2,0,0,0,1,734,1,10,0
1990,45,1,0,0,0,0,567,5,40,0
1990,45,2,0,0,0,0,797,1,40,0
1990,35,2,1,0,0,1,156,5,40,0
1990,66,2,3,0,0,1,27,3,45,0
1990,26,1,1,0,0,1,556,0,40,0
1990,56,1,0,0,0,0,567,4,30,0
1990,54,2,0,0,0,0,313,5,38,0
1990,29,1,1,0,0,0,567,0,60,0
1990,27,1,1,0,0,1,426,5,20,0
1990,22,1,1,0,0,1,276,3,24,0
1990,26,1,1,0,0,1,337,4,48,0
1990,20,2,1,0,0,1,487,0,24,0
1990,23,1,1,0,0,0,449,4,40,0
1990,27,1,1,0,0,1,365,3,40,0
1990,29,1,1,0,0,1,804,2,62,0
1990,25,1,1,0,0,1,538,3,40,0
1990,43,1,0,0,0,1,22,4,40,0
1990,43,2,0,0,0,1,5,6,37,0
1990,19,1,1,0,0,1,195,1,4,0
1990,18,2,1,0,0,1,386,6,40,0
1990,22,1,1,0,0,1,229,4,40,0
1990,29,1,0,0,0,1,96,3,42,0
1990,31,2,0,0,0,1,313,5,37,0
1990,58,1,2,0,0,0,514,4,50,0
1990,63,1,0,0,0,0,0,0,0,0
1990,61,2,0,0,0,0,453,4,0,0
1990,75,2,3,0,0,0,0,0,0,0
1990,66,2,2,0,0,0,447,5,20,0
1990,60,1,0,0,0,0,823,2,0,0
1990,56,2,0,0,0,0,383,4,40,0
1990,40,1,0,0,0,1,303,0,55,1
1990,37,2,0,0,0,1,447,5,0,0
1990,74,1,0,0,0,0,439,3,0,0
1990,65,2,0,0,0,0,0,0,0,0
1990,80,2,0,0,0,0,0,0,0,0
1990,37,1,0,0,0,0,628,2,50,0
1990,36,2,0,0,0,0,337,4,40,0
1990,61,1,0,0,0,0,5,6,40,0
1990,65,2,0,0,0,0,389,6,40,0
1990,57,1,0,0,0,0,856,1,40,0
1990,48,2,0,0,0,0,274,3,30,0
1990,27,1,2,0,0,0,595,0,40,0
1990,45,1,0,0,0,1,804,3,48,0
1990,28,2,0,0,0,0,744,1,40,0
1990,35,1,0,0,0,1,176,5,48,0
1990,32,2,0,0,0,0,313,5,25,0
1990,28,1,0,0,0,0,779,1,40,0
1990,26,2,0,0,0,0,315,1,40,0
1990,60,1,0,0,0,0,0,0,0,0
1990,46,2,0,0,0,0,217,0,60,0
1990,75,2,3,0,0,0,0,0,0,0
1990,22,2,2,0,0,0,276,3,20,0
1990,35,1,0,0,0,1,259,3,60,1
1990,34,2,0,0,0,1,444,5,35,0
1990,36,1,0,0,0,0,686,3,42,0
1990,33,2,0,0,0,1,337,3,40,0
1990,69,1,0,0,0,1,217,1,40,0
1990,68,2,0,0,0,0,0,0,0,0
1990,29,2,0,0,0,1,785,1,40,0
1990,25,1,0,0,0,1,785,1,30,0
1990,78,2,3,0,0,0,447,5,24,0
1990,43,1,1,0,0,1,877,3,0,0
1990,44,1,0,0,0,0,448,5,40,0
1990,40,2,0,0,0,1,98,5,40,0
1990,45,1,0,0,0,0,779,1,46,0
1990,36,2,0,0,0,1,95,5,16,0
1990,67,1,0,0,0,0,0,0,0,0
1990,63,2,0,0,0,0,0,0,0,0
1990,78,1,1,0,0,0,0,0,0,0
1990,32,1,3,0,0,1,885,3,40,0
1990,26,2,2,0,0,0,447,5,40,0
1990,32,1,0,0,0,0,869,0,45,0
1990,19,2,0,0,0,0,686,1,30,0
1990,54,1,0,0,0,0,354,2,40,0
1990,54,2,0,0,0,0,0,0,0,0
1990,41,1,1,0,0,1,157,5,55,0
1990,80,2,3,0,0,1,0,0,0,0
1990,36,2,2,0,2,0,453,2,30,0
1990,48,1,0,0,0,0,8,6,80,0
1990,45,2,0,0,0,0,243,3,40,0
1990,60,1,0,0,0,0,855,0,40,0
1990,55,2,0,0,0,0,877,3,8,0
1990,32,2,1,0,0,0,354,2,40,0
1990,39,1,0,0,0,1,585,1,40,0
1990,39,2,0,0,0,1,156,5,40,0
1990,33,1,0,0,0,0,563,1,45,0
1990,31,2,0,0,0,0,447,5,40,0
1990,59,1,0,0,0,0,36,4,50,0
1990,50,2,0,0,0,0,185,3,24,0
1990,24,1,0,0,0,0,747,1,37,0
1990,24,2,0,0,0,0,276,3,40,0
1990,47,1,0,0,0,0,475,0,45,0
1990,45,2,0,0,0,1,337,2,5,0
1990,54,1,0,0,0,0,0,0,0,0
1990,48,2,0,0,0,0,0,0,0,0
1990,53,1,2,0,0,1,597,0,50,0
1990,20,2,1,0,0,0,0,0,0,0
1990,56,1,1,0,0,0,0,0,0,0
1990,71,2,3,0,0,0,0,0,0,0
1990,49,1,0,0,0,0,549,4,40,0
1990,46,2,0,0,0,0,276,3,99,0
1990,19,2,1,0,0,0,435,3,0,0
1990,50,2,3,1,0,0,21,5,37,0
1990,28,1,0,0,0,0,804,2,80,0
1990,27,2,0,0,0,0,185,3,40,0
1990,52,1,0,0,0,1,56,6,40,0
1990,45,2,0,0,0,1,909,6,0,0
1990,74,2,3,0,0,0,0,0,0,0
1990,31,1,1,0,0,0,0,0,0,0
1990,63,2,3,0,0,1,157,5,44,0
1990,33,1,0,1,1,1,523,6,45,0
1990,25,2,0,3,3,0,0,0,0,0
1990,69,2,3,0,0,1,785,1,40,0
1990,19,1,1,1,0,0,904,6,40,0
1990,32,1,1,0,0,0,225,6,60,0
1990,23,1,2,1,0,1,904,6,55,0
1990,34,1,3,0,0,1,22,6,50,1
1990,32,2,0,0,0,0,0,0,0,0
1990,29,1,0,0,0,1,904,6,50,0
1990,26,1,0,0,0,0,503,6,50,0
1990,32,2,0,0,0,0,453,3,0,0
1990,71,2,3,0,0,0,0,0,0,0
1990,48,2,2,0,0,0,0,0,0,0
1990,53,2,3,1,0,0,636,1,10,0
1990,33,1,0,0,0,0,616,0,67,0
1990,34,2,0,0,0,0,387,5,13,0
1990,29,2,2,0,0,1,808,5,32,0
1990,26,1,0,0,0,1,613,0,60,1
1990,27,2,0,0,0,1,313,0,40,0
1990,42,1,0,0,0,0,856,3,45,0
1990,30,2,0,0,0,1,313,4,20,0
1990,59,1,0,0,0,0,808,5,10,0
1990,55,2,0,0,0,0,277,3,0,0
1990,50,1,0,0,0,0,694,0,40,0
1990,33,2,0,0,0,0,447,5,40,0
1990,18,1,1,0,0,0,0,0,0,0
1990,30,1,0,0,0,0,567,0,40,0
1990,27,2,0,0,0,0,276,3,25,0
1990,65,2,3,0,0,0,0,0,0,0
1990,50,1,0,0,0,1,804,2,45,0
1990,49,2,0,0,0,0,0,0,0,0
1990,42,1,0,0,0,1,424,6,40,0
1990,28,2,0,0,0,1,447,5,40,0
1990,35,1,0,0,0,0,719,1,40,0
1990,34,2,0,0,0,0,175,5,40,0
1990,37,1,0,0,0,0,889,1,44,0
1990,31,2,0,0,0,0,466,5,30,0
1990,40,2,2,0,0,0,458,4,55,0
1990,36,1,0,0,0,0,783,3,45,0
1990,31,2,0,0,0,1,22,3,40,0
1990,45,2,3,0,0,0,439,3,30,0
1990,20,2,1,0,0,0,447,5,40,0
1990,64,2,3,0,0,0,469,4,45,0
1990,62,1,2,0,0,1,558,0,0,0
1990,32,1,0,0,0,0,844,0,40,0
1990,32,2,0,0,0,0,0,0,0,0
1990,32,1,0,0,0,1,616,0,50,0
1990,31,2,0,0,0,0,276,3,0,0
1990,72,1,0,0,0,0,0,0,0,0
1990,70,2,0,0,0,0,0,0,0,0
1990,41,1,0,0,0,0,616,0,60,1
1990,41,2,0,0,0,0,467,5,41,0
1990,18,2,1,0,0,0,276,3,16,0
1990,48,2,1,1,0,0,0,0,0,0
1990,61,2,3,0,0,0,0,0,0,0
1990,26,1,0,0,0,0,424,6,40,0
1990,23,2,0,0,0,0,313,5,40,0
1990,55,1,0,0,0,0,417,6,40,0
1990,45,2,0,0,2,0,17,5,40,0
1990,37,1,0,0,0,1,684,1,40,0
1990,45,2,0,0,0,0,0,0,0,0
1990,47,1,3,0,0,0,473,0,60,0
1990,44,2,2,0,0,0,448,4,60,0
1990,47,1,0,0,0,0,804,2,72,0
1990,44,2,0,0,0,0,313,3,32,0
1990,40,1,1,0,0,1,316,6,25,0
1990,72,2,3,1,0,0,467,5,4,0
1990,53,1,3,0,0,0,579,0,20,0
1990,47,1,0,0,0,0,473,0,50,0
1990,48,2,0,0,0,0,475,0,50,0
1990,23,2,1,0,0,0,479,0,50,0
1990,22,2,1,0,0,0,754,3,50,0
1990,18,1,1,0,0,0,479,0,50,0
1990,40,2,2,0,0,0,628,1,50,0
1990,22,1,1,0,0,1,889,1,50,0
1990,79,2,3,0,0,0,0,0,0,0
1990,28,2,0,0,0,1,95,5,24,0
1990,35,1,0,0,0,1,567,2,40,0
1990,50,1,2,0,0,0,509,6,40,0
1990,22,1,1,3,3,1,785,1,30,0
1990,77,1,3,0,0,0,684,1,42,1
1990,59,2,3,0,0,0,453,5,20,0
1990,76,1,0,0,0,0,0,0,0,0
1990,70,2,0,0,0,0,0,0,0,0
1990,50,1,0,0,0,1,518,1,45,0
1990,45,2,0,0,0,0,0,0,0,0
1990,23,1,1,0,0,0,885,3,40,0
1990,67,2,3,0,0,0,0,0,0,0
1990,67,1,3,0,0,0,0,0,0,0
1990,50,1,0,0,0,1,889,5,40,0
1990,46,2,0,0,0,0,303,6,44,0
1990,39,1,0,0,0,0,779,1,48,0
1990,34,2,0,0,0,1,95,5,24,0
1990,64,2,0,0,0,0,0,0,0,1
1990,65,1,0,0,0,1,0,0,0,0
1990,25,1,0,0,0,1,516,6,55,0
1990,25,2,0,0,0,1,159,5,40,0
1990,43,2,2,1,0,1,203,5,40,0
1990,64,2,3,1,0,0,0,0,0,0
1990,43,1,0,1,0,0,364,1,40,0
1990,39,2,0,1,0,1,303,4,40,0
1990,52,1,0,0,0,1,21,5,40,0
1990,50,2,0,0,0,1,337,3,40,0
1990,19,1,1,0,0,0,436,3,20,0
1990,30,1,0,0,0,0,826,2,40,0
1990,30,2,0,0,0,0,337,3,40,0
1990,72,1,0,0,0,0,0,0,0,0
1990,71,2,0,0,0,0,0,0,0,0
1990,52,1,1,1,0,0,563,0,60,0
1990,27,2,1,1,0,0,747,4,25,0
1990,49,1,0,0,0,1,0,0,0,0
1990,49,2,0,0,0,0,0,0,0,0
1990,29,2,1,0,0,0,887,4,50,0
1990,32,2,1,3,0,0,799,1,40,0
1990,42,2,2,0,0,0,804,1,38,0
1990,19,2,1,0,0,0,435,3,20,0
1990,20,2,0,0,0,1,253,4,40,0
1990,22,1,0,0,0,1,213,1,50,0
1990,28,1,0,0,0,0,17,3,45,0
1990,24,2,0,0,0,0,243,3,44,0
1990,42,2,2,0,0,1,337,3,0,0
1990,22,2,1,0,0,1,313,5,40,0
1990,26,1,2,0,0,1,785,1,44,0
1990,45,1,0,0,0,1,22,2,60,0
1990,42,2,0,0,0,0,0,0,0,0
1990,23,2,1,0,0,1,0,0,0,0
1990,22,1,1,0,0,1,276,4,20,0
1990,64,1,0,0,0,0,844,0,40,0
1990,62,2,0,0,0,0,0,0,0,0
1990,29,1,0,0,0,0,243,3,55,0
1990,31,2,0,0,0,0,687,3,30,0
1990,26,1,0,0,0,1,779,1,41,0
1990,26,2,0,0,0,0,338,5,40,0
1990,79,2,3,0,0,0,473,0,30,0
1990,52,1,2,0,0,0,567,0,40,0
1990,33,2,2,0,0,0,785,1,40,0
1990,61,2,1,0,0,1,337,5,0,0
1990,53,1,0,0,0,0,715,1,40,0
1990,39,2,0,0,0,1,156,5,12,0
1990,41,2,3,0,0,0,453,4,0,0
1990,26,1,2,0,0,0,514,2,24,0
1990,80,1,0,0,0,0,0,0,0,0
1990,79,2,0,0,0,0,0,0,0,0
1990,39,1,0,0,0,0,757,3,40,0
1990,29,2,0,0,0,0,407,4,0,0
1990,29,1,0,0,0,0,796,3,40,0
1990,25,2,0,0,0,0,313,4,0,0
1990,70,2,3,0,0,0,436,3,0,0
1990,40,1,0,0,0,0,453,1,50,0
1990,39,2,0,0,0,0,365,1,40,0
1990,75,1,0,0,0,0,0,0,0,0
1990,76,2,0,0,0,0,0,0,0,0
1990,49,1,0,0,0,0,496,1,84,0
1990,49,2,0,0,0,0,0,0,0,0
1990,49,1,0,0,0,1,243,3,45,1
1990,47,2,0,0,0,1,0,0,0,0
1990,53,1,0,0,0,1,19,4,50,0
1990,45,2,0,0,0,0,447,4,70,0
1990,52,1,0,0,0,0,769,1,40,0
1990,47,2,0,0,0,0,0,0,0,0
1990,51,1,0,0,0,0,475,0,50,0
1990,46,2,0,0,0,0,436,3,28,0
1990,48,1,0,0,0,0,727,1,45,0
1990,26,2,0,0,0,0,0,0,0,0
1990,36,1,0,0,0,0,804,2,20,0
1990,27,2,0,0,0,1,276,3,0,0
1990,69,1,0,0,0,0,514,4,50,0
1990,66,2,0,0,0,0,0,0,0,0
1990,28,2,2,0,0,0,0,0,0,0
1990,64,2,3,0,0,0,0,0,0,0
1990,58,1,3,0,0,0,22,0,35,0
1990,39,1,0,0,0,0,628,1,48,0
1990,38,2,0,0,0,0,0,0,0,0
1990,46,2,0,0,0,0,313,5,40,0
1990,46,1,0,0,0,1,263,3,48,0
1990,18,2,3,0,0,1,276,3,0,0
1990,68,1,0,0,0,0,869,0,40,0
1990,64,2,0,0,0,0,0,0,0,0
1990,62,1,2,0,0,0,0,0,0,0
1990,51,2,2,0,0,1,276,3,40,0
1990,19,1,0,1,0,0,479,0,30,0
1990,54,2,0,1,0,0,0,0,0,0
1990,24,1,1,1,0,1,883,3,30,0
1990,23,1,1,1,0,0,366,2,48,0
1990,19,2,1,1,0,1,435,3,10,0
1990,40,1,0,0,0,1,628,2,40,0
1990,39,2,0,0,0,1,313,4,37,0
1990,77,2,3,0,0,0,407,4,20,0
1990,37,1,1,0,0,0,748,1,0,0
1990,40,1,2,0,0,0,549,1,40,0
1990,60,2,3,0,0,0,0,0,0,0
1990,42,1,0,0,0,1,243,3,43,0
1990,41,2,0,0,0,1,243,3,50,0
1990,73,1,0,0,0,0,0,0,0,0
1990,65,2,0,0,0,0,796,1,0,0
1990,62,1,0,0,0,0,0,0,0,0
1990,43,2,0,0,0,0,276,3,40,0
1990,44,2,2,0,0,0,889,1,40,0
1990,21,1,2,0,0,0,486,0,40,0
1990,66,2,2,0,0,0,436,5,0,0
1990,46,1,1,0,0,1,337,0,40,0
1990,43,2,3,0,0,0,748,4,40,0
1990,26,2,1,0,0,0,276,4,40,0
1990,23,2,1,0,0,0,17,4,40,0
1990,21,2,1,0,0,0,458,4,20,0
1990,19,2,1,0,0,0,17,4,40,0
1990,39,1,2,0,0,0,567,5,80,0
1990,63,1,0,0,0,0,0,0,0,0
1990,63,2,0,0,0,0,444,5,20,0
1990,69,2,3,0,0,0,0,0,0,0
1990,33,2,1,0,0,1,276,1,0,0
1990,40,1,0,0,0,1,558,0,50,0
1990,40,2,0,0,0,0,274,4,0,0
1990,64,1,0,0,0,0,14,5,50,0
1990,30,2,0,0,0,1,0,0,0,0
1990,37,1,0,0,0,0,259,3,40,0
1990,36,2,0,0,0,1,95,5,40,0
1990,46,1,0,0,0,1,753,3,40,0
1990,49,2,0,0,0,1,337,2,40,0
1990,23,1,1,0,0,1,17,3,80,0
1990,20,2,1,0,0,1,17,3,37,0
1990,65,1,0,0,0,0,0,0,0,0
1990,63,2,0,0,0,0,0,0,0,0
1990,54,1,0,0,0,1,555,1,45,0
1990,48,2,0,0,0,0,303,5,45,0
1990,51,2,0,0,0,1,0,0,0,0
1990,51,1,0,0,0,1,55,1,40,1
1990,18,1,1,0,0,0,887,4,3,0
1990,33,2,1,0,0,0,337,0,45,0
1990,39,1,2,0,0,0,486,0,0,0
1990,46,2,2,0,0,0,276,5,40,0
1990,27,1,1,0,0,0,804,3,50,0
1990,33,1,0,0,0,0,486,0,40,0
1990,22,2,0,0,0,0,447,5,0,0
1990,49,2,3,0,0,0,0,0,0,0
1990,78,1,3,0,0,0,473,0,40,0
1990,48,1,0,0,0,0,585,6,38,0
1990,47,2,0,0,0,0,436,5,30,0
1990,19,1,2,0,0,0,453,5,40,0
1990,20,2,1,0,0,1,435,3,0,0
1990,28,2,1,0,0,1,313,5,37,0
1990,40,1,0,0,0,1,15,5,80,1
1990,38,2,0,0,0,1,15,5,40,0
1990,52,2,2,0,0,1,348,4,26,0
1990,20,2,1,0,0,1,14,5,5,0
1990,60,1,3,0,0,0,259,3,40,0
1990,22,2,1,0,0,0,779,1,40,0
1990,80,2,1,1,0,0,0,0,0,0
1990,56,2,3,1,0,0,407,4,8,0
1990,36,1,0,0,0,1,127,5,60,0
1990,38,2,0,0,0,1,156,5,70,0
1990,28,1,0,0,0,1,156,5,43,0
1990,28,2,0,0,0,1,156,5,40,0
1990,22,2,1,0,0,1,22,1,40,0
1990,21,1,1,0,0,1,628,1,40,0
1990,41,1,0,0,0,1,785,1,40,0
1990,42,2,0,0,0,0,383,4,40,0
1990,22,2,2,0,0,0,275,5,40,0
1990,20,2,1,1,0,0,406,4,15,0
1990,48,1,0,0,0,1,243,4,40,1
1990,45,2,0,0,0,1,0,0,0,0
1990,37,1,0,0,0,1,229,3,40,0
1990,35,2,0,0,0,1,0,0,0,0
1990,64,1,0,0,0,1,0,0,0,0
1990,65,2,0,0,0,0,0,0,0,0
1990,25,1,0,0,0,1,869,0,40,0
1990,25,2,0,0,0,0,765,1,45,0
1990,50,1,3,0,0,0,453,2,40,0
1990,52,1,0,0,0,1,567,0,40,0
1990,52,2,0,0,0,1,308,5,32,0
1990,68,1,2,0,0,0,0,0,0,0
1990,40,2,0,0,0,1,458,4,60,0
1990,60,1,0,0,0,0,799,2,40,0
1990,31,1,0,0,0,0,875,2,40,0
1990,36,2,0,0,0,0,435,3,0,0
1990,67,2,1,0,0,0,0,0,0,0
1990,27,1,0,0,0,0,22,1,70,0
1990,47,2,0,3,0,0,243,3,80,0
1990,49,1,0,0,0,1,25,3,60,0
1990,45,2,0,0,0,1,174,6,40,0
1990,26,2,1,1,0,0,889,1,46,0
1990,66,1,0,0,0,0,0,0,0,0
1990,68,2,0,0,0,0,0,0,0,0
1990,50,2,0,0,0,1,18,4,40,0
1990,51,1,0,0,0,1,159,5,0,0
1990,51,2,2,0,0,1,313,6,37,0
1990,26,1,1,0,0,0,479,0,30,0
1990,70,1,0,0,0,1,0,0,0,0
1990,69,2,0,0,0,1,0,0,0,0
1990,20,2,1,0,0,1,276,3,20,0
1990,41,2,3,0,0,0,407,4,32,0
1990,20,1,1,0,0,0,315,6,40,0
1990,38,1,2,0,0,0,579,0,44,0
1990,69,1,0,0,0,0,0,0,0,0
1990,52,2,0,0,0,0,0,0,0,0
1990,49,2,3,0,0,0,447,5,60,0
1990,20,1,1,0,0,0,496,1,40,0
1990,29,2,3,0,0,0,207,5,40,0
1990,50,1,0,0,0,1,157,5,37,0
1990,48,2,0,0,0,1,458,4,40,0
1990,24,2,1,0,0,1,335,5,15,0
1990,21,2,1,0,0,1,335,5,40,0
1990,76,2,0,0,0,0,274,6,18,0
1990,31,1,0,0,0,0,486,0,35,0
1990,28,2,0,0,0,0,0,0,0,0
1990,63,1,0,0,0,0,0,0,0,0
1990,62,2,0,0,0,0,0,0,0,0
1990,70,1,1,0,0,1,479,0,0,1
1990,70,2,0,0,0,0,473,0,0,0
1990,68,1,0,0,0,0,436,3,0,0
1990,28,2,2,0,0,1,174,6,37,0
1990,41,1,0,0,0,0,263,3,27,0
1990,40,2,0,0,0,0,885,3,23,0
1990,67,1,0,0,0,0,0,0,0,0
1990,65,2,0,0,0,0,0,0,0,0
1990,61,1,0,1,0,0,558,0,0,0
1990,61,2,0,1,0,0,0,0,0,0
1990,25,2,3,0,0,0,744,1,0,0
1990,37,1,0,0,0,0,785,1,40,0
1990,24,2,0,0,0,0,0,0,0,0
1990,69,2,3,0,0,0,0,0,0,0
1990,50,1,0,0,0,1,804,2,40,0
1990,43,2,0,0,0,0,469,3,30,0
1990,26,1,0,0,0,0,744,1,40,0
1990,26,2,0,0,0,1,385,4,36,0
1990,73,2,3,0,0,0,0,0,0,0
1990,62,1,0,0,0,0,808,5,40,0
1990,57,2,0,0,0,0,436,5,40,0
1990,40,1,0,0,0,0,755,3,40,0
1990,40,2,0,0,0,0,744,1,40,0
1990,37,1,0,0,0,1,5,6,37,0
1990,35,2,0,0,0,0,274,3,40,0
1990,23,1,2,0,0,0,436,3,12,0
1990,27,1,2,0,0,0,869,0,0,0
1990,58,1,0,0,0,0,0,0,0,0
1990,56,2,0,0,0,0,0,0,0,0
1990,65,1,0,0,0,0,0,0,0,0
1990,63,2,0,0,0,0,0,0,0,0
1990,41,1,2,0,0,0,547,2,40,0
1990,38,2,2,0,0,0,0,0,0,0
1990,64,2,3,0,0,0,0,0,0,0
1990,77,2,3,0,0,1,156,5,6,0
1990,54,2,2,0,0,0,436,5,30,0
1990,64,2,2,0,0,0,747,1,40,0
1990,67,2,1,0,0,0,0,0,0,0
1990,30,2,2,0,0,0,785,1,30,0
1990,40,1,3,0,0,1,22,1,40,0
1990,68,1,0,0,0,0,473,0,50,0
1990,62,2,0,0,0,1,683,1,40,0
1990,44,1,0,0,0,0,785,1,8,0
1990,42,2,0,0,0,0,0,0,0,0
1990,57,1,0,0,0,1,27,1,40,0
1990,44,2,0,0,0,1,95,5,0,0
1990,58,1,0,0,0,1,14,5,48,0
1990,59,2,0,0,0,1,163,5,40,0
1990,29,2,2,0,0,0,744,1,40,0
1990,35,1,0,0,0,1,22,0,60,1
1990,31,2,0,0,0,1,156,5,40,0
1990,42,1,0,0,0,0,305,2,13,0
1990,56,2,0,0,0,0,453,3,30,0
1990,34,1,0,0,0,0,667,1,48,0
1990,31,2,0,0,0,1,95,5,40,0
1990,33,2,2,0,0,0,747,1,45,0
1990,42,1,0,0,0,0,585,0,40,0
1990,34,2,0,0,0,0,479,0,50,0
1990,22,1,0,0,0,0,514,4,40,0
1990,19,2,0,0,0,0,744,1,40,0
1990,68,1,3,0,0,0,0,0,0,0
1990,66,1,0,0,0,1,259,3,60,0
1990,61,2,0,0,0,0,0,0,0,0
1990,22,1,0,0,0,0,567,0,6,0
1990,21,2,0,0,0,1,747,1,40,0
1990,72,2,3,0,0,0,0,0,0,0
1990,67,1,0,0,0,0,0,0,0,0
1990,60,2,0,0,0,0,363,5,40,0
1990,38,1,0,0,0,0,517,3,40,0
1990,34,2,0,0,0,0,744,1,32,0
1990,18,2,1,0,0,0,436,3,20,0
1990,60,1,0,0,0,0,0,0,0,0
1990,58,2,0,0,0,0,0,0,0,0
1990,66,1,0,0,0,0,744,1,0,0
1990,67,2,0,0,0,0,0,0,0,0
1990,29,1,0,0,0,0,473,0,50,0
1990,35,2,0,0,0,0,744,1,40,0
1990,26,2,2,0,0,0,744,1,40,0
1990,66,1,0,0,0,0,0,0,0,0
1990,65,2,0,0,0,0,436,5,35,0
1990,70,1,0,0,0,1,473,0,30,0
1990,69,2,0,0,0,1,0,0,0,0
1990,78,1,0,1,0,0,473,0,25,0
1990,68,2,0,1,0,0,447,5,15,0
1990,45,1,0,0,0,0,585,0,40,0
1990,37,2,0,0,0,0,466,5,60,0
1990,78,1,0,0,0,0,0,0,0,0
1990,75,2,0,0,0,0,0,0,0,0
1990,49,1,0,0,0,0,505,4,15,0
1990,43,2,0,0,0,0,744,1,0,0
1990,75,1,0,0,0,0,567,0,2,0
1990,74,2,0,0,0,0,0,0,0,0
1990,39,1,0,0,0,0,575,2,40,0
1990,36,2,0,0,0,1,628,1,40,0
1990,46,1,0,0,0,0,653,0,0,0
1990,35,2,0,0,0,0,337,0,40,0
1990,38,1,2,0,0,1,535,4,40,0
1990,67,1,0,0,0,0,658,1,30,0
1990,63,2,0,0,0,0,0,0,0,0
1990,21,1,1,0,0,1,434,3,20,0
1990,22,1,1,0,0,1,243,3,45,0
1990,29,2,1,0,0,1,157,5,40,0
1990,39,1,0,0,0,0,585,0,45,0
1990,37,2,0,0,0,0,22,0,40,0
1990,78,1,0,0,0,0,0,0,0,0
1990,57,2,0,0,0,0,0,0,0,0
1990,60,1,0,0,0,0,274,3,40,0
1990,57,2,0,0,0,0,0,0,0,0
1990,31,2,2,0,0,1,315,5,40,0
1990,25,1,0,0,0,1,359,2,40,0
1990,25,2,0,0,0,1,156,5,42,0
1990,43,1,0,0,0,1,889,1,40,0
1990,39,2,0,0,0,1,337,3,25,0
1990,19,1,1,0,0,0,267,3,48,0
1990,55,1,0,0,0,0,869,0,40,0
1990,54,2,0,0,0,0,0,0,0,0
1990,67,1,0,0,0,1,7,2,0,1
1990,63,2,0,0,0,1,0,0,0,0
1990,39,1,0,0,0,0,883,1,40,0
1990,36,2,0,0,0,0,796,1,44,0
1990,63,1,0,0,0,0,505,1,0,0
1990,60,2,0,0,0,0,436,5,0,0
1990,58,1,0,0,0,1,156,5,99,0
1990,53,2,0,0,0,1,95,5,40,0
1990,53,1,0,0,0,0,0,0,0,0
1990,47,2,0,0,0,1,253,4,0,0
1990,27,1,0,0,0,0,877,3,40,0
1990,24,2,0,0,0,0,379,2,30,0
1990,25,1,1,0,0,0,0,0,0,0
1990,23,1,1,0,0,0,0,0,0,0
1990,66,1,0,0,0,0,436,3,30,0
1990,45,2,0,0,0,0,436,3,48,0
1990,78,2,3,0,0,0,0,0,0,0
1990,48,1,0,0,0,0,783,1,75,0
1990,42,2,0,0,0,0,449,4,30,0
1990,20,2,3,0,0,0,435,3,20,0
1990,72,2,3,0,0,1,337,3,15,0
1990,35,1,0,0,0,0,855,0,58,0
1990,32,2,0,0,0,0,0,0,0,0
1990,72,1,0,0,0,0,877,3,40,0
1990,68,2,0,0,0,0,683,1,8,0
1990,67,2,3,0,0,0,0,0,0,0
1990,32,1,2,0,0,1,424,6,50,0
1990,32,2,2,0,0,1,0,0,0,0
1990,52,1,0,0,0,0,357,2,25,0
1990,49,2,0,0,0,0,276,3,40,0
1990,26,1,1,0,0,0,909,6,0,0
1990,62,2,3,0,0,0,0,0,0,0
1990,38,1,2,0,0,0,783,0,40,0
1990,40,1,2,0,0,0,469,4,40,0
1990,76,1,0,0,0,0,0,0,0,0
1990,74,2,0,0,0,0,0,0,0,0
1990,39,1,1,0,0,1,804,2,65,0
1990,56,1,0,0,0,1,734,1,60,0
1990,50,2,0,0,0,0,257,1,45,0
1990,65,2,3,0,0,0,0,0,0,0
1990,39,1,1,0,0,1,508,2,0,0
1990,50,1,0,0,0,1,14,5,40,0
1990,49,2,0,0,0,0,468,5,35,0
1990,18,2,1,0,0,0,0,0,0,0
1990,39,1,0,0,0,0,804,2,0,0
1990,26,2,0,0,0,0,0,0,0,0
1990,54,2,3,0,0,0,379,0,0,0
1990,26,1,0,0,0,1,418,6,40,0
1990,35,2,0,3,3,0,379,3,0,0
1990,66,2,3,0,0,0,0,0,0,0
1990,68,2,3,0,0,0,95,4,0,0
1990,27,2,1,0,0,1,276,3,30,0
1990,45,2,0,0,0,1,666,4,70,0
1990,55,1,0,0,0,0,0,0,0,0
1990,30,2,3,0,0,0,23,0,42,0
1990,42,1,0,0,0,0,616,0,0,0
1990,44,2,0,0,0,0,0,0,0,0
1990,74,1,3,0,0,0,0,0,0,0
1990,60,2,1,0,0,0,0,0,0,0
1990,55,1,1,0,0,0,473,0,6,0
1990,51,1,1,0,0,0,0,0,0,0
1990,65,1,0,0,0,0,0,0,0,0
1990,72,2,0,0,0,0,0,0,0,0
1990,27,1,3,0,0,0,243,3,0,0
1990,41,2,0,0,0,1,314,6,40,0
1990,46,1,0,0,0,0,0,0,0,0
1990,38,1,0,0,0,1,844,0,40,0
1990,35,2,0,0,0,0,0,0,0,0
1990,60,2,2,0,0,0,0,0,0,0
1990,63,2,3,0,0,0,0,0,0,0
1990,39,1,0,1,0,0,527,2,46,0
1990,36,2,0,1,0,1,373,1,40,0
1990,54,1,2,0,0,0,0,0,0,0
1990,38,1,0,0,0,1,243,3,55,0
1990,37,2,0,0,0,1,243,3,55,0
1990,63,2,1,0,0,0,0,0,0,0
1990,32,1,3,0,0,0,479,0,10,0
1990,31,1,0,0,0,1,253,4,40,0
1990,26,2,0,0,0,1,95,5,40,0
1990,66,1,0,0,0,1,305,0,20,0
1990,67,2,0,0,2,1,13,0,45,0
1990,70,1,3,0,0,0,0,0,0,0
1990,23,1,0,0,0,0,885,3,40,0
1990,21,2,0,0,0,0,436,3,0,0
1990,66,1,0,0,0,0,426,4,0,0
1990,62,2,0,0,0,0,0,0,0,0
1990,29,1,0,0,0,0,616,0,40,0
1990,27,2,0,0,0,1,435,3,47,0
1990,29,2,0,0,0,0,185,3,0,0
1990,33,1,0,0,0,0,628,0,45,0
1990,62,1,2,0,0,0,0,0,0,0
1990,27,1,1,0,0,1,156,5,40,0
1990,63,1,0,0,0,1,154,5,30,0
1990,59,2,0,0,0,1,0,0,0,0
1990,29,2,0,0,0,0,0,0,0,0
1990,31,1,0,0,0,0,514,4,50,0
1990,30,1,0,0,0,0,809,0,40,0
1990,25,2,0,0,0,1,208,5,40,0
1990,48,1,0,0,0,0,889,4,40,0
1990,47,2,0,0,0,0,889,2,40,0
1990,25,2,1,0,0,0,385,4,40,0
1990,32,1,2,0,0,0,0,0,0,0
1990,75,1,3,0,0,0,473,0,0,0
1990,73,1,3,0,0,0,0,0,0,0
1990,58,1,2,0,0,1,64,5,10,0
1990,26,1,1,0,0,0,759,1,40,0
1990,66,1,0,0,0,0,0,0,0,0
1990,66,2,0,0,0,0,796,1,40,0
1990,73,1,0,0,0,0,0,0,0,0
1990,53,2,0,0,0,0,0,0,0,0
1990,29,1,3,0,0,0,804,2,40,1
1990,31,1,0,0,0,0,486,5,40,0
1990,27,2,0,0,0,0,799,1,40,0
1990,35,1,0,0,0,0,567,0,40,0
1990,31,2,0,0,0,0,263,3,35,0
1990,57,1,0,0,0,0,453,5,40,0
1990,66,2,0,0,0,0,0,0,0,0
1990,25,1,1,0,0,1,785,1,48,0
1990,32,1,0,0,0,0,628,2,40,0
1990,29,2,0,0,0,0,174,4,37,0
1990,50,2,3,0,0,0,0,0,0,0
1990,21,1,1,0,0,0,0,0,0,0
1990,51,1,0,0,0,1,156,5,37,0
1990,51,2,0,0,0,1,16,2,0,0
1990,37,2,2,0,0,0,0,0,0,0
1990,71,2,1,0,0,0,0,0,0,0
1990,53,1,0,0,0,0,507,5,40,0
1990,52,2,0,0,0,0,379,2,40,0
1990,78,2,3,0,0,0,0,0,0,0
1990,33,1,0,0,0,0,235,2,40,0
1990,31,2,0,0,0,1,23,2,40,0
1990,23,2,0,0,0,0,0,0,0,0
1990,26,1,0,0,0,0,709,1,66,0
1990,39,1,0,0,0,0,579,0,38,0
1990,39,2,0,0,0,0,0,0,0,0
1990,18,2,1,0,0,0,407,4,2,0
1990,32,1,0,0,0,0,869,0,0,0
1990,30,2,0,0,0,0,0,0,0,0
1990,68,2,2,0,0,1,0,0,0,0
1990,44,1,0,0,0,0,0,0,0,0
1990,38,2,0,0,0,0,0,0,0,0
1990,21,1,1,0,0,0,0,0,0,0
1990,33,2,0,0,0,0,354,2,0,0
1990,36,1,0,0,0,0,558,0,50,1
1990,51,1,0,0,0,0,855,1,0,0
1990,47,2,0,0,0,0,447,5,40,0
1990,29,1,2,0,0,0,875,2,32,0
1990,43,2,1,0,0,0,0,0,0,0
1990,41,1,0,0,0,0,804,2,0,0
1990,37,2,0,0,0,1,264,3,20,0
1990,18,1,1,0,0,0,276,3,20,0
1990,44,1,0,0,0,1,84,5,45,1
1990,23,2,0,0,0,1,453,5,0,0
1990,58,1,2,0,0,0,505,4,50,0
1990,23,1,3,0,0,0,243,3,40,0
1990,29,1,3,0,0,0,0,0,0,0
1990,37,1,0,0,0,1,283,1,60,0
1990,36,2,0,0,0,0,337,5,40,0
1990,35,1,0,0,0,0,426,0,40,0
1990,36,2,0,0,0,0,436,3,0,0
1990,25,1,0,0,0,0,889,3,40,0
1990,23,2,0,0,0,0,276,3,20,0
1990,39,1,0,0,0,0,808,5,25,0
1990,33,2,0,0,0,0,385,4,40,0
1990,47,1,0,0,0,0,0,0,0,0
1990,40,2,0,0,0,0,385,4,0,0
1990,18,1,1,0,0,1,436,3,40,0
1990,30,2,0,0,0,0,616,0,48,0
1990,32,1,0,0,0,0,0,0,0,0
1990,62,1,0,0,0,0,804,2,0,0
1990,59,2,0,0,0,0,0,0,0,0
1990,29,1,1,0,0,0,804,0,0,0
1990,24,2,1,0,0,0,276,3,25,0
1990,23,1,0,0,0,0,804,2,80,0
1990,21,2,0,0,0,1,313,3,0,0
1990,41,2,2,0,0,0,0,0,0,0
1990,18,2,1,0,0,0,0,0,0,0
1990,66,1,0,0,0,1,243,3,48,1
1990,65,2,0,0,0,1,0,0,0,0
1990,72,1,0,0,0,0,0,0,0,0
1990,68,2,0,0,0,0,0,0,0,0
1990,21,2,0,0,0,0,505,4,5,0
1990,22,1,0,0,0,0,0,0,0,0
1990,27,1,1,0,0,1,853,0,45,0
1990,43,2,0,0,0,0,909,6,0,0
1990,53,1,0,0,0,0,855,0,40,0
1990,37,2,0,0,0,1,156,5,40,0
1990,40,1,0,0,0,0,0,0,0,0
1990,35,1,0,0,0,0,616,0,40,1
1990,28,2,0,0,0,0,276,3,0,0
1990,52,1,2,0,0,0,266,3,25,0
1990,28,1,0,0,0,0,616,0,45,0
1990,24,2,0,0,0,0,0,0,0,0
1990,71,2,3,0,0,0,0,0,0,0
1990,62,1,2,0,0,0,0,0,0,0
1990,71,1,0,0,0,0,0,0,0,0
1990,65,2,0,0,0,0,0,0,0,0
1990,25,1,0,0,0,0,804,2,40,0
1990,24,2,0,0,0,0,0,0,0,0
1990,73,1,0,0,0,0,475,0,30,0
1990,75,2,0,0,0,1,0,0,0,0
1990,65,2,3,0,0,0,274,3,0,0
1990,54,1,1,0,0,1,156,5,0,0
1990,80,2,3,0,0,0,0,0,0,0
1990,50,1,0,0,0,1,22,2,40,1
1990,47,2,0,0,0,0,23,2,40,0
1990,24,1,1,0,0,1,804,3,16,0
1990,27,1,1,0,0,1,423,6,60,0
1990,52,1,0,0,0,1,575,0,59,1
1990,54,2,0,0,0,0,0,0,0,0
1990,71,2,0,0,0,0,0,0,0,0
1990,51,2,2,0,0,0,435,3,0,0
1990,65,1,0,0,0,0,804,6,0,0
1990,56,2,0,0,0,0,436,5,40,0
1990,57,2,3,0,0,0,0,0,0,0
1990,23,1,1,0,0,1,865,0,40,0
1990,21,2,1,0,0,1,453,5,0,0
1990,80,2,3,0,0,0,0,0,0,0
1990,39,1,0,0,0,1,243,3,0,0
1990,31,2,0,0,0,1,156,5,40,0
1990,46,2,2,0,0,0,0,0,0,0
1990,62,1,0,0,0,0,0,0,0,0
1990,56,2,0,0,0,0,808,5,7,0
1990,51,1,2,0,0,0,0,0,0,0
1990,30,2,3,0,0,0,0,0,0,0
1990,32,1,0,0,0,0,509,0,50,0
1990,28,2,0,0,0,0,444,5,40,0
1990,24,1,0,0,0,0,617,0,26,0
1990,22,2,0,0,0,0,0,0,0,0
1990,74,2,0,0,0,0,0,0,0,0
1990,35,1,3,0,0,0,0,0,0,0
1990,42,2,2,0,0,1,157,5,45,0
1990,58,1,0,0,0,1,22,0,40,0
1990,55,2,0,0,0,1,95,5,50,1
1990,61,2,3,0,0,0,313,6,40,0
1990,77,2,3,0,0,0,0,0,0,0
1990,63,1,0,0,0,1,243,3,54,0
1990,59,2,0,0,0,0,383,4,40,0
1990,60,1,0,0,0,0,259,3,0,0
1990,57,2,0,0,0,0,379,6,40,0
1990,32,1,0,0,0,0,628,0,40,0
1990,28,2,0,0,0,0,0,0,0,0
1990,47,1,0,0,0,0,823,2,50,0
1990,44,2,0,0,0,1,436,5,35,0
1990,24,1,3,0,0,0,436,3,25,0
1990,56,1,2,0,0,0,505,3,40,0
1990,44,1,0,0,0,0,699,0,16,0
1990,42,2,0,0,0,0,0,0,0,0
1990,38,2,2,0,0,0,274,3,20,0
1990,18,2,1,0,0,0,276,3,20,0
1990,26,2,2,0,0,0,337,5,40,0
1990,58,2,3,0,0,0,0,0,0,0
1990,44,1,0,0,0,0,804,2,50,0
1990,42,2,0,0,0,0,0,0,0,0
1990,20,1,1,0,0,0,804,2,40,0
1990,18,1,1,0,0,0,754,1,40,0
1990,46,1,0,0,0,0,637,0,0,0
1990,47,2,0,0,0,0,0,0,0,0
1990,31,1,0,0,0,1,176,5,40,0
1990,29,2,0,0,0,1,329,5,0,0
1990,35,1,0,0,0,0,779,1,40,0
1990,23,2,0,0,0,0,0,0,0,0
1990,39,2,1,0,0,0,17,3,48,0
1990,63,2,3,0,0,0,387,5,31,0
1990,59,1,2,0,0,0,844,0,0,0
1990,54,2,2,0,0,0,243,3,60,0
1990,59,1,0,0,0,0,18,4,50,0
1990,60,2,0,0,0,0,264,3,14,0
1990,40,1,0,0,0,0,0,0,0,0
1990,39,2,0,0,0,0,0,0,0,0
1990,80,1,0,0,0,0,563,0,16,0
1990,59,2,3,0,0,0,0,0,0,0
1990,41,1,0,0,0,1,337,4,40,0
1990,42,2,0,0,0,0,0,0,0,0
1990,70,1,0,0,0,0,0,0,0,0
1990,71,2,0,0,0,0,95,5,0,0
1990,68,2,3,0,0,1,0,0,0,0
1990,29,1,0,0,0,1,274,3,45,0
1990,29,2,0,0,0,1,22,5,40,0
1990,32,1,0,0,0,1,796,1,40,0
1990,29,2,0,0,0,0,313,5,0,0
1990,27,1,3,0,0,1,5,6,0,0
1990,24,1,0,0,0,1,217,0,40,0
1990,24,2,0,0,0,1,225,1,40,0
1990,49,1,1,0,0,0,473,0,4,0
1990,68,1,0,0,0,0,0,0,0,0
1990,64,2,0,0,0,0,0,0,0,0
1990,65,1,0,0,0,0,869,0,20,0
1990,35,2,0,0,0,0,18,0,10,0
1990,35,2,1,0,0,0,276,5,40,0
1990,48,2,1,0,0,1,174,5,12,0
1990,75,1,0,0,0,0,0,0,0,0
1990,80,2,0,0,0,0,0,0,0,0
1990,48,1,0,0,0,0,783,1,20,0
1990,40,2,0,0,0,0,0,0,0,0
1990,24,1,0,0,0,0,783,1,40,0
1990,22,2,0,0,0,0,447,5,0,0
1990,37,1,0,0,0,0,473,0,50,0
1990,43,2,0,0,0,0,744,1,40,0
1990,63,1,0,0,0,0,0,0,0,0
1990,59,2,0,0,0,1,0,0,0,0
1990,75,1,0,0,0,0,0,0,0,0
1990,72,2,0,0,0,0,0,0,0,0
1990,65,1,0,0,0,0,448,5,40,0
1990,65,2,0,0,0,0,406,4,40,0
1990,25,1,0,0,0,0,804,3,40,0
1990,25,2,0,0,0,0,436,3,35,0
1990,43,2,2,0,0,0,407,4,24,0
1990,21,2,1,0,0,0,0,0,0,0
1990,19,1,1,0,0,0,479,0,24,0
1990,19,1,1,0,0,0,479,0,36,0
1990,18,2,1,0,0,0,0,0,0,0
1990,22,2,1,0,1,1,256,2,40,0
1990,63,1,0,0,0,1,22,1,60,1
1990,56,2,0,0,0,1,0,0,0,0
1990,19,1,1,0,0,1,889,1,45,0
1990,30,1,0,0,0,0,536,0,40,0
1990,28,2,0,0,0,0,313,5,35,0
1990,53,1,0,0,0,0,518,1,40,0
1990,53,2,0,0,0,1,0,0,0,0
1990,43,1,0,0,0,0,628,1,60,0
1990,41,2,0,0,0,0,469,4,42,0
1990,21,1,2,0,0,0,889,1,40,0
1990,42,1,0,0,0,0,637,4,44,0
1990,42,2,0,0,0,0,313,1,35,0
1990,57,1,0,0,0,0,0,0,0,0
1990,68,2,0,0,0,0,0,0,0,0
1990,33,1,1,0,0,0,243,3,10,0
1990,34,1,1,0,0,1,25,6,40,0
1990,33,1,0,0,0,1,55,2,40,0
1990,31,2,0,0,0,1,314,5,4,0
1990,27,2,1,0,0,0,435,4,40,0
1990,30,2,1,0,0,0,276,3,40,0
1990,28,1,1,0,0,1,17,4,40,0
1990,39,2,2,0,0,1,744,1,30,0
1990,62,1,0,0,0,0,779,2,0,0
1990,58,2,0,0,0,0,0,0,0,0
1990,35,1,0,0,0,1,213,2,40,0
1990,35,2,0,0,0,0,22,5,40,0
1990,63,1,0,0,0,0,426,4,0,0
1990,63,2,0,0,0,0,0,0,0,0
1990,32,2,1,0,0,0,887,3,20,0
1990,24,1,1,0,0,0,365,4,48,0
1990,41,1,0,0,0,1,849,0,45,0
1990,31,2,0,0,0,1,844,0,0,0
1990,53,1,0,0,0,0,547,2,40,0
1990,50,2,0,0,0,0,0,0,0,0
1990,31,1,1,0,0,0,479,0,16,0
1990,35,1,0,0,0,0,585,0,40,0
1990,33,2,0,0,0,0,185,3,40,0
1990,19,2,1,0,0,0,337,5,40,0
1990,39,1,0,0,0,0,449,2,0,0
1990,39,2,0,0,0,0,745,1,0,0
1990,58,1,0,0,0,1,473,0,50,0
1990,60,2,0,0,0,1,473,0,50,0
1990,74,2,3,0,0,0,407,4,28,0
1990,19,1,0,0,0,0,573,0,9,0
1990,19,2,0,0,0,0,438,3,9,0
1990,22,1,1,0,0,1,848,0,40,0
1990,20,2,1,0,0,1,268,3,40,0
1990,20,2,1,0,0,1,308,1,8,0
1990,59,1,0,0,0,0,804,6,40,0
1990,57,2,0,0,0,0,0,0,0,0
1990,34,1,1,0,0,1,889,2,40,0
1990,46,1,0,0,0,0,889,3,49,0
1990,45,2,0,0,0,0,449,4,0,0
1990,22,1,0,0,0,0,268,3,40,0
1990,22,2,0,0,0,0,308,2,44,0
1990,55,2,3,0,0,1,159,0,40,0
1990,63,1,1,0,0,0,475,0,5,0
1990,69,2,1,0,0,0,473,0,24,0
1990,56,1,0,0,0,0,0,0,0,0
1990,47,2,0,0,0,0,744,1,40,0
1990,39,1,2,0,0,0,869,0,40,0
1990,45,1,0,0,0,0,4,6,50,0
1990,40,2,0,0,0,1,17,3,50,0
1990,20,2,1,0,0,0,7,4,40,0
1990,73,2,3,0,0,0,0,0,0,0
1990,46,1,0,0,0,0,567,0,20,0
1990,43,2,0,0,0,0,0,0,0,0
1990,38,1,0,0,0,0,473,0,70,0
1990,38,2,0,0,0,0,0,0,0,0
1990,49,1,0,0,0,1,453,5,40,0
1990,46,2,0,0,0,1,156,5,40,0
1990,64,1,0,0,0,0,567,6,40,0
1990,58,2,0,0,0,0,453,1,45,0
1990,21,1,1,0,0,0,628,1,40,0
1990,18,1,1,0,0,0,797,1,40,0
1990,31,1,0,1,0,0,777,1,40,0
1990,32,2,0,1,0,0,436,3,37,0
1990,37,2,0,0,0,1,154,5,40,0
1990,36,1,0,0,0,1,22,4,15,0
1990,55,1,0,0,0,1,85,5,66,0
1990,52,2,0,0,0,1,156,5,40,0
1990,60,1,0,0,0,0,883,1,40,0
1990,59,2,0,0,0,0,547,3,30,0
1990,66,1,0,0,0,0,0,0,0,0
1990,62,2,0,0,0,0,0,0,0,0
1990,22,1,1,0,0,0,783,1,40,0
1990,41,1,0,0,0,0,869,0,40,0
1990,35,2,0,0,0,1,276,3,30,0
1990,40,2,3,0,0,1,22,1,40,0
1990,53,2,3,0,0,0,479,0,0,0
1990,21,1,0,0,0,0,869,0,40,0
1990,21,2,0,0,0,0,435,4,35,0
1990,74,1,0,0,0,0,0,0,0,0
1990,73,2,0,0,0,1,447,5,0,0
1990,62,1,0,0,0,0,687,3,20,0
1990,62,2,0,0,0,0,195,1,45,0
1990,33,1,1,0,0,1,243,3,72,0
1990,24,1,1,0,0,1,433,3,46,0
1990,18,1,1,0,0,0,0,0,0,0
1990,65,1,0,0,0,0,0,0,0,0
1990,65,2,0,0,0,0,0,0,0,0
1990,74,2,3,0,0,0,327,3,20,0
1990,39,2,2,0,0,1,17,3,40,0
1990,36,1,0,0,0,0,216,1,40,0
1990,35,2,0,0,0,0,0,0,0,0
1990,37,2,2,0,0,1,27,1,45,0
1990,39,1,2,3,0,0,768,1,48,0
1990,42,1,0,0,0,0,588,0,50,0
1990,32,2,0,0,0,0,17,3,80,0
1990,31,1,0,0,0,0,22,3,50,0
1990,34,2,0,0,0,1,17,3,41,0
1990,33,1,0,0,0,1,804,3,45,0
1990,32,2,0,0,0,1,458,4,21,0
1990,70,1,0,0,0,0,0,0,0,0
1990,63,2,0,0,0,0,0,0,0,0
1990,46,2,1,0,0,1,23,3,42,0
1990,36,1,0,0,0,0,808,2,40,0
1990,36,2,0,0,2,0,458,4,16,0
1990,76,2,3,0,0,0,0,0,0,0
1990,35,2,2,0,0,0,275,4,40,0
1990,46,1,3,0,0,0,0,0,0,0
1990,64,2,3,0,0,0,23,6,40,0
1990,40,2,2,0,0,0,433,3,40,0
1990,37,1,1,0,0,0,806,3,40,0
1990,22,1,1,0,0,0,883,3,40,0
1990,37,1,1,0,0,0,628,0,40,0
1990,25,1,0,0,0,1,327,2,40,0
1990,22,2,0,0,0,1,447,5,16,0
1990,41,1,0,0,0,0,355,2,45,0
1990,41,2,0,0,0,0,264,3,40,0
1990,19,2,1,0,0,0,435,3,40,0
1990,63,1,0,3,0,1,23,6,0,0
1990,58,2,0,0,0,1,739,1,35,0
1990,36,1,0,0,0,0,529,2,40,0
1990,31,2,0,0,0,0,274,3,6,0
1990,36,1,1,0,0,0,13,3,46,1
1990,55,2,2,3,0,0,17,5,40,0
1990,19,1,1,0,0,0,368,3,40,0
1990,69,1,0,0,0,0,0,0,0,0
1990,64,2,0,0,0,0,0,0,0,0
1990,40,2,2,0,0,0,883,1,48,0
1990,29,2,1,0,0,0,856,1,50,0
1990,65,1,2,0,0,0,275,3,20,0
1990,50,1,0,0,0,1,243,3,44,1
1990,49,2,0,0,0,1,243,3,44,0
1990,22,2,1,0,0,1,444,3,59,0
1990,49,1,0,0,0,1,5,6,50,1
1990,44,2,0,0,0,1,156,5,40,0
1990,18,1,1,0,0,1,276,3,25,0
1990,44,1,1,0,0,0,0,0,0,0
1990,42,1,0,0,0,1,85,5,50,1
1990,39,2,0,0,0,1,204,5,16,0
1990,74,1,0,0,0,0,13,1,0,0
1990,65,2,0,0,0,0,274,3,8,0
1990,23,2,1,0,0,1,103,5,40,0
1990,80,2,3,0,0,0,0,0,0,0
1990,40,2,2,0,3,1,23,6,40,0
1990,45,1,0,0,0,1,5,6,45,1
1990,46,2,0,0,0,1,163,5,0,0
1990,46,2,0,0,0,1,0,0,0,0
1990,46,1,0,0,0,1,178,5,60,1
1990,48,1,0,0,0,0,364,2,40,0
1990,47,2,0,0,0,0,376,4,40,0
1990,19,1,1,0,0,0,365,3,40,0
1990,67,2,3,0,0,0,0,0,0,0
1990,23,2,1,0,0,0,436,3,0,0
1990,24,1,1,0,0,1,579,0,40,0
1990,58,1,0,0,0,1,0,0,0,0
1990,56,2,0,0,0,1,0,0,0,0
1990,52,2,2,0,0,0,458,4,40,0
1990,39,1,0,0,0,1,13,4,40,0
1990,38,2,0,0,0,0,156,5,20,0
1990,60,1,3,0,0,1,23,6,24,0
1990,22,2,2,0,0,0,436,3,0,0
1990,32,2,0,0,0,0,0,0,0,0
1990,52,1,0,0,0,0,473,0,40,0
1990,52,1,0,0,0,0,276,3,40,0
1990,45,2,0,0,0,0,453,5,40,0
1990,44,1,0,0,0,0,869,0,50,0
1990,38,2,0,0,0,0,683,1,30,0
1990,72,1,0,0,0,0,785,3,0,0
1990,71,2,0,0,0,0,744,1,0,0
1990,64,1,0,0,0,1,809,4,0,0
1990,51,2,0,0,0,1,163,5,50,0
1990,33,1,0,0,0,0,595,0,40,0
1990,31,2,0,0,0,0,0,0,0,0
1990,34,1,2,0,0,1,785,3,40,0
1990,30,2,2,0,0,0,338,1,40,0
1990,68,1,0,0,0,1,259,3,30,0
1990,63,2,0,0,0,0,0,0,0,0
1990,24,1,1,0,0,1,23,1,47,0
1990,42,1,0,0,0,1,23,3,60,1
1990,35,2,0,0,0,0,23,3,40,0
1990,55,1,0,0,0,0,503,2,40,1
1990,48,2,0,0,0,0,0,0,0,0
1990,23,1,1,0,0,1,243,3,20,0
1990,47,2,0,0,0,0,218,5,65,1
1990,51,1,0,0,0,1,315,4,40,0
1990,25,1,1,0,0,1,57,1,40,0
1990,64,2,3,0,0,0,0,0,0,0
1990,39,1,0,0,0,1,543,1,40,1
1990,39,2,0,0,0,0,313,5,40,0
1990,35,1,0,0,0,1,259,3,40,0
1990,36,2,0,0,0,1,319,5,38,0
1990,59,2,3,0,0,0,0,0,0,0
1990,31,1,0,0,0,0,453,3,60,0
1990,33,2,0,0,0,0,804,3,0,0
1990,34,1,0,0,0,0,804,3,40,0
1990,30,2,0,0,0,0,885,3,20,0
1990,77,2,3,0,0,0,449,5,40,0
1990,37,1,0,0,0,1,22,0,40,0
1990,34,2,0,0,0,1,22,5,40,0
1990,39,2,0,0,0,0,383,4,28,0
1990,35,1,0,0,0,1,856,1,40,0
1990,50,1,0,0,0,0,558,0,40,0
1990,47,2,0,0,0,0,313,1,40,0
1990,33,1,0,0,0,0,783,1,40,0
1990,41,2,0,0,0,0,303,5,40,0
1990,18,2,1,0,0,0,885,3,20,0
1990,30,1,1,0,0,0,243,3,40,0
1990,37,1,0,0,0,0,453,3,30,0
1990,39,2,0,0,0,0,0,0,0,0
1990,52,1,0,0,0,0,585,3,80,0
1990,50,2,0,0,0,1,95,5,10,0
1990,52,1,0,0,0,0,473,0,70,0
1990,49,2,0,0,0,1,55,2,40,0
1990,27,2,2,0,0,1,379,2,37,0
1990,43,1,0,0,0,0,364,2,40,0
1990,43,2,0,0,0,1,156,5,36,0
1990,20,2,2,0,0,0,385,1,40,0
1990,19,1,1,0,0,0,779,4,30,0
1990,18,2,1,0,0,0,0,0,0,0
1990,38,1,2,0,0,0,694,2,40,0
1990,34,1,0,0,0,1,33,1,40,0
1990,33,2,0,0,0,1,163,5,40,0
1990,32,1,0,0,0,0,585,3,40,0
1990,30,2,0,0,0,0,466,5,40,0
1990,30,1,0,0,0,0,628,3,40,0
1990,31,2,0,0,0,0,364,3,40,0
1990,49,1,0,0,0,1,804,2,45,0
1990,45,2,0,0,0,0,458,4,50,0
1990,43,1,3,0,0,0,628,2,40,0
1990,48,2,3,0,0,1,337,3,40,0
1990,62,1,0,0,0,0,849,1,0,0
1990,57,2,0,0,0,0,0,0,0,0
1990,49,1,0,0,0,0,479,0,70,0
1990,35,2,0,0,0,0,0,0,0,0
1990,25,1,1,0,0,0,514,4,40,0
1990,59,1,0,0,0,0,243,3,40,0
1990,57,2,0,0,0,0,5,6,40,0
1990,26,1,2,0,0,1,785,1,40,0
1990,27,1,0,0,0,0,599,0,40,0
1990,23,2,0,0,0,0,0,0,0,0
1990,34,1,0,0,0,0,804,2,40,0
1990,32,2,0,0,0,0,0,0,0,0
1990,46,2,2,0,0,0,36,6,40,0
1990,28,2,0,0,0,0,436,3,50,0
1990,39,1,0,0,0,0,444,3,40,0
1990,45,1,0,0,0,0,889,2,40,0
1990,44,2,0,0,0,0,0,0,0,0
1990,24,1,1,0,0,0,379,3,40,0
1990,27,1,1,0,0,1,567,0,55,1
1990,20,2,1,0,0,0,385,6,40,0
1990,29,1,0,0,0,0,804,2,40,0
1990,29,2,0,0,0,0,859,2,40,0
1990,23,1,0,0,0,0,576,1,40,0
1990,21,2,0,0,0,0,453,5,30,0
1990,68,1,1,0,0,0,0,0,0,0
1990,70,2,3,0,0,0,0,0,0,0
1990,25,1,0,0,0,1,185,3,40,0
1990,26,2,0,0,0,1,217,1,40,0
1990,34,1,0,0,0,1,365,2,48,0
1990,35,2,0,0,0,1,156,5,40,0
1990,36,1,0,0,0,1,84,5,40,1
1990,30,2,0,0,0,1,95,5,0,0
1990,32,2,1,0,0,1,23,6,40,0
1990,66,1,1,0,0,0,0,0,0,0
1990,60,2,3,0,0,0,0,0,0,0
1990,61,1,0,0,0,0,724,1,30,0
1990,58,2,0,0,0,0,0,0,0,0
1990,22,1,2,0,0,0,883,1,40,0
1990,19,1,1,0,0,0,709,1,42,0
1990,78,2,0,0,0,1,0,0,0,0
1990,26,1,1,0,0,1,337,2,43,0
1990,60,1,0,0,0,1,5,6,40,0
1990,57,2,0,0,0,0,335,6,40,0
1990,37,2,2,0,0,1,385,3,40,0
1990,27,1,1,0,0,0,365,3,45,0
1990,46,1,0,0,0,1,414,6,40,0
1990,37,2,0,0,0,1,354,2,40,0
1990,49,1,0,0,0,1,13,5,40,1
1990,46,2,0,0,0,1,337,3,40,0
1990,27,1,0,0,0,0,567,0,0,0
1990,62,2,0,0,0,0,0,0,0,0
1990,28,1,2,3,0,0,473,0,75,0
1990,18,2,1,0,0,0,804,0,25,0
1990,42,2,0,0,0,1,25,4,40,0
1990,39,1,0,0,0,0,804,2,40,0
1990,72,1,0,0,0,1,0,0,0,0
1990,67,2,0,0,0,0,0,0,0,0
1990,68,2,3,0,0,0,479,0,40,0
1990,18,2,1,0,0,0,276,3,24,0
1990,26,1,1,0,0,0,759,4,45,0
1990,51,1,0,0,0,0,567,0,25,0
1990,40,2,0,0,0,0,744,1,40,0
1990,21,2,1,0,0,1,313,2,40,0
1990,59,2,3,0,0,0,889,1,0,0
1990,26,1,0,0,0,0,534,0,50,0
1990,23,2,0,0,2,1,276,5,17,0
1990,19,2,1,0,0,0,313,5,40,0
1990,20,1,1,0,0,1,453,0,67,0
1990,20,1,1,1,0,1,164,5,20,0
1990,36,1,0,0,0,1,889,2,40,0
1990,37,2,0,0,0,1,313,5,40,0
1990,36,1,2,3,3,0,436,3,70,0
1990,56,2,3,3,3,0,0,0,0,0
1990,28,2,2,0,0,1,95,5,40,0
1990,34,1,0,0,0,1,628,2,40,0
1990,31,2,0,0,0,0,313,5,0,0
1990,38,1,0,0,0,0,243,4,60,0
1990,34,2,0,0,0,0,683,1,37,0
1990,18,2,1,0,0,0,438,3,12,0
1990,38,2,2,0,0,0,274,3,40,0
1990,25,1,0,0,0,0,595,0,40,0
1990,26,2,0,0,0,0,37,5,40,0
1990,39,1,0,0,0,0,455,4,40,0
1990,34,2,0,0,0,0,754,1,40,0
1990,76,2,3,0,0,1,0,0,0,0
1990,38,1,0,0,0,1,777,1,40,0
1990,35,2,0,0,0,1,337,1,40,0
1990,30,2,2,0,0,1,785,5,40,0
1990,62,1,0,0,0,0,473,0,50,0
1990,62,2,0,0,0,0,0,0,0,0
1990,46,1,0,0,0,1,14,5,40,0
1990,47,2,0,0,0,1,156,5,40,0
1990,18,2,1,0,0,0,0,0,0,0
1990,48,2,1,0,0,0,0,0,0,0
1990,72,1,3,0,0,0,22,1,40,0
1990,32,1,0,0,0,0,549,1,52,0
1990,30,2,0,0,0,0,0,0,0,0
1990,47,1,3,0,0,0,0,0,0,0
1990,22,1,0,0,0,0,783,1,40,0
1990,23,2,0,0,0,0,276,3,0,0
1990,30,1,3,0,0,0,779,1,40,0
1990,59,2,0,0,0,0,0,0,0,0
1990,65,1,0,0,0,0,473,0,40,0
1990,22,1,1,0,0,0,479,0,0,0
1990,31,2,1,0,0,0,243,3,56,0
1990,73,1,0,0,0,0,567,1,40,0
1990,66,2,0,0,0,0,473,0,10,0
1990,40,2,1,0,0,1,159,5,37,0
1990,32,1,0,0,0,1,208,2,37,0
1990,25,2,0,0,0,1,276,3,37,0
1990,29,1,0,0,0,0,567,0,40,0
1990,30,2,0,0,0,0,777,1,40,0
1990,28,1,0,0,2,1,355,2,40,0
1990,25,2,0,0,0,1,354,2,35,0
1990,57,2,1,0,0,1,154,5,40,0
1990,32,1,0,0,0,0,503,1,40,0
1990,29,2,0,0,0,0,0,0,0,0
1990,32,1,0,0,0,0,804,2,45,0
1990,29,2,0,0,0,0,0,0,0,0
1990,26,2,1,0,0,0,434,3,41,0
1990,26,1,3,0,0,0,579,0,55,0
1990,69,2,3,1,0,0,447,5,69,0
1990,64,1,0,0,0,1,85,5,56,0
1990,60,2,0,0,0,0,0,0,0,0
1990,69,1,0,0,0,0,505,3,20,0
1990,68,2,0,0,0,1,337,5,55,0
1990,68,1,0,0,0,0,155,5,36,0
1990,67,2,0,0,0,0,265,3,24,0
1990,36,1,0,0,0,0,804,3,43,0
1990,33,2,0,0,0,0,804,4,40,0
1990,43,1,0,0,0,1,59,1,50,0
1990,40,2,0,0,0,0,363,1,45,0
1990,47,1,0,0,0,0,869,0,40,0
1990,38,2,0,0,0,0,447,5,20,0
1990,30,1,0,0,0,0,785,1,40,0
1990,30,2,0,0,0,0,447,5,0,0
1990,64,1,0,0,0,0,259,3,40,0
1990,55,2,0,0,0,0,268,3,16,0
1990,40,2,2,0,0,0,313,4,40,0
1990,43,2,2,0,0,0,0,0,0,0
1990,25,1,1,0,0,0,777,1,72,0
1990,21,2,1,0,0,0,436,3,0,0
1990,37,1,0,0,0,0,567,0,30,0
1990,34,2,0,0,0,0,796,1,40,0
1990,80,1,0,0,0,0,0,0,0,0
1990,80,2,0,0,0,0,0,0,0,0
1990,37,1,0,0,0,0,473,0,80,0
1990,33,2,0,0,0,0,628,1,50,0
1990,27,1,0,0,0,0,856,1,50,0
1990,28,2,0,0,0,0,433,3,30,0
1990,35,2,3,0,0,0,436,3,0,0
1990,18,2,1,0,0,0,0,0,0,0
1990,42,1,0,0,0,0,22,0,40,0
1990,46,2,0,0,0,0,337,0,0,0
1990,18,1,1,0,0,0,866,0,25,0
1990,74,1,2,0,0,1,0,0,0,0
1990,70,1,1,0,0,1,254,4,40,0
1990,80,2,2,0,0,0,0,0,0,0
1990,20,1,1,0,0,0,154,5,2,0
1990,45,1,0,0,0,1,178,5,40,0
1990,43,2,0,0,0,1,154,5,60,0
1990,70,2,3,0,0,1,0,0,0,0
1990,41,2,1,0,0,0,0,0,0,0
1990,58,1,2,0,0,0,804,1,40,0
1990,28,1,0,0,0,0,505,3,54,0
1990,26,2,0,0,0,0,18,4,35,0
1990,49,1,2,0,0,0,869,0,40,0
1990,22,2,1,0,0,0,276,3,35,0
1990,21,1,2,0,0,0,595,0,50,0
1990,61,1,0,0,0,0,796,1,40,0
1990,56,2,0,0,0,0,0,0,0,0
1990,66,1,0,0,0,0,453,1,46,0
1990,68,2,0,0,0,0,0,0,0,0
1990,24,2,0,0,0,1,313,3,40,0
1990,32,1,0,0,0,0,869,0,50,0
1990,36,1,0,0,0,0,567,0,50,0
1990,34,2,0,0,0,0,25,4,60,0
1990,18,1,1,0,0,1,235,4,20,0
1990,75,2,3,0,0,0,453,5,6,0
1990,20,1,0,0,0,0,646,0,40,0
1990,19,2,0,0,0,0,337,2,0,0
1990,61,2,3,0,0,1,22,5,37,0
1990,60,2,3,0,0,1,37,6,40,0
1990,26,2,1,1,0,0,744,1,40,0
1990,23,2,1,1,0,0,744,1,0,0
1990,72,2,3,0,0,0,449,4,20,0
1990,62,2,2,0,0,1,155,5,30,0
1990,74,2,0,0,0,0,0,0,0,0
1990,79,1,0,0,0,0,0,0,0,0
1990,63,2,2,0,0,0,313,5,40,0
1990,77,2,3,0,0,0,0,0,0,0
1990,41,1,3,0,0,1,173,6,40,0
1990,27,1,1,0,0,0,0,0,0,0
1990,38,1,0,0,0,0,475,0,50,0
1990,38,2,0,0,0,0,579,0,0,0
1990,62,2,3,0,0,0,436,3,0,0
1990,33,1,0,0,0,0,473,0,70,0
1990,29,2,0,0,0,0,379,6,40,0
1990,40,2,3,0,0,0,458,4,43,0
1990,22,1,1,0,0,0,514,1,48,0
1990,19,2,1,0,0,0,315,6,40,0
1990,80,2,3,0,0,1,0,0,0,0
1990,41,2,0,0,0,1,22,5,40,0
1990,49,1,0,0,0,1,134,5,55,1
1990,45,1,0,0,0,0,243,4,60,0
1990,39,2,0,0,0,1,0,0,0,0
1990,51,1,0,0,0,0,683,1,40,0
1990,48,2,0,0,0,0,257,2,40,0
1990,31,1,0,0,0,0,22,3,50,0
1990,27,2,0,0,0,0,436,5,12,0
1990,52,1,0,0,0,1,503,1,42,1
1990,39,2,0,0,0,0,278,2,37,0
1990,18,1,1,0,0,0,436,3,20,0
1990,28,2,3,0,0,1,313,5,40,0
1990,52,1,2,0,0,0,785,1,40,0
1990,36,1,1,0,0,1,165,5,35,0
1990,32,1,0,0,0,1,75,5,40,0
1990,28,2,0,0,0,1,229,4,40,0
1990,74,2,3,0,0,0,0,0,0,0
1990,48,1,0,0,0,0,183,5,40,0
1990,39,2,0,0,0,1,243,3,50,0
1990,37,1,0,0,0,1,243,3,45,1
1990,37,2,0,0,0,1,0,0,0,0
1990,77,1,0,0,0,0,473,0,40,0
1990,49,2,0,0,0,0,355,2,30,0
1990,23,1,3,0,0,0,475,0,40,0
1990,29,2,3,0,0,0,435,3,40,0
1990,35,1,1,0,0,1,567,0,45,0
1990,18,1,1,0,0,1,379,5,30,0
1990,65,1,0,0,0,0,453,5,0,0
1990,56,2,0,0,0,0,0,0,0,0
1990,51,2,3,1,0,0,274,3,30,0
1990,66,2,3,0,0,0,0,0,0,0
1990,47,2,1,0,0,0,0,0,0,0
1990,43,1,0,0,0,1,5,6,50,0
1990,44,2,0,0,0,1,14,5,40,0
1990,21,1,1,0,0,0,383,4,20,0
1990,19,2,1,0,0,0,274,3,30,0
1990,38,1,2,0,0,1,803,2,45,0
1990,21,1,1,0,0,1,263,3,55,0
1990,18,1,1,0,0,1,427,5,25,0
1990,21,1,1,0,0,1,549,3,20,0
1990,27,1,0,3,3,1,154,5,20,0
1990,28,2,0,3,3,1,435,3,20,0
1990,40,2,2,0,0,1,257,1,40,0
1990,37,1,2,0,0,0,566,0,40,0
1990,34,2,1,1,0,0,277,0,40,0
1990,63,1,2,0,0,0,426,6,43,0
1990,56,1,0,0,0,0,585,0,40,0
1990,54,2,0,0,0,1,338,5,40,0
1990,43,1,2,0,0,0,243,3,45,0
1990,77,1,0,0,0,0,426,6,0,0
1990,70,2,0,0,0,0,0,0,0,0
1990,71,2,3,0,0,0,0,0,0,0
1990,56,1,2,0,0,0,869,5,40,0
1990,32,2,1,0,0,1,243,3,50,0
1990,27,1,0,0,0,0,579,0,40,0
1990,23,2,0,0,0,1,785,1,40,0
1990,32,2,2,0,2,0,363,5,40,0
1990,75,1,0,0,0,1,0,0,0,0
1990,70,2,0,0,0,1,0,0,0,0
1990,40,1,0,0,0,1,14,5,40,0
1990,33,2,0,0,0,1,95,5,40,0
1990,74,1,0,0,0,1,0,0,0,0
1990,73,2,0,0,0,0,0,0,0,1
1990,72,2,3,0,0,0,0,0,0,0
1990,39,2,2,0,0,0,447,5,40,0
1990,78,2,3,0,0,0,0,0,0,0
1990,36,2,3,0,0,1,22,5,50,0
1990,43,2,0,0,0,1,5,6,37,0
1990,50,1,0,0,0,1,853,5,40,0
1990,30,2,1,0,0,1,164,5,37,0
1990,27,2,1,0,0,1,164,5,40,0
1990,18,2,1,0,0,0,274,3,20,0
1990,30,2,1,0,0,0,585,0,99,0
1990,79,1,0,1,0,0,0,0,0,0
1990,75,2,0,1,0,0,0,0,0,0
1990,27,2,1,0,0,1,243,3,42,0
1990,49,1,0,0,0,1,15,6,60,1
1990,51,2,0,0,0,1,0,0,0,0
1990,20,1,1,0,0,1,338,5,20,0
1990,71,1,0,0,0,0,0,0,0,0
1990,66,2,0,0,0,0,0,0,0,0
1990,57,1,0,0,0,1,22,1,50,1
1990,56,2,0,0,0,0,0,0,0,0
1990,23,1,0,1,0,1,804,3,35,0
1990,19,2,0,0,0,1,383,4,40,0
1990,72,1,0,0,0,1,0,0,0,0
1990,63,2,0,0,0,0,435,3,40,0
1990,43,1,0,0,0,1,414,6,40,0
1990,38,2,0,0,0,0,0,0,0,0
1990,56,1,0,0,0,1,213,1,40,0
1990,53,2,0,0,0,0,274,3,36,0
1990,23,1,0,0,0,1,255,4,50,0
1990,24,2,0,0,0,1,197,3,55,0
1990,32,1,0,0,0,1,259,1,80,1
1990,29,2,0,0,0,1,257,4,40,0
1990,23,1,0,0,0,0,869,0,40,0
1990,24,2,0,0,0,1,95,5,40,0
1990,50,2,2,0,0,0,445,5,40,0
1990,52,2,2,0,0,1,344,4,37,0
1990,25,2,0,0,0,1,356,3,0,0
1990,26,1,0,0,0,0,595,0,38,0
1990,66,2,3,0,0,0,0,0,0,0
1990,29,1,1,0,0,0,686,3,40,0
1990,23,2,1,0,0,1,14,5,20,0
1990,46,1,0,0,0,1,157,5,45,0
1990,38,2,0,0,0,1,157,5,37,0
1990,47,1,0,1,0,0,22,2,45,1
1990,46,2,0,1,0,0,0,0,0,0
1990,20,2,1,1,0,1,438,3,20,0
1990,33,1,2,0,0,1,903,6,60,0
1990,25,1,1,0,0,0,785,0,40,0
1990,64,2,2,0,0,1,447,4,80,0
1990,39,1,2,0,0,1,844,6,40,0
1990,80,2,3,0,0,0,0,0,0,0
1990,33,2,0,0,0,1,208,5,40,0
1990,43,1,0,0,0,1,208,5,37,0
1990,45,1,0,0,0,1,59,1,40,1
1990,40,2,0,0,0,1,22,4,30,0
1990,19,2,1,0,0,1,337,4,20,0
1990,47,1,0,0,0,0,628,1,40,0
1990,42,2,0,0,0,1,207,5,40,0
1990,23,1,1,0,0,1,379,5,27,0
1990,37,2,2,0,0,1,156,5,40,0
1990,68,2,3,0,0,0,0,0,0,0
1990,29,1,2,0,0,0,785,1,40,0
1990,43,1,0,0,0,1,593,3,0,0
1990,38,2,0,0,0,0,877,3,40,0
1990,22,1,2,0,0,0,628,1,40,0
1990,18,1,1,0,0,0,486,0,25,0
1990,29,1,0,0,0,0,634,1,42,0
1990,26,2,0,0,0,0,467,5,0,0
1990,57,2,3,0,0,0,276,3,0,0
1990,42,1,0,0,0,0,453,5,40,0
1990,40,2,0,0,0,0,276,3,32,0
1990,24,1,0,0,0,0,804,3,40,0
1990,21,2,0,0,0,0,383,4,38,0
1990,44,2,0,0,0,0,503,2,40,0
1990,47,1,0,0,0,0,436,1,40,0
1990,20,2,1,0,0,0,447,5,20,0
1990,22,2,1,0,0,0,443,3,40,0
1990,28,1,0,0,0,1,243,3,40,0
1990,26,2,0,0,0,1,33,2,25,0
1990,76,1,0,0,0,0,0,0,0,0
1990,70,2,0,0,0,0,0,0,0,0
1990,22,2,1,0,0,0,0,0,0,0
1990,76,1,0,0,0,0,0,0,0,0
1990,72,2,0,0,0,0,365,5,0,0
1990,42,1,0,0,0,1,785,1,40,0
1990,37,2,0,0,0,0,276,3,20,0
1990,19,1,0,0,0,0,447,6,20,0
1990,18,2,0,0,0,0,426,6,15,0
1990,62,1,0,0,0,0,0,0,0,0
1990,59,2,0,0,0,0,779,1,40,0
1990,24,2,1,0,0,1,327,5,40,0
1990,24,2,2,0,0,0,318,4,40,0
1990,55,2,2,0,0,0,383,4,40,0
1990,23,1,3,0,0,0,883,3,35,0
1990,75,2,0,0,0,0,0,0,0,0
1990,80,1,0,0,0,0,0,0,0,0
1990,34,1,2,0,0,0,22,4,0,0
1990,53,2,0,0,0,0,473,0,25,0
1990,59,1,0,0,0,1,473,0,40,0
1990,77,1,0,0,0,1,0,0,0,0
1990,74,2,0,0,0,0,526,4,30,0
1990,21,1,0,0,0,1,779,1,40,0
1990,40,2,0,0,0,0,706,1,40,0
1990,40,2,2,0,0,1,157,5,46,0
1990,34,1,2,0,0,1,473,0,50,0
1990,40,1,0,0,0,0,575,1,50,0
1990,42,2,0,0,0,0,259,1,40,0
1990,61,2,2,1,0,0,0,0,0,0
1990,48,2,0,0,0,1,174,6,37,0
1990,57,1,0,0,0,0,508,2,40,0
1990,41,2,1,0,0,0,243,3,40,0
1990,58,1,0,0,0,1,534,4,40,0
1990,54,2,0,0,0,0,337,5,40,0
1990,23,2,1,0,0,1,0,0,0,0
1990,32,1,0,0,0,0,567,0,50,0
1990,30,2,0,0,0,0,747,4,40,0
1990,25,1,0,0,0,0,757,1,44,0
1990,23,2,0,0,0,1,323,2,40,0
1990,68,2,3,0,0,0,0,0,0,0
1990,43,2,1,0,0,0,383,4,40,0
1990,37,2,0,0,0,1,313,6,40,0
1990,41,1,0,0,0,0,779,1,40,0
1990,35,1,0,0,0,0,243,4,40,0
1990,32,2,0,0,0,0,234,3,40,0
1990,43,2,2,0,0,0,0,0,0,0
1990,52,1,0,0,0,1,22,1,40,1
1990,43,2,0,0,0,0,683,1,50,0
1990,21,1,1,0,0,1,218,0,40,0
1990,31,1,0,0,0,0,804,3,0,0
1990,26,2,0,0,0,0,0,0,0,0
1990,44,1,2,0,0,1,748,4,60,0
1990,29,1,2,0,0,0,275,4,0,0
1990,74,1,0,0,0,0,473,0,8,0
1990,65,2,0,0,0,0,0,0,0,0
1990,63,1,0,0,0,0,424,6,40,0
1990,60,2,0,0,0,0,0,0,0,0
1990,22,2,1,0,0,1,276,3,32,0
1990,49,2,0,0,0,1,243,3,0,0
1990,50,1,0,0,0,1,22,3,70,1
1990,33,1,0,0,0,1,567,0,45,0
1990,31,2,0,0,0,1,0,0,0,0
1990,40,1,0,0,0,1,22,5,40,0
1990,41,2,0,0,0,1,155,5,12,0
1990,31,1,0,0,0,1,243,5,48,0
1990,28,2,0,0,0,1,22,1,45,0
1990,58,1,0,0,0,1,274,3,48,0
1990,52,2,0,0,0,1,274,3,18,0
1990,46,2,0,0,0,1,549,1,0,0
1990,50,1,0,0,0,1,56,1,40,1
1990,33,1,0,0,0,1,259,3,60,1
1990,30,2,0,0,0,1,375,4,38,0
1990,38,1,2,0,0,0,544,1,40,0
1990,35,2,2,0,0,0,754,1,40,0
1990,18,2,1,0,0,0,0,0,0,0
1990,78,1,3,1,0,0,0,0,0,0
1990,38,1,0,0,0,0,573,0,45,0
1990,34,2,0,0,0,0,376,3,40,0
1990,48,2,0,1,0,0,468,5,34,0
1990,43,1,0,1,0,0,909,6,0,0
1990,38,1,0,1,0,0,686,1,50,1
1990,32,2,0,1,0,0,444,5,0,0
1990,62,1,0,1,0,1,22,0,0,0
1990,53,2,0,1,0,1,18,4,40,0
1990,27,1,1,1,0,1,17,3,40,0
1990,26,2,1,1,0,1,155,5,40,0
1990,23,2,1,1,0,1,469,4,40,0
1990,75,1,3,1,0,0,0,0,0,1
1990,52,2,0,1,0,0,436,5,20,0
1990,62,1,0,1,0,0,505,2,40,0
1990,54,1,0,1,0,1,0,0,0,0
1990,75,2,0,1,0,0,0,0,0,0
1990,50,1,3,1,0,0,0,0,0,0
1990,52,2,1,1,0,0,0,0,0,0
1990,73,2,3,1,0,0,0,0,0,0
1990,28,2,3,1,0,0,446,5,37,0
1990,40,1,0,0,0,0,448,5,40,0
1990,40,2,0,0,0,0,0,0,0,0
1990,51,1,2,0,0,0,278,1,7,0
1990,59,2,1,1,0,0,453,4,0,0
1990,33,1,0,1,0,0,804,4,40,0
1990,31,2,0,1,0,1,779,1,40,0
1990,38,2,1,1,0,0,159,5,40,0
1990,36,2,2,1,0,0,257,4,21,0
1990,20,2,1,1,0,0,453,4,0,0
1990,71,2,3,0,0,1,0,0,0,0
1990,62,1,0,0,0,0,649,1,40,1
1990,65,2,0,0,0,0,0,0,0,0
1990,21,1,1,0,0,1,877,3,25,0
1990,20,2,1,1,0,1,426,4,35,0
1990,19,1,2,0,0,0,869,0,0,0
1990,27,2,1,1,0,0,327,2,0,0
1990,47,2,3,1,0,0,453,4,37,0
1990,31,1,1,1,0,0,0,0,0,0
1990,25,2,1,1,0,0,0,0,0,0
1990,22,1,1,1,0,1,0,0,0,0
1990,43,2,2,0,0,1,157,5,50,0
1990,44,2,2,0,0,1,167,5,40,0
1990,52,1,2,0,0,0,507,1,48,0
1990,23,1,1,0,0,1,579,1,45,0
1990,77,2,0,0,0,0,0,0,0,0
1990,72,1,0,0,0,0,0,0,0,0
1990,55,1,0,0,0,0,538,4,16,0
1990,60,2,0,0,0,0,0,0,0,0
1990,20,1,1,0,0,0,668,1,40,0
1990,38,1,2,0,0,0,869,0,0,0
1990,38,1,1,1,1,0,754,4,40,1
1990,45,2,2,0,0,1,208,5,40,0
1990,73,2,2,0,0,0,0,0,0,0
1990,26,2,2,1,0,0,0,0,0,0
1990,69,1,0,0,0,0,0,0,0,0
1990,69,2,0,0,0,1,0,0,0,0
1990,31,1,2,1,0,0,754,3,57,0
1990,59,2,2,0,0,0,0,0,0,0
1990,60,1,2,0,0,0,0,0,0,0
1990,39,1,0,0,0,0,889,1,35,0
1990,31,2,0,0,0,1,458,4,25,0
1990,58,2,2,0,0,0,426,4,24,0
1990,37,2,2,0,0,0,276,3,48,0
1990,25,1,1,0,0,0,579,0,20,0
1990,35,1,0,0,0,0,274,3,48,0
1990,30,2,0,0,0,1,447,5,0,0
1990,73,1,0,0,0,0,0,0,0,0
1990,73,2,0,0,0,0,0,0,0,0
1990,32,1,0,0,0,1,43,5,35,0
1990,24,2,0,0,0,1,274,3,30,0
1990,34,2,0,0,0,1,178,5,45,0
1990,41,1,0,0,0,1,447,5,70,0
1990,23,2,1,0,0,1,435,3,40,0
1990,22,1,1,2,1,0,567,0,45,0
1990,29,2,0,0,0,1,447,5,40,0
1990,28,1,0,0,0,1,733,1,40,0
1990,39,2,1,0,0,1,337,5,40,0
1990,31,1,0,0,0,0,637,1,45,0
1990,29,2,0,0,0,1,315,5,21,0
1990,31,2,1,1,0,0,0,0,0,0
1990,35,1,0,0,0,1,447,5,40,0
1990,28,2,0,0,0,1,447,5,40,0
1990,28,2,1,0,0,1,64,4,37,0
1990,46,1,0,0,0,1,189,5,40,0
1990,44,2,0,0,0,1,234,5,45,0
1990,50,2,2,0,0,1,143,5,16,0
1990,64,1,0,0,0,1,365,2,0,0
1990,61,2,0,0,0,0,447,5,0,0
1990,34,2,1,0,0,0,313,5,20,0
1990,41,2,2,0,0,1,259,1,50,1
1990,28,1,1,0,0,1,176,5,40,0
1990,63,1,0,0,0,1,9,1,40,1
1990,58,2,0,0,0,1,0,0,0,0
1990,28,1,1,0,0,1,243,3,45,0
1990,50,1,0,0,0,1,178,1,45,1
1990,49,2,0,0,0,1,95,5,20,0
1990,40,1,0,0,0,0,505,3,40,0
1990,39,2,0,0,0,0,365,3,40,0
1990,20,1,1,0,0,0,804,3,40,0
1990,19,2,1,0,0,0,275,4,20,0
1990,74,2,1,0,0,1,95,5,25,0
1990,38,1,0,0,0,1,213,2,40,0
1990,36,2,0,0,0,1,316,5,20,0
1990,50,2,1,0,0,0,726,1,40,0
1990,29,2,2,0,0,0,733,1,40,0
1990,65,1,0,0,0,1,259,3,55,1
1990,62,2,0,0,0,1,0,0,0,0
1990,80,1,2,0,0,1,0,0,0,0
1990,53,1,0,0,2,1,176,5,50,0
1990,51,2,0,0,0,1,176,5,40,0
1990,22,1,1,0,0,1,435,3,65,0
1990,18,2,1,0,0,1,208,3,30,0
1990,43,1,0,0,0,0,453,1,40,0
1990,42,2,0,0,0,0,376,3,0,0
1990,62,1,0,0,0,1,668,4,40,0
1990,61,2,0,0,0,1,668,4,25,0
1990,24,2,2,0,0,1,23,2,15,0
1990,74,1,0,0,0,0,0,0,0,0
1990,59,2,0,0,0,1,156,5,32,0
1990,39,1,1,0,0,1,64,1,50,1
1990,80,2,0,0,0,0,0,0,0,0
1990,47,2,2,0,0,0,803,2,50,1
1990,34,2,1,1,0,1,444,5,25,0
1990,41,2,2,0,0,0,377,5,44,0
1990,19,2,1,0,0,1,356,2,20,0
1990,20,2,1,0,0,0,453,2,20,0
1990,59,1,0,0,0,0,0,0,0,0
1990,56,2,0,0,0,1,207,5,40,0
1990,36,1,1,0,0,0,637,1,40,0
1990,35,1,2,0,0,0,779,1,40,0
1990,44,2,3,0,0,1,436,3,40,0
1990,41,1,0,0,0,0,777,1,37,0
1990,38,2,0,0,0,0,796,3,38,0
1990,19,1,1,0,0,0,877,3,25,0
1990,38,2,3,0,0,0,22,5,70,0
1990,66,1,0,0,0,0,533,1,0,0
1990,62,2,0,0,0,0,0,0,0,0
1990,40,1,0,0,0,0,878,1,40,0
1990,34,2,0,0,0,0,313,6,35,0
1990,38,1,0,0,0,1,453,4,40,0
1990,39,2,0,0,0,0,859,1,40,0
1990,36,1,0,0,0,1,889,2,40,0
1990,36,2,0,0,0,0,243,3,48,0
1990,18,2,1,0,0,0,276,3,20,0
1990,43,1,2,0,0,1,27,1,50,0
1990,30,2,1,0,0,1,174,5,40,0
1990,20,1,0,0,0,0,777,1,40,0
1990,57,1,0,0,0,0,804,3,48,0
1990,51,2,0,0,0,0,0,0,0,0
1990,18,1,1,0,0,1,159,4,4,0
1990,28,1,0,0,0,0,364,1,40,0
1990,26,2,0,0,0,0,375,4,40,0
1990,62,1,0,0,0,0,547,1,40,0
1990,54,2,0,0,0,0,779,1,40,0
1990,62,1,0,0,0,0,0,0,0,0
1990,61,2,0,0,0,0,0,0,0,0
1990,25,2,0,0,0,0,276,3,0,0
1990,25,1,0,0,0,0,263,3,60,0
1990,59,1,0,0,0,0,208,1,40,0
1990,65,2,0,0,0,0,748,4,0,0
1990,56,1,0,0,0,0,0,0,0,0
1990,55,2,0,0,0,0,0,0,0,0
1990,33,2,1,0,0,1,338,2,0,0
1990,30,1,0,0,0,1,22,3,40,0
1990,27,2,0,0,0,1,257,4,40,0
1990,69,2,2,0,0,0,0,0,0,0
1990,61,1,0,0,0,0,653,1,40,0
1990,58,2,0,0,0,0,276,3,40,0
1990,23,1,1,0,0,1,653,1,35,0
1990,31,2,3,0,0,1,463,2,16,0
1990,77,1,0,0,0,0,0,0,0,0
1990,73,2,0,0,0,0,0,0,0,0
1990,68,1,0,0,0,0,889,1,0,0
1990,61,2,0,0,0,0,0,0,0,0
1990,37,2,2,0,0,0,0,0,0,0
1990,34,1,3,0,0,0,878,1,40,0
1990,46,1,0,0,0,0,723,1,40,0
1990,40,2,0,0,0,0,579,0,20,0
1990,61,1,0,0,0,0,825,2,0,0
1990,57,2,0,0,0,0,0,0,0,0
1990,35,2,2,0,0,0,6,6,38,0
1990,41,2,2,0,0,0,235,2,40,0
1990,68,1,0,0,0,0,0,0,0,0
1990,60,2,0,0,0,0,0,0,0,0
1990,58,2,3,0,0,0,785,1,40,0
1990,35,1,3,0,0,0,566,0,0,0
1990,61,1,0,0,0,0,547,1,40,0
1990,62,2,0,0,0,1,0,0,0,0
1990,54,2,2,0,0,0,796,1,40,0
1990,26,1,1,0,0,0,339,5,0,0
1990,22,1,1,0,0,1,218,5,40,0
1990,24,1,1,0,0,1,436,3,40,0
1990,29,1,0,0,0,1,176,5,40,0
1990,29,2,0,0,0,1,386,2,40,0
1990,31,1,0,0,0,1,417,6,40,0
1990,27,2,0,0,0,0,319,0,16,0
1990,30,2,1,0,0,1,186,5,45,0
1990,66,1,0,0,0,1,57,1,0,0
1990,65,2,0,0,0,1,95,5,0,0
1990,29,2,2,1,0,1,155,5,37,0
1990,42,2,3,1,0,0,447,5,37,0
1990,46,1,0,0,0,0,558,0,40,0
1990,46,2,0,0,0,0,156,5,32,0
1990,23,2,1,0,0,1,229,4,25,0
1990,30,1,1,0,2,1,274,3,40,0
1990,72,2,3,0,0,0,0,0,0,0
1990,60,1,2,0,0,0,259,3,0,0
1990,65,2,2,0,0,0,0,0,0,0
1990,26,1,0,0,0,1,505,3,55,0
1990,30,2,0,0,2,1,23,1,40,0
1990,52,1,0,0,0,1,14,5,58,1
1990,51,2,0,0,0,1,156,5,48,0
1990,21,1,1,0,0,1,217,3,40,0
1990,59,1,0,0,0,0,26,5,40,1
1990,48,2,0,0,0,0,777,1,0,0
1990,65,1,0,0,0,1,443,5,30,0
1990,60,2,0,0,0,0,447,4,48,0
1990,22,1,1,0,0,1,436,3,36,0
1990,45,2,2,0,0,0,785,1,40,0
1990,46,1,0,0,0,0,508,2,40,0
1990,43,2,0,0,2,0,468,4,40,0
1990,32,2,1,0,0,0,375,4,37,0
1990,32,1,1,0,0,1,243,3,42,0
1990,64,1,0,0,0,0,759,1,0,0
1990,60,2,0,0,0,0,628,1,0,0
1990,40,1,0,0,0,1,503,3,55,0
1990,29,2,0,0,0,0,22,4,40,0
1990,72,2,3,0,0,0,0,0,0,0
1990,30,2,0,0,0,0,17,3,30,0
1990,32,1,0,0,0,0,779,1,40,1
1990,25,1,0,0,0,0,453,5,50,0
1990,27,2,0,0,0,1,276,3,15,0
1990,41,1,2,0,0,1,274,3,40,0
1990,26,2,2,0,0,0,888,1,45,0
1990,28,1,2,0,0,0,783,1,45,0
1990,74,1,1,0,0,0,0,0,0,0
1990,64,1,0,0,0,0,0,0,0,0
1990,63,2,0,0,0,0,683,1,0,0
1990,29,1,0,0,0,0,804,3,40,0
1990,29,2,0,0,0,1,337,6,40,0
1990,74,1,0,0,0,1,0,0,0,0
1990,70,2,0,0,0,1,0,0,0,0
1990,45,2,0,0,0,1,207,5,40,1
1990,46,1,0,0,0,0,558,0,40,0
1990,18,2,1,0,0,0,319,3,14,0
1990,32,1,0,0,0,1,22,1,50,1
1990,32,2,0,0,0,1,95,5,15,0
1990,43,1,0,0,0,1,243,3,48,1
1990,42,2,0,0,0,1,95,5,45,0
1990,19,1,1,0,0,1,0,0,0,0
1990,47,1,0,0,0,1,22,5,40,1
1990,46,2,0,0,0,1,188,5,40,0
1990,21,1,1,0,0,1,599,0,40,0
1990,18,1,1,0,0,1,459,5,20,0
1990,40,2,3,0,0,1,677,5,40,0
1990,35,2,0,0,0,1,453,4,0,0
1990,40,1,0,0,0,1,178,5,40,1
1990,66,2,2,0,0,1,0,0,0,0
1990,55,1,0,0,0,1,217,1,2,1
1990,51,2,0,0,0,1,277,3,60,1
1990,20,1,1,0,0,0,637,1,40,0
1990,20,2,1,0,0,0,467,5,35,0
1990,49,1,1,0,0,1,84,5,40,1
1990,29,1,1,0,0,1,486,4,35,0
1990,27,1,1,0,0,1,433,3,50,0
1990,45,1,0,0,0,1,243,3,60,1
1990,45,2,0,0,0,1,0,0,0,0
1990,53,1,0,0,0,1,628,1,50,1
1990,51,2,0,0,0,1,243,3,52,0
1990,40,1,2,0,0,1,195,5,55,1
1990,31,1,0,0,0,1,178,5,52,0
1990,26,2,0,0,0,1,22,3,40,0
1990,36,1,0,0,0,1,803,2,40,0
1990,27,2,0,0,0,1,318,2,40,0
1990,43,1,2,0,0,1,206,5,44,1
1990,50,1,0,0,0,1,22,0,50,1
1990,52,2,0,0,0,0,276,3,15,0
1990,39,1,0,0,0,1,178,5,54,1
1990,35,2,0,0,0,0,243,3,55,0
1990,31,1,1,0,0,0,575,0,40,0
1990,29,1,1,0,0,0,243,3,66,0
1990,53,1,0,0,0,1,22,4,60,1
1990,50,2,0,0,0,1,313,4,40,0
1990,41,1,0,0,0,1,259,1,60,1
1990,42,2,0,0,0,1,274,5,60,1
1990,49,1,0,0,0,1,259,3,55,1
1990,47,2,0,0,0,1,23,5,40,0
1990,35,1,1,0,0,1,178,5,60,1
1990,42,2,2,0,0,1,22,5,40,0
1990,19,1,1,0,0,1,264,3,10,0
1990,59,1,0,0,0,1,243,3,48,1
1990,59,2,0,0,0,1,0,0,0,0
1990,43,1,0,0,0,1,25,4,50,1
1990,42,2,0,0,0,1,337,4,80,1
1990,27,1,0,0,0,1,84,5,37,0
1990,30,2,0,0,0,1,235,5,40,0
1990,32,1,0,0,0,1,178,5,50,1
1990,33,2,0,0,0,1,95,5,8,0
1990,75,2,3,0,0,1,0,0,0,0
1990,64,2,3,0,0,1,95,5,20,0
1990,48,2,3,0,0,0,313,3,40,0
1990,31,2,1,0,0,1,24,4,46,0
1990,41,2,0,0,0,1,167,5,25,0
1990,42,1,0,0,0,1,178,5,70,1
1990,76,2,0,0,0,0,0,0,0,0
1990,66,1,0,0,0,1,17,4,28,0
1990,70,2,0,0,0,0,0,0,0,0
1990,38,1,1,0,0,0,0,0,0,0
1990,55,1,0,0,0,1,37,1,40,1
1990,49,2,0,0,0,1,95,5,24,0
1990,23,1,1,0,0,1,199,5,40,0
1990,36,1,0,0,0,0,263,3,50,0
1990,35,2,0,0,2,0,458,4,40,0
1990,48,1,0,1,0,1,22,1,40,1
1990,48,2,0,1,0,1,174,6,40,0
1990,18,2,1,1,0,1,276,3,20,0
1990,33,2,1,0,0,1,155,5,32,0
1990,30,1,1,0,0,1,243,3,50,0
1990,36,1,0,0,0,1,733,4,40,0
1990,36,2,0,0,0,1,468,5,20,0
1990,31,1,0,0,0,1,243,1,55,1
1990,29,2,0,0,0,1,313,1,40,0
1990,39,1,0,0,0,1,213,4,45,0
1990,37,2,0,0,0,1,43,6,35,0
1990,46,1,0,0,0,1,7,1,40,0
1990,47,2,0,0,0,0,336,5,32,0
1990,40,2,1,0,0,1,203,5,40,0
1990,70,2,2,0,0,1,0,0,0,0
1990,64,1,0,0,0,1,33,1,40,1
1990,61,2,0,0,0,1,0,0,0,0
1990,77,1,0,0,0,1,0,0,0,1
1990,76,2,0,0,0,0,0,0,0,0
1990,44,1,1,0,0,1,23,0,50,1
1990,52,1,0,0,0,1,188,5,40,0
1990,45,2,0,0,0,1,18,4,40,0
1990,42,1,0,0,0,1,85,5,48,0
1990,43,2,0,0,0,1,204,5,24,0
1990,18,2,1,0,0,1,444,5,16,0
1990,39,1,0,0,4,1,23,5,60,1
1990,33,2,0,0,4,1,197,4,0,0
1990,71,2,0,0,0,0,0,0,0,0
1990,43,1,0,0,0,1,7,5,40,1
1990,45,2,0,0,0,1,157,5,60,0
1990,18,2,1,0,0,0,467,4,4,0
1990,29,2,1,0,0,1,156,5,40,0
1990,67,1,0,0,0,1,22,1,0,0
1990,64,2,0,0,0,1,337,5,0,0
1990,34,2,2,0,0,1,95,5,45,1
1990,35,1,0,0,0,1,259,3,75,0
1990,34,2,0,0,0,1,178,5,20,0
1990,42,1,0,0,0,1,18,4,40,1
1990,38,2,0,0,0,1,8,5,40,0
1990,61,1,0,0,0,1,23,5,40,1
1990,41,2,0,0,0,1,337,5,3,0
1990,28,1,1,0,0,1,13,1,65,1
1990,32,2,2,0,0,1,257,4,25,0
1990,24,1,1,0,0,1,436,3,45,0
1990,31,2,3,0,0,1,23,4,40,0
1990,63,1,3,0,0,0,207,5,0,0
1990,36,2,1,0,0,0,327,3,30,0
1990,77,1,0,0,0,0,0,0,0,0
1990,71,2,0,0,0,0,0,0,0,0
1990,21,1,0,0,0,0,486,0,99,0
1990,23,2,0,0,0,1,373,3,25,0
1990,41,2,0,1,0,1,95,5,40,0
1990,35,1,0,1,0,1,35,2,40,0
1990,68,1,0,0,0,1,0,0,0,0
1990,58,2,0,0,0,1,0,0,0,0
1990,63,1,0,0,0,0,276,3,48,0
1990,62,2,0,0,0,0,337,3,40,0
1990,39,1,0,0,0,1,567,0,40,0
1990,33,2,0,0,0,0,796,3,20,0
1990,48,2,2,0,0,1,187,5,60,0
1990,25,2,1,0,0,1,313,5,20,0
1990,69,1,0,0,0,1,0,0,0,0
1990,70,2,0,0,0,1,337,5,24,0
1990,49,2,2,1,0,1,95,5,40,1
1990,22,2,1,1,0,1,467,5,40,0
1990,37,1,0,0,0,1,13,3,60,1
1990,36,2,0,0,0,0,0,0,0,0
1990,34,1,0,0,0,0,599,0,52,0
1990,40,2,0,0,0,1,337,4,40,0
1990,20,1,1,0,0,1,799,4,40,0
1990,59,1,0,0,0,1,199,5,20,0
1990,49,2,0,0,0,0,389,4,40,0
1990,49,1,3,0,0,1,5,6,37,0
1990,33,2,1,0,0,1,337,4,40,0
1990,40,1,1,0,0,1,593,0,40,0
1990,41,1,3,0,0,1,549,6,80,1
1990,22,1,0,0,0,0,503,6,65,0
1990,20,2,0,0,0,0,0,0,0,0
1990,21,2,1,0,0,0,0,0,0,0
1990,20,1,1,0,0,0,904,6,42,0
1990,20,1,1,1,0,0,328,6,36,0
1990,19,1,1,0,0,0,904,6,40,0
1990,19,1,1,2,0,0,904,6,35,0
1990,33,1,3,2,0,1,904,6,40,0
1990,37,1,0,0,2,1,37,6,40,1
1990,37,2,0,0,2,1,0,0,0,0
1990,23,1,0,0,0,1,505,6,12,0
1990,26,2,0,0,0,0,449,4,16,0
1990,24,1,0,0,0,0,904,6,50,0
1990,25,2,0,0,0,1,379,4,40,0
1990,39,1,0,0,0,1,856,6,40,0
1990,32,2,0,0,0,1,98,5,48,0
1990,62,1,0,0,0,0,0,0,0,0
1990,57,2,0,0,0,0,475,0,48,0
1990,36,1,0,0,0,0,259,1,50,0
1990,35,2,0,0,0,0,208,3,30,0
1990,61,2,3,0,0,0,799,1,40,0
1990,18,1,1,0,0,0,567,0,40,0
1990,79,2,3,0,0,0,0,0,0,0
1990,67,2,3,0,0,0,0,0,0,0
1990,76,1,3,0,0,0,0,0,0,0
1990,42,1,0,0,0,0,9,1,70,0
1990,43,2,0,0,0,0,373,4,40,0
1990,32,1,2,0,0,1,243,3,40,0
1990,71,2,3,0,0,0,0,0,0,0
1990,73,2,3,0,0,0,0,0,0,0
1990,31,1,0,0,0,0,453,5,45,0
1990,30,2,0,0,0,0,883,1,40,0
1990,73,1,0,0,0,0,0,0,0,0
1990,62,2,0,0,0,0,0,0,0,0
1990,34,1,0,0,0,0,36,6,40,0
1990,43,2,0,0,0,1,18,4,40,0
1990,25,1,0,1,0,0,904,6,40,0
1990,24,2,0,1,0,0,274,3,40,0
1990,33,1,0,1,0,1,904,6,70,0
1990,28,2,0,1,0,1,453,6,16,0
1990,33,1,0,0,0,1,904,6,60,0
1990,28,2,0,0,0,1,313,0,0,0
1990,56,1,0,0,0,0,505,4,48,0
1990,53,2,0,0,0,0,0,0,0,0
1990,56,1,1,0,0,0,0,0,0,0
1990,23,2,1,0,0,0,736,1,40,0
1990,32,1,0,0,0,0,869,0,40,0
1990,25,2,0,0,0,0,435,3,12,0
1990,63,1,0,0,0,0,22,1,40,1
1990,62,2,0,0,0,0,303,2,40,0
1990,37,1,0,0,0,0,869,0,40,0
1990,36,2,0,0,0,0,0,0,0,0
1990,33,2,2,0,0,0,0,0,0,0
1990,64,1,0,3,0,1,0,0,0,0
1990,62,2,0,0,0,0,0,0,0,0
1990,27,1,0,0,0,0,904,6,65,0
1990,27,2,0,0,0,1,156,5,40,0
1990,32,1,0,0,0,1,424,6,80,0
1990,26,2,0,0,0,0,276,3,48,0
1990,21,1,1,1,0,0,0,0,0,0
1990,46,1,3,0,0,0,804,3,40,0
1990,46,1,2,0,0,0,434,3,50,0
1990,30,1,0,0,0,0,883,1,40,0
1990,26,2,0,0,0,0,909,6,0,0
1990,32,1,0,0,0,0,453,2,45,0
1990,32,2,0,0,0,1,447,5,40,0
1990,52,1,0,0,0,0,7,4,40,0
1990,47,2,0,0,0,0,744,1,35,0
1990,51,1,0,0,0,0,263,3,40,0
1990,42,2,0,0,0,0,808,2,30,0
1990,22,1,1,0,0,1,475,0,14,0
1990,20,2,1,0,0,0,308,6,0,0
1990,25,1,1,0,0,1,157,5,40,0
1990,30,1,0,0,0,0,479,0,49,0
1990,29,2,0,0,0,0,796,1,40,0
1990,68,1,0,0,0,0,0,0,0,0
1990,64,2,0,0,0,0,0,0,0,0
1990,32,1,0,0,0,0,453,1,48,0
1990,30,2,0,0,0,1,383,4,40,0
1990,29,1,0,0,0,0,617,0,55,0
1990,24,2,0,0,0,0,22,4,40,0
1990,71,1,0,0,0,0,507,6,0,0
1990,68,2,0,0,2,0,0,0,0,0
1990,28,1,0,0,0,0,869,0,30,0
1990,25,2,0,0,0,0,744,1,0,0
1990,56,1,0,0,0,0,475,0,50,0
1990,58,2,0,0,0,0,795,1,40,0
1990,43,1,2,0,0,1,585,0,50,0
1990,68,1,0,0,0,0,0,0,0,0
1990,72,2,0,0,0,0,0,0,0,0
1990,18,1,0,0,0,0,883,1,40,0
1990,19,2,0,0,0,0,435,3,0,0
1990,47,1,2,0,0,0,885,3,0,0
1990,54,1,0,0,0,0,426,1,40,0
1990,51,2,0,0,0,0,0,0,0,0
1990,25,1,1,0,0,0,479,0,35,0
1990,20,2,1,0,0,0,0,0,0,0
1990,20,2,3,0,0,0,436,3,35,0
1990,39,1,0,0,0,0,783,3,40,0
1990,38,2,0,0,0,0,744,1,40,0
1990,45,1,0,0,0,0,505,4,50,0
1990,40,2,0,0,0,0,435,3,20,0
1990,76,1,0,1,0,0,0,0,0,0
1990,69,2,0,1,0,0,467,5,0,0
1990,69,1,3,1,0,0,0,0,0,0
1990,56,1,0,0,0,0,22,0,55,0
1990,51,2,0,0,0,0,316,6,40,0
1990,26,2,1,0,0,0,785,1,40,0
1990,20,2,1,0,0,0,385,4,28,0
1990,51,1,0,0,0,1,9,3,50,1
1990,45,2,0,0,0,1,156,5,35,0
1990,60,1,0,0,0,0,575,6,40,0
1990,59,2,0,0,0,0,447,5,40,0
1990,29,1,0,0,0,1,376,4,40,0
1990,33,2,0,0,0,1,274,3,10,0
1990,43,1,0,1,0,1,348,1,40,0
1990,32,2,0,1,0,1,796,1,40,0
1990,22,1,0,1,0,0,754,1,40,0
1990,25,2,0,1,0,1,276,3,0,0
1990,62,2,3,0,0,0,0,0,0,0
1990,25,2,1,0,0,0,0,0,0,0
1990,27,1,1,0,0,0,598,0,56,0
1990,27,2,2,0,0,0,0,0,0,0
1990,36,1,0,1,0,0,756,0,42,0
1990,40,2,0,1,0,0,278,1,21,0
1990,53,2,2,0,0,1,22,4,40,0
1990,50,2,3,1,0,1,447,5,60,0
1990,19,2,1,1,0,1,276,3,15,0
1990,21,2,1,1,0,1,276,3,20,0
1990,49,1,0,0,0,0,704,1,40,0
1990,50,2,0,3,0,1,155,5,30,0
1990,70,2,3,0,0,0,0,0,0,0
1990,46,1,2,0,0,0,22,4,60,1
1990,35,1,0,0,0,1,825,2,70,0
1990,32,2,0,0,0,0,276,3,0,0
1990,49,2,3,1,0,1,159,5,30,0
1990,63,2,3,0,0,0,16,2,35,0
1990,28,1,0,0,0,0,575,2,40,0
1990,20,2,0,0,0,1,319,5,35,0
1990,73,2,3,0,0,1,0,0,0,0
1990,79,2,3,0,0,0,0,0,0,0
1990,50,1,0,0,0,0,243,3,40,0
1990,48,2,0,0,0,0,769,1,32,0
1990,25,1,1,0,0,1,65,6,40,0
1990,25,1,1,0,0,1,65,6,40,0
1990,34,1,1,0,0,1,426,6,75,0
1990,33,2,3,1,0,0,453,5,40,0
1990,32,1,2,0,0,0,856,1,40,0
1990,71,1,0,0,0,1,426,0,0,0
1990,50,2,0,0,3,0,666,4,30,0
1990,28,2,1,1,0,0,0,0,0,0
1990,36,1,1,1,0,0,0,0,0,0
1990,57,1,0,1,0,0,486,0,0,0
1990,60,2,0,1,0,0,0,0,0,0
1990,27,1,1,1,0,0,0,0,0,0
1990,32,1,0,0,0,1,613,0,40,1
1990,21,2,0,0,0,1,254,4,0,0
1990,27,1,0,0,0,0,503,6,60,0
1990,24,2,0,0,0,0,466,5,40,0
1990,23,1,3,0,0,0,678,6,40,0
1990,25,2,0,0,0,1,418,6,40,0
1990,27,1,0,0,0,0,418,6,42,0
1990,44,1,0,0,0,1,86,0,50,1
1990,39,2,0,0,0,1,156,5,40,0
1990,79,2,3,1,0,0,0,0,0,0
1990,79,2,3,1,0,0,0,0,0,0
1990,33,2,1,1,0,0,909,6,0,0
1990,48,1,0,1,0,0,243,3,40,0
1990,46,2,0,1,0,0,447,5,32,0
1990,28,2,3,1,0,0,0,0,0,0
1990,18,2,1,1,0,0,0,0,0,0
1990,69,1,0,0,0,0,259,1,40,0
1990,65,2,0,0,0,1,337,3,40,0
1990,61,2,2,1,0,0,449,4,40,0
1990,59,2,1,1,0,0,407,4,40,0
1990,69,2,3,1,0,0,0,0,0,0
1990,76,1,1,1,0,0,0,0,0,0
1990,41,1,1,1,0,0,887,4,0,0
1990,21,2,1,0,0,1,276,5,40,0
1990,51,1,0,1,0,0,0,0,0,0
1990,51,2,0,1,0,0,453,4,0,0
1990,19,2,1,1,0,1,276,3,0,0
1990,78,2,3,0,0,1,0,0,0,0
1990,29,1,0,0,0,1,257,2,50,1
1990,26,2,0,0,0,1,274,3,0,0
1990,36,1,1,0,0,1,243,3,50,0
1990,45,2,1,0,0,0,0,0,0,0
1990,27,2,1,1,0,0,0,0,0,0
1990,54,1,0,1,0,0,0,0,0,0
1990,54,2,0,1,0,0,313,5,40,0
1990,36,1,1,1,0,0,888,5,0,0
1990,40,2,2,1,0,1,779,1,40,0
1990,20,1,1,1,0,1,438,3,30,0
1990,39,1,0,1,0,1,156,5,21,0
1990,38,2,0,1,0,0,689,3,45,0
1990,19,2,1,1,0,1,277,6,16,0
1990,76,2,3,0,0,0,0,0,0,0
1990,36,1,0,1,0,0,804,2,12,0
1990,33,2,0,1,0,0,909,6,0,0
1990,80,2,1,0,0,1,0,0,0,0
1990,57,1,0,0,0,1,426,5,40,0
1990,49,2,0,0,0,0,17,3,40,0
1990,30,1,3,1,0,0,759,4,40,0
1990,59,1,0,1,0,1,0,0,0,0
1990,55,2,0,1,0,1,406,4,40,0
1990,74,1,0,0,0,1,0,0,0,0
1990,71,2,0,0,0,1,0,0,0,1
1990,43,2,2,0,0,1,95,5,40,0
1990,49,1,0,0,0,1,22,4,70,0
1990,48,2,0,0,0,0,313,1,40,0
1990,21,2,1,0,0,1,315,4,20,0
1990,47,2,1,1,0,1,156,5,40,0
1990,23,1,1,0,0,1,96,5,45,0
1990,60,1,0,0,0,1,628,1,0,0
1990,60,2,0,0,0,1,0,0,0,0
1990,24,2,1,1,0,0,0,0,0,0
1990,79,1,0,1,0,0,0,0,0,0
1990,60,2,0,1,0,0,447,6,40,0
1990,69,2,3,0,0,1,0,0,0,0
1990,47,2,3,1,0,0,0,0,0,0
1990,56,1,0,1,0,0,447,5,40,0
1990,50,2,0,1,0,0,426,5,40,0
1990,24,2,1,1,0,1,208,3,40,0
1990,22,2,1,1,0,0,436,3,0,0
1990,68,2,3,1,0,0,0,0,0,0
1990,43,1,0,1,0,0,447,5,40,0
1990,43,2,0,1,0,1,447,5,40,0
1990,56,2,3,1,0,0,0,0,0,0
1990,26,2,1,1,0,0,0,0,0,0
1990,49,1,0,0,0,1,255,4,12,1
1990,43,2,0,0,0,1,22,4,0,0
1990,40,2,1,1,0,0,449,4,40,0
1990,65,2,3,1,0,0,449,4,40,0
1990,22,2,1,1,0,0,0,0,0,0
1990,20,1,0,2,0,0,479,0,50,0
1990,18,2,0,2,0,1,276,3,30,0
1990,44,1,2,0,0,1,379,2,40,0
1990,76,2,3,0,0,0,0,0,0,0
1990,32,1,0,0,0,1,267,3,45,0
1990,28,2,0,1,1,1,447,5,40,0
1990,29,1,0,0,0,0,274,3,40,0
1990,34,2,0,0,0,0,319,2,43,0
1990,26,1,0,0,2,1,22,6,50,0
1990,25,2,0,0,0,1,264,3,0,0
1990,26,1,0,0,0,0,243,3,35,0
1990,22,2,0,0,0,0,436,3,30,0
1990,22,1,0,0,0,1,308,6,40,0
1990,21,2,0,0,0,0,14,5,0,0
1990,34,1,0,0,1,1,903,6,50,0
1990,32,2,0,0,1,1,434,3,33,0
1990,38,2,1,1,0,1,348,2,37,0
1990,46,1,0,0,0,1,22,0,90,0
1990,45,2,0,0,0,1,156,5,40,0
1990,77,1,0,0,0,1,0,0,0,0
1990,75,2,0,0,0,1,0,0,0,0
1990,25,2,1,1,0,1,276,3,35,0
1990,24,2,1,1,0,1,95,5,48,0
1990,36,1,1,0,0,1,5,6,40,0
1990,25,2,1,1,0,1,234,6,99,0
1990,50,1,0,0,0,1,27,6,40,0
1990,39,2,0,0,0,0,275,4,42,0
1990,34,1,0,0,0,0,785,1,40,0
1990,28,2,0,0,0,0,274,3,40,0
1990,55,2,1,0,0,0,348,5,40,0
1990,32,2,2,0,0,1,7,6,40,0
1990,62,1,0,0,0,0,364,2,0,0
1990,59,2,0,0,0,1,17,5,0,0
1990,64,1,0,0,0,0,0,0,0,0
1990,60,2,0,0,0,0,14,5,0,0
1990,64,1,0,0,0,1,259,3,40,0
1990,62,2,0,0,0,1,254,4,0,0
1990,19,1,1,0,0,1,889,3,40,0
1990,33,2,1,0,0,1,95,5,40,0
1990,39,2,1,0,0,1,203,5,40,0
1990,29,1,2,1,0,0,779,1,40,0
1990,61,1,0,0,0,1,37,6,60,1
1990,61,2,0,0,0,1,313,5,0,0
1990,32,2,1,1,0,0,0,0,0,0
1990,35,2,1,1,0,0,0,0,0,0
1990,60,2,3,0,0,1,186,5,42,0
1990,38,2,3,0,0,1,276,3,0,0
1990,19,1,1,0,0,0,217,5,40,0
1990,29,1,0,0,0,1,37,5,40,0
1990,41,2,0,0,0,1,156,5,50,0
1990,43,1,0,0,0,1,78,4,40,1
1990,42,2,0,0,0,1,313,0,20,0
1990,37,2,1,1,0,0,234,5,2,0
1990,20,2,1,1,0,0,335,5,0,0
1990,25,2,1,1,0,0,0,0,0,0
1990,58,1,1,0,0,0,814,6,0,0
1990,66,1,0,0,0,1,426,4,0,0
1990,60,2,0,0,0,1,0,0,0,0
1990,19,2,1,0,0,1,276,3,45,0
1990,26,1,1,0,0,1,5,6,21,0
1990,76,1,3,0,0,0,558,0,0,0
1990,53,1,0,0,0,1,227,6,25,0
1990,47,2,0,0,0,1,95,5,40,0
1990,25,1,0,0,0,0,769,0,0,0
1990,22,2,0,0,0,0,276,3,40,0
1990,38,1,0,0,0,1,885,3,50,0
1990,34,2,0,0,0,1,25,4,40,0
1990,70,1,0,1,0,0,575,0,30,0
1990,65,2,0,1,0,0,0,0,0,0
1990,18,2,1,1,0,1,0,0,0,0
1990,18,1,1,1,0,1,877,4,6,0
1990,33,1,0,0,0,1,59,1,40,0
1990,32,2,0,0,0,1,283,3,16,0
1990,38,1,0,0,0,0,563,0,40,0
1990,40,2,0,0,0,1,0,0,0,0
1990,18,1,1,0,0,0,585,0,50,0
1990,64,2,3,0,0,0,0,0,0,0
1990,77,2,0,0,0,0,0,0,0,0
1990,46,2,2,1,0,0,0,0,0,0
1990,19,1,1,1,0,0,0,0,0,0
1990,20,1,1,1,0,0,0,0,0,0
1990,67,1,0,0,0,0,86,0,30,0
1990,72,2,0,0,0,0,0,0,0,0
1990,70,1,0,0,0,1,0,0,0,0
1990,68,2,0,0,0,1,0,0,0,0
1990,33,1,2,0,0,1,556,0,0,0
1990,80,2,3,0,0,0,0,0,0,0
1990,22,2,1,0,0,1,467,5,25,0
1990,74,2,3,0,0,0,0,0,0,0
1990,51,1,2,0,0,1,22,0,70,0
1990,25,1,2,0,0,1,417,6,50,0
1990,60,1,0,1,0,0,856,1,0,0
1990,50,2,0,1,0,0,0,0,0,0
1990,26,1,1,1,0,1,453,4,40,0
1990,52,1,0,1,0,0,579,0,40,0
1990,25,2,0,1,0,1,888,1,30,0
1990,34,1,0,0,0,1,23,5,55,0
1990,34,2,0,0,0,1,313,5,25,0
1990,26,1,0,0,0,0,804,0,35,0
1990,19,2,0,0,0,1,877,3,26,0
1990,64,1,0,1,0,0,0,0,0,0
1990,57,2,0,1,0,0,0,0,0,0
1990,25,2,1,1,0,0,0,0,0,0
1990,24,2,1,1,0,0,0,0,0,0
1990,19,2,1,1,0,0,0,0,0,0
1990,68,2,3,1,0,0,436,3,0,0
1990,18,1,1,1,0,0,0,0,0,0
1990,63,2,3,0,0,0,0,0,0,0
1990,29,2,2,0,0,0,337,3,8,0
1990,69,2,3,0,0,0,0,0,0,0
1990,33,2,1,0,0,0,0,0,0,0
1990,61,1,1,0,0,1,0,0,0,0
1990,22,1,0,0,0,0,577,2,40,0
1990,28,2,0,0,0,0,0,0,0,0
1990,62,1,0,0,0,0,567,0,40,0
1990,61,2,0,0,0,0,458,3,32,0
1990,50,2,2,0,0,0,534,1,40,0
1990,22,1,1,0,0,0,567,0,40,0
1990,27,1,2,0,0,0,777,1,0,0
1990,69,1,0,0,0,0,0,0,0,0
1990,68,2,0,0,0,0,0,0,0,0
1990,67,2,3,0,0,0,0,0,0,0
1990,70,2,3,0,0,0,0,0,0,0
1990,79,2,3,0,0,0,0,0,0,0
1990,57,1,1,0,0,1,0,0,0,0
1990,66,2,3,0,0,0,0,0,0,0
1990,54,1,0,0,0,0,22,0,99,1
1990,53,2,0,0,0,0,257,0,0,0
1990,19,2,1,0,0,1,869,0,0,0
1990,73,2,0,0,0,0,0,0,0,0
1990,45,1,3,1,0,1,424,6,44,0
1990,26,1,0,0,0,0,717,1,40,0
1990,19,2,0,0,0,1,688,3,15,0
1990,68,1,0,0,0,0,47,0,0,0
1990,58,2,0,0,0,0,567,0,40,0
1990,29,2,2,0,0,1,435,5,40,0
1990,39,1,0,0,0,0,696,1,42,0
1990,37,2,0,0,0,0,337,5,35,0
1990,38,2,2,1,0,1,447,5,40,0
1990,43,1,1,1,0,0,856,1,40,0
1990,48,1,0,1,0,0,785,1,40,0
1990,52,2,0,1,0,0,719,1,40,0
1990,19,1,1,1,0,1,0,0,0,0
1990,69,2,3,0,0,0,0,0,0,0
1990,68,1,3,0,0,0,0,0,0,0
1990,34,2,1,0,0,0,0,0,0,0
1990,28,1,0,1,0,0,877,1,40,0
1990,25,2,0,1,0,1,909,6,0,0
1990,52,1,0,0,0,0,423,6,40,0
1990,53,2,0,0,0,0,379,5,40,0
1990,44,1,0,0,0,0,844,0,60,0
1990,41,2,0,0,0,0,156,5,3,0
1990,25,1,1,1,0,0,0,0,0,0
1990,21,2,2,1,0,0,0,0,0,0
1990,36,2,2,1,0,0,0,0,0,0
1990,51,1,0,0,0,0,558,0,40,0
1990,51,2,0,0,0,0,0,0,0,0
1990,32,1,1,1,0,1,856,1,40,0
1990,63,1,0,0,0,0,804,0,0,0
1990,55,2,0,0,0,0,0,0,0,0
1990,64,1,0,0,0,1,355,2,0,0
1990,63,2,0,0,0,0,243,3,0,0
1990,21,1,1,0,0,1,844,0,50,0
1990,38,1,0,0,0,0,453,1,45,0
1990,36,2,0,0,0,0,0,0,0,0
1990,20,2,1,0,0,0,0,0,0,0
1990,75,1,0,0,0,0,0,0,0,0
1990,72,2,0,0,0,0,0,0,0,0
1990,63,2,3,0,0,0,338,1,0,0
1990,40,1,0,0,0,0,79,0,45,0
1990,40,2,0,0,0,0,0,0,0,0
1990,60,1,0,0,0,1,368,1,40,0
1990,62,2,0,0,0,0,0,0,0,0
1990,27,1,1,0,0,1,157,5,55,0
1990,60,1,0,1,0,1,808,5,40,0
1990,59,2,0,1,0,1,447,5,40,0
1990,47,1,0,0,0,1,366,2,12,0
1990,43,2,0,0,0,0,436,5,35,0
1990,18,2,1,0,0,0,0,0,0,0
1990,24,2,0,0,0,1,218,0,40,0
1990,27,1,0,0,0,0,684,1,45,0
1990,50,1,2,0,0,1,0,0,0,0
1990,40,1,0,0,0,1,22,4,40,1
1990,40,2,0,0,0,1,253,4,40,0
1990,39,2,2,1,0,0,909,6,0,0
1990,19,2,1,1,0,1,785,0,32,0
1990,47,1,0,0,0,0,585,0,56,0
1990,46,2,0,0,0,0,866,0,56,0
1990,75,2,2,0,0,1,0,0,0,0
1990,70,1,0,0,0,0,0,0,0,0
1990,78,2,0,0,0,0,0,0,0,0
1990,46,2,2,0,0,0,379,5,99,0
1990,70,2,3,0,0,0,0,0,0,0
1990,34,2,1,1,0,0,0,0,0,0
1990,31,1,0,1,0,0,496,1,50,0
1990,24,2,0,1,0,0,0,0,0,0
1990,65,2,3,0,0,0,0,0,0,0
1990,36,2,2,0,0,1,744,3,40,0
1990,34,1,0,0,0,1,613,0,45,0
1990,32,2,0,0,0,0,207,5,40,0
1990,67,1,2,1,0,1,785,1,0,0
1990,37,2,0,0,0,0,95,5,40,0
1990,36,1,0,0,0,1,455,4,40,0
1990,49,1,0,0,0,1,157,5,60,0
1990,47,2,0,0,0,1,157,5,40,0
1990,20,1,1,0,0,1,869,0,0,0
1990,55,1,0,0,0,1,278,1,25,0
1990,53,2,0,0,0,1,156,5,99,0
1990,30,1,0,0,0,1,53,5,40,0
1990,22,2,0,0,0,1,276,3,0,0
1990,45,1,0,0,0,1,549,4,48,0
1990,28,2,0,0,0,1,318,2,15,0
1990,26,2,1,0,0,1,174,5,40,0
1990,36,1,0,0,0,1,178,5,50,1
1990,34,2,0,0,0,1,0,0,0,0
1990,29,1,0,0,0,1,276,3,40,0
1990,27,2,0,0,0,1,22,2,40,0
1990,44,1,0,0,0,0,366,2,40,0
1990,43,2,0,0,0,0,327,2,37,0
1990,18,1,1,0,0,0,0,0,0,0
1990,60,1,0,0,0,1,323,3,30,0
1990,52,2,0,0,0,1,156,5,40,0
1990,19,1,1,0,0,1,779,1,40,0
1990,34,1,0,0,0,0,783,3,50,0
1990,37,2,0,0,0,1,313,5,50,0
1990,79,1,0,1,0,0,0,0,0,0
1990,68,2,0,1,0,0,277,3,26,0
1990,26,2,1,1,0,1,27,3,20,0
1990,21,2,1,0,0,1,435,3,30,0
1990,32,1,0,0,0,0,686,3,99,0
1990,25,2,0,0,0,1,385,4,99,0
1990,51,2,2,0,0,1,154,5,40,0
1990,68,2,1,1,0,1,156,5,40,0
1990,62,2,0,0,0,1,0,0,0,0
1990,65,1,0,0,0,1,84,5,60,1
1990,20,2,1,0,0,1,0,0,0,0
1990,27,2,1,3,3,1,154,5,20,0
1990,23,1,1,0,0,1,213,6,40,0
1990,72,2,3,1,0,0,0,0,0,0
1990,71,1,3,1,0,0,0,0,0,0
1990,52,2,3,1,0,1,156,5,40,0
1990,27,2,1,1,0,0,0,0,0,0
1990,65,2,3,1,0,0,0,0,0,0
1990,66,2,3,0,0,0,0,0,0,0
1990,73,2,3,1,0,0,0,0,0,0
1990,40,1,3,1,0,0,785,1,40,0
1990,38,1,0,0,0,1,156,5,40,0
1990,29,2,0,0,0,1,167,5,40,0
1990,27,1,0,0,0,0,777,1,40,0
1990,26,2,0,0,0,0,407,4,9,0
1990,45,2,2,0,0,0,23,2,40,0
1990,44,2,3,0,0,0,435,3,40,0
1990,42,1,2,0,0,0,0,0,0,0
1990,64,2,3,1,0,0,0,0,0,0
1990,47,2,3,1,0,0,0,0,0,0
1990,35,1,0,0,0,0,844,0,40,0
1990,42,2,0,0,2,0,368,3,40,0
1990,24,1,0,0,0,0,777,4,40,0
1990,27,2,0,0,0,0,265,3,20,0
1990,36,1,0,0,0,0,809,2,0,0
1990,25,2,0,0,0,0,0,0,0,0
1990,36,1,0,0,0,1,804,2,40,0
1990,41,2,0,0,0,1,164,5,40,0
1990,19,2,1,0,0,1,319,4,20,0
1990,42,2,3,0,0,1,95,5,40,0
1990,19,1,1,0,0,0,265,3,20,0
1990,34,1,0,0,0,1,518,1,40,0
1990,36,2,0,0,0,0,379,6,40,0
1990,31,2,1,1,0,0,0,0,0,0
1990,53,2,3,1,0,0,407,4,0,0
1990,30,1,1,1,0,0,804,2,40,0
1990,19,1,1,1,0,0,453,1,0,0
1990,18,1,1,1,0,0,0,0,0,0
1990,50,1,3,1,0,0,479,0,0,0
1990,49,1,0,0,0,1,5,6,50,0
1990,45,2,0,0,0,0,243,3,0,0
1990,20,2,1,0,0,1,274,3,0,0
1990,69,2,3,0,0,0,0,0,0,0
1990,56,1,0,0,0,0,696,1,40,1
1990,56,2,0,0,0,0,378,2,40,0
1990,43,1,0,0,0,1,689,2,40,0
1990,42,2,0,0,0,1,0,0,0,0
1990,39,1,0,0,0,0,505,4,70,0
1990,30,2,0,0,0,0,0,0,0,0
1990,70,2,3,0,0,0,0,0,0,0
1990,34,2,1,1,0,0,436,5,0,0
1990,26,1,1,1,0,0,0,0,0,0
1990,40,2,2,0,0,0,436,5,35,0
1990,35,1,2,0,0,1,549,1,40,0
1990,67,2,3,1,0,0,0,0,0,0
1990,44,1,1,1,0,0,0,0,0,0
1990,26,2,1,1,0,0,0,0,0,0
1990,22,2,1,1,0,0,0,0,0,0
1990,43,1,0,0,0,0,549,1,40,0
1990,34,2,0,0,0,1,95,5,40,0
1990,20,1,0,0,0,0,889,1,40,0
1990,22,2,0,0,0,1,313,4,40,0
1990,27,1,3,1,0,0,473,0,50,0
1990,45,1,0,0,0,1,365,1,40,0
1990,40,2,0,0,0,1,379,1,40,0
1990,76,2,1,1,0,0,0,0,0,0
1990,26,2,1,1,0,0,744,1,40,0
1990,63,1,0,1,0,0,777,1,0,0
1990,60,2,0,1,0,0,747,4,40,0
1990,34,1,3,1,0,0,748,1,40,0
1990,32,1,1,1,0,0,869,0,0,0
1990,31,2,3,1,0,0,308,5,40,0
1990,21,1,1,1,0,0,747,4,40,0
1990,22,2,0,0,0,1,337,3,40,0
1990,26,1,0,0,0,0,418,6,40,0
1990,50,1,2,0,0,0,869,0,40,0
1990,33,1,0,0,0,0,598,0,0,0
1990,34,2,0,0,0,0,744,1,40,0
1990,54,2,3,0,0,1,406,4,60,0
1990,19,1,1,0,0,1,0,0,0,0
1990,18,1,1,0,0,0,0,0,0,0
1990,57,2,0,1,0,0,447,5,28,0
1990,58,1,0,1,0,0,567,0,40,0
1990,43,2,2,1,0,0,0,0,0,0
1990,50,2,3,1,0,0,0,0,0,0
1990,25,2,1,0,0,1,475,0,40,1
1990,34,2,1,1,0,0,274,3,30,0
1990,27,1,0,0,0,0,783,3,40,0
1990,24,2,0,0,0,0,276,3,40,0
1990,47,1,0,1,0,0,869,0,0,0
1990,43,2,0,1,0,0,447,5,0,0
1990,75,2,3,0,0,0,274,3,40,0
1990,74,1,3,1,0,0,0,0,0,0
1990,62,1,0,0,0,1,156,5,55,0
1990,50,2,0,0,0,1,156,5,55,0
1990,73,2,3,0,0,0,0,0,0,0
1990,46,1,3,0,0,0,479,0,50,0
1990,40,1,0,0,0,0,366,2,40,0
1990,37,2,0,0,0,0,379,5,40,0
1990,18,2,1,0,0,1,0,0,0,0
1990,65,2,3,0,0,0,156,5,40,0
1990,55,1,1,1,0,0,0,0,0,0
1990,56,1,0,1,0,0,243,3,40,0
1990,47,2,0,1,0,0,0,0,0,0
1990,46,1,2,0,0,0,473,0,40,0
1990,46,2,2,0,0,0,407,4,2,0
1990,30,1,0,1,0,0,479,0,30,0
1990,30,2,0,1,0,0,447,5,20,0
1990,35,1,3,1,0,1,595,0,40,0
1990,27,1,0,0,0,0,869,0,50,0
1990,25,2,0,0,0,0,0,0,0,0
1990,45,2,3,0,0,0,243,3,60,0
1990,36,1,0,0,0,1,628,2,50,0
1990,36,2,0,0,0,1,0,0,0,0
1990,32,1,1,0,0,0,355,2,8,0
1990,28,2,1,0,0,0,453,6,40,0
1990,44,1,0,0,0,0,658,4,48,0
1990,46,2,0,0,0,1,157,5,35,0
1990,19,1,1,0,0,0,856,1,60,0
1990,47,1,0,0,0,1,263,3,50,0
1990,47,2,0,0,0,0,434,3,50,0
1990,29,1,0,1,0,0,783,1,40,0
1990,34,2,0,1,0,0,0,0,0,0
1990,28,1,1,1,0,0,783,1,40,0
1990,51,1,0,0,0,0,523,4,40,0
1990,46,2,0,0,0,0,276,3,40,0
1990,58,2,3,1,0,0,0,0,0,0
1990,20,1,1,1,0,0,447,5,10,0
1990,33,1,0,0,0,0,567,0,40,0
1990,25,2,0,0,0,0,458,4,45,0
1990,35,1,0,1,0,0,453,4,40,0
1990,34,2,0,1,0,0,379,0,84,0
1990,25,1,0,0,0,1,22,3,55,0
1990,21,2,0,0,0,0,313,6,80,0
1990,54,2,3,1,0,0,0,0,0,0
1990,65,1,0,1,0,0,453,2,0,0
1990,65,2,0,1,0,0,0,0,0,0
1990,32,1,3,0,0,0,866,0,30,0
1990,20,1,0,0,0,0,509,4,45,0
1990,46,2,2,0,0,1,264,3,40,0
1990,46,2,2,1,0,0,909,6,0,0
1990,44,1,0,0,0,1,327,3,40,0
1990,44,2,0,0,0,1,373,3,40,0
1990,29,2,1,1,0,0,799,1,40,0
1990,42,1,0,0,0,1,78,0,70,0
1990,41,2,0,0,0,0,23,5,40,0
1990,18,2,1,0,0,0,435,3,16,0
1990,25,2,1,1,0,0,0,0,0,0
1990,30,2,1,1,0,0,0,0,0,0
1990,74,1,0,0,0,0,0,0,0,0
1990,73,2,0,0,0,0,0,0,0,0
1990,69,1,0,0,0,1,0,0,0,0
1990,65,2,0,0,0,0,0,0,0,0
1990,78,2,0,0,0,0,303,4,40,0
1990,45,1,0,0,0,1,22,2,50,0
1990,42,2,0,0,0,1,337,0,10,0
1990,22,2,1,0,0,1,207,5,24,0
1990,18,1,1,0,0,0,889,3,40,0
1990,43,1,0,0,0,0,704,1,55,0
1990,35,2,0,0,0,0,276,3,30,0
1990,66,1,0,0,0,0,0,0,0,0
1990,79,2,0,0,0,0,0,0,0,0
1990,49,1,0,0,0,0,0,0,0,0
1990,38,2,0,0,0,0,453,5,0,0
1990,18,2,1,0,0,0,0,0,0,0
1990,61,2,3,0,0,0,0,0,0,0
1990,66,1,3,0,0,0,0,0,0,0
1990,58,2,2,0,0,0,159,5,40,0
1990,24,1,0,0,0,1,479,0,30,0
1990,24,2,0,0,0,1,424,6,0,0
1990,71,1,3,1,0,0,0,0,0,0
1990,32,2,2,0,0,0,313,4,40,0
1990,49,1,0,0,0,0,0,0,0,0
1990,46,2,0,0,0,0,274,3,38,0
1990,65,2,3,0,0,1,0,0,0,0
1990,42,1,0,0,0,1,518,4,55,0
1990,41,2,0,0,0,1,337,5,37,0
1990,79,1,3,0,0,0,0,0,0,0
1990,63,1,0,0,0,0,734,1,9,0
1990,59,2,0,0,0,0,243,3,40,0
1990,55,1,0,0,0,0,0,0,0,0
1990,42,2,0,0,0,0,0,0,0,0
1990,78,1,2,0,0,0,0,0,0,0
1990,74,2,3,0,0,0,0,0,0,0
1990,69,2,3,0,0,0,0,0,0,0
1990,63,2,3,0,0,0,453,5,50,0
1990,55,1,0,0,0,1,427,6,0,0
1990,55,2,0,0,0,0,445,5,40,0
1990,34,1,1,1,0,1,883,1,40,0
1990,69,1,0,0,0,0,0,0,0,0
1990,75,2,0,0,0,0,0,0,0,0
1990,41,1,1,0,0,0,844,0,70,0
1990,46,1,0,0,0,0,473,0,49,0
1990,45,2,0,0,0,0,185,3,40,0
1990,59,2,3,0,0,0,447,4,15,0
1990,52,1,2,0,0,0,727,1,40,0
1990,74,2,3,0,0,0,0,0,0,0
1990,49,1,3,1,1,0,804,0,40,0
1990,39,1,0,1,0,0,418,6,40,0
1990,38,2,0,1,0,1,156,5,0,0
1990,76,2,3,1,0,0,0,0,0,0
1990,21,2,1,1,0,0,453,6,0,0
1990,53,1,1,2,0,1,0,0,0,0
1990,49,1,0,0,0,0,0,0,0,0
1990,28,2,0,0,0,0,0,0,0,0
1990,63,1,0,0,0,0,337,3,25,0
1990,53,2,0,0,0,1,22,4,50,0
1990,77,2,3,0,0,0,447,5,0,0
1990,35,1,0,0,0,0,828,0,50,0
1990,37,2,0,0,0,0,744,1,40,0
1990,41,1,2,0,0,0,585,0,50,0
1990,71,1,0,0,0,0,0,0,0,0
1990,53,2,0,0,0,0,0,0,0,0
1990,59,2,3,0,0,1,313,5,0,0
1990,76,2,3,0,0,0,0,0,0,0
1990,51,1,0,0,0,0,226,2,42,0
1990,48,2,0,0,0,1,207,5,20,0
1990,80,2,3,0,0,0,0,0,0,0
1990,77,2,1,0,0,0,0,0,0,0
1990,39,2,3,0,0,0,458,4,40,0
1990,18,1,1,0,0,0,257,4,40,0
1990,64,2,3,0,0,1,197,4,25,0
1990,42,2,2,0,0,1,308,4,40,0
1990,21,2,2,0,0,0,0,0,0,0
1990,47,1,2,0,0,0,585,0,40,0
1990,35,1,0,0,2,0,235,2,40,0
1990,34,2,0,0,0,1,156,5,40,0
1990,71,1,0,0,0,0,0,0,0,0
1990,71,2,0,0,0,0,0,0,0,0
1990,24,2,1,0,0,0,0,0,0,0
1990,71,1,0,0,0,0,0,0,0,0
1990,67,2,0,0,0,0,0,0,0,0
1990,47,2,3,0,0,0,436,5,40,0
1990,52,1,1,0,0,0,804,3,40,0
1990,48,1,0,0,0,1,696,6,40,0
1990,49,2,0,0,0,0,467,5,0,0
1990,29,1,0,0,0,0,636,1,14,0
1990,27,2,0,0,0,0,276,4,0,0
1990,58,1,0,0,0,1,27,5,0,0
1990,57,2,0,0,0,0,426,4,0,0
1990,38,2,1,0,0,1,159,5,46,0
1990,39,1,0,0,0,0,486,0,50,0
1990,31,2,0,0,0,0,259,0,15,0
1990,22,1,0,0,0,0,507,4,40,0
1990,22,2,0,0,0,0,205,5,40,0
1990,67,1,0,0,0,0,379,4,30,1
1990,64,2,0,0,0,0,0,0,0,0
1990,47,1,2,1,0,1,575,0,40,0
1990,71,2,3,1,0,0,0,0,0,0
1990,37,1,0,0,0,0,97,6,40,0
1990,33,2,0,3,3,0,484,0,50,0
1990,26,1,1,1,0,1,22,6,45,0
1990,51,1,3,1,0,0,365,2,40,0
1990,19,1,1,1,0,0,0,0,0,0
1990,65,2,3,0,0,0,377,5,20,0
1990,32,2,1,0,0,0,0,0,0,0
1990,55,2,3,0,0,0,0,0,0,0
1990,33,1,1,0,0,0,783,4,0,0
1990,26,2,2,0,0,0,155,5,40,0
1990,57,1,0,1,0,0,0,0,0,0
1990,49,2,0,1,0,0,0,0,0,0
1990,19,2,3,1,0,1,329,5,17,0
1990,26,1,1,1,0,0,869,0,24,0
1990,35,1,0,0,0,0,517,3,40,0
1990,35,2,0,0,0,0,0,0,0,0
1990,27,2,1,1,0,0,749,0,0,0
1990,59,2,3,1,0,0,155,5,40,0
1990,65,1,0,0,0,1,474,0,25,0
1990,64,2,0,0,0,1,0,0,0,0
1990,41,1,0,0,0,1,426,6,40,0
1990,41,2,0,0,0,1,156,5,38,0
1990,19,1,1,0,0,0,479,0,50,0
1990,34,2,3,1,0,1,424,6,40,0
1990,79,1,0,0,0,0,0,0,0,0
1990,77,2,0,0,0,0,0,0,0,0
1990,39,1,0,0,0,1,157,5,40,0
1990,39,2,0,0,0,1,156,5,40,0
1990,80,2,0,0,0,0,0,0,0,0
1990,47,2,2,0,0,0,385,6,40,0
1990,71,1,3,0,0,1,426,5,24,0
1990,45,1,0,0,0,0,555,0,48,0
1990,44,2,0,0,0,0,389,4,40,0
1990,46,1,0,0,2,1,628,2,40,1
1990,42,2,0,0,0,0,0,0,0,0
1990,78,1,3,0,0,0,0,0,0,0
1990,20,1,1,0,0,1,37,5,40,0
1990,34,1,0,1,0,1,364,0,40,0
1990,34,2,0,1,0,1,313,5,40,0
1990,76,1,3,1,0,0,0,0,0,0
1990,54,1,3,1,0,0,696,1,70,0
1990,37,1,1,1,0,0,453,4,0,0
1990,30,2,1,1,0,0,447,5,40,0
1990,65,1,0,0,0,1,14,3,40,1
1990,64,2,0,0,0,0,0,0,0,0
1990,52,1,0,0,0,1,417,6,0,0
1990,50,2,0,0,0,0,466,5,25,0
1990,30,1,0,1,0,0,436,3,37,0
1990,26,2,0,1,0,1,203,5,40,0
1990,41,1,0,0,0,1,22,6,45,0
1990,40,2,0,0,0,1,95,5,50,0
1990,20,1,1,0,0,1,175,5,30,0
1990,18,2,1,0,0,0,276,3,0,0
1990,24,2,3,0,0,1,259,3,30,0
1990,19,2,1,0,0,0,439,3,38,0
1990,25,1,0,0,0,1,235,3,25,0
1990,19,2,0,0,0,0,276,3,28,0
1990,53,2,3,1,0,1,156,5,40,0
1990,18,1,1,1,0,0,0,0,0,0
1990,73,1,0,1,0,0,855,0,0,0
1990,66,2,0,1,0,0,469,4,0,0
1990,24,1,0,0,0,0,804,3,50,0
1990,30,2,0,0,0,0,157,5,35,0
1990,74,1,0,0,0,0,176,5,40,0
1990,74,2,0,0,0,0,0,0,0,0
1990,56,1,3,0,0,0,0,0,0,0
1990,27,1,3,1,0,0,575,1,40,0
1990,77,1,0,0,0,1,16,2,6,1
1990,72,2,0,0,0,1,0,0,0,0
1990,37,2,3,0,0,1,22,1,50,0
1990,43,1,0,0,0,1,613,0,80,1
1990,41,2,0,0,0,0,0,0,0,0
1990,37,2,2,0,0,1,0,0,0,0
1990,18,2,1,0,0,0,379,5,7,0
1990,48,1,0,0,0,1,699,1,40,0
1990,43,2,0,0,0,1,313,4,40,0
1990,63,2,3,0,0,1,156,5,8,0
1990,41,2,2,0,0,0,22,2,40,0
1990,26,1,0,1,0,0,508,1,48,0
1990,25,2,0,1,0,0,909,6,0,0
1990,30,1,1,0,0,0,0,0,0,0
1990,22,1,0,0,0,0,869,0,45,0
1990,34,2,0,0,0,0,434,2,40,0
1990,68,2,3,0,0,1,0,0,0,0
1990,44,1,2,1,0,0,0,0,0,0
1990,37,1,0,0,0,1,159,5,50,0
1990,34,2,0,0,0,0,0,0,0,0
1990,35,1,2,1,0,0,889,0,35,0
1990,58,1,0,0,0,0,448,1,0,0
1990,44,2,0,0,0,0,0,0,0,0
1990,34,1,0,0,0,1,699,1,40,0
1990,35,2,0,0,0,0,0,0,0,0
1990,58,1,0,0,0,0,0,0,0,0
1990,58,2,0,0,0,0,443,5,20,0
1990,67,1,0,0,0,0,0,0,0,0
1990,63,2,0,0,0,1,356,3,28,0
1990,20,1,1,0,0,0,869,0,40,0
1990,19,2,1,0,0,1,276,3,30,0
1990,39,1,0,0,0,0,756,1,45,0
1990,38,2,0,0,0,1,628,1,45,0
1990,18,2,1,0,0,0,276,3,20,0
1990,42,2,2,0,0,0,426,0,48,0
1990,68,1,2,0,0,0,0,0,0,0
1990,57,1,2,0,0,1,628,1,40,0
1990,29,1,0,1,0,1,263,3,40,0
1990,28,2,0,0,0,1,276,5,16,0
1990,61,2,3,0,0,0,447,5,0,0
1990,45,1,0,0,0,0,699,1,40,1
1990,49,2,0,0,0,0,0,0,0,0
1990,20,2,1,0,0,1,276,3,35,0
1990,39,1,0,0,0,0,8,3,50,0
1990,37,2,0,0,0,0,337,3,35,0
1990,20,2,1,0,0,0,274,3,20,0
1990,58,1,0,1,0,0,0,0,0,0
1990,63,2,0,1,0,0,0,0,0,0
1990,56,1,0,1,0,0,779,2,40,0
1990,52,2,0,1,0,0,0,0,0,0
1990,25,2,1,1,0,1,443,3,38,0
1990,37,1,0,0,0,1,848,0,84,0
1990,34,2,0,0,0,1,313,1,40,0
1990,27,1,0,0,0,0,308,0,84,0
1990,22,2,0,0,0,0,276,3,36,0
1990,52,2,3,0,0,0,0,0,0,0
1990,40,1,0,0,0,0,613,0,80,0
1990,39,2,0,0,0,0,22,3,38,0
1990,18,1,1,0,0,0,0,0,0,0
1990,54,1,0,0,0,1,263,3,50,0
1990,54,2,0,0,0,1,156,5,45,0
1990,30,2,3,0,0,1,186,5,40,0
1990,64,2,3,0,2,0,0,0,0,0
1990,31,1,3,0,0,1,643,0,40,0
1990,24,1,1,0,0,1,505,3,48,0
1990,73,2,3,0,0,0,0,0,0,0
1990,55,1,0,0,0,0,549,1,45,0
1990,49,2,0,0,0,0,0,0,0,0
1990,33,1,0,0,0,1,575,0,40,0
1990,32,2,0,0,0,1,337,4,40,0
1990,50,1,2,0,0,0,593,0,70,0
1990,77,1,0,0,0,0,0,0,0,0
1990,71,2,0,0,0,0,0,0,0,0
1990,26,1,3,2,1,1,804,3,40,0
1990,74,2,3,0,0,0,0,0,0,0
1990,73,2,3,1,0,0,0,0,0,0
1990,25,2,1,1,0,0,447,5,32,0
1990,50,2,1,0,0,0,0,0,0,0
1990,22,1,1,0,0,0,453,3,10,0
1990,41,1,0,0,0,0,844,0,40,0
1990,42,2,0,0,0,0,436,3,24,0
1990,21,2,1,0,0,0,0,0,0,0
1990,19,1,1,0,0,0,877,3,40,0
1990,33,1,0,0,0,0,508,1,50,0
1990,30,2,0,0,0,1,207,5,44,0
1990,34,1,0,0,0,1,178,5,50,1
1990,32,2,0,0,0,1,185,3,40,0
1990,37,1,0,1,0,0,757,1,40,0
1990,36,2,0,1,0,0,105,5,40,0
1990,61,2,2,1,0,0,264,3,40,0
1990,33,2,3,1,0,1,206,5,40,0
1990,21,1,1,1,0,1,567,0,40,0
1990,22,1,1,1,0,0,453,2,40,0
1990,68,1,0,1,0,1,0,0,0,0
1990,65,2,0,1,0,0,0,0,0,0
1990,69,1,0,0,0,1,84,5,40,0
1990,64,2,0,0,0,1,0,0,0,0
1990,25,1,1,0,0,1,593,0,40,0
1990,37,1,0,0,0,0,593,1,40,0
1990,36,2,0,0,0,0,466,5,0,0
1990,18,1,1,0,0,0,436,3,15,0
1990,39,1,0,0,0,1,243,3,50,1
1990,37,2,0,0,0,0,243,3,45,0
1990,52,1,0,0,0,0,518,1,40,0
1990,48,2,0,0,0,1,436,3,25,0
1990,20,2,1,0,0,1,17,3,30,0
1990,29,1,3,0,0,0,579,0,40,0
1990,54,2,2,0,0,0,24,4,40,0
1990,56,1,0,0,0,0,617,1,60,1
1990,54,2,0,0,0,0,0,0,0,0
1990,33,2,2,0,0,0,0,0,0,0
1990,47,2,2,0,0,0,313,5,40,0
1990,24,2,1,1,0,0,0,0,0,0
1990,34,1,1,1,0,1,426,1,40,0
1990,42,1,0,0,0,1,21,5,50,1
1990,37,2,0,0,0,1,0,0,0,0
1990,41,2,2,0,0,1,17,3,40,1
1990,28,1,0,0,0,1,22,5,36,0
1990,25,2,0,0,0,1,468,5,30,0
1990,80,1,3,1,0,0,0,0,0,0
1990,49,2,2,1,0,0,0,0,0,0
1990,26,2,3,1,0,0,744,1,40,0
1990,38,1,0,0,0,0,359,3,48,0
1990,39,2,0,0,0,0,808,5,25,0
1990,60,1,0,0,0,0,308,1,40,0
1990,57,2,0,0,0,0,0,0,0,0
1990,25,1,1,1,0,0,585,0,40,0
1990,26,2,1,1,0,0,447,5,20,0
1990,61,2,3,1,0,1,447,5,0,0
1990,36,2,1,1,0,1,276,3,35,0
1990,78,2,3,0,0,0,0,0,0,0
1990,38,1,3,1,0,0,549,1,99,0
1990,20,2,1,1,0,0,689,1,40,0
1990,54,1,0,0,0,0,567,0,40,0
1990,54,2,0,0,0,1,313,4,16,0
1990,22,2,1,0,0,1,0,0,0,0
1990,41,1,0,0,0,1,475,0,60,1
1990,41,2,0,0,0,1,386,6,40,0
1990,21,2,1,0,0,1,0,0,0,0
1990,74,2,3,0,0,0,0,0,0,0
1990,77,1,1,0,0,0,479,0,0,0
1990,31,1,0,0,0,0,579,0,40,0
1990,37,2,0,0,0,1,156,5,40,0
1990,53,1,0,0,0,0,505,4,40,0
1990,51,2,0,0,0,0,744,3,40,0
1990,22,2,1,0,0,0,877,3,40,0
1990,40,1,0,0,0,0,699,0,0,0
1990,43,2,0,0,0,0,313,4,40,0
1990,59,1,1,0,0,0,379,5,0,0
1990,33,1,0,1,0,1,453,4,0,0
1990,35,2,0,1,0,0,0,0,0,0
1990,48,1,0,0,0,0,243,4,40,1
1990,45,2,0,0,0,0,243,3,38,0
1990,23,1,1,0,0,1,885,3,30,0
1990,58,2,3,0,0,0,453,4,3,0
1990,35,2,2,0,0,1,909,6,0,0
1990,48,1,0,1,0,0,804,2,20,0
1990,45,2,0,1,0,0,0,0,0,0
1990,25,2,1,1,0,0,313,6,40,0
1990,19,2,1,1,0,0,276,3,25,0
1990,80,1,0,0,0,0,0,0,0,0
1990,67,2,0,0,0,0,0,0,0,0
1990,70,1,0,0,0,0,0,0,0,0
1990,63,2,0,0,0,0,0,0,0,0
1990,61,1,0,1,0,0,508,2,50,0
1990,51,2,0,1,0,1,0,0,0,0
1990,39,1,0,0,0,0,829,3,80,0
1990,36,2,0,0,0,0,379,5,40,0
1990,34,1,1,0,0,0,614,0,55,0
1990,51,1,0,0,0,1,337,1,45,0
1990,50,2,0,0,0,0,313,5,30,0
1990,74,1,0,1,0,0,0,0,0,0
1990,75,2,0,1,0,1,447,5,0,0
1990,54,2,1,1,0,0,453,4,24,0
1990,76,1,0,0,0,0,0,0,0,0
1990,74,2,0,0,0,0,0,0,0,0
1990,50,2,1,0,0,0,0,0,0,0
1990,63,1,0,1,0,0,486,5,40,0
1990,63,2,0,1,0,0,0,0,0,0
1990,39,1,0,0,0,1,96,3,42,0
1990,34,2,0,0,0,0,337,3,0,0
1990,36,1,0,0,0,1,22,0,50,1
1990,41,2,0,0,0,1,157,5,40,0
1990,28,1,0,0,0,0,505,4,50,0
1990,26,2,0,0,0,0,804,3,0,0
1990,22,2,1,0,0,1,159,5,15,0
1990,24,2,1,0,0,1,155,5,40,0
1990,50,2,1,0,0,0,447,5,40,0
1990,29,1,0,0,0,1,22,2,50,0
1990,28,2,0,0,0,0,319,5,30,0
1990,71,2,1,0,0,1,0,0,0,0
1990,56,1,0,0,0,1,13,0,60,0
1990,46,2,0,0,0,0,21,5,24,0
1990,44,2,3,0,0,0,453,4,0,0
1990,73,2,3,1,0,0,0,0,0,0
1990,49,2,1,1,0,0,0,0,0,0
1990,34,1,0,0,0,0,22,0,80,0
1990,29,2,0,0,0,1,234,4,0,0
1990,26,1,2,1,0,0,614,0,40,0
1990,42,2,2,0,0,1,163,5,45,0
1990,68,1,0,0,0,1,75,5,15,0
1990,57,2,0,0,0,0,0,0,0,0
1990,63,2,3,1,0,0,0,0,0,0
1990,42,2,3,0,0,0,466,5,99,0
1990,26,1,0,0,0,0,628,2,50,0
1990,25,2,0,0,0,0,56,2,40,0
1990,78,2,3,1,0,0,0,0,0,0
1990,47,1,0,0,0,1,808,5,50,0
1990,46,2,0,0,0,1,808,5,50,0
1990,36,1,0,0,0,0,354,2,40,0
1990,33,2,0,0,0,0,0,0,0,0
1990,45,1,0,0,0,1,274,3,40,0
1990,40,2,0,0,0,1,274,3,40,0
1990,50,2,2,1,0,1,379,5,0,0
1990,19,2,1,1,0,0,449,5,0,0
1990,61,2,1,0,0,1,319,5,34,0
1990,19,2,1,0,0,1,469,5,25,0
1990,35,2,2,0,0,0,379,5,40,0
1990,52,1,0,0,0,0,889,4,20,0
1990,56,2,0,0,2,0,386,3,6,0
1990,44,1,0,0,0,0,243,3,50,1
1990,40,2,0,0,0,0,0,0,0,0
1990,67,2,3,1,0,0,407,4,0,0
1990,30,2,1,1,0,0,354,2,40,0
1990,24,1,1,1,0,0,804,3,40,0
1990,22,2,1,1,0,0,0,0,0,0
1990,26,1,1,1,0,0,365,5,40,0
1990,47,2,1,0,0,0,274,3,40,0
1990,29,1,1,0,0,0,213,2,45,0
1990,22,2,1,0,0,1,736,1,40,0
1990,26,1,3,0,0,0,567,0,40,0
1990,46,1,2,0,0,1,21,5,45,0
1990,54,2,3,1,0,0,466,5,24,0
1990,32,2,1,1,0,0,0,0,0,0
1990,46,1,0,0,0,0,526,3,40,0
1990,42,2,0,0,0,0,337,5,40,0
1990,37,1,0,0,0,1,756,0,60,0
1990,40,2,0,0,0,1,0,0,0,0
1990,30,2,2,0,0,0,315,1,40,0
1990,40,1,0,0,3,1,486,0,30,0
1990,27,2,0,3,3,1,435,3,30,0
1990,39,2,3,0,0,1,909,6,0,0
1990,53,1,0,0,0,1,47,0,50,1
1990,52,2,0,0,0,1,0,0,0,0
1990,71,1,0,0,0,0,22,0,0,0
1990,67,2,0,0,0,0,0,0,0,0
1990,27,1,1,0,0,0,628,4,40,0
1990,35,1,0,0,0,0,547,1,60,0
1990,35,2,0,0,0,1,0,0,0,0
1990,53,1,0,0,0,1,253,4,55,1
1990,51,2,0,0,0,1,0,0,0,0
1990,19,2,1,0,0,1,0,0,0,0
1990,24,1,1,0,0,0,516,4,40,0
1990,68,1,0,0,0,1,274,3,0,0
1990,63,2,0,0,0,0,0,0,0,0
1990,58,2,3,1,0,1,447,5,40,0
1990,29,2,1,1,0,1,337,6,40,0
1990,27,1,1,1,0,1,595,0,40,0
1990,34,1,0,0,0,0,534,0,40,0
1990,32,2,0,0,0,1,313,4,28,0
1990,52,2,2,0,0,0,337,5,90,0
1990,52,1,2,0,0,0,909,6,0,0
1990,30,1,2,0,0,0,616,0,72,0
1990,23,1,3,0,0,0,759,1,40,0
1990,32,1,0,1,0,0,505,3,40,0
1990,31,2,0,1,0,0,744,1,32,0
1990,44,1,0,0,0,1,418,6,40,1
1990,40,2,0,0,0,1,156,5,35,0
1990,77,1,0,0,0,1,0,0,0,0
1990,75,2,0,0,0,0,0,0,0,0
1990,74,2,3,0,0,1,0,0,0,0
1990,68,1,0,0,0,0,0,0,0,0
1990,68,2,0,0,0,0,0,0,0,0
1990,68,2,3,0,0,0,0,0,0,0
1990,57,2,2,0,0,0,365,3,40,0
1990,34,1,0,0,0,0,364,3,45,0
1990,34,2,0,0,0,0,313,4,40,0
1990,42,1,0,0,0,1,657,1,40,0
1990,35,2,0,0,0,1,178,4,0,0
1990,21,2,1,1,0,0,0,0,0,0
1990,25,1,1,1,0,0,869,0,40,0
1990,46,1,0,0,0,0,22,0,40,0
1990,45,2,0,0,0,0,0,0,0,0
1990,64,1,0,0,0,0,0,0,0,0
1990,59,2,0,0,0,0,0,0,0,0
1990,66,2,3,0,0,1,0,0,0,0
1990,65,1,0,0,0,0,628,0,84,0
1990,63,2,0,0,0,0,0,0,0,0
1990,26,1,0,0,0,0,505,4,47,0
1990,23,2,0,0,0,1,313,5,40,0
1990,51,2,3,1,0,0,449,5,8,0
1990,22,1,1,1,0,0,505,3,15,0
1990,20,2,1,1,0,1,453,6,0,0
1990,25,1,0,0,0,0,869,0,40,0
1990,23,2,0,0,0,0,313,1,40,0
1990,71,1,0,0,0,0,0,0,0,0
1990,61,2,0,0,0,0,274,3,40,0
1990,64,1,0,0,0,0,0,0,0,0
1990,61,2,0,0,0,0,0,0,0,0
1990,26,2,0,1,0,0,313,6,40,0
1990,28,1,0,1,0,0,266,3,40,0
1990,56,1,0,1,0,1,4,6,51,1
1990,57,2,0,1,0,1,0,0,0,0
1990,19,2,1,1,0,1,0,0,0,0
1990,78,1,0,0,0,0,783,0,72,0
1990,76,2,0,0,0,0,436,5,40,0
1990,65,1,0,0,0,1,154,5,8,0
1990,57,2,0,0,0,1,14,5,40,0
1990,58,1,0,1,0,0,0,0,0,0
1990,54,2,0,1,0,1,156,5,41,0
1990,68,2,1,1,0,0,0,0,0,0
1990,51,2,1,1,0,0,0,0,0,0
1990,79,1,3,0,0,0,0,0,0,0
1990,74,2,2,0,0,0,0,0,0,0
1990,62,1,3,1,0,0,0,0,0,0
1990,71,2,3,0,0,0,453,5,3,0
1990,24,1,0,0,0,1,505,3,55,0
1990,20,2,0,0,0,0,458,4,0,0
1990,29,1,0,1,0,0,877,1,40,0
1990,27,2,0,1,0,1,156,5,40,0
1990,43,1,0,0,0,1,797,1,40,0
1990,43,2,0,0,0,0,156,5,40,0
1990,25,1,0,0,0,1,889,1,50,0
1990,23,2,0,0,0,1,156,5,40,0
1990,68,1,0,0,0,0,0,0,0,0
1990,61,2,0,0,0,0,0,0,0,0
1990,32,1,0,0,0,1,575,0,48,0
1990,31,2,0,0,0,1,207,5,40,0
1990,36,1,0,0,0,0,359,0,84,0
1990,45,2,0,0,0,0,243,3,70,0
1990,69,2,3,1,0,1,0,0,0,0
1990,38,1,0,1,0,1,628,1,40,0
1990,35,2,0,1,0,1,389,5,40,0
1990,54,1,0,0,0,0,575,0,40,0
1990,50,2,0,0,0,0,436,5,0,0
1990,20,1,0,0,0,0,876,2,40,0
1990,19,2,0,0,0,0,436,3,10,0
1990,60,1,0,0,0,0,5,6,25,0
1990,58,2,0,0,0,0,22,0,0,0
1990,44,2,3,1,0,0,0,0,0,0
1990,28,1,1,1,0,0,579,0,0,0
1990,58,1,0,0,0,1,274,3,61,0
1990,54,2,0,0,0,0,253,4,0,0
1990,30,1,1,1,0,0,859,1,40,0
1990,40,1,0,0,0,1,505,4,60,0
1990,39,2,0,0,0,1,164,5,35,0
1990,43,1,0,0,0,1,22,5,45,0
1990,42,2,0,0,0,0,313,6,32,0
1990,19,2,1,0,0,0,274,3,31,0
1990,18,1,1,0,0,0,438,3,0,0
1990,53,1,0,0,0,0,18,0,40,0
1990,51,2,0,0,0,1,0,0,0,0
1990,26,2,1,0,0,0,276,3,30,0
1990,49,1,0,0,0,0,225,0,40,0
1990,47,2,0,0,0,1,453,5,0,0
1990,22,1,1,0,0,0,686,3,40,0
1990,21,1,1,0,0,0,783,4,40,0
1990,47,1,0,0,0,1,796,0,50,0
1990,46,2,0,0,0,1,339,3,40,0
1990,50,1,0,0,0,0,0,0,0,0
1990,35,2,0,0,0,0,435,3,20,0
1990,59,1,0,0,0,1,14,5,0,0
1990,54,2,0,0,0,0,0,0,0,0
1990,71,1,0,3,0,0,0,0,0,0
1990,64,2,0,0,0,0,439,3,40,0
1990,32,1,2,1,0,0,874,0,45,0
1990,39,1,0,3,0,0,385,1,40,0
1990,41,2,0,0,0,0,17,3,86,0
1990,31,1,0,0,0,0,567,1,40,0
1990,39,2,0,0,0,0,435,3,0,0
1990,78,2,3,0,0,0,274,3,0,0
1990,78,2,3,0,0,0,0,0,0,0
1990,72,1,0,0,0,0,0,0,0,0
1990,70,2,0,0,0,0,0,0,0,0
1990,39,1,0,0,0,0,869,0,40,0
1990,31,2,0,0,0,0,0,0,0,0
1990,63,1,0,0,0,1,259,0,0,0
1990,61,2,0,0,0,0,0,0,0,0
1990,26,1,1,0,0,1,829,0,84,0
1990,27,1,0,0,0,1,259,0,60,0
1990,25,2,0,0,0,0,274,3,0,0
1990,61,1,0,0,0,0,505,4,40,0
1990,58,2,0,0,0,0,323,4,40,0
1990,25,2,1,0,0,1,308,4,40,0
1990,36,2,1,1,0,0,0,0,0,0
1990,29,1,0,0,0,1,503,2,60,0
1990,26,2,0,0,0,1,378,5,0,0
1990,36,1,0,0,0,0,519,3,40,0
1990,33,2,0,0,0,0,744,1,40,0
1990,29,1,0,1,0,0,276,3,40,0
1990,29,2,0,1,0,0,276,3,40,0
1990,29,1,1,1,0,0,795,1,40,0
1990,31,2,1,1,0,0,744,1,40,0
1990,37,1,0,1,0,0,909,6,0,0
1990,40,2,0,1,0,0,769,0,0,0
1990,45,1,0,0,0,0,453,3,40,0
1990,41,2,0,0,0,0,22,3,40,0
1990,39,1,0,0,0,0,567,4,40,0
1990,40,2,0,0,0,0,435,3,25,0
1990,19,1,1,0,0,0,435,3,25,0
1990,39,1,0,1,0,1,739,1,40,0
1990,36,2,0,1,0,1,164,5,40,0
1990,43,1,0,0,0,0,453,6,40,0
1990,41,2,0,0,0,1,796,1,48,0
1990,20,1,1,0,0,0,274,3,40,0
1990,19,1,1,0,0,0,874,3,25,0
1990,79,1,0,0,0,0,0,0,0,0
1990,80,2,0,0,0,0,0,0,0,0
1990,41,1,0,0,0,0,276,3,60,0
1990,41,2,0,0,0,0,243,3,10,0
1990,19,1,1,0,0,0,276,3,0,0
1990,28,1,0,0,0,1,254,4,40,0
1990,30,2,0,0,0,1,203,5,40,0
1990,26,1,1,1,0,0,764,1,40,0
1990,21,1,1,1,0,0,426,4,40,0
1990,31,1,2,0,0,0,0,0,0,0
1990,39,1,3,1,0,0,216,2,0,0
1990,41,1,2,1,0,1,0,0,0,0
1990,37,2,3,1,0,0,0,0,0,0
1990,21,2,1,1,0,0,453,5,0,0
1990,19,2,1,1,0,0,0,0,0,0
1990,18,2,1,1,0,0,0,0,0,0
1990,22,1,0,0,0,0,475,0,11,0
1990,20,2,0,0,0,0,276,3,0,0
1990,40,1,1,0,0,1,95,5,50,0
1990,35,2,1,1,0,1,156,5,35,0
1990,64,2,3,1,0,0,436,5,0,0
1990,65,2,3,0,0,0,0,0,0,0
1990,23,1,1,0,0,0,453,3,28,0
1990,50,1,0,0,0,1,628,2,50,1
1990,41,2,0,0,0,0,268,3,0,0
1990,23,1,0,0,0,1,859,1,40,0
1990,22,2,0,0,0,1,859,1,0,0
1990,40,1,3,1,0,0,0,0,0,0
1990,30,1,2,0,0,0,848,0,84,0
1990,30,1,0,0,0,0,426,5,40,0
1990,25,2,0,0,0,0,316,5,0,0
1990,51,2,3,1,0,0,0,0,0,0
1990,19,2,1,1,0,0,785,1,20,0
1990,26,1,1,1,0,0,0,0,0,0
1990,50,1,0,0,0,0,628,2,40,0
1990,45,2,0,0,0,0,0,0,0,0
1990,64,1,0,0,0,0,0,0,0,0
1990,34,2,0,0,0,0,0,0,0,0
1990,31,1,0,0,0,0,828,2,80,0
1990,27,2,0,0,0,0,319,6,0,0
1990,60,2,3,0,0,0,22,3,40,1
1990,61,1,0,1,0,0,596,1,40,0
1990,56,2,0,1,0,0,453,5,0,0
1990,21,1,1,1,0,0,436,3,0,0
1990,76,2,3,0,0,0,0,0,0,0
1990,36,1,1,0,0,0,637,1,40,0
1990,55,1,0,1,0,0,804,3,0,0
1990,55,2,0,1,0,1,207,5,40,0
1990,28,1,3,1,0,0,889,1,0,0
1990,31,2,3,1,0,1,0,0,0,0
1990,47,1,0,0,0,0,259,3,45,0
1990,33,2,0,0,0,0,373,3,0,0
1990,54,1,0,2,0,1,95,5,40,0
1990,44,2,0,2,0,1,235,4,35,0
1990,49,1,2,2,0,1,757,1,40,0
1990,23,1,1,2,0,0,804,3,40,0
1990,73,1,0,0,0,0,0,0,0,0
1990,68,2,0,0,0,0,274,3,25,0
1990,75,2,3,0,0,0,0,0,0,0
1990,30,1,0,1,0,0,567,1,40,0
1990,27,2,0,1,0,0,276,3,40,0
1990,19,2,1,1,0,1,0,0,0,0
1990,64,1,3,0,0,0,323,5,24,0
1990,68,2,3,1,0,0,407,4,3,0
1990,32,1,1,1,0,0,909,6,0,0
1990,28,1,0,1,0,0,783,0,45,0
1990,20,2,0,1,0,0,423,6,50,0
1990,54,1,0,1,0,0,869,0,40,0
1990,53,2,0,1,0,0,444,5,35,0
1990,32,1,0,0,0,0,643,1,99,0
1990,22,2,0,0,0,0,0,0,0,0
1990,25,1,0,0,0,0,479,0,80,0
1990,24,2,0,0,0,0,376,6,40,0
1990,70,1,1,0,0,0,0,0,0,0
1990,50,2,3,0,0,0,407,4,12,0
1990,57,1,2,0,0,0,0,0,0,0
1990,43,1,0,0,0,1,696,1,48,0
1990,40,2,0,0,0,0,355,2,42,0
1990,20,1,1,0,0,1,0,0,0,0
1990,61,1,0,0,0,1,0,0,0,1
1990,59,2,0,0,0,0,0,0,0,0
1990,31,2,1,0,2,1,185,4,99,0
1990,42,1,0,1,0,0,628,1,40,1
1990,42,2,0,1,0,0,6,6,40,0
1990,19,2,1,1,0,0,379,6,40,0
1990,25,1,0,0,0,0,779,1,40,0
1990,23,2,0,0,0,0,458,4,20,0
1990,40,2,2,1,0,1,275,4,0,0
1990,21,1,1,1,0,1,276,6,40,0
1990,53,1,0,0,0,0,756,1,40,0
1990,52,2,0,0,0,0,0,0,0,0
1990,20,1,1,0,0,1,329,5,20,0
1990,37,1,0,0,0,0,243,3,60,0
1990,34,2,0,0,0,1,235,4,40,0
1990,26,2,2,0,0,0,774,4,40,0
1990,36,1,0,0,1,0,593,0,40,0
1990,47,2,0,0,0,0,0,0,0,0
1990,19,2,1,0,0,0,276,3,12,0
1990,63,2,3,0,0,0,0,0,0,0
1990,51,1,0,1,0,1,354,2,40,0
1990,43,2,0,1,0,1,747,4,35,0
1990,50,2,3,1,0,0,0,0,0,0
1990,28,1,1,1,0,0,808,5,4,0
1990,25,1,1,1,0,0,276,3,32,0
1990,24,2,1,1,0,1,276,3,32,0
1990,57,1,3,1,0,0,0,0,0,0
1990,48,1,3,1,0,0,0,0,0,0
1990,56,1,0,0,0,0,365,6,40,0
1990,54,2,0,0,0,1,0,0,0,0
1990,35,2,3,1,0,0,0,0,0,0
1990,45,1,0,1,0,0,22,0,50,0
1990,42,2,0,1,0,0,337,5,30,0
1990,24,1,1,1,0,0,365,6,40,0
1990,20,2,1,1,0,0,379,4,40,0
1990,44,2,2,1,0,0,315,5,40,0
1990,22,1,1,1,0,0,0,0,0,0
1990,41,1,0,0,0,1,22,0,48,0
1990,34,2,0,0,0,0,379,0,0,0
1990,24,1,2,1,0,1,308,6,40,0
1990,63,2,3,0,0,0,264,3,30,0
1990,18,2,1,1,0,1,276,3,40,0
1990,19,1,1,1,0,1,0,0,0,0
1990,28,2,1,1,0,0,327,3,30,0
1990,46,2,3,0,0,0,458,4,50,0
1990,21,2,1,0,0,1,435,3,40,0
1990,77,2,3,0,0,0,0,0,0,0
1990,47,1,2,0,0,1,22,5,72,1
1990,52,1,0,0,0,0,22,0,40,0
1990,52,2,0,0,0,0,339,0,20,0
1990,22,1,1,0,0,0,436,3,7,0
1990,48,1,0,0,0,1,13,3,60,0
1990,47,2,0,0,0,1,254,4,40,0
1990,33,1,1,0,0,1,226,2,84,1
1990,31,1,0,0,0,1,22,5,40,0
1990,31,2,0,0,0,1,308,5,40,0
1990,33,1,0,0,0,1,73,5,60,0
1990,25,2,0,0,0,1,65,5,60,0
1990,43,1,0,0,0,1,22,0,40,1
1990,42,2,0,0,0,1,313,1,40,0
1990,56,1,0,0,0,1,217,0,44,1
1990,51,2,0,0,0,1,446,5,32,0
1990,21,2,1,0,0,1,276,3,20,0
1990,21,2,1,0,0,1,317,4,30,0
1990,22,2,1,0,0,1,264,3,30,0
1990,51,2,3,1,0,0,447,5,25,0
1990,26,2,1,1,0,0,386,6,12,0
1990,28,1,1,1,0,0,789,0,40,0
1990,52,2,1,1,0,0,0,0,0,0
1990,20,1,1,0,0,0,379,5,17,0
1990,20,1,1,0,0,0,567,1,15,0
1990,26,1,2,0,0,0,637,1,40,0
1990,73,2,3,0,0,0,243,3,0,0
1990,73,2,0,0,0,1,0,0,0,0
1990,66,1,0,0,0,1,0,0,0,0
1990,61,2,0,0,0,1,0,0,0,0
1990,66,2,3,1,0,0,0,0,0,0
1990,37,2,1,1,0,0,443,3,25,0
1990,42,1,2,1,0,0,579,5,0,0
1990,35,2,2,0,0,1,313,5,40,0
1990,33,2,2,1,0,0,0,0,0,0
1990,69,1,0,0,0,1,14,5,40,1
1990,67,2,0,0,0,1,255,4,30,1
1990,77,1,0,0,0,1,59,5,25,1
1990,76,2,0,0,0,1,0,0,0,0
1990,43,1,0,0,0,1,23,5,45,1
1990,39,2,0,0,0,1,0,0,0,0
1990,61,2,3,1,0,0,0,0,0,0
1990,25,2,1,1,0,0,747,4,0,0
1990,18,1,1,0,0,1,579,4,60,0
1990,19,2,1,0,0,1,735,5,20,0
1990,39,2,2,1,0,1,748,5,20,0
1990,19,1,1,1,0,1,436,3,13,0
1990,18,2,1,0,0,1,435,3,20,0
1990,20,2,1,0,0,1,229,5,25,0
1990,28,1,0,0,0,1,269,4,40,0
1990,29,2,0,0,0,1,313,4,40,0
1990,27,1,0,0,0,1,17,3,45,0
1990,28,2,0,0,0,1,375,4,35,0
1990,20,1,1,0,0,0,423,6,42,0
1990,23,2,1,0,0,0,276,4,40,0
1990,78,2,3,0,0,1,0,0,0,1
1990,67,1,1,0,0,0,0,0,0,0
1990,46,1,0,1,0,1,628,1,40,1
1990,44,2,0,1,0,0,313,5,40,0
1990,20,2,1,1,0,1,274,3,13,0
1990,47,1,0,0,0,0,414,6,40,0
1990,50,2,0,0,0,1,389,4,0,0
1990,52,1,0,0,0,1,185,5,50,1
1990,41,2,0,0,0,1,337,0,40,0
1990,19,2,1,0,0,0,267,3,20,0
1990,63,1,0,0,0,1,53,0,55,1
1990,63,2,0,0,0,1,157,5,40,0
1990,35,2,2,0,0,1,338,5,40,0
1990,39,1,2,0,0,0,889,3,15,0
1990,58,1,0,0,0,0,575,0,40,0
1990,55,2,0,0,0,0,375,4,40,0
1990,18,2,1,0,0,0,686,3,0,0
1990,49,1,0,0,0,1,503,1,45,1
1990,43,2,0,0,0,0,229,3,45,0
1990,22,2,1,0,2,0,276,3,25,0
1990,19,1,1,0,0,0,585,0,40,0
1990,35,2,1,0,0,1,337,3,50,0
1990,40,1,0,0,0,1,53,5,55,1
1990,39,2,0,0,0,1,156,5,40,0
1990,41,1,1,0,0,0,22,0,50,0
1990,45,1,0,1,0,1,869,0,70,0
1990,33,2,0,1,0,1,276,3,35,0
1990,23,2,2,0,0,1,445,5,42,0
1990,74,2,3,0,0,1,0,0,0,0
1990,42,1,0,0,0,1,779,1,42,0
1990,36,2,0,0,0,0,337,3,0,0
1990,18,1,1,0,0,0,479,0,0,0
1990,38,2,2,1,0,0,909,6,0,0
1990,20,1,1,1,0,0,889,3,40,0
1990,31,2,1,1,0,0,447,5,0,0
1990,69,1,3,1,0,0,869,0,0,0
1990,35,1,0,1,0,1,783,1,40,0
1990,30,2,0,1,0,1,25,4,40,0
1990,20,2,1,1,0,1,435,3,30,0
1990,21,2,1,1,0,0,0,0,0,0
1990,71,1,0,0,0,0,0,0,0,0
1990,68,2,0,0,0,0,0,0,0,0
1990,38,1,1,0,0,1,243,3,0,0
1990,38,1,0,0,0,1,22,0,40,0
1990,35,2,0,0,0,1,155,5,0,0
1990,36,2,1,0,0,1,25,5,40,0
1990,53,2,2,0,0,0,22,5,40,0
1990,18,1,1,1,0,1,443,3,15,0
1990,18,1,1,1,0,1,877,1,40,0
1990,40,1,2,1,0,1,14,5,40,0
1990,25,2,2,0,0,1,426,5,40,0
1990,59,1,0,0,0,0,628,1,38,1
1990,58,2,0,0,0,1,0,0,0,0
1990,32,1,0,0,0,1,378,4,40,0
1990,30,2,0,0,0,1,157,5,30,0
1990,28,1,0,0,0,1,779,1,40,0
1990,29,2,0,0,0,1,466,5,20,0
1990,25,1,0,0,0,0,804,3,40,0
1990,24,2,0,0,0,0,326,4,40,0
1990,49,2,1,1,0,1,433,6,40,0
1990,27,1,1,1,0,0,424,6,42,0
1990,66,2,3,1,0,0,0,0,0,0
1990,25,1,1,1,0,0,426,4,10,0
1990,33,1,0,0,0,0,783,0,40,0
1990,43,2,0,0,0,0,276,3,50,0
1990,62,1,0,0,0,0,518,3,0,0
1990,56,2,0,0,0,0,316,5,20,0
1990,29,1,1,0,0,0,643,0,75,0
1990,39,1,0,0,0,1,84,5,70,1
1990,39,2,0,0,0,1,0,0,0,0
1990,64,1,0,0,0,1,243,3,0,0
1990,64,2,0,0,0,0,889,3,0,0
1990,20,1,0,0,0,0,253,4,40,0
1990,20,2,0,0,0,0,373,3,40,0
1990,47,1,0,0,0,0,423,6,30,0
1990,42,2,0,0,0,1,156,5,40,0
1990,39,1,0,0,0,1,614,0,30,0
1990,38,2,0,0,0,1,0,0,0,0
1990,38,1,0,0,0,1,48,1,40,1
1990,35,2,0,0,0,1,274,3,0,0
1990,36,1,0,1,0,1,0,0,0,0
1990,34,2,0,1,0,1,276,5,40,0
1990,48,1,0,0,0,1,235,1,42,0
1990,38,2,0,0,0,1,678,5,30,0
1990,18,1,1,0,0,0,356,3,30,0
1990,69,2,1,0,0,0,0,0,0,0
1990,27,1,0,0,0,0,885,3,50,0
1990,22,2,0,0,0,0,435,3,40,0
1990,68,2,3,0,0,0,0,0,0,0
1990,47,1,0,0,0,0,243,3,48,0
1990,41,2,0,0,0,0,243,3,40,0
1990,54,1,0,0,0,1,254,4,50,0
1990,57,2,0,0,0,1,195,1,40,0
1990,31,1,0,1,0,0,869,0,40,0
1990,32,2,0,1,0,1,436,5,40,0
1990,31,1,1,1,0,0,808,5,35,1
1990,54,2,2,0,0,0,446,5,40,0
1990,30,1,0,0,0,0,849,2,60,0
1990,31,2,0,0,0,0,0,0,0,0
1990,48,1,0,0,0,0,575,1,40,0
1990,48,2,0,0,0,0,0,0,0,0
1990,18,1,0,0,0,0,0,0,0,0
1990,24,1,1,1,0,0,804,2,55,0
1990,63,1,0,0,0,1,22,5,0,0
1990,56,2,0,0,0,1,0,0,0,0
1990,42,1,0,0,0,0,779,1,55,0
1990,40,2,0,0,0,0,458,4,40,0
1990,41,1,0,0,0,0,29,3,60,0
1990,38,2,0,0,0,0,0,0,0,0
1990,26,1,0,0,0,0,869,3,35,0
1990,25,2,0,0,0,0,469,3,40,0
1990,47,2,3,1,0,0,0,0,0,0
1990,22,1,1,1,0,0,0,0,0,0
1990,18,2,1,1,0,0,308,5,40,0
1990,39,2,3,1,0,0,447,5,40,0
1990,41,1,0,1,0,1,628,1,72,0
1990,31,2,0,1,0,1,155,5,37,0
1990,70,1,0,0,0,0,0,0,0,0
1990,67,2,0,0,0,0,0,0,0,0
1990,33,1,0,0,0,0,869,0,60,0
1990,47,2,0,0,0,0,18,4,0,0
1990,18,2,1,0,0,1,274,3,40,0
1990,32,2,2,0,0,0,308,2,30,0
1990,56,1,0,0,0,0,453,2,40,0
1990,53,2,0,0,0,0,458,4,75,0
1990,18,2,1,0,0,0,276,3,15,0
1990,44,1,0,0,0,0,849,1,50,0
1990,37,2,0,0,0,0,455,4,40,0
1990,18,2,1,0,0,0,435,3,0,0
1990,54,1,0,0,0,0,628,1,40,0
1990,53,2,0,0,0,0,274,3,30,0
1990,73,1,0,0,0,1,0,0,0,0
1990,75,2,0,0,0,1,0,0,0,0
1990,23,1,1,0,0,1,257,1,20,0
1990,44,1,0,0,0,1,176,5,60,0
1990,45,2,0,0,0,1,447,5,34,0
1990,30,1,0,0,0,0,783,1,55,0
1990,26,2,0,0,0,0,316,4,40,0
1990,34,1,0,1,0,1,453,4,30,0
1990,35,2,0,1,0,1,25,6,40,0
1990,68,2,3,0,0,0,468,4,40,0
1990,31,1,1,0,0,0,653,4,40,0
1990,23,1,1,0,0,0,567,0,40,0
1990,31,1,0,0,0,0,505,4,65,0
1990,32,2,0,0,0,1,22,5,40,0
1990,29,1,1,0,0,1,22,1,45,0
1990,26,2,1,0,0,1,22,2,45,0
1990,53,1,0,0,0,0,243,3,40,0
1990,35,2,0,0,0,0,276,3,36,0
1990,21,1,1,0,0,0,534,0,15,0
1990,72,1,0,0,0,0,243,3,20,0
1990,58,2,0,0,0,0,449,3,20,0
1990,47,1,0,0,0,1,547,4,40,0
1990,43,2,0,0,0,0,808,2,15,0
1990,21,1,1,0,0,0,883,2,40,0
1990,18,2,1,0,0,0,276,3,20,0
1990,19,1,1,1,0,1,387,5,40,0
1990,66,2,3,1,0,1,156,5,40,0
1990,54,2,3,1,0,0,0,0,0,0
1990,18,2,1,0,0,1,466,5,45,0
1990,20,1,1,0,0,1,443,3,0,0
1990,36,1,3,1,0,1,458,4,18,0
1990,30,2,3,1,0,0,0,0,0,0
1990,35,1,0,0,0,0,844,0,70,0
1990,32,2,0,0,0,0,276,3,36,0
1990,34,1,2,0,0,1,577,2,50,0
1990,35,2,3,1,0,0,0,0,0,0
1990,39,1,1,0,0,0,518,1,40,0
1990,40,1,0,0,0,0,869,0,72,0
1990,37,2,0,0,0,0,877,3,40,0
1990,44,1,0,1,0,1,424,6,40,0
1990,34,2,0,1,0,0,447,5,0,0
1990,72,1,0,0,0,0,0,0,0,0
1990,79,2,0,0,0,0,0,0,0,0
1990,55,1,1,1,0,0,0,0,0,0
1990,64,2,3,1,0,0,0,0,0,0
1990,40,1,2,0,1,0,876,1,0,0
1990,33,1,0,0,0,0,243,3,60,0
1990,32,2,0,0,0,0,243,3,40,0
1990,53,2,3,1,0,0,0,0,0,0
1990,30,2,1,1,0,1,156,5,40,0
1990,22,2,1,1,0,1,0,0,0,0
1990,55,2,0,1,0,0,0,0,0,0
1990,55,1,0,1,0,0,496,1,50,0
1990,32,2,1,0,0,1,435,4,40,0
1990,40,1,2,0,0,0,0,0,0,0
1990,68,1,0,0,0,0,844,0,0,0
1990,56,2,0,0,0,0,253,4,8,0
1990,42,2,3,1,0,0,0,0,0,0
1990,18,2,1,1,0,0,0,0,0,0
1990,21,2,1,1,0,0,313,5,40,0
1990,23,1,1,1,0,0,518,3,40,0
1990,55,1,0,0,0,0,0,0,0,0
1990,52,2,0,0,0,1,276,3,35,0
1990,41,1,0,0,0,1,22,1,45,1
1990,40,2,0,0,0,0,0,0,0,0
1990,58,1,0,0,0,1,178,5,30,0
1990,55,2,0,0,0,1,174,5,40,0
1990,60,1,1,0,0,0,505,3,45,0
1990,45,1,0,0,0,0,518,1,40,0
1990,42,2,0,0,0,0,769,1,40,0
1990,34,1,0,0,0,0,579,0,40,0
1990,38,2,0,0,0,0,0,0,0,0
1990,46,1,2,0,0,0,224,1,40,1
1990,65,2,3,0,0,0,17,3,40,0
1990,55,1,0,0,0,0,558,0,0,0
1990,53,2,0,0,0,0,313,4,18,0
1990,45,1,0,0,0,0,844,0,40,0
1990,47,2,0,0,0,0,465,5,40,0
1990,41,2,2,0,0,1,159,5,40,0
1990,64,1,0,0,0,0,259,1,50,0
1990,66,2,0,0,0,1,0,0,0,0
1990,37,2,3,0,0,0,313,5,40,0
1990,20,1,1,0,0,0,614,0,84,0
1990,19,1,1,0,0,0,0,0,0,0
1990,61,2,2,0,0,0,447,5,60,0
1990,51,1,0,0,0,1,6,6,40,0
1990,55,2,0,0,0,0,194,5,32,0
1990,19,2,1,0,0,1,435,3,0,0
1990,22,2,1,3,0,0,433,3,99,0
1990,30,1,1,0,0,0,567,0,99,0
1990,59,2,3,1,0,0,468,5,99,0
1990,38,1,2,1,0,0,0,0,0,0
1990,36,2,2,1,0,0,447,5,0,0
1990,34,1,2,1,0,0,0,0,0,0
1990,31,2,1,1,0,0,453,5,11,0
1990,34,1,0,0,0,1,274,3,50,0
1990,33,2,0,0,0,0,313,5,40,0
1990,34,1,0,0,0,0,503,4,0,0
1990,34,2,0,0,0,0,308,6,40,0
1990,49,2,1,1,0,0,436,3,28,0
1990,48,1,0,1,0,1,448,1,12,0
1990,47,2,0,1,0,1,95,5,40,0
1990,22,1,1,1,0,1,0,0,0,0
1990,56,1,0,1,0,0,464,2,40,0
1990,39,2,0,1,0,0,453,4,40,0
1990,51,2,3,1,0,1,436,3,0,0
1990,21,2,0,1,0,1,436,3,40,0
1990,19,1,0,1,0,0,426,4,50,0
1990,28,1,0,0,0,1,696,1,40,0
1990,30,2,0,0,0,1,217,0,40,0
1990,23,1,0,0,0,0,866,0,40,0
1990,24,2,0,0,0,0,436,3,40,0
1990,40,1,0,0,0,1,558,1,55,0
1990,36,2,0,0,0,0,156,5,0,0
1990,35,1,0,1,0,1,5,6,40,0
1990,33,2,0,1,0,1,0,0,0,0
1990,35,1,0,0,0,0,637,3,40,0
1990,33,2,0,0,0,0,375,4,40,0
1990,38,1,3,0,0,1,22,3,70,0
1990,33,1,0,0,0,0,804,3,60,0
1990,32,2,0,0,0,1,265,3,40,0
1990,40,2,0,0,0,0,313,0,40,0
1990,28,1,0,0,0,0,804,2,40,0
1990,52,1,0,1,0,0,804,2,40,0
1990,46,2,0,1,0,0,97,5,30,0
1990,25,1,1,1,0,0,436,5,36,0
1990,24,2,3,1,0,0,436,3,8,0
1990,31,2,2,0,0,0,338,0,42,0
1990,77,1,3,0,0,0,0,0,0,0
1990,39,1,0,0,0,0,779,1,40,0
1990,36,2,0,0,0,0,7,4,40,0
1990,49,1,0,1,0,0,424,6,0,0
1990,47,2,0,1,0,0,785,1,40,0
1990,20,1,1,1,0,0,785,1,0,0
1990,18,1,1,1,0,0,0,0,0,0
1990,26,1,1,1,0,0,486,0,80,0
1990,39,1,0,0,0,1,23,1,80,0
1990,38,2,0,0,0,1,159,5,40,0
1990,31,1,0,0,0,0,874,4,40,0
1990,25,2,0,0,0,0,0,0,0,0
1990,27,1,1,0,0,0,804,3,30,0
1990,26,2,2,0,0,0,313,3,40,0
1990,56,1,1,0,0,0,0,0,0,0
1990,74,2,0,1,0,1,0,0,0,0
1990,69,1,0,1,0,0,0,0,0,0
1990,37,1,3,1,0,0,849,0,40,0
1990,27,2,1,1,0,0,444,5,36,0
1990,57,2,3,0,0,0,0,0,0,0
1990,29,1,0,0,0,0,887,4,40,0
1990,32,2,0,0,0,0,276,3,0,0
1990,45,1,0,1,0,0,365,1,50,0
1990,45,2,0,1,0,0,0,0,0,0
1990,22,1,1,1,0,0,869,1,8,0
1990,20,2,1,1,0,0,0,0,0,0
1990,19,2,1,1,0,1,0,0,0,0
1990,52,1,0,1,0,0,849,1,40,0
1990,47,2,0,1,0,0,0,0,0,0
1990,45,1,0,1,0,0,779,1,70,0
1990,44,2,0,1,0,0,0,0,0,0
1990,20,1,1,1,0,1,0,0,0,0
1990,43,1,3,1,0,1,22,1,50,0
1990,41,2,3,1,0,1,156,5,0,0
1990,27,1,0,0,2,0,547,1,48,0
1990,26,2,0,0,0,1,156,5,40,0
1990,78,2,0,0,0,1,0,0,0,0
1990,39,2,3,1,0,0,799,3,14,0
1990,19,1,1,1,0,0,0,0,0,0
1990,42,1,0,0,0,1,25,4,43,0
1990,33,2,0,0,0,0,383,4,37,0
1990,47,2,3,0,0,0,95,1,40,0
1990,68,2,3,1,0,0,0,0,0,0
1990,27,2,3,1,0,0,0,0,0,0
1990,70,1,0,0,0,0,883,3,29,0
1990,60,2,0,0,0,1,0,0,0,0
1990,42,1,0,0,0,0,26,0,40,0
1990,38,2,0,0,0,0,0,0,0,0
1990,72,2,3,0,0,0,0,0,0,0
1990,49,1,0,1,0,0,865,0,65,0
1990,46,2,0,1,0,0,453,5,30,0
1990,29,1,1,1,0,0,418,6,40,0
1990,51,1,0,0,0,1,363,0,42,1
1990,45,2,0,0,0,1,156,5,35,0
1990,18,2,1,0,0,1,313,0,20,0
1990,38,1,0,0,0,0,614,0,88,0
1990,38,2,0,0,0,1,157,5,40,0
1990,56,2,3,0,0,0,0,0,0,0
1990,44,1,0,0,0,0,828,0,15,0
1990,33,2,0,0,0,0,0,0,0,0
1990,49,2,3,0,0,1,337,1,25,0
1990,22,2,1,0,0,1,225,5,40,0
1990,19,2,1,0,0,1,235,5,40,0
1990,33,2,2,0,0,0,337,2,30,0
1990,45,1,0,0,0,0,849,0,55,0
1990,40,2,0,0,0,0,0,0,0,0
1990,35,1,0,0,0,1,178,5,68,0
1990,29,2,0,0,0,1,14,5,40,0
1990,43,2,3,1,0,0,0,0,0,0
1990,19,2,1,1,0,0,0,0,0,0
1990,42,1,0,0,0,0,22,0,40,0
1990,23,2,0,0,0,1,446,5,40,0
1990,22,2,1,0,0,0,435,3,60,0
1990,62,1,0,1,0,0,0,0,0,0
1990,62,2,0,1,0,0,0,0,0,0
1990,24,1,1,1,0,1,174,6,40,0
1990,32,1,0,0,0,0,777,1,40,0
1990,28,2,0,0,0,0,243,3,0,0
1990,53,2,3,0,0,0,0,0,0,0
1990,34,1,3,0,0,0,593,0,40,0
1990,36,2,3,0,0,0,0,0,0,0
1990,18,1,1,0,0,0,777,1,40,0
1990,42,1,0,0,0,0,518,1,40,0
1990,40,2,0,0,0,1,25,4,35,0
1990,58,1,0,0,0,0,613,0,0,0
1990,57,2,0,0,0,0,0,0,0,0
1990,22,2,1,0,0,1,276,3,20,0
1990,49,2,3,0,0,0,0,0,0,0
1990,20,2,1,0,0,0,0,0,0,0
1990,25,1,0,0,0,0,498,0,28,0
1990,26,2,0,0,0,0,436,3,0,0
1990,55,1,0,0,0,0,0,0,0,0
1990,57,2,0,0,0,0,0,0,0,0
1990,28,1,2,0,0,0,829,2,0,0
1990,18,1,1,0,0,0,498,0,40,0
1990,29,2,1,0,0,0,313,5,40,0
1990,52,1,0,0,0,0,828,0,40,1
1990,51,2,0,0,0,0,0,0,0,0
1990,30,1,0,0,0,0,617,0,12,0
1990,30,2,0,0,0,0,319,5,30,0
1990,30,1,0,0,0,0,176,5,40,0
1990,29,2,0,0,0,0,276,3,0,0
1990,52,1,0,0,0,0,527,2,40,0
1990,48,2,0,0,0,1,0,0,0,0
1990,24,1,0,3,0,0,243,3,40,0
1990,25,2,0,0,0,0,0,0,0,0
1990,69,1,0,0,0,1,529,2,35,0
1990,70,2,0,0,0,0,0,0,0,0
1990,60,1,0,0,0,0,514,4,40,0
1990,31,2,0,0,0,0,436,3,42,0
1990,31,1,3,0,0,0,389,2,40,0
1990,75,1,0,1,0,0,0,0,0,0
1990,59,2,0,1,0,0,889,1,0,0
1990,23,1,1,1,0,0,579,0,80,0
1990,80,2,3,0,0,0,0,0,0,0
1990,28,1,0,0,0,1,54,6,40,0
1990,28,2,0,0,0,1,383,4,0,0
1990,27,1,1,0,0,0,447,4,70,0
1990,27,2,2,0,0,1,276,3,32,0
1990,73,2,1,0,0,1,0,0,0,0
1990,45,2,0,0,0,1,255,4,28,0
1990,42,1,0,0,0,1,783,4,45,0
1990,46,2,3,0,0,0,808,5,35,0
1990,23,1,1,0,0,0,829,2,20,0
1990,18,2,1,0,0,0,274,3,20,0
1990,70,1,0,0,0,0,0,0,0,0
1990,65,2,0,0,0,0,447,5,40,0
1990,35,1,0,0,0,0,319,0,40,0
1990,29,2,0,0,0,0,796,0,40,0
1990,61,1,1,0,0,0,0,0,0,0
1990,35,2,1,3,0,0,0,0,0,0
1990,35,1,1,1,0,1,883,3,12,0
1990,67,2,0,0,1,0,276,5,30,0
1990,70,1,0,0,1,0,194,5,35,0
1990,46,1,3,0,1,0,199,5,69,0
1990,23,2,0,1,0,0,449,4,30,0
1990,23,1,0,1,0,0,436,3,28,0
1990,27,2,1,1,0,1,446,5,40,0
1990,57,2,2,1,0,0,8,3,24,0
1990,63,2,3,1,0,0,95,5,40,0
1990,36,2,1,1,0,0,0,0,0,0
1990,18,2,1,1,0,0,0,0,0,0
1990,35,1,0,0,0,0,22,1,40,0
1990,33,2,0,0,0,0,337,2,37,0
1990,72,1,3,0,0,0,0,0,0,0
1990,31,2,1,0,0,1,447,5,32,0
1990,50,2,2,0,0,0,386,1,37,0
1990,29,1,1,0,0,0,804,3,70,0
1990,35,1,0,0,0,0,379,4,40,0
1990,32,2,0,0,0,0,436,5,0,0
1990,54,1,0,0,0,0,426,4,40,0
1990,53,2,0,0,0,0,383,4,40,0
1990,39,1,0,1,0,1,808,5,40,0
1990,42,2,0,1,0,1,313,6,27,0
1990,22,2,1,1,0,0,0,0,0,0
1990,46,1,2,1,0,1,156,5,80,0
1990,30,1,0,3,3,0,385,3,40,0
1990,25,2,0,3,3,0,599,0,40,0
1990,48,1,0,0,0,1,628,1,40,1
1990,44,2,0,0,0,1,156,5,35,0
1990,71,1,2,1,0,1,0,0,0,0
1990,35,2,3,0,0,1,436,3,0,0
1990,77,1,0,1,0,1,176,5,25,0
1990,64,2,0,1,0,1,0,0,0,0
1990,46,1,0,1,0,0,259,3,50,0
1990,47,2,0,1,0,1,365,3,25,0
1990,26,1,1,1,0,1,446,5,25,0
1990,20,1,1,1,0,1,0,0,0,0
1990,39,1,0,0,0,1,266,3,20,0
1990,33,2,0,0,0,1,313,5,8,0
1990,71,2,3,0,0,0,0,0,0,0
1990,32,2,3,0,0,0,23,3,40,0
1990,43,1,3,0,0,0,534,2,40,1
1990,34,1,1,0,0,1,203,5,40,0
1990,55,2,2,0,1,0,0,0,0,0
1990,26,2,1,0,1,1,203,3,40,0
1990,68,2,3,1,0,0,0,0,0,0
1990,70,2,3,0,0,0,0,0,0,0
1990,65,2,3,0,0,1,0,0,0,0
1990,29,2,1,0,0,1,274,3,40,0
1990,20,1,1,0,0,0,435,3,0,0
1990,31,1,0,0,0,1,313,4,50,0
1990,24,2,0,0,0,0,323,5,20,0
1990,33,2,2,1,0,0,466,5,20,0
1990,27,1,0,1,0,1,804,3,40,0
1990,25,2,0,1,0,1,313,4,40,0
1990,59,2,1,1,0,0,0,0,0,0
1990,18,2,1,1,0,1,313,6,40,0
1990,48,1,0,1,0,0,573,0,40,0
1990,47,2,0,1,0,0,0,0,0,0
1990,25,1,1,1,0,1,813,4,24,0
1990,21,2,1,1,0,1,235,5,16,0
1990,67,2,1,0,0,1,0,0,0,1
1990,37,1,1,0,0,1,487,0,0,0
1990,64,2,3,1,0,0,0,0,0,0
1990,56,1,2,0,0,1,84,5,50,1
1990,36,2,2,0,0,1,95,5,40,0
1990,74,1,3,0,0,0,0,0,0,0
1990,76,2,3,0,0,0,0,0,0,0
1990,79,2,1,0,0,0,0,0,0,0
1990,33,1,0,0,0,1,22,4,55,1
1990,34,2,0,0,0,1,156,5,35,0
1990,67,1,3,0,0,1,533,1,0,0
1990,51,1,0,0,0,1,809,2,40,0
1990,45,2,0,0,0,0,453,4,33,0
1990,20,1,1,0,0,0,423,6,28,0
1990,59,1,0,0,0,0,0,0,0,0
1990,55,2,0,0,1,0,0,0,0,0
1990,20,1,1,0,0,0,269,3,45,0
1990,19,1,1,0,0,0,436,3,40,0
1990,34,1,3,0,1,0,0,0,0,0
1990,62,1,0,0,0,1,258,3,45,0
1990,58,2,0,0,0,1,667,4,32,0
1990,26,1,1,0,0,0,17,3,25,0
1990,38,2,3,1,0,0,0,0,0,0
1990,18,1,1,1,0,0,0,0,0,0
1990,33,1,0,0,0,1,186,5,24,0
1990,36,2,0,0,0,1,314,5,40,0
1990,31,2,1,1,0,0,436,5,6,0
1990,50,2,1,1,0,0,0,0,0,0
1990,28,1,2,0,0,0,198,5,99,0
1990,47,1,0,0,0,1,64,4,60,1
1990,46,2,0,0,0,1,318,2,28,0
1990,21,2,1,0,0,1,427,5,40,0
1990,67,1,0,0,0,0,22,4,45,1
1990,66,2,0,0,0,0,0,0,0,0
1990,61,1,0,1,0,0,643,5,0,0
1990,59,2,0,1,0,1,156,5,35,0
1990,28,1,2,0,0,0,829,2,84,0
1990,20,2,3,0,0,1,0,0,0,0
1990,72,2,3,1,0,0,447,5,0,0
1990,34,1,1,1,0,1,378,3,44,0
1990,42,2,2,1,0,0,0,0,0,0
1990,33,1,3,1,0,1,426,4,40,0
1990,23,2,1,1,0,0,453,4,20,0
1990,38,1,3,0,0,1,903,6,50,1
1990,41,2,1,1,0,1,156,5,50,0
1990,19,2,1,1,0,1,315,5,25,0
1990,73,2,3,0,0,1,0,0,0,0
1990,63,1,0,0,0,1,628,2,40,1
1990,64,2,0,0,0,1,0,0,0,0
1990,35,2,1,0,0,1,406,4,4,0
1990,49,1,0,0,0,1,47,0,40,1
1990,43,2,0,0,0,1,254,4,50,1
1990,72,2,3,0,0,0,0,0,0,0
1990,51,1,2,0,0,1,22,2,45,1
1990,74,2,3,0,1,0,0,0,0,0
1990,24,2,1,1,0,0,378,4,14,0
1990,25,1,1,1,0,1,426,4,40,0
1990,56,1,0,0,0,0,628,3,50,0
1990,51,2,0,0,0,0,274,3,40,0
1990,51,1,3,0,0,1,828,2,8,0
1990,68,1,1,0,0,0,829,2,40,0
1990,50,1,2,0,0,0,829,2,20,0
1990,54,2,3,1,0,0,0,0,0,0
1990,52,2,3,1,0,0,426,4,40,0
1990,20,1,1,1,0,1,276,3,20,0
1990,38,1,0,1,0,0,27,4,60,0
1990,40,2,0,1,0,0,155,5,40,0
1990,68,2,3,1,0,0,0,0,0,0
1990,42,2,3,1,0,0,0,0,0,0
1990,35,1,1,0,0,1,105,5,45,0
1990,52,2,3,1,0,0,628,4,0,0
1990,26,2,1,1,0,0,446,5,52,0
1990,28,1,1,1,0,0,449,4,40,0
1990,29,1,1,1,0,0,417,6,0,0
1990,35,2,2,1,0,1,227,6,40,0
1990,39,1,2,1,0,0,783,1,0,0
1990,42,2,3,1,0,0,909,6,0,0
1990,21,2,1,1,0,0,0,0,0,0
1990,39,1,2,1,0,0,0,0,0,0
1990,31,2,1,1,0,1,156,5,40,0
1990,59,2,2,1,0,0,156,5,40,0
1990,29,1,1,1,0,0,579,0,40,0
1990,71,1,3,0,0,0,0,0,0,0
1990,59,2,2,1,0,1,156,5,40,0
1990,49,2,3,1,0,0,436,2,54,0
1990,27,1,3,1,0,0,909,6,0,0
1990,23,1,1,1,0,0,0,0,0,0
1990,22,1,1,1,0,0,444,3,0,0
1990,26,2,1,1,0,0,0,0,0,0
1990,19,1,1,0,0,1,796,1,40,0
1990,29,2,1,1,0,0,529,2,0,0
1990,38,2,1,1,0,0,447,5,0,0
1990,30,1,1,0,0,1,229,3,8,0
1990,26,1,0,0,0,1,178,5,60,1
1990,26,2,0,0,0,1,178,5,60,0
1990,79,2,3,1,0,0,0,0,0,0
1990,28,2,1,1,0,0,0,0,0,0
1990,28,2,2,1,0,0,449,4,30,0
1990,78,1,0,1,0,0,0,0,0,0
1990,77,2,0,1,0,0,0,0,0,0
1990,44,2,2,1,0,0,748,4,40,0
1990,28,1,1,1,0,0,0,0,0,0
1990,63,1,0,1,0,0,426,4,40,0
1990,39,2,0,1,0,0,0,0,0,0
1990,34,1,1,1,0,1,366,2,24,0
1990,20,2,1,1,0,0,315,5,22,0
1990,69,2,1,0,0,0,0,0,0,0
1990,21,1,1,1,0,1,426,4,50,0
1990,33,1,0,1,0,0,804,2,40,0
1990,58,2,0,1,0,0,0,0,0,0
1990,76,1,3,1,0,0,0,0,0,0
1990,35,1,3,1,0,0,859,2,32,0
1990,48,2,3,1,0,0,444,5,35,0
1990,34,2,0,0,1,1,185,4,40,0
1990,37,1,0,0,0,1,558,0,50,0
1990,74,1,0,0,0,1,84,5,18,1
1990,71,2,0,0,0,0,0,0,0,0
1990,62,2,3,1,0,0,407,4,24,0
1990,22,2,3,1,0,1,435,3,0,0
1990,35,2,1,1,0,0,0,0,0,0
1990,23,2,1,0,0,1,195,1,40,0
1990,19,1,1,1,0,0,436,4,40,0
1990,18,1,1,1,0,0,436,4,30,0
1990,42,1,0,1,0,1,307,2,40,0
1990,37,2,0,1,0,1,379,2,40,0
1990,19,1,1,1,0,1,0,0,0,0
1990,72,1,0,1,0,0,804,1,0,0
1990,66,2,0,1,0,0,0,0,0,0
1990,35,2,1,1,0,1,335,5,40,0
1990,33,2,2,0,0,1,435,3,35,0
1990,31,1,1,0,0,1,434,3,42,0
1990,72,2,3,1,0,0,0,0,0,0
1990,28,2,1,0,0,1,178,5,50,0
1990,45,2,0,1,0,1,156,5,40,0
1990,43,1,0,1,0,1,566,3,65,0
1990,20,2,1,1,0,1,276,3,0,0
1990,48,1,0,1,0,1,809,2,46,0
1990,45,2,0,1,0,1,156,5,40,0
1990,64,2,1,0,1,1,274,3,40,0
1990,68,2,3,0,1,0,0,0,0,0
1990,19,1,1,0,0,0,0,0,0,0
1990,74,2,3,0,0,0,0,0,0,0
1990,55,2,1,0,0,0,0,0,0,0
1990,35,1,1,0,0,1,243,3,70,0
1990,27,1,2,0,0,1,267,3,40,0
1990,35,1,0,0,0,1,197,5,40,0
1990,35,2,0,0,1,1,156,5,40,0
1990,31,1,2,0,0,1,435,3,45,0
1990,76,1,0,0,0,0,259,3,40,0
1990,76,2,0,0,0,0,0,0,0,0
1990,56,1,1,0,0,1,154,5,45,0
1990,52,1,0,0,0,1,154,5,40,1
1990,53,2,0,0,0,1,21,5,50,0
1990,45,1,0,1,0,0,0,0,0,0
1990,41,2,0,1,0,0,447,5,17,0
1990,22,1,1,1,0,0,447,5,0,0
1990,63,1,0,0,0,0,686,3,50,0
1990,61,2,0,0,0,1,0,0,0,0
1990,47,1,3,1,0,0,909,6,0,0
1990,19,2,1,1,0,1,0,0,0,0
1990,27,2,1,1,0,0,0,0,0,0
1990,22,1,1,0,0,1,154,5,15,0
1990,38,2,2,1,0,0,0,0,0,0
1990,20,1,1,1,0,0,0,0,0,0
1990,31,1,3,0,0,1,433,1,47,0
1990,58,2,3,1,0,0,0,0,0,0
1990,33,2,3,1,0,1,0,0,0,0
1990,37,1,1,1,0,0,505,4,40,0
1990,67,2,1,0,0,1,0,0,0,0
1990,70,1,1,0,0,0,0,0,0,0
1990,58,2,1,0,0,1,27,4,42,0
1990,61,1,0,0,0,1,22,4,40,0
1990,60,2,0,0,0,0,29,3,15,0
1990,24,2,1,0,0,1,156,5,0,0
1990,33,1,0,0,0,1,869,5,44,0
1990,32,2,0,0,0,0,274,3,40,0
1990,26,1,1,3,0,1,869,0,84,0
1990,20,1,1,3,0,0,434,3,30,0
1990,50,1,0,0,0,1,22,2,50,1
1990,43,2,0,0,0,1,0,0,0,0
1990,37,2,1,0,1,1,359,2,35,0
1990,52,2,3,0,0,1,337,1,0,0
1990,27,1,0,0,0,0,855,0,40,0
1990,22,2,0,0,0,0,313,4,0,0
1990,60,2,2,0,0,0,343,4,40,0
1990,23,1,1,0,0,1,462,5,30,0
1990,39,2,2,0,0,1,313,5,40,0
1990,56,1,0,0,0,1,14,5,50,1
1990,50,2,0,0,0,1,254,4,40,0
1990,44,1,0,0,0,1,253,4,40,1
1990,42,2,0,0,0,1,337,4,40,0
1990,37,1,0,0,0,1,243,3,40,0
1990,39,2,0,0,0,1,313,2,40,0
1990,76,1,0,0,0,0,0,0,0,0
1990,70,2,0,0,0,0,0,0,0,0
1990,58,2,2,0,0,0,0,0,0,0
1990,44,2,2,0,0,0,313,4,40,0
1990,28,2,2,0,0,1,17,3,0,0
1990,31,2,0,0,0,1,26,2,40,0
1990,32,1,0,0,0,1,828,2,55,0
1990,20,1,1,0,0,0,577,2,35,0
1990,20,2,1,0,0,1,276,3,35,0
1990,76,2,3,0,0,1,23,4,0,0
1990,34,1,0,0,3,1,869,0,50,0
1990,29,2,0,2,1,1,27,5,40,0
1990,34,2,3,2,0,1,257,2,40,0
1990,49,1,0,0,0,1,27,3,40,0
1990,48,2,0,0,0,1,29,3,40,0
1990,27,2,2,0,0,1,204,5,40,0
1990,21,1,1,0,0,1,434,0,20,0
1990,67,2,3,0,0,1,234,5,22,0
1990,80,1,0,0,0,0,0,0,0,0
1990,76,2,0,0,0,0,0,0,0,0
1990,63,1,0,0,0,1,613,0,40,1
1990,61,2,0,0,0,0,379,4,99,0
1990,38,2,1,0,0,0,55,2,40,0
1990,65,1,0,0,0,1,643,1,40,0
1990,62,2,0,0,0,0,5,6,40,1
1990,70,2,3,0,1,1,0,0,0,0
1990,76,2,3,0,0,0,0,0,0,0
1990,45,1,1,0,0,1,379,4,0,0
1990,43,1,1,0,0,0,498,0,10,0
1990,30,1,1,0,0,0,534,5,40,0
1990,27,2,1,0,0,1,95,5,30,0
1990,72,2,3,0,0,0,319,5,38,0
1990,40,1,0,0,0,1,417,6,84,0
1990,39,2,0,0,0,0,0,0,0,0
1990,32,1,0,0,0,1,47,0,45,1
1990,30,2,0,0,0,1,57,5,0,0
1990,49,1,1,0,0,1,426,1,40,0
1990,43,2,1,0,0,0,267,3,35,0
1990,34,1,0,0,0,0,856,3,55,0
1990,33,2,0,0,0,1,22,5,35,0
1990,50,1,0,0,0,1,779,1,55,1
1990,49,2,0,0,0,1,14,5,52,0
1990,24,1,1,0,0,0,779,1,40,0
1990,26,1,1,0,0,0,547,5,40,0
1990,27,1,1,0,0,0,779,5,40,0
1990,77,1,0,0,0,0,0,0,0,0
1990,72,2,0,0,0,0,0,0,0,0
1990,67,2,3,0,0,0,469,4,12,0
1990,76,1,0,0,0,0,417,6,40,0
1990,74,2,0,0,0,0,0,0,0,0
1990,45,1,2,0,0,1,433,3,50,0
1990,18,1,1,0,0,0,243,3,16,0
1990,75,2,3,0,0,0,0,0,0,0
1990,34,2,0,0,0,1,95,5,50,0
1990,38,1,0,0,0,1,783,0,40,0
1990,45,1,3,0,0,0,498,0,0,0
1990,19,2,1,0,0,0,276,3,40,0
1990,78,2,0,0,0,0,0,0,0,0
1990,61,1,0,0,0,1,5,6,8,1
1990,60,2,0,0,0,1,254,4,40,0
1990,28,1,1,0,0,1,178,5,60,0
1990,45,1,0,0,0,1,354,2,45,0
1990,44,2,0,0,0,1,23,5,40,0
1990,20,2,1,0,0,1,329,5,15,0
1990,18,1,1,0,0,1,329,5,10,0
1990,68,2,3,0,0,0,0,0,0,0
1990,65,1,3,1,0,0,563,0,0,0
1990,61,1,1,0,0,0,804,4,25,0
1990,53,1,0,0,0,1,243,3,70,1
1990,43,2,0,0,0,0,254,4,40,1
1990,39,1,0,0,0,1,243,3,50,1
1990,37,2,0,0,0,0,0,0,0,0
1990,23,1,1,0,0,1,48,1,40,0
1990,44,1,0,0,0,0,213,4,40,0
1990,42,2,0,0,0,0,185,3,40,0
1990,19,2,1,0,0,1,435,3,20,0
1990,53,1,0,2,1,0,534,1,40,0
1990,45,2,0,2,1,0,453,4,30,0
1990,22,2,1,2,0,1,276,3,32,0
1990,21,1,1,2,0,1,0,0,0,0
1990,38,1,0,0,0,1,64,4,40,0
1990,37,2,0,0,0,1,443,3,37,0
1990,34,2,2,1,0,0,365,2,40,0
1990,25,2,1,1,0,1,276,3,28,0
1990,28,1,1,1,0,1,567,0,0,0
1990,46,1,0,0,0,0,365,1,40,0
1990,22,2,0,0,0,1,315,4,0,0
1990,59,1,0,0,0,0,534,3,40,0
1990,53,2,0,0,0,0,0,0,0,0
1990,29,1,3,0,0,0,235,5,40,0
1990,38,1,2,0,0,0,259,3,50,0
1990,39,2,2,0,0,1,25,4,50,0
1990,57,1,0,0,2,1,22,0,50,1
1990,54,2,0,0,0,1,0,0,0,0
1990,28,2,1,0,0,1,22,0,40,0
1990,18,2,1,0,0,0,0,0,0,0
1990,62,2,3,0,0,0,337,3,38,0
1990,26,1,0,0,0,0,243,3,0,0
1990,22,2,0,0,0,0,337,3,40,0
1990,31,1,0,0,0,1,579,0,30,0
1990,28,2,0,0,0,1,156,5,75,0
1990,53,1,0,0,0,1,243,3,60,1
1990,49,2,0,0,0,1,376,3,25,0
1990,19,1,1,0,0,0,0,0,0,0
1990,29,1,0,0,0,0,637,2,20,0
1990,24,2,0,0,0,1,308,5,40,0
1990,26,1,1,0,0,1,24,4,40,0
1990,51,1,0,0,0,1,567,4,40,0
1990,44,2,0,0,0,0,503,4,44,0
1990,46,1,2,0,0,1,7,4,40,0
1990,19,1,1,0,0,1,379,1,20,0
1990,68,2,2,0,0,1,17,3,0,0
1990,40,1,1,0,0,1,0,0,0,0
1990,38,1,0,3,0,0,243,3,84,0
1990,32,2,0,1,0,1,379,3,72,0
1990,31,1,3,1,0,0,488,3,45,0
1990,32,2,1,1,0,0,434,3,0,0
1990,78,1,0,0,0,1,0,0,0,0
1990,77,2,0,0,0,1,0,0,0,0
1990,50,1,0,0,0,0,734,1,40,0
1990,62,2,0,0,0,0,0,0,0,0
1990,37,1,0,0,0,1,22,0,57,0
1990,33,2,0,0,0,0,22,5,0,0
1990,19,1,1,0,0,0,276,3,35,0
1990,50,1,1,1,0,0,0,0,0,0
1990,32,1,0,1,0,1,274,5,40,0
1990,31,2,0,1,0,0,303,2,40,0
1990,32,1,0,0,0,1,22,2,45,0
1990,30,2,0,0,0,1,313,4,44,0
1990,34,2,2,0,0,0,0,0,0,0
1990,34,1,2,0,0,0,783,0,60,0
1990,69,1,0,0,0,0,0,0,0,0
1990,68,2,0,0,0,0,0,0,0,0
1990,26,1,0,0,0,0,889,1,80,0
1990,33,2,0,0,0,0,5,6,40,0
1990,24,2,3,1,0,1,313,5,40,0
1990,64,2,3,0,0,0,436,6,32,0
1990,27,1,1,0,0,0,549,6,35,0
1990,40,2,1,0,0,1,329,6,35,0
1990,29,1,0,0,0,1,327,2,40,0
1990,25,2,0,0,0,1,319,5,42,0
1990,40,2,0,0,0,0,274,3,18,0
1990,41,1,0,0,0,1,414,6,60,0
1990,43,2,2,0,0,0,503,4,40,0
1990,37,1,0,1,0,0,507,2,40,0
1990,34,2,0,1,0,1,404,4,99,0
1990,24,1,1,0,0,0,453,4,40,0
1990,20,2,1,0,0,0,389,4,50,0
1990,33,2,2,1,0,1,17,3,42,0
1990,73,1,0,0,0,0,0,0,0,0
1990,68,2,0,0,0,0,0,0,0,0
1990,72,1,0,0,0,0,0,0,0,0
1990,70,2,0,0,0,0,0,0,0,0
1990,51,1,2,0,0,0,0,0,0,0
1990,40,2,1,1,0,0,435,3,0,0
1990,22,1,1,1,0,0,783,1,45,0
1990,19,2,1,1,0,0,0,0,0,0
1990,49,1,0,1,0,0,539,3,40,0
1990,44,2,0,1,0,1,175,5,35,0
1990,38,1,0,0,1,0,435,3,40,0
1990,35,2,0,0,4,0,777,1,32,0
1990,23,2,3,1,0,0,276,4,0,0
1990,38,1,0,0,0,1,174,6,40,0
1990,41,2,0,0,0,1,174,5,40,0
1990,44,1,0,0,0,0,448,3,40,0
1990,43,2,0,0,0,0,313,5,0,0
1990,64,2,3,0,0,0,0,0,0,0
1990,23,1,1,0,0,1,364,3,45,0
1990,62,2,3,0,0,0,0,0,0,0
1990,43,2,2,0,0,0,337,4,99,0
1990,57,1,0,1,0,1,579,1,40,0
1990,51,2,0,1,0,1,156,5,35,0
1990,29,2,2,1,0,1,156,5,35,0
1990,32,2,3,1,0,1,313,5,40,0
1990,31,1,1,0,0,1,575,1,40,0
1990,61,1,0,0,0,0,505,4,25,0
1990,57,2,0,0,0,0,869,0,18,0
1990,70,2,3,0,1,0,0,0,0,0
1990,73,2,3,1,0,0,0,0,0,0
1990,47,1,0,1,0,1,389,6,35,0
1990,45,2,0,1,0,1,156,5,40,0
1990,19,2,1,1,0,1,0,0,0,0
1990,48,1,0,0,0,0,828,2,42,0
1990,44,2,0,0,0,0,276,3,0,0
1990,28,2,1,0,0,0,453,5,25,0
1990,32,1,0,0,0,1,585,0,32,0
1990,30,2,0,0,0,1,379,3,30,0
1990,65,2,0,0,0,1,461,5,0,0
1990,64,1,0,0,0,1,194,5,12,0
1990,28,1,1,0,0,1,376,4,40,0
1990,30,1,0,1,0,0,804,2,40,0
1990,28,2,0,1,0,0,313,5,32,0
1990,39,1,0,3,3,1,498,0,40,0
1990,38,2,0,3,3,0,95,5,40,0
1990,24,2,2,0,0,0,0,0,0,0
1990,36,1,0,1,0,1,389,2,34,1
1990,36,2,0,1,0,0,379,4,40,0
1990,62,1,3,1,0,0,808,5,35,0
1990,39,2,3,1,0,0,243,3,40,0
1990,48,2,2,0,0,0,22,6,50,0
1990,22,2,1,0,0,1,385,6,40,0
1990,47,1,0,0,0,1,22,2,70,1
1990,40,2,0,0,0,1,95,5,43,0
1990,31,1,0,0,0,0,585,0,40,0
1990,26,2,0,0,0,0,14,5,40,0
1990,43,1,0,0,0,0,0,0,0,0
1990,43,2,0,0,0,1,337,3,40,0
1990,57,1,0,2,1,0,829,2,40,0
1990,37,2,0,2,1,0,0,0,0,0
1990,21,2,1,2,1,1,0,0,0,0
1990,20,2,1,2,1,1,0,0,0,0
1990,19,1,1,2,1,0,0,0,0,0
1990,31,1,0,0,0,0,22,2,70,0
1990,30,2,0,0,0,0,23,5,40,0
1990,41,2,2,0,0,0,0,0,0,0
1990,38,2,1,0,0,1,13,3,60,0
1990,52,1,0,0,0,1,783,2,40,1
1990,50,2,0,0,0,0,0,0,0,0
1990,19,2,0,0,0,1,0,0,0,0
1990,20,1,0,0,0,1,567,1,40,0
1990,77,2,3,0,0,0,0,0,0,0
1990,36,1,0,0,0,1,783,1,15,0
1990,35,2,0,0,0,1,95,5,40,0
1990,62,1,0,0,0,0,706,1,0,0
1990,37,2,0,0,1,0,0,0,0,0
1990,77,2,1,0,0,0,16,2,40,0
1990,76,1,0,0,0,0,0,0,0,0
1990,76,2,0,0,0,0,0,0,0,0
1990,33,1,2,0,0,0,643,0,40,0
1990,29,1,1,0,0,0,643,0,40,0
1990,27,1,0,0,0,0,225,0,84,0
1990,26,2,0,0,0,0,447,5,48,0
1990,51,1,0,0,2,0,498,0,40,1
1990,36,2,0,0,2,0,0,0,0,0
1990,53,2,0,0,0,0,22,2,40,0
1990,58,1,0,0,0,0,475,0,0,0
1990,60,2,2,0,0,0,0,0,0,0
1990,62,2,2,0,0,1,315,6,40,0
1990,47,1,0,0,0,0,505,4,45,0
1990,42,2,0,0,0,1,313,1,50,0
1990,61,1,0,0,0,0,507,2,40,0
1990,60,2,0,0,0,0,0,0,0,0
1990,35,1,0,0,0,1,763,1,40,0
1990,37,2,0,0,0,1,0,0,0,0
1990,54,1,0,0,0,0,259,3,40,0
1990,48,2,0,0,0,0,0,0,0,0
1990,24,2,1,0,0,1,276,3,27,0
1990,18,1,1,0,0,0,0,0,0,0
1990,33,2,3,0,0,1,376,4,40,0
1990,41,1,2,0,0,0,549,2,40,0
1990,19,1,1,0,0,0,535,1,40,0
1990,76,2,3,0,0,0,0,0,0,0
1990,65,1,0,0,0,0,259,3,12,0
1990,60,2,0,0,0,0,0,0,0,0
1990,24,2,2,0,0,1,315,3,37,0
1990,65,1,0,0,0,0,628,5,0,0
1990,62,2,0,0,0,0,0,0,0,0
1990,50,2,3,0,0,0,303,4,40,0
1990,23,1,1,0,0,1,0,0,0,0
1990,22,2,1,0,0,1,313,5,0,0
1990,28,1,0,0,0,0,876,2,0,1
1990,25,2,0,0,0,0,337,4,0,0
1990,53,2,3,2,1,0,0,0,0,0
1990,31,2,3,0,0,1,313,4,40,0
1990,50,1,1,2,1,0,535,3,40,0
1990,18,2,1,0,0,0,276,3,20,0
1990,25,1,2,0,0,0,853,0,40,0
1990,20,2,2,0,0,0,34,3,0,0
1990,79,2,3,0,0,0,0,0,0,0
1990,63,2,0,0,0,0,0,0,0,0
1990,33,1,1,0,0,0,505,4,40,0
1990,45,1,2,0,0,0,235,3,45,0
1990,35,2,2,0,0,1,337,1,20,0
1990,50,2,0,0,0,1,313,1,40,0
1990,55,1,0,0,0,1,668,4,40,1
1990,22,1,1,0,0,0,779,1,40,0
1990,50,2,3,0,0,0,447,5,35,0
1990,21,1,1,0,0,0,276,3,36,0
1990,33,1,0,1,0,1,327,2,50,0
1990,39,2,0,1,0,1,156,5,40,0
1990,36,2,0,0,0,0,8,3,45,0
1990,37,1,0,0,0,0,529,2,40,1
1990,31,1,0,0,0,1,22,1,45,0
1990,33,2,0,0,0,1,363,5,0,0
1990,68,1,0,0,0,1,22,1,0,1
1990,67,2,0,0,0,0,0,0,0,0
1990,60,1,0,0,0,1,195,1,37,0
1990,50,2,0,0,0,1,313,4,45,0
1990,75,2,3,0,0,1,0,0,0,0
1990,26,1,0,0,0,1,105,5,40,0
1990,25,2,0,0,0,0,337,5,10,0
1990,46,1,0,0,0,1,575,0,40,0
1990,46,2,0,0,0,0,0,0,0,0
1990,40,2,2,0,0,1,22,2,40,0
1990,31,1,0,0,0,1,518,5,40,0
1990,30,2,0,0,0,1,174,6,40,0
1990,42,1,0,0,0,1,178,5,40,1
1990,27,2,0,0,0,0,313,5,30,0
1990,40,2,2,0,0,1,15,5,30,0
1990,65,1,0,0,0,0,0,0,0,0
1990,67,2,0,0,0,0,0,0,0,0
1990,35,2,3,0,0,0,274,3,0,0
1990,36,1,0,0,0,0,824,0,84,0
1990,31,2,0,0,0,0,303,6,40,0
1990,39,1,0,0,0,1,243,3,65,0
1990,28,2,0,0,0,0,514,4,36,0
1990,18,1,1,0,0,1,208,5,28,0
1990,73,1,0,0,0,1,174,5,0,0
1990,71,2,0,0,0,0,0,0,0,0
1990,67,1,0,0,0,0,646,1,0,0
1990,69,2,0,0,0,0,877,1,0,0
1990,45,2,3,0,0,0,337,5,40,0
1990,55,1,2,0,0,0,453,0,40,0
1990,52,1,0,0,0,0,359,3,40,0
1990,51,2,0,0,0,0,389,6,35,0
1990,44,2,3,1,0,0,449,4,40,0
1990,60,1,0,0,0,1,26,5,99,1
1990,56,2,0,0,0,1,313,5,15,0
1990,22,1,1,0,0,1,22,3,70,0
1990,20,1,1,0,0,0,243,3,40,0
1990,67,2,3,0,0,0,379,6,38,0
1990,45,1,0,0,0,1,243,3,42,1
1990,42,2,0,0,0,1,0,0,0,0
1990,63,1,0,1,0,0,808,5,20,0
1990,50,2,0,0,0,1,17,5,0,0
1990,79,1,0,0,0,0,0,0,0,0
1990,23,2,1,2,0,0,435,3,0,0
1990,40,1,2,0,0,0,779,5,30,0
1990,78,1,3,0,0,0,0,0,0,0
1990,35,1,0,0,0,1,783,3,40,0
1990,30,2,0,0,0,1,18,4,5,0
1990,58,1,0,0,0,1,0,0,0,0
1990,58,2,0,0,0,1,156,5,40,0
1990,68,1,0,0,0,1,0,0,0,0
1990,76,2,0,0,0,0,0,0,0,0
1990,37,1,0,0,0,1,365,5,50,0
1990,35,2,0,0,0,1,337,5,46,0
1990,52,1,0,0,0,1,22,1,80,0
1990,51,2,0,0,0,1,337,1,10,0
1990,29,1,1,0,0,0,447,5,50,0
1990,34,1,0,0,0,1,777,1,40,0
1990,30,2,0,0,0,0,274,3,0,0
1990,56,2,2,0,0,0,453,5,0,0
1990,68,1,0,0,0,0,35,2,25,0
1990,65,2,0,0,0,1,0,0,0,0
1990,65,1,3,0,0,0,756,1,44,0
1990,40,1,0,0,0,1,188,5,80,0
1990,38,2,0,0,0,0,183,5,0,0
1990,18,1,1,3,3,0,175,4,80,0
1990,46,2,2,0,0,0,385,5,35,0
1990,18,1,1,0,0,0,435,3,15,0
1990,21,2,1,0,0,1,253,4,50,0
1990,37,2,0,0,0,1,128,5,45,0
1990,35,1,0,0,0,1,154,5,45,0
1990,70,2,3,0,0,0,0,0,0,0
1990,23,2,1,0,0,1,348,2,39,0
1990,24,2,1,0,0,0,754,1,40,0
1990,58,1,0,0,0,1,178,6,40,0
1990,51,2,0,0,0,0,0,0,0,0
1990,18,2,1,0,0,1,276,3,25,0
1990,64,1,0,0,0,0,486,5,40,0
1990,60,2,0,0,0,0,754,1,40,0
1990,39,1,0,0,0,1,804,2,50,0
1990,39,2,0,0,0,0,23,5,40,0
1990,62,2,3,0,2,0,909,6,0,0
1990,34,1,0,0,0,0,804,0,45,0
1990,33,2,0,0,0,1,156,5,25,0
1990,71,1,0,0,0,0,0,0,0,0
1990,68,2,0,0,0,0,0,0,0,0
1990,33,1,0,0,0,0,585,0,40,0
1990,31,2,0,0,0,0,319,5,16,0
1990,54,1,0,0,0,0,473,0,40,0
1990,49,2,0,0,0,0,0,0,0,0
1990,43,1,0,0,0,1,253,4,40,1
1990,45,2,0,0,0,0,206,5,20,0
1990,57,2,2,0,0,0,95,5,40,0
1990,42,1,0,0,0,1,549,5,40,0
1990,37,2,0,0,0,1,275,3,40,0
1990,36,1,3,0,0,1,567,0,50,0
1990,70,1,0,0,0,0,803,2,0,0
1990,57,2,0,0,0,0,374,3,0,0
1990,74,1,0,0,0,0,0,0,0,0
1990,70,2,0,0,0,0,0,0,0,0
1990,58,1,0,0,0,0,366,2,40,0
1990,55,2,0,0,0,0,274,3,0,0
1990,27,1,2,0,0,1,17,3,60,0
1990,27,1,0,0,0,0,785,1,40,0
1990,25,2,0,0,0,0,0,0,0,0
1990,80,2,1,0,0,0,0,0,0,0
1990,40,2,0,0,0,1,157,5,40,0
1990,42,1,0,0,0,1,259,3,40,0
1990,37,1,0,0,0,1,64,1,44,0
1990,38,2,0,0,0,0,447,5,20,0
1990,33,1,0,0,0,0,637,1,48,0
1990,32,2,0,0,0,1,799,1,20,0
1990,49,1,0,0,0,1,59,1,44,1
1990,50,2,0,0,0,1,0,0,0,0
1990,20,1,1,0,0,1,453,5,40,0
1990,18,1,1,0,0,1,486,5,30,0
1990,45,1,0,0,0,0,276,3,60,0
1990,49,2,0,0,0,0,276,3,27,0
1990,21,2,1,0,0,1,449,4,30,0
1990,18,1,1,0,0,0,276,3,26,0
1990,52,1,0,0,0,0,637,1,45,0
1990,52,2,0,0,0,0,313,5,52,0
1990,51,1,2,0,0,0,567,0,40,0
1990,26,2,1,0,0,1,405,4,20,0
1990,19,2,1,0,0,1,453,3,40,0
1990,50,2,2,0,0,0,313,5,40,0
1990,36,2,1,0,0,1,174,5,40,0
1990,41,1,0,0,0,1,217,1,40,0
1990,37,2,0,0,0,1,276,3,0,0
1990,49,1,0,0,0,1,243,3,60,0
1990,47,2,0,0,0,0,276,3,40,0
1990,77,1,0,0,0,1,0,0,0,0
1990,76,2,0,0,0,1,0,0,0,0
1990,77,2,0,0,0,1,0,0,0,0
1990,74,1,3,0,0,0,17,3,0,1
1990,28,1,0,0,0,1,319,5,40,0
1990,29,2,0,0,0,1,379,5,25,0
1990,76,1,0,0,0,1,0,0,0,0
1990,69,2,0,0,2,0,0,0,0,0
1990,38,1,1,0,0,1,22,4,50,1
1990,40,2,2,0,0,0,18,4,45,1
1990,34,1,0,0,0,1,22,1,42,0
1990,36,2,0,0,0,1,276,3,0,0
1990,58,2,2,0,0,1,105,5,48,0
1990,61,1,2,0,0,0,0,0,0,0
1990,72,2,0,0,0,0,0,0,0,0
1990,78,1,0,0,0,0,0,0,0,0
1990,32,2,1,0,0,0,313,5,40,0
1990,30,2,2,0,0,1,379,3,40,0
1990,59,2,3,0,0,1,17,4,40,0
1990,20,1,1,0,0,0,426,3,40,0
1990,42,1,0,1,0,1,64,1,40,0
1990,39,2,0,0,0,1,466,5,55,0
1990,76,2,3,0,0,0,0,0,0,0
1990,53,1,0,0,0,0,734,1,37,0
1990,53,2,0,0,0,0,363,1,40,0
1990,26,2,1,0,0,1,446,5,37,0
1990,29,2,1,0,0,1,313,0,40,0
1990,54,2,3,0,0,0,206,5,40,0
1990,25,1,1,0,0,0,514,4,56,0
1990,22,1,1,0,0,0,208,2,40,0
1990,34,1,0,0,0,1,785,1,45,0
1990,30,2,0,0,0,1,446,5,35,0
1990,57,1,0,0,0,1,354,2,0,0
1990,57,2,0,0,0,0,234,5,8,0
1990,24,1,1,0,0,1,505,4,40,0
1990,41,1,0,0,0,0,558,1,50,0
1990,40,2,0,0,0,1,207,5,24,0
1990,18,2,1,0,0,0,274,3,20,0
1990,75,2,2,0,0,0,0,0,0,0
1990,73,2,3,0,0,0,0,0,0,0
1990,28,1,0,0,0,1,567,3,50,0
1990,27,2,0,0,0,1,337,3,40,0
1990,53,2,1,0,0,1,177,5,40,0
1990,78,1,0,0,0,0,0,0,0,0
1990,78,2,0,0,0,1,0,0,0,0
1990,37,2,3,0,0,0,0,0,0,0
1990,48,1,0,0,0,0,33,1,46,0
1990,45,2,0,0,0,1,156,5,30,0
1990,21,2,1,0,0,1,438,3,15,0
1990,19,1,1,0,0,1,883,5,10,0
1990,45,1,2,1,0,1,22,2,80,1
1990,38,1,1,0,0,0,354,2,40,0
1990,48,1,0,0,0,0,804,2,50,0
1990,42,2,0,0,0,1,163,5,35,0
1990,64,1,0,0,0,0,448,2,40,0
1990,65,2,0,0,0,1,0,0,0,0
1990,31,1,0,0,0,0,883,2,60,0
1990,30,2,0,0,0,0,379,3,40,0
1990,73,2,3,0,0,0,0,0,0,0
1990,42,1,0,0,2,1,43,5,40,0
1990,38,2,0,0,0,1,0,0,0,0
1990,36,2,1,0,0,1,327,2,40,0
1990,30,2,1,0,0,1,256,4,40,0
1990,80,1,3,2,0,0,0,0,0,0
1990,64,2,3,0,0,0,0,0,0,0
1990,36,2,2,2,0,0,276,3,40,0
1990,32,1,1,2,0,0,37,3,40,0
1990,77,2,1,0,0,1,313,5,40,0
1990,23,1,0,1,0,1,424,6,40,0
1990,24,2,0,0,0,1,387,5,37,0
1990,71,2,2,0,0,0,0,0,0,0
1990,23,2,0,1,0,0,0,0,0,0
1990,23,1,0,1,0,0,253,4,40,0
1990,22,2,1,0,0,1,443,5,10,0
1990,33,1,0,1,0,0,709,1,40,0
1990,30,2,0,1,0,1,303,5,55,0
1990,37,1,0,1,0,1,389,6,40,0
1990,36,2,0,0,0,1,308,3,30,0
1990,70,2,3,1,0,0,0,0,0,0
1990,30,2,1,1,0,0,0,0,0,0
1990,55,1,1,0,0,1,23,6,45,1
1990,45,2,2,1,0,0,174,5,25,0
1990,22,1,1,1,0,0,683,1,40,0
1990,33,1,0,0,0,1,22,1,40,0
1990,27,2,0,0,0,1,259,1,40,0
1990,19,2,1,0,0,1,276,3,20,0
1990,55,1,1,0,0,0,457,4,36,0
1990,52,2,1,0,0,0,276,3,0,0
1990,33,2,2,0,0,1,95,5,32,0
1990,74,2,3,0,0,0,0,0,0,0
1990,43,1,0,0,0,1,719,1,24,0
1990,44,2,0,0,0,0,376,4,20,0
1990,18,1,1,0,0,1,755,1,24,0
1990,51,1,0,0,0,1,7,4,40,0
1990,50,2,0,0,0,0,22,5,45,0
1990,27,1,1,0,0,1,243,3,35,0
1990,63,1,0,0,0,1,53,5,20,1
1990,59,2,0,0,0,1,387,5,30,0
1990,22,1,1,0,0,1,376,2,40,0
1990,59,1,0,0,0,0,268,3,0,0
1990,49,2,0,0,0,0,268,3,0,0
1990,22,2,1,0,0,1,22,4,40,0
1990,48,2,1,1,0,0,636,1,40,0
1990,23,2,1,1,0,1,235,4,53,0
1990,22,1,1,1,0,1,255,4,32,0
1990,43,2,1,1,0,0,0,0,0,0
1990,70,2,0,3,0,0,0,0,0,0
1990,71,2,1,0,0,0,0,0,0,0
1990,55,1,3,2,0,0,22,3,85,0
1990,34,2,2,2,0,1,313,4,0,0
1990,21,1,1,1,0,0,779,1,40,0
1990,49,1,1,0,0,0,243,3,0,0
1990,28,1,2,0,0,0,796,1,48,0
1990,38,1,0,0,0,1,15,5,48,0
1990,36,2,0,0,0,0,436,5,25,0
1990,25,2,1,0,0,1,199,4,43,0
1990,27,2,1,0,0,0,0,0,0,0
1990,73,1,3,0,0,1,277,3,60,0
1990,36,1,2,0,0,0,243,3,40,0
1990,29,1,1,0,0,1,257,1,42,0
1990,29,2,1,0,0,1,156,5,35,0
1990,47,1,0,0,0,1,274,3,40,0
1990,48,2,0,0,0,1,156,5,40,0
1990,43,1,0,0,0,1,226,1,70,1
1990,43,2,0,0,0,1,95,5,45,0
1990,33,1,0,0,0,0,869,0,40,0
1990,30,2,0,0,0,0,243,3,40,0
1990,48,2,2,0,0,1,308,1,45,0
1990,79,2,3,0,0,0,0,0,0,0
1990,58,2,3,0,0,1,156,5,40,0
1990,38,1,2,0,0,1,348,1,40,0
1990,40,2,2,0,0,1,348,4,40,0
1990,19,2,1,0,0,0,319,5,40,0
1990,18,1,1,0,0,0,308,1,0,0
1990,46,2,2,0,0,1,95,5,48,0
1990,20,2,1,0,0,0,313,3,40,0
1990,69,1,0,0,0,0,0,0,0,0
1990,69,2,0,0,0,0,0,0,0,0
1990,32,2,1,0,0,1,243,3,40,0
1990,37,2,2,0,0,0,779,1,60,0
1990,39,1,1,0,0,1,889,3,44,0
1990,33,1,1,0,0,0,796,1,40,0
1990,38,1,0,0,0,1,179,6,50,1
1990,35,2,0,0,0,1,254,4,30,0
1990,79,1,0,0,0,0,0,0,0,0
1990,80,2,0,0,0,0,0,0,0,0
1990,38,1,0,0,2,0,687,3,40,0
1990,39,2,0,0,2,0,779,1,40,0
1990,39,1,0,0,0,1,22,4,40,0
1990,35,2,0,0,4,1,466,5,0,0
1990,57,1,0,0,0,0,383,4,40,0
1990,56,2,0,0,0,0,14,5,35,0
1990,63,1,0,0,0,0,364,2,0,0
1990,61,2,0,0,0,0,0,0,0,0
1990,21,2,1,0,0,0,376,1,40,0
1990,75,2,3,0,0,0,0,0,0,0
1990,54,1,0,0,2,0,684,1,40,0
1990,50,2,0,0,2,0,779,1,40,0
1990,23,1,1,0,0,1,508,1,0,0
1990,70,2,3,0,0,0,0,0,0,0
1990,38,1,0,0,0,0,243,3,40,0
1990,37,2,0,0,0,1,425,5,10,0
1990,49,1,2,0,0,1,418,6,0,0
1990,57,1,0,0,0,0,717,1,51,0
1990,57,2,0,0,0,0,779,1,40,0
1990,37,2,1,0,0,1,313,5,20,0
1990,27,1,0,0,0,1,575,6,64,0
1990,26,2,0,0,0,1,466,5,0,0
1990,21,1,1,1,0,1,453,4,30,0
1990,72,1,3,2,0,0,0,0,0,0
1990,58,1,0,2,0,0,453,4,40,0
1990,31,2,0,2,0,0,447,5,40,0
1990,74,2,3,0,0,0,0,0,0,0
1990,20,2,1,0,0,0,0,0,0,0
1990,42,2,2,0,0,1,5,6,40,0
1990,21,1,1,0,0,1,486,6,40,0
1990,20,2,1,0,0,0,37,3,40,0
1990,51,1,0,0,0,0,538,2,40,0
1990,48,2,0,0,0,0,446,5,25,0
1990,18,1,1,0,0,0,274,3,0,0
1990,58,1,0,0,0,0,544,1,59,0
1990,56,2,0,0,0,0,0,0,0,0
1990,36,1,2,0,0,0,777,1,48,0
1990,26,2,3,0,0,1,185,3,40,0
1990,26,1,3,0,2,1,634,1,48,0
1990,75,2,3,0,0,0,0,0,0,0
1990,38,2,0,0,0,1,156,5,37,0
1990,32,1,0,1,1,1,316,4,37,0
1990,66,1,0,0,0,1,22,0,50,1
1990,65,2,0,0,0,1,266,3,16,0
1990,36,1,1,0,0,0,17,3,40,0
1990,70,2,3,0,0,0,337,3,15,0
1990,23,2,1,0,0,1,435,3,40,0
1990,23,1,1,0,0,0,567,0,55,0
1990,39,1,0,0,0,0,628,1,50,0
1990,38,2,0,0,0,1,777,1,30,0
1990,50,2,3,0,0,0,313,4,0,0
1990,33,2,2,0,0,1,22,3,55,1
1990,43,1,0,0,0,0,549,5,40,0
1990,37,2,0,0,0,0,274,3,40,0
1990,21,1,1,0,0,1,468,6,40,0
1990,45,1,2,0,0,1,21,5,35,0
1990,55,2,3,0,0,0,444,5,20,0
1990,31,1,1,0,0,1,889,1,40,0
1990,25,1,1,0,0,0,889,2,40,0
1990,43,1,0,0,0,1,178,5,60,1
1990,43,2,0,0,0,1,65,4,45,1
1990,34,1,0,0,0,1,257,0,40,0
1990,34,2,0,0,0,1,95,5,0,0
1990,36,1,0,0,0,1,156,5,60,0
1990,34,2,0,0,0,1,95,5,16,0
1990,47,1,2,0,0,0,595,0,0,0
1990,77,2,3,0,0,0,0,0,0,0
1990,28,1,0,0,0,1,305,3,40,0
1990,28,2,0,0,0,0,435,3,15,0
1990,27,2,0,0,0,0,276,3,16,0
1990,24,1,0,0,2,0,185,3,45,0
1990,65,1,0,0,0,1,0,0,0,0
1990,52,2,0,0,0,0,315,4,35,0
1990,63,2,0,0,0,0,783,1,0,0
1990,63,1,0,0,0,0,0,0,0,0
1990,35,1,0,0,3,0,0,0,0,0
1990,39,2,0,0,3,0,0,0,0,0
1990,30,1,0,0,0,1,628,2,40,0
1990,26,2,0,0,0,1,243,3,30,0
1990,60,1,0,0,0,0,628,1,55,1
1990,58,2,0,0,0,0,336,6,6,0
1990,19,2,1,0,0,1,447,5,45,0
1990,42,1,0,0,0,1,104,5,38,0
1990,42,2,0,0,0,1,163,5,38,0
1990,40,1,0,0,0,1,43,4,40,0
1990,40,2,0,0,0,1,389,4,20,0
1990,56,2,3,0,0,1,278,1,40,0
1990,27,2,1,0,0,1,383,4,36,0
1990,38,2,3,0,0,1,95,5,40,0
1990,37,1,0,0,0,1,73,1,45,0
1990,31,2,0,0,0,1,158,5,30,0
1990,71,1,2,0,0,0,337,1,40,0
1990,52,1,2,0,0,1,327,4,54,0
1990,21,1,1,0,0,0,435,3,40,0
1990,38,1,0,0,0,1,243,3,40,0
1990,33,2,0,0,0,1,22,5,40,0
1990,23,1,0,0,0,0,436,3,40,0
1990,23,2,0,0,0,1,253,4,35,0
1990,31,1,0,0,0,1,258,1,50,0
1990,26,2,0,0,0,0,23,5,16,0
1990,36,1,0,0,0,1,57,1,40,0
1990,32,2,0,0,0,1,64,5,36,0
1990,79,2,2,0,0,1,163,5,0,0
1990,29,2,0,0,0,1,235,5,40,0
1990,26,1,0,1,1,1,575,0,60,0
1990,19,2,1,0,0,0,277,3,25,0
1990,21,2,1,0,0,1,365,4,35,0
1990,20,2,1,1,0,1,316,5,30,0
1990,19,2,1,0,0,0,276,3,31,0
1990,19,1,3,3,3,0,0,0,0,0
1990,21,2,1,0,0,1,155,5,10,0
1990,18,2,1,0,0,1,435,3,20,0
1990,26,1,1,0,0,1,436,3,50,0
1990,19,2,1,0,0,1,813,4,35,0
1990,25,2,1,0,0,0,319,5,37,0
1990,22,2,1,0,0,1,257,2,10,0
1990,48,1,0,0,0,1,154,5,55,1
1990,47,2,0,0,0,1,154,5,45,0
1990,19,1,1,0,0,0,304,5,15,0
1990,68,1,2,0,0,1,0,0,0,0
1990,47,1,0,0,0,1,226,2,36,1
1990,45,2,0,0,0,1,95,5,8,0
1990,71,1,0,0,0,1,0,0,0,1
1990,69,2,0,0,0,1,0,0,0,1
1990,28,2,1,2,0,1,376,4,25,0
1990,46,2,3,0,0,1,14,5,45,0
1990,60,1,0,0,0,1,844,0,40,0
1990,54,2,0,0,0,1,174,5,35,0
1990,49,1,0,0,0,1,179,6,42,1
1990,44,2,0,0,0,1,156,5,40,0
1990,20,1,1,0,0,1,459,5,50,0
1990,19,2,1,0,0,0,438,3,27,0
1990,37,1,1,0,0,1,22,3,40,0
1990,41,1,1,0,0,0,677,1,40,0
1990,34,2,2,0,0,0,319,3,41,0
1990,45,1,0,0,0,1,243,3,50,1
1990,33,2,0,0,0,1,13,4,40,0
1990,77,1,0,0,0,1,0,0,0,0
1990,76,2,0,0,0,0,0,0,0,0
1990,52,1,2,0,0,0,0,0,0,0
1990,67,1,3,0,0,0,0,0,0,0
1990,24,1,1,0,0,1,593,0,40,0
1990,38,2,1,0,0,1,95,5,20,0
1990,47,1,0,0,0,1,78,0,40,1
1990,46,2,0,0,0,1,195,1,40,0
1990,33,1,1,3,0,1,418,6,50,0
1990,41,1,0,0,0,1,229,4,40,0
1990,41,2,0,0,0,1,22,5,40,0
1990,36,1,0,0,0,1,54,5,40,0
1990,37,2,0,0,0,1,484,0,10,0
1990,45,1,0,0,0,0,544,1,40,0
1990,42,2,0,0,0,1,95,5,30,0
1990,32,2,1,0,2,1,159,5,35,0
1990,32,1,1,0,0,1,154,5,25,0
1990,21,2,1,0,0,1,444,3,25,0
1990,27,1,1,0,0,1,235,5,40,0
1990,27,1,1,0,0,1,59,1,40,0
1990,35,1,0,0,0,1,21,5,48,1
1990,32,2,0,0,0,1,95,5,20,0
1990,58,1,0,0,0,0,0,0,0,0
1990,56,2,0,0,0,1,156,5,34,0
1990,30,1,1,0,0,0,567,0,46,0
1990,38,1,0,0,0,0,356,4,40,0
1990,37,2,0,0,0,0,387,5,30,0
1990,47,1,0,0,0,1,7,4,40,1
1990,45,2,0,0,0,0,387,5,30,0
1990,18,2,1,0,0,1,308,5,35,0
1990,29,1,1,0,0,1,364,2,48,0
1990,34,2,1,0,0,1,159,5,40,0
1990,37,2,3,0,0,1,95,5,48,0
1990,75,2,3,0,0,0,0,0,0,0
1990,40,2,0,0,0,1,156,5,37,0
1990,46,1,0,0,0,1,637,1,40,0
1990,39,1,0,0,0,1,21,5,30,0
1990,38,2,0,0,0,1,178,5,6,0
1990,18,2,1,0,0,1,406,4,40,0
1990,72,2,1,0,0,0,0,0,0,0
1990,26,2,1,0,0,1,154,5,40,0
1990,36,1,0,0,0,1,387,5,80,1
1990,32,2,0,0,0,1,154,5,90,0
1990,28,2,1,0,2,1,276,3,16,0
1990,18,2,1,1,0,1,319,5,5,0
1990,19,2,1,0,0,1,313,5,30,0
1990,49,1,0,0,0,0,804,2,40,0
1990,44,2,0,0,0,1,21,5,42,0
1990,80,2,3,0,0,0,0,0,0,0
1990,69,1,0,0,0,0,223,1,0,1
1990,79,2,0,0,0,1,0,0,0,0
1990,41,1,0,0,0,1,165,5,45,0
1990,40,2,0,0,0,1,156,5,50,0
1990,29,1,0,0,0,0,503,3,50,0
1990,33,2,0,0,0,0,373,3,40,0
1990,35,1,0,0,0,1,424,6,40,0
1990,32,2,0,0,0,1,156,5,30,0
1990,42,1,0,0,0,0,869,2,40,0
1990,35,2,0,0,0,1,174,5,37,0
1990,69,1,0,0,0,1,549,0,25,0
1990,68,2,0,0,0,1,389,6,10,0
1990,68,1,0,0,0,0,0,0,0,0
1990,73,2,0,0,0,0,0,0,0,0
1990,28,1,0,0,0,0,254,4,45,0
1990,23,2,0,0,0,1,303,5,40,0
1990,44,2,2,0,0,0,253,4,40,0
1990,23,2,1,0,0,1,379,1,40,0
1990,32,1,0,0,0,1,777,1,40,0
1990,27,2,0,0,0,1,274,3,20,0
1990,44,1,0,0,0,0,22,1,45,0
1990,43,2,0,0,0,0,276,3,27,0
1990,41,1,0,0,0,1,253,4,45,0
1990,38,2,0,0,0,1,253,4,25,0
1990,63,1,3,0,0,1,0,0,0,0
1990,38,1,1,3,0,0,453,1,40,0
1990,53,1,0,0,0,1,22,1,45,1
1990,52,2,0,0,0,1,888,3,20,0
1990,18,2,1,0,0,1,435,1,20,0
1990,50,1,0,0,0,1,628,6,65,0
1990,43,2,0,0,0,1,159,5,40,0
1990,21,1,1,0,0,1,783,1,45,0
1990,18,1,1,0,0,1,453,6,40,0
1990,67,2,3,1,0,1,0,0,0,0
1990,49,2,1,0,0,0,447,5,40,0
1990,75,2,3,0,0,0,0,0,0,0
1990,77,1,2,0,0,0,0,0,0,0
1990,45,1,0,0,0,0,14,5,40,0
1990,45,2,0,0,0,1,308,5,35,0
1990,42,1,2,0,0,1,156,5,40,0
1990,20,1,1,0,0,1,276,5,10,0
1990,34,2,1,0,0,1,9,3,40,0
1990,33,1,1,0,0,1,185,1,40,0
1990,36,1,0,0,0,0,22,0,40,0
1990,37,2,0,0,0,1,389,2,40,0
1990,56,1,0,0,4,1,167,5,43,1
1990,55,2,0,0,0,1,167,5,40,0
1990,32,2,1,0,0,1,199,4,35,0
1990,72,1,0,0,0,0,0,0,0,0
1990,69,2,0,0,0,0,0,0,0,0
1990,33,1,0,0,0,0,804,2,60,0
1990,30,2,0,0,0,1,337,0,20,0
1990,26,1,0,0,0,0,17,3,60,0
1990,27,2,0,0,0,1,337,0,20,0
1990,30,1,2,0,0,0,709,1,45,0
1990,25,2,1,0,0,0,276,3,53,0
1990,39,1,0,0,0,1,539,2,41,0
1990,34,2,0,0,0,1,376,4,37,0
1990,27,1,0,0,0,1,877,3,40,0
1990,27,2,0,0,0,1,23,5,32,0
1990,54,1,0,0,0,0,824,2,0,0
1990,54,2,0,0,0,0,436,3,42,0
1990,61,1,0,0,0,1,14,5,40,0
1990,60,2,0,0,0,1,163,5,20,0
1990,61,1,0,0,0,0,14,5,40,0
1990,59,2,0,0,0,1,308,5,37,0
1990,55,1,0,0,0,0,505,4,60,0
1990,53,2,0,0,0,0,259,1,40,0
1990,61,1,0,0,0,0,804,0,40,0
1990,60,2,0,0,0,0,779,1,40,0
1990,30,2,1,0,0,1,157,5,40,0
1990,37,1,0,0,0,1,518,1,45,0
1990,37,2,0,0,0,1,447,5,10,0
1990,57,1,0,0,0,0,809,2,26,0
1990,52,2,0,0,0,0,683,1,40,0
1990,65,1,0,0,0,0,426,5,0,0
1990,64,2,0,0,0,0,0,0,0,0
1990,28,1,1,0,0,0,473,0,40,0
1990,26,1,0,0,0,1,804,4,60,0
1990,25,2,0,0,0,1,276,3,25,0
1990,79,1,0,0,0,0,0,0,0,0
1990,78,2,0,0,0,0,0,0,0,0
1990,61,1,0,0,0,0,804,3,40,0
1990,60,2,0,0,0,0,754,1,40,0
1990,58,1,0,0,0,1,217,0,37,0
1990,58,2,0,0,0,0,157,5,20,0
1990,32,1,1,0,0,1,229,2,40,0
1990,77,1,0,0,0,0,0,0,0,0
1990,75,2,0,0,0,0,0,0,0,0
1990,46,2,0,0,0,1,156,5,0,0
1990,48,1,0,0,0,1,555,2,45,1
1990,40,1,0,0,0,1,22,0,50,1
1990,42,2,0,0,0,0,313,5,20,0
1990,68,1,0,0,2,1,185,4,40,0
1990,66,2,0,0,0,1,22,1,40,1
1990,35,1,0,0,0,1,709,1,40,0
1990,20,2,0,0,0,0,335,4,40,0
1990,35,1,0,0,0,0,505,4,40,0
1990,32,2,0,0,0,0,276,3,40,0
1990,63,1,0,0,0,1,178,6,40,0
1990,64,2,0,0,0,0,22,4,20,0
1990,27,1,0,0,0,0,567,0,55,0
1990,30,2,0,0,0,0,264,3,20,0
1990,45,1,0,0,0,0,804,3,40,0
1990,33,2,0,0,0,1,274,3,40,0
1990,25,1,1,0,0,0,628,1,48,0
1990,35,2,0,0,0,1,207,5,40,0
1990,41,1,0,0,0,1,174,6,50,0
1990,76,2,3,0,0,0,0,0,0,0
1990,32,1,0,0,0,1,174,5,30,0
1990,33,2,0,0,0,1,43,0,35,0
1990,74,1,0,0,0,0,479,0,43,0
1990,65,2,0,0,0,1,156,5,0,0
1990,49,1,3,0,0,0,889,1,40,0
1990,23,1,1,0,0,0,534,3,40,0
1990,64,1,0,0,0,1,48,1,0,0
1990,68,2,0,0,0,0,0,0,0,0
1990,38,1,1,0,0,1,203,5,40,0
1990,31,2,1,0,0,1,21,5,40,0
1990,49,1,0,0,0,0,637,6,40,0
1990,45,2,0,0,0,1,95,4,0,0
1990,19,2,1,0,0,0,435,3,18,0
1990,45,2,2,0,0,1,365,5,60,0
1990,21,2,1,0,0,1,379,5,40,0
1990,20,1,1,0,0,1,163,5,40,0
1990,74,1,0,0,0,0,0,0,0,0
1990,73,2,0,0,0,0,0,0,0,0
1990,70,1,0,0,0,0,434,5,0,0
1990,60,2,0,0,0,0,364,1,37,0
1990,53,2,0,0,0,0,316,6,14,0
1990,54,1,0,0,0,0,785,5,40,0
1990,20,2,1,0,0,1,319,5,12,0
1990,19,1,1,0,0,1,453,5,17,0
1990,79,2,3,0,0,0,0,0,0,0
1990,35,1,0,0,0,0,637,1,45,0
1990,29,2,0,0,0,0,383,4,10,0
1990,70,1,0,0,0,0,804,3,10,0
1990,68,2,0,0,0,0,0,0,0,0
1990,34,2,1,0,0,1,159,6,10,1
1990,54,1,0,0,0,0,243,3,65,1
1990,49,2,0,0,0,0,339,3,20,0
1990,27,1,0,0,0,1,253,4,40,1
1990,28,2,0,0,0,1,243,4,0,0
1990,74,2,3,0,0,1,0,0,0,0
1990,64,1,0,0,0,1,355,2,40,1
1990,64,2,0,0,0,0,274,3,22,0
1990,32,1,1,0,0,1,709,1,48,0
1990,37,1,0,0,0,0,558,0,50,1
1990,41,2,0,0,0,0,0,0,0,0
1990,58,1,0,0,0,1,243,3,46,0
1990,56,2,0,0,0,0,327,2,37,0
1990,25,2,1,0,0,1,22,4,40,0
1990,24,2,1,0,0,1,17,4,40,0
1990,77,1,0,0,0,0,0,0,0,0
1990,74,2,0,0,0,0,0,0,0,0
1990,55,1,0,0,0,0,486,0,50,0
1990,49,2,0,0,0,0,808,2,30,0
1990,27,1,1,0,0,1,364,1,40,0
1990,49,1,2,0,0,1,503,2,48,0
1990,36,1,2,0,0,1,783,1,40,0
1990,66,1,0,0,0,0,35,6,0,0
1990,64,2,0,0,0,0,243,3,45,0
1990,61,1,0,3,0,0,274,3,50,1
1990,57,2,0,0,0,0,0,0,0,0
1990,53,1,0,0,0,0,579,0,40,0
1990,48,2,0,0,0,1,208,2,60,0
1990,22,1,1,0,0,1,904,6,40,0
1990,36,1,0,0,2,0,687,1,12,0
1990,33,2,0,0,2,0,453,1,40,0
1990,33,2,1,0,0,1,276,3,40,0
1990,44,2,0,0,0,1,156,5,40,0
1990,45,1,0,0,0,1,243,3,50,0
1990,21,1,1,0,0,1,434,3,30,0
1990,78,2,3,0,0,0,0,0,0,0
1990,25,2,0,0,0,0,259,1,40,0
1990,27,1,0,0,0,1,13,4,40,0
1990,61,2,1,0,0,1,157,5,0,0
1990,63,1,3,0,0,1,22,4,0,0
1990,53,1,0,0,0,1,22,1,60,1
1990,47,2,0,0,0,0,257,1,0,0
1990,22,1,1,0,0,0,56,1,40,0
1990,62,1,0,0,0,0,783,1,52,0
1990,58,2,0,0,0,0,0,0,0,0
1990,71,1,0,0,0,0,0,0,0,0
1990,74,2,0,0,0,0,0,0,0,0
1990,40,1,0,0,0,1,84,5,66,1
1990,41,2,0,0,0,1,95,5,15,0
1990,68,1,0,0,0,0,0,0,0,0
1990,70,2,0,0,0,0,0,0,0,0
1990,40,1,2,0,0,0,536,2,40,0
1990,45,1,2,0,0,0,21,5,40,0
1990,53,2,3,0,2,0,785,1,45,0
1990,80,2,3,0,0,0,0,0,0,0
1990,64,1,0,0,0,0,453,5,40,0
1990,62,2,0,0,0,0,276,3,40,0
1990,54,1,0,0,0,0,575,0,40,0
1990,53,2,0,0,0,0,0,0,0,0
1990,34,1,0,0,0,1,259,1,40,0
1990,26,2,0,0,0,1,158,5,30,0
1990,76,2,1,0,0,0,469,3,7,0
1990,37,1,2,0,0,0,657,3,40,0
1990,79,2,3,0,0,0,0,0,0,0
1990,37,2,0,0,0,1,453,4,10,0
1990,34,1,0,0,0,0,694,2,40,0
1990,43,2,2,0,0,1,159,5,45,0
1990,22,2,1,0,0,0,313,5,0,0
1990,21,1,1,0,0,1,159,5,50,0
1990,51,1,0,0,0,1,263,3,40,0
1990,50,2,0,0,0,0,628,1,40,0
1990,23,2,1,0,0,1,379,3,20,0
1990,20,1,1,0,0,1,486,0,40,0
1990,38,1,1,0,0,1,57,6,40,1
1990,27,1,1,0,0,1,174,6,40,0
1990,29,1,1,0,0,0,806,3,40,0
1990,45,1,0,0,2,1,258,1,40,1
1990,41,2,0,0,2,1,0,0,0,0
1990,68,1,0,0,0,0,356,2,40,0
1990,63,2,0,0,0,0,436,5,40,0
1990,18,2,1,0,0,1,276,5,25,0
1990,40,2,0,0,0,1,183,1,35,0
1990,38,1,0,0,0,1,22,5,60,0
1990,50,2,3,0,3,1,274,3,45,0
1990,24,1,1,0,3,1,243,3,55,0
1990,25,1,0,0,0,1,276,3,15,0
1990,24,2,0,0,0,1,313,1,20,0
1990,60,1,1,0,0,0,243,3,40,0
1990,30,1,2,0,0,0,383,4,45,0
1990,44,1,0,0,2,1,22,5,40,1
1990,47,2,0,0,2,1,678,5,20,0
1990,23,1,1,0,2,1,229,5,40,0
1990,70,1,0,0,0,1,0,0,0,0
1990,67,2,0,0,0,1,0,0,0,0
1990,22,2,0,0,0,1,313,1,40,0
1990,22,1,0,0,0,0,804,3,40,0
1990,39,2,2,0,0,0,376,4,45,0
1990,18,2,1,0,0,1,319,4,30,0
1990,67,1,2,0,0,0,0,0,0,0
1990,27,2,1,1,0,1,379,4,40,0
1990,46,1,1,0,0,0,0,0,0,0
1990,61,1,2,0,0,1,154,5,40,1
1990,20,2,1,2,0,0,799,3,40,0
1990,43,2,2,0,0,1,174,5,40,0
1990,18,1,1,0,2,1,335,5,35,0
1990,18,2,1,0,0,1,0,0,0,0
1990,29,2,3,0,0,1,156,5,40,0
1990,30,1,0,0,0,1,85,5,0,0
1990,36,2,0,1,0,1,18,4,20,0
1990,28,2,2,2,0,1,749,6,40,0
1990,21,1,2,2,0,0,364,3,40,0
1990,43,2,1,0,0,0,0,0,0,0
1990,80,1,1,0,0,0,0,0,0,0
1990,77,2,3,0,0,0,0,0,0,0
1990,71,1,2,0,0,1,0,0,0,0
1990,35,2,1,0,0,0,0,0,0,0
1990,62,1,0,0,0,1,373,1,40,0
1990,53,2,0,0,0,0,0,0,0,0
1990,29,2,0,3,3,1,0,0,0,0
1990,35,1,0,3,3,1,208,5,40,0
1990,22,1,0,0,0,0,213,6,40,0
1990,23,2,0,0,0,0,0,0,0,0
1990,56,1,0,0,0,0,426,2,52,1
1990,39,2,0,0,0,0,785,5,30,0
1990,36,1,0,0,0,0,475,0,50,0
1990,33,2,0,0,0,0,453,4,9,0
1990,52,1,0,0,0,0,414,6,40,0
1990,47,2,0,0,0,0,423,6,40,0
1990,21,1,1,0,0,1,869,0,40,0
1990,19,1,1,0,0,1,329,5,40,0
1990,70,1,0,0,0,0,0,0,0,0
1990,63,2,0,0,0,0,0,0,0,0
1990,28,2,1,0,0,0,0,0,0,0
1990,40,1,1,0,0,0,449,5,40,0
1990,75,2,3,0,0,0,0,0,0,0
1990,20,1,1,0,0,0,558,0,50,0
1990,64,1,0,0,0,1,754,1,0,0
1990,63,2,0,0,0,0,754,1,35,0
1990,58,1,3,0,0,0,365,5,48,0
1990,25,1,1,0,0,0,505,4,10,0
1990,23,2,1,0,0,0,447,5,40,0
1990,20,2,1,0,0,0,27,4,45,0
1990,50,1,0,0,0,0,856,1,50,0
1990,53,2,0,0,0,0,0,0,0,0
1990,24,2,1,0,0,1,375,4,50,0
1990,68,2,3,0,0,0,0,0,0,0
1990,19,2,1,0,0,1,21,5,46,0
1990,19,1,1,0,0,1,459,5,30,0
1990,76,1,0,0,0,0,0,0,0,0
1990,76,2,0,0,0,0,0,0,0,0
1990,71,1,0,0,0,0,0,0,0,0
1990,63,2,0,0,0,1,95,5,32,0
1990,64,1,1,0,0,0,263,3,40,0
1990,24,1,1,0,0,0,449,5,40,0
1990,50,1,2,0,0,1,8,6,44,0
1990,40,1,2,0,0,1,218,5,40,0
1990,37,1,0,0,0,1,22,3,48,1
1990,37,2,0,0,0,1,95,5,24,0
1990,59,1,0,0,0,1,243,3,55,1
1990,55,2,0,0,0,1,174,5,33,0
1990,73,1,0,0,0,0,0,0,0,0
1990,71,2,0,0,0,0,0,0,0,0
1990,38,1,0,0,0,1,156,5,40,0
1990,36,2,0,0,0,1,156,5,40,0
1990,28,1,0,0,0,1,804,2,20,0
1990,32,2,0,0,0,1,337,1,20,0
1990,26,1,0,0,0,0,783,0,40,0
1990,25,2,0,0,0,0,458,4,0,0
1990,30,1,0,0,0,1,257,4,50,1
1990,28,2,0,0,0,1,27,4,12,0
1990,54,1,0,0,0,1,804,2,40,1
1990,54,2,0,0,0,1,276,3,0,0
1990,30,2,1,0,0,1,7,4,40,1
1990,28,2,1,0,0,1,23,4,40,0
1990,24,1,1,0,0,0,0,0,0,0
1990,37,2,2,0,0,1,434,3,32,0
1990,31,1,0,3,3,1,64,1,50,0
1990,26,2,0,3,3,1,435,3,0,0
1990,29,1,0,0,0,0,518,0,60,0
1990,28,2,0,0,0,1,889,1,0,0
1990,49,1,0,0,0,1,157,5,50,0
1990,45,2,0,0,0,1,154,5,37,0
1990,28,1,1,0,0,1,59,5,45,0
1990,30,2,1,0,0,0,319,5,40,0
1990,66,2,3,0,0,0,316,5,0,0
1990,20,1,1,0,0,0,594,0,40,0
1990,41,1,2,0,0,1,216,1,40,0
1990,80,1,3,0,0,0,0,0,0,0
1990,53,2,3,0,0,1,243,3,20,0
1990,40,2,2,0,0,1,376,1,40,0
1990,42,1,0,0,0,1,579,0,40,0
1990,41,2,0,0,0,1,95,5,32,0
1990,47,1,0,0,0,1,55,1,40,0
1990,45,2,0,0,0,1,313,5,37,0
1990,24,1,1,0,0,1,883,2,30,0
1990,19,1,1,0,0,1,365,3,25,0
1990,65,1,0,0,3,0,0,0,0,0
1990,62,2,0,0,3,0,436,3,36,0
1990,25,2,1,0,0,1,156,5,37,0
1990,23,1,1,0,0,1,549,4,40,0
1990,37,2,2,0,0,1,95,5,40,0
1990,78,1,0,0,0,1,23,5,20,0
1990,68,2,0,0,0,0,0,0,0,0
1990,49,1,0,0,0,0,628,1,45,0
1990,49,2,0,0,0,0,276,3,28,0
1990,24,1,1,0,0,1,23,3,40,0
1990,65,1,0,0,0,0,0,0,0,0
1990,64,2,0,0,0,0,0,0,0,0
1990,43,1,2,0,3,0,436,3,55,0
1990,35,2,0,0,0,1,154,5,50,1
1990,43,1,0,0,0,1,186,5,0,0
1990,42,2,2,0,0,1,303,6,37,0
1990,74,2,2,0,0,1,186,5,8,0
1990,48,1,2,0,0,1,22,4,40,0
1990,43,1,2,0,0,1,25,4,0,0
1990,53,2,2,0,0,0,447,5,40,0
1990,67,1,0,0,0,1,453,5,17,1
1990,61,2,0,0,0,1,25,5,40,0
1990,67,1,1,0,0,1,167,5,30,0
1990,42,1,0,0,0,1,85,3,40,1
1990,41,2,0,0,0,1,95,5,40,0
1990,18,1,1,0,0,0,0,0,0,0
1990,75,1,3,0,0,0,0,0,0,0
1990,45,1,2,0,0,1,549,3,50,0
1990,55,1,0,0,0,1,804,3,60,0
1990,51,2,0,0,0,1,164,5,40,0
1990,73,1,0,0,0,0,276,3,16,0
1990,70,2,0,0,0,0,0,0,0,0
1990,39,1,3,0,0,1,653,1,40,0
1990,43,2,3,0,0,1,95,4,38,0
1990,44,1,0,0,0,1,104,3,40,1
1990,37,2,0,0,0,1,137,5,3,0
1990,35,1,2,0,0,1,207,5,30,0
1990,78,2,0,0,0,0,0,0,0,0
1990,26,1,1,0,0,1,243,3,60,0
1990,42,1,0,0,0,0,22,3,48,1
1990,39,2,0,0,0,1,22,3,0,0
1990,42,1,0,0,0,1,13,1,45,1
1990,45,2,0,0,0,0,0,0,0,0
1990,18,2,1,0,0,0,0,0,0,0
1990,23,1,0,2,1,0,875,3,40,0
1990,21,2,0,2,1,0,0,0,0,0
1990,35,1,0,0,0,1,64,1,50,0
1990,38,2,0,0,0,1,274,3,25,0
1990,59,2,3,0,0,1,185,3,40,1
1990,29,2,2,0,0,1,185,4,35,0
1990,41,2,1,0,0,0,785,5,25,0
1990,71,1,0,0,0,0,0,0,0,0
1990,63,2,0,0,0,0,0,0,0,0
1990,53,1,0,0,0,1,15,5,50,0
1990,50,2,0,0,0,1,95,5,35,0
1990,58,2,0,0,0,1,156,5,34,0
1990,59,1,0,0,0,1,567,0,60,0
1990,32,2,0,0,0,0,208,6,18,0
1990,43,1,0,0,0,1,417,6,40,0
1990,33,1,0,0,0,1,7,2,52,1
1990,31,2,0,0,0,1,203,5,0,0
1990,54,2,2,0,0,0,303,6,40,0
1990,22,1,1,0,0,0,904,6,0,0
1990,68,1,2,0,0,0,0,0,0,0
1990,33,2,3,0,0,0,315,1,37,0
1990,23,1,0,0,0,1,243,3,55,0
1990,23,2,0,0,0,1,7,5,45,0
1990,35,2,2,0,0,0,385,5,9,0
1990,27,1,0,0,0,0,365,3,46,0
1990,25,2,0,0,0,1,458,4,32,0
1990,65,2,2,0,0,0,785,1,40,0
1990,45,1,0,0,0,0,785,1,40,0
1990,32,2,0,0,0,0,447,5,32,0
1990,27,2,1,0,0,0,313,3,32,0
1990,31,1,2,0,0,0,637,1,40,0
1990,43,1,0,0,0,1,213,5,40,1
1990,31,2,0,0,0,0,254,4,20,0
1990,29,1,0,0,0,1,213,1,40,0
1990,33,2,0,0,0,0,444,5,15,0
1990,31,1,0,0,0,1,686,3,46,0
1990,30,2,0,0,0,1,348,5,10,0
1990,24,2,1,0,0,1,385,4,40,0
1990,47,2,0,0,0,1,21,5,44,0
1990,51,1,0,0,0,0,364,3,40,0
1990,76,2,3,0,2,0,0,0,0,0
1990,38,1,0,0,0,0,259,3,45,0
1990,38,2,0,0,0,0,313,5,0,0
1990,61,1,0,0,0,0,426,5,20,0
1990,45,2,0,0,0,0,319,4,45,0
1990,39,2,2,0,0,0,337,4,40,0
1990,38,2,2,0,0,1,156,5,30,0
1990,38,1,0,0,0,0,756,1,45,0
1990,37,2,0,0,0,0,447,5,32,0
1990,32,1,0,0,0,0,505,3,45,0
1990,31,2,0,0,0,1,17,3,36,0
1990,38,1,0,0,0,1,558,0,40,0
1990,37,2,0,0,0,0,444,5,10,0
1990,37,1,0,0,0,1,156,5,45,0
1990,30,2,0,0,0,1,174,5,40,0
1990,28,1,0,0,0,0,599,0,0,0
1990,28,2,0,0,0,0,447,5,0,0
1990,35,1,0,0,0,1,435,3,25,0
1990,41,2,0,0,0,1,188,5,30,0
1990,44,2,3,0,0,0,447,5,40,0
1990,20,1,1,0,0,0,887,4,25,0
1990,30,2,1,0,0,1,796,1,40,0
1990,41,2,3,0,0,0,385,4,40,0
1990,29,2,1,0,0,0,0,0,0,0
1990,65,1,1,0,0,0,0,0,0,0
1990,22,2,0,0,0,0,315,2,37,0
1990,28,1,0,0,0,1,55,0,40,0
1990,38,2,0,0,0,0,313,2,40,0
1990,29,1,0,0,0,0,637,1,50,0
1990,52,1,0,0,0,0,22,3,60,0
1990,51,2,0,0,0,0,264,3,25,0
1990,27,1,1,0,0,1,418,6,60,0
1990,73,2,1,0,0,1,0,0,0,0
1990,65,2,1,0,0,1,22,4,40,0
1990,52,1,0,0,0,0,365,1,40,0
1990,55,2,0,0,0,1,313,1,40,0
1990,73,2,3,0,0,0,0,0,0,0
1990,43,2,3,0,0,1,95,5,40,0
1990,22,1,1,0,0,1,15,5,40,0
1990,55,1,0,0,0,1,797,1,50,0
1990,45,2,0,0,0,0,447,5,40,0
1990,57,1,0,0,0,0,869,0,0,0
1990,54,2,0,0,0,0,468,2,10,0
1990,68,2,0,0,0,0,0,0,0,0
1990,68,1,0,0,0,0,0,0,0,0
1990,49,1,0,0,0,0,637,1,50,0
1990,47,2,0,0,0,1,203,5,40,0
1990,33,1,2,0,0,1,22,3,0,0
1990,64,1,0,0,0,0,275,4,30,0
1990,62,2,0,0,0,1,22,2,65,0
1990,70,2,0,0,0,1,337,4,0,0
1990,67,1,0,0,0,0,208,3,12,0
1990,26,2,1,0,0,0,779,1,40,0
1990,76,2,3,0,0,0,0,0,0,0
1990,63,1,0,0,0,1,29,3,10,0
1990,64,2,0,0,0,0,376,1,3,0
1990,40,2,2,0,0,1,337,0,25,0
1990,46,1,0,0,0,1,22,1,45,1
1990,47,2,0,0,0,0,447,5,0,0
1990,25,1,0,0,0,1,804,2,55,0
1990,22,2,0,0,0,1,95,5,40,0
1990,77,2,3,0,0,0,0,0,0,0
1990,66,1,2,0,0,0,243,4,40,1
1990,30,1,0,0,0,1,213,2,40,0
1990,30,2,0,0,0,1,23,1,40,0
1990,74,2,3,0,0,0,0,0,0,0
1990,66,2,3,0,0,0,447,4,16,0
1990,51,1,0,0,0,1,157,5,45,0
1990,45,2,0,0,0,0,458,4,40,0
1990,44,1,0,0,1,1,243,3,0,0
1990,37,2,0,0,1,1,305,3,0,0
1990,50,1,2,0,0,1,163,6,40,0
1990,45,1,0,0,0,0,725,1,40,0
1990,43,2,0,0,0,0,0,0,0,0
1990,32,1,3,0,0,0,424,6,40,0
1990,21,1,1,0,0,1,869,0,40,0
1990,32,1,0,0,0,0,804,3,45,0
1990,30,2,0,0,0,0,439,3,5,0
1990,38,1,0,0,0,1,636,1,40,0
1990,41,2,0,0,0,1,26,1,40,0
1990,22,2,1,0,0,1,303,4,40,0
1990,55,1,0,0,0,0,777,1,46,0
1990,48,2,0,0,0,0,439,3,35,0
1990,20,1,1,0,0,0,889,1,40,0
1990,42,1,0,0,0,1,166,1,45,1
1990,42,2,0,0,0,1,156,5,40,0
1990,28,1,0,0,0,1,17,3,47,0
1990,24,2,0,0,0,1,22,5,45,0
1990,40,1,0,0,0,1,243,4,60,0
1990,38,2,0,0,0,1,254,4,0,0
1990,49,1,3,0,0,0,567,0,30,0
1990,20,1,1,0,0,0,434,4,0,0
1990,36,2,2,3,3,1,796,1,50,0
1990,53,2,1,0,0,0,0,0,0,0
1990,55,1,1,0,0,1,389,5,40,0
1990,73,1,0,0,0,0,0,0,0,0
1990,68,2,0,0,0,0,348,5,30,0
1990,62,1,3,0,0,0,628,1,45,0
1990,51,1,2,0,0,0,544,1,0,0
1990,49,2,2,0,0,0,17,3,42,0
1990,60,1,0,0,0,1,65,6,30,0
1990,54,2,0,0,0,0,0,0,0,0
1990,35,1,0,0,0,1,844,5,40,0
1990,31,2,0,0,0,0,385,5,40,0
1990,41,1,0,0,0,0,418,6,65,1
1990,40,2,0,0,0,1,447,5,24,0
1990,20,1,1,0,0,1,804,2,20,0
1990,18,2,1,0,0,0,438,3,20,0
1990,23,2,0,0,0,0,276,3,43,0
1990,22,1,0,0,0,0,756,1,45,0
1990,77,1,0,0,0,0,0,0,0,0
1990,76,2,0,0,0,0,0,0,0,0
1990,42,1,1,0,0,1,53,5,40,0
1990,33,2,0,0,0,0,274,3,0,0
1990,50,1,0,0,0,0,274,3,40,0
1990,34,1,0,0,0,0,719,1,50,0
1990,34,2,0,0,0,1,83,0,35,0
1990,72,1,0,0,0,0,637,1,0,0
1990,69,2,0,0,0,0,444,5,0,0
1990,35,1,0,0,0,1,365,3,40,0
1990,35,2,0,0,0,1,355,2,40,0
1990,46,1,0,0,0,0,563,0,0,0
1990,46,2,0,0,0,0,888,1,40,0
1990,19,2,1,0,0,0,0,0,0,0
1990,29,1,0,0,0,1,229,3,40,0
1990,29,2,0,0,0,0,21,5,40,0
1990,59,2,3,0,0,1,313,5,40,0
1990,20,1,1,0,0,1,444,3,25,0
1990,27,2,1,0,0,1,313,5,40,0
1990,30,1,1,0,0,0,596,3,45,0
1990,19,1,1,0,0,1,37,3,26,0
1990,40,1,0,3,3,0,779,1,0,0
1990,30,2,0,3,3,0,889,1,0,0
1990,27,1,1,3,3,0,487,0,0,0
1990,26,1,1,3,3,0,779,1,0,0
1990,44,2,3,0,0,0,0,0,0,0
1990,48,1,0,0,0,1,418,6,40,0
1990,45,2,0,0,0,0,337,1,40,0
1990,23,1,1,0,0,0,575,0,40,0
1990,22,1,1,0,0,0,869,0,40,0
1990,20,2,1,0,0,0,313,3,40,0
1990,76,2,3,0,0,1,0,0,0,0
1990,31,2,0,0,0,1,386,3,40,0
1990,32,1,0,0,0,0,628,1,50,0
1990,32,1,0,0,0,1,21,4,40,0
1990,33,2,0,0,0,1,155,5,20,0
1990,60,1,0,0,0,0,17,3,0,0
1990,62,2,0,0,0,0,0,0,0,0
1990,44,1,0,0,0,1,159,6,40,0
1990,49,2,0,0,0,1,447,5,40,0
1990,22,1,1,0,4,0,0,0,0,0
1990,19,1,1,0,0,0,889,3,20,0
1990,35,1,1,0,0,1,64,1,40,0
1990,28,2,1,0,0,0,313,1,35,0
1990,48,1,2,0,0,1,229,1,40,1
1990,40,1,0,0,0,1,22,6,50,0
1990,40,2,0,0,0,1,329,5,20,0
1990,18,1,1,0,0,0,889,1,40,0
1990,18,1,1,0,0,0,453,3,40,0
1990,42,1,0,0,0,0,558,0,40,0
1990,37,2,0,0,0,1,0,0,0,0
1990,73,1,0,0,0,0,243,3,0,0
1990,71,2,0,0,0,0,458,4,16,0
1990,20,1,1,0,0,0,779,1,40,0
1990,18,2,1,0,0,0,436,5,18,0
1990,43,1,1,0,0,0,567,5,55,0
1990,78,1,0,0,0,0,0,0,0,0
1990,75,2,0,0,0,0,0,0,0,0
1990,55,1,0,0,0,0,796,1,45,0
1990,56,2,0,0,0,1,315,1,45,0
1990,24,2,1,0,0,0,785,1,40,0
1990,44,1,0,0,0,0,549,2,40,0
1990,40,2,0,0,0,0,449,4,20,0
1990,32,2,3,0,0,0,276,3,15,0
1990,29,1,0,0,0,0,844,6,40,0
1990,29,2,0,0,0,0,313,1,40,0
1990,21,2,2,0,0,0,0,0,0,0
1990,59,1,0,0,0,0,783,1,40,0
1990,51,2,0,0,0,0,0,0,0,0
1990,44,1,2,0,0,1,719,1,45,0
1990,27,2,1,0,0,1,26,5,50,0
1990,63,1,0,0,0,1,337,5,0,0
1990,61,2,0,0,0,1,156,5,10,0
1990,54,1,2,0,0,0,243,3,60,0
1990,26,1,0,0,0,0,634,1,40,0
1990,26,2,0,0,0,0,785,1,0,0
1990,72,1,0,0,0,0,804,6,30,0
1990,64,2,0,0,2,0,785,0,18,0
1990,27,2,2,0,0,1,22,2,40,0
1990,32,1,0,0,0,0,804,0,45,0
1990,26,2,0,0,0,1,23,4,40,0
1990,40,2,0,0,0,1,23,5,18,0
1990,47,1,0,0,0,0,804,3,40,0
1990,76,2,3,0,0,0,0,0,0,0
1990,43,2,1,0,0,1,156,5,40,0
1990,24,1,1,0,0,1,64,1,47,0
1990,31,1,0,0,0,1,57,1,40,0
1990,30,2,0,0,0,1,33,1,40,0
1990,25,1,1,0,0,1,567,0,40,0
1990,24,2,1,0,0,1,17,3,40,0
1990,28,1,0,0,0,0,433,6,47,0
1990,25,2,0,0,0,0,375,4,40,0
1990,62,1,1,0,0,1,0,0,0,0
1990,71,1,3,0,0,0,413,6,12,0
1990,62,1,1,0,0,0,0,0,0,0
1990,45,2,2,0,0,1,254,4,40,1
1990,20,2,1,0,0,1,254,4,20,0
1990,18,1,0,0,0,0,447,5,35,0
1990,20,2,0,0,0,0,364,1,35,0
1990,62,1,0,0,0,0,503,0,0,0
1990,60,2,0,0,0,0,796,1,25,0
1990,75,1,0,0,0,0,486,6,8,0
1990,68,2,0,0,0,0,365,1,15,0
1990,26,1,1,2,1,1,878,1,40,0
1990,24,2,1,2,0,0,683,1,37,0
1990,76,2,3,0,0,0,0,0,0,0
1990,41,1,0,0,0,0,686,3,52,0
1990,41,2,0,0,0,0,22,1,40,0
1990,23,1,1,0,0,1,426,4,40,0
1990,29,2,3,0,0,0,14,1,40,0
1990,29,2,1,0,0,0,0,0,0,0
1990,20,1,1,0,0,1,426,1,30,0
1990,21,1,1,0,0,1,276,3,40,0
1990,21,1,1,0,0,1,426,4,40,0
1990,29,1,0,0,2,1,567,0,40,0
1990,31,2,0,0,0,1,313,5,20,0
1990,45,1,0,0,0,0,453,1,0,0
1990,41,2,0,0,0,1,276,3,40,0
1990,18,1,1,0,0,1,308,5,15,0
1990,22,2,1,0,0,0,339,3,40,0
1990,34,1,1,0,0,0,796,1,40,0
1990,35,1,2,0,0,1,777,1,40,0
1990,18,1,1,0,0,0,579,0,0,0
1990,36,1,1,0,0,0,274,3,40,0
1990,59,2,2,0,0,1,0,0,0,0
1990,61,2,2,0,0,0,683,1,40,0
1990,39,2,0,0,0,0,466,5,51,0
1990,39,1,0,0,0,1,509,3,45,0
1990,45,2,2,0,0,1,314,6,40,0
1990,21,2,1,0,0,0,379,6,8,0
1990,29,1,1,0,0,0,709,1,45,0
1990,27,2,1,2,0,0,356,4,40,0
1990,51,1,0,0,0,0,22,1,40,0
1990,37,2,0,0,0,1,276,3,40,0
1990,36,2,2,0,0,0,748,5,40,0
1990,28,1,3,0,0,0,804,0,40,0
1990,26,2,3,0,0,1,426,4,40,0
1990,26,2,2,0,0,1,33,1,40,0
1990,44,1,0,0,0,0,507,0,48,0
1990,32,2,0,0,0,0,0,0,0,0
1990,37,2,0,0,0,0,889,1,24,0
1990,45,1,0,0,0,0,444,3,0,0
1990,30,2,3,0,0,0,444,5,0,0
1990,28,1,0,3,3,0,628,1,48,0
1990,24,2,0,3,3,0,667,1,0,0
1990,21,1,1,3,3,0,785,1,44,0
1990,67,1,3,3,3,0,909,6,0,0
1990,22,1,1,1,0,1,64,1,40,0
1990,37,1,0,0,0,1,13,4,45,0
1990,30,2,0,0,0,1,243,3,43,0
1990,25,2,1,0,0,0,318,2,40,0
1990,30,2,1,0,0,0,64,4,40,0
1990,28,2,1,2,0,0,683,1,0,0
1990,23,2,1,2,0,0,785,1,40,0
1990,36,2,2,0,0,1,435,3,40,0
1990,25,2,1,0,0,1,435,3,40,0
1990,41,1,0,0,0,1,307,4,30,1
1990,38,2,0,0,0,1,254,4,20,0
1990,40,2,1,0,0,1,379,1,50,0
1990,38,1,0,0,0,0,486,5,40,0
1990,36,2,0,0,2,0,354,2,40,0
1990,34,1,3,0,0,0,567,0,0,0
1990,41,1,0,0,0,1,64,1,40,0
1990,41,2,0,0,0,1,229,1,40,0
1990,34,2,3,0,0,0,365,1,40,0
1990,21,2,3,0,0,0,348,2,37,0
1990,46,2,2,0,0,0,315,5,37,0
1990,25,2,1,0,0,0,424,6,48,0
1990,26,1,2,0,0,0,804,1,40,0
1990,61,1,0,0,0,1,156,5,35,0
1990,56,2,0,0,0,0,0,0,0,0
1990,50,1,0,0,0,1,259,3,40,1
1990,40,2,0,0,0,1,37,5,28,0
1990,41,1,0,0,0,1,64,4,45,1
1990,40,2,0,0,0,1,95,5,20,0
1990,32,1,0,0,0,1,13,3,40,1
1990,32,2,0,0,0,1,155,5,9,0
1990,27,1,0,0,0,1,259,3,40,0
1990,25,2,0,0,0,1,22,2,40,0
1990,31,1,0,0,0,1,476,0,50,0
1990,26,2,0,0,0,1,486,0,40,0
1990,32,1,0,0,0,1,257,0,40,0
1990,31,2,0,0,0,1,243,3,40,0
1990,52,1,0,0,0,1,637,1,40,0
1990,43,2,0,0,0,0,337,4,37,0
1990,20,1,1,0,0,0,575,0,40,0
1990,18,1,1,0,0,0,628,1,50,0
1990,35,2,1,0,0,1,64,1,45,1
1990,37,1,2,0,2,1,57,1,40,1
1990,41,1,2,0,0,1,22,0,70,1
1990,31,2,1,0,0,1,365,1,45,0
1990,63,2,3,0,0,1,156,5,30,1
1990,31,1,2,0,0,0,628,1,62,0
1990,35,2,3,0,0,1,164,5,30,0
1990,34,1,0,0,0,0,505,3,40,0
1990,33,2,0,0,0,0,386,5,40,0
1990,42,2,0,0,0,1,156,5,30,0
1990,43,1,0,0,0,1,55,1,43,0
1990,69,1,0,0,0,0,0,0,0,0
1990,64,2,0,0,0,0,0,0,0,0
1990,37,1,1,0,0,1,33,1,40,0
1990,46,1,0,0,0,0,579,5,40,0
1990,64,2,0,0,0,0,878,1,35,0
1990,26,1,0,0,0,0,796,1,40,0
1990,23,2,0,0,0,1,316,3,25,0
1990,34,2,0,0,0,1,56,1,40,0
1990,31,1,0,0,0,0,269,3,40,0
1990,43,2,2,0,0,1,37,5,40,0
1990,51,1,0,0,0,0,575,0,35,0
1990,47,2,0,0,0,0,688,3,12,0
1990,21,1,1,0,0,1,159,4,30,0
1990,32,2,3,0,0,0,447,5,0,0
1990,60,1,0,0,0,1,473,0,40,1
1990,46,2,0,0,0,1,337,3,40,0
1990,19,2,1,0,0,0,234,6,20,0
1990,28,1,1,0,0,0,547,2,40,0
1990,38,1,0,0,0,1,558,0,44,1
1990,38,2,0,0,0,1,95,5,24,0
1990,19,2,1,0,0,1,276,3,20,0
1990,48,1,0,0,0,0,715,1,50,0
1990,49,2,0,0,0,0,439,3,20,0
1990,18,2,1,0,0,0,259,1,35,0
1990,33,1,0,0,0,0,534,3,40,0
1990,31,2,0,0,0,1,458,4,30,0
1990,66,1,0,0,0,0,0,0,0,0
1990,66,2,0,0,0,0,785,1,40,0
1990,37,1,0,0,0,1,628,1,42,0
1990,28,2,0,0,0,0,264,3,21,0
1990,66,1,3,0,0,1,22,0,50,0
1990,59,1,3,0,0,1,307,2,40,1
1990,25,1,1,0,2,0,223,1,40,0
1990,52,1,0,0,0,0,453,5,40,0
1990,49,2,0,0,0,0,453,4,20,0
1990,28,2,1,0,0,0,785,1,40,0
1990,22,2,1,0,0,0,453,3,12,0
1990,33,1,2,0,0,1,628,1,33,0
1990,47,2,3,0,0,0,64,5,37,0
1990,52,2,2,0,0,0,683,1,40,0
1990,35,1,0,0,0,1,259,3,50,0
1990,34,2,0,0,0,1,0,0,0,0
1990,32,1,1,0,0,1,213,1,40,0
1990,29,2,1,0,0,1,235,1,40,0
1990,41,1,2,0,0,1,804,3,50,0
1990,28,1,1,0,0,1,64,1,45,0
1990,62,1,0,0,0,0,417,6,42,0
1990,58,2,0,0,0,0,683,1,40,0
1990,54,1,0,0,0,1,64,4,48,1
1990,53,2,0,0,0,1,313,4,40,0
1990,41,1,0,0,0,1,22,1,60,0
1990,38,2,0,0,0,0,0,0,0,0
1990,18,2,1,0,0,0,276,3,20,0
1990,29,1,0,0,3,1,806,3,30,0
1990,24,2,0,0,3,1,0,0,0,0
1990,79,1,0,0,0,0,0,0,0,0
1990,74,2,0,0,0,0,0,0,0,0
1990,23,1,1,0,0,0,785,1,34,0
1990,22,2,1,0,0,0,808,2,50,0
1990,32,2,3,2,1,0,889,1,0,0
1990,38,2,3,2,0,0,796,1,40,0
1990,29,1,0,0,0,0,453,4,40,0
1990,27,2,0,0,0,1,22,1,40,0
1990,29,2,2,0,0,1,259,3,20,0
1990,30,2,1,0,0,1,418,6,40,0
1990,31,2,0,2,0,0,276,4,8,0
1990,34,1,0,2,0,0,804,2,40,0
1990,52,1,0,0,3,0,754,1,40,0
1990,51,2,0,0,3,0,436,3,20,0
1990,29,2,1,0,3,0,365,1,38,0
1990,25,2,1,0,3,0,754,1,42,0
1990,23,1,1,0,3,1,777,1,42,0
1990,29,1,1,0,3,0,453,1,40,0
1990,46,1,2,0,0,0,567,0,0,0
1990,23,2,1,0,0,1,5,6,40,0
1990,25,2,1,0,0,1,319,4,45,0
1990,53,2,2,0,0,0,95,3,40,0
1990,31,2,1,0,0,0,453,5,40,0
1990,35,1,2,0,0,0,364,3,50,0
1990,66,2,3,0,0,0,0,0,0,0
1990,80,2,3,0,0,0,0,0,0,0
1990,40,1,0,0,0,0,363,1,40,0
1990,34,2,0,0,0,1,22,3,40,0
1990,19,2,1,0,0,0,0,0,0,0
1990,34,2,3,0,0,0,276,3,40,0
1990,60,2,3,0,0,0,796,1,40,0
1990,26,1,0,0,0,1,486,0,70,0
1990,30,2,0,0,0,1,207,5,24,0
1990,56,1,2,0,0,1,85,5,52,1
1990,70,1,0,0,0,0,0,0,0,0
1990,67,2,0,0,0,0,0,0,0,0
1990,71,1,0,0,0,0,59,5,12,0
1990,71,2,0,0,0,0,0,0,0,0
1990,46,2,2,0,0,0,628,1,50,0
1990,66,2,3,0,0,0,259,3,24,0
1990,74,1,0,0,0,0,0,0,0,0
1990,71,2,0,0,0,0,0,0,0,0
1990,31,1,1,0,0,1,235,3,40,0
1990,29,1,0,0,0,1,64,4,45,1
1990,28,2,0,0,0,1,53,0,45,0
1990,25,2,1,0,0,1,217,5,18,0
1990,35,1,0,0,0,0,453,5,43,0
1990,36,2,0,0,0,1,104,6,40,0
1990,36,1,2,0,0,0,637,1,50,0
1990,29,2,2,0,0,1,337,0,35,0
1990,76,2,2,0,0,1,95,5,0,0
1990,41,1,0,0,0,1,159,5,20,0
1990,41,2,0,0,0,1,0,0,0,0
1990,70,2,3,0,0,0,0,0,0,0
1990,26,1,0,0,0,1,55,5,44,0
1990,26,2,0,0,0,1,103,5,20,0
1990,54,2,1,0,0,1,156,5,35,0
1990,37,1,0,0,0,1,188,1,50,0
1990,35,2,0,0,0,1,336,5,45,0
1990,48,2,1,0,0,1,157,5,40,0
1990,43,2,2,0,0,0,363,1,40,0
1990,50,2,3,0,0,1,95,5,37,0
1990,22,1,1,0,0,1,256,3,40,0
1990,40,1,0,0,0,1,26,5,50,1
1990,38,2,0,0,0,1,687,3,30,0
1990,31,1,0,0,0,1,178,6,37,0
1990,32,2,0,0,0,1,5,6,40,0
1990,47,1,0,0,0,1,426,3,45,1
1990,32,2,0,0,0,1,313,5,25,0
1990,74,1,0,0,0,0,0,0,0,0
1990,71,2,0,0,0,0,0,0,0,0
1990,42,2,2,0,0,0,385,1,45,0
1990,32,1,0,0,0,1,176,5,60,0
1990,35,2,0,0,2,1,317,4,5,0
1990,39,2,1,1,0,0,449,5,0,0
1990,43,2,2,0,0,0,683,1,40,0
1990,19,1,1,0,0,0,575,0,40,0
1990,48,1,0,0,0,1,23,1,45,0
1990,45,2,0,0,0,1,33,1,40,0
1990,40,1,0,0,0,1,267,3,70,0
1990,37,2,0,0,0,1,166,3,0,0
1990,64,2,2,0,0,1,21,5,75,0
1990,40,1,2,0,0,1,436,3,60,0
1990,50,2,2,0,0,1,328,5,45,0
1990,19,1,1,0,0,1,386,3,10,0
1990,66,2,2,0,0,0,313,5,0,0
1990,67,1,2,0,0,0,558,0,40,0
1990,36,1,0,0,0,1,9,3,60,1
1990,36,2,0,0,0,1,0,0,0,0
1990,63,1,0,0,0,1,53,0,40,0
1990,64,2,0,0,0,0,188,3,40,0
1990,51,1,0,0,0,0,22,0,40,0
1990,48,2,0,0,0,0,274,3,17,0
1990,24,2,1,0,0,1,389,3,40,0
1990,22,1,1,0,0,1,567,0,40,0
1990,53,1,0,0,0,1,156,5,40,0
1990,54,2,0,0,0,1,0,0,0,0
1990,20,1,1,0,0,0,0,0,0,0
1990,27,2,0,0,0,1,23,4,40,0
1990,32,1,0,0,0,0,567,5,40,0
1990,26,1,0,0,0,1,103,5,40,0
1990,33,2,0,0,0,1,15,5,40,0
1990,76,1,3,0,0,0,0,0,0,0
1990,74,2,3,0,0,0,0,0,0,0
1990,71,1,0,0,0,0,628,1,30,0
1990,69,2,0,0,0,0,889,1,6,0
1990,76,1,3,0,0,0,0,0,0,0
1990,51,2,2,0,0,1,95,5,30,0
1990,30,1,1,0,0,0,567,0,40,0
1990,28,1,3,0,0,0,595,0,0,0
1990,32,2,1,2,0,0,0,0,0,0
1990,39,1,1,2,0,0,593,0,40,0
1990,63,2,3,0,0,1,313,5,30,0
1990,18,2,1,0,0,0,0,0,0,0
1990,37,1,1,0,0,1,18,1,46,1
1990,61,1,0,0,0,1,55,2,40,1
1990,61,2,0,0,0,0,254,4,0,0
1990,32,1,0,0,3,1,185,1,40,1
1990,34,2,0,0,3,1,213,1,45,0
1990,25,2,1,0,3,1,0,0,0,0
1990,30,2,1,0,3,1,0,0,0,0
1990,55,2,0,0,3,0,0,0,0,0
1990,57,1,0,0,3,0,0,0,0,0
1990,53,1,0,0,0,0,253,4,48,0
1990,32,2,0,0,0,0,319,5,0,0
1990,72,2,3,0,0,0,0,0,0,0
1990,31,1,0,0,1,1,64,1,45,0
1990,34,2,0,0,0,1,23,1,40,1
1990,37,2,2,0,0,1,22,1,55,0
1990,59,1,1,0,3,1,23,1,40,0
1990,42,2,3,0,0,1,156,5,0,0
1990,76,1,0,0,0,0,0,0,0,0
1990,70,2,0,0,0,0,468,5,13,0
1990,49,1,0,0,0,1,23,5,50,1
1990,47,2,0,0,0,1,156,5,0,0
1990,19,2,1,0,0,0,379,5,12,0
1990,18,1,1,0,0,0,379,1,15,0
1990,40,1,0,0,0,0,189,4,50,0
1990,36,2,0,0,0,1,156,5,45,0
1990,57,1,0,0,1,0,365,1,40,0
1990,46,2,0,0,1,0,365,1,40,0
1990,26,1,1,0,1,1,803,2,25,0
1990,22,1,1,0,0,1,458,4,25,0
1990,61,1,0,0,0,1,156,5,50,0
1990,60,2,0,0,0,1,0,0,0,0
1990,29,1,1,0,0,1,174,5,40,0
1990,21,2,1,0,0,1,274,3,30,0
1990,34,2,2,0,0,0,163,5,40,0
1990,28,1,1,0,0,1,257,1,45,0
1990,40,1,0,0,0,1,22,1,45,1
1990,38,2,0,0,0,1,628,1,45,1
1990,46,1,0,0,0,1,14,5,60,1
1990,46,2,0,0,0,1,26,5,50,1
1990,21,2,1,0,0,1,235,5,3,0
1990,19,2,1,0,0,1,379,4,40,0
1990,26,2,1,0,0,1,22,5,40,0
1990,43,1,0,0,2,1,84,5,60,1
1990,44,2,0,0,2,1,0,0,0,0
1990,63,1,0,0,0,1,7,1,42,1
1990,61,2,0,0,0,0,0,0,0,0
1990,59,1,0,0,0,1,22,1,0,1
1990,58,2,0,0,0,1,0,0,0,0
1990,29,1,2,0,0,0,637,1,50,0
1990,33,1,0,0,0,1,258,5,50,1
1990,33,2,0,0,0,1,23,5,0,0
1990,55,1,0,0,0,0,229,2,40,0
1990,49,2,0,0,0,0,779,3,40,0
1990,18,1,1,0,0,0,869,0,40,0
1990,36,2,0,0,0,0,433,3,40,0
1990,37,1,0,0,0,0,267,3,0,0
1990,50,1,0,0,0,0,575,0,40,0
1990,47,2,0,0,0,1,0,0,0,0
1990,24,1,1,0,0,1,259,3,55,0
1990,20,1,1,0,0,1,885,3,30,0
1990,18,2,1,0,0,0,274,3,20,0
1990,57,1,0,0,0,1,26,5,60,1
1990,55,2,0,0,0,1,22,1,50,1
1990,25,2,1,0,0,1,22,4,40,0
1990,62,1,0,0,0,0,0,0,0,0
1990,68,2,0,0,0,0,0,0,0,0
1990,31,1,1,0,0,1,357,2,44,0
1990,63,1,0,0,0,0,243,3,0,0
1990,60,2,0,0,0,1,0,0,0,0
1990,25,2,1,0,0,1,487,4,32,0
1990,43,1,0,0,0,1,53,0,40,1
1990,39,2,0,0,0,1,0,0,0,0
1990,54,1,0,0,0,0,585,2,40,0
1990,56,2,0,0,2,0,0,0,0,0
1990,24,2,1,0,0,0,373,3,40,0
1990,49,1,0,0,0,1,178,4,50,1
1990,46,2,0,0,0,1,0,0,0,1
1990,65,1,0,0,0,1,178,5,60,1
1990,50,2,0,0,0,1,255,4,24,1
1990,54,1,2,0,0,1,256,4,50,1
1990,53,2,2,0,0,1,274,3,7,0
1990,70,1,0,0,0,0,575,0,40,0
1990,64,2,0,0,0,0,0,0,0,0
1990,44,1,0,0,0,1,78,5,50,0
1990,29,2,0,0,0,1,223,5,40,0
1990,49,1,0,0,2,0,436,3,70,0
1990,48,2,0,0,2,0,799,1,40,0
1990,24,2,1,0,4,1,458,4,32,0
1990,22,1,1,0,4,0,436,3,30,0
1990,80,2,3,0,0,1,0,0,0,0
1990,63,2,0,0,0,1,327,2,37,0
1990,69,1,0,0,2,1,579,0,0,0
1990,28,2,1,0,0,1,436,5,55,0
1990,69,1,0,0,0,0,0,0,0,0
1990,69,2,0,0,0,0,0,0,0,0
1990,73,2,3,0,0,0,0,0,0,0
1990,47,1,0,0,0,1,13,1,40,0
1990,46,2,0,0,2,1,274,3,25,0
1990,28,2,1,3,3,1,389,5,4,0
1990,71,1,0,0,0,0,0,0,0,0
1990,70,2,0,0,2,1,204,5,0,0
1990,58,1,0,0,0,1,154,5,40,0
1990,45,2,0,0,0,1,178,5,40,0
1990,19,2,1,0,0,1,436,3,16,0
1990,64,1,0,0,0,1,22,5,34,1
1990,59,2,0,0,0,1,159,5,44,0
1990,35,1,0,1,0,1,78,5,50,1
1990,32,2,0,1,0,1,203,4,50,0
1990,60,1,0,0,0,0,636,1,40,0
1990,55,2,0,0,0,0,313,1,30,0
1990,49,1,0,0,0,0,22,4,55,0
1990,46,2,0,0,0,0,275,4,30,0
1990,21,1,1,0,0,0,567,0,30,0
1990,18,1,1,0,0,0,639,1,24,0
1990,40,1,2,0,0,1,259,3,40,0
1990,34,1,2,0,0,1,389,5,42,0
1990,31,1,0,0,0,1,804,2,42,0
1990,29,2,0,0,0,1,105,5,40,0
1990,51,1,2,0,0,1,628,1,55,0
1990,38,2,1,0,0,1,313,5,40,0
1990,32,1,0,0,0,1,43,5,48,1
1990,36,2,0,0,0,1,234,4,10,0
1990,34,2,3,0,0,0,8,2,44,1
1990,69,2,3,0,0,0,313,6,0,0
1990,71,2,3,0,0,0,274,3,16,0
1990,48,2,3,0,0,1,337,3,37,0
1990,25,1,1,3,0,1,869,0,35,0
1990,25,1,1,0,0,0,869,0,30,0
1990,35,1,0,0,0,1,22,1,40,1
1990,33,2,0,0,0,1,22,1,16,0
1990,72,2,3,0,0,1,313,5,15,0
1990,38,2,0,0,0,1,105,5,3,0
1990,38,1,0,0,0,1,174,5,40,0
1990,48,1,0,0,0,1,628,1,37,0
1990,36,2,0,0,0,0,453,4,3,0
1990,22,1,3,0,0,1,373,3,0,0
1990,20,2,1,0,0,1,285,3,10,0
1990,45,2,3,0,0,0,313,2,35,0
1990,63,2,3,0,0,1,277,2,0,0
1990,78,1,0,0,0,0,0,0,0,0
1990,75,2,0,0,0,0,0,0,0,0
1990,62,1,0,0,0,1,57,1,40,0
1990,61,2,0,0,0,1,444,1,0,0
1990,42,1,0,0,0,0,706,1,40,0
1990,39,2,0,0,0,0,276,3,0,0
1990,55,1,0,0,0,1,55,1,40,0
1990,51,2,0,0,0,1,243,3,40,0
1990,23,2,1,0,0,1,385,1,40,0
1990,30,1,0,0,2,0,869,0,40,0
1990,28,2,0,0,2,0,0,0,0,0
1990,38,1,0,0,0,1,259,1,45,0
1990,35,2,0,0,0,0,373,3,40,0
1990,78,2,3,0,0,0,0,0,0,0
1990,62,1,0,0,0,0,0,0,0,0
1990,50,2,0,0,0,0,0,0,0,0
1990,30,2,1,0,0,1,274,3,50,0
1990,47,1,0,0,0,1,637,1,40,0
1990,44,2,0,0,0,0,808,6,30,0
1990,18,2,1,0,0,0,276,3,12,0
1990,32,2,0,0,0,0,339,4,25,0
1990,32,1,0,0,0,0,514,3,40,0
1990,64,1,0,0,2,0,558,0,0,0
1990,61,2,0,0,0,0,0,0,0,0
1990,26,1,1,0,0,0,889,4,40,0
1990,62,1,0,0,0,1,575,0,40,0
1990,60,2,0,0,0,0,376,3,25,0
1990,21,2,1,0,0,1,379,6,40,0
1990,58,1,0,0,2,0,453,4,40,0
1990,58,2,0,0,1,0,453,4,20,0
1990,30,2,1,0,1,1,318,2,40,0
1990,23,2,1,0,0,0,313,1,40,0
1990,21,1,1,0,0,0,889,3,40,0
1990,26,2,2,0,0,1,6,6,60,0
1990,36,2,3,2,1,1,449,4,30,0
1990,31,2,2,2,1,0,443,3,40,0
1990,29,1,0,3,3,1,809,3,0,0
1990,25,2,0,3,3,0,0,0,0,0
1990,46,1,2,0,0,1,628,1,44,0
1990,54,1,0,0,0,0,715,1,40,0
1990,48,2,0,0,0,0,447,5,40,0
1990,28,2,1,0,0,1,22,4,40,0
1990,39,2,3,0,0,1,22,4,40,0
1990,49,1,0,0,0,1,178,5,40,1
1990,47,2,0,0,0,1,0,0,0,0
1990,39,2,0,0,0,1,804,3,0,0
1990,47,1,0,0,2,1,458,4,60,0
1990,62,1,0,0,0,1,259,1,42,0
1990,62,2,0,0,0,0,303,4,36,0
1990,58,1,0,0,0,1,59,1,48,1
1990,56,2,0,0,0,0,313,5,40,0
1990,22,2,1,0,0,1,319,5,12,0
1990,45,1,0,0,0,1,199,5,40,1
1990,42,2,0,0,0,1,99,5,30,0
1990,34,1,0,0,0,1,508,1,40,0
1990,34,2,0,0,0,0,337,3,40,0
1990,45,1,0,0,0,1,84,5,60,1
1990,43,2,0,0,0,1,274,3,10,0
1990,66,2,3,0,0,0,188,5,20,0
1990,69,2,3,0,0,0,888,1,40,0
1990,53,1,0,0,0,0,567,0,40,0
1990,49,2,0,0,0,0,0,0,0,0
1990,28,1,1,0,0,0,567,0,40,0
1990,22,1,1,0,0,0,686,3,40,0
1990,53,2,1,0,0,0,754,3,40,0
1990,49,1,1,0,0,0,686,3,40,0
1990,57,1,1,0,0,0,785,1,0,0
1990,24,1,0,0,0,0,498,0,12,0
1990,22,2,0,0,0,0,338,1,40,0
1990,63,1,0,0,0,0,0,0,0,0
1990,65,2,0,0,0,0,0,0,0,0
1990,53,1,0,0,0,0,453,4,35,0
1990,50,2,0,0,0,1,319,5,15,0
1990,73,2,3,0,0,1,0,0,0,0
1990,20,1,1,0,0,0,869,0,45,0
1990,19,2,1,0,0,0,487,0,35,0
1990,28,2,1,0,0,1,95,5,45,0
1990,28,1,1,0,0,1,64,1,40,0
1990,47,2,1,0,0,0,313,5,40,0
1990,47,1,1,0,0,1,176,5,40,0
1990,67,2,1,0,0,0,22,0,0,0
1990,49,1,1,0,0,1,55,5,40,0
1990,35,2,1,0,0,1,22,0,35,0
1990,43,1,2,0,0,1,447,5,40,0
1990,55,1,0,0,2,1,217,0,40,0
1990,54,2,0,0,2,1,385,4,40,0
1990,31,2,1,0,0,1,104,5,42,0
1990,48,1,0,0,0,1,19,4,80,1
1990,42,2,0,0,0,1,206,5,0,0
1990,27,2,0,0,2,0,95,5,40,0
1990,30,1,0,0,2,0,259,3,54,0
1990,67,1,3,0,0,0,453,4,8,0
1990,23,1,1,0,0,0,235,4,40,0
1990,64,2,1,0,1,1,315,6,37,0
1990,79,1,0,0,4,0,259,3,5,0
1990,73,2,0,0,0,1,0,0,0,0
1990,53,1,0,0,0,1,65,6,37,0
1990,47,2,0,0,0,1,95,5,24,0
1990,22,2,1,0,0,1,174,6,40,0
1990,21,2,1,0,0,1,376,2,35,0
1990,20,2,1,3,0,0,264,3,10,0
1990,63,2,3,0,2,1,156,5,0,0
1990,54,2,3,3,3,0,436,3,40,0
1990,26,2,1,3,3,1,96,3,43,0
1990,24,1,1,3,3,0,436,3,40,0
1990,28,1,1,0,0,1,186,5,40,0
1990,28,2,1,0,0,1,335,1,60,0
1990,27,1,1,0,0,1,64,4,40,0
1990,22,1,1,2,4,1,55,1,16,0
1990,21,1,1,0,2,1,379,4,35,0
1990,19,1,1,0,2,1,0,0,0,0
1990,20,2,1,1,4,0,406,4,8,0
1990,34,1,0,3,3,1,337,4,45,0
1990,32,2,0,3,3,0,365,1,40,0
1990,41,1,2,0,0,0,443,4,40,0
1990,35,1,2,3,3,0,0,0,0,0
1990,18,1,1,0,0,1,804,3,0,0
1990,21,1,1,0,0,1,59,5,17,0
1990,22,1,1,0,0,1,447,5,16,0
1990,20,1,1,0,0,1,59,2,17,0
1990,21,2,1,0,0,1,406,4,20,0
1990,21,1,1,0,0,1,186,5,6,0
1990,24,1,1,0,2,1,337,5,6,0
1990,23,1,1,0,0,1,216,5,20,0
1990,47,1,3,0,1,1,447,5,40,0
1990,47,1,1,0,0,1,208,2,40,0
1990,29,1,0,0,1,1,178,4,48,0
1990,24,2,0,0,1,1,313,2,25,0
1990,20,2,1,0,0,1,276,3,20,0
1990,26,1,1,0,2,1,159,5,35,0
1990,25,2,1,0,4,1,364,5,28,0
1990,18,1,1,0,0,1,276,3,20,0
1990,41,2,1,0,0,1,313,5,35,0
1990,20,2,1,3,3,1,23,4,36,0
1990,67,1,2,0,0,0,0,0,0,0
1990,59,2,3,0,0,0,447,5,37,0
1990,65,1,1,0,1,1,84,5,0,0
1990,34,1,0,0,1,1,575,0,40,0
1990,26,2,0,0,0,1,453,1,40,0
1990,40,1,1,3,3,0,436,6,60,0
1990,44,1,0,0,0,1,84,5,60,1
1990,43,2,0,0,0,1,156,5,60,0
1990,35,2,1,0,0,1,67,4,37,0
1990,42,1,0,0,0,1,84,5,60,1
1990,46,2,0,0,0,1,264,3,32,0
1990,28,2,1,0,0,1,22,5,0,1
1990,40,1,3,1,4,1,22,4,12,0
1990,26,1,1,0,0,1,64,3,40,0
1990,31,2,2,3,3,1,23,4,40,0
1990,39,2,1,0,0,1,156,5,36,0
1990,25,1,1,0,0,1,23,4,50,0
1990,21,2,1,0,2,1,195,1,35,0
1990,51,1,1,0,0,1,178,5,40,0
1990,40,1,0,0,0,1,25,4,40,0
1990,34,2,0,0,0,1,234,5,40,0
1990,29,2,1,0,0,1,178,5,45,0
1990,27,2,1,0,0,1,55,1,45,0
1990,23,1,3,0,0,0,523,6,99,0
1990,33,1,1,0,0,1,59,5,40,0
1990,28,2,1,0,0,1,95,5,40,0
1990,63,1,0,0,0,0,889,1,0,0
1990,63,2,0,0,0,0,33,6,40,0
1990,74,2,1,0,0,0,0,0,0,0
1990,40,2,1,0,0,1,95,6,45,0
1990,65,2,1,0,0,0,0,0,0,0
1990,44,2,2,0,4,1,95,5,43,0
1990,29,1,0,0,0,0,779,1,45,0
1990,28,2,0,0,0,0,0,0,0,0
1990,26,1,1,2,0,0,453,4,40,0
1990,33,1,3,2,0,0,453,4,40,0
1990,56,1,0,0,0,0,453,2,40,0
1990,62,2,0,0,0,0,0,0,0,0
1990,56,1,0,3,1,0,453,3,60,0
1990,52,2,0,3,1,0,458,4,50,0
1990,23,1,1,3,1,0,579,0,60,0
1990,74,2,3,0,0,0,0,0,0,0
1990,30,2,1,0,2,0,458,4,24,0
1990,74,2,1,0,1,0,0,0,0,0
1990,41,1,1,0,0,1,84,5,60,1
1990,37,1,0,3,3,0,436,3,60,0
1990,36,2,0,3,3,0,749,1,40,0
1990,26,2,1,0,0,1,276,5,0,0
1990,27,2,1,3,3,1,85,5,40,0
1990,73,1,1,1,0,0,0,0,0,0
1990,52,2,1,0,0,1,156,5,40,0
1990,53,2,1,0,0,1,174,5,50,0
1990,28,2,1,2,0,0,264,3,0,0
1990,66,1,0,0,0,1,53,5,50,1
1990,48,2,0,0,0,1,313,5,37,0
1990,37,2,2,0,0,0,0,0,0,0
1990,33,1,1,3,0,1,859,2,40,0
1990,33,2,1,0,0,1,389,3,40,0
1990,39,2,1,1,0,0,796,1,40,0
1990,19,1,1,1,0,0,869,0,40,0
1990,29,1,1,0,0,1,22,5,50,0
1990,34,2,0,1,0,0,0,0,0,0
1990,31,1,0,1,0,0,0,0,0,0
1990,22,2,2,1,0,0,0,0,0,0
1990,35,2,3,1,0,0,466,5,40,0
1990,34,2,2,1,0,0,387,5,35,0
1990,38,2,3,3,0,1,389,5,30,0
1990,27,1,1,1,4,1,0,0,0,0
1990,25,1,1,1,4,1,0,0,0,0
1990,20,1,1,1,4,1,0,0,0,0
1990,75,1,3,0,0,0,0,0,0,0
1990,78,2,3,0,2,0,0,0,0,0
1990,39,1,0,3,3,1,549,1,40,0
1990,35,2,0,3,3,1,446,5,40,0
1990,25,1,1,3,0,0,436,3,40,0
1990,43,2,2,0,0,1,22,4,60,1
1990,41,2,1,0,0,1,346,5,0,0
1990,30,1,0,1,0,1,23,4,35,0
1990,29,2,0,1,0,1,313,5,35,0
1990,51,2,3,1,0,1,156,5,40,0
1990,55,1,3,1,0,0,0,0,0,0
1990,62,1,0,1,0,0,21,5,40,0
1990,58,2,0,1,0,0,319,5,40,0
1990,25,1,1,1,0,0,446,5,40,0
1990,51,2,1,1,0,0,0,0,0,0
1990,21,2,1,2,0,1,313,5,37,0
1990,43,2,2,1,0,1,525,5,40,0
1990,23,1,1,1,0,0,417,6,40,0
1990,24,2,3,2,0,0,379,5,0,0
1990,58,1,3,1,0,0,558,0,0,0
1990,46,1,0,1,0,0,808,2,55,0
1990,38,2,0,1,0,0,447,5,0,0
1990,22,2,1,1,0,0,276,3,0,0
1990,49,1,2,1,0,0,889,5,40,0
1990,35,1,1,1,0,1,229,5,45,0
1990,48,1,0,3,0,0,453,4,20,0
1990,37,2,0,1,0,0,785,1,0,0
1990,19,1,1,1,0,0,379,4,30,0
1990,33,2,1,1,0,1,313,5,0,0
1990,20,1,1,1,0,0,385,6,50,0
1990,39,2,1,1,1,0,436,3,40,0
1990,50,1,0,1,0,0,785,1,0,0
1990,57,2,0,1,0,1,0,0,0,0
1990,30,2,3,1,0,0,804,2,0,0
1990,22,2,1,1,0,0,796,1,0,0
1990,43,1,1,1,0,1,869,0,0,0
1990,63,1,0,1,0,1,637,1,40,0
1990,46,2,0,1,0,0,447,5,40,0
1990,65,1,0,0,0,0,844,0,40,0
1990,61,2,0,3,0,0,0,0,0,0
1990,29,1,2,3,0,0,885,3,40,0
1990,79,2,3,0,0,0,0,0,0,0
1990,41,1,3,0,0,1,453,6,0,0
1990,40,2,3,0,0,1,0,0,0,0
1990,39,1,2,0,0,0,36,4,45,0
1990,60,2,1,0,0,0,503,2,0,0
1990,58,1,2,0,0,0,0,0,0,0
1990,45,2,3,0,0,0,355,2,40,0
1990,24,1,1,0,0,1,418,6,35,0
1990,19,1,1,0,0,0,866,0,40,0
1990,48,1,0,0,0,1,22,4,40,1
1990,45,2,0,0,0,1,456,5,35,0
1990,26,2,0,0,0,0,439,3,40,0
1990,33,1,0,0,2,0,687,3,40,0
1990,36,1,0,0,0,0,505,4,40,0
1990,32,2,0,0,0,0,0,0,0,0
1990,33,1,0,0,0,1,55,1,75,0
1990,31,2,0,0,0,1,208,5,28,0
1990,19,1,1,1,0,0,436,3,40,0
1990,52,2,1,0,0,1,0,0,0,0
1990,37,1,1,0,0,0,803,5,40,0
1990,59,1,1,0,0,0,346,4,37,0
1990,58,2,1,0,0,0,389,3,25,0
1990,26,2,1,0,0,1,174,5,35,0
1990,29,2,1,0,0,1,208,5,40,0
1990,39,2,3,3,0,0,203,5,40,0
1990,74,2,1,0,0,0,0,0,0,0
1990,32,2,0,0,0,1,167,5,25,0
1990,37,1,0,0,0,1,157,5,40,0
1990,49,2,3,0,0,0,5,6,40,0
1990,24,1,1,0,0,0,866,0,0,0
1990,27,2,1,0,0,1,313,6,37,0
1990,37,2,3,0,0,1,159,5,45,0
1990,36,1,1,0,0,1,37,4,45,0
1990,38,1,1,0,0,1,666,3,40,0
1990,29,1,0,1,1,1,308,4,40,0
1990,28,2,0,1,1,1,447,5,35,0
1990,63,1,0,1,1,0,449,4,40,0
1990,59,2,0,1,1,0,436,4,25,0
1990,42,1,0,0,2,1,217,1,40,0
1990,42,2,0,0,0,0,308,4,26,0
1990,78,2,3,0,0,0,0,0,0,0
1990,44,2,3,0,0,1,0,0,0,0
1990,27,1,0,0,0,1,18,4,50,0
1990,25,2,0,0,0,1,23,5,50,0
1990,58,1,0,0,0,0,687,3,40,0
1990,53,2,0,0,0,0,435,3,40,0
1990,29,1,1,0,0,0,435,4,40,0
1990,29,1,3,0,0,0,218,4,20,0
1990,38,1,2,0,0,1,828,2,45,0
1990,57,1,0,0,0,0,21,5,50,1
1990,57,2,0,0,0,0,274,3,40,0
1990,32,1,1,0,0,0,563,0,40,0
1990,30,2,1,0,0,1,0,0,0,0
1990,26,2,1,0,0,0,318,2,40,0
1990,23,1,1,0,0,1,0,0,0,0
1990,63,2,1,0,0,0,0,0,0,0
1990,30,2,0,0,0,1,98,5,40,0
1990,29,1,0,0,0,1,156,5,30,0
1990,48,1,0,0,0,1,27,6,37,0
1990,42,2,0,0,0,1,174,6,42,0
1990,31,1,0,1,1,0,444,3,40,0
1990,31,2,0,1,1,0,449,4,40,0
1990,56,2,3,1,1,0,407,4,42,0
1990,31,1,1,1,1,0,444,4,0,0
1990,72,1,0,0,0,0,26,5,0,0
1990,69,2,0,0,0,0,0,0,0,0
1990,52,2,3,0,0,1,313,4,37,0
1990,25,1,1,0,0,0,575,4,40,0
1990,24,1,1,0,0,0,575,3,40,0
1990,19,1,1,0,0,0,885,3,40,0
1990,70,1,2,0,0,1,259,3,0,0
1990,80,2,3,0,0,1,0,0,0,0
1990,43,1,0,0,0,1,189,4,40,0
1990,37,2,0,0,0,1,373,3,0,0
1990,48,1,0,0,0,1,73,5,50,1
1990,47,2,0,0,0,1,167,5,8,0
1990,40,1,1,0,0,1,243,3,50,0
1990,37,1,1,0,0,1,185,3,40,0
1990,62,2,1,0,0,1,156,5,30,0
1990,61,2,1,0,0,1,14,5,40,0
1990,45,2,1,0,0,1,14,5,50,0
1990,69,2,1,0,0,1,156,5,40,0
1990,60,2,1,0,0,1,177,5,40,0
1990,62,2,1,0,0,1,154,5,36,0
1990,49,2,1,0,0,1,23,5,40,0
1990,55,2,1,0,0,1,389,5,40,0
1990,25,1,1,0,0,1,217,0,45,0
1990,37,1,0,2,1,0,549,4,40,0
1990,25,2,0,2,1,0,789,3,40,0
1990,35,1,0,0,0,0,883,3,55,0
1990,30,2,0,0,0,0,313,3,25,0
1990,33,2,1,0,0,1,84,5,90,0
1990,24,1,1,0,0,1,216,5,40,0
1990,23,1,1,0,0,1,26,1,30,0
1990,33,1,1,0,3,1,22,4,50,0
1990,24,2,1,0,0,0,406,4,40,0
1990,29,1,0,0,0,1,22,4,50,1
1990,31,2,0,0,0,1,255,4,40,0
1990,65,1,0,0,0,1,23,5,40,1
1990,63,2,0,0,0,0,315,5,18,0
1990,38,1,1,0,0,1,364,3,40,0
1990,62,2,0,0,0,0,323,4,0,0
1990,54,1,0,0,0,1,0,0,0,0
1990,77,2,3,0,0,0,0,0,0,0
1990,31,1,0,0,0,1,809,2,22,0
1990,53,2,0,0,0,0,313,5,40,0
1990,72,2,2,0,0,0,0,0,0,0
1990,59,2,2,1,0,1,303,5,40,0
1990,42,1,2,3,0,1,575,1,40,0
1990,35,2,3,0,0,1,313,5,25,0
1990,41,1,1,0,0,1,185,1,40,0
1990,39,2,3,0,0,1,37,6,40,0
1990,41,2,1,0,0,1,337,4,45,0
1990,39,2,3,1,0,0,447,5,40,0
1990,20,2,1,1,0,0,313,5,40,0
1990,18,2,1,1,0,0,264,3,0,0
1990,24,2,1,2,1,0,0,0,0,0
1990,23,2,1,2,4,0,723,1,40,0
1990,37,1,0,0,0,1,808,2,40,1
1990,34,2,0,0,0,0,435,3,15,0
1990,38,1,1,0,0,1,355,2,45,0
1990,21,2,1,1,0,0,373,3,20,0
1990,19,2,1,1,0,0,327,6,0,0
1990,63,2,3,0,0,0,0,0,0,0
1990,71,1,3,0,0,0,0,0,0,0
1990,42,2,1,0,0,1,156,5,70,0
1990,53,2,0,0,0,0,379,2,37,0
1990,56,1,0,0,0,0,458,4,30,0
1990,28,1,1,0,0,1,17,5,43,0
1990,23,1,1,0,0,0,585,0,40,0
1990,39,1,0,0,0,0,453,4,35,0
1990,33,2,0,0,0,0,276,3,8,0
1990,20,2,1,0,0,0,379,6,14,0
1990,55,1,0,0,0,0,7,0,40,0
1990,54,2,0,0,0,0,0,0,0,0
1990,19,1,1,0,0,0,0,0,0,0
1990,44,1,2,0,0,1,22,4,40,0
1990,47,1,0,0,0,0,889,5,40,0
1990,41,2,0,0,0,0,0,0,0,0
1990,66,2,3,0,0,1,0,0,0,0
1990,65,1,0,0,0,0,376,3,0,0
1990,61,2,0,0,0,0,376,2,40,0
1990,60,2,3,0,0,1,425,6,63,0
1990,28,1,1,0,0,0,327,2,37,0
1990,53,1,0,0,0,0,45,1,38,0
1990,53,2,0,0,0,1,23,4,40,0
1990,30,1,1,0,0,1,365,1,0,0
1990,28,2,1,0,0,1,24,4,37,0
1990,22,2,1,0,0,1,435,3,37,0
1990,32,1,1,0,0,0,234,5,40,0
1990,34,1,0,0,0,0,808,2,40,0
1990,40,2,0,0,0,0,435,3,25,0
1990,22,1,1,0,0,0,28,3,40,0
1990,19,2,1,0,0,0,436,6,30,0
1990,18,2,1,0,0,0,216,1,45,0
1990,35,2,1,0,0,0,808,2,20,0
1990,27,1,0,0,0,1,823,2,45,0
1990,27,2,0,0,0,1,319,4,40,0
1990,20,2,1,0,0,0,433,3,40,0
1990,75,2,3,0,0,0,0,0,0,0
1990,34,1,1,0,0,1,235,3,40,0
1990,40,1,0,0,0,1,189,4,20,0
1990,39,2,0,0,0,0,24,4,40,0
1990,61,1,0,0,0,1,216,5,40,0
1990,55,2,0,0,0,0,243,3,45,0
1990,31,1,0,0,0,1,734,1,40,0
1990,33,2,0,0,2,0,425,5,16,0
1990,33,1,0,0,1,1,386,4,37,0
1990,31,2,0,0,0,1,337,4,25,0
1990,65,1,0,0,0,0,783,4,40,0
1990,46,2,0,0,0,0,313,6,0,0
1990,24,1,1,0,0,1,213,6,40,0
1990,35,1,0,0,0,1,29,3,40,0
1990,33,2,0,0,0,1,17,4,37,0
1990,75,2,2,0,0,0,0,0,0,0
1990,51,1,0,0,0,0,22,2,40,0
1990,53,2,0,0,0,0,0,0,0,0
1990,31,2,3,0,0,1,445,5,0,0
1990,26,1,1,0,0,0,889,2,40,0
1990,25,2,1,0,0,1,315,6,40,0
1990,20,2,1,0,0,1,36,6,40,0
1990,36,1,0,0,0,1,64,4,40,0
1990,31,2,0,0,0,1,95,5,40,0
1990,47,2,1,0,0,0,796,1,0,0
1990,67,2,1,0,0,0,0,0,0,0
1990,49,2,1,0,0,0,379,4,37,0
1990,74,2,1,0,0,0,458,4,0,0
1990,37,1,0,0,0,1,85,5,20,1
1990,42,2,0,0,0,1,27,5,30,0
1990,40,1,1,0,0,1,229,4,40,0
1990,36,2,1,0,0,1,174,5,40,0
1990,54,1,1,0,0,1,64,1,40,0
1990,19,1,1,0,0,1,465,6,35,0
1990,39,2,2,0,0,0,436,5,0,0
1990,32,2,1,0,0,0,27,5,40,0
1990,45,1,3,0,0,0,734,1,40,0
1990,25,1,1,0,0,0,507,6,40,0
1990,38,2,1,0,0,1,418,6,40,0
1990,68,1,1,0,0,0,0,0,0,0
1990,67,2,2,0,0,0,458,4,26,0
1990,36,1,1,0,0,1,22,2,45,0
1990,39,1,0,0,0,1,696,1,44,1
1990,40,2,0,0,2,1,159,5,2,0
1990,37,1,0,0,0,1,22,5,55,0
1990,36,2,0,0,0,1,337,4,36,0
1990,52,1,0,0,0,1,696,0,40,0
1990,53,2,0,0,1,0,159,5,20,0
1990,21,1,1,0,0,0,453,2,40,0
1990,29,1,0,0,0,0,354,2,50,0
1990,28,2,0,0,0,1,303,6,40,0
1990,78,2,3,0,0,0,0,0,0,0
1990,78,2,3,0,0,0,0,0,0,0
1990,60,1,0,0,2,1,0,0,0,0
1990,56,2,0,0,2,1,0,0,0,0
1990,30,1,3,0,2,1,0,0,0,0
1990,48,2,1,0,0,0,243,3,40,0
1990,58,1,2,0,0,0,505,3,40,0
1990,29,2,2,0,0,1,23,5,45,0
1990,64,1,2,0,0,0,777,1,0,0
1990,29,2,1,3,3,1,64,4,40,0
1990,42,2,1,3,3,0,276,3,40,0
1990,26,2,1,3,3,1,804,2,20,0
1990,25,2,1,3,3,1,383,4,8,0
1990,70,2,3,0,0,0,385,6,32,0
1990,78,2,3,0,0,0,0,0,0,0
1990,66,2,2,0,0,0,447,5,0,0
1990,34,1,0,0,2,0,505,3,48,0
1990,35,2,0,0,0,0,319,2,40,0
1990,64,1,0,0,0,0,575,0,0,0
1990,65,2,0,0,0,0,0,0,0,0
1990,39,1,0,0,0,0,354,2,40,0
1990,38,2,0,0,0,0,387,5,30,0
1990,29,1,1,0,0,1,159,5,42,0
1990,26,1,1,0,0,1,43,5,43,0
1990,27,2,1,0,0,1,64,2,35,0
1990,46,1,0,0,0,1,154,5,40,0
1990,44,2,0,0,0,1,154,5,50,0
1990,32,2,1,1,0,1,313,5,0,0
1990,28,2,1,0,0,1,43,5,50,0
1990,49,2,3,0,0,0,274,3,25,0
1990,44,2,2,0,0,0,339,3,40,0
1990,22,1,1,0,0,1,444,5,60,0
1990,20,2,1,0,0,1,313,4,40,0
1990,36,1,0,0,0,1,64,5,80,0
1990,30,2,0,0,0,1,379,6,40,0
1990,19,2,1,0,0,1,435,3,30,0
1990,21,2,1,0,0,1,337,1,40,0
1990,32,1,0,0,0,1,235,5,50,0
1990,30,2,0,0,0,1,21,5,40,0
1990,35,1,1,0,0,1,436,3,40,0
1990,24,2,1,0,2,1,195,1,44,0
1990,59,2,2,0,0,0,385,4,25,0
1990,21,1,1,0,0,1,889,6,20,0
1990,34,2,1,0,0,1,243,3,80,0
1990,24,2,1,0,2,1,178,5,40,0
1990,28,2,1,0,0,1,178,5,50,0
1990,51,2,1,0,0,0,449,5,0,0
1990,25,2,1,0,0,1,447,4,32,0
1990,22,2,1,0,0,1,257,1,17,0
1990,26,2,1,0,0,1,799,4,40,0
1990,56,2,3,0,0,0,0,0,0,0
1990,39,2,3,0,0,0,447,5,40,0
1990,24,2,1,1,0,0,0,0,0,0
1990,30,1,1,0,0,1,119,5,5,0
1990,38,1,1,0,4,1,119,5,12,0
1990,25,1,1,1,0,1,22,5,40,0
1990,61,1,0,0,0,0,449,5,40,0
1990,67,2,0,0,0,0,0,0,0,0
1990,73,2,0,0,2,0,0,0,0,0
1990,67,1,0,0,2,0,785,1,40,0
1990,63,2,0,0,2,0,0,0,0,0
1990,40,1,0,0,0,0,683,1,20,0
1990,34,2,0,0,0,0,234,4,0,0
1990,29,2,0,0,0,1,308,5,45,0
1990,29,1,0,0,0,1,7,1,40,0
1990,24,2,1,1,0,0,385,6,37,0
1990,45,1,2,1,0,0,785,1,40,0
1990,30,2,0,0,0,1,14,5,40,0
1990,28,1,0,0,0,1,195,1,40,0
1990,35,2,1,0,0,1,22,2,50,0
1990,39,2,1,0,0,1,188,5,30,0
1990,30,1,2,0,1,1,435,4,40,0
1990,41,1,0,1,0,1,174,6,40,0
1990,38,2,0,1,0,0,7,1,40,0
1990,18,1,1,1,0,1,523,4,40,0
1990,20,1,1,1,0,1,266,3,40,0
1990,19,1,1,0,0,1,174,4,12,0
1990,18,2,1,3,0,0,379,1,40,0
1990,18,1,1,3,0,0,274,3,24,0
1990,27,1,0,3,3,1,156,5,30,0
1990,26,2,0,3,3,1,22,1,40,0
1990,28,1,0,3,3,1,447,5,20,0
1990,25,2,0,3,3,1,216,5,40,0
1990,61,1,3,2,1,0,453,4,40,0
1990,25,1,1,2,1,1,383,4,40,0
1990,58,2,1,2,1,0,453,5,15,0
1990,58,2,3,0,0,0,337,3,40,0
1990,29,1,1,0,0,0,804,2,45,0
1990,24,1,0,2,1,1,276,5,50,0
1990,31,2,0,1,1,0,449,4,36,0
1990,30,1,0,0,0,1,84,5,80,0
1990,35,2,0,0,0,1,95,5,8,0
1990,19,2,1,0,0,1,14,5,9,0
1990,22,1,1,0,0,1,27,6,50,0
1990,27,2,1,0,0,1,21,5,40,0
1990,18,1,1,0,0,1,229,0,40,0
1990,18,2,1,0,0,1,435,3,45,0
1990,63,1,1,0,0,0,734,1,40,1
1990,48,2,2,0,0,1,0,0,0,0
1990,34,1,1,0,0,1,8,1,40,0
1990,22,1,1,0,0,1,308,4,25,0
1990,20,1,1,3,0,1,256,1,40,0
1990,22,1,1,3,0,1,154,5,22,0
1990,64,2,0,0,0,0,425,6,10,0
1990,49,1,0,0,0,0,453,5,37,0
1990,19,2,1,0,0,0,26,5,25,0
1990,19,1,1,0,0,1,436,3,63,0
1990,35,2,2,0,0,1,164,5,40,0
1990,30,1,1,0,0,1,78,5,40,0
1990,77,1,3,0,0,1,224,5,10,1
1990,80,1,3,0,0,0,575,0,40,0
1990,72,2,3,1,0,1,336,6,40,0
1990,66,1,2,1,0,0,869,0,0,0
1990,23,1,3,3,0,0,23,4,47,0
1990,78,1,0,1,0,0,0,0,0,0
1990,73,2,0,1,0,0,0,0,0,0
1990,80,1,3,1,0,0,0,0,0,0
1990,28,1,0,0,0,1,178,5,60,1
1990,27,2,0,3,0,1,26,5,60,0
1990,71,1,0,0,0,0,462,5,36,0
1990,72,2,0,0,0,0,0,0,0,0
1990,53,2,2,0,0,0,0,0,0,0
1990,57,1,1,0,0,0,375,4,20,0
1990,79,1,0,0,0,1,154,5,16,1
1990,79,2,0,0,0,1,0,0,0,0
1990,27,1,0,0,0,1,22,0,45,1
1990,26,2,0,0,0,1,64,5,40,0
1990,38,1,0,0,0,1,22,2,40,0
1990,37,2,0,0,0,1,456,4,40,0
1990,44,1,1,0,0,1,0,0,0,0
1990,28,1,0,0,0,1,224,1,40,0
1990,30,2,0,0,0,1,29,3,42,0
1990,45,1,1,0,0,1,64,4,0,0
1990,33,1,0,0,0,0,575,1,40,1
1990,31,2,0,0,0,1,0,0,0,0
1990,69,2,3,0,0,1,0,0,0,1
1990,32,1,0,0,0,1,18,4,60,1
1990,28,2,0,0,0,1,178,5,40,1
1990,49,1,0,0,0,0,783,0,40,0
1990,50,2,0,0,0,0,0,0,0,0
1990,22,2,1,0,0,0,313,0,35,0
1990,33,2,1,0,0,0,888,1,30,0
1990,33,2,3,0,2,1,154,5,70,0
1990,32,2,1,0,0,1,154,5,0,0
1990,59,1,0,0,0,0,6,6,40,0
1990,56,2,0,0,0,0,0,0,0,0
1990,22,1,1,0,0,1,864,2,30,0
1990,19,2,1,0,0,0,313,5,35,0
1990,30,2,1,0,0,1,195,5,40,0
1990,27,2,1,0,0,1,155,4,40,0
1990,28,1,1,0,0,1,208,2,40,0
1990,27,1,1,0,0,1,37,5,40,0
1990,33,1,0,0,0,1,167,5,55,0
1990,28,2,0,0,0,1,167,5,40,0
1990,58,2,3,0,3,1,0,0,0,0
1990,37,1,1,0,3,1,235,5,45,1
1990,34,1,3,0,0,1,229,4,30,0
1990,27,2,3,0,0,1,64,4,37,0
1990,32,2,1,0,0,1,166,5,50,0
1990,40,2,0,3,3,1,89,5,30,0
1990,33,1,0,0,2,1,89,5,55,0
1990,35,2,3,1,0,1,27,1,40,0
1990,30,1,0,0,0,1,435,4,35,0
1990,33,2,0,0,0,1,313,4,40,0
1990,30,2,1,0,2,1,166,2,55,0
1990,31,2,1,0,0,1,259,3,45,0
1990,42,1,0,0,2,0,575,2,40,0
1990,39,2,0,0,2,0,0,0,0,0
1990,31,1,0,0,0,0,0,0,0,0
1990,27,2,0,0,0,1,95,5,40,0
1990,64,1,0,0,0,1,22,5,37,1
1990,63,2,0,0,0,1,385,2,40,0
1990,26,1,1,0,0,0,318,4,30,0
1990,56,1,0,0,0,1,59,5,50,1
1990,56,2,0,0,0,1,206,5,20,0
1990,25,1,1,0,0,1,56,1,40,0
1990,38,1,0,0,0,0,22,4,40,0
1990,37,2,0,0,0,0,466,5,48,0
1990,69,2,3,0,0,1,303,1,0,0
1990,26,1,0,0,0,1,534,3,50,0
1990,25,2,0,0,0,0,159,5,52,0
1990,24,1,1,0,2,1,383,4,40,0
1990,59,1,1,0,0,1,256,2,40,1
1990,67,2,2,0,0,1,319,4,0,0
1990,50,1,0,3,3,1,213,0,40,1
1990,48,2,0,3,3,1,23,5,40,0
1990,59,2,0,0,0,1,195,5,0,1
1990,65,1,0,0,0,1,84,5,14,1
1990,75,2,1,1,1,0,466,5,20,0
1990,80,1,0,0,2,0,634,5,14,0
1990,79,2,0,0,0,0,0,0,0,0
1990,51,1,0,0,0,1,229,6,42,1
1990,47,2,0,0,0,1,95,5,40,0
1990,20,2,1,0,0,1,14,5,18,0
1990,18,2,1,0,0,0,889,3,52,0
1990,50,2,1,0,0,1,33,1,54,0
1990,18,2,1,0,0,0,435,3,0,0
1990,42,1,0,0,0,1,26,5,40,1
1990,42,2,0,0,0,1,174,5,20,0
1990,68,1,0,0,0,1,637,1,37,1
1990,69,2,0,0,0,0,0,0,0,0
1990,35,2,0,0,3,0,276,3,40,0
1990,44,1,0,0,3,0,687,3,40,0
1990,37,1,2,0,0,1,154,5,65,1
1990,24,2,0,0,0,1,37,5,35,0
1990,30,1,0,0,0,1,64,1,40,0
1990,30,1,0,0,0,1,446,5,45,0
1990,28,2,0,0,0,1,96,3,40,0
1990,45,2,2,0,0,0,337,5,40,0
1990,24,1,2,0,0,0,883,2,32,0
1990,77,2,3,0,0,0,0,0,0,0
1990,53,1,1,0,0,0,453,5,40,0
1990,20,2,1,0,3,0,379,5,12,0
1990,43,2,0,0,0,0,243,3,45,0
1990,33,1,0,0,0,0,364,3,50,0
1990,67,1,0,0,0,0,13,1,40,0
1990,69,2,0,0,0,0,337,3,20,0
1990,42,2,2,0,0,0,313,1,40,0
1990,34,1,1,0,0,0,785,2,0,0
1990,36,1,0,0,0,0,453,5,40,0
1990,24,2,0,0,0,0,313,1,40,0
1990,43,1,2,0,0,1,229,1,40,0
1990,42,1,0,0,0,0,628,1,50,1
1990,36,2,0,0,0,0,283,4,28,0
1990,77,2,1,0,0,0,0,0,0,0
1990,67,1,0,0,0,0,22,4,34,1
1990,64,2,0,0,0,0,316,2,40,0
1990,21,1,1,0,0,1,435,3,35,0
1990,20,1,1,0,0,1,866,5,40,0
1990,41,2,0,0,0,1,23,3,44,1
1990,49,1,0,0,0,1,23,1,40,1
1990,68,2,1,0,0,0,348,2,50,1
1990,36,2,0,0,0,1,264,3,16,0
1990,35,1,0,0,0,1,523,4,56,0
1990,73,2,3,0,0,0,0,0,0,0
1990,42,2,1,0,0,1,208,5,40,0
1990,34,2,1,0,0,1,208,5,40,0
1990,62,1,0,0,0,1,243,3,44,0
1990,60,2,0,0,0,1,386,6,40,0
1990,34,1,1,0,0,1,785,5,40,0
1990,26,1,1,0,0,0,275,4,50,0
1990,20,1,1,0,0,1,329,5,10,0
1990,27,1,1,0,0,1,23,4,40,0
1990,22,1,1,0,0,1,549,4,40,0
1990,36,2,1,0,0,1,259,3,40,0
1990,30,2,0,0,0,1,84,5,55,0
1990,31,1,0,0,0,1,178,5,55,1
1990,24,1,1,0,0,1,17,3,0,0
1990,40,1,1,0,0,1,189,4,40,0
1990,26,2,1,0,0,1,257,4,40,0
1990,54,1,2,0,0,1,84,5,50,1
1990,29,2,1,0,0,1,277,4,40,0
1990,75,2,2,0,0,1,0,0,0,0
1990,31,2,1,0,0,1,595,0,28,0
1990,25,2,0,0,0,1,178,5,40,0
1990,28,1,0,0,0,1,178,5,40,0
1990,29,1,1,0,0,0,357,5,20,0
1990,65,1,3,0,0,1,0,0,0,0
1990,28,1,1,0,0,1,243,3,50,0
1990,25,1,1,0,2,1,447,5,60,0
1990,23,1,1,0,0,1,255,4,40,0
1990,22,1,1,3,3,1,0,0,0,0
1990,21,2,1,3,4,1,458,4,40,0
1990,47,2,3,0,0,1,154,5,50,1
1990,54,1,2,0,0,1,178,5,45,1
1990,63,1,0,0,2,0,22,1,50,1
1990,62,2,0,0,2,0,748,5,0,0
1990,23,2,1,0,0,0,335,4,40,0
1990,80,1,1,0,0,1,453,5,0,0
1990,66,1,0,0,0,1,84,5,32,1
1990,63,2,0,0,0,1,0,0,0,1
1990,64,2,3,0,2,1,337,1,37,0
1990,31,2,1,0,2,1,458,5,40,0
1990,29,1,1,3,3,1,56,1,45,0
1990,30,1,2,0,3,1,259,1,40,0
1990,24,2,1,0,0,1,178,5,40,0
1990,23,2,1,0,0,1,178,5,40,0
1990,22,2,1,0,0,1,22,6,25,0
1990,35,1,0,0,0,1,567,0,40,0
1990,36,2,0,0,0,1,254,4,40,0
1990,29,1,3,0,0,1,23,5,55,0
1990,41,2,2,0,0,1,105,5,30,0
1990,62,1,0,0,0,1,258,1,40,1
1990,59,2,0,0,0,1,313,1,40,1
1990,18,1,1,0,0,0,175,4,20,0
1990,65,2,0,0,0,1,0,0,0,0
1990,57,1,0,0,0,0,254,4,0,0
1990,59,1,0,0,0,1,187,5,20,0
1990,57,2,0,0,0,1,178,5,0,0
1990,19,1,1,0,0,1,459,5,16,0
1990,56,2,0,0,0,1,167,5,45,0
1990,59,1,0,0,0,1,9,0,40,1
1990,51,1,0,0,2,1,59,3,40,0
1990,50,2,0,0,2,1,185,2,40,0
1990,22,2,1,0,2,1,0,0,0,0
1990,20,2,1,0,2,1,276,3,40,0
1990,65,2,3,0,2,1,163,5,50,0
1990,36,2,1,0,0,1,14,5,52,0
1990,33,2,1,0,0,1,418,6,40,0
1990,32,1,1,0,0,0,0,0,0,0
1990,54,1,0,0,0,1,254,4,50,1
1990,45,2,0,0,0,1,313,5,37,0
1990,41,1,0,0,0,1,84,5,40,1
1990,47,2,0,0,0,1,156,5,32,0
1990,39,2,2,0,0,1,387,5,11,0
1990,71,1,0,0,0,1,178,5,4,1
1990,68,2,0,0,0,0,0,0,0,0
1990,39,1,1,0,0,1,23,6,36,0
1990,30,1,1,0,1,1,84,4,70,1
1990,31,2,2,0,0,1,84,5,40,0
1990,70,1,0,0,0,0,257,4,40,1
1990,64,2,0,0,0,0,337,3,10,0
1990,62,2,0,0,0,1,164,5,40,0
1990,64,1,0,0,0,1,22,1,50,1
1990,70,1,1,0,0,0,0,0,0,0
1990,27,1,1,0,0,1,7,4,50,0
1990,27,1,1,0,0,1,267,3,45,0
1990,26,1,1,0,0,1,257,5,55,0
1990,27,1,1,0,0,1,254,4,45,0
1990,68,1,0,0,0,0,385,4,40,0
1990,63,2,0,0,0,0,446,5,40,0
1990,55,1,0,0,0,1,157,5,50,1
1990,48,2,0,0,0,1,14,5,40,0
1990,23,2,1,0,0,1,313,0,40,0
1990,22,1,1,0,0,1,255,4,40,0
1990,29,1,1,0,0,1,434,5,30,0
1990,46,1,0,0,0,0,418,6,40,0
1990,47,2,0,0,0,0,313,5,40,0
1990,23,2,1,0,0,1,313,1,40,0
1990,22,2,1,0,0,0,313,4,40,0
1990,41,1,0,0,2,1,64,1,44,1
1990,41,2,0,0,0,1,313,5,21,0
1990,56,1,1,0,0,1,0,0,0,0
1990,50,1,0,0,0,0,558,0,0,0
1990,45,2,0,0,0,1,364,2,0,0
1990,22,2,1,0,0,1,313,3,40,0
1990,25,2,1,0,0,1,13,4,40,0
1990,21,2,1,0,0,1,319,5,10,0
1990,78,2,3,0,0,0,0,0,0,0
1990,44,2,1,0,0,1,65,1,40,0
1990,49,2,1,0,0,1,436,3,40,0
1990,65,1,0,0,0,1,25,1,25,1
1990,62,2,0,0,0,1,186,5,20,1
1990,44,1,0,0,2,1,22,0,60,0
1990,43,2,0,0,0,1,156,5,12,0
1990,45,1,0,0,0,1,43,5,60,1
1990,38,2,0,0,0,0,21,5,30,0
1990,30,1,0,0,0,1,7,4,45,0
1990,30,2,0,0,0,1,37,5,40,0
1990,27,2,1,0,0,1,156,5,40,0
1990,46,1,0,0,0,1,154,5,45,0
1990,42,2,0,0,0,1,65,4,40,0
1990,78,2,3,0,0,1,0,0,0,0
1990,33,2,3,0,0,1,313,4,35,0
1990,71,1,0,0,0,0,0,0,0,0
1990,63,2,0,0,0,0,0,0,0,0
1990,30,1,1,0,0,1,243,3,40,0
1990,25,2,1,0,0,1,315,5,37,0
1990,68,1,0,0,0,0,0,0,0,0
1990,69,2,0,0,0,0,0,0,0,0
1990,44,1,3,0,0,1,379,4,37,0
1990,44,1,2,0,0,1,174,5,0,0
1990,45,1,1,0,0,1,804,2,60,0
1990,32,1,1,0,0,1,804,3,48,0
1990,70,2,1,0,0,1,159,5,0,0
1990,36,1,1,0,0,1,804,3,45,0
1990,38,2,2,0,0,1,22,4,40,0
1990,33,1,0,0,0,1,43,5,45,0
1990,28,2,0,0,0,1,178,5,50,0
1990,46,1,0,0,0,1,255,4,40,0
1990,41,2,0,0,0,1,0,0,0,0
1990,43,1,0,0,0,1,43,5,40,0
1990,39,2,0,0,0,1,95,5,25,0
1990,73,1,3,0,0,1,0,0,0,0
1990,71,2,3,0,0,0,0,0,0,0
1990,62,1,0,0,0,1,6,6,40,0
1990,55,2,0,0,0,0,503,4,0,0
1990,28,2,1,0,0,0,65,4,45,0
1990,50,2,1,0,0,1,22,4,40,1
1990,63,2,2,0,0,0,0,0,0,0
1990,46,1,2,0,0,0,889,1,40,0
1990,77,1,0,0,0,0,0,0,0,0
1990,77,2,0,0,2,0,0,0,0,0
1990,74,2,3,0,0,0,337,5,0,0
1990,27,1,0,2,1,0,566,0,40,0
1990,30,2,0,2,1,1,0,0,0,0
1990,36,1,0,0,0,0,558,0,40,0
1990,32,2,0,0,0,0,174,5,36,0
1990,20,1,1,0,0,0,365,3,37,0
1990,71,1,0,0,0,0,185,0,0,0
1990,67,2,0,0,0,0,375,4,37,0
1990,56,1,0,0,0,1,417,6,42,0
1990,53,2,0,0,0,0,276,3,20,0
1990,20,1,1,0,0,1,243,3,55,0
1990,18,1,1,0,0,1,426,4,8,0
1990,33,1,0,3,0,1,889,1,48,0
1990,32,2,0,3,3,1,255,4,60,0
1990,60,1,0,0,0,0,364,1,45,0
1990,63,2,0,0,0,0,308,6,24,0
1990,55,2,2,0,0,0,466,5,55,0
1990,22,1,1,0,0,0,364,1,40,0
1990,18,2,1,0,0,0,276,3,20,0
1990,62,1,0,0,0,1,0,0,0,0
1990,56,2,0,0,0,1,14,5,40,0
1990,69,1,0,0,0,1,0,0,0,0
1990,69,2,0,0,0,1,0,0,0,0
1990,35,2,0,0,0,0,27,3,40,0
1990,39,1,0,0,0,0,365,3,40,0
1990,69,2,3,0,0,0,0,0,0,0
1990,41,1,0,0,0,0,243,3,40,0
1990,39,2,0,0,0,0,376,2,25,0
1990,49,1,0,0,0,1,178,5,50,0
1990,49,2,0,0,0,1,95,5,40,0
1990,43,1,0,0,2,0,274,3,80,0
1990,41,2,0,0,3,0,0,0,0,0
1990,22,2,1,0,2,0,7,4,40,0
1990,20,2,1,0,2,0,274,3,20,0
1990,24,2,1,0,0,1,435,3,35,0
1990,51,2,3,0,0,1,453,5,0,0
1990,52,1,0,0,0,0,563,0,32,0
1990,45,2,0,0,0,0,276,3,16,0
1990,22,2,1,0,0,0,339,3,40,0
1990,53,1,0,0,0,1,37,1,40,0
1990,51,2,0,0,0,0,376,4,40,0
1990,19,2,1,0,0,0,379,1,40,0
1990,71,1,0,0,0,0,0,0,0,0
1990,69,2,0,0,0,0,0,0,0,0
1990,41,1,0,0,0,0,567,0,40,0
1990,38,2,0,0,0,0,313,5,40,0
1990,19,2,1,0,0,1,447,5,40,0
1990,32,1,0,0,2,0,579,0,40,0
1990,28,2,0,0,2,1,195,3,40,0
1990,51,1,0,0,2,0,0,0,0,0
1990,59,2,0,0,2,0,0,0,0,0
1990,80,1,0,0,2,0,0,0,0,0
1990,65,2,0,0,2,0,0,0,0,0
1990,74,1,3,0,0,0,885,3,40,0
1990,40,2,1,0,0,1,337,3,60,0
1990,67,1,0,0,0,0,197,6,0,0
1990,66,2,0,0,0,0,337,2,0,0
1990,38,2,3,0,0,0,274,3,20,0
1990,18,1,1,0,0,0,889,2,30,0
1990,69,1,0,0,0,0,789,1,0,0
1990,54,2,0,0,0,0,888,1,40,0
1990,55,1,0,0,0,0,276,5,40,0
1990,52,2,0,0,0,0,0,0,0,0
1990,31,1,1,0,0,0,558,0,0,0
1990,23,1,1,0,0,0,453,0,40,0
1990,56,1,0,0,0,0,486,0,45,0
1990,51,2,0,0,0,0,378,3,40,0
1990,37,1,0,0,2,1,567,6,40,0
1990,36,2,0,0,2,1,186,5,20,0
1990,68,2,3,0,2,0,216,1,40,0
1990,33,2,1,0,0,1,84,5,35,1
1990,30,2,1,2,0,0,0,0,0,0
1990,64,1,3,0,0,0,0,0,0,0
1990,26,1,3,0,0,0,453,4,40,0
1990,20,2,1,0,0,0,23,4,40,0
1990,72,1,2,0,0,0,0,0,0,0
1990,50,1,0,0,0,1,21,5,40,0
1990,35,2,0,0,0,1,25,4,43,0
1990,52,1,0,0,0,0,22,2,40,0
1990,49,2,0,0,0,0,0,0,0,0
1990,27,1,1,0,0,1,24,4,36,0
1990,42,1,0,0,0,1,869,0,40,0
1990,41,2,0,0,0,1,463,2,40,0
1990,19,2,1,0,0,0,276,3,30,0
1990,61,2,3,0,0,0,0,0,0,0
1990,65,1,0,0,2,1,22,1,40,0
1990,64,2,0,0,0,0,276,3,20,0
1990,58,1,0,0,0,0,675,1,40,0
1990,59,2,0,0,0,0,17,5,27,0
1990,61,1,0,0,0,1,29,3,60,1
1990,61,2,0,0,0,0,0,0,0,0
1990,28,1,1,0,0,0,436,3,46,0
1990,35,1,0,0,0,1,529,2,45,1
1990,31,2,0,0,0,1,365,1,47,0
1990,31,1,0,0,0,1,558,0,60,0
1990,29,2,0,0,0,1,0,0,0,0
1990,27,2,3,0,0,1,315,6,40,0
1990,63,1,0,0,0,0,734,1,32,1
1990,61,2,0,0,0,0,0,0,0,0
1990,41,1,0,0,0,0,22,1,54,1
1990,40,2,0,0,0,0,313,3,40,0
1990,59,1,0,0,0,1,23,1,45,1
1990,33,2,0,0,0,0,327,3,24,0
1990,45,1,0,0,0,1,127,5,40,1
1990,41,2,0,0,0,1,118,5,40,0
1990,34,2,1,0,0,0,476,0,41,0
1990,34,2,1,0,0,1,95,5,24,0
1990,30,2,1,0,0,1,7,0,40,0
1990,63,1,0,0,0,1,59,1,0,0
1990,62,2,0,0,0,0,337,1,0,0
1990,30,2,1,0,0,1,159,5,28,0
1990,38,1,1,0,0,1,796,1,48,0
1990,50,1,2,0,0,1,59,4,35,1
1990,22,1,1,0,0,0,883,2,30,0
1990,64,2,0,0,0,1,313,4,40,0
1990,66,1,0,0,0,1,253,4,40,1
1990,62,1,0,0,0,0,266,3,45,0
1990,63,2,0,0,0,1,254,4,40,0
1990,44,1,0,0,0,1,183,5,0,1
1990,34,2,0,0,0,1,0,0,0,1
1990,64,1,1,0,0,0,0,0,0,0
1990,67,1,0,0,0,1,157,5,40,0
1990,65,2,0,0,0,1,264,3,40,0
1990,28,1,1,0,0,1,48,1,40,0
1990,24,1,1,0,0,0,354,2,40,0
1990,51,1,0,0,0,0,889,2,40,0
1990,47,2,0,0,0,0,0,0,0,0
1990,57,1,0,0,2,0,453,5,20,0
1990,53,2,0,0,2,0,748,4,20,0
1990,39,1,0,0,0,0,518,1,48,0
1990,37,2,0,0,0,0,313,5,30,0
1990,39,1,1,0,0,0,695,2,60,1
1990,35,1,2,0,0,0,266,3,0,0
1990,29,1,1,0,0,1,53,0,45,0
1990,48,2,2,0,0,0,444,3,40,0
1990,30,2,1,0,0,1,22,4,40,0
1990,27,2,1,0,0,1,14,5,40,0
1990,53,1,0,0,0,1,157,5,50,0
1990,48,2,0,0,0,0,22,3,40,0
1990,23,1,1,0,0,0,505,4,60,0
1990,22,1,1,0,0,0,157,5,12,0
1990,21,1,1,0,0,0,446,5,40,0
1990,19,1,1,0,0,0,813,3,10,0
1990,45,2,0,0,0,1,21,5,40,1
1990,51,1,0,0,0,1,195,1,40,1
1990,19,1,1,0,0,1,379,4,16,0
1990,26,2,1,0,0,1,25,4,40,0
1990,25,2,1,0,0,1,22,5,40,0
1990,41,1,0,0,0,1,263,3,55,1
1990,41,2,0,0,0,1,0,0,0,0
1990,51,1,0,0,0,1,217,1,40,0
1990,50,2,0,0,0,1,383,4,35,0
1990,61,1,0,0,0,1,185,5,50,0
1990,53,2,0,0,0,1,785,4,8,0
1990,32,2,3,0,0,0,719,1,40,0
1990,32,2,0,0,0,1,23,5,20,0
1990,45,1,0,0,0,1,23,5,40,0
1990,35,1,0,0,0,0,809,2,45,0
1990,28,2,0,0,0,1,385,5,28,0
1990,47,1,0,0,3,1,255,4,50,1
1990,46,2,0,0,3,0,386,1,40,0
1990,21,1,1,0,4,1,267,3,25,0
1990,19,1,1,0,0,1,276,3,20,0
1990,29,1,0,0,0,1,23,5,58,0
1990,27,2,0,0,0,1,23,5,52,1
1990,40,1,0,0,0,1,418,6,45,0
1990,36,2,0,0,0,1,155,5,1,0
1990,50,1,0,3,4,1,22,1,45,1
1990,51,2,0,3,4,1,869,0,20,0
1990,24,1,1,3,4,0,597,0,40,0
1990,73,2,3,0,0,0,436,3,0,0
1990,36,1,1,0,0,0,804,3,40,0
1990,33,2,1,0,0,0,889,3,40,0
1990,72,2,3,0,0,1,0,0,0,0
1990,35,1,0,0,0,0,735,1,48,0
1990,33,2,0,0,0,1,243,4,50,1
1990,48,1,0,0,0,1,53,5,50,1
1990,45,2,0,0,0,1,319,5,37,0
1990,19,2,1,0,0,1,435,3,40,0
1990,37,1,0,0,0,1,259,3,45,0
1990,34,2,0,0,0,1,303,3,37,0
1990,42,1,0,0,0,0,22,1,40,0
1990,38,2,0,0,0,1,0,0,0,0
1990,18,2,1,0,0,0,0,0,0,0
1990,47,1,0,0,0,1,56,1,40,1
1990,47,2,0,0,0,0,387,5,35,0
1990,18,1,1,0,0,0,453,4,20,0
1990,62,2,3,0,0,0,0,0,0,0
1990,32,2,3,0,0,1,243,3,55,0
1990,59,1,0,0,0,0,22,2,40,0
1990,52,2,0,0,0,0,316,1,40,0
1990,57,1,0,0,0,0,789,4,15,0
1990,50,2,0,0,0,0,313,3,40,0
1990,26,1,1,0,0,1,55,1,40,0
1990,62,1,0,0,0,1,55,2,40,1
1990,60,2,0,0,0,0,0,0,0,0
1990,20,1,0,0,0,0,597,0,40,0
1990,70,2,0,0,0,0,207,4,16,0
1990,24,2,1,0,0,1,235,4,40,0
1990,24,2,1,0,0,1,259,3,50,0
1990,31,1,0,0,0,1,55,1,40,0
1990,58,2,0,0,0,0,0,0,0,0
1990,26,2,1,0,0,0,796,1,40,0
1990,57,1,0,0,0,1,186,5,20,0
1990,59,2,0,0,0,1,96,3,7,0
1990,28,1,1,0,0,1,637,5,40,0
1990,45,1,0,3,3,1,22,0,50,1
1990,37,2,0,3,3,1,167,5,40,0
1990,36,1,0,0,0,0,804,2,50,0
1990,35,2,0,0,0,1,303,5,40,1
1990,33,1,0,0,0,1,558,0,40,1
1990,32,2,0,0,0,1,15,5,0,0
1990,50,2,3,0,0,1,95,5,30,0
1990,25,1,1,0,0,1,259,3,50,0
1990,22,2,1,0,0,1,319,1,20,0
1990,78,2,3,0,0,0,0,0,0,0
1990,63,2,3,1,0,0,0,0,0,0
1990,59,1,0,0,0,1,415,4,50,0
1990,55,2,0,0,0,0,315,5,40,0
1990,33,1,1,0,0,0,379,6,45,0
1990,35,2,2,0,0,0,308,2,40,0
1990,27,1,0,0,0,1,418,6,40,0
1990,26,2,0,0,0,1,55,5,40,0
1990,30,1,1,0,0,1,64,1,45,1
1990,41,1,0,0,0,1,567,0,40,0
1990,40,2,0,0,0,0,253,4,37,0
1990,21,1,1,0,0,0,567,0,40,0
1990,63,1,0,0,0,0,0,0,0,0
1990,63,2,0,0,0,0,379,3,40,0
1990,36,1,1,0,0,0,575,0,40,0
1990,43,1,0,0,0,1,418,6,60,1
1990,41,2,0,0,0,1,0,0,0,0
1990,79,1,0,0,0,1,0,0,0,0
1990,77,2,0,0,0,0,0,0,0,0
1990,35,1,0,0,0,1,17,3,80,0
1990,34,2,0,0,0,1,0,0,0,0
1990,55,1,0,0,0,1,84,5,40,1
1990,38,2,0,0,0,1,174,5,35,0
1990,66,1,0,0,0,1,22,5,8,0
1990,66,2,0,0,0,1,195,1,32,0
1990,66,1,2,0,0,1,26,5,30,0
1990,22,1,1,0,0,0,0,0,0,0
1990,41,2,0,0,0,1,173,6,40,1
1990,41,1,0,0,0,1,183,4,35,0
1990,54,1,0,0,0,1,7,4,50,1
1990,35,2,0,0,0,1,266,3,42,0
1990,49,1,0,0,0,1,26,5,40,1
1990,51,2,0,0,0,1,156,5,36,0
1990,42,1,2,0,0,1,216,5,48,0
1990,42,2,2,0,0,1,338,1,48,0
1990,24,1,1,0,0,1,426,4,16,0
1990,21,1,1,0,0,0,444,5,35,0
1990,41,1,0,0,0,1,59,5,48,1
1990,40,2,0,0,0,1,0,0,0,0
1990,27,1,1,0,0,1,21,5,60,0
1990,23,1,1,0,0,1,263,3,50,0
1990,56,1,0,0,0,0,628,2,40,1
1990,54,2,0,0,0,0,0,0,0,0
1990,26,2,1,0,0,1,888,4,36,0
1990,24,2,1,0,0,1,376,1,40,0
1990,69,1,0,0,0,1,0,0,0,0
1990,58,2,0,0,0,0,447,5,12,0
1990,42,1,0,0,0,1,33,1,40,0
1990,30,2,0,0,0,1,27,1,40,0
1990,53,1,0,0,0,1,22,5,50,1
1990,53,2,0,0,0,1,461,5,11,0
1990,41,1,0,0,2,1,22,4,37,1
1990,39,2,0,0,2,1,95,5,34,0
1990,53,2,3,0,0,1,8,5,45,1
1990,31,2,1,0,2,1,253,4,45,0
1990,36,1,1,0,0,1,55,1,40,0
1990,41,1,0,3,3,1,53,0,46,0
1990,40,2,0,3,3,1,447,5,40,0
1990,67,1,2,0,2,1,183,5,21,1
1990,58,1,0,0,0,1,55,0,40,1
1990,49,2,0,0,0,0,425,5,32,0
1990,75,2,3,0,0,0,0,0,0,0
1990,27,1,1,0,0,0,523,6,40,0
1990,24,1,1,0,0,0,567,0,40,0
1990,47,1,0,0,0,1,166,1,40,1
1990,47,2,0,0,0,1,476,0,20,0
1990,19,1,1,0,0,0,744,4,8,0
1990,41,1,2,0,0,0,243,3,45,0
1990,32,1,0,0,2,1,195,1,45,0
1990,32,2,0,0,0,1,436,3,20,0
1990,24,1,2,1,0,1,379,6,15,0
1990,69,1,0,0,0,1,376,1,8,0
1990,66,2,0,0,0,1,313,5,27,0
1990,33,1,1,0,0,1,235,1,50,0
1990,26,2,0,0,0,1,313,0,0,0
1990,28,1,0,0,0,1,567,0,60,0
1990,21,2,3,0,0,0,445,6,40,0
1990,36,1,1,0,0,1,418,6,48,0
1990,30,1,0,0,0,1,159,6,47,0
1990,20,2,0,0,0,0,808,2,18,0
1990,40,1,0,0,0,1,22,4,45,1
1990,42,2,0,0,0,1,0,0,0,0
1990,42,1,0,0,0,0,22,3,52,1
1990,45,2,0,0,0,1,337,5,0,0
1990,51,1,0,0,0,1,64,3,60,1
1990,47,2,0,0,0,1,157,5,32,0
1990,20,2,1,0,0,1,22,1,23,0
1990,67,1,0,0,0,0,0,0,0,0
1990,65,2,0,0,0,0,0,0,0,0
1990,45,1,0,0,0,0,554,0,40,0
1990,42,2,0,0,0,0,387,5,6,0
1990,47,1,0,0,0,1,376,4,35,0
1990,43,2,0,0,0,1,14,5,44,0
1990,58,1,0,0,0,1,154,5,40,0
1990,55,2,0,0,0,1,303,6,40,0
1990,30,1,1,0,0,0,379,4,40,0
1990,18,1,1,0,0,0,704,1,20,0
1990,24,1,1,0,0,0,269,3,42,0
1990,23,2,1,0,0,1,319,5,32,0
1990,45,1,0,0,2,0,22,3,60,1
1990,40,2,0,0,0,0,21,5,20,0
1990,79,2,3,0,0,0,0,0,0,0
1990,36,2,0,0,0,1,256,1,40,1
1990,36,1,0,0,0,1,22,5,40,1
1990,59,1,0,0,0,0,259,1,40,1
1990,58,2,0,0,0,0,337,3,30,0
1990,31,1,0,0,0,1,55,2,40,0
1990,26,2,0,0,0,1,204,5,40,0
1990,69,2,3,0,0,1,315,2,0,0
1990,47,1,0,0,0,1,197,5,55,1
1990,46,2,0,0,0,1,95,5,16,0
1990,52,2,0,0,0,1,174,5,26,0
1990,55,1,0,0,0,1,85,5,40,1
1990,25,1,1,0,0,1,229,1,40,0
1990,69,2,1,0,2,0,313,3,0,0
1990,61,2,1,0,0,0,37,4,40,0
1990,53,2,1,0,0,1,313,5,40,0
1990,49,2,1,0,0,1,22,5,40,0
1990,58,1,3,0,0,1,22,2,0,0
1990,39,2,1,0,0,1,274,3,40,1
1990,38,1,2,0,0,1,13,1,55,1
1990,47,2,1,0,0,1,157,5,50,0
1990,19,2,1,2,4,0,436,3,25,0
1990,69,2,3,0,0,1,0,0,0,1
1990,41,2,3,0,0,1,155,5,40,0
1990,32,1,0,0,0,1,479,0,50,1
1990,29,2,0,0,0,1,174,5,6,0
1990,76,1,0,0,0,0,0,0,0,0
1990,66,2,0,0,0,0,0,0,0,0
1990,33,1,0,0,0,1,259,1,45,1
1990,32,2,0,0,0,1,8,3,45,0
1990,38,1,2,0,0,1,255,4,40,1
1990,42,2,2,0,0,1,259,3,45,0
1990,59,1,2,0,0,1,59,5,40,1
1990,50,2,1,0,0,0,0,0,0,0
1990,63,1,0,0,0,1,59,1,45,1
1990,60,2,0,0,0,1,0,0,0,0
1990,57,2,0,0,0,1,313,6,0,0
1990,59,1,0,0,0,1,7,4,50,1
1990,60,1,0,0,2,1,22,1,40,1
1990,59,2,0,0,2,1,186,5,21,1
1990,75,2,3,0,0,0,243,3,40,0
1990,45,1,0,0,0,1,154,5,40,0
1990,43,2,0,0,0,1,167,5,40,0
1990,18,1,1,0,0,0,877,3,25,0
1990,29,1,0,0,0,1,255,4,60,1
1990,27,2,0,0,0,1,23,1,50,0
1990,27,2,1,0,0,1,134,5,50,0
1990,64,1,0,0,0,0,567,0,40,0
1990,63,2,0,0,2,0,0,0,0,0
1990,33,1,0,0,0,1,254,4,40,1
1990,33,2,0,0,0,1,266,3,12,0
1990,25,2,1,0,0,1,308,4,40,0
1990,30,1,2,0,0,1,105,5,40,0
1990,26,2,1,0,0,1,347,2,2,0
1990,47,1,0,0,0,1,96,3,40,0
1990,44,2,0,0,1,1,156,5,40,0
1990,41,2,1,0,0,1,258,3,40,0
1990,48,2,0,0,0,1,156,5,40,0
1990,48,1,0,0,0,1,259,3,30,0
1990,26,1,1,2,1,1,479,0,48,0
1990,35,2,0,0,0,1,254,4,60,0
1990,35,1,0,0,0,1,274,3,70,0
1990,50,1,0,0,0,1,303,2,20,1
1990,45,2,0,0,0,1,313,5,30,0
1990,23,1,1,0,0,1,579,0,20,0
1990,21,2,1,0,0,1,313,5,25,0
1990,18,2,1,0,0,1,159,5,25,0
1990,49,1,0,0,0,0,243,1,50,1
1990,42,2,0,0,0,1,7,4,50,1
1990,38,1,0,0,0,0,653,1,40,0
1990,36,2,0,0,0,0,628,1,40,0
1990,33,1,2,0,0,0,704,1,45,0
1990,44,1,0,0,0,1,804,3,40,0
1990,43,2,0,0,0,1,337,3,25,0
1990,22,1,1,0,0,0,883,2,40,0
1990,19,1,1,0,0,0,796,1,40,0
1990,35,1,1,0,0,1,189,1,40,0
1990,65,1,0,0,0,0,0,0,0,0
1990,63,2,0,0,0,0,0,0,0,0
1990,38,1,3,0,0,0,468,5,0,0
1990,31,1,0,0,0,1,216,6,45,0
1990,27,2,0,0,0,1,313,5,30,0
1990,47,1,0,0,0,1,453,5,50,0
1990,44,2,0,0,0,1,443,3,18,0
1990,21,1,1,0,0,0,364,3,25,0
1990,20,2,1,0,0,0,435,3,18,0
1990,23,2,1,0,0,0,447,5,0,0
1990,39,1,0,0,0,1,634,1,40,0
1990,36,2,0,0,0,1,683,1,40,0
1990,33,2,0,0,0,0,17,4,50,0
1990,32,1,0,0,0,1,23,5,50,1
1990,22,1,1,0,0,0,575,0,40,0
1990,55,1,0,0,0,0,22,2,50,0
1990,42,2,0,0,0,1,22,1,45,0
1990,22,1,0,0,0,1,229,3,28,0
1990,21,2,0,0,0,1,157,5,9,0
1990,47,2,3,0,0,1,95,5,40,0
1990,43,2,0,0,0,1,254,4,25,0
1990,43,1,0,0,0,1,59,1,40,1
1990,43,1,0,0,0,1,637,1,40,0
1990,43,2,0,0,0,1,156,5,25,0
1990,80,1,0,0,0,0,0,0,0,0
1990,68,2,0,0,0,1,0,0,0,0
1990,52,1,0,0,0,1,48,5,40,1
1990,42,2,0,0,0,1,5,6,32,0
1990,18,2,1,0,0,0,453,4,40,0
1990,34,2,0,0,0,1,156,5,40,0
1990,37,1,0,0,0,1,8,5,50,0
1990,36,2,3,0,0,0,449,4,0,0
1990,50,2,1,0,0,1,335,0,37,0
1990,72,2,3,0,0,0,0,0,0,0
1990,24,2,1,0,0,0,365,3,15,0
1990,78,2,1,0,0,1,0,0,0,0
1990,80,2,3,0,0,0,0,0,0,0
1990,58,2,1,0,0,0,337,1,60,0
1990,77,1,3,0,0,0,0,0,0,0
1990,45,1,0,3,3,1,53,0,40,1
1990,47,2,0,3,3,1,276,3,40,0
1990,26,2,1,0,0,1,14,5,40,0
1990,79,2,3,0,0,0,0,0,0,0
1990,58,2,2,0,1,1,888,3,40,1
1990,57,2,0,0,0,1,313,5,40,0
1990,70,1,0,0,0,0,0,0,0,0
1990,26,1,0,0,0,1,53,5,45,0
1990,26,2,0,0,0,1,158,5,70,0
1990,35,2,2,0,0,0,243,3,40,0
1990,37,1,1,0,0,1,17,3,45,0
1990,43,1,0,0,0,1,22,1,60,1
1990,43,2,0,0,0,1,155,5,20,0
1990,18,1,1,0,0,0,436,3,20,0
1990,62,2,3,0,0,1,319,4,40,0
1990,39,1,0,0,0,1,167,5,40,1
1990,37,2,0,0,0,1,22,5,45,0
1990,29,2,1,0,0,1,203,5,45,0
1990,26,2,1,0,0,1,174,5,45,0
1990,75,1,0,0,0,0,717,3,60,0
1990,71,2,0,0,0,1,0,0,0,0
1990,63,1,0,0,2,1,55,1,40,1
1990,62,2,0,0,2,0,0,0,0,0
1990,35,2,1,3,0,1,458,4,40,0
1990,36,1,1,0,0,1,809,2,35,0
1990,43,1,0,0,2,1,55,5,40,1
1990,36,2,0,0,2,1,909,6,0,0
1990,66,1,0,0,0,0,285,4,80,1
1990,62,2,0,0,0,0,235,2,25,0
1990,41,1,0,0,0,1,453,2,40,0
1990,40,2,0,3,0,1,37,2,30,0
1990,26,1,1,0,2,0,269,3,40,0
1990,28,2,2,0,0,0,337,1,40,0
1990,27,2,3,0,0,1,808,2,20,0
1990,43,2,1,0,0,1,22,5,48,0
1990,20,2,1,1,0,0,319,4,40,0
1990,53,1,1,0,0,1,389,5,40,0
1990,38,2,0,0,0,1,229,5,20,0
1990,37,1,0,0,0,1,22,3,55,1
1990,77,1,0,0,0,0,453,0,6,0
1990,76,2,0,0,0,0,0,0,0,0
1990,39,1,0,0,0,1,259,1,40,1
1990,37,2,0,0,0,1,155,5,15,0
1990,54,1,3,0,0,1,159,6,20,0
1990,26,2,1,0,0,1,95,5,40,0
1990,23,2,1,0,0,1,203,5,35,0
1990,31,2,2,0,0,1,229,1,40,0
1990,72,1,0,0,0,0,17,5,0,0
1990,72,2,0,0,0,0,0,0,0,0
1990,45,2,2,0,0,1,313,1,40,0
1990,21,1,1,0,0,0,486,0,40,0
1990,20,2,1,0,0,1,276,3,28,0
1990,22,1,1,0,0,0,813,4,40,0
1990,46,1,0,0,0,0,263,3,76,0
1990,47,2,0,0,0,0,0,0,0,0
1990,22,1,1,0,0,0,748,4,10,0
1990,54,1,0,0,0,1,37,5,40,0
1990,50,2,0,0,0,1,157,5,20,0
1990,20,2,1,0,0,1,264,3,14,0
1990,27,1,0,0,0,1,505,3,40,0
1990,24,2,0,0,0,1,777,1,45,0
1990,61,1,3,0,0,0,544,1,40,0
1990,77,1,0,0,0,0,628,1,40,0
1990,72,2,0,0,0,1,0,0,0,0
1990,42,1,0,0,0,1,558,0,60,1
1990,43,2,0,0,0,1,106,5,40,0
1990,23,2,1,0,0,1,243,3,40,0
1990,20,1,1,0,0,1,567,0,25,0
1990,29,1,1,0,0,0,585,0,40,0
1990,36,1,1,0,0,0,804,2,40,0
1990,31,1,0,0,0,1,549,6,40,0
1990,34,2,0,0,0,1,466,5,40,0
1990,41,1,0,0,0,1,804,2,40,0
1990,36,2,0,0,0,1,243,3,8,0
1990,18,2,1,0,0,0,276,3,22,0
1990,30,1,0,0,0,1,22,5,50,1
1990,30,2,0,0,0,1,157,5,0,0
1990,39,2,0,0,0,1,22,5,35,0
1990,38,1,0,0,0,1,56,1,40,0
1990,32,2,0,0,0,1,276,3,0,0
1990,32,1,0,0,0,1,243,3,58,1
1990,61,1,0,0,0,1,14,5,40,1
1990,58,2,0,0,0,0,257,0,40,0
1990,46,1,0,0,0,1,195,1,40,0
1990,42,2,0,0,0,1,156,5,55,0
1990,47,1,0,0,0,0,595,0,40,0
1990,45,2,0,0,0,1,276,3,35,0
1990,77,2,3,0,0,0,0,0,0,0
1990,57,1,0,0,0,0,434,3,45,0
1990,56,2,0,0,0,0,0,0,0,0
1990,55,1,0,0,0,1,22,1,40,1
1990,50,2,0,0,0,0,303,5,35,0
1990,21,1,1,0,0,1,274,3,40,0
1990,39,1,0,0,0,1,257,4,60,1
1990,38,2,0,0,0,1,155,5,0,0
1990,56,1,0,0,0,0,783,4,40,1
1990,54,2,0,0,0,1,22,3,40,0
1990,77,2,1,0,0,0,0,0,0,0
1990,61,1,0,0,0,0,579,0,40,0
1990,64,2,0,0,0,0,339,4,40,0
1990,62,1,0,0,0,0,783,1,40,1
1990,50,2,0,0,0,1,157,5,50,0
1990,66,1,0,0,0,0,426,1,40,0
1990,65,2,0,0,0,0,0,0,0,0
1990,43,1,0,0,2,0,883,3,50,0
1990,41,2,0,0,2,0,308,0,45,0
1990,48,2,2,0,0,1,105,5,20,0
1990,39,1,3,0,0,1,84,5,50,1
1990,32,2,2,0,0,1,303,5,35,0
1990,45,2,2,0,0,1,167,5,40,0
1990,28,1,1,0,0,1,259,3,60,0
1990,72,1,0,0,0,1,0,0,0,0
1990,55,2,0,0,0,1,95,5,40,0
1990,42,2,2,0,0,0,319,4,40,0
1990,23,1,1,0,0,1,577,2,40,0
1990,40,1,1,0,0,0,505,4,40,0
1990,64,1,0,0,0,1,375,4,40,0
1990,71,2,0,0,0,1,0,0,0,0
1990,34,1,1,0,0,1,229,4,40,0
1990,78,2,3,0,0,0,0,0,0,0
1990,79,2,0,0,0,1,0,0,0,0
1990,50,2,2,0,0,1,387,5,40,0
1990,48,2,2,0,0,0,243,3,43,0
1990,26,2,1,0,0,1,22,0,40,0
1990,22,1,1,0,0,1,434,4,40,0
1990,20,1,1,0,0,0,257,2,40,0
1990,46,1,0,0,0,1,26,0,50,1
1990,44,2,0,0,0,1,0,0,0,0
1990,42,1,0,0,0,1,178,3,45,1
1990,41,2,0,0,0,1,254,4,50,0
1990,67,1,0,0,0,0,57,1,0,0
1990,66,2,0,0,0,0,0,0,0,0
1990,51,1,3,0,0,0,243,3,46,0
1990,55,1,0,0,0,1,628,1,40,0
1990,42,2,0,0,0,0,313,5,37,0
1990,18,1,1,0,0,0,877,3,40,0
1990,51,1,0,0,0,1,243,3,40,0
1990,52,2,0,0,0,1,313,5,40,0
1990,24,2,1,0,0,1,156,5,40,0
1990,21,2,1,0,0,1,156,5,40,0
1990,27,2,0,0,0,1,159,5,50,0
1990,27,1,0,0,0,1,257,5,60,1
1990,49,2,3,0,0,0,313,5,40,0
1990,36,1,0,0,0,1,363,1,40,0
1990,33,2,0,0,0,1,435,3,0,0
1990,45,1,0,0,0,1,198,2,40,1
1990,45,2,0,0,0,1,0,0,0,0
1990,49,1,0,0,0,1,22,1,48,0
1990,50,2,0,0,0,1,95,5,16,0
1990,24,2,1,0,0,1,313,5,37,0
1990,22,2,1,0,0,0,313,4,40,0
1990,54,1,0,3,4,1,14,5,60,0
1990,47,2,0,3,4,1,348,2,37,0
1990,43,2,1,0,0,1,7,4,50,1
1990,48,2,0,0,0,1,174,6,35,0
1990,53,1,0,0,0,1,217,1,40,0
1990,21,2,1,0,0,1,319,4,40,0
1990,72,1,1,0,0,0,785,5,20,0
1990,27,2,2,0,0,1,243,3,46,0
1990,42,1,0,0,0,1,65,1,60,1
1990,40,2,0,0,0,0,329,5,18,0
1990,19,2,1,0,0,1,467,5,40,0
1990,64,1,0,0,0,0,5,6,40,0
1990,50,2,0,0,0,1,174,5,30,0
1990,60,2,3,0,0,1,385,3,36,0
1990,22,1,1,0,0,0,575,0,40,0
1990,69,1,0,0,0,0,0,0,0,0
1990,70,2,0,0,0,0,0,0,0,0
1990,73,1,0,0,0,0,0,0,0,0
1990,63,2,0,0,0,0,0,0,0,0
1990,40,1,0,0,0,1,84,5,50,1
1990,35,2,0,0,0,1,104,5,35,0
1990,40,1,0,0,0,1,14,5,40,0
1990,33,2,0,0,0,1,27,4,22,0
1990,36,1,0,0,0,1,84,5,60,1
1990,37,2,0,0,0,1,0,0,0,0
1990,77,2,3,0,0,0,0,0,0,0
1990,73,2,3,0,0,1,0,0,0,0
1990,31,1,0,0,0,1,23,5,40,1
1990,30,2,0,0,0,1,373,3,40,0
1990,63,1,0,0,0,0,869,0,40,0
1990,75,2,0,0,0,0,0,0,0,0
1990,30,1,0,0,0,1,376,3,40,0
1990,30,2,0,0,0,0,376,4,30,0
1990,39,1,3,0,0,1,166,4,40,0
1990,56,1,0,0,0,0,354,2,40,0
1990,58,2,0,0,0,0,709,1,46,0
1990,27,1,1,0,0,1,215,1,55,0
1990,25,1,3,0,0,1,689,6,40,0
1990,35,2,1,0,0,1,779,1,40,0
1990,62,2,3,0,0,0,0,0,0,0
1990,36,1,0,0,0,1,263,3,48,1
1990,32,2,0,0,0,0,355,2,40,0
1990,66,1,1,0,0,0,453,5,0,0
1990,66,1,3,0,0,0,0,0,0,0
1990,60,2,2,0,0,0,319,3,40,0
1990,22,1,1,0,0,0,436,5,40,0
1990,34,1,0,0,0,0,507,4,52,0
1990,34,2,0,0,0,1,0,0,0,0
1990,56,2,2,0,0,0,0,0,0,0
1990,38,2,2,0,0,0,313,6,37,0
1990,56,1,0,0,0,1,56,1,45,0
1990,54,2,0,0,0,0,274,3,22,0
1990,32,1,0,0,0,1,549,1,46,0
1990,28,2,0,0,0,0,447,4,0,0
1990,41,2,2,0,0,0,22,4,37,0
1990,21,2,3,0,0,0,276,3,0,0
1990,62,1,0,0,0,1,354,2,40,0
1990,57,2,0,0,0,0,7,4,40,0
1990,23,2,1,0,0,1,356,1,40,0
1990,59,1,0,0,2,0,503,3,0,0
1990,59,2,0,0,2,0,453,4,40,0
1990,61,1,0,0,0,0,869,0,0,0
1990,58,2,0,0,0,1,95,5,40,1
1990,74,1,0,0,0,0,53,5,0,1
1990,69,2,0,0,0,0,0,0,0,0
1990,41,1,0,3,3,0,436,3,60,0
1990,38,2,0,3,3,0,435,3,0,0
1990,49,1,0,0,2,0,17,3,40,0
1990,46,2,0,0,2,0,436,3,20,0
1990,22,1,1,0,0,1,17,3,40,0
1990,69,2,0,0,0,0,0,0,0,0
1990,59,1,0,0,2,0,203,5,40,0
1990,25,2,1,0,0,1,313,5,38,0
1990,34,1,0,0,0,1,23,5,45,0
1990,35,2,0,0,0,1,8,2,42,0
1990,72,1,0,0,0,0,0,0,0,0
1990,72,2,0,0,0,0,0,0,0,0
1990,36,1,1,0,0,1,435,3,0,0
1990,49,1,0,0,0,0,808,2,40,0
1990,49,2,0,0,0,0,274,3,40,0
1990,24,1,1,0,0,0,426,5,40,0
1990,35,1,0,0,0,1,274,3,47,0
1990,37,2,0,0,0,0,466,5,52,0
1990,56,1,0,0,0,1,303,6,40,1
1990,58,2,0,0,0,0,313,1,40,0
1990,56,1,0,0,0,1,418,6,40,1
1990,50,2,0,0,0,0,17,3,40,0
1990,18,1,1,0,0,0,275,3,24,0
1990,67,1,0,0,0,1,0,0,0,0
1990,60,2,0,0,0,1,337,4,20,0
1990,31,2,1,0,0,1,195,1,35,0
1990,29,2,2,0,0,0,434,3,25,0
1990,46,1,2,0,0,1,48,1,40,0
1990,73,2,2,0,0,0,785,1,40,0
1990,36,1,0,0,0,1,57,1,40,0
1990,35,2,0,0,0,1,104,5,15,0
1990,31,1,0,0,0,1,259,1,60,0
1990,32,2,0,0,0,1,313,0,20,0
1990,69,1,3,0,0,1,0,0,0,0
1990,33,1,0,0,0,1,23,5,45,0
1990,34,2,0,0,0,1,156,5,0,0
1990,62,2,3,0,0,0,0,0,0,0
1990,27,2,0,0,0,1,25,4,50,0
1990,27,1,0,0,0,1,166,1,55,0
1990,55,1,0,0,0,1,15,5,55,1
1990,52,2,0,0,0,0,0,0,0,0
1990,23,1,1,0,0,1,213,1,40,0
1990,24,1,3,0,0,1,508,6,60,0
1990,32,1,0,0,0,1,13,3,48,1
1990,32,2,0,0,0,1,95,5,8,0
1990,35,1,0,0,0,1,22,3,50,1
1990,34,2,0,0,0,1,0,0,0,0
1990,32,1,0,0,0,0,567,0,40,0
1990,32,2,0,0,0,1,0,0,0,0
1990,68,1,0,0,0,0,434,3,0,0
1990,62,2,0,0,0,0,274,3,12,0
1990,24,2,1,0,0,1,354,2,40,0
1990,30,1,0,0,0,1,17,4,55,1
1990,32,2,0,0,0,1,27,4,50,1
1990,75,1,0,0,0,0,0,0,0,0
1990,71,2,0,0,0,0,0,0,0,0
1990,35,2,3,0,0,0,385,4,36,0
1990,36,1,0,0,0,0,505,4,45,0
1990,29,2,0,0,0,1,808,2,25,0
1990,25,1,1,0,0,0,804,2,45,0
1990,49,2,2,0,0,0,447,5,48,0
1990,20,2,1,0,0,1,259,3,20,0
1990,19,2,1,0,0,1,259,3,16,0
1990,67,1,0,0,0,1,23,1,40,0
1990,66,2,0,0,0,1,0,0,0,0
1990,35,1,0,0,0,1,453,4,40,0
1990,42,2,0,0,0,1,444,3,20,0
1990,24,1,1,0,0,1,378,4,48,0
1990,18,2,1,0,0,0,427,5,40,0
1990,23,1,1,0,0,1,434,3,30,0
1990,46,2,1,0,2,1,156,5,40,0
1990,46,1,0,0,0,1,22,1,75,1
1990,40,2,0,0,0,1,22,4,50,1
1990,27,2,1,0,0,1,389,5,40,0
1990,27,2,1,0,0,1,313,4,40,0
1990,27,2,1,0,0,1,95,5,40,0
1990,41,1,2,0,0,1,53,0,55,1
1990,19,1,1,0,0,1,436,3,0,0
1990,40,2,2,0,0,1,156,5,40,0
1990,80,1,0,0,0,1,156,5,6,0
1990,75,2,0,0,0,1,0,0,0,0
1990,38,1,0,0,0,1,253,4,40,1
1990,34,2,0,0,0,0,24,4,0,0
1990,38,1,0,0,0,1,243,4,40,0
1990,36,2,0,0,0,1,769,4,18,0
1990,44,1,0,0,0,1,26,5,75,1
1990,45,2,0,0,0,1,5,6,20,0
1990,30,1,0,0,0,1,185,3,50,0
1990,26,2,0,0,0,1,37,1,40,0
1990,29,1,0,0,0,1,57,6,40,0
1990,28,2,0,0,0,1,308,1,37,0
1990,53,2,0,0,0,1,95,5,24,0
1990,57,1,0,0,0,1,23,1,40,0
1990,51,1,0,0,0,0,22,2,55,0
1990,45,2,0,0,0,1,234,4,37,0
1990,71,2,1,0,0,1,0,0,0,0
1990,69,2,1,0,0,0,0,0,0,0
1990,62,2,1,0,0,0,0,0,0,0
1990,37,1,0,0,0,1,453,4,30,0
1990,37,2,0,0,0,1,337,5,10,0
1990,45,1,2,0,0,1,5,6,52,1
1990,43,2,0,3,0,1,695,2,55,1
1990,56,1,0,0,0,1,22,5,40,0
1990,18,1,1,3,0,0,275,3,16,0
1990,79,2,3,0,0,0,0,0,0,0
1990,61,2,0,0,0,1,253,4,36,0
1990,69,1,0,0,0,1,453,4,45,1
1990,29,1,1,0,0,1,453,4,60,0
1990,25,2,1,0,0,1,155,5,20,0
1990,33,1,0,0,0,1,719,1,46,0
1990,38,2,0,0,0,1,447,5,20,0
1990,70,1,0,0,0,0,0,0,0,0
1990,70,2,0,0,0,0,0,0,0,0
1990,42,1,2,0,0,0,453,5,40,0
1990,39,1,1,0,0,0,844,2,40,0
1990,25,2,2,0,0,1,447,5,28,0
1990,62,1,2,0,0,1,575,1,20,0
1990,35,2,2,0,0,1,15,5,40,0
1990,72,1,0,1,0,0,418,6,20,0
1990,70,2,0,1,0,0,0,0,0,0
1990,30,2,1,1,0,0,376,4,40,0
1990,23,2,1,1,0,1,276,3,0,0
1990,52,2,0,0,2,1,264,3,35,0
1990,58,1,0,0,0,0,274,3,40,0
1990,23,2,1,0,2,1,313,3,48,0
1990,33,1,0,0,2,0,869,0,37,0
1990,41,2,0,0,0,0,386,3,37,0
1990,68,1,0,0,0,1,276,3,27,0
1990,57,2,0,0,0,0,0,0,0,0
1990,31,1,1,0,0,1,485,4,40,0
1990,57,2,3,0,0,1,95,5,32,0
1990,65,2,3,0,0,0,0,0,0,0
1990,47,1,0,0,0,1,64,1,38,0
1990,47,2,0,0,0,1,156,5,26,0
1990,18,1,1,0,0,0,438,3,10,0
1990,37,1,0,0,0,1,243,3,50,1
1990,37,2,0,0,0,1,313,3,9,0
1990,66,2,3,0,0,1,0,0,0,0
1990,25,2,1,0,0,0,479,0,40,0
1990,64,1,3,0,0,1,26,1,24,1
1990,55,2,3,0,2,0,274,3,0,0
1990,39,1,0,0,0,0,265,3,40,0
1990,27,2,0,0,2,1,466,5,48,0
1990,59,1,0,0,0,1,22,5,35,1
1990,59,2,0,0,0,1,95,5,40,0
1990,25,2,1,0,0,1,22,4,44,0
1990,22,1,1,0,0,1,243,3,50,0
1990,31,1,0,0,0,1,337,4,45,0
1990,38,2,0,0,0,0,628,1,40,0
1990,47,1,0,0,0,1,856,2,65,1
1990,47,2,0,0,0,0,0,0,0,0
1990,27,2,3,0,0,0,276,3,45,0
1990,26,1,1,0,0,0,274,3,40,0
1990,25,1,1,0,0,0,567,0,48,0
1990,24,1,1,0,0,1,365,3,10,0
1990,20,1,1,0,0,0,869,0,40,0
1990,36,1,0,0,0,0,653,2,40,0
1990,36,2,0,0,0,0,348,2,40,0
1990,34,1,1,1,4,1,22,4,40,0
1990,28,2,1,1,4,0,337,0,46,0
1990,59,1,2,0,0,0,514,3,35,0
1990,35,2,1,0,0,0,779,1,40,0
1990,27,2,1,1,0,1,375,4,37,0
1990,28,1,3,1,0,0,444,4,40,0
1990,25,1,1,0,0,0,486,0,40,0
1990,62,1,2,0,0,0,503,2,40,0
1990,28,1,0,0,0,1,22,3,55,0
1990,29,2,0,0,0,1,156,5,0,0
1990,25,2,0,0,0,0,785,1,40,0
1990,30,1,0,0,0,0,793,1,40,0
1990,70,2,0,0,0,1,143,5,0,0
1990,72,1,0,0,0,1,0,0,0,0
1990,38,1,0,0,0,1,576,5,44,0
1990,25,2,0,0,0,1,95,5,40,0
1990,23,1,1,0,2,1,268,3,53,0
1990,18,2,1,0,0,0,313,3,24,0
1990,78,1,0,0,0,1,0,0,0,0
1990,77,2,0,0,0,0,0,0,0,0
1990,33,1,0,0,0,0,22,3,60,0
1990,31,2,0,0,0,0,22,5,24,0
1990,64,1,1,0,0,0,734,1,40,0
1990,68,2,2,1,0,0,174,6,0,0
1990,37,1,1,1,0,1,278,1,37,0
1990,34,1,0,0,0,0,22,3,50,1
1990,31,2,0,0,0,0,877,3,7,0
1990,55,1,2,0,0,0,804,2,45,0
1990,62,2,3,0,0,0,276,3,90,0
1990,62,2,2,0,0,1,0,0,0,0
1990,18,1,1,0,0,0,453,5,0,0
1990,70,1,0,2,0,0,0,0,0,0
1990,75,2,0,2,0,0,0,0,0,0
1990,40,1,1,2,0,0,0,0,0,0
1990,25,2,1,2,0,0,313,5,30,0
1990,25,1,1,2,0,1,448,4,30,0
1990,20,2,1,2,0,0,0,0,0,0
1990,31,2,1,0,0,0,427,2,12,0
1990,33,1,2,2,0,0,883,2,40,0
1990,32,1,0,1,1,0,809,2,0,0
1990,32,2,0,1,1,0,447,5,40,0
1990,35,1,0,1,1,1,22,5,40,0
1990,30,2,0,1,1,1,337,4,30,0
1990,61,1,2,0,0,1,179,6,40,1
1990,62,1,0,0,0,1,19,4,40,0
1990,62,2,0,0,0,1,337,4,15,0
1990,25,1,1,0,1,0,567,0,30,0
1990,19,2,1,0,1,0,0,0,0,0
1990,33,1,0,0,0,1,22,1,50,0
1990,33,2,0,0,0,0,337,4,12,0
1990,35,1,0,0,0,0,575,4,40,0
1990,33,2,0,0,0,0,155,5,21,0
1990,31,1,0,0,0,1,22,4,45,0
1990,27,2,0,0,0,0,155,5,18,0
1990,45,1,0,0,0,1,156,5,40,0
1990,43,2,0,0,0,1,33,1,40,0
1990,46,1,0,0,0,1,235,1,40,0
1990,45,2,0,0,0,1,156,5,30,0
1990,75,2,3,0,0,0,0,0,0,0
1990,68,2,3,0,0,0,0,0,0,0
1990,73,1,3,0,0,0,0,0,0,0
1990,57,2,3,0,0,0,0,0,0,0
1990,20,1,1,0,0,0,567,0,40,0
1990,21,1,1,0,0,0,274,3,40,0
1990,46,1,0,0,0,0,779,1,40,0
1990,47,2,0,0,0,0,275,5,20,0
1990,25,1,1,0,0,0,567,0,40,0
1990,46,1,0,0,0,0,355,2,40,0
1990,45,2,0,0,0,1,313,5,40,0
1990,37,2,3,0,0,0,379,3,0,0
1990,19,1,1,0,0,0,514,4,30,0
1990,55,1,0,0,0,0,734,1,40,0
1990,39,2,0,0,0,0,338,6,20,0
1990,19,2,1,0,0,0,889,1,40,0
1990,64,1,0,0,0,0,577,2,0,0
1990,60,2,0,0,0,0,276,3,0,0
1990,39,1,0,0,0,1,549,4,30,0
1990,37,2,0,0,0,1,253,4,37,0
1990,59,1,0,0,0,0,458,4,34,0
1990,49,2,0,0,0,1,188,3,20,0
1990,34,1,3,2,1,0,436,3,0,0
1990,36,2,0,0,0,0,453,5,56,0
1990,35,1,0,0,0,0,453,5,50,0
1990,51,1,0,0,0,0,274,3,40,0
1990,51,2,0,0,0,0,0,0,0,0
1990,69,1,0,0,0,0,0,0,0,0
1990,69,2,0,0,0,0,0,0,0,0
1990,71,2,3,0,0,0,0,0,0,0
1990,35,1,0,0,0,1,243,3,45,0
1990,27,2,0,0,0,1,376,4,41,0
1990,38,2,1,0,0,1,156,5,40,0
1990,43,1,0,0,0,1,55,6,45,0
1990,48,2,0,0,0,1,257,2,40,0
1990,23,1,0,0,0,1,213,1,40,0
1990,25,2,0,0,0,0,744,1,38,0
1990,62,1,0,0,0,0,436,3,20,0
1990,54,2,0,0,0,0,337,6,40,0
1990,27,1,2,0,0,1,0,0,0,0
1990,50,1,2,0,0,1,84,5,50,1
1990,26,1,1,1,0,0,883,2,0,0
1990,33,2,0,0,0,1,8,0,50,0
1990,46,1,0,0,0,1,22,0,50,1
1990,27,1,1,0,0,1,418,6,45,0
1990,25,1,1,0,2,1,877,3,45,0
1990,33,1,0,0,0,1,13,1,50,1
1990,32,2,0,0,0,1,447,5,0,0
1990,48,1,0,0,0,1,189,2,40,1
1990,42,2,0,0,0,1,354,2,40,0
1990,19,1,1,0,0,1,889,2,20,0
1990,35,1,0,0,0,0,74,1,48,0
1990,35,2,0,0,0,1,357,4,30,0
1990,43,1,0,0,0,0,426,4,40,0
1990,40,2,0,0,0,1,17,3,42,0
1990,36,1,2,0,0,1,566,3,40,0
1990,46,1,0,0,0,1,637,1,40,0
1990,40,2,0,0,0,1,375,4,25,0
1990,25,2,1,0,0,1,365,2,40,0
1990,70,1,0,0,2,0,877,3,20,0
1990,57,2,0,0,2,0,744,4,35,0
1990,27,1,1,0,0,1,253,4,40,0
1990,26,2,1,0,0,1,257,4,40,0
1990,62,2,3,0,0,0,0,0,0,0
1990,31,2,2,0,0,1,313,5,35,0
1990,28,2,1,0,0,1,308,5,35,0
1990,39,2,3,0,0,1,315,4,27,0
1990,46,2,2,0,0,1,243,3,50,0
1990,22,2,1,0,0,1,274,3,35,0
1990,18,1,1,0,0,1,274,3,20,0
1990,53,1,2,0,0,0,259,3,40,1
1990,69,1,0,0,0,0,357,4,0,0
1990,65,2,0,0,0,0,0,0,0,0
1990,18,2,1,0,0,0,276,3,40,0
1990,40,1,0,0,0,1,417,6,48,0
1990,39,2,0,0,0,1,95,5,32,0
1990,42,1,0,0,0,1,628,1,40,0
1990,39,2,0,0,0,1,274,3,66,0
1990,56,1,0,0,0,1,225,1,60,0
1990,49,2,0,0,0,0,447,4,48,0
1990,22,1,1,0,0,1,889,3,45,0
1990,32,1,0,0,0,1,22,1,45,1
1990,29,2,0,0,0,1,303,4,40,0
1990,79,1,0,0,0,1,0,0,0,0
1990,73,2,0,0,0,0,0,0,0,0
1990,34,1,0,0,0,0,889,3,42,0
1990,32,2,0,0,0,0,276,3,8,0
1990,21,2,1,0,0,1,319,2,30,0
1990,21,1,1,0,0,1,304,4,30,0
1990,47,1,1,0,0,0,567,0,0,0
1990,53,1,0,0,0,0,539,2,40,0
1990,48,2,0,0,0,1,207,5,32,0
1990,23,1,1,0,0,0,567,0,40,0
1990,32,1,0,0,2,0,22,3,40,1
1990,33,2,0,0,0,1,22,4,40,0
1990,35,2,2,0,0,0,449,4,20,0
1990,66,2,3,0,2,0,744,1,0,0
1990,45,1,2,0,0,1,22,1,52,0
1990,76,1,0,0,0,0,0,0,0,0
1990,75,2,0,0,0,0,0,0,0,0
1990,78,2,0,0,0,0,0,0,0,0
1990,33,1,0,0,0,0,243,3,45,0
1990,27,2,0,0,0,0,337,3,31,0
1990,64,1,0,0,0,0,426,5,8,0
1990,65,2,0,0,2,0,208,5,0,0
1990,61,2,2,0,0,0,447,5,40,0
1990,48,1,0,0,0,0,0,0,0,0
1990,41,2,0,0,0,0,0,0,0,0
1990,28,1,0,0,0,0,567,0,40,0
1990,27,2,0,0,0,0,23,4,40,0
1990,38,1,0,0,2,0,558,0,40,0
1990,35,2,0,0,2,0,0,0,0,0
1990,64,1,0,0,0,1,304,1,0,0
1990,56,2,0,0,0,0,0,0,0,0
1990,64,1,0,0,0,0,269,3,20,0
1990,32,2,0,0,2,1,447,5,40,0
1990,39,1,3,0,0,1,174,5,37,0
1990,54,1,0,0,2,0,777,1,40,0
1990,53,2,0,0,2,0,744,1,38,0
1990,40,2,2,0,2,0,744,1,0,0
1990,75,2,3,0,0,0,0,0,0,0
1990,59,2,3,0,0,0,0,0,0,0
1990,40,2,0,0,0,1,0,0,0,0
1990,40,1,0,0,0,0,0,0,0,0
1990,43,2,2,0,0,1,313,5,40,0
1990,25,1,1,0,0,0,859,1,48,0
1990,20,2,1,0,0,0,885,3,21,0
1990,47,1,0,0,0,0,889,3,40,0
1990,51,2,0,0,0,0,269,3,40,0
1990,63,2,3,0,0,0,0,0,0,0
1990,31,1,1,0,0,0,888,2,40,0
1990,46,1,2,0,2,0,744,1,40,0
1990,72,1,0,0,0,0,0,0,0,0
1990,72,2,0,0,0,0,0,0,0,0
1990,23,2,0,0,0,0,0,0,0,0
1990,29,1,0,0,0,0,779,1,40,0
1990,55,2,2,0,0,0,275,4,30,0
1990,20,1,1,0,0,0,453,4,40,0
1990,35,1,0,2,0,1,453,1,40,0
1990,24,2,0,2,0,0,744,1,40,0
1990,47,1,0,0,0,0,709,1,40,0
1990,47,2,0,0,0,0,744,1,0,0
1990,23,1,1,0,0,0,779,0,40,0
1990,55,1,0,0,0,1,529,2,45,0
1990,54,2,0,0,0,0,337,3,40,0
1990,25,2,1,0,0,1,318,2,60,0
1990,33,2,1,2,0,1,434,5,5,0
1990,34,1,0,2,0,1,783,1,40,0
1990,27,2,0,1,0,1,22,3,40,0
1990,78,2,2,0,0,0,0,0,0,0
1990,67,1,0,0,0,0,0,0,0,0
1990,74,2,0,0,0,0,0,0,0,0
1990,74,2,3,2,0,0,0,0,0,0
1990,77,1,0,0,0,0,0,0,0,0
1990,72,2,0,0,0,0,0,0,0,0
1990,68,2,1,0,0,0,473,0,14,0
1990,54,1,0,0,2,0,549,1,40,0
1990,52,2,0,0,2,0,754,1,40,0
1990,20,1,1,0,2,0,744,1,0,0
1990,40,1,0,0,4,0,779,1,40,0
1990,35,2,0,0,2,0,95,5,40,0
1990,75,2,3,0,0,0,0,0,0,0
1990,52,1,0,0,0,0,709,1,44,0
1990,46,2,0,0,0,0,0,0,0,0
1990,34,1,0,0,2,0,579,0,0,0
1990,35,2,0,0,2,0,449,4,40,0
1990,43,2,1,0,0,0,0,0,0,0
1990,49,1,1,0,0,0,779,1,0,0
1990,28,2,1,0,0,0,0,0,0,0
1990,38,2,1,0,0,1,276,3,35,0
1990,18,2,1,0,0,0,449,5,0,0
1990,47,1,2,0,0,0,364,3,40,0
1990,46,1,0,0,0,0,518,1,48,0
1990,46,2,0,0,0,1,313,4,20,0
1990,23,2,1,0,0,1,156,5,35,0
1990,40,1,0,0,0,1,637,1,40,0
1990,38,2,0,0,0,1,337,5,40,0
1990,78,1,0,0,2,0,0,0,0,0
1990,69,2,0,0,0,0,0,0,0,0
1990,37,2,1,0,0,0,24,4,37,0
1990,79,2,3,0,2,0,0,0,0,0
1990,45,1,0,0,0,0,779,1,15,0
1990,46,2,0,0,0,1,365,1,37,0
1990,26,2,3,0,0,0,313,6,40,0
1990,66,1,0,0,0,0,0,0,0,0
1990,59,2,0,0,0,0,0,0,0,0
1990,19,2,1,0,0,0,313,1,52,0
1990,76,2,3,0,0,0,0,0,0,0
1990,43,1,0,0,0,0,507,0,40,0
1990,56,2,0,0,0,0,877,3,0,0
1990,23,1,1,0,0,0,436,3,40,0
1990,22,1,0,0,0,0,453,4,40,0
1990,23,2,0,0,0,0,315,1,37,0
1990,43,2,2,0,0,0,744,1,40,0
1990,18,2,1,0,0,0,744,1,35,0
1990,32,2,3,0,0,1,687,3,0,0
1990,39,1,0,0,0,1,417,6,42,0
1990,40,2,0,0,0,0,385,4,40,0
1990,59,1,0,0,0,0,747,1,30,0
1990,62,2,0,0,2,0,744,1,30,0
1990,76,2,3,0,0,0,0,0,0,0
1990,19,1,1,0,0,0,479,0,40,0
1990,73,2,3,0,0,0,0,0,0,0
1990,28,2,1,0,0,0,269,3,40,0
1990,37,1,0,0,0,1,37,6,37,0
1990,38,2,0,0,0,1,315,6,0,0
1990,22,1,0,0,0,0,889,1,40,0
1990,27,2,0,0,0,0,744,1,40,0
1990,27,1,3,0,0,0,518,1,40,0
1990,80,2,3,0,0,1,0,0,0,0
1990,44,1,0,0,0,0,549,5,40,0
1990,39,2,0,0,0,1,313,5,35,0
1990,20,2,1,0,0,1,435,3,20,0
1990,18,2,1,0,0,1,98,5,17,0
1990,49,1,0,0,2,0,869,0,40,0
1990,45,2,0,0,2,0,744,1,40,0
1990,80,1,3,0,2,0,0,0,0,0
1990,61,1,0,0,0,0,425,6,10,0
1990,62,2,0,0,0,0,0,0,0,0
1990,69,1,0,0,0,0,0,0,0,0
1990,68,2,0,0,2,0,276,1,16,0
1990,36,1,1,0,0,1,174,5,37,0
1990,28,1,0,0,0,1,538,3,40,0
1990,26,2,0,0,2,1,376,4,40,0
1990,26,1,0,0,2,0,869,0,40,0
1990,25,2,0,0,2,0,744,1,40,0
1990,73,2,3,0,0,0,0,0,0,0
1990,78,2,3,0,0,0,0,0,0,0
1990,67,1,0,0,0,0,0,0,0,0
1990,63,2,0,0,0,0,0,0,0,0
1990,34,1,0,0,0,1,243,3,50,1
1990,32,2,0,0,0,1,23,5,50,1
1990,67,1,0,0,0,0,425,6,10,0
1990,61,2,0,0,0,0,444,5,15,0
1990,77,1,0,0,0,0,0,0,0,0
1990,73,2,0,0,0,0,0,0,0,0
1990,42,2,1,0,0,0,0,0,0,0
1990,36,2,1,0,0,0,0,0,0,0
1990,33,2,0,0,0,1,156,5,40,0
1990,36,1,0,0,0,1,766,2,40,0
1990,59,2,2,0,0,0,458,4,35,0
1990,45,1,0,0,0,1,266,3,42,0
1990,43,2,0,0,0,0,337,6,31,0
1990,41,1,0,0,2,0,567,0,40,0
1990,38,2,0,0,2,0,666,3,35,0
1990,68,1,0,0,0,0,0,0,0,0
1990,68,2,0,0,0,0,17,3,48,0
1990,77,1,0,0,0,0,813,4,20,0
1990,69,2,0,0,0,0,0,0,0,0
1990,74,1,0,0,0,0,0,0,0,0
1990,71,2,0,0,0,0,0,0,0,0
1990,40,1,0,0,0,1,575,0,40,0
1990,35,2,0,0,0,1,447,5,16,0
1990,36,1,0,0,0,0,567,0,8,0
1990,31,2,0,0,0,0,804,3,22,0
1990,51,2,3,0,0,1,95,6,24,0
1990,25,1,1,0,0,1,25,4,60,0
1990,21,2,1,0,0,0,435,3,40,0
1990,35,1,0,0,0,0,804,0,50,0
1990,34,2,0,0,0,1,15,5,24,0
1990,36,1,0,0,0,1,0,0,0,0
1990,38,2,0,0,0,1,105,5,40,0
1990,71,2,3,0,0,0,0,0,0,0
1990,67,1,0,0,0,0,0,0,0,0
1990,77,2,0,0,0,0,0,0,0,0
1990,71,1,0,0,0,1,84,5,30,1
1990,70,2,0,0,0,1,0,0,0,0
1990,50,1,0,0,0,0,779,1,50,0
1990,46,2,0,0,0,0,0,0,0,0
1990,19,1,1,0,0,1,319,5,10,0
1990,57,1,0,0,0,0,637,1,50,0
1990,63,2,0,0,0,0,0,0,0,0
1990,42,1,0,0,0,0,505,3,40,1
1990,42,2,0,0,0,0,22,5,40,0
1990,37,1,0,0,0,1,804,3,45,0
1990,33,2,0,0,0,1,385,4,30,0
1990,36,1,2,0,0,1,23,4,40,1
1990,50,1,2,0,0,1,308,4,36,0
1990,31,2,1,0,0,0,308,4,0,0
1990,46,1,0,0,0,1,22,1,40,0
1990,41,2,0,0,0,1,95,5,24,0
1990,18,1,1,0,0,0,469,3,10,0
1990,46,2,0,0,0,1,445,5,30,0
1990,52,1,0,0,0,1,154,5,45,1
1990,40,2,0,0,0,1,207,5,24,0
1990,39,1,0,0,0,1,549,4,40,0
1990,35,1,0,0,0,0,505,4,60,1
1990,40,2,0,0,0,0,337,4,20,0
1990,30,1,0,0,0,1,566,3,45,0
1990,35,2,0,0,0,1,0,0,0,0
1990,31,1,1,0,0,0,0,0,0,0
1990,51,1,0,0,0,0,567,5,40,0
1990,49,2,0,0,0,1,207,5,40,0
1990,31,1,1,0,0,1,235,1,60,1
1990,47,2,1,0,0,0,0,0,0,0
1990,61,2,3,0,0,0,276,3,10,0
1990,77,2,3,0,0,0,0,0,0,0
1990,37,1,0,0,0,1,157,5,40,0
1990,36,2,0,0,0,1,234,4,40,0
1990,42,2,0,0,2,0,628,1,40,0
1990,44,1,0,0,4,0,599,0,40,0
1990,35,1,0,0,2,0,754,1,40,0
1990,32,2,0,0,2,0,754,1,40,0
1990,51,1,0,0,0,0,696,5,55,1
1990,48,2,0,0,0,0,323,4,0,0
1990,25,1,1,0,0,1,18,4,50,0
1990,22,1,1,0,0,1,98,5,16,0
1990,31,1,0,0,0,0,514,3,40,0
1990,29,2,0,0,0,0,203,5,40,0
1990,56,1,0,0,2,0,486,0,40,0
1990,54,2,0,0,2,0,769,1,40,0
1990,19,1,1,0,2,0,274,3,40,0
1990,79,2,3,0,2,0,0,0,0,0
1990,52,1,0,0,0,0,224,1,40,0
1990,48,2,0,0,0,0,0,0,0,0
1990,59,1,2,0,0,1,18,4,30,0
1990,35,2,1,0,0,1,308,5,40,0
1990,33,1,0,0,0,1,259,3,50,1
1990,31,2,0,0,0,1,374,3,8,0
1990,41,1,0,0,0,1,55,1,40,1
1990,37,2,0,0,0,1,313,4,40,0
1990,49,2,2,0,0,0,315,5,18,0
1990,29,1,1,0,0,1,268,3,40,0
1990,43,1,0,0,0,1,567,0,40,0
1990,38,2,0,0,0,1,156,5,30,0
1990,36,1,0,0,0,1,21,5,50,0
1990,33,2,0,0,0,1,337,1,40,0
1990,41,1,0,0,0,1,53,0,40,0
1990,47,2,0,0,0,1,23,3,35,0
1990,20,1,1,0,0,0,275,5,40,0
1990,28,1,0,0,0,1,64,4,37,0
1990,33,2,0,0,0,1,64,4,37,0
1990,28,1,0,0,0,1,22,3,48,0
1990,25,2,0,0,0,1,184,5,42,0
1990,63,1,0,0,0,1,22,1,54,1
1990,61,2,0,0,0,0,338,2,0,0
1990,56,1,0,0,0,1,213,1,40,0
1990,45,2,0,0,0,1,156,5,20,0
1990,22,1,1,0,0,1,96,3,24,0
1990,26,1,0,0,0,1,56,1,40,1
1990,26,2,0,0,0,1,274,3,40,0
1990,48,2,2,0,0,0,206,5,44,0
1990,23,1,1,0,0,0,383,4,15,0
1990,37,2,2,0,0,0,337,3,60,0
1990,44,1,0,0,2,0,843,1,40,0
1990,31,2,0,0,0,0,276,3,32,0
1990,48,1,0,0,0,0,22,2,40,0
1990,38,2,0,0,0,1,22,2,40,0
1990,72,1,0,0,2,0,0,0,0,0
1990,75,2,0,0,0,0,0,0,0,0
1990,35,1,0,0,0,0,544,1,55,1
1990,33,2,0,0,0,0,276,3,20,0
1990,48,1,0,0,0,1,13,1,50,0
1990,42,2,0,0,0,0,37,1,40,0
1990,34,1,0,0,0,0,869,0,40,0
1990,34,2,0,0,0,0,276,3,0,0
1990,61,1,0,0,0,1,808,5,20,0
1990,56,2,0,0,0,0,316,5,32,0
1990,33,1,1,0,0,1,159,5,40,0
1990,26,1,1,0,0,1,774,5,20,0
1990,76,1,1,0,0,0,0,0,0,0
1990,74,2,3,0,0,0,0,0,0,0
1990,63,1,1,0,0,0,174,5,40,0
1990,53,1,0,0,0,0,634,1,55,0
1990,45,2,0,0,0,0,447,5,32,0
1990,20,2,1,0,0,0,276,5,40,0
1990,38,1,0,0,4,1,7,1,45,0
1990,35,2,0,0,0,1,315,3,9,0
1990,71,2,3,0,4,0,787,1,40,0
1990,54,2,3,0,0,0,313,3,20,0
1990,44,1,0,0,0,0,507,2,42,0
1990,29,2,0,0,0,0,0,0,0,0
1990,19,1,1,0,0,0,719,1,40,0
1990,41,1,2,0,0,1,18,1,42,1
1990,43,1,0,0,2,0,869,0,55,1
1990,42,2,0,0,2,0,337,0,40,0
1990,46,1,0,0,0,0,585,0,40,0
1990,47,2,0,0,0,1,313,5,25,0
1990,52,1,0,0,0,0,457,6,40,0
1990,53,2,0,0,0,0,319,3,32,0
1990,29,1,1,0,0,0,348,2,40,0
1990,27,1,2,0,0,0,453,5,40,0
1990,70,1,0,0,0,1,0,0,0,0
1990,67,2,0,0,0,0,0,0,0,0
1990,70,2,3,0,0,1,0,0,0,0
1990,70,1,0,0,0,0,0,0,0,0
1990,66,2,0,0,0,0,0,0,0,0
1990,22,2,1,0,0,1,435,3,40,0
1990,58,1,0,0,0,0,567,0,36,0
1990,55,2,0,0,0,1,348,2,0,0
1990,19,1,1,1,0,0,453,4,34,0
1990,73,2,3,0,0,0,0,0,0,0
1990,62,1,0,0,0,0,563,1,40,0
1990,57,2,0,0,0,0,0,0,0,0
1990,37,1,2,0,0,0,785,1,0,0
1990,25,1,1,0,0,1,365,3,40,0
1990,20,1,1,0,0,0,856,0,48,0
1990,25,1,1,0,0,0,17,3,60,0
1990,20,1,1,0,0,0,877,3,30,0
1990,33,1,0,0,2,0,567,0,40,0
1990,33,2,0,0,0,1,23,1,30,0
1990,61,1,0,0,0,0,22,1,45,1
1990,57,2,0,0,0,0,444,5,30,0
1990,46,1,0,0,0,0,56,1,40,0
1990,42,2,0,0,0,0,407,4,20,0
1990,23,1,1,0,0,1,385,6,24,0
1990,20,2,1,0,0,1,23,4,20,0
1990,61,2,1,0,0,1,158,5,30,0
1990,64,1,0,0,0,1,22,4,35,0
1990,61,2,0,0,0,1,14,5,40,1
1990,69,2,3,0,0,0,0,0,0,0
1990,32,1,0,0,0,1,474,0,40,0
1990,32,2,0,0,0,1,474,0,20,0
1990,72,2,3,0,2,0,0,0,0,0
1990,21,1,1,1,0,1,14,5,15,0
1990,47,1,0,0,0,0,777,1,40,0
1990,46,2,0,0,0,0,0,0,0,0
1990,21,1,1,0,0,1,567,0,40,0
1990,20,1,1,0,0,0,447,5,40,0
1990,79,2,3,0,0,0,0,0,0,0
1990,64,1,0,0,0,1,156,5,37,0
1990,69,2,0,0,2,0,0,0,0,0
1990,51,2,0,0,0,0,0,0,0,0
1990,54,1,0,0,0,0,22,1,70,1
1990,24,1,1,0,0,0,686,1,48,0
1990,78,2,3,0,0,0,356,1,12,0
1990,47,1,0,0,0,0,505,3,42,0
1990,45,2,0,0,0,1,95,5,30,0
1990,63,2,2,0,0,0,447,5,37,0
1990,56,1,0,0,0,0,253,4,35,0
1990,52,2,0,0,0,0,319,1,43,0
1990,26,2,1,0,0,1,22,6,45,0
1990,54,1,0,0,0,0,567,0,30,0
1990,54,2,0,0,0,0,274,3,35,0
1990,22,2,1,0,0,0,458,4,12,0
1990,19,2,1,0,0,1,276,3,40,0
1990,58,1,0,0,0,1,14,5,48,1
1990,62,2,0,0,2,1,0,0,0,0
1990,24,2,1,0,0,1,17,3,50,0
1990,67,1,0,0,0,1,0,0,0,0
1990,66,2,0,0,0,1,383,4,0,0
1990,74,2,1,0,0,0,0,0,0,0
1990,76,1,0,0,2,0,0,0,0,0
1990,52,1,0,0,0,1,189,4,30,0
1990,48,2,0,0,0,1,303,4,40,0
1990,24,1,1,0,0,1,418,6,40,0
1990,65,1,0,0,0,1,25,4,0,0
1990,64,2,0,0,0,1,0,0,0,0
1990,64,1,2,0,0,0,0,0,0,0
1990,41,1,0,0,0,1,274,3,40,0
1990,32,2,0,0,0,0,259,3,54,0
1990,67,2,3,0,2,1,22,2,4,0
1990,80,1,3,0,0,1,869,0,20,0
1990,77,1,3,0,0,0,274,3,3,0
1990,27,1,0,0,0,0,498,0,12,0
1990,26,2,0,0,0,1,337,3,40,0
1990,34,1,0,0,0,0,378,4,50,0
1990,30,2,0,0,0,1,276,3,15,0
1990,30,1,0,0,0,1,869,0,40,0
1990,32,2,0,0,0,1,0,0,0,0
1990,72,2,3,0,2,0,0,0,0,0
1990,20,1,3,0,0,1,804,3,16,0
1990,79,2,2,0,0,1,0,0,0,0
1990,56,2,2,0,0,0,0,0,0,0
1990,40,2,2,0,0,1,313,1,40,0
1990,67,2,3,0,0,0,449,4,0,0
1990,74,2,1,0,0,0,0,0,0,0
1990,73,1,0,0,0,1,278,1,0,0
1990,57,2,0,0,0,0,448,4,37,0
1990,24,2,1,0,0,1,385,4,40,0
1990,40,1,3,0,0,1,869,0,40,0
1990,25,2,2,0,0,1,435,3,40,0
1990,32,1,0,0,0,1,55,1,40,1
1990,31,2,0,0,0,1,203,5,20,0
1990,43,2,2,1,4,1,804,6,50,0
1990,21,2,1,0,0,1,435,3,42,0
1990,36,1,0,3,0,0,453,4,40,0
1990,38,2,0,0,0,0,274,3,8,0
1990,24,1,1,0,0,1,434,3,40,0
1990,23,1,1,0,0,1,253,4,50,0
1990,24,1,1,0,0,1,23,5,40,0
1990,73,2,3,0,0,0,0,0,0,0
1990,34,1,0,0,0,0,505,3,40,0
1990,35,2,0,0,2,0,337,5,40,0
1990,23,2,1,0,0,1,434,3,50,0
1990,36,1,0,0,0,0,218,5,40,0
1990,33,2,0,0,0,0,275,4,22,0
1990,42,1,0,0,0,1,17,3,50,0
1990,34,2,0,0,0,1,376,4,50,0
1990,66,2,1,0,0,1,0,0,0,0
1990,31,1,0,0,0,1,85,5,40,1
1990,31,2,0,0,0,1,303,2,40,1
1990,71,1,3,0,0,1,84,5,40,0
1990,31,2,1,0,0,1,447,5,32,0
1990,30,2,3,0,0,0,436,3,30,0
1990,43,1,3,0,0,1,628,1,63,0
1990,63,1,2,0,0,0,529,2,0,0
1990,49,2,3,3,0,1,174,5,40,0
1990,24,1,1,0,0,0,235,3,45,0
1990,35,1,2,0,0,0,235,0,45,0
1990,69,1,3,0,0,0,21,5,30,0
1990,49,2,1,0,0,0,0,0,0,0
1990,36,1,2,0,0,1,89,5,40,1
1990,62,1,0,0,0,1,188,1,40,0
1990,62,2,0,0,0,1,376,4,40,0
1990,68,2,3,0,0,1,0,0,0,0
1990,44,1,0,0,0,1,263,3,48,0
1990,40,2,0,0,0,1,319,0,40,0
1990,31,1,0,0,0,0,804,2,72,1
1990,32,2,0,0,0,0,435,3,15,0
1990,45,1,0,0,0,1,253,4,45,0
1990,41,2,0,0,0,1,313,5,20,0
1990,35,1,0,0,0,0,453,5,40,0
1990,30,2,0,0,0,0,274,3,0,0
1990,62,2,3,0,0,0,0,0,0,0
1990,41,2,2,1,0,1,313,5,40,0
1990,77,1,2,1,0,0,0,0,0,0
1990,60,1,0,0,0,0,453,5,40,1
1990,58,2,0,0,0,1,9,5,40,0
1990,36,2,0,0,0,0,558,0,40,0
1990,36,1,0,0,0,0,558,0,40,0
1990,76,2,3,0,0,0,0,0,0,0
1990,44,1,0,0,0,0,337,2,25,0
1990,44,2,0,0,0,1,5,6,70,0
1990,40,2,0,0,0,0,435,3,35,0
1990,38,1,0,0,0,0,498,0,60,0
1990,41,2,0,0,0,1,156,5,40,0
1990,44,1,0,0,0,1,558,0,12,0
1990,43,1,0,0,0,1,853,0,45,0
1990,42,2,0,0,0,1,443,3,10,0
1990,20,1,1,0,0,1,547,1,40,0
1990,30,1,1,1,0,1,436,3,40,0
1990,36,2,2,0,0,1,445,5,44,0
1990,40,1,2,0,0,1,567,0,30,0
1990,65,1,0,0,0,1,185,1,33,0
1990,61,2,0,0,0,1,787,1,23,0
1990,77,1,3,0,0,1,13,1,12,0
1990,66,1,0,0,0,1,575,0,35,0
1990,60,2,0,0,0,1,283,4,2,0
1990,54,1,0,0,0,1,243,3,40,0
1990,54,2,0,0,0,0,379,3,40,0
1990,55,2,3,0,0,1,407,4,0,0
1990,57,2,2,0,0,1,313,5,40,0
1990,26,1,1,0,0,1,436,3,60,0
1990,67,1,0,0,0,0,777,1,0,0
1990,62,2,0,0,0,0,17,3,24,0
1990,26,1,0,0,0,1,599,2,40,0
1990,22,2,0,0,0,1,7,4,40,0
1990,55,1,0,0,0,1,254,4,40,0
1990,55,2,0,0,0,0,447,5,35,0
1990,30,2,2,0,0,1,313,5,16,0
1990,29,1,1,0,0,0,579,0,40,0
1990,70,2,0,0,0,0,0,0,0,0
1990,70,1,0,0,0,0,443,3,12,0
1990,42,2,2,0,0,1,313,5,37,0
1990,76,1,0,0,0,1,0,0,0,1
1990,66,2,0,0,0,1,447,5,3,0
1990,78,2,2,0,0,0,0,0,0,0
1990,21,2,1,0,0,0,276,3,0,0
1990,27,1,1,0,0,0,573,0,40,0
1990,35,1,0,0,0,0,647,3,40,0
1990,36,2,0,0,0,1,157,5,40,0
1990,68,1,0,0,0,0,473,0,40,1
1990,75,2,0,0,0,0,0,0,0,0
1990,40,2,1,0,0,0,387,5,40,0
1990,35,1,1,0,0,0,479,0,40,0
1990,29,2,1,0,0,0,313,3,27,0
1990,19,2,1,1,0,0,453,4,20,0
1990,23,2,1,0,0,0,444,3,40,0
1990,42,1,0,0,0,1,157,5,40,0
1990,37,2,0,0,0,1,156,5,40,0
1990,72,1,2,0,0,0,0,0,0,0
1990,36,1,0,0,0,1,575,1,40,0
1990,33,2,0,0,0,0,777,1,40,0
1990,62,1,0,0,0,0,453,3,40,0
1990,59,2,0,0,0,0,444,5,40,0
1990,36,1,0,0,0,1,79,3,50,0
1990,35,2,0,0,2,1,156,5,8,0
1990,46,2,1,0,0,0,435,5,40,0
1990,32,2,2,0,0,0,185,3,40,0
1990,68,2,3,0,0,0,0,0,0,0
1990,65,2,3,0,0,0,0,0,0,0
1990,24,1,1,0,0,0,0,0,0,0
1990,32,2,2,0,0,1,313,5,40,0
1990,37,1,3,0,0,0,0,0,0,0
1990,25,1,1,0,0,1,869,0,10,0
1990,33,2,0,0,0,1,156,5,16,0
1990,62,1,0,0,0,0,0,0,0,0
1990,63,2,2,0,0,0,808,5,30,0
1990,31,1,1,0,0,1,274,3,0,0
1990,73,1,3,0,0,0,0,0,0,0
1990,29,1,0,0,0,1,418,6,40,0
1990,28,2,0,0,0,1,313,5,30,0
1990,29,1,0,0,0,1,156,5,40,0
1990,26,2,0,0,0,1,276,3,0,0
1990,26,1,0,0,0,0,889,1,40,0
1990,26,2,0,0,0,0,0,0,0,0
1990,19,1,1,0,0,1,199,5,35,0
1990,18,1,1,0,0,1,22,5,7,0
1990,50,1,0,0,0,0,217,5,40,0
1990,42,2,0,0,0,0,0,0,0,0
1990,42,1,0,0,0,1,22,4,50,0
1990,34,2,0,0,0,1,339,2,40,0
1990,55,1,0,0,0,0,529,2,40,0
1990,54,2,0,0,0,1,156,5,37,0
1990,26,2,3,0,0,1,276,3,0,0
1990,67,2,0,0,0,0,0,0,0,0
1990,68,1,0,0,0,0,0,0,0,0
1990,53,1,0,0,0,0,804,0,50,0
1990,46,2,0,0,0,0,0,0,0,0
1990,63,1,2,0,0,1,0,0,0,0
1990,75,1,3,0,0,0,0,0,0,0
1990,43,1,1,0,0,1,274,3,40,0
1990,41,1,1,0,0,1,157,5,48,0
1990,36,1,1,0,0,0,0,0,0,0
1990,69,2,3,0,0,0,466,5,30,0
1990,21,2,0,0,0,0,744,1,0,0
1990,27,1,0,0,0,0,0,0,0,0
1990,64,1,0,0,0,0,889,2,0,0
1990,57,2,0,0,0,0,0,0,0,0
1990,33,1,0,0,0,1,22,5,48,0
1990,44,2,0,0,0,1,208,5,40,0
1990,50,1,0,0,0,0,436,2,0,0
1990,32,2,0,0,0,0,0,0,0,0
1990,62,1,0,0,0,0,17,3,0,0
1990,55,2,0,0,0,0,203,5,16,0
1990,68,2,3,0,0,1,0,0,0,0
1990,38,1,0,0,0,1,84,5,50,1
1990,39,2,0,0,0,1,188,5,30,0
1990,71,2,0,0,0,0,0,0,0,0
1990,78,1,0,0,0,0,0,0,0,0
1990,32,1,0,0,0,0,22,0,50,0
1990,35,2,0,0,0,0,0,0,0,0
1990,34,1,0,0,4,1,85,5,24,0
1990,30,2,0,0,0,1,95,5,40,0
1990,74,2,3,0,0,0,744,4,40,0
1990,52,1,0,0,0,0,575,0,0,0
1990,54,2,0,0,0,1,95,5,28,0
1990,29,1,0,1,0,1,216,6,45,1
1990,29,2,0,1,0,1,337,4,40,0
1990,36,1,1,0,0,1,156,5,50,0
1990,36,1,0,0,0,0,503,1,40,1
1990,34,2,0,0,0,0,276,3,20,0
1990,33,1,0,0,0,0,417,6,48,0
1990,25,2,0,0,0,1,445,5,36,0
1990,31,1,1,0,0,1,575,0,45,0
1990,75,1,0,0,0,0,0,0,0,0
1990,71,2,0,0,0,0,0,0,0,0
1990,49,1,0,0,0,0,806,3,60,0
1990,41,2,0,0,0,0,438,3,40,0
1990,47,1,1,0,0,1,64,6,40,0
1990,28,1,0,0,0,0,804,3,45,0
1990,26,2,0,0,0,1,378,2,30,0
1990,31,1,0,0,0,0,567,0,35,0
1990,27,2,0,0,0,0,385,2,40,0
1990,54,1,0,0,0,0,883,1,40,0
1990,46,2,0,0,0,0,0,0,0,0
1990,25,1,1,0,0,0,449,1,40,0
1990,71,1,3,0,0,0,0,0,0,0
1990,47,1,0,1,0,1,0,0,0,0
1990,43,2,0,1,0,1,337,0,40,0
1990,57,1,0,0,0,0,365,1,20,0
1990,50,2,0,0,0,0,0,0,0,0
1990,36,1,0,0,0,1,17,3,45,0
1990,35,2,0,0,0,1,337,3,20,0
1990,50,1,0,0,0,1,27,1,40,1
1990,45,2,0,0,2,1,274,3,20,0
1990,29,1,0,0,0,1,22,2,40,0
1990,26,2,0,0,0,0,318,2,40,1
1990,44,1,0,0,0,0,22,4,50,0
1990,41,2,0,0,0,0,22,4,38,0
1990,43,1,0,0,0,0,363,6,49,0
1990,43,2,0,0,0,1,33,6,40,0
1990,21,1,1,0,0,0,734,6,40,0
1990,19,2,1,0,0,0,458,4,35,0
1990,72,2,3,0,0,0,0,0,0,0
1990,42,1,0,0,2,0,889,1,40,0
1990,39,2,0,0,0,0,754,2,40,0
1990,42,1,0,0,0,0,507,3,40,0
1990,39,2,0,0,0,0,337,4,40,0
1990,57,2,3,0,0,0,0,0,0,0
1990,61,1,0,0,0,0,253,4,83,1
1990,60,2,0,0,0,0,308,2,40,0
1990,36,2,2,0,0,0,303,6,35,0
1990,39,1,0,0,0,1,235,1,45,0
1990,31,2,0,0,0,0,438,3,0,0
1990,36,1,1,0,0,0,756,1,40,0
1990,52,2,3,0,0,0,435,3,0,0
1990,36,1,1,0,0,1,175,5,37,0
1990,25,1,1,0,0,1,155,5,40,0
1990,61,2,1,1,0,0,15,5,40,0
1990,48,1,0,0,0,1,22,0,52,1
1990,42,2,0,0,0,1,0,0,0,0
1990,26,1,1,0,0,1,436,3,40,0
1990,31,1,0,0,0,1,5,6,45,0
1990,29,2,0,0,0,1,187,5,40,0
1990,25,1,0,1,0,0,203,5,40,0
1990,24,2,0,1,0,0,313,6,40,0
1990,21,1,1,0,0,0,558,0,40,0
1990,19,2,1,0,0,0,266,3,40,0
1990,54,1,0,0,0,0,213,6,44,1
1990,50,2,0,0,0,0,453,5,10,0
1990,65,1,0,0,0,1,26,5,40,0
1990,42,2,0,0,0,1,14,5,40,1
1990,20,1,1,0,0,0,444,3,8,0
1990,55,1,2,0,0,1,263,3,40,0
1990,45,1,0,0,0,0,567,0,40,0
1990,44,2,0,0,0,0,315,4,35,0
1990,19,2,1,0,0,0,449,4,20,0
1990,45,1,0,0,0,0,759,4,40,0
1990,47,2,0,0,0,0,466,5,50,0
1990,23,2,1,0,0,0,458,4,50,0
1990,20,2,1,0,0,0,774,4,40,0
1990,33,2,1,1,0,0,748,4,45,0
1990,65,2,3,0,0,0,379,5,37,0
1990,36,2,2,0,0,1,21,5,40,0
1990,30,1,0,1,0,0,843,3,40,0
1990,25,2,0,1,0,1,337,5,40,0
1990,26,1,2,0,0,1,523,6,42,0
1990,28,1,1,1,0,1,194,6,45,0
1990,68,2,1,1,0,0,0,0,0,0
1990,28,2,3,0,0,0,17,3,40,0
1990,19,2,1,0,0,0,276,3,40,0
1990,42,1,0,0,0,1,22,5,40,1
1990,41,2,0,0,0,1,95,5,40,0
1990,19,1,1,0,0,0,379,5,20,0
1990,50,1,0,0,0,1,5,6,40,1
1990,48,2,0,0,0,1,22,2,40,0
1990,63,1,0,0,0,0,575,6,40,0
1990,62,2,0,0,0,0,436,5,4,0
1990,44,2,2,0,0,1,234,6,40,0
1990,25,1,2,0,0,0,507,3,40,0
1990,29,2,3,1,0,1,379,6,65,0
1990,35,1,0,0,0,0,308,6,40,0
1990,38,2,0,0,0,0,458,4,30,0
1990,18,2,1,0,0,0,276,6,6,0
1990,20,1,0,0,3,1,308,6,40,0
1990,19,2,0,0,0,0,243,3,35,0
1990,48,1,3,0,0,1,22,1,40,0
1990,73,1,0,0,0,0,505,4,80,0
1990,60,2,0,0,2,1,0,0,0,0
1990,41,1,1,0,2,0,479,0,40,0
1990,30,1,0,0,0,0,735,1,45,0
1990,31,2,0,0,0,1,185,3,30,0
1990,32,1,0,0,0,1,55,5,40,0
1990,36,2,0,0,0,0,406,4,7,0
1990,42,1,0,0,0,0,558,0,50,0
1990,40,2,0,0,0,1,305,4,40,0
1990,20,1,1,0,0,0,558,0,9,0
1990,20,1,1,0,0,0,865,1,0,0
1990,35,1,0,0,0,0,804,3,50,0
1990,26,2,0,0,0,1,383,4,12,0
1990,22,2,1,0,0,0,348,4,15,0
1990,50,2,2,0,0,0,313,3,45,0
1990,27,1,1,0,0,1,308,4,50,0
1990,56,1,0,0,0,1,628,1,40,1
1990,58,2,0,0,0,1,0,0,0,0
1990,61,1,0,0,0,1,0,0,0,0
1990,61,2,0,0,0,0,0,0,0,0
1990,69,2,3,0,0,0,666,4,12,0
1990,67,1,3,0,0,1,666,4,12,0
1990,51,1,0,0,0,1,243,4,50,0
1990,48,2,0,0,0,1,243,4,50,0
1990,29,1,0,0,0,1,89,5,25,1
1990,34,2,0,0,0,1,14,5,40,0
1990,40,1,0,0,0,1,567,0,50,0
1990,38,2,0,0,0,1,0,0,0,0
1990,80,2,3,0,0,0,0,0,0,0
1990,28,1,3,0,0,0,22,0,40,1
1990,40,2,1,0,0,0,26,6,40,0
1990,49,1,0,0,0,0,303,6,40,0
1990,49,2,0,0,0,1,157,5,27,0
1990,19,2,0,0,0,1,336,6,40,0
1990,27,1,0,0,0,0,567,0,40,0
1990,38,2,0,0,0,1,23,5,43,0
1990,39,1,0,0,0,0,563,0,32,0
1990,19,1,1,0,0,1,436,3,50,0
1990,37,1,0,1,0,0,424,6,40,0
1990,30,2,0,1,0,0,458,4,0,0
1990,66,1,3,1,0,0,22,0,0,0
1990,73,2,3,0,0,0,0,0,0,0
1990,44,1,0,0,0,1,68,6,40,1
1990,48,2,0,0,0,1,156,5,40,0
1990,42,2,3,1,0,0,336,6,35,0
1990,20,2,1,1,0,0,308,4,38,0
1990,54,1,3,0,0,1,5,6,50,1
1990,76,2,3,0,0,0,0,0,0,0
1990,62,1,0,0,0,1,22,4,40,1
1990,61,2,0,0,0,0,259,3,20,0
1990,29,2,1,1,0,0,276,3,40,0
1990,52,1,3,0,0,0,804,3,40,0
1990,25,1,1,0,0,0,577,0,40,0
1990,23,1,1,0,0,0,869,0,40,0
1990,54,2,3,0,0,1,137,5,30,0
1990,36,2,2,0,0,0,22,5,40,0
1990,36,1,0,0,0,0,595,0,40,0
1990,45,2,0,0,0,0,877,3,40,0
1990,31,1,0,0,2,1,259,3,50,0
1990,30,2,0,0,0,1,466,5,20,0
1990,41,1,1,1,0,1,364,3,41,0
1990,78,2,2,1,0,1,0,0,0,0
1990,36,1,0,0,0,1,178,5,50,0
1990,38,2,0,0,0,1,195,1,45,0
1990,18,1,1,0,0,0,905,6,35,0
1990,20,1,1,1,0,1,905,6,12,0
1990,21,1,1,0,0,1,905,6,50,0
1990,20,1,1,0,0,1,905,6,50,0
1990,21,1,1,0,0,1,905,6,55,0
1990,63,1,0,0,0,1,55,6,40,1
1990,56,2,0,0,0,0,436,3,24,0
1990,27,1,1,0,0,1,385,6,40,0
1990,25,1,1,0,0,0,453,3,24,0
1990,20,2,1,0,0,0,0,0,0,0
1990,47,1,0,0,0,1,5,6,45,1
1990,34,2,0,0,0,0,27,6,40,0
1990,68,1,0,0,0,1,22,5,0,0
1990,68,2,0,0,0,1,0,0,0,0
1990,43,1,0,0,0,1,254,4,50,0
1990,42,2,0,0,0,1,313,6,0,0
1990,18,1,1,0,0,0,267,3,40,0
1990,19,2,1,0,0,0,313,1,40,0
1990,36,1,0,0,0,1,505,4,70,1
1990,35,2,0,0,0,0,376,4,40,0
1990,29,1,0,1,0,1,55,5,40,0
1990,31,2,0,1,0,1,5,6,40,0
1990,52,1,0,0,0,0,22,1,50,0
1990,48,2,0,0,0,0,315,1,24,0
1990,61,1,0,0,0,1,869,0,40,1
1990,58,2,0,0,0,0,313,0,3,0
1990,28,2,1,0,0,1,195,1,32,0
1990,23,1,1,0,0,1,17,3,45,0
1990,37,1,0,0,1,0,435,3,0,0
1990,50,2,0,0,1,0,458,4,0,0
1990,31,1,0,0,0,1,55,5,40,0
1990,28,2,0,0,0,1,25,4,9,0
1990,69,2,3,0,0,0,337,2,0,0
1990,45,2,3,0,0,0,313,6,40,0
1990,18,1,1,0,0,0,274,3,20,0
1990,37,1,0,0,0,1,5,6,40,1
1990,38,2,0,0,0,1,253,4,32,0
1990,33,1,0,0,0,1,59,3,50,1
1990,28,2,0,0,0,1,23,5,20,0
1990,46,1,0,0,2,0,553,0,42,0
1990,44,2,0,0,2,0,379,5,0,0
1990,50,1,0,0,0,0,558,6,40,0
1990,48,2,0,0,0,0,35,6,40,0
1990,36,1,0,0,0,1,53,0,40,1
1990,36,2,0,0,0,1,329,5,37,0
1990,39,1,0,0,0,1,696,1,40,0
1990,37,2,0,0,0,1,156,5,22,0
1990,55,1,3,0,0,0,257,2,50,0
1990,22,1,0,0,0,0,657,1,40,0
1990,21,2,0,0,0,0,379,4,40,0
1990,54,2,3,0,0,0,276,3,30,0
1990,19,2,1,0,0,0,276,3,40,0
1990,43,1,0,0,0,0,22,3,50,0
1990,42,2,0,0,0,0,376,4,40,0
1990,43,1,0,0,0,1,156,5,50,0
1990,39,2,0,0,0,1,159,5,6,0
1990,30,1,0,3,0,0,389,0,40,0
1990,26,2,0,0,0,0,22,5,40,0
1990,31,1,0,0,0,1,213,1,40,1
1990,28,2,0,0,0,1,316,4,40,0
1990,51,1,0,0,0,0,525,3,40,1
1990,34,2,0,0,2,0,22,5,40,0
1990,65,1,0,0,0,0,337,2,0,0
1990,74,2,0,0,2,1,0,0,0,0
1990,43,1,3,0,0,1,567,0,40,1
1990,29,1,1,0,0,0,567,2,40,0
1990,58,2,2,0,0,1,178,6,45,0
1990,29,1,1,0,0,1,278,3,15,0
1990,25,2,3,0,0,1,276,3,25,0
1990,26,1,1,0,0,1,22,0,40,0
1990,44,1,3,0,0,0,628,1,60,0
1990,64,1,3,0,0,0,804,0,10,0
1990,34,1,0,0,0,1,178,5,50,1
1990,33,2,0,0,0,1,337,5,20,1
1990,29,2,1,1,1,0,407,4,40,0
1990,39,1,0,0,0,1,78,5,50,0
1990,33,2,0,0,0,1,97,5,20,0
1990,40,1,0,0,0,1,22,4,45,1
1990,38,2,0,0,0,1,157,5,12,0
1990,43,1,0,0,0,1,243,3,50,1
1990,39,2,0,0,0,0,337,3,40,0
1990,46,2,2,0,0,1,33,1,40,0
1990,20,1,1,0,0,1,479,0,40,0
1990,23,1,1,0,0,1,436,3,40,0
1990,48,1,0,0,0,1,418,6,40,1
1990,43,2,0,0,0,0,418,6,40,0
1990,40,1,0,0,0,0,804,2,45,1
1990,53,2,0,0,0,0,308,3,20,0
1990,22,2,1,0,0,1,313,3,37,0
1990,35,1,0,0,0,1,22,5,50,1
1990,35,2,0,0,0,1,243,4,0,0
1990,32,1,0,0,0,1,389,1,40,1
1990,36,2,0,0,0,1,156,5,20,0
1990,33,2,0,0,0,1,156,5,35,0
1990,34,1,0,0,0,1,187,5,50,0
1990,51,1,0,0,0,1,253,4,40,1
1990,43,2,0,0,0,1,156,5,40,0
1990,58,1,0,0,2,0,486,4,40,0
1990,32,2,0,0,2,0,407,4,40,0
1990,52,1,0,0,0,1,22,3,60,1
1990,49,2,0,0,0,1,0,0,0,0
1990,55,1,0,0,0,1,254,4,40,1
1990,52,2,0,0,0,0,185,3,28,0
1990,29,1,1,0,0,0,889,4,40,0
1990,55,2,0,1,0,1,783,3,40,0
1990,69,1,0,1,0,0,585,4,24,0
1990,35,1,0,0,0,1,259,3,55,0
1990,37,2,0,0,0,0,243,3,50,0
1990,27,1,1,0,0,0,804,4,48,0
1990,34,2,2,0,0,1,18,4,60,0
1990,73,1,3,0,0,1,0,0,0,0
1990,44,2,1,0,0,1,157,5,35,1
1990,75,2,3,0,0,0,0,0,0,0
1990,24,1,0,0,0,0,567,0,40,0
1990,20,2,0,0,0,0,877,3,30,0
1990,65,1,0,0,0,0,229,2,40,0
1990,52,2,0,0,0,0,0,0,0,0
1990,58,1,0,0,0,1,53,0,0,0
1990,54,2,0,0,0,1,0,0,0,0
1990,35,1,0,0,0,0,547,3,40,0
1990,35,2,0,0,0,0,243,3,40,0
1990,40,2,2,0,0,0,0,0,0,0
1990,29,1,0,0,0,1,178,5,54,1
1990,28,2,0,0,0,1,96,5,0,0
1990,55,1,2,0,0,1,18,4,20,1
1990,49,2,2,0,0,1,156,5,40,0
1990,26,2,1,0,0,1,178,5,45,0
1990,23,1,1,0,0,1,276,3,40,0
1990,55,1,0,0,0,1,234,6,42,1
1990,43,2,0,0,0,1,313,1,50,0
1990,36,1,3,1,0,1,267,3,40,0
1990,32,1,0,3,3,0,748,4,63,0
1990,31,2,0,3,3,0,748,4,52,0
1990,56,1,0,0,0,0,628,1,40,0
1990,56,2,0,0,0,0,0,0,0,0
1990,34,2,3,0,0,0,243,4,65,0
1990,33,1,0,0,0,1,22,2,40,0
1990,31,2,0,0,0,1,37,5,37,0
1990,60,1,0,0,0,1,376,6,40,0
1990,54,2,0,0,0,1,95,6,60,0
1990,29,1,1,0,0,1,229,4,45,1
1990,21,1,1,0,0,1,64,4,40,0
1990,67,2,3,1,0,1,0,0,0,0
1990,60,1,0,0,0,0,276,3,50,0
1990,53,2,0,0,0,1,254,4,50,0
1990,23,2,1,0,0,1,22,2,40,0
1990,19,2,1,0,0,1,376,4,40,0
1990,35,2,1,0,0,1,27,4,40,0
1990,37,2,2,1,0,0,458,4,35,0
1990,32,2,2,0,0,1,389,4,40,0
1990,37,2,2,0,0,0,458,4,40,0
1990,68,2,3,0,0,1,0,0,0,0
1990,26,1,1,0,0,1,505,3,40,0
1990,27,2,2,0,0,1,207,5,12,0
1990,26,1,1,0,0,1,505,3,40,0
1990,70,1,0,0,0,1,0,0,0,0
1990,64,2,0,0,0,1,0,0,0,0
1990,31,1,1,0,0,1,373,2,40,0
1990,53,2,3,0,0,0,373,6,40,0
1990,26,2,3,0,0,0,379,4,40,0
1990,70,1,1,0,0,0,188,2,0,0
1990,30,1,0,0,0,1,637,1,55,0
1990,29,2,0,0,0,1,666,4,0,0
1990,48,1,0,3,3,1,84,5,70,1
1990,44,2,0,3,3,1,84,5,60,0
1990,29,1,1,3,3,1,0,0,0,0
1990,27,2,2,1,0,1,95,5,36,0
1990,49,1,0,0,2,1,43,5,50,0
1990,51,2,0,0,2,1,154,5,24,0
1990,20,2,1,0,0,1,383,4,30,0
1990,72,2,3,0,2,0,0,0,0,0
1990,43,1,0,0,0,1,5,6,50,0
1990,41,2,0,0,0,1,14,5,40,1
1990,41,1,0,0,0,1,55,1,40,1
1990,36,2,0,0,0,1,0,0,0,0
1990,60,1,0,0,0,0,426,4,40,0
1990,52,2,0,0,0,0,785,1,40,0
1990,78,1,0,0,2,0,0,0,0,0
1990,75,2,0,0,0,0,0,0,0,0
1990,69,2,3,0,0,1,0,0,0,0
1990,29,2,1,0,0,1,13,4,57,0
1990,20,2,1,1,0,1,5,6,40,0
1990,20,2,1,1,0,1,365,5,40,0
1990,21,2,1,1,0,1,163,5,23,0
1990,20,2,1,0,0,1,435,3,40,0
1990,41,2,2,0,0,0,808,2,40,0
1990,78,1,3,0,0,0,0,0,0,0
1990,69,1,0,0,0,1,0,0,0,0
1990,68,2,0,0,0,0,0,0,0,0
1990,29,2,0,0,0,0,575,0,40,0
1990,32,1,0,0,0,1,276,3,20,0
1990,74,2,1,0,0,0,0,0,0,0
1990,32,1,0,0,0,1,785,4,40,0
1990,29,2,0,0,0,1,735,4,20,0
1990,47,1,0,1,0,0,243,3,40,0
1990,39,2,0,1,0,1,337,3,40,0
1990,29,1,0,0,0,0,653,0,40,0
1990,27,2,0,0,0,0,453,4,0,0
1990,30,1,0,0,0,1,55,1,40,0
1990,29,2,0,0,0,1,55,5,40,0
1990,22,1,1,0,0,1,208,2,40,0
1990,65,2,3,0,0,0,235,6,0,0
1990,49,1,0,0,0,1,65,5,40,1
1990,50,2,0,0,0,1,0,0,0,0
1990,24,1,1,0,0,1,25,4,28,0
1990,33,1,1,1,0,1,23,6,40,0
1990,18,1,1,1,0,0,365,3,0,0
1990,49,1,0,0,0,1,96,3,40,1
1990,48,2,0,0,2,0,274,3,0,0
1990,68,2,3,0,0,0,0,0,0,0
1990,67,1,0,0,0,0,0,0,0,0
1990,68,2,0,0,0,1,0,0,0,0
1990,75,2,3,0,0,0,0,0,0,0
1990,42,1,0,0,0,1,65,6,40,0
1990,36,2,0,0,0,0,313,6,35,0
1990,71,2,3,0,0,0,379,3,0,0
1990,37,2,1,1,0,1,157,5,40,0
1990,30,2,1,0,0,0,458,4,40,0
1990,42,2,2,1,0,1,33,6,48,0
1990,63,2,3,1,0,0,0,0,0,0
1990,39,1,1,1,0,0,458,4,40,0
1990,26,2,3,1,0,1,17,3,50,0
1990,73,1,0,1,0,0,0,0,0,0
1990,22,2,0,1,0,0,0,0,0,0
1990,34,1,0,1,0,0,588,0,32,0
1990,44,2,0,1,0,1,5,6,40,0
1990,38,1,0,0,0,0,505,3,40,0
1990,32,2,0,0,0,0,7,4,40,0
1990,46,2,3,1,0,1,27,1,40,0
1990,64,2,0,1,0,1,275,3,20,0
1990,77,1,0,1,1,0,186,3,65,0
1990,50,2,1,1,0,1,156,5,40,0
1990,35,1,0,1,0,1,22,5,50,0
1990,42,2,0,1,0,1,156,5,35,0
1990,55,1,0,0,0,1,178,6,40,1
1990,51,2,0,0,0,1,155,5,25,0
1990,66,1,0,0,0,1,274,3,20,0
1990,64,2,0,0,0,1,0,0,0,0
1990,67,1,0,0,0,0,243,3,55,1
1990,66,2,0,0,0,0,337,3,10,0
1990,37,1,3,0,0,1,268,3,60,0
1990,72,2,0,0,0,0,0,0,0,0
1990,39,2,2,0,0,0,208,5,10,0
1990,38,1,2,0,0,1,98,5,12,0
1990,59,1,0,0,0,1,22,1,50,1
1990,53,2,0,0,0,1,0,0,0,0
1990,21,1,1,0,0,1,335,4,25,0
1990,37,1,0,0,0,1,5,6,40,0
1990,37,2,0,0,0,1,164,5,40,0
1990,66,2,3,0,0,0,425,5,10,0
1990,39,1,1,0,0,1,23,5,35,0
1990,27,2,2,0,0,0,155,5,25,0
1990,67,2,3,0,0,1,313,6,40,0
1990,36,2,1,0,0,1,95,5,50,0
1990,42,1,0,0,2,1,259,3,60,1
1990,34,2,0,0,0,1,254,4,60,1
1990,63,1,0,0,0,0,796,1,48,0
1990,48,2,0,0,0,0,155,5,50,0
1990,26,1,1,0,0,0,19,4,50,0
1990,23,2,1,0,0,0,0,0,0,0
1990,24,1,1,0,0,0,14,3,65,1
1990,24,2,2,0,0,0,0,0,0,0
1990,37,1,0,0,0,1,259,3,40,0
1990,30,2,0,0,0,1,5,6,40,0
1990,45,1,0,0,0,1,7,1,45,1
1990,44,2,0,0,0,0,0,0,0,0
1990,21,2,1,0,0,1,275,3,40,0
1990,62,1,2,0,0,1,194,5,40,0
1990,27,1,2,1,4,0,909,6,0,0
1990,30,1,2,0,0,0,453,5,40,0
1990,35,1,3,0,0,1,13,4,50,0
1990,31,2,3,0,0,0,435,3,40,0
1990,35,1,0,0,0,1,64,1,40,0
1990,30,2,0,0,0,1,203,5,40,0
1990,61,1,0,0,0,1,154,5,40,1
1990,59,2,0,0,0,1,313,5,20,0
1990,67,1,0,0,0,1,0,0,0,1
1990,66,2,0,0,0,0,0,0,0,0
1990,44,1,0,0,0,1,64,4,40,1
1990,43,2,0,0,0,1,313,5,25,0
1990,61,2,2,0,0,1,207,5,37,0
1990,73,2,3,0,0,0,0,0,0,0
1990,25,1,1,0,0,1,23,5,40,0
1990,48,2,2,0,0,1,313,4,40,0
1990,26,2,3,0,0,1,313,5,45,0
1990,26,2,1,0,0,1,13,4,50,0
1990,75,1,2,0,0,0,567,0,20,0
1990,60,1,0,0,0,1,8,1,42,0
1990,63,2,0,0,0,1,95,5,45,0
1990,32,1,1,0,0,1,25,4,42,0
1990,32,1,0,0,2,0,436,3,70,0
1990,27,2,0,0,0,0,436,3,30,0
1990,58,1,0,0,0,1,178,5,60,1
1990,55,2,0,0,0,1,7,3,40,0
1990,58,1,0,0,0,1,22,1,40,1
1990,56,2,0,0,0,0,0,0,0,0
1990,62,1,0,0,0,1,253,4,40,0
1990,59,2,0,0,0,0,313,5,40,0
1990,55,1,0,0,0,1,84,5,62,1
1990,56,2,0,0,0,1,379,5,0,0
1990,34,2,1,0,0,1,15,5,50,0
1990,34,1,2,0,0,1,17,3,50,0
1990,44,2,3,0,0,0,37,5,45,0
1990,39,1,0,0,0,1,189,4,40,0
1990,38,2,0,0,0,1,22,4,45,1
1990,41,2,0,0,0,1,155,5,7,0
1990,35,1,0,0,0,1,22,5,60,1
1990,32,1,0,0,0,1,257,4,55,1
1990,31,2,0,0,0,1,185,0,40,0
1990,25,2,1,0,0,1,243,3,40,0
1990,25,2,1,0,0,1,27,5,40,0
1990,73,1,0,0,0,1,0,0,0,0
1990,73,2,0,0,0,0,0,0,0,0
1990,29,2,1,0,0,1,23,5,58,0
1990,48,1,0,0,0,1,22,1,55,1
1990,47,2,0,0,0,1,14,5,80,0
1990,44,1,2,0,0,1,426,4,50,0
1990,59,1,0,0,0,1,327,2,40,0
1990,53,2,0,0,0,0,436,5,37,0
1990,22,2,1,0,0,1,98,5,40,0
1990,76,1,0,0,0,0,0,0,0,0
1990,75,2,0,0,0,0,0,0,0,0
1990,36,1,3,0,0,0,757,1,0,0
1990,21,1,1,0,0,1,217,5,20,0
1990,47,1,0,0,0,1,235,1,50,1
1990,49,2,0,0,0,1,23,5,25,0
1990,26,1,1,0,0,1,234,6,40,0
1990,32,1,0,0,0,1,18,4,50,1
1990,20,2,0,0,0,1,379,5,12,0
1990,20,1,1,0,0,1,755,1,40,0
1990,64,2,2,0,0,1,315,4,40,0
1990,31,2,1,0,0,0,257,2,40,0
1990,72,1,0,0,0,0,0,0,0,0
1990,79,2,0,0,0,0,0,0,0,0
1990,44,1,0,0,0,1,514,3,60,0
1990,38,2,1,0,0,0,0,0,0,0
1990,74,2,0,0,0,0,0,0,0,0
1990,75,1,0,0,0,0,0,0,0,0
1990,21,2,1,0,0,1,276,3,20,0
1990,21,2,1,0,0,1,274,5,20,0
1990,80,1,3,0,0,0,0,0,0,0
1990,30,1,0,0,0,1,379,0,0,0
1990,34,2,0,0,0,1,84,5,90,1
1990,36,1,0,0,0,1,274,3,35,0
1990,36,2,0,0,0,1,95,5,30,0
1990,34,1,0,0,0,1,243,3,50,1
1990,34,2,0,0,0,1,22,1,0,0
1990,79,2,3,0,0,0,0,0,0,0
1990,42,2,3,0,0,1,319,4,30,0
1990,64,1,0,0,0,1,0,0,0,0
1990,59,2,0,0,0,1,14,5,40,1
1990,20,1,1,0,0,0,243,3,52,0
1990,48,1,0,1,0,1,418,6,40,0
1990,42,2,0,0,0,1,159,5,0,0
1990,18,1,1,0,0,0,567,0,40,0
1990,48,1,0,3,3,0,686,3,65,0
1990,41,2,0,3,3,0,686,3,0,0
1990,63,1,0,0,0,0,59,5,16,0
1990,65,2,0,0,0,0,0,0,0,0
1990,49,1,0,0,0,1,185,3,50,0
1990,49,2,0,0,0,1,316,3,40,0
1990,27,1,1,0,0,1,217,5,44,0
1990,19,2,1,0,0,0,315,4,40,0
1990,18,2,1,0,0,1,316,5,20,0
1990,49,1,2,0,0,0,544,0,40,0
1990,45,2,2,0,0,0,435,3,40,0
1990,45,1,0,0,0,1,156,5,60,0
1990,40,2,0,0,0,1,0,0,0,0
1990,68,2,3,0,0,0,0,0,0,0
1990,32,2,2,0,0,1,385,4,40,0
1990,23,1,0,0,0,1,276,3,47,0
1990,22,2,0,0,3,1,335,6,10,0
1990,39,1,0,0,0,1,689,0,45,0
1990,38,2,0,0,0,0,22,5,24,0
1990,68,1,0,0,0,0,0,0,0,0
1990,66,2,0,0,0,0,0,0,0,0
1990,34,2,1,0,0,1,274,3,40,0
1990,48,1,0,0,0,1,59,1,50,0
1990,45,2,0,0,0,0,337,4,32,0
1990,67,1,0,0,0,1,0,0,0,0
1990,65,2,0,0,0,0,0,0,0,0
1990,44,1,0,0,0,1,379,1,50,0
1990,42,2,0,0,0,1,313,5,40,0
1990,55,1,0,0,0,0,628,1,40,0
1990,51,2,0,0,0,0,385,3,20,0
1990,27,1,1,0,0,0,696,2,40,0
1990,30,2,1,0,0,1,223,1,40,0
1990,27,1,0,0,3,1,804,2,45,0
1990,25,2,0,0,0,1,154,5,20,0
1990,37,1,0,0,0,1,27,6,80,0
1990,28,2,0,0,0,1,418,6,0,0
1990,55,1,0,0,0,1,628,1,42,1
1990,50,2,0,0,0,1,389,6,35,0
1990,29,1,1,0,0,0,503,3,15,0
1990,25,1,1,0,0,1,785,4,40,0
1990,24,2,1,0,0,1,55,0,40,0
1990,24,2,1,0,0,1,59,6,40,0
1990,33,1,0,3,3,1,303,4,40,0
1990,33,2,0,3,3,1,95,5,50,0
1990,54,1,0,0,0,1,337,5,36,0
1990,47,2,0,0,0,1,243,4,40,0
1990,42,1,0,0,0,0,29,3,24,0
1990,42,2,0,0,0,1,163,5,40,0
1990,30,2,0,0,0,1,23,5,45,0
1990,33,1,0,0,0,1,235,5,40,0
1990,47,2,3,0,0,1,37,6,35,0
1990,30,1,0,0,0,1,259,3,50,1
1990,31,2,0,0,0,1,104,5,24,0
1990,68,1,0,0,0,1,17,3,70,0
1990,66,2,0,0,0,0,17,3,50,1
1990,67,1,0,0,0,0,0,0,0,0
1990,70,2,0,0,0,0,0,0,0,0
1990,67,1,0,0,0,0,0,0,0,0
1990,67,2,0,0,0,0,379,5,30,0
1990,65,1,3,0,0,1,59,3,40,1
1990,34,1,1,0,0,1,796,1,40,0
1990,54,1,2,0,0,0,637,4,40,0
1990,29,1,0,0,0,0,516,0,40,0
1990,26,2,0,0,0,0,318,5,40,0
1990,51,1,0,0,0,1,5,6,40,1
1990,51,2,0,0,0,0,0,0,0,0
1990,19,2,1,0,0,1,427,5,32,0
1990,66,1,0,0,0,1,544,1,40,0
1990,63,2,0,0,0,0,379,5,0,0
1990,37,1,0,0,0,0,418,6,40,0
1990,35,2,0,0,0,1,4,6,40,0
1990,70,1,0,0,0,0,0,0,0,0
1990,68,2,0,0,0,0,0,0,0,0
1990,41,1,1,0,0,0,0,0,0,0
1990,62,1,3,0,0,0,637,1,0,0
1990,70,2,3,0,0,0,0,0,0,0
1990,43,1,1,0,0,1,164,5,40,0
1990,32,1,0,0,0,0,804,2,40,0
1990,36,2,0,0,0,0,379,6,40,0
1990,34,1,0,0,0,1,13,4,45,0
1990,25,2,0,0,2,0,313,5,35,0
1990,28,1,1,0,0,1,243,4,40,0
1990,40,1,0,0,0,1,22,3,60,0
1990,30,2,0,0,0,1,274,3,40,0
1990,41,1,0,0,0,0,585,1,43,0
1990,41,2,0,0,0,0,276,3,32,0
1990,48,1,0,0,0,0,804,3,47,0
1990,45,2,0,0,0,0,426,2,40,0
1990,22,1,1,0,0,0,904,6,40,0
1990,43,1,0,0,0,0,575,1,40,0
1990,43,2,0,0,0,0,435,3,24,0
1990,20,2,1,0,0,1,487,0,40,0
1990,49,1,0,0,0,0,734,1,40,0
1990,49,2,0,0,0,0,0,0,0,0
1990,26,1,0,0,0,0,453,0,40,0
1990,23,2,0,0,0,1,276,3,0,0
1990,62,2,0,0,0,0,0,0,0,0
1990,60,1,0,0,0,0,796,4,50,0
1990,28,1,1,0,0,0,434,3,40,0
1990,60,2,3,0,0,0,0,0,0,0
1990,41,1,1,0,0,0,889,1,40,0
1990,37,1,1,0,0,0,0,0,0,0
1990,27,1,1,0,0,0,694,2,40,0
1990,55,2,3,0,0,0,23,3,40,0
1990,52,1,0,0,0,0,368,3,40,0
1990,50,2,0,0,0,0,0,0,0,0
1990,25,1,1,0,0,0,869,0,35,0
1990,20,2,1,0,0,1,274,3,15,0
1990,36,1,0,0,0,1,516,2,40,0
1990,28,2,0,0,0,1,376,1,10,0
1990,27,1,1,0,0,0,218,5,32,0
1990,60,2,3,0,0,1,95,5,40,0
1990,40,1,0,0,0,0,849,1,40,0
1990,38,2,0,0,0,0,0,0,0,0
1990,73,1,0,0,0,0,0,0,0,0
1990,75,2,0,0,0,0,0,0,0,0
1990,22,1,1,0,0,0,877,3,40,0
1990,32,1,3,0,0,1,217,0,40,0
1990,20,2,1,0,0,0,274,3,40,0
1990,35,2,1,0,0,0,339,3,40,0
1990,73,2,3,0,0,0,0,0,0,0
1990,46,1,0,0,0,1,65,5,40,0
1990,44,2,0,0,0,0,313,5,40,0
1990,20,1,0,0,0,1,373,3,20,0
1990,18,2,0,0,0,0,276,3,20,0
1990,78,2,3,0,0,0,0,0,0,0
1990,63,1,0,1,0,0,599,1,0,0
1990,65,2,0,1,0,0,0,0,0,0
1990,36,1,2,1,0,0,22,4,70,0
1990,30,2,2,1,0,0,458,4,20,0
1990,63,2,3,0,0,0,0,0,0,0
1990,79,2,3,0,0,0,0,0,0,0
1990,78,1,0,0,0,0,0,0,0,0
1990,75,2,0,0,0,0,0,0,0,0
1990,63,1,3,0,0,0,0,0,0,0
1990,30,1,3,0,0,0,628,1,50,0
1990,49,1,3,0,0,0,634,1,0,0
1990,47,1,0,0,0,0,877,3,40,0
1990,47,2,0,0,0,0,453,4,40,0
1990,28,2,1,0,0,1,446,5,40,0
1990,19,1,1,0,0,0,877,3,40,0
1990,26,2,1,0,0,0,379,3,40,0
1990,23,1,3,0,0,0,243,3,50,0
1990,61,1,0,0,0,0,426,4,48,0
1990,59,2,0,0,0,0,435,3,0,0
1990,29,2,1,0,0,0,0,0,0,0
1990,34,1,0,0,0,0,804,2,45,0
1990,38,2,0,0,0,0,315,4,40,0
1990,26,1,1,0,0,0,869,0,40,0
1990,21,2,1,0,0,0,379,4,40,0
1990,31,1,0,0,0,0,595,0,40,0
1990,31,2,0,0,0,0,444,5,0,0
1990,43,1,0,0,0,0,804,1,70,0
1990,41,2,0,0,0,0,175,5,0,0
1990,20,1,1,0,0,0,443,5,40,0
1990,31,1,1,0,0,1,213,3,40,0
1990,26,2,2,0,0,1,856,3,25,0
1990,75,1,0,0,0,0,0,0,0,0
1990,71,2,0,0,0,0,0,0,0,0
1990,22,2,1,0,0,0,579,5,30,0
1990,52,1,0,0,0,1,658,4,40,1
1990,48,2,0,0,0,1,274,3,25,0
1990,20,1,1,0,0,1,787,4,20,0
1990,41,1,0,0,0,0,243,3,60,0
1990,35,2,0,0,0,0,0,0,0,0
1990,39,2,0,0,0,1,338,1,40,0
1990,42,1,0,0,0,0,769,1,52,0
1990,31,2,2,0,0,0,736,1,40,0
1990,29,1,2,0,0,0,526,2,50,0
1990,29,2,1,0,0,0,387,5,16,0
1990,50,1,0,0,0,0,486,0,50,0
1990,47,2,0,0,0,0,0,0,0,0
1990,50,1,0,0,0,0,575,2,40,1
1990,47,2,0,0,0,0,29,3,18,0
1990,18,1,1,0,0,1,889,3,30,0
1990,52,1,0,0,0,0,804,3,40,0
1990,49,2,0,0,0,0,354,2,38,0
1990,25,1,1,0,0,0,505,3,40,0
1990,23,2,1,0,0,0,313,6,40,0
1990,35,1,0,0,0,0,585,0,40,0
1990,32,2,0,0,0,0,25,4,0,0
1990,64,2,3,1,0,0,0,0,0,0
1990,55,1,0,0,0,0,869,0,40,0
1990,50,2,0,0,0,0,303,4,35,0
1990,18,1,1,0,0,0,516,0,40,0
1990,34,1,0,0,0,1,59,6,40,0
1990,33,2,0,0,0,1,156,5,40,0
1990,71,2,1,1,0,0,0,0,0,0
1990,67,1,0,0,0,0,473,0,30,0
1990,64,2,0,0,0,0,25,4,0,0
1990,41,2,3,1,0,1,385,1,40,0
1990,20,2,0,1,0,1,389,6,40,0
1990,19,1,0,1,0,1,365,3,45,0
1990,22,1,3,1,0,0,889,4,40,0
1990,38,1,0,0,0,1,53,6,40,0
1990,36,2,0,0,0,1,65,5,40,0
1990,41,1,0,0,0,1,59,6,40,0
1990,37,2,0,0,0,1,216,5,40,0
1990,27,1,0,1,0,1,229,6,40,0
1990,38,2,0,1,0,1,26,6,40,0
1990,19,2,1,1,0,1,315,6,40,0
1990,44,1,0,0,0,0,804,2,60,1
1990,42,2,0,0,0,1,337,2,10,0
1990,30,1,0,0,2,0,65,6,40,0
1990,29,2,0,3,3,0,22,3,30,0
1990,28,1,0,0,0,1,533,6,40,0
1990,27,2,0,0,0,1,208,5,40,0
1990,32,1,0,0,0,1,365,6,48,0
1990,23,2,0,0,0,1,737,1,42,0
1990,23,1,1,0,0,1,14,5,80,0
1990,24,2,1,0,0,1,156,5,40,0
1990,24,1,0,0,0,0,164,6,40,0
1990,21,2,0,0,0,0,365,3,40,0
1990,60,1,0,0,0,0,567,0,40,0
1990,52,2,0,0,0,0,0,0,0,0
1990,32,2,1,0,0,0,274,3,30,0
1990,21,2,1,0,0,0,22,4,50,0
1990,43,1,0,0,0,0,547,6,40,0
1990,41,2,0,0,0,0,808,2,15,0
1990,44,1,0,0,0,0,829,5,60,0
1990,32,2,0,0,0,0,337,5,35,0
1990,33,2,1,0,0,1,461,5,35,0
1990,34,2,1,0,0,1,165,5,35,0
1990,51,1,0,0,0,0,5,6,40,1
1990,50,2,0,0,0,0,0,0,0,0
1990,28,2,2,0,0,0,5,6,40,0
1990,71,2,3,0,0,0,0,0,0,0
1990,32,2,2,0,0,1,339,5,40,0
1990,37,1,0,0,0,1,696,3,40,0
1990,35,2,0,0,0,1,188,1,10,0
1990,68,1,2,0,0,1,0,0,0,0
1990,33,1,0,0,0,1,423,6,40,0
1990,36,2,0,0,0,0,18,4,50,0
1990,71,2,3,0,0,0,348,5,24,0
1990,42,1,0,1,0,0,529,2,40,0
1990,40,2,0,1,0,1,23,5,40,0
1990,38,1,0,0,0,0,337,0,40,0
1990,31,2,0,0,0,0,354,2,40,0
1990,24,1,1,0,0,1,844,0,30,0
1990,58,2,2,0,0,0,0,0,0,0
1990,30,1,0,0,0,0,567,0,40,0
1990,27,2,0,0,0,1,337,5,37,0
1990,20,1,0,0,0,0,235,6,40,0
1990,28,2,0,0,0,0,0,0,0,0
1990,44,1,0,0,0,0,363,2,50,1
1990,42,2,0,0,0,0,175,5,33,0
1990,58,2,3,0,0,0,354,2,0,0
1990,31,2,3,0,0,0,385,3,0,0
1990,47,1,0,0,0,0,558,0,60,0
1990,44,2,0,0,0,0,156,5,48,0
1990,22,2,1,0,0,1,467,5,45,0
1990,47,1,2,0,0,1,55,6,48,1
1990,51,2,2,0,0,1,313,5,35,0
1990,26,2,1,0,0,1,435,3,40,0
1990,43,1,0,0,0,1,259,3,40,0
1990,42,2,0,0,0,1,379,5,40,0
1990,43,2,1,1,0,0,889,1,40,0
1990,26,2,1,1,0,0,436,3,40,0
1990,31,1,1,1,0,0,734,1,40,0
1990,32,2,1,1,0,1,0,0,0,0
1990,53,1,0,0,0,1,796,6,40,0
1990,54,2,0,0,0,1,15,5,42,0
1990,69,1,0,1,0,0,479,0,3,0
1990,65,2,0,1,0,0,686,1,0,0
1990,62,1,1,1,0,0,0,0,0,0
1990,76,1,0,0,0,0,0,0,0,0
1990,74,2,0,0,0,0,0,0,0,0
1990,68,1,0,0,0,0,0,0,0,0
1990,66,2,0,0,0,0,0,0,0,0
1990,60,1,0,0,0,0,357,3,36,0
1990,55,2,0,0,0,0,313,4,25,0
1990,30,1,2,0,0,1,567,0,40,0
1990,60,1,0,0,0,0,496,1,6,0
1990,59,2,0,0,0,0,0,0,0,0
1990,34,2,1,0,0,1,95,5,40,0
1990,23,2,1,0,0,1,877,3,8,0
1990,40,2,2,0,0,0,527,2,40,0
1990,33,1,2,0,0,0,869,0,40,0
1990,37,1,2,0,0,0,579,4,25,0
1990,74,2,3,0,0,0,0,0,0,1
1990,57,1,0,0,0,0,356,6,48,0
1990,52,2,0,0,0,0,313,5,20,0
1990,44,1,0,0,0,1,22,1,50,0
1990,30,2,0,0,0,0,274,5,0,0
1990,70,1,2,1,0,0,389,2,18,0
1990,47,1,0,0,0,0,558,0,40,0
1990,46,2,0,0,0,0,379,3,20,0
1990,22,1,1,0,0,0,783,5,35,0
1990,25,1,0,0,0,1,844,0,55,0
1990,23,2,0,0,0,1,383,4,33,0
1990,68,1,0,0,0,0,259,3,0,0
1990,65,2,0,0,0,0,313,4,0,0
1990,28,1,1,0,0,1,385,5,40,0
1990,48,1,0,0,0,1,217,5,40,0
1990,40,2,0,0,0,1,313,5,40,0
1990,43,1,0,0,0,1,414,6,40,1
1990,37,2,0,0,0,0,313,6,40,0
1990,24,1,2,0,0,0,595,0,40,0
1990,69,2,3,0,0,0,0,0,0,0
1990,60,1,1,1,0,0,453,5,0,0
1990,73,2,0,0,0,0,0,0,0,1
1990,54,2,3,0,0,1,154,5,40,0
1990,49,1,0,0,0,0,479,0,50,0
1990,25,2,0,0,0,0,0,0,0,0
1990,65,1,3,0,0,0,0,0,0,0
1990,26,2,0,0,0,0,436,3,35,0
1990,34,1,0,0,0,0,567,0,30,0
1990,69,1,0,0,0,0,95,5,0,0
1990,52,2,0,0,0,0,95,5,48,0
1990,76,1,0,0,0,0,0,0,0,0
1990,78,2,0,0,0,1,0,0,0,0
1990,64,1,0,1,0,1,22,3,0,0
1990,61,2,0,1,0,0,276,6,40,0
1990,32,2,2,1,0,0,889,1,35,0
1990,25,2,3,1,0,0,447,5,45,0
1990,70,1,0,0,0,0,0,0,0,0
1990,72,2,0,0,0,0,0,0,0,0
1990,38,1,0,0,0,1,22,2,40,1
1990,36,2,0,0,0,1,243,3,55,0
1990,32,2,2,1,0,0,435,3,15,0
1990,24,1,1,1,0,0,549,3,8,0
1990,47,2,2,0,0,1,243,2,40,0
1990,56,1,0,0,0,1,253,4,50,0
1990,56,2,0,0,0,1,313,4,0,0
1990,28,1,1,0,0,0,175,4,50,0
1990,77,1,0,0,0,0,0,0,0,0
1990,72,2,0,0,0,0,0,0,0,0
1990,70,1,3,0,0,1,176,5,40,0
1990,42,1,2,0,0,0,229,5,40,0
1990,24,2,1,0,0,1,785,1,48,0
1990,27,1,1,0,0,0,498,0,0,0
1990,67,2,3,0,0,0,0,0,0,0
1990,60,1,0,0,0,1,364,3,8,0
1990,60,2,0,0,0,1,274,3,20,0
1990,34,1,2,0,0,0,869,0,40,0
1990,29,1,0,0,0,1,809,2,40,0
1990,29,2,0,0,0,0,359,0,40,0
1990,40,2,3,1,0,0,888,0,40,0
1990,21,1,1,1,0,0,547,4,40,0
1990,60,2,3,0,0,0,387,5,35,0
1990,48,1,3,0,0,0,567,0,50,0
1990,30,2,2,0,0,1,337,1,38,0
1990,40,1,0,0,0,1,869,0,40,0
1990,38,2,0,0,0,1,379,3,50,0
1990,18,1,0,0,0,0,869,0,20,0
1990,19,2,0,0,0,0,0,0,0,0
1990,64,2,0,0,0,0,0,0,0,0
1990,30,1,0,0,0,0,756,1,40,0
1990,22,2,0,0,0,0,313,4,40,0
1990,54,1,0,0,0,0,889,1,40,0
1990,53,2,0,0,0,0,0,0,0,0
1990,27,1,0,0,0,1,637,1,48,0
1990,26,2,0,0,0,1,156,5,40,0
1990,62,1,0,0,0,0,637,1,40,0
1990,57,2,0,0,0,0,449,5,40,0
1990,27,2,1,0,0,0,484,0,20,0
1990,61,2,3,1,0,0,467,5,30,0
1990,62,1,0,0,0,0,785,1,40,1
1990,58,2,0,0,0,0,888,1,40,0
1990,26,2,1,0,0,1,156,5,40,0
1990,69,1,0,0,0,0,844,0,30,0
1990,66,2,0,0,0,0,0,0,0,0
1990,36,2,2,0,0,1,154,5,50,0
1990,66,2,3,0,0,0,0,0,0,0
1990,53,1,0,0,0,0,527,2,40,0
1990,52,2,0,0,0,0,0,0,0,0
1990,27,1,1,0,0,0,529,2,40,0
1990,30,2,1,0,0,1,796,1,40,0
1990,73,1,0,0,0,0,0,0,0,0
1990,73,2,0,0,0,0,0,0,0,0
1990,73,1,3,0,0,0,0,0,0,0
1990,41,1,0,0,0,0,579,5,40,0
1990,39,2,0,0,0,0,453,5,40,0
1990,21,2,1,0,0,0,443,5,40,0
1990,19,1,1,0,0,0,885,3,25,0
1990,26,2,1,0,0,0,189,1,40,0
1990,24,1,0,0,0,0,688,3,45,0
1990,22,2,0,0,0,0,276,3,0,0
1990,48,2,1,0,0,1,243,3,60,0
1990,42,1,1,0,0,1,829,6,50,1
1990,53,2,1,0,0,0,754,3,40,0
1990,77,2,3,0,0,0,0,0,0,0
1990,75,1,0,0,0,0,0,0,0,0
1990,27,1,0,0,0,0,558,0,40,0
1990,19,2,0,0,0,0,337,1,40,0
1990,56,1,0,0,0,1,229,1,40,0
1990,52,2,0,0,0,0,779,1,40,0
1990,39,1,0,0,0,1,213,1,40,0
1990,36,2,0,0,0,1,95,5,24,0
1990,49,2,2,0,0,1,156,5,65,0
1990,23,1,1,0,0,1,17,3,40,0
1990,22,1,1,0,0,0,567,0,40,0
1990,62,1,0,0,0,0,0,0,0,0
1990,73,2,0,0,0,0,0,0,0,0
1990,43,2,0,0,0,1,253,4,40,0
1990,41,1,0,0,0,1,154,5,40,0
1990,31,1,0,0,0,1,525,3,40,0
1990,31,2,0,0,0,1,319,2,10,0
1990,34,1,0,0,0,1,22,4,45,1
1990,34,2,0,0,0,1,0,0,0,0
1990,67,1,0,0,2,1,84,5,40,1
1990,58,2,0,0,2,1,105,5,35,0
1990,20,2,0,0,0,0,21,5,20,0
1990,25,1,0,0,0,0,866,0,60,0
1990,58,1,0,0,0,0,804,2,45,0
1990,56,2,0,0,0,0,435,5,20,0
1990,49,1,1,0,0,0,453,5,40,0
1990,35,2,2,0,0,1,27,1,40,0
1990,33,1,1,0,0,1,0,0,0,0
1990,31,1,0,0,0,1,157,5,40,0
1990,29,2,0,0,0,1,53,0,40,0
1990,60,1,0,0,0,0,485,5,40,0
1990,59,2,0,0,0,0,379,6,40,0
1990,23,1,0,0,0,1,869,0,50,0
1990,22,2,0,0,0,0,318,2,40,0
1990,60,1,0,0,0,0,779,1,40,0
1990,60,2,0,0,0,0,0,0,0,0
1990,32,1,0,0,0,1,414,6,40,0
1990,33,2,0,0,0,1,95,5,20,0
1990,42,1,0,0,0,1,259,3,40,0
1990,41,2,0,0,0,0,274,3,20,0
1990,19,1,1,0,0,1,14,5,35,0
1990,79,1,0,0,0,0,0,0,0,0
1990,73,2,0,0,0,0,0,0,0,0
1990,59,1,0,0,0,1,808,3,20,0
1990,51,2,0,0,0,1,156,5,20,0
1990,27,1,0,0,0,1,185,1,40,0
1990,25,2,0,0,0,0,878,3,30,0
1990,35,1,0,0,0,1,213,1,40,0
1990,36,2,0,0,0,0,229,1,40,0
1990,69,1,0,0,0,0,22,4,60,0
1990,66,2,0,0,0,0,0,0,0,0
1990,26,1,0,0,0,1,304,1,40,0
1990,26,2,0,0,0,1,18,4,40,0
1990,44,1,0,0,0,1,804,3,40,1
1990,42,2,0,0,0,1,467,5,10,0
1990,65,1,2,0,0,0,785,3,16,0
1990,45,1,0,0,2,0,22,1,50,0
1990,47,2,0,0,0,0,754,1,40,0
1990,37,1,0,0,0,1,303,6,40,0
1990,35,2,0,0,0,1,95,5,16,0
1990,36,2,2,0,0,1,313,0,40,0
1990,60,1,0,0,0,0,0,0,0,0
1990,58,2,0,0,0,0,313,3,40,0
1990,33,2,1,0,0,0,327,3,40,0
1990,76,1,0,0,0,0,22,1,35,1
1990,74,2,0,0,0,0,0,0,0,0
1990,78,2,0,0,0,1,0,0,0,0
1990,77,1,0,0,0,0,0,0,0,0
1990,30,1,0,0,0,1,22,6,40,0
1990,31,2,0,0,0,1,216,5,50,0
1990,34,1,0,0,0,1,22,5,45,1
1990,30,2,0,0,0,0,0,0,0,0
1990,58,1,3,0,0,0,804,0,40,0
1990,39,1,0,0,0,1,22,5,45,0
1990,31,2,0,0,0,1,337,3,6,0
1990,68,1,0,1,0,0,0,0,0,0
1990,48,2,0,1,0,0,447,5,40,0
1990,20,2,1,1,0,0,459,5,40,0
1990,20,1,1,0,0,0,435,3,30,0
1990,40,1,0,0,0,1,5,6,40,0
1990,39,2,0,0,0,0,406,4,36,0
1990,79,2,3,0,0,0,0,0,0,0
1990,70,1,0,0,0,0,637,1,15,0
1990,64,2,0,0,0,0,0,0,0,0
1990,64,1,0,1,0,1,0,0,0,0
1990,59,2,0,1,0,1,315,4,10,0
1990,34,2,3,1,0,0,8,4,50,0
1990,18,2,1,1,0,0,383,4,0,0
1990,34,1,0,0,4,1,178,5,50,1
1990,31,2,0,0,0,1,313,5,0,0
1990,36,1,0,0,0,0,308,6,60,0
1990,36,2,0,0,0,0,777,1,8,0
1990,76,1,0,0,0,0,0,0,0,0
1990,71,2,0,0,0,0,0,0,0,0
1990,74,2,3,0,0,0,0,0,0,0
1990,31,2,2,0,0,1,363,6,40,0
1990,54,1,0,0,0,0,4,6,40,1
1990,53,2,0,0,0,0,308,0,20,0
1990,70,1,3,0,0,0,0,0,0,0
1990,41,1,0,0,0,1,59,6,45,1
1990,39,2,0,0,0,1,0,0,0,0
1990,64,1,0,0,0,1,64,4,40,1
1990,50,2,0,0,0,1,95,5,24,0
1990,20,1,1,0,0,1,804,3,16,0
1990,26,1,0,0,0,0,734,1,40,0
1990,28,2,0,0,0,0,407,4,72,0
1990,23,1,1,0,0,0,734,1,40,0
1990,36,2,0,0,0,1,17,4,42,0
1990,41,1,0,0,0,0,22,6,45,1
1990,42,1,0,0,0,0,5,6,60,1
1990,33,2,0,0,0,1,22,5,16,0
1990,40,1,0,1,0,0,485,5,40,0
1990,27,2,0,1,0,1,313,6,40,0
1990,49,1,0,0,0,0,268,3,45,0
1990,45,2,0,0,0,1,5,6,47,1
1990,40,1,0,0,0,1,13,3,40,0
1990,32,2,0,0,0,1,22,0,40,0
1990,43,1,0,0,0,1,414,6,46,0
1990,37,2,0,0,0,0,22,6,40,0
1990,70,2,3,0,0,0,467,5,0,0
1990,57,2,3,0,0,0,0,0,0,0
1990,43,1,0,0,0,1,508,6,45,0
1990,34,2,0,0,0,1,795,1,55,0
1990,21,1,0,0,0,1,228,6,40,0
1990,19,2,0,0,0,0,276,5,20,0
1990,28,1,1,0,0,1,48,6,40,0
1990,27,1,0,0,0,1,157,5,40,0
1990,27,2,0,0,0,1,156,5,40,0
1990,34,1,3,0,0,0,486,5,48,0
1990,46,2,3,0,0,0,274,3,30,0
1990,78,1,0,0,0,0,0,0,0,0
1990,69,2,0,0,0,0,0,0,0,0
1990,21,1,1,0,0,0,243,3,40,0
1990,36,1,2,0,0,0,804,2,50,0
1990,19,2,1,0,0,0,276,3,0,0
1990,20,1,1,0,0,1,877,4,45,0
1990,26,1,1,0,2,0,243,3,50,0
1990,46,1,2,0,0,0,877,3,42,0
1990,53,1,0,0,0,0,27,4,60,0
1990,53,2,0,0,0,1,8,4,60,0
1990,62,1,0,0,0,0,337,3,32,0
1990,57,2,0,0,0,0,276,3,32,0
1990,28,1,1,0,0,0,853,2,45,0
1990,56,1,1,0,0,1,156,5,24,0
1990,34,1,1,0,0,1,389,5,40,0
1990,35,1,0,0,0,0,33,2,40,0
1990,36,2,0,0,0,0,235,6,0,0
1990,48,2,3,0,0,0,796,1,40,0
1990,21,2,1,0,0,0,348,2,40,0
1990,38,2,1,1,0,0,889,1,40,0
1990,37,2,1,0,0,1,329,5,35,0
1990,36,1,1,0,0,0,628,1,40,0
1990,38,1,1,0,0,0,599,0,0,0
1990,69,1,0,0,0,1,0,0,0,0
1990,67,2,0,0,0,1,0,0,0,0
1990,42,1,1,0,0,1,305,1,48,0
1990,40,1,0,0,0,0,877,1,45,0
1990,33,2,0,0,0,0,0,0,0,0
1990,73,2,3,1,0,0,0,0,0,0
1990,75,2,3,0,0,0,0,0,0,0
1990,55,1,0,0,0,1,13,3,50,0
1990,49,2,0,0,0,1,156,5,8,0
1990,27,2,1,1,0,0,449,4,10,0
1990,32,1,1,1,0,0,439,3,0,0
1990,66,2,1,1,0,0,0,0,0,0
1990,35,2,2,1,0,0,889,3,32,0
1990,30,1,1,1,0,0,668,1,40,0
1990,30,2,1,1,0,1,447,5,40,0
1990,28,2,1,1,0,0,466,5,40,0
1990,66,1,0,0,0,0,809,5,24,0
1990,68,2,0,0,0,0,243,3,48,0
1990,39,1,1,0,0,0,263,3,44,0
1990,75,2,3,0,0,0,0,0,0,0
1990,55,2,1,0,0,0,0,0,0,0
1990,53,1,1,0,0,0,804,2,50,0
1990,53,1,0,0,0,1,22,1,50,1
1990,53,2,0,0,0,0,888,1,0,0
1990,59,1,3,0,0,0,264,3,20,0
1990,40,1,2,0,0,0,243,3,40,0
1990,47,1,0,0,0,1,105,5,37,0
1990,45,2,0,0,0,1,143,5,40,0
1990,18,1,0,0,0,0,595,0,40,0
1990,77,1,0,0,0,0,0,0,0,0
1990,62,2,0,0,0,0,468,6,10,0
1990,49,1,2,0,0,0,525,4,48,0
1990,65,2,3,1,0,0,158,5,30,0
1990,37,2,3,1,0,0,407,4,36,0
1990,37,1,0,0,0,1,379,1,50,1
1990,38,2,0,0,0,1,0,0,0,0
1990,19,1,1,0,0,1,274,3,35,0
1990,57,1,0,0,2,1,84,5,30,1
1990,58,2,0,0,0,1,0,0,0,1
1990,21,1,1,0,2,1,0,0,0,0
1990,51,2,2,0,0,0,313,5,40,0
1990,56,1,0,1,0,0,856,1,72,0
1990,53,2,0,1,0,0,389,5,37,0
1990,31,1,0,0,0,1,6,6,50,0
1990,30,2,0,0,0,1,207,5,0,0
1990,76,1,3,0,0,0,22,1,0,0
1990,65,1,0,0,0,1,22,5,0,0
1990,63,2,0,0,0,0,0,0,0,0
1990,57,1,0,0,0,0,544,1,0,0
1990,61,2,0,0,0,1,156,5,0,0
1990,42,1,0,0,0,0,21,5,60,0
1990,43,2,0,0,0,0,459,5,8,0
1990,44,1,0,0,0,1,226,2,40,0
1990,38,2,0,0,0,1,0,0,0,0
1990,47,1,0,0,0,1,689,5,40,0
1990,39,2,0,0,0,0,436,3,40,0
1990,41,1,0,0,0,1,8,5,45,0
1990,36,2,0,0,2,0,0,0,0,0
1990,37,2,2,1,0,0,785,1,40,0
1990,18,1,1,1,0,0,436,3,24,0
1990,72,2,3,1,0,0,0,0,0,0
1990,43,1,1,0,0,0,797,6,60,0
1990,70,1,2,0,0,0,0,0,0,0
1990,65,1,0,0,0,0,0,0,0,0
1990,62,2,0,0,0,0,744,1,0,0
1990,39,1,0,1,0,0,563,0,35,0
1990,34,2,0,0,0,0,447,5,20,0
1990,27,1,0,0,0,1,229,2,40,1
1990,32,2,0,0,0,1,274,3,10,0
1990,79,2,1,0,0,1,0,0,0,0
1990,21,1,1,1,0,0,785,1,40,0
1990,20,2,1,1,0,0,276,3,30,0
1990,21,1,1,0,0,0,518,1,40,1
1990,28,1,3,0,0,1,22,0,60,0
1990,36,1,0,0,0,1,23,5,40,0
1990,36,2,0,0,0,1,339,2,40,0
1990,20,2,1,0,0,1,467,5,17,0
1990,19,1,1,0,2,1,567,0,35,0
1990,23,1,0,0,0,1,426,5,40,0
1990,19,2,0,0,0,1,264,3,20,0
1990,71,1,3,0,0,0,0,0,0,0
1990,33,1,0,0,0,0,844,0,50,1
1990,33,2,0,0,0,0,0,0,0,0
1990,32,2,0,0,0,1,95,5,40,0
1990,36,1,0,0,0,0,485,0,40,1
1990,72,1,0,0,0,0,779,1,60,0
1990,69,2,0,0,0,0,0,0,0,0
1990,48,2,2,0,0,0,0,0,0,0
1990,33,2,0,0,0,0,717,1,40,0
1990,32,1,0,0,0,0,567,0,61,0
1990,72,1,0,0,0,0,888,0,35,1
1990,74,2,0,0,0,0,0,0,0,0
1990,36,1,0,0,0,0,804,2,38,0
1990,30,2,0,0,0,0,315,5,36,0
1990,42,1,0,0,0,1,176,5,40,0
1990,45,2,0,0,0,1,159,5,15,0
1990,65,1,0,1,0,0,756,1,40,0
1990,63,2,0,1,0,0,407,4,15,0
1990,40,1,1,1,0,0,303,6,40,0
1990,31,2,1,1,0,0,447,5,40,0
1990,65,2,2,1,0,0,0,0,0,0
1990,57,1,3,1,0,0,0,0,0,0
1990,75,2,3,0,0,0,466,5,4,0
1990,70,1,0,0,0,1,0,0,0,0
1990,72,2,0,0,0,1,0,0,0,0
1990,65,1,0,1,0,0,479,0,35,0
1990,61,2,0,1,0,0,447,5,40,0
1990,47,1,0,1,0,0,844,0,40,0
1990,43,2,0,1,0,0,748,4,5,0
1990,74,2,3,1,0,0,0,0,0,0
1990,43,1,1,1,0,0,0,0,0,0
1990,68,1,0,0,0,0,453,4,25,0
1990,63,2,0,0,0,0,453,4,8,0
1990,18,2,1,0,0,0,383,4,40,0
1990,42,1,0,0,0,0,628,1,45,0
1990,36,2,0,0,0,1,9,0,40,0
1990,22,1,0,0,0,0,444,3,30,0
1990,20,2,0,0,0,0,8,3,40,0
1990,29,1,0,0,0,1,267,3,45,0
1990,26,2,0,0,0,1,95,5,16,0
1990,20,2,1,0,0,1,156,5,0,0
1990,40,2,0,0,0,1,23,6,40,0
1990,51,1,0,0,0,1,59,6,40,1
1990,54,2,2,0,0,1,446,5,40,0
1990,54,1,0,0,0,0,573,0,40,0
1990,53,2,0,0,0,0,666,4,40,0
1990,28,1,0,0,0,1,417,6,56,0
1990,23,2,0,0,0,0,383,4,34,0
1990,75,1,0,0,0,0,0,0,0,0
1990,73,2,0,0,0,0,0,0,0,0
1990,25,1,0,0,0,0,567,0,40,0
1990,24,2,0,0,0,1,313,0,40,0
1990,41,1,0,0,0,0,869,0,40,0
1990,40,2,0,0,0,0,448,4,40,0
1990,42,1,3,0,0,1,8,6,60,0
1990,54,1,0,0,0,0,804,3,40,0
1990,51,2,0,0,0,0,808,5,28,0
1990,24,2,1,0,0,0,779,1,25,0
1990,47,1,0,0,0,1,259,3,50,1
1990,41,2,0,0,0,0,254,4,50,0
1990,37,1,0,0,0,1,22,6,50,0
1990,35,2,0,0,0,0,0,0,0,0
1990,63,2,3,0,0,1,313,1,40,0
1990,69,1,3,0,0,1,0,0,0,0
1990,48,1,0,0,0,0,853,0,40,0
1990,45,2,0,0,0,0,243,3,0,0
1990,62,1,0,0,0,0,584,3,40,0
1990,55,2,0,0,0,0,0,0,0,0
1990,36,1,1,0,0,0,599,0,40,0
1990,29,1,1,0,0,1,567,0,40,0
1990,24,2,1,0,0,0,385,4,40,0
1990,24,1,0,0,0,0,567,0,50,0
1990,25,2,0,0,0,0,0,0,0,0
1990,33,1,0,0,0,1,558,0,45,0
1990,34,2,0,0,0,1,18,4,45,0
1990,48,1,0,0,0,1,503,2,40,0
1990,47,2,0,0,0,0,319,5,20,0
1990,20,2,1,0,0,0,579,0,20,0
1990,41,2,2,0,0,1,243,3,40,0
1990,48,2,2,0,0,1,243,3,60,0
1990,43,1,0,0,0,0,426,5,32,0
1990,43,2,0,0,0,0,25,5,40,0
1990,18,1,1,0,0,0,433,3,35,0
1990,72,1,0,0,0,1,0,0,0,0
1990,67,2,0,0,0,0,0,0,0,0
1990,73,2,3,0,0,0,0,0,0,0
1990,64,1,3,0,0,0,0,0,0,0
1990,64,2,0,0,0,1,0,0,0,0
1990,33,1,0,1,0,0,518,1,48,0
1990,26,2,0,0,0,0,453,5,40,0
1990,54,1,2,0,0,0,426,4,25,0
1990,44,1,0,0,0,0,479,0,72,0
1990,37,2,0,0,0,0,364,2,40,0
1990,18,2,0,0,0,0,0,0,0,0
1990,72,2,3,0,0,0,323,1,2,0
1990,19,1,0,0,0,0,885,3,20,0
1990,48,1,2,0,0,1,253,4,48,1
1990,35,2,2,0,0,0,435,3,32,0
1990,28,1,3,0,0,1,844,0,51,0
1990,58,1,2,0,0,1,7,0,40,0
1990,25,2,1,0,0,1,264,3,35,0
1990,79,1,0,0,0,1,0,0,0,0
1990,80,2,0,0,0,0,0,0,0,0
1990,67,1,2,0,0,0,475,0,56,0
1990,43,1,0,0,0,0,363,4,40,0
1990,46,2,0,0,0,0,319,4,37,0
1990,21,2,1,0,0,1,337,5,40,0
1990,41,1,0,0,0,0,577,2,40,0
1990,37,2,0,0,0,0,315,4,30,0
1990,65,1,0,0,0,1,503,6,0,0
1990,62,2,0,0,0,1,156,5,24,0
1990,19,1,1,0,0,0,885,3,42,0
1990,42,1,0,0,0,1,23,2,60,0
1990,42,2,0,0,0,0,385,3,44,0
1990,18,1,1,0,0,1,275,3,18,0
1990,25,1,0,0,0,1,22,0,43,0
1990,27,2,0,0,0,1,389,1,40,0
1990,42,1,0,0,0,0,22,0,60,0
1990,40,2,0,0,0,0,679,3,0,0
1990,77,2,3,0,0,0,0,0,0,0
1990,77,2,1,0,0,1,0,0,0,0
1990,28,1,0,0,0,0,567,0,40,0
1990,27,2,0,0,0,1,27,6,40,0
1990,66,1,2,0,0,0,0,0,0,0
1990,37,1,0,0,0,1,8,4,50,1
1990,37,2,0,0,0,1,376,4,0,0
1990,24,1,1,0,0,0,579,0,48,0
1990,24,2,1,0,0,0,254,4,40,0
1990,40,1,0,0,0,0,159,5,40,0
1990,39,2,0,0,0,0,319,2,32,0
1990,26,1,1,0,0,1,64,2,42,0
1990,32,1,1,0,0,0,22,1,48,0
1990,46,1,2,0,0,0,505,4,40,0
1990,30,1,0,0,0,0,567,0,40,0
1990,32,2,0,2,0,1,274,3,0,0
1990,71,1,0,0,0,0,585,6,0,0
1990,60,2,0,0,0,0,449,4,6,0
1990,44,1,0,0,0,0,628,1,50,0
1990,41,2,0,0,0,0,5,6,43,0
1990,18,2,1,0,0,0,383,4,32,0
1990,72,2,3,0,0,0,0,0,0,0
1990,43,1,1,0,0,0,453,4,57,0
1990,28,1,0,0,0,1,194,5,50,0
1990,27,2,0,0,0,0,458,4,40,0
1990,53,1,0,0,0,0,448,5,12,0
1990,51,2,0,0,0,1,25,6,40,0
1990,22,2,3,0,0,0,365,3,20,0
1990,21,2,1,0,0,0,274,3,40,0
1990,55,1,0,0,2,0,558,0,0,0
1990,55,2,0,0,2,0,0,0,0,0
1990,23,1,1,0,2,0,567,0,40,0
1990,39,1,0,0,0,1,178,5,50,0
1990,39,2,0,0,2,1,22,4,40,0
1990,72,1,3,0,0,0,0,0,0,0
1990,40,1,0,0,0,0,628,3,55,1
1990,42,2,0,0,0,1,313,5,40,0
1990,47,1,0,0,0,1,23,2,40,0
1990,44,2,0,0,0,1,503,2,45,0
1990,49,1,0,0,0,1,257,2,60,1
1990,44,2,0,0,0,0,313,4,40,0
1990,38,1,0,0,0,1,23,5,40,0
1990,43,2,0,0,0,1,229,4,40,0
1990,20,1,1,0,0,0,806,3,40,0
1990,67,1,0,0,0,0,0,0,0,0
1990,71,2,0,0,0,0,0,0,0,0
1990,25,1,1,0,0,0,599,0,40,0
1990,52,1,0,0,0,1,213,1,40,0
1990,49,2,0,0,0,1,0,0,0,0
1990,60,1,0,0,0,0,14,5,40,0
1990,55,2,0,0,0,0,444,5,0,0
1990,29,1,0,0,0,0,849,4,50,1
1990,29,2,0,0,0,0,313,1,0,0
1990,54,1,0,0,0,1,22,1,40,1
1990,52,2,0,0,0,0,0,0,0,0
1990,48,1,0,0,0,0,529,0,32,0
1990,53,2,0,0,0,1,379,2,40,0
1990,35,1,0,0,0,0,779,1,40,0
1990,35,2,0,0,0,1,22,1,50,1
1990,54,1,0,0,0,1,418,6,40,1
1990,51,2,0,0,0,0,274,3,0,0
1990,30,1,0,0,0,0,543,0,45,1
1990,28,2,0,0,0,0,277,4,35,0
1990,57,1,0,0,0,0,507,3,40,0
1990,51,2,0,0,0,0,0,0,0,0
1990,54,1,0,0,0,1,855,0,40,0
1990,46,2,0,0,0,1,319,4,37,0
1990,26,1,1,0,0,1,637,1,40,0
1990,29,2,1,0,0,0,234,3,40,0
1990,20,1,1,0,0,0,869,0,40,0
1990,34,1,0,0,0,0,243,3,65,1
1990,29,2,0,0,0,1,226,2,60,0
1990,54,1,0,0,0,0,628,1,40,0
1990,53,2,0,0,0,0,0,0,0,0
1990,68,2,3,0,0,0,0,0,0,0
1990,27,2,3,0,0,0,276,3,40,0
1990,64,1,2,0,0,0,0,0,0,0
1990,34,2,2,1,0,0,433,3,40,0
1990,45,1,3,1,0,0,56,6,40,0
1990,29,1,0,0,0,0,243,3,50,0
1990,28,2,0,0,0,1,376,4,26,0
1990,19,1,1,0,0,0,505,6,60,0
1990,32,1,0,0,0,0,734,1,40,0
1990,30,2,0,0,0,0,313,1,40,0
1990,31,1,0,0,0,0,505,4,40,0
1990,23,2,0,0,0,0,514,4,45,0
1990,39,1,0,0,0,0,783,1,40,0
1990,36,2,0,0,0,0,383,4,40,0
1990,23,1,1,1,0,1,22,6,40,0
1990,23,1,3,1,0,1,904,6,25,0
1990,36,1,0,0,0,1,65,6,40,0
1990,34,2,0,0,0,0,783,1,40,0
1990,32,1,2,2,0,1,699,1,50,0
1990,57,1,0,0,0,0,783,1,50,0
1990,56,2,0,0,0,0,0,0,0,0
1990,51,1,0,0,0,1,186,6,40,0
1990,49,2,0,0,0,0,17,5,30,0
1990,27,1,0,1,0,1,436,3,40,0
1990,27,2,0,1,0,0,276,3,0,0
1990,40,1,0,0,2,1,157,5,40,0
1990,35,2,0,0,0,0,5,6,35,0
1990,53,2,0,0,0,0,303,4,40,0
1990,52,1,0,0,0,1,253,4,40,0
1990,28,1,3,0,0,0,364,1,24,0
1990,24,1,1,0,0,0,218,5,40,0
1990,65,2,3,0,0,0,274,3,0,0
1990,60,1,0,0,0,1,36,6,40,0
1990,55,2,0,0,0,1,313,6,40,0
1990,22,1,1,0,0,1,22,0,24,0
1990,19,1,1,0,0,1,129,5,12,0
1990,37,1,1,0,0,1,156,5,45,0
1990,37,1,3,0,0,1,197,6,42,0
1990,30,1,2,0,0,0,224,1,45,0
1990,24,2,1,0,0,0,458,4,48,0
1990,42,2,3,0,0,0,529,2,40,0
1990,34,1,2,0,0,0,579,0,40,0
1990,49,1,0,0,0,1,5,6,40,1
1990,48,2,0,0,0,1,375,4,0,0
1990,22,1,1,0,2,1,486,0,40,0
1990,61,1,0,0,0,0,0,0,0,0
1990,58,2,0,0,0,0,0,0,0,0
1990,59,1,0,0,0,1,479,0,99,0
1990,80,2,3,0,0,0,0,0,0,0
1990,47,2,2,0,0,0,558,0,40,0
1990,48,1,0,0,0,0,5,6,40,1
1990,49,2,0,0,0,1,5,6,40,0
1990,28,1,1,0,0,0,22,0,45,0
1990,20,2,1,0,0,1,456,5,15,0
1990,36,1,0,0,0,1,22,2,40,0
1990,42,2,0,0,0,1,95,5,30,0
1990,50,1,0,0,0,1,243,3,37,1
1990,48,2,0,0,0,0,313,4,37,0
1990,20,1,1,0,0,0,867,5,40,0
1990,49,1,0,1,1,1,84,5,70,1
1990,43,2,0,0,0,0,37,5,10,0
1990,70,1,0,0,0,1,18,4,77,0
1990,63,2,0,0,0,0,18,4,10,0
1990,48,1,0,0,0,1,5,6,55,1
1990,49,2,0,0,0,1,363,2,40,0
1990,49,2,2,0,0,1,9,6,45,1
1990,74,2,0,1,0,1,0,0,0,0
1990,74,1,0,1,0,1,0,0,0,0
1990,32,1,1,0,0,1,29,3,40,0
1990,21,2,1,0,0,1,313,5,40,0
1990,39,2,1,1,0,1,27,2,48,0
1990,31,1,0,0,0,1,229,0,40,0
1990,30,2,0,0,0,1,159,5,15,0
1990,25,1,1,0,0,1,235,2,50,0
1990,36,1,0,0,0,1,534,0,40,0
1990,33,2,0,0,0,0,804,2,26,0
1990,34,2,2,0,0,1,207,5,56,0
1990,33,2,1,0,0,1,424,6,60,0
1990,29,1,0,0,0,1,229,6,40,0
1990,32,2,0,0,0,1,184,6,40,0
1990,72,1,0,0,0,0,0,0,0,0
1990,60,2,0,0,0,0,0,0,0,0
1990,40,1,2,0,0,0,259,3,40,0
1990,27,1,0,0,0,1,337,3,42,0
1990,25,2,0,0,0,1,229,4,40,0
1990,30,2,0,0,0,1,23,3,27,0
1990,30,1,0,0,0,1,23,4,37,0
1990,46,1,0,1,1,1,22,1,50,0
1990,50,2,0,1,0,0,243,3,42,0
1990,66,2,3,1,1,0,0,0,0,0
1990,79,1,2,1,0,0,0,0,0,0
1990,35,2,2,0,0,1,313,3,44,0
1990,39,2,2,0,0,0,243,3,45,0
1990,44,2,2,0,0,1,156,5,35,0
1990,80,2,3,0,0,0,0,0,0,0
1990,66,1,3,0,0,0,0,0,0,0
1990,33,1,1,0,0,0,804,3,40,0
1990,66,1,0,0,0,1,26,5,50,1
1990,60,2,0,0,0,0,379,5,16,0
1990,37,1,0,0,0,1,243,3,40,1
1990,36,2,0,0,0,1,0,0,0,0
1990,45,2,3,0,0,0,313,6,40,0
1990,27,1,1,0,0,1,226,6,40,0
1990,43,1,0,0,0,1,5,6,44,1
1990,42,2,0,0,0,1,739,1,0,0
1990,39,1,0,0,0,1,7,4,40,0
1990,35,2,0,0,0,1,95,5,16,0
1990,50,1,3,0,0,1,5,6,40,1
1990,47,2,1,1,0,1,156,5,40,0
1990,45,1,0,1,0,1,5,6,40,1
1990,44,2,0,1,0,1,27,5,37,0
1990,44,1,0,3,3,1,84,5,60,1
1990,42,2,0,3,3,1,0,0,0,0
1990,66,1,0,0,0,1,56,1,0,0
1990,61,2,0,0,0,0,25,4,40,0
1990,33,1,0,0,0,1,154,5,40,0
1990,30,2,0,0,0,1,95,5,30,0
1990,32,2,3,1,0,1,359,4,0,0
1990,43,2,2,1,0,1,503,2,40,1
1990,18,1,1,1,0,0,276,3,25,0
1990,25,1,0,0,0,1,243,4,39,0
1990,25,2,0,0,0,1,385,4,40,0
1990,30,2,0,0,0,1,95,5,32,0
1990,30,1,0,0,0,1,22,0,60,0
1990,40,1,0,0,0,1,229,1,40,1
1990,35,2,0,0,0,1,0,0,0,0
1990,28,2,1,0,0,1,195,2,45,0
1990,32,1,1,0,0,1,189,1,42,0
1990,59,2,3,0,0,1,95,5,24,0
1990,36,2,1,0,0,1,313,1,40,0
1990,31,1,2,0,0,1,199,5,50,0
1990,61,1,0,0,0,1,22,5,50,1
1990,65,2,0,0,0,0,0,0,0,0
1990,35,1,0,0,0,1,228,2,40,1
1990,35,2,0,0,0,1,22,5,12,0
1990,51,1,0,0,0,1,64,5,40,1
1990,48,2,0,0,0,1,95,5,40,0
1990,29,2,1,0,0,0,0,0,0,0
1990,20,1,1,0,0,1,885,4,40,0
1990,34,2,3,3,3,1,185,4,0,0
1990,68,1,2,3,3,1,549,1,40,1
1990,39,1,0,3,3,0,667,4,40,0
1990,37,2,0,3,3,0,666,4,40,0
1990,20,2,1,3,3,1,383,4,20,0
1990,40,1,0,0,0,1,243,3,48,0
1990,37,2,0,0,0,1,9,4,40,0
1990,52,2,2,0,0,1,95,5,45,0
1990,26,1,1,0,0,0,365,3,0,0
1990,53,1,0,0,0,1,25,5,40,1
1990,51,2,0,0,0,1,243,3,10,0
1990,53,2,3,0,0,1,95,5,40,0
1990,28,2,1,0,0,1,458,4,40,0
1990,26,1,1,0,0,1,734,1,25,0
1990,43,1,0,0,0,1,267,3,40,0
1990,41,2,0,0,0,1,0,0,0,0
1990,66,1,0,0,0,1,26,5,21,0
1990,68,2,0,0,0,1,0,0,0,0
1990,63,1,0,0,0,1,64,4,40,1
1990,54,2,0,0,0,0,218,5,30,0
1990,57,1,0,0,0,1,44,6,40,1
1990,57,2,0,0,0,1,27,6,0,0
1990,28,2,1,0,0,1,234,6,50,0
1990,24,1,1,0,0,1,23,6,50,0
1990,62,1,0,0,0,1,25,6,40,1
1990,59,2,0,0,0,1,313,5,40,0
1990,71,1,0,0,0,1,26,2,0,1
1990,71,2,0,0,0,1,0,0,0,0
1990,68,1,0,0,0,1,0,0,0,0
1990,72,2,0,0,0,0,0,0,0,0
1990,50,1,0,3,3,1,23,3,40,0
1990,38,2,0,3,3,1,276,3,40,0
1990,70,1,0,3,3,0,276,4,40,0
1990,61,2,0,3,3,0,0,0,0,0
1990,36,2,1,0,0,0,503,3,40,0
1990,24,2,2,0,0,1,447,5,20,0
1990,41,1,0,1,0,1,243,3,40,0
1990,39,2,0,1,0,1,95,5,30,1
1990,40,1,0,1,0,1,229,4,50,1
1990,40,2,0,1,0,1,22,2,40,0
1990,77,2,3,0,0,0,0,0,0,0
1990,33,1,0,0,0,1,84,5,70,1
1990,36,2,0,0,0,1,95,5,0,0
1990,68,1,0,0,0,0,22,0,0,0
1990,68,2,0,0,0,0,0,0,0,0
1990,40,2,2,0,0,1,313,5,40,0
1990,20,2,1,0,0,0,17,3,40,0
1990,77,2,3,0,0,0,0,0,0,0
1990,33,1,1,0,0,1,355,2,50,0
1990,29,2,1,0,0,1,355,2,45,0
1990,32,1,0,0,0,1,96,5,40,1
1990,30,2,0,0,0,1,159,5,40,1
1990,54,1,0,1,1,0,809,2,11,0
1990,55,2,0,1,1,0,385,2,40,0
1990,21,1,1,1,0,1,436,3,25,0
1990,38,2,1,1,1,1,315,5,20,0
1990,57,1,0,0,0,0,677,3,40,0
1990,61,2,0,0,1,0,436,5,20,0
1990,72,2,3,0,0,1,0,0,0,0
1990,42,1,2,0,0,1,163,5,50,0
1990,26,2,1,0,0,1,29,3,50,0
1990,40,2,2,0,0,1,435,3,35,0
1990,39,2,0,0,0,1,426,4,25,0
1990,23,1,0,0,0,0,426,4,40,0
1990,24,2,1,3,3,1,22,5,40,0
1990,28,2,1,0,0,1,73,6,40,0
1990,32,2,0,0,0,1,156,5,40,0
1990,31,1,0,0,0,1,156,5,40,0
1990,55,1,0,0,0,1,185,5,40,1
1990,53,2,0,0,0,1,29,3,0,0
1990,37,1,0,0,0,0,243,3,50,1
1990,35,2,0,0,0,1,22,4,40,0
1990,33,1,2,0,0,1,254,4,50,1
1990,25,2,1,0,0,1,313,4,40,0
1990,25,1,0,0,0,1,17,3,45,0
1990,26,2,0,0,0,1,313,5,40,0
1990,23,2,1,0,0,1,156,5,40,0
1990,23,2,1,0,0,1,156,5,40,0
1990,26,2,1,0,0,1,373,3,50,0
1990,25,1,1,0,0,1,26,5,50,0
1990,39,2,1,1,0,0,883,5,30,0
1990,48,2,0,0,0,0,808,5,10,0
1990,53,1,0,0,0,1,253,4,40,1
1990,18,2,1,0,0,0,37,5,5,0
1990,30,1,1,0,2,1,22,0,40,1
1990,30,2,0,0,0,0,0,0,0,0
1990,34,1,0,0,0,0,584,4,40,0
1990,43,1,0,1,0,1,154,5,60,0
1990,45,2,0,1,0,1,156,5,40,0
1990,21,1,1,1,0,1,235,6,10,0
1990,40,1,0,0,3,0,0,0,0,0
1990,37,2,0,0,3,0,0,0,0,0
1990,57,1,0,0,0,1,24,4,40,1
1990,56,2,0,0,0,0,383,4,40,0
1990,22,2,1,0,0,1,106,5,30,0
1990,50,1,3,1,0,0,507,5,40,0
1990,30,2,3,1,0,0,808,5,40,0
1990,41,2,2,0,0,0,266,3,46,0
1990,42,1,1,1,0,1,573,0,60,0
1990,38,1,1,1,0,1,159,5,60,0
1990,57,1,0,3,3,0,243,3,45,0
1990,49,2,0,3,3,0,274,3,40,0
1990,41,1,0,0,2,1,178,6,45,1
1990,40,2,0,0,0,1,155,5,8,0
1990,52,1,0,0,0,1,55,6,40,0
1990,50,2,0,0,0,1,15,5,40,0
1990,75,1,0,0,0,0,0,0,0,0
1990,75,2,0,0,0,0,0,0,0,0
1990,63,1,0,3,3,0,243,3,0,0
1990,54,2,0,3,3,0,22,3,0,0
1990,26,1,2,3,3,0,317,4,0,0
1990,18,2,1,3,3,0,0,0,0,0
1990,23,2,1,3,3,0,276,4,0,0
1990,23,2,1,3,3,0,276,3,0,0
1990,46,1,0,0,0,1,7,4,44,0
1990,40,2,0,0,0,1,156,5,40,0
1990,20,2,1,0,0,0,458,4,40,0
1990,56,2,2,0,0,0,276,3,44,0
1990,31,1,1,0,0,0,453,3,40,0
1990,53,1,0,0,2,1,22,0,16,1
1990,45,2,0,0,2,0,458,4,30,0
1990,23,2,1,0,0,0,313,6,40,0
1990,44,1,0,0,2,1,55,3,40,1
1990,41,2,0,0,2,1,235,5,20,0
1990,51,1,0,0,0,1,529,2,40,0
1990,49,2,0,0,0,0,387,5,35,0
1990,22,1,1,0,0,0,486,5,0,0
1990,18,1,1,0,0,0,274,3,15,0
1990,35,1,0,0,0,1,55,0,40,1
1990,31,2,0,0,0,1,22,1,40,0
1990,40,1,0,0,0,1,417,6,48,0
1990,31,2,0,0,0,0,22,3,40,0
1990,36,1,0,0,0,1,533,2,40,0
1990,38,2,0,0,0,1,435,4,0,0
1990,48,1,0,0,0,1,64,6,40,1
1990,42,2,0,0,0,1,68,5,40,0
1990,56,2,2,1,0,0,0,0,0,0
1990,28,2,1,1,0,0,889,3,30,0
1990,34,1,1,1,0,0,909,6,0,0
1990,30,1,1,1,0,0,0,0,0,0
1990,30,1,0,0,0,1,22,4,40,0
1990,29,2,0,0,0,1,27,4,32,0
1990,37,1,0,0,0,0,453,4,44,0
1990,37,2,0,0,0,0,23,5,40,0
1990,44,1,0,0,0,1,679,1,30,0
1990,30,2,0,0,0,1,7,4,38,0
1990,29,1,0,0,0,1,375,4,37,0
1990,29,2,0,0,0,1,337,4,40,0
1990,57,1,0,0,0,1,43,5,40,0
1990,46,2,0,0,0,1,303,4,0,0
1990,79,2,3,0,2,0,0,0,0,0
1990,61,2,2,0,0,1,95,5,40,0
1990,23,2,1,0,0,1,877,3,40,0
1990,42,1,0,0,0,0,354,2,40,0
1990,30,2,0,2,1,0,0,0,0,0
1990,29,2,1,1,0,1,313,6,40,0
1990,33,1,0,0,0,0,687,1,43,0
1990,25,2,0,0,0,0,486,0,50,0
1990,45,2,1,0,0,1,22,1,60,1
1990,59,1,0,0,0,1,218,5,40,0
1990,47,2,0,0,0,1,364,1,40,0
1990,33,1,0,0,3,0,189,0,40,0
1990,23,2,0,0,0,0,313,0,40,0
1990,48,1,2,0,0,0,558,0,40,0
1990,35,1,2,1,0,1,628,1,48,0
1990,52,2,2,0,0,0,337,0,40,0
1990,29,1,1,0,0,0,783,4,40,0
1990,23,1,1,0,0,0,213,4,25,0
1990,25,2,1,1,0,0,235,5,40,0
1990,40,2,3,0,0,1,95,5,40,0
1990,33,1,0,0,0,1,13,3,40,0
1990,33,2,0,0,0,1,313,4,15,0
1990,41,1,0,0,0,0,18,4,50,0
1990,39,2,0,0,0,0,274,3,45,0
1990,19,2,1,0,0,0,274,3,0,0
1990,30,1,2,0,0,0,889,4,43,0
1990,33,1,0,3,3,1,154,5,40,0
1990,31,2,0,3,3,1,159,5,40,0
1990,26,1,0,0,0,0,22,2,55,0
1990,21,2,0,0,0,0,276,3,40,0
1990,34,1,0,0,1,1,877,3,40,0
1990,33,2,0,0,1,0,449,5,40,0
1990,49,1,0,0,0,1,13,1,48,1
1990,48,2,0,0,0,1,95,5,24,0
1990,59,1,3,0,1,1,167,5,40,0
1990,27,1,1,0,1,0,579,0,40,0
1990,28,2,1,0,1,1,15,5,20,0
1990,52,1,0,0,0,0,567,0,40,1
1990,51,2,0,0,0,1,379,6,40,0
1990,41,1,0,3,3,1,53,5,40,0
1990,41,2,0,3,3,1,22,5,37,0
1990,65,2,2,0,0,1,156,5,40,1
1990,18,2,1,0,0,0,276,3,0,0
1990,44,1,1,0,0,1,197,5,40,0
1990,28,1,0,0,0,0,439,3,40,0
1990,27,2,0,0,0,0,387,5,40,0
1990,46,2,3,0,0,1,7,5,45,1
1990,39,1,2,0,0,1,22,0,45,1
1990,29,2,1,0,0,0,337,0,45,0
1990,36,1,0,0,0,1,426,6,50,1
1990,31,2,0,0,0,1,466,5,0,0
1990,33,1,0,1,1,1,213,2,40,0
1990,29,2,0,1,0,1,22,5,40,0
1990,44,1,0,1,4,1,65,4,40,1
1990,29,2,0,1,4,1,467,5,40,0
1990,30,2,3,1,0,1,804,1,40,0
1990,49,1,0,1,0,1,518,4,40,0
1990,44,2,0,1,0,1,0,0,0,0
1990,23,2,3,1,0,1,313,4,40,0
1990,31,1,0,3,2,1,208,6,50,0
1990,26,2,0,3,3,1,276,3,0,0
1990,31,2,0,0,0,1,22,4,43,0
1990,34,1,0,0,0,1,22,3,50,1
1990,59,2,0,0,0,1,8,6,40,0
1990,65,1,0,0,0,1,5,6,45,1
1990,21,1,1,0,0,0,585,0,50,0
1990,35,1,0,0,0,1,84,5,50,1
1990,35,2,0,3,0,1,235,5,45,1
1990,43,1,0,3,3,1,389,6,40,1
1990,40,2,0,3,3,1,23,5,30,0
1990,74,2,3,3,3,0,0,0,0,0
1990,59,1,0,3,3,0,22,3,40,0
1990,56,2,0,3,3,0,259,1,40,0
1990,26,1,1,3,3,1,235,4,40,0
1990,56,1,0,0,2,1,53,6,40,1
1990,48,2,0,0,0,1,55,1,40,1
1990,22,1,1,0,0,1,64,1,45,0
1990,18,2,1,0,0,0,216,1,15,0
1990,29,2,3,1,0,0,313,6,40,0
1990,66,1,0,0,0,1,25,4,36,0
1990,63,2,0,0,0,0,0,0,0,0
1990,40,2,2,0,0,0,23,6,37,0
1990,52,1,0,0,0,1,84,5,50,1
1990,51,2,0,0,0,1,95,5,28,0
1990,49,1,1,0,0,1,804,3,20,0
1990,25,2,1,1,0,1,78,6,40,0
1990,24,1,1,1,0,1,389,6,40,0
1990,23,1,1,1,0,1,373,3,25,0
1990,37,2,0,0,0,1,185,1,30,0
1990,40,1,0,0,0,1,195,1,30,0
1990,42,1,0,0,1,1,579,1,48,0
1990,35,2,0,0,1,0,407,4,32,0
1990,29,1,0,0,1,0,579,0,0,0
1990,19,2,0,0,1,0,319,2,0,0
1990,22,1,1,0,1,0,579,0,40,0
1990,77,2,3,1,0,0,407,4,0,0
1990,46,2,2,0,2,1,183,5,40,0
1990,47,1,0,0,1,1,157,5,40,0
1990,45,2,0,0,1,1,0,0,0,0
1990,20,2,1,0,1,1,0,0,0,0
1990,19,2,1,0,1,1,0,0,0,0
1990,18,1,1,0,1,0,0,0,0,0
1990,44,2,1,0,1,0,449,4,25,0
1990,63,2,2,0,1,0,243,3,0,0
1990,46,2,3,1,1,1,95,5,84,0
1990,21,2,1,1,1,1,276,3,0,0
1990,18,2,1,1,1,1,0,0,0,0
1990,47,1,2,0,0,1,178,6,40,1
1990,19,1,1,0,0,0,579,0,35,0
1990,47,2,0,0,0,1,185,5,40,0
1990,49,1,0,0,0,1,59,5,55,1
1990,22,1,0,2,1,0,22,0,60,0
1990,22,2,0,2,1,0,319,4,40,0
1990,22,2,1,2,1,0,445,5,40,0
1990,56,1,3,1,0,0,696,4,40,0
1990,19,2,1,1,0,0,276,3,40,0
1990,58,1,0,1,0,1,5,6,40,1
1990,49,2,0,1,0,1,174,5,10,0
1990,79,2,3,0,0,0,0,0,0,0
1990,42,1,1,0,0,1,178,5,45,0
1990,79,2,0,1,0,1,0,0,0,0
1990,30,1,1,1,1,1,808,6,40,0
1990,37,2,2,1,1,1,23,6,37,0
1990,33,1,1,1,0,1,55,5,50,0
1990,41,1,0,0,2,0,809,4,65,0
1990,35,2,0,0,2,0,407,4,65,0
1990,39,2,1,0,0,1,22,0,50,0
1990,34,2,1,0,0,0,426,3,42,0
1990,25,2,1,1,1,1,95,5,24,0
1990,27,2,1,1,1,1,313,6,40,0
1990,24,1,1,1,1,0,0,0,0,0
1990,59,1,0,0,0,0,0,0,0,0
1990,59,2,0,0,0,1,254,4,30,0
1990,74,2,3,0,0,1,0,0,0,0
1990,45,1,1,0,0,1,23,0,40,0
1990,50,1,0,0,0,0,307,2,40,0
1990,49,2,0,0,0,0,425,5,12,0
1990,19,1,1,0,0,0,804,3,40,0
1990,22,2,3,0,0,0,354,2,40,0
1990,67,2,2,0,0,0,0,0,0,0
1990,40,1,3,3,3,1,243,3,42,0
1990,38,2,1,2,1,0,407,4,50,0
1990,18,2,1,2,1,0,339,5,30,0
1990,24,1,1,2,1,0,869,0,40,0
1990,45,2,1,2,1,0,469,3,40,0
1990,27,1,3,2,1,0,22,2,40,0
1990,38,1,1,0,0,1,567,0,40,0
1990,42,2,2,0,0,1,338,4,40,0
1990,51,1,0,3,3,1,64,4,40,0
1990,40,2,0,3,3,1,313,5,40,0
1990,23,2,1,3,3,1,73,5,40,0
1990,39,1,0,0,0,1,208,6,60,0
1990,40,2,0,0,0,1,208,5,65,0
1990,74,2,3,0,0,0,0,0,0,0
1990,75,2,3,0,0,1,0,0,0,1
1990,48,2,2,0,0,1,95,5,0,0
1990,27,1,1,0,0,1,186,1,0,0
1990,43,1,0,0,0,1,567,4,38,0
1990,42,2,0,0,0,1,23,4,45,0
1990,22,1,1,0,0,1,313,5,40,0
1990,31,1,0,0,0,0,276,3,40,0
1990,32,2,0,1,1,1,175,5,40,0
1990,69,1,0,0,1,1,426,4,50,0
1990,56,2,0,0,1,0,0,0,0,0
1990,24,1,0,0,1,1,17,3,20,0
1990,22,1,1,0,1,1,435,3,30,0
1990,27,2,0,0,1,1,15,5,20,0
1990,42,2,1,2,1,0,407,4,45,0
1990,54,1,2,0,0,1,185,6,40,0
1990,72,1,0,1,0,1,64,4,0,0
1990,73,2,0,1,0,1,0,0,0,0
1990,70,1,0,0,0,1,25,6,15,0
1990,70,2,0,0,0,0,0,0,0,0
1990,35,2,1,0,0,1,0,0,0,0
1990,47,2,2,0,0,0,313,3,40,0
1990,24,1,1,0,0,1,389,4,35,0
1990,18,1,1,0,0,0,436,3,35,0
1990,57,1,0,0,0,1,65,6,0,1
1990,58,2,0,0,0,0,0,0,0,0
1990,77,1,0,0,0,1,0,0,0,1
1990,74,2,0,0,0,0,0,0,0,0
1990,65,1,1,0,0,0,0,0,0,0
1990,61,2,2,0,0,0,0,0,0,0
1990,63,1,2,0,0,0,0,0,0,0
1990,77,1,0,0,4,1,25,5,46,1
1990,79,2,0,0,4,0,0,0,0,0
1990,27,1,0,0,0,1,178,5,50,1
1990,26,2,0,0,0,1,234,6,45,0
1990,49,1,0,0,0,1,23,6,40,1
1990,46,2,0,0,0,1,95,5,40,0
1990,79,2,3,0,0,0,0,0,0,0
1990,36,2,0,0,0,1,313,5,48,0
1990,38,1,0,0,0,1,267,3,48,0
1990,45,1,0,0,0,1,22,0,40,1
1990,35,2,0,0,0,1,22,0,40,0
1990,50,1,0,0,0,0,243,3,60,0
1990,48,2,0,0,2,0,22,4,40,0
1990,80,1,2,0,0,0,0,0,0,0
1990,46,1,0,0,0,1,86,0,70,1
1990,47,2,0,0,0,1,337,5,40,0
1990,20,2,1,0,0,1,277,3,40,0
1990,19,2,1,0,0,1,259,3,40,0
1990,79,2,3,0,0,0,0,0,0,0
1990,31,1,0,0,0,1,259,3,40,1
1990,30,2,0,0,0,0,0,0,0,0
1990,41,1,0,0,0,1,22,2,37,1
1990,36,2,0,0,0,1,0,0,0,0
1990,35,2,2,1,0,1,59,6,40,0
1990,46,1,2,0,0,0,595,0,40,0
1990,20,2,1,0,0,0,319,0,12,0
1990,43,1,0,0,0,1,25,6,40,1
1990,41,2,0,0,0,0,449,4,1,0
1990,39,2,2,0,2,0,24,4,40,0
1990,43,1,1,0,0,0,547,4,8,0
1990,27,1,1,0,0,1,24,4,40,0
1990,32,1,0,0,0,1,43,5,40,1
1990,30,2,0,0,0,1,315,4,0,0
1990,35,1,1,0,0,1,567,0,40,0
1990,32,1,0,0,4,1,213,1,40,0
1990,31,2,0,0,0,1,95,5,40,0
1990,46,1,0,0,0,1,229,4,48,1
1990,38,2,0,0,0,1,95,5,24,0
1990,19,1,1,0,0,1,365,3,40,0
1990,64,2,3,0,0,1,23,4,40,1
1990,30,1,0,0,0,0,597,0,50,0
1990,29,2,0,0,0,0,467,5,40,0
1990,47,1,0,0,0,1,21,5,50,1
1990,46,2,0,0,0,1,313,5,40,0
1990,21,2,1,0,0,1,317,4,30,0
1990,25,1,1,0,0,1,229,4,40,0
1990,25,2,1,0,0,0,0,0,0,0
1990,67,1,0,0,0,0,485,0,0,0
1990,61,2,0,0,0,1,23,6,40,0
1990,31,1,0,0,0,1,235,5,40,0
1990,30,2,0,0,0,1,156,5,40,0
1990,61,1,0,0,0,1,37,5,40,1
1990,58,2,0,0,0,1,313,4,45,0
1990,59,1,0,0,0,1,22,4,40,1
1990,58,2,0,0,0,1,254,4,40,1
1990,52,1,0,0,0,1,85,5,40,1
1990,48,2,0,0,0,1,17,3,0,0
1990,45,1,0,0,0,1,22,4,60,1
1990,50,2,0,0,0,1,78,6,40,0
1990,18,2,1,0,0,0,276,3,15,0
1990,31,1,0,0,0,1,23,2,40,1
1990,29,2,0,0,0,1,22,2,45,0
1990,42,1,2,0,0,0,278,1,40,0
1990,37,1,0,0,0,1,225,5,50,1
1990,36,2,0,0,0,1,22,2,0,0
1990,28,2,3,0,0,1,197,4,40,0
1990,50,1,0,0,2,1,118,5,40,1
1990,45,2,0,0,2,1,14,5,40,0
1990,46,1,1,0,0,1,59,5,50,0
1990,72,1,0,0,0,1,0,0,0,1
1990,70,2,0,0,0,0,0,0,0,0
1990,76,2,3,0,0,0,0,0,0,0
1990,46,2,2,0,0,1,23,5,40,0
1990,66,1,2,0,0,0,9,3,40,0
1990,51,1,0,0,0,1,243,3,40,1
1990,49,2,0,0,0,1,185,3,15,0
1990,22,1,1,0,0,1,547,3,42,0
1990,19,1,1,0,0,1,547,4,42,0
1990,58,1,0,0,0,1,22,5,40,0
1990,50,2,0,0,0,0,313,6,40,0
1990,46,1,0,0,0,1,176,5,60,0
1990,44,2,0,0,0,1,157,5,40,0
1990,23,2,1,3,3,1,0,0,0,0
1990,80,1,0,0,0,1,13,3,40,0
1990,73,2,0,0,0,0,243,3,4,0
1990,67,1,0,0,0,1,0,0,0,0
1990,65,2,0,0,0,1,0,0,0,0
1990,58,1,0,3,3,1,26,3,30,0
1990,48,2,0,3,3,1,243,4,30,0
1990,21,1,1,3,0,0,885,3,25,0
1990,51,1,0,0,4,1,7,4,50,1
1990,42,2,0,0,3,1,0,0,0,0
1990,50,1,0,3,3,1,22,0,40,1
1990,50,2,0,3,3,1,164,5,40,0
1990,25,2,0,0,0,1,313,5,40,0
1990,25,1,0,0,0,1,55,5,50,0
1990,29,1,2,0,0,1,804,2,50,0
1990,65,1,0,0,0,1,59,6,0,0
1990,68,2,0,0,0,0,0,0,0,0
1990,35,1,0,0,0,1,178,5,50,1
1990,27,2,0,0,0,1,235,6,0,0
1990,31,1,0,0,0,1,17,3,65,0
1990,28,2,0,0,0,1,426,5,40,0
1990,43,2,2,0,2,1,235,5,50,0
1990,19,2,1,0,2,0,379,5,10,0
1990,20,1,1,1,0,0,447,6,45,0
1990,35,2,0,0,0,1,156,5,50,0
1990,36,1,0,0,0,1,84,5,70,1
1990,34,2,0,0,0,1,23,0,48,1
1990,34,1,0,0,0,1,22,4,50,0
1990,78,1,0,0,3,1,208,5,64,1
1990,45,1,0,0,0,1,22,4,60,1
1990,39,2,0,0,0,1,22,4,20,0
1990,59,1,0,0,0,1,195,1,50,1
1990,53,2,0,0,0,1,5,6,30,0
1990,74,1,0,0,0,1,0,0,0,1
1990,75,2,0,0,0,1,0,0,0,0
1990,46,1,0,0,0,1,243,3,40,1
1990,44,2,0,0,0,1,0,0,0,0
1990,61,1,0,0,0,1,163,5,40,0
1990,54,2,0,0,0,1,156,5,60,0
1990,20,2,1,0,0,1,319,4,50,0
1990,61,1,0,0,0,1,26,5,48,1
1990,59,2,0,0,0,1,23,5,10,0
1990,39,1,0,0,0,1,178,1,50,1
1990,40,2,0,0,0,1,104,5,20,0
1990,61,2,2,0,2,1,37,4,40,0
1990,57,2,2,0,0,1,5,6,40,1
1990,61,1,3,3,3,1,183,1,55,0
1990,59,1,0,0,0,1,26,5,35,1
1990,46,2,0,0,0,1,13,4,35,1
1990,37,1,1,0,0,1,178,5,50,1
1990,36,1,0,0,0,1,22,4,48,1
1990,37,2,0,0,0,1,166,6,37,0
1990,68,1,0,0,1,1,0,0,0,0
1990,63,2,0,0,1,1,274,3,28,0
1990,76,1,0,0,0,1,0,0,0,1
1990,75,2,0,0,0,1,458,4,16,0
1990,71,2,0,0,0,1,27,4,40,0
1990,67,1,0,0,0,1,22,3,50,1
1990,75,1,0,0,0,1,0,0,0,1
1990,72,2,0,0,2,1,0,0,0,0
1990,41,1,0,0,0,1,55,5,60,0
1990,38,2,0,0,0,1,22,4,60,0
1990,56,2,3,0,2,1,144,5,40,0
1990,41,1,0,0,0,1,197,2,40,0
1990,41,2,0,0,0,1,17,4,50,1
1990,21,2,1,0,0,1,0,0,0,0
1990,62,1,0,0,3,1,5,6,45,1
1990,57,2,0,0,0,1,0,0,0,0
1990,41,2,3,0,0,1,255,4,45,1
1990,50,1,0,3,3,1,5,6,60,1
1990,41,2,0,3,3,1,0,0,0,0
1990,29,1,0,3,3,1,404,4,65,0
1990,29,2,0,3,3,0,404,4,60,0
1990,24,2,1,3,3,1,406,4,48,0
1990,68,1,0,0,2,1,26,5,40,1
1990,68,2,0,0,2,0,0,0,0,0
1990,53,1,0,0,2,1,22,5,45,1
1990,37,2,0,0,2,1,37,5,40,0
1990,31,1,0,0,0,1,178,5,53,1
1990,32,2,0,0,3,1,254,4,0,0
1990,40,1,0,1,4,1,319,6,40,1
1990,33,2,0,1,4,0,0,0,0,0
1990,44,2,3,1,0,0,337,6,40,0
1990,29,2,1,1,0,0,315,4,40,0
1990,27,1,1,1,0,0,869,0,0,0
1990,18,1,1,1,0,0,748,4,40,0
1990,30,1,0,1,0,0,804,4,45,0
1990,40,2,0,1,0,1,22,2,40,0
1990,23,2,1,0,0,0,0,0,0,0
1990,33,1,0,1,0,1,869,0,60,0
1990,29,2,0,1,0,1,253,4,50,0
1990,21,1,1,1,0,0,804,3,40,0
1990,20,1,1,1,0,0,804,2,40,0
1990,25,2,1,2,0,1,159,5,40,0
1990,26,1,1,0,0,0,175,4,40,0
1990,24,1,1,0,0,0,0,0,0,0
1990,24,1,1,0,0,0,883,2,40,0
1990,32,1,0,1,0,0,579,5,40,0
1990,31,2,0,1,0,0,453,5,40,0
1990,36,1,1,1,1,0,585,5,40,0
1990,32,2,1,1,0,0,446,5,0,0
1990,29,2,0,1,1,0,466,5,55,0
1990,27,1,0,1,0,0,804,2,40,0
1990,35,1,1,1,1,1,84,5,60,0
1990,60,2,0,1,1,0,447,5,40,0
1990,60,1,0,1,1,0,637,1,40,0
1990,63,1,3,0,0,0,809,2,56,0
1990,31,1,3,0,0,0,869,0,40,0
1990,73,1,3,0,0,1,426,6,0,1
1990,22,2,1,1,1,1,159,5,0,0
1990,60,1,0,0,2,0,804,3,40,0
1990,49,2,0,3,3,1,383,4,40,0
1990,68,2,3,1,0,0,365,1,40,0
1990,71,1,3,0,0,1,0,0,0,1
1990,49,1,2,1,0,0,243,3,40,0
1990,25,1,1,0,0,1,255,4,40,0
1990,23,1,1,1,0,1,255,4,35,0
1990,58,1,0,3,3,1,153,5,40,0
1990,47,2,0,3,3,0,0,0,0,0
1990,26,1,0,3,3,1,229,5,35,0
1990,22,2,0,3,3,1,0,0,0,0
1990,20,2,1,3,3,1,365,3,0,0
1990,66,2,2,1,1,0,407,4,40,0
1990,43,2,2,1,1,0,447,5,40,0
1990,28,1,1,1,2,1,23,5,40,0
1990,26,1,1,1,2,0,575,0,40,0
1990,42,1,0,1,4,1,808,5,40,0
1990,37,2,0,1,4,0,276,4,40,0
1990,37,1,0,0,1,0,17,3,50,0
1990,37,2,0,0,1,1,24,4,40,0
1990,49,2,2,0,0,0,808,5,40,0
1990,45,2,2,1,0,1,379,5,40,0
1990,21,1,1,1,0,1,385,4,30,0
1990,77,2,2,0,0,0,274,3,0,0
1990,72,1,0,0,0,1,659,1,45,0
1990,69,2,0,0,0,1,185,5,40,0
1990,23,1,1,1,0,1,274,3,15,0
1990,24,1,1,1,0,1,105,6,40,0
1990,24,1,1,1,0,1,255,4,40,0
1990,35,1,0,0,0,0,426,6,40,0
1990,34,2,0,0,0,0,319,5,40,0
1990,33,1,0,0,0,1,215,3,40,0
1990,29,2,0,0,0,1,313,2,45,0
1990,49,1,0,1,0,1,813,4,85,0
1990,46,2,0,1,0,1,154,5,40,1
1990,29,1,1,1,0,1,446,5,20,0
1990,67,1,3,0,0,0,453,4,40,0
1990,31,2,1,1,0,0,313,5,35,0
1990,46,2,2,1,0,1,77,6,40,0
1990,65,1,0,1,0,1,229,6,24,0
1990,63,2,0,0,0,1,0,0,0,0
1990,68,2,3,0,0,0,0,0,0,0
1990,32,2,2,0,0,1,22,0,45,0
1990,24,2,2,1,0,1,426,5,46,0
1990,65,2,3,0,0,0,14,5,30,0
1990,57,1,0,0,0,1,59,5,44,0
1990,55,2,0,0,0,1,254,4,40,0
1990,26,1,1,0,0,1,777,1,14,0
1990,22,1,1,0,0,1,435,3,32,0
1990,40,1,1,1,0,0,448,5,40,0
1990,36,2,0,1,0,1,529,2,40,0
1990,37,1,0,1,0,1,804,2,40,0
1990,50,1,0,1,0,0,486,0,40,0
1990,40,2,3,1,0,0,679,1,40,0
1990,19,1,1,1,0,0,575,0,40,0
1990,28,1,1,1,0,1,23,6,40,0
1990,24,2,1,1,0,0,22,6,40,0
1990,70,1,1,0,0,1,0,0,0,0
1990,42,1,0,0,0,1,22,3,55,1
1990,45,2,0,0,0,1,8,6,46,1
1990,60,1,0,0,0,1,53,5,0,1
1990,63,2,0,0,4,1,0,0,0,0
1990,36,1,1,0,4,1,0,0,0,0
1990,33,1,0,0,0,0,567,0,40,0
1990,37,2,0,0,0,1,27,5,40,0
1990,37,1,1,0,0,1,575,1,40,0
1990,37,2,1,0,0,1,188,5,36,0
1990,33,1,1,0,0,1,178,6,50,1
1990,39,1,0,1,2,1,174,5,50,0
1990,37,2,0,1,4,0,315,5,40,0
1990,45,2,1,1,4,1,327,2,0,0
1990,67,2,3,0,0,0,683,2,0,0
1990,36,2,1,0,0,1,368,1,48,0
1990,73,1,3,0,0,0,0,0,0,0
1990,30,2,2,0,0,1,558,0,45,0
1990,50,2,2,1,0,0,466,5,16,0
1990,27,1,1,1,0,1,453,4,40,0
1990,29,1,1,0,0,1,154,5,20,0
1990,67,1,0,0,0,0,22,1,35,1
1990,67,2,0,0,0,0,0,0,0,0
1990,64,1,0,0,0,1,0,0,0,0
1990,62,2,0,0,0,1,0,0,0,0
1990,45,1,0,0,0,1,505,4,40,0
1990,42,2,0,0,0,0,389,5,40,0
1990,19,1,1,0,0,0,889,3,40,0
1990,71,1,0,0,0,0,0,0,0,0
1990,68,2,0,0,0,0,0,0,0,0
1990,26,1,1,0,0,1,253,4,40,0
1990,26,2,1,0,0,1,466,5,45,0
1990,26,1,1,0,0,1,474,0,30,0
1990,21,2,1,0,0,1,319,5,12,0
1990,20,2,1,0,0,1,406,4,45,0
1990,19,2,1,3,2,1,8,3,5,0
1990,18,2,1,0,0,0,199,5,25,0
1990,36,1,0,3,3,1,213,2,40,0
1990,38,2,0,3,3,1,203,5,50,0
1990,64,1,0,3,3,0,888,1,0,0
1990,65,2,0,3,3,0,888,1,40,0
1990,30,2,1,3,3,0,383,4,40,0
1990,19,2,1,3,3,1,315,1,40,0
1990,60,1,0,1,0,1,0,0,0,0
1990,63,2,0,1,0,1,0,0,0,0
1990,57,1,0,0,0,1,259,3,40,1
1990,58,2,0,0,0,1,277,3,30,0
1990,29,1,0,0,0,0,259,3,40,0
1990,29,2,0,0,0,0,274,3,20,0
1990,27,1,0,1,0,1,804,6,50,0
1990,26,2,0,1,0,0,436,3,40,0
1990,41,2,2,1,0,0,22,6,40,0
1990,32,1,1,1,0,1,229,4,40,0
1990,33,1,1,1,0,0,453,5,40,0
1990,37,1,2,1,0,0,366,2,40,0
1990,45,1,1,0,0,0,637,1,40,0
1990,56,1,1,0,0,0,689,2,40,0
1990,30,2,1,1,0,1,17,3,60,0
1990,24,2,0,1,0,1,308,5,40,0
1990,28,1,0,1,0,0,259,3,55,0
1990,52,2,2,0,0,0,359,2,50,0
1990,22,2,1,1,0,0,445,5,40,0
1990,19,2,1,1,0,0,276,3,6,0
1990,28,1,0,1,0,0,804,3,40,0
1990,25,2,0,1,0,0,435,3,33,0
1990,23,2,3,0,0,0,319,4,0,0
1990,21,2,1,0,0,1,315,4,0,0
1990,31,1,1,0,0,1,575,0,0,0
1990,22,1,0,1,0,0,885,4,40,0
1990,29,2,0,1,0,1,313,5,45,0
1990,40,2,1,1,0,0,243,3,32,0
1990,37,2,0,1,0,0,328,5,0,0
1990,42,1,0,1,0,1,563,0,0,0
1990,21,2,1,1,0,0,0,0,0,0
1990,45,1,0,2,1,0,507,1,40,0
1990,38,2,0,1,0,1,313,5,40,0
1990,25,1,0,1,0,0,804,1,40,0
1990,24,2,0,1,0,0,213,6,40,0
1990,47,1,0,1,0,1,426,6,56,0
1990,46,2,0,1,0,0,335,6,40,0
1990,21,1,1,1,0,1,164,6,40,0
1990,36,2,3,1,0,1,313,6,40,0
1990,32,1,1,1,0,0,853,0,45,0
1990,78,2,3,1,0,0,0,0,0,0
1990,33,1,1,1,0,1,424,6,40,0
1990,40,1,1,1,0,1,376,3,40,0
1990,39,1,0,1,0,1,337,2,40,0
1990,36,2,0,1,0,0,337,2,40,0
1990,42,2,2,1,0,1,22,4,50,0
1990,19,1,1,1,0,0,453,4,20,0
1990,18,1,1,1,0,0,462,5,0,0
1990,44,1,0,1,0,0,436,3,40,0
1990,43,2,0,1,0,1,0,0,0,0
1990,50,1,3,1,0,0,558,0,40,0
1990,20,1,1,1,0,1,318,2,40,0
1990,23,1,1,1,0,0,357,5,40,0
1990,42,2,3,1,0,0,679,1,35,0
1990,18,2,1,1,0,0,323,6,20,0
1990,69,2,3,1,0,0,0,0,0,0
1990,36,1,3,1,4,1,426,4,40,0
1990,42,2,0,1,0,1,156,5,48,1
1990,44,1,0,1,0,1,156,5,48,1
1990,34,1,0,0,0,1,174,6,50,0
1990,36,2,0,0,0,1,6,6,12,0
1990,35,1,0,0,0,1,18,4,40,1
1990,28,2,0,0,0,0,313,4,15,0
1990,42,1,0,1,0,0,889,5,57,0
1990,50,2,0,1,0,0,436,3,30,0
1990,29,1,0,0,0,1,55,6,40,0
1990,32,2,0,0,0,1,185,1,45,0
1990,29,1,2,3,3,1,229,5,40,0
1990,21,2,1,3,3,0,329,5,20,0
1990,39,2,1,0,0,1,5,6,40,0
1990,31,2,0,0,0,1,904,6,40,0
1990,32,1,0,0,0,1,55,6,40,0
1990,65,2,2,0,0,0,0,0,0,0
1990,31,2,1,0,0,1,313,6,40,0
1990,34,1,0,3,3,1,218,0,42,0
1990,34,2,0,3,3,1,95,5,48,1
1990,62,2,3,3,3,1,0,0,0,0
1990,29,2,1,3,3,1,315,5,40,0
1990,56,2,2,0,0,1,303,6,40,0
1990,56,1,2,0,0,1,229,6,40,1
1990,25,2,1,0,0,1,313,6,40,0
1990,51,1,0,1,0,0,0,0,0,0
1990,46,2,0,0,0,0,319,5,24,0
1990,20,2,1,1,0,0,0,0,0,0
1990,28,2,1,0,0,1,64,3,40,0
1990,20,2,1,0,0,0,458,4,55,0
1990,26,1,2,0,0,1,243,3,90,0
1990,18,1,0,0,0,0,374,3,24,0
1990,72,2,0,0,0,0,0,0,0,0
1990,37,1,0,0,0,1,376,6,50,0
1990,37,2,0,0,0,0,18,4,40,0
1990,53,1,0,1,0,1,154,5,45,1
1990,51,2,0,1,0,1,156,5,40,0
1990,23,2,1,1,0,1,37,5,40,0
1990,31,1,1,0,0,1,229,6,41,0
1990,71,1,0,0,0,0,0,0,0,0
1990,69,2,0,0,0,1,0,0,0,0
1990,39,1,0,1,0,0,308,3,40,1
1990,37,2,0,1,0,0,313,5,40,0
1990,49,1,1,0,0,1,354,2,40,0
1990,29,1,0,0,0,1,22,6,45,0
1990,29,2,0,0,0,1,22,6,45,0
1990,71,1,0,0,0,0,0,0,0,0
1990,71,2,0,0,0,0,0,0,0,0
1990,23,1,0,1,0,1,174,5,40,0
1990,23,2,0,1,1,1,276,3,40,0
1990,65,2,3,0,0,0,0,0,0,0
1990,52,2,2,0,0,1,156,5,42,0
1990,27,2,1,0,0,1,223,6,40,0
1990,21,1,1,0,0,1,774,3,25,0
1990,46,1,0,0,0,1,379,4,42,0
1990,46,2,0,0,0,0,0,0,0,0
1990,67,1,0,0,0,1,235,5,40,1
1990,62,2,0,0,0,1,379,5,40,0
1990,55,2,1,0,0,0,529,2,40,0
1990,62,1,0,1,0,0,0,0,0,0
1990,61,2,0,1,0,0,5,6,0,0
1990,26,2,2,1,0,1,25,6,50,0
1990,30,1,0,0,1,1,443,3,40,0
1990,26,2,0,0,1,0,447,5,48,0
1990,62,2,0,0,1,0,453,4,40,0
1990,64,1,0,0,1,0,579,6,40,0
1990,56,1,0,0,0,1,176,5,55,0
1990,55,2,0,0,0,1,25,4,15,0
1990,26,1,1,0,0,1,198,1,40,0
1990,31,1,0,0,0,1,53,0,45,0
1990,29,2,0,0,0,1,418,6,40,0
1990,49,1,0,1,0,1,9,6,40,0
1990,45,2,0,1,0,1,164,6,40,1
1990,46,1,0,1,0,0,34,0,40,0
1990,45,2,0,1,0,1,467,5,40,0
1990,19,1,1,1,0,0,883,2,0,0
1990,46,1,2,0,0,1,174,5,40,0
1990,36,2,2,1,0,0,197,1,40,0
1990,23,1,2,0,0,0,585,2,45,0
1990,37,2,1,0,0,1,95,5,50,0
1990,44,1,0,1,0,0,558,0,45,1
1990,45,2,0,1,0,0,257,2,38,1
1990,21,1,1,1,0,0,43,4,40,0
1990,19,1,1,1,0,0,563,0,40,0
1990,51,1,0,0,0,1,65,1,40,1
1990,26,2,0,0,0,1,313,0,37,0
1990,78,1,0,0,0,1,0,0,0,0
1990,80,2,0,0,0,1,0,0,0,0
1990,37,1,0,0,0,1,415,6,50,0
1990,34,2,0,0,0,1,156,5,60,1
1990,61,2,3,0,0,0,276,3,40,0
1990,37,2,2,0,0,0,0,0,0,0
1990,37,2,2,0,0,0,13,4,55,1
1990,42,1,0,0,0,1,169,6,45,0
1990,36,2,0,2,0,1,243,3,45,0
1990,45,2,2,0,0,1,156,5,40,0
1990,20,2,1,0,0,1,156,5,40,0
1990,30,1,1,0,0,1,243,3,40,1
1990,36,1,0,0,0,1,5,6,40,1
1990,24,2,0,0,0,1,22,0,40,0
1990,34,1,0,0,0,1,64,5,44,0
1990,37,2,0,0,0,1,22,6,44,0
1990,36,1,0,1,0,1,55,2,37,1
1990,39,2,0,1,0,1,156,5,40,0
1990,23,1,1,0,0,1,514,4,40,0
1990,20,2,2,0,0,0,22,6,40,0
1990,69,1,0,0,0,1,0,0,0,0
1990,67,2,0,0,0,0,0,0,0,0
1990,60,2,2,1,0,1,235,6,40,0
1990,42,2,2,1,0,1,204,5,30,0
1990,37,2,3,1,0,1,163,5,40,0
1990,45,2,0,1,0,0,276,3,40,0
1990,57,1,0,1,0,0,808,2,0,0
1990,24,2,1,1,0,1,383,4,35,0
1990,36,1,0,0,0,1,226,6,40,1
1990,26,2,0,0,0,1,22,5,40,0
1990,48,1,0,1,0,1,21,5,8,0
1990,46,2,0,1,0,1,55,4,40,0
1990,38,1,0,0,0,1,597,0,40,0
1990,38,2,0,0,0,0,449,4,38,0
1990,21,1,1,0,0,0,365,2,40,0
1990,70,2,1,0,0,0,338,0,30,0
1990,43,1,3,1,0,1,22,5,40,0
1990,31,2,1,1,0,1,155,5,40,0
1990,33,2,1,1,0,1,315,6,40,0
1990,44,2,3,1,0,1,174,5,40,0
1990,63,1,2,1,0,0,0,0,0,0
1990,53,2,2,0,0,1,313,5,41,0
1990,31,1,0,1,0,0,865,2,40,0
1990,32,2,0,1,0,0,385,2,40,0
1990,52,2,2,1,0,1,5,6,37,0
1990,18,1,1,1,0,0,165,5,32,0
1990,33,1,3,1,0,1,5,6,40,0
1990,28,2,1,1,0,0,36,6,40,0
1990,22,2,1,1,0,1,335,6,40,0
1990,30,1,1,1,0,1,424,6,40,0
1990,55,2,1,0,0,1,313,6,40,0
1990,39,1,3,0,0,1,563,0,42,1
1990,36,1,2,1,0,0,563,0,40,0
1990,39,1,1,1,0,0,563,0,40,0
1990,22,1,1,0,0,1,866,0,40,0
1990,38,1,1,1,0,0,563,0,40,0
1990,19,2,1,0,0,1,313,6,40,0
1990,44,2,2,1,0,1,266,3,40,0
1990,29,2,1,1,0,0,276,3,30,0
1990,27,1,1,1,0,0,356,6,40,0
1990,25,1,1,1,0,0,276,5,40,0
1990,45,1,0,1,0,0,567,0,40,0
1990,43,2,0,1,0,0,335,6,40,0
1990,22,2,1,1,0,0,37,4,40,0
1990,34,2,2,1,0,1,234,6,40,0
1990,27,2,1,1,0,1,235,5,43,0
1990,30,1,2,1,0,1,307,1,40,0
1990,40,2,2,1,0,1,23,4,40,0
1990,45,1,2,1,0,1,823,2,40,1
1990,46,1,0,1,0,0,303,6,40,0
1990,41,2,0,1,0,0,303,2,37,0
1990,23,1,1,1,0,1,337,6,40,0
1990,20,2,1,1,0,0,458,4,30,0
1990,27,1,1,1,0,1,56,0,30,0
1990,44,1,3,1,0,1,418,6,50,0
1990,36,1,0,1,0,0,235,3,40,0
1990,31,2,0,1,0,0,313,5,40,0
1990,74,1,0,1,0,0,0,0,0,0
1990,71,2,0,1,0,0,376,4,9,0
1990,61,1,3,0,0,0,356,5,40,0
1990,29,1,0,0,0,0,426,6,48,0
1990,28,2,0,0,0,1,0,0,0,0
1990,66,2,3,0,0,0,0,0,0,0
1990,47,2,1,0,0,0,313,5,40,0
1990,20,1,1,0,0,1,809,5,16,0
1990,52,1,0,0,0,0,657,1,40,0
1990,49,2,0,0,0,0,436,5,30,0
1990,20,1,1,0,0,0,877,3,40,0
1990,28,2,0,1,0,0,315,5,32,0
1990,29,1,0,1,0,0,485,0,40,0
1990,33,1,0,1,0,1,36,6,40,0
1990,33,2,0,3,0,0,313,6,40,0
1990,22,1,1,1,0,0,869,2,44,0
1990,21,1,1,1,0,1,577,2,40,0
1990,20,2,1,1,0,1,319,5,40,0
1990,55,1,0,0,0,1,21,5,40,1
1990,59,2,0,0,0,1,95,5,20,0
1990,25,2,1,0,0,1,208,6,40,0
1990,20,2,1,0,0,1,319,5,14,0
1990,48,1,0,0,0,0,243,3,40,0
1990,45,2,0,0,0,0,185,3,40,0
1990,40,1,0,1,0,0,567,4,40,0
1990,39,2,0,1,0,1,36,6,40,0
1990,22,1,1,1,0,0,357,2,60,0
1990,21,1,1,1,0,0,243,3,32,0
1990,74,1,0,0,0,0,0,0,0,0
1990,68,2,0,0,0,0,0,0,0,0
1990,29,1,0,0,0,1,186,6,40,0
1990,29,2,0,0,0,1,156,5,40,0
1990,63,1,0,0,0,0,159,6,40,1
1990,63,2,0,0,0,0,0,0,0,0
1990,41,2,1,0,0,1,313,6,40,0
1990,36,2,2,0,0,1,313,6,40,0
1990,54,1,0,1,0,1,64,1,45,1
1990,53,2,0,1,0,1,243,3,40,0
1990,19,2,1,1,1,1,308,4,40,0
1990,25,1,1,1,3,1,355,2,45,0
1990,44,1,0,1,0,1,525,2,40,0
1990,44,2,0,1,0,1,386,5,20,0
1990,28,2,1,1,1,1,208,6,61,0
1990,29,1,2,1,0,1,228,6,32,0
1990,36,1,0,0,0,1,338,6,70,0
1990,36,2,0,2,1,1,383,4,40,0
1990,30,1,0,1,0,1,566,0,40,0
1990,32,2,0,1,0,1,243,3,55,0
1990,39,1,0,1,0,1,22,2,40,0
1990,37,2,0,1,0,1,385,5,40,0
1990,62,1,0,3,0,0,0,0,0,0
1990,62,2,0,3,3,1,274,3,40,0
1990,27,1,1,0,3,0,243,3,60,0
1990,20,1,1,0,3,0,243,3,20,0
1990,58,2,0,0,3,0,277,3,0,0
1990,58,1,0,0,3,1,17,3,40,0
1990,41,1,0,1,0,1,227,6,40,1
1990,37,2,0,1,0,1,98,4,32,0
1990,18,2,1,1,3,0,443,3,16,0
1990,70,1,3,0,0,0,0,0,0,0
1990,37,1,0,1,0,1,516,2,40,0
1990,34,2,0,1,0,1,313,6,40,0
1990,18,1,1,1,0,1,486,3,40,0
1990,42,1,0,1,0,1,189,6,40,0
1990,41,2,0,1,0,1,97,5,40,0
1990,28,1,0,0,0,1,5,6,50,1
1990,28,2,0,0,0,1,22,6,38,0
1990,60,1,0,1,0,1,23,6,40,1
1990,49,2,0,1,0,0,444,3,60,0
1990,32,1,1,1,0,0,458,4,35,0
1990,27,1,1,1,0,0,417,6,40,0
1990,32,2,0,1,0,1,14,5,55,0
1990,32,1,0,1,0,1,229,4,40,0
1990,53,2,0,0,2,0,276,5,20,0
1990,53,1,0,0,0,1,166,5,50,1
1990,25,2,1,0,0,1,7,5,40,0
1990,65,2,3,0,0,0,0,0,0,0
1990,60,1,0,0,0,0,785,1,10,0
1990,51,2,0,0,0,0,447,5,30,0
1990,32,1,0,0,0,1,473,0,70,0
1990,32,2,0,0,0,1,475,0,7,0
1990,69,1,0,0,0,1,0,0,0,0
1990,66,2,0,0,0,1,0,0,0,0
1990,37,1,0,0,0,1,447,5,40,0
1990,27,2,0,0,0,1,207,5,40,0
1990,36,1,0,0,0,1,555,4,40,0
1990,34,2,0,0,0,1,22,3,40,0
1990,66,1,0,0,0,0,259,1,0,0
1990,66,2,0,0,0,0,0,0,0,0
1990,27,1,0,0,0,1,359,6,40,0
1990,30,2,0,0,0,0,208,5,40,0
1990,50,2,2,0,0,1,313,5,37,0
1990,26,1,1,0,0,1,467,5,40,0
1990,71,1,2,0,0,0,0,0,0,0
1990,24,1,1,0,0,0,257,4,50,0
1990,47,1,2,0,0,0,243,4,40,0
1990,41,2,2,0,0,0,375,4,40,0
1990,32,1,1,0,0,1,418,6,40,0
1990,28,2,2,0,0,0,435,3,0,0
1990,48,1,0,0,0,0,844,0,40,0
1990,48,2,0,0,0,0,313,5,37,0
1990,49,1,0,0,0,0,715,1,40,0
1990,47,2,0,0,0,0,0,0,0,0
1990,26,1,1,0,0,0,849,3,50,0
1990,24,1,1,1,0,1,379,5,80,0
1990,24,1,1,0,0,0,869,0,0,0
1990,56,1,2,1,0,0,567,0,0,0
1990,23,1,1,1,1,0,449,4,0,0
1990,25,1,1,0,0,0,0,0,0,0
1990,50,1,0,0,2,1,229,1,40,0
1990,48,2,0,0,2,1,308,1,0,0
1990,19,1,1,0,0,0,433,3,20,0
1990,35,1,0,0,0,1,13,1,60,0
1990,33,2,0,0,0,1,23,1,60,0
1990,67,1,0,0,2,0,628,1,0,0
1990,67,2,0,0,4,0,0,0,0,0
1990,40,1,2,0,0,0,853,0,50,0
1990,36,2,2,0,0,0,447,5,24,0
1990,68,1,0,0,0,0,0,0,0,0
1990,70,2,0,0,0,0,0,0,0,0
1990,35,1,0,0,0,1,418,6,40,0
1990,35,2,0,0,0,1,174,6,17,0
1990,38,1,0,0,0,1,485,0,40,0
1990,37,2,0,0,0,1,485,0,40,0
1990,28,2,3,0,0,1,447,5,40,0
1990,31,1,0,0,0,0,804,0,40,0
1990,31,2,0,0,0,1,259,1,20,0
1990,44,2,2,0,0,0,313,5,40,0
1990,67,1,0,0,0,0,443,4,0,0
1990,66,2,0,0,0,0,17,4,6,0
1990,61,1,0,0,0,0,235,6,0,0
1990,59,2,0,0,0,1,315,6,0,0
1990,55,1,0,0,0,1,33,5,40,0
1990,56,2,0,0,3,0,0,0,0,0
1990,30,1,1,0,3,1,389,1,44,0
1990,28,2,1,3,3,1,203,5,40,0
1990,29,1,0,0,0,0,804,4,55,0
1990,31,2,0,0,0,0,436,0,0,0
1990,26,1,0,0,0,0,593,0,40,0
1990,28,2,0,0,0,0,449,4,40,0
1990,49,2,3,0,0,0,447,5,40,0
1990,29,2,1,1,0,0,785,1,0,0
1990,23,1,1,1,0,0,276,3,36,0
1990,70,1,3,0,0,0,0,0,0,0
1990,41,2,2,0,0,1,734,1,0,0
1990,42,1,2,0,0,1,257,0,0,0
1990,77,2,3,0,0,0,0,0,0,0
1990,27,1,0,0,0,0,575,2,40,0
1990,23,2,0,0,0,0,8,6,40,0
1990,73,2,3,0,0,0,0,0,0,0
1990,75,2,3,0,0,0,0,0,0,0
1990,65,1,3,0,0,0,0,0,0,0
1990,35,2,1,0,0,0,276,3,0,0
1990,28,1,0,0,0,0,806,1,40,0
1990,25,2,0,0,0,1,365,5,6,0
1990,63,1,0,0,0,0,804,3,32,0
1990,47,2,0,0,0,0,274,3,0,0
1990,20,2,1,0,0,0,25,4,40,0
1990,25,1,1,0,0,0,877,3,48,0
1990,63,1,0,0,0,0,0,0,0,0
1990,64,2,0,0,0,0,313,2,0,0
1990,25,1,0,0,0,0,765,1,40,0
1990,25,2,0,0,0,1,313,4,41,0
1990,45,1,0,0,0,1,23,1,46,0
1990,51,2,0,2,0,1,338,5,40,0
1990,22,1,3,2,0,1,518,1,48,0
1990,63,1,1,1,0,0,0,0,0,0
1990,30,1,1,0,0,1,22,1,50,0
1990,62,2,3,1,0,0,426,6,40,0
1990,56,1,1,1,0,1,343,6,0,0
1990,38,1,1,0,0,1,22,2,60,1
1990,79,2,2,1,0,0,0,0,0,0
1990,67,2,3,1,0,0,0,0,0,0
1990,69,2,2,1,0,1,0,0,0,0
1990,43,1,3,1,0,1,308,4,40,0
1990,68,2,3,1,0,1,0,0,0,0
1990,23,1,0,1,0,0,579,0,40,0
1990,21,2,0,1,0,0,22,1,45,0
1990,56,2,2,1,0,0,275,4,30,0
1990,65,1,0,1,0,0,0,0,0,0
1990,63,2,0,1,0,0,0,0,0,0
1990,29,1,1,1,0,0,889,4,40,0
1990,29,2,1,1,0,1,276,3,40,0
1990,78,2,0,1,0,0,433,5,40,0
1990,45,1,2,1,0,1,303,6,40,0
1990,25,2,1,1,0,1,263,3,33,0
1990,64,2,3,1,0,1,447,5,12,0
1990,42,1,1,1,0,0,785,1,40,0
1990,31,2,3,1,0,1,22,5,30,0
1990,29,1,1,1,0,1,468,5,40,0
1990,32,2,0,1,0,0,0,0,0,0
1990,29,1,0,1,0,0,303,6,40,0
1990,33,2,2,1,0,1,27,4,50,0
1990,39,1,0,1,0,0,453,4,0,0
1990,37,2,0,1,0,1,748,4,24,0
1990,76,2,3,1,0,1,0,0,0,0
1990,59,1,0,0,0,1,23,6,40,0
1990,56,2,0,0,0,1,313,4,16,0
1990,26,1,1,0,0,0,453,4,40,0
1990,31,2,1,0,0,1,25,4,35,0
1990,62,2,3,1,0,0,453,5,40,0
1990,38,2,3,1,0,0,449,5,40,0
1990,30,1,1,1,0,1,257,2,0,0
1990,19,2,1,1,0,0,17,3,40,0
1990,26,2,1,1,0,0,909,6,0,0
1990,74,1,1,1,0,0,0,0,0,0
1990,53,2,3,1,0,0,444,5,30,0
1990,30,2,3,1,0,0,447,5,0,0
1990,28,2,3,1,0,0,453,4,25,0
1990,31,1,1,1,0,0,449,5,40,0
1990,25,1,1,1,0,0,446,5,8,0
1990,33,1,3,1,0,0,453,4,40,0
1990,46,1,0,1,0,1,523,1,40,0
1990,42,2,0,1,0,0,207,5,40,0
1990,62,1,3,0,0,1,87,5,12,0
1990,76,1,2,0,0,0,0,0,0,0
1990,63,1,0,0,2,0,177,5,40,0
1990,61,2,0,0,0,0,0,0,0,0
1990,80,2,3,0,0,1,0,0,0,0
1990,58,1,0,1,0,0,243,3,40,0
1990,51,2,0,1,0,0,274,3,40,0
1990,28,2,3,1,0,0,436,3,40,0
1990,26,2,2,1,0,0,426,4,40,0
1990,25,2,1,1,0,1,435,3,40,0
1990,69,1,0,1,0,0,0,0,0,0
1990,65,2,0,1,0,1,0,0,0,0
1990,51,1,3,1,0,0,355,2,16,0
1990,75,1,0,1,0,0,0,0,0,0
1990,72,2,0,1,0,0,0,0,0,0
1990,61,2,0,1,0,0,207,5,40,0
1990,58,1,0,1,0,0,379,6,40,0
1990,40,2,2,0,0,1,176,5,60,0
1990,19,2,1,0,0,0,467,5,40,0
1990,40,2,2,0,0,1,95,5,48,0
1990,52,2,0,1,0,0,628,1,45,0
1990,52,1,0,1,1,0,783,0,40,0
1990,18,1,1,1,0,0,0,0,0,0
1990,32,1,1,1,0,1,336,4,40,0
1990,47,2,2,0,0,1,13,5,50,1
1990,59,1,3,1,0,0,549,1,40,0
1990,29,2,1,1,0,0,447,5,40,0
1990,19,1,1,1,0,0,436,3,24,0
1990,47,1,3,1,0,0,364,1,40,0
1990,56,2,3,1,0,0,628,5,0,0
1990,28,1,0,0,0,0,575,0,40,0
1990,23,2,0,0,0,0,347,4,40,0
1990,40,2,1,1,0,1,156,5,32,0
1990,26,2,1,1,0,0,447,5,40,0
1990,25,1,1,1,0,0,795,1,40,0
1990,44,1,2,0,0,1,22,0,42,0
1990,18,2,1,0,0,0,427,6,55,0
1990,26,1,1,1,0,0,573,0,40,0
1990,31,1,1,0,4,0,305,4,40,0
1990,77,1,0,0,0,0,0,0,0,0
1990,77,2,0,0,0,0,0,0,0,0
1990,25,2,1,0,0,1,25,3,45,0
1990,59,1,0,0,2,0,575,0,40,0
1990,51,2,0,0,1,0,0,0,0,0
1990,29,1,1,0,0,0,259,3,52,0
1990,47,2,1,0,0,1,83,5,60,0
1990,27,1,0,0,0,1,35,0,50,0
1990,25,2,0,0,0,1,547,1,40,0
1990,29,2,0,1,0,1,307,2,80,0
1990,28,1,0,1,0,1,558,0,40,0
1990,57,1,0,1,0,0,549,3,20,0
1990,44,2,0,1,0,0,383,4,10,0
1990,26,2,2,1,0,0,383,4,40,0
1990,37,2,1,0,0,1,37,4,35,0
1990,69,1,0,0,0,0,356,4,0,0
1990,70,2,0,0,0,0,0,0,0,0
1990,38,2,1,0,0,1,22,4,40,0
1990,39,2,1,0,0,1,156,5,36,0
1990,47,1,0,0,0,1,824,2,40,0
1990,43,2,0,0,0,0,313,4,37,0
1990,18,1,1,0,0,0,5,6,30,0
1990,64,1,0,0,0,0,577,2,0,0
1990,58,2,0,0,0,0,363,1,40,0
1990,28,1,2,0,0,0,22,0,50,0
1990,30,2,1,0,0,0,313,1,40,0
1990,33,1,1,0,0,0,218,5,40,0
1990,70,2,2,0,0,1,0,0,0,0
1990,43,2,1,0,0,1,64,4,40,1
1990,42,2,3,1,0,0,467,5,40,0
1990,40,2,1,1,0,1,777,4,80,0
1990,20,1,1,1,0,0,365,4,45,0
1990,54,2,0,1,0,1,216,4,45,0
1990,55,1,0,1,0,1,417,6,40,0
1990,20,2,1,1,0,1,383,4,20,0
1990,43,2,2,1,0,0,216,1,43,0
1990,57,1,3,1,1,0,22,5,40,0
1990,29,1,1,1,1,0,575,3,40,0
1990,46,2,2,1,1,0,447,5,0,0
1990,32,1,1,0,0,1,259,3,40,1
1990,37,2,0,1,0,1,5,6,40,0
1990,38,1,0,1,0,1,5,6,40,0
1990,60,1,0,1,0,0,449,5,40,0
1990,57,2,0,1,0,0,469,5,40,0
1990,23,1,3,1,0,0,804,2,40,0
1990,40,2,2,1,0,1,207,5,0,0
1990,19,2,1,1,0,0,276,3,5,0
1990,31,1,0,1,2,1,259,1,65,0
1990,30,2,0,1,0,1,22,5,40,0
1990,21,1,1,1,2,0,276,3,8,0
1990,40,2,3,1,0,1,313,4,40,0
1990,55,2,1,0,0,1,176,5,50,1
1990,49,2,1,0,0,1,177,5,40,0
1990,48,2,1,0,0,1,14,5,50,0
1990,23,2,1,1,0,1,313,5,25,0
1990,62,1,1,0,0,0,0,0,0,0
1990,26,1,1,0,0,1,85,5,0,0
1990,18,1,1,0,0,0,228,2,0,0
1990,18,1,1,0,0,0,444,3,14,0
1990,23,1,1,0,0,1,687,3,45,0
1990,25,1,1,0,0,1,259,3,0,0
1990,20,2,1,0,0,1,379,5,0,0
1990,28,2,1,1,0,0,683,2,40,0
1990,21,1,1,0,0,1,529,2,40,0
1990,19,2,1,0,0,1,23,5,35,0
1990,61,1,0,0,0,0,679,1,0,0
1990,68,2,0,0,0,0,0,0,0,0
1990,73,2,3,0,0,0,0,0,0,0
1990,63,1,3,0,0,1,628,1,45,0
1990,49,2,0,0,0,0,779,1,0,0
1990,56,1,0,0,0,1,558,0,40,0
1990,23,1,1,0,0,1,385,5,3,0
1990,22,2,1,0,0,1,235,5,32,0
1990,19,2,1,0,0,1,138,5,10,0
1990,19,2,1,0,0,1,225,5,40,0
1990,19,1,1,0,0,1,644,1,8,0
1990,19,1,1,0,0,1,453,0,60,0
1990,52,2,3,0,0,1,184,5,32,1
1990,75,1,0,0,0,0,803,2,0,0
1990,75,2,0,0,0,1,0,0,0,0
1990,28,1,0,0,0,1,579,0,0,0
1990,26,2,0,0,0,1,259,3,35,0
1990,75,2,0,0,0,0,0,0,0,0
1990,76,1,0,0,0,0,22,4,7,1
1990,45,1,1,0,0,1,22,4,37,1
1990,66,1,0,0,0,0,779,1,0,0
1990,66,2,0,0,0,0,0,0,0,0
1990,74,1,0,0,0,0,0,0,0,0
1990,67,2,0,0,0,0,0,0,0,0
1990,26,1,1,0,0,1,13,1,50,0
1990,24,2,1,0,0,1,59,1,40,0
1990,32,1,0,0,0,1,243,3,45,0
1990,33,2,0,0,3,1,22,0,40,0
1990,30,1,2,0,0,1,22,0,44,0
1990,28,1,1,0,0,1,217,5,20,0
1990,39,2,1,0,0,0,313,3,40,0
1990,73,2,3,0,0,0,0,0,0,0
1990,55,1,3,0,0,1,178,5,50,1
1990,43,2,1,1,0,1,0,0,0,0
1990,21,1,1,1,0,0,889,2,40,0
1990,19,1,1,1,0,0,579,3,0,0
1990,65,2,1,0,0,0,0,0,0,0
1990,49,1,0,0,0,0,585,1,40,0
1990,45,2,0,0,0,0,447,5,0,0
1990,19,2,1,0,0,0,439,3,40,0
1990,21,1,1,0,0,0,525,5,5,0
1990,48,1,3,1,0,0,447,5,40,0
1990,44,2,3,1,0,0,447,5,0,0
1990,34,2,1,1,0,1,105,5,40,0
1990,24,1,0,3,3,1,243,3,60,0
1990,23,2,0,3,3,1,678,5,40,0
1990,61,1,2,0,0,0,706,1,40,0
1990,45,1,1,1,0,1,389,1,40,0
1990,29,2,1,1,0,0,466,5,0,0
1990,65,2,3,1,0,1,465,5,40,0
1990,38,1,3,1,0,0,804,2,0,0
1990,66,1,0,1,0,0,243,3,70,0
1990,62,2,0,1,0,0,449,5,0,0
1990,60,1,0,1,0,0,0,0,0,0
1990,60,2,0,1,0,1,308,6,40,0
1990,32,1,1,1,0,0,453,4,0,0
1990,49,2,1,1,0,0,276,3,40,0
1990,32,1,1,1,0,0,785,3,40,0
1990,24,1,1,1,0,0,0,0,0,0
1990,34,1,0,1,0,0,883,2,20,0
1990,31,2,0,1,0,0,407,4,40,0
1990,20,1,1,1,0,0,855,2,0,0
1990,70,1,1,0,0,0,0,0,0,0
1990,68,2,3,1,0,0,337,5,24,0
1990,37,1,0,0,0,1,779,3,20,0
1990,33,2,0,0,0,1,313,5,37,0
1990,28,2,1,0,0,1,165,5,40,0
1990,41,2,1,1,0,1,174,6,65,0
1990,24,1,1,1,0,0,0,0,0,0
1990,63,2,3,1,0,1,174,6,0,0
1990,59,1,0,0,0,0,558,0,0,0
1990,44,2,0,0,0,0,723,1,40,0
1990,25,1,1,0,0,0,799,5,0,0
1990,20,2,0,1,0,0,274,3,0,0
1990,27,1,0,1,0,0,669,2,24,0
1990,23,2,1,1,0,0,0,0,0,0
1990,42,2,3,0,0,0,769,3,40,0
1990,39,1,2,0,0,0,563,0,40,0
1990,45,2,2,0,0,0,27,6,35,0
1990,21,2,1,0,0,1,224,1,40,0
1990,26,2,1,1,0,0,276,3,40,0
1990,59,2,0,0,0,0,425,6,15,0
1990,59,1,0,0,0,0,453,4,40,0
1990,43,1,0,0,0,0,259,1,40,0
1990,42,2,0,0,0,0,0,0,0,0
1990,25,1,1,0,0,0,779,1,40,0
1990,29,1,1,1,0,1,418,6,40,0
1990,67,2,3,0,0,0,313,5,12,0
1990,38,1,2,0,0,0,426,4,40,0
1990,18,1,1,0,0,1,498,0,48,0
1990,23,2,1,3,0,1,436,5,60,0
1990,31,1,0,3,3,0,176,5,40,0
1990,30,2,0,3,3,1,84,5,45,1
1990,79,2,3,1,0,0,0,0,0,0
1990,70,2,3,1,0,0,0,0,0,0
1990,36,1,3,1,0,0,487,6,0,0
1990,32,1,1,1,0,0,0,0,0,0
1990,32,1,1,1,0,0,0,0,0,0
1990,34,2,2,0,0,0,0,0,0,0
1990,38,2,1,0,0,0,0,0,0,0
1990,64,2,3,1,0,0,0,0,0,0
1990,20,1,1,1,0,0,449,5,40,0
1990,46,1,0,0,0,0,734,1,45,1
1990,47,2,0,0,0,0,0,0,0,0
1990,37,2,2,0,0,0,0,0,0,0
1990,18,2,1,0,0,0,447,5,0,0
1990,20,1,1,0,0,1,505,3,40,0
1990,23,2,1,0,3,1,23,5,45,0
1990,24,2,1,0,0,1,23,6,40,0
1990,55,1,0,0,0,0,448,6,40,0
1990,53,2,0,3,0,0,389,1,0,0
1990,32,1,1,3,0,1,174,6,40,0
1990,52,1,1,0,0,0,549,2,55,0
1990,31,1,1,1,0,0,327,1,40,0
1990,63,1,0,0,0,0,0,0,0,0
1990,64,2,0,0,0,0,0,0,0,0
1990,77,2,2,0,0,0,0,0,0,0
1990,63,1,0,0,0,0,877,3,40,0
1990,59,2,0,0,0,0,468,5,25,0
1990,21,1,1,0,0,0,443,4,40,0
1990,69,2,3,1,0,0,277,3,20,0
1990,49,1,0,1,0,0,364,3,40,0
1990,50,2,0,1,0,0,343,3,40,0
1990,40,2,3,1,0,1,0,0,0,0
1990,69,2,2,1,0,0,0,0,0,0
1990,60,1,0,1,0,1,423,6,40,0
1990,46,2,0,1,0,0,447,5,40,0
1990,24,1,1,1,0,1,426,4,40,0
1990,26,1,1,1,0,0,327,1,32,0
1990,26,2,1,1,0,0,453,4,30,0
1990,68,1,0,1,0,0,0,0,0,0
1990,67,2,0,1,0,0,0,0,0,0
1990,41,1,2,1,0,0,276,3,40,0
1990,62,1,3,1,0,0,766,1,40,0
1990,28,1,1,1,0,0,889,3,45,0
1990,31,2,1,1,0,1,354,2,40,0
1990,73,1,3,1,0,0,0,0,0,0
1990,66,2,3,1,0,0,0,0,0,0
1990,78,2,3,1,0,0,0,0,0,0
1990,62,1,0,1,0,0,889,1,40,0
1990,61,2,0,1,0,1,276,3,40,0
1990,38,1,1,1,0,0,777,1,8,0
1990,20,2,1,1,0,0,243,3,30,0
1990,25,1,1,1,0,0,523,4,40,0
1990,43,2,1,1,0,0,687,1,0,0
1990,25,2,1,1,0,0,447,5,0,0
1990,18,1,1,1,0,0,436,3,40,0
1990,23,1,1,1,0,0,723,6,40,0
1990,18,2,1,1,0,0,0,0,0,0
1990,20,1,1,1,0,0,0,0,0,0
1990,18,2,1,1,0,0,0,0,0,0
1990,20,1,1,1,0,0,888,1,0,0
1990,40,1,3,1,0,0,0,0,0,0
1990,29,1,1,1,0,1,216,5,40,0
1990,53,1,1,1,0,0,797,1,40,0
1990,65,2,3,1,0,1,337,5,40,0
1990,37,2,1,1,0,0,748,4,40,0
1990,21,2,1,1,0,0,447,5,52,0
1990,23,1,1,1,0,0,435,3,16,0
1990,24,2,1,1,0,0,308,4,40,0
1990,26,2,1,1,0,1,0,0,0,0
1990,27,1,1,1,0,0,347,4,40,0
1990,21,1,1,1,0,0,0,0,0,0
1990,36,1,0,0,0,0,414,6,40,0
1990,32,2,0,0,0,0,436,3,36,0
1990,71,2,3,0,0,0,0,0,0,0
1990,30,2,1,1,0,0,453,3,40,0
1990,69,2,0,1,0,0,0,0,0,0
1990,73,1,0,1,0,0,0,0,0,0
1990,51,1,1,1,0,0,213,2,40,0
1990,29,2,0,1,0,1,449,5,40,0
1990,40,1,0,1,0,0,95,5,40,0
1990,58,2,3,0,0,0,0,0,0,0
1990,22,1,1,0,0,1,375,4,37,0
1990,22,1,1,0,0,1,213,3,20,0
1990,26,2,1,1,0,0,0,0,0,0
1990,42,2,1,1,0,1,0,0,0,0
1990,20,1,1,1,0,0,453,3,30,0
1990,33,1,0,0,0,0,359,2,45,0
1990,26,2,0,0,0,0,327,2,45,0
1990,42,2,1,1,0,0,319,5,40,0
1990,23,2,1,1,0,0,0,0,0,0
1990,32,2,1,1,0,0,385,6,29,0
1990,33,1,1,1,0,0,785,4,0,0
1990,75,2,3,0,0,0,0,0,0,0
1990,46,1,0,0,0,0,259,3,40,0
1990,44,2,0,0,0,0,379,2,40,0
1990,24,1,1,0,0,0,549,5,40,0
1990,68,1,0,0,0,0,0,0,0,0
1990,65,2,0,0,0,0,0,0,0,0
1990,35,1,2,0,0,0,869,0,40,0
1990,70,1,0,0,0,0,453,5,10,0
1990,79,2,0,0,0,0,0,0,0,0
1990,39,2,1,1,0,0,17,4,40,0
1990,75,2,1,0,0,0,0,0,0,0
1990,75,2,3,1,0,0,0,0,0,0
1990,43,2,3,1,0,0,808,2,40,0
1990,43,2,1,1,0,1,156,5,40,0
1990,47,1,1,1,0,0,0,0,0,0
1990,44,2,2,3,0,0,174,5,35,0
1990,18,2,1,3,0,0,453,6,0,0
1990,21,2,1,3,0,1,319,5,40,0
1990,36,1,2,0,0,1,36,0,40,0
1990,66,1,3,0,0,0,355,2,30,0
1990,38,1,2,0,0,1,416,0,40,0
1990,62,1,0,0,0,0,163,5,40,0
1990,55,2,0,0,0,0,213,1,35,0
1990,53,1,1,0,0,0,426,1,30,0
1990,72,1,3,0,0,0,0,0,0,0
1990,32,2,1,0,0,1,0,0,0,0
1990,30,2,0,0,0,1,95,5,40,0
1990,47,1,0,0,0,0,254,4,40,1
1990,24,1,3,0,0,1,523,6,52,0
1990,45,1,3,0,0,0,365,6,50,0
1990,25,1,0,0,0,0,804,6,48,0
1990,23,2,0,0,0,0,467,5,40,0
1990,36,1,3,0,0,1,22,6,70,0
1990,34,1,0,0,0,0,628,6,40,0
1990,28,2,0,0,0,1,365,6,40,0
1990,32,1,0,0,0,0,508,6,45,0
1990,31,2,0,0,0,0,0,0,0,0
1990,51,1,0,0,0,0,804,2,40,0
1990,53,2,0,0,0,0,357,4,20,0
1990,25,1,0,0,0,0,567,0,40,0
1990,33,2,0,0,0,0,0,0,0,0
1990,40,1,0,0,0,0,496,1,40,0
1990,36,2,0,0,0,0,465,5,42,0
1990,73,1,0,0,0,0,0,0,0,0
1990,69,2,0,0,0,0,0,0,0,0
1990,32,2,1,0,0,0,0,0,0,0
1990,71,1,0,0,0,0,0,0,0,0
1990,69,2,0,0,0,0,0,0,0,0
1990,48,2,2,0,0,0,453,1,0,0
1990,26,1,1,0,0,0,453,1,40,0
1990,45,1,0,0,0,0,783,4,40,0
1990,42,2,0,0,0,1,313,4,40,0
1990,18,1,1,0,0,0,0,0,0,0
1990,76,2,2,0,0,0,453,5,12,0
1990,40,1,0,0,0,1,195,1,40,0
1990,33,2,0,0,0,0,889,1,20,0
1990,80,2,0,0,0,1,174,6,0,0
1990,74,2,0,0,0,0,0,0,0,0
1990,75,1,0,0,0,1,0,0,0,0
1990,31,1,0,0,0,1,699,1,50,0
1990,30,2,0,0,0,0,277,3,4,0
1990,21,1,1,0,0,0,804,1,50,0
1990,42,1,0,0,0,0,804,3,40,0
1990,45,2,0,0,0,0,447,5,40,0
1990,52,1,2,0,0,0,276,3,30,0
1990,25,1,1,0,0,0,426,6,40,0
1990,23,1,1,0,0,0,426,4,40,0
1990,75,2,3,0,0,0,449,4,0,0
1990,42,1,0,0,0,0,877,3,45,0
1990,33,2,0,0,0,0,453,3,40,0
1990,32,1,0,0,0,1,567,4,40,0
1990,29,2,0,0,0,1,95,5,24,0
1990,30,2,2,0,0,0,447,5,32,0
1990,70,1,0,0,0,0,0,0,0,0
1990,71,2,0,0,0,0,0,0,0,0
1990,46,1,0,0,0,0,727,1,40,0
1990,49,2,0,0,0,0,447,5,32,0
1990,22,2,3,0,0,0,447,5,40,0
1990,41,1,1,0,0,1,0,0,0,0
1990,36,1,0,0,0,0,804,2,60,0
1990,37,2,0,0,0,1,23,5,50,0
1990,23,2,0,0,0,0,389,4,40,0
1990,23,1,0,0,0,0,888,2,48,0
1990,55,2,1,0,0,0,206,1,40,0
1990,36,1,0,0,0,0,567,0,40,0
1990,33,2,0,0,0,1,25,5,0,0
1990,37,1,0,0,0,1,33,6,40,0
1990,37,2,0,0,0,0,0,0,0,0
1990,19,2,1,0,0,1,435,3,18,0
1990,51,1,2,0,0,0,263,3,40,0
1990,55,2,2,0,0,1,447,5,36,0
1990,57,1,2,0,0,0,889,3,40,0
1990,18,1,1,0,0,0,479,0,40,0
1990,76,2,3,0,0,0,0,0,0,0
1990,78,2,0,0,0,0,0,0,0,0
1990,41,1,2,0,0,1,696,4,48,0
1990,27,2,2,0,0,0,435,3,0,0
1990,30,1,3,0,0,0,0,0,0,0
1990,60,1,3,0,0,0,889,1,0,0
1990,56,2,3,0,0,0,0,0,0,0
1990,40,1,0,0,0,1,418,6,50,0
1990,37,2,0,0,0,1,0,0,0,0
1990,52,1,0,0,0,0,453,5,45,0
1990,51,2,0,0,0,1,22,5,0,0
1990,45,1,0,0,0,0,453,1,40,0
1990,52,2,0,0,0,1,0,0,0,0
1990,40,2,2,0,0,0,319,6,40,0
1990,62,1,0,0,0,0,263,3,40,0
1990,57,2,0,0,0,0,0,0,0,0
1990,36,2,1,0,0,0,0,0,0,0
1990,29,1,0,0,0,1,828,2,60,0
1990,29,2,0,0,0,1,95,5,18,0
1990,28,2,3,0,0,0,459,5,40,0
1990,79,2,2,0,0,1,0,0,0,0
1990,30,1,0,0,0,1,206,5,55,0
1990,29,2,0,0,0,1,206,5,40,0
1990,20,1,1,0,3,1,53,0,40,0
1990,19,1,1,0,0,1,263,3,50,0
1990,64,1,0,0,0,0,628,1,0,0
1990,64,2,0,0,0,0,0,0,0,0
1990,49,1,0,0,0,0,596,1,40,0
1990,45,2,0,0,0,0,426,5,35,0
1990,38,1,0,0,0,0,243,3,65,0
1990,28,2,0,0,0,0,435,3,0,0
1990,58,2,3,0,0,0,0,0,0,0
1990,74,1,0,0,0,0,0,0,0,0
1990,75,2,0,0,0,0,407,4,0,0
1990,20,1,1,0,0,0,883,3,40,0
1990,76,1,0,0,0,0,808,2,30,0
1990,65,2,0,0,0,0,14,5,37,0
1990,29,2,0,0,0,0,313,1,40,0
1990,30,1,0,0,0,1,22,1,40,0
1990,47,1,1,0,0,1,27,6,0,0
1990,54,1,2,0,0,1,259,3,45,1
1990,80,1,2,0,0,0,628,1,40,0
1990,39,1,0,0,0,0,479,0,60,0
1990,24,2,0,0,0,0,479,0,0,0
1990,32,1,0,0,0,0,804,3,45,0
1990,29,2,0,0,0,0,745,1,40,0
1990,43,1,0,0,0,0,418,6,42,0
1990,43,2,0,0,0,1,156,5,40,0
1990,64,1,2,0,0,0,0,0,0,0
1990,41,2,2,0,0,0,22,0,40,0
1990,36,1,2,0,0,0,567,0,40,0
1990,50,1,0,0,0,1,318,2,40,0
1990,47,2,0,0,0,0,443,4,0,0
1990,43,2,2,0,0,1,263,3,55,0
1990,29,2,1,0,0,1,243,3,45,0
1990,43,2,2,0,0,1,174,5,40,0
1990,55,1,0,0,0,0,0,0,0,0
1990,53,2,0,0,0,0,447,5,24,0
1990,18,1,1,0,0,0,0,0,0,0
1990,33,1,0,0,0,0,804,1,55,0
1990,33,2,0,0,0,0,745,1,40,0
1990,54,1,0,0,0,0,856,0,60,0
1990,46,2,0,0,0,1,17,3,40,0
1990,37,2,2,0,0,1,808,2,40,0
1990,35,1,0,0,0,0,777,1,40,0
1990,34,2,0,0,0,0,687,3,17,0
1990,77,2,3,0,0,1,0,0,0,0
1990,70,1,0,0,0,0,0,0,0,0
1990,68,2,0,0,0,0,354,2,35,0
1990,55,1,0,0,0,0,544,1,40,0
1990,55,2,0,0,0,0,0,0,0,0
1990,44,1,2,0,0,0,859,1,48,0
1990,62,1,0,0,0,0,0,0,0,0
1990,62,2,0,0,0,0,0,0,0,0
1990,32,1,0,0,0,1,303,6,40,0
1990,32,2,0,0,0,1,156,5,0,0
1990,24,2,1,0,2,1,435,3,30,0
1990,36,1,0,0,0,1,628,1,46,0
1990,37,2,0,0,0,1,869,0,30,0
1990,35,1,0,0,0,1,15,5,42,0
1990,33,2,0,0,0,1,203,5,20,0
1990,57,1,0,0,0,1,259,3,48,1
1990,58,2,0,0,0,0,0,0,0,0
1990,38,2,2,0,0,1,207,5,36,0
1990,32,1,0,0,0,1,307,2,52,0
1990,28,2,0,0,0,0,274,3,0,0
1990,29,1,0,0,0,0,259,3,54,0
1990,27,2,0,0,0,0,447,5,40,0
1990,30,2,1,0,0,0,0,0,0,0
1990,22,1,1,0,0,1,189,2,45,0
1990,39,2,2,0,0,1,447,5,40,0
1990,76,1,0,0,0,1,23,5,30,0
1990,72,2,0,0,0,0,0,0,0,0
1990,27,2,2,0,0,0,435,3,10,0
1990,22,1,1,0,0,1,461,5,40,0
1990,56,2,2,0,0,0,407,4,40,0
1990,69,1,0,0,0,0,0,0,0,0
1990,64,2,0,0,0,0,0,0,0,0
1990,40,1,0,0,0,1,9,1,40,1
1990,36,2,0,0,0,0,387,5,22,0
1990,22,1,1,0,0,0,426,4,40,0
1990,34,1,0,0,0,0,243,3,40,0
1990,33,2,0,0,0,1,95,4,32,0
1990,76,2,3,0,0,1,0,0,0,0
1990,37,1,1,0,0,1,0,0,0,0
1990,76,2,3,0,0,0,0,0,0,0
1990,33,2,3,0,0,0,449,4,30,0
1990,36,1,1,0,0,0,22,4,36,0
1990,46,1,0,0,0,0,844,5,40,0
1990,45,2,0,0,0,0,276,3,30,0
1990,21,1,1,0,0,0,785,1,40,0
1990,36,2,2,0,0,0,433,3,45,0
1990,47,1,0,0,0,0,0,0,0,0
1990,44,2,0,0,0,0,436,5,32,0
1990,25,2,1,0,0,0,0,0,0,0
1990,21,1,1,0,0,0,869,0,50,0
1990,55,1,0,0,0,1,748,4,35,1
1990,54,2,0,0,0,0,243,3,40,0
1990,54,1,2,0,0,0,804,3,40,0
1990,41,1,0,0,0,0,783,1,50,0
1990,36,2,0,0,0,1,174,5,45,0
1990,35,1,0,0,0,0,804,3,60,0
1990,21,2,0,0,0,0,486,0,40,0
1990,42,1,0,0,0,1,84,5,40,1
1990,40,2,0,0,2,1,95,4,0,0
1990,55,2,2,0,0,1,319,5,35,0
1990,30,1,0,0,0,0,373,3,40,0
1990,28,2,0,0,0,1,313,5,30,0
1990,58,1,2,0,0,0,0,0,0,0
1990,43,1,2,0,0,0,17,3,70,0
1990,65,1,0,0,0,1,55,3,52,1
1990,61,2,0,0,0,1,155,5,0,0
1990,27,1,1,0,0,1,804,2,40,1
1990,40,1,0,0,0,1,184,5,40,1
1990,42,2,0,0,0,1,384,5,0,0
1990,20,1,1,0,0,1,579,0,20,0
1990,78,1,0,0,0,1,84,5,0,0
1990,75,2,0,0,0,1,0,0,0,0
1990,70,2,3,0,0,1,185,4,40,0
1990,32,1,0,0,0,1,498,3,40,0
1990,37,2,0,0,0,1,567,0,40,0
1990,44,1,0,0,0,0,567,0,40,0
1990,42,2,0,0,0,0,447,5,24,0
1990,18,1,1,0,0,0,505,3,30,0
1990,21,2,1,0,0,0,447,5,35,0
1990,28,1,0,0,0,1,657,1,60,0
1990,28,2,0,0,0,1,159,5,45,0
1990,24,2,1,0,0,1,447,6,8,0
1990,55,1,0,0,0,1,22,0,50,0
1990,52,2,0,0,0,1,447,5,24,0
1990,30,1,0,0,0,1,804,0,40,0
1990,28,2,0,0,0,0,749,1,0,0
1990,61,2,0,0,0,0,738,1,48,0
1990,64,1,0,0,0,0,0,0,0,0
1990,36,1,0,0,0,0,783,1,46,0
1990,35,2,0,0,0,0,745,1,40,0
1990,38,1,0,0,0,0,825,2,60,0
1990,29,2,0,0,0,0,745,1,0,0
1990,38,2,2,0,0,0,877,3,25,0
1990,18,1,1,0,0,0,444,5,15,0
1990,31,1,1,0,0,0,518,1,48,0
1990,41,1,0,0,0,0,518,1,45,0
1990,39,2,0,0,0,0,777,1,40,0
1990,57,2,3,0,0,0,213,2,32,0
1990,32,1,1,0,0,0,496,1,54,0
1990,58,2,3,0,0,0,796,4,0,0
1990,48,1,0,0,0,0,637,1,40,0
1990,34,2,0,0,0,0,445,5,32,0
1990,57,1,0,0,0,1,22,0,40,0
1990,49,2,0,0,0,1,5,6,40,0
1990,48,1,0,0,0,1,165,5,60,0
1990,43,2,0,0,0,1,313,2,22,0
1990,20,2,1,0,0,1,75,5,60,0
1990,50,1,0,0,0,0,259,3,60,0
1990,47,2,0,0,0,0,337,4,36,0
1990,30,1,0,0,0,1,14,5,40,0
1990,29,2,0,0,0,1,14,5,40,0
1990,77,2,3,0,0,0,0,0,0,0
1990,31,1,1,0,0,0,856,1,0,0
1990,44,1,0,0,0,1,23,6,40,0
1990,43,2,0,3,0,0,313,6,40,0
1990,33,1,0,0,0,0,276,3,60,1
1990,31,2,0,0,0,1,156,5,20,0
1990,80,2,3,0,0,1,0,0,0,0
1990,43,1,0,0,0,1,27,5,40,0
1990,42,2,0,0,0,1,22,2,40,0
1990,43,1,0,0,0,1,558,0,60,0
1990,43,2,0,0,0,0,337,5,20,0
1990,18,2,1,0,0,0,436,3,15,0
1990,77,2,3,0,0,1,0,0,0,0
1990,34,1,0,0,0,0,243,3,45,1
1990,33,2,0,0,0,0,303,2,45,0
1990,37,1,1,0,0,0,869,0,40,0
1990,33,1,0,0,0,1,303,4,45,0
1990,33,2,0,0,0,1,156,5,55,0
1990,37,1,2,0,0,1,575,1,40,0
1990,28,2,2,0,0,0,263,3,45,0
1990,67,2,0,0,0,1,748,5,3,0
1990,34,1,0,0,0,1,243,3,50,0
1990,34,2,0,0,0,1,467,5,30,0
1990,39,1,0,0,0,1,36,2,40,0
1990,35,2,0,0,0,1,95,5,24,0
1990,22,1,0,0,0,1,14,5,48,0
1990,23,2,0,0,0,1,337,3,30,0
1990,75,1,0,0,2,0,0,0,0,0
1990,71,2,0,0,0,0,0,0,0,0
1990,41,1,0,0,0,1,243,3,40,0
1990,43,2,0,0,0,0,243,3,70,0
1990,78,1,0,0,0,0,0,0,0,0
1990,57,2,0,0,0,0,207,5,40,0
1990,23,2,1,0,0,0,444,5,25,0
1990,20,2,1,0,0,0,389,4,37,0
1990,54,1,0,0,0,0,243,3,40,0
1990,46,2,0,0,0,1,156,5,65,0
1990,52,1,2,0,0,0,804,2,40,0
1990,50,2,2,0,0,0,739,1,40,0
1990,61,2,3,0,0,0,365,3,10,0
1990,32,1,0,0,0,0,17,3,50,0
1990,30,2,0,0,0,0,17,3,25,0
1990,34,1,0,0,0,1,243,3,50,1
1990,33,2,0,0,0,1,0,0,0,0
1990,36,2,2,0,2,1,53,0,40,0
1990,28,1,0,0,0,1,185,1,40,0
1990,29,2,0,0,0,1,313,1,40,0
1990,65,2,2,0,0,1,154,5,15,0
1990,40,1,1,0,0,1,733,1,60,0
1990,20,2,1,0,0,1,462,5,30,0
1990,43,1,0,0,0,0,444,3,40,0
1990,27,2,0,0,0,0,909,6,0,0
1990,21,2,0,0,0,0,0,0,0,0
1990,36,1,0,0,0,0,804,0,45,0
1990,38,1,0,0,0,0,308,1,40,0
1990,46,2,0,0,0,0,449,4,0,0
1990,37,1,2,0,0,0,579,0,40,0
1990,65,1,0,0,0,0,0,0,0,0
1990,63,2,0,0,0,1,0,0,0,0
1990,74,1,3,0,0,0,727,1,30,0
1990,35,1,0,0,0,0,479,0,36,0
1990,34,2,0,0,0,0,444,3,0,0
1990,46,1,2,0,0,1,263,3,65,0
1990,42,2,2,0,0,0,889,1,20,0
1990,41,2,2,0,0,0,796,1,0,0
1990,35,1,2,0,0,0,749,1,35,0
1990,35,1,0,0,0,1,59,5,46,1
1990,33,2,0,0,0,1,0,0,0,0
1990,68,2,3,0,0,1,0,0,0,0
1990,51,1,2,0,0,0,869,0,43,0
1990,33,2,2,0,0,0,0,0,0,0
1990,28,1,0,0,0,0,779,1,40,0
1990,30,2,0,0,0,1,15,5,0,0
1990,65,2,3,0,0,0,274,3,0,0
1990,28,1,0,0,0,1,156,5,50,0
1990,28,2,0,0,0,1,156,5,50,0
1990,22,1,1,0,0,0,473,0,75,0
1990,62,2,3,0,0,0,447,5,0,0
1990,50,1,0,0,0,0,869,0,40,0
1990,49,2,0,0,0,0,274,3,12,0
1990,27,1,1,0,0,0,869,0,45,0
1990,60,1,2,0,0,0,453,5,5,0
1990,26,2,0,0,0,0,274,5,20,0
1990,38,1,0,0,0,0,795,1,40,0
1990,33,1,0,0,0,0,22,0,40,0
1990,33,2,0,0,0,0,274,3,30,0
1990,67,1,0,0,0,1,243,3,50,0
1990,60,2,0,0,0,1,243,3,56,0
1990,29,1,0,0,0,0,804,3,56,0
1990,25,2,0,0,0,0,447,5,32,0
1990,46,1,0,0,0,0,243,3,40,0
1990,45,2,0,0,0,0,777,1,25,0
1990,50,1,0,0,0,0,889,6,40,0
1990,48,2,0,0,0,0,5,6,50,0
1990,21,2,1,0,0,1,313,5,29,0
1990,26,1,0,0,0,0,366,2,40,0
1990,24,2,0,0,0,0,458,3,36,0
1990,46,2,3,0,0,0,436,5,25,0
1990,22,2,1,0,0,0,65,0,40,0
1990,54,1,2,0,0,0,808,2,40,0
1990,32,1,0,0,0,1,275,3,40,0
1990,36,2,0,0,0,1,275,3,40,0
1990,32,2,2,0,0,0,276,3,30,0
1990,57,1,0,0,0,0,653,1,40,1
1990,52,2,0,0,0,0,337,1,40,0
1990,24,1,1,0,0,0,479,0,40,0
1990,18,2,1,0,0,0,319,0,10,0
1990,68,2,3,0,0,0,0,0,0,0
1990,27,2,1,0,0,0,687,3,25,0
1990,76,1,0,0,0,0,0,0,0,0
1990,78,2,0,0,0,0,0,0,0,0
1990,38,1,0,0,0,0,563,0,40,0
1990,47,2,0,0,0,1,337,3,0,0
1990,72,1,0,0,0,0,479,0,6,0
1990,79,2,0,0,0,1,447,5,0,0
1990,75,1,2,0,0,0,496,1,40,0
1990,44,1,0,0,0,0,505,3,45,0
1990,42,2,0,0,0,0,376,4,37,0
1990,35,2,3,0,0,0,435,3,25,0
1990,36,1,0,0,0,1,575,0,54,0
1990,35,2,0,0,0,1,447,5,40,0
1990,73,1,0,0,0,1,18,4,47,0
1990,68,2,0,0,0,1,0,0,0,0
1990,77,1,0,0,0,0,188,5,30,0
1990,73,2,0,0,0,0,0,0,0,1
1990,51,1,0,0,0,0,804,0,45,0
1990,49,2,0,0,0,0,323,2,40,0
1990,53,1,0,0,0,1,567,0,50,0
1990,48,2,0,0,0,1,348,5,40,0
1990,18,1,1,0,1,0,866,0,15,0
1990,80,1,0,0,0,1,0,0,0,0
1990,78,2,0,0,0,0,0,0,0,0
1990,41,1,0,0,0,1,514,4,40,0
1990,38,2,0,0,0,0,436,3,20,0
1990,31,1,0,0,0,1,575,2,40,0
1990,29,2,0,0,0,1,274,3,0,0
1990,68,2,3,0,0,0,0,0,0,0
1990,80,2,3,0,0,1,264,3,16,0
1990,41,1,0,0,0,1,575,0,40,0
1990,37,2,0,0,0,0,436,3,37,0
1990,53,1,1,0,0,1,405,4,0,0
1990,62,2,2,0,0,1,486,0,30,0
1990,52,1,0,0,0,0,473,0,40,0
1990,49,2,0,0,0,1,313,4,40,0
1990,23,1,1,0,0,0,567,0,40,0
1990,31,1,0,0,0,1,853,0,40,0
1990,31,2,0,0,0,1,453,5,18,0
1990,71,1,0,0,3,1,0,0,0,0
1990,72,2,0,0,0,1,0,0,0,0
1990,19,1,1,0,0,0,567,0,40,0
1990,19,2,1,0,0,0,439,3,15,0
1990,21,1,1,0,0,0,505,4,38,0
1990,37,2,1,0,0,1,21,5,40,0
1990,37,1,0,0,0,0,844,0,65,0
1990,31,2,0,0,0,0,337,2,40,0
1990,41,1,0,0,0,1,354,2,40,0
1990,37,2,0,0,0,0,276,3,38,0
1990,73,2,2,0,0,0,0,0,0,0
1990,60,1,0,0,0,0,503,1,48,1
1990,55,2,0,0,0,1,323,4,24,0
1990,77,1,3,0,0,0,579,0,16,0
1990,29,2,3,0,0,0,447,5,40,0
1990,28,1,0,0,0,1,418,6,60,1
1990,29,2,0,0,0,1,22,5,60,0
1990,20,1,1,0,0,0,887,3,50,0
1990,68,1,0,0,0,0,804,2,23,0
1990,68,2,0,0,0,1,0,0,0,0
1990,43,2,1,0,0,0,453,4,16,0
1990,22,1,1,0,0,0,498,0,40,0
1990,22,2,1,0,0,0,264,3,25,0
1990,51,1,0,0,0,0,567,0,40,0
1990,49,2,0,0,0,1,253,4,25,0
1990,27,1,0,0,0,0,804,2,60,0
1990,22,2,0,0,0,0,447,5,40,0
1990,20,1,1,0,0,0,804,3,30,0
1990,69,1,0,0,0,1,0,0,0,1
1990,70,2,0,0,0,1,0,0,0,0
1990,33,2,1,0,0,0,0,0,0,0
1990,77,1,0,0,0,0,0,0,0,0
1990,58,2,0,0,0,0,0,0,0,0
1990,67,1,0,0,0,0,567,0,40,0
1990,65,2,0,0,0,0,276,3,30,0
1990,40,1,3,0,0,0,686,3,40,1
1990,39,1,2,0,0,0,686,3,50,0
1990,38,2,2,0,0,0,769,1,0,0
1990,29,1,0,0,0,1,628,1,50,0
1990,24,2,0,0,0,0,628,1,48,0
1990,54,1,0,0,0,1,154,5,60,1
1990,46,2,0,0,0,1,153,5,75,0
1990,66,1,1,0,0,0,0,0,0,0
1990,37,2,3,0,0,0,745,1,30,0
1990,29,1,1,0,0,0,567,0,40,0
1990,70,1,0,0,0,1,0,0,0,0
1990,68,2,0,0,0,1,0,0,0,0
1990,41,1,0,0,0,1,567,0,40,0
1990,42,2,0,0,0,1,473,0,30,0
1990,27,1,0,0,0,0,507,2,58,0
1990,26,2,0,0,0,0,449,4,35,0
1990,20,1,1,0,0,0,599,4,45,0
1990,18,1,1,0,0,0,575,1,43,0
1990,24,2,0,0,0,0,486,4,40,0
1990,32,1,0,0,0,0,889,0,0,0
1990,29,1,0,0,0,1,243,3,40,0
1990,28,2,0,0,0,0,466,5,38,0
1990,66,1,0,0,0,0,777,6,0,0
1990,67,2,0,0,0,0,0,0,0,0
1990,34,1,1,0,0,0,795,1,40,0
1990,63,1,0,0,0,0,503,3,55,1
1990,60,2,0,0,0,0,264,3,0,0
1990,26,1,0,0,0,0,769,1,40,0
1990,26,2,0,0,0,0,15,5,37,0
1990,67,1,0,0,0,0,0,0,0,0
1990,63,2,0,0,0,0,0,0,0,0
1990,67,1,0,0,0,0,496,1,25,0
1990,25,2,0,0,0,0,704,1,9,0
1990,33,1,0,0,0,1,525,3,0,0
1990,23,2,0,0,0,1,276,3,0,0
1990,19,2,1,0,0,0,276,3,20,0
1990,47,1,0,0,0,0,804,3,55,0
1990,39,2,0,0,0,0,745,1,40,0
1990,18,1,1,0,0,0,754,4,30,0
1990,74,1,0,0,2,0,0,0,0,0
1990,66,2,0,0,0,0,364,3,36,0
1990,44,2,1,0,2,0,877,3,35,0
1990,65,2,3,0,0,1,0,0,0,0
1990,28,1,0,0,0,0,263,3,46,0
1990,27,2,0,0,0,1,217,0,42,0
1990,44,2,2,0,0,1,254,4,35,1
1990,20,2,1,0,0,0,308,5,30,0
1990,18,1,1,0,0,0,443,3,8,0
1990,18,2,1,0,0,1,274,3,22,0
1990,74,2,3,0,0,0,0,0,0,0
1990,43,2,2,0,0,0,444,5,13,0
1990,31,2,2,0,0,0,909,6,0,0
1990,74,1,0,0,0,0,0,0,0,0
1990,69,2,0,0,0,0,0,0,0,0
1990,36,1,2,0,0,0,0,0,0,0
1990,35,1,0,0,0,0,567,0,50,0
1990,32,2,0,0,0,1,97,5,40,0
1990,23,1,0,0,0,0,766,5,40,0
1990,21,2,0,0,0,0,336,5,37,0
1990,71,2,3,0,0,0,0,0,0,0
1990,31,2,1,0,0,0,0,0,0,0
1990,60,1,0,0,0,0,549,4,40,0
1990,61,2,0,0,0,0,0,0,0,0
1990,39,2,0,0,0,0,158,5,35,0
1990,39,1,0,0,0,1,843,1,50,1
1990,19,1,1,0,0,0,745,1,40,0
1990,23,1,1,0,0,0,597,0,45,0
1990,45,1,0,0,0,0,869,0,40,0
1990,43,2,0,0,0,0,364,1,44,0
1990,50,1,0,0,0,1,17,3,80,0
1990,52,2,0,0,0,1,436,3,80,0
1990,48,1,3,0,0,1,35,0,40,0
1990,25,2,2,0,0,0,188,1,10,0
1990,69,1,0,0,0,0,259,0,0,0
1990,71,2,0,0,0,0,0,0,0,0
1990,68,2,0,0,0,0,337,0,40,0
1990,60,1,0,0,0,0,567,0,0,0
1990,67,2,1,0,0,0,319,5,0,0
1990,41,2,2,0,0,1,156,5,10,0
1990,51,1,2,0,0,0,745,1,40,0
1990,37,1,0,0,0,1,595,0,40,0
1990,35,2,0,0,0,1,436,3,0,0
1990,52,1,0,0,0,1,628,1,40,0
1990,50,2,0,0,0,0,338,1,24,0
1990,41,1,1,0,0,0,567,1,44,0
1990,72,1,3,0,0,0,0,0,0,0
1990,30,1,1,0,0,0,453,3,40,0
1990,66,2,2,0,0,0,0,0,0,0
1990,78,1,0,0,0,0,0,0,0,0
1990,64,2,0,0,2,1,318,2,40,0
1990,72,1,0,0,0,0,0,0,0,0
1990,74,2,0,0,0,0,0,0,0,0
1990,73,1,3,0,0,0,0,0,0,0
1990,70,1,0,0,0,0,277,3,20,0
1990,62,2,0,0,0,0,0,0,0,0
1990,66,2,3,0,0,1,447,5,45,0
1990,51,1,0,0,0,0,759,1,40,0
1990,43,2,0,0,0,1,22,1,40,0
1990,29,1,1,0,0,0,567,0,40,0
1990,36,2,0,0,0,1,447,5,40,0
1990,52,1,0,0,0,0,0,0,0,0
1990,25,1,0,0,2,1,7,4,50,0
1990,22,2,0,0,0,1,156,5,35,0
1990,65,1,0,0,0,1,486,0,40,1
1990,67,2,0,0,0,1,0,0,0,0
1990,42,1,0,0,0,1,263,3,50,1
1990,39,2,0,0,0,1,159,5,30,0
1990,32,1,0,0,0,1,889,1,50,0
1990,29,2,0,0,0,0,447,5,50,0
1990,38,1,2,0,0,0,567,0,40,0
1990,30,2,1,0,0,0,364,1,0,0
1990,41,1,0,0,0,1,185,3,40,1
1990,35,2,0,0,0,0,389,4,37,0
1990,55,2,0,0,0,0,745,1,40,0
1990,60,1,0,0,0,0,379,6,20,0
1990,59,1,0,0,0,0,567,0,40,0
1990,57,2,0,0,0,0,313,0,0,0
1990,62,1,0,0,0,0,17,3,0,1
1990,63,2,0,0,0,0,17,3,0,0
1990,43,1,0,0,0,1,156,5,50,1
1990,40,2,0,0,0,1,0,0,0,0
1990,62,2,2,0,0,0,806,3,0,0
1990,45,1,0,0,0,1,447,5,40,0
1990,47,2,0,0,0,0,467,5,32,0
1990,18,1,1,0,0,0,436,3,30,0
1990,44,2,0,0,0,1,204,5,37,0
1990,44,1,0,0,0,1,253,4,45,0
1990,71,2,3,0,0,0,0,0,0,0
1990,30,2,2,0,0,0,889,1,40,0
1990,26,1,1,3,4,0,444,4,45,0
1990,67,2,3,0,0,0,0,0,0,0
1990,38,1,2,0,0,1,22,2,40,0
1990,57,1,2,0,0,1,17,3,50,0
1990,50,2,2,0,0,1,315,5,40,1
1990,21,2,2,0,0,0,447,5,40,0
1990,20,1,1,0,0,0,444,3,40,0
1990,22,1,1,0,0,0,688,1,40,0
1990,68,1,0,0,0,0,274,3,0,0
1990,66,2,0,0,0,0,274,3,0,0
1990,33,1,0,0,0,0,579,0,0,0
1990,31,2,0,0,0,0,0,0,0,0
1990,71,1,3,0,0,0,0,0,0,0
1990,46,1,0,0,0,1,17,3,40,0
1990,44,2,0,0,0,1,436,3,25,0
1990,19,2,1,0,0,0,435,3,25,0
1990,37,1,0,0,0,0,448,4,40,0
1990,35,2,0,0,0,0,354,2,40,0
1990,67,2,2,0,0,1,95,5,9,0
1990,38,1,0,0,0,1,13,3,50,1
1990,37,2,0,0,0,1,254,4,40,0
1990,45,2,2,0,0,0,37,3,40,0
1990,20,1,1,0,3,0,454,3,35,0
1990,47,1,0,0,0,0,243,3,50,1
1990,42,2,0,0,0,1,0,0,0,0
1990,19,1,1,0,0,1,486,0,50,0
1990,31,1,2,0,0,1,889,3,50,0
1990,46,2,2,0,0,1,313,5,40,0
1990,21,1,1,0,0,1,507,3,45,0
1990,31,1,0,0,0,1,22,0,45,0
1990,36,2,0,3,3,1,234,5,40,0
1990,32,1,0,0,0,1,889,3,50,0
1990,27,2,0,0,0,1,337,5,30,0
1990,20,1,1,0,0,1,33,4,40,0
1990,19,2,1,0,0,1,276,5,30,0
1990,28,1,0,0,0,1,567,0,40,0
1990,27,2,0,0,0,0,466,5,55,0
1990,41,1,0,0,2,0,17,3,40,0
1990,39,2,0,0,0,1,17,4,15,0
1990,38,1,2,0,0,0,479,0,40,0
1990,31,1,0,0,0,1,426,6,50,0
1990,34,2,0,0,0,0,439,3,40,0
1990,65,1,0,0,0,1,55,4,0,0
1990,63,2,0,0,0,1,0,0,0,0
1990,21,1,1,0,4,1,154,5,10,0
1990,64,1,1,0,0,0,0,0,0,0
1990,34,1,0,0,0,0,0,0,0,0
1990,23,2,0,0,0,0,0,0,0,0
1990,46,1,0,0,0,0,508,2,40,0
1990,46,2,0,0,0,0,276,3,12,0
1990,37,1,1,0,0,0,354,2,40,0
1990,43,2,2,0,0,1,9,3,40,0
1990,71,1,2,0,0,0,22,2,14,0
1990,37,2,2,0,0,1,717,1,40,0
1990,36,1,2,0,0,0,744,1,40,0
1990,43,1,1,0,0,1,174,5,22,0
1990,32,2,2,0,0,0,337,3,50,0
1990,39,2,1,0,2,1,14,5,25,0
1990,77,2,3,0,0,0,0,0,0,0
1990,49,2,2,0,0,0,683,1,40,0
1990,20,1,1,0,0,0,436,1,24,0
1990,37,2,3,0,0,1,628,2,40,0
1990,42,1,2,0,0,1,354,2,40,0
1990,56,2,3,0,0,0,0,0,0,0
1990,36,2,1,0,0,0,453,3,22,0
1990,30,1,1,0,0,0,889,1,50,0
1990,25,1,1,0,0,0,356,1,40,0
1990,20,1,1,0,0,0,777,1,25,0
1990,18,1,1,0,0,0,0,0,0,0
1990,64,1,0,0,0,1,195,2,40,0
1990,48,2,0,0,0,0,193,5,20,0
1990,28,1,1,0,0,0,439,5,40,0
1990,65,2,2,0,0,1,95,5,40,0
1990,35,2,1,0,0,1,207,5,40,0
1990,70,1,0,0,0,1,0,0,0,0
1990,71,2,0,0,0,0,0,0,0,0
1990,30,2,1,0,0,0,379,4,40,0
1990,66,2,3,0,2,0,265,3,0,0
1990,54,2,1,0,0,1,95,5,40,0
1990,76,2,3,0,0,0,0,0,0,0
1990,26,2,0,0,0,0,439,3,10,0
1990,24,1,0,0,0,1,549,1,40,0
1990,61,2,3,0,0,1,0,0,0,0
1990,34,1,0,1,1,1,375,4,40,0
1990,32,2,0,1,0,1,375,4,40,0
1990,63,2,3,0,0,0,0,0,0,0
1990,31,2,3,0,0,1,435,3,5,0
1990,36,1,0,0,0,1,22,0,60,1
1990,39,2,0,0,0,1,156,5,48,0
1990,72,1,0,0,0,0,0,0,0,0
1990,69,2,0,0,0,0,0,0,0,0
1990,45,1,0,0,0,1,243,3,70,0
1990,45,2,0,0,0,0,243,3,60,0
1990,72,1,0,0,0,0,0,0,0,0
1990,56,2,0,0,0,0,0,0,0,0
1990,28,1,2,0,0,0,786,1,40,0
1990,42,1,0,0,0,0,745,1,40,0
1990,25,2,0,0,0,0,0,0,0,0
1990,66,1,0,0,0,0,0,0,0,0
1990,70,2,0,0,0,0,0,0,0,0
1990,32,1,0,0,0,1,869,0,40,0
1990,33,2,0,0,0,1,379,1,40,0
1990,42,2,2,0,0,0,17,3,40,0
1990,39,1,2,0,0,1,518,5,60,0
1990,68,1,0,0,0,1,777,1,55,0
1990,65,2,0,0,0,0,0,0,0,0
1990,44,1,2,0,0,1,174,6,0,0
1990,46,1,0,0,0,0,844,0,50,0
1990,49,2,0,0,0,0,276,3,24,0
1990,48,1,0,0,0,0,22,1,40,1
1990,47,2,0,0,0,0,313,5,25,0
1990,41,1,1,0,0,0,668,4,40,0
1990,49,1,0,0,0,0,567,0,45,0
1990,45,2,0,0,0,0,436,4,23,0
1990,27,1,1,0,0,0,754,4,40,0
1990,25,2,1,0,0,0,567,0,40,0
1990,20,1,1,0,0,0,505,4,40,0
1990,18,1,1,0,0,0,567,0,40,0
1990,28,1,0,0,0,1,13,0,50,0
1990,26,2,0,0,0,1,434,3,20,0
1990,58,1,0,0,0,0,453,4,40,0
1990,52,2,0,0,0,0,436,3,60,0
1990,39,1,0,0,0,0,567,0,40,0
1990,35,2,0,0,0,0,883,1,30,0
1990,56,1,0,0,0,0,426,5,40,0
1990,55,2,0,0,0,0,22,3,40,0
1990,19,1,1,0,0,0,387,5,37,0
1990,18,1,1,0,0,0,444,4,30,0
1990,65,2,3,0,0,1,0,0,0,0
1990,31,1,0,0,0,1,7,4,40,0
1990,29,2,0,0,0,0,337,0,40,0
1990,40,2,2,0,0,0,436,3,45,0
1990,26,1,0,0,0,0,386,1,40,0
1990,24,2,0,0,0,1,178,5,35,0
1990,23,2,1,0,0,0,779,4,40,0
1990,57,1,1,0,0,0,628,1,57,0
1990,56,2,0,0,0,1,7,4,40,0
1990,60,1,0,0,0,1,268,3,40,0
1990,21,2,1,0,0,0,889,1,40,0
1990,20,2,1,0,0,1,435,3,30,0
1990,52,2,3,0,0,0,5,6,38,0
1990,55,1,0,0,0,0,747,1,0,0
1990,55,2,0,0,0,0,0,0,0,0
1990,61,1,0,0,0,1,0,0,0,0
1990,49,2,0,0,0,1,0,0,0,0
1990,62,1,0,0,0,0,706,1,40,0
1990,59,2,0,0,0,0,0,0,0,0
1990,20,1,1,0,0,0,97,5,37,0
1990,40,1,0,0,2,1,243,3,65,0
1990,39,2,0,0,0,1,274,3,0,0
1990,42,1,0,0,0,1,505,3,60,0
1990,39,2,0,0,0,1,383,4,48,0
1990,23,2,1,0,0,1,156,5,8,0
1990,30,1,2,0,0,1,785,4,50,0
1990,48,1,0,1,0,0,575,6,40,0
1990,43,2,0,0,0,0,308,4,38,0
1990,20,1,3,0,0,0,889,6,40,0
1990,41,1,2,0,0,1,156,5,40,0
1990,49,1,0,0,0,0,567,0,40,0
1990,52,2,0,0,0,1,95,5,20,0
1990,20,1,1,0,0,1,725,1,40,0
1990,18,2,1,0,0,0,185,3,24,0
1990,33,1,0,0,0,1,567,0,40,0
1990,33,2,0,0,0,0,436,3,25,0
1990,71,2,1,0,0,1,337,6,0,0
1990,19,2,1,0,0,1,447,5,35,0
1990,66,1,0,0,0,0,243,3,40,0
1990,66,2,0,0,0,0,337,3,20,0
1990,36,2,2,0,0,0,447,5,40,0
1990,43,1,0,0,0,1,176,5,60,0
1990,43,2,0,0,0,1,313,5,0,0
1990,37,1,0,0,0,1,167,5,60,0
1990,33,2,0,0,0,1,436,5,40,0
1990,27,1,0,0,0,1,804,3,40,0
1990,28,2,0,0,0,1,436,3,60,0
1990,49,1,0,0,0,0,0,0,0,0
1990,47,2,0,0,0,0,447,5,32,0
1990,59,1,0,0,0,0,21,5,20,0
1990,57,2,0,0,0,0,435,3,24,0
1990,34,1,1,0,0,0,804,2,40,0
1990,65,1,0,0,0,0,0,0,0,0
1990,61,2,0,0,0,0,0,0,0,0
1990,63,1,0,0,0,0,889,3,30,0
1990,56,2,0,0,0,0,16,2,40,0
1990,35,1,0,0,0,0,475,0,40,0
1990,31,2,0,0,0,1,95,4,0,0
1990,49,1,0,0,0,0,259,3,50,0
1990,48,2,0,0,0,0,319,5,48,0
1990,62,2,3,0,0,0,436,5,35,0
1990,47,1,2,0,0,0,516,0,45,0
1990,65,1,2,0,0,0,469,5,60,0
1990,75,1,3,0,0,0,0,0,0,0
1990,53,1,0,0,0,0,444,3,30,0
1990,45,2,0,0,0,0,436,3,40,0
1990,30,2,1,0,0,1,785,1,0,0
1990,57,1,0,0,0,1,35,6,40,0
1990,55,2,0,0,0,0,453,5,25,0
1990,45,1,0,0,0,0,628,1,40,0
1990,46,2,0,0,0,0,0,0,0,0
1990,19,1,1,0,0,0,0,0,0,0
1990,77,1,1,0,0,0,0,0,0,0
1990,28,2,1,0,0,1,889,1,40,0
1990,43,1,0,0,0,1,303,6,40,0
1990,43,2,0,0,0,0,0,0,0,0
1990,18,1,1,0,0,1,579,0,30,0
1990,32,1,1,0,0,1,156,5,40,0
1990,60,1,0,0,0,1,13,4,20,1
1990,51,2,0,0,0,1,0,0,0,0
1990,35,2,2,0,0,1,216,1,40,0
1990,71,2,3,0,0,1,95,5,40,0
1990,66,1,0,0,0,1,313,5,30,0
1990,67,2,0,0,0,0,0,0,0,0
1990,39,1,2,0,0,1,178,5,40,0
1990,40,1,0,0,0,0,637,0,40,0
1990,37,2,0,0,0,0,316,6,30,0
1990,52,1,2,0,0,0,567,0,40,0
1990,38,1,0,0,0,1,154,5,40,0
1990,30,2,0,0,0,1,154,5,24,0
1990,56,2,2,0,0,0,337,4,40,0
1990,30,1,1,0,2,1,436,3,0,0
1990,30,1,0,0,0,0,889,1,40,0
1990,33,2,0,0,0,0,0,0,0,0
1990,20,1,1,0,0,1,453,1,48,0
1990,63,1,0,0,0,1,75,0,20,1
1990,64,2,0,0,0,1,243,3,30,0
1990,60,1,0,0,0,0,0,0,0,0
1990,59,2,0,0,0,0,747,5,40,0
1990,52,1,0,0,0,0,575,0,40,0
1990,51,2,0,0,0,0,0,0,0,0
1990,30,1,1,0,0,0,268,3,40,0
1990,43,1,0,0,0,1,856,1,40,0
1990,39,2,0,0,0,0,878,1,40,0
1990,35,1,0,0,0,1,495,0,40,0
1990,35,2,0,0,0,1,466,5,22,0
1990,73,1,0,0,0,0,0,0,0,0
1990,68,2,0,0,0,0,0,0,0,0
1990,44,1,0,0,0,1,808,5,40,0
1990,43,2,0,0,0,1,95,5,0,0
1990,19,2,1,0,0,1,276,3,20,0
1990,38,2,0,0,0,1,156,5,36,0
1990,39,1,0,0,0,1,163,5,40,0
1990,41,1,1,0,0,1,567,0,40,0
1990,60,2,3,0,0,1,95,5,35,0
1990,64,1,0,0,0,0,0,0,0,0
1990,60,2,0,0,0,1,156,5,0,0
1990,39,1,0,0,0,0,727,1,40,0
1990,39,2,0,0,0,0,727,1,40,0
1990,68,2,2,0,0,0,744,5,0,0
1990,80,2,3,0,0,0,0,0,0,0
1990,45,2,1,0,0,1,243,3,0,0
1990,74,2,3,0,0,0,0,0,0,0
1990,23,2,3,0,0,0,436,3,16,0
1990,79,2,0,0,0,0,0,0,0,0
1990,75,1,0,0,0,0,777,1,10,0
1990,76,2,0,0,0,0,0,0,0,0
1990,42,1,0,0,0,1,156,5,30,0
1990,38,2,0,0,0,1,95,5,32,0
1990,37,1,0,0,0,1,0,0,0,0
1990,33,2,0,0,0,1,458,4,30,0
1990,39,2,1,0,0,1,747,4,15,0
1990,18,2,1,0,0,1,468,5,20,0
1990,18,1,1,0,0,1,436,3,12,0
1990,43,2,2,0,0,1,157,5,40,0
1990,18,2,1,0,0,1,243,3,24,0
1990,28,1,0,0,0,1,23,3,40,0
1990,29,2,0,0,0,1,313,5,40,0
1990,49,1,0,0,0,0,855,0,40,0
1990,48,2,0,0,0,0,0,0,0,0
1990,23,1,1,0,0,1,579,0,40,0
1990,42,1,2,0,0,1,575,0,40,0
1990,65,1,0,0,0,0,558,0,0,0
1990,63,2,0,0,0,0,379,3,24,0
1990,38,1,1,0,0,1,98,5,40,0
1990,27,2,0,0,0,0,479,0,29,0
1990,28,1,0,0,0,0,585,0,46,0
1990,65,1,0,0,0,0,0,0,0,0
1990,62,2,0,0,0,0,0,0,0,0
1990,63,1,0,0,0,0,0,0,0,0
1990,60,2,0,0,0,0,0,0,0,0
1990,25,1,0,0,0,1,156,5,40,0
1990,24,2,0,0,0,1,379,6,40,0
1990,24,1,0,0,0,0,783,6,45,0
1990,24,2,0,0,0,0,0,0,0,0
1990,26,1,0,0,0,1,35,6,40,0
1990,26,2,0,0,0,1,14,5,0,0
1990,27,1,0,0,0,0,883,6,40,0
1990,29,2,0,3,3,0,0,0,0,0
1990,34,1,1,0,0,0,516,0,40,0
1990,27,2,1,0,0,0,303,4,43,0
1990,44,1,0,0,0,1,216,0,40,0
1990,42,2,0,0,0,0,354,2,36,0
1990,40,2,2,0,0,0,337,3,10,0
1990,44,1,0,0,0,0,0,0,0,0
1990,37,1,0,0,0,1,303,6,40,0
1990,24,2,0,0,0,1,449,5,0,0
1990,53,1,0,0,0,1,218,5,40,0
1990,47,2,0,0,0,0,436,3,35,0
1990,28,1,1,1,0,0,0,0,0,0
1990,78,2,3,0,0,0,0,0,0,0
1990,36,1,0,0,0,1,579,1,48,0
1990,34,2,0,0,0,1,0,0,0,0
1990,44,1,0,0,0,0,496,1,47,0
1990,40,2,0,0,0,0,888,1,40,0
1990,21,1,1,0,0,0,889,1,40,0
1990,19,2,1,0,0,0,889,1,40,0
1990,19,1,1,0,0,0,496,1,50,0
1990,19,2,1,0,0,0,708,1,40,0
1990,23,1,1,3,0,1,459,5,7,0
1990,30,2,3,3,0,1,338,1,20,0
1990,34,1,0,0,0,1,727,1,34,0
1990,32,2,0,0,0,0,727,1,21,0
1990,48,1,1,0,0,1,496,1,20,0
1990,22,2,1,0,0,0,785,1,40,0
1990,34,1,0,0,0,1,23,5,52,0
1990,37,2,0,0,0,1,458,4,40,0
1990,47,1,0,0,0,1,255,4,55,0
1990,47,2,0,0,0,0,458,4,40,0
1990,63,1,0,0,0,0,757,3,0,0
1990,60,2,0,0,0,1,14,4,0,0
1990,80,2,1,0,0,0,0,0,0,0
1990,78,1,1,0,0,0,0,0,0,0
1990,63,1,0,0,0,1,22,0,40,0
1990,63,2,0,0,0,0,0,0,0,0
1990,30,1,0,0,0,0,759,1,40,0
1990,29,2,0,0,0,1,313,4,40,0
1990,33,1,0,0,0,1,575,0,40,0
1990,30,2,0,0,0,1,0,0,0,0
1990,39,1,0,0,0,1,889,0,40,0
1990,36,2,0,0,0,1,138,5,40,0
1990,21,2,1,0,0,0,558,0,40,0
1990,34,1,2,0,0,0,514,4,50,0
1990,50,1,0,0,0,1,628,0,40,0
1990,51,2,0,0,0,0,677,5,40,0
1990,40,1,0,0,0,0,889,0,40,0
1990,40,2,0,0,0,0,458,4,40,0
1990,71,1,0,0,0,0,0,0,0,0
1990,71,2,0,0,0,0,0,0,0,0
1990,50,1,1,0,0,1,453,4,40,0
1990,40,1,0,0,0,1,507,0,43,0
1990,38,2,0,0,0,1,22,4,43,0
1990,51,1,0,0,0,0,303,6,40,0
1990,64,2,0,0,2,0,406,4,30,0
1990,33,1,1,0,0,0,487,0,40,0
1990,54,2,3,0,0,0,0,0,0,0
1990,63,1,0,0,0,0,0,0,0,0
1990,60,2,0,0,0,0,0,0,0,0
1990,56,2,2,0,0,1,0,0,0,0
1990,46,2,2,0,0,1,0,0,0,0
1990,18,2,1,0,0,0,435,3,25,0
1990,29,1,0,0,0,0,567,0,55,0
1990,27,2,0,0,0,1,379,4,40,0
1990,70,1,0,0,0,1,0,0,0,0
1990,68,2,0,0,0,0,435,3,17,0
1990,31,2,1,3,0,0,0,0,0,0
1990,36,2,2,0,0,1,424,6,40,0
1990,29,2,2,0,0,0,276,3,20,0
1990,49,1,1,0,0,1,22,1,50,0
1990,56,1,1,0,0,0,824,2,40,0
1990,34,1,2,0,0,0,415,4,60,0
1990,27,2,1,3,0,0,0,0,0,0
1990,20,1,1,3,0,0,579,0,40,0
1990,32,1,1,3,0,0,486,0,32,0
1990,61,1,0,3,0,0,547,2,40,1
1990,52,2,0,3,0,0,449,4,40,0
1990,20,1,1,1,0,0,496,0,0,0
1990,40,1,0,0,0,1,777,1,40,0
1990,37,2,0,0,0,1,274,3,0,0
1990,73,2,3,0,0,0,0,0,0,0
1990,35,1,0,0,0,1,63,0,40,0
1990,36,2,0,0,0,1,156,5,40,0
1990,53,2,3,0,0,1,207,5,40,0
1990,25,2,1,0,0,1,435,3,25,0
1990,74,2,3,0,0,0,0,0,0,0
1990,51,1,0,0,0,0,549,1,40,0
1990,51,2,0,0,0,1,337,3,25,0
1990,65,1,0,0,0,1,768,0,0,0
1990,69,2,0,0,0,0,0,0,0,0
1990,43,1,0,0,0,1,424,6,40,0
1990,43,2,0,0,0,0,436,3,30,0
1990,35,1,0,0,0,1,554,0,40,0
1990,34,2,0,0,0,0,313,0,40,0
1990,30,1,0,0,0,0,575,1,45,0
1990,28,2,0,0,0,1,447,5,20,0
1990,34,1,0,3,0,1,804,4,40,0
1990,34,2,0,0,0,0,435,3,45,0
1990,36,1,0,0,0,0,643,1,40,0
1990,34,2,0,0,0,1,313,5,40,0
1990,76,1,0,0,0,0,0,0,0,0
1990,71,2,0,0,0,0,0,0,0,0
1990,36,1,0,0,0,0,777,1,40,0
1990,38,2,0,0,0,0,313,5,40,0
1990,18,2,1,0,0,0,0,0,0,0
1990,74,1,0,0,0,0,0,0,0,0
1990,67,2,0,0,0,1,95,5,0,0
1990,49,1,0,0,0,0,653,0,40,0
1990,48,2,0,0,0,1,0,0,0,0
1990,39,1,0,0,0,0,804,2,0,0
1990,31,2,0,0,0,0,354,2,32,0
1990,38,2,3,0,0,1,748,5,75,0
1990,19,1,1,0,0,1,783,1,40,0
1990,52,1,0,0,0,0,575,0,40,0
1990,49,2,0,0,0,0,313,5,40,0
1990,61,2,3,0,0,0,0,0,0,0
1990,44,1,0,0,0,1,579,0,40,0
1990,40,2,0,0,0,0,0,0,0,0
1990,40,2,2,0,0,1,313,5,40,0
1990,47,1,0,0,0,1,5,6,40,0
1990,40,2,0,0,0,1,355,2,14,0
1990,80,1,1,3,0,0,0,0,0,0
1990,25,1,0,0,0,1,424,6,40,0
1990,21,2,0,0,0,0,458,4,20,0
1990,44,1,0,0,0,0,628,0,40,0
1990,39,2,0,0,0,0,0,0,0,0
1990,18,2,1,0,0,0,406,4,20,0
1990,29,2,3,3,0,0,785,1,0,0
1990,29,1,1,0,0,0,567,0,30,0
1990,36,1,0,3,0,0,567,0,35,0
1990,29,2,0,0,0,0,435,5,35,0
1990,49,1,0,0,0,0,276,3,60,0
1990,45,2,0,0,0,0,276,3,60,0
1990,50,1,0,0,0,0,243,3,40,0
1990,49,2,0,0,0,0,0,0,0,0
1990,26,1,1,0,0,0,779,3,50,0
1990,19,2,1,0,0,0,449,4,32,0
1990,23,1,1,0,0,0,496,1,40,0
1990,31,1,0,0,0,0,516,3,50,0
1990,31,2,0,0,0,0,379,6,50,0
1990,27,1,2,0,0,1,496,0,20,0
1990,28,1,0,0,0,1,424,6,40,0
1990,27,2,0,0,0,1,7,3,30,0
1990,51,1,0,0,0,1,486,5,50,0
1990,45,2,0,0,0,0,313,4,40,0
1990,41,1,0,0,0,0,869,0,0,0
1990,37,2,0,0,0,0,453,4,4,0
1990,72,1,0,0,0,0,447,5,40,0
1990,65,2,0,0,0,0,447,4,8,0
1990,26,1,1,0,0,0,869,0,40,0
1990,38,1,0,0,0,1,567,0,48,0
1990,25,2,0,0,0,0,243,3,75,0
1990,40,1,3,0,0,1,254,4,70,1
1990,68,1,0,0,0,1,0,0,0,0
1990,66,2,0,0,0,0,0,0,0,0
1990,40,1,2,0,0,1,22,0,48,0
1990,65,1,0,0,0,0,0,0,0,0
1990,66,2,0,0,0,0,0,0,0,0
1990,24,2,1,0,0,0,579,6,40,0
1990,32,1,0,0,0,0,423,6,40,0
1990,28,2,0,0,0,0,686,3,60,0
1990,39,1,0,0,0,0,567,0,30,0
1990,42,2,0,3,0,0,449,4,30,0
1990,36,2,0,0,0,0,784,1,40,0
1990,41,1,0,3,0,0,486,6,3,0
1990,60,1,0,0,0,1,0,0,0,0
1990,57,2,0,0,0,0,337,5,40,0
1990,64,1,0,0,0,1,0,0,0,0
1990,61,2,0,0,0,1,0,0,0,0
1990,25,2,1,0,0,1,449,4,40,0
1990,34,1,0,0,0,0,727,0,40,0
1990,31,2,0,0,0,0,436,3,0,0
1990,37,2,3,0,0,0,308,1,40,0
1990,34,1,0,0,0,1,447,2,40,0
1990,34,2,0,0,0,1,208,5,40,0
1990,77,2,3,0,0,0,0,0,0,0
1990,42,2,0,0,0,1,156,5,50,0
1990,40,1,0,0,0,0,274,5,50,0
1990,55,1,0,0,0,0,756,4,32,0
1990,53,2,0,0,0,0,785,1,40,0
1990,39,2,1,0,0,1,376,1,40,0
1990,65,1,0,0,0,0,37,1,0,0
1990,59,2,0,0,0,1,447,5,0,0
1990,28,1,1,0,0,1,22,0,60,0
1990,20,2,1,0,0,0,719,1,40,0
1990,50,1,0,0,0,0,766,2,40,1
1990,42,2,0,0,0,0,628,1,40,0
1990,69,2,3,0,0,0,447,5,20,0
1990,61,1,3,0,0,0,0,0,0,0
1990,75,2,0,0,0,1,0,0,0,0
1990,69,1,0,0,2,0,0,0,0,0
1990,75,1,0,0,0,0,0,0,0,0
1990,76,2,0,0,0,0,0,0,0,0
1990,44,1,0,0,0,1,5,6,60,1
1990,40,2,0,0,0,1,274,3,60,0
1990,39,2,0,0,0,0,5,6,37,0
1990,37,1,0,0,0,0,634,1,50,0
1990,38,1,0,0,0,1,418,6,44,0
1990,34,2,0,0,0,0,423,6,7,0
1990,67,1,0,0,0,0,804,1,0,0
1990,66,2,0,0,0,0,103,5,0,0
1990,67,2,3,0,0,1,0,0,0,0
1990,43,2,0,0,0,1,436,3,40,0
1990,51,1,0,0,0,0,713,1,47,0
1990,23,2,1,0,0,1,337,5,40,0
1990,44,1,0,0,0,0,785,1,40,0
1990,47,2,0,0,0,1,877,3,27,0
1990,24,1,1,0,0,1,276,3,25,0
1990,38,2,1,0,0,1,156,5,40,0
1990,45,1,0,0,0,1,709,1,40,0
1990,47,2,0,0,0,1,313,5,0,0
1990,57,1,0,0,0,0,844,2,40,0
1990,56,2,0,0,0,0,313,5,18,0
1990,52,1,0,0,0,1,263,3,58,0
1990,38,2,0,0,0,0,435,3,13,0
1990,44,1,2,0,0,1,628,1,42,0
1990,18,2,1,0,0,0,443,3,7,0
1990,29,1,0,0,0,0,549,6,40,0
1990,31,2,0,0,0,0,0,0,0,0
1990,79,1,1,0,0,0,829,2,0,0
1990,40,1,0,0,0,1,549,1,48,0
1990,42,2,0,0,0,0,447,5,30,0
1990,18,2,1,0,0,1,276,3,40,0
1990,42,1,2,0,0,0,785,1,40,0
1990,18,1,1,0,0,0,869,6,40,0
1990,64,2,2,0,0,0,0,0,0,0
1990,23,1,0,0,0,0,496,1,40,0
1990,22,2,0,0,0,0,447,5,40,0
1990,44,2,2,3,0,0,435,3,35,0
1990,71,1,0,0,0,1,0,0,0,0
1990,64,2,0,0,0,1,376,4,40,0
1990,43,2,2,0,0,0,706,1,40,0
1990,42,1,0,0,0,0,783,1,40,0
1990,38,2,0,0,0,0,435,3,20,0
1990,18,1,1,0,0,0,459,4,40,0
1990,47,1,0,0,0,0,516,5,40,0
1990,45,2,0,0,0,0,0,0,0,0
1990,19,1,1,0,0,1,883,3,40,0
1990,74,2,3,0,0,0,0,0,0,0
1990,32,1,0,0,0,1,518,5,40,0
1990,25,2,0,0,0,0,436,3,20,0
1990,58,1,0,0,0,1,0,0,0,0
1990,70,2,0,0,0,1,23,5,0,0
1990,44,2,2,0,0,0,379,6,34,0
1990,18,1,1,0,0,0,257,4,25,0
1990,36,2,1,0,0,0,313,5,40,0
1990,77,2,3,0,0,0,0,0,0,0
1990,56,2,1,0,0,0,0,0,0,0
1990,43,1,1,0,0,0,0,0,0,0
1990,28,2,2,0,0,0,447,5,37,0
1990,32,1,1,0,2,0,734,1,40,0
1990,75,1,0,0,0,1,0,0,0,1
1990,72,2,0,0,0,1,0,0,0,0
1990,53,1,0,0,0,0,17,4,40,0
1990,54,2,0,0,0,1,447,5,40,0
1990,19,2,1,3,0,1,274,3,20,0
1990,32,1,0,0,0,0,33,4,50,0
1990,26,2,0,0,0,1,446,5,30,0
1990,33,1,0,0,0,1,796,1,40,0
1990,33,2,0,0,0,0,185,3,40,0
1990,35,1,0,0,0,1,23,5,55,0
1990,36,2,0,0,0,0,18,4,25,0
1990,63,1,0,0,0,0,656,1,0,0
1990,61,2,0,0,0,1,0,0,0,0
1990,36,2,2,0,0,0,909,6,0,0
1990,54,1,2,0,0,0,869,0,40,0
1990,62,1,0,0,0,0,0,0,0,0
1990,62,2,0,0,0,0,785,1,40,0
1990,35,2,2,0,0,0,433,3,40,0
1990,74,2,3,0,0,0,0,0,0,0
1990,40,1,0,0,0,1,22,1,50,0
1990,38,2,0,0,0,1,96,3,40,0
1990,68,2,3,0,0,0,0,0,0,0
1990,22,1,0,0,0,0,218,0,70,0
1990,21,2,0,0,0,0,435,3,20,0
1990,30,1,0,0,0,1,22,1,50,0
1990,31,2,0,0,0,1,319,5,0,0
1990,27,1,0,0,0,0,547,3,40,0
1990,24,2,0,0,0,0,264,3,35,0
1990,23,1,0,0,0,0,598,0,50,0
1990,19,2,0,0,0,0,158,5,25,0
1990,29,1,0,0,0,1,423,6,40,0
1990,29,2,0,0,0,1,337,3,25,0
1990,48,1,0,0,0,0,628,1,40,0
1990,48,2,0,0,0,0,909,6,0,0
1990,65,1,0,0,0,0,0,0,0,0
1990,69,2,0,0,0,0,0,0,0,0
1990,48,1,0,0,0,0,853,0,60,0
1990,41,2,0,0,0,0,449,4,40,0
1990,48,1,2,0,0,1,22,1,60,0
1990,60,2,3,0,0,0,0,0,0,1
1990,73,2,3,0,0,0,0,0,0,0
1990,35,2,1,0,0,1,796,1,40,0
1990,61,1,3,0,0,0,779,1,50,0
1990,72,1,0,0,0,0,0,0,0,0
1990,67,2,0,0,0,0,0,0,0,0
1990,32,2,0,0,0,0,243,3,40,0
1990,37,1,0,0,0,0,804,3,60,0
1990,51,1,0,0,0,1,36,6,40,1
1990,50,2,0,0,0,1,22,5,40,0
1990,42,1,0,0,0,1,494,0,40,0
1990,40,2,0,0,2,1,235,2,10,0
1990,22,2,1,0,0,1,308,4,40,0
1990,29,1,2,0,0,0,558,0,30,0
1990,26,2,1,0,0,0,243,3,40,0
1990,63,1,0,0,0,0,0,0,0,0
1990,61,2,0,0,0,0,0,0,0,0
1990,34,1,0,0,0,0,675,1,45,0
1990,35,2,0,0,0,0,0,0,0,0
1990,41,2,2,0,0,0,436,5,35,0
1990,30,1,0,0,0,1,64,0,45,0
1990,25,2,0,0,0,1,206,5,40,0
1990,46,1,0,0,0,0,808,2,40,0
1990,26,2,0,0,0,0,439,3,38,0
1990,41,1,0,0,0,0,473,0,14,0
1990,42,2,0,0,0,0,473,0,9,0
1990,61,2,3,0,0,0,0,0,0,0
1990,29,2,2,0,0,0,447,5,40,0
1990,53,2,0,0,0,0,343,3,40,0
1990,53,1,0,0,0,0,505,6,40,0
1990,36,1,0,0,0,1,777,1,58,0
1990,36,2,0,0,0,0,0,0,0,0
1990,33,1,0,0,0,0,366,2,42,0
1990,30,2,0,0,0,1,0,0,0,0
1990,40,1,0,0,0,1,17,4,50,0
1990,38,2,0,0,0,1,389,5,40,0
1990,56,1,0,0,0,0,577,2,40,0
1990,54,2,0,0,0,0,0,0,0,0
1990,60,2,3,0,0,0,407,4,28,0
1990,21,1,1,0,0,0,877,3,21,0
1990,57,1,0,0,0,1,727,1,45,0
1990,59,2,0,0,0,1,164,5,25,0
1990,23,2,2,0,0,1,277,3,12,0
1990,52,2,2,0,0,0,0,0,0,0
1990,72,1,0,0,0,0,0,0,0,0
1990,69,2,0,0,0,0,0,0,0,0
1990,53,1,0,0,0,0,709,1,40,0
1990,54,2,0,0,0,0,0,0,0,0
1990,71,1,0,0,0,1,567,0,51,0
1990,67,2,0,0,0,0,447,5,5,0
1990,34,1,1,0,0,0,573,0,40,0
1990,20,2,1,0,0,0,909,6,0,0
1990,21,1,1,0,0,0,637,1,30,0
1990,28,1,0,0,0,0,426,4,40,0
1990,31,2,0,0,0,0,447,5,40,0
1990,59,1,0,0,0,0,804,2,48,0
1990,50,2,0,0,0,0,447,5,40,0
1990,59,1,1,0,0,1,0,0,0,0
1990,72,1,3,0,0,0,0,0,0,0
1990,73,1,0,0,0,1,0,0,0,0
1990,67,2,0,0,0,0,0,0,0,0
1990,39,1,0,0,0,1,178,5,45,1
1990,43,2,0,0,0,1,22,1,25,0
1990,43,1,0,0,0,1,22,0,60,1
1990,42,2,0,0,0,1,21,5,25,0
1990,76,1,0,0,0,0,0,0,0,0
1990,60,2,0,0,0,0,0,0,0,0
1990,38,1,2,0,0,1,156,5,40,0
1990,37,1,0,0,0,1,558,0,0,0
1990,34,2,0,0,0,0,274,3,25,0
1990,24,1,0,0,0,0,263,3,55,0
1990,25,2,0,0,0,0,208,3,24,0
1990,34,1,0,0,0,0,808,5,40,0
1990,27,2,0,0,0,0,337,1,24,0
1990,27,1,1,0,0,0,579,4,0,0
1990,31,1,0,0,0,0,889,1,40,0
1990,30,2,0,0,0,1,435,3,10,0
1990,37,2,2,0,0,0,466,5,40,0
1990,32,2,2,0,0,1,435,4,30,0
1990,32,1,0,0,0,1,57,1,70,0
1990,29,2,0,0,0,0,313,4,40,0
1990,78,1,0,0,0,1,0,0,0,0
1990,59,2,0,0,0,1,0,0,0,0
1990,37,1,0,0,0,1,829,2,60,0
1990,38,2,0,0,0,1,0,0,0,0
1990,18,2,1,0,0,0,379,6,24,0
1990,46,1,0,0,0,0,479,0,45,0
1990,38,2,0,0,0,1,157,5,40,0
1990,30,1,0,0,0,1,889,6,0,0
1990,28,2,0,0,0,1,804,2,60,0
1990,40,1,3,0,0,0,889,0,50,0
1990,45,1,0,0,0,0,567,0,40,0
1990,42,2,0,0,0,1,157,5,40,0
1990,65,1,0,0,0,0,29,3,25,0
1990,69,2,0,0,0,1,0,0,0,0
1990,30,1,2,0,0,0,514,4,50,0
1990,65,1,0,0,0,0,889,1,55,0
1990,61,2,0,0,0,0,0,0,0,0
1990,31,1,0,0,0,0,364,1,40,0
1990,30,2,0,0,0,1,883,2,20,0
1990,33,1,0,0,0,0,22,2,40,0
1990,33,2,0,0,0,0,389,5,25,0
1990,50,1,0,0,0,0,503,2,60,0
1990,41,2,0,0,0,0,379,2,25,0
1990,20,1,1,0,0,1,529,2,52,0
1990,35,2,0,0,0,0,878,1,40,0
1990,35,1,0,0,0,0,466,5,50,1
1990,65,1,0,0,0,1,0,0,0,0
1990,64,2,0,0,0,1,156,5,0,0
1990,37,2,3,0,0,0,234,3,50,0
1990,34,1,0,0,0,1,414,6,40,0
1990,35,2,0,0,0,1,156,5,0,0
1990,33,1,3,0,0,1,438,3,40,0
1990,27,2,3,0,0,0,0,0,0,0
1990,78,2,3,0,0,1,0,0,0,0
1990,62,1,0,0,0,1,0,0,0,0
1990,57,2,0,0,0,1,337,5,0,0
1990,37,1,0,0,0,0,785,1,40,0
1990,36,2,0,0,0,0,0,0,0,0
1990,39,2,0,0,0,0,909,6,0,0
1990,31,1,0,0,0,0,0,0,0,0
1990,18,1,1,0,0,0,0,0,0,0
1990,39,1,0,0,0,1,579,0,40,0
1990,35,2,0,0,0,0,579,0,40,0
1990,32,1,0,0,0,0,869,0,40,0
1990,31,2,0,0,0,0,435,3,30,0
1990,67,2,3,0,0,0,0,0,0,0
1990,37,1,1,0,0,0,579,0,35,0
1990,73,2,3,0,0,0,0,0,0,0
1990,40,1,0,0,0,1,777,1,48,0
1990,36,2,0,0,0,1,253,4,40,0
1990,54,1,0,0,0,0,585,1,40,0
1990,52,2,0,0,0,0,363,1,40,0
1990,41,1,0,0,0,1,844,0,50,0
1990,42,2,0,0,0,1,313,0,40,0
1990,63,1,0,0,0,0,453,1,20,0
1990,61,2,0,0,0,0,22,1,40,0
1990,69,1,0,0,0,0,453,3,30,0
1990,60,2,0,0,0,0,466,5,40,0
1990,77,2,3,0,0,0,0,0,0,0
1990,58,1,1,0,0,0,0,0,0,0
1990,36,2,2,0,0,0,447,5,40,0
1990,28,1,0,0,0,0,628,1,42,0
1990,27,2,0,0,0,0,276,3,28,0
1990,64,2,3,0,0,0,0,0,0,0
1990,54,1,0,0,0,1,243,3,40,0
1990,46,2,0,0,0,1,444,3,6,0
1990,20,1,1,0,0,1,436,5,45,0
1990,62,1,0,0,0,0,0,0,0,0
1990,62,2,0,0,0,0,0,0,0,0
1990,67,1,0,0,0,0,0,0,0,0
1990,67,2,0,0,0,0,0,0,0,0
1990,34,1,0,0,0,0,709,1,50,0
1990,33,2,0,0,0,0,0,0,0,0
1990,50,2,1,0,0,0,0,0,0,0
1990,32,1,0,0,0,0,637,1,40,0
1990,33,2,0,0,0,1,436,5,0,0
1990,78,2,3,0,0,0,0,0,0,0
1990,70,1,0,0,0,1,0,0,0,0
1990,68,2,0,0,0,0,0,0,0,0
1990,31,1,0,0,0,0,853,3,50,0
1990,27,2,0,0,0,1,889,3,40,0
1990,55,1,0,0,0,1,558,0,40,0
1990,47,2,0,0,0,1,243,3,40,0
1990,61,2,3,0,0,0,783,5,40,0
1990,35,1,0,0,0,1,558,0,40,0
1990,32,2,0,0,0,0,0,0,0,0
1990,26,2,2,0,0,1,0,0,0,0
1990,80,2,3,0,0,0,0,0,0,0
1990,50,1,0,0,0,1,33,1,40,0
1990,47,2,0,0,0,0,804,3,8,0
1990,40,1,0,0,0,0,709,1,70,0
1990,32,2,0,0,0,0,706,1,0,0
1990,25,1,0,0,0,0,0,0,0,0
1990,25,2,0,0,0,0,0,0,0,0
1990,54,1,0,0,0,0,844,0,40,0
1990,43,2,0,0,0,0,889,5,22,0
1990,64,1,0,0,0,0,585,1,0,0
1990,64,2,0,0,0,0,465,5,0,0
1990,71,1,0,0,0,0,0,0,0,0
1990,70,2,0,0,0,0,0,0,0,0
1990,25,1,0,0,0,0,856,0,60,0
1990,34,2,0,0,0,1,337,1,40,0
1990,37,1,0,0,0,0,533,4,38,0
1990,30,2,0,0,0,0,303,4,38,0
1990,27,1,0,0,0,1,22,6,40,0
1990,27,2,0,0,0,0,274,3,0,0
1990,31,1,0,0,0,0,514,4,25,0
1990,30,2,0,0,0,0,17,3,40,0
1990,26,1,1,0,0,0,734,1,40,0
1990,22,1,0,0,0,0,365,6,40,0
1990,20,2,0,0,0,0,796,1,0,0
1990,65,1,0,0,0,0,567,6,24,0
1990,66,2,0,0,0,0,0,0,0,0
1990,66,1,0,0,0,0,0,0,0,0
1990,60,2,0,0,0,1,275,4,0,0
1990,30,1,0,0,0,0,505,4,40,0
1990,33,2,0,0,0,0,706,1,40,0
1990,76,2,3,0,0,0,0,0,0,0
1990,68,1,0,0,0,0,276,3,0,0
1990,67,2,0,0,0,0,446,5,0,0
1990,25,1,1,0,0,0,266,3,40,0
1990,37,1,2,0,0,1,23,4,40,0
1990,35,1,0,0,0,1,243,3,55,0
1990,31,2,0,0,0,1,243,3,15,0
1990,65,1,0,0,0,0,889,0,0,0
1990,62,2,0,0,0,0,0,0,0,0
1990,56,1,1,0,0,1,0,0,0,0
1990,69,1,0,0,0,0,426,4,40,0
1990,65,2,0,0,0,0,0,0,0,0
1990,26,1,0,0,0,0,364,1,53,0
1990,23,2,0,0,0,1,243,3,40,0
1990,42,2,0,0,0,1,319,3,35,0
1990,41,1,0,0,0,0,804,2,45,0
1990,18,1,1,0,0,0,655,1,25,0
1990,50,1,0,0,0,0,704,4,0,0
1990,49,2,0,0,0,0,0,0,0,0
1990,63,1,0,0,0,0,0,0,0,0
1990,56,2,0,0,0,0,0,0,0,0
1990,31,1,0,0,0,1,29,3,45,0
1990,32,2,0,0,0,0,317,4,32,0
1990,29,1,0,0,0,0,575,0,50,0
1990,28,2,0,0,0,1,327,2,40,0
1990,66,1,0,0,0,0,0,0,0,0
1990,57,2,0,0,0,0,889,1,40,0
1990,66,1,0,0,0,0,0,0,0,0
1990,60,2,0,0,0,0,0,0,0,0
1990,31,1,0,0,0,1,79,6,40,0
1990,38,2,0,0,0,0,18,4,0,0
1990,51,1,0,0,0,1,75,6,40,1
1990,47,2,0,0,0,0,315,5,6,0
1990,28,2,2,0,0,0,0,0,0,0
1990,41,1,0,0,0,1,156,5,40,0
1990,41,2,0,3,0,1,313,6,35,0
1990,62,2,3,0,0,0,447,5,40,0
1990,54,1,0,0,0,0,529,2,40,0
1990,53,2,0,0,0,1,348,2,0,0
1990,38,1,0,0,0,0,453,4,0,0
1990,28,2,0,0,0,0,446,5,36,0
1990,74,1,0,0,0,0,0,0,0,0
1990,71,2,0,0,0,0,0,0,0,0
1990,24,1,0,0,0,1,253,4,40,0
1990,22,2,0,0,0,1,274,3,25,0
1990,58,1,0,0,0,0,696,1,40,1
1990,57,2,0,0,0,0,467,5,3,0
1990,28,2,0,0,0,0,447,5,30,0
1990,30,1,0,0,0,0,479,0,50,0
1990,24,1,0,0,0,1,27,0,52,0
1990,23,2,0,3,3,1,266,3,30,0
1990,47,1,0,0,0,1,533,1,40,0
1990,44,2,0,0,0,0,37,3,40,0
1990,63,1,0,0,0,0,22,0,45,0
1990,49,2,0,0,0,1,257,0,40,0
1990,68,2,3,0,0,0,744,1,12,0
1990,48,1,0,0,0,0,889,3,40,0
1990,47,2,0,0,0,1,164,5,35,0
1990,20,2,1,0,0,1,313,5,35,0
1990,68,2,3,0,0,0,473,0,25,0
1990,41,1,1,0,0,1,473,0,60,0
1990,40,1,0,0,0,1,156,5,40,0
1990,37,2,0,0,0,1,156,5,40,0
1990,46,1,0,0,0,0,785,1,0,0
1990,32,2,0,0,0,0,0,0,0,0
1990,36,1,0,0,0,0,785,1,40,0
1990,35,2,0,0,0,0,363,3,40,0
1990,72,1,0,0,0,0,469,4,40,0
1990,57,2,0,0,0,1,8,6,40,0
1990,45,1,0,0,0,1,355,2,45,0
1990,44,2,0,0,0,1,748,4,10,0
1990,48,1,3,1,0,1,889,6,35,0
1990,42,1,0,0,0,0,796,1,55,1
1990,39,2,0,0,0,0,439,3,4,0
1990,23,1,1,0,0,0,479,0,0,0
1990,21,1,1,0,0,0,877,1,0,0
1990,52,2,3,0,0,1,337,3,37,0
1990,72,1,0,0,0,0,0,0,0,0
1990,74,2,0,0,0,0,0,0,0,0
1990,21,2,1,0,0,1,315,5,30,0
1990,72,1,0,0,0,0,0,0,0,0
1990,70,2,0,0,0,0,0,0,0,0
1990,78,1,0,0,0,0,0,0,0,0
1990,74,2,0,0,0,0,0,0,0,0
1990,70,1,0,0,0,0,453,3,8,0
1990,66,2,0,0,0,0,453,3,8,0
1990,76,1,0,0,0,0,0,0,0,0
1990,78,2,0,0,0,0,0,0,0,0
1990,31,1,0,0,0,0,549,3,40,0
1990,30,2,0,0,0,0,365,3,40,0
1990,43,1,0,0,0,1,355,2,60,0
1990,42,2,0,0,0,1,95,5,24,0
1990,18,2,1,0,0,1,319,5,18,0
1990,21,1,0,0,0,0,804,2,40,0
1990,22,2,0,0,0,0,877,3,27,0
1990,39,1,0,0,0,0,518,0,40,1
1990,37,2,0,0,0,0,0,0,0,0
1990,34,1,0,0,0,1,579,0,40,0
1990,33,2,0,0,0,0,243,3,40,0
1990,46,1,0,0,0,0,579,1,40,0
1990,42,2,0,0,0,0,303,4,40,0
1990,28,1,2,0,0,1,389,5,40,0
1990,30,1,1,0,0,1,15,5,40,0
1990,34,1,0,0,0,1,22,0,50,0
1990,37,2,0,0,0,1,156,5,12,0
1990,26,1,1,0,0,1,433,3,75,0
1990,60,2,3,0,0,0,313,5,28,0
1990,77,2,3,0,0,0,156,5,20,0
1990,48,1,1,0,0,0,856,1,40,0
1990,46,1,2,0,0,0,0,0,0,0
1990,74,1,3,0,0,0,0,0,0,0
1990,42,2,0,0,0,1,95,5,40,0
1990,43,1,0,0,0,1,628,1,50,0
1990,78,2,3,0,0,0,488,0,32,0
1990,64,1,0,0,0,1,85,5,0,0
1990,64,2,0,0,0,0,85,5,0,0
1990,60,2,2,0,0,0,785,1,0,0
1990,65,1,2,0,0,0,804,2,0,0
1990,30,2,1,0,0,0,243,3,45,0
1990,72,1,0,0,0,0,486,0,3,0
1990,65,2,0,0,0,0,0,0,0,0
1990,65,1,3,0,0,0,779,1,40,0
1990,42,1,2,0,0,0,479,0,40,0
1990,37,2,2,0,0,0,779,1,40,0
1990,53,1,0,0,0,0,796,1,40,0
1990,51,2,0,0,0,0,0,0,0,0
1990,71,2,0,0,0,0,0,0,0,0
1990,74,1,0,0,0,0,0,0,0,0
1990,41,2,3,0,0,1,5,6,37,1
1990,40,2,2,0,0,0,313,5,0,0
1990,20,1,1,0,0,0,275,5,0,0
1990,20,1,1,0,0,0,0,0,0,0
1990,69,2,3,0,0,0,0,0,0,0
1990,57,1,0,0,0,0,855,0,40,0
1990,52,2,0,0,0,0,433,3,25,0
1990,45,1,0,0,0,0,547,3,48,0
1990,40,2,0,0,0,0,785,1,40,0
1990,61,1,0,0,0,0,855,0,40,0
1990,62,2,0,0,0,1,207,5,40,0
1990,43,1,0,0,0,0,259,3,40,0
1990,40,2,0,0,0,0,315,5,14,0
1990,20,1,1,0,0,1,453,6,40,0
1990,44,1,0,0,0,0,783,4,72,0
1990,41,2,0,0,0,0,0,0,0,0
1990,24,1,0,0,0,1,804,0,80,0
1990,25,2,0,0,0,0,785,1,40,0
1990,29,1,0,0,0,0,558,0,55,0
1990,25,2,0,0,0,0,208,2,24,0
1990,35,1,0,0,0,0,757,1,0,0
1990,33,2,0,0,0,0,877,3,0,0
1990,49,1,0,2,0,0,804,1,40,0
1990,44,2,0,2,0,0,243,3,40,0
1990,18,2,1,2,0,0,0,0,0,0
1990,37,2,2,0,0,0,278,1,28,0
1990,25,1,2,0,0,0,435,3,60,0
1990,20,1,1,0,0,0,436,3,40,0
1990,73,1,0,0,0,1,176,5,8,0
1990,74,2,0,0,0,1,0,0,0,0
1990,37,1,0,0,0,0,889,1,50,0
1990,36,2,0,0,0,0,14,5,10,0
1990,66,1,0,0,0,1,628,1,0,0
1990,60,2,0,0,0,1,0,0,0,0
1990,28,2,2,0,0,0,754,1,40,0
1990,31,1,0,0,0,1,225,1,40,0
1990,33,2,0,0,0,0,308,4,0,0
1990,33,1,0,0,0,1,176,3,40,0
1990,21,2,0,0,0,1,379,3,40,0
1990,61,2,2,0,0,0,13,3,60,0
1990,24,2,1,0,0,1,156,5,45,0
1990,29,1,2,0,0,0,706,1,40,0
1990,74,2,3,0,0,0,0,0,0,0
1990,66,1,0,0,0,0,628,1,0,0
1990,47,2,0,0,0,0,435,3,0,0
1990,55,1,0,0,0,0,628,1,40,0
1990,42,2,0,0,0,0,276,3,0,0
1990,50,1,2,0,0,1,22,1,60,1
1990,61,1,0,0,0,0,274,3,40,0
1990,56,2,0,0,0,0,243,3,24,0
1990,40,1,0,0,0,1,243,3,50,0
1990,39,2,0,0,0,0,243,3,30,0
1990,27,2,1,0,0,0,453,2,17,0
1990,22,1,1,0,0,0,436,3,25,0
1990,26,1,2,0,0,0,479,0,40,0
1990,53,2,1,0,0,1,156,5,40,0
1990,47,1,0,0,0,1,156,5,40,0
1990,43,2,0,0,0,0,315,5,20,0
1990,40,1,0,0,0,1,527,2,40,0
1990,39,2,0,0,0,1,308,5,0,0
1990,45,1,0,0,0,1,213,1,40,0
1990,39,2,0,0,0,1,33,1,42,0
1990,18,2,1,0,0,0,337,4,20,0
1990,62,1,0,0,0,0,0,0,0,0
1990,62,2,0,0,0,0,466,5,0,0
1990,49,1,0,0,2,0,637,1,48,1
1990,51,2,0,0,0,1,156,5,20,0
1990,48,1,0,0,0,0,575,5,47,0
1990,42,2,0,0,0,1,327,2,22,0
1990,46,1,0,0,0,0,507,3,50,0
1990,46,2,0,0,0,1,308,6,40,0
1990,74,2,3,0,0,0,0,0,0,0
1990,55,1,0,0,0,0,628,1,40,1
1990,44,2,0,0,0,1,313,5,0,0
1990,67,1,0,0,0,0,33,1,0,0
1990,66,2,0,0,0,1,0,0,0,0
1990,31,1,2,0,0,0,783,0,40,0
1990,61,1,0,0,0,0,889,1,0,0
1990,62,2,0,0,0,0,0,0,0,0
1990,35,1,0,0,0,0,575,1,40,0
1990,34,2,0,0,0,0,359,2,40,0
1990,76,1,3,0,0,1,0,0,0,0
1990,35,2,1,0,0,1,195,1,37,0
1990,39,2,3,0,0,0,0,0,0,0
1990,25,2,0,3,0,0,389,5,20,0
1990,39,1,0,0,0,0,593,0,40,0
1990,21,1,1,0,0,0,436,3,50,0
1990,19,2,1,0,0,0,313,3,35,0
1990,36,2,3,0,0,0,0,0,0,0
1990,39,1,1,0,0,0,0,0,0,0
1990,24,2,1,0,0,0,313,5,35,0
1990,70,1,0,0,0,0,0,0,0,0
1990,67,2,0,0,0,0,0,0,0,0
1990,64,1,0,0,0,0,243,4,45,1
1990,62,2,0,0,0,0,0,0,0,0
1990,34,1,2,0,0,0,709,1,51,0
1990,79,2,3,0,0,1,0,0,0,0
1990,35,2,0,0,0,1,315,4,40,0
1990,24,1,0,0,0,0,514,4,0,0
1990,40,1,0,0,0,0,689,1,40,0
1990,38,2,0,0,0,0,0,0,0,0
1990,18,1,1,0,0,0,453,5,6,0
1990,51,1,0,0,0,0,17,3,30,0
1990,50,2,0,0,0,0,17,3,50,0
1990,41,2,2,0,0,0,439,3,30,0
1990,52,1,2,0,0,0,479,0,8,0
1990,35,2,2,0,0,1,785,1,48,0
1990,58,1,0,0,0,0,644,1,56,1
1990,56,2,0,0,0,0,0,0,0,0
1990,49,1,0,0,0,1,22,0,50,0
1990,33,2,0,0,0,0,276,3,30,0
1990,45,2,2,0,0,0,379,3,45,0
1990,66,1,0,0,0,1,259,3,0,0
1990,64,2,0,0,0,1,95,5,0,0
1990,72,2,3,0,0,0,0,0,0,0
1990,49,1,0,0,0,0,779,1,40,0
1990,42,2,0,0,0,0,266,3,45,0
1990,40,1,0,0,0,1,634,1,44,0
1990,37,2,0,0,0,0,387,5,30,0
1990,40,1,0,0,0,1,426,1,40,0
1990,31,2,0,0,0,1,243,3,40,0
1990,18,2,1,0,0,1,379,3,5,0
1990,36,1,0,0,0,0,453,1,44,0
1990,32,2,0,0,0,0,336,5,40,0
1990,71,1,0,0,0,0,0,0,0,0
1990,62,2,0,0,0,0,0,0,0,0
1990,38,1,0,0,0,0,22,0,45,0
1990,35,2,0,0,0,1,0,0,0,0
1990,79,2,3,0,0,1,159,5,0,0
1990,53,2,3,0,0,0,313,5,0,0
1990,29,2,1,0,0,0,313,4,40,0
1990,47,2,3,0,0,0,315,1,40,0
1990,24,2,1,0,0,1,385,1,40,0
1990,23,1,1,0,0,0,453,4,18,0
1990,22,1,1,0,0,0,634,1,60,0
1990,40,1,0,0,0,0,785,1,40,0
1990,37,2,0,0,0,0,0,0,0,0
1990,49,1,0,0,0,0,689,1,40,0
1990,45,2,0,3,0,0,374,3,40,0
1990,42,1,0,0,0,1,575,1,48,1
1990,38,2,0,0,0,1,21,5,5,0
1990,71,1,0,0,0,0,804,0,0,0
1990,68,2,0,0,0,0,0,0,0,0
1990,48,1,2,0,0,0,0,0,0,0
1990,31,2,0,0,0,0,777,1,40,0
1990,34,1,0,0,0,0,579,2,42,0
1990,32,1,0,0,0,1,176,5,30,0
1990,29,2,0,0,0,1,339,5,20,0
1990,32,1,0,0,0,0,628,1,55,0
1990,31,2,0,0,0,0,243,3,35,0
1990,67,1,0,0,0,0,486,0,20,0
1990,61,2,0,0,0,0,0,0,0,0
1990,45,1,3,0,0,0,486,0,55,0
1990,26,2,1,0,0,1,747,1,45,0
1990,31,1,0,0,0,0,779,1,40,0
1990,33,2,0,0,0,1,888,1,48,0
1990,49,2,2,0,0,0,808,5,30,0
1990,31,1,1,0,0,0,856,2,40,0
1990,31,1,0,0,0,1,518,1,50,1
1990,31,2,0,0,0,0,383,4,0,0
1990,42,1,0,0,0,1,56,1,50,0
1990,42,2,0,0,0,0,313,5,0,0
1990,23,1,0,0,0,0,243,3,40,0
1990,23,2,0,0,0,1,435,3,20,0
1990,79,2,0,0,0,0,446,5,15,0
1990,65,2,2,1,0,0,0,0,0,0
1990,66,2,2,0,0,0,0,0,0,0
1990,67,1,2,1,0,0,785,1,0,0
1990,38,2,1,1,0,0,57,1,0,0
1990,35,1,1,1,0,0,808,5,40,0
1990,33,2,1,1,0,0,785,1,33,0
1990,34,2,3,1,0,0,276,3,0,0
1990,19,1,3,1,0,0,0,0,0,0
1990,80,2,3,0,0,0,0,0,0,0
1990,25,1,1,0,0,0,804,3,45,0
1990,63,1,0,0,0,0,0,0,0,0
1990,62,2,0,0,0,0,0,0,0,0
1990,35,2,1,0,0,0,379,2,37,0
1990,31,2,2,0,0,1,434,3,50,0
1990,73,1,0,0,0,0,579,0,30,0
1990,72,2,0,0,0,0,0,0,0,0
1990,30,2,1,0,0,1,387,5,40,0
1990,31,1,2,0,0,0,505,4,42,0
1990,21,1,1,1,0,0,459,5,40,0
1990,27,1,0,0,0,0,549,1,40,0
1990,25,2,0,0,0,1,17,3,0,0
1990,42,1,0,0,2,1,257,4,40,0
1990,47,2,0,0,2,1,95,5,40,0
1990,73,2,3,0,2,0,0,0,0,0
1990,40,1,0,0,0,1,208,5,37,0
1990,41,2,0,0,0,1,0,0,0,0
1990,19,1,1,0,0,1,0,0,0,0
1990,30,1,0,0,0,0,243,3,45,0
1990,27,2,0,0,0,1,303,3,60,0
1990,49,1,0,0,0,1,33,1,40,1
1990,47,2,0,0,0,1,0,0,0,0
1990,18,1,1,0,0,0,444,3,25,0
1990,50,1,0,0,0,0,22,0,50,1
1990,47,2,0,0,0,1,313,3,40,0
1990,20,1,1,0,0,1,567,0,40,0
1990,46,1,2,0,0,1,426,1,40,0
1990,30,2,2,0,0,1,156,5,40,0
1990,58,1,0,0,0,1,178,5,40,1
1990,47,2,0,0,0,1,156,5,14,0
1990,44,1,0,0,0,0,0,0,0,0
1990,42,2,0,0,0,1,779,1,40,0
1990,22,1,1,0,0,0,434,3,40,0
1990,78,1,3,0,0,0,0,0,0,0
1990,69,1,0,0,0,0,216,1,0,0
1990,67,2,0,0,0,0,0,0,0,0
1990,33,1,1,0,0,1,59,1,40,0
1990,61,1,0,0,0,0,206,5,0,0
1990,62,2,0,0,0,1,0,0,0,0
1990,47,1,0,1,0,1,418,6,40,0
1990,26,2,0,2,0,1,313,5,40,0
1990,79,2,0,0,0,0,785,1,12,0
1990,47,1,1,0,0,1,426,5,0,0
1990,70,2,3,0,0,0,0,0,0,0
1990,35,1,0,0,0,1,475,0,60,0
1990,37,2,0,0,0,1,276,3,25,0
1990,42,1,2,0,0,0,243,3,55,0
1990,34,2,2,0,0,1,779,1,40,0
1990,68,1,0,0,0,1,73,1,20,0
1990,68,2,0,0,0,0,0,0,0,0
1990,60,2,2,0,0,0,406,4,0,0
1990,70,2,3,0,0,0,0,0,0,0
1990,24,2,1,0,0,0,243,3,38,0
1990,20,2,1,0,0,1,435,3,40,0
1990,58,2,0,0,0,1,0,0,0,0
1990,61,1,0,0,0,1,59,1,40,1
1990,32,2,0,0,0,1,447,5,35,0
1990,37,1,0,0,0,1,885,3,40,0
1990,30,1,0,0,0,0,257,0,60,0
1990,30,2,0,0,0,1,308,1,40,0
1990,62,1,0,0,0,0,785,1,0,0
1990,46,2,0,0,0,0,407,4,40,0
1990,24,1,1,0,0,0,479,0,35,0
1990,41,1,0,0,0,1,507,2,50,0
1990,29,2,0,0,0,0,276,3,0,0
1990,78,1,0,0,0,0,473,0,40,0
1990,72,2,3,0,0,0,0,0,0,0
1990,42,2,1,0,0,0,0,0,0,0
1990,32,1,1,0,0,0,889,1,40,0
1990,25,1,0,0,0,1,505,3,44,0
1990,28,2,0,0,0,1,208,5,30,0
1990,67,1,0,0,0,0,473,0,75,1
1990,69,2,0,0,0,0,0,0,0,0
1990,59,2,3,0,0,0,0,0,0,0
1990,30,2,1,0,0,1,487,0,40,0
1990,56,1,0,0,0,0,585,2,0,0
1990,67,2,0,0,0,0,0,0,0,0
1990,80,1,3,0,0,0,0,0,0,0
1990,39,2,1,0,0,1,95,5,40,0
1990,42,2,1,0,0,1,468,5,40,0
1990,19,2,1,0,0,1,276,3,40,0
1990,19,2,1,0,0,1,444,3,35,0
1990,18,2,1,0,0,1,313,5,22,0
1990,26,2,1,0,0,1,104,6,40,0
1990,19,2,1,0,0,1,276,5,32,0
1990,45,1,0,0,0,1,176,5,40,0
1990,45,2,0,0,0,1,176,5,20,0
1990,60,1,0,0,0,1,22,4,50,1
1990,63,2,0,0,0,0,0,0,0,0
1990,33,1,1,0,0,1,217,5,48,0
1990,53,1,0,0,0,0,877,3,40,0
1990,53,2,0,0,0,0,436,5,40,0
1990,64,1,0,0,0,0,585,5,0,0
1990,61,2,0,0,0,0,383,4,0,0
1990,34,1,0,0,0,0,869,0,40,0
1990,32,2,0,0,0,0,276,3,5,0
1990,48,1,0,0,0,1,274,3,40,0
1990,45,2,0,0,0,1,14,5,40,0
1990,34,1,0,0,0,1,634,1,50,0
1990,34,2,0,0,0,1,318,2,45,0
1990,26,1,0,0,0,1,379,1,40,0
1990,25,2,0,0,0,1,95,5,40,0
1990,36,1,0,0,0,0,796,1,40,0
1990,31,2,0,0,0,0,599,0,65,0
1990,35,2,2,0,0,1,274,3,32,0
1990,22,1,0,0,0,0,856,1,40,0
1990,22,2,0,0,0,0,744,1,40,0
1990,25,1,1,0,0,1,186,5,30,0
1990,40,1,0,0,0,0,877,3,40,0
1990,35,2,0,0,0,1,95,5,40,0
1990,70,1,0,0,0,0,303,6,60,0
1990,67,2,0,0,0,0,313,5,0,0
1990,41,1,0,0,0,0,0,0,0,0
1990,41,2,0,0,0,0,158,5,40,0
1990,27,2,1,0,0,0,17,3,37,0
1990,65,1,0,0,0,0,337,4,0,0
1990,63,2,0,0,0,0,453,4,0,0
1990,49,1,3,0,0,0,567,0,0,0
1990,58,2,0,0,0,1,313,5,37,0
1990,50,2,2,0,0,0,888,4,40,0
1990,28,2,1,0,0,0,888,4,40,0
1990,24,1,1,0,0,0,514,1,40,0
1990,75,1,0,0,0,0,526,2,24,0
1990,69,2,0,0,0,0,0,0,0,0
1990,46,1,0,0,0,0,844,0,40,1
1990,46,2,0,0,0,0,259,1,8,0
1990,21,2,1,0,0,1,447,5,20,0
1990,57,2,2,0,0,0,0,0,0,0
1990,32,1,1,0,0,0,269,3,40,0
1990,31,2,2,0,0,1,447,5,38,0
1990,21,1,1,0,0,0,529,2,40,0
1990,30,1,0,0,0,0,585,0,40,0
1990,27,2,0,0,0,0,769,1,40,0
1990,30,2,0,0,0,1,453,1,40,0
1990,37,1,0,0,0,1,266,3,40,0
1990,36,1,0,0,0,0,213,2,40,0
1990,35,2,0,0,0,1,0,0,0,0
1990,67,1,3,0,0,0,0,0,0,0
1990,39,1,0,0,0,1,159,5,32,0
1990,39,2,0,0,0,1,389,5,20,0
1990,44,1,0,0,0,1,514,3,40,0
1990,40,2,0,0,0,0,379,5,40,0
1990,22,1,1,0,0,1,0,0,0,0
1990,19,2,1,0,0,1,0,0,0,0
1990,62,1,0,0,0,0,453,2,40,0
1990,58,2,0,0,0,1,95,5,35,0
1990,23,2,1,0,0,1,426,5,28,0
1990,18,2,1,0,0,0,264,3,0,0
1990,30,2,1,0,0,0,243,3,40,0
1990,70,1,0,0,0,0,318,2,20,0
1990,65,2,0,0,0,0,0,0,0,0
1990,71,1,0,0,0,1,26,1,40,1
1990,70,2,0,0,0,1,0,0,0,0
1990,18,2,1,0,0,1,274,3,25,0
1990,25,2,1,0,0,1,435,3,20,0
1990,27,1,1,0,0,0,185,1,50,0
1990,28,2,2,0,0,0,313,5,40,0
1990,44,1,0,0,0,1,215,1,40,1
1990,45,2,0,0,0,1,313,4,40,0
1990,18,2,1,0,0,0,203,5,25,0
1990,72,1,1,0,0,0,0,0,0,0
1990,37,1,0,0,0,0,766,1,42,0
1990,36,2,0,0,0,0,658,4,30,0
1990,36,1,0,0,0,1,73,1,45,1
1990,38,2,0,0,0,1,155,5,8,0
1990,54,1,0,0,0,0,486,0,48,0
1990,44,2,0,0,0,0,0,0,0,0
1990,25,2,3,0,0,0,243,3,20,0
1990,45,1,0,0,0,1,628,1,48,1
1990,44,2,0,0,0,0,379,1,40,0
1990,31,1,0,0,0,0,724,1,45,0
1990,31,2,0,0,0,0,435,3,20,0
1990,31,1,0,0,0,1,696,4,60,1
1990,31,2,0,0,0,1,159,5,9,0
1990,37,1,0,0,0,0,653,1,40,0
1990,29,2,0,0,0,0,435,3,0,0
1990,46,1,2,0,0,1,96,5,40,0
1990,41,2,2,0,0,1,389,5,36,0
1990,22,1,0,0,0,1,727,1,40,0
1990,24,2,0,0,0,1,22,3,45,0
1990,29,1,0,0,0,0,585,0,40,0
1990,29,2,0,0,0,0,453,4,40,0
1990,41,1,0,0,0,0,203,5,40,0
1990,38,2,0,0,0,1,208,5,32,0
1990,18,2,1,0,0,1,435,3,30,0
1990,37,1,0,0,0,1,567,0,40,0
1990,36,2,0,0,0,1,95,5,40,0
1990,26,1,0,0,0,1,224,1,40,0
1990,24,2,0,0,0,0,435,4,22,0
1990,35,2,3,0,0,1,313,5,40,0
1990,59,2,3,0,0,0,473,0,12,0
1990,21,2,1,0,0,0,383,4,20,0
1990,23,1,1,0,0,0,0,0,0,0
1990,52,1,0,0,0,0,628,1,40,0
1990,48,2,0,0,0,0,666,3,40,0
1990,22,1,1,0,0,1,779,1,40,0
1990,61,2,3,0,0,0,449,5,37,0
1990,38,1,2,0,0,0,259,1,40,0
1990,23,2,0,0,0,1,96,3,40,0
1990,23,1,0,0,0,1,276,3,30,0
1990,19,2,1,0,0,1,436,3,40,0
1990,18,1,1,0,0,1,804,1,35,0
1990,18,2,1,0,0,1,444,5,15,0
1990,24,1,1,0,0,0,17,3,45,0
1990,69,1,0,0,0,0,855,0,40,0
1990,67,2,0,0,0,0,0,0,0,0
1990,29,1,1,0,0,0,496,1,40,0
1990,20,2,1,0,0,0,0,0,0,0
1990,64,1,0,0,0,0,0,0,0,0
1990,63,2,0,0,0,0,0,0,0,0
1990,48,1,0,0,0,0,614,0,0,0
1990,48,2,0,0,0,0,436,5,40,0
1990,32,1,1,0,0,1,376,6,40,0
1990,31,2,1,1,0,0,779,1,40,0
1990,18,2,1,1,0,0,359,2,25,0
1990,46,2,2,0,0,1,276,3,20,0
1990,67,1,2,0,0,1,185,3,0,0
1990,63,2,2,0,0,1,207,5,32,0
1990,58,1,2,0,0,0,254,4,40,0
1990,29,1,1,0,0,0,779,1,40,0
1990,27,1,1,0,0,1,796,1,70,0
1990,76,1,0,0,0,0,0,0,0,0
1990,76,2,0,0,0,1,0,0,0,0
1990,76,2,3,0,0,1,156,5,40,0
1990,56,1,3,0,0,0,796,1,40,0
1990,48,1,0,0,0,0,473,0,40,0
1990,43,2,0,0,0,0,473,0,35,0
1990,19,1,1,0,0,0,0,0,0,0
1990,70,2,0,0,0,1,0,0,0,0
1990,47,1,0,0,0,0,486,5,40,0
1990,41,2,0,0,0,0,243,3,23,0
1990,31,1,0,0,0,1,866,0,0,0
1990,40,2,0,0,0,0,0,0,0,0
1990,42,1,0,0,0,0,257,2,40,0
1990,40,2,0,0,0,0,254,4,50,0
1990,19,1,1,0,0,1,365,3,20,0
1990,42,2,2,0,0,1,313,6,40,0
1990,70,1,0,0,0,0,0,0,0,0
1990,69,2,0,0,0,1,336,6,80,0
1990,42,2,1,0,0,0,779,5,15,0
1990,51,1,0,0,0,1,22,4,55,0
1990,47,2,0,0,0,1,453,5,40,0
1990,46,2,2,0,0,1,313,6,40,0
1990,71,1,0,0,0,0,448,5,1,0
1990,60,2,0,0,0,0,379,0,40,0
1990,34,2,2,0,0,0,439,3,40,0
1990,79,1,0,0,0,0,0,0,0,0
1990,73,2,0,0,0,0,0,0,0,0
1990,37,1,0,0,0,0,856,1,55,0
1990,31,2,0,0,0,0,313,5,20,0
1990,64,1,0,0,0,0,0,0,0,0
1990,35,2,0,0,0,0,407,4,40,0
1990,31,1,0,0,0,1,178,5,35,1
1990,29,2,0,0,0,1,313,5,20,0
1990,45,1,0,0,0,0,777,0,40,0
1990,44,2,0,0,0,0,0,0,0,0
1990,20,2,1,0,0,0,276,3,10,0
1990,18,2,1,0,0,0,0,0,0,0
1990,33,1,0,0,0,0,804,2,80,1
1990,32,2,0,0,0,0,0,0,0,0
1990,43,1,3,0,0,0,453,4,40,0
1990,32,2,3,0,0,1,319,5,40,0
1990,48,1,0,0,0,0,514,3,40,0
1990,47,2,0,0,0,0,338,1,40,0
1990,24,2,3,0,0,1,356,1,40,0
1990,20,2,1,0,0,1,459,4,20,0
1990,68,1,0,0,0,1,475,0,16,1
1990,59,2,0,0,0,1,156,5,40,0
1990,28,1,1,0,0,0,869,2,50,0
1990,30,2,1,0,0,0,785,1,40,0
1990,34,1,0,0,0,1,156,5,45,0
1990,31,2,0,0,0,1,158,5,40,0
1990,44,2,2,3,0,0,447,5,0,0
1990,61,2,0,0,0,0,0,0,0,0
1990,60,1,0,0,0,0,453,5,23,0
1990,52,1,0,0,0,0,709,1,60,0
1990,48,2,0,0,0,0,436,3,0,0
1990,22,2,1,0,0,0,785,1,40,0
1990,78,2,0,0,0,0,0,0,0,0
1990,32,1,0,0,0,0,883,3,60,0
1990,31,2,0,0,0,1,0,0,0,0
1990,40,1,0,0,0,1,53,5,45,0
1990,33,2,0,0,0,0,313,5,30,0
1990,25,1,0,0,0,0,798,1,40,0
1990,25,2,0,0,0,0,628,1,45,0
1990,35,1,0,0,0,0,475,0,45,0
1990,35,2,0,0,0,0,313,0,40,0
1990,79,1,0,0,0,1,0,0,0,0
1990,76,2,0,0,0,0,0,0,0,0
1990,37,1,0,0,0,1,22,3,40,0
1990,35,2,0,0,0,1,0,0,0,0
1990,51,1,0,0,0,1,243,3,40,0
1990,47,2,0,0,0,1,156,5,9,0
1990,60,1,0,0,0,1,808,5,20,0
1990,70,2,0,0,0,0,379,5,0,0
1990,26,2,3,0,0,0,276,3,42,0
1990,25,1,1,0,0,0,747,1,40,0
1990,50,1,0,0,0,1,804,1,40,0
1990,49,2,0,0,0,0,804,2,40,0
1990,28,2,3,0,0,0,745,1,0,0
1990,32,1,0,0,0,0,558,0,0,0
1990,41,2,0,0,0,1,808,5,25,0
1990,66,1,0,0,0,0,0,0,0,0
1990,61,2,0,0,0,0,0,0,0,0
1990,41,1,0,0,0,0,695,2,40,0
1990,37,2,0,0,0,0,155,5,30,0
1990,60,1,0,0,0,0,17,3,80,0
1990,60,2,0,0,0,0,17,3,60,0
1990,44,1,0,0,0,0,355,2,40,0
1990,43,2,0,0,0,0,174,5,40,0
1990,54,1,0,0,0,0,785,1,40,0
1990,51,2,0,0,0,0,447,5,23,0
1990,53,2,3,0,0,0,0,0,0,0
1990,40,1,0,0,0,0,699,0,42,0
1990,48,2,0,0,0,0,254,4,14,0
1990,38,1,0,0,0,1,156,5,40,0
1990,40,2,0,0,0,1,156,5,0,0
1990,42,2,2,0,0,1,22,5,40,0
1990,46,1,0,0,0,0,567,0,40,0
1990,37,2,0,0,0,0,573,0,40,0
1990,44,1,0,0,0,1,709,1,40,0
1990,38,2,0,0,0,0,785,1,40,0
1990,70,2,3,0,0,0,0,0,0,0
1990,50,1,0,0,0,1,17,3,40,0
1990,46,2,0,0,0,1,159,5,35,0
1990,59,2,2,0,0,0,313,5,45,0
1990,30,1,0,0,0,1,475,0,85,0
1990,27,2,0,0,0,1,276,3,0,0
1990,31,1,1,0,0,0,616,0,40,0
1990,31,1,0,0,0,0,486,0,40,0
1990,26,2,0,0,0,0,785,1,40,0
1990,47,1,0,0,0,1,176,5,40,0
1990,47,2,0,0,0,1,207,5,40,0
1990,22,1,1,0,0,0,436,3,25,0
1990,23,2,1,0,0,0,579,1,35,0
1990,19,2,1,0,0,0,436,3,35,0
1990,67,2,0,0,0,0,0,0,0,0
1990,68,1,0,0,0,0,0,0,0,0
1990,62,2,3,0,0,1,95,5,40,0
1990,72,1,0,0,0,1,0,0,0,0
1990,70,2,0,0,0,0,0,0,0,0
1990,49,2,3,0,0,1,23,5,16,0
1990,56,1,0,0,0,1,176,5,50,0
1990,54,2,0,0,0,1,313,5,40,0
1990,58,1,0,0,0,1,516,0,40,0
1990,48,2,0,0,0,1,337,0,40,0
1990,28,1,1,0,0,1,308,1,45,0
1990,32,1,0,0,0,1,796,1,40,0
1990,31,2,0,0,0,1,337,3,25,0
1990,71,1,0,0,0,1,0,0,0,0
1990,60,2,0,0,0,0,0,0,0,0
1990,40,1,0,0,0,1,575,1,40,0
1990,36,2,0,0,0,0,253,4,35,0
1990,50,1,0,0,0,1,676,1,40,0
1990,53,2,0,0,0,0,0,0,0,0
1990,39,1,0,0,0,1,363,1,40,0
1990,37,2,0,0,0,1,329,5,0,0
1990,66,1,0,0,0,0,0,0,0,0
1990,65,2,0,0,0,0,0,0,0,0
1990,39,2,1,0,0,1,276,3,40,0
1990,53,2,3,0,0,0,387,5,33,0
1990,30,1,0,0,0,0,549,2,40,0
1990,27,2,0,0,0,0,276,3,0,0
1990,63,1,0,0,0,0,0,0,0,0
1990,56,2,0,0,0,0,0,0,0,0
1990,23,2,0,0,0,1,0,0,0,0
1990,29,1,0,0,0,0,21,5,50,0
1990,26,1,0,0,0,1,628,1,40,0
1990,19,2,0,0,0,0,889,4,40,0
1990,56,1,0,0,0,1,235,1,40,0
1990,54,2,0,0,0,0,313,1,40,0
1990,26,1,0,2,0,0,766,1,40,0
1990,24,2,0,0,0,0,444,3,0,0
1990,35,1,0,0,0,1,877,3,42,0
1990,41,2,0,0,0,0,435,3,0,0
1990,19,2,1,0,0,1,17,3,40,0
1990,76,2,3,0,0,0,0,0,0,0
1990,70,2,3,0,0,0,0,0,0,0
1990,35,1,0,0,0,0,703,1,45,0
1990,30,2,0,0,0,0,796,1,40,0
1990,48,2,3,0,0,0,274,3,21,0
1990,27,1,0,0,0,1,709,1,45,0
1990,19,2,0,0,0,0,319,3,32,0
1990,55,1,0,0,0,0,615,1,40,0
1990,52,2,0,0,0,1,95,5,32,0
1990,29,1,0,0,0,0,874,1,40,0
1990,29,2,0,0,0,0,65,1,40,0
1990,55,1,0,0,0,0,453,1,40,0
1990,53,2,0,0,0,0,22,3,40,0
1990,41,2,2,1,0,1,174,5,0,0
1990,43,1,2,1,0,0,869,0,0,0
1990,74,2,3,0,0,0,453,4,25,0
1990,30,2,1,1,0,1,0,0,0,0
1990,36,1,1,1,0,0,567,0,8,0
1990,22,1,1,0,0,0,796,1,40,0
1990,71,1,1,0,0,0,709,1,40,0
1990,42,1,2,0,0,1,447,5,40,0
1990,46,1,0,0,0,0,365,0,40,0
1990,40,2,0,0,0,0,274,3,24,0
1990,23,1,0,0,0,1,637,1,40,0
1990,23,2,0,0,0,1,208,5,40,0
1990,79,1,0,1,0,0,0,0,0,0
1990,78,2,0,1,0,0,0,0,0,0
1990,79,2,3,1,0,0,0,0,0,0
1990,19,1,1,1,0,0,0,0,0,0
1990,62,1,0,0,0,0,0,0,0,0
1990,47,2,0,0,0,0,436,3,32,0
1990,33,1,0,0,0,0,584,0,40,0
1990,30,2,0,0,0,1,8,1,40,0
1990,33,2,2,0,0,1,449,4,0,0
1990,74,1,0,0,0,0,0,0,0,0
1990,69,2,0,0,0,0,0,0,0,0
1990,56,1,0,0,0,1,55,1,40,1
1990,54,2,0,0,0,0,0,0,0,0
1990,62,1,0,0,0,0,689,1,0,0
1990,72,2,0,0,0,0,0,0,0,0
1990,32,1,0,0,0,1,13,1,45,0
1990,32,2,0,0,0,1,166,4,40,0
1990,51,1,0,0,0,1,448,5,40,0
1990,50,2,0,0,0,0,23,5,40,0
1990,20,1,1,0,0,0,486,0,50,0
1990,49,2,2,0,0,0,313,1,40,0
1990,20,2,1,0,0,1,274,3,25,0
1990,38,1,0,0,0,1,479,0,80,0
1990,32,2,0,0,0,0,479,0,10,0
1990,67,1,0,0,0,0,567,0,60,0
1990,62,2,0,0,0,0,0,0,0,0
1990,63,1,0,0,0,0,0,0,0,0
1990,69,2,0,0,0,0,0,0,0,0
1990,23,1,0,0,0,1,243,3,60,0
1990,25,2,0,0,0,1,337,4,40,0
1990,66,2,3,0,0,0,0,0,0,0
1990,51,1,0,0,0,1,22,1,40,1
1990,51,2,0,0,0,1,177,5,5,0
1990,78,2,3,0,0,0,519,1,50,0
1990,37,1,2,0,0,1,754,1,48,0
1990,28,2,2,0,0,1,443,3,0,0
1990,67,1,0,0,0,0,0,0,0,0
1990,62,2,0,0,0,0,5,6,40,0
1990,73,2,3,0,0,0,319,5,3,0
1990,38,2,2,0,0,1,208,5,32,0
1990,25,1,0,0,0,0,719,1,40,0
1990,22,2,0,0,0,1,479,0,24,0
1990,30,1,0,0,0,0,22,0,60,0
1990,31,2,0,0,0,0,386,1,45,0
1990,75,1,2,3,0,0,869,5,22,0
1990,38,1,0,0,0,1,27,1,40,0
1990,40,2,0,0,0,1,319,4,2,0
1990,19,2,1,0,0,1,243,3,20,0
1990,31,1,2,0,0,1,567,0,60,0
1990,39,2,2,0,0,0,359,5,30,0
1990,73,1,0,0,0,0,259,1,30,0
1990,73,2,0,0,0,0,0,0,0,0
1990,38,1,2,0,0,0,877,3,40,0
1990,36,1,0,0,0,1,59,1,50,0
1990,32,2,0,0,0,1,313,5,37,0
1990,72,1,3,0,0,0,777,1,0,0
1990,37,1,0,0,0,0,804,1,40,0
1990,34,2,0,0,0,0,768,1,40,0
1990,26,1,0,0,0,1,376,3,40,0
1990,24,2,0,0,0,1,313,5,36,0
1990,40,2,2,1,0,1,376,4,47,0
1990,25,1,1,1,0,0,769,1,40,0
1990,46,1,0,0,0,0,579,5,40,0
1990,41,2,0,0,0,1,243,3,45,0
1990,46,1,0,0,0,1,243,3,50,1
1990,47,2,0,0,0,1,156,5,40,0
1990,70,1,3,0,0,0,0,0,0,0
1990,39,2,2,0,0,1,174,5,40,0
1990,29,1,0,0,0,0,514,4,40,0
1990,27,2,0,0,0,0,0,0,0,0
1990,19,1,1,0,0,0,436,3,30,0
1990,53,2,2,0,0,0,276,3,37,0
1990,68,1,0,0,0,0,549,1,0,0
1990,67,2,0,0,0,0,178,6,0,0
1990,51,1,3,0,0,1,417,6,48,0
1990,71,1,0,0,0,0,0,0,0,0
1990,71,2,0,0,0,0,0,0,0,0
1990,39,1,2,0,0,0,877,1,40,0
1990,35,1,1,0,0,1,22,0,40,0
1990,25,1,1,0,0,1,436,5,60,0
1990,57,2,1,0,0,1,159,5,40,0
1990,60,1,3,0,0,1,65,1,50,0
1990,36,1,1,0,0,1,22,5,60,0
1990,32,2,2,0,0,0,243,3,30,0
1990,51,1,2,3,0,0,754,1,40,0
1990,47,2,3,0,0,1,37,5,50,0
1990,24,1,1,0,0,1,208,5,40,0
1990,33,2,1,1,0,1,436,5,40,0
1990,20,2,0,0,0,0,379,1,20,0
1990,28,1,2,0,0,0,453,1,20,0
1990,50,2,1,1,0,0,759,1,40,0
1990,29,2,1,1,0,0,785,1,0,0
1990,28,2,1,1,0,1,436,3,0,0
1990,66,1,0,0,0,1,22,1,50,1
1990,61,2,0,0,0,1,156,5,0,0
1990,49,2,2,0,0,0,383,4,40,0
1990,23,1,1,0,0,1,453,4,35,0
1990,22,1,1,0,0,1,373,3,30,0
1990,68,1,0,1,0,0,0,0,0,0
1990,61,2,0,1,0,0,0,0,0,0
1990,28,2,1,1,0,1,453,4,27,0
1990,35,2,0,2,0,0,0,0,0,0
1990,31,1,0,2,0,0,444,3,40,0
1990,43,1,1,0,0,0,185,0,40,0
1990,80,1,0,0,0,1,0,0,0,0
1990,70,2,0,0,0,1,313,5,10,0
1990,24,1,2,0,0,1,229,3,42,0
1990,49,1,0,0,0,1,154,5,50,0
1990,48,2,0,0,0,1,0,0,0,0
1990,21,1,1,0,0,1,243,3,18,0
1990,18,1,1,0,0,1,444,3,15,0
1990,19,1,1,0,0,1,486,0,20,0
1990,19,1,1,0,0,1,883,2,9,0
1990,73,2,3,0,0,0,379,5,8,0
1990,69,1,0,0,0,1,235,1,0,1
1990,66,2,0,0,2,1,0,0,0,0
1990,27,2,1,0,0,0,779,1,42,0
1990,38,1,0,0,0,1,59,1,60,0
1990,39,2,0,0,0,1,319,1,8,0
1990,46,1,0,0,0,1,243,3,60,0
1990,44,2,0,0,0,1,204,5,15,0
1990,21,2,1,0,0,1,319,3,40,0
1990,18,1,1,0,0,1,276,5,25,0
1990,34,1,0,0,0,1,22,0,40,0
1990,33,2,0,0,0,1,95,5,24,0
1990,47,1,0,0,0,1,254,4,50,1
1990,42,2,0,0,0,1,22,5,40,0
1990,50,1,0,0,0,0,505,1,45,0
1990,47,2,0,0,0,0,313,4,25,0
1990,35,1,0,0,0,1,259,3,50,0
1990,37,2,0,0,0,1,337,3,0,0
1990,41,1,0,0,0,1,179,6,40,1
1990,43,2,0,0,2,1,0,0,0,0
1990,59,2,2,0,0,0,339,5,40,0
1990,44,1,0,0,0,1,634,1,40,0
1990,44,2,0,0,0,1,379,5,40,0
1990,21,1,1,0,0,1,779,3,60,0
1990,19,1,1,0,0,1,356,4,30,0
1990,60,1,0,0,0,0,486,4,40,0
1990,58,2,0,0,0,0,14,5,37,0
1990,59,1,0,0,0,0,683,1,0,0
1990,51,2,0,0,0,0,0,0,0,0
1990,18,1,1,0,0,1,365,3,15,0
1990,39,2,2,0,0,0,208,5,35,0
1990,20,2,1,0,0,0,276,3,20,0
1990,26,1,0,0,0,0,33,1,48,0
1990,24,2,0,0,0,0,276,3,20,0
1990,63,1,0,0,0,0,758,3,32,0
1990,59,2,0,0,0,0,877,3,20,0
1990,51,1,0,3,3,0,667,3,42,0
1990,47,2,0,3,3,0,453,4,0,0
1990,20,1,1,3,3,1,225,5,16,0
1990,29,2,0,0,0,1,29,3,45,0
1990,30,1,0,0,0,1,213,0,45,0
1990,46,1,0,0,0,1,253,4,40,1
1990,36,2,0,0,0,0,253,4,30,0
1990,39,1,0,0,0,1,64,1,40,1
1990,40,2,0,0,0,1,0,0,0,0
1990,28,1,0,0,0,1,785,1,55,0
1990,26,2,0,0,0,1,385,4,20,0
1990,80,2,3,0,0,0,0,0,0,0
1990,78,2,3,0,0,1,0,0,0,0
1990,58,1,0,0,0,0,0,0,0,0
1990,55,2,0,0,0,0,0,0,0,0
1990,58,1,0,0,0,0,257,0,45,0
1990,56,2,0,0,0,0,877,3,21,0
1990,34,1,0,0,0,1,22,1,50,1
1990,34,2,0,0,0,1,23,1,40,0
1990,28,1,0,0,0,0,765,1,40,0
1990,25,2,0,0,0,0,877,3,25,0
1990,36,2,3,0,0,1,447,5,20,0
1990,34,1,0,0,0,1,804,3,50,0
1990,35,2,0,0,0,1,7,1,37,0
1990,65,1,0,0,0,0,426,1,16,0
1990,69,2,0,0,0,0,0,0,0,0
1990,36,1,1,0,0,0,883,3,40,0
1990,36,1,1,0,0,0,426,4,40,0
1990,28,1,1,0,0,0,22,1,40,0
1990,24,2,2,0,0,1,458,4,43,0
1990,30,1,3,0,0,1,579,0,40,0
1990,42,1,0,0,0,1,33,1,61,0
1990,39,2,0,0,0,1,156,5,28,0
1990,80,2,3,0,0,0,0,0,0,0
1990,67,2,3,0,2,0,0,0,0,0
1990,75,2,1,0,0,0,0,0,0,0
1990,68,1,0,0,0,0,0,0,0,0
1990,67,2,0,0,0,0,274,3,0,0
1990,27,1,3,0,0,0,453,1,40,0
1990,26,2,3,0,0,0,889,3,40,0
1990,36,2,1,0,0,1,319,5,37,0
1990,46,1,0,0,0,0,804,2,60,0
1990,43,2,0,0,0,0,0,0,0,0
1990,18,1,1,0,2,0,0,0,0,0
1990,72,1,0,0,0,0,0,0,0,0
1990,71,2,0,0,0,0,0,0,0,0
1990,43,2,1,0,0,0,335,4,40,0
1990,26,1,1,0,0,1,365,3,40,0
1990,65,2,2,0,0,0,0,0,0,0
1990,43,1,2,0,0,1,418,6,44,0
1990,37,2,2,0,0,0,779,1,40,0
1990,37,1,1,0,0,0,856,1,40,0
1990,39,1,0,0,0,1,22,3,50,0
1990,39,2,0,0,0,1,438,3,30,0
1990,61,1,0,0,0,0,22,1,45,1
1990,61,2,0,0,0,0,0,0,0,0
1990,76,1,0,0,0,0,274,3,0,0
1990,74,2,0,0,0,1,313,5,0,0
1990,33,1,0,0,0,0,263,3,50,0
1990,33,2,0,0,0,1,458,4,40,0
1990,28,1,1,0,0,1,259,1,40,0
1990,31,1,1,0,0,1,744,1,45,0
1990,46,1,0,0,2,0,575,0,45,0
1990,44,2,0,0,0,0,0,0,0,0
1990,22,2,1,0,0,1,376,1,40,0
1990,48,1,0,0,0,1,21,5,40,0
1990,42,2,0,0,0,0,313,5,20,0
1990,53,1,0,0,0,0,804,2,35,0
1990,43,2,0,0,0,0,468,5,40,0
1990,30,2,1,0,0,1,23,4,42,0
1990,60,2,2,0,0,1,365,1,40,0
1990,54,1,0,0,0,0,844,0,40,0
1990,52,2,0,0,0,0,383,4,16,0
1990,23,1,1,0,0,0,634,1,45,0
1990,20,1,1,0,0,1,889,1,40,0
1990,76,2,3,0,0,0,0,0,0,0
1990,53,1,0,0,0,1,259,3,50,0
1990,48,2,0,0,0,0,313,5,40,0
1990,21,1,1,0,0,1,869,0,40,0
1990,22,1,1,0,0,1,889,2,40,0
1990,26,1,0,0,0,1,259,1,40,0
1990,25,2,0,0,0,1,37,5,55,0
1990,32,1,0,0,0,0,558,0,40,0
1990,29,2,0,0,0,0,779,1,0,0
1990,27,1,0,0,0,1,418,6,42,0
1990,29,2,0,0,0,1,23,2,45,0
1990,52,1,0,0,0,1,375,4,40,0
1990,52,2,0,0,0,0,313,4,40,0
1990,48,1,0,0,0,1,779,1,45,0
1990,47,2,0,0,0,1,207,5,24,0
1990,32,1,2,0,0,1,186,5,30,0
1990,38,1,1,0,0,1,186,5,23,0
1990,29,1,0,0,0,1,263,3,54,1
1990,28,2,0,0,0,1,235,5,33,0
1990,46,2,2,0,0,1,313,5,40,0
1990,63,1,0,0,0,1,253,4,0,0
1990,63,2,0,0,0,1,95,5,32,0
1990,27,1,1,0,0,1,447,5,40,0
1990,30,1,1,0,0,0,467,5,24,0
1990,68,2,0,0,0,0,0,0,0,0
1990,71,1,0,0,0,1,18,4,30,0
1990,31,1,1,0,0,0,785,1,45,0
1990,34,1,0,0,0,0,744,1,45,0
1990,33,2,0,0,0,0,276,3,0,0
1990,35,2,3,0,0,0,447,5,40,0
1990,62,1,0,0,0,1,86,0,40,1
1990,60,2,0,0,0,1,479,0,0,0
1990,24,1,1,0,0,1,263,3,0,0
1990,42,1,0,0,0,0,628,1,40,0
1990,41,2,0,0,0,0,0,0,0,0
1990,19,1,1,0,0,0,563,1,40,0
1990,21,2,1,1,0,1,14,5,40,0
1990,71,2,3,0,0,0,0,0,0,0
1990,62,1,0,0,0,1,268,3,35,1
1990,58,2,0,0,0,1,0,0,0,0
1990,30,1,1,0,0,0,785,1,40,0
1990,57,2,2,0,0,0,313,1,40,0
1990,28,1,1,0,0,0,243,3,35,0
1990,44,1,0,0,0,1,389,0,50,0
1990,46,2,0,0,0,0,337,4,24,0
1990,23,2,1,0,0,0,469,3,36,0
1990,22,1,1,0,0,1,275,5,20,0
1990,70,2,3,0,0,0,0,0,0,0
1990,31,1,2,0,0,1,567,0,40,0
1990,23,2,1,3,3,1,65,3,40,0
1990,37,1,0,0,0,0,804,0,43,0
1990,35,2,0,0,0,0,376,4,35,0
1990,39,1,0,0,0,1,15,5,40,1
1990,38,2,0,0,0,1,103,5,40,0
1990,73,1,0,0,0,0,804,3,3,0
1990,76,2,0,0,0,0,277,3,3,0
1990,62,1,0,0,0,1,22,1,40,1
1990,59,2,0,0,0,0,313,0,25,0
1990,20,1,1,0,0,1,435,3,25,0
1990,19,1,1,0,0,1,159,5,40,0
1990,28,1,0,0,0,1,23,1,43,0
1990,28,2,0,0,0,1,315,5,20,0
1990,69,2,3,0,0,0,453,1,6,0
1990,35,1,0,0,0,1,103,5,50,0
1990,31,2,0,0,0,1,175,5,50,0
1990,71,1,0,0,0,0,809,2,20,0
1990,61,2,0,0,0,0,0,0,0,0
1990,60,1,0,0,0,0,628,1,0,0
1990,60,2,0,0,0,0,313,1,40,0
1990,55,1,0,0,0,0,628,1,40,0
1990,50,2,0,0,0,0,808,5,10,0
1990,72,1,0,0,0,0,0,0,0,0
1990,67,2,0,0,0,0,796,4,17,0
1990,43,1,2,0,0,0,0,0,0,0
1990,23,1,1,0,0,0,374,6,35,0
1990,48,1,0,0,0,0,715,1,40,0
1990,54,2,0,0,0,0,645,1,47,0
1990,23,1,1,0,1,0,479,0,70,0
1990,35,1,0,0,0,1,213,0,50,1
1990,35,2,0,0,0,1,33,1,50,0
1990,34,1,0,0,0,1,225,3,40,0
1990,28,2,0,0,0,1,308,1,40,0
1990,45,2,2,0,0,1,313,5,42,0
1990,20,2,1,0,0,1,274,5,40,0
1990,63,1,0,0,0,1,73,1,0,0
1990,65,2,0,0,0,0,0,0,0,0
1990,19,1,1,0,0,1,549,4,40,0
1990,29,2,2,0,0,1,156,5,35,0
1990,62,1,0,0,0,1,254,4,50,1
1990,62,2,0,0,0,1,254,4,25,0
1990,73,1,0,0,0,0,0,0,0,0
1990,70,2,0,0,0,0,0,0,0,0
1990,39,2,2,0,0,1,389,1,40,0
1990,29,1,2,0,0,0,518,1,40,0
1990,55,1,0,0,0,0,785,1,40,0
1990,48,2,0,0,0,0,878,1,0,0
1990,29,1,0,0,0,1,56,1,42,0
1990,27,2,0,0,0,1,313,5,0,0
1990,63,1,0,0,0,0,364,3,16,0
1990,61,2,0,0,0,1,95,5,2,0
1990,38,1,0,0,0,1,73,1,45,0
1990,37,2,0,0,0,1,157,5,40,0
1990,46,1,3,0,0,0,849,0,50,0
1990,48,2,3,0,0,0,436,5,35,0
1990,72,1,0,0,0,0,243,3,20,0
1990,69,2,0,0,0,0,0,0,0,0
1990,52,1,0,0,0,0,758,1,25,0
1990,49,2,0,0,0,0,0,0,0,0
1990,29,1,0,0,0,0,599,0,40,0
1990,26,2,0,0,0,0,447,5,40,0
1990,29,1,0,0,0,0,253,4,55,0
1990,27,2,0,0,0,0,17,3,45,0
1990,56,2,0,0,0,1,379,2,40,0
1990,53,1,0,0,0,0,577,2,40,1
1990,24,2,1,0,0,1,364,2,37,0
1990,33,1,0,0,0,1,218,0,40,0
1990,35,2,0,0,0,1,328,4,25,0
1990,48,2,0,0,0,0,158,5,40,0
1990,61,1,0,0,0,0,573,0,0,0
1990,66,2,3,0,0,0,439,3,6,0
1990,30,2,1,0,0,1,315,6,40,0
1990,55,2,0,0,0,0,484,0,40,0
1990,55,1,0,0,0,0,628,1,45,0
1990,28,2,3,0,0,1,435,3,35,0
1990,30,1,0,0,0,0,856,2,40,0
1990,43,2,0,0,0,0,785,1,40,0
1990,29,1,0,0,0,0,518,1,40,0
1990,28,2,0,0,0,1,274,3,35,0
1990,24,1,0,2,0,1,264,3,40,0
1990,25,2,0,0,0,1,354,2,30,0
1990,59,1,0,0,0,0,243,3,54,0
1990,46,2,0,0,0,0,465,5,60,0
1990,22,1,1,0,0,0,804,4,40,0
1990,39,1,2,0,0,1,563,0,50,0
1990,63,1,0,0,0,1,259,1,40,1
1990,63,2,0,0,0,1,313,3,0,0
1990,51,1,0,0,0,1,575,1,60,0
1990,51,2,0,0,0,0,373,3,40,0
1990,20,1,1,0,0,1,427,5,60,0
1990,19,1,1,0,0,1,315,5,50,0
1990,49,1,0,0,0,1,709,1,45,0
1990,38,2,0,0,0,1,0,0,0,0
1990,39,1,0,0,0,0,549,4,40,0
1990,37,2,0,0,0,0,785,1,40,0
1990,30,1,0,0,0,1,529,2,40,0
1990,28,2,0,0,0,0,319,4,40,0
1990,63,1,0,0,0,0,0,0,0,0
1990,59,2,0,0,0,0,783,1,40,0
1990,31,1,0,0,0,1,59,6,40,1
1990,37,2,0,0,0,1,164,5,40,0
1990,42,1,0,0,0,1,156,5,40,0
1990,39,2,0,0,0,1,22,3,30,0
1990,20,2,1,0,0,1,438,3,35,0
1990,30,1,0,0,0,1,585,0,40,0
1990,39,2,0,0,0,0,383,4,40,0
1990,34,1,0,0,0,0,804,5,70,0
1990,34,2,0,0,0,0,276,2,32,0
1990,41,1,0,0,0,1,804,3,47,0
1990,38,2,0,0,0,1,243,5,40,0
1990,41,2,2,0,0,1,22,3,44,0
1990,19,2,1,0,0,0,709,1,30,0
1990,68,1,2,0,0,0,0,0,0,0
1990,32,1,1,0,0,1,694,2,40,0
1990,33,1,0,0,0,1,486,0,50,0
1990,30,2,0,0,0,0,354,2,35,0
1990,52,1,0,0,0,0,689,1,40,0
1990,56,2,0,0,0,0,888,1,40,0
1990,49,1,0,0,0,1,634,1,40,0
1990,32,2,0,0,0,1,344,6,2,0
1990,32,1,0,0,0,0,713,1,40,0
1990,31,2,0,0,0,0,466,5,0,0
1990,42,1,0,0,0,1,628,1,40,0
1990,31,2,0,0,0,1,23,5,40,0
1990,28,2,0,0,0,0,0,0,0,0
1990,43,1,0,0,0,0,17,4,99,0
1990,75,2,3,0,0,0,0,0,0,0
1990,59,1,0,0,0,1,547,3,30,0
1990,57,2,0,0,0,1,95,5,40,0
1990,35,1,0,0,0,1,218,5,40,0
1990,33,2,0,0,0,1,379,4,40,0
1990,39,1,1,0,0,1,785,1,50,0
1990,69,1,0,0,0,0,0,0,0,0
1990,64,2,0,0,0,0,0,0,0,0
1990,26,1,0,0,0,1,17,3,40,0
1990,26,2,0,0,0,0,435,3,20,0
1990,39,1,0,0,0,0,804,3,40,0
1990,36,2,0,0,0,1,313,5,32,0
1990,38,2,2,0,0,1,259,3,40,0
1990,35,1,0,0,0,0,479,0,60,0
1990,30,2,0,0,0,1,274,3,40,0
1990,78,2,0,0,0,0,0,0,0,0
1990,32,1,0,0,0,0,243,3,50,0
1990,29,2,0,0,0,0,243,4,37,0
1990,67,2,0,0,0,0,0,0,0,0
1990,58,1,0,0,0,1,558,0,40,0
1990,67,1,1,0,0,0,0,0,0,0
1990,66,2,3,0,0,0,785,1,35,0
1990,55,1,0,0,2,1,159,6,40,0
1990,50,2,0,0,0,0,254,4,50,0
1990,36,1,0,0,0,0,796,1,40,0
1990,36,2,0,0,0,0,806,3,25,0
1990,25,2,3,0,0,1,785,1,40,0
1990,30,1,3,0,0,0,628,1,45,0
1990,70,1,0,0,0,0,0,0,0,0
1990,70,2,0,0,0,0,0,0,0,0
1990,32,1,0,0,0,0,558,0,40,0
1990,31,2,0,0,0,0,0,0,0,0
1990,35,1,0,0,0,0,27,6,90,0
1990,29,2,0,0,0,1,337,5,40,0
1990,63,1,0,0,0,1,316,6,10,0
1990,71,2,0,0,0,1,95,5,40,0
1990,27,2,0,3,0,0,479,0,70,0
1990,35,1,0,0,0,0,359,4,70,0
1990,42,1,0,0,0,1,156,5,30,0
1990,35,2,0,0,0,1,379,1,40,0
1990,67,1,0,0,0,0,0,0,0,0
1990,67,2,0,0,0,0,0,0,0,0
1990,31,1,1,0,0,0,709,1,40,0
1990,25,2,1,0,0,0,785,1,50,0
1990,71,1,0,0,0,0,0,0,0,0
1990,68,2,0,0,0,0,0,0,0,0
1990,38,1,2,3,0,1,243,3,60,0
1990,39,2,2,0,0,0,185,3,0,0
1990,21,1,0,0,0,1,637,1,55,0
1990,20,2,0,0,0,0,373,3,25,0
1990,30,1,0,0,0,1,883,3,40,0
1990,29,2,0,0,0,0,0,0,0,0
1990,51,1,0,0,0,1,157,5,50,0
1990,48,2,0,0,0,0,436,5,35,0
1990,18,1,1,0,0,0,0,0,0,0
1990,70,2,3,0,0,0,447,5,20,0
1990,56,1,0,0,0,0,448,5,40,0
1990,44,2,0,0,0,1,313,5,40,0
1990,61,1,0,0,0,0,808,5,24,0
1990,60,2,0,0,0,0,799,1,0,0
1990,22,1,1,0,0,1,628,1,40,0
1990,33,1,3,1,0,1,0,0,0,0
1990,30,2,0,0,0,0,488,0,30,0
1990,28,1,0,0,0,0,683,1,40,0
1990,48,1,0,0,0,1,634,1,48,0
1990,45,2,0,0,0,0,453,5,0,0
1990,23,1,1,0,0,1,373,3,40,0
1990,48,1,0,0,0,1,473,0,65,1
1990,46,2,0,0,0,1,473,0,25,0
1990,43,2,3,0,0,1,338,5,40,0
1990,27,1,0,0,0,1,424,6,48,0
1990,37,2,0,0,0,1,254,4,65,0
1990,57,1,2,0,0,1,163,5,35,0
1990,41,1,1,0,0,0,783,1,39,0
1990,29,2,0,0,0,1,173,6,40,0
1990,36,1,0,0,0,1,166,6,40,0
1990,29,2,3,0,0,0,479,0,0,0
1990,30,1,0,0,0,1,628,1,40,0
1990,27,2,0,0,0,0,447,5,40,0
1990,27,2,1,0,0,0,447,5,40,0
1990,65,1,3,0,0,0,534,0,15,0
1990,35,1,2,0,0,0,453,4,35,0
1990,26,1,0,0,0,1,453,3,37,0
1990,29,2,0,0,0,1,365,3,40,0
1990,36,2,2,2,0,0,0,0,0,0
1990,26,1,1,3,3,1,505,4,45,0
1990,25,2,1,3,3,1,156,5,30,0
1990,22,2,1,3,3,1,315,5,20,0
1990,37,2,3,0,0,0,447,5,18,0
1990,19,2,1,0,0,1,195,1,30,0
1990,19,1,1,0,3,1,263,3,45,0
1990,33,2,1,1,0,1,436,3,30,0
1990,80,2,3,0,0,0,0,0,0,0
1990,28,1,1,0,0,0,9,3,50,0
1990,37,1,2,0,0,1,539,2,40,0
1990,57,1,3,0,0,0,526,3,40,0
1990,59,1,0,0,0,1,22,1,40,0
1990,58,2,0,0,0,1,315,6,40,0
1990,19,2,1,0,0,1,785,1,30,0
1990,19,2,1,0,0,1,785,1,40,0
1990,29,1,1,0,0,1,243,3,50,0
1990,22,2,1,0,0,1,313,4,40,0
1990,37,1,0,1,0,1,328,6,40,0
1990,39,2,0,1,0,1,159,5,40,0
1990,62,1,0,0,0,0,0,0,0,0
1990,57,2,0,0,0,0,0,0,0,0
1990,18,1,1,0,0,0,804,2,48,1
1990,58,1,0,0,0,1,44,1,40,0
1990,57,2,0,0,0,0,313,5,0,0
1990,36,1,0,0,0,1,785,1,40,0
1990,37,2,0,0,0,0,276,3,40,0
1990,33,1,1,0,0,1,363,1,40,0
1990,57,1,0,0,0,0,634,1,40,0
1990,56,2,0,0,0,0,365,3,44,0
1990,42,2,2,0,0,1,313,6,40,0
1990,35,2,2,0,0,0,274,3,40,0
1990,66,2,3,0,0,0,274,3,22,0
1990,46,1,0,0,0,0,36,6,40,0
1990,52,2,0,0,0,0,436,5,40,0
1990,32,2,2,0,0,1,0,0,0,0
1990,31,2,2,0,0,0,449,4,8,0
1990,35,1,0,1,0,1,804,2,20,0
1990,32,2,0,0,0,1,174,5,40,0
1990,41,2,3,1,0,1,379,5,0,0
1990,34,1,1,0,2,0,444,5,32,0
1990,24,1,1,0,0,1,64,4,45,0
1990,24,1,1,0,0,1,157,5,40,0
1990,21,2,1,0,0,1,235,5,30,0
1990,22,2,1,0,0,1,154,5,12,0
1990,45,1,0,0,0,1,185,4,60,0
1990,41,2,0,0,0,1,178,5,50,1
1990,37,1,0,0,0,0,785,1,40,0
1990,36,2,0,0,0,0,364,3,35,0
1990,55,1,0,0,0,0,13,4,50,0
1990,58,2,0,0,0,0,0,0,0,0
1990,55,1,0,0,0,1,6,6,45,1
1990,54,2,0,0,0,1,22,5,40,0
1990,25,2,1,0,0,1,337,3,40,0
1990,59,1,0,0,0,0,486,5,0,0
1990,58,2,0,0,0,0,319,5,40,0
1990,31,1,0,0,0,1,84,5,50,0
1990,29,2,0,0,0,1,208,5,40,0
1990,28,2,2,0,0,1,438,3,30,0
1990,30,1,1,0,0,0,444,3,0,0
1990,50,1,0,0,0,1,473,0,72,0
1990,55,2,0,0,0,0,22,3,40,0
1990,66,1,0,0,0,0,23,5,0,0
1990,64,2,0,0,0,0,313,5,0,0
1990,80,2,3,0,0,0,0,0,0,0
1990,30,1,0,0,0,1,516,3,40,0
1990,30,2,0,0,0,1,558,0,30,0
1990,24,2,3,0,0,0,276,3,40,0
1990,43,1,0,0,0,0,479,0,48,0
1990,39,2,0,0,0,1,274,3,20,0
1990,40,1,0,0,0,1,889,1,40,0
1990,37,2,0,0,0,1,156,5,25,0
1990,42,1,3,0,0,1,779,1,40,0
1990,19,2,1,0,0,1,444,3,30,0
1990,34,1,0,0,0,0,243,3,59,0
1990,27,2,0,0,0,0,435,3,10,0
1990,43,1,0,0,0,1,418,6,40,0
1990,41,2,0,0,0,1,229,4,40,0
1990,18,1,1,0,0,1,274,3,20,0
1990,19,1,1,0,0,0,869,0,40,0
1990,20,1,1,0,0,1,567,0,40,0
1990,19,1,1,0,0,0,804,2,50,0
1990,20,1,1,0,0,1,473,0,30,0
1990,36,1,0,0,0,1,57,1,40,0
1990,37,2,0,0,0,0,0,0,0,0
1990,44,1,2,0,0,0,808,5,40,0
1990,71,2,3,0,0,0,0,0,0,0
1990,28,1,0,0,0,0,869,0,40,0
1990,23,2,0,0,0,0,356,3,0,0
1990,60,2,2,0,1,0,0,0,0,0
1990,23,1,0,0,0,1,804,3,40,0
1990,20,2,0,0,0,1,389,4,40,0
1990,50,1,0,0,0,0,783,1,40,1
1990,49,2,0,0,0,0,0,0,0,0
1990,28,1,3,0,0,0,706,1,30,0
1990,26,1,1,0,0,0,883,3,40,0
1990,22,2,1,0,0,0,435,3,20,0
1990,19,2,1,0,0,1,276,3,52,0
1990,31,2,3,0,0,1,313,5,0,0
1990,64,1,0,0,0,1,57,1,0,0
1990,70,2,0,0,0,1,22,6,0,1
1990,33,2,2,1,0,1,458,4,40,0
1990,54,1,0,0,0,1,274,3,50,1
1990,51,2,0,0,0,0,363,6,40,0
1990,62,2,3,0,0,0,0,0,0,0
1990,20,2,1,0,0,1,157,5,20,0
1990,21,2,1,0,0,1,154,5,20,0
1990,18,2,1,0,0,1,379,5,20,0
1990,19,2,1,0,0,1,885,3,50,0
1990,70,1,0,0,0,1,0,0,0,0
1990,62,2,0,0,0,1,154,5,50,0
1990,20,2,1,0,0,0,276,3,10,0
1990,21,2,1,0,0,0,23,5,10,0
1990,20,2,1,0,0,0,337,5,40,0
1990,20,2,1,0,0,1,274,3,20,0
1990,19,1,1,0,0,1,316,5,15,0
1990,20,1,1,0,0,1,276,5,36,0
1990,20,2,1,0,0,1,444,3,40,0
1990,20,2,1,0,0,1,276,3,20,0
1990,19,2,1,0,0,1,443,3,20,0
1990,18,2,1,0,0,1,264,3,12,0
1990,34,1,0,0,0,1,98,5,40,0
1990,26,2,0,0,0,1,337,5,4,0
1990,27,2,2,0,3,1,328,5,0,0
1990,31,1,0,3,3,1,97,5,60,0
1990,30,2,0,3,3,1,156,5,50,0
1990,26,2,1,0,0,1,199,5,50,0
1990,19,2,1,0,0,1,427,5,30,0
1990,21,2,1,0,0,1,199,5,50,0
1990,52,1,0,0,0,1,243,3,15,1
1990,50,2,0,0,0,1,0,0,0,0
1990,39,1,0,0,0,1,84,5,80,1
1990,39,2,0,0,0,1,84,5,0,0
1990,28,1,0,0,0,1,426,5,40,0
1990,23,2,0,0,0,1,447,5,30,0
1990,59,2,2,0,0,1,386,5,45,0
1990,41,2,2,0,0,1,235,6,40,0
1990,43,1,0,0,0,0,804,1,40,0
1990,46,2,0,0,0,0,356,6,40,0
1990,42,1,0,0,0,0,558,0,40,0
1990,42,2,0,0,0,0,313,1,40,0
1990,47,1,0,0,0,0,473,0,0,0
1990,45,2,0,0,0,0,313,3,9,0
1990,19,1,1,0,0,0,259,3,40,0
1990,48,1,0,0,0,1,804,1,45,0
1990,35,2,0,0,0,0,0,0,0,0
1990,34,1,0,0,0,1,23,6,45,0
1990,33,2,0,0,0,0,313,6,40,0
1990,27,1,0,0,0,0,549,1,12,0
1990,23,2,0,0,0,0,264,3,40,0
1990,33,1,0,0,0,1,544,1,48,1
1990,32,2,0,0,0,0,0,0,0,0
1990,41,1,0,0,0,0,0,0,0,0
1990,38,2,0,0,0,0,0,0,0,0
1990,46,1,0,0,0,0,505,1,40,0
1990,46,2,0,0,0,1,243,3,40,0
1990,20,2,1,0,0,1,264,3,17,0
1990,32,1,0,0,0,1,84,5,55,1
1990,34,2,0,0,0,1,0,0,0,0
1990,35,1,1,0,0,1,253,4,40,0
1990,27,1,0,0,0,1,804,3,45,0
1990,26,2,0,0,0,0,243,3,40,0
1990,37,1,0,0,0,1,473,0,65,1
1990,30,2,0,0,0,1,666,4,30,0
1990,47,1,0,0,0,0,549,2,40,0
1990,46,2,0,0,0,1,445,5,35,0
1990,49,1,0,0,0,0,889,2,40,0
1990,48,2,0,0,0,0,436,3,24,0
1990,19,1,1,0,0,0,453,3,40,0
1990,58,1,0,0,0,1,457,4,50,0
1990,57,2,0,0,0,0,5,6,35,0
1990,39,1,0,0,0,0,889,1,40,0
1990,36,2,0,0,0,0,323,2,25,0
1990,62,1,3,0,0,1,156,5,40,0
1990,59,2,2,0,0,0,203,5,40,0
1990,65,1,0,0,0,0,453,5,20,0
1990,66,2,0,0,0,0,0,0,0,0
1990,20,2,1,0,0,1,356,4,50,0
1990,30,2,2,0,0,1,383,4,50,0
1990,60,2,2,0,0,0,379,4,54,0
1990,73,2,2,0,0,1,378,4,45,0
1990,45,1,1,0,0,0,354,2,40,0
1990,44,1,1,0,0,1,243,3,50,0
1990,63,1,0,0,0,1,523,2,20,0
1990,64,2,0,0,0,0,0,0,0,0
1990,22,1,1,0,0,1,308,4,40,0
1990,22,1,0,0,0,1,473,0,45,0
1990,24,2,0,0,0,1,343,4,20,0
1990,33,1,0,0,0,1,567,0,40,0
1990,32,2,0,0,0,1,909,6,0,0
1990,58,1,0,0,0,0,889,2,40,0
1990,53,2,0,0,0,1,303,6,40,0
1990,33,1,1,0,0,0,453,5,40,0
1990,44,1,2,0,0,1,213,6,40,0
1990,49,1,0,0,0,1,727,1,60,0
1990,30,2,0,0,0,1,473,0,26,0
1990,48,2,0,0,0,0,785,1,40,0
1990,45,1,0,0,0,0,389,6,40,0
1990,68,2,3,0,0,0,0,0,0,0
1990,64,1,0,0,0,0,22,3,44,0
1990,61,2,0,0,0,0,0,0,0,0
1990,25,1,0,0,0,0,588,0,45,0
1990,29,2,0,0,0,1,435,3,25,0
1990,37,1,2,2,0,1,796,1,40,0
1990,41,1,0,0,0,1,509,3,30,0
1990,42,2,0,3,3,1,156,5,40,0
1990,48,1,0,0,0,0,785,1,40,0
1990,46,2,0,0,0,1,379,3,40,0
1990,20,1,1,0,0,0,785,1,40,0
1990,41,1,0,0,0,0,549,2,40,0
1990,41,2,0,0,0,0,379,3,30,0
1990,57,2,3,0,0,1,14,5,47,0
1990,37,1,0,0,0,0,505,3,32,0
1990,26,2,0,0,0,1,348,5,32,0
1990,74,1,0,0,0,0,0,0,0,0
1990,76,2,0,0,0,0,0,0,0,0
1990,71,2,2,0,0,0,0,0,0,0
1990,58,1,0,0,0,0,519,1,54,1
1990,55,2,0,0,0,0,0,0,0,0
1990,25,1,1,0,0,0,747,1,40,0
1990,26,1,1,0,0,0,796,1,40,0
1990,18,2,1,0,0,0,436,3,25,0
1990,34,1,0,0,0,1,588,0,55,0
1990,43,2,0,0,0,0,156,5,0,0
1990,53,1,0,0,0,1,27,6,40,0
1990,53,2,0,0,0,1,315,6,0,0
1990,43,1,0,0,0,1,22,1,50,0
1990,34,2,0,0,0,1,266,3,65,0
1990,38,2,2,0,0,1,359,5,40,0
1990,59,1,0,0,0,1,266,3,60,1
1990,54,2,0,0,0,0,0,0,0,0
1990,30,1,2,0,0,1,434,3,25,0
1990,24,1,1,0,0,1,486,0,40,0
1990,35,2,3,0,0,1,276,3,40,0
1990,46,1,0,0,0,0,523,4,40,0
1990,39,2,0,0,0,0,467,5,45,0
1990,19,1,1,0,0,0,883,3,45,0
1990,54,1,2,0,0,1,507,1,40,0
1990,36,1,0,0,0,1,22,1,40,0
1990,34,2,0,0,0,1,65,1,40,0
1990,29,1,0,1,0,1,785,1,40,0
1990,29,2,0,1,0,0,453,3,35,0
1990,25,2,1,1,0,0,0,0,0,0
1990,53,1,2,1,0,0,683,1,0,0
1990,23,1,1,1,0,0,444,3,0,0
1990,46,2,2,1,0,1,447,5,40,0
1990,25,2,1,1,0,1,276,3,40,0
1990,27,2,3,1,0,1,467,5,30,0
1990,20,1,1,1,0,0,885,4,6,0
1990,19,2,1,1,0,0,0,0,0,0
1990,34,2,3,1,0,0,0,0,0,0
1990,38,1,0,1,0,0,785,1,40,0
1990,33,2,0,1,0,1,753,1,40,0
1990,21,2,1,0,0,1,276,3,0,0
1990,67,1,0,0,0,1,809,4,15,0
1990,62,2,0,0,0,1,0,0,0,0
1990,67,1,3,1,0,1,804,1,40,0
1990,23,1,1,0,0,1,505,3,40,0
1990,20,2,1,0,2,0,276,3,17,0
1990,68,2,3,1,0,0,0,0,0,0
1990,30,1,1,1,0,0,783,1,0,0
1990,28,1,1,1,0,0,0,0,0,0
1990,75,2,3,0,0,0,0,0,0,0
1990,34,1,0,0,0,0,785,1,45,0
1990,29,2,0,0,0,1,435,3,39,0
1990,27,2,2,0,0,0,315,5,40,0
1990,69,1,1,0,0,0,0,0,0,0
1990,31,2,3,0,0,1,0,0,0,0
1990,39,1,2,3,3,1,575,1,48,1
1990,61,2,3,1,0,1,156,5,37,0
1990,80,2,3,0,0,1,0,0,0,0
1990,70,2,3,0,0,1,337,4,13,0
1990,52,1,2,0,0,0,759,1,40,0
1990,25,1,2,0,0,1,458,4,40,0
1990,24,2,1,0,0,0,243,3,40,0
1990,19,2,1,0,0,0,276,3,0,0
1990,20,2,1,0,0,0,268,3,0,0
1990,21,2,1,1,0,1,447,5,40,0
1990,59,1,0,0,0,1,413,6,0,0
1990,59,2,0,0,0,0,0,0,0,0
1990,69,1,0,0,2,1,0,0,0,0
1990,68,2,0,0,0,0,0,0,0,0
1990,30,1,0,1,0,0,433,3,35,0
1990,28,2,0,0,0,0,436,3,35,0
1990,49,2,2,0,0,0,683,1,40,0
1990,31,1,1,0,0,0,243,3,44,0
1990,53,1,0,0,0,0,796,1,40,1
1990,49,2,0,0,0,0,0,0,0,0
1990,75,2,3,0,0,1,438,3,0,0
1990,62,1,2,0,0,0,785,1,0,0
1990,64,1,0,0,0,0,653,1,0,0
1990,57,2,0,0,0,0,0,0,0,0
1990,46,1,0,1,0,1,889,1,40,0
1990,42,2,0,1,0,0,313,5,40,0
1990,54,2,3,0,0,1,753,1,0,0
1990,59,1,2,1,0,1,785,1,40,0
1990,70,1,2,0,0,1,0,0,0,0
1990,35,2,2,0,0,1,438,3,32,0
1990,59,2,2,0,0,0,444,3,30,0
1990,36,2,2,0,0,1,274,3,25,0
1990,18,2,1,0,0,0,313,5,20,0
1990,32,1,1,0,0,1,254,4,40,0
1990,50,1,0,0,0,0,709,1,40,1
1990,53,2,0,0,0,1,628,1,40,0
1990,29,2,1,0,0,0,779,1,40,0
1990,22,2,1,0,0,1,276,3,30,0
1990,33,1,0,0,0,0,224,1,40,0
1990,32,2,0,0,0,0,0,0,0,0
1990,26,2,3,0,0,0,276,3,0,0
1990,77,1,3,0,0,0,785,1,40,0
1990,35,1,0,0,0,0,243,3,55,0
1990,33,2,0,0,0,0,254,4,0,0
1990,33,1,0,0,0,0,706,1,40,0
1990,29,2,0,0,0,1,274,3,20,0
1990,36,1,0,0,0,0,889,1,40,1
1990,35,2,0,0,0,0,0,0,0,0
1990,61,2,2,0,0,0,17,3,45,0
1990,56,2,2,0,0,0,17,3,36,0
1990,35,2,1,1,0,1,453,5,40,0
1990,61,2,3,0,0,0,0,0,0,0
1990,50,1,0,0,0,1,785,1,40,0
1990,46,2,0,0,0,1,313,3,0,0
1990,30,2,2,0,0,0,308,4,20,0
1990,67,2,3,0,0,0,0,0,0,0
1990,32,1,2,0,0,0,22,3,40,0
1990,37,1,0,0,0,1,243,3,40,0
1990,32,2,0,0,0,0,777,4,40,0
1990,73,2,3,0,0,0,276,3,38,0
1990,80,2,0,0,0,0,0,0,0,0
1990,34,1,0,0,0,0,235,3,40,0
1990,35,2,0,0,0,0,243,4,40,0
1990,26,1,0,0,0,1,243,3,55,0
1990,24,2,0,0,0,1,185,1,35,0
1990,47,1,0,0,0,1,159,5,35,0
1990,42,2,0,0,0,1,95,5,40,0
1990,19,1,1,0,0,0,17,3,36,0
1990,20,1,1,0,0,1,446,5,30,0
1990,20,2,1,0,0,1,687,3,32,0
1990,38,1,1,0,0,0,686,1,35,0
1990,24,2,1,0,0,1,435,3,35,0
1990,49,2,2,0,0,0,709,1,40,0
1990,23,1,1,0,0,0,675,1,40,0
1990,25,1,1,0,0,0,709,1,40,0
1990,18,2,1,0,0,0,435,3,0,0
1990,30,1,0,0,0,0,486,0,40,0
1990,28,2,0,0,0,0,159,4,10,0
1990,63,2,2,0,0,0,447,5,0,0
1990,36,1,0,0,0,1,689,2,32,0
1990,37,2,0,0,0,0,0,0,0,0
1990,39,2,3,0,0,0,0,0,0,0
1990,19,1,1,0,0,0,785,3,0,0
1990,65,2,3,0,0,0,0,0,0,0
1990,20,2,2,0,0,0,769,3,24,0
1990,29,1,0,0,0,0,877,3,40,0
1990,29,2,0,0,0,0,435,3,40,0
1990,51,2,3,0,0,1,447,5,0,0
1990,18,2,1,0,0,0,456,5,0,0
1990,28,2,0,0,0,1,156,5,40,0
1990,29,1,0,0,0,1,57,1,50,0
1990,50,2,2,2,0,0,453,5,56,0
1990,30,2,3,0,0,1,65,3,0,0
1990,54,1,0,0,0,0,883,1,40,0
1990,48,2,0,0,0,0,0,0,0,0
1990,26,1,0,0,0,1,59,1,45,0
1990,27,2,0,0,0,1,22,1,50,0
1990,46,2,0,0,0,0,0,0,0,0
1990,48,1,0,0,0,0,709,1,44,1
1990,46,1,0,0,0,0,549,1,60,0
1990,54,2,0,0,0,0,689,1,54,0
1990,54,1,0,0,0,1,727,1,50,0
1990,50,2,0,0,0,1,0,0,0,0
1990,47,1,0,0,0,0,263,3,60,1
1990,46,2,0,0,0,1,308,4,20,0
1990,20,1,1,0,0,0,486,5,35,0
1990,24,2,1,0,0,1,256,2,40,1
1990,36,1,0,0,0,1,699,0,40,0
1990,33,2,0,0,0,1,785,1,28,0
1990,45,1,0,0,0,1,628,1,45,0
1990,44,2,0,0,0,1,313,1,42,0
1990,22,2,1,0,0,1,379,4,40,0
1990,19,1,1,0,0,1,274,3,30,0
1990,68,1,0,0,0,0,479,0,20,0
1990,67,2,0,0,0,0,276,1,30,0
1990,57,2,2,0,0,0,446,5,40,0
1990,32,1,2,0,0,0,687,3,40,0
1990,60,2,2,0,0,0,0,0,0,0
1990,23,2,1,0,0,1,385,1,36,0
1990,45,1,0,0,0,1,505,1,40,0
1990,40,2,0,0,0,1,95,5,40,0
1990,21,2,1,0,0,1,185,3,40,0
1990,18,2,1,0,0,1,435,3,20,0
1990,33,1,0,0,0,1,15,5,40,0
1990,36,2,0,0,0,1,15,5,40,1
1990,80,1,0,0,0,0,0,0,0,0
1990,77,2,0,0,0,0,0,0,0,0
1990,71,1,0,0,0,1,379,3,0,1
1990,65,2,0,0,0,1,0,0,0,0
1990,60,1,0,0,0,1,217,1,0,0
1990,59,2,0,0,0,0,274,3,0,0
1990,66,2,3,0,0,0,0,0,0,0
1990,69,2,3,0,0,0,0,0,0,0
1990,41,1,0,0,0,0,856,1,40,0
1990,42,2,0,0,0,0,313,5,40,0
1990,19,1,1,0,0,0,436,3,40,0
1990,22,1,1,0,0,0,706,1,25,0
1990,20,1,1,0,0,0,706,1,30,0
1990,20,1,1,0,0,0,785,1,50,0
1990,21,1,1,0,0,0,486,0,35,0
1990,27,1,0,0,0,0,436,5,40,0
1990,26,2,0,0,0,0,276,3,0,0
1990,75,1,3,0,0,0,706,1,30,0
1990,33,2,1,0,0,0,668,4,40,0
1990,57,1,0,0,0,0,804,1,40,0
1990,60,2,0,0,0,0,0,0,0,0
1990,26,2,1,0,0,1,0,0,0,0
1990,29,1,0,0,0,1,89,5,37,0
1990,30,2,0,0,0,0,22,5,37,0
1990,38,1,0,0,0,0,706,1,40,0
1990,35,2,0,0,0,0,434,3,40,0
1990,21,1,0,0,0,0,759,1,48,0
1990,20,2,0,0,0,0,744,1,40,0
1990,35,1,3,0,0,1,258,1,45,0
1990,32,1,0,0,0,1,706,1,40,0
1990,30,2,0,0,0,1,337,3,24,0
1990,39,1,0,0,2,0,359,2,60,0
1990,32,2,0,0,0,1,804,5,0,0
1990,56,1,0,0,0,0,519,1,40,0
1990,52,2,0,0,0,0,0,0,0,0
1990,28,1,0,0,0,1,523,2,40,0
1990,28,2,0,0,0,1,487,0,45,0
1990,60,1,0,0,0,1,307,2,40,1
1990,58,2,0,0,0,0,0,0,0,0
1990,66,2,3,0,0,1,0,0,0,1
1990,62,1,0,0,0,1,253,4,10,0
1990,59,2,0,0,0,1,314,5,42,0
1990,45,1,0,0,0,1,634,1,40,0
1990,55,2,0,0,4,1,785,1,40,0
1990,33,1,1,0,2,0,274,3,40,0
1990,34,1,0,0,0,1,217,1,42,0
1990,34,2,0,0,0,1,379,3,30,0
1990,65,1,3,0,0,0,779,1,40,0
1990,40,1,0,0,0,1,628,1,45,0
1990,36,2,0,0,0,1,276,3,20,0
1990,51,1,3,0,0,0,518,3,48,0
1990,23,1,1,0,0,0,889,4,40,0
1990,18,1,1,0,0,0,0,0,0,0
1990,58,2,2,0,0,1,95,5,40,0
1990,32,1,2,0,0,0,889,1,0,0
1990,52,1,0,0,0,1,783,1,45,0
1990,50,2,0,0,0,1,688,3,40,0
1990,38,1,0,0,0,0,22,2,40,1
1990,47,2,0,0,0,0,0,0,0,0
1990,19,2,1,0,0,0,888,1,25,0
1990,70,1,0,0,0,0,566,0,0,0
1990,66,2,0,3,0,0,0,0,0,0
1990,53,1,0,0,0,0,549,5,40,0
1990,42,2,0,0,0,0,268,3,45,0
1990,18,1,1,0,0,0,877,3,45,0
1990,28,2,0,0,0,1,183,5,40,0
1990,30,1,0,0,0,1,547,1,50,0
1990,28,1,0,0,0,0,637,1,45,0
1990,25,2,0,0,0,0,276,3,0,0
1990,57,2,3,0,0,0,436,5,40,0
1990,23,1,1,0,0,0,426,4,45,0
1990,58,1,0,0,0,0,869,0,42,0
1990,51,2,0,0,0,0,447,5,0,0
1990,76,1,3,0,0,0,0,0,0,0
1990,35,1,3,0,0,1,415,2,40,0
1990,41,1,0,0,0,1,213,1,40,0
1990,35,2,0,0,0,0,444,5,55,0
1990,37,1,0,0,0,0,706,1,40,0
1990,37,2,0,0,0,1,458,4,0,0
1990,71,1,2,0,0,0,0,0,0,0
1990,49,2,2,0,0,0,708,1,40,0
1990,46,2,3,0,0,0,734,4,40,0
1990,58,1,1,0,0,0,447,5,40,0
1990,40,1,1,2,0,0,17,3,50,0
1990,21,1,0,0,0,0,756,1,40,0
1990,21,2,0,0,0,0,17,3,40,0
1990,22,2,2,0,0,1,8,3,40,0
1990,25,2,1,0,0,1,774,1,40,0
1990,25,1,1,2,0,0,567,0,50,0
1990,58,2,1,0,0,1,488,0,50,0
1990,21,1,0,0,0,0,779,3,40,0
1990,22,2,0,0,0,0,379,4,40,0
1990,80,1,3,0,0,0,0,0,0,0
1990,41,1,0,0,0,0,243,3,55,0
1990,41,2,0,0,0,1,159,5,50,0
1990,46,1,1,0,0,0,518,1,48,0
1990,45,2,2,0,0,0,453,4,50,0
1990,35,1,0,0,0,1,22,3,50,0
1990,34,2,0,0,0,1,628,1,37,0
1990,67,2,0,0,0,0,378,4,20,0
1990,66,1,0,0,0,0,804,2,25,0
1990,38,1,2,0,0,0,73,2,40,0
1990,38,1,0,0,0,0,355,2,40,0
1990,31,2,0,0,0,1,14,5,15,0
1990,61,1,0,0,0,1,628,1,40,1
1990,59,2,0,0,0,0,387,5,0,0
1990,39,2,2,0,0,1,156,5,50,0
1990,61,1,0,0,0,1,355,2,0,0
1990,62,2,0,0,0,0,337,1,22,0
1990,64,1,3,0,0,0,5,6,0,0
1990,54,1,0,0,0,0,0,0,0,0
1990,52,2,0,0,0,0,748,4,0,0
1990,36,1,0,0,0,0,567,3,45,0
1990,31,2,0,0,0,1,99,5,40,0
1990,24,1,0,0,0,0,585,0,40,0
1990,23,2,0,0,0,0,276,3,0,0
1990,74,1,0,0,0,0,0,0,0,0
1990,73,2,0,0,0,0,0,0,0,0
1990,47,2,2,0,0,1,458,4,25,0
1990,65,2,2,0,0,0,337,5,13,0
1990,33,1,0,0,0,0,785,1,40,0
1990,33,2,0,0,0,0,453,5,2,0
1990,21,1,1,0,0,1,277,3,40,0
1990,38,2,3,0,0,1,22,4,40,0
1990,52,1,0,0,0,0,684,1,50,0
1990,44,2,0,0,0,0,785,1,40,0
1990,41,1,0,0,0,1,85,5,37,1
1990,37,2,0,0,0,0,445,5,0,0
1990,34,1,0,0,0,1,355,2,49,0
1990,32,2,0,0,0,0,276,3,25,0
1990,29,1,2,0,0,0,268,3,0,0
1990,42,1,0,0,0,1,345,3,40,0
1990,39,2,0,0,0,0,436,3,35,0
1990,57,2,3,0,0,0,337,3,40,0
1990,34,1,0,0,0,0,628,1,45,0
1990,31,2,0,0,0,1,313,4,0,0
1990,49,1,2,0,0,0,785,1,40,0
1990,42,2,2,0,0,0,0,0,0,0
1990,52,1,0,0,0,0,22,6,44,0
1990,48,2,0,0,0,0,0,0,0,0
1990,25,1,1,0,0,0,779,4,8,0
1990,36,1,2,0,0,0,577,2,40,0
1990,26,2,2,0,0,1,435,3,40,0
1990,32,2,2,0,0,0,435,3,35,0
1990,28,1,1,0,0,0,595,0,27,0
1990,32,1,0,0,0,0,558,0,40,0
1990,31,2,0,0,0,0,0,0,0,0
1990,32,1,0,0,0,1,757,1,40,0
1990,31,2,0,0,0,1,796,1,40,0
1990,31,1,0,0,0,1,628,1,43,0
1990,30,2,0,0,0,0,17,3,0,0
1990,31,2,1,0,0,0,313,4,40,0
1990,78,1,3,0,0,0,505,4,0,0
1990,40,1,1,0,0,0,22,3,45,0
1990,31,2,0,0,0,1,95,5,40,0
1990,27,1,0,0,0,1,804,0,70,0
1990,23,2,3,3,0,1,95,5,40,0
1990,48,2,2,0,0,0,447,5,70,0
1990,23,1,1,0,0,1,779,1,40,0
1990,47,1,0,0,0,1,23,5,50,1
1990,46,2,0,0,0,1,13,4,30,0
1990,18,1,1,0,0,0,0,0,0,0
1990,50,1,0,0,0,1,547,4,0,0
1990,48,2,0,0,0,1,95,5,44,0
1990,22,2,1,0,0,0,785,1,40,0
1990,20,1,1,0,0,0,453,2,30,0
1990,19,1,1,0,0,0,444,3,10,0
1990,36,1,0,0,0,1,178,6,40,0
1990,36,2,0,0,0,1,97,5,40,0
1990,47,1,0,0,0,1,206,5,40,0
1990,45,2,0,0,0,0,206,5,40,0
1990,71,1,3,0,0,1,0,0,0,0
1990,46,1,0,3,3,1,84,5,40,1
1990,41,2,0,3,3,1,95,5,50,0
1990,18,1,1,3,3,1,436,3,6,0
1990,65,2,3,3,3,1,0,0,0,0
1990,65,1,0,0,0,0,518,3,40,0
1990,61,2,0,0,0,0,444,5,20,0
1990,79,1,2,0,0,0,0,0,0,0
1990,35,1,0,0,0,0,628,1,40,0
1990,27,2,0,0,0,1,759,1,40,0
1990,47,1,3,1,0,0,453,4,30,0
1990,23,2,1,1,0,1,445,5,8,0
1990,24,1,1,1,0,1,426,4,40,0
1990,25,1,3,1,1,1,593,0,50,0
1990,21,2,3,1,0,0,0,0,0,0
1990,19,2,3,1,0,0,0,0,0,0
1990,53,1,2,0,0,0,22,4,40,0
1990,51,1,1,0,0,0,785,1,40,0
1990,77,2,3,0,0,0,0,0,0,0
1990,46,1,2,0,0,1,276,3,32,0
1990,65,1,0,0,0,1,21,5,20,0
1990,61,2,0,0,0,1,266,3,7,0
1990,30,1,1,0,0,1,799,3,40,0
1990,25,1,1,0,0,1,869,0,40,0
1990,50,2,1,0,0,1,453,3,39,0
1990,72,2,2,0,0,0,0,0,0,0
1990,78,2,3,0,0,0,0,0,0,0
1990,52,2,1,0,0,1,22,6,40,0
1990,80,2,3,1,0,0,407,4,0,0
1990,23,1,0,1,0,0,725,1,40,0
1990,23,2,0,1,0,1,426,4,40,0
1990,42,1,0,0,0,1,243,3,54,0
1990,43,2,0,0,0,0,243,3,28,0
1990,23,1,0,0,0,1,55,2,50,0
1990,20,2,0,0,0,1,264,3,40,0
1990,54,1,0,0,0,1,15,5,40,1
1990,51,2,0,0,0,1,26,5,6,0
1990,26,1,1,0,1,1,84,5,45,0
1990,48,2,2,0,0,0,785,1,50,0
1990,43,1,2,0,0,1,696,1,50,0
1990,31,2,1,0,3,1,453,5,30,0
1990,63,2,3,0,2,0,276,3,20,0
1990,19,1,1,0,0,0,17,3,38,0
1990,38,1,0,0,0,0,628,1,60,0
1990,35,2,0,0,0,1,0,0,0,0
1990,68,1,2,0,0,0,243,3,24,0
1990,61,2,1,1,0,0,0,0,0,0
1990,36,1,1,0,0,1,804,3,40,1
1990,66,1,0,0,0,0,575,3,0,0
1990,64,2,0,0,0,0,0,0,0,0
1990,29,1,0,0,0,1,567,0,40,0
1990,25,2,0,0,0,1,95,5,40,0
1990,42,1,0,0,0,0,628,1,45,0
1990,38,2,0,0,0,0,313,5,24,0
1990,56,1,0,0,0,0,544,1,40,0
1990,55,2,0,0,0,0,15,5,0,0
1990,61,1,0,0,0,0,275,5,40,0
1990,59,2,0,0,0,0,275,5,20,0
1990,67,1,1,0,0,0,0,0,0,0
1990,35,1,2,0,0,0,243,3,45,0
1990,31,2,2,0,0,1,203,5,40,0
1990,41,2,3,0,0,0,313,1,20,0
1990,41,2,2,0,0,1,376,4,38,0
1990,46,1,0,0,0,0,637,2,50,0
1990,44,2,0,0,0,0,0,0,0,0
1990,20,2,1,0,0,0,313,1,40,0
1990,60,1,0,0,0,0,453,1,40,0
1990,53,2,0,0,0,0,0,0,0,0
1990,29,2,1,0,0,0,449,5,40,0
1990,21,1,1,0,0,0,869,0,40,0
1990,63,1,3,0,0,0,0,0,0,0
1990,38,1,0,0,0,0,519,1,40,0
1990,32,2,0,0,0,0,379,3,40,0
1990,76,2,1,1,0,0,0,0,0,0
1990,78,2,3,1,0,0,0,0,0,0
1990,21,2,1,1,0,0,0,0,0,0
1990,59,1,0,0,0,0,804,0,0,0
1990,51,2,0,0,0,0,453,5,40,0
1990,76,2,3,1,0,0,0,0,0,0
1990,68,1,0,0,0,0,0,0,0,0
1990,68,2,0,0,4,1,0,0,0,0
1990,49,1,0,0,0,1,759,1,45,0
1990,44,2,0,0,0,0,779,1,40,0
1990,19,2,1,0,0,1,257,4,40,0
1990,59,1,1,0,0,0,0,0,0,0
1990,29,1,3,0,0,0,268,3,35,0
1990,30,1,0,0,0,1,243,3,40,0
1990,27,2,0,0,0,1,435,3,15,0
1990,25,1,1,0,0,0,453,3,40,0
1990,63,1,0,0,0,0,575,1,39,1
1990,61,2,0,0,0,0,479,0,0,0
1990,37,1,0,0,0,0,558,0,40,0
1990,30,2,0,0,0,0,754,3,40,0
1990,71,2,3,0,0,0,0,0,0,0
1990,57,1,0,0,0,0,473,0,70,0
1990,56,2,0,0,0,0,0,0,0,0
1990,19,1,1,0,0,0,505,4,40,0
1990,40,1,0,0,0,1,418,6,60,0
1990,39,2,0,0,0,0,13,5,40,0
1990,19,2,1,0,0,0,387,5,25,0
1990,60,2,2,0,0,0,0,0,0,0
1990,63,1,0,0,0,1,5,6,40,0
1990,60,2,0,0,0,1,15,5,20,0
1990,41,2,2,0,0,0,379,5,16,0
1990,48,1,1,0,2,0,567,0,40,0
1990,52,2,2,0,0,0,488,0,40,0
1990,41,2,3,0,0,0,754,1,40,0
1990,59,2,3,0,0,0,0,0,0,0
1990,45,1,0,0,0,0,727,1,0,0
1990,40,2,0,0,0,0,486,3,35,0
1990,20,1,1,0,0,0,705,1,40,0
1990,45,1,2,0,0,1,259,3,40,0
1990,34,2,2,0,0,1,17,3,55,0
1990,48,2,3,0,0,1,525,1,39,0
1990,38,2,3,1,0,1,453,5,40,0
1990,63,1,0,1,0,1,0,0,0,0
1990,64,2,0,1,0,1,303,5,30,0
1990,74,2,0,1,0,0,0,0,0,0
1990,70,1,2,0,0,0,0,0,0,0
1990,55,1,0,0,0,1,154,5,40,1
1990,55,2,0,0,0,1,264,3,20,0
1990,22,1,1,0,0,1,469,3,20,0
1990,19,1,1,0,0,0,444,3,16,0
1990,28,2,2,0,0,1,243,3,45,0
1990,53,1,3,0,0,0,785,1,40,0
1990,21,1,3,0,0,1,27,5,40,0
1990,20,1,1,0,0,0,436,5,16,0
1990,24,1,2,0,0,0,436,5,16,0
1990,47,2,3,0,0,0,0,0,0,0
1990,53,1,1,0,0,1,164,5,40,0
1990,76,1,2,0,2,1,0,0,0,0
1990,73,2,3,0,0,0,0,0,0,0
1990,54,1,0,0,0,0,889,1,40,0
1990,53,2,0,0,0,0,785,1,40,0
1990,67,1,0,0,0,0,259,3,16,0
1990,63,2,0,0,0,0,0,0,0,0
1990,27,1,1,0,0,1,426,3,40,0
1990,40,1,0,0,0,1,207,5,40,0
1990,40,2,0,0,0,1,156,5,20,0
1990,19,1,1,0,0,0,435,3,20,0
1990,19,2,1,0,0,1,449,4,35,0
1990,19,2,1,0,0,1,444,3,2,0
1990,19,2,1,0,0,1,443,5,40,0
1990,25,2,1,0,0,1,379,5,10,0
1990,20,2,1,0,0,1,444,5,40,0
1990,21,1,1,0,0,1,444,5,25,0
1990,22,1,1,0,0,1,436,4,30,0
1990,21,1,1,0,0,1,486,5,40,0
1990,19,1,1,0,0,1,453,3,40,0
1990,19,1,1,0,0,1,444,3,40,0
1990,67,2,2,0,0,0,0,0,0,0
1990,62,2,2,0,0,1,0,0,0,0
1990,63,1,0,0,0,1,535,4,35,0
1990,62,2,0,0,0,0,22,5,40,0
1990,61,1,2,0,0,0,869,0,40,0
1990,47,2,3,0,0,0,0,0,0,0
1990,23,2,1,1,0,0,747,4,40,0
1990,55,1,1,0,0,0,703,1,40,0
1990,64,2,3,0,0,0,436,3,30,0
1990,44,1,2,0,0,1,453,5,40,0
1990,34,1,0,0,0,1,796,1,40,0
1990,32,2,0,0,0,1,466,5,40,0
1990,60,1,0,0,0,0,426,5,0,0
1990,56,2,0,0,0,1,0,0,0,0
1990,79,2,3,0,0,0,0,0,0,0
1990,25,1,0,0,0,1,77,5,45,0
1990,24,2,0,0,0,0,447,5,40,0
1990,30,1,0,0,0,1,756,1,60,0
1990,31,2,0,0,0,1,22,1,48,0
1990,32,2,3,0,0,0,364,3,35,0
1990,22,2,0,0,0,1,313,4,40,0
1990,24,1,0,0,0,0,585,0,20,0
1990,57,1,0,0,0,0,27,0,50,0
1990,39,2,0,0,0,1,319,5,40,0
1990,39,1,0,0,0,0,804,2,40,0
1990,36,2,0,0,0,1,223,1,40,0
1990,49,1,0,0,0,1,154,5,35,1
1990,46,2,0,0,0,1,387,5,40,0
1990,18,2,1,0,0,0,443,5,30,0
1990,44,2,2,0,2,0,308,1,40,0
1990,63,2,2,0,0,0,0,0,0,0
1990,69,2,1,0,0,1,0,0,0,0
1990,38,1,0,0,0,1,185,1,37,1
1990,34,2,0,0,0,1,313,5,0,0
1990,46,1,0,0,0,1,579,0,40,0
1990,54,2,0,0,0,0,0,0,0,0
1990,34,2,2,0,0,1,888,5,40,0
1990,51,1,0,0,0,1,525,3,42,0
1990,52,2,0,0,0,0,769,5,32,0
1990,35,1,1,0,0,1,889,3,54,0
1990,29,2,1,0,0,1,266,3,44,0
1990,38,1,0,0,0,0,785,1,40,0
1990,38,2,0,0,0,0,7,4,40,0
1990,33,2,3,0,0,1,278,1,30,0
1990,60,1,0,0,0,0,709,1,40,0
1990,55,2,0,0,0,0,0,0,0,0
1990,30,1,0,0,0,0,17,3,50,0
1990,30,2,0,0,0,0,0,0,0,0
1990,47,1,3,0,0,1,518,1,50,0
1990,66,2,3,0,0,0,274,3,0,0
1990,54,2,2,0,0,0,779,1,40,0
1990,20,1,1,0,0,0,887,4,40,0
1990,52,1,0,0,0,1,267,3,40,0
1990,50,2,0,0,0,1,22,1,40,0
1990,26,1,1,0,0,0,585,4,40,0
1990,18,2,1,0,0,0,385,4,20,0
1990,47,2,2,0,0,1,95,5,36,0
1990,40,1,0,3,3,1,22,3,50,0
1990,36,2,0,3,3,1,785,1,0,0
1990,22,1,1,0,0,0,257,2,40,0
1990,22,2,1,0,0,1,313,0,40,0
1990,32,1,0,0,0,1,514,4,50,0
1990,29,2,0,0,0,1,315,4,40,0
1990,44,1,0,0,0,0,257,4,40,0
1990,47,2,0,0,0,1,259,1,50,0
1990,50,1,0,0,0,0,22,3,42,0
1990,47,2,0,0,0,0,365,3,23,0
1990,24,2,1,0,0,1,435,3,8,0
1990,22,2,1,0,0,1,276,3,25,0
1990,20,2,1,0,0,1,435,3,35,0
1990,20,2,1,0,0,1,276,5,15,0
1990,20,2,1,0,0,1,274,3,30,0
1990,41,1,0,0,0,1,235,1,40,0
1990,37,2,0,0,0,0,0,0,0,0
1990,73,2,1,0,0,1,0,0,0,0
1990,57,2,3,0,0,0,0,0,0,0
1990,30,1,2,0,0,1,276,3,0,0
1990,53,1,0,0,0,0,637,1,40,0
1990,51,2,0,0,0,0,313,1,37,0
1990,55,1,0,0,0,1,254,4,40,0
1990,53,2,0,0,0,1,95,5,40,0
1990,26,1,1,0,0,0,514,4,40,0
1990,23,2,1,0,0,0,769,1,0,0
1990,25,1,3,0,0,0,434,3,45,0
1990,69,1,0,0,0,1,22,6,24,0
1990,41,2,0,0,0,1,315,1,37,0
1990,44,1,0,0,0,1,22,2,45,0
1990,43,2,0,0,0,0,343,3,30,0
1990,22,2,2,0,0,0,376,0,30,0
1990,19,2,1,0,0,1,319,4,28,0
1990,60,1,0,0,0,0,473,0,40,0
1990,57,2,0,0,0,0,355,2,0,0
1990,24,1,1,0,0,1,473,0,40,0
1990,26,1,0,0,0,1,549,1,40,0
1990,25,2,0,0,0,1,155,5,40,0
1990,56,1,0,0,0,1,769,1,42,0
1990,49,2,0,3,0,1,243,3,24,0
1990,21,1,1,0,0,1,877,3,12,0
1990,58,1,0,0,0,0,567,0,40,0
1990,60,2,0,0,0,1,337,3,40,0
1990,80,2,3,0,0,0,0,0,0,0
1990,30,1,0,0,0,0,783,1,40,0
1990,30,2,0,0,0,0,0,0,0,0
1990,57,2,3,0,0,0,0,0,0,0
1990,79,2,3,0,0,1,0,0,0,0
1990,27,1,0,0,0,1,226,2,40,0
1990,29,2,0,0,0,1,22,3,0,0
1990,45,1,0,0,0,0,22,5,50,0
1990,43,2,0,0,0,0,0,0,0,0
1990,23,1,1,0,0,0,479,0,30,0
1990,19,1,1,0,0,0,486,4,0,0
1990,61,1,0,0,0,1,183,5,40,1
1990,57,2,0,0,0,1,154,5,40,0
1990,52,2,3,0,0,1,95,5,36,0
1990,57,1,3,0,4,1,263,3,48,0
1990,66,2,3,0,2,1,338,6,40,0
1990,52,1,2,1,0,0,909,6,0,0
1990,57,1,3,0,0,1,426,5,40,0
1990,35,2,2,3,3,0,259,3,40,0
1990,51,2,2,0,0,0,789,4,30,0
1990,25,1,1,0,0,0,0,0,0,0
1990,22,1,1,0,0,0,785,3,40,0
1990,27,1,0,0,0,0,558,0,40,0
1990,26,2,0,0,2,1,313,5,40,0
1990,33,1,0,0,0,0,475,0,40,0
1990,29,2,0,0,0,0,385,4,38,0
1990,39,1,0,0,0,1,22,4,50,1
1990,42,2,0,0,0,1,23,4,40,0
1990,40,1,0,0,0,0,507,0,40,0
1990,42,2,0,0,0,1,336,4,40,0
1990,48,2,2,0,0,1,156,5,56,0
1990,51,1,0,0,0,0,804,2,16,1
1990,52,2,0,0,0,0,785,1,40,0
1990,38,1,1,1,0,1,808,6,40,0
1990,55,1,0,0,0,0,0,0,0,0
1990,54,2,0,0,0,0,447,5,22,0
1990,20,1,1,0,0,0,796,1,40,0
1990,28,1,0,0,0,0,734,1,40,0
1990,29,2,0,0,0,0,468,5,7,0
1990,43,2,3,0,0,0,387,5,16,0
1990,51,1,0,0,0,0,549,2,40,0
1990,56,2,0,0,0,0,383,4,40,0
1990,35,1,0,0,0,1,84,5,60,1
1990,32,2,0,0,0,1,203,5,0,0
1990,53,2,3,1,0,0,889,1,56,0
1990,23,1,1,1,0,0,444,3,40,0
1990,26,2,2,0,0,0,435,3,40,0
1990,40,1,1,0,0,0,303,3,40,0
1990,37,2,2,0,0,1,434,5,20,0
1990,54,1,0,0,0,0,883,1,40,0
1990,58,2,0,0,0,0,796,1,40,0
1990,51,1,0,0,0,1,859,1,52,0
1990,50,2,0,0,0,1,207,5,48,0
1990,44,1,0,0,0,1,156,5,60,0
1990,44,2,0,0,0,1,226,6,40,0
1990,18,1,1,0,0,0,278,3,15,0
1990,60,1,0,0,0,1,14,5,50,1
1990,55,2,0,0,0,1,0,0,0,0
1990,59,1,0,0,0,1,195,4,40,0
1990,59,2,0,0,0,1,243,3,0,0
1990,61,1,0,0,0,0,547,2,48,0
1990,59,2,0,0,0,0,0,0,0,0
1990,61,1,0,0,0,1,154,5,50,0
1990,59,2,0,0,0,1,157,5,35,0
1990,43,1,0,0,0,0,766,1,40,0
1990,38,2,0,0,0,0,276,3,24,0
1990,29,1,1,0,0,1,889,6,40,0
1990,60,2,2,0,0,0,0,0,0,0
1990,71,1,3,0,0,0,0,0,0,0
1990,39,1,0,0,0,0,783,4,40,0
1990,35,2,0,0,0,0,319,3,48,0
1990,43,1,0,0,0,0,514,1,40,0
1990,34,2,0,0,0,0,435,3,40,0
1990,34,1,1,0,0,1,188,4,45,0
1990,67,2,3,0,0,1,0,0,0,0
1990,41,1,0,0,0,1,804,2,40,0
1990,42,2,0,0,0,0,0,0,0,0
1990,52,1,0,0,0,1,157,5,40,0
1990,48,2,0,0,0,1,95,6,50,0
1990,19,1,1,0,0,1,436,3,15,0
1990,18,1,1,0,0,0,486,5,3,0
1990,73,1,0,0,0,0,0,0,0,0
1990,71,2,0,0,0,1,0,0,0,0
1990,30,1,0,0,0,0,269,3,40,0
1990,31,2,0,0,0,1,243,3,30,0
1990,40,2,2,0,0,1,276,3,30,0
1990,39,1,0,0,0,1,33,1,40,0
1990,37,2,0,0,0,1,156,5,15,0
1990,42,1,0,0,0,0,804,2,90,1
1990,45,2,0,0,0,1,27,6,42,0
1990,30,2,2,0,0,1,156,5,40,0
1990,27,1,1,0,0,1,418,6,45,0
1990,49,1,0,0,0,1,669,4,40,0
1990,49,2,0,0,0,1,156,5,40,0
1990,24,1,0,0,0,1,804,1,65,0
1990,32,2,0,0,0,1,313,4,20,0
1990,36,1,0,0,0,0,806,1,40,0
1990,35,2,0,0,0,0,276,3,40,0
1990,18,1,1,0,0,0,734,1,32,0
1990,32,1,2,0,0,0,724,1,55,0
1990,24,2,1,0,0,0,888,3,30,0
1990,26,2,0,0,0,0,319,3,40,0
1990,29,1,0,0,0,0,567,1,40,0
1990,47,1,0,0,0,0,365,1,40,0
1990,46,2,0,0,2,0,783,1,40,0
1990,33,2,0,0,0,1,257,2,30,0
1990,31,1,0,0,0,1,628,1,70,0
1990,40,2,2,0,0,0,679,1,38,0
1990,19,1,1,0,0,0,567,0,20,0
1990,59,1,0,0,0,1,628,1,40,0
1990,57,2,0,0,0,0,796,1,40,0
1990,62,1,0,0,0,0,0,0,0,0
1990,61,2,0,0,0,0,0,0,0,0
1990,39,1,0,0,0,1,696,1,50,0
1990,38,2,0,0,0,1,796,1,50,0
1990,65,2,3,0,0,1,0,0,0,0
1990,18,2,1,0,0,0,466,5,30,0
1990,21,1,1,0,0,0,773,5,30,0
1990,52,1,0,0,0,1,243,4,40,1
1990,51,2,0,0,0,0,313,1,40,0
1990,59,2,3,0,0,1,748,4,32,0
1990,29,1,0,0,0,1,156,5,40,0
1990,27,2,0,0,0,1,156,5,40,0
1990,64,1,0,0,0,0,22,5,1,0
1990,61,2,0,0,0,0,313,5,20,0
1990,56,1,0,0,0,1,804,2,50,0
1990,61,2,0,0,0,0,0,0,0,0
1990,53,1,0,0,0,0,856,1,48,1
1990,48,2,0,0,0,0,0,0,0,0
1990,37,1,0,0,0,1,634,1,48,0
1990,35,2,0,0,0,1,22,1,40,0
1990,19,1,1,0,0,0,634,1,10,0
1990,53,1,0,0,0,1,157,5,60,0
1990,52,2,0,0,0,0,156,5,30,0
1990,22,1,0,0,0,0,756,1,48,0
1990,19,2,0,0,0,0,447,5,32,0
1990,22,2,3,1,0,0,0,0,0,0
1990,53,2,2,1,0,1,359,2,40,0
1990,29,2,2,0,0,0,747,1,40,0
1990,28,1,2,0,0,0,889,1,40,0
1990,61,2,3,0,0,0,268,3,40,0
1990,49,1,0,0,0,1,176,5,40,0
1990,44,2,0,0,0,0,337,1,40,0
1990,63,1,0,0,0,0,575,0,0,0
1990,60,2,0,0,0,0,0,0,0,0
1990,36,1,0,0,0,1,523,3,40,0
1990,41,2,0,0,0,1,23,1,40,0
1990,19,1,1,0,0,1,878,1,35,0
1990,69,1,0,0,0,0,486,5,0,0
1990,50,2,0,0,0,0,447,5,99,0
1990,80,2,2,0,0,0,0,0,0,0
1990,38,2,2,0,0,0,628,1,45,0
1990,40,1,2,3,0,0,0,0,0,0
1990,44,1,0,0,2,0,804,1,60,0
1990,43,2,0,0,0,0,274,3,20,0
1990,67,1,1,0,0,0,0,0,0,0
1990,80,2,1,0,0,0,0,0,0,0
1990,71,1,2,0,0,0,0,0,0,0
1990,27,2,3,0,0,0,734,1,40,0
1990,24,1,0,0,0,1,475,0,65,1
1990,22,2,0,0,0,1,313,1,40,0
1990,55,1,2,0,0,0,769,1,40,0
1990,42,1,2,0,0,0,783,1,40,0
1990,78,1,3,0,0,0,443,3,25,0
1990,21,1,0,0,0,1,243,3,41,0
1990,20,2,0,0,0,1,156,5,38,0
1990,79,1,3,0,0,0,0,0,0,0
1990,27,1,0,0,0,0,849,1,40,0
1990,24,2,0,0,0,0,717,1,0,0
1990,40,2,1,0,0,0,259,1,40,0
1990,18,2,1,0,0,0,436,3,20,0
1990,40,1,0,0,0,1,534,0,40,0
1990,39,2,0,0,0,1,313,3,45,0
1990,18,2,1,0,0,0,444,3,20,0
1990,18,2,1,0,0,0,0,0,0,0
1990,66,2,2,0,0,0,0,0,0,0
1990,72,1,0,0,0,0,0,0,0,0
1990,68,2,0,0,0,0,0,0,0,0
1990,47,1,0,0,0,1,57,1,44,1
1990,47,2,0,0,0,0,0,0,0,0
1990,71,1,0,0,0,0,877,3,16,0
1990,60,2,0,0,0,0,777,1,0,0
1990,35,1,0,0,0,1,259,3,60,0
1990,32,2,0,0,0,1,303,1,40,0
1990,66,1,0,0,0,1,14,5,0,0
1990,67,2,0,0,0,1,159,5,15,0
1990,38,1,0,0,0,1,684,2,40,0
1990,36,2,0,0,0,0,319,5,0,0
1990,52,1,0,0,0,1,159,5,40,0
1990,50,2,0,0,0,0,355,2,47,0
1990,61,1,0,0,0,1,628,2,0,1
1990,51,2,0,0,0,0,0,0,0,0
1990,59,2,3,0,0,0,0,0,0,0
1990,39,1,2,1,0,1,0,0,0,0
1990,51,1,0,0,0,0,804,0,40,0
1990,47,2,0,0,0,0,383,4,24,0
1990,27,2,1,0,0,1,435,3,37,0
1990,34,2,0,0,0,0,379,4,0,0
1990,25,1,0,0,0,0,628,1,40,0
1990,45,2,2,0,0,1,313,1,40,0
1990,42,1,0,0,0,1,889,3,55,0
1990,30,2,0,0,0,0,435,3,30,0
1990,48,1,0,0,0,1,55,2,40,1
1990,45,2,0,0,0,0,458,4,20,0
1990,23,1,1,0,0,1,684,1,40,0
1990,19,2,1,0,0,1,436,3,40,0
1990,18,1,1,0,0,0,436,5,30,0
1990,44,1,0,0,0,1,558,0,65,0
1990,45,2,0,0,0,1,266,3,8,0
1990,61,1,0,0,0,0,575,1,0,0
1990,77,2,0,0,0,0,0,0,0,0
1990,29,1,0,0,0,0,22,1,40,0
1990,26,2,0,0,0,0,785,1,48,0
1990,36,1,0,0,0,0,453,4,27,0
1990,34,2,0,0,0,0,0,0,0,0
1990,57,1,0,0,0,0,0,0,0,0
1990,58,2,0,0,0,0,0,0,0,0
1990,33,1,1,0,0,1,796,1,40,0
1990,29,1,0,0,0,0,853,0,52,0
1990,24,2,0,0,0,1,337,1,40,0
1990,44,1,0,0,0,0,0,0,0,0
1990,41,2,0,0,0,0,436,3,52,0
1990,18,2,1,0,0,0,0,0,0,0
1990,61,1,0,0,0,0,844,0,0,0
1990,62,2,0,0,0,0,0,0,0,0
1990,30,1,0,0,0,1,156,5,45,0
1990,31,2,0,0,0,0,379,2,40,0
1990,48,1,0,0,0,1,549,2,55,1
1990,42,2,0,0,0,1,276,3,35,0
1990,48,1,0,0,0,1,365,1,40,0
1990,46,2,0,0,0,1,313,6,40,0
1990,19,2,1,0,0,0,438,3,20,0
1990,30,1,1,1,0,1,844,0,0,0
1990,74,1,3,0,0,0,0,0,0,0
1990,40,1,0,0,0,1,503,3,60,0
1990,36,2,0,0,0,1,275,4,14,0
1990,18,2,1,0,0,0,315,6,20,0
1990,62,1,3,0,0,0,804,0,40,0
1990,55,2,2,0,0,0,0,0,0,0
1990,21,1,0,0,0,0,779,1,40,0
1990,21,2,0,3,0,0,0,0,0,0
1990,78,1,0,0,0,0,0,0,0,0
1990,74,2,0,0,0,0,0,0,0,0
1990,61,1,0,0,0,0,453,5,40,0
1990,48,2,0,0,0,1,37,5,40,0
1990,53,1,2,0,0,0,0,0,0,0
1990,27,1,0,1,4,1,453,4,30,0
1990,27,2,0,0,0,1,197,5,41,0
1990,67,1,0,0,0,0,23,2,20,0
1990,69,2,0,0,0,1,379,2,24,0
1990,21,2,1,0,0,1,175,4,0,0
1990,51,1,2,0,0,0,779,1,40,0
1990,55,1,3,1,0,0,0,0,0,0
1990,58,2,3,1,0,0,469,6,32,0
1990,37,2,3,1,0,1,799,1,40,0
1990,21,2,1,1,0,0,27,4,0,0
1990,52,1,0,0,0,0,263,3,50,0
1990,48,2,0,0,0,0,777,1,48,0
1990,34,1,0,0,0,0,22,4,60,0
1990,34,2,0,0,0,0,0,0,0,0
1990,37,2,1,0,0,1,5,6,40,0
1990,49,1,0,0,0,1,22,6,40,1
1990,46,2,0,0,0,1,467,5,9,0
1990,21,1,1,0,0,1,889,1,40,0
1990,57,1,0,0,0,0,453,4,20,0
1990,53,2,0,0,0,0,0,0,0,0
1990,73,2,3,0,0,0,379,0,22,0
1990,45,1,0,0,0,1,486,0,40,0
1990,46,2,0,0,0,1,14,5,45,0
1990,22,1,1,0,0,1,276,3,20,0
1990,62,1,0,0,0,0,753,1,0,0
1990,63,2,0,0,0,0,0,0,0,0
1990,73,2,3,0,0,0,0,0,0,0
1990,51,1,2,0,0,0,479,0,30,0
1990,43,1,0,0,0,1,22,0,60,1
1990,39,2,0,0,0,1,436,5,10,0
1990,80,2,3,0,0,1,156,5,20,0
1990,76,2,3,0,0,0,0,0,0,0
1990,64,1,0,0,0,0,0,0,0,0
1990,65,2,0,0,0,0,0,0,0,0
1990,38,1,0,0,0,0,779,1,40,0
1990,37,2,0,0,0,0,313,5,40,0
1990,51,1,0,0,0,0,628,1,45,0
1990,49,2,0,0,0,1,458,4,32,0
1990,25,2,1,0,0,0,785,1,40,0
1990,21,1,1,0,0,0,785,1,50,0
1990,21,1,1,0,0,1,365,5,30,0
1990,38,1,0,0,0,0,637,1,40,0
1990,39,2,0,0,0,1,207,5,42,0
1990,27,1,0,0,0,0,759,1,40,0
1990,25,2,0,0,0,0,217,0,40,0
1990,67,1,0,0,0,0,473,0,8,0
1990,63,2,0,0,0,0,0,0,0,0
1990,80,2,3,0,0,0,0,0,0,0
1990,39,1,0,0,0,1,804,2,15,0
1990,40,2,0,0,0,1,156,5,40,0
1990,26,2,0,0,0,0,804,0,40,0
1990,30,1,0,0,0,1,796,1,40,0
1990,44,1,0,0,0,0,634,1,56,0
1990,37,2,0,0,0,0,0,0,0,0
1990,52,1,0,0,0,0,355,2,40,0
1990,52,2,0,0,2,0,355,2,44,0
1990,37,1,0,0,0,1,354,2,42,0
1990,27,2,0,0,0,1,243,3,0,0
1990,52,1,0,3,3,1,84,5,60,1
1990,49,2,0,3,3,1,447,5,8,0
1990,20,1,1,3,0,1,453,0,0,0
1990,50,1,0,0,0,0,704,1,40,0
1990,46,2,0,0,0,0,796,1,40,0
1990,73,1,0,0,0,0,473,0,42,0
1990,62,2,0,0,0,0,307,2,0,0
1990,68,2,0,0,0,0,0,0,0,0
1990,49,1,3,0,0,0,877,3,0,0
1990,30,1,0,0,0,1,243,3,40,0
1990,28,2,0,0,0,1,174,5,40,0
1990,58,1,0,0,0,0,869,0,0,0
1990,47,2,0,0,0,1,889,1,40,0
1990,25,2,1,0,0,0,785,1,40,0
1990,39,2,0,0,0,0,756,1,40,0
1990,40,1,0,0,0,0,779,1,40,0
1990,18,1,1,0,0,1,785,1,0,0
1990,28,1,2,0,0,0,567,3,45,0
1990,29,1,0,0,0,1,526,4,45,0
1990,31,2,0,0,0,0,337,0,50,0
1990,42,1,0,0,0,0,269,3,0,0
1990,43,2,0,0,0,0,337,1,40,0
1990,23,2,1,0,0,1,335,5,40,0
1990,29,1,0,0,0,1,628,1,50,1
1990,29,2,0,0,0,1,0,0,0,0
1990,57,1,0,0,0,0,13,1,50,1
1990,56,2,0,0,0,0,337,4,50,0
1990,34,1,0,0,0,0,877,3,40,0
1990,31,2,0,0,0,1,0,0,0,0
1990,50,1,0,0,0,0,507,2,46,0
1990,48,2,0,0,0,1,315,4,38,0
1990,51,2,2,0,0,0,579,5,40,0
1990,48,1,0,0,0,0,529,4,0,0
1990,46,2,0,0,0,0,337,1,0,0
1990,58,1,0,0,0,1,176,5,58,0
1990,59,2,0,0,0,1,0,0,0,0
1990,73,1,3,0,0,0,0,0,0,0
1990,37,1,2,0,0,0,0,0,0,0
1990,48,1,0,1,0,0,689,1,40,0
1990,52,2,0,1,0,0,777,1,40,0
1990,33,1,1,1,0,1,877,1,40,0
1990,48,1,0,0,0,0,636,1,45,0
1990,41,2,0,0,0,1,319,5,40,0
1990,61,1,0,0,0,0,0,0,0,0
1990,63,2,0,0,0,0,0,0,0,0
1990,78,1,0,0,0,0,0,0,0,0
1990,77,2,0,0,0,0,0,0,0,0
1990,26,2,0,0,0,1,725,1,49,0
1990,28,1,0,0,0,1,365,1,45,0
1990,41,2,0,0,0,0,313,3,42,0
1990,37,1,0,0,0,0,453,5,40,0
1990,18,2,1,0,0,1,339,0,4,0
1990,50,1,2,0,0,1,473,0,60,0
1990,42,1,0,0,0,0,628,2,50,0
1990,38,2,0,0,0,1,479,0,35,0
1990,20,2,1,0,0,1,736,1,40,0
1990,54,1,0,0,0,0,797,1,40,0
1990,50,2,0,0,0,0,0,0,0,0
1990,71,1,0,0,0,0,0,0,0,0
1990,64,2,0,0,0,0,0,0,0,0
1990,64,1,1,0,0,0,0,0,0,0
1990,18,2,1,0,0,1,313,5,15,0
1990,28,1,0,0,0,1,653,1,50,0
1990,28,2,0,0,0,1,274,3,0,0
1990,25,1,0,2,1,0,889,1,40,0
1990,21,2,0,0,0,0,889,1,40,0
1990,76,2,3,0,2,0,0,0,0,0
1990,67,2,3,0,0,0,0,0,0,0
1990,30,1,1,0,0,0,567,0,0,0
1990,39,1,0,0,0,0,637,1,40,0
1990,35,2,0,3,3,0,0,0,0,0
1990,42,1,0,0,0,0,473,0,40,0
1990,40,2,0,0,0,0,259,3,0,0
1990,20,1,1,0,0,0,883,2,20,0
1990,18,1,1,0,0,0,453,3,45,0
1990,35,1,2,2,1,0,889,1,40,0
1990,30,2,2,2,0,0,796,1,40,0
1990,47,2,0,0,0,0,307,1,45,0
1990,45,1,0,0,0,0,505,3,0,0
1990,26,1,0,0,0,1,364,1,45,0
1990,26,2,0,0,0,1,668,4,40,0
1990,30,1,0,0,0,0,804,1,40,0
1990,32,2,0,0,0,0,467,5,24,0
1990,65,1,2,0,0,0,0,0,0,0
1990,43,1,0,0,0,0,533,1,40,0
1990,44,2,0,0,0,1,348,5,40,0
1990,21,2,1,0,0,1,243,3,40,0
1990,19,2,1,0,0,0,274,3,20,0
1990,36,1,0,0,0,1,783,0,50,1
1990,37,2,0,0,0,1,379,1,40,0
1990,47,1,0,0,0,1,637,1,52,0
1990,46,2,0,0,0,0,453,3,20,0
1990,61,1,3,3,0,0,796,1,60,1
1990,20,1,1,3,0,0,804,3,40,0
1990,19,2,1,3,0,1,276,3,40,0
1990,31,1,0,0,0,1,22,1,40,0
1990,31,2,0,0,0,1,389,1,40,0
1990,64,1,0,0,0,1,26,1,40,1
1990,62,2,0,0,0,0,0,0,0,0
1990,28,1,1,0,0,1,777,1,45,0
1990,46,2,2,0,0,0,808,2,40,0
1990,31,2,0,0,0,0,0,0,0,0
1990,43,1,0,0,0,0,453,4,35,0
1990,50,1,2,1,0,0,779,1,40,1
1990,68,1,1,0,0,0,479,0,18,0
1990,38,1,0,0,0,1,453,4,50,0
1990,37,2,0,0,0,1,453,4,25,0
1990,58,1,0,0,0,1,156,5,40,0
1990,63,2,0,0,0,0,0,0,0,0
1990,33,2,2,0,0,0,785,1,40,0
1990,60,2,2,0,0,1,156,5,50,0
1990,33,2,1,0,0,1,156,5,25,0
1990,71,2,3,0,0,0,0,0,0,0
1990,68,2,3,0,0,1,243,3,0,1
1990,40,1,0,0,0,1,856,1,65,0
1990,39,2,0,0,0,0,0,0,0,0
1990,37,1,0,0,0,0,706,1,40,0
1990,30,2,0,0,0,0,0,0,0,0
1990,57,1,0,0,0,0,585,1,46,0
1990,46,2,0,0,0,0,276,3,32,0
1990,22,1,1,0,0,0,779,1,0,0
1990,38,1,0,0,0,0,365,1,40,0
1990,38,2,0,0,0,0,877,3,0,0
1990,25,1,0,0,0,0,567,0,30,0
1990,22,2,0,0,0,0,436,3,10,0
1990,72,2,2,0,0,0,0,0,0,0
1990,48,1,0,0,0,1,785,1,46,1
1990,49,2,0,0,2,1,466,5,50,0
1990,23,1,1,0,0,1,486,0,40,0
1990,21,1,1,0,0,0,444,3,40,0
1990,71,2,3,0,0,0,0,0,0,0
1990,34,1,0,0,0,1,386,2,40,0
1990,31,2,0,0,0,1,188,0,0,0
1990,79,1,0,0,0,0,0,0,0,0
1990,32,1,0,0,0,0,233,1,50,1
1990,31,2,0,0,0,1,95,5,18,0
1990,34,1,0,0,0,0,628,1,45,0
1990,38,2,0,0,0,0,259,3,42,1
1990,18,1,1,0,0,0,453,4,40,0
1990,48,1,0,0,0,1,695,2,40,0
1990,48,2,0,0,0,0,17,3,30,0
1990,20,1,1,0,0,0,514,1,20,0
1990,25,2,3,0,0,0,435,3,15,0
1990,66,1,0,0,0,0,783,1,0,0
1990,61,2,0,0,0,0,0,0,0,0
1990,51,1,0,0,0,1,533,1,48,0
1990,51,2,0,0,0,1,313,5,40,0
1990,37,1,0,0,0,0,558,0,55,1
1990,34,2,0,0,0,0,436,3,32,0
1990,71,1,2,0,0,0,379,5,3,0
1990,49,1,0,0,0,1,185,1,55,0
1990,47,2,0,0,0,0,0,0,0,0
1990,20,2,1,0,0,1,379,3,20,0
1990,29,1,0,0,0,0,556,0,40,0
1990,25,2,0,0,0,1,29,3,40,0
1990,18,1,1,0,0,1,175,5,35,0
1990,28,2,1,3,0,1,163,5,20,0
1990,18,2,1,2,0,0,313,4,42,0
1990,19,1,1,0,0,0,435,3,20,0
1990,20,1,1,3,0,1,17,3,29,0
1990,21,2,1,0,0,1,264,3,35,0
1990,21,2,1,0,0,1,435,3,40,0
1990,22,2,1,0,0,1,469,3,25,0
1990,21,2,1,0,0,1,235,2,40,0
1990,21,2,1,0,1,1,277,5,45,0
1990,69,2,3,0,0,1,0,0,0,1
1990,22,2,1,3,3,1,435,3,60,0
1990,21,2,1,2,0,1,435,3,15,0
1990,21,2,1,0,0,1,37,5,15,0
1990,22,2,1,0,0,1,337,3,30,0
1990,27,2,1,3,0,1,84,5,60,0
1990,26,1,1,3,0,1,323,5,50,0
1990,20,1,1,0,0,1,18,4,99,0
1990,20,1,1,0,0,1,887,5,40,0
1990,22,1,1,0,0,1,804,4,40,0
1990,21,1,1,0,0,1,206,5,40,0
1990,20,1,1,0,0,1,329,5,45,0
1990,21,1,1,0,0,1,529,2,40,0
1990,21,1,1,0,0,1,628,1,52,0
1990,25,1,0,0,0,1,7,4,40,0
1990,21,2,0,0,0,0,315,5,40,0
1990,49,1,0,0,0,1,154,5,50,1
1990,46,2,0,0,0,1,95,5,40,0
1990,22,2,1,0,0,1,8,5,20,0
1990,23,2,1,0,0,1,274,3,15,0
1990,49,2,0,0,0,1,8,5,40,0
1990,50,1,0,0,0,1,243,3,60,0
1990,39,2,2,0,0,1,447,5,60,0
1990,43,1,0,0,0,1,229,5,24,0
1990,44,2,0,0,0,1,178,5,45,1
1990,43,2,1,0,0,1,195,2,40,0
1990,63,1,0,3,3,1,164,5,40,1
1990,58,2,0,3,3,1,156,5,40,0
1990,40,1,0,0,0,1,243,3,45,1
1990,33,2,0,0,0,1,274,3,35,0
1990,28,2,1,0,0,1,43,0,40,0
1990,27,1,1,0,0,1,53,5,45,0
1990,49,2,1,0,0,1,156,5,40,0
1990,23,2,1,0,0,0,274,3,40,0
1990,28,1,1,0,0,1,274,3,35,0
1990,76,2,2,0,0,1,0,0,0,0
1990,46,1,0,0,0,1,85,5,50,1
1990,45,2,0,0,0,1,22,5,15,0
1990,18,1,1,0,0,1,486,0,10,0
1990,25,2,1,0,0,1,23,5,40,0
1990,29,2,1,0,0,1,267,3,0,0
1990,78,1,0,0,2,1,229,1,24,1
1990,45,1,2,0,4,1,154,5,40,0
1990,61,1,0,0,0,1,567,0,50,0
1990,61,2,0,0,0,1,313,5,48,0
1990,31,1,0,1,0,1,267,3,45,0
1990,29,2,0,1,0,1,98,5,48,0
1990,63,1,2,0,0,1,254,4,40,0
1990,49,2,2,0,0,0,254,4,40,0
1990,38,1,0,0,0,1,22,1,40,0
1990,41,2,0,0,0,1,33,5,45,0
1990,38,1,0,0,0,1,785,1,40,0
1990,40,2,0,0,0,1,95,5,40,0
1990,79,1,3,0,0,0,0,0,0,0
1990,30,1,0,0,0,1,22,5,50,0
1990,30,2,0,0,0,1,22,1,45,0
1990,32,1,2,0,0,1,505,4,0,0
1990,60,1,0,0,0,1,84,5,53,1
1990,59,2,0,0,0,1,319,5,0,0
1990,42,1,3,2,0,0,785,1,0,0
1990,53,1,0,0,0,1,423,6,40,0
1990,33,2,0,0,0,0,313,6,40,0
1990,47,1,2,0,0,1,785,1,40,0
1990,71,2,3,0,0,0,0,0,0,0
1990,53,1,0,0,0,0,243,3,50,1
1990,52,2,0,0,0,0,337,0,40,0
1990,35,1,0,0,0,1,575,0,40,0
1990,33,2,0,0,0,1,385,1,15,0
1990,79,2,3,0,0,0,0,0,0,0
1990,34,1,1,0,0,1,417,1,40,0
1990,69,1,0,0,0,1,473,0,12,0
1990,63,2,0,0,2,1,447,5,40,0
1990,34,2,1,0,0,1,95,5,40,0
1990,70,2,3,0,0,0,453,4,45,0
1990,29,1,1,1,0,0,444,3,25,0
1990,54,1,0,0,0,1,257,4,20,0
1990,53,2,0,0,0,0,0,0,0,0
1990,62,1,0,0,0,1,22,1,0,0
1990,63,2,0,0,0,0,435,3,0,0
1990,38,1,0,0,0,1,533,1,40,0
1990,36,2,0,0,0,0,0,0,0,0
1990,67,1,0,0,0,1,804,6,17,0
1990,54,2,0,0,0,0,97,5,20,0
1990,25,1,1,0,0,0,588,0,35,0
1990,24,2,1,0,0,0,804,2,17,0
1990,49,1,0,0,0,1,57,1,40,0
1990,48,2,0,0,2,0,0,0,0,0
1990,21,1,1,0,0,1,436,3,33,0
1990,63,2,3,0,0,0,0,0,0,0
1990,42,1,1,0,0,0,444,3,20,0
1990,40,1,0,0,0,1,259,3,40,0
1990,38,2,0,0,0,0,458,4,20,0
1990,59,1,0,0,0,1,189,4,50,1
1990,58,2,0,0,0,1,22,5,50,0
1990,19,2,1,0,0,0,276,3,40,0
1990,34,2,1,0,0,0,407,4,0,0
1990,51,1,0,0,0,0,365,1,48,0
1990,47,2,0,0,0,0,0,0,0,0
1990,24,1,1,0,0,0,785,0,40,0
1990,39,1,0,0,0,1,255,4,50,1
1990,34,2,0,0,0,1,97,5,16,0
1990,48,2,1,1,0,1,785,1,50,0
1990,19,1,1,1,0,0,426,3,20,0
1990,71,2,2,1,0,0,444,3,0,0
1990,58,1,3,1,0,0,21,5,40,0
1990,72,1,3,0,0,0,703,1,0,0
1990,29,1,0,0,0,0,503,5,40,0
1990,32,2,0,0,0,1,17,3,50,0
1990,63,1,3,1,0,0,0,0,0,0
1990,70,1,3,1,0,0,0,0,0,0
1990,67,2,3,1,0,0,0,0,0,0
1990,44,1,3,1,0,1,785,1,40,0
1990,25,2,1,1,0,1,447,5,40,0
1990,35,2,1,1,0,0,0,0,0,0
1990,31,1,1,1,0,0,0,0,0,0
1990,22,1,1,0,0,1,877,3,30,0
1990,19,2,1,0,0,1,444,3,20,0
1990,18,2,1,0,0,1,276,3,28,0
1990,26,2,1,3,3,1,0,0,0,0
1990,49,1,0,1,0,0,426,2,40,0
1990,46,2,0,1,0,0,385,5,40,0
1990,27,2,1,1,0,1,447,5,20,0
1990,50,2,2,0,0,0,484,0,30,0
1990,40,2,1,0,0,1,387,5,45,0
1990,72,2,2,0,0,0,436,3,0,0
1990,65,1,0,0,0,1,415,1,0,1
1990,63,2,0,0,0,0,0,0,0,0
1990,41,2,3,1,0,0,628,1,24,0
1990,21,2,1,1,0,1,0,0,0,0
1990,26,1,0,1,0,1,259,1,60,0
1990,23,2,0,1,0,1,257,4,20,0
1990,36,1,0,0,0,1,258,1,55,1
1990,33,2,0,0,0,1,319,4,50,0
1990,31,2,3,1,0,0,0,0,0,0
1990,59,1,0,0,0,0,769,1,40,0
1990,60,2,0,0,0,0,769,1,40,0
1990,53,1,2,1,0,0,785,1,40,0
1990,28,1,1,0,0,0,0,0,0,0
1990,51,2,3,1,0,0,0,0,0,0
1990,67,2,3,1,0,0,0,0,0,0
1990,37,2,3,1,0,1,274,5,20,0
1990,34,2,1,0,0,1,376,1,40,0
1990,23,1,1,1,0,1,443,3,40,0
1990,24,1,1,1,0,0,0,0,0,0
1990,49,2,2,1,0,0,0,0,0,0
1990,26,1,1,1,0,0,889,1,40,0
1990,35,2,1,1,0,0,449,5,0,0
1990,73,2,3,1,0,0,0,0,0,0
1990,39,1,1,1,0,0,909,6,0,0
1990,27,2,1,1,0,0,0,0,0,0
1990,19,2,1,1,0,0,889,3,40,0
1990,25,1,0,1,0,0,243,3,40,0
1990,20,2,0,1,0,1,785,1,40,0
1990,31,2,1,1,0,1,447,5,40,0
1990,24,1,3,1,0,0,259,3,45,0
1990,77,1,3,1,0,0,0,0,0,0
1990,33,2,1,1,0,0,0,0,0,0
1990,24,1,1,1,0,0,909,6,0,0
1990,23,2,1,1,0,0,677,3,0,0
1990,28,2,1,1,0,0,407,4,30,0
1990,63,1,2,1,0,1,163,5,40,0
1990,69,2,3,1,0,0,447,5,0,0
1990,79,1,1,0,0,0,0,0,0,0
1990,39,2,1,1,0,1,0,0,0,0
1990,18,1,1,1,0,0,436,3,20,0
1990,63,2,3,1,0,0,0,0,0,0
1990,20,1,1,1,0,0,459,5,0,0
1990,73,1,3,1,0,0,0,0,0,0
1990,72,2,3,1,0,0,0,0,0,0
1990,36,2,2,1,0,0,689,1,40,0
1990,71,1,0,0,0,0,0,0,0,0
1990,68,2,0,0,0,0,0,0,0,0
1990,42,1,0,0,0,1,418,6,40,0
1990,42,2,0,0,0,1,95,5,24,0
1990,20,2,1,0,0,1,267,3,20,0
1990,19,2,1,0,0,1,467,5,20,0
1990,43,1,2,1,0,0,785,1,56,0
1990,44,2,1,1,0,0,808,5,37,0
1990,21,2,1,1,0,0,276,3,29,0
1990,29,2,1,1,0,0,0,0,0,0
1990,28,2,1,1,0,0,453,4,18,0
1990,29,1,1,0,0,1,22,4,40,0
1990,71,2,3,0,0,0,0,0,0,0
1990,38,1,1,0,0,0,877,3,28,0
1990,31,1,0,0,0,1,7,1,65,0
1990,33,2,0,0,0,0,308,1,20,0
1990,49,1,2,0,0,1,176,5,50,0
1990,45,1,0,1,0,0,785,1,40,0
1990,41,2,0,1,0,0,447,5,40,0
1990,34,2,1,1,0,0,449,5,40,0
1990,43,1,1,1,0,0,909,6,0,0
1990,39,1,0,1,0,1,864,5,0,0
1990,39,2,0,1,0,1,337,3,40,0
1990,44,1,2,1,0,0,686,1,0,0
1990,35,2,2,1,0,1,0,0,0,0
1990,18,2,1,1,0,0,276,3,6,0
1990,66,2,0,1,0,0,387,5,0,0
1990,42,1,3,1,0,0,0,0,0,0
1990,37,1,1,1,0,0,355,2,40,0
1990,25,1,1,1,0,0,453,3,40,0
1990,19,1,1,1,0,0,785,1,40,0
1990,61,2,0,1,0,0,0,0,0,0
1990,62,1,0,1,0,0,0,0,0,0
1990,80,2,3,1,0,0,0,0,0,0
1990,56,1,2,1,0,0,869,0,40,0
1990,78,2,3,1,0,0,0,0,0,0
1990,77,2,3,1,0,0,0,0,0,0
1990,62,2,3,1,0,1,0,0,0,0
1990,61,1,2,1,0,0,0,0,0,0
1990,37,2,2,1,0,1,276,3,25,0
1990,68,2,3,1,0,0,0,0,0,0
1990,60,2,1,1,0,0,0,0,0,0
1990,43,2,2,1,0,0,276,3,40,0
1990,24,1,1,1,0,1,243,3,40,0
1990,23,2,1,1,0,1,276,4,20,0
1990,20,1,1,1,0,0,748,4,40,0
1990,35,2,2,1,0,0,405,4,0,0
1990,64,2,3,1,0,0,0,0,0,0
1990,68,2,0,1,0,1,0,0,0,0
1990,44,1,3,1,0,0,0,0,0,0
1990,31,2,1,0,0,1,21,5,45,0
1990,31,1,1,0,0,0,0,0,0,0
1990,30,1,0,0,0,0,486,0,40,0
1990,32,2,0,0,0,0,0,0,0,0
1990,72,2,3,0,0,0,265,3,0,0
1990,41,2,2,1,0,1,0,0,0,0
1990,31,1,0,1,0,1,869,0,40,0
1990,27,2,0,1,0,1,354,2,40,0
1990,53,1,0,0,0,0,0,0,0,0
1990,52,2,0,0,0,0,0,0,0,0
1990,38,1,0,1,0,1,224,1,40,0
1990,38,2,0,1,0,0,375,4,35,0
1990,71,1,0,0,0,0,379,3,0,0
1990,67,2,0,0,0,0,0,0,0,0
1990,29,1,1,0,0,1,216,2,40,0
1990,62,1,0,0,0,0,804,1,40,0
1990,54,2,0,0,0,1,319,5,35,0
1990,41,2,2,3,0,1,453,6,40,0
1990,48,2,0,1,0,1,274,5,0,0
1990,53,1,0,1,0,0,779,1,30,0
1990,21,1,1,1,0,1,706,1,40,0
1990,19,1,1,1,0,1,379,5,40,0
1990,18,1,1,1,0,0,779,5,8,0
1990,29,2,1,1,0,0,0,0,0,0
1990,56,1,0,1,0,0,804,3,40,0
1990,52,2,0,1,0,1,503,2,36,0
1990,25,2,1,1,0,0,0,0,0,0
1990,43,2,3,1,0,0,313,5,37,0
1990,24,1,1,1,0,1,365,1,40,0
1990,46,2,2,1,0,0,796,4,0,0
1990,21,2,1,1,0,0,748,4,40,0
1990,18,1,1,1,0,0,0,0,0,0
1990,25,2,1,1,0,0,0,0,0,0
1990,62,1,2,1,0,0,448,2,0,0
1990,37,2,2,1,0,1,379,2,40,0
1990,51,2,2,1,0,0,0,0,0,0
1990,31,1,2,1,0,0,458,4,40,0
1990,77,2,3,0,0,0,0,0,0,0
1990,45,1,0,1,0,0,785,1,0,0
1990,44,2,0,1,0,0,337,1,40,0
1990,59,1,0,0,0,0,686,3,40,0
1990,56,2,0,0,0,0,22,4,40,0
1990,74,2,3,0,0,0,0,0,0,0
1990,67,1,0,1,0,0,0,0,0,0
1990,55,2,0,1,0,0,0,0,0,0
1990,22,1,1,1,0,1,0,0,0,0
1990,21,1,1,1,0,0,0,0,0,0
1990,19,2,1,1,0,0,0,0,0,0
1990,76,2,3,0,0,0,0,0,0,0
1990,75,1,0,1,0,0,0,0,0,0
1990,71,2,0,1,0,0,376,4,0,0
1990,42,2,3,1,0,0,436,3,40,0
1990,40,1,0,1,0,0,785,1,40,1
1990,36,2,0,1,0,0,757,1,0,0
1990,55,1,0,1,0,0,518,1,40,0
1990,56,2,0,1,0,0,276,3,40,0
1990,30,1,1,1,0,0,444,4,40,0
1990,28,1,3,1,0,1,449,5,40,0
1990,57,2,1,1,0,0,386,2,37,0
1990,69,2,3,1,0,0,0,0,0,0
1990,23,2,3,1,0,0,0,0,0,0
1990,33,2,1,1,0,0,426,6,40,0
1990,46,2,2,1,0,1,377,5,37,0
1990,38,1,2,1,0,1,159,5,40,0
1990,32,2,1,1,0,1,313,4,0,0
1990,38,1,1,1,0,0,426,4,40,0
1990,65,1,3,1,0,1,0,0,0,0
1990,24,1,1,0,0,0,486,0,30,0
1990,35,2,1,1,0,1,315,6,40,0
1990,49,2,3,1,0,0,0,0,0,0
1990,49,2,2,0,0,1,447,5,0,0
1990,71,1,0,1,0,0,0,0,0,0
1990,67,2,0,1,0,0,0,0,0,0
1990,33,2,3,1,0,0,777,1,0,0
1990,24,2,1,1,0,0,378,4,40,0
1990,74,1,0,1,0,0,0,0,0,0
1990,63,2,0,1,0,0,283,4,16,0
1990,47,2,2,1,0,1,467,5,40,0
1990,20,2,1,1,0,0,276,3,25,0
1990,54,2,2,1,0,1,264,3,16,0
1990,28,2,1,1,0,1,375,4,40,0
1990,31,1,0,1,0,1,23,1,43,0
1990,36,1,0,1,0,1,375,4,48,0
1990,31,2,0,1,0,1,197,2,45,1
1990,55,2,2,1,0,1,379,6,0,0
1990,62,2,3,1,0,0,0,0,0,0
1990,73,1,0,1,0,0,0,0,0,0
1990,65,2,0,1,0,0,0,0,0,0
1990,54,1,3,1,0,0,426,5,40,0
1990,43,1,0,1,0,1,414,6,40,0
1990,33,2,0,1,0,1,27,6,40,0
1990,36,2,1,1,0,0,468,5,0,0
1990,26,1,1,1,0,0,259,1,0,0
1990,56,2,2,1,0,0,436,3,20,0
1990,56,1,0,1,0,1,23,5,30,0
1990,50,2,0,1,0,1,385,6,32,0
1990,44,2,0,1,0,1,5,6,30,0
1990,64,1,0,1,0,1,887,3,40,0
1990,25,1,1,1,0,0,514,4,40,0
1990,71,2,3,1,0,0,0,0,0,0
1990,72,2,3,1,0,0,0,0,0,0
1990,57,1,3,1,0,1,889,1,0,0
1990,48,2,3,1,0,1,95,5,40,0
1990,30,2,1,1,0,0,447,5,0,0
1990,29,1,2,1,0,0,436,3,50,0
1990,34,2,2,1,0,1,0,0,0,0
1990,49,2,2,1,0,0,313,1,40,0
1990,39,2,2,1,0,1,243,3,55,0
1990,22,2,1,1,0,0,276,3,30,0
1990,38,1,1,1,0,1,197,5,40,0
1990,71,2,2,1,0,0,744,1,0,0
1990,30,2,1,1,0,0,0,0,0,0
1990,29,2,3,1,0,0,316,6,0,0
1990,36,1,1,1,0,1,378,3,32,0
1990,21,1,1,1,0,0,365,3,35,0
1990,39,2,3,1,0,0,909,6,0,0
1990,39,1,1,1,0,0,453,5,40,0
1990,18,1,1,1,0,0,0,0,0,0
1990,29,1,1,1,1,0,766,1,40,0
1990,47,1,1,1,0,0,0,0,0,0
1990,32,2,1,1,0,0,189,2,0,0
1990,75,2,3,1,0,1,0,0,0,0
1990,38,1,1,1,0,0,785,1,40,0
1990,62,1,1,1,0,1,379,1,40,1
1990,33,2,1,1,0,1,276,3,0,0
1990,73,1,3,1,0,0,0,0,0,0
1990,36,1,1,1,0,0,0,0,0,0
1990,35,1,1,1,0,0,889,1,40,0
1990,47,2,1,1,0,0,313,4,40,0
1990,69,2,3,1,0,0,0,0,0,0
1990,35,1,1,0,0,0,243,3,38,0
1990,36,1,2,1,0,1,228,5,10,0
1990,32,1,1,0,4,1,166,5,40,0
1990,19,1,1,1,0,1,365,3,0,0
1990,70,2,1,1,0,0,0,0,0,0
1990,38,1,2,1,0,0,0,0,0,0
1990,32,2,1,1,0,0,0,0,0,0
1990,42,1,1,1,0,1,203,5,0,0
1990,33,2,1,0,0,1,453,4,0,0
1990,76,1,0,1,0,0,0,0,0,0
1990,68,2,0,1,0,0,0,0,0,0
1990,45,1,1,1,0,0,0,0,0,0
1990,63,2,3,1,0,1,0,0,0,0
1990,28,1,1,1,0,1,463,2,40,0
1990,18,1,1,1,0,0,436,3,20,0
1990,70,1,0,1,0,0,0,0,0,0
1990,52,2,0,1,0,0,0,0,0,0
1990,26,2,1,1,0,1,276,3,25,0
1990,36,2,2,1,0,0,447,5,99,0
1990,43,2,2,1,0,0,744,1,40,0
1990,18,1,1,1,0,0,0,0,0,0
1990,20,2,1,1,0,0,0,0,0,0
1990,21,2,1,1,0,0,0,0,0,0
1990,32,1,0,1,0,1,538,3,40,0
1990,27,2,0,1,0,1,385,3,40,0
1990,48,1,1,1,0,1,156,5,40,0
1990,77,1,0,1,0,0,0,0,0,0
1990,54,1,0,1,0,0,373,1,40,0
1990,56,2,0,1,0,0,447,5,40,0
1990,21,2,1,1,0,1,447,5,40,0
1990,21,2,1,1,0,0,0,0,0,0
1990,66,2,2,1,0,1,0,0,0,0
1990,64,2,1,1,0,1,0,0,0,0
1990,23,1,0,1,0,0,444,5,32,0
1990,21,2,0,1,0,0,447,5,40,0
1990,35,2,3,1,0,1,213,1,40,0
1990,25,2,1,1,0,1,22,5,40,0
1990,41,1,2,1,0,0,0,0,0,0
1990,39,1,1,0,0,0,909,6,0,0
1990,66,1,1,0,0,0,0,0,0,0
1990,59,1,1,0,0,0,0,0,0,0
1990,76,2,2,0,0,0,0,0,0,0
1990,41,1,2,0,1,0,444,3,10,0
1990,31,2,1,0,0,0,453,4,12,0
1990,23,1,1,0,0,0,849,0,50,0
1990,33,1,2,0,0,1,308,5,40,0
1990,27,1,1,0,0,0,869,0,60,0
1990,22,2,3,0,0,0,0,0,0,0
1990,33,1,1,0,0,0,579,0,0,0
1990,56,1,0,1,0,0,804,2,40,0
1990,55,2,0,1,0,0,389,6,26,0
1990,63,2,3,1,0,1,679,1,0,0
1990,36,1,3,1,0,0,318,2,0,0
1990,42,1,1,1,0,0,909,6,0,0
1990,40,2,2,1,0,1,156,5,0,0
1990,59,2,3,1,0,0,0,0,0,0
1990,33,1,1,0,0,0,708,1,40,0
1990,38,1,2,2,0,1,785,1,55,0
1990,25,2,1,2,0,0,379,1,29,0
1990,54,2,2,0,0,0,777,1,36,0
1990,18,1,1,0,0,0,877,3,33,0
1990,78,2,1,0,0,0,0,0,0,0
1990,76,1,2,0,0,0,0,0,0,0
1990,70,2,1,0,0,0,379,2,0,0
1990,68,1,1,0,0,0,634,1,0,0
1990,50,1,0,0,0,0,639,3,40,0
1990,44,2,0,0,0,0,375,4,46,0
1990,18,1,1,0,0,0,426,3,30,0
1990,67,2,3,1,0,0,0,0,0,0
1990,51,1,2,1,0,1,485,6,45,0
1990,71,1,0,0,0,1,0,0,0,0
1990,61,2,0,0,0,0,0,0,0,0
1990,40,2,1,1,0,1,174,5,40,0
1990,30,2,0,1,0,1,364,2,45,0
1990,32,1,0,1,0,1,217,0,45,0
1990,43,2,3,1,1,0,308,6,40,0
1990,64,2,3,1,0,0,747,4,0,0
1990,25,2,1,1,0,0,276,3,0,0
1990,23,1,0,1,0,0,453,1,9,0
1990,26,2,0,1,0,1,313,4,32,0
1990,29,1,2,3,0,1,418,6,40,0
1990,20,2,1,0,0,1,357,5,25,0
1990,38,1,0,1,0,0,785,1,40,0
1990,33,2,0,1,0,0,386,4,40,0
1990,33,2,3,1,0,0,909,6,0,0
1990,33,2,2,1,0,0,449,4,40,0
1990,53,1,0,1,0,0,507,3,40,0
1990,58,2,0,1,0,0,454,2,0,0
1990,51,1,1,1,0,0,909,6,0,0
1990,36,2,2,0,0,1,276,4,40,0
1990,53,1,3,0,0,0,769,1,40,1
1990,66,1,0,0,0,0,0,0,0,0
1990,62,2,0,0,0,0,276,3,0,0
1990,24,2,1,0,0,1,319,6,40,0
1990,26,2,2,1,0,0,276,3,16,0
1990,64,1,0,0,0,0,0,0,0,0
1990,64,2,0,0,0,0,435,3,40,0
1990,30,2,1,0,0,0,274,3,40,0
1990,30,2,2,1,0,0,18,4,40,0
1990,61,2,3,1,0,0,709,1,40,0
1990,24,2,1,1,0,0,386,6,40,0
1990,55,1,0,0,0,1,413,6,48,1
1990,54,2,0,0,0,0,313,5,28,0
1990,38,1,0,0,0,1,779,2,40,0
1990,36,2,0,0,0,0,156,5,13,0
1990,35,1,0,0,2,0,22,5,40,0
1990,34,2,0,0,0,1,207,5,16,0
1990,41,1,2,1,0,1,696,5,0,0
1990,37,1,0,1,0,1,156,5,60,0
1990,30,2,0,1,0,1,163,5,40,0
1990,26,1,0,1,0,1,345,3,40,0
1990,23,2,0,1,0,1,785,1,40,0
1990,40,1,1,1,0,0,0,0,0,0
1990,20,2,1,1,0,1,319,5,0,0
1990,33,1,0,1,0,0,628,1,0,0
1990,33,2,0,1,0,0,453,4,0,0
1990,18,1,1,1,0,0,889,1,0,0
1990,42,1,0,1,0,0,804,2,40,0
1990,35,2,0,1,0,0,447,5,45,0
1990,39,2,2,1,0,1,354,2,40,0
1990,44,1,0,1,0,1,687,1,40,0
1990,45,2,0,1,0,0,0,0,0,0
1990,41,1,3,1,0,0,785,1,0,0
1990,50,2,3,1,0,1,207,5,40,0
1990,21,2,1,1,0,1,0,0,0,0
1990,23,1,1,1,0,1,0,0,0,0
1990,51,1,0,1,0,0,354,2,40,0
1990,50,2,0,1,0,0,354,2,40,0
1990,29,1,1,1,0,0,486,0,0,0
1990,31,1,1,1,0,0,0,0,0,0
1990,59,2,3,0,0,0,274,3,39,0
1990,37,2,1,0,0,0,348,4,20,0
1990,29,2,2,0,0,0,435,3,36,0
1990,50,1,0,0,0,1,426,5,40,0
1990,47,2,0,0,0,0,0,0,0,0
1990,47,1,3,1,0,0,804,1,50,1
1990,69,2,3,1,0,0,0,0,0,0
1990,45,2,1,1,0,0,785,1,40,0
1990,35,1,2,1,0,0,785,1,0,0
1990,45,1,1,1,0,0,379,5,0,0
1990,42,1,0,1,0,1,418,6,48,0
1990,39,2,0,1,0,1,909,6,0,0
1990,47,2,3,1,0,1,26,3,32,0
1990,18,1,1,1,0,0,486,5,0,0
1990,38,1,2,1,0,1,64,4,40,1
1990,43,2,1,1,0,1,315,4,0,0
1990,35,1,0,1,0,0,804,2,0,0
1990,31,2,0,1,0,1,276,3,0,0
1990,42,2,2,0,0,1,174,5,48,0
1990,44,1,0,1,0,1,14,5,40,1
1990,30,2,0,1,0,1,313,4,25,0
1990,24,2,1,1,0,1,385,2,40,0
1990,45,2,2,0,0,1,319,4,40,0
1990,31,1,0,0,0,0,575,4,48,0
1990,28,2,0,0,0,0,0,0,0,0
1990,36,1,0,0,0,0,734,1,48,0
1990,33,2,0,0,0,1,208,5,37,0
1990,25,1,1,0,2,0,595,0,40,0
1990,46,1,0,0,0,0,779,1,40,0
1990,40,2,0,0,0,0,0,0,0,0
1990,64,1,0,0,2,1,634,1,40,1
1990,68,2,0,0,2,0,0,0,0,0
1990,36,2,3,1,0,0,0,0,0,0
1990,18,1,1,1,0,0,0,0,0,0
1990,30,1,1,0,0,0,706,1,40,0
1990,37,2,3,0,0,0,0,0,0,0
1990,42,1,1,0,0,0,567,4,35,0
1990,22,2,1,1,0,0,806,3,15,0
1990,23,2,1,1,0,0,869,0,40,0
1990,73,2,3,1,0,0,0,0,0,0
1990,19,2,1,1,0,0,276,3,40,0
1990,33,1,0,1,0,0,514,1,84,1
1990,34,2,0,1,0,0,446,5,40,0
1990,42,2,2,1,0,0,364,2,40,0
1990,55,1,0,0,0,1,178,5,55,1
1990,55,2,0,0,0,1,0,0,0,0
1990,29,2,1,0,0,1,195,1,50,1
1990,67,1,0,0,0,0,579,0,30,0
1990,66,2,0,0,0,0,0,0,0,0
1990,31,1,1,0,0,0,213,3,42,0
1990,66,2,2,0,0,1,0,0,0,0
1990,47,1,0,0,0,1,178,5,65,1
1990,45,2,0,0,3,1,259,1,40,0
1990,55,1,0,0,0,1,164,5,37,1
1990,55,2,0,0,0,1,195,1,40,0
1990,38,1,0,0,0,1,55,2,40,0
1990,39,2,0,0,0,1,313,4,35,0
1990,67,2,2,0,0,1,159,5,8,0
1990,32,1,0,0,0,1,85,5,35,1
1990,31,2,0,0,0,1,203,1,6,0
1990,62,2,1,0,0,1,178,5,50,0
1990,66,1,0,0,0,1,186,5,10,0
1990,63,2,0,0,0,1,0,0,0,0
1990,50,1,0,0,2,0,567,3,40,0
1990,49,2,0,0,2,0,313,4,40,0
1990,22,2,1,0,0,1,205,5,40,0
1990,20,2,1,0,0,1,427,5,37,0
1990,75,1,0,0,2,0,0,0,0,0
1990,74,2,0,0,2,0,0,0,0,0
1990,79,2,3,0,0,0,0,0,0,0
1990,44,2,0,0,0,0,383,4,37,0
1990,33,1,0,0,0,1,348,2,40,0
1990,29,1,0,0,0,1,328,4,60,0
1990,23,2,0,0,0,1,95,5,40,0
1990,56,1,0,0,0,0,364,3,40,0
1990,52,2,0,0,0,1,339,3,35,0
1990,21,2,1,0,0,1,257,2,20,0
1990,41,1,0,0,0,1,22,0,55,0
1990,35,2,0,0,0,1,313,5,43,0
1990,59,1,0,0,0,1,23,1,40,0
1990,57,2,0,0,0,1,95,5,36,0
1990,80,2,3,0,0,0,0,0,0,0
1990,53,2,1,0,0,0,0,0,0,0
1990,26,1,3,0,0,1,634,1,50,0
1990,57,1,0,0,0,1,197,1,50,1
1990,58,2,0,0,0,1,95,5,40,0
1990,26,1,0,0,0,0,804,2,44,0
1990,25,2,0,0,0,0,736,1,50,0
1990,32,1,0,0,0,1,864,2,40,0
1990,32,2,0,0,0,0,274,3,40,0
1990,49,2,2,0,0,0,313,1,40,0
1990,20,2,1,0,0,1,433,3,20,0
1990,38,1,1,0,0,0,804,2,47,0
1990,39,1,0,0,0,1,65,4,45,0
1990,30,2,0,0,0,0,253,4,0,0
1990,50,1,0,0,3,0,777,3,0,0
1990,45,2,0,0,3,0,0,0,0,0
1990,47,2,1,0,0,0,319,4,37,0
1990,42,1,0,0,3,0,265,3,0,0
1990,40,2,0,0,3,1,0,0,0,0
1990,19,1,1,0,0,1,0,0,0,0
1990,18,1,1,0,3,0,0,0,0,0
1990,26,1,0,0,3,1,436,3,40,0
1990,22,2,0,0,0,0,276,3,32,0
1990,31,2,1,0,0,1,185,1,32,0
1990,27,2,0,0,0,1,303,4,37,0
1990,29,1,0,0,0,1,9,4,40,0
1990,68,1,1,0,0,0,384,1,37,0
1990,25,1,1,0,0,0,585,0,75,0
1990,24,2,1,0,0,0,375,4,40,0
1990,45,2,0,0,0,1,95,5,48,0
1990,53,1,0,0,0,1,575,0,40,0
1990,24,2,1,1,0,1,57,1,40,0
1990,23,2,1,1,0,1,56,1,40,0
1990,40,1,0,0,0,1,178,5,55,1
1990,38,2,0,0,0,1,0,0,0,0
1990,39,1,0,0,0,1,13,3,50,1
1990,36,2,0,0,0,1,313,0,40,0
1990,61,1,1,0,0,0,364,3,44,0
1990,63,1,1,0,0,0,453,3,32,0
1990,59,2,3,0,0,0,0,0,0,0
1990,29,1,1,0,0,0,877,3,40,0
1990,35,1,0,0,0,1,23,4,50,0
1990,32,2,0,0,0,1,469,3,0,0
1990,66,1,0,0,0,1,0,0,0,0
1990,65,2,0,0,0,0,458,4,16,0
1990,46,1,0,0,0,1,259,3,44,1
1990,45,2,0,0,0,0,7,3,50,0
1990,21,1,1,0,0,1,185,1,16,0
1990,34,2,2,0,0,1,174,6,40,0
1990,58,1,1,0,0,1,269,3,40,0
1990,41,1,0,0,0,1,259,3,45,0
1990,32,2,0,0,0,1,276,3,50,1
1990,29,1,0,0,0,1,33,4,40,0
1990,26,2,0,0,0,1,184,4,40,0
1990,68,2,2,0,2,0,159,5,15,0
1990,40,1,0,0,0,1,637,1,50,0
1990,34,2,0,0,0,1,666,4,35,0
1990,37,1,0,0,0,1,759,1,45,0
1990,38,2,0,0,0,1,207,5,36,0
1990,46,1,2,0,0,1,55,2,40,0
1990,75,2,3,0,0,1,259,1,12,0
1990,37,2,2,0,0,1,95,5,40,0
1990,72,1,3,0,0,0,0,0,0,0
1990,69,2,3,0,2,0,0,0,0,0
1990,43,1,0,0,0,1,709,1,60,0
1990,42,2,0,0,0,0,0,0,0,0
1990,20,1,1,0,0,1,883,2,40,0
1990,20,1,1,0,0,1,459,5,40,0
1990,24,1,1,0,0,1,189,4,40,0
1990,67,1,0,0,2,0,217,1,40,0
1990,59,2,0,0,0,0,344,3,46,0
1990,31,1,1,0,0,0,585,0,38,1
1990,23,1,0,0,0,1,418,6,40,0
1990,21,2,0,0,0,1,379,5,40,0
1990,32,1,1,0,0,0,748,4,25,0
1990,26,2,1,0,0,1,229,1,40,0
1990,71,1,0,0,0,0,0,0,0,0
1990,68,2,0,0,0,0,444,1,0,0
1990,39,1,0,0,0,0,243,3,33,0
1990,32,2,0,0,0,0,785,1,40,0
1990,42,1,0,0,0,1,153,0,48,0
1990,43,2,0,0,0,1,276,3,20,0
1990,78,2,3,0,0,0,0,0,0,0
1990,60,1,0,0,0,0,783,1,40,0
1990,59,2,0,0,0,0,785,1,40,0
1990,32,2,2,0,0,0,706,1,40,0
1990,33,2,3,0,0,0,317,4,25,0
1990,52,1,0,0,0,1,57,1,48,1
1990,47,2,0,0,0,0,274,3,20,0
1990,36,2,2,1,0,0,313,0,40,0
1990,30,1,0,0,0,1,53,5,50,0
1990,29,2,0,0,0,0,313,1,40,0
1990,29,2,1,0,0,0,0,0,0,0
1990,36,1,0,0,0,1,178,5,50,1
1990,36,2,0,0,0,1,185,5,20,0
1990,38,1,0,0,0,1,22,3,40,1
1990,35,2,0,0,0,0,467,5,40,0
1990,52,1,0,0,0,0,634,1,40,0
1990,46,2,0,0,0,0,276,3,25,0
1990,35,1,0,0,0,1,804,3,40,0
1990,34,2,0,0,0,0,276,3,0,0
1990,68,1,0,0,0,1,59,5,20,0
1990,67,2,0,0,0,1,22,5,0,0
1990,27,1,0,0,0,1,57,1,45,0
1990,25,2,0,0,0,1,156,5,40,0
1990,53,1,0,0,0,1,274,3,40,1
1990,48,2,0,0,0,1,156,5,32,0
1990,40,1,0,0,0,1,258,3,40,1
1990,40,2,0,0,0,1,156,5,8,0
1990,54,1,0,3,3,1,225,1,50,1
1990,53,2,0,3,3,1,154,5,25,0
1990,40,1,2,0,0,0,634,1,99,0
1990,70,1,0,0,0,0,0,0,0,0
1990,70,2,0,0,0,0,0,0,0,0
1990,39,1,2,0,0,1,637,1,55,0
1990,24,1,1,0,0,0,889,3,45,0
1990,51,2,2,0,0,0,22,3,44,1
1990,42,1,0,0,0,1,48,1,40,0
1990,35,2,0,0,0,1,167,5,37,0
1990,37,2,1,0,0,1,503,2,42,0
1990,66,2,3,0,2,0,0,0,0,0
1990,37,2,2,0,0,1,337,1,40,0
1990,63,1,0,0,0,1,628,1,45,1
1990,52,2,0,0,0,1,95,5,40,0
1990,25,1,1,0,0,1,57,1,40,0
1990,66,1,0,0,0,0,547,1,0,0
1990,63,2,0,0,0,0,0,0,0,0
1990,44,1,0,0,0,1,163,5,48,1
1990,45,2,0,0,0,1,156,5,16,0
1990,45,2,1,0,0,1,37,5,40,0
1990,34,1,0,0,0,0,637,3,70,0
1990,30,2,0,0,0,0,379,2,45,0
1990,43,1,0,0,0,1,27,5,50,0
1990,43,2,0,0,0,1,254,4,50,0
1990,20,2,1,0,0,0,436,5,40,0
1990,48,2,2,0,0,0,785,1,40,0
1990,26,2,1,0,0,0,435,3,20,0
1990,69,2,3,0,0,0,0,0,0,0
1990,40,1,0,0,0,1,599,0,40,1
1990,43,2,0,0,0,1,156,5,40,0
1990,21,1,1,0,0,1,637,1,40,0
1990,36,1,2,0,0,1,637,1,40,0
1990,23,2,1,0,0,1,385,3,40,0
1990,33,1,0,0,0,0,785,1,48,0
1990,31,2,0,0,0,0,466,5,48,0
1990,35,2,3,0,0,0,22,3,40,0
1990,19,1,1,0,0,0,443,3,30,0
1990,64,2,0,0,0,0,0,0,0,0
1990,64,1,0,0,0,0,473,0,46,0
1990,37,1,2,0,0,0,479,0,40,0
1990,40,1,0,0,0,0,849,1,50,1
1990,38,2,0,0,0,0,159,4,8,0
1990,18,1,1,0,0,0,877,3,15,0
1990,75,1,0,0,0,0,453,5,12,0
1990,51,1,2,0,0,0,448,1,40,0
1990,44,1,0,0,0,0,704,1,48,0
1990,43,2,0,0,0,0,0,0,0,0
1990,24,1,0,0,0,1,303,2,50,0
1990,25,2,0,0,0,1,337,3,40,0
1990,39,1,0,0,0,1,804,3,50,0
1990,38,2,0,0,0,1,375,4,40,0
1990,38,1,0,0,0,0,909,6,0,0
1990,44,2,0,0,0,1,909,6,0,0
1990,20,1,1,0,0,0,804,3,40,0
1990,62,1,0,0,0,0,558,0,40,0
1990,60,2,0,0,0,0,449,1,0,0
1990,72,1,0,0,0,0,0,0,0,0
1990,69,2,0,0,0,0,0,0,0,0
1990,34,1,2,0,0,1,785,5,40,0
1990,31,2,1,0,0,0,376,4,40,0
1990,55,1,2,0,0,0,856,1,40,0
1990,23,2,1,0,0,0,435,3,0,0
1990,28,1,0,0,0,1,364,2,40,0
1990,33,2,0,0,0,1,779,1,0,0
1990,44,1,0,0,0,1,518,1,42,1
1990,42,2,0,0,0,0,337,2,15,0
1990,19,1,1,0,0,1,804,3,40,0
1990,63,1,0,0,0,1,185,1,48,0
1990,65,2,0,0,0,0,0,0,0,0
1990,33,2,1,0,0,0,0,0,0,0
1990,40,1,0,0,0,1,22,2,50,0
1990,39,2,0,0,0,0,889,1,0,0
1990,25,1,0,0,0,1,695,2,40,0
1990,22,2,0,0,0,1,695,2,40,0
1990,29,1,0,0,0,1,335,4,37,0
1990,20,2,0,0,0,1,376,4,18,0
1990,26,1,0,0,0,0,883,3,50,0
1990,24,2,0,0,0,1,313,5,40,0
1990,24,1,1,1,0,0,549,5,80,0
1990,22,2,1,1,0,1,95,5,40,0
1990,47,2,1,1,0,0,0,0,0,0
1990,21,2,1,1,0,0,449,4,14,0
1990,72,2,1,1,0,0,0,0,0,0
1990,36,2,1,0,0,1,447,5,40,0
1990,37,2,1,0,0,0,243,3,40,0
1990,68,2,3,0,0,0,0,0,0,0
1990,45,1,0,0,0,1,634,1,50,1
1990,43,2,0,0,0,1,383,4,38,0
1990,23,1,1,0,0,1,156,5,38,0
1990,21,1,1,0,0,1,869,2,40,0
1990,46,1,2,0,0,0,505,4,60,0
1990,53,1,0,0,0,1,628,1,40,1
1990,51,2,0,0,0,1,22,5,0,0
1990,30,1,1,0,0,1,213,1,40,0
1990,26,1,0,0,0,0,889,2,50,0
1990,23,2,0,0,0,0,315,1,40,0
1990,33,1,0,0,0,0,595,0,40,0
1990,31,2,0,0,0,1,365,1,40,0
1990,33,1,0,0,0,1,459,5,55,0
1990,31,2,0,0,0,0,276,3,40,0
1990,46,1,0,0,0,0,555,0,40,1
1990,44,2,0,0,0,1,313,0,38,0
1990,33,1,0,0,0,0,889,1,40,0
1990,29,2,0,0,0,0,754,1,50,0
1990,59,1,0,0,0,1,57,1,0,0
1990,52,2,0,0,0,1,0,0,0,0
1990,28,1,1,0,0,1,229,4,40,0
1990,60,1,0,0,0,1,265,3,40,0
1990,44,2,0,0,0,1,0,0,0,0
1990,34,1,0,0,0,1,505,4,40,0
1990,34,2,0,0,0,0,0,0,0,0
1990,42,1,0,0,0,1,533,1,40,0
1990,44,2,0,3,0,1,206,5,40,0
1990,57,1,0,0,0,0,747,1,40,0
1990,49,2,0,0,0,0,15,5,40,0
1990,19,2,1,0,0,0,276,3,36,0
1990,72,2,3,0,0,0,0,0,0,0
1990,32,2,1,1,0,0,243,3,50,0
1990,36,1,1,1,0,0,518,1,50,1
1990,72,1,0,0,0,1,156,5,40,1
1990,66,2,0,0,0,1,0,0,0,0
1990,32,2,3,0,0,1,276,3,0,0
1990,35,1,0,0,0,1,877,3,40,0
1990,35,2,0,0,0,1,95,5,40,0
1990,30,1,0,0,0,0,257,2,65,0
1990,24,2,0,0,0,0,257,2,20,0
1990,74,1,3,0,0,0,0,0,0,0
1990,75,2,3,0,0,0,0,0,0,0
1990,55,1,0,0,0,0,507,1,44,0
1990,53,2,0,0,0,0,433,3,40,0
1990,28,2,2,0,0,0,25,4,40,0
1990,54,1,0,0,0,0,307,1,55,1
1990,52,2,0,0,0,0,254,4,30,0
1990,25,2,1,0,0,0,27,3,40,0
1990,65,1,3,0,0,0,889,4,48,0
1990,35,1,0,0,2,1,734,1,50,0
1990,26,2,0,0,0,1,257,4,50,0
1990,36,1,0,0,0,1,243,3,80,1
1990,36,2,0,0,0,1,95,5,40,0
1990,45,1,0,0,0,1,22,1,60,1
1990,42,2,0,0,0,1,0,0,0,0
1990,19,1,1,0,0,1,365,3,15,0
1990,18,1,1,0,0,1,274,3,12,0
1990,30,2,0,0,0,0,276,3,40,0
1990,28,1,0,0,0,0,869,0,40,0
1990,31,1,0,0,0,0,22,1,40,0
1990,27,2,0,0,0,1,313,5,15,0
1990,40,1,0,0,0,1,166,2,40,1
1990,41,2,0,0,0,1,313,5,40,0
1990,40,1,0,0,0,1,178,5,50,1
1990,39,2,0,0,4,0,0,0,0,0
1990,75,2,3,0,0,0,0,0,0,0
1990,68,2,3,0,0,1,379,5,20,0
1990,38,1,0,0,0,1,518,1,56,1
1990,37,2,0,0,0,1,315,1,20,0
1990,40,1,0,0,0,1,453,3,48,0
1990,42,2,0,0,0,0,208,5,43,0
1990,73,1,3,0,2,0,0,0,0,0
1990,50,1,2,0,0,0,777,1,42,0
1990,27,1,3,0,0,0,889,3,45,0
1990,21,2,0,0,0,0,259,3,40,0
1990,21,1,0,0,0,0,587,1,40,0
1990,46,1,0,0,0,1,259,3,60,0
1990,40,2,0,0,0,1,156,5,40,0
1990,44,1,0,0,0,0,243,3,48,0
1990,43,2,0,0,0,0,458,4,30,0
1990,24,1,1,0,0,1,243,3,40,0
1990,20,2,1,0,0,1,266,3,20,0
1990,43,1,0,0,0,1,57,1,45,1
1990,42,2,0,0,0,0,315,5,15,0
1990,34,1,0,0,0,1,57,1,40,0
1990,31,2,0,0,0,1,274,3,25,0
1990,74,1,0,0,0,1,0,0,0,0
1990,63,2,0,0,0,1,337,5,40,0
1990,29,1,1,0,0,1,259,3,40,0
1990,38,1,0,0,0,1,216,1,50,1
1990,29,2,0,0,0,0,339,5,0,0
1990,59,2,3,0,0,0,687,3,41,0
1990,34,1,2,0,0,0,534,3,40,0
1990,27,2,1,0,0,1,57,1,50,1
1990,25,1,1,0,0,1,217,1,45,0
1990,80,1,0,0,0,0,0,0,0,0
1990,77,2,0,0,0,0,0,0,0,0
1990,59,1,3,0,0,1,259,1,48,1
1990,20,2,1,0,0,1,447,5,35,0
1990,18,2,1,0,0,0,0,0,0,0
1990,61,1,0,0,2,1,43,5,45,1
1990,55,2,0,0,2,0,319,4,0,0
1990,26,1,1,0,2,1,804,3,60,0
1990,41,1,0,0,0,1,27,4,50,0
1990,36,2,0,0,0,1,95,5,24,0
1990,54,1,0,0,1,1,628,1,70,0
1990,43,2,0,0,0,0,303,1,70,0
1990,23,1,1,0,0,1,56,1,60,0
1990,20,2,1,0,0,0,274,3,30,0
1990,21,2,3,0,0,1,313,2,40,0
1990,75,2,3,0,0,0,0,0,0,0
1990,46,2,0,0,0,0,433,5,25,0
1990,49,1,0,0,0,0,785,1,40,0
1990,22,2,1,0,0,1,339,5,20,0
1990,19,2,1,0,0,1,319,3,30,0
1990,31,1,0,0,0,1,33,5,40,0
1990,33,2,0,0,0,1,313,5,40,0
1990,21,2,1,0,0,0,435,3,30,0
1990,78,2,3,0,0,0,0,0,0,0
1990,59,2,3,0,0,1,174,5,40,1
1990,25,2,1,0,0,1,314,4,30,0
1990,24,1,0,0,0,1,185,1,50,0
1990,20,2,0,0,0,0,378,4,40,0
1990,75,1,3,0,0,0,0,0,0,0
1990,42,1,1,0,0,0,709,1,54,1
1990,25,1,0,0,0,1,65,1,50,0
1990,24,2,0,0,0,1,33,1,50,0
1990,37,1,1,0,0,0,777,1,40,0
1990,35,1,2,0,0,0,777,1,40,0
1990,56,2,0,0,0,0,458,4,20,0
1990,61,1,0,0,0,0,809,2,30,0
1990,65,2,3,0,0,0,319,4,30,0
1990,52,2,2,1,0,1,303,6,40,0
1990,19,2,1,1,0,0,446,5,24,0
1990,28,2,1,1,0,1,22,4,40,0
1990,43,2,1,0,0,1,308,5,45,0
1990,31,1,0,0,0,1,22,0,40,0
1990,33,2,0,0,0,1,453,5,40,0
1990,67,1,0,0,0,0,0,0,0,0
1990,64,2,0,0,0,0,0,0,0,0
1990,60,1,0,0,0,0,575,0,40,0
1990,52,2,0,0,0,0,0,0,0,0
1990,80,2,0,0,0,0,0,0,0,0
1990,36,2,3,0,0,1,313,1,40,0
1990,52,2,3,0,0,1,379,1,40,0
1990,49,2,2,0,0,0,163,4,8,0
1990,43,1,3,1,0,1,628,1,50,0
1990,29,1,0,0,0,1,317,4,40,0
1990,28,2,0,0,0,1,22,2,40,0
1990,31,1,1,0,0,0,785,0,50,0
1990,30,2,2,0,0,0,276,3,0,0
1990,37,1,0,0,0,1,856,1,50,1
1990,38,2,0,0,0,1,0,0,0,0
1990,80,2,3,0,0,0,0,0,0,0
1990,45,1,0,0,0,1,235,1,50,1
1990,43,2,0,0,0,0,433,3,48,0
1990,20,2,1,0,0,1,889,3,40,0
1990,18,1,1,0,0,0,0,0,0,0
1990,66,1,3,0,0,1,453,2,16,0
1990,53,1,0,0,0,1,856,1,49,0
1990,49,2,0,0,0,1,21,5,35,0
1990,30,1,0,0,0,0,637,1,40,0
1990,25,2,0,0,0,0,877,3,0,0
1990,41,1,0,0,2,1,17,5,52,0
1990,32,2,0,0,0,1,0,0,0,0
1990,37,1,0,0,0,0,769,1,40,0
1990,36,2,0,0,0,0,313,4,37,0
1990,64,2,3,0,0,0,0,0,0,0
1990,32,2,3,1,0,0,909,6,0,0
1990,58,1,0,0,0,1,266,3,52,0
1990,58,2,0,0,0,0,0,0,0,0
1990,57,1,0,0,0,0,505,1,48,1
1990,59,2,0,0,0,0,0,0,0,0
1990,30,1,3,0,0,1,418,6,40,0
1990,24,2,3,0,0,1,459,5,40,0
1990,37,1,0,0,0,1,89,5,40,0
1990,33,2,0,0,0,1,319,5,20,0
1990,35,1,0,0,0,1,243,3,72,0
1990,35,2,0,0,0,0,315,5,40,0
1990,33,1,0,0,0,1,423,6,40,0
1990,30,2,0,0,0,1,95,5,40,0
1990,33,2,2,3,0,0,909,6,0,0
1990,51,2,3,3,0,0,407,4,16,0
1990,69,1,0,0,0,0,0,0,0,0
1990,62,2,0,0,0,0,785,0,40,0
1990,36,2,1,0,0,0,274,3,40,0
1990,64,1,0,0,0,0,0,0,0,0
1990,68,2,0,0,0,0,0,0,0,0
1990,75,1,0,0,0,0,0,0,0,0
1990,72,2,0,0,0,0,0,0,0,0
1990,58,1,0,0,3,0,518,1,40,1
1990,52,2,0,0,3,0,0,0,0,0
1990,25,1,0,0,3,1,523,3,48,0
1990,25,2,0,0,4,1,0,0,0,0
1990,65,1,0,0,2,0,519,1,0,0
1990,60,2,0,0,0,0,383,4,40,0
1990,36,2,2,0,0,1,0,0,0,0
1990,41,1,0,0,0,1,25,4,45,1
1990,36,2,0,0,0,1,0,0,0,0
1990,74,1,0,0,0,0,0,0,0,0
1990,69,2,0,0,0,0,0,0,0,0
1990,32,1,2,0,0,1,22,2,45,1
1990,32,1,0,0,0,0,486,5,40,0
1990,33,2,0,0,0,0,0,0,0,0
1990,37,1,0,0,0,1,0,0,0,0
1990,37,2,0,0,0,1,157,5,40,0
1990,29,1,0,0,0,0,806,3,44,0
1990,30,2,0,0,0,1,208,0,40,0
1990,19,1,0,0,0,0,243,3,20,0
1990,18,2,0,0,0,0,435,3,22,0
1990,68,1,0,0,0,0,0,0,0,0
1990,64,2,0,0,0,0,508,3,0,0
1990,41,1,2,0,0,0,856,3,25,0
1990,68,1,0,0,0,0,505,1,0,0
1990,66,2,0,0,0,0,325,1,0,0
1990,41,2,2,0,0,0,276,3,40,0
1990,54,1,0,0,0,1,22,1,40,1
1990,52,2,0,0,0,0,688,3,40,0
1990,45,1,2,0,0,1,27,1,40,1
1990,22,1,1,0,0,0,785,1,40,0
1990,18,1,1,0,0,0,785,1,40,0
1990,33,2,2,0,0,0,453,4,0,0
1990,66,1,0,0,0,0,359,5,40,0
1990,63,2,0,0,0,0,0,0,0,0
1990,25,1,1,0,0,0,796,4,40,0
1990,71,2,3,0,0,0,0,0,0,0
1990,32,2,1,0,0,0,447,5,40,0
1990,25,2,1,0,0,0,435,3,18,0
1990,25,1,1,0,0,0,637,1,0,0
1990,68,1,0,0,0,0,503,2,0,0
1990,65,2,0,0,0,0,744,1,0,0
1990,28,1,0,0,0,1,268,3,0,0
1990,23,2,0,0,0,0,0,0,0,0
1990,52,1,0,0,0,0,17,3,0,0
1990,54,2,0,0,0,0,684,1,40,0
1990,32,2,1,1,0,1,313,1,40,0
1990,48,1,2,1,0,0,453,3,0,0
1990,29,2,2,0,0,1,0,0,0,0
1990,29,2,2,0,0,1,447,5,40,0
1990,79,1,0,0,0,0,22,1,40,0
1990,73,2,0,0,0,0,453,1,30,0
1990,66,1,0,0,0,0,427,5,40,0
1990,65,2,0,0,0,0,0,0,0,0
1990,64,2,3,0,0,0,0,0,0,0
1990,22,2,1,0,0,0,276,3,0,0
1990,28,1,0,0,0,0,575,0,40,0
1990,30,2,0,0,0,0,313,3,40,0
1990,75,1,0,0,0,0,0,0,0,0
1990,71,2,0,0,0,0,0,0,0,0
1990,65,1,3,0,0,1,785,1,0,0
1990,49,2,0,0,0,0,328,4,37,0
1990,50,1,0,0,0,0,783,1,58,1
1990,29,2,1,0,0,1,25,5,42,0
1990,27,2,1,0,0,0,458,4,38,0
1990,43,1,0,0,0,1,259,3,45,0
1990,42,2,0,0,0,1,7,4,48,0
1990,59,1,0,0,0,1,628,1,40,1
1990,59,2,0,0,0,0,0,0,0,0
1990,26,2,1,0,0,1,458,4,40,0
1990,74,2,1,0,0,0,0,0,0,0
1990,71,1,1,0,0,0,216,1,0,0
1990,43,1,0,0,0,1,176,5,78,0
1990,42,2,0,0,0,1,469,5,45,0
1990,18,2,1,0,0,0,0,0,0,0
1990,68,2,3,0,0,0,0,0,0,0
1990,45,1,2,0,0,1,307,1,50,1
1990,21,2,1,0,0,0,436,5,30,0
1990,19,1,1,0,0,0,634,1,40,0
1990,34,2,2,0,0,0,433,3,35,0
1990,47,1,0,0,0,1,56,2,40,0
1990,55,2,0,0,0,0,303,5,40,0
1990,56,1,0,0,0,1,787,1,55,1
1990,54,2,0,0,0,1,95,5,40,0
1990,31,2,2,0,0,0,185,3,0,0
1990,73,1,0,0,0,0,0,0,0,0
1990,73,2,0,0,0,0,0,0,0,0
1990,77,1,0,0,0,0,0,0,0,0
1990,73,2,0,0,0,0,0,0,0,0
1990,48,2,3,0,0,1,379,4,40,0
1990,60,1,0,0,2,0,687,3,60,0
1990,62,2,0,0,2,0,0,0,0,0
1990,42,1,1,0,0,1,23,4,40,1
1990,51,2,2,0,0,0,329,5,35,0
1990,27,2,1,0,0,1,435,3,25,0
1990,63,1,0,0,0,1,0,0,0,0
1990,61,2,0,0,0,0,0,0,0,0
1990,35,1,0,0,0,0,567,0,40,0
1990,31,2,0,0,0,0,265,3,40,0
1990,31,1,0,0,3,1,869,0,40,1
1990,30,2,0,0,3,1,25,4,40,0
1990,34,1,0,0,0,1,84,5,70,1
1990,27,2,0,0,0,1,319,5,0,0
1990,80,2,3,0,0,1,0,0,0,0
1990,68,1,0,0,2,0,0,0,0,0
1990,64,2,0,0,2,0,453,3,0,0
1990,54,2,0,0,0,1,379,1,0,0
1990,73,1,0,0,0,0,785,1,40,0
1990,69,2,1,0,0,1,529,2,0,0
1990,68,2,3,0,0,0,0,0,0,0
1990,67,1,0,0,0,0,8,1,32,0
1990,59,2,0,0,0,0,375,4,0,0
1990,57,1,0,0,2,1,337,4,40,0
1990,57,2,0,0,2,1,276,3,24,0
1990,32,1,1,0,3,1,777,1,58,0
1990,27,1,1,0,3,0,856,3,48,0
1990,27,2,0,0,0,0,779,1,35,0
1990,31,1,0,0,0,0,869,0,40,0
1990,73,1,3,0,0,0,0,0,0,0
1990,33,2,3,0,0,0,0,0,0,0
1990,43,1,0,0,0,1,634,1,48,1
1990,46,2,0,0,0,0,313,5,20,0
1990,24,1,1,0,0,0,243,3,40,0
1990,42,1,0,0,0,0,785,1,40,0
1990,33,2,0,0,0,1,379,2,40,0
1990,33,1,0,0,0,1,23,5,50,1
1990,32,2,0,0,0,1,23,3,20,0
1990,25,1,0,0,0,1,727,1,40,0
1990,24,2,0,0,0,1,276,5,0,0
1990,68,1,0,0,0,0,486,5,15,0
1990,62,2,0,0,0,0,0,0,0,0
1990,59,1,0,0,0,1,56,6,40,1
1990,58,2,0,0,0,0,0,0,0,0
1990,48,1,0,0,0,0,518,1,40,0
1990,48,2,0,0,0,0,0,0,0,0
1990,75,2,3,0,0,0,274,3,30,0
1990,31,1,0,0,0,0,575,0,40,1
1990,26,2,0,0,0,0,375,4,35,0
1990,59,1,0,0,0,1,178,5,40,0
1990,55,2,0,0,0,1,95,5,24,0
1990,23,1,1,0,0,1,259,1,40,0
1990,22,2,1,0,0,1,363,4,0,0
1990,41,1,0,0,0,1,69,1,40,0
1990,36,2,0,0,0,1,0,0,0,0
1990,40,1,2,0,0,0,804,3,50,0
1990,29,1,0,0,0,0,628,1,48,0
1990,34,2,0,0,0,0,796,1,40,0
1990,39,2,2,0,0,1,277,5,40,0
1990,70,2,3,0,0,0,0,0,0,0
1990,37,1,0,0,0,1,585,1,40,0
1990,38,2,0,0,0,0,305,2,30,0
1990,37,1,1,0,0,1,314,6,40,0
1990,69,2,3,0,0,0,0,0,0,0
1990,47,1,2,0,0,1,314,6,40,0
1990,80,2,3,0,0,0,0,0,0,0
1990,42,1,2,0,0,0,365,6,40,0
1990,74,1,0,0,0,0,0,0,0,0
1990,73,2,0,0,0,0,0,0,0,0
1990,72,2,0,0,0,0,337,3,0,0
1990,30,1,0,0,0,0,656,1,48,0
1990,33,2,0,0,0,0,313,4,40,0
1990,63,2,2,0,0,1,7,4,40,0
1990,71,2,3,0,0,0,0,0,0,0
1990,62,1,0,0,0,0,376,4,40,0
1990,59,2,0,0,0,0,313,4,25,0
1990,30,1,1,0,0,0,804,4,40,0
1990,65,1,3,0,0,0,796,1,40,0
1990,27,1,0,0,0,1,628,1,42,0
1990,25,2,0,0,0,1,736,1,15,0
1990,39,2,2,0,0,0,0,0,0,0
1990,19,2,1,0,0,0,313,2,20,0
1990,71,1,0,0,0,0,0,0,0,0
1990,71,2,0,0,0,1,0,0,0,0
1990,30,1,1,0,0,0,549,6,0,0
1990,24,1,0,0,0,1,518,1,58,0
1990,24,2,0,0,0,0,687,3,30,0
1990,62,2,3,0,0,0,0,0,0,0
1990,69,1,3,0,0,0,0,0,0,0
1990,72,2,3,0,0,0,0,0,0,0
1990,76,1,0,0,0,0,0,0,0,0
1990,79,2,0,0,0,0,323,4,4,0
1990,38,2,1,0,2,1,379,5,40,0
1990,67,2,3,0,0,0,0,0,0,0
1990,40,1,0,0,0,1,539,3,40,0
1990,39,2,0,0,0,0,15,5,40,0
1990,79,2,3,0,0,0,0,0,0,0
1990,44,1,0,0,0,0,453,3,40,0
1990,40,2,0,0,0,1,315,5,30,0
1990,60,1,0,0,0,0,567,0,25,0
1990,61,2,0,0,2,0,744,3,40,0
1990,36,2,2,0,0,1,305,3,52,0
1990,61,1,3,0,0,0,0,0,0,0
1990,74,2,3,0,0,0,308,5,32,0
1990,34,1,0,0,0,1,253,4,45,0
1990,33,2,0,0,0,1,407,4,20,0
1990,63,2,3,0,2,0,667,3,32,0
1990,25,2,1,0,0,1,159,5,40,0
1990,49,1,0,0,0,1,634,1,48,0
1990,43,2,0,0,0,0,785,1,40,0
1990,31,1,0,0,0,0,719,1,54,0
1990,26,2,0,0,0,1,466,5,40,0
1990,41,1,0,0,0,1,22,5,50,1
1990,36,2,0,0,0,1,14,5,35,0
1990,80,1,0,0,0,0,0,0,0,0
1990,74,2,0,0,2,0,0,0,0,0
1990,32,2,2,0,0,1,379,6,40,0
1990,68,2,3,0,0,0,468,5,8,0
1990,43,1,0,0,0,1,434,3,60,0
1990,35,2,0,0,0,0,0,0,0,0
1990,59,2,3,0,0,0,23,4,40,0
1990,28,1,0,0,0,1,634,1,50,0
1990,26,2,0,0,0,1,337,4,40,0
1990,69,2,2,0,2,0,453,5,12,0
1990,41,2,2,0,0,1,426,1,40,0
1990,21,2,1,0,0,1,313,5,35,0
1990,64,2,3,0,0,0,0,0,0,0
1990,59,2,3,0,0,1,17,5,40,0
1990,36,1,0,0,0,1,756,3,43,0
1990,32,2,0,0,0,1,355,2,40,0
1990,40,1,0,0,0,0,877,3,40,0
1990,48,2,0,0,0,0,468,5,8,0
1990,25,1,0,0,0,0,453,5,40,0
1990,23,2,0,0,0,0,337,1,40,0
1990,24,1,1,0,0,1,255,4,75,0
1990,30,2,3,0,0,0,22,0,70,0
1990,27,2,2,0,0,0,447,5,30,0
1990,32,1,0,3,3,0,436,3,40,0
1990,31,2,0,3,3,1,435,3,0,0
1990,41,1,1,1,0,0,809,2,25,0
1990,30,1,0,0,0,1,266,3,40,0
1990,21,2,0,0,0,0,243,3,40,0
1990,41,1,3,0,0,1,229,1,50,0
1990,65,1,2,0,0,1,628,1,50,0
1990,51,1,0,0,0,1,628,1,40,0
1990,41,2,0,0,0,1,328,4,40,0
1990,24,1,1,0,0,1,266,3,37,0
1990,40,1,0,0,0,1,903,6,50,1
1990,39,2,0,0,0,1,0,0,0,0
1990,75,1,0,0,0,0,0,0,0,0
1990,69,2,0,0,0,0,95,4,0,0
1990,27,2,1,0,0,1,365,3,40,0
1990,32,1,1,0,0,1,325,1,45,0
1990,39,1,0,0,0,1,23,1,50,1
1990,38,2,0,0,0,1,243,4,40,0
1990,70,2,3,0,0,0,0,0,0,0
1990,62,1,0,0,0,1,544,1,0,0
1990,54,2,0,0,0,1,313,5,40,0
1990,26,1,1,0,0,1,36,6,60,0
1990,26,1,1,0,0,1,157,5,40,0
1990,70,2,3,0,0,0,0,0,0,0
1990,75,2,3,0,0,0,0,0,0,0
1990,46,1,0,0,2,1,544,1,40,0
1990,48,2,0,0,2,0,769,1,40,0
1990,22,1,1,0,2,1,213,1,40,0
1990,49,2,0,0,0,0,453,2,18,0
1990,49,2,1,0,0,0,779,1,40,0
1990,38,1,1,0,0,1,558,0,50,0
1990,38,2,1,0,0,0,453,4,40,0
1990,30,2,1,0,0,0,436,5,32,0
1990,30,1,0,0,0,0,785,1,40,0
1990,28,2,0,0,0,0,479,0,25,0
1990,26,2,2,0,0,0,354,2,40,0
1990,40,2,0,0,0,0,0,0,0,0
1990,54,1,0,0,0,1,804,1,18,0
1990,39,1,0,0,0,0,453,2,40,0
1990,36,2,0,0,0,1,445,5,30,0
1990,35,1,0,0,0,1,22,1,45,1
1990,32,2,0,0,0,1,0,0,0,0
1990,41,2,1,0,0,0,17,3,25,0
1990,47,1,2,0,0,1,869,0,43,0
1990,31,2,1,0,0,0,785,5,22,0
1990,55,1,0,0,0,0,628,4,40,1
1990,55,2,0,0,0,0,17,3,48,0
1990,18,1,1,0,0,0,804,3,20,0
1990,69,2,3,0,0,0,0,0,0,0
1990,58,2,0,0,0,0,0,0,0,0
1990,58,1,0,0,0,0,855,0,40,0
1990,27,1,0,0,0,0,22,3,49,0
1990,28,2,0,0,0,1,0,0,0,0
1990,36,1,0,0,0,0,307,1,45,0
1990,31,2,0,0,0,1,22,1,60,0
1990,66,2,3,0,0,0,0,0,0,0
1990,55,1,0,0,0,0,453,5,48,1
1990,52,2,0,0,0,0,0,0,0,0
1990,78,2,3,0,0,0,0,0,0,0
1990,28,1,0,0,0,1,55,1,40,0
1990,27,2,0,0,0,1,156,5,20,0
1990,53,1,0,0,0,1,214,1,40,1
1990,51,2,0,0,0,1,17,5,3,0
1990,36,1,0,0,0,1,22,3,40,0
1990,37,2,0,0,0,1,0,0,0,0
1990,44,1,0,0,0,1,734,1,50,0
1990,41,2,0,0,0,1,0,0,0,0
1990,21,1,1,0,0,1,505,1,20,0
1990,65,1,2,0,0,0,213,1,40,0
1990,25,1,0,0,0,0,585,0,50,0
1990,23,2,0,0,0,0,106,5,45,0
1990,36,1,0,0,0,0,653,1,48,0
1990,31,2,0,0,0,0,449,4,0,0
1990,29,2,0,1,0,0,777,1,0,0
1990,30,1,0,1,0,0,804,2,40,0
1990,34,2,2,0,0,0,319,5,40,0
1990,62,1,0,0,0,1,57,1,45,1
1990,59,2,0,0,0,0,0,0,0,0
1990,54,1,0,0,0,0,56,1,40,1
1990,50,2,0,0,0,1,313,1,40,0
1990,36,1,0,0,0,0,757,1,60,0
1990,35,2,0,0,0,1,363,5,12,0
1990,28,2,2,0,0,1,315,4,17,0
1990,26,1,1,0,0,1,23,0,40,0
1990,49,1,0,0,0,1,156,5,40,1
1990,47,2,0,0,0,1,156,5,40,1
1990,18,1,1,0,0,0,323,4,20,0
1990,37,1,2,0,0,1,505,1,40,0
1990,26,1,0,0,0,1,779,1,55,0
1990,24,2,0,0,0,0,185,3,20,0
1990,47,2,2,0,0,0,313,5,40,0
1990,19,1,1,0,0,0,0,0,0,0
1990,32,1,0,0,0,0,719,1,40,0
1990,33,2,0,0,0,0,0,0,0,0
1990,33,1,0,0,0,1,549,4,45,0
1990,34,2,0,0,0,0,316,5,10,0
1990,33,1,0,0,0,1,13,4,45,0
1990,34,2,0,0,0,1,8,4,40,0
1990,40,1,0,0,0,1,64,1,40,0
1990,39,2,0,0,0,1,206,5,48,0
1990,37,1,0,0,0,1,234,5,40,0
1990,37,2,0,0,0,1,33,4,40,0
1990,64,2,3,0,0,0,0,0,0,0
1990,44,2,3,0,0,1,313,5,40,0
1990,42,1,0,0,0,0,709,1,58,1
1990,42,2,0,0,0,0,243,3,0,0
1990,48,1,0,3,3,1,57,1,48,1
1990,41,2,0,3,3,1,0,0,0,0
1990,20,1,1,3,3,1,22,5,8,0
1990,57,1,2,0,0,0,27,6,40,0
1990,79,1,3,0,0,0,889,1,0,0
1990,28,1,0,0,0,1,217,4,45,0
1990,28,2,0,0,0,1,313,2,43,0
1990,29,1,0,0,0,1,64,4,50,0
1990,29,2,0,0,0,1,22,1,43,0
1990,47,1,0,0,0,1,544,1,40,1
1990,32,2,0,0,0,1,458,3,0,0
1990,26,1,0,0,0,1,259,3,40,0
1990,27,2,0,0,0,1,22,1,40,0
1990,67,1,0,0,2,0,486,0,35,0
1990,58,2,0,0,2,0,453,4,35,0
1990,43,1,0,0,0,1,57,1,40,1
1990,44,2,0,0,0,0,774,4,18,0
1990,40,2,0,0,0,1,468,5,2,0
1990,42,1,0,0,0,1,628,2,50,1
1990,28,1,0,0,0,0,7,3,51,1
1990,25,2,0,0,0,0,385,4,40,0
1990,28,1,0,0,0,1,656,1,40,0
1990,28,2,0,0,0,1,95,5,24,0
1990,51,1,0,0,0,0,653,1,40,0
1990,48,2,0,0,0,0,274,3,15,0
1990,24,2,2,0,0,0,37,4,40,0
1990,20,2,1,0,0,0,276,3,20,0
1990,41,2,2,0,0,1,22,4,45,0
1990,18,2,1,0,0,0,274,3,25,0
1990,26,2,1,0,0,1,185,1,60,0
1990,25,1,1,0,0,1,804,5,37,0
1990,67,1,3,0,0,1,804,1,0,0
1990,26,2,1,0,0,1,313,5,32,0
1990,25,1,1,0,0,0,514,1,50,0
1990,31,1,0,0,0,0,729,1,40,0
1990,29,2,0,0,0,0,243,3,30,0
1990,27,2,1,0,0,1,253,4,50,0
1990,29,1,1,0,0,0,628,1,45,0
1990,32,1,0,0,0,1,525,4,45,0
1990,31,2,0,0,0,0,383,4,20,0
1990,69,1,1,0,0,0,0,0,0,0
1990,71,2,3,0,0,1,95,5,35,0
1990,74,2,3,0,0,0,0,0,0,0
1990,46,2,0,0,0,1,276,3,0,0
1990,50,1,0,0,0,1,676,1,50,1
1990,46,1,0,0,0,1,257,1,60,1
1990,46,2,0,0,0,1,207,5,36,0
1990,22,2,1,0,0,1,276,3,12,0
1990,18,2,1,0,0,0,0,0,0,0
1990,48,2,2,0,0,1,174,5,40,0
1990,44,2,3,0,0,1,22,4,40,0
1990,39,1,2,0,0,1,877,3,40,0
1990,67,2,2,0,0,0,0,0,0,0
1990,38,1,0,0,0,0,785,1,40,0
1990,32,2,0,0,0,0,435,5,30,0
1990,46,1,0,0,0,0,503,1,40,1
1990,43,2,0,0,0,0,376,4,40,0
1990,21,1,1,0,0,0,514,4,40,0
1990,57,1,0,0,0,1,423,6,0,1
1990,55,2,0,0,0,1,25,4,48,0
1990,39,1,0,0,0,1,7,5,50,0
1990,37,2,0,0,0,1,254,4,20,0
1990,73,2,2,0,0,0,0,0,0,0
1990,26,1,0,0,0,1,57,1,24,0
1990,25,2,0,0,0,1,379,4,40,0
1990,42,1,0,0,0,1,307,1,45,1
1990,40,2,0,0,0,1,0,0,0,0
1990,20,2,1,0,0,0,385,4,40,0
1990,27,1,1,0,0,0,637,1,50,0
1990,37,1,2,0,0,0,558,0,40,0
1990,35,2,2,0,0,0,274,3,40,0
1990,38,2,0,0,0,0,234,5,40,0
1990,45,1,0,0,0,1,22,4,55,1
1990,76,1,0,0,0,0,0,0,0,0
1990,73,2,0,0,0,0,0,0,0,0
1990,52,1,0,0,0,0,235,5,60,1
1990,47,2,0,0,0,0,0,0,0,0
1990,62,1,0,0,0,0,257,4,27,0
1990,58,2,0,0,0,1,308,5,0,0
1990,25,1,0,0,0,0,575,0,40,0
1990,20,2,0,0,0,0,313,3,40,0
1990,31,1,1,0,0,0,777,1,40,0
1990,67,2,3,0,0,0,0,0,0,0
1990,60,2,3,0,0,1,7,4,50,0
1990,39,1,0,0,0,1,544,1,45,1
1990,42,2,0,0,0,0,0,0,0,0
1990,33,1,0,0,0,1,259,1,42,0
1990,34,2,0,0,0,1,216,5,37,0
1990,25,2,1,0,0,0,0,0,0,0
1990,23,1,1,0,0,1,259,1,40,0
1990,30,1,0,0,0,0,804,1,40,0
1990,27,2,0,0,0,0,436,3,35,0
1990,38,1,0,0,0,1,59,5,40,0
1990,38,2,0,0,0,0,23,3,40,0
1990,62,1,0,0,0,1,796,1,54,1
1990,59,2,0,0,0,1,0,0,0,0
1990,42,1,0,0,0,0,783,2,40,0
1990,39,2,0,0,0,0,453,4,14,0
1990,18,1,1,0,0,0,0,0,0,0
1990,56,2,2,0,0,1,379,0,15,0
1990,79,2,3,0,0,0,0,0,0,0
1990,37,1,2,0,0,1,575,0,40,0
1990,35,1,2,0,0,0,877,3,72,0
1990,30,1,0,0,0,1,558,0,50,0
1990,31,2,0,0,0,0,338,1,0,0
1990,62,1,3,0,0,1,179,6,40,0
1990,20,1,1,0,0,0,547,5,50,0
1990,36,2,2,0,0,1,15,5,40,0
1990,25,1,1,0,0,1,22,0,65,1
1990,25,1,3,0,0,0,869,0,32,0
1990,31,2,1,0,0,1,23,4,45,0
1990,42,1,1,0,0,1,628,1,50,0
1990,50,1,0,0,0,1,23,3,45,1
1990,52,2,0,0,0,0,0,0,0,0
1990,79,2,3,0,0,0,407,4,50,0
1990,29,1,0,0,0,0,505,4,50,0
1990,25,2,0,0,0,0,435,3,20,0
1990,59,1,0,0,0,1,65,1,40,0
1990,56,2,0,0,0,0,877,3,25,0
1990,34,1,1,0,0,1,588,0,60,0
1990,28,2,2,0,0,1,188,4,30,0
1990,34,1,0,0,0,1,634,1,55,1
1990,35,2,0,0,0,1,313,3,40,0
1990,55,1,0,0,0,1,156,5,40,0
1990,56,2,0,0,0,1,37,4,40,0
1990,46,1,0,0,0,1,23,1,50,0
1990,44,2,0,0,0,1,157,5,40,0
1990,39,1,0,3,3,1,57,1,50,1
1990,39,2,0,3,3,1,0,0,0,0
1990,59,1,2,0,0,1,189,2,40,0
1990,28,2,1,0,0,1,13,5,70,0
1990,37,2,1,0,0,1,547,5,20,0
1990,35,2,3,0,0,0,328,5,20,0
1990,29,1,0,0,0,1,373,3,43,0
1990,27,2,0,0,0,1,104,5,45,0
1990,29,1,0,0,0,0,853,0,40,0
1990,22,2,0,0,0,0,754,1,40,0
1990,30,1,0,0,0,1,57,1,40,1
1990,25,2,0,0,0,1,55,1,50,1
1990,63,1,0,0,2,0,159,1,40,0
1990,60,2,0,0,2,1,0,0,0,0
1990,38,1,2,0,2,1,734,4,32,0
1990,44,2,2,0,0,1,267,3,40,0
1990,20,2,1,0,0,1,264,3,40,0
1990,28,1,0,3,3,1,103,5,48,1
1990,27,2,0,3,3,1,0,0,0,0
1990,75,1,3,0,0,0,687,3,40,0
1990,75,2,3,0,0,0,0,0,0,0
1990,26,1,1,0,0,0,783,5,60,1
1990,54,2,2,0,0,0,313,5,40,0
1990,22,1,1,0,0,1,203,5,40,0
1990,43,1,0,0,0,1,628,1,48,1
1990,29,2,0,0,0,1,445,5,32,0
1990,19,1,1,0,0,1,734,1,32,0
1990,21,1,1,0,0,0,335,4,40,0
1990,20,1,1,0,0,0,567,0,40,0
1990,73,1,3,0,0,1,0,0,0,0
1990,27,1,0,0,3,1,55,4,40,0
1990,27,2,0,0,0,1,458,4,40,0
1990,38,1,0,0,0,1,418,6,40,0
1990,33,2,0,0,0,0,785,1,40,0
1990,36,1,0,0,0,0,585,0,40,0
1990,45,2,0,0,0,0,373,5,40,0
1990,35,1,1,0,0,1,468,5,40,0
1990,32,2,2,0,0,0,808,5,30,0
1990,62,1,0,0,0,1,157,5,40,0
1990,62,2,0,0,0,1,95,5,0,0
1990,28,1,1,0,0,1,0,0,0,0
1990,26,2,1,0,0,1,313,5,35,0
1990,20,2,1,0,0,1,458,4,40,0
1990,37,1,2,0,0,0,549,4,65,0
1990,21,1,1,0,0,0,683,1,40,0
1990,32,1,0,0,0,0,21,5,45,0
1990,25,2,0,0,0,1,95,5,40,0
1990,77,1,0,0,0,1,243,4,40,0
1990,30,1,0,0,0,0,785,1,40,0
1990,30,2,0,0,0,0,0,0,0,0
1990,29,2,0,0,0,0,747,1,30,0
1990,40,1,0,2,0,1,783,1,40,0
1990,66,1,0,0,0,0,22,1,56,0
1990,72,2,0,0,0,0,0,0,0,0
1990,46,2,2,0,0,1,785,1,40,0
1990,77,2,3,0,0,1,0,0,0,0
1990,31,1,1,0,0,0,804,4,45,0
1990,33,2,1,0,0,0,785,1,40,0
1990,39,1,2,0,0,1,259,3,40,0
1990,29,1,2,0,0,1,567,0,55,0
1990,24,2,1,0,0,1,373,3,22,0
1990,28,1,0,0,0,1,195,1,40,0
1990,29,2,0,0,0,1,319,5,45,0
1990,30,1,0,0,0,0,779,1,45,0
1990,21,2,0,0,0,0,22,3,40,0
1990,33,1,0,0,0,0,657,1,19,0
1990,29,2,0,0,0,0,0,0,0,0
1990,28,1,1,0,0,0,486,0,40,0
1990,24,2,1,0,0,0,779,1,40,0
1990,37,1,0,0,0,0,453,1,16,0
1990,36,2,0,0,0,0,337,1,40,0
1990,48,1,0,0,0,0,754,3,50,0
1990,43,2,0,0,0,0,313,4,37,0
1990,23,2,2,0,0,0,447,5,40,0
1990,37,1,1,0,0,0,0,0,0,0
1990,58,1,0,0,0,1,303,6,40,0
1990,54,2,0,0,0,0,0,0,0,0
1990,66,2,2,1,0,0,888,3,20,0
1990,30,2,1,1,0,1,14,5,20,0
1990,29,1,1,1,0,1,453,5,0,0
1990,20,1,1,1,0,0,447,5,32,0
1990,64,2,2,0,0,1,25,4,30,0
1990,65,1,0,2,1,0,709,1,0,0
1990,65,2,0,2,1,0,0,0,0,0
1990,41,2,1,2,1,1,375,4,38,0
1990,20,1,1,0,0,1,885,3,15,0
1990,33,1,0,0,0,1,785,1,40,0
1990,33,2,0,0,0,1,205,5,0,0
1990,70,1,0,0,0,1,0,0,0,0
1990,58,2,0,0,0,1,0,0,0,0
1990,30,1,0,0,0,1,13,1,48,0
1990,29,2,0,0,0,1,9,4,20,0
1990,24,1,0,0,0,1,255,4,20,0
1990,25,2,0,0,0,1,156,5,40,0
1990,69,2,1,0,0,0,0,0,0,0
1990,42,1,0,0,0,1,86,0,40,1
1990,41,2,0,0,0,1,256,4,25,0
1990,31,1,0,0,0,1,7,4,45,0
1990,28,2,0,0,0,1,25,1,40,0
1990,42,1,0,0,0,1,13,1,40,1
1990,41,2,0,0,0,0,376,4,42,0
1990,57,1,0,0,0,1,22,1,40,1
1990,57,2,0,0,0,1,207,5,0,0
1990,35,1,0,0,0,1,259,3,40,0
1990,33,2,0,0,0,1,344,5,40,0
1990,62,1,0,0,0,1,22,1,0,0
1990,57,2,0,0,0,0,313,5,0,0
1990,42,1,0,0,0,1,689,1,35,0
1990,40,2,0,0,0,1,503,2,50,1
1990,37,1,0,0,0,1,536,4,48,0
1990,36,2,0,0,0,1,444,3,40,0
1990,61,2,3,0,0,0,0,0,0,0
1990,29,1,1,0,0,1,637,1,40,0
1990,28,1,0,0,0,1,64,3,40,0
1990,28,2,0,0,0,1,53,0,40,0
1990,43,1,2,0,0,1,243,3,60,1
1990,36,2,0,0,2,1,13,4,40,0
1990,38,1,0,0,0,1,407,4,0,0
1990,71,1,0,0,0,1,0,0,0,0
1990,72,2,0,0,0,0,0,0,0,0
1990,40,1,0,0,0,1,363,1,60,1
1990,39,2,0,0,0,1,453,3,10,0
1990,19,2,1,0,0,1,276,3,30,0
1990,70,1,0,0,0,1,783,5,0,0
1990,69,2,0,0,0,1,43,3,40,0
1990,34,2,2,0,0,1,343,3,40,0
1990,35,2,2,0,0,0,774,4,40,0
1990,40,1,0,0,0,1,259,3,40,0
1990,42,2,0,0,0,1,156,5,40,0
1990,37,2,2,0,0,1,156,5,35,1
1990,20,2,1,0,0,1,274,3,20,0
1990,56,1,0,0,0,1,25,1,40,1
1990,53,2,0,0,0,1,338,4,20,0
1990,40,1,0,0,0,1,22,4,55,1
1990,37,2,0,0,0,0,315,5,16,0
1990,47,1,0,0,0,1,25,1,40,1
1990,43,2,0,0,0,0,315,4,40,0
1990,66,2,3,0,0,0,436,3,25,0
1990,27,2,0,0,0,1,313,3,40,0
1990,31,1,0,0,0,1,234,4,40,0
1990,56,1,0,0,0,1,57,1,40,0
1990,53,2,0,0,0,1,313,1,40,0
1990,33,1,0,0,0,1,407,4,0,0
1990,38,2,0,0,0,1,319,4,0,0
1990,71,1,0,0,0,0,217,1,40,0
1990,47,2,0,1,0,1,156,5,0,0
1990,75,2,3,0,0,0,385,1,0,0
1990,78,2,1,0,0,1,313,5,40,0
1990,28,1,0,0,0,1,575,0,36,0
1990,26,2,0,0,0,1,379,5,40,0
1990,67,2,2,0,0,1,0,0,0,0
1990,61,1,0,0,0,1,558,0,40,0
1990,56,2,0,0,0,1,0,0,0,0
1990,49,1,0,0,0,1,13,1,60,1
1990,42,2,0,0,0,1,243,3,40,1
1990,22,1,1,0,2,1,657,1,35,0
1990,78,1,0,0,0,1,0,0,0,0
1990,70,2,0,0,4,1,0,0,0,0
1990,43,2,0,0,0,1,22,5,40,0
1990,43,1,0,0,0,1,253,4,48,1
1990,42,1,0,0,3,1,57,1,48,1
1990,41,2,0,0,3,1,85,5,40,1
1990,47,1,0,0,0,1,157,5,70,1
1990,46,2,0,0,0,1,313,5,20,0
1990,21,2,1,0,0,1,313,0,35,0
1990,19,2,1,0,0,1,319,5,22,0
1990,33,2,0,0,0,1,379,3,40,0
1990,34,1,0,0,0,1,178,5,44,1
1990,40,2,3,0,0,1,204,5,40,0
1990,30,1,0,0,0,0,804,2,45,0
1990,27,2,0,0,0,1,229,1,40,0
1990,40,1,0,3,3,1,22,1,40,1
1990,38,2,0,3,3,1,156,5,0,0
1990,33,1,1,0,0,1,22,3,65,0
1990,25,1,1,0,0,1,17,4,60,0
1990,33,1,1,0,0,1,255,4,60,1
1990,35,1,0,0,0,1,178,5,55,1
1990,34,2,0,0,0,1,178,5,40,0
1990,32,1,0,3,3,1,13,3,60,1
1990,33,2,0,3,3,1,0,0,0,0
1990,57,1,0,0,0,1,53,5,46,1
1990,56,2,0,0,0,1,0,0,0,0
1990,30,2,1,0,0,1,267,3,45,1
1990,28,1,1,0,0,1,259,3,49,0
1990,30,1,1,0,0,1,84,5,72,0
1990,28,1,1,0,0,1,53,0,40,0
1990,50,1,0,0,0,1,628,1,50,1
1990,49,2,0,0,0,1,0,0,0,0
1990,25,2,1,0,0,1,259,3,50,0
1990,23,2,1,0,0,1,56,1,45,0
1990,53,1,0,0,0,1,59,5,40,1
1990,52,2,0,0,0,0,0,0,0,0
1990,54,1,0,0,0,1,243,1,45,1
1990,34,2,0,0,0,1,253,4,0,0
1990,37,1,0,0,3,1,243,3,48,0
1990,34,2,0,0,3,1,356,4,20,0
1990,52,1,0,0,0,1,7,1,60,1
1990,51,2,0,0,0,1,0,0,0,0
1990,34,1,2,0,0,1,13,1,55,1
1990,47,1,0,3,3,1,22,4,45,1
1990,45,2,0,3,3,1,0,0,0,0
1990,23,1,1,3,3,1,55,4,40,0
1990,58,1,0,0,0,1,84,5,46,1
1990,58,2,0,0,0,1,313,5,18,0
1990,68,1,0,0,0,1,84,5,5,0
1990,69,2,0,0,0,0,0,0,0,0
1990,30,1,0,0,0,1,213,1,46,0
1990,40,2,0,0,0,1,445,5,45,0
1990,47,1,3,0,0,1,22,0,60,1
1990,54,2,2,0,0,1,254,4,35,0
1990,35,1,0,0,0,1,13,2,45,1
1990,34,2,0,0,0,1,256,1,55,0
1990,29,1,1,0,0,1,84,5,90,1
1990,29,1,1,0,0,1,25,4,40,0
1990,74,2,3,0,0,1,0,0,0,0
1990,48,2,2,0,0,1,385,5,40,0
1990,26,1,1,0,0,1,13,4,40,0
1990,63,2,3,0,0,0,407,4,96,0
1990,63,1,0,0,0,1,13,1,50,1
1990,64,2,0,0,0,1,0,0,0,0
1990,79,2,3,0,0,0,0,0,0,0
1990,45,1,3,0,0,1,22,4,45,1
1990,60,1,0,0,0,1,259,1,40,1
1990,62,2,0,0,0,1,376,4,30,0
1990,67,1,0,0,0,1,13,1,40,0
1990,67,2,0,0,0,1,0,0,0,0
1990,35,1,2,0,0,0,274,3,50,1
1990,43,1,0,0,0,1,22,1,65,1
1990,42,2,0,0,0,1,0,0,0,0
1990,18,2,1,0,0,0,0,0,0,0
1990,26,2,3,0,0,1,229,4,50,0
1990,64,2,3,0,0,0,313,5,40,0
1990,26,2,2,0,0,0,444,5,40,0
1990,44,1,0,0,0,1,43,5,55,1
1990,40,2,0,0,0,1,156,5,55,0
1990,40,1,0,0,0,1,585,0,40,0
1990,38,2,0,0,0,0,379,5,8,0
1990,47,2,2,0,0,1,23,1,50,1
1990,41,1,0,0,0,1,255,4,45,1
1990,37,2,0,0,0,1,0,0,0,0
1990,50,1,0,0,0,1,628,0,50,1
1990,47,2,0,0,0,0,0,0,0,0
1990,22,1,1,0,0,1,188,1,40,0
1990,41,1,0,0,2,1,184,1,40,0
1990,41,2,0,0,0,1,256,4,25,1
1990,47,1,2,0,0,1,26,5,24,0
1990,35,2,0,1,0,1,156,5,32,0
1990,35,1,0,1,0,1,785,1,40,0
1990,80,2,3,0,0,0,0,0,0,0
1990,59,1,0,3,0,1,453,5,40,0
1990,57,2,0,0,0,0,208,5,40,0
1990,29,1,1,0,0,1,243,2,20,0
1990,77,1,0,0,0,1,0,0,0,0
1990,71,2,0,0,0,0,0,0,0,0
1990,63,1,2,0,0,1,0,0,0,0
1990,33,1,0,0,0,1,22,0,50,1
1990,35,2,0,0,1,1,318,2,0,0
1990,41,1,0,0,0,1,573,0,45,0
1990,37,2,0,0,0,1,337,3,25,0
1990,69,1,0,0,0,1,57,1,0,0
1990,65,2,0,0,0,0,0,0,0,0
1990,34,1,1,0,0,0,257,4,45,0
1990,74,1,0,0,0,1,154,5,10,0
1990,69,2,0,0,0,1,0,0,0,0
1990,29,1,0,0,0,1,447,5,0,0
1990,29,2,0,0,0,1,337,4,45,0
1990,61,1,0,0,0,1,22,1,45,1
1990,68,2,0,0,0,0,0,0,0,0
1990,61,1,0,0,0,1,85,5,28,1
1990,53,2,0,0,0,1,319,5,0,0
1990,40,1,0,0,0,1,22,2,46,1
1990,37,2,0,0,0,1,205,5,20,0
1990,67,2,3,0,2,0,0,0,0,0
1990,33,1,0,0,0,1,433,3,45,0
1990,31,2,0,0,0,1,64,1,40,0
1990,34,2,0,0,0,1,433,4,35,0
1990,39,1,0,0,0,1,64,4,70,1
1990,52,2,3,0,0,1,274,3,40,0
1990,28,1,1,0,0,1,257,0,50,0
1990,34,1,0,0,0,1,217,5,20,0
1990,22,2,0,0,0,0,276,1,35,0
1990,52,1,3,0,0,1,804,3,42,0
1990,56,1,0,0,0,1,22,1,45,0
1990,57,2,0,0,0,1,22,4,0,0
1990,24,1,1,0,0,1,259,1,50,0
1990,40,1,0,1,0,1,243,3,48,1
1990,30,2,0,1,0,1,23,5,40,0
1990,76,2,3,0,2,0,0,0,0,0
1990,40,2,2,1,0,1,27,5,54,1
1990,70,1,0,1,0,0,0,0,0,0
1990,65,2,0,1,0,0,254,4,0,0
1990,31,1,0,1,0,0,785,1,40,0
1990,33,2,0,1,0,1,734,5,40,0
1990,29,2,1,0,0,1,15,5,50,0
1990,62,1,0,0,0,0,217,1,0,0
1990,57,2,0,0,0,0,0,0,0,0
1990,50,2,3,0,0,0,466,5,50,0
1990,32,1,0,0,0,0,888,2,45,0
1990,31,2,0,0,0,1,276,3,12,0
1990,80,2,1,0,0,1,0,0,0,0
1990,48,1,0,0,0,1,259,3,40,1
1990,46,2,0,0,0,0,378,5,40,0
1990,24,2,1,0,0,1,264,3,32,0
1990,80,2,3,0,0,0,0,0,0,0
1990,43,1,0,1,0,0,628,1,40,0
1990,42,2,0,1,0,1,313,4,40,0
1990,20,1,1,1,0,1,243,3,15,0
1990,47,1,2,1,0,1,259,3,40,0
1990,40,2,2,1,0,1,337,1,40,0
1990,51,2,3,0,2,1,0,0,0,0
1990,22,1,1,0,3,1,0,0,0,0
1990,21,1,1,0,2,1,0,0,0,0
1990,61,1,1,0,3,0,0,0,0,0
1990,32,1,0,1,4,1,65,4,42,0
1990,23,2,0,1,4,1,0,0,0,0
1990,27,2,1,0,0,0,487,5,40,0
1990,43,1,0,0,0,1,55,0,50,0
1990,43,2,0,0,0,1,337,3,40,0
1990,18,1,1,0,0,1,438,3,32,0
1990,30,2,0,0,0,1,386,4,40,0
1990,23,1,0,0,0,1,704,1,40,0
1990,64,2,1,0,0,1,335,3,8,0
1990,55,2,2,0,0,1,706,3,40,0
1990,53,1,2,0,0,0,783,1,40,0
1990,37,1,0,0,0,1,585,3,45,0
1990,35,2,0,0,0,0,449,4,40,0
1990,64,1,0,0,0,1,808,5,27,0
1990,63,2,0,0,0,0,754,1,40,0
1990,69,1,0,0,0,0,0,0,0,0
1990,68,2,0,0,0,1,313,5,0,0
1990,24,2,1,0,0,1,208,5,0,0
1990,24,1,1,0,0,0,563,0,0,0
1990,53,2,2,0,0,1,337,0,40,0
1990,66,2,2,0,0,0,379,5,40,0
1990,41,1,0,0,0,0,844,0,40,0
1990,37,2,0,0,0,0,363,3,40,0
1990,30,2,2,3,3,1,675,1,40,0
1990,61,1,0,0,0,1,215,5,44,1
1990,63,2,0,0,0,1,274,3,25,0
1990,33,1,0,0,3,1,243,3,80,0
1990,32,2,0,0,3,1,243,3,40,0
1990,60,1,0,0,0,1,57,5,40,0
1990,56,2,0,0,0,0,337,1,42,0
1990,48,1,0,0,0,0,754,1,44,0
1990,44,2,0,0,0,0,453,5,48,0
1990,23,2,1,0,0,0,276,3,25,0
1990,49,1,0,0,0,0,628,1,56,1
1990,49,2,0,0,0,0,0,0,0,0
1990,24,2,1,0,0,1,365,3,40,0
1990,21,2,1,0,0,1,453,4,10,0
1990,70,2,2,0,0,0,435,3,40,0
1990,45,1,0,0,0,1,22,3,40,0
1990,36,2,0,0,0,1,235,1,40,0
1990,33,2,0,0,0,1,243,4,40,0
1990,32,1,0,0,0,1,229,1,40,0
1990,29,1,1,0,0,1,188,5,40,0
1990,40,1,0,0,0,1,216,5,40,0
1990,38,2,0,0,0,0,337,3,15,0
1990,59,2,3,0,0,0,444,3,30,0
1990,19,2,1,0,0,1,447,5,24,0
1990,23,2,1,0,0,1,166,5,40,0
1990,53,2,1,0,0,0,327,2,40,0
1990,62,1,0,0,0,1,22,0,60,1
1990,59,2,0,0,0,1,185,4,20,0
1990,52,2,3,0,0,0,17,3,15,0
1990,37,2,1,0,0,1,95,5,40,0
1990,42,1,1,0,0,1,804,1,40,0
1990,30,2,2,0,0,1,337,5,40,0
1990,35,1,0,0,0,0,628,1,40,0
1990,30,2,0,0,0,0,64,3,40,0
1990,63,2,3,0,0,0,0,0,0,0
1990,29,1,0,3,0,1,69,1,45,0
1990,27,2,0,0,0,1,64,3,50,0
1990,29,2,0,0,0,1,17,3,56,0
1990,35,1,0,0,0,0,505,3,60,0
1990,28,1,0,0,0,1,197,5,40,0
1990,26,2,0,0,0,1,156,5,15,0
1990,45,1,0,0,0,1,22,3,50,0
1990,41,2,0,0,0,1,0,0,0,0
1990,72,1,0,0,0,1,84,5,34,1
1990,68,2,0,0,0,1,156,5,37,0
1990,57,1,0,0,0,1,645,1,40,1
1990,52,2,0,0,0,1,22,1,40,0
1990,22,1,1,0,0,1,213,1,20,0
1990,21,2,1,0,0,1,447,5,20,0
1990,57,1,0,0,0,1,22,1,50,1
1990,49,2,0,0,0,0,0,0,0,0
1990,25,1,1,0,0,1,26,1,40,0
1990,22,2,1,0,0,1,433,3,36,0
1990,47,1,0,0,0,0,15,5,40,1
1990,45,2,0,0,0,0,447,5,14,0
1990,36,1,0,0,0,1,55,1,40,0
1990,35,2,0,0,0,1,376,5,24,0
1990,59,1,0,0,0,0,579,0,34,0
1990,54,2,0,0,0,0,0,0,0,0
1990,30,1,1,0,0,0,785,1,40,0
1990,36,1,0,0,0,1,628,1,43,0
1990,33,2,0,0,0,1,808,5,25,0
1990,72,1,0,0,0,0,0,0,0,0
1990,57,2,0,0,0,0,0,0,0,0
1990,24,1,1,0,0,0,804,0,50,0
1990,78,1,2,0,0,0,0,0,0,0
1990,30,2,2,0,0,1,447,5,40,0
1990,31,1,1,0,0,0,547,3,40,0
1990,43,1,0,0,0,0,595,0,40,0
1990,23,2,0,0,0,0,458,3,0,0
1990,45,2,1,0,0,1,207,5,0,0
1990,33,1,0,0,0,0,709,1,40,0
1990,43,2,0,0,0,0,785,1,48,0
1990,26,2,1,0,0,0,447,5,40,0
1990,50,1,0,0,0,0,505,1,40,0
1990,50,2,0,0,0,1,458,4,12,0
1990,20,2,1,0,0,0,379,5,40,0
1990,20,2,1,0,0,0,303,1,40,0
1990,50,1,0,0,0,1,503,1,46,1
1990,44,2,0,0,0,1,337,5,10,0
1990,64,1,0,0,0,1,0,0,0,0
1990,60,2,0,0,0,0,22,4,24,0
1990,40,1,0,0,0,1,157,5,40,0
1990,39,2,0,0,0,1,156,5,40,0
1990,23,2,0,0,0,0,276,3,40,0
1990,26,1,0,0,0,1,653,5,56,0
1990,54,1,0,0,0,1,634,1,40,1
1990,47,2,0,0,0,0,0,0,0,0
1990,18,2,1,0,0,1,276,3,30,0
1990,32,1,0,0,0,0,549,3,40,0
1990,34,2,0,0,0,0,466,5,30,0
1990,37,1,1,0,0,0,856,1,41,0
1990,75,2,2,0,0,0,0,0,0,0
1990,43,1,0,0,0,1,628,1,40,1
1990,40,2,0,0,0,1,23,0,40,0
1990,19,1,1,0,0,0,637,1,40,0
1990,23,1,1,0,0,0,634,1,50,0
1990,71,2,3,0,0,0,0,0,0,0
1990,23,1,0,0,0,0,684,1,50,0
1990,22,2,0,0,0,0,785,1,40,0
1990,32,1,1,0,0,0,783,1,40,0
1990,56,1,0,0,0,1,5,6,40,0
1990,61,2,0,0,0,0,377,4,37,0
1990,40,2,2,0,0,1,17,4,85,0
1990,20,2,1,0,0,0,379,2,40,0
1990,70,2,2,0,0,0,446,5,40,0
1990,57,2,2,0,0,1,95,5,48,0
1990,27,2,1,0,0,1,274,3,0,0
1990,26,1,0,0,0,1,779,1,40,0
1990,34,2,0,0,0,0,25,4,37,0
1990,49,2,1,1,0,1,436,3,35,0
1990,22,2,1,1,0,1,276,3,21,0
1990,23,2,0,0,0,1,315,5,40,0
1990,23,1,0,0,0,0,686,3,40,0
1990,38,1,0,0,0,0,514,4,50,0
1990,33,2,0,0,0,0,14,5,10,0
1990,41,2,0,0,0,1,36,5,35,0
1990,43,1,0,0,0,0,585,0,40,0
1990,35,1,0,0,0,1,749,1,52,0
1990,35,2,0,0,0,1,447,5,0,0
1990,45,1,0,0,0,0,804,1,42,0
1990,37,2,0,0,0,1,313,5,21,0
1990,55,2,2,0,0,0,0,0,0,0
1990,43,1,0,0,0,1,22,1,40,0
1990,33,2,0,2,0,0,0,0,0,0
1990,30,1,0,0,0,1,203,5,40,0
1990,30,2,0,0,0,1,148,5,40,0
1990,40,1,0,0,0,0,529,2,50,0
1990,40,2,0,0,0,0,17,5,7,0
1990,18,2,1,0,0,1,274,3,25,0
1990,42,1,0,0,0,1,785,1,40,0
1990,38,2,0,0,0,0,338,2,40,0
1990,35,1,2,0,0,0,877,3,45,0
1990,31,2,2,0,0,0,337,3,45,0
1990,39,2,2,0,0,0,274,3,10,0
1990,47,1,0,0,0,0,796,1,40,0
1990,34,2,0,0,0,0,308,2,40,0
1990,25,1,0,0,0,0,376,1,40,0
1990,25,2,0,0,0,0,796,3,40,0
1990,34,1,0,0,0,0,575,1,40,0
1990,37,2,0,0,0,0,877,3,20,0
1990,35,1,0,0,0,1,804,2,60,0
1990,29,2,0,0,0,0,785,1,40,0
1990,51,1,0,0,0,0,686,3,40,0
1990,47,2,0,0,0,0,25,4,50,0
1990,78,2,3,3,0,0,0,0,0,0
1990,32,1,0,0,0,0,904,6,40,0
1990,32,2,0,0,0,0,318,6,40,0
1990,39,1,0,0,0,0,575,1,56,1
1990,32,2,0,0,0,1,364,1,30,0
1990,42,1,0,0,0,0,634,1,45,0
1990,20,2,0,0,0,0,0,0,0,0
1990,39,1,0,0,0,1,849,0,50,0
1990,39,2,0,0,0,0,436,3,30,0
1990,18,1,1,0,0,0,0,0,0,0
1990,53,2,0,1,0,0,796,1,20,0
1990,28,1,1,1,0,0,789,1,10,0
1990,37,1,0,0,0,0,777,0,50,0
1990,30,2,0,0,0,1,156,5,43,0
1990,43,1,0,0,0,1,22,1,48,0
1990,30,2,0,0,0,0,283,3,0,0
1990,66,1,0,0,0,0,628,1,9,0
1990,64,2,0,0,0,0,0,0,0,0
1990,40,1,0,0,0,1,156,5,40,0
1990,37,2,0,0,0,1,95,5,40,0
1990,53,1,0,0,0,0,856,1,48,0
1990,50,2,0,0,0,0,0,0,0,0
1990,26,1,1,0,0,1,567,0,40,0
1990,19,1,1,0,0,1,436,3,38,0
1990,25,1,0,0,2,0,453,1,52,0
1990,24,2,0,0,0,0,804,3,8,0
1990,25,1,0,0,0,0,888,1,40,0
1990,25,2,0,0,0,0,706,1,40,0
1990,36,1,0,0,0,0,505,5,48,0
1990,38,2,0,0,0,0,0,0,0,0
1990,39,2,2,0,0,1,274,3,25,0
1990,28,2,3,0,0,0,435,5,15,0
1990,36,1,0,0,0,1,178,5,60,1
1990,33,2,0,0,0,1,203,5,28,0
1990,41,2,2,0,0,0,466,5,32,0
1990,20,1,1,0,0,1,154,5,25,0
1990,34,1,0,1,0,0,579,4,0,0
1990,46,2,0,0,0,0,744,1,40,0
1990,58,1,0,0,0,1,243,4,55,0
1990,57,2,0,0,0,1,243,3,40,0
1990,28,1,1,0,0,1,208,5,30,0
1990,38,2,1,0,0,1,313,1,40,0
1990,29,1,1,0,0,1,308,1,40,0
1990,64,1,0,0,0,0,453,1,40,0
1990,57,2,0,0,0,0,407,4,20,0
1990,37,1,2,0,0,1,455,0,40,0
1990,32,1,1,0,0,0,243,3,40,0
1990,41,2,2,0,0,1,22,0,40,0
1990,26,1,0,0,0,0,748,4,50,0
1990,22,2,0,0,0,0,159,5,40,0
1990,25,1,0,0,0,0,243,3,40,0
1990,25,2,0,0,0,0,453,3,0,0
1990,32,2,1,0,0,1,276,3,36,0
1990,34,1,1,0,0,1,243,3,40,0
1990,47,1,0,0,0,1,889,5,40,0
1990,41,2,0,0,0,1,0,0,0,0
1990,37,1,0,0,0,1,243,3,45,0
1990,34,2,0,0,0,1,0,0,0,0
1990,32,2,0,0,0,0,354,2,40,0
1990,33,1,0,0,0,0,856,3,40,0
1990,41,2,2,0,0,1,337,3,40,0
1990,79,2,3,0,0,0,0,0,0,0
1990,35,1,2,0,0,1,534,0,40,0
1990,67,1,0,0,0,0,0,0,0,0
1990,60,2,0,0,0,0,488,0,40,0
1990,70,1,0,0,0,0,0,0,0,0
1990,73,2,0,0,0,0,0,0,0,0
1990,77,1,0,0,0,0,0,0,0,0
1990,76,2,0,0,0,0,0,0,0,0
1990,74,1,0,0,0,0,0,0,0,0
1990,72,2,0,0,0,1,0,0,0,0
1990,28,1,0,0,0,1,57,1,48,0
1990,27,2,0,0,0,0,337,3,37,0
1990,26,1,0,0,0,0,505,4,40,0
1990,29,2,0,0,0,1,435,3,22,0
1990,39,1,0,0,0,0,567,0,40,0
1990,35,2,0,0,0,0,883,1,40,0
1990,18,1,1,0,0,0,0,0,0,0
1990,19,1,1,0,0,0,804,3,25,0
1990,69,1,2,0,0,0,0,0,0,0
1990,37,1,0,0,0,0,473,0,60,0
1990,38,2,0,0,0,0,473,0,20,0
1990,71,1,3,0,0,0,0,0,0,0
1990,21,1,1,0,0,0,435,3,40,0
1990,37,1,0,0,0,1,567,0,40,0
1990,36,2,0,0,0,1,405,4,0,0
1990,68,1,0,0,0,1,0,0,0,0
1990,66,2,0,0,0,1,0,0,0,0
1990,53,1,0,0,0,1,523,4,40,1
1990,54,2,0,0,0,0,449,4,40,0
1990,22,1,1,0,0,0,869,0,40,0
1990,47,1,0,0,0,1,557,0,40,0
1990,45,2,0,0,0,0,276,3,0,0
1990,27,1,1,0,0,0,585,0,40,0
1990,64,1,0,0,0,1,21,5,28,1
1990,62,2,0,0,0,1,156,5,0,0
1990,28,1,0,0,0,0,486,0,8,0
1990,23,2,0,0,0,0,449,5,40,0
1990,30,1,0,2,1,0,759,4,40,0
1990,24,2,0,2,0,0,0,0,0,0
1990,70,1,0,0,0,0,0,0,0,0
1990,32,1,1,0,0,0,558,0,70,0
1990,27,2,1,0,0,0,449,4,5,0
1990,34,1,0,0,0,0,804,3,40,0
1990,30,2,0,0,0,0,276,3,30,0
1990,56,1,0,0,0,1,348,2,40,0
1990,54,2,0,0,0,1,95,5,32,0
1990,59,1,0,0,0,0,783,4,40,1
1990,52,2,0,0,0,0,466,5,70,0
1990,33,1,0,0,0,1,758,1,45,0
1990,31,2,0,0,0,1,27,1,40,0
1990,67,1,0,0,0,0,777,1,0,0
1990,62,2,0,0,0,0,0,0,0,0
1990,32,1,1,0,0,0,343,3,3,0
1990,64,2,3,0,0,0,0,0,0,0
1990,39,1,0,0,0,0,804,2,70,0
1990,35,2,0,0,0,1,337,2,40,0
1990,46,1,0,0,0,1,153,5,55,0
1990,31,2,0,0,0,1,157,5,16,0
1990,43,1,1,0,0,0,669,4,50,0
1990,59,1,0,0,0,1,453,4,40,0
1990,55,2,0,0,0,1,466,5,15,0
1990,19,2,1,0,0,1,435,3,16,0
1990,35,1,0,0,0,0,243,3,45,0
1990,33,2,0,0,0,1,337,3,35,0
1990,47,1,1,0,0,1,157,5,40,0
1990,54,2,3,0,0,0,379,4,60,0
1990,46,1,0,0,0,1,337,4,40,0
1990,44,2,0,0,0,0,0,0,0,0
1990,80,1,0,0,0,0,473,0,21,0
1990,74,1,0,0,0,0,449,4,20,0
1990,65,2,0,0,0,0,436,4,36,0
1990,61,1,1,0,0,0,479,0,40,0
1990,43,1,1,0,0,0,585,2,70,0
1990,64,1,3,0,0,0,276,3,0,0
1990,73,1,0,0,0,0,0,0,0,0
1990,67,2,0,0,0,0,0,0,0,0
1990,32,1,0,0,0,1,804,3,45,0
1990,28,2,0,0,0,1,447,5,0,0
1990,39,1,0,0,0,1,473,0,50,0
1990,38,2,0,0,0,1,479,0,10,0
1990,37,1,0,0,0,1,243,3,50,0
1990,36,2,0,0,0,1,15,5,50,0
1990,23,1,1,0,0,1,475,0,40,0
1990,42,1,0,0,0,0,567,0,40,0
1990,40,2,0,0,0,0,748,5,30,1
1990,19,2,1,0,0,0,435,3,20,0
1990,78,2,0,0,0,0,313,5,6,0
1990,40,1,1,0,0,1,216,5,14,0
1990,34,1,0,0,0,0,496,1,40,1
1990,31,2,0,0,0,1,447,5,40,0
1990,33,1,0,0,0,1,567,0,50,0
1990,30,2,0,0,0,1,308,4,40,0
1990,76,2,0,0,0,0,0,0,0,0
1990,36,1,0,0,0,1,508,2,60,0
1990,35,2,0,0,0,1,337,2,30,0
1990,56,1,0,0,0,0,496,1,40,0
1990,55,2,0,0,0,0,175,5,40,0
1990,73,1,0,0,0,0,0,0,0,0
1990,61,2,0,0,0,1,0,0,0,0
1990,34,1,0,0,0,0,804,1,80,0
1990,36,2,0,0,0,0,195,1,3,0
1990,22,2,2,0,0,0,447,5,0,0
1990,35,1,1,0,0,1,424,6,40,0
1990,71,1,0,0,0,0,507,3,0,0
1990,67,2,0,0,0,0,337,3,0,0
1990,73,1,0,0,0,0,473,0,20,0
1990,72,2,0,0,0,0,446,5,15,0
1990,60,1,0,0,0,0,473,0,45,0
1990,60,2,0,0,0,0,0,0,0,0
1990,61,2,3,0,0,1,313,2,44,0
1990,21,1,1,0,0,1,887,3,45,0
1990,77,2,3,0,0,0,467,5,40,0
1990,52,1,0,0,0,0,268,3,46,0
1990,45,2,0,0,0,0,467,5,15,0
1990,39,1,0,0,0,1,757,0,60,0
1990,36,2,0,0,0,1,0,0,0,0
1990,80,2,3,0,0,0,0,0,0,0
1990,52,1,0,0,0,0,785,1,40,0
1990,46,2,0,0,0,0,95,5,40,0
1990,35,1,0,0,0,1,198,2,46,0
1990,34,2,0,0,0,1,447,5,40,0
1990,22,1,1,0,0,0,518,1,40,0
1990,21,2,1,3,0,1,727,1,25,0
1990,66,1,0,0,0,0,479,0,80,0
1990,60,2,0,0,0,0,0,0,0,0
1990,74,2,3,0,0,0,0,0,0,0
1990,64,2,1,0,0,1,0,0,0,0
1990,19,1,1,0,0,0,779,1,50,0
1990,19,2,1,0,0,0,733,1,40,0
1990,47,1,0,0,0,0,507,4,50,0
1990,45,2,0,0,0,0,785,1,40,0
1990,37,1,0,0,0,1,653,1,40,0
1990,39,2,0,0,0,1,19,1,45,0
1990,69,1,0,0,0,0,473,0,0,0
1990,63,2,0,0,0,0,0,0,0,0
1990,26,2,1,0,0,0,0,0,0,0
1990,38,1,0,0,0,0,804,2,40,0
1990,35,2,0,0,0,1,23,0,40,0
1990,23,1,1,0,0,1,77,3,60,0
1990,57,1,0,0,0,0,473,0,60,0
1990,50,2,0,0,0,0,444,5,35,0
1990,23,1,1,0,0,0,883,1,40,0
1990,39,1,0,0,0,1,217,1,40,0
1990,43,2,0,0,0,0,438,3,0,0
1990,59,1,3,0,0,0,473,0,60,0
1990,61,1,0,0,0,0,628,1,40,1
1990,58,2,0,0,0,0,0,0,0,0
1990,54,1,3,0,0,1,0,0,0,0
1990,69,1,0,0,0,0,804,0,0,0
1990,60,2,0,0,0,0,453,2,4,0
1990,67,1,1,0,0,1,269,3,48,0
1990,33,1,0,0,0,1,496,1,70,0
1990,36,2,0,0,0,1,434,3,30,0
1990,62,1,0,0,0,0,0,0,0,0
1990,63,2,0,0,0,0,453,1,0,0
1990,69,2,3,0,0,0,0,0,0,0
1990,65,1,0,0,0,0,555,0,0,0
1990,65,2,0,0,0,0,0,0,0,0
1990,64,1,3,0,0,0,0,0,0,0
1990,31,2,2,0,0,1,377,5,32,0
1990,70,1,0,0,0,0,366,2,60,0
1990,67,2,0,0,0,0,0,0,0,0
1990,54,1,0,0,0,0,453,4,56,0
1990,52,2,0,0,0,0,453,4,40,0
1990,28,2,2,0,0,0,434,3,0,0
1990,34,1,2,0,0,0,804,3,40,0
1990,41,1,0,0,0,0,869,0,50,0
1990,39,2,0,0,0,1,14,5,20,0
1990,27,1,1,0,0,1,157,5,35,0
1990,32,1,0,3,0,1,804,3,40,0
1990,32,2,0,0,0,1,338,4,40,0
1990,69,1,0,0,0,0,0,0,0,0
1990,67,2,0,0,0,0,469,5,15,0
1990,35,1,0,0,0,0,804,0,40,0
1990,34,2,0,0,0,0,889,1,40,0
1990,68,1,0,0,0,0,0,0,0,0
1990,69,2,0,0,0,1,0,0,0,0
1990,33,1,0,0,0,1,254,4,50,1
1990,33,2,0,0,0,0,315,1,65,0
1990,60,1,0,0,0,1,73,1,40,1
1990,56,2,0,0,0,0,0,0,0,0
1990,66,1,0,0,0,0,709,1,0,0
1990,69,1,2,0,0,0,0,0,0,0
1990,42,2,1,0,0,0,426,4,0,0
1990,25,1,1,3,0,1,78,5,34,0
1990,37,1,1,3,0,0,156,5,33,0
1990,63,1,0,0,0,0,777,1,0,0
1990,58,2,0,0,0,0,0,0,0,0
1990,52,1,0,0,0,0,769,1,48,1
1990,49,2,0,0,0,0,687,3,25,0
1990,19,2,1,0,0,0,308,1,40,0
1990,58,1,0,0,0,0,567,0,40,0
1990,46,2,0,0,0,0,749,1,40,0
1990,44,1,0,0,0,1,78,5,50,0
1990,32,2,0,0,0,0,313,4,32,0
1990,44,1,0,0,0,1,783,0,40,0
1990,44,2,0,0,0,1,407,4,8,0
1990,23,1,1,0,0,0,709,3,40,0
1990,20,1,0,0,0,0,567,0,40,0
1990,21,2,0,0,0,0,313,0,30,0
1990,61,2,1,0,0,1,177,5,40,0
1990,73,2,1,0,0,0,177,5,40,0
1990,60,1,0,0,0,0,453,5,26,0
1990,55,2,0,0,0,0,439,3,20,0
1990,25,2,2,0,0,0,174,5,20,0
1990,29,1,0,0,0,0,475,0,50,0
1990,29,2,0,0,0,1,458,4,40,0
1990,47,1,1,0,0,1,558,0,40,0
1990,46,2,3,0,0,1,436,3,0,0
1990,53,1,3,0,0,0,804,2,60,0
1990,68,1,0,0,0,0,217,1,0,0
1990,63,2,0,0,0,0,0,0,0,0
1990,68,1,0,0,0,0,0,0,0,0
1990,66,2,0,0,0,0,447,5,5,0
1990,51,1,2,0,0,1,48,5,30,0
1990,31,1,0,0,0,1,549,4,80,0
1990,29,2,0,0,0,1,0,0,0,0
1990,57,2,3,0,0,0,0,0,0,0
1990,21,1,1,0,0,1,777,1,40,0
1990,60,2,0,0,0,0,0,0,0,0
1990,69,1,0,0,0,0,0,0,0,0
1990,52,1,0,0,0,1,389,6,45,0
1990,48,2,0,0,0,0,417,0,30,0
1990,54,1,2,0,0,0,883,1,40,0
1990,59,1,1,0,0,1,534,0,40,0
1990,68,2,3,0,0,0,0,0,0,0
1990,45,1,0,0,0,1,156,5,40,0
1990,44,2,0,0,0,1,254,4,40,0
1990,35,1,0,0,0,0,744,1,40,0
1990,36,2,0,0,0,0,0,0,0,0
1990,43,2,3,0,0,1,174,5,37,0
1990,67,1,0,0,0,0,0,0,0,0
1990,61,2,0,0,0,0,0,0,0,0
1990,35,1,1,0,0,1,78,6,40,0
1990,68,1,1,0,0,0,804,1,40,0
1990,41,1,0,0,0,0,889,0,40,0
1990,30,2,0,0,0,0,453,5,0,0
1990,73,1,0,0,2,0,0,0,0,0
1990,69,2,0,0,2,0,458,4,0,0
1990,51,2,2,0,0,0,0,0,0,0
1990,77,2,3,0,0,0,453,3,20,0
1990,37,1,0,0,0,1,243,3,40,0
1990,37,2,0,0,0,0,0,0,0,0
1990,53,1,0,0,0,1,354,2,0,0
1990,47,2,0,0,0,1,22,5,25,0
1990,37,2,2,0,0,1,156,5,40,0
1990,36,1,0,0,0,1,8,2,40,0
1990,36,2,0,0,0,1,156,5,40,0
1990,60,1,0,0,4,1,154,5,40,1
1990,55,2,0,0,4,1,0,0,0,0
1990,29,2,2,0,0,0,313,5,40,0
1990,26,2,1,0,0,1,178,5,20,0
1990,74,2,0,0,0,1,0,0,0,0
1990,43,1,0,0,0,1,178,5,45,0
1990,42,2,0,0,0,1,95,5,44,0
1990,19,2,1,0,0,0,383,4,30,0
1990,63,1,0,0,0,0,0,0,0,0
1990,60,2,0,0,0,0,264,3,25,0
1990,43,2,0,0,0,1,0,0,0,0
1990,45,1,0,0,0,1,84,5,50,1
1990,49,2,1,3,0,0,447,5,26,0
1990,29,1,3,0,0,1,354,2,47,0
1990,72,2,2,0,0,0,0,0,0,0
1990,55,1,1,0,0,0,0,0,0,0
1990,55,2,2,0,0,0,274,3,0,0
1990,21,1,1,0,0,0,274,3,35,0
1990,20,2,1,0,0,1,687,3,15,0
1990,21,1,1,0,0,0,769,0,38,0
1990,37,2,2,3,3,0,453,5,20,0
1990,47,1,0,0,0,1,185,5,48,0
1990,43,2,0,0,0,0,379,2,48,0
1990,33,1,0,0,0,0,804,2,60,0
1990,28,2,0,3,0,1,467,5,75,0
1990,79,1,1,0,0,0,0,0,0,0
1990,36,1,0,0,0,0,549,2,40,0
1990,35,2,0,0,0,1,154,5,55,0
1990,39,1,0,0,0,1,599,0,38,0
1990,40,2,0,0,0,1,23,3,20,0
1990,26,1,2,0,0,0,243,3,40,0
1990,72,1,3,0,0,0,0,0,0,0
1990,75,2,3,0,0,0,0,0,0,0
1990,57,1,0,0,0,0,443,3,0,0
1990,54,2,0,0,0,0,507,3,44,0
1990,35,1,0,0,0,1,33,5,37,0
1990,28,2,0,0,0,1,447,5,40,0
1990,45,1,0,0,0,0,579,4,40,0
1990,45,2,0,0,0,0,198,5,0,0
1990,54,1,0,0,0,0,856,1,40,0
1990,44,2,0,0,0,0,407,4,0,0
1990,22,2,1,0,0,1,264,3,30,0
1990,19,1,1,0,0,0,0,0,0,0
1990,32,1,0,0,0,1,496,1,40,0
1990,25,2,0,0,0,0,0,0,0,0
1990,25,2,3,0,0,0,0,0,0,0
1990,21,1,0,0,0,0,0,0,0,0
1990,71,2,0,0,0,0,0,0,0,0
1990,40,1,2,0,0,1,706,0,40,0
1990,48,1,2,0,0,0,33,1,40,0
1990,40,2,2,0,0,1,379,4,40,0
1990,77,1,0,0,0,0,0,0,0,0
1990,78,2,0,0,0,0,0,0,0,0
1990,28,1,1,0,0,0,558,0,45,0
1990,25,2,2,0,0,0,447,5,35,0
1990,23,1,1,0,0,0,687,3,50,0
1990,47,1,2,0,0,0,22,1,56,0
1990,45,1,0,0,0,1,783,0,44,0
1990,40,2,0,0,0,1,276,3,21,0
1990,43,1,0,0,0,1,575,0,40,0
1990,42,2,0,0,0,0,0,0,0,0
1990,56,1,0,0,0,0,355,2,40,0
1990,49,2,0,0,0,0,447,5,32,0
1990,59,1,3,0,0,0,856,0,0,0
1990,28,1,1,0,0,0,434,3,20,0
1990,41,1,2,0,0,1,889,0,40,0
1990,20,1,1,0,0,1,436,3,40,0
1990,63,1,0,0,0,1,0,0,0,0
1990,61,2,0,0,0,1,329,5,40,0
1990,63,1,0,0,0,1,808,5,28,0
1990,65,2,0,0,0,1,14,5,40,0
1990,73,1,0,0,0,0,0,0,0,0
1990,64,2,0,0,0,0,0,0,0,0
1990,39,1,0,0,0,1,544,0,48,0
1990,39,2,0,0,0,0,276,3,16,0
1990,40,2,2,0,0,0,327,2,40,0
1990,18,1,1,0,0,0,866,0,20,0
1990,76,1,2,0,0,0,0,0,0,0
1990,45,1,0,0,0,0,507,0,50,0
1990,43,2,0,0,0,1,337,1,24,0
1990,68,1,0,0,0,0,516,0,24,0
1990,68,2,0,0,0,0,453,6,18,0
1990,42,2,2,0,0,1,156,5,0,0
1990,78,1,0,0,0,0,0,0,0,0
1990,67,2,0,0,0,0,0,0,0,0
1990,76,1,0,0,0,0,0,0,0,0
1990,70,2,0,0,0,0,0,0,0,0
1990,38,1,0,0,0,1,808,5,40,0
1990,35,2,0,0,0,1,21,5,40,0
1990,41,1,0,0,0,0,433,4,45,0
1990,29,2,0,0,0,0,435,3,25,0
1990,33,1,0,0,0,0,496,1,70,0
1990,29,2,0,0,0,0,313,3,20,0
1990,36,1,0,3,0,1,567,0,34,0
1990,28,2,0,3,0,0,888,4,40,0
1990,19,1,1,0,0,1,435,3,40,0
1990,75,1,3,0,0,0,479,0,8,1
1990,36,1,2,0,0,1,255,4,40,0
1990,36,1,0,0,0,1,243,3,50,0
1990,34,2,0,0,0,0,435,3,30,0
1990,36,1,0,0,0,1,567,0,50,0
1990,32,2,0,0,0,1,95,5,40,0
1990,49,1,0,0,0,0,264,3,60,0
1990,37,2,0,0,0,0,264,3,60,0
1990,31,1,0,0,0,1,473,0,60,0
1990,27,2,0,0,0,1,274,3,47,0
1990,75,1,0,0,0,0,804,2,20,0
1990,60,2,0,0,0,0,5,2,40,0
1990,36,1,0,0,0,0,628,2,60,0
1990,35,2,0,0,0,1,365,4,30,0
1990,55,1,0,0,0,0,473,0,50,0
1990,52,2,0,0,0,0,337,3,25,0
1990,76,1,0,0,0,0,0,0,0,0
1990,73,2,0,0,0,0,0,0,0,0
1990,21,1,0,3,0,0,495,0,40,0
1990,21,2,0,3,0,1,515,6,40,0
1990,56,1,0,0,0,0,869,0,30,0
1990,55,2,0,0,0,0,0,0,0,0
1990,29,1,0,0,0,0,869,0,50,0
1990,24,2,0,0,0,1,274,3,0,0
1990,42,1,0,0,0,0,826,2,40,0
1990,40,2,0,0,0,1,36,6,20,0
1990,78,2,3,0,0,1,0,0,0,0
1990,59,1,0,0,0,0,628,5,40,0
1990,57,2,0,0,0,0,447,5,20,0
1990,34,1,0,0,0,0,29,3,40,0
1990,38,2,0,0,0,1,327,2,20,0
1990,50,1,0,0,0,1,418,6,40,0
1990,50,2,0,0,0,1,0,0,0,0
1990,52,1,0,0,0,0,889,1,40,0
1990,49,2,0,0,0,0,744,1,40,0
1990,30,1,3,0,0,0,779,3,40,0
1990,60,1,0,0,0,0,804,3,0,0
1990,56,2,0,0,0,0,447,5,0,0
1990,42,2,3,0,0,1,434,3,20,0
1990,41,1,0,0,0,0,0,0,0,0
1990,43,2,0,0,0,0,434,3,30,0
1990,76,1,0,0,0,0,0,0,0,0
1990,72,2,0,0,0,0,0,0,0,0
1990,71,1,0,0,0,0,567,0,20,0
1990,64,2,0,0,0,1,17,4,9,0
1990,72,1,3,0,0,0,0,0,0,0
1990,62,1,0,0,0,0,254,4,60,1
1990,52,2,0,0,0,0,444,5,40,0
1990,76,1,0,0,0,1,0,0,0,0
1990,64,2,0,0,0,0,0,0,0,0
1990,43,1,0,0,0,0,479,0,4,0
1990,37,2,0,0,0,0,453,5,40,0
1990,50,2,0,0,0,1,95,5,52,0
1990,43,1,0,0,0,1,575,0,40,0
1990,79,1,0,0,0,0,0,0,0,0
1990,67,2,0,0,0,0,0,0,0,0
1990,38,1,1,0,0,1,436,3,40,0
1990,64,1,0,0,0,1,766,5,40,0
1990,59,2,0,0,0,0,469,3,40,0
1990,51,1,1,0,0,0,479,0,0,0
1990,40,2,1,0,0,0,473,0,0,0
1990,59,1,0,0,0,0,263,3,40,0
1990,56,2,0,0,0,0,243,3,40,0
1990,80,2,0,0,0,0,0,0,0,0
1990,54,1,0,0,0,0,599,2,40,0
1990,42,2,0,0,0,0,0,0,0,0
1990,58,2,2,0,0,0,383,4,40,0
1990,73,1,0,0,0,1,19,4,32,1
1990,76,2,0,0,0,0,0,0,0,0
1990,45,1,0,0,0,0,516,2,40,0
1990,41,2,0,0,0,0,877,3,38,0
1990,18,1,1,0,0,0,0,0,0,0
1990,46,1,2,0,0,0,254,4,20,0
1990,43,2,2,0,0,0,184,4,45,0
1990,76,2,3,0,0,0,0,0,0,0
1990,72,2,2,0,0,1,0,0,0,1
1990,43,1,0,0,0,1,89,5,50,1
1990,40,2,0,0,0,0,313,5,20,0
1990,68,1,0,0,0,0,496,1,0,0
1990,66,2,0,0,0,0,0,0,0,0
1990,65,1,0,0,0,1,0,0,0,0
1990,61,2,0,0,0,0,0,0,0,0
1990,30,1,0,0,0,0,243,3,45,0
1990,26,2,0,0,0,0,339,5,40,0
1990,78,2,3,0,0,0,687,5,20,0
1990,30,1,1,0,0,0,0,0,0,0
1990,40,1,0,0,0,1,777,1,48,0
1990,45,2,0,0,0,0,434,3,40,0
1990,76,2,3,0,0,0,0,0,0,0
1990,48,1,1,0,0,1,585,0,0,0
1990,49,1,0,0,0,1,889,1,40,0
1990,34,2,0,0,0,1,313,3,20,0
1990,24,1,1,0,0,0,0,0,0,0
1990,35,1,0,0,0,1,777,1,40,0
1990,31,2,0,0,0,1,337,5,16,0
1990,33,2,0,0,0,0,434,3,0,0
1990,41,1,0,0,0,0,843,0,30,0
1990,19,1,1,0,0,0,444,4,32,0
1990,51,1,0,0,0,0,366,2,40,0
1990,54,2,0,0,0,1,156,5,50,0
1990,37,1,0,0,0,0,808,5,45,0
1990,24,2,0,0,0,0,466,5,42,0
1990,26,1,2,0,0,0,577,2,45,0
1990,47,1,0,0,0,1,473,0,90,0
1990,41,2,0,0,0,1,447,5,32,0
1990,38,1,0,0,0,1,473,0,50,0
1990,37,2,0,0,0,0,688,1,38,0
1990,75,1,0,0,0,0,575,2,0,0
1990,73,2,0,0,0,1,0,0,0,0
1990,56,1,0,0,0,0,473,0,55,0
1990,53,2,0,0,0,0,453,4,40,0
1990,72,1,3,0,0,0,0,0,0,0
1990,60,2,3,0,0,0,436,3,40,0
1990,26,1,1,0,0,0,473,0,81,0
1990,30,1,0,0,0,0,804,3,49,0
1990,28,2,0,0,0,1,785,1,40,0
1990,26,1,1,0,0,1,549,0,50,0
1990,24,2,1,0,0,1,22,3,40,0
1990,46,1,0,0,0,0,679,1,40,0
1990,44,2,0,0,0,0,389,6,40,0
1990,39,2,1,0,0,1,316,4,35,0
1990,64,2,1,0,0,1,473,0,60,0
1990,34,2,1,0,0,0,436,3,27,0
1990,75,2,3,0,0,0,0,0,0,0
1990,38,1,0,0,0,1,473,0,50,0
1990,37,2,0,0,0,0,704,1,40,0
1990,44,1,0,0,0,0,479,0,50,0
1990,42,2,0,0,0,0,0,0,0,0
1990,67,1,0,0,0,0,473,0,8,0
1990,63,2,0,0,0,0,0,0,0,0
1990,59,1,0,0,0,0,514,3,0,0
1990,61,2,0,0,0,1,156,5,0,0
1990,50,1,0,0,0,1,259,1,60,0
1990,46,2,0,0,0,0,274,3,26,0
1990,21,2,1,0,0,1,373,3,30,0
1990,38,1,2,0,0,0,359,4,40,0
1990,36,1,1,0,0,0,575,0,60,0
1990,31,2,1,0,0,1,785,1,40,0
1990,63,1,0,0,0,0,473,0,0,0
1990,61,2,0,0,0,0,0,0,0,0
1990,26,1,1,0,0,0,368,1,40,0
1990,24,1,1,0,0,0,508,2,40,0
1990,23,2,2,0,0,0,889,1,40,0
1990,44,2,0,0,0,0,447,5,35,0
1990,60,1,0,0,0,0,804,4,40,0
1990,37,2,2,0,0,0,0,0,0,0
1990,27,1,2,0,0,1,785,1,35,0
1990,73,1,0,0,0,0,479,0,40,0
1990,59,2,0,0,0,0,0,0,0,0
1990,39,2,2,0,0,1,467,5,32,0
1990,18,2,1,0,0,0,447,5,24,0
1990,45,1,2,0,0,0,883,5,40,0
1990,67,1,3,0,0,0,0,0,0,0
1990,39,1,0,0,0,1,128,5,40,0
1990,40,2,0,0,0,1,156,5,24,0
1990,21,2,1,0,0,1,303,5,21,0
1990,21,1,1,3,0,1,877,3,40,0
1990,70,2,3,0,0,0,466,5,2,0
1990,30,1,1,0,0,1,29,3,50,0
1990,28,2,1,0,0,1,385,4,40,0
1990,23,1,1,0,0,0,253,4,40,0
1990,68,1,0,0,0,0,756,3,0,0
1990,56,2,0,0,0,0,434,3,0,0
1990,29,1,1,0,0,1,479,0,40,0
1990,62,1,0,0,0,0,473,0,60,1
1990,62,2,0,0,0,1,0,0,0,0
1990,32,1,1,0,0,0,804,2,55,0
1990,51,1,0,0,0,0,5,6,45,0
1990,50,2,0,0,0,0,174,0,37,0
1990,30,1,0,0,0,1,507,2,50,0
1990,27,2,0,0,0,1,313,5,40,0
1990,42,2,2,0,0,1,313,4,40,0
1990,19,2,1,0,0,0,436,3,12,0
1990,69,2,3,0,0,0,446,5,35,0
1990,35,1,0,0,0,0,804,2,72,0
1990,33,2,0,0,0,1,0,0,0,0
1990,69,1,3,0,0,0,779,0,0,0
1990,41,1,0,0,0,0,0,0,0,0
1990,32,2,0,0,0,0,449,4,0,0
1990,33,1,1,0,0,1,517,0,50,0
1990,52,1,2,0,0,0,883,0,40,0
1990,50,2,2,0,0,0,748,5,24,0
1990,28,1,1,0,0,0,804,2,80,0
1990,21,2,1,0,0,0,458,4,40,0
1990,69,2,1,0,0,0,466,5,15,0
1990,28,1,0,0,0,1,668,4,55,0
1990,25,2,0,0,0,0,435,3,18,0
1990,66,1,0,0,0,1,253,4,30,0
1990,62,2,0,0,0,1,0,0,0,0
1990,23,1,1,0,0,1,234,5,5,0
1990,73,1,3,0,0,0,0,0,0,0
1990,77,1,1,0,0,0,0,0,0,0
1990,45,2,3,0,0,1,446,5,40,0
1990,52,2,3,0,0,1,208,5,40,0
1990,26,2,3,0,0,0,469,3,40,0
1990,30,1,3,0,0,0,588,0,40,0
1990,21,2,1,0,0,0,406,4,40,0
1990,75,2,3,0,0,1,0,0,0,0
1990,71,2,0,0,0,1,0,0,0,0
1990,71,1,0,0,0,0,0,0,0,0
1990,43,1,0,0,0,1,96,3,54,0
1990,41,2,0,0,0,1,95,5,40,0
1990,35,1,0,0,0,1,22,0,65,0
1990,33,2,0,0,0,1,337,0,30,0
1990,38,1,0,0,0,1,577,6,40,0
1990,33,2,0,0,0,0,449,5,0,0
1990,62,2,3,0,0,0,406,4,24,0
1990,71,1,0,0,0,0,0,0,0,0
1990,70,2,0,0,0,0,0,0,0,0
1990,41,1,0,0,0,0,473,0,50,0
1990,40,2,0,0,0,0,5,6,40,0
1990,33,1,2,0,0,1,558,0,65,0
1990,38,2,2,0,0,0,435,4,30,0
1990,61,1,1,0,0,0,0,0,0,0
1990,73,2,3,0,0,1,0,0,0,0
1990,69,1,0,0,2,1,274,3,35,0
1990,70,2,0,0,0,1,337,3,0,0
1990,40,1,0,0,0,1,243,4,50,1
1990,39,2,0,0,0,1,313,5,16,0
1990,41,1,0,0,0,0,365,1,40,0
1990,39,2,0,0,0,0,276,3,20,0
1990,74,1,0,0,0,0,0,0,0,0
1990,64,2,0,0,0,0,378,2,40,0
1990,39,1,0,0,0,1,558,0,80,0
1990,36,2,0,0,0,0,0,0,0,0
1990,38,1,0,0,0,1,22,0,40,0
1990,35,2,0,0,0,1,458,4,30,0
1990,39,1,2,0,0,0,243,3,50,0
1990,29,1,0,0,0,0,368,1,40,0
1990,26,2,0,0,0,0,0,0,0,0
1990,65,1,0,0,0,0,259,1,0,0
1990,66,2,0,0,0,1,235,5,0,0
1990,74,2,1,0,0,0,0,0,0,0
1990,33,1,0,0,0,0,505,3,42,0
1990,28,2,0,0,0,0,433,3,32,0
1990,35,1,0,0,0,1,243,3,45,0
1990,34,2,0,0,0,1,95,5,30,0
1990,69,1,0,0,0,1,0,0,0,0
1990,65,2,0,0,0,1,0,0,0,0
1990,73,1,0,0,0,0,449,4,60,0
1990,70,2,0,0,0,0,405,4,12,0
1990,55,1,0,0,0,0,243,4,45,0
1990,50,2,0,0,0,0,447,5,0,0
1990,46,1,0,0,0,1,885,3,30,0
1990,32,2,0,0,0,1,0,0,0,0
1990,46,1,0,0,0,0,0,0,0,0
1990,40,2,0,0,0,0,407,4,20,0
1990,19,1,1,0,0,0,0,0,0,0
1990,41,1,0,3,0,0,804,2,60,0
1990,40,2,0,0,0,0,686,1,28,0
1990,22,1,1,3,0,0,686,1,60,0
1990,50,1,0,0,0,1,253,4,60,0
1990,49,2,0,0,0,1,445,5,40,0
1990,67,1,0,0,0,0,473,0,80,0
1990,60,2,0,0,0,0,0,0,0,0
1990,35,1,0,0,0,1,473,0,18,0
1990,35,2,0,0,0,1,85,5,40,1
1990,59,1,0,0,0,0,785,1,40,0
1990,53,2,0,0,0,0,668,1,40,0
1990,40,1,0,0,0,0,14,5,50,0
1990,33,2,0,0,2,0,0,0,0,0
1990,28,1,0,0,0,1,887,1,40,0
1990,19,2,0,0,0,0,889,1,50,0
1990,55,2,3,0,0,1,178,2,50,1
1990,51,1,0,0,0,0,22,2,40,0
1990,45,2,0,0,0,0,466,5,45,0
1990,21,2,1,0,0,1,274,3,10,0
1990,45,1,0,0,0,0,269,3,40,0
1990,45,2,0,0,0,0,435,3,20,0
1990,25,1,1,0,0,1,785,1,40,0
1990,18,2,1,0,0,0,453,6,40,0
1990,53,1,0,0,0,0,0,0,0,0
1990,50,2,0,0,0,1,313,4,40,0
1990,58,1,1,0,0,0,479,0,0,0
1990,47,1,0,0,0,0,473,0,70,0
1990,47,2,0,0,0,0,473,0,70,0
1990,18,2,1,0,0,0,473,0,25,0
1990,35,1,1,0,0,0,777,1,45,0
1990,27,2,1,0,0,0,276,3,40,0
1990,76,1,0,0,0,0,473,0,40,0
1990,63,2,0,0,0,0,446,3,28,0
1990,69,1,0,0,0,0,783,0,35,0
1990,70,2,0,0,0,0,0,0,0,0
1990,24,1,0,0,0,1,197,5,70,0
1990,24,2,0,0,0,1,7,4,40,0
1990,20,2,1,0,0,1,276,3,15,0
1990,20,2,1,0,0,1,644,1,66,0
1990,20,2,1,0,0,1,406,4,20,0
1990,52,2,1,0,0,0,777,5,15,0
1990,38,2,1,0,0,0,869,5,12,0
1990,55,1,1,0,0,1,733,5,12,0
1990,46,2,1,0,0,1,887,5,15,0
1990,33,2,1,0,0,1,777,5,15,0
1990,50,1,1,0,0,1,889,5,15,0
1990,26,1,1,0,0,1,889,1,45,0
1990,24,2,1,0,0,0,888,1,32,0
1990,27,2,0,0,0,1,156,5,40,0
1990,28,1,0,0,0,0,785,1,40,0
1990,41,1,0,0,0,1,313,5,50,0
1990,37,2,0,0,0,1,313,5,3,0
1990,56,1,1,0,0,0,274,3,39,0
1990,30,1,0,0,0,1,7,4,50,0
1990,29,2,0,0,0,0,383,4,20,0
1990,23,2,2,0,0,0,0,0,0,0
1990,37,2,2,0,0,1,159,6,6,0
1990,35,1,0,0,0,1,479,0,51,0
1990,29,2,0,0,0,0,0,0,0,0
1990,76,1,0,0,0,0,473,0,60,0
1990,71,2,0,0,0,0,0,0,0,0
1990,54,1,0,0,0,0,5,6,40,0
1990,55,2,0,0,0,1,0,0,0,0
1990,19,1,1,0,0,1,769,1,60,0
1990,25,1,1,0,0,0,276,3,36,0
1990,20,1,1,0,0,0,567,1,50,0
1990,19,1,1,0,0,0,878,1,45,0
1990,52,1,0,0,0,0,453,5,35,0
1990,49,2,0,0,0,0,346,4,40,0
1990,28,1,1,0,0,0,804,2,40,0
1990,34,1,0,0,0,0,637,1,40,0
1990,32,2,0,0,0,0,447,5,32,0
1990,71,1,0,0,0,0,0,0,0,0
1990,64,2,0,0,0,0,449,5,0,0
1990,20,2,1,0,0,0,276,3,30,0
1990,19,2,1,0,0,0,313,5,40,0
1990,43,1,0,0,0,0,473,0,70,0
1990,35,2,0,0,0,0,473,0,60,0
1990,78,2,3,0,0,0,453,4,40,0
1990,66,2,2,0,2,0,687,5,0,0
1990,33,2,2,0,0,0,717,1,40,0
1990,64,2,3,0,0,0,276,3,40,0
1990,32,1,1,0,0,0,479,0,15,0
1990,30,1,1,0,0,0,475,0,40,0
1990,26,2,1,0,0,0,479,0,30,0
1990,24,2,1,0,0,0,479,0,30,0
1990,20,1,1,0,0,0,479,0,30,0
1990,20,1,0,0,0,0,598,0,40,0
1990,18,2,0,0,0,0,435,3,12,0
1990,59,1,0,0,0,1,13,2,55,0
1990,61,2,0,0,0,1,163,5,35,0
1990,49,1,0,0,0,0,855,0,40,0
1990,47,2,0,0,0,1,447,5,28,0
1990,21,2,1,0,0,1,207,5,40,0
1990,52,1,0,0,0,0,473,0,70,0
1990,52,2,0,0,0,0,473,0,70,0
1990,34,1,0,0,0,0,804,2,63,1
1990,41,2,0,0,0,1,313,4,40,0
1990,52,1,0,0,0,1,5,6,40,0
1990,48,2,0,0,0,1,313,4,40,0
1990,49,1,0,0,0,0,804,2,80,0
1990,47,2,0,0,0,0,447,5,0,0
1990,30,1,1,0,0,0,883,3,40,0
1990,35,2,2,0,0,0,379,5,40,0
1990,33,1,0,0,0,1,156,5,50,0
1990,29,2,0,0,0,1,103,6,45,0
1990,62,1,0,0,0,0,585,0,75,0
1990,54,2,0,0,0,0,243,3,25,0
1990,68,1,0,0,0,0,0,0,0,0
1990,58,2,0,0,0,0,889,1,40,0
1990,33,1,1,0,0,0,0,0,0,0
1990,77,1,1,0,0,0,0,0,0,0
1990,32,1,0,0,0,1,549,0,50,0
1990,27,2,0,0,0,1,17,4,0,0
1990,70,2,3,0,0,0,0,0,0,0
1990,67,2,2,0,0,0,0,0,0,0
1990,33,1,0,0,0,1,473,0,70,0
1990,33,2,0,0,0,0,0,0,0,0
1990,58,1,0,0,0,1,22,5,60,0
1990,57,2,0,0,0,1,156,5,35,0
1990,56,2,2,0,0,1,274,5,40,0
1990,72,1,1,0,0,0,759,4,30,0
1990,44,2,2,0,0,0,0,0,0,0
1990,72,2,3,0,0,0,0,0,0,0
1990,46,1,0,0,0,0,259,3,40,0
1990,49,2,0,0,0,1,319,5,36,0
1990,71,1,0,0,0,0,35,3,0,0
1990,72,2,0,0,0,0,0,0,0,0
1990,34,1,2,0,0,0,473,0,60,0
1990,70,2,3,0,0,0,0,0,0,0
1990,22,1,1,0,0,0,473,0,75,0
1990,27,1,0,0,0,0,657,1,40,0
1990,22,2,0,0,0,0,754,1,40,0
1990,43,1,0,0,0,0,804,2,50,0
1990,39,2,0,0,0,1,95,5,40,0
1990,61,2,2,0,0,0,313,5,40,0
1990,50,1,0,0,0,1,804,2,45,0
1990,43,2,0,0,0,0,319,4,37,0
1990,64,1,0,0,0,0,473,0,40,0
1990,64,2,0,0,0,0,0,0,0,0
1990,37,1,1,0,0,1,473,0,60,0
1990,35,1,1,0,0,1,479,0,40,0
1990,42,1,1,0,0,1,157,5,40,0
1990,62,1,0,0,0,0,22,4,50,1
1990,56,2,0,0,0,0,313,3,70,0
1990,32,1,0,0,0,1,417,6,40,0
1990,31,2,0,0,0,0,323,4,40,0
1990,70,1,0,0,0,0,0,0,0,0
1990,69,2,0,0,0,0,0,0,0,0
1990,28,2,0,3,0,1,0,0,0,0
1990,28,1,0,0,0,0,567,0,0,0
1990,43,2,2,0,0,0,447,5,40,0
1990,79,2,1,0,0,1,0,0,0,0
1990,74,2,1,0,0,1,0,0,0,0
1990,31,2,1,0,0,0,27,5,20,0
1990,51,1,0,0,0,0,6,6,40,1
1990,49,2,0,0,0,0,337,2,0,0
1990,32,1,2,0,0,0,804,0,60,0
1990,28,1,0,0,0,1,877,3,25,0
1990,26,2,0,0,0,0,785,1,0,0
1990,33,2,2,0,0,0,808,2,50,0
1990,31,1,0,0,0,0,473,0,60,0
1990,30,2,0,0,0,0,379,3,38,0
1990,29,1,0,0,0,0,22,1,40,1
1990,31,2,0,0,0,1,158,5,55,0
1990,27,1,0,0,0,0,363,1,40,0
1990,27,2,0,0,0,1,163,5,37,0
1990,67,1,0,0,0,1,96,3,10,0
1990,65,2,0,0,0,1,447,5,0,0
1990,45,1,2,0,0,1,808,2,28,0
1990,69,2,3,0,0,0,22,3,40,1
1990,34,2,1,0,0,0,243,3,50,0
1990,24,2,1,0,0,0,319,3,45,0
1990,41,1,0,0,0,0,783,0,40,0
1990,37,2,0,0,0,1,313,0,24,0
1990,19,2,1,0,0,0,276,3,20,0
1990,42,1,0,0,0,1,424,6,45,0
1990,43,2,0,0,0,0,466,5,55,0
1990,45,1,0,0,0,0,473,0,70,0
1990,43,2,0,0,0,0,449,4,10,0
1990,21,1,1,0,0,0,479,0,99,0
1990,49,1,0,0,0,0,243,3,45,0
1990,48,2,0,0,0,0,22,3,40,0
1990,31,1,0,0,0,0,783,0,50,0
1990,28,2,0,0,0,1,727,1,35,0
1990,30,1,0,0,0,1,695,2,40,0
1990,33,2,0,0,0,1,203,5,42,0
1990,68,1,3,0,0,0,503,1,0,0
1990,27,1,1,0,0,0,804,2,40,0
1990,20,2,1,0,0,1,265,3,20,0
1990,80,1,3,0,0,0,473,0,20,0
1990,34,1,0,0,0,1,259,3,30,0
1990,35,2,0,0,0,1,157,5,0,0
1990,65,1,0,0,0,0,479,0,40,0
1990,64,2,0,0,0,0,473,0,30,0
1990,37,1,0,0,0,0,507,4,40,0
1990,37,2,0,0,0,1,95,5,25,0
1990,62,1,0,0,0,0,453,5,0,0
1990,59,2,0,0,0,0,243,3,48,0
1990,27,2,2,0,0,0,466,5,16,0
1990,36,1,2,0,0,0,804,3,40,0
1990,41,1,0,0,0,0,473,0,84,0
1990,38,2,0,0,0,0,473,0,84,0
1990,80,2,3,0,0,0,0,0,0,0
1990,59,1,0,0,0,0,473,0,70,1
1990,55,2,0,0,0,0,473,0,40,0
1990,25,1,1,0,0,0,473,0,86,0
1990,35,1,0,0,0,1,178,5,55,0
1990,34,2,0,0,0,1,337,5,25,0
1990,78,1,0,0,0,0,0,0,0,0
1990,70,2,0,0,0,0,0,0,0,0
1990,52,1,0,0,0,0,473,0,70,0
1990,41,2,0,0,0,1,479,0,40,0
1990,24,1,0,0,0,0,473,0,60,1
1990,24,2,0,0,0,1,243,5,25,0
1990,76,1,3,0,0,0,0,0,0,0
1990,37,1,0,0,0,1,804,2,45,0
1990,37,2,0,3,0,0,259,3,40,0
1990,63,2,3,0,0,1,319,3,40,0
1990,36,1,1,0,0,1,479,0,40,0
1990,22,2,1,0,0,1,379,3,43,0
1990,45,2,1,0,0,0,17,4,32,0
1990,27,1,0,0,0,0,505,4,40,0
1990,24,2,0,0,0,0,316,4,40,0
1990,37,1,0,0,0,0,243,3,60,0
1990,34,2,0,0,0,0,885,3,60,0
1990,61,1,0,0,0,1,254,4,80,0
1990,61,2,0,0,0,0,95,5,48,0
1990,76,1,0,0,0,0,479,0,0,0
1990,69,2,0,0,0,0,0,0,0,0
1990,20,1,1,0,0,1,276,3,30,0
1990,75,1,0,0,0,1,0,0,0,0
1990,78,2,0,0,0,1,0,0,0,0
1990,28,2,2,0,0,1,379,4,45,0
1990,25,1,1,0,0,1,189,1,15,0
1990,76,1,0,0,0,0,0,0,0,0
1990,73,2,0,0,0,0,0,0,0,0
1990,75,1,0,0,0,0,0,0,0,0
1990,70,2,0,0,0,0,0,0,0,0
1990,33,1,2,0,0,1,22,0,50,0
1990,41,2,1,0,0,1,157,5,48,0
1990,60,1,3,0,0,1,0,0,0,0
1990,46,1,2,0,0,1,356,1,35,0
1990,44,2,1,0,0,1,373,1,40,0
1990,41,1,0,0,0,1,804,2,60,0
1990,42,2,0,0,0,1,313,5,40,0
1990,20,1,1,0,0,1,759,4,20,0
1990,56,1,0,0,0,0,457,4,40,0
1990,53,2,0,0,0,0,0,0,0,0
1990,67,2,3,0,0,0,0,0,0,0
1990,29,1,0,0,0,1,567,0,45,0
1990,28,2,0,0,0,1,313,6,40,0
1990,52,1,0,0,0,0,558,0,60,1
1990,36,2,0,0,0,0,683,1,0,0
1990,42,1,0,0,0,0,424,6,40,0
1990,37,2,0,0,0,1,203,5,40,0
1990,52,1,0,0,0,0,689,1,50,0
1990,45,2,0,0,0,0,525,1,40,0
1990,21,1,1,0,0,1,785,1,40,0
1990,42,1,0,0,0,0,679,1,40,0
1990,41,2,0,0,0,0,734,1,40,0
1990,19,2,1,0,0,0,216,5,8,0
1990,29,1,0,0,0,0,319,3,30,0
1990,28,2,0,0,0,0,274,3,4,0
1990,75,1,2,0,0,0,0,0,0,0
1990,34,1,0,0,0,0,844,0,50,0
1990,27,2,0,0,0,0,453,4,0,0
1990,71,1,0,0,0,0,0,0,0,0
1990,71,2,0,0,0,0,0,0,0,0
1990,40,1,0,0,0,0,473,0,80,0
1990,41,2,0,0,0,1,156,5,40,0
1990,71,1,0,0,0,0,0,0,0,0
1990,71,2,0,0,0,0,0,0,0,0
1990,51,1,0,0,0,1,22,3,45,0
1990,51,2,0,0,0,0,339,2,40,0
1990,63,1,0,0,0,1,157,5,16,0
1990,58,2,0,0,0,1,157,5,20,0
1990,50,2,3,0,0,0,444,5,35,0
1990,47,1,0,0,0,0,803,2,40,0
1990,39,2,0,0,0,0,0,0,0,0
1990,41,1,2,0,0,1,229,5,41,0
1990,25,2,1,0,0,1,207,5,38,0
1990,23,2,1,0,0,1,14,5,20,0
1990,24,2,1,0,0,1,257,2,40,0
1990,22,2,1,0,0,1,303,3,40,0
1990,72,1,0,0,0,0,0,0,0,0
1990,68,2,0,0,0,0,0,0,0,0
1990,29,1,1,0,0,1,825,2,40,0
1990,23,2,1,0,0,0,785,1,40,0
1990,38,1,0,0,0,0,883,2,40,0
1990,34,2,0,0,0,1,308,1,40,0
1990,44,1,0,0,0,0,563,0,45,0
1990,43,2,0,0,0,1,909,6,0,0
1990,27,1,0,0,0,1,185,1,45,0
1990,26,2,0,0,0,1,379,1,0,0
1990,40,1,0,0,0,1,259,3,43,0
1990,39,2,0,0,0,1,313,4,20,0
1990,42,1,0,0,0,1,22,1,45,0
1990,40,2,0,0,0,1,303,4,65,0
1990,47,1,0,0,0,0,855,0,28,0
1990,33,2,0,0,0,1,0,0,0,0
1990,49,2,0,0,0,1,313,5,40,0
1990,45,1,0,0,0,1,783,1,40,0
1990,73,2,3,0,0,0,0,0,0,0
1990,56,2,0,0,0,0,447,5,20,0
1990,71,1,0,0,0,0,0,0,0,0
1990,36,2,3,0,0,1,0,0,0,0
1990,50,1,0,0,0,0,785,1,40,0
1990,48,2,0,0,0,1,389,1,40,0
1990,64,2,0,0,0,0,0,0,0,0
1990,34,1,0,0,0,1,779,1,43,0
1990,27,2,0,0,0,1,0,0,0,0
1990,35,1,0,0,0,0,804,2,50,1
1990,37,2,0,0,0,0,785,1,40,0
1990,34,1,0,0,0,1,57,1,45,0
1990,31,2,0,0,0,1,22,3,55,1
1990,39,1,2,0,0,1,889,1,40,0
1990,69,1,0,0,0,0,0,0,0,0
1990,63,2,0,0,0,0,0,0,0,0
1990,54,1,0,0,0,1,14,5,40,0
1990,50,2,0,0,0,1,785,4,0,0
1990,78,1,2,0,0,0,799,1,0,0
1990,71,1,0,0,0,0,22,2,0,0
1990,68,2,0,0,0,0,754,1,15,0
1990,43,1,2,0,0,0,804,2,32,0
1990,30,2,0,0,0,0,687,3,40,0
1990,32,1,0,0,0,0,544,1,40,0
1990,42,1,0,0,0,0,558,0,65,1
1990,47,2,0,0,0,1,204,1,30,0
1990,47,1,2,0,0,0,567,0,40,0
1990,59,1,0,0,0,1,0,0,0,0
1990,43,2,0,0,0,0,436,3,40,0
1990,48,1,0,0,0,0,686,3,48,0
1990,46,2,0,0,0,0,9,3,30,0
1990,23,2,1,0,0,1,274,3,20,0
1990,21,2,1,0,0,1,447,5,20,0
1990,62,1,0,0,0,0,473,0,30,0
1990,59,2,0,0,0,0,436,5,35,0
1990,27,1,0,0,0,1,213,3,41,0
1990,24,2,0,0,0,1,433,5,45,0
1990,33,1,0,0,0,1,22,3,40,0
1990,34,2,0,0,0,1,195,3,25,0
1990,57,1,0,0,0,0,473,0,30,0
1990,58,2,0,0,0,0,473,0,8,0
1990,37,1,0,0,0,1,637,1,50,0
1990,36,2,0,0,0,1,313,5,0,0
1990,35,1,1,0,0,0,804,2,43,0
1990,55,1,0,0,0,1,157,5,44,0
1990,47,2,0,0,0,1,253,4,38,0
1990,18,1,1,0,0,0,365,1,40,0
1990,25,1,0,0,0,1,177,5,40,0
1990,25,2,0,0,0,1,177,5,30,0
1990,29,1,0,0,0,0,473,0,99,0
1990,30,2,0,0,0,0,25,3,45,0
1990,40,1,1,0,0,0,869,0,50,0
1990,62,1,0,0,0,0,473,0,60,0
1990,60,2,0,0,0,1,479,0,38,0
1990,67,2,3,0,0,0,436,4,30,0
1990,22,1,1,0,0,0,579,4,40,0
1990,44,2,2,0,0,0,479,0,0,0
1990,40,1,2,0,0,0,869,0,80,0
1990,40,2,2,0,0,0,375,4,0,0
1990,41,1,2,0,0,0,567,0,60,0
1990,37,2,2,3,0,0,435,3,27,0
1990,48,1,0,0,0,0,453,2,48,1
1990,45,2,0,0,0,0,0,0,0,0
1990,56,1,0,0,0,0,804,3,50,0
1990,52,2,0,0,0,0,25,4,50,0
1990,63,1,3,0,0,0,0,0,0,0
1990,28,1,0,0,0,1,567,0,50,0
1990,29,2,0,0,0,1,156,5,40,0
1990,36,2,1,0,0,0,783,4,52,0
1990,31,1,0,0,0,0,779,1,50,1
1990,33,2,0,0,0,0,0,0,0,0
1990,51,1,3,0,0,1,157,5,40,1
1990,23,1,1,0,0,1,438,3,20,0
1990,24,2,1,0,0,1,156,5,45,0
1990,66,1,0,0,0,0,585,0,15,0
1990,53,2,0,0,0,0,0,0,0,0
1990,24,1,1,0,0,0,364,2,40,0
1990,39,2,0,0,0,1,154,5,35,0
1990,45,1,0,0,0,1,154,5,44,1
1990,79,1,0,0,0,1,23,5,44,0
1990,73,1,3,0,0,0,0,0,0,0
1990,36,2,1,0,0,0,313,5,40,0
1990,69,1,0,0,0,0,534,3,45,0
1990,63,2,0,0,0,0,0,0,0,0
1990,50,2,1,0,0,0,0,0,0,0
1990,78,2,0,0,0,0,0,0,0,0
1990,27,1,1,0,0,0,869,0,40,0
1990,30,2,2,0,0,0,777,1,40,0
1990,57,1,3,0,0,0,804,0,50,0
1990,56,1,0,0,0,1,259,1,54,1
1990,53,2,0,0,0,1,156,5,48,0
1990,73,1,0,0,0,0,0,0,0,0
1990,62,2,0,0,0,0,444,3,40,0
1990,32,1,1,0,0,0,276,3,5,0
1990,25,1,1,0,0,0,304,1,40,0
1990,46,1,0,0,0,1,23,5,45,0
1990,49,2,0,0,0,1,174,5,40,0
1990,29,1,0,0,0,0,263,3,50,0
1990,27,2,0,0,0,1,95,5,24,0
1990,76,1,0,0,0,0,0,0,0,0
1990,78,2,0,0,0,1,0,0,0,0
1990,59,1,0,0,0,0,475,0,45,0
1990,41,2,0,0,0,0,785,1,40,0
1990,19,2,1,0,0,1,769,1,40,0
1990,51,1,0,0,0,0,637,1,40,0
1990,41,2,0,0,0,0,59,1,44,0
1990,35,1,2,0,0,0,724,1,40,0
1990,38,2,2,0,0,0,724,1,40,0
1990,33,1,2,0,0,0,567,0,35,1
1990,30,1,1,0,0,0,719,1,55,0
1990,62,2,3,0,0,0,785,3,40,0
1990,39,1,0,0,0,0,473,0,65,0
1990,38,2,0,0,0,1,95,5,20,0
1990,34,1,0,0,0,0,804,3,70,0
1990,32,2,0,0,0,0,479,0,0,0
1990,73,1,0,0,0,0,453,5,48,0
1990,70,2,0,0,0,0,436,5,40,0
1990,34,1,0,0,0,1,514,4,52,1
1990,34,2,0,0,0,0,383,4,48,0
1990,77,2,0,0,0,1,0,0,0,0
1990,25,1,0,0,0,1,22,3,60,0
1990,26,2,0,3,3,1,57,1,45,0
1990,34,1,0,0,0,1,27,4,40,0
1990,30,2,0,0,0,1,174,4,40,0
1990,27,1,0,0,0,0,727,1,40,0
1990,27,2,0,0,0,0,468,5,17,0
1990,34,2,3,0,0,0,475,0,48,0
1990,72,2,0,0,0,0,0,0,0,0
1990,72,1,0,0,0,0,473,0,36,0
1990,57,1,0,0,0,0,473,0,45,0
1990,59,2,0,0,0,1,156,5,0,0
1990,20,1,1,0,0,1,486,6,40,0
1990,18,1,1,0,0,1,887,6,10,0
1990,29,1,0,0,0,1,567,3,55,0
1990,24,2,0,0,0,1,313,4,20,0
1990,64,1,0,0,0,0,628,0,48,0
1990,64,2,0,0,0,0,0,0,0,0
1990,65,1,0,0,0,1,274,3,20,1
1990,67,2,0,0,0,1,0,0,0,0
1990,50,1,0,0,0,0,856,3,40,0
1990,50,2,0,0,0,1,733,1,30,0
1990,46,1,0,0,0,0,588,0,56,1
1990,43,2,0,0,0,0,0,0,0,0
1990,45,2,2,0,0,0,0,0,0,0
1990,39,1,3,0,0,1,22,1,50,0
1990,66,1,0,0,0,0,479,0,48,0
1990,59,2,0,0,0,0,0,0,0,0
1990,21,2,1,0,0,1,276,3,24,0
1990,23,1,1,0,0,1,783,1,40,0
1990,63,2,3,0,0,1,796,1,40,0
1990,26,1,1,0,0,1,567,0,40,0
1990,77,2,3,0,0,0,329,5,35,0
1990,33,1,1,0,0,0,783,1,40,0
1990,63,2,3,0,0,0,266,3,0,0
1990,70,1,0,0,0,0,0,0,0,0
1990,64,2,0,0,0,1,0,0,0,0
1990,54,1,2,0,0,0,453,5,40,0
1990,41,2,2,0,0,0,757,1,40,0
1990,21,1,1,0,0,0,686,1,40,0
1990,34,1,2,0,0,0,757,1,40,0
1990,30,1,0,0,0,1,243,3,60,1
1990,29,2,0,0,0,1,434,3,24,0
1990,36,1,3,0,0,0,364,1,65,0
1990,43,1,0,0,0,1,243,3,47,0
1990,41,2,0,0,0,0,313,5,37,0
1990,46,1,0,0,0,0,473,0,48,0
1990,46,2,0,0,0,1,683,1,40,0
1990,18,2,1,0,0,0,0,0,0,0
1990,79,1,3,0,0,0,0,0,0,0
1990,38,1,0,0,0,0,804,2,50,0
1990,40,2,0,0,0,0,234,5,40,0
1990,20,1,1,0,0,0,785,4,40,0
1990,19,1,1,0,0,0,804,3,40,0
1990,43,1,0,0,0,1,473,0,70,0
1990,40,2,0,0,0,0,276,3,15,0
1990,35,1,0,0,0,1,176,5,60,0
1990,37,2,0,0,0,1,159,5,40,0
1990,65,1,0,0,0,0,796,1,0,0
1990,62,2,0,0,0,0,0,0,0,0
1990,64,1,0,0,0,0,473,0,40,1
1990,63,2,0,0,0,0,0,0,0,0
1990,23,1,1,0,0,0,473,0,40,0
1990,28,1,0,0,0,0,566,3,55,0
1990,29,2,0,0,0,0,339,5,32,0
1990,28,1,1,0,0,0,473,0,80,1
1990,28,2,1,0,0,0,785,1,40,0
1990,45,1,0,0,0,1,259,3,40,1
1990,45,2,0,0,0,0,0,0,0,0
1990,48,1,0,0,0,0,243,3,48,1
1990,48,2,0,0,0,1,216,5,26,0
1990,45,1,0,0,0,1,259,3,0,0
1990,40,2,0,0,0,1,156,5,40,0
1990,47,1,0,0,0,1,22,1,50,1
1990,45,2,0,0,0,1,313,3,15,0
1990,32,1,0,0,0,0,505,3,50,0
1990,30,2,0,0,0,0,466,5,30,0
1990,80,1,0,0,0,0,567,0,15,0
1990,74,2,0,0,0,0,0,0,0,0
1990,37,2,2,0,0,0,22,0,6,0
1990,40,1,0,0,0,0,779,1,40,0
1990,37,2,0,0,0,0,785,5,40,0
1990,35,1,0,0,0,1,156,5,40,0
1990,37,2,0,0,0,1,158,5,40,0
1990,33,1,0,0,0,1,157,5,50,0
1990,28,2,0,0,0,1,447,5,25,0
1990,28,1,0,3,3,0,777,1,50,0
1990,25,2,0,3,3,0,785,1,40,0
1990,37,1,0,0,0,1,174,5,38,0
1990,37,2,0,0,0,1,188,4,30,0
1990,45,1,0,0,0,0,644,1,60,0
1990,43,2,0,0,0,0,796,1,40,0
1990,26,1,0,0,0,1,547,1,40,0
1990,24,2,0,0,0,0,365,1,30,0
1990,49,1,0,0,0,0,505,3,40,0
1990,48,2,0,0,0,0,313,0,40,0
1990,46,2,2,0,0,0,628,1,47,0
1990,25,1,1,0,0,0,373,3,40,0
1990,28,1,0,0,0,1,523,2,60,0
1990,28,2,0,0,0,1,174,5,40,0
1990,53,1,0,0,0,1,453,5,56,0
1990,53,2,0,0,0,1,734,5,40,0
1990,21,2,1,0,0,1,436,3,40,0
1990,43,1,0,0,0,1,178,5,45,0
1990,38,2,0,0,0,1,0,0,0,0
1990,33,1,0,0,0,0,558,0,50,0
1990,29,2,0,0,0,0,313,1,40,0
1990,67,1,0,0,0,0,855,0,27,0
1990,65,2,0,0,0,0,0,0,0,0
1990,75,1,1,0,0,0,0,0,0,0
1990,61,1,0,0,0,1,195,1,42,1
1990,60,2,0,0,0,0,0,0,0,0
1990,41,1,1,0,0,0,0,0,0,0
1990,43,1,0,0,0,1,555,3,40,0
1990,40,2,0,0,0,1,0,0,0,0
1990,24,2,1,0,0,1,256,1,45,0
1990,31,1,1,0,0,1,505,1,40,0
1990,21,2,1,0,0,0,327,3,55,0
1990,21,1,1,0,0,0,888,3,30,0
1990,45,1,3,0,0,0,785,1,40,0
1990,30,2,2,0,0,1,313,1,40,0
1990,48,1,0,0,0,0,159,4,45,1
1990,47,2,0,0,0,0,335,3,15,0
1990,38,1,0,0,0,0,804,3,50,0
1990,34,2,0,0,0,0,0,0,0,0
1990,38,2,2,0,0,0,407,4,10,0
1990,19,1,1,0,0,0,684,1,40,0
1990,20,2,1,0,0,0,326,4,38,0
1990,26,1,2,0,0,0,573,0,40,0
1990,27,2,2,0,0,0,796,1,40,0
1990,35,2,2,0,0,1,203,5,40,0
1990,31,1,0,0,0,1,243,3,40,1
1990,38,2,0,0,0,0,375,4,40,0
1990,69,1,0,0,0,0,0,0,0,0
1990,67,2,0,0,0,0,0,0,0,0
1990,41,1,0,0,0,1,22,1,60,0
1990,31,2,0,0,0,1,254,4,15,0
1990,26,2,1,0,0,0,435,3,35,0
1990,55,1,0,0,0,1,176,5,50,0
1990,54,2,0,0,0,1,159,5,12,0
1990,18,2,1,0,0,0,0,0,0,0
1990,35,2,3,0,0,0,339,1,40,0
1990,30,2,1,0,0,1,313,1,40,0
1990,32,2,1,0,0,1,243,3,40,0
1990,52,1,0,0,0,0,336,4,40,1
1990,50,2,0,0,0,0,447,5,29,0
1990,23,2,1,0,0,1,469,4,26,0
1990,19,2,1,0,0,0,467,5,26,0
1990,26,1,2,0,0,1,263,3,15,0
1990,33,1,1,0,0,0,22,1,20,0
1990,69,2,3,0,0,1,0,0,0,0
1990,37,2,1,0,0,1,156,5,40,0
1990,32,2,1,0,0,0,323,4,0,0
1990,29,1,1,0,0,0,808,2,36,0
1990,42,1,0,0,0,1,259,3,45,0
1990,41,2,0,0,0,1,744,1,30,0
1990,79,1,0,0,0,0,0,0,0,0
1990,80,2,0,0,0,0,0,0,0,0
1990,26,1,0,0,0,1,804,2,70,0
1990,26,2,0,0,0,1,348,2,37,0
1990,56,1,0,0,0,0,683,1,44,0
1990,50,2,0,0,0,0,449,5,20,0
1990,27,2,2,0,0,0,276,3,38,0
1990,28,1,0,0,0,0,453,1,40,0
1990,28,2,0,0,0,0,319,5,0,0
1990,18,2,1,0,0,0,276,3,24,0
1990,23,1,0,0,0,0,505,4,52,0
1990,23,2,0,0,0,0,276,3,0,0
1990,19,1,1,0,0,0,683,1,40,0
1990,57,1,0,0,0,0,585,5,40,0
1990,55,2,0,0,0,0,0,0,0,0
1990,43,1,0,0,0,0,547,6,40,0
1990,39,2,0,0,0,1,15,5,55,0
1990,19,2,1,0,0,1,308,4,40,0
1990,67,1,0,0,0,0,0,0,0,0
1990,57,2,0,0,0,0,0,0,0,0
1990,27,1,0,0,0,1,436,3,60,0
1990,25,2,0,0,0,0,335,5,40,0
1990,43,1,0,0,0,0,804,1,45,0
1990,36,2,0,0,0,0,889,3,40,0
1990,49,1,0,0,0,0,354,2,40,0
1990,53,2,0,0,0,0,0,0,0,0
1990,20,2,1,0,0,1,337,6,20,0
1990,38,1,0,0,0,1,213,1,40,0
1990,35,2,0,0,0,1,445,5,32,0
1990,37,1,0,0,0,1,735,1,40,1
1990,34,2,0,0,0,1,274,3,16,0
1990,47,1,0,0,0,1,25,6,40,1
1990,39,2,0,0,0,1,307,4,50,0
1990,37,1,1,0,0,0,235,1,40,0
1990,37,1,0,0,0,1,57,1,40,0
1990,49,2,0,0,0,0,174,5,25,0
1990,42,1,0,0,0,1,13,4,40,0
1990,37,2,0,0,0,0,257,4,0,0
1990,32,2,1,0,0,1,385,4,40,0
1990,35,1,0,0,0,0,518,1,45,0
1990,34,2,0,0,0,0,883,2,15,0
1990,28,1,0,0,0,1,17,3,45,0
1990,30,2,0,0,0,1,319,5,35,0
1990,33,1,0,0,0,1,888,1,40,0
1990,28,2,0,0,0,0,274,3,40,0
1990,26,1,1,0,0,1,23,5,55,0
1990,30,1,0,0,0,1,13,4,40,1
1990,28,2,0,0,0,1,206,5,5,0
1990,24,2,1,0,0,0,339,5,40,0
1990,68,2,2,0,0,0,438,3,0,0
1990,28,1,0,0,0,0,707,1,35,0
1990,20,2,0,0,0,0,8,3,40,0
1990,54,1,0,0,0,0,365,3,40,0
1990,53,2,0,0,0,0,21,5,40,0
1990,44,1,2,0,0,1,22,5,40,0
1990,40,1,2,0,0,0,584,0,30,0
1990,28,2,0,0,0,0,796,1,40,0
1990,29,1,0,0,0,0,363,1,40,0
1990,43,2,0,0,0,0,276,3,8,0
1990,44,1,0,0,0,1,785,1,40,0
1990,25,1,1,0,0,0,785,1,40,0
1990,24,2,1,0,0,0,688,3,40,0
1990,52,1,0,0,0,1,13,1,50,1
1990,48,2,0,0,0,1,274,3,40,0
1990,21,2,1,0,0,1,187,2,20,0
1990,32,1,0,0,0,0,434,3,40,0
1990,32,2,0,0,0,0,313,1,40,0
1990,39,1,0,0,0,1,355,2,65,0
1990,39,2,0,0,0,1,337,4,25,0
1990,36,2,2,0,0,0,373,1,40,0
1990,70,2,3,0,0,0,0,0,0,0
1990,44,1,0,0,0,1,418,6,50,1
1990,45,2,0,0,0,1,303,6,45,0
1990,23,2,1,0,0,1,22,6,40,0
1990,21,1,1,0,0,1,21,5,20,0
1990,51,1,0,0,0,1,226,2,43,1
1990,50,2,0,0,0,1,337,0,30,0
1990,26,1,0,0,0,1,156,5,50,0
1990,29,2,0,0,0,1,156,5,40,0
1990,60,1,0,0,0,1,56,1,40,1
1990,48,2,0,0,0,1,0,0,0,0
1990,18,1,1,0,0,0,276,3,31,0
1990,37,2,0,0,0,1,337,5,16,0
1990,44,1,0,0,0,1,23,5,50,1
1990,54,1,3,0,0,1,85,5,45,1
1990,38,1,0,0,0,1,243,3,48,0
1990,27,2,0,0,0,0,337,4,42,0
1990,37,1,0,0,0,1,696,1,40,0
1990,34,2,0,0,0,1,185,3,0,0
1990,57,1,0,0,0,0,555,0,40,0
1990,51,2,0,0,0,0,0,0,0,0
1990,23,1,1,0,0,0,243,3,40,0
1990,22,2,1,0,0,1,266,3,28,0
1990,19,2,1,0,0,1,259,3,0,0
1990,49,1,1,0,0,0,479,0,40,0
1990,35,1,1,0,0,1,0,0,0,0
1990,36,1,2,0,0,0,453,2,0,0
1990,43,1,0,0,0,1,176,5,40,0
1990,46,2,0,0,0,1,379,1,40,0
1990,56,1,0,0,0,1,73,5,40,1
1990,57,2,0,0,0,1,0,0,0,0
1990,19,2,1,0,0,0,274,3,32,0
1990,37,1,0,0,0,1,43,0,48,0
1990,35,2,0,0,0,0,375,4,40,0
1990,32,1,0,0,0,1,64,1,48,0
1990,32,2,0,0,0,0,276,3,25,0
1990,31,1,0,0,0,1,17,1,55,0
1990,25,2,0,0,0,1,467,5,45,0
1990,23,1,0,0,0,1,23,5,50,0
1990,23,2,0,0,0,1,313,5,35,0
1990,40,1,0,0,0,1,22,1,50,1
1990,38,2,0,0,0,1,157,5,40,0
1990,34,1,1,0,0,0,637,1,40,0
1990,29,1,0,0,0,1,354,2,40,0
1990,33,2,0,0,0,1,446,5,30,0
1990,40,1,3,0,0,1,785,1,30,0
1990,62,2,3,0,0,0,0,0,0,0
1990,39,2,1,0,0,0,276,3,30,0
1990,29,1,0,0,0,1,554,0,35,0
1990,28,2,0,0,0,0,0,0,0,0
1990,69,2,1,0,0,1,316,5,25,0
1990,26,1,0,0,0,0,785,1,70,0
1990,25,2,0,0,0,1,159,1,60,0
1990,74,2,3,0,0,0,0,0,0,0
1990,34,2,2,0,0,1,95,5,48,0
1990,39,2,1,0,0,0,276,3,40,0
1990,41,1,3,0,0,0,505,3,40,0
1990,66,1,3,0,0,0,368,3,0,0
1990,25,1,1,0,0,0,877,3,45,0
1990,30,1,0,0,0,0,599,0,0,0
1990,30,2,0,0,0,0,435,3,0,0
1990,35,2,1,1,0,0,446,5,40,0
1990,19,2,1,1,0,0,446,5,0,0
1990,35,1,0,0,0,1,176,5,40,0
1990,36,2,0,0,0,1,95,5,0,0
1990,26,1,0,0,2,0,579,0,30,0
1990,26,2,0,0,0,1,319,1,30,0
1990,45,1,0,0,0,1,55,4,50,0
1990,37,2,0,0,0,1,313,4,40,0
1990,58,1,0,0,0,0,567,3,40,0
1990,56,2,0,0,0,1,379,5,40,0
1990,27,1,1,0,0,1,217,5,40,0
1990,18,2,1,3,3,0,439,3,0,0
1990,48,1,1,0,0,1,889,4,40,0
1990,21,2,1,0,0,1,406,4,75,0
1990,21,1,1,0,0,1,276,3,40,0
1990,19,2,1,0,0,1,264,3,0,0
1990,20,1,1,0,0,1,274,3,25,0
1990,23,1,1,0,0,1,259,3,40,0
1990,21,1,1,0,0,1,365,3,20,0
1990,19,2,1,0,0,1,276,3,20,0
1990,22,1,1,0,0,1,804,3,35,0
1990,26,2,1,0,0,1,266,3,30,0
1990,21,1,1,0,0,1,889,4,40,0
1990,23,1,1,0,0,1,43,5,25,0
1990,22,1,1,3,0,1,376,4,15,0
1990,45,2,0,3,3,0,0,0,0,0
1990,40,1,0,3,3,0,0,0,0,0
1990,36,1,1,0,0,1,259,3,40,0
1990,64,1,0,0,0,1,25,4,37,1
1990,61,2,0,0,0,0,329,5,13,0
1990,19,2,1,0,0,1,435,3,30,0
1990,20,1,1,0,0,1,385,5,3,0
1990,20,1,1,0,0,1,444,5,8,0
1990,29,2,1,0,0,1,14,5,40,0
1990,34,1,1,0,0,1,274,3,50,0
1990,56,2,0,0,0,1,27,6,40,0
1990,56,1,0,0,0,1,159,5,45,0
1990,29,2,1,0,0,1,313,4,50,0
1990,32,1,1,0,0,1,567,5,50,0
1990,40,1,1,0,0,1,434,3,40,0
1990,25,2,1,0,0,1,435,3,40,0
1990,41,1,1,0,0,0,628,1,30,0
1990,74,2,2,0,0,0,0,0,0,0
1990,52,1,0,3,3,1,84,5,80,0
1990,52,2,0,3,3,1,22,5,40,0
1990,22,1,1,3,0,1,27,5,25,0
1990,20,1,1,3,0,0,439,3,40,0
1990,18,2,1,3,0,1,277,3,30,0
1990,23,2,1,0,0,1,97,5,37,0
1990,25,1,1,0,0,1,375,4,30,0
1990,35,1,2,1,0,0,446,5,0,0
1990,35,1,2,1,0,0,453,5,0,0
1990,23,1,1,0,0,0,436,3,45,0
1990,57,1,0,0,0,0,259,3,15,0
1990,58,2,0,0,0,0,0,0,0,0
1990,59,1,2,0,0,0,22,4,30,0
1990,25,1,1,0,0,0,266,3,25,0
1990,56,2,2,0,0,1,315,5,40,0
1990,28,1,1,0,0,1,337,4,40,0
1990,53,1,0,0,0,1,43,5,35,0
1990,51,2,0,0,0,1,183,5,25,0
1990,20,2,1,0,0,1,468,4,35,0
1990,19,1,1,0,0,0,883,2,10,0
1990,40,1,2,0,0,1,365,2,50,0
1990,33,2,1,1,0,0,0,0,0,0
1990,21,2,1,0,0,0,436,3,20,0
1990,33,2,1,0,0,0,379,3,20,0
1990,34,2,2,0,0,0,0,0,0,0
1990,39,1,3,1,0,1,505,1,50,1
1990,35,2,2,0,0,1,15,5,24,0
1990,29,2,1,0,0,1,303,1,40,0
1990,27,1,2,0,0,1,806,1,30,0
1990,33,2,3,0,2,1,447,5,45,0
1990,47,2,1,1,0,0,444,4,0,0
1990,20,2,1,1,0,1,387,5,0,0
1990,19,2,1,1,0,0,0,0,0,0
1990,29,1,2,1,0,1,436,3,30,0
1990,61,1,0,0,0,1,558,0,40,0
1990,60,2,0,0,0,1,274,3,12,0
1990,24,2,1,0,0,1,736,1,42,0
1990,23,2,1,0,0,1,195,5,20,0
1990,45,2,0,0,0,0,447,5,40,0
1990,35,1,0,3,0,1,0,0,0,1
1990,22,2,1,0,0,1,274,5,45,0
1990,71,1,0,0,0,1,0,0,0,0
1990,73,2,0,0,0,0,0,0,0,0
1990,64,2,3,0,0,1,313,2,0,0
1990,36,2,2,0,0,1,13,1,50,0
1990,33,2,2,0,0,1,159,5,40,0
1990,29,1,1,0,0,0,628,1,40,0
1990,71,1,1,0,0,1,386,5,32,0
1990,36,2,2,1,0,1,195,2,45,1
1990,57,2,3,0,0,0,207,5,70,1
1990,73,1,0,0,0,0,254,4,20,1
1990,70,2,0,0,0,1,174,6,0,0
1990,70,2,3,0,0,0,0,0,0,0
1990,38,1,0,0,0,1,259,3,60,1
1990,36,2,0,0,0,1,243,3,0,0
1990,29,1,1,0,0,0,243,3,40,0
1990,58,2,3,0,0,1,313,5,40,0
1990,77,2,0,0,0,0,0,0,0,0
1990,80,2,1,0,2,0,0,0,0,0
1990,36,2,3,3,0,1,0,0,0,0
1990,18,1,1,3,0,0,0,0,0,0
1990,48,2,1,0,0,1,243,3,50,0
1990,27,2,1,0,4,1,385,5,54,0
1990,43,2,2,0,0,1,909,6,0,0
1990,50,1,0,0,0,1,309,6,40,0
1990,47,2,0,0,0,0,376,2,40,0
1990,20,2,1,0,0,1,447,5,18,0
1990,31,1,0,0,0,1,137,5,60,0
1990,31,2,0,0,0,1,235,1,0,0
1990,27,1,0,0,0,1,48,5,50,0
1990,27,2,0,0,0,1,376,1,40,0
1990,42,2,2,0,0,1,26,3,40,0
1990,47,1,0,0,0,1,734,1,50,0
1990,47,2,0,0,0,1,449,5,44,0
1990,19,2,1,0,0,1,319,5,12,0
1990,21,1,1,0,0,1,436,4,45,0
1990,32,2,1,0,0,1,22,1,40,0
1990,31,1,0,0,0,0,22,4,60,1
1990,34,2,0,0,0,0,0,0,0,0
1990,30,2,0,0,0,1,256,3,32,0
1990,35,1,0,0,0,1,308,4,45,0
1990,24,1,0,0,0,0,447,5,40,0
1990,23,2,0,0,0,0,467,5,30,0
1990,18,2,1,0,0,0,777,4,25,0
1990,41,1,0,0,0,1,186,6,50,0
1990,36,2,0,0,0,1,389,3,40,0
1990,32,2,2,0,0,1,22,5,45,0
1990,47,1,2,0,0,0,653,1,45,0
1990,57,1,0,0,0,1,229,1,40,1
1990,58,2,0,0,0,0,365,3,0,0
1990,32,2,1,0,0,1,313,4,40,0
1990,29,1,0,0,0,0,18,4,40,0
1990,30,2,0,0,0,1,22,4,40,0
1990,77,2,2,0,0,0,0,0,0,0
1990,42,1,1,0,0,0,257,2,40,0
1990,35,1,0,0,0,1,243,3,55,0
1990,31,2,0,0,0,1,156,5,45,0
1990,44,2,0,0,0,1,208,5,14,0
1990,48,1,0,0,0,1,22,1,45,1
1990,65,1,0,0,0,1,22,1,40,1
1990,64,2,0,0,0,1,313,1,40,0
1990,75,1,0,0,0,0,0,0,0,0
1990,66,2,0,0,0,0,0,0,0,0
1990,42,1,0,0,0,0,22,0,45,1
1990,40,2,0,0,0,0,313,5,15,0
1990,18,2,1,0,0,0,436,3,25,0
1990,31,1,0,0,0,0,717,1,32,0
1990,30,2,0,0,0,1,243,3,50,0
1990,35,1,2,0,0,1,226,6,20,0
1990,32,2,1,0,0,0,453,4,20,0
1990,41,1,1,0,0,1,268,3,50,0
1990,49,1,0,0,0,1,277,0,40,0
1990,45,2,0,0,0,0,313,5,40,0
1990,78,2,3,0,0,1,0,0,0,0
1990,36,1,2,0,0,1,22,0,50,0
1990,34,1,0,1,0,1,259,3,50,1
1990,35,2,0,0,0,1,185,4,35,0
1990,37,1,0,0,0,1,243,3,60,0
1990,41,2,0,0,0,1,263,3,50,0
1990,68,1,0,0,2,1,84,5,0,0
1990,66,2,0,0,0,1,337,5,0,0
1990,47,1,0,0,0,1,9,2,50,1
1990,46,2,0,0,0,1,17,3,40,0
1990,24,2,1,0,0,1,154,5,30,0
1990,76,2,3,0,0,0,0,0,0,0
1990,76,1,0,0,0,1,0,0,0,0
1990,74,2,0,0,0,1,26,5,40,1
1990,54,1,0,0,0,1,185,5,55,0
1990,51,2,0,0,0,0,18,4,40,0
1990,46,2,2,0,0,1,0,0,0,0
1990,41,1,0,0,0,1,259,3,40,1
1990,41,2,0,0,0,1,0,0,0,0
1990,63,2,2,0,0,0,319,2,20,0
1990,44,1,0,0,0,1,84,5,55,1
1990,45,2,0,0,0,1,274,3,30,0
1990,19,1,1,0,0,1,335,4,40,0
1990,43,1,0,0,0,1,28,3,48,1
1990,38,2,0,0,0,0,329,1,0,0
1990,66,1,0,0,0,1,22,1,0,1
1990,62,2,0,0,0,1,0,0,0,0
1990,31,1,1,0,0,0,235,1,55,0
1990,46,2,2,0,0,0,33,5,40,0
1990,27,2,2,0,0,0,323,3,40,0
1990,25,2,1,0,0,1,259,3,45,0
1990,40,2,3,0,0,1,447,5,32,0
1990,48,1,0,0,0,1,243,4,60,1
1990,42,2,0,0,0,0,254,4,8,0
1990,68,1,0,0,0,1,22,1,40,1
1990,58,2,0,0,0,1,0,0,0,0
1990,42,1,2,0,0,1,27,4,41,1
1990,39,1,0,0,0,1,303,6,40,0
1990,39,2,0,0,0,1,22,3,40,1
1990,43,1,0,0,0,1,178,5,40,1
1990,40,2,0,0,4,1,156,5,22,0
1990,47,2,0,0,0,1,178,3,40,1
1990,43,1,0,0,0,1,178,4,45,1
1990,57,1,0,0,0,1,255,4,40,1
1990,55,2,0,0,0,1,226,2,20,1
1990,30,1,1,0,0,1,27,5,45,1
1990,28,1,0,0,0,1,556,0,55,0
1990,31,2,0,3,2,1,229,1,40,0
1990,59,1,2,0,0,1,253,4,30,0
1990,18,1,1,0,0,0,276,5,15,0
1990,32,1,0,0,0,1,254,4,40,0
1990,29,2,0,0,0,1,254,4,20,0
1990,43,1,0,0,0,1,243,3,70,0
1990,39,2,0,0,0,1,29,3,24,0
1990,20,1,1,0,0,0,198,5,30,0
1990,70,2,3,0,0,0,23,6,0,0
1990,46,2,1,0,0,1,37,5,40,0
1990,22,2,1,0,0,1,376,4,40,0
1990,47,1,0,0,0,1,226,2,20,1
1990,44,2,0,0,0,1,0,0,0,0
1990,38,1,0,0,0,1,23,2,40,0
1990,38,2,0,0,0,0,719,1,15,0
1990,33,1,1,0,0,1,243,5,70,0
1990,31,2,1,3,0,1,22,3,56,0
1990,70,2,2,0,0,1,0,0,0,0
1990,41,1,0,0,0,0,869,0,40,0
1990,42,2,0,0,0,0,264,3,0,0
1990,70,1,3,0,0,1,696,5,15,1
1990,43,1,0,0,0,1,13,1,50,0
1990,43,2,0,0,0,1,203,5,45,0
1990,41,1,0,0,0,0,734,1,40,0
1990,41,2,0,0,0,1,253,4,28,0
1990,77,2,0,0,0,0,0,0,0,0
1990,69,1,0,0,0,0,0,0,0,0
1990,80,2,3,0,0,0,0,0,0,0
1990,39,2,1,0,0,0,22,1,60,0
1990,68,1,0,0,0,1,628,1,0,0
1990,66,2,0,0,0,0,274,3,0,0
1990,64,1,0,0,0,0,637,1,0,0
1990,59,2,0,0,0,1,163,5,40,0
1990,30,2,1,0,0,1,0,0,0,0
1990,28,1,0,0,0,0,653,1,40,0
1990,27,2,0,0,0,0,386,2,40,0
1990,70,1,0,0,0,0,22,3,12,0
1990,68,2,0,0,0,0,796,1,20,0
1990,34,1,0,0,0,1,96,5,70,0
1990,36,2,0,0,0,1,95,5,55,0
1990,30,1,0,0,0,1,22,3,40,0
1990,28,2,0,0,0,0,435,3,32,0
1990,63,2,3,0,0,0,323,5,40,0
1990,31,1,0,0,0,1,254,4,30,0
1990,28,2,0,0,0,0,389,4,50,0
1990,39,1,0,0,0,1,253,4,45,1
1990,38,2,0,0,0,1,387,5,26,0
1990,29,1,0,0,0,1,213,2,45,0
1990,28,2,0,0,0,1,29,3,45,0
1990,29,1,0,0,0,0,869,0,40,0
1990,29,2,0,0,0,1,95,5,32,0
1990,59,1,0,0,0,0,856,1,40,0
1990,56,2,0,0,0,0,779,1,40,0
1990,43,2,2,0,0,1,17,3,42,0
1990,23,2,1,0,0,0,785,1,40,0
1990,36,1,0,0,0,1,277,5,40,0
1990,34,2,0,0,0,1,373,3,20,0
1990,37,1,0,0,0,1,55,5,43,1
1990,42,2,0,0,0,1,22,5,40,0
1990,19,2,1,0,0,0,207,5,30,0
1990,32,1,0,0,0,0,558,0,45,1
1990,34,2,0,0,0,1,375,4,37,0
1990,33,1,0,0,0,1,186,5,60,0
1990,33,2,0,0,0,0,433,3,40,0
1990,28,1,0,0,0,1,575,0,40,0
1990,28,2,0,0,0,1,254,4,60,0
1990,25,1,1,0,0,1,308,4,40,0
1990,35,2,1,0,0,1,379,1,40,0
1990,72,2,2,0,0,0,0,0,0,0
1990,22,2,2,0,0,1,216,5,20,0
1990,38,1,0,0,0,1,783,0,40,0
1990,29,2,0,0,0,1,313,5,16,0
1990,31,2,0,0,0,1,667,3,43,0
1990,29,1,0,0,0,1,55,3,40,0
1990,43,1,0,0,0,1,259,3,40,0
1990,37,2,0,0,0,0,339,4,40,0
1990,62,2,2,0,0,0,628,1,50,0
1990,20,1,1,0,0,0,779,1,40,0
1990,19,1,1,0,0,0,579,1,40,0
1990,57,2,3,0,0,0,56,1,16,0
1990,34,2,2,0,0,0,257,2,40,0
1990,36,1,0,0,0,1,22,5,55,0
1990,38,2,0,0,0,1,37,3,50,0
1990,36,2,1,0,0,1,95,5,20,0
1990,80,2,3,0,0,0,0,0,0,0
1990,70,1,0,0,0,0,0,0,0,0
1990,69,2,0,0,0,0,448,4,0,0
1990,46,2,3,0,0,1,255,4,32,0
1990,20,2,1,0,0,1,337,3,32,0
1990,53,2,2,0,0,1,174,5,30,0
1990,63,2,2,0,0,0,436,3,36,0
1990,36,1,1,0,0,0,808,2,40,0
1990,31,2,2,0,0,0,368,4,40,0
1990,79,1,0,0,0,0,0,0,0,0
1990,26,1,0,0,0,1,64,1,40,0
1990,25,2,0,0,0,1,156,5,34,0
1990,35,2,1,0,0,1,64,1,45,1
1990,25,1,1,0,0,1,258,4,45,0
1990,25,1,1,0,0,1,25,1,40,0
1990,36,1,0,0,0,1,375,4,40,0
1990,36,2,0,0,0,1,29,3,20,0
1990,33,2,1,0,0,1,22,4,55,0
1990,23,1,3,0,0,1,337,0,40,0
1990,46,1,2,0,0,1,796,1,70,0
1990,39,2,0,0,0,1,363,4,40,0
1990,34,1,0,0,0,1,187,2,40,0
1990,34,1,0,0,0,1,889,3,40,0
1990,32,2,0,0,0,1,17,4,40,0
1990,29,1,0,0,0,1,259,1,40,0
1990,27,2,0,0,0,0,677,3,40,0
1990,23,1,1,0,0,0,734,1,42,0
1990,22,2,1,0,0,0,869,0,20,0
1990,47,1,0,0,0,1,243,4,50,1
1990,37,2,0,0,0,0,313,5,8,0
1990,29,1,0,0,0,0,389,0,40,0
1990,32,2,0,0,0,0,22,0,40,0
1990,66,1,0,0,0,0,303,4,40,0
1990,62,2,0,0,0,0,379,4,40,0
1990,25,1,1,0,0,1,683,1,40,0
1990,49,1,0,0,0,1,22,1,40,1
1990,44,2,0,0,0,1,23,5,40,0
1990,18,2,1,0,0,0,447,5,30,0
1990,28,1,2,0,0,0,587,0,40,0
1990,25,2,1,0,0,0,439,3,35,0
1990,29,1,0,0,0,1,567,0,40,0
1990,29,2,0,0,0,1,243,3,40,0
1990,57,1,0,0,0,1,23,5,40,0
1990,54,2,0,0,0,0,303,6,0,0
1990,43,1,0,0,0,1,259,3,60,1
1990,40,2,0,0,0,1,379,1,40,0
1990,49,1,0,0,0,1,243,3,40,0
1990,65,2,0,0,0,1,0,0,0,0
1990,49,1,2,0,0,1,0,0,0,1
1990,43,2,2,0,0,1,21,5,0,0
1990,24,2,1,0,0,1,466,5,25,0
1990,28,2,1,0,0,1,17,3,48,0
1990,43,1,0,0,0,1,229,1,40,1
1990,41,2,0,0,0,1,314,4,30,0
1990,69,1,3,0,0,1,434,3,0,0
1990,33,1,0,0,0,1,22,4,40,0
1990,31,2,0,0,0,1,7,5,45,0
1990,41,1,0,0,0,1,44,1,60,1
1990,40,2,0,0,0,1,387,5,10,0
1990,69,1,3,0,0,0,808,5,0,0
1990,27,1,1,0,0,0,855,0,50,0
1990,28,1,0,0,0,1,558,0,55,1
1990,31,2,0,0,0,1,379,6,40,0
1990,63,1,0,0,0,1,277,5,70,0
1990,47,2,0,0,0,1,22,4,45,0
1990,35,1,0,0,0,1,157,5,40,0
1990,35,2,0,0,0,0,156,5,20,0
1990,59,1,0,0,0,0,567,5,40,1
1990,61,2,0,0,0,0,0,0,0,0
1990,26,1,1,0,0,0,558,0,36,0
1990,35,1,0,0,0,1,253,4,44,0
1990,36,2,0,1,0,1,23,4,25,0
1990,31,1,0,0,0,1,64,4,40,0
1990,33,2,0,0,0,0,7,4,37,0
1990,77,2,0,0,0,0,0,0,0,0
1990,22,1,0,0,0,0,486,0,40,0
1990,20,2,0,0,0,1,264,3,15,0
1990,64,1,0,0,0,1,22,0,0,0
1990,64,2,0,0,0,0,274,3,17,0
1990,22,2,1,0,0,1,463,2,60,0
1990,52,1,0,0,0,1,55,1,46,0
1990,42,2,0,0,2,0,458,4,25,0
1990,29,1,1,0,0,1,518,0,50,0
1990,25,1,1,0,0,1,683,1,50,0
1990,38,1,0,0,0,1,84,5,65,1
1990,42,2,0,0,0,1,447,5,45,0
1990,23,1,1,0,0,1,595,0,20,0
1990,26,1,0,0,0,1,254,4,40,0
1990,28,2,0,0,0,1,337,2,41,0
1990,27,1,1,0,0,1,448,5,40,0
1990,72,2,3,1,0,0,0,0,0,0
1990,45,1,0,0,0,1,257,1,40,0
1990,35,2,0,0,0,1,313,5,37,0
1990,25,1,0,0,0,0,774,4,84,0
1990,25,2,0,0,0,1,95,5,40,0
1990,29,1,3,3,3,1,453,3,50,0
1990,29,1,1,0,0,0,436,3,55,0
1990,72,1,3,0,0,0,0,0,0,0
1990,64,1,2,0,0,0,653,1,40,0
1990,51,1,0,0,0,1,256,1,40,0
1990,61,2,0,0,0,0,9,1,40,0
1990,35,2,1,0,0,0,257,2,40,0
1990,63,1,1,0,0,0,355,2,0,0
1990,62,2,3,0,0,0,0,0,0,0
1990,40,1,2,0,0,0,779,3,40,0
1990,38,1,2,0,0,0,486,0,80,0
1990,69,2,2,0,0,0,747,5,24,0
1990,31,1,0,0,0,1,735,1,40,0
1990,30,2,0,0,0,1,319,4,20,0
1990,35,1,1,0,0,1,188,4,45,0
1990,53,2,0,0,0,0,257,4,40,0
1990,59,1,0,0,0,0,453,6,40,0
1990,19,1,1,0,0,1,447,5,40,0
1990,29,2,1,0,0,1,22,2,40,0
1990,32,1,1,0,0,1,364,3,50,0
1990,32,1,0,1,0,1,13,4,45,0
1990,31,2,0,1,0,1,243,3,25,0
1990,35,1,1,0,0,0,453,3,5,0
1990,35,1,1,0,0,0,453,5,45,0
1990,78,1,1,0,0,0,0,0,0,0
1990,68,1,0,0,0,0,0,0,0,0
1990,74,2,0,0,0,0,0,0,0,0
1990,79,2,2,0,0,0,0,0,0,0
1990,64,1,0,0,0,1,243,4,40,0
1990,63,2,0,0,0,1,95,5,24,0
1990,29,1,1,0,0,1,453,5,18,0
1990,25,1,1,0,0,1,308,5,20,0
1990,54,2,3,1,0,0,336,5,40,0
1990,32,1,1,1,0,1,733,5,40,0
1990,51,2,2,0,0,1,313,5,40,0
1990,23,2,1,0,0,0,435,3,99,0
1990,56,1,2,1,0,0,856,3,0,0
1990,32,2,3,3,3,0,0,0,0,0
1990,19,2,1,3,3,0,434,3,10,0
1990,31,1,1,0,0,0,889,1,40,0
1990,68,1,0,0,0,0,0,0,0,0
1990,61,2,0,0,0,0,0,0,0,0
1990,37,2,2,0,0,0,319,5,60,0
1990,35,1,2,0,0,0,0,0,0,0
1990,35,2,2,0,0,1,155,5,40,0
1990,49,1,0,0,0,1,178,5,63,1
1990,49,2,0,0,0,1,37,5,30,0
1990,24,1,1,0,0,1,274,3,40,0
1990,22,1,1,0,0,1,599,4,38,0
1990,20,2,1,0,0,1,378,2,20,0
1990,46,2,2,0,0,1,256,1,40,1
1990,41,1,1,0,0,1,18,4,40,0
1990,36,2,1,0,0,1,197,5,25,0
1990,20,1,1,0,0,1,159,5,40,0
1990,39,2,0,0,0,1,156,5,37,0
1990,39,1,0,0,0,1,21,5,40,0
1990,33,1,0,1,2,1,424,6,40,0
1990,37,2,0,1,0,1,467,5,40,0
1990,26,2,3,0,0,0,0,0,0,0
1990,20,1,1,0,0,1,779,1,18,0
1990,28,1,1,0,0,1,363,2,40,0
1990,60,2,1,0,0,0,0,0,0,0
1990,45,1,0,0,0,1,253,4,40,1
1990,45,2,0,0,0,1,274,3,20,0
1990,22,1,1,0,0,1,22,0,20,0
1990,21,2,1,0,0,1,447,5,40,0
1990,18,2,1,0,0,1,259,3,40,0
1990,56,2,2,0,0,1,373,3,40,0
1990,30,1,1,0,0,1,18,4,60,0
1990,29,1,0,0,0,1,65,1,50,0
1990,28,2,0,0,0,1,14,5,50,0
1990,80,2,3,0,0,0,274,3,40,0
1990,41,1,2,0,0,1,0,0,0,0
1990,56,1,0,0,0,0,453,4,20,0
1990,42,2,0,0,0,0,174,6,30,0
1990,22,2,1,0,0,0,804,3,37,0
1990,41,1,1,0,0,1,379,6,39,0
1990,30,2,1,0,0,0,426,4,64,0
1990,62,1,0,0,0,1,253,4,40,0
1990,62,2,0,0,0,0,18,4,20,0
1990,66,2,0,0,0,0,0,0,0,0
1990,74,1,0,0,0,0,0,0,0,0
1990,34,2,1,0,0,1,64,4,45,0
1990,54,1,0,0,0,0,536,1,40,0
1990,49,2,0,0,0,0,0,0,0,0
1990,75,2,2,0,0,0,444,5,6,0
1990,44,2,0,0,0,1,95,5,32,0
1990,44,1,0,0,0,1,259,1,40,1
1990,55,1,0,0,0,1,719,1,45,0
1990,48,2,0,0,2,1,0,0,0,0
1990,28,2,0,0,0,1,234,1,43,0
1990,29,1,0,0,0,1,376,4,46,0
1990,24,1,1,0,0,0,745,3,40,0
1990,27,2,1,0,0,1,207,5,40,0
1990,21,2,1,3,0,1,264,3,15,0
1990,44,1,0,0,0,1,259,3,60,0
1990,39,2,0,0,0,1,197,5,0,0
1990,61,1,2,0,0,1,25,1,0,1
1990,29,1,0,0,0,1,22,3,50,0
1990,29,2,0,0,0,1,308,3,0,0
1990,24,1,1,0,0,0,243,3,40,0
1990,29,2,1,0,0,0,155,5,40,0
1990,24,2,2,0,0,0,313,5,40,0
1990,45,1,0,0,0,1,14,3,60,1
1990,44,2,0,0,0,1,313,0,40,0
1990,66,1,0,0,0,0,259,3,0,0
1990,65,2,0,0,0,0,0,0,0,0
1990,37,1,1,0,0,0,889,1,40,0
1990,48,1,0,0,0,1,628,1,80,0
1990,46,2,0,0,0,1,313,5,20,0
1990,21,1,1,0,0,1,276,3,27,0
1990,18,2,1,0,0,1,276,3,40,0
1990,54,1,0,0,0,1,86,6,44,0
1990,57,2,0,0,0,1,365,2,50,0
1990,28,2,1,0,0,1,95,5,40,0
1990,55,2,2,0,0,0,337,3,50,0
1990,38,1,2,0,0,0,717,1,40,0
1990,25,1,0,0,0,1,883,3,30,0
1990,25,2,0,0,0,0,0,0,0,0
1990,40,1,0,0,0,0,364,1,40,0
1990,41,2,0,0,0,1,95,5,24,0
1990,40,2,2,0,0,1,313,5,40,0
1990,20,1,1,0,0,0,426,5,25,0
1990,43,1,0,0,0,0,453,2,40,0
1990,37,2,0,0,0,0,313,4,40,0
1990,55,1,0,0,0,1,5,6,40,0
1990,39,2,0,0,0,1,188,1,40,0
1990,44,1,2,0,0,1,327,1,40,0
1990,46,1,0,0,0,1,505,4,50,1
1990,43,2,0,0,0,1,319,5,9,0
1990,21,1,1,0,0,1,877,2,20,0
1990,18,2,1,0,0,1,406,4,47,0
1990,40,1,0,0,0,1,167,5,37,0
1990,33,2,0,0,0,1,8,6,40,0
1990,28,1,0,0,0,0,308,4,55,1
1990,25,2,1,0,0,1,22,4,40,0
1990,33,2,2,0,0,0,376,4,37,0
1990,32,1,1,0,0,1,229,1,40,0
1990,55,1,0,0,0,1,22,2,45,1
1990,54,2,0,0,0,0,434,3,27,0
1990,19,1,1,0,0,1,364,1,30,0
1990,51,1,0,0,0,1,579,0,50,0
1990,58,2,0,0,0,0,447,5,20,0
1990,19,1,1,0,0,0,479,0,40,0
1990,34,2,2,0,0,1,33,5,40,0
1990,26,1,0,0,0,1,157,5,40,0
1990,29,2,0,0,0,1,195,1,40,0
1990,27,2,2,0,0,1,156,5,60,0
1990,28,1,2,0,0,1,22,1,17,0
1990,61,1,0,0,0,1,0,0,0,0
1990,50,2,0,0,0,0,0,0,0,0
1990,26,1,1,0,0,1,229,1,0,0
1990,19,1,1,0,0,0,453,4,30,0
1990,27,1,1,0,0,1,785,1,40,0
1990,34,2,1,0,0,1,229,4,38,0
1990,24,1,0,0,0,1,243,3,47,0
1990,23,2,0,0,0,1,337,5,40,0
1990,48,1,0,0,0,1,156,5,46,0
1990,45,2,0,0,0,1,0,0,0,0
1990,21,1,1,0,0,0,759,1,40,0
1990,18,2,1,0,0,0,174,5,20,0
1990,31,1,0,0,0,1,56,1,40,0
1990,28,2,0,0,0,1,156,5,40,0
1990,30,1,0,0,0,1,303,4,45,0
1990,23,2,0,0,0,1,17,3,40,0
1990,45,1,0,0,0,1,166,1,45,0
1990,47,2,0,0,0,1,156,5,47,0
1990,59,1,0,0,0,1,23,1,40,0
1990,57,2,0,0,0,0,313,1,40,0
1990,25,1,0,0,0,0,573,0,40,0
1990,32,2,0,0,0,0,254,4,35,0
1990,28,1,3,0,0,0,783,1,40,0
1990,70,1,0,0,0,0,453,4,20,0
1990,60,2,0,0,0,0,486,4,20,0
1990,37,1,2,0,0,1,243,4,40,1
1990,38,1,0,0,0,1,804,2,40,0
1990,37,2,0,0,0,1,736,1,10,0
1990,37,1,0,0,0,1,22,2,60,1
1990,38,2,0,0,0,1,677,3,40,0
1990,38,1,0,0,0,1,637,1,40,0
1990,38,2,0,0,0,0,0,0,0,0
1990,27,2,2,0,0,0,466,5,40,0
1990,26,1,1,0,0,1,23,4,40,0
1990,24,2,1,0,0,1,339,2,40,0
1990,33,1,0,0,0,1,379,5,50,1
1990,29,2,0,0,0,1,78,1,0,0
1990,43,1,0,0,0,1,413,6,55,0
1990,40,2,0,0,0,1,185,3,9,0
1990,29,1,0,0,0,0,186,4,50,0
1990,31,2,0,0,0,1,463,2,27,0
1990,32,1,2,3,3,1,53,2,40,0
1990,22,1,0,0,0,1,508,2,40,0
1990,24,2,0,0,0,1,459,5,40,0
1990,34,1,0,0,0,0,364,2,45,0
1990,24,2,0,0,0,0,435,3,0,0
1990,49,2,2,0,0,1,156,5,40,0
1990,62,1,0,0,0,0,804,2,40,0
1990,58,2,0,0,0,0,0,0,0,0
1990,33,1,2,0,0,0,18,4,40,0
1990,30,2,1,0,0,1,204,5,38,0
1990,35,1,1,0,0,1,274,5,40,1
1990,34,1,1,0,0,1,64,5,40,1
1990,28,1,1,0,0,1,235,2,40,0
1990,35,1,0,0,0,1,24,4,45,1
1990,35,2,0,0,0,1,95,5,0,0
1990,29,1,0,0,0,1,308,4,40,0
1990,27,2,0,0,0,0,313,4,40,0
1990,34,2,0,0,0,1,316,4,0,0
1990,37,1,0,0,0,1,259,1,50,1
1990,44,1,0,0,0,0,185,5,50,0
1990,44,2,0,0,0,0,328,4,40,0
1990,36,2,1,3,0,1,327,2,45,0
1990,27,1,0,0,0,1,13,5,45,1
1990,29,2,0,0,0,1,234,4,40,0
1990,37,1,0,0,0,1,567,0,42,0
1990,38,2,0,0,0,1,274,3,40,0
1990,41,1,0,0,0,1,166,5,40,0
1990,42,2,0,0,0,1,0,0,0,0
1990,26,1,0,0,0,1,526,4,40,0
1990,25,2,0,0,0,1,379,4,40,0
1990,40,1,0,0,0,1,22,5,70,0
1990,41,2,0,0,0,0,315,1,40,0
1990,61,1,3,0,0,0,453,5,35,0
1990,25,1,0,0,0,1,426,3,40,0
1990,24,2,0,0,0,1,376,4,45,0
1990,75,2,3,0,0,0,0,0,0,0
1990,49,1,3,0,0,0,628,1,48,0
1990,54,1,0,0,0,0,453,4,40,0
1990,49,2,0,0,0,0,0,0,0,0
1990,52,1,0,0,0,0,473,0,65,0
1990,52,2,0,0,0,0,473,0,60,0
1990,25,2,1,0,0,1,473,0,50,0
1990,31,1,0,0,0,1,657,4,40,0
1990,31,2,0,0,0,1,22,1,40,0
1990,56,1,0,0,0,1,5,6,40,0
1990,48,2,0,0,0,0,808,5,12,0
1990,24,1,1,0,0,0,577,2,40,0
1990,39,1,0,0,0,0,567,0,40,0
1990,36,2,0,0,0,0,435,5,10,0
1990,42,2,2,0,0,0,888,3,40,0
1990,20,2,1,0,0,0,155,5,40,0
1990,19,1,1,0,0,0,443,3,30,0
1990,67,2,3,0,0,0,877,3,0,0
1990,71,1,0,0,0,0,0,0,0,0
1990,65,2,0,0,0,0,0,0,0,0
1990,32,2,2,0,0,1,376,3,40,0
1990,65,2,3,0,0,0,0,0,0,0
1990,35,1,0,0,0,0,889,1,40,0
1990,28,2,0,0,0,1,458,4,20,0
1990,73,1,0,0,0,0,0,0,0,0
1990,70,2,0,0,0,0,0,0,0,0
1990,39,1,0,0,0,1,218,0,40,0
1990,32,2,0,0,0,0,318,1,40,0
1990,53,1,0,0,0,0,785,1,49,0
1990,54,2,0,0,0,1,467,5,7,0
1990,42,1,0,0,0,0,453,2,40,0
1990,41,2,0,0,0,0,337,3,45,0
1990,20,1,1,0,0,0,889,1,40,0
1990,48,1,0,0,0,1,17,4,40,1
1990,38,2,0,0,0,1,95,5,40,0
1990,18,1,1,0,0,0,276,3,40,0
1990,41,2,2,0,0,1,6,6,50,1
1990,28,2,1,0,0,1,229,1,40,0
1990,25,1,0,0,0,1,694,2,50,0
1990,22,2,0,0,0,0,375,4,28,0
1990,29,2,1,0,4,1,95,5,0,0
1990,31,1,0,0,0,1,85,5,34,0
1990,27,2,0,0,0,1,445,5,35,0
1990,33,1,0,0,0,1,355,2,40,0
1990,35,2,0,0,2,1,274,3,30,0
1990,63,1,0,0,0,0,779,0,0,0
1990,60,2,0,0,0,0,0,0,0,0
1990,58,1,0,0,0,0,877,0,40,0
1990,54,2,0,0,0,1,276,3,21,0
1990,18,2,1,0,0,0,274,3,13,0
1990,39,2,1,0,0,0,436,5,40,0
1990,67,1,1,0,0,0,0,0,0,0
1990,39,1,0,0,0,0,869,1,45,0
1990,33,2,0,0,0,1,376,4,40,0
1990,69,1,3,0,0,0,473,0,30,0
1990,47,1,0,0,0,0,825,2,40,0
1990,48,2,0,0,0,1,157,5,40,0
1990,71,1,0,0,0,0,686,3,40,0
1990,66,2,0,0,0,0,0,0,0,0
1990,30,2,2,0,0,1,315,5,33,0
1990,75,2,3,0,2,0,0,0,0,0
1990,28,1,0,0,0,0,804,2,70,0
1990,27,2,0,0,0,1,436,3,30,0
1990,52,1,0,0,0,0,777,1,40,0
1990,47,2,0,0,0,0,356,1,35,0
1990,18,1,1,0,0,0,436,3,15,0
1990,28,1,0,0,0,1,475,0,47,0
1990,27,2,0,0,0,1,315,4,40,0
1990,46,2,3,0,0,1,37,1,46,0
1990,32,1,2,0,0,0,453,1,50,0
1990,20,2,1,0,0,1,453,3,60,0
1990,67,1,0,0,0,0,473,0,35,0
1990,60,2,0,0,0,1,0,0,0,0
1990,26,1,3,0,0,0,804,2,60,0
1990,29,1,1,0,0,0,804,2,60,0
1990,31,2,1,0,0,1,156,5,0,0
1990,66,1,0,0,0,0,575,0,38,0
1990,65,2,0,0,0,0,164,5,0,0
1990,41,1,0,0,0,1,156,5,45,0
1990,41,2,0,0,0,1,159,5,12,0
1990,44,1,0,3,3,1,447,5,32,1
1990,46,2,0,3,3,1,95,5,6,0
1990,18,2,1,3,0,0,276,3,30,0
1990,52,1,0,0,0,0,473,0,40,0
1990,45,2,0,0,0,0,686,1,40,0
1990,25,1,1,0,0,0,473,0,40,0
1990,30,1,0,0,0,0,804,2,47,0
1990,28,2,0,0,0,0,313,4,40,0
1990,65,1,0,0,0,0,473,0,80,0
1990,59,2,0,0,0,0,0,0,0,0
1990,27,1,1,0,0,0,473,0,80,0
1990,28,1,0,0,0,1,259,3,45,0
1990,27,2,0,0,0,1,337,3,27,0
1990,55,1,0,0,0,0,473,0,65,0
1990,52,2,0,0,0,1,0,0,0,0
1990,35,1,0,0,0,0,518,1,48,0
1990,35,2,0,0,0,0,435,3,7,0
1990,79,2,1,0,0,0,0,0,0,0
1990,69,1,0,0,0,1,0,0,0,0
1990,70,2,0,0,0,1,0,0,0,0
1990,31,2,1,0,0,1,458,4,40,0
1990,50,1,0,0,0,1,156,5,55,0
1990,46,2,0,0,0,1,156,5,55,0
1990,31,2,1,0,0,1,95,5,36,0
1990,56,1,0,0,0,0,479,0,40,0
1990,56,2,0,0,0,1,313,5,35,0
1990,80,2,3,0,0,1,479,0,25,0
1990,36,1,0,0,0,0,473,0,99,0
1990,31,2,0,0,0,0,379,5,40,0
1990,50,1,0,0,0,0,473,0,55,0
1990,47,2,0,0,0,0,0,0,0,0
1990,18,1,1,0,0,0,475,0,40,0
1990,19,1,1,0,0,0,475,0,35,0
1990,48,1,0,0,0,0,475,0,40,0
1990,46,2,0,0,0,1,0,0,0,0
1990,19,1,1,0,0,1,804,3,35,0
1990,43,1,0,0,0,0,567,0,47,0
1990,42,2,0,0,0,0,303,1,26,0
1990,65,1,0,0,0,0,473,0,50,0
1990,62,2,0,0,0,0,0,0,0,0
1990,37,1,1,0,0,1,473,0,50,0
1990,68,1,3,0,0,0,575,0,40,0
1990,46,1,0,0,0,0,473,0,60,0
1990,42,2,0,0,0,1,683,1,40,0
1990,18,1,1,0,0,0,479,0,6,0
1990,51,1,0,0,0,0,479,0,50,1
1990,52,2,0,0,0,0,473,0,0,0
1990,66,1,0,0,0,0,804,3,0,0
1990,66,2,0,0,0,0,0,0,0,0
1990,56,1,0,0,0,1,154,5,40,0
1990,51,2,0,0,0,1,385,5,40,0
1990,34,1,0,0,0,0,567,1,40,0
1990,28,2,0,0,0,0,243,3,40,0
1990,79,2,0,0,0,0,0,0,0,0
1990,57,1,0,0,0,0,473,0,90,0
1990,54,2,0,0,0,0,473,0,80,0
1990,72,2,0,0,0,1,0,0,0,0
1990,73,2,0,0,0,0,0,0,0,0
1990,70,2,3,0,0,0,0,0,0,0
1990,37,1,1,0,0,1,885,3,0,0
1990,63,1,0,0,0,0,243,3,60,0
1990,56,2,0,0,0,0,243,3,60,0
1990,70,2,0,0,0,0,0,0,0,0
1990,61,1,0,0,0,0,759,4,50,0
1990,30,1,0,0,0,1,686,3,50,0
1990,28,2,0,0,0,0,313,4,20,0
1990,75,1,0,0,0,0,0,0,0,0
1990,67,2,0,0,0,0,754,3,40,0
1990,61,1,0,0,0,0,785,1,40,0
1990,62,2,0,0,0,1,95,5,35,0
1990,47,2,2,0,0,0,466,5,40,0
1990,77,1,0,0,0,0,479,0,30,0
1990,68,2,0,0,0,0,0,0,0,0
1990,66,1,3,0,0,0,885,3,50,0
1990,80,1,0,0,2,0,0,0,0,0
1990,69,2,0,0,0,0,0,0,0,0
1990,74,1,0,0,0,0,473,0,50,0
1990,63,2,0,0,0,0,796,1,50,0
1990,39,1,1,0,0,1,516,0,45,0
1990,47,1,0,0,0,0,628,3,50,0
1990,49,2,0,0,0,0,466,5,84,0
1990,22,1,1,0,0,1,577,2,50,0
1990,40,1,0,0,0,0,558,0,40,0
1990,49,2,0,0,0,0,356,1,40,0
1990,70,1,0,0,0,0,243,1,40,1
1990,72,2,0,0,0,1,0,0,0,0
1990,51,2,0,0,0,1,447,5,0,0
1990,63,1,0,0,0,1,259,1,40,0
1990,24,1,0,0,0,1,188,1,44,0
1990,22,2,0,0,0,1,37,1,40,0
1990,25,2,1,0,0,0,21,5,40,0
1990,41,2,2,0,0,0,315,1,40,0
1990,42,1,0,0,0,1,253,4,70,0
1990,41,2,0,0,0,0,375,4,40,0
1990,76,2,3,0,0,0,0,0,0,0
1990,34,1,1,0,0,1,199,5,40,0
1990,29,1,1,0,0,1,156,5,15,0
1990,67,2,0,0,0,0,436,3,20,0
1990,57,1,0,0,0,0,407,4,0,0
1990,19,2,1,0,0,1,438,3,0,0
1990,64,2,3,0,0,0,447,5,0,0
1990,62,1,0,0,0,0,0,0,0,0
1990,56,2,0,0,0,0,0,0,0,0
1990,77,1,0,0,0,0,505,4,16,0
1990,78,2,0,0,0,0,453,4,16,0
1990,46,1,0,0,0,0,226,2,50,0
1990,43,2,0,0,0,0,383,4,37,0
1990,18,1,1,0,0,0,264,3,13,0
1990,45,1,0,0,0,1,473,0,45,0
1990,37,2,0,0,0,0,337,3,40,0
1990,42,1,0,0,0,1,804,2,70,0
1990,40,2,0,0,0,1,365,3,14,0
1990,37,1,0,0,0,1,363,1,45,0
1990,32,2,0,0,0,0,313,5,40,0
1990,52,1,0,0,0,0,706,1,40,0
1990,45,2,0,0,0,0,363,1,40,0
1990,21,1,1,0,0,0,637,1,44,0
1990,77,1,0,0,0,0,0,0,0,0
1990,74,2,0,0,0,0,0,0,0,0
1990,73,1,0,0,0,0,0,0,0,0
1990,73,2,0,0,0,0,0,0,0,0
1990,50,1,0,0,0,0,877,3,40,0
1990,48,2,0,0,0,0,447,5,22,0
1990,33,1,0,0,0,0,575,3,40,0
1990,34,2,0,0,0,0,337,0,40,0
1990,64,1,0,0,0,0,479,0,0,0
1990,54,2,0,0,0,0,683,1,40,0
1990,30,1,1,0,0,0,479,0,21,0
1990,18,2,1,0,0,0,274,3,10,0
1990,40,2,2,0,0,0,436,3,0,0
1990,37,1,0,0,0,0,505,4,50,0
1990,31,2,0,0,0,0,337,1,40,0
1990,58,2,2,0,0,0,0,0,0,0
1990,73,1,0,0,0,0,479,0,0,0
1990,71,2,0,0,0,0,0,0,0,0
1990,65,1,0,0,0,0,479,0,25,0
1990,58,2,0,0,0,0,486,0,10,0
1990,64,1,0,0,0,0,547,1,0,0
1990,63,2,0,0,0,0,313,5,40,0
1990,67,1,0,0,0,0,22,1,25,0
1990,64,2,0,0,0,0,436,5,15,0
1990,59,1,0,0,0,0,473,0,70,0
1990,50,2,0,0,0,0,5,6,40,0
1990,36,1,0,0,0,1,84,5,60,1
1990,32,2,0,0,0,1,0,0,0,0
1990,34,1,0,0,0,0,889,3,40,0
1990,32,2,0,0,0,0,0,0,0,0
1990,38,1,1,0,0,1,33,1,45,0
1990,80,2,0,0,0,0,0,0,0,0
1990,31,1,3,0,0,1,779,1,50,0
1990,32,1,0,0,0,0,885,3,99,0
1990,30,2,0,0,0,0,785,1,60,0
1990,76,1,0,0,0,1,243,3,0,0
1990,73,2,0,0,0,1,0,0,0,0
1990,31,1,0,0,0,0,889,4,40,0
1990,26,2,0,0,0,1,744,1,40,0
1990,32,1,0,0,0,0,804,3,45,0
1990,31,2,0,0,0,1,205,5,18,0
1990,68,1,0,0,0,0,706,1,0,0
1990,65,2,0,0,0,0,274,3,35,0
1990,42,1,0,0,0,0,26,5,45,0
1990,42,2,0,0,0,0,337,3,32,0
1990,73,1,3,0,0,0,0,0,0,0
1990,23,2,1,0,0,0,466,5,0,0
1990,47,1,2,0,0,0,323,2,40,0
1990,78,1,0,0,0,0,0,0,0,0
1990,77,2,0,0,0,0,0,0,0,0
1990,30,2,1,0,0,1,389,6,30,0
1990,22,1,1,0,0,1,435,3,50,0
1990,66,2,3,0,0,0,18,4,0,0
1990,63,1,0,0,0,0,804,2,48,0
1990,56,2,0,0,0,0,0,0,0,0
1990,70,1,0,0,0,1,263,3,40,0
1990,66,2,0,0,0,1,0,0,0,0
1990,51,1,0,0,0,0,889,6,40,0
1990,52,2,0,0,0,0,549,1,40,0
1990,20,2,1,0,0,0,379,1,32,0
1990,35,1,0,0,0,1,57,1,45,0
1990,35,2,0,0,0,1,447,5,24,0
1990,48,1,0,0,0,0,255,4,50,0
1990,42,2,0,0,0,0,313,4,40,0
1990,18,2,1,3,3,0,433,5,20,0
1990,30,1,0,0,0,1,22,1,40,0
1990,25,2,0,0,0,1,174,5,30,0
1990,55,1,0,0,0,0,585,0,40,0
1990,51,2,0,0,0,0,259,1,40,0
1990,22,1,1,0,0,1,59,1,40,0
1990,44,1,0,0,0,1,804,2,47,0
1990,30,2,0,0,0,1,0,0,0,0
1990,59,1,0,0,0,0,266,3,42,0
1990,58,2,0,0,0,0,313,5,20,0
1990,68,1,0,0,0,0,274,3,40,0
1990,58,2,0,0,0,0,0,0,0,0
1990,34,1,2,0,0,1,628,1,50,0
1990,38,2,2,0,0,1,14,5,40,0
1990,34,1,0,0,0,0,696,6,40,0
1990,36,2,0,0,0,0,313,5,15,0
1990,53,2,2,0,0,1,336,4,38,0
1990,34,1,0,0,0,0,585,0,40,0
1990,33,2,0,0,0,0,376,1,40,0
1990,70,1,3,0,0,1,683,1,40,0
1990,41,1,0,0,0,1,473,0,84,0
1990,40,2,0,0,0,1,315,5,18,0
1990,60,1,0,0,0,0,473,0,80,1
1990,61,2,0,0,0,0,0,0,0,0
1990,36,1,0,0,0,1,558,0,60,1
1990,30,2,0,0,0,0,22,5,0,0
1990,32,1,0,0,0,0,243,3,50,0
1990,33,2,0,0,0,1,383,4,40,0
1990,29,2,2,0,0,0,777,1,45,0
1990,25,1,1,0,0,0,479,0,75,0
1990,54,1,0,0,0,0,22,1,45,0
1990,52,2,0,0,0,0,745,1,50,0
1990,22,1,1,0,0,1,745,1,40,0
1990,48,1,0,0,0,0,573,0,35,0
1990,47,2,0,0,0,1,458,4,50,0
1990,50,1,0,0,0,0,185,1,40,0
1990,48,2,0,0,0,1,22,0,40,0
1990,35,1,2,0,0,0,888,1,40,0
1990,42,2,2,0,0,0,888,3,25,0
1990,64,2,3,0,0,1,156,5,22,0
1990,63,1,0,0,0,1,85,5,35,1
1990,57,2,0,0,0,1,337,5,0,0
1990,24,1,1,0,0,1,274,3,8,0
1990,33,1,0,0,0,0,785,4,10,0
1990,33,2,0,0,0,1,33,1,45,0
1990,32,1,2,0,0,1,575,1,42,0
1990,26,1,0,0,0,0,567,0,40,0
1990,24,2,0,0,0,0,379,1,40,0
1990,49,1,0,0,0,1,157,5,40,0
1990,49,2,0,2,0,1,207,5,30,0
1990,78,2,3,0,0,0,0,0,0,0
1990,46,2,2,0,0,1,434,3,40,0
1990,20,1,1,0,0,0,436,3,40,0
1990,21,2,1,0,0,0,0,0,0,0
1990,23,2,1,0,0,1,157,5,40,0
1990,41,1,0,0,0,0,785,1,40,0
1990,39,2,0,0,0,0,0,0,0,0
1990,34,1,0,0,0,0,255,4,40,1
1990,30,2,0,0,0,1,13,3,40,0
1990,37,1,0,0,0,0,217,1,40,0
1990,29,2,0,0,0,1,84,5,60,0
1990,74,1,0,0,0,1,0,0,0,0
1990,73,2,0,0,0,1,0,0,0,0
1990,35,1,0,0,0,1,507,0,40,0
1990,34,2,0,0,0,0,0,0,0,0
1990,79,1,0,0,0,0,0,0,0,0
1990,69,2,0,0,0,0,0,0,0,0
1990,31,1,2,0,0,0,479,0,60,0
1990,20,2,1,0,0,0,479,0,40,0
1990,20,2,1,0,0,0,315,5,20,0
1990,21,2,1,0,0,1,869,5,25,0
1990,37,1,0,0,0,1,156,5,40,0
1990,36,2,0,0,0,1,95,5,27,0
1990,50,1,0,0,0,0,628,1,40,0
1990,47,2,0,0,0,0,354,2,40,0
1990,20,1,1,0,0,0,443,5,8,0
1990,31,1,1,0,0,1,154,5,50,0
1990,53,1,0,0,0,0,473,0,52,0
1990,51,2,0,0,0,0,435,3,18,0
1990,29,1,1,0,0,1,473,0,32,0
1990,40,1,0,0,0,1,243,3,40,1
1990,41,2,0,0,0,1,95,5,40,0
1990,18,1,1,0,0,0,889,3,30,0
1990,61,1,0,0,0,0,473,0,50,0
1990,47,2,0,0,0,0,785,1,60,0
1990,26,1,1,0,0,0,507,1,45,0
1990,59,1,0,0,0,0,453,1,15,0
1990,54,2,0,0,0,0,447,5,30,0
1990,18,1,1,0,0,0,597,3,0,0
1990,34,1,0,0,0,0,785,1,45,0
1990,33,2,0,0,0,0,313,1,40,0
1990,38,1,0,0,0,1,259,1,50,1
1990,39,2,0,0,0,1,337,1,20,0
1990,50,1,0,0,0,0,473,0,40,0
1990,41,2,0,0,0,0,313,5,20,0
1990,18,2,1,0,0,0,103,5,20,0
1990,71,2,3,0,0,1,243,3,40,0
1990,68,1,0,0,0,0,259,3,36,0
1990,71,2,0,0,0,1,259,3,21,0
1990,49,2,1,0,0,1,313,5,40,0
1990,73,2,3,0,0,0,0,0,0,0
1990,38,1,0,0,0,0,17,3,40,0
1990,37,2,0,0,0,0,17,3,35,0
1990,27,1,0,0,0,1,567,0,40,0
1990,27,2,0,0,0,1,156,5,48,0
1990,75,2,3,0,0,1,164,5,4,0
1990,53,1,2,0,0,1,359,2,45,0
1990,67,2,0,0,0,1,0,0,0,0
1990,67,1,0,0,0,0,613,0,50,0
1990,41,1,0,0,0,1,243,3,50,0
1990,50,2,0,0,0,0,447,5,40,0
1990,47,1,0,0,0,1,156,5,40,0
1990,47,2,0,0,0,1,466,5,50,0
1990,20,1,1,0,0,1,156,5,25,0
1990,18,2,1,0,0,1,276,3,10,0
1990,31,1,0,0,0,0,588,0,40,0
1990,27,2,0,0,0,0,549,2,40,0
1990,35,1,0,0,0,1,453,5,40,0
1990,30,2,0,0,0,0,438,3,12,0
1990,53,1,0,0,0,1,257,5,30,0
1990,51,2,0,0,0,0,447,5,20,0
1990,59,1,0,0,0,0,426,1,32,0
1990,58,2,0,0,0,0,346,4,40,0
1990,63,2,3,0,0,0,447,5,0,0
1990,68,2,3,0,0,0,447,5,8,0
1990,25,1,0,0,0,1,64,1,60,0
1990,22,2,0,0,0,1,229,1,20,0
1990,47,1,2,0,0,1,517,0,40,0
1990,35,1,1,0,0,0,365,1,40,0
1990,55,1,0,0,0,0,259,3,40,0
1990,57,2,0,0,0,0,0,0,0,0
1990,23,1,1,0,0,0,719,1,40,0
1990,39,1,0,0,0,1,22,0,50,0
1990,39,2,0,0,0,1,95,5,32,0
1990,49,1,0,0,0,1,154,5,40,0
1990,41,2,0,0,0,1,14,5,37,0
1990,43,1,0,0,0,1,628,1,45,0
1990,30,2,0,0,0,0,203,5,40,0
1990,37,1,1,0,0,1,57,1,40,1
1990,38,2,2,0,0,1,104,1,40,0
1990,34,1,1,0,0,1,64,1,44,0
1990,76,2,3,0,0,0,0,0,0,0
1990,37,2,2,0,0,1,525,3,45,0
1990,60,1,0,0,0,1,529,2,50,0
1990,56,2,0,0,0,1,29,3,50,0
1990,35,2,1,0,0,1,64,3,45,0
1990,41,2,1,0,0,1,159,5,45,0
1990,59,1,0,0,0,0,235,3,40,0
1990,57,2,0,0,0,0,319,5,40,0
1990,24,2,1,0,0,1,467,5,30,0
1990,55,1,0,0,0,0,579,0,38,0
1990,54,2,0,0,0,0,22,5,40,0
1990,29,1,1,0,0,1,95,5,24,0
1990,18,2,1,0,0,0,706,1,40,0
1990,46,1,0,0,0,0,355,2,42,0
1990,44,2,0,0,0,0,449,5,32,0
1990,37,2,2,0,0,1,207,5,40,0
1990,18,1,1,0,0,0,877,3,17,0
1990,38,1,2,0,0,0,785,1,45,0
1990,32,1,0,0,0,0,594,0,55,0
1990,33,2,0,0,0,0,243,1,45,0
1990,50,1,0,0,0,0,373,1,40,0
1990,46,2,0,0,0,1,747,1,40,0
1990,26,1,1,0,0,1,326,4,40,0
1990,50,1,0,0,0,0,453,5,40,0
1990,43,2,0,0,0,0,313,3,40,0
1990,18,1,1,0,0,0,877,3,32,0
1990,56,1,2,0,2,1,167,5,45,1
1990,61,2,2,0,0,1,183,5,45,1
1990,30,2,2,0,0,1,207,5,32,0
1990,80,2,3,0,0,1,0,0,0,0
1990,69,2,3,0,0,1,95,5,0,0
1990,43,2,2,0,0,1,174,5,40,0
1990,53,1,0,0,0,1,453,4,60,0
1990,53,2,0,0,0,1,155,5,20,0
1990,38,1,0,0,0,0,579,0,40,0
1990,36,2,0,0,0,1,185,3,24,0
1990,30,2,2,0,0,1,84,5,60,0
1990,29,1,1,0,0,1,259,1,50,0
1990,29,1,1,0,0,1,55,3,44,0
1990,68,1,0,0,0,0,0,0,0,0
1990,68,2,0,0,0,0,0,0,0,0
1990,38,2,0,0,0,1,687,3,40,0
1990,35,1,0,0,0,1,439,3,40,0
1990,57,1,0,0,0,1,225,6,40,1
1990,52,2,0,0,0,1,95,5,20,0
1990,22,1,1,0,0,1,217,1,15,0
1990,25,1,0,0,0,1,213,1,40,0
1990,22,2,0,0,0,1,356,1,32,0
1990,19,1,1,0,0,1,365,3,30,0
1990,73,1,0,0,0,0,0,0,0,0
1990,66,2,0,0,0,0,0,0,0,0
1990,75,1,0,0,0,0,0,0,0,0
1990,73,2,0,0,0,0,0,0,0,0
1990,60,1,0,0,0,0,259,3,50,0
1990,59,2,0,0,0,1,22,1,20,0
1990,66,1,0,0,0,0,453,3,0,0
1990,64,2,0,0,0,0,337,3,0,0
1990,36,1,2,0,0,1,688,1,70,0
1990,39,1,0,0,0,1,185,4,62,0
1990,39,2,0,0,0,0,337,0,20,0
1990,25,1,0,0,0,1,518,1,40,0
1990,28,2,0,0,0,1,379,4,0,0
1990,43,1,2,0,0,0,557,0,45,0
1990,23,1,0,0,0,1,253,4,37,1
1990,62,2,0,0,0,1,158,5,6,0
1990,76,1,3,0,0,0,0,0,0,0
1990,29,1,0,0,0,0,217,1,45,0
1990,25,2,0,0,0,0,313,5,40,0
1990,47,1,0,0,0,1,14,5,55,1
1990,46,2,0,0,0,1,156,5,48,0
1990,19,1,1,0,0,0,579,1,12,0
1990,69,1,0,0,0,0,479,0,40,0
1990,67,2,0,0,0,0,774,4,40,0
1990,25,2,1,0,0,0,447,5,14,0
1990,32,1,1,0,0,0,383,4,40,0
1990,68,1,0,0,0,0,473,0,20,0
1990,65,2,0,0,0,0,0,0,0,0
1990,79,1,0,0,0,0,0,0,0,0
1990,76,2,0,0,0,0,0,0,0,0
1990,21,2,1,0,0,0,889,1,40,0
1990,72,1,0,0,0,0,0,0,0,0
1990,66,2,0,0,0,0,0,0,0,0
1990,55,1,0,0,0,1,783,1,40,0
1990,55,2,0,0,0,0,0,0,0,0
1990,48,1,0,0,0,0,379,4,40,1
1990,46,2,0,0,0,0,264,3,40,0
1990,67,1,0,0,0,0,0,0,0,0
1990,64,2,0,0,0,0,0,0,0,0
1990,66,1,0,0,0,0,887,4,15,0
1990,68,2,0,0,0,1,0,0,0,0
1990,70,1,0,0,0,0,505,4,30,0
1990,66,2,0,0,0,0,276,3,27,0
1990,26,1,1,0,0,1,505,3,55,0
1990,37,1,1,0,0,1,473,0,70,0
1990,74,2,3,0,0,1,313,5,15,0
1990,42,1,0,0,0,0,804,2,55,0
1990,29,2,0,0,0,0,243,3,42,0
1990,66,1,0,0,0,1,783,4,30,0
1990,63,2,0,0,0,1,274,3,15,0
1990,28,1,1,0,0,1,156,5,40,0
1990,33,1,0,0,0,0,473,0,60,0
1990,25,2,0,0,0,0,337,3,16,0
1990,79,2,3,0,0,0,0,0,0,0
1990,31,1,1,0,0,1,756,1,40,0
1990,23,1,1,0,0,1,475,0,84,0
1990,51,1,0,0,0,0,628,0,40,0
1990,39,2,0,0,0,1,877,1,40,0
1990,51,1,2,0,0,1,55,3,40,1
1990,22,2,1,0,0,1,435,3,20,0
1990,55,1,0,0,0,1,423,6,40,1
1990,37,2,0,0,0,0,174,5,40,0
1990,30,1,0,0,0,0,507,2,40,0
1990,28,2,0,0,2,1,447,5,32,0
1990,32,1,1,0,0,1,55,3,40,0
1990,74,1,0,0,0,0,0,0,0,0
1990,69,2,0,0,0,0,0,0,0,0
1990,41,2,1,0,0,1,747,1,40,0
1990,74,1,2,0,0,0,0,0,0,0
1990,64,1,0,0,0,1,16,2,45,0
1990,56,2,0,0,0,1,313,3,0,0
1990,63,1,0,0,0,1,22,4,42,0
1990,60,2,0,0,0,1,0,0,0,0
1990,26,2,1,0,0,1,195,1,40,0
1990,35,2,1,0,0,1,376,4,25,0
1990,40,1,2,0,0,1,505,4,40,0
1990,44,1,0,0,0,0,473,0,84,0
1990,43,2,0,0,0,1,473,0,84,0
1990,19,1,1,0,0,1,473,0,12,0
1990,60,2,0,0,0,0,447,5,4,0
1990,64,1,0,0,0,0,453,4,20,0
1990,20,2,3,0,0,0,785,1,24,0
1990,44,1,1,0,0,1,257,1,40,0
1990,55,1,1,0,0,1,176,5,70,0
1990,32,1,0,0,0,0,475,0,70,0
1990,31,2,0,0,0,1,475,0,40,0
1990,75,2,3,0,0,0,0,0,0,0
1990,32,2,1,0,0,1,385,1,40,0
1990,33,2,2,0,0,1,95,5,40,0
1990,69,2,3,0,0,1,0,0,0,0
1990,77,1,0,0,0,0,0,0,0,0
1990,79,2,0,0,0,1,0,0,0,0
1990,28,2,1,0,0,0,319,5,40,0
1990,74,1,3,0,0,0,0,0,0,0
1990,51,2,0,0,0,1,253,4,41,0
1990,56,1,0,0,0,1,308,1,40,0
1990,65,2,3,0,0,1,105,5,10,0
1990,30,1,0,0,0,0,686,1,40,0
1990,30,2,0,0,0,0,276,3,35,0
1990,63,1,0,0,0,0,804,0,40,0
1990,63,2,0,0,0,0,337,5,0,0
1990,32,1,0,0,0,0,889,1,40,0
1990,32,2,0,0,0,0,379,1,40,0
1990,30,1,0,0,0,1,21,5,40,0
1990,37,2,0,0,0,1,174,5,40,0
1990,66,1,0,0,0,1,473,0,75,0
1990,65,2,0,0,0,0,0,0,0,0
1990,28,1,0,0,0,0,657,1,40,0
1990,27,2,0,0,0,0,275,3,30,0
1990,53,1,0,0,0,1,804,2,45,0
1990,47,2,0,0,0,1,313,5,40,0
1990,22,1,1,0,0,1,869,0,25,0
1990,20,1,1,0,0,1,276,3,20,0
1990,19,1,3,0,0,0,684,1,16,0
1990,64,2,3,0,0,0,313,5,25,0
1990,37,1,1,0,0,0,869,4,38,0
1990,45,1,0,0,0,1,157,5,50,0
1990,43,2,0,0,0,0,458,4,15,0
1990,19,1,1,0,0,0,473,0,26,0
1990,43,1,0,0,0,0,883,1,44,0
1990,40,2,0,0,0,1,207,5,40,0
1990,27,1,0,0,0,1,856,1,48,0
1990,25,2,0,0,0,1,435,3,30,0
1990,37,1,0,0,0,0,809,2,40,0
1990,36,2,0,3,0,0,0,0,0,0
1990,48,1,0,0,0,1,883,2,70,0
1990,47,2,0,0,0,1,877,3,15,0
1990,20,2,1,0,0,1,0,0,0,0
1990,37,1,0,0,0,0,575,0,50,0
1990,35,2,0,0,0,0,387,5,20,0
1990,45,2,3,0,0,1,883,1,40,0
1990,19,2,1,0,0,0,435,3,60,0
1990,33,1,0,0,0,0,889,1,43,0
1990,35,2,0,0,0,0,683,1,40,0
1990,65,1,0,0,0,0,473,0,40,0
1990,58,2,0,0,0,1,475,0,0,0
1990,18,1,1,0,0,1,323,5,40,0
1990,62,1,0,0,0,1,549,0,60,0
1990,59,2,0,0,0,1,335,5,12,0
1990,34,1,0,0,0,1,257,0,45,0
1990,31,2,0,0,0,0,156,5,40,0
1990,57,1,0,0,0,0,473,0,50,0
1990,50,2,0,0,0,0,15,5,35,0
1990,75,2,3,0,0,0,0,0,0,0
1990,71,2,3,0,0,0,0,0,0,0
1990,35,1,0,0,0,1,25,4,40,0
1990,33,2,0,0,0,1,744,1,20,0
1990,66,2,3,0,0,1,95,5,0,0
1990,69,2,3,0,0,0,404,4,13,0
1990,80,2,1,0,0,1,0,0,0,0
1990,79,2,3,0,0,0,0,0,0,0
1990,64,1,0,0,0,0,473,0,8,1
1990,61,2,0,0,0,0,473,0,0,0
1990,56,1,0,0,0,0,22,0,9,0
1990,51,2,0,0,0,0,337,0,6,0
1990,18,1,1,0,0,0,175,4,10,0
1990,68,2,3,0,0,0,0,0,0,0
1990,80,1,3,0,0,0,0,0,0,0
1990,43,1,0,0,0,0,505,3,60,0
1990,43,2,0,0,0,1,156,5,25,0
1990,18,2,1,0,0,0,438,3,20,0
1990,73,2,3,0,0,0,0,0,0,0
1990,29,1,2,0,0,0,856,1,40,0
1990,40,2,2,0,0,1,363,3,40,0
1990,51,1,0,0,0,0,715,1,40,0
1990,60,2,0,0,0,0,0,0,0,0
1990,27,1,1,0,0,1,355,2,33,0
1990,32,2,2,0,0,1,155,5,15,0
1990,77,1,0,0,0,0,0,0,0,0
1990,76,2,0,0,0,0,0,0,0,0
1990,29,1,0,0,0,1,157,5,45,0
1990,29,2,0,0,2,1,156,5,45,0
1990,77,2,0,0,0,0,0,0,0,0
1990,44,1,2,0,0,1,853,0,40,0
1990,43,2,2,0,0,1,22,5,40,0
1990,40,2,2,0,0,0,434,3,48,0
1990,18,2,1,0,0,1,435,3,0,0
1990,28,1,0,0,0,0,804,0,40,0
1990,28,2,0,0,0,1,156,5,45,0
1990,29,1,2,0,0,0,243,3,40,0
1990,33,2,2,0,0,1,466,5,0,0
1990,34,2,2,0,0,1,95,5,40,0
1990,19,1,1,0,0,1,435,3,50,0
1990,71,1,0,0,0,0,475,0,10,0
1990,69,2,0,0,0,1,0,0,0,0
1990,40,1,0,0,0,0,354,2,40,0
1990,39,2,0,0,0,1,156,5,40,0
1990,23,1,0,0,0,0,567,1,48,0
1990,21,2,0,0,0,0,447,5,34,0
1990,41,1,2,0,0,0,424,6,40,0
1990,44,2,2,0,0,1,744,1,40,0
1990,70,1,0,0,0,0,0,0,0,0
1990,68,2,0,0,0,0,0,0,0,0
1990,26,1,1,0,0,0,368,5,25,0
1990,29,1,0,0,0,1,14,5,50,0
1990,25,2,0,0,0,1,337,4,40,0
1990,62,2,2,0,0,1,164,5,40,0
1990,69,2,3,0,0,0,0,0,0,0
1990,72,1,1,0,0,0,505,4,8,0
1990,68,1,2,0,0,1,22,0,20,0
1990,68,1,0,0,0,0,0,0,0,0
1990,65,2,0,0,0,0,319,4,40,0
1990,23,1,0,0,0,0,473,0,40,0
1990,22,2,0,0,0,1,385,5,15,0
1990,18,2,1,0,0,0,433,3,30,0
1990,20,1,1,0,0,1,567,0,35,0
1990,21,1,0,0,0,1,436,3,25,0
1990,23,2,0,0,0,1,379,5,16,0
1990,35,1,0,0,0,1,529,4,40,0
1990,34,2,0,0,0,0,383,4,0,0
1990,22,1,1,2,0,1,14,5,19,0
1990,40,1,0,0,0,1,22,5,40,0
1990,32,2,0,0,0,0,385,6,40,0
1990,66,1,0,0,0,0,804,2,72,0
1990,62,2,0,0,0,0,436,3,30,0
1990,37,2,2,0,0,0,21,5,25,0
1990,66,1,0,0,0,1,103,5,32,0
1990,62,2,0,0,0,0,447,5,40,0
1990,33,1,1,0,0,0,796,1,40,0
1990,44,2,1,0,0,0,447,5,40,0
1990,54,1,1,0,0,0,0,0,0,0
1990,51,1,1,0,0,0,738,5,25,0
1990,42,1,1,0,0,0,0,0,0,0
1990,40,1,1,0,0,0,0,0,0,0
1990,32,1,1,0,0,0,738,5,0,0
1990,29,1,1,0,0,1,449,4,40,0
1990,73,1,0,0,0,0,253,4,7,0
1990,69,2,0,0,0,0,313,4,30,0
1990,78,2,1,0,0,0,407,4,35,0
1990,79,2,3,0,0,0,0,0,0,0
1990,29,1,0,0,0,0,597,0,40,0
1990,35,2,0,0,0,0,436,3,25,0
1990,43,1,0,0,0,0,259,3,40,0
1990,42,2,0,0,0,1,458,4,27,0
1990,30,2,2,0,0,0,889,2,40,0
1990,59,1,0,0,0,1,14,5,0,0
1990,50,2,0,0,0,0,303,3,0,0
1990,58,2,3,0,0,1,95,5,40,0
1990,73,2,3,0,0,0,0,0,0,0
1990,71,1,0,0,0,1,0,0,0,1
1990,70,2,0,0,0,1,0,0,0,0
1990,30,1,0,0,0,1,159,5,60,0
1990,28,2,0,0,0,0,303,4,40,0
1990,39,1,0,0,0,0,243,3,60,1
1990,37,2,0,0,0,1,13,1,40,0
1990,74,1,0,0,0,0,0,0,0,0
1990,75,2,0,0,0,0,0,0,0,0
1990,55,1,0,0,0,1,176,5,40,0
1990,50,2,0,0,0,1,156,5,30,0
1990,56,1,0,0,0,0,479,0,60,0
1990,47,2,0,0,0,0,479,0,0,0
1990,50,1,0,0,0,1,35,0,40,0
1990,44,2,0,0,0,1,274,3,4,0
1990,74,2,3,0,0,0,0,0,0,0
1990,72,2,3,0,0,0,0,0,0,0
1990,58,1,0,0,0,1,243,3,40,0
1990,56,2,0,0,0,0,22,0,40,0
1990,27,1,0,0,0,0,453,5,40,0
1990,27,2,0,0,0,0,313,6,40,0
1990,37,1,0,0,0,0,786,1,50,0
1990,36,2,0,0,0,0,435,3,40,0
1990,54,1,0,0,0,0,855,0,50,0
1990,63,2,0,0,0,0,379,2,40,0
1990,54,1,2,0,0,1,804,1,50,0
1990,57,2,3,0,0,0,433,3,45,0
1990,43,1,0,0,0,0,804,0,40,0
1990,33,2,0,0,0,0,744,1,40,0
1990,59,1,0,2,0,0,0,0,0,0
1990,60,2,0,0,0,0,264,3,40,0
1990,37,1,0,0,0,0,779,1,40,0
1990,40,2,0,0,0,0,365,1,40,0
1990,65,1,0,0,0,0,243,3,0,0
1990,63,2,0,0,0,0,0,0,0,0
1990,52,1,0,0,0,0,549,6,42,0
1990,49,2,0,0,0,0,0,0,0,0
1990,37,1,0,0,0,1,843,5,50,0
1990,36,2,0,0,0,1,337,5,40,0
1990,35,1,0,0,0,1,475,0,40,0
1990,32,2,0,0,0,1,157,5,40,0
1990,38,1,2,1,0,0,783,5,8,0
1990,80,2,3,0,0,0,447,5,10,0
1990,45,1,1,0,0,0,486,1,25,0
1990,39,1,0,0,0,1,13,0,70,0
1990,39,2,0,0,0,0,164,5,35,0
1990,34,1,0,0,0,0,766,1,40,0
1990,33,2,0,0,0,0,436,3,7,0
1990,60,2,3,0,0,1,379,6,60,0
1990,28,1,3,0,0,0,889,3,40,0
1990,55,2,2,0,0,0,449,5,40,0
1990,52,2,3,0,0,0,453,4,0,0
1990,34,2,2,0,0,0,276,3,40,0
1990,50,1,0,0,0,1,84,5,60,1
1990,51,2,0,0,0,1,97,5,10,0
1990,23,2,1,0,0,1,189,4,50,0
1990,43,1,0,0,0,1,243,3,48,1
1990,40,2,0,0,0,1,243,3,20,0
1990,79,1,0,0,0,1,337,3,14,0
1990,75,2,0,0,0,0,0,0,0,0
1990,48,2,3,0,0,0,748,0,35,0
1990,26,2,1,0,0,0,243,3,10,0
1990,70,2,3,1,0,0,0,0,0,0
1990,65,1,0,0,0,0,22,0,40,0
1990,63,2,0,0,0,0,274,3,30,0
1990,21,1,1,0,0,0,877,3,40,0
1990,63,1,0,0,0,0,479,0,0,0
1990,43,2,0,0,0,0,407,4,0,0
1990,63,1,2,0,0,0,0,0,0,0
1990,65,1,0,0,0,0,243,3,40,0
1990,68,2,0,0,0,0,327,3,0,0
1990,47,1,2,0,0,1,799,1,30,1
1990,30,1,1,0,0,1,417,6,56,0
1990,80,1,3,0,0,0,0,0,0,0
1990,31,2,2,0,0,0,436,3,42,0
1990,56,2,0,0,0,0,453,4,20,0
1990,58,1,0,0,0,0,804,2,40,0
1990,65,1,0,0,0,0,0,0,0,0
1990,63,2,0,0,0,0,313,3,0,0
1990,49,1,0,0,0,0,21,5,40,0
1990,46,2,0,0,0,0,0,0,0,0
1990,23,1,1,0,0,1,585,0,40,0
1990,18,1,1,0,0,0,786,3,20,0
1990,47,1,0,0,0,1,717,1,45,0
1990,44,2,0,0,0,1,379,4,0,0
1990,38,1,1,0,0,1,243,3,40,0
1990,28,1,0,0,0,1,308,4,50,0
1990,31,2,0,0,0,0,313,4,40,0
1990,19,1,1,0,0,1,199,5,25,0
1990,66,1,3,0,0,0,567,0,0,0
1990,51,1,2,0,0,0,0,0,0,0
1990,68,2,3,0,0,0,0,0,0,0
1990,76,1,0,0,0,0,0,0,0,0
1990,66,2,0,0,0,0,453,5,2,0
1990,51,1,0,0,0,0,567,5,40,0
1990,46,2,0,0,0,1,313,5,40,0
1990,23,1,1,0,0,1,364,1,30,0
1990,21,1,1,0,0,1,386,3,30,0
1990,30,1,2,0,0,0,785,1,40,0
1990,35,1,0,0,0,1,176,5,52,0
1990,33,2,0,0,0,0,317,4,50,0
1990,28,1,0,0,0,0,709,1,44,0
1990,20,2,0,0,0,0,796,1,40,0
1990,55,2,2,0,0,0,466,5,80,0
1990,51,1,0,0,0,1,14,5,52,0
1990,49,2,0,0,0,1,23,5,40,0
1990,19,1,1,0,0,1,889,4,40,0
1990,77,2,3,0,0,1,0,0,0,1
1990,35,1,2,0,0,1,785,1,45,0
1990,74,2,3,0,0,0,0,0,0,0
1990,67,1,0,0,0,0,475,0,40,1
1990,64,2,0,0,0,0,0,0,0,0
1990,63,1,2,0,0,0,253,4,10,0
1990,28,1,2,0,0,0,615,1,48,0
1990,56,1,3,0,0,0,549,3,40,0
1990,28,1,1,0,0,0,828,2,70,0
1990,35,1,2,0,0,0,0,0,0,0
1990,79,1,2,0,0,0,0,0,0,0
1990,46,1,2,0,0,1,253,4,50,1
1990,23,1,0,0,0,0,688,1,40,0
1990,20,2,0,0,0,0,447,5,40,0
1990,43,2,2,0,0,1,383,4,32,0
1990,18,1,1,0,0,0,877,3,20,0
1990,23,1,0,0,0,0,453,3,40,0
1990,22,2,0,0,0,1,458,4,40,0
1990,64,1,0,0,0,0,473,0,24,0
1990,60,2,0,0,0,0,785,1,10,0
1990,61,1,3,0,0,0,0,0,0,0
1990,75,2,3,0,0,0,0,0,0,0
1990,42,1,2,0,0,0,883,1,40,0
1990,18,1,1,0,0,0,0,0,0,0
1990,67,1,0,0,0,1,243,3,40,0
1990,64,2,0,0,0,0,337,3,40,0
1990,35,1,0,0,0,1,737,1,40,0
1990,32,2,0,0,0,1,378,6,40,0
1990,74,1,0,0,0,0,243,3,40,0
1990,74,2,0,0,0,0,337,3,40,0
1990,54,1,0,0,0,0,449,2,40,1
1990,62,2,0,0,0,0,0,0,0,0
1990,22,1,0,0,0,1,686,1,40,0
1990,22,2,0,0,0,0,447,4,99,0
1990,57,1,0,0,0,1,473,0,55,0
1990,48,2,0,0,0,0,25,4,55,0
1990,23,1,1,0,0,0,514,4,44,0
1990,54,1,2,0,0,1,218,4,0,0
1990,79,1,0,0,0,0,0,0,0,0
1990,80,2,0,0,0,0,0,0,0,0
1990,56,1,0,0,0,0,0,0,0,0
1990,50,2,0,0,0,0,444,3,40,0
1990,55,2,2,0,0,0,359,2,48,0
1990,58,1,1,0,0,0,567,0,40,0
1990,29,1,0,0,0,0,706,1,40,0
1990,32,2,0,0,0,0,0,0,0,0
1990,69,1,0,0,0,0,0,0,0,0
1990,69,2,0,0,0,0,0,0,0,0
1990,68,2,3,0,0,0,0,0,0,0
1990,48,1,2,0,0,0,479,0,40,0
1990,31,1,1,0,0,0,804,2,60,0
1990,29,1,1,0,0,0,869,0,40,0
1990,38,1,0,0,0,1,475,0,99,0
1990,29,2,0,0,0,0,174,5,50,0
1990,51,2,3,3,0,0,466,5,40,0
1990,31,1,1,0,0,0,243,3,65,0
1990,73,2,3,0,0,0,453,5,0,0
1990,76,2,1,0,0,0,0,0,0,0
1990,43,2,1,0,0,0,436,5,32,0
1990,54,1,0,0,0,0,354,2,40,0
1990,55,2,0,0,0,0,303,5,40,0
1990,18,1,1,0,0,1,889,4,20,0
1990,33,1,0,0,0,1,634,1,45,0
1990,37,2,0,0,0,0,313,6,36,0
1990,74,2,3,0,0,0,0,0,0,0
1990,62,2,3,0,0,0,0,0,0,0
1990,18,2,1,0,0,0,276,3,19,0
1990,33,2,3,0,0,1,385,4,40,0
1990,75,2,0,0,0,0,22,3,18,0
1990,47,1,0,0,0,0,804,2,60,0
1990,45,2,0,0,0,1,313,4,60,0
1990,35,1,0,0,0,1,174,6,45,0
1990,34,2,0,0,0,1,0,0,0,0
1990,76,1,3,0,0,0,0,0,0,0
1990,18,2,1,0,0,1,389,5,20,0
1990,37,1,0,0,0,1,5,6,45,0
1990,37,2,0,0,0,1,26,5,20,0
1990,21,1,0,0,0,0,376,0,40,0
1990,18,2,0,0,0,1,447,5,20,0
1990,46,1,0,0,0,0,0,0,0,0
1990,41,2,0,0,0,1,256,2,40,0
1990,30,1,0,0,0,1,13,1,40,0
1990,28,2,0,0,0,1,23,3,40,0
1990,25,1,0,0,0,1,253,4,50,0
1990,25,2,0,0,0,1,95,5,40,0
1990,34,1,0,0,0,0,889,1,40,0
1990,23,2,0,0,0,1,376,3,40,0
1990,38,2,2,0,0,1,23,4,0,0
1990,20,1,1,0,0,0,0,0,0,0
1990,42,1,3,0,0,0,494,1,40,1
1990,28,1,1,0,0,0,453,4,32,0
1990,30,1,0,0,0,1,256,2,44,0
1990,28,2,0,0,0,0,466,5,0,0
1990,63,2,3,0,0,1,313,4,0,0
1990,31,1,0,0,0,0,365,1,40,0
1990,31,2,0,0,0,0,276,3,36,0
1990,24,1,0,0,0,0,859,3,42,0
1990,29,2,0,0,0,0,447,5,37,0
1990,41,1,0,0,0,0,526,0,40,0
1990,38,2,0,0,0,0,458,4,20,0
1990,19,1,1,0,0,0,637,1,20,0
1990,37,2,3,0,0,1,435,3,40,0
1990,48,1,0,0,0,0,449,4,40,0
1990,46,2,0,0,0,0,889,1,48,0
1990,36,1,0,0,0,0,745,1,48,0
1990,38,2,0,0,0,0,734,1,40,0
1990,47,1,0,0,0,0,779,1,40,0
1990,59,2,0,0,0,0,449,4,14,0
1990,18,1,1,0,0,0,436,4,30,0
1990,28,1,0,0,0,0,474,0,60,0
1990,25,2,0,0,0,0,0,0,0,0
1990,57,1,0,0,0,0,637,1,48,0
1990,55,2,0,0,0,0,0,0,0,0
1990,48,1,0,0,0,0,473,0,40,0
1990,46,2,0,0,0,1,337,5,40,0
1990,23,2,1,0,0,1,26,3,8,0
1990,21,2,1,0,0,0,276,3,40,0
1990,47,2,1,0,0,0,435,3,0,0
1990,75,2,3,0,0,0,0,0,0,0
1990,45,2,1,0,0,0,436,3,48,0
1990,53,1,0,0,0,1,156,5,40,0
1990,53,2,0,0,0,0,313,5,40,0
1990,69,1,0,0,0,0,0,0,0,0
1990,62,2,0,0,0,0,0,0,0,0
1990,30,1,0,0,0,1,804,3,47,0
1990,28,2,0,0,0,0,458,3,10,0
1990,74,2,3,0,0,0,0,0,0,0
1990,67,1,1,0,0,0,0,0,0,0
1990,78,1,0,1,0,0,0,0,0,0
1990,70,2,0,1,0,0,0,0,0,0
1990,36,1,0,0,0,0,754,1,45,0
1990,33,2,0,0,0,0,276,3,36,0
1990,25,1,0,0,0,1,156,5,50,0
1990,21,2,0,0,0,0,458,3,45,0
1990,62,1,0,0,0,1,355,2,40,0
1990,66,2,0,0,0,1,156,5,46,0
1990,41,1,0,0,0,0,804,2,55,0
1990,35,2,0,0,0,0,669,1,40,0
1990,78,1,3,0,0,0,365,3,0,0
1990,58,1,0,0,0,1,783,1,40,0
1990,47,2,0,0,0,0,277,3,75,0
1990,43,1,0,0,0,0,889,1,40,0
1990,41,2,0,0,0,0,274,3,0,0
1990,80,1,0,0,0,1,84,5,12,0
1990,78,2,0,0,0,1,0,0,0,0
1990,59,2,2,0,0,0,0,0,0,0
1990,19,2,3,0,0,0,0,0,0,0
1990,40,1,0,0,0,0,804,2,0,0
1990,33,2,0,0,0,0,276,3,32,0
1990,53,1,0,0,0,0,653,1,43,0
1990,52,2,0,0,0,0,17,3,35,0
1990,22,1,1,0,0,1,549,2,40,0
1990,58,2,3,0,0,0,449,5,40,0
1990,19,1,1,0,0,1,365,2,25,0
1990,20,2,1,0,0,0,449,4,30,0
1990,36,1,2,0,0,1,796,1,38,0
1990,70,2,3,0,0,0,0,0,0,0
1990,46,1,0,0,0,0,689,1,40,0
1990,32,2,0,0,0,0,319,5,0,0
1990,65,1,0,0,0,0,0,0,0,0
1990,65,2,0,0,0,0,0,0,0,0
1990,55,1,3,0,0,0,689,1,40,0
1990,35,2,2,0,0,0,207,5,40,0
1990,34,1,2,0,0,0,43,0,40,0
1990,62,1,0,0,0,0,579,0,40,0
1990,59,2,0,0,0,0,0,0,0,0
1990,60,1,0,0,0,1,628,3,40,0
1990,39,2,0,0,0,1,264,3,0,0
1990,26,2,1,0,0,1,424,6,40,0
1990,32,1,2,0,0,0,436,3,40,0
1990,23,1,1,0,2,0,453,6,30,0
1990,27,2,2,0,0,1,185,6,40,0
1990,64,1,0,0,0,1,529,2,0,0
1990,63,2,0,0,0,1,303,6,40,0
1990,39,2,2,0,0,1,95,5,40,0
1990,19,1,1,0,0,0,0,0,0,0
1990,32,1,0,0,0,0,783,0,84,0
1990,30,2,0,0,0,1,97,5,45,0
1990,30,1,0,0,0,1,276,3,45,0
1990,30,2,0,0,0,1,313,6,40,0
1990,35,1,0,0,0,1,259,3,40,1
1990,32,2,0,0,0,1,259,1,24,0
1990,33,1,0,0,0,1,303,6,40,0
1990,33,2,0,0,0,1,207,5,32,0
1990,20,2,1,0,0,1,276,3,32,0
1990,59,2,3,0,0,0,207,5,40,0
1990,18,1,1,0,0,0,869,0,0,0
1990,43,1,0,0,0,1,156,5,50,0
1990,42,2,0,0,0,1,25,4,40,0
1990,18,2,1,0,0,0,436,3,25,0
1990,79,2,3,0,0,0,0,0,0,0
1990,26,1,0,1,0,1,303,6,40,0
1990,24,2,0,0,0,1,313,1,30,0
1990,53,2,2,0,0,0,274,3,40,0
1990,28,2,1,0,0,1,774,4,40,0
1990,36,1,1,1,0,0,0,0,0,0
1990,50,1,0,0,0,0,844,0,45,0
1990,55,2,0,0,0,0,22,0,40,0
1990,63,1,0,1,0,1,303,6,40,0
1990,59,2,0,1,0,1,174,5,40,0
1990,71,1,3,1,0,1,0,0,0,0
1990,38,1,0,0,0,0,436,3,40,0
1990,25,2,0,0,0,0,785,1,40,0
1990,38,1,0,0,0,0,518,0,40,0
1990,38,2,0,0,0,0,203,6,40,0
1990,45,1,0,0,0,1,84,5,50,1
1990,42,2,0,0,0,1,156,5,16,0
1990,28,1,0,0,0,1,27,6,72,0
1990,32,2,0,0,0,1,5,6,40,0
1990,55,1,0,0,0,1,23,6,40,0
1990,44,2,0,0,0,0,337,6,40,0
1990,24,1,1,0,0,1,156,5,40,0
1990,43,1,3,1,0,1,364,3,40,0
1990,47,1,0,0,0,1,525,4,40,0
1990,42,2,0,0,0,1,308,6,37,0
1990,55,2,3,3,0,0,889,1,40,0
1990,26,1,2,0,0,0,683,1,46,0
1990,20,2,1,0,0,1,17,3,20,0
1990,33,2,2,0,0,0,779,1,40,0
1990,60,1,0,0,0,0,563,3,80,0
1990,57,2,0,0,0,0,21,5,40,0
1990,46,1,0,0,0,1,613,0,46,0
1990,39,2,0,0,0,0,473,0,0,0
1990,69,2,3,0,0,0,0,0,0,0
1990,72,2,3,0,0,0,0,0,0,0
1990,64,1,2,0,0,0,479,0,0,0
1990,50,1,0,0,0,0,359,0,50,0
1990,49,2,0,0,0,0,466,5,60,0
1990,55,1,0,0,0,1,253,4,40,0
1990,53,2,0,0,0,0,0,0,0,0
1990,47,1,0,0,0,1,154,5,40,0
1990,45,2,0,0,0,1,308,5,40,0
1990,18,2,1,0,0,0,276,3,0,0
1990,18,2,1,0,0,0,443,6,18,0
1990,23,1,0,0,0,0,804,3,40,0
1990,21,2,0,0,0,0,315,5,38,0
1990,27,1,1,0,0,1,757,1,60,0
1990,75,1,0,0,0,0,473,0,3,0
1990,69,2,0,0,0,0,0,0,0,0
1990,72,2,3,0,0,1,156,5,25,0
1990,47,2,0,0,0,0,628,1,50,0
1990,59,1,0,0,0,0,364,2,0,0
1990,25,1,1,0,0,0,855,0,40,0
1990,26,1,2,0,0,1,447,5,40,0
1990,79,1,0,0,0,0,0,0,0,0
1990,74,2,0,0,0,0,0,0,0,0
1990,33,2,2,0,0,0,785,1,40,0
1990,53,1,2,0,0,0,449,4,40,0
1990,43,1,0,0,0,0,359,2,40,0
1990,38,2,0,0,0,0,359,2,40,0
1990,20,2,1,0,0,1,194,5,60,0
1990,22,1,0,0,0,1,26,3,0,0
1990,21,2,0,0,0,1,154,5,0,0
1990,26,1,2,0,0,0,549,1,40,0
1990,26,2,2,0,0,0,276,3,40,0
1990,77,1,0,0,0,0,0,0,0,0
1990,71,2,0,0,0,0,0,0,0,0
1990,57,1,0,0,0,0,628,1,40,0
1990,58,2,0,0,0,0,0,0,0,0
1990,35,2,1,0,0,0,0,0,0,0
1990,33,2,1,0,0,0,0,0,0,0
1990,65,2,0,0,0,0,303,6,35,0
1990,59,1,0,0,0,0,628,1,40,0
1990,67,2,3,0,0,0,0,0,0,0
1990,30,1,0,0,0,0,473,0,45,0
1990,26,2,0,0,0,0,0,0,0,0
1990,21,1,1,1,0,0,0,0,0,0
1990,68,2,3,0,0,0,379,5,40,0
1990,60,1,0,0,0,0,35,5,40,0
1990,52,2,0,0,0,0,243,3,44,0
1990,58,2,3,0,0,0,439,3,40,0
1990,25,1,1,0,0,1,473,0,60,0
1990,22,1,1,0,0,0,364,1,40,0
1990,78,1,0,0,0,1,0,0,0,1
1990,79,2,0,0,0,1,0,0,0,0
1990,75,1,0,0,0,0,577,2,40,0
1990,66,2,0,0,0,0,21,5,15,0
1990,46,1,0,0,0,1,864,0,48,0
1990,46,2,0,0,0,0,25,4,20,0
1990,57,1,0,0,0,1,14,5,40,0
1990,55,2,0,0,0,1,313,5,40,0
1990,53,1,0,0,0,1,426,4,50,0
1990,53,2,0,0,0,1,14,5,45,0
1990,22,1,0,0,0,1,426,4,40,0
1990,21,2,0,0,0,1,383,4,40,0
1990,61,2,3,0,0,1,95,5,40,0
1990,24,1,0,0,0,1,21,5,40,0
1990,22,2,0,0,0,1,383,4,40,0
1990,29,2,2,0,0,0,436,3,40,0
1990,32,1,0,0,0,1,543,0,42,0
1990,28,2,0,0,0,1,866,1,0,0
1990,50,2,3,0,0,1,313,2,40,0
1990,30,2,0,0,0,1,95,5,24,0
1990,33,1,0,0,0,0,22,5,40,0
1990,28,1,0,0,0,1,95,5,40,0
1990,31,2,0,0,0,1,95,5,24,0
1990,68,1,0,0,0,0,176,5,40,0
1990,63,2,0,0,0,1,0,0,0,0
1990,36,1,0,0,0,1,59,5,40,0
1990,35,2,0,0,0,0,375,4,18,0
1990,27,1,0,0,0,1,243,3,40,0
1990,23,2,0,0,0,1,274,3,40,0
1990,61,1,0,0,0,0,588,0,16,0
1990,56,2,0,0,0,0,686,3,10,0
1990,78,2,1,0,0,1,0,0,0,0
1990,22,2,1,0,0,1,154,5,30,0
1990,21,2,1,0,0,1,216,1,20,0
1990,19,1,1,0,0,1,435,5,50,0
1990,20,1,1,0,0,1,259,1,40,0
1990,21,1,1,0,0,1,435,3,35,0
1990,23,1,1,0,0,0,276,3,40,0
1990,22,1,1,0,0,1,98,5,35,0
1990,24,1,1,0,0,1,277,3,40,0
1990,23,1,1,0,0,1,883,3,50,0
1990,21,1,1,0,0,1,274,3,35,0
1990,19,1,1,0,0,1,505,4,35,0
1990,20,2,1,0,0,1,456,5,30,0
1990,18,2,1,0,0,0,274,3,20,0
1990,19,2,1,0,0,1,379,4,40,0
1990,20,2,1,0,0,1,406,4,40,0
1990,21,2,1,0,0,1,274,3,38,0
1990,70,2,3,0,0,1,0,0,0,1
1990,28,1,2,0,0,1,22,0,50,0
1990,19,2,1,3,3,0,0,0,0,0
1990,67,2,2,0,0,1,14,5,40,0
1990,72,1,0,0,0,1,154,5,0,0
1990,70,2,0,0,0,1,0,0,0,0
1990,42,2,2,0,0,0,313,5,40,0
1990,50,2,3,0,0,0,313,4,40,0
1990,18,1,1,0,0,0,446,5,40,0
1990,59,1,3,0,1,1,84,5,60,1
1990,52,1,0,3,3,1,159,5,40,0
1990,52,2,0,3,3,1,308,4,0,0
1990,24,1,1,3,3,1,436,3,15,0
1990,80,2,3,0,0,0,0,0,0,0
1990,75,2,3,0,0,1,0,0,0,0
1990,46,1,2,0,0,0,274,3,0,0
1990,32,1,1,0,0,0,869,0,0,0
1990,77,2,3,0,0,1,0,0,0,0
1990,38,2,2,0,0,0,243,3,44,0
1990,25,1,0,0,0,1,243,3,50,0
1990,25,2,0,0,0,1,383,4,40,0
1990,79,2,3,0,0,0,0,0,0,0
1990,38,1,0,0,0,0,804,2,60,0
1990,41,2,0,0,0,0,449,5,0,0
1990,69,1,0,0,0,0,567,0,0,0
1990,68,2,0,0,0,0,0,0,0,0
1990,23,1,0,0,0,0,734,1,43,0
1990,33,2,0,0,0,0,275,5,33,0
1990,72,1,0,0,0,0,473,0,50,0
1990,62,2,0,0,0,1,479,0,50,0
1990,52,1,0,0,0,0,253,4,40,0
1990,52,2,0,0,0,1,458,4,20,0
1990,26,2,1,1,0,0,0,0,0,0
1990,64,1,0,0,0,0,0,0,0,0
1990,67,2,0,0,0,0,0,0,0,0
1990,27,1,0,0,0,1,558,0,50,0
1990,29,2,0,0,0,0,434,3,21,0
1990,55,1,0,0,0,0,804,2,40,1
1990,49,2,0,0,0,1,208,2,40,0
1990,20,1,1,0,0,1,785,1,40,0
1990,38,1,0,0,0,0,856,1,48,0
1990,40,2,0,0,0,0,458,4,24,0
1990,53,1,2,0,0,0,453,1,43,0
1990,65,2,1,0,0,0,0,0,0,0
1990,49,1,2,0,0,0,426,4,40,0
1990,69,2,3,0,0,0,0,0,0,0
1990,29,1,0,0,0,0,785,1,40,0
1990,33,2,0,0,0,0,505,1,40,0
1990,28,1,0,0,0,1,806,1,55,0
1990,25,2,0,0,0,1,319,4,60,0
1990,34,1,0,0,0,1,447,5,40,0
1990,35,2,0,0,0,0,447,5,40,0
1990,27,1,1,0,0,0,0,0,0,0
1990,65,2,3,0,0,0,688,1,0,0
1990,45,1,2,0,0,0,505,1,40,0
1990,80,1,0,0,0,0,463,2,30,0
1990,75,2,0,0,0,0,0,0,0,0
1990,64,1,0,0,0,0,426,4,24,0
1990,62,2,0,0,0,0,0,0,0,0
1990,48,1,0,0,0,0,365,5,40,0
1990,45,2,0,0,0,0,407,4,15,0
1990,75,1,0,0,0,0,0,0,0,0
1990,68,2,0,0,0,0,0,0,0,0
1990,73,2,3,0,0,0,469,3,15,0
1990,18,1,1,0,0,0,785,1,40,0
1990,36,1,0,0,0,1,22,0,40,0
1990,29,2,0,0,0,1,156,5,40,0
1990,79,1,3,0,0,0,0,0,0,0
1990,56,1,0,0,0,1,538,4,40,0
1990,53,2,0,0,0,0,313,3,25,0
1990,73,1,3,0,0,0,0,0,0,0
1990,32,1,2,0,0,0,628,1,45,0
1990,75,2,2,0,0,0,0,0,0,0
1990,60,1,0,0,0,0,473,0,65,0
1990,54,2,0,0,0,0,0,0,0,0
1990,46,1,0,0,0,1,577,2,41,0
1990,40,2,0,0,0,1,25,4,40,0
1990,79,1,0,0,0,0,453,5,21,0
1990,78,2,0,0,0,0,0,0,0,0
1990,76,1,0,0,0,0,473,0,24,0
1990,69,2,0,0,0,1,313,4,40,0
1990,36,1,0,0,0,0,558,0,50,0
1990,34,2,0,0,0,0,637,1,40,0
1990,62,1,3,0,0,0,263,3,0,0
1990,20,2,1,0,0,1,435,3,40,0
1990,27,1,3,0,0,0,777,1,40,0
1990,22,1,1,1,0,1,889,1,0,0
1990,19,2,1,0,0,1,276,3,12,0
1990,20,1,1,0,0,1,889,1,50,0
1990,20,1,1,0,0,1,869,0,40,0
1990,53,1,0,0,0,0,457,4,40,0
1990,53,2,0,0,0,0,5,6,40,0
1990,25,1,0,0,0,1,213,6,40,0
1990,25,2,0,0,0,0,313,5,40,0
1990,80,2,0,0,0,1,0,0,0,0
1990,67,2,2,0,0,1,0,0,0,0
1990,48,1,0,0,0,0,359,6,36,0
1990,46,2,0,0,0,0,447,5,40,0
1990,77,2,3,0,0,0,0,0,0,0
1990,65,1,0,0,0,0,473,0,40,0
1990,59,2,0,0,0,0,744,1,0,0
1990,33,1,1,0,0,0,479,0,40,0
1990,33,2,3,0,0,1,453,4,45,0
1990,30,1,0,0,0,1,785,1,40,0
1990,27,2,0,0,0,0,378,4,40,0
1990,73,1,0,0,0,0,474,0,36,0
1990,72,2,0,0,0,1,473,0,65,0
1990,34,1,1,0,0,0,365,6,40,0
1990,35,1,2,0,0,0,628,1,40,0
1990,61,1,0,0,0,1,804,2,20,0
1990,45,2,0,0,0,0,18,4,40,0
1990,23,2,1,0,0,1,164,5,40,0
1990,35,1,0,0,0,1,254,4,40,1
1990,35,2,0,0,0,1,95,5,40,0
1990,64,2,0,0,0,0,0,0,0,0
1990,76,1,0,0,0,1,0,0,0,0
1990,56,1,0,0,0,0,508,2,40,0
1990,49,2,0,3,3,0,445,5,0,0
1990,42,1,0,0,0,0,804,2,45,0
1990,42,2,0,0,0,0,337,1,40,0
1990,19,1,1,0,0,0,809,4,40,0
1990,80,1,3,0,0,0,473,0,30,0
1990,60,1,0,0,0,0,444,4,48,0
1990,60,2,0,3,0,0,276,3,35,0
1990,40,1,2,0,0,1,18,4,45,0
1990,47,1,2,0,0,0,479,0,60,0
1990,47,2,2,0,0,0,335,3,40,0
1990,31,1,0,0,0,0,889,1,40,0
1990,30,2,0,0,0,0,383,4,38,0
1990,27,2,3,0,0,0,479,0,40,0
1990,41,1,0,0,0,0,473,0,50,0
1990,40,2,0,0,0,0,779,2,40,0
1990,18,2,1,0,0,0,407,4,20,0
1990,67,1,0,0,0,1,0,0,0,0
1990,67,2,0,0,0,0,276,4,10,0
1990,42,2,1,0,0,0,0,0,0,0
1990,37,1,0,0,0,0,22,2,40,0
1990,37,2,0,0,0,1,313,5,0,0
1990,19,2,1,0,0,1,447,5,25,0
1990,36,2,1,0,0,1,33,5,40,0
1990,37,1,2,0,0,1,23,2,40,0
1990,23,2,2,0,0,1,166,3,40,0
1990,59,1,0,0,0,0,486,0,50,0
1990,60,2,0,0,0,0,445,5,40,0
1990,64,1,2,0,0,0,0,0,0,0
1990,48,1,0,0,0,0,22,0,50,1
1990,33,2,0,0,0,0,208,5,40,0
1990,75,2,3,0,0,0,447,5,32,0
1990,33,1,0,0,0,1,785,1,58,0
1990,29,2,0,0,0,1,156,5,24,0
1990,45,1,0,0,0,1,23,1,50,1
1990,44,2,0,0,0,1,183,5,20,0
1990,36,1,0,0,0,1,456,4,33,1
1990,33,2,0,0,0,1,456,4,40,0
1990,28,1,0,0,0,1,418,6,40,0
1990,30,2,0,0,0,1,338,2,40,0
1990,38,1,0,0,0,0,804,2,60,0
1990,38,2,0,0,0,1,95,5,45,0
1990,40,1,0,0,0,1,77,6,40,0
1990,45,2,0,3,3,0,0,0,0,0
1990,69,1,0,0,0,0,0,0,0,0
1990,65,2,0,0,2,0,313,6,0,0
1990,41,2,1,0,0,1,156,5,40,0
1990,31,2,3,0,0,1,385,2,0,0
1990,40,1,0,0,0,1,243,3,40,0
1990,36,2,0,0,0,0,434,4,0,0
1990,34,1,3,0,0,1,53,0,45,0
1990,26,2,0,0,0,1,18,4,40,0
1990,35,1,0,0,0,0,22,2,40,0
1990,37,1,1,0,0,1,21,5,50,1
1990,36,1,1,0,0,1,176,5,40,0
1990,27,1,0,0,0,1,176,5,40,0
1990,26,2,0,0,0,1,313,5,37,0
1990,58,1,0,0,0,0,628,2,72,0
1990,59,2,0,0,0,1,0,0,0,0
1990,46,1,0,0,0,0,364,2,40,0
1990,46,2,0,0,0,0,889,3,20,0
1990,27,2,3,0,0,0,389,5,40,0
1990,44,1,0,0,0,0,883,2,40,0
1990,38,2,0,0,0,0,888,1,40,0
1990,33,2,2,0,0,1,95,5,40,0
1990,75,1,2,0,0,0,0,0,0,0
1990,25,1,1,0,0,1,804,3,40,0
1990,65,2,3,0,0,1,21,5,0,0
1990,68,1,0,0,0,0,0,0,0,0
1990,61,2,0,0,0,0,0,0,0,0
1990,34,1,2,0,0,0,637,1,48,0
1990,30,2,0,0,0,1,319,5,40,0
1990,28,1,0,0,0,1,355,2,40,0
1990,29,2,2,0,0,1,434,4,30,0
1990,57,2,3,0,0,0,449,4,30,0
1990,38,1,2,0,1,1,253,4,42,1
1990,33,1,0,0,0,1,597,0,35,0
1990,31,2,0,0,0,1,97,5,45,0
1990,36,1,3,0,0,1,503,2,40,0
1990,72,1,0,0,0,0,909,6,0,0
1990,75,2,0,0,0,0,0,0,0,0
1990,38,2,2,0,0,1,525,2,40,0
1990,19,2,1,0,0,0,446,5,40,0
1990,19,2,1,0,0,0,777,1,40,0
1990,27,1,0,0,0,0,243,0,45,0
1990,25,2,0,0,0,1,365,3,42,0
1990,63,2,0,0,0,1,0,0,0,0
1990,20,1,1,0,0,0,684,1,40,0
1990,19,2,1,0,0,0,308,3,40,0
1990,40,1,0,0,0,1,508,2,48,0
1990,40,2,0,0,0,1,253,4,40,0
1990,50,1,0,0,0,0,515,2,40,0
1990,48,2,0,0,0,0,379,2,40,0
1990,18,2,1,0,0,0,276,3,40,0
1990,33,1,0,0,0,1,23,2,50,0
1990,30,2,0,0,0,0,36,6,40,0
1990,50,1,0,0,0,1,259,3,50,0
1990,49,2,0,0,0,1,268,3,0,0
1990,47,1,0,0,0,0,783,1,50,0
1990,45,2,0,0,0,0,0,0,0,0
1990,52,1,1,0,0,0,364,1,45,0
1990,65,2,3,0,0,0,0,0,0,0
1990,63,1,0,0,0,0,473,0,0,0
1990,52,2,0,0,0,0,97,5,0,0
1990,48,1,2,0,0,0,0,0,0,0
1990,44,2,2,0,0,0,785,1,40,0
1990,34,1,2,0,0,0,785,1,40,0
1990,30,2,3,0,0,1,276,3,40,0
1990,64,2,3,0,0,0,0,0,0,0
1990,30,1,2,0,0,0,785,1,40,0
1990,30,2,0,0,0,0,368,1,0,0
1990,76,1,0,0,0,0,0,0,0,0
1990,67,2,0,0,0,1,243,3,0,0
1990,29,2,2,0,0,1,29,3,50,0
1990,37,1,2,0,0,1,257,0,50,0
1990,18,2,1,0,0,0,276,3,20,0
1990,43,2,2,0,0,1,95,5,36,0
1990,20,1,3,3,0,0,426,4,20,0
1990,40,1,0,1,0,1,354,2,48,0
1990,34,2,0,1,0,1,156,5,16,0
1990,62,2,2,0,0,0,453,5,0,0
1990,52,1,3,0,0,0,426,1,58,0
1990,34,1,0,0,0,0,575,0,45,0
1990,34,2,0,0,0,1,7,4,40,0
1990,67,1,0,0,0,1,176,5,40,1
1990,63,2,0,0,0,1,156,5,0,0
1990,50,1,2,0,0,1,783,1,60,0
1990,22,2,3,0,0,0,449,4,37,0
1990,38,2,2,0,2,1,804,2,38,0
1990,78,2,3,0,0,0,0,0,0,0
1990,67,1,0,0,0,0,0,0,0,0
1990,58,2,0,0,0,0,0,0,0,0
1990,65,1,2,0,0,0,809,2,20,0
1990,49,2,0,0,0,1,185,2,45,0
1990,48,1,0,0,0,1,678,5,10,0
1990,36,1,0,0,0,0,883,3,45,0
1990,35,2,0,0,0,0,405,4,10,0
1990,61,1,0,0,0,0,486,4,40,0
1990,74,2,0,0,0,0,0,0,0,0
1990,33,1,2,0,0,0,585,0,36,0
1990,67,2,3,0,0,0,0,0,0,0
1990,45,2,2,0,0,0,468,5,40,0
1990,26,2,1,0,0,1,156,5,50,0
1990,32,1,0,0,2,0,418,6,40,0
1990,33,2,0,0,0,0,449,5,35,0
1990,73,2,0,0,0,0,0,0,0,0
1990,22,1,0,0,0,0,453,4,35,0
1990,23,2,0,0,0,0,379,1,0,0
1990,78,2,0,0,0,0,0,0,0,0
1990,37,1,0,0,0,0,785,1,53,0
1990,32,2,0,0,0,1,379,5,17,0
1990,30,1,0,0,0,0,505,3,60,0
1990,23,2,0,0,0,0,335,3,40,0
1990,35,1,0,0,0,1,628,1,40,0
1990,33,2,0,0,0,0,0,0,0,0
1990,43,1,0,0,0,1,473,0,50,0
1990,41,2,0,0,0,1,156,5,50,0
1990,49,1,0,0,0,0,516,3,15,0
1990,41,2,0,0,0,0,453,4,15,0
1990,28,1,2,0,0,0,779,1,40,0
1990,50,1,0,0,0,1,503,2,40,0
1990,51,2,0,0,0,0,434,3,32,0
1990,54,1,0,0,0,0,628,1,50,0
1990,52,2,0,0,0,0,599,3,0,0
1990,38,1,0,0,0,0,637,1,40,0
1990,37,2,0,0,0,0,0,0,0,0
1990,43,2,1,0,0,1,337,1,40,0
1990,69,2,2,0,0,0,0,0,0,0
1990,62,2,2,0,0,0,22,2,0,0
1990,52,1,0,0,0,0,386,2,40,0
1990,47,2,0,0,0,0,0,0,0,0
1990,29,1,0,0,0,1,543,3,40,0
1990,28,2,0,0,0,1,159,5,40,0
1990,48,1,0,0,0,0,453,4,40,0
1990,35,2,0,0,0,0,276,3,0,0
1990,30,2,3,0,0,0,22,3,40,0
1990,33,2,2,0,0,0,0,0,0,0
1990,30,2,1,0,0,1,207,5,40,0
1990,23,1,1,0,0,1,507,3,40,0
1990,47,1,2,0,0,1,526,3,40,0
1990,53,1,0,0,0,0,628,1,20,0
1990,53,2,0,0,0,0,315,4,40,0
1990,68,1,2,0,0,1,0,0,0,0
1990,41,1,0,0,0,0,533,3,60,0
1990,31,2,0,0,0,0,785,1,40,0
1990,68,1,0,0,0,1,0,0,0,0
1990,64,2,0,0,2,0,313,5,32,0
1990,69,2,2,0,0,0,313,4,40,0
1990,56,2,2,0,0,0,0,0,0,0
1990,28,2,1,0,0,1,385,4,40,0
1990,80,1,0,0,0,1,0,0,0,0
1990,79,2,0,0,0,1,0,0,0,0
1990,62,2,2,0,0,1,156,5,49,0
1990,66,1,0,0,0,1,59,1,40,0
1990,55,2,0,0,0,0,0,0,0,0
1990,54,1,2,0,0,1,824,2,40,0
1990,65,2,3,0,0,0,283,3,12,0
1990,38,1,1,0,0,1,263,3,4,0
1990,65,1,0,0,0,0,426,4,40,0
1990,62,2,0,0,0,0,889,3,20,0
1990,60,1,0,0,0,0,785,1,40,0
1990,60,2,0,0,0,0,217,1,40,0
1990,27,2,3,0,0,1,337,6,40,0
1990,45,1,0,0,0,1,154,5,40,0
1990,34,2,0,0,0,1,23,1,30,0
1990,34,1,0,0,0,0,567,0,40,0
1990,33,2,0,0,0,1,375,4,0,0
1990,67,1,0,0,0,1,243,3,18,0
1990,62,2,0,0,0,1,337,3,18,0
1990,22,1,1,0,0,1,22,1,45,0
1990,53,2,3,0,0,1,254,4,24,0
1990,48,1,2,0,0,0,567,0,40,0
1990,24,1,0,0,0,1,208,5,40,0
1990,34,2,0,0,0,1,95,5,40,0
1990,35,2,2,0,0,1,104,5,50,0
1990,59,2,2,0,0,1,26,6,0,0
1990,79,2,0,0,0,0,0,0,0,1
1990,36,2,1,0,0,1,318,2,40,0
1990,66,1,0,0,0,0,575,0,0,0
1990,62,2,0,0,0,0,0,0,0,0
1990,47,1,0,0,0,0,637,3,40,0
1990,53,2,0,0,0,0,0,0,0,0
1990,29,1,0,0,0,1,59,3,40,0
1990,23,2,0,0,0,1,64,3,40,0
1990,69,1,0,0,0,0,0,0,0,0
1990,64,2,0,0,0,0,274,3,20,0
1990,30,1,1,0,0,0,0,0,0,0
1990,48,1,0,0,0,0,804,3,40,0
1990,47,2,0,0,0,0,449,4,40,0
1990,26,1,1,0,0,0,796,1,30,0
1990,19,1,1,0,0,0,783,3,40,0
1990,71,1,0,0,0,0,593,0,32,0
1990,70,2,0,0,0,0,0,0,0,0
1990,77,1,0,0,0,0,0,0,0,0
1990,70,2,0,0,0,0,0,0,0,0
1990,25,1,0,0,0,1,274,3,40,0
1990,25,2,0,0,0,1,316,4,40,0
1990,50,2,2,0,0,1,254,4,40,1
1990,41,2,2,0,0,0,274,3,40,0
1990,38,1,0,0,0,1,243,3,50,0
1990,34,2,0,0,0,0,0,0,0,0
1990,28,1,0,0,0,0,844,2,40,0
1990,27,2,0,0,0,1,55,5,40,0
1990,33,1,0,0,0,0,804,2,40,0
1990,30,2,0,0,0,0,466,5,50,0
1990,74,2,3,0,2,0,0,0,0,0
1990,50,1,0,0,0,0,597,0,40,0
1990,43,2,0,0,0,0,379,3,47,0
1990,20,1,1,0,0,1,505,3,40,0
1990,20,1,1,0,0,1,567,0,35,0
1990,19,1,1,0,0,0,486,0,40,0
1990,39,2,2,0,0,1,308,1,40,0
1990,50,2,3,0,0,0,274,3,40,0
1990,35,2,2,0,0,1,313,4,40,0
1990,45,1,2,0,0,1,13,2,50,1
1990,37,2,2,0,0,1,22,2,40,0
1990,35,2,2,0,0,1,313,5,40,0
1990,76,2,3,0,0,0,0,0,0,0
1990,39,1,0,0,0,0,678,5,40,0
1990,32,2,0,0,0,0,744,1,40,0
1990,25,1,0,0,0,1,379,5,26,0
1990,27,2,0,0,0,1,383,4,40,0
1990,53,1,0,3,0,0,588,0,40,0
1990,53,2,0,0,0,1,5,6,40,0
1990,68,2,2,0,0,0,253,4,40,0
1990,63,1,0,0,0,1,17,4,50,1
1990,59,2,0,0,0,0,0,0,0,0
1990,35,1,0,0,0,1,579,0,0,0
1990,36,2,0,0,0,1,7,4,45,0
1990,40,2,3,1,0,1,243,3,40,0
1990,21,2,1,1,0,1,217,0,40,0
1990,41,1,0,0,0,1,14,5,41,0
1990,38,2,0,0,0,1,27,5,40,0
1990,28,1,0,0,0,1,525,3,40,0
1990,24,2,0,0,0,1,435,3,25,0
1990,60,1,0,0,0,0,514,3,70,0
1990,57,2,0,0,0,0,877,3,30,0
1990,36,1,1,0,0,0,547,6,0,0
1990,22,1,0,0,0,1,418,6,50,0
1990,21,2,0,0,0,1,339,0,40,0
1990,63,1,0,0,0,0,689,3,50,0
1990,54,2,0,0,0,0,447,5,0,0
1990,48,1,0,0,0,1,779,1,52,0
1990,46,2,0,0,0,0,276,3,24,0
1990,31,1,0,0,0,1,785,1,56,0
1990,30,2,0,0,0,1,22,5,40,0
1990,59,2,0,0,0,1,274,3,32,0
1990,71,1,0,0,0,1,0,0,0,0
1990,32,1,1,0,0,1,339,3,40,0
1990,26,1,0,1,0,0,446,5,40,0
1990,25,2,0,1,0,1,23,5,40,0
1990,39,1,2,0,0,1,426,5,40,0
1990,34,1,0,0,0,0,785,1,40,0
1990,34,2,0,0,0,0,449,4,0,0
1990,44,1,2,0,0,1,15,5,45,0
1990,31,1,0,0,0,0,503,2,40,0
1990,29,2,0,0,0,0,379,4,0,0
1990,59,1,2,0,0,0,558,0,40,0
1990,57,2,3,0,0,1,253,4,40,0
1990,24,1,1,0,0,0,866,0,40,0
1990,43,2,3,0,0,0,734,2,50,0
1990,19,1,1,0,0,0,579,0,45,0
1990,29,1,0,0,0,1,243,3,50,0
1990,30,2,0,0,0,1,22,2,45,0
1990,33,2,0,0,0,0,597,1,40,0
1990,36,1,0,0,0,1,254,4,72,0
1990,65,1,0,0,0,0,0,0,0,0
1990,67,2,0,0,0,0,0,0,0,0
1990,45,1,0,1,0,0,453,3,27,0
1990,59,2,0,1,0,0,447,5,32,0
1990,21,1,1,1,0,1,317,4,40,0
1990,39,1,1,1,0,0,0,0,0,0
1990,71,1,0,0,0,0,365,3,16,0
1990,69,2,0,0,0,0,0,0,0,0
1990,44,2,1,0,0,1,385,4,32,0
1990,52,1,0,0,0,1,783,4,47,0
1990,50,2,0,0,0,1,23,6,20,0
1990,34,2,2,1,0,1,328,4,40,0
1990,33,1,1,0,0,1,567,0,30,0
1990,40,2,0,0,0,1,308,3,36,0
1990,40,1,0,0,0,1,243,3,50,1
1990,31,1,0,0,0,0,558,0,40,0
1990,30,2,0,0,0,0,449,4,8,0
1990,51,1,2,0,0,0,579,0,50,0
1990,47,1,0,0,0,0,276,4,46,0
1990,48,2,0,0,0,0,25,4,38,0
1990,18,2,1,0,0,0,774,4,15,0
1990,48,1,0,0,0,1,243,3,50,1
1990,48,2,0,0,0,1,313,5,0,0
1990,19,2,1,0,0,1,313,4,20,0
1990,18,2,1,0,0,0,335,3,0,0
1990,27,2,1,2,0,1,313,1,40,0
1990,33,1,1,2,0,0,687,3,25,0
1990,19,2,1,0,0,0,274,3,25,0
1990,38,2,0,0,0,0,389,6,40,0
1990,33,1,0,0,0,0,453,4,40,0
1990,60,2,3,0,0,0,323,4,40,0
1990,45,1,2,0,0,0,453,1,40,0
1990,54,1,2,0,0,0,567,0,20,0
1990,76,1,3,0,0,0,0,0,0,0
1990,36,1,1,0,0,0,734,1,40,0
1990,24,1,1,1,0,0,347,4,40,0
1990,79,1,0,1,0,0,0,0,0,0
1990,67,2,0,1,0,0,0,0,0,0
1990,37,2,2,0,0,0,796,5,40,0
1990,28,1,1,0,0,0,785,1,40,0
1990,32,1,0,2,0,1,889,1,40,0
1990,30,2,0,0,0,1,426,4,40,0
1990,33,2,3,1,0,0,469,3,0,0
1990,29,1,0,0,0,1,883,2,40,0
1990,30,2,0,2,0,1,95,5,32,0
1990,40,2,0,2,0,0,29,3,0,0
1990,35,1,0,2,0,0,785,1,40,0
1990,19,2,1,2,1,0,507,0,25,0
1990,18,1,3,0,1,0,276,3,16,0
1990,30,2,3,0,0,0,683,1,40,0
1990,51,2,2,1,0,0,449,5,40,0
1990,24,1,1,1,0,0,453,5,40,0
1990,63,2,3,0,0,0,0,0,0,0
1990,27,1,1,0,0,0,259,3,40,0
1990,65,1,0,1,0,0,748,4,40,0
1990,73,2,0,1,0,0,0,0,0,0
1990,74,1,0,1,0,0,0,0,0,0
1990,68,2,0,1,0,1,0,0,0,0
1990,52,2,1,1,0,1,407,4,65,0
1990,69,2,3,0,0,0,207,5,8,0
1990,27,1,2,0,0,1,84,5,85,0
1990,36,2,1,1,0,1,22,5,82,0
1990,33,2,3,1,0,0,17,4,0,0
1990,30,2,1,1,0,0,449,4,40,0
1990,47,1,0,1,0,1,526,3,40,0
1990,47,2,0,1,0,0,0,0,0,0
1990,25,2,3,1,0,0,436,3,0,0
1990,53,1,0,1,0,0,783,4,60,1
1990,53,2,0,1,0,0,0,0,0,0
1990,65,2,1,0,0,0,274,3,25,0
1990,57,2,2,1,0,1,203,5,40,0
1990,76,2,2,1,0,0,407,4,40,0
1990,31,2,2,1,0,1,385,4,40,0
1990,80,2,3,0,0,0,0,0,0,0
1990,46,1,1,0,0,0,0,0,0,0
1990,72,2,2,0,0,0,277,3,41,0
1990,61,1,2,0,0,1,804,4,0,0
1990,36,1,1,0,0,1,256,2,40,0
1990,34,1,1,0,0,0,434,3,35,0
1990,68,1,3,0,0,1,259,1,40,0
1990,33,2,1,0,0,1,7,1,40,0
1990,61,1,2,0,0,1,23,1,40,0
1990,28,2,1,0,0,1,178,5,40,0
1990,22,1,1,3,3,1,435,3,15,0
1990,38,2,1,1,0,0,303,2,40,0
1990,37,1,2,1,0,0,208,5,26,0
1990,68,1,0,1,0,0,869,0,0,0
1990,68,2,0,1,0,1,447,5,12,0
1990,55,2,3,1,0,0,0,0,0,0
1990,30,2,3,1,0,1,426,6,40,0
1990,30,1,1,1,0,0,875,6,24,0
1990,44,1,0,1,0,0,866,0,40,0
1990,44,2,0,1,0,0,466,5,40,0
1990,18,1,1,1,0,0,356,4,16,0
1990,72,1,0,0,0,0,783,1,0,0
1990,61,2,0,0,0,0,0,0,0,0
1990,40,1,0,0,0,1,178,5,55,0
1990,39,2,0,0,0,1,469,4,15,0
1990,40,1,0,0,0,1,22,2,50,1
1990,31,2,0,0,0,1,167,5,30,0
1990,78,2,3,0,0,1,0,0,0,0
1990,38,1,2,0,0,1,188,4,45,0
1990,45,2,1,1,0,1,777,4,40,0
1990,71,2,3,1,0,1,407,4,0,0
1990,33,1,3,1,0,1,343,5,25,0
1990,40,2,3,1,0,1,36,6,48,0
1990,35,1,1,1,0,0,316,5,40,0
1990,23,2,1,1,0,0,444,3,0,0
1990,24,2,1,0,0,1,23,4,50,0
1990,69,2,3,0,0,1,156,5,0,0
1990,39,1,0,0,0,1,243,3,40,0
1990,38,2,0,0,0,0,185,3,48,0
1990,70,1,0,0,0,0,0,0,0,0
1990,66,2,0,0,0,0,0,0,0,0
1990,67,2,2,1,0,1,447,5,0,0
1990,33,2,3,1,0,0,779,1,40,0
1990,48,1,2,1,0,1,85,5,40,1
1990,44,1,0,0,0,1,734,1,40,0
1990,43,2,0,0,0,1,23,6,40,0
1990,20,2,1,0,0,0,435,3,60,0
1990,35,1,2,0,0,1,96,3,60,1
1990,38,1,1,0,0,1,243,1,40,0
1990,44,2,3,0,0,1,159,5,40,0
1990,69,1,0,0,0,1,0,0,0,0
1990,67,2,0,0,0,0,0,0,0,0
1990,22,2,1,0,0,1,313,1,40,0
1990,38,1,0,0,0,0,804,2,40,0
1990,28,2,0,0,0,0,335,4,0,0
1990,69,1,0,0,0,0,0,0,0,0
1990,69,2,0,0,0,0,0,0,0,0
1990,58,1,2,1,1,1,274,5,0,0
1990,34,2,2,1,0,1,156,5,40,0
1990,25,1,1,0,0,0,585,0,40,0
1990,37,2,2,0,0,0,235,1,40,0
1990,77,1,3,0,0,0,0,0,0,0
1990,49,2,1,0,0,1,363,5,50,0
1990,56,1,0,0,0,1,85,5,28,0
1990,47,2,0,0,2,1,155,5,40,0
1990,23,2,1,0,0,1,445,5,40,0
1990,22,1,1,0,0,1,379,4,40,0
1990,21,1,1,0,0,1,274,3,16,0
1990,39,1,0,0,0,1,889,1,50,0
1990,35,2,0,0,0,0,447,5,40,0
1990,43,1,0,0,0,1,567,0,39,0
1990,42,2,0,0,0,1,22,3,40,0
1990,44,1,3,3,0,0,453,4,40,0
1990,40,1,0,0,0,1,53,5,48,0
1990,41,2,0,0,0,1,337,5,11,0
1990,50,2,1,1,0,0,889,3,45,0
1990,18,1,1,1,0,0,443,3,24,0
1990,32,2,3,1,0,0,0,0,0,0
1990,56,1,0,1,0,0,869,0,40,0
1990,56,2,0,1,0,1,95,5,40,0
1990,46,2,2,1,0,1,174,5,40,0
1990,44,1,2,1,0,1,174,6,40,0
1990,41,2,3,1,0,1,95,4,40,0
1990,59,2,3,1,0,0,447,5,40,0
1990,32,2,1,1,0,1,354,2,0,0
1990,41,1,1,1,0,0,909,6,0,0
1990,31,1,1,1,0,0,203,5,40,0
1990,35,1,1,1,0,1,156,5,30,0
1990,67,2,2,1,0,1,0,0,0,0
1990,19,2,1,1,0,0,0,0,0,0
1990,57,1,0,0,0,1,243,3,50,1
1990,52,2,0,0,0,1,313,5,15,0
1990,69,1,0,0,0,0,804,4,36,0
1990,64,2,0,0,0,1,243,4,60,0
1990,59,2,3,1,0,0,243,3,0,0
1990,30,2,1,1,0,1,243,3,40,0
1990,29,2,1,1,0,0,877,3,40,0
1990,37,1,1,0,0,0,888,5,32,0
1990,79,2,3,0,0,1,337,5,26,0
1990,26,1,3,0,0,1,235,4,40,0
1990,27,1,0,0,0,0,869,1,40,0
1990,19,2,0,0,0,0,378,2,40,0
1990,32,1,0,0,0,1,308,1,40,0
1990,32,2,0,0,0,1,376,1,40,0
1990,46,1,0,1,0,1,637,2,40,0
1990,50,2,0,1,0,1,7,4,40,0
1990,38,1,0,1,0,1,804,5,40,0
1990,35,2,0,1,0,0,313,1,40,0
1990,39,1,0,0,0,1,176,5,50,0
1990,36,2,0,0,0,1,37,5,20,0
1990,29,1,1,0,0,1,259,1,50,0
1990,25,2,1,0,0,1,156,5,40,0
1990,41,2,1,1,0,1,308,2,40,0
1990,35,2,3,1,0,1,243,4,50,0
1990,58,1,2,1,0,0,756,1,40,0
1990,63,1,0,0,0,0,243,3,40,0
1990,63,2,0,0,0,0,389,6,14,0
1990,21,1,1,0,0,1,779,4,30,0
1990,38,2,2,1,0,1,14,5,55,0
1990,27,1,1,1,0,1,756,1,40,0
1990,19,1,1,0,0,1,889,5,42,0
1990,21,1,1,0,0,0,229,4,30,0
1990,47,1,0,0,0,1,595,0,50,1
1990,45,2,0,0,0,1,185,3,50,0
1990,18,1,1,0,0,0,443,3,20,0
1990,62,1,0,0,0,0,769,1,40,0
1990,61,2,0,0,0,0,0,0,0,0
1990,35,1,0,0,0,1,57,1,50,0
1990,31,2,0,0,0,0,666,3,40,0
1990,62,1,0,0,0,1,21,5,0,0
1990,57,2,0,0,0,1,313,5,35,0
1990,31,1,2,0,0,0,453,4,42,0
1990,67,1,0,0,0,0,253,4,6,0
1990,67,2,0,0,0,0,0,0,0,0
1990,25,1,0,0,0,1,56,5,40,0
1990,28,2,0,0,0,1,379,5,40,0
1990,69,2,2,0,0,0,0,0,0,0
1990,59,1,2,0,0,0,453,5,0,0
1990,33,1,1,0,0,1,17,3,40,0
1990,66,1,3,0,0,0,22,0,50,1
1990,49,1,0,0,0,1,254,4,45,1
1990,46,2,0,0,0,1,313,4,20,0
1990,22,1,1,0,0,1,265,3,30,0
1990,50,1,0,0,0,1,84,5,50,1
1990,51,2,0,0,0,1,0,0,0,0
1990,22,1,1,0,0,1,243,3,20,0
1990,74,1,0,0,0,0,259,1,40,0
1990,67,2,0,0,2,0,0,0,0,0
1990,45,1,0,0,0,1,185,4,60,0
1990,39,2,0,0,0,1,156,5,40,0
1990,65,1,0,0,0,0,22,1,40,1
1990,65,2,0,0,0,1,0,0,0,0
1990,39,1,2,0,0,1,259,1,40,0
1990,18,2,1,0,0,0,436,5,15,0
1990,37,1,1,0,0,1,22,5,50,1
1990,61,1,0,0,0,1,22,4,40,1
1990,53,2,0,0,0,1,255,4,40,0
1990,48,1,0,0,0,1,259,1,40,1
1990,44,2,0,0,0,1,0,0,0,0
1990,29,1,0,0,2,1,84,5,84,0
1990,29,2,0,0,0,1,84,5,40,0
1990,75,1,0,0,0,1,259,3,30,1
1990,73,2,0,0,0,1,0,0,0,0
1990,22,1,1,0,0,1,453,5,30,0
1990,23,1,1,0,0,1,43,5,45,0
1990,23,2,1,0,0,1,243,3,30,0
1990,28,1,1,0,0,1,178,5,50,0
1990,64,2,2,1,0,1,156,5,30,0
1990,27,1,0,0,0,0,585,0,40,0
1990,26,2,0,0,0,0,188,1,40,0
1990,65,2,0,0,0,0,319,5,14,0
1990,64,1,0,0,0,1,274,3,20,0
1990,43,2,2,0,0,1,268,3,30,0
1990,19,1,1,0,0,0,869,0,40,0
1990,40,1,0,0,0,1,253,4,40,1
1990,34,2,0,0,0,1,0,0,0,0
1990,68,1,0,0,0,1,23,5,32,1
1990,65,2,0,0,0,0,0,0,0,0
1990,42,2,0,0,0,1,0,0,0,0
1990,44,1,0,0,0,1,259,3,40,1
1990,56,1,0,0,0,1,22,5,50,1
1990,55,2,0,0,0,1,0,0,0,0
1990,26,1,0,0,0,1,257,0,55,0
1990,24,2,0,0,0,1,144,5,40,0
1990,73,2,3,0,0,0,0,0,0,0
1990,47,1,0,0,0,1,22,1,50,1
1990,48,2,0,0,2,1,0,0,0,0
1990,20,1,1,0,0,1,234,1,40,0
1990,70,1,0,0,0,1,0,0,0,0
1990,66,2,0,0,0,1,0,0,0,0
1990,32,2,1,0,0,1,579,0,40,0
1990,45,1,0,0,0,1,22,0,55,1
1990,45,2,0,0,0,0,314,4,24,0
1990,68,2,3,1,0,0,0,0,0,0
1990,32,2,1,1,0,1,308,6,40,0
1990,20,2,1,1,0,0,435,3,0,0
1990,60,1,0,0,0,0,338,5,40,0
1990,54,2,0,0,0,0,274,3,32,0
1990,41,2,2,0,0,1,319,2,0,0
1990,20,2,1,0,0,1,17,3,40,0
1990,58,1,0,1,0,1,65,6,50,1
1990,41,2,0,1,0,1,25,1,50,0
1990,37,2,2,0,0,0,645,1,40,0
1990,38,2,1,0,0,1,64,4,40,0
1990,66,1,3,0,0,0,503,4,0,0
1990,65,1,3,0,0,0,599,0,24,0
1990,23,1,1,0,0,0,599,0,40,0
1990,78,2,3,0,0,0,0,0,0,0
1990,43,2,3,1,0,1,466,5,35,0
1990,26,1,1,1,0,1,888,3,40,0
1990,64,2,0,0,2,0,337,5,18,0
1990,27,1,1,0,0,0,585,0,40,1
1990,36,1,0,0,0,1,355,2,32,0
1990,36,2,0,0,0,1,889,1,40,0
1990,52,1,0,3,3,1,354,2,40,0
1990,54,2,0,3,3,1,447,5,38,0
1990,23,2,1,3,0,1,95,5,12,0
1990,31,1,0,0,0,1,57,1,54,0
1990,25,2,0,0,0,1,155,5,0,0
1990,69,2,3,0,0,0,0,0,0,0
1990,26,2,1,1,0,0,227,6,40,0
1990,36,1,0,0,0,0,0,0,0,0
1990,33,2,0,0,0,0,785,1,0,0
1990,41,1,2,0,0,0,456,2,40,0
1990,31,1,0,0,0,1,55,1,48,1
1990,30,2,0,0,0,1,208,5,10,0
1990,35,1,0,0,0,1,21,5,55,0
1990,34,2,0,0,0,1,23,4,10,0
1990,24,1,0,0,0,1,883,1,40,0
1990,23,2,0,0,0,1,235,5,40,0
1990,35,1,0,0,0,1,224,1,40,0
1990,36,2,0,0,0,0,363,1,40,0
1990,47,1,0,1,0,1,363,1,40,0
1990,52,2,0,1,0,0,386,4,40,0
1990,34,1,0,0,0,0,637,1,40,1
1990,32,2,0,0,0,1,276,3,20,0
1990,33,1,1,1,0,1,354,2,50,0
1990,32,1,0,0,3,1,17,3,40,0
1990,29,2,0,0,0,1,436,3,40,0
1990,79,2,3,0,0,0,0,0,0,0
1990,61,2,2,0,0,0,785,1,40,0
1990,62,1,2,0,0,0,766,1,40,0
1990,31,2,1,0,0,1,435,4,0,0
1990,19,2,1,0,0,0,0,0,0,0
1990,69,1,0,0,0,0,544,1,30,0
1990,64,2,0,0,0,0,444,5,0,0
1990,29,2,1,0,0,1,356,3,40,0
1990,64,2,3,0,0,0,0,0,0,0
1990,55,1,0,0,0,0,243,3,46,0
1990,58,2,0,0,0,1,337,3,40,0
1990,26,2,3,0,0,0,466,5,40,0
1990,73,2,3,0,0,0,0,0,0,0
1990,52,1,0,0,0,1,653,1,40,0
1990,51,2,0,0,0,0,653,1,40,0
1990,19,2,1,0,0,1,443,3,25,0
1990,80,2,3,0,0,0,436,5,5,0
1990,38,1,0,0,0,1,575,0,38,0
1990,36,2,0,0,0,0,439,3,15,0
1990,35,1,0,0,0,0,73,1,40,0
1990,35,2,0,0,0,1,274,3,40,0
1990,28,1,0,0,0,0,593,1,40,1
1990,25,2,0,0,0,1,95,4,24,0
1990,58,1,0,0,0,1,243,3,60,0
1990,53,2,0,0,0,1,379,1,40,0
1990,25,1,1,0,0,1,276,4,25,0
1990,22,2,1,0,0,1,76,5,40,0
1990,27,2,1,0,0,1,386,6,55,0
1990,23,1,1,0,0,1,213,5,40,0
1990,21,1,1,0,0,0,575,1,68,0
1990,45,1,2,1,0,1,883,1,40,0
1990,37,1,2,0,0,1,22,4,60,0
1990,55,1,3,0,0,0,0,0,0,0
1990,40,1,1,1,0,1,156,5,40,0
1990,80,2,2,1,0,0,0,0,0,0
1990,38,2,2,1,0,0,37,4,40,0
1990,20,2,1,3,0,1,276,5,15,0
1990,19,1,1,1,0,0,436,3,0,0
1990,46,1,2,1,0,1,597,0,33,0
1990,61,2,2,1,0,1,453,5,40,0
1990,37,1,1,1,0,1,889,3,32,0
1990,65,2,3,0,2,0,0,0,0,0
1990,78,2,0,0,0,0,0,0,0,0
1990,32,1,0,0,0,0,505,4,50,0
1990,31,2,0,0,0,1,777,1,40,0
1990,28,1,0,1,0,0,474,0,40,0
1990,25,2,0,1,0,1,385,3,40,0
1990,46,1,0,1,0,1,558,2,40,0
1990,39,2,0,1,0,1,14,5,40,0
1990,34,2,1,1,0,0,486,4,38,0
1990,66,2,3,0,0,0,0,0,0,0
1990,52,1,2,0,0,1,23,5,40,0
1990,31,1,1,0,0,1,64,4,50,0
1990,47,1,0,0,0,0,634,1,40,1
1990,45,2,0,0,0,1,439,3,28,0
1990,19,2,1,0,0,1,383,4,28,0
1990,47,2,3,0,0,1,22,1,40,0
1990,42,1,0,0,0,0,505,4,0,0
1990,34,2,0,0,0,1,364,3,32,0
1990,36,1,0,0,0,1,256,2,50,1
1990,35,2,0,0,0,1,487,0,0,0
1990,32,1,0,0,0,1,22,5,45,0
1990,30,2,0,0,0,1,274,3,10,0
1990,40,2,1,0,0,1,64,4,45,0
1990,33,1,0,0,0,1,257,5,40,1
1990,30,2,0,0,0,1,22,3,40,0
1990,39,2,3,0,0,1,17,3,80,0
1990,42,1,2,0,0,1,156,5,55,0
1990,79,2,3,0,0,0,0,0,0,0
1990,77,1,0,0,0,1,0,0,0,0
1990,73,2,0,0,0,1,0,0,0,0
1990,38,1,0,0,0,1,22,5,50,0
1990,46,2,0,0,0,1,313,5,0,0
1990,40,2,2,0,0,1,96,3,50,1
1990,18,2,1,0,0,0,435,3,20,0
1990,61,1,0,0,0,1,118,5,40,0
1990,51,2,0,0,0,1,628,1,40,0
1990,39,1,0,0,0,0,567,5,40,0
1990,37,2,0,0,0,0,313,5,20,0
1990,79,2,3,0,0,1,0,0,0,0
1990,75,2,3,0,0,0,0,0,0,0
1990,74,1,0,0,0,1,0,0,0,0
1990,70,2,0,0,0,1,0,0,0,0
1990,22,2,1,1,0,1,23,4,25,0
1990,40,1,1,0,0,1,64,4,50,0
1990,71,1,0,0,0,0,637,3,8,0
1990,67,2,0,0,0,0,376,3,35,0
1990,36,1,0,0,0,1,157,5,40,0
1990,37,2,0,0,0,1,274,3,20,0
1990,21,2,2,0,0,0,274,3,36,0
1990,56,1,0,0,0,0,453,1,40,1
1990,53,2,0,0,0,0,0,0,0,0
1990,28,2,0,0,0,0,319,1,16,0
1990,30,1,0,0,0,0,883,2,45,0
1990,49,2,2,0,0,1,229,6,40,0
1990,61,2,3,0,0,0,435,3,37,0
1990,59,2,2,0,0,0,254,4,40,0
1990,66,2,3,0,0,1,0,0,0,0
1990,58,1,0,0,0,0,577,2,44,1
1990,63,2,0,0,0,1,95,5,40,0
1990,33,2,2,0,0,0,276,3,33,0
1990,62,1,0,0,0,0,0,0,0,0
1990,70,2,0,0,0,0,0,0,0,0
1990,65,1,0,0,0,0,804,2,30,0
1990,63,2,0,0,0,0,0,0,0,0
1990,50,1,0,0,0,0,804,2,34,0
1990,43,2,0,0,0,0,383,4,40,0
1990,46,1,0,0,0,0,844,0,20,0
1990,46,2,0,0,0,0,808,2,99,0
1990,50,1,0,0,0,0,243,3,62,0
1990,37,2,0,0,0,0,335,2,40,0
1990,18,1,1,0,0,0,438,3,20,0
1990,39,1,0,0,0,1,7,2,45,1
1990,34,2,0,0,0,1,0,0,0,0
1990,48,1,0,0,0,1,73,6,40,0
1990,51,2,0,0,0,1,95,5,40,0
1990,20,1,1,0,0,0,427,5,40,0
1990,42,1,0,0,0,1,355,2,70,1
1990,41,2,0,0,0,1,278,3,30,0
1990,20,1,1,0,0,0,486,0,50,0
1990,19,1,1,0,0,0,904,6,40,0
1990,32,2,1,0,0,1,15,5,40,0
1990,25,1,1,0,0,1,78,5,25,0
1990,56,1,0,0,0,1,15,5,50,1
1990,52,2,0,0,0,0,276,3,24,0
1990,27,2,1,3,0,1,96,3,15,0
1990,24,1,0,0,0,1,783,2,50,0
1990,25,2,0,0,0,1,313,2,40,0
1990,59,1,0,0,0,1,22,1,40,1
1990,45,2,0,0,0,1,628,1,40,0
1990,42,1,0,0,0,0,694,2,40,0
1990,39,2,0,0,0,0,243,3,40,0
1990,32,2,2,0,0,0,259,1,40,0
1990,37,1,1,0,0,1,795,1,40,0
1990,47,2,2,0,0,1,22,3,40,0
1990,77,2,3,0,0,0,0,0,0,0
1990,28,1,0,0,0,1,355,2,48,0
1990,26,2,0,0,0,1,447,5,24,0
1990,64,2,3,0,0,0,0,0,0,0
1990,61,2,0,0,0,0,0,0,0,0
1990,65,1,0,0,2,1,0,0,0,0
1990,37,1,2,0,0,1,804,2,35,0
1990,50,2,2,0,0,1,164,5,40,0
1990,26,1,1,0,0,1,199,5,30,0
1990,78,1,3,0,0,1,0,0,0,0
1990,30,2,1,0,0,1,214,1,40,0
1990,43,1,3,0,0,1,22,1,50,0
1990,72,1,0,0,0,1,22,3,50,0
1990,68,2,0,0,0,0,389,6,60,0
1990,67,1,0,0,0,0,22,0,32,0
1990,65,2,0,0,0,0,0,0,0,0
1990,26,1,0,0,0,1,243,1,40,0
1990,27,2,0,0,0,1,313,5,8,0
1990,77,1,0,0,0,0,0,0,0,0
1990,74,2,0,0,0,0,0,0,0,0
1990,39,1,1,0,0,1,177,5,70,0
1990,67,1,1,0,0,1,177,5,40,0
1990,39,1,1,0,0,1,177,5,40,0
1990,68,1,1,0,0,1,177,5,30,0
1990,45,1,1,0,0,1,177,5,60,0
1990,33,1,0,0,0,0,785,0,40,0
1990,32,2,0,0,0,1,156,5,20,0
1990,40,1,0,0,0,1,26,6,40,0
1990,37,2,0,0,0,1,95,5,36,0
1990,55,1,0,0,0,0,22,0,40,1
1990,52,2,0,0,0,1,379,4,15,0
1990,21,1,1,0,0,1,567,0,40,0
1990,53,1,0,0,0,1,22,1,60,1
1990,53,2,0,0,0,0,0,0,0,0
1990,27,1,1,0,0,0,637,1,40,1
1990,27,1,0,0,0,0,567,0,40,0
1990,23,2,0,0,0,0,315,2,40,0
1990,47,1,0,0,0,1,243,3,50,1
1990,38,2,0,0,0,1,159,5,2,0
1990,56,1,0,0,0,0,457,4,40,0
1990,55,2,0,0,0,0,389,2,40,0
1990,24,2,1,0,0,0,376,2,40,0
1990,21,2,1,0,0,0,364,2,40,0
1990,19,2,1,0,0,1,276,3,25,0
1990,37,2,2,3,0,0,447,5,0,0
1990,42,2,3,0,0,0,458,4,20,0
1990,40,1,0,0,0,1,5,6,40,0
1990,38,2,0,0,0,1,64,4,40,0
1990,25,1,0,0,0,1,747,4,32,0
1990,24,2,0,0,1,1,243,3,15,0
1990,42,1,0,1,0,1,7,2,45,1
1990,40,2,0,1,0,1,274,3,36,0
1990,62,1,3,0,0,0,869,0,0,0
1990,24,1,1,0,0,1,256,4,50,0
1990,39,1,0,0,0,1,263,3,48,0
1990,32,2,0,0,0,1,156,5,16,0
1990,36,1,0,0,0,1,259,1,50,0
1990,34,2,0,0,0,1,466,5,6,0
1990,43,1,0,0,0,0,804,2,45,0
1990,42,2,0,0,0,0,276,3,40,0
1990,32,1,0,0,0,1,243,3,55,0
1990,30,2,0,0,0,1,357,2,16,0
1990,55,1,0,0,0,0,567,0,36,0
1990,56,2,0,0,0,0,336,5,25,0
1990,43,1,0,0,0,0,368,3,40,0
1990,43,2,0,0,0,1,436,5,32,0
1990,40,1,0,0,0,1,22,2,60,1
1990,38,2,0,0,0,1,22,5,40,0
1990,68,1,0,0,0,1,343,1,40,0
1990,63,2,0,0,0,1,436,5,30,0
1990,42,1,0,0,0,1,22,3,70,1
1990,41,2,0,0,0,1,259,3,40,0
1990,18,1,1,0,0,0,453,1,38,0
1990,65,1,0,0,0,1,865,2,40,0
1990,67,2,0,0,0,0,469,3,0,0
1990,34,2,2,0,0,1,185,3,40,0
1990,78,1,0,0,0,0,0,0,0,0
1990,77,2,0,0,0,0,0,0,0,0
1990,63,2,2,0,0,1,29,3,40,0
1990,40,1,1,0,0,0,785,1,44,1
1990,58,2,2,0,0,0,22,0,43,0
1990,34,1,0,0,0,1,263,3,55,0
1990,33,2,0,0,0,1,29,3,40,0
1990,69,1,0,0,0,1,27,2,40,0
1990,63,2,0,0,0,0,0,0,0,0
1990,40,1,2,0,0,1,435,3,0,0
1990,48,1,0,0,2,1,22,4,60,1
1990,41,2,0,0,0,1,22,4,55,1
1990,44,1,0,0,0,1,13,2,50,1
1990,40,2,0,0,0,1,8,2,50,1
1990,30,2,0,0,0,1,0,0,0,0
1990,33,1,0,0,0,1,18,4,45,1
1990,47,1,0,0,0,1,178,5,50,0
1990,39,2,0,0,0,1,313,5,16,0
1990,23,1,1,0,0,1,274,3,40,0
1990,25,1,1,0,0,1,243,3,72,1
1990,24,2,1,0,0,0,22,4,37,0
1990,30,1,0,0,0,1,235,1,45,0
1990,29,2,0,0,0,1,235,4,43,0
1990,44,1,2,0,0,1,23,1,64,1
1990,62,2,3,0,0,1,365,1,0,0
1990,33,1,0,0,0,0,22,2,60,0
1990,31,2,0,0,0,0,458,4,32,0
1990,72,2,3,0,0,0,0,0,0,0
1990,24,1,1,0,0,1,57,1,40,0
1990,25,2,1,0,0,1,104,5,40,0
1990,25,2,1,0,0,1,188,3,25,0
1990,30,1,2,0,0,1,549,4,38,0
1990,42,1,1,0,0,1,22,1,50,1
1990,42,1,0,0,0,1,243,4,40,1
1990,41,2,0,0,0,1,156,5,40,0
1990,42,1,2,2,0,1,229,2,40,0
1990,34,2,2,0,2,1,229,1,40,0
1990,30,1,0,0,0,1,869,0,42,0
1990,32,2,0,0,0,0,328,4,40,0
1990,59,1,0,0,2,0,585,0,40,0
1990,55,2,0,0,2,0,0,0,0,0
1990,48,1,0,0,0,1,877,3,44,0
1990,43,2,0,0,0,1,95,5,45,0
1990,50,1,0,0,0,0,264,3,40,0
1990,44,2,0,0,0,1,23,3,40,0
1990,38,1,0,0,0,1,73,1,45,1
1990,35,2,0,0,0,1,229,1,40,0
1990,29,1,0,0,0,1,44,1,45,0
1990,28,2,0,0,0,1,44,1,45,0
1990,47,1,0,0,0,1,22,4,50,1
1990,41,2,0,0,0,1,22,4,50,1
1990,56,1,0,0,0,1,255,4,0,0
1990,46,2,0,0,0,0,0,0,0,0
1990,23,1,1,0,0,1,486,0,25,0
1990,20,2,1,0,0,1,379,5,20,0
1990,56,1,0,0,0,0,365,1,55,0
1990,54,2,0,0,0,0,0,0,0,0
1990,28,2,1,0,0,0,335,1,12,0
1990,26,1,1,0,0,0,888,5,35,0
1990,24,2,1,0,0,1,365,3,40,0
1990,43,1,0,0,0,1,22,0,55,1
1990,39,2,0,0,0,1,0,0,0,0
1990,48,2,1,0,0,1,205,5,40,0
1990,68,1,0,0,0,0,0,0,0,0
1990,67,2,0,0,0,0,0,0,0,0
1990,61,1,0,0,0,1,558,0,40,1
1990,52,2,0,0,0,1,363,5,40,0
1990,34,1,0,0,3,1,22,1,30,0
1990,30,2,0,0,3,1,229,4,45,0
1990,25,1,0,0,0,1,22,4,45,0
1990,26,2,0,0,0,1,243,3,50,0
1990,56,2,3,1,0,0,0,0,0,0
1990,23,2,1,1,0,0,447,5,40,0
1990,29,1,1,1,0,1,436,3,35,0
1990,24,2,1,0,0,1,27,3,8,0
1990,23,2,1,0,0,1,96,3,30,0
1990,23,1,1,0,0,1,154,5,5,0
1990,23,2,1,0,0,1,26,4,50,0
1990,48,2,2,1,0,1,315,6,40,0
1990,68,1,0,1,0,0,0,0,0,0
1990,67,2,0,1,0,0,804,5,0,0
1990,28,2,1,1,0,1,0,0,0,0
1990,61,1,3,1,0,0,25,6,40,1
1990,61,1,3,1,0,1,14,5,80,0
1990,80,1,3,1,0,0,0,0,0,0
1990,53,1,3,1,0,0,22,1,40,0
1990,52,2,3,0,0,1,7,4,20,0
1990,29,2,1,0,0,1,268,3,20,0
1990,21,1,1,0,0,0,717,5,40,0
1990,24,1,1,0,0,1,888,1,20,0
1990,29,2,1,1,0,0,0,0,0,0
1990,75,2,0,1,0,0,0,0,0,0
1990,30,2,3,1,0,0,435,4,0,0
1990,31,1,1,1,0,1,418,6,40,0
1990,27,2,2,0,0,1,508,4,40,0
1990,29,1,1,0,0,0,0,0,0,0
1990,76,2,3,0,0,0,0,0,0,0
1990,41,2,1,0,0,0,449,4,25,0
1990,56,1,3,0,0,1,308,2,40,0
1990,18,2,1,0,0,0,274,5,30,0
1990,18,2,1,0,0,0,135,5,8,0
1990,18,2,1,0,0,1,383,4,15,0
1990,55,2,3,1,0,0,748,3,40,0
1990,45,1,1,0,0,1,157,5,30,0
1990,30,1,1,0,0,0,453,4,30,0
1990,58,1,0,0,0,0,747,1,40,0
1990,53,2,0,0,0,0,779,1,0,0
1990,27,1,0,1,0,1,448,4,40,0
1990,27,2,0,1,0,0,447,4,35,0
1990,38,1,0,0,0,1,389,3,48,0
1990,39,2,0,0,0,1,363,3,40,0
1990,23,2,1,1,0,1,25,4,55,0
1990,32,2,1,1,0,1,17,3,45,0
1990,67,1,3,1,0,0,869,0,0,0
1990,25,1,1,1,0,0,877,3,20,0
1990,33,1,0,1,0,1,229,6,40,0
1990,29,2,0,1,0,0,375,4,40,0
1990,31,1,1,1,0,0,447,5,40,0
1990,74,1,3,1,0,0,0,0,0,0
1990,72,2,2,1,0,0,0,0,0,0
1990,51,1,1,1,0,1,0,0,0,0
1990,68,1,2,1,0,0,0,0,0,0
1990,58,1,2,1,0,1,154,5,40,0
1990,33,2,1,1,0,0,0,0,0,0
1990,33,1,1,1,0,0,0,0,0,0
1990,40,1,1,1,0,0,0,0,0,0
1990,26,1,1,1,0,0,365,1,40,0
1990,25,2,1,1,0,0,0,0,0,0
1990,31,1,0,1,0,0,0,0,0,0
1990,32,2,0,1,0,0,0,0,0,0
1990,56,2,3,1,0,0,447,5,40,0
1990,19,1,1,1,0,0,0,0,0,0
1990,65,2,3,1,0,0,0,0,0,0
1990,37,2,1,1,0,0,785,1,40,0
1990,19,2,1,1,0,0,467,5,40,0
1990,31,1,1,0,0,1,889,4,40,0
1990,58,1,3,1,0,0,804,2,0,0
1990,78,1,0,1,0,0,0,0,0,0
1990,77,2,0,1,0,0,0,0,0,0
1990,36,1,3,1,0,0,0,0,0,0
1990,40,2,1,1,0,0,0,0,0,0
1990,18,2,1,1,0,0,0,0,0,0
1990,28,2,1,1,0,1,174,5,60,0
1990,20,1,1,1,0,0,447,5,40,0
1990,43,2,3,1,0,0,668,3,15,0
1990,61,2,3,1,0,0,453,4,35,0
1990,20,2,1,1,0,0,356,2,20,0
1990,22,2,1,1,0,0,447,5,40,0
1990,28,1,1,1,0,0,259,1,40,0
1990,24,2,1,1,0,1,379,6,40,0
1990,62,1,0,1,0,0,808,2,34,0
1990,58,2,0,1,0,0,0,0,0,0
1990,36,1,1,1,0,1,283,5,16,0
1990,20,2,1,1,0,0,276,3,24,0
1990,20,2,1,1,0,0,276,3,20,0
1990,19,2,1,1,0,0,255,4,40,0
1990,35,1,3,1,0,0,769,1,20,0
1990,40,2,3,1,0,0,688,1,0,0
1990,42,2,3,1,0,1,0,0,0,0
1990,23,2,1,1,0,0,0,0,0,0
1990,26,2,1,1,0,1,254,4,40,0
1990,66,2,1,0,0,0,337,2,40,0
1990,61,2,1,0,0,0,0,0,0,0
1990,36,2,2,0,0,1,25,4,50,0
1990,26,1,1,0,0,1,637,1,40,0
1990,30,2,2,0,0,0,259,3,55,0
1990,31,1,3,0,0,0,213,3,40,0
1990,28,2,3,0,0,0,435,3,30,0
1990,68,1,1,0,0,0,0,0,0,0
1990,30,2,1,0,0,1,503,2,40,0
1990,45,2,1,0,0,1,22,5,40,0
1990,55,1,0,0,0,1,3,6,40,1
1990,44,2,0,0,0,0,254,4,40,0
1990,19,1,1,0,0,1,889,4,20,0
1990,29,1,1,0,0,1,22,0,50,0
1990,54,2,1,0,0,0,7,3,40,1
1990,23,1,1,0,0,1,59,1,43,0
1990,73,1,0,0,0,0,0,0,0,0
1990,72,2,0,0,0,0,0,0,0,0
1990,43,1,0,0,0,1,22,5,50,0
1990,39,2,0,0,0,1,877,3,20,0
1990,18,1,1,0,0,0,877,3,20,0
1990,32,1,0,0,0,1,253,4,40,1
1990,33,2,0,0,0,1,156,5,0,0
1990,56,2,3,0,0,0,458,4,40,0
1990,40,2,1,0,0,1,467,2,40,0
1990,73,2,3,0,0,1,314,5,0,0
1990,67,2,2,0,0,0,0,0,0,0
1990,49,1,0,0,0,1,597,0,34,0
1990,47,2,0,0,0,0,25,4,40,0
1990,26,1,3,0,0,0,378,4,40,0
1990,67,1,0,0,0,0,18,4,48,0
1990,66,2,0,0,0,0,0,0,0,0
1990,37,2,2,0,0,0,0,0,0,0
1990,75,2,1,0,0,0,0,0,0,0
1990,73,2,0,0,0,1,0,0,0,0
1990,23,1,0,0,0,1,159,5,40,0
1990,26,2,0,0,0,1,467,5,40,0
1990,50,1,0,0,0,0,243,3,45,0
1990,50,2,0,0,0,0,0,0,0,0
1990,78,2,1,0,0,0,0,0,0,0
1990,73,2,3,0,0,0,0,0,0,0
1990,80,2,0,0,0,0,0,0,0,0
1990,56,1,0,0,0,1,364,1,40,0
1990,52,2,0,0,0,0,327,3,37,0
1990,32,1,1,0,0,1,156,5,60,0
1990,76,2,3,0,2,0,0,0,0,0
1990,60,1,2,0,0,0,734,1,40,0
1990,49,1,0,0,0,0,426,5,40,0
1990,45,2,0,0,0,0,356,6,30,0
1990,30,2,0,0,0,1,354,2,40,0
1990,32,1,0,0,0,0,274,3,0,0
1990,53,1,3,0,0,0,503,2,45,0
1990,59,2,3,0,0,0,356,4,40,0
1990,36,2,0,0,0,0,436,3,40,0
1990,52,1,0,0,0,1,829,2,40,0
1990,63,2,3,0,0,0,348,1,16,0
1990,34,1,0,1,0,1,379,1,40,0
1990,26,2,0,1,0,1,234,6,40,0
1990,54,1,0,0,0,0,885,4,35,0
1990,55,2,0,0,0,0,0,0,0,0
1990,31,2,2,0,0,0,799,3,8,0
1990,66,1,0,0,0,0,877,3,40,0
1990,58,2,0,0,0,0,356,3,40,0
1990,38,2,1,1,0,0,453,4,0,0
1990,19,1,1,1,0,0,0,0,0,0
1990,53,1,0,0,0,0,426,5,40,0
1990,66,2,0,0,0,0,777,1,0,0
1990,47,1,1,0,0,0,0,0,0,0
1990,72,2,2,0,0,0,0,0,0,0
1990,66,2,1,0,0,0,0,0,0,0
1990,71,1,3,0,0,1,355,2,0,0
1990,35,1,0,0,0,0,784,1,40,0
1990,33,2,0,0,0,0,444,5,15,0
1990,38,2,0,0,0,1,23,1,50,1
1990,39,1,0,3,0,1,187,5,45,0
1990,22,2,1,0,0,1,376,2,40,0
1990,52,1,0,0,0,0,689,1,48,1
1990,49,2,0,0,0,0,17,3,40,1
1990,24,1,1,0,0,1,418,6,53,0
1990,53,1,2,0,0,0,614,0,40,0
1990,34,1,0,0,0,0,22,1,48,0
1990,39,2,0,0,0,1,736,1,40,0
1990,60,1,0,0,2,0,259,3,40,1
1990,43,2,0,0,0,0,313,4,40,0
1990,31,1,0,0,0,1,259,1,40,0
1990,30,2,0,0,0,0,385,1,0,0
1990,40,1,0,0,0,1,59,5,50,0
1990,40,2,0,0,0,1,276,3,12,0
1990,20,2,1,0,0,0,313,5,40,0
1990,18,1,1,0,0,0,785,1,25,0
1990,31,1,0,0,0,1,259,3,40,0
1990,31,2,0,0,0,0,325,1,15,0
1990,43,1,0,0,0,1,86,0,50,0
1990,45,2,0,0,0,1,274,5,40,0
1990,20,1,1,0,0,0,804,3,30,0
1990,50,1,0,0,0,0,22,1,48,0
1990,42,2,0,0,0,1,25,4,20,0
1990,71,2,0,0,0,0,0,0,0,0
1990,77,1,0,0,0,0,453,4,20,0
1990,37,2,0,0,0,1,785,3,40,0
1990,40,1,0,0,0,1,22,4,40,0
1990,43,1,0,0,0,1,166,5,57,1
1990,44,2,0,0,0,1,274,3,30,0
1990,42,1,0,0,0,1,785,1,40,0
1990,43,2,0,0,0,1,376,1,40,0
1990,49,1,0,0,0,1,157,5,40,0
1990,41,2,0,0,0,1,0,0,0,0
1990,59,1,0,0,2,0,27,1,40,0
1990,58,2,0,0,2,0,0,0,0,0
1990,38,1,0,0,0,1,823,2,50,0
1990,43,2,0,0,0,0,0,0,0,0
1990,60,1,0,0,0,0,44,1,48,0
1990,57,2,0,0,0,0,0,0,0,0
1990,27,1,1,0,0,1,458,4,68,0
1990,24,2,2,0,0,0,364,3,40,0
1990,70,1,0,0,0,0,0,0,0,0
1990,67,2,0,0,0,0,0,0,0,0
1990,26,1,0,0,0,1,337,4,43,0
1990,25,2,0,0,0,1,156,5,40,0
1990,34,2,2,0,0,0,808,2,20,0
1990,34,1,0,0,0,1,254,4,60,0
1990,42,2,0,2,1,0,444,3,25,0
1990,51,1,0,0,0,0,804,3,70,0
1990,43,2,0,0,2,1,156,5,40,0
1990,20,1,1,0,0,0,435,3,33,0
1990,18,2,1,0,0,0,435,3,25,0
1990,30,1,1,0,0,0,579,1,40,0
1990,33,1,2,0,0,0,436,3,0,0
1990,46,1,0,0,0,0,567,0,40,0
1990,44,2,0,0,0,0,808,2,12,0
1990,18,2,1,0,0,0,373,3,24,0
1990,51,1,0,0,0,1,485,0,75,1
1990,47,2,0,0,0,1,22,0,0,0
1990,42,1,2,0,0,0,457,4,50,0
1990,51,1,2,0,0,1,259,1,41,0
1990,30,2,1,0,0,0,385,4,40,0
1990,45,1,0,0,0,1,26,5,50,1
1990,43,2,0,0,0,0,313,4,40,0
1990,23,1,0,0,0,0,804,0,30,0
1990,21,2,0,0,0,1,364,5,20,0
1990,77,2,3,0,0,0,0,0,0,0
1990,36,1,1,0,0,1,473,0,48,0
1990,27,1,1,0,0,0,514,4,40,0
1990,25,1,1,0,0,0,599,2,40,0
1990,22,2,1,0,0,1,738,1,0,0
1990,74,2,3,0,0,0,0,0,0,0
1990,64,1,0,0,0,1,57,1,40,0
1990,62,2,0,0,0,0,274,3,15,0
1990,34,1,0,0,0,1,259,3,50,0
1990,32,2,0,0,0,1,313,1,25,0
1990,72,1,0,0,0,0,0,0,0,0
1990,70,2,0,0,0,0,0,0,0,0
1990,27,1,0,0,0,0,253,4,60,0
1990,23,2,0,0,0,1,243,4,45,0
1990,53,1,0,0,0,0,373,1,40,0
1990,54,2,0,0,0,0,276,3,40,0
1990,28,1,1,0,0,0,567,1,50,0
1990,77,2,1,0,0,0,0,0,0,0
1990,52,2,2,0,0,0,313,5,37,0
1990,34,1,0,0,0,0,869,0,32,0
1990,31,2,0,0,0,0,348,2,40,0
1990,76,1,0,0,0,1,0,0,0,0
1990,75,2,0,0,0,0,0,0,0,0
1990,42,2,2,0,0,1,253,4,43,0
1990,18,2,1,0,0,1,436,3,40,0
1990,29,1,0,0,0,0,213,1,45,0
1990,26,2,0,0,0,1,339,2,40,0
1990,38,1,0,0,0,1,243,3,50,1
1990,36,2,0,0,0,1,315,1,15,0
1990,40,1,1,0,0,0,55,1,40,0
1990,46,2,3,1,1,1,458,4,40,0
1990,48,1,0,0,0,1,558,0,40,0
1990,47,2,0,0,0,0,268,3,40,0
1990,19,1,1,0,0,0,364,3,40,0
1990,19,2,1,0,0,0,433,3,15,0
1990,35,2,2,0,0,1,8,2,45,1
1990,60,1,2,0,0,0,563,0,0,0
1990,35,2,2,0,0,1,885,3,40,0
1990,30,1,1,0,0,0,885,3,48,0
1990,66,1,0,0,0,0,637,1,24,0
1990,60,2,0,0,0,0,259,0,28,0
1990,34,1,0,0,0,1,806,1,50,0
1990,37,2,0,0,0,1,257,0,40,0
1990,28,1,0,0,0,1,227,6,40,0
1990,21,2,0,0,0,1,264,3,40,0
1990,23,1,2,0,0,0,889,2,40,0
1990,21,2,1,0,0,0,276,4,40,0
1990,39,1,0,0,0,1,253,4,40,1
1990,38,2,0,0,0,0,666,3,15,0
1990,61,1,0,0,0,0,883,2,40,0
1990,60,2,0,0,0,1,744,1,0,0
1990,38,1,0,0,2,0,585,1,56,1
1990,32,2,0,0,0,0,274,3,0,0
1990,57,1,2,0,0,1,156,5,60,0
1990,36,1,2,0,0,0,804,2,40,0
1990,44,2,2,0,0,0,337,4,0,0
1990,73,1,0,0,0,0,417,6,0,1
1990,68,2,0,0,0,0,0,0,0,0
1990,28,1,0,0,0,0,567,0,32,0
1990,26,2,0,0,0,0,313,4,0,0
1990,26,2,1,0,0,1,208,5,40,0
1990,26,2,1,0,0,1,796,5,40,0
1990,35,1,0,0,0,0,785,1,40,0
1990,29,2,0,0,0,0,0,0,0,0
1990,30,2,1,0,2,1,36,5,40,0
1990,58,1,3,0,0,1,637,1,40,0
1990,31,1,2,0,0,0,889,1,48,0
1990,34,1,0,0,0,0,684,1,48,0
1990,42,2,0,0,0,0,365,1,40,0
1990,22,2,1,0,0,1,243,3,40,0
1990,77,2,3,0,0,0,276,3,0,0
1990,42,1,2,0,0,0,558,0,40,0
1990,18,2,1,0,0,0,453,4,0,0
1990,63,1,3,0,0,0,889,3,0,0
1990,53,2,2,0,0,0,337,5,20,0
1990,72,2,3,0,0,0,0,0,0,0
1990,26,2,3,0,0,0,435,3,20,0
1990,50,1,0,0,0,0,359,6,0,0
1990,49,2,0,0,0,0,0,0,0,0
1990,26,1,2,0,0,0,796,1,40,0
1990,20,2,1,0,0,0,556,3,40,0
1990,34,1,0,0,0,1,779,1,72,0
1990,39,2,0,0,0,0,0,0,0,0
1990,18,1,1,0,0,1,436,3,32,0
1990,62,2,3,0,0,0,0,0,0,0
1990,24,1,3,0,0,0,869,0,0,0
1990,36,1,2,0,0,0,563,0,40,0
1990,72,1,0,0,0,0,585,0,0,0
1990,48,2,0,0,0,0,0,0,0,0
1990,29,2,1,0,0,0,785,1,40,0
1990,20,2,1,0,0,0,0,0,0,0
1990,21,1,1,0,0,0,0,0,0,0
1990,57,1,0,0,0,0,218,0,40,0
1990,64,2,0,0,0,0,0,0,0,0
1990,39,2,2,0,0,0,313,3,40,0
1990,18,1,1,0,0,0,0,0,0,0
1990,20,2,0,0,0,0,435,3,35,0
1990,19,1,0,0,0,0,567,0,40,0
1990,76,2,0,0,0,0,0,0,0,0
1990,33,1,0,0,0,1,783,1,40,0
1990,29,2,0,0,0,0,313,5,40,0
1990,24,1,0,0,0,0,804,2,80,0
1990,23,2,0,0,0,0,0,0,0,0
1990,25,1,0,0,0,0,518,3,45,0
1990,28,2,0,0,0,1,313,4,45,0
1990,56,2,3,0,0,1,0,0,0,0
1990,24,1,3,0,0,1,337,1,40,0
1990,59,1,0,0,0,1,22,1,60,1
1990,56,2,0,0,0,0,274,3,10,0
1990,41,1,0,0,0,0,785,1,40,0
1990,40,2,0,0,0,1,458,4,8,0
1990,59,1,0,0,0,0,364,1,40,0
1990,58,2,0,0,0,0,0,0,0,0
1990,25,1,1,0,0,1,785,1,40,0
1990,72,1,0,0,0,0,0,0,0,0
1990,68,2,0,0,0,0,0,0,0,0
1990,52,1,0,0,0,1,22,1,50,0
1990,54,2,0,0,0,0,0,0,0,0
1990,22,2,1,0,0,1,313,3,40,0
1990,19,1,1,0,0,1,453,1,24,0
1990,47,1,0,0,0,0,22,0,40,0
1990,46,2,0,0,0,0,436,3,15,0
1990,18,2,1,0,0,0,276,3,0,0
1990,67,1,0,0,0,0,365,3,40,0
1990,68,2,0,0,0,0,23,3,0,0
1990,70,1,2,0,0,0,0,0,0,0
1990,45,1,0,0,0,0,217,1,50,0
1990,45,2,0,0,0,0,744,1,40,0
1990,41,1,0,0,0,0,507,0,40,0
1990,41,2,0,0,0,0,365,3,30,0
1990,20,2,3,0,0,0,264,3,24,0
1990,55,1,0,0,0,0,505,1,50,0
1990,53,2,0,0,0,0,744,1,40,0
1990,32,2,1,0,0,0,453,3,2,0
1990,23,2,1,0,0,0,276,3,0,0
1990,46,1,0,0,0,1,804,2,55,0
1990,42,2,0,0,0,0,745,1,40,0
1990,21,2,1,0,0,1,264,3,10,0
1990,55,1,1,0,0,0,505,3,40,0
1990,51,2,1,0,0,1,319,1,40,0
1990,76,2,3,0,0,0,0,0,0,0
1990,52,1,0,0,0,0,785,1,40,0
1990,69,2,0,0,0,0,0,0,0,0
1990,44,1,0,0,0,1,57,1,40,0
1990,43,2,0,0,0,0,313,1,40,0
1990,39,2,0,0,0,0,276,3,11,0
1990,32,1,0,0,0,0,525,1,40,0
1990,33,1,0,0,0,1,503,4,40,0
1990,51,2,0,0,0,0,447,5,0,0
1990,67,1,0,0,0,1,0,0,0,0
1990,56,2,0,0,0,0,0,0,0,0
1990,70,2,3,0,0,0,0,0,0,0
1990,30,1,0,0,0,0,505,3,40,0
1990,30,2,0,0,0,0,435,3,55,0
1990,41,1,0,0,0,0,745,1,40,0
1990,33,2,0,0,0,0,745,1,40,0
1990,46,1,0,0,0,0,734,1,42,0
1990,43,2,0,0,0,0,679,1,0,0
1990,25,2,1,0,0,1,666,4,20,0
1990,19,2,1,0,0,0,878,3,24,0
1990,59,1,0,0,0,1,22,5,48,0
1990,54,2,0,0,0,0,447,5,48,0
1990,71,1,0,0,0,0,426,1,40,0
1990,66,2,0,0,0,0,435,3,40,0
1990,52,2,3,0,0,0,383,4,40,0
1990,55,2,0,0,0,1,254,4,60,0
1990,55,1,0,0,0,1,18,4,70,0
1990,56,1,0,0,0,0,777,1,40,0
1990,51,2,0,0,0,0,779,1,40,0
1990,69,1,0,0,0,0,473,0,40,0
1990,67,2,0,0,0,0,0,0,0,0
1990,30,1,0,0,0,1,154,5,20,0
1990,25,2,0,0,0,1,95,5,45,0
1990,39,1,0,0,2,0,856,1,40,0
1990,29,2,0,0,0,0,808,5,20,0
1990,57,1,0,0,0,0,844,0,40,0
1990,53,2,0,0,0,0,0,0,0,0
1990,76,2,3,0,0,1,0,0,0,0
1990,78,1,0,0,0,0,866,0,40,0
1990,70,2,0,0,0,0,0,0,0,0
1990,68,1,0,0,0,0,0,0,0,0
1990,71,2,0,0,0,0,0,0,0,0
1990,66,1,0,0,0,0,0,0,0,0
1990,62,2,0,0,0,0,447,5,0,0
1990,26,1,0,0,0,0,496,1,40,0
1990,25,2,0,0,0,0,549,1,40,0
1990,35,1,2,0,0,1,783,1,45,0
1990,36,1,0,0,0,0,889,3,40,0
1990,35,2,0,0,0,0,785,1,40,0
1990,46,1,0,0,0,0,0,0,0,0
1990,43,2,0,0,0,0,479,0,0,0
1990,19,2,1,0,0,0,438,3,0,0
1990,18,2,1,0,0,0,0,0,0,0
1990,65,2,2,0,0,0,0,0,0,0
1990,65,1,0,0,0,0,264,3,0,0
1990,64,2,0,0,0,0,888,3,0,0
1990,63,1,0,0,0,0,303,2,40,1
1990,58,2,0,0,0,0,303,6,10,0
1990,33,1,0,0,0,0,653,0,37,0
1990,31,2,0,0,0,0,0,0,0,0
1990,37,1,1,0,0,0,434,3,40,0
1990,64,1,0,0,0,1,254,4,40,0
1990,63,2,0,0,0,0,0,0,0,0
1990,18,2,1,0,0,1,264,3,42,0
1990,24,1,1,0,0,1,785,4,0,0
1990,39,2,2,0,0,1,385,1,40,0
1990,48,1,0,0,0,0,558,0,40,0
1990,47,2,0,0,0,0,447,5,40,0
1990,80,1,3,0,0,0,0,0,0,0
1990,69,2,3,3,0,0,0,0,0,0
1990,20,2,1,0,0,1,426,6,40,0
1990,63,1,0,0,0,1,157,5,40,0
1990,63,2,0,0,0,1,174,3,40,0
1990,41,1,0,0,0,0,567,0,35,0
1990,39,2,0,0,0,0,376,2,30,0
1990,60,2,3,0,0,0,274,3,40,0
1990,66,1,0,0,0,0,473,0,30,0
1990,72,2,0,0,0,0,0,0,0,0
1990,34,1,0,0,0,1,637,1,40,0
1990,27,2,0,0,0,0,466,5,28,0
1990,60,1,0,0,0,1,256,1,45,0
1990,63,2,0,0,0,1,319,4,40,0
1990,54,1,0,0,0,0,243,3,54,0
1990,50,2,0,0,0,1,243,3,40,0
1990,22,2,1,0,0,0,276,3,40,0
1990,25,1,0,0,0,0,869,0,40,0
1990,25,2,0,0,0,1,95,5,50,0
1990,66,1,0,0,0,0,365,0,0,0
1990,66,2,0,0,0,0,0,0,0,0
1990,28,1,0,0,0,1,436,3,35,0
1990,29,2,0,0,0,0,449,5,30,0
1990,25,2,1,0,0,0,0,0,0,0
1990,39,1,0,0,0,0,783,4,80,0
1990,36,2,0,0,0,1,313,5,30,0
1990,62,1,0,0,0,0,0,0,0,0
1990,62,2,0,0,0,1,95,5,16,0
1990,50,1,0,0,0,0,637,1,40,0
1990,38,2,0,0,0,0,637,1,35,0
1990,42,1,0,0,0,1,22,4,40,0
1990,39,2,0,0,0,1,157,5,20,0
1990,37,1,0,0,0,0,785,1,99,0
1990,26,2,0,0,0,0,748,4,99,0
1990,23,2,1,0,0,0,0,0,0,0
1990,28,1,0,0,0,0,785,1,40,0
1990,26,2,0,0,0,0,458,4,40,0
1990,54,1,0,0,0,1,503,1,60,0
1990,51,2,0,0,0,0,447,5,40,0
1990,26,1,1,0,2,0,888,1,40,0
1990,28,2,2,0,2,1,22,5,45,0
1990,64,1,0,0,0,0,243,3,0,0
1990,59,2,0,0,0,1,156,5,36,0
1990,71,2,3,0,0,0,0,0,0,0
1990,34,1,0,0,0,1,804,0,40,0
1990,34,2,0,0,0,1,5,6,40,0
1990,79,1,0,0,0,0,453,5,8,0
1990,63,2,0,0,0,0,453,5,8,0
1990,46,1,0,0,0,0,563,0,26,0
1990,42,2,0,0,0,0,447,5,0,0
1990,67,2,3,0,0,1,185,3,40,0
1990,73,1,0,0,0,0,444,5,20,0
1990,71,2,0,0,0,0,0,0,0,0
1990,34,1,0,0,0,0,243,3,40,0
1990,35,2,0,0,0,0,453,4,20,0
1990,80,2,3,0,0,0,449,4,0,0
1990,57,1,0,0,0,0,486,4,40,0
1990,49,2,0,0,0,0,449,4,32,0
1990,51,1,0,0,0,0,869,0,40,0
1990,41,2,0,0,0,0,466,5,70,0
1990,25,1,0,0,0,1,783,4,50,0
1990,27,2,0,0,0,0,435,3,40,0
1990,58,1,0,0,0,1,22,4,40,0
1990,49,2,0,0,0,0,389,5,40,0
1990,34,1,2,0,0,0,266,3,50,0
1990,50,1,2,0,0,0,436,3,40,0
1990,27,1,0,0,0,0,785,1,0,0
1990,27,2,0,0,0,1,156,5,40,0
1990,66,1,0,0,0,0,259,3,0,0
1990,62,2,0,0,0,0,313,5,37,0
1990,71,1,3,0,0,0,0,0,0,0
1990,69,1,0,0,0,0,213,6,0,0
1990,69,2,0,0,0,0,0,0,0,0
1990,32,2,2,0,0,0,276,3,0,0
1990,32,1,2,0,0,1,159,6,60,0
1990,38,1,0,1,0,0,904,6,56,0
1990,27,2,0,1,1,1,435,5,30,0
1990,23,2,3,1,0,1,208,6,55,0
1990,21,1,1,0,0,1,905,6,40,0
1990,18,1,1,1,0,0,365,6,40,0
1990,38,1,3,1,0,0,436,6,50,0
1990,34,1,0,0,0,0,904,6,60,0
1990,38,2,0,3,3,1,207,5,40,0
1990,19,1,0,0,0,0,234,6,66,0
1990,19,2,0,0,0,1,435,3,37,0
1990,65,1,0,0,0,1,0,0,0,0
1990,58,2,0,0,0,0,0,0,0,0
1990,33,2,1,0,0,0,453,2,5,0
1990,46,1,0,0,0,1,17,3,40,0
1990,46,2,0,0,0,0,0,0,0,0
1990,44,2,0,0,0,0,23,6,40,0
1990,55,1,0,0,0,0,856,1,40,0
1990,64,2,3,0,0,0,754,1,0,0
1990,38,1,3,0,0,1,563,0,57,1
1990,52,1,0,0,0,0,573,0,40,0
1990,49,2,0,0,0,0,447,5,30,0
1990,60,1,0,0,0,1,176,5,40,0
1990,57,2,0,0,0,1,313,5,35,0
1990,36,1,1,0,0,0,628,1,40,0
1990,65,1,1,0,0,0,804,3,0,0
1990,55,2,2,0,0,0,447,5,40,0
1990,38,1,0,0,0,0,804,2,60,0
1990,31,2,0,0,0,1,446,5,40,0
1990,72,1,0,0,0,0,0,0,0,0
1990,76,2,0,0,0,0,0,0,0,0
1990,40,1,0,0,0,0,756,1,40,0
1990,42,2,0,3,3,0,449,5,40,0
1990,29,1,0,0,0,0,694,2,48,0
1990,25,2,0,0,0,0,785,1,40,0
1990,20,2,1,0,0,1,315,0,25,0
1990,36,1,0,0,0,0,365,3,40,0
1990,23,2,0,0,0,0,0,0,0,0
1990,67,2,3,0,0,0,379,5,21,0
1990,72,1,0,0,0,1,473,0,30,0
1990,75,2,0,0,0,0,0,0,0,0
1990,58,1,3,0,0,1,473,0,20,0
1990,78,2,3,0,0,0,0,0,0,0
1990,58,1,1,0,0,0,0,0,0,0
1990,65,1,0,0,0,0,18,4,20,0
1990,60,2,0,0,0,0,445,5,36,0
1990,36,1,2,0,0,1,696,1,40,0
1990,47,1,1,0,0,0,0,0,0,0
1990,33,1,0,0,0,0,686,1,40,0
1990,28,2,0,0,0,1,487,0,40,0
1990,41,1,0,0,0,0,804,2,80,0
1990,41,2,0,0,0,0,804,2,80,0
1990,19,1,1,0,0,0,785,1,40,0
1990,28,1,1,0,0,0,505,1,50,0
1990,68,1,2,0,0,0,479,0,25,0
1990,77,2,3,0,0,1,0,0,0,0
1990,65,2,3,0,0,0,277,3,0,0
1990,48,1,0,0,0,1,243,3,60,1
1990,46,2,0,0,0,1,0,0,0,0
1990,26,1,0,0,0,0,727,1,40,0
1990,29,2,0,0,0,0,376,4,40,0
1990,78,2,3,0,0,0,0,0,0,0
1990,79,1,0,0,0,0,808,5,60,0
1990,77,2,0,0,0,0,0,0,0,0
1990,56,1,0,0,0,1,69,5,0,0
1990,58,2,0,0,0,0,0,0,0,0
1990,64,1,0,0,0,1,0,0,0,0
1990,65,2,0,0,0,1,0,0,0,0
1990,47,2,2,0,0,1,98,5,40,0
1990,64,1,3,0,0,1,696,0,40,0
1990,31,2,0,0,0,0,683,1,40,0
1990,38,1,0,0,0,0,804,2,0,0
1990,52,1,2,0,0,1,909,6,0,0
1990,57,2,3,3,0,1,95,5,40,0
1990,75,2,3,0,0,0,0,0,0,0
1990,36,1,0,0,0,0,856,1,40,0
1990,26,2,0,0,0,1,33,1,40,0
1990,50,1,0,0,0,0,804,2,40,0
1990,43,2,0,0,0,0,313,4,40,0
1990,18,1,1,0,0,0,0,0,0,0
1990,29,1,0,0,0,0,628,1,50,0
1990,24,2,0,0,0,0,466,5,50,0
1990,79,2,3,0,0,0,0,0,0,0
1990,66,1,0,0,0,0,0,0,0,0
1990,61,2,0,0,0,0,0,0,0,0
1990,38,1,2,0,0,0,804,1,45,0
1990,40,1,2,0,0,0,453,1,40,0
1990,64,1,0,0,0,0,577,2,0,0
1990,64,2,0,0,0,0,0,0,0,0
1990,72,2,3,0,0,0,0,0,0,0
1990,53,1,2,0,0,0,0,0,0,0
1990,43,2,3,0,0,0,447,5,0,0
1990,42,1,0,0,0,1,218,5,45,0
1990,40,2,0,0,0,1,156,5,40,0
1990,73,2,2,0,0,0,0,0,0,0
1990,18,2,1,3,0,1,195,1,6,0
1990,28,1,0,0,0,1,22,1,45,0
1990,27,2,0,0,0,1,174,5,45,0
1990,45,1,0,0,0,0,53,0,40,0
1990,39,2,0,0,0,0,22,1,0,0
1990,40,1,0,0,0,1,22,1,50,0
1990,42,2,0,0,0,1,25,4,40,0
1990,65,1,0,0,0,1,305,2,0,0
1990,62,2,0,0,0,0,313,5,0,0
1990,67,1,3,0,0,0,448,3,0,0
1990,32,1,0,0,0,0,804,2,60,0
1990,29,2,0,0,0,1,338,1,25,0
1990,32,1,2,0,0,1,518,1,40,0
1990,41,2,2,0,0,1,799,1,50,0
1990,50,1,0,0,0,1,804,2,40,0
1990,43,2,0,0,0,0,467,5,60,0
1990,74,2,3,0,0,0,0,0,0,0
1990,21,1,0,0,0,0,889,3,40,0
1990,21,2,0,0,0,0,276,3,20,0
1990,71,2,0,3,0,0,0,0,0,0
1990,49,1,0,0,0,1,473,0,60,0
1990,48,2,0,0,0,0,337,6,30,0
1990,74,2,0,0,0,0,0,0,0,0
1990,31,1,0,0,0,1,364,1,40,0
1990,25,2,0,0,0,0,383,4,40,0
1990,27,1,0,0,0,1,243,3,54,0
1990,24,2,0,0,0,1,337,6,40,0
1990,64,2,3,0,0,0,339,2,40,0
1990,53,1,0,0,0,0,856,3,40,0
1990,50,2,0,0,0,0,447,5,40,0
1990,27,1,0,0,0,1,577,0,60,0
1990,26,2,0,0,0,1,188,5,40,0
1990,55,1,0,0,0,0,259,3,45,0
1990,32,2,0,0,0,1,363,1,48,0
1990,44,1,0,0,0,1,693,1,45,0
1990,34,2,0,0,0,0,686,1,45,0
1990,25,1,0,0,0,0,585,0,40,0
1990,21,2,0,0,0,0,785,1,40,0
1990,46,2,0,0,0,0,307,1,40,0
1990,50,1,0,0,0,0,567,0,40,0
1990,77,1,3,0,0,0,0,0,0,0
1990,51,1,0,0,0,0,253,4,40,0
1990,49,2,0,0,0,0,159,4,45,0
1990,20,1,1,0,0,0,453,4,35,0
1990,19,1,1,0,0,0,479,0,30,0
1990,54,2,2,0,0,1,15,5,45,0
1990,47,1,2,0,0,0,785,1,40,0
1990,36,1,2,0,0,1,785,1,40,0
1990,75,2,3,0,0,1,0,0,0,0
1990,38,1,0,0,0,1,13,4,50,0
1990,32,2,0,0,0,1,174,6,40,0
1990,59,1,0,0,0,1,22,1,50,0
1990,59,2,0,0,0,0,784,1,40,0
1990,33,1,0,0,0,1,783,0,40,0
1990,28,2,0,0,0,0,274,3,0,0
1990,38,1,0,0,0,0,514,4,48,0
1990,36,2,0,0,0,0,0,0,0,0
1990,26,1,0,0,0,0,628,2,40,0
1990,27,2,0,0,0,0,449,4,40,0
1990,79,2,3,0,0,0,0,0,0,0
1990,21,1,1,0,0,0,364,1,40,0
1990,19,2,1,0,0,0,744,1,0,0
1990,33,1,1,0,0,1,313,5,22,0
1990,39,2,2,0,0,0,313,3,42,0
1990,61,1,0,0,0,0,869,0,40,0
1990,59,2,0,0,0,1,14,5,40,0
1990,31,2,2,0,0,0,909,6,0,0
1990,27,1,1,0,0,0,887,4,45,0
1990,42,1,0,0,0,0,579,1,40,0
1990,47,2,0,0,0,0,744,1,40,0
1990,56,2,2,0,0,0,0,0,0,0
1990,47,1,0,0,0,1,13,2,50,1
1990,42,2,0,0,0,1,22,2,55,0
1990,79,2,3,0,0,0,0,0,0,0
1990,40,2,1,0,0,1,303,4,42,0
1990,30,1,0,0,0,0,243,3,44,0
1990,27,2,0,3,3,0,443,3,18,0
1990,69,1,0,0,0,1,0,0,0,0
1990,48,2,0,0,2,1,0,0,0,0
1990,59,1,0,0,0,0,0,0,0,0
1990,60,2,0,0,0,1,0,0,0,0
1990,46,1,0,0,0,0,418,6,40,0
1990,46,2,0,0,0,0,274,3,0,0
1990,19,2,1,0,0,0,436,3,12,0
1990,52,1,0,0,0,1,263,3,60,0
1990,47,2,0,0,0,1,447,5,42,0
1990,21,1,1,0,0,1,889,3,20,0
1990,39,1,0,0,0,1,25,4,45,0
1990,24,2,0,0,0,0,316,4,35,0
1990,58,2,3,0,0,0,0,0,0,0
1990,71,1,0,0,0,0,0,0,0,0
1990,76,2,0,0,0,0,0,0,0,0
1990,55,1,0,0,0,0,567,4,52,0
1990,39,2,0,0,0,0,453,4,25,0
1990,34,1,0,0,0,1,804,0,50,0
1990,29,2,0,0,0,0,276,3,35,0
1990,19,2,1,0,0,1,435,3,35,0
1990,62,1,0,0,0,0,254,4,0,0
1990,75,2,0,0,0,0,0,0,0,0
1990,33,1,1,0,3,1,567,0,40,0
1990,32,1,1,0,0,1,889,4,40,0
1990,50,1,3,0,0,0,487,5,11,0
1990,25,1,0,0,0,0,243,3,40,0
1990,28,2,0,0,0,0,365,3,40,0
1990,63,1,0,0,0,0,0,0,0,0
1990,63,2,0,0,0,0,0,0,0,0
1990,44,1,0,0,0,0,475,0,60,0
1990,34,2,0,0,0,1,0,0,0,0
1990,35,1,0,0,0,0,769,1,48,0
1990,34,2,0,0,0,0,737,1,35,0
1990,78,2,3,0,0,0,0,0,0,0
1990,34,1,0,0,0,0,567,0,30,0
1990,43,2,0,0,0,0,207,5,40,0
1990,19,2,1,0,0,0,447,5,40,0
1990,35,1,1,0,0,0,804,2,70,0
1990,53,1,0,0,0,1,19,4,40,0
1990,48,2,0,0,0,0,19,4,40,0
1990,26,1,0,0,0,1,628,0,40,0
1990,22,2,0,0,0,0,315,4,40,0
1990,26,2,1,0,0,0,744,1,40,0
1990,27,1,1,0,0,0,479,0,0,0
1990,41,1,0,0,0,1,869,0,50,0
1990,37,2,0,0,0,1,447,5,40,0
1990,52,1,0,0,0,0,274,3,40,0
1990,48,2,0,0,0,0,337,3,40,0
1990,24,2,1,0,0,1,276,3,40,0
1990,41,1,0,0,0,0,473,0,99,0
1990,38,2,0,0,0,0,473,0,60,0
1990,20,1,1,0,0,1,473,0,99,0
1990,18,1,1,0,0,0,473,0,30,0
1990,20,1,0,0,0,0,848,1,35,0
1990,20,2,0,0,0,1,883,3,25,0
1990,33,1,0,0,0,0,804,2,85,0
1990,30,2,0,0,0,1,5,6,40,0
1990,67,1,0,0,0,0,516,2,40,0
1990,65,2,0,0,0,0,0,0,0,0
1990,63,1,0,0,0,0,243,3,20,0
1990,59,2,0,0,0,0,243,3,40,0
1990,48,1,0,3,0,1,804,2,99,0
1990,66,2,0,0,0,1,447,5,0,0
1990,62,1,0,3,0,0,0,0,0,0
1990,24,1,0,3,0,0,877,3,24,0
1990,21,1,1,3,0,0,888,1,15,0
1990,66,1,0,0,0,0,21,5,0,0
1990,66,2,0,0,0,0,0,0,0,0
1990,61,1,3,0,0,0,0,0,0,0
1990,30,1,0,0,0,1,243,3,40,0
1990,34,2,0,0,0,1,305,4,40,0
1990,60,2,2,0,0,1,156,5,14,0
1990,30,2,1,0,0,0,277,3,4,0
1990,33,1,0,0,0,1,199,5,45,0
1990,32,2,0,0,0,0,475,0,20,0
1990,66,1,0,0,0,0,479,0,0,0
1990,65,2,0,0,0,0,0,0,0,0
1990,38,1,0,0,0,1,869,0,30,0
1990,32,2,0,0,0,0,337,1,40,0
1990,32,1,0,0,0,1,473,0,55,0
1990,32,2,0,0,0,0,683,1,40,0
1990,73,1,0,0,0,0,0,0,0,0
1990,56,2,0,0,0,0,0,0,0,0
1990,20,2,1,0,0,0,22,3,40,0
1990,68,2,0,0,0,0,0,0,0,0
1990,44,1,0,0,0,0,22,1,40,0
1990,42,2,0,0,0,0,447,5,0,0
1990,44,2,3,0,0,1,157,5,40,0
1990,62,2,3,0,0,0,0,0,0,0
1990,79,2,3,0,0,0,0,0,0,0
1990,74,1,0,0,0,0,869,0,0,0
1990,61,2,0,0,0,0,337,5,15,0
1990,55,1,0,0,0,0,853,0,40,1
1990,54,2,0,0,0,0,0,0,0,0
1990,32,1,0,0,0,0,599,0,40,0
1990,30,2,0,0,0,0,466,5,72,0
1990,47,1,0,0,0,0,457,4,40,0
1990,46,2,0,0,0,1,458,4,24,0
1990,72,1,1,0,0,0,479,0,0,0
1990,25,2,1,0,0,1,157,5,50,0
1990,54,1,0,0,0,1,575,0,40,0
1990,52,2,0,0,0,1,156,5,30,0
1990,19,2,1,0,0,0,276,3,30,0
1990,74,1,3,0,0,0,613,0,12,0
1990,76,1,0,0,0,0,0,0,0,0
1990,76,2,0,0,0,0,0,0,0,0
1990,43,1,1,0,0,1,174,5,38,0
1990,32,1,0,0,0,1,176,5,50,0
1990,31,2,0,0,0,1,453,5,6,0
1990,39,1,0,3,0,0,779,1,40,0
1990,39,2,0,3,0,1,783,1,0,0
1990,58,2,0,0,0,0,878,3,20,0
1990,59,1,0,0,0,1,364,3,40,0
1990,57,1,0,0,0,1,217,1,50,0
1990,55,2,0,0,0,0,24,4,30,1
1990,29,1,0,0,0,0,709,1,40,0
1990,28,2,0,3,0,0,327,4,0,0
1990,46,2,3,0,0,0,668,1,60,0
1990,44,1,0,0,0,1,316,6,45,0
1990,40,2,0,0,0,1,158,5,40,0
1990,63,1,0,0,0,0,0,0,0,0
1990,57,2,0,0,0,1,0,0,0,0
1990,55,1,0,0,0,1,887,1,40,0
1990,49,2,0,0,0,0,356,1,42,0
1990,66,2,3,0,0,0,243,3,40,0
1990,66,1,0,0,0,0,0,0,0,0
1990,56,2,0,0,0,0,435,3,16,0
1990,24,1,0,0,0,0,804,3,40,0
1990,26,2,0,0,0,0,889,1,0,0
1990,30,1,0,0,0,1,22,1,45,0
1990,31,2,0,0,0,1,436,3,30,0
1990,78,2,3,0,0,0,0,0,0,0
1990,80,1,0,0,0,1,486,3,18,0
1990,27,1,1,0,0,0,558,0,40,0
1990,31,1,0,0,0,1,628,1,40,0
1990,30,2,0,0,0,0,785,1,40,0
1990,43,1,0,0,0,0,9,1,40,0
1990,44,2,0,0,0,0,745,1,40,0
1990,19,1,1,0,0,0,769,1,40,0
1990,73,1,0,0,0,0,453,5,4,0
1990,73,2,0,0,0,0,0,0,0,0
1990,68,1,3,0,0,0,0,0,0,0
1990,46,1,0,2,0,1,486,5,40,0
1990,45,2,0,0,0,0,383,4,38,0
1990,18,1,1,0,0,0,365,1,40,0
1990,36,1,0,0,0,0,567,0,40,0
1990,34,2,0,0,0,1,208,3,32,0
1990,74,2,3,0,0,0,0,0,0,0
1990,62,1,0,0,0,0,259,3,54,0
1990,59,2,0,0,0,0,259,3,54,0
1990,44,1,0,0,0,0,785,1,64,0
1990,33,2,0,3,0,0,276,3,9,0
1990,70,1,0,0,0,0,0,0,0,0
1990,69,2,0,0,0,0,0,0,0,0
1990,50,1,3,0,0,0,573,0,0,0
1990,42,1,0,0,0,0,17,3,60,0
1990,41,2,0,0,0,0,243,3,60,0
1990,55,1,0,0,0,1,276,3,40,0
1990,49,2,0,0,0,0,796,1,40,0
1990,28,1,0,0,0,0,777,1,35,0
1990,27,2,0,0,0,0,777,1,35,0
1990,61,1,0,0,0,0,733,1,40,0
1990,56,2,0,0,0,0,744,1,40,0
1990,56,1,0,0,0,0,809,4,20,0
1990,54,2,0,0,0,0,0,0,0,0
1990,21,2,1,0,0,0,447,5,40,0
1990,18,2,1,0,0,0,444,3,30,0
1990,67,1,3,0,0,1,0,0,0,0
1990,79,1,0,0,0,0,0,0,0,0
1990,49,2,0,0,0,0,0,0,0,0
1990,27,1,1,0,0,0,0,0,0,0
1990,55,1,0,0,0,0,777,1,40,0
1990,54,2,0,0,0,0,0,0,0,0
1990,30,1,0,0,0,0,276,3,20,0
1990,28,2,0,0,0,0,0,0,0,0
1990,49,2,2,0,0,0,726,1,40,0
1990,33,1,0,0,0,0,15,5,40,0
1990,33,2,0,0,0,1,386,5,40,0
1990,58,1,0,0,0,0,727,1,0,0
1990,50,2,0,0,0,0,458,4,30,0
1990,58,1,0,0,0,0,417,6,0,0
1990,58,2,0,0,0,0,0,0,0,0
1990,59,1,0,0,0,1,0,0,0,0
1990,49,2,0,0,0,0,445,5,30,0
1990,36,1,0,0,0,1,804,2,96,1
1990,33,2,0,0,0,1,207,5,36,0
1990,37,1,0,0,0,1,447,5,40,0
1990,35,2,0,0,0,0,447,5,38,0
1990,30,1,0,0,0,0,804,2,65,0
1990,30,2,0,0,0,1,785,1,46,0
1990,56,1,0,0,0,0,355,2,40,0
1990,53,2,0,0,0,0,785,1,40,0
1990,72,1,3,0,0,1,0,0,0,0
1990,68,2,3,0,0,0,0,0,0,0
1990,47,1,0,0,2,1,508,2,80,0
1990,49,2,0,0,0,0,337,5,40,0
1990,59,2,2,0,0,1,447,5,40,0
1990,24,1,0,0,0,0,599,0,40,0
1990,21,2,0,0,0,0,473,0,40,0
1990,58,1,0,0,0,0,745,1,40,0
1990,57,2,0,0,0,1,156,5,40,0
1990,51,1,0,0,0,1,475,0,50,0
1990,43,2,0,0,0,0,473,0,50,0
1990,64,2,3,0,0,0,0,0,0,0
1990,46,2,2,0,0,1,158,5,35,0
1990,22,1,1,0,0,1,426,6,5,0
1990,19,1,1,0,0,1,443,3,20,0
1990,26,1,0,0,0,0,496,1,40,0
1990,19,2,0,0,0,0,785,1,40,0
1990,64,1,0,0,0,1,808,5,30,0
1990,62,2,0,0,0,0,0,0,0,0
1990,28,1,1,0,0,0,496,1,40,0
1990,20,2,1,0,0,0,165,1,40,0
1990,78,1,3,0,0,0,0,0,0,0
1990,62,2,3,0,0,0,436,3,0,0
1990,32,2,3,0,0,0,0,0,0,0
1990,71,2,3,0,0,0,0,0,0,0
1990,66,1,0,0,0,0,473,0,10,0
1990,65,2,0,0,0,0,0,0,0,0
1990,36,1,0,0,0,0,509,4,48,0
1990,33,2,0,0,0,0,308,4,40,0
1990,41,1,2,0,0,1,17,4,60,0
1990,59,1,2,0,0,0,0,0,0,0
1990,24,1,0,0,0,0,505,4,40,0
1990,24,2,0,0,0,0,744,1,40,0
1990,30,1,0,0,0,0,869,0,40,0
1990,31,2,0,0,0,0,495,0,40,0
1990,29,2,3,0,0,0,744,3,0,0
1990,51,1,0,0,0,0,22,1,50,0
1990,50,2,0,0,0,0,313,4,40,0
1990,74,1,0,0,0,0,426,1,52,0
1990,60,2,0,0,0,0,0,0,0,0
1990,39,1,1,0,0,0,475,0,0,0
1990,76,2,3,0,0,0,0,0,0,0
1990,65,2,3,0,0,0,276,4,40,0
1990,62,1,3,0,0,0,447,5,8,0
1990,63,2,3,0,0,0,447,5,15,0
1990,51,1,0,0,0,0,804,2,50,0
1990,48,2,0,0,0,0,313,6,35,0
1990,64,2,2,0,0,0,453,4,0,0
1990,31,2,2,0,2,0,313,3,40,0
1990,58,2,2,0,0,0,447,5,0,0
1990,18,2,1,0,0,0,313,6,0,0
1990,58,1,0,0,0,0,0,0,0,0
1990,50,2,0,0,0,0,0,0,0,0
1990,24,2,2,1,0,0,17,3,35,0
1990,48,1,0,0,0,0,526,3,0,0
1990,45,2,0,0,0,0,0,0,0,0
1990,75,2,0,0,0,0,0,0,0,0
1990,46,2,0,0,0,0,804,2,40,0
1990,46,1,0,0,0,0,804,2,40,0
1990,26,1,2,0,0,0,779,1,40,0
1990,30,1,0,0,0,0,507,3,40,0
1990,31,2,0,0,0,1,276,3,35,0
1990,62,1,0,0,0,0,0,0,0,0
1990,60,2,0,0,0,0,447,5,40,0
1990,22,1,1,0,0,1,453,5,40,0
1990,40,1,0,0,0,0,453,5,40,0
1990,38,2,0,0,0,0,453,5,36,0
1990,20,2,3,0,0,0,313,5,40,0
1990,63,1,2,0,0,0,0,0,0,0
1990,45,1,2,0,0,0,789,1,40,0
1990,71,2,0,0,0,0,0,0,0,0
1990,28,1,2,0,0,0,883,1,40,0
1990,25,1,2,0,0,0,804,2,40,0
1990,27,2,2,0,0,1,95,5,38,0
1990,52,1,0,0,0,0,869,0,40,0
1990,39,2,0,0,0,0,434,3,40,0
1990,67,2,1,0,0,0,0,0,0,0
1990,62,2,0,0,0,0,796,1,40,0
1990,59,1,0,0,0,0,0,0,0,0
1990,30,1,1,0,0,0,653,0,60,0
1990,21,2,3,0,0,0,796,1,40,0
1990,23,1,1,0,0,0,653,0,60,0
1990,71,1,0,0,0,0,0,0,0,0
1990,67,2,0,0,0,0,465,5,0,0
1990,38,1,0,0,0,0,453,4,0,0
1990,37,2,0,0,0,0,365,0,0,0
1990,34,2,1,0,0,0,274,3,0,0
1990,18,1,1,0,0,0,0,0,0,0
1990,31,1,3,0,0,1,644,1,40,0
1990,18,1,0,0,0,0,869,2,60,0
1990,19,2,0,0,0,0,0,0,0,0
1990,64,1,0,0,0,0,804,1,0,0
1990,58,2,0,0,0,0,0,0,0,0
1990,52,2,3,0,0,1,383,4,39,0
1990,33,1,0,0,0,0,549,3,60,0
1990,29,2,0,0,0,0,0,0,0,0
1990,64,2,3,0,0,0,447,5,55,0
1990,41,1,0,0,0,0,365,1,42,0
1990,35,2,0,0,0,1,156,5,35,0
1990,76,1,0,0,0,0,22,1,40,1
1990,75,2,0,0,0,0,0,0,0,0
1990,41,1,0,0,0,0,473,0,0,0
1990,42,2,0,0,0,0,0,0,0,0
1990,29,1,0,0,0,0,268,3,45,0
1990,27,2,0,0,0,0,313,5,32,0
1990,77,2,3,0,0,0,0,0,0,0
1990,31,1,2,0,0,0,777,1,40,0
1990,59,2,3,0,0,0,453,5,0,0
1990,55,2,3,0,0,0,0,0,0,0
1990,42,1,0,0,0,0,485,5,60,0
1990,37,2,0,0,0,0,796,1,40,0
1990,48,1,0,0,0,1,804,1,60,1
1990,45,2,0,0,0,0,243,3,40,0
1990,20,1,1,0,0,0,887,4,20,0
1990,39,1,0,0,0,1,156,5,40,0
1990,37,2,0,0,0,0,156,5,40,0
1990,66,1,0,0,0,0,0,0,0,0
1990,62,2,0,0,0,0,796,1,40,0
1990,24,1,0,0,0,0,573,0,40,0
1990,24,2,0,0,0,0,17,3,40,0
1990,30,1,0,0,0,0,804,2,75,0
1990,30,2,0,0,0,0,313,3,20,0
1990,66,1,0,0,0,1,0,0,0,0
1990,66,2,0,0,0,0,0,0,0,0
1990,36,1,0,0,0,0,869,0,40,0
1990,36,2,0,0,0,0,435,3,30,0
1990,27,1,0,0,0,0,885,3,71,0
1990,25,2,0,0,0,0,379,5,10,0
1990,28,1,0,0,0,0,628,1,40,0
1990,27,2,0,0,0,0,0,0,0,0
1990,42,2,2,0,0,1,313,5,40,0
1990,27,1,0,0,0,0,804,0,40,0
1990,23,2,0,0,0,1,453,4,40,0
1990,31,1,0,0,0,0,567,0,30,0
1990,29,2,0,0,0,1,303,4,0,0
1990,79,2,0,0,0,0,0,0,0,0
1990,45,1,0,0,0,0,804,1,50,0
1990,34,2,0,0,3,0,804,3,35,0
1990,34,1,2,0,0,0,373,3,40,0
1990,19,1,1,0,0,0,443,5,40,0
1990,36,1,1,0,0,1,628,2,40,0
1990,33,1,0,0,0,1,23,0,50,0
1990,30,2,0,0,0,1,208,5,36,0
1990,20,2,1,0,0,1,155,5,20,0
1990,57,2,2,0,0,0,274,3,38,0
1990,46,1,0,0,0,0,585,0,40,0
1990,41,2,0,0,0,1,0,0,0,0
1990,28,1,0,1,0,1,27,6,40,0
1990,29,2,0,1,0,0,877,1,40,0
1990,27,2,2,0,0,1,447,5,0,0
1990,23,1,0,0,0,0,243,3,40,0
1990,21,2,0,0,0,0,435,3,0,0
1990,35,2,3,0,0,1,904,6,40,0
1990,80,1,0,0,0,0,0,0,0,0
1990,65,2,0,0,0,0,0,0,0,0
1990,46,1,0,0,0,0,785,1,60,0
1990,50,2,0,0,0,0,274,3,32,0
1990,41,1,0,0,0,0,516,0,40,0
1990,34,2,0,0,0,1,856,1,0,0
1990,77,1,0,0,0,0,0,0,0,0
1990,75,2,0,0,0,0,0,0,0,0
1990,48,1,0,0,0,0,176,5,50,0
1990,47,2,0,0,0,1,95,5,40,0
1990,20,1,1,0,0,1,276,3,25,0
1990,34,2,2,0,0,0,745,1,40,0
1990,36,1,2,0,0,0,628,1,40,0
1990,43,1,0,0,0,1,505,4,45,0
1990,38,2,0,0,0,1,383,4,38,0
1990,33,1,0,0,0,0,436,3,60,0
1990,38,2,0,0,0,0,434,3,0,0
1990,19,1,1,0,0,0,436,3,0,0
1990,31,1,0,0,0,0,567,0,40,0
1990,26,2,0,0,0,1,157,5,40,0
1990,59,1,0,0,0,0,806,3,60,0
1990,56,2,0,0,0,1,156,5,40,0
1990,23,1,1,0,0,0,889,3,40,0
1990,20,2,1,0,0,0,368,1,40,0
1990,69,1,0,0,0,0,567,0,20,0
1990,61,2,0,0,0,0,16,2,12,0
1990,48,1,0,0,0,0,473,0,60,0
1990,46,2,0,0,0,0,0,0,0,0
1990,41,1,2,0,0,0,785,1,40,0
1990,25,1,0,0,0,1,509,4,54,0
1990,24,2,0,0,0,0,667,1,33,0
1990,50,1,0,0,0,0,505,1,45,0
1990,58,2,0,0,0,0,389,1,20,0
1990,18,2,1,0,0,0,313,4,40,0
1990,23,1,0,0,0,0,523,2,35,0
1990,25,2,0,0,0,1,319,5,40,0
1990,69,1,0,0,0,0,0,0,0,0
1990,65,2,0,0,0,0,0,0,0,0
1990,36,1,0,0,0,0,637,1,40,0
1990,33,2,0,0,0,0,0,0,0,0
1990,73,1,0,0,0,0,0,0,0,0
1990,63,2,0,0,0,1,0,0,0,0
1990,29,1,0,0,0,0,17,3,45,0
1990,28,2,0,0,0,1,435,3,35,0
1990,61,2,2,0,0,1,254,4,0,0
1990,20,1,2,0,0,1,573,0,40,0
1990,35,1,0,0,0,1,804,1,40,0
1990,35,2,0,0,0,1,174,5,40,0
1990,37,1,0,0,0,0,804,1,40,0
1990,24,2,0,0,0,1,207,5,46,0
1990,37,1,0,0,0,1,567,3,65,0
1990,32,2,0,0,0,1,466,5,45,0
1990,64,2,3,0,0,0,435,3,16,0
1990,31,1,0,0,0,1,22,0,50,0
1990,29,2,0,0,0,0,466,5,31,0
1990,42,1,0,0,0,0,496,1,40,0
1990,42,2,0,0,0,0,808,2,0,0
1990,19,2,0,0,0,0,883,1,48,0
1990,20,1,0,0,0,0,496,1,40,0
1990,27,1,0,0,0,0,877,1,40,0
1990,26,2,0,0,0,0,313,1,40,0
1990,46,1,0,0,0,0,549,1,40,0
1990,46,2,0,0,0,0,0,0,0,0
1990,36,1,0,0,0,0,505,3,50,0
1990,34,2,0,0,0,0,223,1,40,0
1990,42,1,0,0,0,0,804,0,50,0
1990,25,2,0,0,0,0,888,1,40,0
1990,73,2,3,0,0,0,0,0,0,0
1990,28,2,2,0,0,1,736,1,40,0
1990,23,1,1,0,0,1,883,3,36,0
1990,71,2,3,0,0,0,0,0,0,1
1990,35,1,0,0,0,0,243,3,55,1
1990,34,2,0,0,0,0,313,3,20,0
1990,54,1,0,0,0,0,0,0,0,0
1990,54,2,0,0,0,0,744,1,40,0
1990,25,2,1,0,0,0,889,5,30,0
1990,77,2,3,0,0,0,0,0,0,0
1990,42,2,2,0,0,0,744,1,40,0
1990,64,2,3,0,0,0,0,0,0,0
1990,30,1,0,0,0,0,479,0,50,0
1990,29,2,0,0,0,0,744,1,0,0
1990,35,1,0,0,0,1,783,0,40,0
1990,40,2,0,0,0,0,744,1,30,0
1990,19,1,1,0,0,1,37,6,40,0
1990,60,1,0,0,0,0,503,3,40,0
1990,58,2,0,0,0,0,207,5,40,0
1990,77,2,3,0,0,0,0,0,0,0
1990,59,2,2,0,0,0,446,5,40,0
1990,27,1,0,0,0,1,573,5,40,0
1990,22,2,0,0,0,1,203,5,40,0
1990,47,1,1,0,0,0,0,0,0,0
1990,74,2,3,0,0,0,0,0,0,0
1990,26,2,0,0,0,0,436,3,30,0
1990,23,1,0,0,0,0,436,3,40,0
1990,66,1,0,0,0,1,448,5,0,0
1990,68,2,0,0,0,1,318,2,0,0
1990,53,1,0,0,0,0,686,1,60,0
1990,50,2,0,0,0,0,207,5,40,0
1990,40,1,2,0,0,1,189,4,50,0
1990,23,2,1,1,0,0,0,0,0,0
1990,46,1,0,0,0,0,804,3,40,0
1990,37,2,0,0,0,0,0,0,0,0
1990,63,1,0,0,0,0,456,2,46,0
1990,58,2,0,0,0,0,0,0,0,0
1990,31,1,0,0,0,0,269,3,50,0
1990,32,2,0,0,0,0,383,4,40,0
1990,80,2,1,0,0,1,174,5,18,0
1990,54,2,1,0,0,1,14,5,35,0
1990,37,1,0,0,0,0,804,2,50,1
1990,35,2,0,0,0,0,313,0,0,0
1990,80,1,3,0,0,0,0,0,0,0
1990,23,1,0,0,0,1,505,3,40,0
1990,21,2,0,0,0,0,433,3,35,0
1990,67,2,3,0,0,0,0,0,0,0
1990,34,1,0,0,0,0,423,6,45,0
1990,39,2,0,0,0,1,313,6,37,0
1990,38,1,0,0,0,0,22,1,50,1
1990,34,2,0,0,0,0,274,3,40,0
1990,48,1,0,0,0,0,516,0,70,0
1990,48,2,0,0,0,0,799,3,40,0
1990,24,1,1,0,0,0,479,0,70,0
1990,21,2,1,0,0,0,479,0,40,0
1990,61,1,0,0,0,0,883,1,40,0
1990,55,2,0,0,0,0,0,0,0,0
1990,18,1,1,0,0,0,804,3,40,0
1990,38,1,3,0,0,0,744,3,40,0
1990,52,1,0,0,0,0,479,0,40,0
1990,50,2,0,0,0,0,379,5,40,0
1990,23,2,1,1,0,0,0,0,0,0
1990,40,1,0,0,0,0,479,0,40,0
1990,36,2,0,0,0,0,888,1,45,0
1990,68,1,0,0,0,0,436,3,40,0
1990,62,2,0,0,0,0,438,3,40,0
1990,60,1,0,0,0,0,337,4,40,0
1990,58,2,0,0,0,0,0,0,0,0
1990,28,2,2,0,0,0,877,0,0,0
1990,57,1,0,0,0,1,176,5,0,0
1990,53,2,0,0,0,0,467,5,0,0
1990,73,2,3,1,0,0,0,0,0,0
1990,43,1,1,0,2,1,176,5,60,0
1990,30,1,0,0,0,0,303,0,60,0
1990,26,2,0,0,0,1,207,5,40,0
1990,59,2,3,0,0,0,433,5,40,0
1990,51,1,0,0,0,0,479,0,50,0
1990,49,2,0,0,0,0,0,0,0,0
1990,25,2,1,0,0,0,436,3,40,0
1990,56,2,2,0,0,0,0,0,0,0
1990,21,2,3,0,0,0,567,0,0,0
1990,63,2,3,1,0,0,0,0,0,0
1990,44,2,1,1,0,0,0,0,0,0
1990,63,1,2,1,0,0,869,5,40,0
1990,59,2,1,1,0,0,0,0,0,0
1990,61,1,1,1,0,0,0,0,0,0
1990,58,2,2,1,0,0,0,0,0,0
1990,48,1,2,0,0,0,0,0,0,0
1990,20,1,1,0,0,0,628,1,40,0
1990,19,2,1,0,2,0,745,1,40,0
1990,78,2,3,0,0,0,0,0,0,0
1990,69,2,2,0,0,0,337,6,40,0
1990,77,1,0,0,0,0,505,4,40,0
1990,73,2,0,0,0,0,0,0,0,0
1990,61,1,0,0,0,0,254,4,8,0
1990,58,2,0,0,0,0,0,0,0,0
1990,42,1,0,0,0,1,473,0,50,0
1990,40,2,0,0,0,0,253,4,40,0
1990,21,1,1,0,0,1,479,0,15,0
1990,31,2,2,0,0,0,785,1,40,0
1990,24,1,0,0,0,1,378,6,45,0
1990,22,2,0,0,0,1,379,6,40,0
1990,38,1,0,0,0,0,869,0,40,0
1990,25,2,0,0,0,0,276,3,28,0
1990,70,1,0,0,0,0,666,4,12,0
1990,68,2,0,0,0,0,447,5,40,0
1990,48,1,2,0,0,0,804,2,40,0
1990,71,1,0,0,0,0,0,0,0,0
1990,71,2,0,0,0,0,0,0,0,0
1990,57,1,2,0,0,0,0,0,0,0
1990,46,2,2,0,0,0,0,0,0,0
1990,18,1,1,0,0,0,479,0,50,0
1990,27,1,1,0,0,0,479,0,40,0
1990,63,1,0,0,0,0,243,3,8,0
1990,57,2,0,0,0,0,447,5,0,0
1990,25,1,2,0,0,0,804,1,50,0
1990,22,2,2,0,0,0,674,1,40,0
1990,26,1,1,0,0,0,783,1,40,0
1990,52,1,0,0,0,0,808,5,20,0
1990,50,2,0,0,0,0,355,2,34,0
1990,31,1,1,0,0,0,21,5,20,0
1990,75,2,3,0,0,0,0,0,0,1
1990,40,1,2,0,0,1,156,5,65,0
1990,47,1,0,0,0,1,253,4,60,1
1990,47,2,0,0,0,1,0,0,0,0
1990,39,1,0,0,0,0,755,1,40,0
1990,35,2,0,0,0,0,185,3,40,0
1990,63,1,2,0,0,1,259,3,0,0
1990,51,2,3,0,0,0,243,3,28,0
1990,55,1,0,0,0,0,417,2,65,0
1990,55,2,0,0,0,0,0,0,0,0
1990,32,2,1,0,0,0,269,3,40,0
1990,27,1,0,0,0,1,889,3,40,0
1990,25,2,0,0,0,0,276,3,25,0
1990,44,2,2,0,0,0,313,5,50,0
1990,23,1,0,0,0,1,303,1,60,0
1990,23,2,0,0,0,1,328,2,25,0
1990,33,1,0,0,0,1,253,4,45,0
1990,29,2,0,0,0,1,278,1,6,0
1990,35,2,1,0,0,0,407,4,12,0
1990,42,1,0,0,0,1,14,5,50,0
1990,43,2,0,0,0,1,313,5,40,0
1990,19,2,1,0,0,1,313,4,25,0
1990,57,1,2,0,0,0,503,3,40,0
1990,30,2,2,0,0,1,23,3,40,0
1990,48,1,0,0,0,0,547,4,40,0
1990,45,2,0,0,0,1,0,0,0,0
1990,21,1,1,0,0,0,269,3,40,0
1990,18,1,1,0,0,0,585,0,30,0
1990,77,1,0,0,0,1,0,0,0,0
1990,75,2,0,0,0,0,0,0,0,0
1990,56,1,0,0,0,1,253,4,35,1
1990,55,2,0,0,0,1,461,2,35,0
1990,21,1,1,0,0,1,804,1,40,0
1990,67,2,2,0,0,1,436,5,0,0
1990,30,1,0,0,0,1,804,2,43,0
1990,26,2,0,0,0,1,329,5,24,0
1990,33,1,0,0,0,0,567,0,40,0
1990,29,2,0,0,0,0,439,3,40,0
1990,37,1,0,0,0,0,448,5,40,0
1990,39,2,0,0,0,0,207,5,16,0
1990,62,1,0,0,0,1,213,1,0,0
1990,48,2,0,0,0,0,0,0,0,0
1990,69,2,3,0,0,0,0,0,0,0
1990,27,1,0,0,0,0,575,1,40,0
1990,26,2,0,0,0,0,379,3,40,0
1990,34,1,0,0,0,0,22,4,40,0
1990,30,2,0,0,0,0,877,1,34,0
1990,40,1,0,0,0,1,96,3,44,0
1990,40,2,0,0,0,1,95,5,40,0
1990,78,2,3,0,0,0,0,0,0,0
1990,21,2,1,0,0,0,447,5,16,0
1990,22,1,1,1,0,0,785,1,58,0
1990,21,2,1,1,0,1,447,5,40,0
1990,72,2,2,0,0,0,0,0,0,0
1990,48,1,2,0,0,1,0,0,0,0
1990,23,2,1,0,0,0,888,1,40,0
1990,27,1,1,0,0,0,486,3,40,0
1990,41,1,2,0,0,0,653,2,40,0
1990,54,1,1,0,0,0,637,1,90,0
1990,20,1,1,0,0,1,558,0,40,0
1990,74,2,3,0,0,0,0,0,0,0
1990,70,1,0,0,0,0,0,0,0,0
1990,71,2,0,0,0,0,0,0,0,0
1990,39,1,1,0,0,1,787,1,0,0
1990,30,2,0,0,0,1,329,3,35,0
1990,36,1,0,0,0,1,337,6,40,0
1990,36,1,1,0,0,0,266,3,50,0
1990,70,1,0,0,0,0,887,4,40,0
1990,66,2,0,0,0,0,18,4,0,0
1990,21,1,1,0,0,0,426,4,34,0
1990,22,1,0,0,0,1,567,0,45,0
1990,22,2,0,0,0,1,313,5,32,0
1990,21,1,3,0,0,1,274,3,30,0
1990,39,1,0,0,0,0,507,4,50,0
1990,29,2,0,0,0,0,877,3,50,0
1990,18,2,1,0,0,0,435,3,32,0
1990,43,1,3,0,0,1,257,4,40,0
1990,66,2,0,0,0,0,337,4,44,0
1990,75,1,0,0,0,0,889,3,40,0
1990,24,1,0,0,0,1,426,4,45,0
1990,24,2,0,0,0,1,379,1,40,0
1990,43,2,2,0,0,1,277,3,30,0
1990,46,2,3,0,0,1,203,5,48,0
1990,59,2,3,0,0,0,208,5,40,0
1990,36,2,2,0,0,1,243,4,40,0
1990,50,1,0,0,0,0,785,1,40,0
1990,44,2,0,0,0,1,734,1,40,0
1990,41,1,0,0,0,0,243,3,45,0
1990,32,2,0,0,0,1,785,4,56,0
1990,70,1,0,0,0,0,0,0,0,0
1990,63,2,0,0,0,1,0,0,0,0
1990,65,1,0,0,0,1,523,2,66,0
1990,67,2,0,0,0,0,0,0,0,0
1990,54,1,0,0,0,1,84,5,80,1
1990,50,2,0,0,0,1,174,5,8,0
1990,41,1,0,0,0,1,567,1,40,0
1990,42,2,0,0,0,1,156,5,40,0
1990,40,2,2,0,0,1,313,5,37,0
1990,80,2,3,0,0,0,0,0,0,0
1990,71,1,2,0,0,0,0,0,0,0
1990,73,1,3,0,0,0,0,0,0,0
1990,39,2,1,0,0,1,379,3,40,0
1990,27,1,0,0,0,0,637,1,40,0
1990,27,2,0,0,0,0,276,3,40,0
1990,52,1,0,0,0,1,389,3,50,0
1990,50,2,0,0,0,1,243,3,40,0
1990,20,2,1,0,0,1,383,4,25,0
1990,57,1,0,0,0,1,154,5,50,0
1990,53,2,0,0,0,1,154,5,40,0
1990,20,2,1,0,0,1,186,5,10,0
1990,43,1,3,0,0,0,417,6,56,0
1990,18,1,1,0,0,0,637,1,18,0
1990,31,1,0,0,0,1,689,0,40,0
1990,31,2,0,0,0,1,313,2,8,0
1990,53,2,2,0,0,1,22,4,60,0
1990,68,2,3,0,0,0,877,3,40,0
1990,40,2,1,1,0,0,0,0,0,0
1990,42,1,0,0,0,0,804,2,40,0
1990,41,2,0,0,0,0,737,1,0,0
1990,20,2,1,0,0,1,385,3,60,0
1990,20,2,1,0,0,1,313,5,45,0
1990,42,2,2,0,0,1,156,5,40,0
1990,19,2,1,0,0,0,348,4,25,0
1990,41,1,0,0,0,1,22,4,82,0
1990,40,2,0,0,0,0,257,2,40,0
1990,49,1,0,0,0,1,243,3,30,0
1990,47,2,0,0,0,0,447,5,0,0
1990,26,1,0,0,0,1,243,3,40,0
1990,25,2,0,0,0,1,229,2,48,0
1990,48,1,0,0,0,0,628,1,40,0
1990,46,2,0,0,0,0,25,4,40,0
1990,45,1,2,0,0,0,628,1,45,0
1990,21,1,2,0,0,0,777,1,40,0
1990,49,1,0,0,0,0,804,2,10,0
1990,48,2,0,0,0,0,453,3,20,0
1990,60,1,0,0,0,1,22,1,40,1
1990,59,2,0,0,0,1,0,0,0,0
1990,29,1,1,0,0,0,0,0,0,0
1990,56,1,0,0,0,1,14,5,50,1
1990,49,2,0,0,0,1,5,6,40,0
1990,20,2,1,0,0,1,337,3,28,0
1990,31,1,1,1,0,0,844,0,50,0
1990,24,2,3,1,0,1,686,1,32,0
1990,59,1,0,1,0,0,549,1,40,0
1990,61,2,0,1,0,1,156,5,40,0
1990,27,2,2,1,0,0,337,4,40,0
1990,42,1,0,0,0,1,558,0,50,0
1990,31,2,0,0,0,0,909,6,0,0
1990,54,1,0,0,0,0,855,0,40,0
1990,48,2,0,0,0,0,0,0,0,0
1990,26,1,2,0,0,0,668,1,40,0
1990,66,2,3,0,0,0,0,0,0,0
1990,47,2,3,1,0,0,407,4,9,0
1990,22,2,1,1,0,0,0,0,0,0
1990,66,1,0,1,0,0,804,2,0,0
1990,65,2,0,1,0,0,0,0,0,0
1990,28,2,1,1,0,0,744,1,40,0
1990,32,1,3,1,0,0,479,0,60,0
1990,35,1,2,1,0,0,449,5,30,0
1990,34,1,1,1,0,0,563,0,0,0
1990,31,2,2,1,0,1,208,5,40,0
1990,59,1,0,0,0,0,779,1,40,0
1990,54,2,0,0,0,0,467,5,43,0
1990,76,1,0,1,0,1,0,0,0,0
1990,76,2,0,1,0,1,0,0,0,0
1990,54,1,0,0,0,0,804,2,99,0
1990,49,2,0,0,0,0,0,0,0,0
1990,24,2,1,0,0,0,313,3,40,0
1990,19,1,1,1,0,1,747,3,40,0
1990,65,2,3,0,0,0,275,4,40,0
1990,76,1,0,0,0,1,0,0,0,0
1990,72,2,0,0,0,0,0,0,0,0
1990,45,2,3,1,0,0,0,0,0,0
1990,18,2,1,1,0,0,313,0,16,0
1990,66,1,3,1,0,0,479,0,40,0
1990,29,1,0,1,0,1,303,6,40,0
1990,25,2,0,1,0,0,785,1,40,0
1990,59,2,0,0,0,0,0,0,0,0
1990,59,1,0,0,0,1,259,0,40,0
1990,48,1,2,0,0,0,804,2,99,0
1990,39,2,1,1,0,0,453,4,20,0
1990,39,1,3,1,0,0,875,2,40,0
1990,50,2,3,1,0,0,0,0,0,0
1990,20,2,1,1,0,0,0,0,0,0
1990,31,1,0,1,0,0,759,1,48,0
1990,26,2,0,1,0,0,796,1,0,0
1990,36,2,2,1,0,0,785,4,99,0
1990,47,1,0,0,0,0,35,0,40,0
1990,44,2,0,0,0,0,259,3,40,0
1990,35,1,0,0,0,0,534,3,45,0
1990,34,2,0,0,0,0,0,0,0,0
1990,42,1,0,0,0,1,363,1,42,0
1990,40,2,0,0,0,1,157,5,50,0
1990,70,2,3,0,0,0,445,5,0,0
1990,77,2,3,0,0,0,0,0,0,0
1990,80,2,0,0,0,0,0,0,0,0
1990,51,1,2,0,0,1,303,6,40,0
1990,77,2,3,1,0,0,0,0,0,0
1990,33,1,0,1,0,1,777,1,40,0
1990,30,2,0,1,0,0,319,2,0,0
1990,77,1,0,1,0,0,0,0,0,0
1990,47,2,0,1,0,0,0,0,0,0
1990,26,1,1,1,0,1,424,6,40,0
1990,25,2,1,1,0,1,0,0,0,0
1990,24,2,1,1,0,0,224,1,68,0
1990,23,2,1,1,0,1,0,0,0,0
1990,19,2,1,1,0,1,0,0,0,0
1990,38,2,3,1,0,0,0,0,0,0
1990,20,2,1,1,0,1,785,1,0,0
1990,77,2,3,1,0,0,436,5,0,0
1990,49,1,0,0,0,1,355,2,44,0
1990,49,2,0,0,0,1,313,6,0,0
1990,22,2,1,0,0,1,386,6,18,0
1990,29,1,1,0,0,1,77,0,55,0
1990,76,2,3,0,0,0,0,0,0,0
1990,40,1,2,0,0,0,0,0,0,0
1990,34,1,0,0,0,1,575,5,80,0
1990,32,2,0,0,0,1,337,5,40,0
1990,28,2,1,1,0,0,453,5,5,0
1990,33,2,2,1,0,0,207,5,0,0
1990,60,2,3,1,0,0,637,1,40,0
1990,31,2,1,1,0,0,0,0,0,0
1990,64,1,0,1,0,0,453,4,40,0
1990,62,2,0,1,0,0,0,0,0,0
1990,50,2,2,0,0,0,785,1,40,0
1990,61,1,0,0,0,0,0,0,0,0
1990,42,2,0,1,0,0,0,0,0,0
1990,20,2,1,1,0,0,0,0,0,0
1990,21,1,1,1,0,0,276,3,12,0
1990,74,2,3,1,0,0,0,0,0,0
1990,48,1,0,0,0,1,13,1,40,0
1990,46,2,0,0,0,1,337,5,40,0
1990,19,1,1,0,0,1,365,3,40,0
1990,57,2,3,0,0,0,0,0,0,0
1990,45,2,2,0,0,0,744,1,40,0
1990,23,1,0,0,0,0,869,2,56,0
1990,22,2,0,0,0,0,769,1,0,0
1990,48,1,0,0,0,0,575,1,40,0
1990,47,2,0,0,0,0,379,5,40,0
1990,23,1,1,0,0,0,518,1,40,0
1990,18,1,1,0,0,0,0,0,0,0
1990,30,1,0,0,0,1,889,2,40,0
1990,29,2,0,0,0,1,365,5,40,0
1990,34,1,0,0,0,0,575,2,40,0
1990,34,2,0,0,0,1,383,4,0,0
1990,75,2,0,0,0,0,0,0,0,0
1990,80,2,3,0,0,0,0,0,0,0
1990,63,1,2,0,0,1,243,3,60,0
1990,55,2,3,0,0,0,436,3,95,0
1990,22,2,2,0,0,0,435,3,48,0
1990,36,1,0,0,0,0,373,3,70,0
1990,31,2,0,0,0,1,337,3,40,0
1990,66,1,0,0,0,0,365,3,40,0
1990,61,2,0,0,0,0,744,1,24,0
1990,40,1,3,0,0,0,327,3,40,0
1990,60,1,0,0,0,1,628,1,40,0
1990,60,2,0,0,0,0,436,5,24,0
1990,34,2,2,0,0,0,744,1,40,0
1990,75,2,3,0,0,0,0,0,0,0
1990,50,1,0,1,0,0,844,0,40,0
1990,49,2,0,1,0,0,436,5,40,0
1990,19,1,1,1,0,0,888,1,40,0
1990,29,1,0,0,0,0,785,1,40,0
1990,26,2,0,0,0,0,0,0,0,0
1990,79,1,3,0,0,0,0,0,0,0
1990,62,1,1,0,0,0,0,0,0,0
1990,73,2,3,0,0,0,0,0,0,0
1990,79,2,3,0,0,0,0,0,0,0
1990,26,1,0,0,0,0,804,2,60,0
1990,23,2,0,0,0,0,796,1,40,0
1990,79,2,3,1,0,0,0,0,0,0
1990,61,1,1,1,0,0,0,0,0,0
1990,37,1,1,1,0,0,0,0,0,0
1990,70,1,0,1,0,0,808,2,0,0
1990,60,2,0,1,0,0,453,4,0,0
1990,27,2,1,1,0,1,754,1,40,0
1990,29,1,0,0,0,0,889,3,45,0
1990,21,2,0,0,0,0,435,4,20,0
1990,40,2,0,1,0,0,0,0,0,0
1990,40,2,3,0,0,1,458,4,40,0
1990,20,2,1,1,0,1,387,5,30,0
1990,24,1,3,0,0,1,243,3,50,0
1990,38,1,3,1,0,0,787,1,40,0
1990,59,1,0,0,0,0,558,0,99,0
1990,57,2,0,0,0,0,877,1,0,0
1990,75,1,0,0,0,0,0,0,0,0
1990,72,2,0,0,0,0,0,0,0,0
1990,53,2,3,0,0,0,877,1,40,0
1990,29,2,3,0,0,0,744,1,20,0
1990,19,1,1,0,0,1,869,0,40,0
1990,69,1,0,0,0,1,253,4,0,1
1990,69,2,0,0,0,1,143,5,0,0
1990,22,1,1,0,0,1,365,3,20,0
1990,58,1,0,0,0,1,473,0,50,0
1990,50,2,0,0,0,0,0,0,0,0
1990,44,1,0,1,0,0,777,1,40,0
1990,43,2,0,1,0,1,453,2,10,0
1990,70,2,3,0,0,0,0,0,0,0
1990,40,1,0,1,0,0,804,2,80,0
1990,46,2,0,1,0,0,449,5,40,0
1990,56,1,0,0,0,1,628,1,45,0
1990,52,2,0,0,0,0,426,2,30,0
1990,31,2,1,0,0,0,205,5,40,0
1990,30,1,0,0,0,1,26,5,55,0
1990,30,2,0,0,0,1,22,4,46,0
1990,40,1,3,0,0,0,887,3,35,0
1990,38,1,0,0,0,1,274,3,40,0
1990,44,2,0,0,4,0,378,2,40,0
1990,28,1,0,0,0,0,518,1,40,0
1990,31,2,0,0,0,0,315,6,40,1
1990,47,2,0,0,0,1,313,3,40,0
1990,49,1,0,0,0,0,22,1,40,0
1990,51,2,2,0,0,0,426,4,40,0
1990,24,2,1,0,0,1,744,1,40,0
1990,21,1,0,0,0,1,769,1,40,0
1990,18,2,0,0,0,1,274,3,10,0
1990,59,2,2,1,0,0,253,4,40,0
1990,66,1,0,0,0,1,808,5,40,0
1990,57,2,0,0,0,0,453,5,35,0
1990,26,1,1,0,0,1,186,5,40,0
1990,21,1,1,0,0,1,867,5,32,0
1990,74,2,3,0,0,0,0,0,0,0
1990,30,1,2,0,0,1,486,0,99,0
1990,32,2,2,0,0,1,27,1,40,0
1990,66,1,2,0,0,0,744,1,40,0
1990,41,1,0,0,0,1,8,5,47,0
1990,27,2,0,0,0,1,33,5,40,0
1990,65,1,0,0,0,1,869,0,31,1
1990,62,2,0,0,0,1,0,0,0,0
1990,47,1,0,0,0,1,22,1,65,1
1990,37,2,0,0,0,1,156,5,38,0
1990,45,1,1,1,0,0,0,0,0,0
1990,51,1,0,1,0,1,785,1,40,0
1990,45,2,0,1,0,0,753,0,40,0
1990,23,1,1,1,0,1,809,4,40,0
1990,21,2,1,1,0,1,276,3,20,0
1990,26,1,0,0,0,0,457,4,50,0
1990,24,2,0,0,0,0,0,0,0,0
1990,75,2,3,0,0,0,0,0,0,0
1990,63,2,0,0,0,0,418,6,50,0
1990,63,1,0,0,0,0,744,1,40,0
1990,56,2,3,0,0,0,744,1,43,0
1990,36,1,0,0,0,0,779,1,40,0
1990,37,2,0,0,0,0,628,1,40,0
1990,22,1,0,1,0,0,433,3,60,0
1990,23,2,0,1,0,1,276,3,35,0
1990,42,2,2,0,0,0,0,0,0,0
1990,19,2,1,0,0,0,744,1,40,0
1990,58,1,0,0,0,1,779,0,60,0
1990,60,2,0,0,0,0,274,3,40,0
1990,33,1,0,0,0,0,518,1,50,0
1990,34,2,0,0,0,0,785,1,0,0
1990,68,1,0,0,0,1,0,0,0,0
1990,64,2,0,0,0,0,0,0,0,0
1990,50,1,0,0,0,0,628,1,55,0
1990,46,2,0,0,0,0,0,0,0,0
1990,18,2,1,0,0,0,0,0,0,0
1990,23,2,2,0,0,0,744,1,40,0
1990,59,1,0,0,0,1,243,3,60,0
1990,57,2,0,0,0,1,0,0,0,0
1990,65,2,3,0,0,0,435,4,0,0
1990,52,2,2,0,0,0,205,5,99,0
1990,49,1,0,0,0,1,243,2,50,0
1990,41,2,0,0,0,0,744,1,0,0
1990,39,2,2,0,0,0,744,1,40,0
1990,37,1,0,0,0,1,577,2,65,0
1990,34,2,0,0,0,0,808,5,35,0
1990,66,1,3,0,0,0,0,0,0,0
1990,65,1,0,0,0,0,889,1,0,0
1990,61,2,0,0,0,0,0,0,0,0
1990,71,1,0,0,0,0,243,3,99,0
1990,66,2,0,0,0,0,0,0,0,0
1990,65,1,0,0,0,0,889,3,52,0
1990,68,2,0,0,0,0,0,0,0,0
1990,44,1,0,0,0,0,22,1,40,0
1990,42,2,0,0,0,1,313,4,40,0
1990,20,2,1,0,0,0,785,1,40,0
1990,56,1,3,0,0,0,883,1,40,0
1990,76,1,0,0,0,0,0,0,0,0
1990,70,2,0,0,0,0,0,0,0,0
1990,59,2,0,0,0,0,744,1,40,0
1990,32,1,0,0,0,1,22,1,60,1
1990,29,2,0,0,0,1,156,5,35,0
1990,65,1,0,0,0,0,0,0,0,0
1990,66,2,0,0,0,0,0,0,0,0
1990,57,1,0,0,0,1,0,0,0,0
1990,56,2,0,0,0,0,0,0,0,0
1990,54,1,0,0,0,1,18,4,30,1
1990,52,2,0,0,0,1,337,5,20,0
1990,22,1,1,0,0,1,889,1,40,0
1990,56,2,0,0,0,1,243,3,50,0
1990,55,1,0,0,0,0,313,3,55,0
1990,22,1,0,0,0,0,668,1,40,0
1990,22,2,0,0,0,0,313,1,40,1
1990,62,2,3,0,0,0,15,5,40,0
1990,72,2,0,0,0,1,0,0,0,0
1990,45,2,0,0,0,0,0,0,0,0
1990,47,1,0,0,0,0,0,0,0,0
1990,79,2,3,1,0,0,0,0,0,0
1990,36,2,1,1,0,0,0,0,0,0
1990,25,2,0,0,0,0,744,1,35,0
1990,27,1,0,0,0,0,628,1,40,0
1990,40,1,0,0,0,1,156,5,40,0
1990,38,2,0,0,0,0,156,5,8,0
1990,45,1,0,0,0,0,373,1,40,0
1990,44,2,0,0,0,0,164,5,32,0
1990,19,2,1,0,0,1,276,3,36,0
1990,25,1,0,0,0,1,717,1,40,0
1990,24,2,0,0,0,1,337,3,40,0
1990,30,1,0,0,0,1,418,6,42,0
1990,26,2,0,0,0,1,337,5,40,0
1990,62,1,0,0,0,0,0,0,0,0
1990,59,2,0,0,0,0,274,3,37,0
1990,66,1,0,0,0,0,804,2,28,0
1990,58,2,0,0,0,0,315,5,0,0
1990,48,1,0,0,0,0,889,1,40,0
1990,40,2,0,0,0,0,466,5,40,0
1990,18,1,1,0,0,0,785,1,40,0
1990,25,1,2,0,0,0,505,4,80,0
1990,27,2,2,0,0,0,769,1,0,0
1990,41,2,2,0,0,1,888,1,32,0
1990,37,1,2,0,0,1,308,1,40,0
1990,35,1,0,1,0,0,785,1,40,0
1990,41,2,0,1,0,1,744,1,20,0
1990,72,1,0,0,0,0,0,0,0,0
1990,68,2,0,0,0,0,0,0,0,0
1990,26,1,0,0,0,0,785,1,40,0
1990,27,2,0,0,0,0,336,5,40,0
1990,64,2,3,0,0,0,0,0,0,0
1990,36,1,0,0,0,1,216,4,40,0
1990,34,2,0,0,0,0,337,5,35,0
1990,22,1,1,0,0,1,157,5,25,0
1990,22,1,1,0,0,1,157,5,40,0
1990,21,1,1,0,0,1,599,1,50,0
1990,19,1,1,0,0,1,479,0,50,0
1990,20,2,1,0,0,1,323,6,20,0
1990,19,2,1,0,0,1,274,3,15,0
1990,54,1,0,0,0,0,696,5,40,0
1990,56,2,0,0,4,0,0,0,0,0
1990,38,2,2,0,0,1,377,6,40,0
1990,46,1,0,0,0,0,423,6,40,0
1990,44,2,0,0,0,0,445,5,36,0
1990,18,2,1,0,0,0,276,3,24,0
1990,37,1,0,0,0,1,558,0,60,1
1990,34,2,0,0,0,1,156,5,40,0
1990,47,1,0,0,0,0,558,1,40,0
1990,41,2,0,0,0,0,0,0,0,0
1990,24,1,0,0,0,1,508,5,40,0
1990,31,2,0,0,0,1,337,3,30,0
1990,47,2,3,0,0,1,243,3,99,0
1990,19,1,1,0,0,1,804,3,40,0
1990,48,1,0,1,0,0,804,2,60,0
1990,45,2,0,1,0,0,744,1,36,0
1990,19,2,1,0,0,1,274,3,40,0
1990,22,2,1,0,0,1,95,5,40,0
1990,50,1,1,1,0,1,486,5,40,0
1990,64,1,3,0,0,0,243,3,40,0
1990,20,2,1,0,0,1,224,1,44,0
1990,20,2,1,0,0,1,435,3,50,0
1990,18,1,1,0,0,1,0,0,0,0
1990,19,1,1,0,0,1,877,3,50,0
1990,19,2,1,0,0,1,274,3,20,0
1990,73,1,0,0,0,1,84,5,0,1
1990,64,2,0,0,0,1,95,4,36,0
1990,34,2,0,1,0,1,783,1,0,0
1990,37,1,0,1,0,0,855,0,40,0
1990,42,1,1,0,0,1,22,0,0,0
1990,48,1,0,0,0,1,167,5,45,1
1990,48,2,0,0,0,1,337,5,0,0
1990,70,2,3,0,0,0,447,5,18,0
1990,61,1,0,0,0,1,268,3,40,1
1990,59,2,0,0,0,1,313,3,0,0
1990,38,1,2,0,0,1,717,1,40,0
1990,71,1,0,0,0,0,0,0,0,0
1990,69,2,0,0,0,0,0,0,0,0
1990,30,2,2,0,0,0,777,1,40,0
1990,22,1,1,1,0,0,727,1,40,0
1990,53,2,3,1,0,0,0,0,0,0
1990,46,2,3,1,0,0,909,6,0,0
1990,22,1,1,1,0,0,883,1,0,0
1990,25,1,1,1,0,0,909,6,0,0
1990,21,1,1,1,0,0,747,1,35,0
1990,18,1,1,1,0,0,0,0,0,0
1990,52,1,0,0,0,0,243,3,72,0
1990,47,2,0,0,0,0,243,3,60,0
1990,49,2,2,0,0,0,156,5,63,0
1990,32,1,0,2,0,1,227,6,40,0
1990,30,2,0,2,0,1,197,4,25,0
1990,56,1,0,0,0,0,22,0,60,0
1990,55,2,0,0,0,0,315,5,20,0
1990,37,2,0,0,0,0,435,3,0,0
1990,60,1,0,0,0,0,579,0,0,0
1990,34,1,0,0,0,1,703,1,58,0
1990,36,2,0,0,0,1,243,3,40,0
1990,30,1,0,1,0,0,829,2,84,0
1990,29,2,0,1,0,0,453,3,0,0
1990,29,1,0,0,0,1,53,1,45,0
1990,30,2,0,0,0,1,156,5,40,0
1990,59,2,3,1,0,0,447,4,0,0
1990,49,1,3,1,0,0,0,0,0,0
1990,39,1,0,0,0,1,695,0,60,0
1990,37,2,0,0,0,1,313,1,40,0
1990,34,1,0,0,0,1,243,3,40,0
1990,27,2,0,0,0,1,276,3,40,0
1990,20,1,1,0,0,1,533,2,40,0
1990,47,1,0,0,0,0,585,0,40,0
1990,49,2,0,0,0,0,467,5,68,0
1990,44,2,3,1,0,1,157,5,40,0
1990,19,2,1,1,0,1,315,6,40,0
1990,18,2,1,1,0,0,0,0,0,0
1990,50,1,3,1,0,0,453,1,40,0
1990,25,1,0,0,0,0,479,0,50,0
1990,22,2,0,0,0,0,479,0,30,0
1990,57,1,0,0,0,1,89,5,60,0
1990,55,2,0,0,0,0,0,0,0,0
1990,60,1,0,0,0,0,668,4,40,0
1990,52,2,0,0,0,0,744,1,40,0
1990,19,2,1,0,0,0,203,5,30,0
1990,42,1,0,1,0,0,597,1,40,0
1990,33,2,0,1,0,0,5,6,50,0
1990,29,1,0,0,0,0,849,1,60,0
1990,29,2,0,0,0,0,313,4,40,0
1990,60,2,0,1,0,0,453,4,4,0
1990,64,1,0,1,0,0,875,2,0,0
1990,62,1,3,1,0,0,785,1,40,0
1990,70,2,3,0,0,0,0,0,0,0
1990,66,1,0,0,0,1,7,4,0,0
1990,64,2,0,0,0,0,0,0,0,0
1990,77,1,0,0,0,0,579,0,40,0
1990,61,2,0,0,0,0,0,0,0,0
1990,77,1,0,1,0,0,0,0,0,0
1990,72,2,0,1,0,0,0,0,0,0
1990,59,1,2,0,0,0,779,1,40,0
1990,20,2,1,1,0,0,0,0,0,0
1990,65,2,3,0,0,0,0,0,0,0
1990,55,1,2,0,0,1,5,6,0,0
1990,57,1,3,1,0,0,479,0,0,0
1990,21,2,1,1,0,0,0,0,0,0
1990,51,2,3,1,0,0,0,0,0,0
1990,69,2,2,1,0,0,0,0,0,0
1990,49,1,2,1,0,0,0,0,0,0
1990,32,1,3,1,0,0,909,6,0,0
1990,39,2,2,1,0,0,0,0,0,0
1990,20,1,1,1,0,1,0,0,0,0
1990,48,1,0,1,0,1,636,1,40,0
1990,48,2,0,1,0,1,268,3,40,0
1990,21,1,1,1,0,1,783,4,40,0
1990,19,1,1,1,0,0,0,0,0,0
1990,66,2,1,1,0,0,0,0,0,0
1990,18,2,1,1,0,0,0,0,0,0
1990,66,2,3,0,0,0,0,0,0,0
1990,36,1,0,0,0,1,549,0,50,0
1990,32,2,0,0,0,0,337,3,26,0
1990,77,1,0,0,0,0,0,0,0,0
1990,80,2,0,0,0,1,0,0,0,0
1990,49,1,0,0,0,1,19,4,45,1
1990,46,2,0,0,0,1,313,4,16,0
1990,42,2,2,1,0,0,744,1,40,0
1990,69,2,3,0,0,0,465,5,12,0
1990,61,1,1,1,0,0,0,0,0,0
1990,42,1,0,0,0,1,243,3,40,0
1990,39,2,0,0,0,1,376,4,40,0
1990,61,2,3,0,0,0,435,3,40,0
1990,29,1,3,0,0,0,453,2,0,0
1990,26,2,3,0,0,0,785,1,40,0
1990,78,1,3,0,0,0,0,0,0,0
1990,56,1,0,0,0,0,505,3,40,0
1990,56,2,0,0,2,1,779,1,40,0
1990,23,1,0,1,0,0,453,5,40,0
1990,22,2,0,1,0,0,436,3,34,0
1990,64,2,2,1,0,0,0,0,0,0
1990,65,1,0,1,0,0,878,1,48,0
1990,62,2,0,1,0,0,449,5,40,0
1990,40,2,1,1,0,0,436,3,32,0
1990,28,2,1,1,0,1,379,5,34,0
1990,43,1,1,0,0,0,335,6,25,0
1990,71,2,3,0,0,0,0,0,0,0
1990,69,2,3,1,0,0,747,1,40,0
1990,47,1,0,1,0,1,14,5,40,0
1990,36,2,0,1,0,1,14,5,40,0
1990,52,2,0,0,0,1,453,5,3,0
1990,48,1,0,0,0,0,496,1,36,0
1990,19,2,1,0,0,1,276,3,24,0
1990,49,1,0,0,0,1,176,5,50,0
1990,49,2,0,0,0,1,157,5,40,0
1990,19,2,1,0,0,1,243,3,30,0
1990,52,1,0,0,0,1,0,0,0,0
1990,42,2,0,0,0,1,22,5,40,0
1990,75,2,3,0,0,0,0,0,0,0
1990,34,1,0,1,0,0,785,1,40,0
1990,29,2,0,1,0,0,889,1,40,0
1990,40,1,0,0,0,0,567,1,40,0
1990,42,2,0,0,0,0,0,0,0,0
1990,54,1,0,1,0,0,514,3,60,0
1990,51,2,0,1,0,0,447,5,0,0
1990,23,1,1,1,0,0,549,4,25,0
1990,21,1,1,1,0,0,364,4,40,0
1990,21,1,1,1,0,0,694,2,40,0
1990,44,1,0,0,0,0,628,1,40,0
1990,50,2,0,0,0,0,749,1,40,0
1990,25,1,1,1,0,0,853,0,40,0
1990,30,2,2,1,0,0,744,1,40,0
1990,20,1,1,1,1,0,0,0,0,0
1990,23,2,1,1,0,1,319,5,8,0
1990,28,2,1,1,0,0,387,5,40,0
1990,51,1,0,0,0,0,844,2,40,0
1990,46,2,0,0,0,0,208,5,40,0
1990,22,1,1,0,0,0,804,3,50,0
1990,19,2,1,0,0,1,364,3,25,0
1990,74,1,0,1,0,0,0,0,0,0
1990,75,2,0,1,0,0,0,0,0,0
1990,47,1,0,0,0,0,259,3,65,0
1990,43,2,0,0,0,0,313,5,40,0
1990,22,2,1,0,0,1,0,0,0,0
1990,21,2,1,0,0,1,0,0,0,0
1990,68,1,0,0,0,0,4,6,40,0
1990,59,2,0,0,0,0,0,0,0,0
1990,35,2,1,1,0,0,0,0,0,0
1990,50,1,0,1,0,0,79,0,40,1
1990,61,2,0,1,0,0,407,4,12,0
1990,66,1,0,1,0,0,479,0,0,0
1990,53,2,0,1,0,0,0,0,0,0
1990,22,1,1,1,0,0,804,3,40,0
1990,43,1,3,1,0,1,453,5,40,0
1990,27,2,1,1,0,0,786,1,49,0
1990,43,1,0,1,0,0,518,1,40,0
1990,44,2,0,1,0,1,156,5,40,0
1990,70,1,0,0,0,1,0,0,0,0
1990,69,2,0,0,0,1,157,5,40,0
1990,40,1,2,0,0,1,469,4,40,0
1990,35,1,0,0,0,1,243,3,55,0
1990,36,2,0,0,0,1,95,5,40,0
1990,41,2,1,1,0,0,744,1,40,0
1990,39,2,1,1,0,0,407,4,40,0
1990,21,1,1,1,0,0,479,0,40,0
1990,75,2,1,1,0,0,0,0,0,0
1990,68,1,0,0,0,1,0,0,0,0
1990,63,2,0,0,0,1,243,3,40,0
1990,52,1,2,1,0,0,0,0,0,0
1990,19,2,1,1,0,0,0,0,0,0
1990,18,2,1,1,0,0,785,1,0,0
1990,43,2,3,1,0,0,707,1,40,0
1990,75,2,3,1,0,0,0,0,0,0
1990,34,1,1,1,0,0,0,0,0,0
1990,33,1,2,1,0,0,453,3,40,0
1990,29,1,1,1,0,0,804,1,40,0
1990,47,1,2,1,0,0,223,0,40,0
1990,26,2,3,1,0,1,0,0,0,0
1990,63,2,3,1,0,0,354,2,0,0
1990,37,1,0,0,0,1,22,4,50,0
1990,39,2,0,0,0,1,25,4,40,0
1990,53,2,2,0,0,1,22,5,20,0
1990,24,2,1,0,0,1,887,4,15,0
1990,50,2,1,1,0,0,407,4,5,0
1990,33,1,1,1,0,0,0,0,0,0
1990,62,1,0,1,0,0,0,0,0,0
1990,57,2,0,1,0,1,156,5,0,0
1990,21,1,1,1,0,1,523,4,16,0
1990,29,2,3,1,0,1,458,4,45,0
1990,52,1,2,1,0,1,585,0,40,0
1990,46,2,1,1,0,0,0,0,0,0
1990,26,2,1,1,0,0,436,3,12,0
1990,23,1,1,1,0,0,436,3,28,0
1990,44,2,2,1,0,1,316,6,0,0
1990,39,2,2,1,0,0,766,1,37,0
1990,63,2,3,1,0,0,447,5,0,0
1990,20,1,1,1,0,0,0,0,0,0
1990,62,1,0,0,0,1,359,2,40,0
1990,60,2,0,0,0,0,337,4,40,0
1990,50,1,0,0,0,1,628,1,40,0
1990,41,2,0,0,0,1,337,3,40,0
1990,18,2,1,0,0,0,274,3,20,0
1990,72,1,0,1,0,1,0,0,0,0
1990,67,2,0,1,0,0,17,5,30,0
1990,39,2,1,1,0,0,0,0,0,0
1990,62,1,0,0,0,1,7,1,0,0
1990,61,2,0,0,0,1,95,5,40,0
1990,55,1,0,0,0,0,475,0,84,1
1990,54,2,0,0,0,1,0,0,0,0
1990,32,2,1,0,0,1,427,5,40,0
1990,30,1,1,0,0,1,475,0,50,0
1990,49,1,0,0,0,0,417,6,50,0
1990,45,2,0,0,0,1,156,5,25,0
1990,21,2,1,0,0,0,156,5,40,0
1990,70,2,3,1,0,0,0,0,0,0
1990,31,1,0,0,0,1,785,1,45,0
1990,30,2,0,0,0,1,156,5,40,0
1990,20,1,1,0,0,1,686,3,30,0
1990,66,1,0,0,0,1,0,0,0,0
1990,61,2,0,0,0,1,6,6,0,0
1990,30,2,1,1,0,1,754,1,52,0
1990,53,1,3,1,0,0,268,3,40,0
1990,28,2,1,1,0,0,856,1,40,0
1990,64,2,3,0,0,0,0,0,0,0
1990,57,1,0,0,0,0,475,0,25,0
1990,54,2,0,0,0,0,17,5,40,0
1990,37,1,3,1,0,1,0,0,0,0
1990,79,1,0,1,0,0,0,0,0,0
1990,64,2,0,1,0,0,407,4,6,0
1990,48,2,0,0,0,0,467,5,40,0
1990,36,1,0,0,0,0,804,3,50,0
1990,47,2,3,1,0,1,0,0,0,0
1990,21,2,1,1,0,1,276,3,0,0
1990,18,1,1,1,0,1,856,0,0,0
1990,19,2,1,1,0,1,0,0,0,0
1990,41,1,3,1,0,0,486,0,3,0
1990,63,1,0,0,0,0,0,0,0,0
1990,59,2,0,0,0,0,0,0,0,0
1990,59,2,3,1,0,0,0,0,0,0
1990,23,1,1,1,0,0,0,0,0,0
1990,77,2,3,0,0,1,0,0,0,0
1990,33,1,0,1,0,0,479,0,8,0
1990,29,2,0,1,0,1,744,1,40,0
1990,35,1,0,1,0,1,756,5,40,0
1990,33,2,0,1,0,1,313,6,40,0
1990,47,1,0,1,0,1,389,6,40,0
1990,43,2,0,1,0,1,235,6,40,0
1990,19,1,1,1,0,1,888,5,0,0
1990,22,1,1,1,0,0,785,1,40,0
1990,40,1,1,1,0,0,804,2,8,0
1990,42,2,3,1,0,0,0,0,0,0
1990,18,1,1,1,0,0,453,6,30,0
1990,23,1,1,1,0,0,365,3,30,0
1990,38,1,1,0,0,0,785,2,45,0
1990,30,2,1,3,0,0,0,0,0,0
1990,36,1,0,0,0,1,22,1,40,0
1990,37,2,0,0,0,1,313,0,10,0
1990,46,2,3,1,0,0,387,5,0,0
1990,21,1,0,1,0,0,785,1,48,0
1990,24,2,0,1,0,1,0,0,0,0
1990,25,2,3,1,0,0,777,1,40,0
1990,77,2,3,1,0,0,0,0,0,0
1990,24,2,1,1,0,0,407,4,40,0
1990,55,2,3,1,0,0,748,4,0,0
1990,22,2,1,1,0,0,0,0,0,0
1990,48,2,3,1,0,0,0,0,0,0
1990,21,2,1,1,0,0,877,3,24,0
1990,27,2,1,1,0,0,0,0,0,0
1990,32,1,2,1,0,0,804,2,38,0
1990,76,1,2,1,0,0,0,0,0,0
1990,67,2,3,1,0,0,407,4,0,0
1990,39,2,2,1,0,1,337,6,26,0
1990,40,1,0,0,0,1,75,0,45,0
1990,31,2,0,0,0,1,177,5,6,0
1990,47,2,1,1,0,1,174,5,0,0
1990,31,1,0,0,0,0,386,1,50,0
1990,31,2,0,0,0,0,22,1,20,0
1990,27,1,0,0,0,0,628,1,40,0
1990,21,2,0,0,0,0,0,0,0,0
1990,45,1,2,1,0,1,544,1,0,0
1990,58,1,0,0,0,0,426,4,56,0
1990,40,2,0,0,0,0,0,0,0,0
1990,51,1,0,1,0,0,549,1,40,0
1990,47,2,0,1,0,0,796,1,40,0
1990,61,1,0,0,0,0,549,4,72,0
1990,57,2,0,0,0,0,276,3,40,0
1990,24,1,0,0,0,0,869,0,40,0
1990,22,2,0,0,0,0,243,3,40,0
1990,46,1,0,0,0,1,22,1,40,1
1990,45,2,0,0,0,1,0,0,0,0
1990,78,2,3,1,0,0,453,0,0,0
1990,70,1,1,0,0,0,473,0,50,0
1990,76,2,3,1,0,0,0,0,0,0
1990,42,1,0,0,0,0,579,0,32,0
1990,36,2,0,0,0,0,348,3,50,0
1990,48,2,3,1,0,0,0,0,0,0
1990,18,2,3,1,0,0,0,0,0,0
1990,22,2,3,1,0,0,0,0,0,0
1990,20,2,3,1,0,1,0,0,0,0
1990,70,2,1,0,0,1,34,5,0,0
1990,71,1,0,0,0,0,23,4,0,0
1990,66,2,0,0,0,1,0,0,0,0
1990,26,1,1,0,0,0,534,4,30,1
1990,26,1,1,0,0,0,584,0,40,0
1990,25,2,1,0,0,1,313,5,40,0
1990,57,2,2,1,0,0,449,4,40,0
1990,23,2,1,1,0,1,379,5,0,0
1990,31,1,0,0,0,1,259,1,60,1
1990,29,2,0,0,0,1,259,1,40,0
1990,54,1,0,0,0,0,567,0,40,0
1990,58,2,0,0,0,0,785,1,40,0
1990,46,1,0,0,0,0,628,1,50,1
1990,46,2,0,0,0,0,313,1,45,0
1990,68,2,1,0,0,0,313,1,0,0
1990,50,2,2,1,0,0,768,1,40,0
1990,27,1,0,1,0,0,0,0,0,0
1990,20,2,0,1,0,0,779,1,40,0
1990,28,1,0,1,0,0,889,1,36,0
1990,26,1,1,1,0,0,366,2,40,0
1990,40,1,0,0,0,1,877,3,72,0
1990,26,2,0,0,0,0,383,4,40,0
1990,30,1,0,0,0,0,585,0,50,0
1990,28,2,0,0,0,0,467,5,7,0
1990,38,2,0,1,0,0,0,0,0,0
1990,42,1,0,1,0,0,479,0,40,0
1990,70,2,2,1,0,0,453,5,0,0
1990,48,2,1,1,0,1,376,6,40,0
1990,45,1,2,1,0,1,4,6,30,0
1990,58,1,0,1,0,0,844,0,45,0
1990,54,2,0,1,0,0,447,5,40,0
1990,27,1,3,1,0,1,55,0,0,0
1990,22,2,1,1,0,1,447,5,0,0
1990,19,1,1,1,0,1,0,0,0,0
1990,61,2,3,1,0,0,0,0,0,0
1990,21,2,1,1,0,1,0,0,0,0
1990,30,1,0,1,0,1,844,5,40,0
1990,31,2,0,1,0,1,95,5,40,0
1990,51,1,0,0,0,1,423,6,40,0
1990,46,2,0,0,0,1,313,5,40,0
1990,19,2,1,0,0,1,348,5,15,0
1990,30,1,3,1,0,1,808,2,40,0
1990,31,1,0,1,0,1,23,1,40,0
1990,29,2,0,1,0,1,64,4,40,0
1990,28,2,3,1,0,1,5,6,40,0
1990,70,1,0,0,0,1,0,0,0,0
1990,72,2,0,0,0,0,0,0,0,0
1990,80,2,3,0,0,1,0,0,0,0
1990,47,1,0,0,0,1,375,4,8,0
1990,48,2,0,0,0,1,378,4,37,0
1990,28,1,0,1,0,1,14,5,40,0
1990,46,2,0,1,0,1,164,5,38,0
1990,21,1,1,1,0,1,505,3,45,0
1990,20,2,1,1,0,1,0,0,0,0
1990,22,1,0,1,0,1,785,1,45,0
1990,18,2,0,1,0,0,0,0,0,0
1990,52,1,0,1,0,0,558,0,40,1
1990,52,2,0,1,0,1,458,4,40,0
1990,32,2,1,1,0,1,348,1,30,0
1990,76,1,3,1,0,0,0,0,0,0
1990,72,2,3,1,0,0,407,4,24,0
1990,24,1,1,1,0,1,808,5,25,0
1990,35,2,1,0,0,1,313,4,40,0
1990,24,1,0,0,0,1,264,3,26,0
1990,22,2,0,0,0,0,313,5,40,0
1990,39,1,0,0,0,1,43,5,99,0
1990,35,2,0,0,0,1,313,5,32,0
1990,53,1,0,3,3,0,436,3,72,0
1990,49,2,0,3,3,0,276,3,72,0
1990,40,2,2,0,0,1,36,6,40,0
1990,67,2,3,0,0,0,274,3,40,0
1990,25,2,1,1,0,1,207,5,40,0
1990,48,2,1,1,0,0,436,5,40,0
1990,28,2,1,1,0,1,315,4,40,0
1990,42,1,3,1,0,0,567,0,7,0
1990,31,1,1,0,1,1,177,5,0,0
1990,31,1,0,1,0,0,795,1,40,0
1990,29,2,0,1,0,1,276,3,60,0
1990,69,2,3,1,0,0,0,0,0,0
1990,25,2,1,1,0,1,315,4,38,0
1990,45,1,3,1,0,0,637,1,40,0
1990,78,2,3,1,0,0,0,0,0,0
1990,59,2,2,0,0,0,313,5,40,0
1990,64,2,2,0,0,0,0,0,0,0
1990,19,1,1,0,0,1,475,0,40,0
1990,75,1,3,0,0,0,0,0,0,0
1990,62,1,0,0,0,0,869,0,40,0
1990,54,2,0,0,0,0,0,0,0,0
1990,39,2,3,1,0,1,889,4,40,0
1990,79,1,0,0,0,0,0,0,0,0
1990,21,1,0,1,0,0,869,0,0,0
1990,28,2,0,1,0,0,447,5,40,0
1990,21,2,1,1,0,1,276,3,14,0
1990,32,1,0,1,0,0,744,1,40,0
1990,25,2,0,1,0,0,155,5,45,0
1990,38,2,1,1,0,0,426,5,40,0
1990,58,1,0,0,0,1,243,3,50,1
1990,58,2,0,0,0,1,243,3,35,0
1990,49,1,1,0,2,1,176,5,40,0
1990,39,1,1,3,3,1,176,5,40,0
1990,44,2,0,0,0,1,55,0,40,0
1990,35,1,0,0,0,0,0,0,0,0
1990,42,1,2,0,0,1,413,6,40,0
1990,24,1,0,0,0,0,269,3,40,0
1990,21,2,0,0,0,0,243,3,40,0
1990,77,1,0,0,0,0,686,3,0,0
1990,68,2,0,0,0,1,243,3,7,0
1990,59,1,0,0,0,0,259,3,40,1
1990,57,2,0,0,0,1,0,0,0,0
1990,76,1,0,0,0,0,259,3,45,0
1990,48,2,0,0,0,1,313,5,45,0
1990,51,1,0,1,0,1,14,5,40,0
1990,44,2,0,1,0,1,159,5,40,0
1990,69,2,3,0,0,0,0,0,0,0
1990,33,1,0,0,0,1,628,1,48,0
1990,31,2,0,0,0,1,95,5,40,0
1990,24,1,1,0,0,1,0,0,0,0
1990,41,1,0,0,0,1,243,4,40,0
1990,45,2,0,0,0,1,319,6,40,0
1990,49,1,0,3,3,1,53,0,45,0
1990,47,2,0,3,3,1,23,4,40,0
1990,69,1,0,0,0,0,0,0,0,0
1990,62,2,0,0,0,0,0,0,0,0
1990,37,1,0,0,0,1,804,2,50,0
1990,32,2,0,0,0,1,0,0,0,0
1990,24,1,0,0,0,0,653,6,40,0
1990,20,2,0,0,0,0,406,4,40,0
1990,30,2,1,1,0,0,909,6,0,0
1990,77,2,3,0,0,0,0,0,0,0
1990,28,2,1,1,0,1,257,2,50,1
1990,30,1,0,0,0,1,777,1,45,0
1990,29,2,0,0,0,1,313,5,40,0
1990,19,1,1,0,0,1,583,0,40,1
1990,20,1,0,0,0,0,505,4,40,0
1990,27,2,0,0,0,1,259,3,40,0
1990,49,1,0,0,0,1,53,6,40,1
1990,47,2,0,0,0,1,95,5,30,0
1990,39,1,0,0,0,1,55,2,40,0
1990,37,2,0,0,0,1,379,2,0,0
1990,24,1,0,0,0,1,23,5,50,0
1990,23,2,0,0,0,1,234,5,45,0
1990,45,2,2,0,0,1,235,6,40,0
1990,21,1,1,0,0,1,804,3,25,0
1990,70,1,0,0,0,1,0,0,0,0
1990,60,2,0,0,0,0,313,4,16,0
1990,44,1,0,0,0,1,25,4,40,0
1990,39,2,0,0,0,1,22,5,40,0
1990,28,2,1,1,0,0,0,0,0,0
1990,65,1,0,0,0,1,365,1,50,0
1990,60,2,0,0,0,0,0,0,0,0
1990,38,1,0,0,0,0,869,0,40,0
1990,38,2,0,0,0,1,229,4,40,0
1990,37,1,0,0,0,0,213,4,40,0
1990,31,2,0,0,0,0,276,3,0,0
1990,28,1,0,0,0,1,243,3,40,0
1990,29,2,0,0,0,1,335,2,0,0
1990,70,2,0,0,0,0,0,0,0,0
1990,65,1,0,0,0,0,0,0,0,0
1990,77,2,3,0,0,0,319,6,99,0
1990,76,2,3,0,0,1,0,0,0,0
1990,70,1,3,0,0,0,473,0,20,0
1990,65,1,0,0,0,0,804,2,15,0
1990,57,2,0,0,0,0,379,1,7,0
1990,23,2,2,0,0,0,457,4,40,0
1990,33,1,2,0,0,0,479,0,40,0
1990,64,2,3,0,0,0,22,1,40,0
1990,31,2,1,0,0,1,313,4,40,0
1990,73,2,3,0,0,0,0,0,0,0
1990,63,1,0,0,0,0,0,0,0,0
1990,62,2,0,0,0,0,628,1,40,0
1990,46,1,2,1,0,1,777,1,40,0
1990,40,1,1,0,0,0,844,0,40,0
1990,55,1,0,0,0,1,243,3,50,0
1990,55,2,0,0,0,1,156,5,40,0
1990,77,2,3,0,0,1,0,0,0,1
1990,80,2,3,0,0,0,0,0,0,0
1990,46,1,1,0,0,1,26,5,20,0
1990,44,1,0,0,0,1,628,3,40,0
1990,40,2,0,0,0,0,337,3,40,0
1990,78,1,0,1,0,1,0,0,0,0
1990,78,2,0,1,0,1,0,0,0,0
1990,20,2,1,0,0,0,276,3,40,0
1990,80,1,0,0,0,0,806,4,0,0
1990,77,2,0,0,0,0,0,0,0,0
1990,38,2,3,1,0,1,447,5,0,0
1990,66,1,0,0,0,0,0,0,0,0
1990,63,2,0,0,0,0,0,0,0,0
1990,43,2,2,0,0,1,207,5,32,0
1990,39,1,0,1,0,0,804,2,70,0
1990,31,2,0,1,0,1,0,0,0,0
1990,46,1,0,0,0,0,889,0,84,0
1990,42,2,0,0,0,0,444,3,10,0
1990,40,1,0,0,0,1,176,5,40,0
1990,40,2,0,0,0,1,156,5,40,0
1990,22,1,0,0,0,0,243,3,45,0
1990,20,2,0,0,0,0,368,1,40,0
1990,33,2,2,0,0,0,313,3,40,0
1990,21,1,0,0,0,0,518,1,40,0
1990,20,2,0,0,0,0,313,2,40,0
1990,39,1,0,0,0,0,22,4,50,1
1990,33,2,0,0,0,1,15,5,40,0
1990,70,1,0,0,0,0,259,3,0,0
1990,71,2,0,0,0,0,0,0,0,0
1990,47,1,0,1,0,0,533,1,40,0
1990,45,2,0,1,0,0,785,1,48,0
1990,20,1,1,1,0,0,889,1,40,0
1990,40,2,2,1,0,0,453,0,20,0
1990,40,1,3,1,0,1,799,1,40,0
1990,34,1,0,0,0,1,544,3,50,0
1990,30,2,0,0,0,1,13,1,50,0
1990,31,1,0,0,0,1,79,6,42,0
1990,32,2,0,0,0,1,313,6,40,0
1990,63,2,3,0,0,0,0,0,0,0
1990,38,1,0,0,0,0,585,0,20,0
1990,33,2,0,0,0,0,0,0,0,0
1990,46,1,0,0,0,1,176,5,28,0
1990,44,2,0,0,0,0,0,0,0,0
1990,38,1,1,1,0,1,156,5,40,0
1990,40,2,1,1,0,0,0,0,0,0
1990,51,1,0,1,0,0,856,1,40,0
1990,49,2,0,1,0,0,909,6,0,0
1990,40,2,0,0,0,0,544,1,40,0
1990,48,1,0,0,0,1,0,0,0,0
1990,53,1,0,0,0,0,804,2,75,0
1990,51,2,0,0,0,1,313,5,90,0
1990,20,1,1,0,0,1,479,0,0,0
1990,59,1,0,1,0,0,808,5,10,0
1990,66,2,0,0,0,0,156,5,35,0
1990,66,1,0,0,0,0,217,1,40,0
1990,61,2,0,0,0,1,0,0,0,0
1990,45,2,3,0,0,0,747,1,40,0
1990,65,1,0,0,0,1,176,5,12,0
1990,66,2,0,0,0,0,0,0,0,0
1990,37,1,0,0,0,0,0,0,0,0
1990,32,2,0,0,0,0,799,1,56,0
1990,71,2,3,1,0,0,0,0,0,0
1990,69,1,0,0,0,1,0,0,0,0
1990,68,2,0,0,0,0,0,0,0,0
1990,80,2,3,0,0,0,0,0,0,0
1990,73,1,0,0,0,0,0,0,0,0
1990,74,2,0,0,0,0,0,0,0,0
1990,32,2,1,3,0,0,216,1,36,0
1990,61,1,3,3,0,0,777,1,40,0
1990,31,2,2,3,0,0,689,1,36,0
1990,72,2,3,0,0,0,0,0,0,0
1990,67,2,2,3,0,0,436,3,0,0
1990,63,2,3,3,0,0,0,0,0,0
1990,56,2,3,1,0,0,0,0,0,0
1990,45,2,2,0,0,0,337,1,45,0
1990,38,1,0,0,0,0,804,2,70,0
1990,36,2,0,0,0,0,877,1,40,0
1990,19,1,1,0,0,0,567,0,60,0
1990,18,1,1,0,0,0,565,0,40,0
1990,55,1,0,0,0,0,549,1,40,0
1990,49,2,0,0,0,0,0,0,0,0
1990,70,2,0,0,0,0,263,3,40,0
1990,79,1,0,0,0,1,0,0,0,0
1990,24,1,0,0,0,1,156,5,55,0
1990,24,2,0,0,0,1,156,5,45,0
1990,77,2,3,0,0,0,0,0,0,0
1990,67,1,0,0,0,0,744,1,0,0
1990,64,2,0,0,0,0,453,1,0,0
1990,71,2,3,0,0,0,274,3,24,0
1990,23,2,1,1,0,0,447,4,40,0
1990,43,2,2,1,0,0,744,1,40,0
1990,33,1,1,1,0,0,779,1,40,0
1990,34,1,3,1,0,1,22,0,0,0
1990,33,2,2,1,0,1,683,1,40,0
1990,27,1,1,0,0,1,356,3,48,0
1990,58,1,3,0,0,0,453,5,60,0
1990,77,2,3,0,0,0,0,0,0,0
1990,29,2,2,1,0,0,447,5,40,0
1990,26,1,0,0,0,1,55,2,40,0
1990,26,2,0,0,0,1,375,4,40,0
1990,21,1,0,0,0,1,0,0,0,0
1990,69,2,0,0,0,0,0,0,0,0
1990,77,1,3,0,0,0,0,0,0,0
1990,46,2,1,0,0,1,0,0,0,0
1990,21,1,1,0,0,0,365,6,72,0
1990,41,1,0,0,0,0,22,4,60,0
1990,39,2,0,0,0,1,97,4,40,0
1990,43,1,0,0,0,1,217,0,40,0
1990,38,2,0,0,0,1,313,5,24,0
1990,38,2,2,0,0,1,808,3,60,0
1990,60,2,1,0,0,1,0,0,0,0
1990,51,2,2,0,0,1,467,5,20,0
1990,50,1,0,0,0,0,824,2,32,0
1990,48,2,0,0,0,0,355,2,20,0
1990,52,1,0,0,0,0,507,2,40,0
1990,33,2,0,0,0,0,888,3,40,0
1990,41,1,0,0,0,1,418,6,40,0
1990,41,2,0,0,0,1,157,5,40,0
1990,63,2,1,1,0,0,0,0,0,0
1990,35,1,0,1,0,0,453,2,40,1
1990,33,2,0,1,0,0,744,1,40,0
1990,65,1,0,0,0,0,436,4,60,0
1990,63,2,0,0,0,0,405,4,0,0
1990,41,1,2,0,0,0,0,0,0,0
1990,70,1,1,0,0,0,0,0,0,0
1990,49,1,1,0,0,0,0,0,0,0
1990,70,1,2,0,0,0,777,3,0,0
1990,39,1,0,0,0,1,156,5,40,0
1990,39,2,0,0,0,1,156,5,40,0
1990,69,2,3,0,0,0,0,0,0,0
1990,19,1,1,1,0,1,888,1,40,0
1990,70,2,3,0,0,0,0,0,0,0
1990,75,2,0,1,0,0,0,0,0,0
1990,68,1,0,0,0,0,436,5,20,0
1990,66,2,0,0,0,0,0,0,0,0
1990,23,1,2,0,0,0,769,1,40,0
1990,21,2,1,0,0,0,628,1,40,0
1990,38,1,0,0,0,0,563,0,28,0
1990,31,2,0,0,0,0,276,3,34,0
1990,41,1,0,0,0,0,585,0,40,0
1990,41,2,0,0,0,0,0,0,0,0
1990,18,1,1,0,0,0,883,3,20,0
1990,68,2,0,0,0,0,316,6,0,0
1990,74,1,0,0,0,0,0,0,0,0
1990,77,2,3,0,0,0,0,0,0,0
1990,40,1,3,1,0,0,869,0,0,0
1990,52,1,2,0,0,0,303,6,40,0
1990,43,2,3,1,0,0,628,1,40,0
1990,23,1,1,1,0,1,785,1,0,0
1990,18,2,1,1,0,0,0,0,0,0
1990,41,2,2,0,0,1,313,6,99,0
1990,20,2,1,1,0,0,447,5,40,0
1990,29,1,0,1,0,0,706,1,40,0
1990,27,2,0,1,0,0,769,0,40,0
1990,24,2,1,1,0,0,447,5,48,0
1990,19,2,0,0,0,0,313,2,40,0
1990,32,1,0,0,0,0,533,1,40,0
1990,35,1,3,0,0,1,777,1,40,0
1990,71,2,3,0,0,1,156,5,40,0
1990,32,2,0,0,0,1,243,3,45,0
1990,33,1,0,0,0,1,804,0,53,0
1990,45,2,1,0,0,1,156,5,40,0
1990,34,1,0,0,0,0,563,0,50,0
1990,32,2,0,0,0,1,156,5,40,0
1990,38,2,2,0,0,1,888,3,40,0
1990,30,2,3,0,0,1,316,5,40,0
1990,47,1,0,0,0,0,769,3,40,0
1990,33,2,0,0,0,0,466,5,0,0
1990,59,1,0,0,0,0,518,1,50,0
1990,57,2,0,0,0,0,0,0,0,0
1990,66,2,3,0,0,0,0,0,0,0
1990,28,1,1,0,0,0,0,0,0,0
1990,54,1,0,0,0,0,599,2,60,0
1990,55,2,0,0,0,1,313,0,4,0
1990,73,1,0,1,0,0,0,0,0,0
1990,65,2,0,1,0,0,0,0,0,0
1990,51,2,3,1,0,0,0,0,0,0
1990,36,1,2,1,0,0,0,0,0,0
1990,32,1,2,1,0,0,0,0,0,0
1990,30,1,1,1,0,0,909,6,0,0
1990,31,1,1,1,0,0,909,6,0,0
1990,46,2,1,1,0,0,0,0,0,0
1990,26,1,1,1,0,0,909,6,0,0
1990,28,2,1,1,0,0,744,1,0,0
1990,46,1,0,0,0,1,379,6,50,1
1990,42,2,0,0,0,1,156,5,45,0
1990,35,1,0,1,0,0,727,1,40,0
1990,37,2,0,1,0,0,436,3,30,0
1990,29,1,0,0,0,0,424,6,40,0
1990,27,2,0,0,0,1,156,5,40,0
1990,32,1,0,0,0,0,243,2,10,0
1990,26,2,0,0,0,1,15,5,40,0
1990,26,1,0,1,0,1,804,2,40,0
1990,26,2,0,1,0,1,274,3,40,0
1990,33,1,0,0,0,1,22,6,40,0
1990,31,2,0,0,0,0,156,5,40,0
1990,67,1,0,0,0,0,0,0,0,0
1990,67,2,0,0,0,1,447,5,0,0
1990,31,2,3,1,0,0,276,3,40,0
1990,59,1,0,0,0,0,575,1,40,1
1990,55,2,0,0,0,1,95,5,40,0
1990,31,1,3,0,0,1,159,2,40,0
1990,24,1,1,0,0,1,575,0,40,0
1990,78,2,3,0,0,0,453,5,0,0
1990,46,1,0,0,0,0,883,1,40,0
1990,40,2,0,0,0,0,276,3,0,0
1990,54,1,0,1,0,0,779,1,57,0
1990,49,2,0,1,0,0,447,5,40,0
1990,27,1,0,0,0,0,653,0,40,0
1990,26,2,0,0,0,1,207,5,0,0
1990,25,2,2,0,0,0,435,3,20,0
1990,19,1,1,0,0,0,443,3,30,0
1990,63,1,0,0,0,1,359,2,84,0
1990,62,2,0,0,0,0,407,4,10,0
1990,33,1,0,0,0,0,853,0,40,0
1990,29,2,0,0,0,0,0,0,0,0
1990,36,2,3,1,0,0,0,0,0,0
1990,46,1,0,1,0,0,856,1,48,0
1990,39,2,0,1,0,1,744,1,0,0
1990,21,2,1,1,0,0,447,5,16,0
1990,79,2,3,0,0,0,0,0,0,0
1990,41,1,0,0,0,1,213,3,40,0
1990,40,2,0,0,0,0,774,1,0,0
1990,19,1,1,0,0,0,597,0,45,0
1990,44,1,0,0,0,1,407,4,60,1
1990,40,2,0,0,0,1,156,5,40,0
1990,72,1,3,1,0,0,0,0,0,0
1990,40,1,0,0,0,0,709,1,55,0
1990,40,2,0,0,0,0,0,0,0,0
1990,18,1,1,0,0,0,877,3,20,0
1990,37,2,3,0,0,1,78,6,0,0
1990,19,2,1,0,0,1,0,0,0,0
1990,33,1,2,0,0,0,869,0,0,0
1990,36,1,3,0,0,0,869,0,60,0
1990,77,1,0,0,0,0,735,1,0,0
1990,78,2,0,0,0,0,0,0,0,0
1990,30,2,3,1,0,1,889,1,40,0
1990,74,1,0,1,0,0,0,0,0,0
1990,68,2,0,1,0,0,0,0,0,0
1990,41,2,1,1,0,0,0,0,0,0
1990,42,1,2,0,0,1,14,5,40,0
1990,36,2,1,0,0,1,104,5,35,0
1990,63,1,0,0,0,1,173,6,40,0
1990,57,2,0,0,0,0,389,4,40,0
1990,19,1,1,0,0,0,804,3,18,0
1990,20,2,1,0,0,1,276,3,0,0
1990,21,2,1,0,0,1,315,5,20,0
1990,21,2,1,0,0,0,23,5,22,0
1990,36,1,0,0,0,1,258,5,56,0
1990,25,2,0,0,0,1,243,3,46,0
1990,34,1,1,1,0,1,804,2,40,1
1990,31,2,1,1,0,1,156,5,55,0
1990,67,2,0,0,0,0,0,0,0,0
1990,57,1,0,0,0,0,486,5,40,0
1990,40,2,3,0,0,0,447,5,35,0
1990,21,2,1,0,0,1,316,4,22,0
1990,22,1,1,0,0,1,154,5,24,0
1990,40,1,0,0,0,1,154,5,50,1
1990,38,2,0,0,0,1,313,5,0,0
1990,46,1,3,0,0,1,64,1,45,1
1990,57,1,0,0,0,0,628,1,35,0
1990,55,2,0,0,0,0,313,4,35,0
1990,21,1,0,0,0,0,514,4,45,0
1990,22,2,0,0,0,0,274,3,25,0
1990,31,1,0,0,0,0,567,0,40,0
1990,24,2,0,0,0,0,243,3,50,0
1990,30,2,1,0,0,1,22,5,45,0
1990,35,2,0,0,2,1,156,5,36,0
1990,34,1,0,0,0,0,538,1,40,0
1990,59,1,0,0,0,1,9,1,60,0
1990,58,2,0,0,0,1,0,0,0,0
1990,22,1,1,0,0,1,167,5,0,0
1990,21,1,1,0,0,1,877,3,0,0
1990,35,2,2,0,0,0,0,0,0,0
1990,19,1,1,0,0,1,833,6,0,0
1990,45,2,2,0,0,1,253,4,99,0
1990,18,2,1,0,0,0,313,4,99,0
1990,20,1,0,0,0,0,518,1,40,0
1990,18,2,0,0,0,0,276,3,30,0
1990,78,2,3,1,0,0,0,0,0,0
1990,61,2,3,0,0,0,0,0,0,0
1990,28,2,0,1,0,1,447,5,28,0
1990,32,1,0,1,0,0,523,2,40,0
1990,36,1,0,0,0,1,27,6,45,0
1990,30,2,0,0,0,0,0,0,0,0
1990,52,1,0,0,0,1,59,4,40,1
1990,51,2,0,0,0,0,0,0,0,0
1990,63,1,0,1,0,0,777,1,40,0
1990,45,2,0,1,0,0,276,3,42,0
1990,58,1,2,1,0,0,307,0,40,0
1990,43,1,0,0,0,0,575,1,40,0
1990,39,2,0,0,0,0,0,0,0,0
1990,19,1,1,0,0,0,0,0,0,0
1990,18,2,1,0,0,0,276,3,40,0
1990,49,1,2,1,0,1,757,1,36,0
1990,50,1,3,0,0,0,859,2,20,0
1990,49,1,3,0,0,1,253,4,40,1
1990,30,1,3,0,0,0,567,1,40,0
1990,30,2,0,0,0,1,185,1,40,0
1990,27,1,0,0,0,1,21,5,60,0
1990,35,1,0,0,0,0,779,2,40,0
1990,35,2,0,0,0,0,313,6,40,0
1990,37,1,1,3,0,1,719,1,50,0
1990,47,1,0,0,0,0,828,2,84,0
1990,43,2,0,0,0,0,0,0,0,0
1990,21,2,2,0,0,0,0,0,0,0
1990,37,1,0,0,0,1,307,4,40,0
1990,33,2,0,0,0,1,307,4,40,0
1990,49,2,2,0,0,1,14,5,48,0
1990,21,1,1,0,0,1,436,3,84,0
1990,54,2,2,1,0,0,0,0,0,0
1990,66,1,0,0,0,0,0,0,0,0
1990,62,2,0,0,0,1,777,3,0,0
1990,59,1,0,0,0,1,558,0,43,1
1990,63,2,0,0,0,0,0,0,0,0
1990,26,2,1,0,0,1,379,0,40,0
1990,38,2,2,1,0,1,156,5,37,0
1990,31,1,0,0,0,0,783,1,40,0
1990,29,2,0,0,0,0,796,1,40,0
1990,42,2,2,0,0,0,7,3,40,0
1990,20,2,1,0,0,1,308,6,25,0
1990,26,1,0,0,0,0,567,0,60,0
1990,32,2,0,0,0,0,436,3,30,0
1990,31,2,2,0,0,0,274,3,50,0
1990,72,2,0,0,0,0,0,0,0,0
1990,72,1,0,0,0,1,0,0,0,0
1990,50,2,3,0,0,0,683,1,40,0
1990,38,1,0,0,0,1,6,6,65,0
1990,27,2,0,0,0,1,174,6,40,0
1990,71,1,0,0,0,1,766,1,60,0
1990,65,2,0,0,0,1,319,2,0,0
1990,28,2,3,1,0,0,447,5,35,0
1990,60,1,0,0,0,0,473,0,30,0
1990,55,2,0,0,0,0,0,0,0,0
1990,31,1,0,0,0,0,859,0,99,0
1990,29,2,0,0,0,0,0,0,0,0
1990,29,2,2,1,0,0,276,3,30,0
1990,57,2,3,1,0,0,889,1,0,0
1990,58,2,2,0,0,0,0,0,0,0
1990,23,1,1,0,0,1,55,6,40,0
1990,69,1,0,0,0,1,575,0,0,0
1990,61,2,0,0,0,1,0,0,0,0
1990,19,1,1,0,0,1,308,6,20,0
1990,21,2,1,1,0,1,177,6,40,0
1990,21,1,3,0,0,1,229,6,35,0
1990,41,1,0,0,0,1,159,6,40,0
1990,35,2,0,0,0,0,159,6,15,0
1990,36,1,0,0,0,0,508,1,60,1
1990,24,2,0,0,0,0,234,4,40,0
1990,69,1,2,1,0,0,0,0,0,0
1990,64,1,0,0,0,1,567,6,0,0
1990,60,2,0,0,0,0,477,0,40,0
1990,37,1,0,0,0,0,359,4,65,0
1990,35,2,0,0,0,0,378,5,45,0
1990,55,1,0,0,0,1,5,6,0,0
1990,63,2,0,0,0,0,0,0,0,0
1990,27,1,1,1,0,0,595,0,40,0
1990,28,2,1,1,0,0,747,1,37,0
1990,68,2,3,0,2,1,0,0,0,0
1990,74,2,1,0,0,1,0,0,0,0
1990,62,1,0,0,0,0,0,0,0,0
1990,58,2,0,0,0,0,0,0,0,0
1990,47,1,0,0,0,1,154,5,50,1
1990,43,2,0,0,0,1,285,4,30,0
1990,20,2,1,0,0,1,319,5,20,0
1990,75,1,0,0,0,1,0,0,0,0
1990,60,2,0,0,0,0,9,4,40,0
1990,47,2,2,1,0,0,449,5,40,0
1990,80,2,3,1,0,0,0,0,0,0
1990,60,1,0,1,0,0,797,1,40,0
1990,54,2,0,1,0,0,0,0,0,0
1990,79,1,3,1,0,0,0,0,0,0
1990,60,2,3,0,0,0,373,4,40,0
1990,77,2,3,0,0,0,0,0,0,0
1990,71,2,1,0,0,1,335,5,20,0
1990,21,1,1,0,0,0,585,6,40,0
1990,69,1,0,0,0,0,0,0,0,0
1990,67,2,0,0,2,0,447,5,3,0
1990,58,1,0,0,0,1,25,6,40,1
1990,58,2,0,0,0,1,0,0,0,0
1990,58,1,0,0,0,1,154,5,40,0
1990,43,2,0,0,0,1,313,2,40,0
1990,19,1,1,0,0,1,453,5,22,0
1990,32,1,0,0,0,0,549,4,40,0
1990,31,2,0,0,0,1,313,5,40,0
1990,35,1,3,0,0,1,259,1,16,0
1990,75,2,3,0,0,0,0,0,0,0
1990,76,1,0,0,0,0,0,0,0,0
1990,75,2,0,0,0,0,0,0,0,0
1990,47,1,1,0,0,1,154,5,40,0
1990,19,1,1,0,0,0,274,3,30,0
1990,40,2,2,0,0,0,796,1,40,0
1990,40,1,0,1,0,1,628,0,12,1
1990,37,2,0,1,0,1,156,5,40,0
1990,48,1,3,1,0,1,856,1,40,0
1990,45,1,0,0,0,0,628,1,45,0
1990,42,2,0,0,0,1,354,2,30,0
1990,27,1,0,0,0,0,869,0,30,0
1990,32,2,0,0,0,0,0,0,0,0
1990,70,1,0,0,0,0,0,0,0,0
1990,64,2,0,0,0,0,0,0,0,0
1990,42,1,2,0,0,0,849,0,90,0
1990,37,2,2,0,0,0,276,3,25,0
1990,40,1,0,0,0,1,856,1,20,0
1990,47,2,0,0,0,0,0,0,0,0
1990,25,1,1,0,0,1,308,2,20,0
1990,19,1,1,0,0,1,479,0,28,0
1990,21,1,0,0,0,0,777,1,42,0
1990,19,2,0,0,0,0,313,2,0,0
1990,29,1,0,1,0,0,364,0,40,0
1990,26,2,0,1,0,0,744,1,40,0
1990,62,2,3,0,0,0,0,0,0,0
1990,40,1,0,0,0,1,23,5,70,1
1990,38,2,0,0,0,1,0,0,0,0
1990,19,1,1,0,0,1,276,3,20,0
1990,18,2,1,0,0,0,276,3,35,0
1990,38,1,0,0,0,1,253,4,40,0
1990,34,2,0,0,0,1,156,5,40,0
1990,68,1,0,0,0,0,567,0,30,0
1990,61,2,0,0,0,1,275,4,42,0
1990,21,1,1,0,0,0,877,3,40,0
1990,20,1,1,0,0,0,159,3,40,0
1990,35,1,0,0,0,0,628,1,88,0
1990,27,2,0,0,0,0,436,3,20,0
1990,34,1,2,0,0,0,479,0,48,0
1990,50,1,0,0,0,0,547,1,43,1
1990,47,2,0,0,0,0,0,0,0,0
1990,37,1,0,0,0,1,96,3,40,1
1990,38,2,0,0,0,1,253,4,36,1
1990,79,2,0,0,0,0,253,4,0,0
1990,61,2,3,0,0,0,0,0,0,0
1990,55,1,0,0,0,0,365,1,99,0
1990,53,2,0,0,0,0,744,1,40,0
1990,52,1,0,1,0,0,453,1,40,0
1990,45,2,0,1,0,1,628,1,40,0
1990,24,2,1,1,0,0,449,4,15,0
1990,28,1,0,0,0,1,507,2,70,1
1990,26,2,0,0,0,0,0,0,0,0
1990,69,1,0,1,0,0,0,0,0,0
1990,68,2,0,1,0,0,0,0,0,0
1990,49,1,0,0,0,0,783,0,70,1
1990,46,2,0,0,0,0,467,5,40,0
1990,23,2,1,1,0,1,769,1,0,0
1990,57,2,2,0,0,0,337,1,40,0
1990,22,1,1,0,0,0,259,3,20,0
1990,65,2,1,1,0,0,0,0,0,0
1990,25,2,1,1,0,0,755,3,0,0
1990,71,2,3,1,0,0,407,4,0,0
1990,19,1,1,1,0,0,0,0,0,0
1990,20,1,1,1,0,0,0,0,0,0
1990,18,1,1,1,0,0,785,1,0,0
1990,51,1,0,1,0,0,496,2,6,0
1990,52,2,0,1,0,0,0,0,0,0
1990,29,2,1,1,0,1,276,3,30,0
1990,32,1,1,1,0,0,0,0,0,0
1990,28,2,2,1,0,0,449,4,99,0
1990,67,2,3,0,0,0,444,5,0,0
1990,58,1,1,1,0,0,0,0,0,0
1990,79,1,0,0,0,1,628,1,12,1
1990,29,2,1,1,0,1,313,5,12,0
1990,30,1,3,1,0,0,759,1,40,0
1990,72,1,0,0,0,1,4,6,40,0
1990,68,2,0,0,0,1,5,6,40,0
1990,26,1,0,0,0,1,558,0,50,0
1990,25,2,0,0,0,1,23,1,40,0
1990,50,1,2,0,0,0,5,6,35,0
1990,80,1,0,1,0,0,0,0,0,0
1990,77,2,0,1,0,0,0,0,0,0
1990,52,2,2,0,0,0,447,5,40,0
1990,30,1,1,0,0,0,667,1,48,0
1990,72,2,3,1,0,0,909,6,0,0
1990,39,1,1,1,0,0,866,0,40,0
1990,78,1,0,1,0,0,0,0,0,0
1990,62,2,0,1,0,0,0,0,0,0
1990,72,2,3,1,0,0,0,0,0,0
1990,42,1,1,1,0,0,0,0,0,0
1990,28,2,1,1,0,0,0,0,0,0
1990,56,2,2,1,0,0,889,3,0,0
1990,32,1,1,1,0,0,0,0,0,0
1990,23,1,1,1,0,1,883,1,0,0
1990,47,1,0,0,0,0,503,3,50,0
1990,48,2,0,0,0,1,276,3,40,0
1990,20,1,1,0,0,0,365,3,40,0
1990,37,1,0,1,0,0,496,3,48,0
1990,30,2,0,1,0,1,436,5,30,0
1990,68,1,0,0,0,1,0,0,0,0
1990,57,2,0,0,0,0,0,0,0,0
1990,20,1,1,0,0,1,0,0,0,0
1990,71,1,0,0,0,0,0,0,0,0
1990,64,2,0,0,0,0,0,0,0,0
1990,20,2,1,0,0,0,313,3,50,0
1990,62,1,0,0,0,1,436,3,60,0
1990,65,2,0,0,0,0,0,0,0,0
1990,52,1,0,0,0,1,628,1,50,0
1990,49,2,0,0,0,0,0,0,0,0
1990,74,2,0,0,0,0,0,0,0,0
1990,77,1,0,0,0,0,0,0,0,0
1990,76,1,0,1,0,0,0,0,0,0
1990,68,2,0,1,0,0,0,0,0,0
1990,77,2,1,0,0,0,0,0,0,0
1990,75,2,1,0,0,0,0,0,0,0
1990,70,2,3,0,0,0,0,0,0,0
1990,76,1,0,0,0,1,804,3,40,0
1990,71,2,0,0,0,0,0,0,0,0
1990,43,1,2,0,0,0,486,1,40,0
1990,44,2,3,1,0,0,436,3,32,0
1990,20,2,1,1,0,1,436,3,25,0
1990,61,2,3,1,0,0,909,6,0,0
1990,27,2,1,1,0,0,909,6,0,0
1990,23,2,1,1,0,0,0,0,0,0
1990,55,1,0,1,0,0,0,0,0,0
1990,59,2,0,1,0,0,0,0,0,0
1990,36,2,0,0,0,1,13,4,40,0
1990,42,1,0,0,0,1,17,3,40,0
1990,41,1,0,1,0,1,8,6,40,0
1990,27,2,0,1,0,1,337,4,40,0
1990,56,1,2,0,0,0,0,0,0,0
1990,78,1,0,0,0,1,0,0,0,1
1990,77,2,0,0,0,1,0,0,0,0
1990,69,2,3,0,0,0,0,0,0,0
1990,61,1,0,0,0,0,0,0,0,0
1990,60,2,0,0,0,0,744,1,40,0
1990,70,2,3,0,0,0,0,0,0,0
1990,68,2,3,1,0,0,0,0,0,0
1990,29,2,1,1,0,1,796,1,40,0
1990,41,1,0,1,0,1,156,5,40,0
1990,42,2,0,1,0,1,157,5,40,0
1990,18,2,3,1,0,1,0,0,0,0
1990,20,1,1,1,0,1,0,0,0,0
1990,30,1,0,1,0,0,777,1,40,0
1990,26,2,0,1,0,1,468,5,35,0
1990,37,1,0,0,0,0,0,0,0,0
1990,35,2,0,0,0,1,313,0,15,0
1990,61,2,3,1,0,0,777,1,40,0
1990,54,2,1,3,0,0,0,0,0,0
1990,45,2,0,1,0,0,207,5,40,0
1990,41,1,0,1,0,0,785,1,40,0
1990,49,1,0,0,0,0,628,1,40,0
1990,44,2,0,0,0,1,95,5,0,0
1990,23,2,1,0,0,1,319,5,30,0
1990,80,2,3,1,0,0,0,0,0,0
1990,32,1,0,1,0,1,599,1,40,0
1990,32,2,0,1,0,0,276,3,8,0
1990,72,2,3,0,0,0,0,0,0,0
1990,20,2,3,1,0,1,276,3,0,0
1990,29,1,1,1,0,0,505,3,40,0
1990,79,2,3,0,0,0,0,0,0,0
1990,77,2,3,1,0,0,0,0,0,0
1990,48,1,0,0,0,1,96,3,45,1
1990,50,2,0,0,0,0,438,3,30,0
1990,73,2,3,0,0,0,0,0,0,0
1990,39,1,0,0,0,0,567,0,90,0
1990,41,2,0,0,0,1,259,3,40,0
1990,48,1,0,0,0,0,614,0,84,0
1990,43,2,0,0,0,0,0,0,0,0
1990,20,1,1,0,0,1,829,2,0,0
1990,31,1,0,0,0,0,727,0,50,0
1990,29,2,0,0,0,0,0,0,0,0
1990,55,1,2,0,0,0,567,1,40,0
1990,78,1,0,0,0,0,0,0,0,0
1990,80,2,0,0,0,0,0,0,0,0
1990,34,1,0,0,0,0,727,4,0,0
1990,34,2,0,0,0,1,0,0,0,0
1990,58,1,0,0,0,1,473,0,40,0
1990,53,2,0,0,0,1,473,0,40,0
1990,62,2,3,0,0,0,319,4,10,0
1990,32,1,2,0,0,0,0,0,0,0
1990,19,2,1,0,0,0,265,3,0,0
1990,52,1,0,0,0,1,14,5,45,0
1990,50,2,0,0,0,1,95,5,25,0
1990,46,2,2,0,0,1,0,0,0,0
1990,30,1,0,0,0,0,505,4,10,0
1990,27,2,0,0,0,1,383,4,0,0
1990,79,2,3,0,0,0,0,0,0,0
1990,56,2,3,0,0,1,447,5,28,0
1990,59,1,0,0,0,0,386,2,40,0
1990,58,2,0,0,0,0,0,0,0,0
1990,44,2,0,0,0,1,276,3,40,0
1990,49,1,0,3,0,1,0,0,0,0
1990,72,2,0,0,0,0,0,0,0,0
1990,39,1,0,0,0,1,423,6,40,0
1990,37,2,0,0,0,1,95,5,42,0
1990,32,1,0,0,0,1,686,1,40,0
1990,28,2,0,0,0,1,466,5,40,0
1990,66,2,3,0,0,0,0,0,0,0
1990,73,2,3,0,0,0,799,3,8,0
1990,44,1,2,0,0,0,754,0,8,0
1990,64,1,2,0,0,0,0,0,0,0
1990,52,1,0,0,0,0,0,0,0,0
1990,37,2,0,0,0,1,686,3,0,0
1990,56,1,0,0,0,1,613,0,30,0
1990,50,2,0,0,0,0,373,4,40,0
1990,50,1,0,0,0,0,518,1,50,0
1990,44,2,0,0,0,0,274,3,16,0
1990,21,1,1,0,0,0,549,4,40,0
1990,36,1,0,0,0,0,657,3,60,0
1990,37,2,0,0,0,1,156,5,20,0
1990,59,2,3,0,0,0,25,5,40,0
1990,27,1,0,0,0,0,853,0,48,0
1990,26,2,0,0,0,1,869,0,0,0
1990,76,2,3,0,0,1,804,5,0,0
1990,71,2,0,0,0,1,0,0,0,0
1990,71,1,0,0,0,1,0,0,0,0
1990,35,1,2,0,0,0,475,0,5,0
1990,71,2,2,0,0,1,0,0,0,0
1990,49,1,1,0,0,1,0,0,0,0
1990,32,1,1,0,0,0,0,0,0,0
1990,54,1,2,0,0,0,849,0,12,0
1990,68,2,2,0,0,0,0,0,0,0
1990,19,2,1,0,0,0,243,3,35,0
1990,18,1,1,0,0,0,436,3,30,0
1990,67,1,0,0,0,0,766,5,0,0
1990,56,2,0,0,0,0,449,3,97,0
1990,76,2,3,0,0,1,0,0,0,0
1990,38,1,0,0,0,1,243,3,50,0
1990,38,2,0,0,0,1,319,4,30,0
1990,46,1,0,0,0,1,889,2,40,0
1990,56,2,0,0,0,1,316,6,16,0
1990,18,2,1,0,0,0,274,5,40,0
1990,36,1,0,0,0,1,505,4,45,0
1990,35,2,0,0,0,0,435,3,20,0
1990,56,1,0,0,0,0,507,2,46,0
1990,55,2,0,0,0,0,473,0,0,0
1990,25,1,0,0,0,1,337,4,40,0
1990,27,2,0,0,0,0,468,5,16,0
1990,58,2,3,0,0,1,276,3,35,0
1990,71,1,2,0,0,0,0,0,0,0
1990,49,1,0,0,0,0,453,5,40,0
1990,40,2,0,0,0,0,337,5,40,0
1990,45,1,0,0,0,0,844,0,8,0
1990,41,2,0,0,0,0,877,3,40,0
1990,18,2,1,0,0,0,877,3,20,0
1990,57,1,0,0,0,1,709,4,20,0
1990,55,2,0,0,0,0,0,0,0,0
1990,64,2,3,0,0,0,22,5,40,0
1990,43,2,0,0,0,0,435,3,30,0
1990,45,1,0,0,0,0,229,4,40,0
1990,46,1,0,0,0,1,216,0,40,0
1990,45,2,0,0,0,1,365,4,16,0
1990,53,1,0,0,0,0,804,2,99,0
1990,49,2,0,0,0,0,436,5,30,0
1990,71,2,2,0,0,1,449,5,40,0
1990,46,2,1,0,0,1,206,5,48,0
1990,76,2,3,0,0,0,447,4,0,0
1990,50,1,0,0,0,0,274,5,55,0
1990,50,2,0,0,0,0,277,3,20,0
1990,50,1,0,0,0,1,154,5,40,0
1990,47,2,0,0,0,1,313,5,40,0
1990,22,1,1,0,0,1,159,5,20,0
1990,20,2,1,0,0,1,17,5,40,0
1990,21,1,1,0,0,1,434,3,20,0
1990,20,2,1,0,0,1,385,4,5,0
1990,25,1,1,0,0,1,154,5,15,0
1990,23,1,1,0,0,1,453,6,40,0
1990,22,1,1,0,0,1,585,0,50,0
1990,73,2,3,0,0,1,0,0,0,0
1990,39,1,0,0,0,1,418,6,40,0
1990,31,2,0,0,0,1,435,4,0,0
1990,46,1,0,0,0,1,14,5,50,0
1990,43,2,0,0,0,1,313,4,20,0
1990,35,1,3,2,0,0,514,4,20,0
1990,42,1,0,0,0,1,355,2,40,0
1990,35,2,0,0,0,0,0,0,0,0
1990,73,1,0,0,0,0,0,0,0,0
1990,71,2,0,0,0,0,0,0,0,0
1990,53,1,0,0,0,0,783,1,40,0
1990,55,2,0,0,0,0,319,5,50,0
1990,49,1,0,0,0,0,274,3,50,0
1990,48,2,0,0,0,0,337,3,20,0
1990,70,1,0,0,0,0,0,0,0,0
1990,61,2,0,0,0,0,0,0,0,0
1990,38,1,1,0,0,0,453,5,48,0
1990,35,1,1,0,0,0,453,5,38,0
1990,73,1,0,0,0,1,0,0,0,0
1990,77,2,0,0,0,1,0,0,0,0
1990,53,1,0,0,0,0,628,2,40,0
1990,51,2,0,0,0,1,389,5,40,0
1990,25,1,1,0,0,1,509,3,40,0
1990,30,1,0,0,0,1,176,5,40,0
1990,30,2,0,0,0,1,0,0,0,0
1990,73,1,0,0,0,1,0,0,0,0
1990,66,2,0,0,0,1,0,0,0,0
1990,39,1,0,0,0,1,128,5,50,0
1990,40,2,0,0,0,1,156,5,70,0
1990,46,1,0,0,0,1,475,0,52,1
1990,39,2,0,0,0,0,17,4,50,0
1990,67,1,0,0,0,0,473,0,20,0
1990,67,2,0,0,0,0,0,0,0,0
1990,38,1,0,0,0,1,804,2,50,0
1990,35,2,0,0,0,1,449,4,30,0
1990,26,2,2,0,0,1,435,3,40,0
1990,42,2,2,0,0,1,473,0,65,0
1990,38,2,3,0,0,1,156,5,40,0
1990,61,1,0,0,0,0,434,3,40,0
1990,56,2,0,0,0,0,438,3,40,0
1990,41,1,1,0,0,1,669,3,50,0
1990,65,1,0,0,0,0,768,0,48,0
1990,64,2,0,0,0,0,355,2,6,0
1990,67,1,0,0,0,1,558,0,32,0
1990,57,2,0,0,0,0,488,0,40,0
1990,32,1,0,0,0,1,188,4,60,0
1990,30,2,0,0,0,1,449,4,40,0
1990,44,1,0,0,0,1,176,5,60,0
1990,44,2,0,0,0,1,877,3,10,0
1990,18,2,1,0,0,0,444,4,16,0
1990,46,1,2,0,0,1,278,2,30,0
1990,36,1,0,0,0,1,303,6,45,0
1990,36,2,0,0,0,1,25,4,0,0
1990,80,1,0,0,0,1,535,5,12,1
1990,75,2,0,0,0,0,389,6,20,0
1990,31,2,2,0,0,1,53,6,40,0
1990,66,1,0,0,0,0,179,6,0,0
1990,63,2,0,0,0,1,22,4,0,0
1990,34,2,0,0,0,1,167,5,40,0
1990,36,1,0,0,0,1,84,5,50,0
1990,26,1,0,0,0,1,376,6,99,0
1990,25,2,0,0,0,1,339,3,40,0
1990,44,2,3,0,0,0,467,5,60,0
1990,25,2,1,0,0,0,458,4,42,0
1990,22,2,3,0,0,0,435,3,40,0
1990,68,1,0,0,0,1,0,0,0,0
1990,68,2,0,0,0,0,0,0,0,0
1990,58,1,0,0,0,0,18,4,0,0
1990,45,2,0,0,0,1,177,5,50,0
1990,28,1,0,0,0,0,453,4,48,0
1990,26,2,0,0,0,0,447,5,40,0
1990,39,1,1,0,0,1,523,4,50,0
1990,58,1,0,3,0,1,0,0,0,0
1990,54,2,0,0,0,1,174,5,0,0
1990,53,1,0,0,0,0,644,1,40,0
1990,48,2,0,0,0,1,33,5,40,0
1990,68,1,0,0,0,1,84,5,80,1
1990,55,2,0,0,0,1,95,5,30,0
1990,29,2,2,0,0,1,95,5,40,0
1990,44,1,3,0,0,0,475,0,60,0
1990,64,2,3,0,0,0,0,0,0,0
1990,33,1,3,0,0,0,198,2,40,0
1990,25,2,1,0,0,0,435,3,0,0
1990,38,1,0,0,0,0,518,4,50,0
1990,38,2,0,0,0,0,243,3,40,0
1990,20,1,1,0,0,0,567,0,40,0
1990,59,1,0,0,0,0,856,2,40,0
1990,58,2,0,0,0,0,436,3,0,0
1990,38,2,2,0,0,1,436,3,40,0
1990,39,1,0,0,0,1,719,1,40,0
1990,37,2,0,0,0,0,447,5,25,0
1990,40,1,0,3,0,0,855,0,60,0
1990,25,2,0,0,0,0,447,5,40,0
1990,68,2,2,0,0,1,156,5,14,0
1990,66,2,3,0,0,0,313,5,10,0
1990,55,1,2,0,0,1,379,2,40,0
1990,63,1,2,0,0,0,804,2,65,0
1990,24,1,0,0,0,0,804,3,50,0
1990,24,2,0,0,0,1,156,5,40,0
1990,33,1,0,0,0,0,505,3,40,0
1990,28,2,0,0,0,0,785,3,45,0
1990,38,2,2,0,0,0,744,1,0,0
1990,18,1,1,0,0,0,189,3,40,0
1990,68,1,2,0,0,0,0,0,0,0
1990,30,1,0,0,0,1,186,3,25,0
1990,32,2,0,0,0,0,434,3,40,0
1990,38,1,0,0,0,1,803,2,44,0
1990,37,2,0,0,0,1,313,3,40,0
1990,42,2,0,0,0,1,0,0,0,0
1990,44,1,0,0,0,1,22,4,46,1
1990,58,1,0,0,0,1,79,0,40,0
1990,55,2,0,0,0,1,0,0,0,0
1990,28,1,1,0,0,0,436,3,25,0
1990,25,1,1,0,2,0,436,6,99,0
1990,30,1,0,2,0,1,503,6,45,0
1990,26,2,0,2,0,1,0,0,0,0
1990,76,1,3,0,2,0,0,0,0,0
1990,72,1,0,0,0,0,0,0,0,0
1990,67,2,0,0,0,0,0,0,0,0
1990,66,1,0,0,0,0,22,1,0,0
1990,64,2,0,0,0,1,339,3,0,0
1990,69,2,3,0,0,0,0,0,0,0
1990,76,2,0,0,0,0,0,0,0,0
1990,44,1,0,0,0,1,243,3,40,0
1990,44,2,0,0,0,1,319,5,40,0
1990,36,1,0,0,0,0,28,3,40,0
1990,31,2,0,0,0,1,95,5,40,0
1990,64,1,0,0,0,0,453,5,0,0
1990,60,2,0,0,0,0,436,3,4,0
1990,40,1,0,0,0,0,22,2,40,0
1990,40,2,0,0,0,1,447,5,40,0
1990,20,1,1,0,0,1,883,2,40,0
1990,39,1,2,0,0,1,475,0,40,0
1990,41,2,2,0,0,1,405,4,0,0
1990,40,1,0,0,0,0,473,0,70,0
1990,39,2,0,0,0,1,479,0,50,0
1990,19,1,1,0,0,0,804,3,78,0
1990,78,1,3,0,0,1,0,0,0,0
1990,66,1,0,0,0,1,195,1,30,0
1990,62,2,0,0,0,0,313,4,40,0
1990,28,1,3,0,0,0,479,0,48,0
1990,57,1,0,0,0,1,529,2,55,0
1990,50,2,0,0,0,1,473,0,84,0
1990,26,2,3,0,0,0,0,0,0,0
1990,73,1,0,0,0,1,479,0,44,0
1990,69,2,0,0,0,0,156,5,0,0
1990,57,2,3,0,0,0,436,0,40,0
1990,43,1,0,0,0,0,804,3,40,0
1990,41,2,0,0,0,0,0,0,0,0
1990,19,1,1,0,0,0,365,3,20,0
1990,77,1,0,0,0,1,0,0,0,0
1990,75,2,0,0,2,0,0,0,0,0
1990,42,1,0,0,0,0,505,3,40,0
1990,32,2,0,0,0,1,434,3,40,0
1990,63,1,0,0,0,0,844,0,25,0
1990,72,2,0,0,0,0,436,3,30,0
1990,31,2,1,3,0,1,164,5,35,0
1990,57,1,2,0,0,0,453,5,40,0
1990,37,2,2,3,0,0,877,3,30,0
1990,51,1,0,0,0,1,23,4,40,1
1990,52,2,0,0,0,0,734,1,35,0
1990,24,1,1,0,0,0,453,5,30,0
1990,34,2,2,0,0,1,156,5,40,0
1990,54,2,3,0,0,0,909,6,0,0
1990,24,1,0,2,0,0,779,1,50,0
1990,20,2,0,0,0,0,444,5,40,0
1990,51,2,2,0,0,1,313,3,36,0
1990,51,1,0,0,0,0,503,2,40,0
1990,49,2,0,0,0,1,156,5,35,0
1990,25,1,1,0,0,0,505,2,44,0
1990,18,1,1,0,0,0,443,3,20,0
1990,69,1,0,0,0,0,0,0,0,1
1990,61,2,0,0,0,0,0,0,0,0
1990,78,2,0,0,0,1,0,0,0,0
1990,44,1,0,0,0,0,844,0,40,0
1990,45,2,0,0,0,0,0,0,0,0
1990,49,1,0,0,0,0,768,0,40,0
1990,43,2,0,0,0,0,0,0,0,0
1990,42,1,0,0,0,0,889,0,40,0
1990,40,2,0,0,0,0,453,3,35,0
1990,18,1,1,0,0,0,436,3,30,0
1990,53,1,0,0,0,0,567,0,70,0
1990,53,2,0,0,0,1,159,5,0,0
1990,34,1,0,0,0,0,473,0,50,0
1990,33,2,0,0,0,0,473,0,50,0
1990,46,1,0,0,0,1,475,0,84,0
1990,45,2,0,0,0,1,337,0,10,0
1990,59,1,0,0,0,1,159,5,40,0
1990,55,2,0,0,0,0,0,0,0,0
1990,74,2,3,0,0,1,0,0,0,0
1990,74,1,0,0,0,0,0,0,0,0
1990,74,2,0,0,0,0,0,0,0,0
1990,32,2,2,0,0,1,156,5,40,0
1990,57,1,0,0,0,0,475,0,65,0
1990,53,2,0,0,0,0,0,0,0,0
1990,30,1,2,0,0,0,475,0,65,0
1990,20,1,1,0,0,0,479,0,60,0
1990,62,1,0,0,0,1,89,5,20,0
1990,62,2,0,0,0,1,0,0,0,0
1990,39,1,0,0,0,0,804,2,72,0
1990,38,2,0,0,0,0,738,1,27,0
1990,68,2,3,0,0,0,0,0,0,0
1990,35,1,1,0,0,0,783,4,35,0
1990,40,1,0,0,0,0,423,6,40,0
1990,37,2,0,0,0,1,359,6,40,0
1990,18,1,1,0,0,0,276,5,8,0
1990,48,1,0,0,0,1,25,4,45,0
1990,45,2,0,0,0,1,313,0,30,0
1990,25,1,1,3,0,0,869,0,40,0
1990,30,1,0,0,0,1,473,0,70,0
1990,29,2,0,0,0,1,877,3,40,0
1990,71,2,3,0,0,0,0,0,0,0
1990,33,1,0,0,0,0,473,0,60,0
1990,32,2,0,0,0,0,313,4,30,0
1990,65,1,3,0,0,0,424,6,40,0
1990,30,2,1,0,0,0,354,2,36,0
1990,78,2,3,0,0,0,0,0,0,0
1990,32,1,0,0,0,1,547,4,40,0
1990,32,2,0,3,0,0,243,3,40,0
1990,46,1,0,0,2,1,22,1,70,0
1990,38,2,0,0,0,1,22,0,40,1
1990,36,1,0,0,0,0,479,0,40,0
1990,36,2,0,0,0,1,0,0,0,0
1990,51,1,0,0,0,0,473,0,45,1
1990,52,2,0,0,0,0,668,4,30,0
1990,66,1,1,3,0,0,0,0,0,0
1990,47,1,0,0,0,0,473,0,65,1
1990,45,2,0,0,0,0,277,3,0,0
1990,64,1,0,0,0,0,0,0,0,0
1990,59,2,0,0,0,0,0,0,0,0
1990,40,1,0,0,0,0,869,0,70,0
1990,40,2,0,0,0,1,95,5,40,0
1990,46,2,1,0,0,0,337,4,40,0
1990,61,1,3,0,0,1,516,0,70,0
1990,18,1,1,0,0,0,0,0,0,0
1990,71,1,0,0,0,0,264,3,30,0
1990,41,2,0,0,0,1,313,5,42,0
1990,56,1,0,0,0,0,243,3,60,0
1990,52,2,0,0,0,0,436,3,99,0
1990,28,1,3,0,0,1,686,3,40,0
1990,75,1,1,0,0,0,0,0,0,0
1990,37,2,3,3,0,1,0,0,0,0
1990,47,1,0,0,0,1,156,5,48,0
1990,45,2,0,0,0,1,156,5,12,0
1990,19,1,1,0,0,0,479,0,72,0
1990,68,2,3,0,0,0,0,0,0,0
1990,66,1,0,3,0,0,0,0,0,0
1990,50,2,0,3,0,0,0,0,0,0
1990,60,1,2,3,0,0,0,0,0,0
1990,76,1,0,0,0,0,473,0,0,0
1990,71,2,0,0,0,0,0,0,0,0
1990,25,1,1,0,0,1,599,0,45,0
1990,76,2,3,0,0,0,0,0,0,0
1990,69,1,0,0,0,1,0,0,0,0
1990,66,2,0,0,0,1,0,0,0,0
1990,41,2,2,0,0,1,379,4,18,0
1990,18,1,1,0,0,0,748,5,40,0
1990,35,1,0,3,0,0,783,1,50,0
1990,34,2,0,0,0,0,435,5,17,0
1990,75,1,0,0,0,0,505,4,0,0
1990,75,2,0,0,0,0,0,0,0,0
1990,69,1,0,3,0,0,516,0,50,0
1990,61,2,0,3,0,0,0,0,0,0
1990,50,1,0,0,0,1,453,5,40,0
1990,42,2,0,0,0,1,444,5,10,0
1990,33,2,0,0,0,1,243,3,42,0
1990,40,1,0,0,0,1,628,3,45,0
1990,23,2,1,0,0,1,434,3,99,0
1990,32,1,0,3,0,1,22,0,40,0
1990,32,2,0,0,0,1,95,5,36,0
1990,33,1,0,0,2,1,178,5,55,1
1990,33,2,0,0,0,1,95,5,24,0
1990,24,1,1,0,0,1,436,3,70,0
1990,24,2,1,0,0,1,447,5,40,0
1990,72,2,3,0,0,1,0,0,0,0
1990,50,2,0,0,3,1,163,5,40,0
1990,55,1,0,0,0,1,154,5,40,0
1990,69,2,3,0,0,0,274,3,25,0
1990,56,1,0,0,0,1,257,5,40,1
1990,52,2,0,0,0,1,0,0,0,0
1990,30,1,0,0,0,0,554,0,50,0
1990,29,2,0,0,0,0,253,4,32,0
1990,75,2,3,0,0,1,0,0,0,0
1990,61,1,0,0,0,0,686,3,40,0
1990,57,2,0,0,0,0,383,4,40,0
1990,18,1,1,2,0,0,243,3,40,0
1990,54,1,0,0,0,1,22,4,40,0
1990,46,2,0,0,0,1,22,1,50,0
1990,67,2,3,0,0,0,0,0,0,0
1990,62,1,0,0,0,1,254,4,60,1
1990,60,2,0,0,0,0,18,4,60,0
1990,32,1,1,0,0,1,213,1,45,0
1990,64,1,0,0,0,1,163,5,0,0
1990,61,2,0,0,0,0,0,0,0,0
1990,47,1,0,0,0,1,243,3,60,1
1990,43,2,0,0,0,1,254,4,40,0
1990,18,1,1,0,0,0,0,0,0,0
1990,71,1,0,0,0,0,22,2,0,1
1990,69,1,0,0,0,0,259,3,60,0
1990,44,1,0,0,0,1,599,0,40,0
1990,41,2,0,0,0,1,313,3,46,0
1990,31,1,1,0,0,0,418,6,50,0
1990,54,2,2,0,0,0,0,0,0,0
1990,18,1,1,0,0,0,0,0,0,0
1990,49,2,1,0,0,0,0,0,0,0
1990,50,1,2,0,0,0,505,4,50,0
1990,21,2,1,0,0,1,435,3,40,0
1990,43,1,0,0,0,1,22,4,0,0
1990,41,2,0,0,0,1,449,4,35,0
1990,21,2,1,0,0,1,313,4,40,0
1990,58,1,0,0,0,1,178,0,40,1
1990,58,2,0,0,0,1,434,3,0,0
1990,21,1,0,0,0,0,889,3,55,0
1990,29,2,0,0,0,0,156,5,20,0
1990,35,1,2,0,0,1,505,4,35,0
1990,31,2,2,3,0,0,435,3,16,0
1990,66,1,0,0,0,0,0,0,0,0
1990,65,2,0,0,0,0,0,0,0,0
1990,31,1,1,0,0,0,0,0,0,0
1990,38,1,0,0,0,0,768,1,40,0
1990,36,2,0,0,0,0,319,5,25,0
1990,20,1,0,0,0,1,436,3,40,0
1990,42,2,0,0,0,0,0,0,0,0
1990,41,1,0,0,0,0,496,0,40,0
1990,45,1,0,0,0,0,577,2,40,0
1990,40,2,0,0,0,0,0,0,0,0
1990,18,1,1,0,0,0,0,0,0,0
1990,29,1,0,0,0,1,159,5,40,0
1990,28,2,0,0,0,1,445,5,0,0
1990,62,1,0,0,0,1,505,1,0,0
1990,56,2,0,0,0,1,154,5,40,0
1990,63,1,0,0,0,0,628,1,40,0
1990,61,2,0,0,0,0,156,5,0,0
1990,42,1,0,0,0,0,519,1,44,0
1990,47,2,0,0,0,0,0,0,0,0
1990,47,1,0,0,0,1,73,1,40,0
1990,47,2,0,0,0,1,95,5,40,1
1990,19,1,1,0,0,1,486,5,16,0
1990,42,2,3,0,0,0,736,1,40,0
1990,63,2,3,0,0,0,274,3,40,0
1990,66,2,3,0,0,0,567,0,0,0
1990,26,1,1,0,0,0,486,0,0,0
1990,70,1,0,0,0,0,0,0,0,0
1990,65,2,0,0,0,0,0,0,0,0
1990,38,1,0,0,0,0,208,2,72,0
1990,43,2,0,0,0,1,453,5,4,0
1990,69,2,0,0,0,0,449,4,24,0
1990,63,2,3,0,0,0,0,0,0,0
1990,34,1,2,0,0,0,563,0,50,0
1990,41,1,0,0,0,0,575,0,40,0
1990,41,2,0,0,0,0,337,2,40,0
1990,49,1,0,0,0,0,856,1,40,0
1990,49,2,0,0,0,0,17,5,40,0
1990,25,1,1,0,0,1,704,1,40,0
1990,21,2,1,0,0,1,276,3,37,0
1990,45,1,0,0,0,0,558,0,40,0
1990,42,2,0,0,0,0,15,5,40,0
1990,25,1,1,0,0,0,597,0,40,0
1990,29,1,0,0,0,0,567,0,25,0
1990,28,2,0,0,0,0,744,1,0,0
1990,48,1,0,0,0,0,6,6,50,0
1990,48,2,0,0,0,0,0,0,0,0
1990,18,1,1,0,0,0,0,0,0,0
1990,35,1,0,0,0,1,178,5,40,1
1990,34,2,0,0,0,1,157,5,35,0
1990,28,1,0,0,0,0,779,1,40,0
1990,23,2,0,0,0,0,744,1,40,0
1990,65,1,0,0,0,0,549,1,40,0
1990,55,2,0,0,0,0,666,4,15,0
1990,23,2,1,0,0,0,435,3,75,0
1990,76,1,0,0,0,0,0,0,0,0
1990,73,2,0,0,0,0,0,0,0,0
1990,50,1,0,0,0,1,22,3,55,1
1990,51,2,0,0,0,1,379,4,0,0
1990,35,1,3,0,0,0,637,1,40,1
1990,28,1,1,0,0,0,804,3,40,0
1990,23,1,0,0,0,0,243,3,40,0
1990,22,2,0,0,0,0,0,0,0,0
1990,75,1,0,0,0,0,0,0,0,0
1990,70,2,0,0,0,0,0,0,0,0
1990,25,2,2,0,0,0,259,1,40,0
1990,78,1,0,0,0,0,0,0,0,0
1990,68,2,0,0,0,0,0,0,0,0
1990,38,2,2,0,0,1,449,4,12,0
1990,23,1,3,0,0,1,804,6,40,0
1990,35,1,0,0,0,0,17,3,91,0
1990,37,2,0,0,0,1,156,5,13,0
1990,59,2,2,0,0,0,17,4,40,0
1990,49,1,0,0,0,0,254,4,40,0
1990,49,2,0,0,0,1,254,4,40,0
1990,44,1,0,0,0,0,0,0,0,0
1990,40,2,0,0,0,0,877,1,40,0
1990,19,2,1,0,0,0,683,1,40,0
1990,78,1,3,0,0,0,0,0,0,0
1990,71,1,0,0,0,1,0,0,0,0
1990,70,2,0,0,0,1,174,5,4,0
1990,77,2,3,0,0,1,0,0,0,0
1990,18,1,0,0,0,0,779,3,40,0
1990,19,2,0,0,0,0,276,3,25,0
1990,53,1,0,0,0,0,804,2,60,0
1990,48,2,0,0,0,1,185,3,0,0
1990,31,2,2,3,0,1,338,1,40,0
1990,39,1,2,3,0,0,505,4,40,0
1990,52,2,3,0,0,0,207,4,48,0
1990,57,1,3,0,0,0,885,6,35,0
1990,41,1,0,0,0,1,154,5,45,0
1990,39,2,0,0,0,1,156,5,40,0
1990,38,1,0,0,0,0,869,0,40,0
1990,32,2,0,0,0,1,274,3,0,0
1990,26,2,0,0,0,1,744,1,40,0
1990,41,1,0,0,0,0,855,0,0,0
1990,52,1,0,0,0,1,37,6,0,0
1990,46,2,0,0,0,1,156,5,36,0
1990,40,2,3,0,0,1,156,5,43,0
1990,72,2,3,0,0,0,0,0,0,0
1990,18,2,1,0,0,1,154,5,0,0
1990,18,2,1,0,0,1,274,5,27,0
1990,24,1,1,2,1,1,235,5,20,0
1990,27,1,0,0,0,0,804,0,25,0
1990,27,2,0,0,0,0,479,0,30,0
1990,62,1,0,0,0,0,0,0,0,0
1990,58,2,0,0,0,0,0,0,0,0
1990,36,2,2,0,0,0,744,1,46,0
1990,39,1,0,0,0,0,22,4,60,1
1990,42,2,0,0,0,0,313,3,40,0
1990,44,1,0,0,0,0,453,6,40,0
1990,45,2,0,0,0,0,385,1,45,0
1990,19,1,1,0,0,0,453,4,20,0
1990,18,2,1,0,0,0,274,3,15,0
1990,59,2,3,0,0,1,0,0,0,0
1990,51,1,0,0,0,1,779,1,40,0
1990,49,2,0,0,0,0,785,5,40,0
1990,29,1,1,0,0,0,563,0,40,0
1990,64,1,0,0,0,1,18,4,0,0
1990,48,2,0,0,0,1,254,4,0,0
1990,66,1,0,0,0,1,157,5,40,0
1990,63,2,0,0,0,1,0,0,0,0
1990,27,2,3,0,2,0,319,5,40,0
1990,33,2,2,0,0,1,84,5,37,0
1990,34,1,2,3,0,0,779,1,50,0
1990,32,2,2,0,0,1,415,4,40,0
1990,80,2,3,0,0,0,0,0,0,0
1990,40,1,0,0,0,0,507,2,40,0
1990,44,2,0,0,0,1,389,1,40,0
1990,64,2,3,0,0,0,467,5,12,0
1990,32,2,3,0,0,1,337,3,40,0
1990,29,1,1,0,0,1,174,5,40,0
1990,57,2,3,0,0,1,308,2,40,0
1990,42,1,0,0,0,0,0,0,0,0
1990,43,2,0,0,0,1,406,4,30,0
1990,18,1,1,0,0,1,259,3,30,0
1990,68,1,0,0,0,1,176,5,20,0
1990,67,2,0,0,0,1,156,5,0,0
1990,60,2,1,0,0,0,4,6,40,0
1990,62,2,2,0,0,1,5,6,40,0
1990,43,1,1,0,0,0,785,4,24,0
1990,75,1,0,0,0,0,567,0,20,0
1990,77,2,0,0,0,0,0,0,0,0
1990,25,1,0,0,0,0,566,0,45,0
1990,24,2,0,0,0,0,689,1,43,0
1990,42,2,0,0,0,1,274,3,25,0
1990,46,1,0,0,0,1,55,2,48,1
1990,21,1,1,0,0,1,185,5,29,0
1990,60,2,2,0,0,0,0,0,0,0
1990,27,1,0,3,0,1,55,2,42,0
1990,25,2,0,0,0,1,103,5,40,0
1990,65,1,0,0,0,0,254,4,0,0
1990,61,2,0,0,0,1,0,0,0,0
1990,68,1,0,0,0,1,255,4,30,0
1990,66,2,0,0,0,1,365,5,24,0
1990,27,2,0,0,0,0,744,1,10,0
1990,41,1,0,0,0,0,785,1,29,0
1990,18,1,1,0,0,1,461,5,40,0
1990,39,1,0,0,0,0,449,4,38,0
1990,37,2,0,0,0,0,385,6,37,0
1990,28,2,1,0,0,1,103,5,40,0
1990,25,2,1,0,0,1,208,5,40,0
1990,35,2,0,0,0,1,155,5,12,0
1990,42,1,0,0,0,1,418,6,40,0
1990,22,2,1,0,0,1,253,4,40,0
1990,26,2,1,0,0,1,223,0,45,0
1990,27,1,0,0,0,1,313,3,40,0
1990,22,2,0,0,0,1,447,5,40,0
1990,30,2,1,0,0,0,449,4,40,0
1990,46,1,0,1,0,1,549,2,40,0
1990,32,2,0,0,0,0,276,3,26,0
1990,33,1,1,0,0,1,178,6,40,0
1990,30,2,1,0,0,1,434,4,30,0
1990,36,1,2,0,0,1,563,0,40,0
1990,80,2,3,0,0,0,0,0,0,0
1990,47,1,0,0,0,1,426,4,70,0
1990,44,2,0,0,0,0,796,1,0,0
1990,19,1,1,0,0,0,426,4,40,0
1990,63,1,0,0,0,0,777,3,0,0
1990,59,2,0,0,0,0,447,5,40,0
1990,51,1,0,0,0,1,22,1,55,1
1990,49,2,0,0,0,1,257,1,45,0
1990,60,2,0,0,0,0,744,1,0,0
1990,62,1,0,0,0,0,579,0,0,0
1990,42,1,0,0,0,0,779,1,40,0
1990,39,2,0,0,0,0,208,5,40,0
1990,45,2,2,0,0,0,785,1,40,0
1990,42,1,2,0,0,0,575,5,40,0
1990,20,1,1,0,0,0,785,1,50,0
1990,62,1,3,0,0,0,563,0,0,0
1990,22,1,0,0,0,0,877,3,48,0
1990,20,2,0,0,0,0,468,5,40,0
1990,64,1,0,0,0,0,235,1,0,0
1990,65,2,0,0,0,0,0,0,0,0
1990,43,1,0,0,0,1,48,1,40,0
1990,41,2,0,0,0,1,379,6,37,0
1990,62,1,0,0,0,1,0,0,0,0
1990,58,2,0,0,0,0,0,0,0,0
1990,74,1,1,1,0,0,486,0,32,0
1990,67,1,3,1,0,0,0,0,0,0
1990,46,1,3,1,0,0,453,5,40,0
1990,69,2,3,0,0,0,0,0,0,0
1990,35,2,1,0,0,0,0,0,0,0
1990,34,1,0,0,0,0,563,0,25,0
1990,32,2,0,0,0,1,265,3,40,0
1990,32,1,1,0,0,0,518,1,50,0
1990,61,2,1,0,0,1,313,5,40,0
1990,37,2,2,0,0,0,0,0,0,0
1990,79,2,3,0,0,0,0,0,0,1
1990,74,1,0,0,0,0,0,0,0,0
1990,74,2,0,0,0,1,0,0,0,0
1990,40,1,1,0,0,1,0,0,0,0
1990,40,2,2,0,0,1,156,5,40,0
1990,73,1,0,0,0,0,0,0,0,0
1990,72,2,0,0,0,0,0,0,0,0
1990,55,1,0,0,0,1,23,6,80,0
1990,54,2,0,0,0,0,383,4,48,0
1990,25,1,1,0,0,1,678,5,40,0
1990,48,2,3,0,0,0,0,0,0,0
1990,19,1,0,0,0,0,883,1,40,0
1990,22,2,0,0,0,0,444,3,30,0
1990,39,1,0,0,0,0,785,1,48,0
1990,33,2,0,0,0,0,259,3,42,0
1990,74,1,0,0,0,0,0,0,0,0
1990,25,1,1,0,0,1,573,0,40,0
1990,18,2,1,0,0,0,449,4,22,0
1990,22,1,0,0,0,0,888,4,45,0
1990,22,2,0,0,0,0,276,3,38,0
1990,60,1,0,0,0,0,243,3,58,0
1990,48,2,0,0,0,1,313,0,37,0
1990,25,2,1,0,0,1,308,4,40,0
1990,69,1,0,0,0,0,628,1,0,0
1990,66,2,0,0,0,0,0,0,0,0
1990,51,2,2,1,0,0,783,1,40,0
1990,40,1,2,1,0,0,567,0,40,0
1990,62,1,0,0,0,1,64,1,0,0
1990,52,2,0,0,0,0,0,0,0,0
1990,71,2,3,0,0,0,0,0,0,0
1990,47,1,0,0,0,0,777,1,40,0
1990,40,2,0,0,0,0,0,0,0,0
1990,80,2,3,0,0,0,0,0,0,0
1990,70,1,0,0,0,0,0,0,0,0
1990,39,2,0,0,0,0,0,0,0,0
1990,74,2,1,0,0,0,0,0,0,0
1990,44,1,0,0,0,0,869,0,0,0
1990,43,2,0,0,0,0,276,3,0,0
1990,18,1,1,0,0,0,0,0,0,0
1990,59,2,2,0,0,0,436,3,0,0
1990,45,1,0,0,0,0,628,1,40,0
1990,44,2,0,0,0,0,467,5,40,0
1990,37,1,1,0,0,1,675,1,40,0
1990,19,1,0,0,0,0,0,0,0,0
1990,58,2,0,0,0,0,95,5,40,0
1990,66,1,1,0,0,0,0,0,0,0
1990,26,2,1,1,0,0,276,3,30,0
1990,20,1,1,0,3,0,0,0,0,0
1990,34,1,1,0,2,0,715,1,60,0
1990,41,1,0,0,2,1,453,1,45,0
1990,40,2,0,0,2,0,779,1,40,0
1990,32,1,0,0,0,0,628,1,40,0
1990,28,2,0,0,0,0,337,1,40,0
1990,45,1,0,0,0,1,426,4,40,0
1990,42,2,0,0,0,0,264,3,30,0
1990,19,1,1,0,0,0,866,0,40,0
1990,40,1,3,0,0,0,0,0,0,0
1990,38,1,0,0,0,1,547,1,40,0
1990,37,2,0,0,0,0,0,0,0,0
1990,30,1,0,0,0,0,243,3,60,0
1990,31,2,0,0,0,0,313,5,40,0
1990,57,1,0,0,0,1,259,3,55,1
1990,55,2,0,0,0,1,0,0,0,0
1990,27,1,0,0,0,0,518,1,42,0
1990,25,2,0,0,0,1,433,3,30,0
1990,64,1,0,0,0,1,364,1,0,0
1990,67,2,0,0,0,1,313,1,0,0
1990,37,2,1,1,0,0,739,1,38,1
1990,36,1,0,0,0,1,229,4,60,1
1990,38,2,0,0,0,1,18,4,38,0
1990,30,1,0,0,0,0,883,1,40,0
1990,25,2,0,0,0,0,883,1,48,0
1990,30,1,0,0,0,0,888,1,32,0
1990,34,2,0,0,0,1,738,1,48,0
1990,71,1,0,1,0,0,0,0,0,0
1990,68,2,0,1,0,0,0,0,0,0
1990,53,1,0,1,0,0,453,1,40,0
1990,61,2,0,1,0,0,0,0,0,0
1990,36,1,1,1,0,0,869,0,45,0
1990,40,2,2,1,0,0,453,5,40,0
1990,32,1,1,1,0,0,766,1,0,0
1990,58,1,0,0,0,0,0,0,0,0
1990,61,2,0,0,0,1,157,5,30,0
1990,53,2,3,1,0,0,738,1,40,0
1990,42,1,2,0,0,1,567,0,40,0
1990,51,2,3,0,0,1,313,5,40,0
1990,58,1,0,0,0,0,777,1,40,0
1990,59,2,0,0,0,0,877,1,40,0
1990,43,1,0,0,0,0,213,1,40,0
1990,42,2,0,0,0,0,785,1,0,0
1990,19,2,2,0,0,0,777,1,40,0
1990,64,2,3,1,0,0,0,0,0,0
1990,28,2,2,1,0,0,909,6,0,0
1990,65,2,3,0,0,0,447,5,0,0
1990,45,1,0,0,0,1,22,1,50,0
1990,31,2,0,0,1,1,22,1,40,0
1990,58,1,0,0,0,1,84,5,56,1
1990,57,2,0,0,0,1,313,5,0,0
1990,48,1,0,0,0,1,14,5,55,0
1990,43,2,0,0,0,1,255,4,60,1
1990,19,1,1,0,0,1,804,3,25,0
1990,75,2,3,0,0,0,0,0,0,0
1990,34,2,2,0,0,0,744,1,40,0
1990,27,1,0,0,0,1,213,1,40,0
1990,26,2,0,0,0,1,216,1,40,0
1990,29,1,2,0,0,0,777,1,40,0
1990,34,1,1,0,0,0,575,1,40,0
1990,44,1,0,0,0,1,84,5,60,1
1990,45,2,0,0,0,1,313,5,7,0
1990,79,2,3,1,0,0,0,0,0,0
1990,30,1,1,1,0,0,436,3,40,0
1990,75,1,0,0,0,1,0,0,0,0
1990,75,2,0,0,0,1,0,0,0,0
1990,72,1,3,0,0,0,877,3,90,0
1990,59,2,3,0,0,0,0,0,0,0
1990,39,1,0,0,0,1,785,1,40,0
1990,36,2,0,0,0,0,785,1,40,0
1990,77,2,3,0,0,0,0,0,0,0
1990,36,1,0,0,0,0,534,1,40,0
1990,32,2,0,0,0,0,225,1,50,0
1990,64,1,2,0,0,0,0,0,0,0
1990,77,2,2,0,0,0,0,0,0,0
1990,68,1,0,0,0,0,0,0,0,0
1990,63,2,0,0,0,0,0,0,0,0
1990,61,1,0,0,0,0,268,3,40,0
1990,61,2,0,0,0,0,274,3,37,0
1990,42,1,3,0,0,1,263,3,55,0
1990,46,1,0,0,0,0,804,6,40,0
1990,44,2,0,0,0,0,223,1,40,0
1990,20,1,1,0,0,0,223,1,40,0
1990,21,1,1,0,0,0,479,0,40,0
1990,35,1,0,0,0,0,785,6,40,0
1990,35,2,0,0,0,0,628,1,45,0
1990,58,1,0,0,0,0,779,1,40,0
1990,58,2,0,0,0,0,744,1,40,0
1990,24,2,1,0,0,1,738,1,40,0
1990,72,2,0,0,0,0,779,1,0,0
1990,66,2,0,0,0,0,467,5,8,0
1990,26,1,1,0,0,0,595,0,40,0
1990,35,2,3,0,0,0,0,0,0,0
1990,64,2,3,0,0,0,356,1,40,0
1990,60,1,0,0,0,1,579,0,55,0
1990,57,2,0,0,0,0,436,3,24,0
1990,38,1,0,0,0,0,684,1,44,0
1990,34,2,0,0,0,0,276,3,30,0
1990,44,1,1,0,0,0,0,0,0,0
1990,65,1,0,0,0,1,809,2,17,0
1990,51,2,0,0,0,0,809,2,50,0
1990,39,1,0,0,0,1,243,3,50,0
1990,38,2,0,0,0,1,96,3,30,0
1990,38,1,0,3,0,0,856,1,40,0
1990,40,2,0,3,0,1,305,1,52,0
1990,41,1,0,0,0,1,243,3,50,0
1990,38,2,0,0,0,0,0,0,0,0
1990,60,1,0,0,0,1,22,1,44,0
1990,59,2,0,0,0,0,274,3,40,0
1990,23,2,3,0,0,0,754,1,12,0
1990,78,1,0,0,0,0,0,0,0,0
1990,78,2,0,0,0,0,0,0,0,0
1990,72,2,0,0,0,0,0,0,0,0
1990,62,1,0,0,0,0,243,3,47,0
1990,58,2,0,0,0,0,0,0,0,0
1990,34,1,0,0,0,0,804,2,0,0
1990,34,2,0,0,0,0,808,5,0,0
1990,60,1,0,1,0,0,749,1,50,0
1990,57,2,0,1,0,1,739,1,50,0
1990,78,1,0,0,0,0,0,0,0,0
1990,77,2,0,0,0,0,0,0,0,0
1990,74,2,3,0,0,0,449,5,8,0
1990,78,1,0,0,0,0,0,0,0,0
1990,67,2,0,0,0,0,0,0,0,0
1990,28,1,2,0,0,0,888,1,40,0
1990,64,1,0,0,0,1,686,3,0,0
1990,59,2,0,0,0,1,686,3,0,0
1990,73,1,0,0,0,1,0,0,0,0
1990,67,2,0,0,0,1,0,0,0,0
1990,38,1,1,0,0,1,256,4,55,0
1990,30,2,3,0,0,0,754,1,40,0
1990,34,1,0,0,0,0,447,5,40,0
1990,33,2,0,0,0,0,274,3,0,0
1990,38,1,0,0,0,1,14,5,75,1
1990,32,2,0,0,0,1,0,0,0,0
1990,33,2,0,0,0,1,449,4,0,0
1990,33,1,0,0,0,0,453,1,40,0
1990,51,1,0,0,0,1,486,5,25,0
1990,44,2,0,0,0,0,0,0,0,0
1990,20,1,1,0,0,0,804,3,40,0
1990,21,1,1,0,0,0,753,1,40,0
1990,45,1,0,0,0,0,563,0,30,0
1990,48,2,0,0,0,0,185,3,35,0
1990,18,2,1,0,0,0,444,3,40,0
1990,37,1,2,0,0,1,516,4,40,0
1990,47,2,3,0,0,0,0,0,0,0
1990,39,1,0,0,0,1,259,1,50,0
1990,41,2,0,0,0,0,313,4,30,0
1990,51,1,1,0,0,0,804,2,4,0
1990,21,1,1,0,0,1,804,3,30,0
1990,20,1,1,0,0,1,376,1,35,0
1990,21,1,1,0,0,1,243,3,30,0
1990,21,1,1,3,3,1,444,5,5,0
1990,22,2,1,0,0,1,443,3,15,0
1990,25,1,1,0,0,1,453,1,0,0
1990,19,1,1,0,0,1,435,3,20,0
1990,63,2,3,0,0,0,0,0,0,0
1990,19,1,1,0,0,1,495,0,40,0
1990,21,1,1,0,0,1,883,2,15,0
1990,19,1,3,0,0,1,804,3,40,0
1990,37,1,0,0,0,1,869,0,50,0
1990,38,2,0,0,0,1,156,5,35,0
1990,34,2,1,0,0,1,373,3,37,0
1990,24,1,1,0,0,1,274,3,20,0
1990,42,1,0,0,0,1,259,1,60,1
1990,39,2,0,0,0,1,313,5,16,0
1990,32,2,1,0,0,0,449,5,40,0
1990,34,1,2,0,0,0,567,0,50,0
1990,65,1,0,0,0,1,0,0,0,0
1990,57,2,0,0,0,1,21,5,0,0
1990,43,1,1,0,0,1,235,1,40,0
1990,74,2,3,0,0,0,0,0,0,0
1990,60,1,0,0,0,1,473,0,70,0
1990,56,2,0,0,0,0,444,5,0,0
1990,23,2,1,0,0,1,435,4,40,0
1990,31,1,0,0,0,0,785,1,45,0
1990,25,2,0,0,0,0,458,4,0,0
1990,43,1,0,0,0,0,653,0,40,0
1990,41,2,0,0,0,0,179,6,40,0
1990,19,1,1,0,0,0,518,1,40,0
1990,40,1,2,0,0,0,556,0,30,0
1990,29,1,1,0,0,1,337,5,40,0
1990,74,1,0,0,0,0,0,0,0,0
1990,75,2,0,0,0,0,0,0,0,0
1990,51,2,3,0,0,1,0,0,0,0
1990,49,1,0,0,0,0,496,1,0,0
1990,45,2,0,0,0,0,276,3,35,0
1990,24,1,2,0,0,0,889,1,40,0
1990,26,1,0,0,0,0,856,3,40,0
1990,22,2,0,0,0,0,274,3,30,0
1990,53,1,0,0,0,1,505,4,50,0
1990,51,2,0,0,0,0,744,1,48,0
1990,74,1,0,0,0,0,628,3,0,0
1990,70,2,0,0,0,0,0,0,0,0
1990,36,1,0,0,0,0,276,3,40,0
1990,37,2,0,0,0,0,754,1,44,0
1990,56,1,0,0,0,1,84,5,60,1
1990,54,2,0,0,0,1,95,5,50,1
1990,43,2,2,0,0,1,313,4,40,0
1990,18,1,1,1,0,0,883,1,20,0
1990,47,1,0,0,0,0,727,1,40,0
1990,43,2,0,0,0,0,745,1,40,0
1990,40,1,0,0,0,0,804,2,50,0
1990,39,2,0,0,0,0,475,0,12,0
1990,19,1,1,0,0,0,889,3,20,0
1990,31,1,0,0,0,0,889,1,40,0
1990,30,2,0,0,0,0,0,0,0,0
1990,72,1,0,0,0,0,0,0,0,0
1990,68,2,0,0,0,0,0,0,0,0
1990,36,1,0,0,0,0,783,1,40,0
1990,34,2,0,0,0,1,313,1,40,0
1990,47,1,0,0,0,0,628,1,40,0
1990,40,2,0,0,0,0,785,1,40,0
1990,19,1,1,0,0,0,486,0,16,0
1990,49,1,0,0,0,0,0,0,0,0
1990,43,2,0,0,0,0,379,1,40,0
1990,20,2,1,0,0,1,274,3,25,0
1990,49,1,0,0,0,1,22,1,40,0
1990,48,2,0,0,0,1,0,0,0,0
1990,34,1,0,0,0,0,758,1,40,0
1990,36,2,0,0,0,1,447,5,36,0
1990,38,1,0,0,0,0,577,2,40,0
1990,37,2,0,0,0,0,683,1,37,0
1990,70,1,0,0,0,0,268,3,0,0
1990,65,2,0,0,0,0,0,0,0,0
1990,64,1,0,0,0,0,888,0,0,0
1990,67,2,0,0,0,0,0,0,0,0
1990,47,2,3,0,0,1,22,5,35,1
1990,50,1,3,0,0,0,0,0,0,0
1990,69,1,2,0,0,0,657,1,40,0
1990,37,1,0,0,0,0,804,2,65,0
1990,33,2,0,0,0,0,666,1,40,0
1990,80,2,0,0,0,0,0,0,0,0
1990,69,1,0,0,0,0,0,0,0,0
1990,44,1,2,0,0,0,518,1,40,0
1990,19,1,1,0,0,0,709,1,30,0
1990,31,2,2,0,0,0,739,1,40,0
1990,36,2,2,0,0,0,453,5,40,0
1990,67,2,3,0,0,0,364,1,0,0
1990,22,1,0,0,0,0,598,0,50,0
1990,20,2,0,0,0,0,0,0,0,0
1990,45,1,0,0,0,0,785,1,45,0
1990,41,2,0,0,0,0,469,1,35,0
1990,65,2,2,0,0,0,0,0,0,0
1990,73,1,0,0,0,0,0,0,0,0
1990,64,2,0,0,0,0,0,0,0,0
1990,35,1,1,0,0,1,658,1,40,0
1990,43,1,2,0,0,1,276,3,50,1
1990,29,2,3,0,0,0,888,1,44,0
1990,23,1,1,0,0,1,533,1,40,0
1990,21,2,1,0,0,1,458,4,40,0
1990,36,1,2,0,0,1,423,6,55,0
1990,42,1,0,0,0,0,448,2,40,0
1990,40,2,0,0,0,0,785,1,40,0
1990,46,1,0,0,0,1,796,1,40,0
1990,43,2,0,0,0,1,379,1,40,0
1990,29,2,3,0,0,0,749,1,40,0
1990,55,1,0,0,0,0,0,0,0,0
1990,53,2,0,0,0,0,0,0,0,0
1990,19,1,1,0,0,0,887,3,20,0
1990,74,1,0,0,0,1,785,1,30,0
1990,55,2,0,0,0,1,785,1,30,0
1990,26,1,0,0,0,1,259,3,40,0
1990,23,2,0,0,0,0,744,1,40,0
1990,25,1,0,0,0,0,785,1,40,0
1990,25,2,0,0,0,0,796,1,30,0
1990,32,2,0,0,0,1,407,4,36,0
1990,33,1,0,0,0,1,253,4,50,1
1990,56,1,0,0,0,0,426,1,40,0
1990,54,2,0,0,0,0,0,0,0,0
1990,33,1,0,0,0,1,424,6,40,0
1990,45,2,0,0,0,0,739,1,40,0
1990,26,1,2,0,0,0,516,2,47,0
1990,45,1,0,0,0,0,567,5,50,0
1990,40,2,0,0,0,0,744,1,40,0
1990,18,2,1,0,0,0,17,3,40,0
1990,61,2,2,0,0,0,323,2,38,0
1990,37,1,0,0,0,1,533,1,50,0
1990,40,2,0,0,0,1,156,5,37,0
1990,41,1,2,0,0,1,785,1,40,0
1990,45,1,0,0,0,1,64,1,40,0
1990,41,2,0,0,0,1,377,5,32,0
1990,23,1,1,0,0,1,363,1,40,0
1990,20,1,1,0,0,1,889,1,40,0
1990,36,1,0,0,0,0,359,2,60,0
1990,35,2,0,0,0,1,95,5,38,0
1990,38,1,0,0,0,0,728,1,40,0
1990,31,2,0,0,0,0,738,1,40,0
1990,30,2,2,0,0,0,274,3,36,0
1990,21,2,1,0,0,1,175,5,40,0
1990,27,2,2,0,0,1,738,1,45,0
1990,79,2,1,0,0,1,95,4,0,0
1990,33,1,0,0,0,0,307,4,50,0
1990,32,2,0,0,0,0,0,0,0,0
1990,52,1,0,0,0,1,259,1,55,1
1990,45,2,0,0,0,1,95,5,50,0
1990,27,1,1,0,0,1,447,5,40,0
1990,21,2,2,0,0,1,207,5,40,0
1990,77,2,3,0,0,0,0,0,0,0
1990,30,2,1,1,0,0,747,1,0,0
1990,24,1,2,0,0,0,883,3,52,0
1990,50,2,2,0,0,0,628,1,40,0
1990,23,1,3,0,0,0,729,1,40,0
1990,25,1,2,0,0,0,885,3,50,0
1990,58,1,3,0,0,0,758,4,40,0
1990,49,1,0,0,0,0,727,1,40,0
1990,46,2,0,0,0,0,0,0,0,0
1990,68,1,0,0,0,0,0,0,0,0
1990,74,2,0,0,0,0,0,0,0,0
1990,23,2,1,0,0,0,777,3,48,0
1990,40,1,1,1,0,0,708,1,40,0
1990,56,1,0,0,0,1,785,1,50,0
1990,59,2,0,0,0,0,436,3,40,0
1990,56,1,0,0,0,0,804,1,80,0
1990,58,2,0,0,0,1,0,0,0,0
1990,52,2,2,0,0,0,436,5,40,0
1990,18,2,1,0,0,0,0,0,0,0
1990,22,1,1,0,0,1,878,1,40,0
1990,36,2,2,1,0,0,407,4,0,0
1990,25,1,0,0,0,1,229,1,50,0
1990,23,2,0,0,0,1,23,6,40,0
1990,40,1,0,0,0,0,869,0,40,0
1990,39,2,0,0,0,0,338,1,40,0
1990,18,2,1,0,0,0,888,1,40,0
1990,37,2,2,1,0,0,759,1,40,0
1990,18,1,1,1,0,0,877,3,15,0
1990,67,2,3,0,0,0,0,0,0,0
1990,41,1,2,0,0,0,804,4,38,0
1990,43,1,0,0,0,1,365,1,40,0
1990,43,2,0,0,0,0,379,5,40,0
1990,22,1,1,0,0,1,866,0,24,0
1990,19,2,1,0,0,0,276,3,18,0
1990,61,1,0,0,0,0,503,1,40,0
1990,62,2,0,0,0,0,0,0,0,0
1990,63,2,3,0,0,0,796,1,0,0
1990,62,1,0,0,0,0,785,1,40,0
1990,59,2,0,0,0,0,744,1,0,0
1990,44,1,0,0,0,0,658,1,40,0
1990,40,2,0,0,0,0,749,1,40,0
1990,36,1,0,0,0,0,567,0,45,0
1990,37,2,0,0,0,1,744,3,40,0
1990,29,1,0,0,0,0,779,1,40,0
1990,30,2,0,0,0,0,628,1,40,0
1990,36,1,0,0,0,0,505,4,40,0
1990,35,2,0,0,0,0,769,1,40,0
1990,48,1,0,0,0,1,22,2,62,1
1990,45,2,0,0,0,1,156,5,35,0
1990,19,1,1,0,0,0,529,2,20,0
1990,74,2,3,0,0,0,0,0,0,0
1990,47,2,2,0,0,0,768,1,40,0
1990,27,1,1,0,0,0,276,3,42,0
1990,25,2,1,0,0,0,274,3,34,0
1990,35,1,0,0,0,1,727,1,33,0
1990,27,2,0,0,0,0,785,1,28,0
1990,60,1,0,0,0,1,176,5,50,0
1990,66,2,0,0,0,0,0,0,0,0
1990,46,1,0,0,0,0,235,3,42,0
1990,54,2,0,0,0,0,744,1,40,0
1990,43,1,0,0,0,0,549,3,60,0
1990,40,2,0,0,0,0,589,3,40,0
1990,56,1,0,1,0,0,889,1,40,0
1990,55,2,0,1,0,0,738,1,40,0
1990,31,1,0,0,0,1,575,5,40,0
1990,30,2,0,0,0,1,95,5,40,0
1990,19,1,1,0,0,1,856,1,48,0
1990,40,1,0,0,0,0,628,1,40,0
1990,51,2,0,0,0,0,808,2,21,0
1990,31,1,3,0,0,1,5,6,55,0
1990,40,1,0,0,0,0,518,1,40,0
1990,39,2,0,0,0,0,17,3,70,0
1990,20,1,1,0,0,1,738,1,50,0
1990,62,1,0,0,0,0,804,2,0,0
1990,53,2,0,0,0,0,0,0,0,0
1990,49,2,2,0,0,1,313,5,40,0
1990,47,1,2,0,0,0,804,2,40,0
1990,21,2,1,0,0,0,444,5,40,0
1990,44,2,3,0,0,0,666,4,40,0
1990,57,1,0,0,0,1,355,2,40,0
1990,55,2,0,0,0,1,0,0,0,0
1990,26,2,2,0,0,1,276,3,40,0
1990,76,2,3,0,0,0,0,0,0,0
1990,26,1,0,0,0,0,804,1,40,0
1990,22,2,0,0,0,0,749,1,40,0
1990,58,1,0,0,0,1,0,0,0,1
1990,41,2,0,0,0,1,259,3,60,0
1990,37,1,0,0,0,0,804,3,55,0
1990,41,2,0,0,0,0,744,1,40,0
1990,78,2,3,0,0,0,243,3,40,0
1990,34,1,2,0,0,0,503,1,52,0
1990,46,1,0,0,0,0,0,0,0,0
1990,46,2,0,0,0,0,744,1,40,0
1990,50,1,0,0,0,0,804,2,40,0
1990,47,2,0,0,0,0,453,5,40,0
1990,47,1,2,0,0,0,739,1,80,0
1990,32,2,2,0,0,1,739,1,48,0
1990,25,1,0,0,0,0,785,1,40,0
1990,25,2,0,0,0,0,313,0,40,0
1990,47,1,0,0,0,0,253,4,50,0
1990,46,2,0,0,0,0,7,4,47,0
1990,44,1,0,0,0,1,22,1,42,0
1990,37,2,0,0,0,1,22,1,40,0
1990,37,1,0,0,0,0,22,1,40,0
1990,29,2,0,0,0,0,744,1,37,0
1990,37,1,0,0,0,1,22,1,40,0
1990,37,2,0,0,0,0,447,5,40,0
1990,18,2,1,0,0,1,383,4,40,0
1990,65,1,0,0,0,1,448,5,0,0
1990,52,2,0,0,0,1,156,5,40,0
1990,76,2,0,0,0,0,0,0,0,0
1990,63,1,3,0,0,0,473,0,40,0
1990,53,1,2,0,0,1,22,0,40,0
1990,48,2,2,0,0,1,337,0,40,0
1990,32,1,0,1,0,1,637,1,20,0
1990,32,2,0,1,0,1,229,2,40,0
1990,26,2,1,1,0,1,73,5,40,0
1990,34,1,0,0,0,1,7,5,50,1
1990,31,2,0,0,0,1,185,4,20,0
1990,58,2,3,0,0,0,385,3,40,0
1990,26,1,1,0,0,1,769,1,40,0
1990,21,2,1,0,0,0,375,4,38,0
1990,49,1,1,3,3,1,55,1,70,1
1990,21,1,1,0,0,1,243,3,10,0
1990,34,1,1,1,0,1,888,1,45,1
1990,40,1,1,1,0,0,376,2,40,0
1990,39,2,3,1,0,1,187,5,40,0
1990,56,2,3,1,0,0,0,0,0,0
1990,34,1,1,0,0,1,276,3,40,1
1990,20,1,1,0,0,0,599,0,50,0
1990,19,1,1,0,0,0,599,0,40,0
1990,42,1,0,0,0,1,235,5,35,0
1990,34,2,0,0,0,1,909,6,0,0
1990,39,1,0,0,0,0,785,1,30,0
1990,35,2,0,0,0,0,22,0,50,0
1990,59,1,0,0,0,0,804,2,43,0
1990,52,2,0,0,0,1,159,3,0,0
1990,67,1,0,0,0,0,426,6,0,0
1990,66,2,0,0,0,0,379,6,0,0
1990,47,2,3,0,0,1,458,4,50,0
1990,41,2,2,0,0,1,25,4,60,0
1990,24,1,1,0,0,0,579,0,30,0
1990,47,1,3,0,0,1,199,5,90,1
1990,56,1,0,0,0,1,523,3,60,1
1990,56,2,0,0,0,1,156,5,55,0
1990,25,1,1,0,0,1,243,3,40,0
1990,47,1,0,0,0,0,575,0,40,0
1990,46,2,0,0,0,0,0,0,0,0
1990,29,1,0,0,0,1,229,4,38,0
1990,25,2,0,0,0,1,229,4,38,0
1990,50,1,3,0,0,1,156,5,40,1
1990,71,2,0,0,0,0,0,0,0,0
1990,68,1,0,0,0,0,426,4,30,0
1990,43,2,2,0,0,1,25,1,40,0
1990,19,1,1,0,0,1,376,4,38,0
1990,33,2,0,0,0,1,163,5,15,0
1990,41,1,0,0,0,1,14,5,45,0
1990,74,2,3,0,0,1,0,0,0,0
1990,35,1,0,0,0,1,259,1,52,0
1990,33,2,0,0,0,1,217,4,40,0
1990,48,2,2,0,0,1,435,3,35,0
1990,23,1,1,0,0,1,129,5,40,0
1990,39,1,0,1,0,1,156,5,40,0
1990,38,2,0,1,0,1,23,4,40,0
1990,45,1,2,1,0,1,628,1,50,0
1990,71,1,0,0,0,0,0,0,0,0
1990,67,2,0,0,0,0,0,0,0,0
1990,32,1,0,1,0,1,176,5,40,0
1990,32,2,0,1,0,0,389,4,40,0
1990,27,1,1,1,0,1,808,2,40,0
1990,26,2,1,1,0,1,364,2,40,0
1990,40,1,0,0,0,0,263,3,40,1
1990,33,2,0,0,0,0,384,5,43,0
1990,44,1,0,1,0,1,628,1,50,0
1990,44,2,0,1,0,0,777,1,50,0
1990,19,2,1,1,0,1,0,0,0,0
1990,22,2,0,1,0,1,467,5,12,0
1990,25,1,0,1,0,0,364,1,45,0
1990,22,2,1,0,0,1,283,4,20,0
1990,23,2,1,0,0,1,466,5,40,0
1990,57,2,3,1,0,1,159,5,32,0
1990,50,1,0,0,0,1,259,3,40,0
1990,50,2,0,0,0,0,0,0,0,0
1990,56,2,2,0,0,1,22,4,30,1
1990,57,1,1,1,0,1,567,3,40,0
1990,44,1,2,0,0,1,277,3,0,0
1990,34,1,3,1,0,1,178,6,40,0
1990,57,2,1,1,0,0,0,0,0,0
1990,19,1,1,1,0,0,276,3,20,0
1990,19,2,1,1,0,0,0,0,0,0
1990,39,1,0,0,0,1,547,5,40,0
1990,28,2,0,0,0,0,337,1,40,0
1990,45,2,2,0,0,1,154,5,50,0
1990,61,1,0,0,0,0,695,2,40,0
1990,59,2,0,0,0,1,313,5,35,0
1990,25,1,1,0,0,1,183,5,40,0
1990,25,1,1,0,0,1,56,2,50,0
1990,27,2,1,0,0,1,174,6,40,0
1990,28,1,1,0,0,1,259,3,40,0
1990,42,1,2,1,0,1,804,3,50,1
1990,32,1,0,0,0,1,53,5,58,1
1990,31,2,0,0,0,1,313,5,40,0
1990,23,2,1,1,0,1,453,5,40,0
1990,30,1,0,0,0,1,185,5,40,0
1990,30,2,0,0,0,1,22,4,40,0
1990,32,1,0,0,0,1,103,5,43,0
1990,30,2,0,0,0,1,318,2,40,0
1990,57,1,2,0,0,0,444,3,30,0
1990,75,1,0,0,0,0,0,0,0,1
1990,73,2,0,0,0,1,0,0,0,0
1990,37,1,0,0,0,1,84,5,60,1
1990,36,2,0,0,0,1,0,0,0,0
1990,37,1,0,0,0,1,253,4,55,1
1990,38,2,0,0,0,1,0,0,0,0
1990,36,1,0,0,0,1,18,4,40,0
1990,29,2,0,0,2,1,185,1,0,0
1990,73,1,0,0,0,1,0,0,0,0
1990,67,2,0,0,0,1,0,0,0,0
1990,24,2,1,0,0,1,463,2,18,0
1990,74,2,3,0,0,0,0,0,0,0
1990,43,1,0,0,0,0,243,3,0,0
1990,29,2,0,0,0,0,22,3,50,0
1990,42,1,0,0,0,1,43,5,40,1
1990,42,2,0,0,0,1,313,4,40,0
1990,62,1,3,1,0,0,426,4,40,0
1990,45,2,1,1,0,0,276,3,30,0
1990,54,1,0,1,0,0,779,1,0,0
1990,48,2,0,1,0,0,0,0,0,0
1990,28,1,1,1,0,0,804,3,0,0
1990,21,2,1,1,0,1,344,4,0,0
1990,58,1,0,1,0,0,804,3,40,0
1990,48,2,0,1,0,0,453,5,40,0
1990,58,1,0,0,0,0,0,0,0,0
1990,53,2,0,0,0,0,869,0,40,0
1990,33,1,0,1,0,0,579,0,40,0
1990,29,2,0,1,0,0,436,3,36,0
1990,36,1,2,1,0,0,563,0,40,0
1990,39,2,1,1,0,0,486,5,40,0
1990,47,1,0,1,0,0,585,0,60,1
1990,37,2,0,0,0,1,557,0,80,0
1990,50,1,0,1,0,0,883,2,40,0
1990,50,2,0,1,0,0,447,5,0,0
1990,19,1,1,1,0,1,785,3,15,0
1990,34,1,1,1,0,1,27,1,40,0
1990,71,2,2,1,0,0,224,1,0,0
1990,26,2,1,1,0,0,0,0,0,0
1990,33,1,1,1,0,1,883,3,40,0
1990,32,2,1,1,0,1,445,5,40,0
1990,56,2,1,1,0,0,449,4,25,0
1990,28,2,1,1,0,0,909,6,0,0
1990,28,1,1,1,0,0,486,0,8,0
1990,33,1,1,1,0,0,744,1,20,0
1990,38,2,1,1,0,1,315,2,40,0
1990,53,1,0,0,0,1,59,1,50,1
1990,50,2,0,0,0,0,7,4,40,0
1990,22,2,1,0,0,1,259,3,50,0
1990,24,2,1,0,0,1,276,3,28,0
1990,41,1,0,0,0,1,22,5,75,1
1990,40,2,0,0,0,1,243,3,60,0
1990,30,1,0,0,0,1,258,3,35,0
1990,26,2,0,0,0,1,156,5,40,0
1990,43,1,0,0,0,1,22,3,45,1
1990,44,2,0,0,0,1,95,5,30,0
1990,18,1,1,0,0,0,0,0,0,0
1990,36,1,0,0,0,1,268,3,60,0
1990,28,2,0,0,0,1,255,4,40,0
1990,43,1,0,3,3,1,73,1,41,0
1990,37,2,0,3,3,1,203,5,24,0
1990,70,2,3,3,3,0,0,0,0,0
1990,40,1,0,0,0,1,65,4,40,0
1990,39,2,0,0,0,1,337,5,10,0
1990,47,1,0,0,0,1,96,3,42,1
1990,44,2,0,0,0,1,96,3,42,0
1990,18,2,1,0,0,0,259,1,15,0
1990,34,2,0,0,0,0,22,2,40,0
1990,43,1,0,0,0,1,22,0,40,0
1990,37,1,0,0,0,1,22,1,40,1
1990,51,2,0,0,0,0,0,0,0,0
1990,30,1,0,0,0,1,259,3,60,1
1990,29,2,0,0,0,1,266,3,0,0
1990,31,1,1,0,0,0,257,4,48,0
1990,29,2,0,0,0,0,468,5,15,0
1990,36,1,0,0,0,1,579,0,40,0
1990,53,1,0,0,0,0,274,3,20,0
1990,59,2,0,0,0,0,274,3,51,0
1990,26,1,0,0,0,1,734,1,40,0
1990,22,2,0,0,0,1,17,3,43,0
1990,70,1,0,0,0,1,473,0,14,0
1990,66,2,0,0,0,1,473,0,20,0
1990,80,1,0,0,0,0,0,0,0,0
1990,75,2,0,0,0,0,0,0,0,0
1990,70,2,3,0,0,0,0,0,0,0
1990,63,1,0,0,0,1,33,1,50,1
1990,61,2,0,0,0,1,0,0,0,1
1990,21,2,1,0,0,1,313,5,40,0
1990,42,1,0,0,0,1,22,1,40,1
1990,46,2,0,0,2,1,254,4,50,0
1990,19,2,1,0,0,1,274,3,26,0
1990,19,2,1,0,0,1,435,3,25,0
1990,76,2,3,0,0,0,0,0,0,0
1990,67,2,3,0,0,0,254,4,0,0
1990,39,2,1,0,0,1,185,3,57,0
1990,24,1,1,0,0,1,243,3,45,0
1990,39,1,0,0,0,1,22,1,50,1
1990,37,2,0,0,0,1,259,3,0,0
1990,65,1,3,0,0,1,156,5,50,0
1990,38,1,0,0,0,1,22,5,50,1
1990,37,2,0,0,0,1,178,5,60,1
1990,73,1,0,0,0,0,0,0,0,0
1990,76,2,0,0,0,0,313,3,0,0
1990,57,1,0,0,0,1,22,3,50,1
1990,49,2,0,0,0,1,313,2,40,0
1990,23,2,1,0,0,1,319,4,20,0
1990,67,1,0,0,0,1,22,1,0,1
1990,65,2,0,0,0,0,0,0,0,0
1990,30,2,2,0,0,1,264,3,12,0
1990,36,1,0,0,0,1,55,2,60,1
1990,34,2,0,0,0,1,0,0,0,0
1990,37,1,0,0,0,1,24,4,55,1
1990,38,2,0,0,0,1,155,5,13,0
1990,55,1,0,0,0,1,22,5,50,1
1990,54,2,0,0,0,1,159,5,10,0
1990,36,2,2,0,0,1,15,5,40,0
1990,34,1,0,0,0,0,547,1,41,0
1990,32,2,0,0,0,1,174,4,37,0
1990,50,1,0,1,0,1,0,0,0,0
1990,68,2,0,1,0,0,0,0,0,0
1990,26,1,1,1,0,1,336,4,40,0
1990,23,2,1,1,0,1,155,5,30,0
1990,28,2,1,1,0,1,208,5,40,0
1990,32,1,1,1,0,1,877,3,40,0
1990,53,2,2,0,0,1,156,5,40,0
1990,28,1,1,0,0,1,779,1,40,0
1990,21,2,1,0,0,0,385,3,40,0
1990,26,1,0,0,0,0,883,1,53,0
1990,23,2,0,0,0,1,308,4,40,0
1990,53,1,0,1,0,0,687,1,40,0
1990,50,2,0,1,0,0,0,0,0,0
1990,46,1,0,0,0,1,259,3,55,0
1990,37,2,0,0,0,1,313,3,40,0
1990,24,1,0,0,0,0,856,3,40,0
1990,24,2,0,0,0,0,274,3,0,0
1990,68,1,0,0,0,0,628,1,0,0
1990,64,2,0,0,0,0,364,1,0,0
1990,30,1,0,0,0,1,253,4,50,0
1990,29,2,0,0,0,1,17,3,50,0
1990,42,1,0,0,0,1,55,1,40,0
1990,38,2,0,0,0,1,389,2,40,0
1990,52,1,2,0,0,0,804,0,44,0
1990,23,2,0,0,0,1,95,5,40,0
1990,25,1,0,0,0,1,7,3,70,1
1990,73,2,0,0,0,1,0,0,0,0
1990,53,1,0,0,0,0,243,1,40,0
1990,53,2,0,0,0,0,0,0,0,0
1990,32,1,0,0,0,1,7,1,50,0
1990,31,2,0,0,0,1,157,5,50,0
1990,33,2,1,1,0,1,385,4,40,0
1990,36,2,0,0,0,0,869,0,0,0
1990,54,1,0,0,1,0,789,4,40,0
1990,68,2,3,0,0,0,313,5,2,0
1990,59,1,3,0,0,0,628,1,40,1
1990,26,2,0,3,3,1,23,4,40,0
1990,26,1,0,3,0,1,18,4,40,0
1990,45,2,2,0,0,0,243,3,40,0
1990,30,1,1,0,0,1,253,4,37,0
1990,34,1,1,0,0,1,257,0,45,0
1990,24,2,1,0,0,1,95,5,50,0
1990,30,1,0,0,0,1,795,5,54,0
1990,19,2,0,0,0,0,795,4,25,0
1990,73,2,1,0,0,0,0,0,0,0
1990,38,1,1,0,0,1,259,3,40,0
1990,30,1,0,0,0,1,243,3,60,0
1990,29,2,0,0,0,0,319,4,40,0
1990,33,1,2,0,0,1,259,3,40,0
1990,26,2,1,0,0,1,156,5,75,0
1990,69,2,3,0,0,1,0,0,0,0
1990,36,2,1,0,0,1,156,5,48,0
1990,56,1,2,0,0,0,883,2,40,0
1990,19,1,2,0,0,0,567,0,32,0
1990,21,2,1,0,0,0,453,1,10,0
1990,37,1,0,0,0,0,22,0,45,0
1990,28,2,0,0,0,1,389,4,40,0
1990,53,1,0,0,0,1,243,2,45,0
1990,48,2,0,0,0,0,319,1,40,0
1990,33,1,0,0,0,0,549,3,40,0
1990,34,2,0,0,0,1,316,5,40,0
1990,60,2,2,0,0,0,887,1,48,0
1990,24,1,0,0,0,0,356,2,40,0
1990,24,2,0,0,0,0,796,3,40,0
1990,60,1,0,0,0,0,518,1,40,0
1990,55,2,0,0,0,0,0,0,0,0
1990,40,1,0,0,0,1,418,6,42,0
1990,29,2,0,0,0,0,364,3,40,0
1990,37,1,0,0,0,0,637,1,60,0
1990,31,2,0,0,0,1,364,1,40,0
1990,42,2,2,0,0,0,739,1,40,1
1990,48,1,3,0,0,0,563,0,40,0
1990,39,1,0,0,0,0,883,2,40,0
1990,37,2,0,0,0,0,383,4,40,0
1990,57,1,0,0,0,1,23,2,50,0
1990,58,2,0,0,0,1,156,5,50,0
1990,23,2,1,0,0,1,229,4,40,0
1990,32,1,0,0,0,0,804,0,50,0
1990,28,2,0,0,0,0,744,1,0,0
1990,43,1,0,0,0,0,749,1,40,0
1990,45,2,0,0,0,0,0,0,0,0
1990,51,1,0,0,0,1,73,2,45,0
1990,48,2,0,0,0,1,387,5,22,0
1990,20,2,1,0,0,1,159,6,35,0
1990,18,1,1,0,0,1,804,3,40,0
1990,43,1,0,0,0,0,785,1,40,0
1990,41,2,0,0,0,0,156,5,40,0
1990,33,2,2,0,0,0,468,5,12,0
1990,60,1,0,0,0,1,628,1,40,0
1990,58,2,0,0,0,0,436,5,25,0
1990,24,1,1,0,0,1,53,0,45,0
1990,39,2,0,0,0,1,467,5,0,0
1990,47,1,0,0,0,1,22,2,60,0
1990,69,1,0,0,0,0,637,1,0,0
1990,73,2,0,0,0,0,0,0,0,0
1990,78,2,3,0,0,0,0,0,0,0
1990,71,2,1,0,0,1,0,0,0,0
1990,40,1,0,1,0,0,749,1,40,0
1990,37,2,0,1,0,1,379,2,40,0
1990,49,1,0,0,0,0,529,2,40,0
1990,47,2,0,0,0,0,313,3,40,0
1990,20,2,1,0,0,1,208,5,40,0
1990,33,1,3,0,0,0,235,1,40,0
1990,26,2,3,0,0,0,276,3,35,0
1990,45,1,0,0,0,1,376,3,55,0
1990,41,2,0,0,0,1,365,1,40,0
1990,19,1,1,0,0,1,0,0,0,0
1990,63,1,3,0,0,0,0,0,0,0
1990,50,2,2,0,0,0,453,0,40,0
1990,50,1,0,0,0,1,21,5,30,0
1990,49,2,0,0,0,0,176,5,30,0
1990,49,1,0,0,0,1,243,3,60,0
1990,46,2,0,0,0,0,156,5,40,0
1990,69,2,3,0,0,0,739,1,0,0
1990,54,1,0,0,0,1,869,0,60,0
1990,42,2,0,0,0,1,313,5,32,0
1990,35,1,0,0,0,0,628,1,40,0
1990,42,2,0,0,0,0,434,3,40,0
1990,72,2,3,0,0,0,0,0,0,0
1990,61,2,2,0,0,0,313,3,36,0
1990,64,2,3,0,0,0,276,3,50,0
1990,36,1,0,0,0,1,628,1,40,0
1990,35,2,0,0,0,1,796,1,40,0
1990,36,1,0,0,0,0,243,4,40,0
1990,41,2,0,0,0,1,313,4,40,0
1990,35,1,0,0,0,0,734,1,40,0
1990,32,2,0,0,0,0,796,1,40,0
1990,79,2,0,0,0,0,0,0,0,0
1990,41,1,0,0,0,1,567,0,40,0
1990,37,2,0,0,0,1,313,5,37,0
1990,44,1,0,0,0,0,17,3,40,0
1990,34,2,0,0,0,0,269,3,40,0
1990,59,2,3,0,0,0,738,1,46,0
1990,29,2,1,1,0,0,438,3,18,0
1990,60,2,3,1,0,0,449,4,18,0
1990,30,2,1,1,0,1,376,4,42,0
1990,26,1,1,1,0,0,486,0,40,0
1990,24,1,1,1,0,0,449,5,40,0
1990,64,1,0,1,0,0,0,0,0,0
1990,65,2,0,1,0,0,0,0,0,0
1990,43,1,3,1,0,0,599,0,40,0
1990,73,2,3,1,0,0,453,3,40,0
1990,33,2,1,1,0,0,276,3,36,0
1990,38,2,1,1,0,0,747,4,40,0
1990,35,1,1,1,0,0,257,4,40,0
1990,63,1,3,1,0,0,0,0,0,0
1990,47,1,2,0,0,0,567,0,40,0
1990,73,2,3,0,0,1,0,0,0,0
1990,39,1,1,0,0,1,628,1,45,0
1990,26,1,1,1,0,1,265,3,40,0
1990,73,2,3,0,0,0,0,0,0,0
1990,47,1,2,0,0,0,909,6,0,0
1990,74,2,3,0,0,0,0,0,0,0
1990,62,2,3,0,0,0,0,0,0,0
1990,46,2,1,0,0,0,276,3,0,0
1990,76,1,0,0,0,0,0,0,0,0
1990,69,2,0,0,0,0,0,0,0,0
1990,27,2,2,0,0,0,17,3,40,0
1990,24,1,1,0,0,1,509,3,40,0
1990,48,1,0,0,0,1,96,5,50,1
1990,46,2,0,0,0,1,154,5,24,0
1990,19,2,1,0,0,0,335,5,40,0
1990,33,2,1,1,0,0,796,1,40,0
1990,46,1,1,0,0,1,796,1,50,0
1990,65,2,3,0,0,0,0,0,0,0
1990,42,2,3,1,0,0,744,1,40,0
1990,28,1,1,1,0,0,785,1,40,0
1990,62,1,0,0,0,0,359,2,35,0
1990,61,2,0,0,0,0,0,0,0,0
1990,21,1,1,0,0,0,744,1,56,0
1990,22,2,2,0,0,0,276,3,40,0
1990,42,1,1,1,0,0,185,1,45,0
1990,26,1,1,1,0,0,769,1,45,0
1990,42,2,3,0,0,0,449,4,20,0
1990,51,2,2,0,0,0,796,1,40,0
1990,26,1,1,0,0,0,479,0,0,0
1990,65,2,2,0,0,0,658,1,40,0
1990,55,1,0,0,0,0,529,2,40,0
1990,52,2,0,0,0,0,628,1,40,0
1990,28,1,0,0,0,1,754,3,40,0
1990,21,2,0,0,0,0,738,1,40,0
1990,76,2,3,0,0,0,0,0,0,0
1990,57,2,2,0,0,0,365,3,40,0
1990,19,2,1,0,0,0,469,4,27,0
1990,66,1,0,0,0,0,364,1,0,0
1990,66,2,0,0,0,0,744,1,0,0
1990,21,2,1,0,0,0,799,1,40,0
1990,65,1,0,0,0,0,558,0,50,0
1990,66,2,0,0,0,0,447,5,0,0
1990,30,1,0,0,0,0,637,1,50,0
1990,28,2,0,0,0,1,338,1,40,0
1990,70,2,3,1,0,0,0,0,0,0
1990,35,2,0,0,0,1,808,5,40,0
1990,29,1,0,0,0,0,796,1,40,0
1990,64,1,0,0,0,1,373,3,40,0
1990,59,2,0,0,0,0,379,3,40,0
1990,42,1,3,0,0,1,226,2,40,1
1990,62,1,0,0,0,0,518,1,0,0
1990,58,2,0,0,0,0,738,1,40,0
1990,39,1,0,0,0,1,22,0,40,0
1990,36,2,0,0,0,0,337,3,53,0
1990,25,1,1,0,0,1,23,1,45,0
1990,72,2,3,0,0,0,0,0,0,0
1990,64,2,1,0,0,1,177,4,0,0
1990,48,2,1,0,0,1,177,5,0,0
1990,30,1,0,0,0,1,156,5,40,0
1990,29,2,0,0,0,1,156,5,40,0
1990,47,1,0,0,0,0,749,1,40,0
1990,33,2,0,0,0,1,33,5,40,0
1990,40,1,0,0,0,1,243,3,60,0
1990,32,2,0,0,0,1,243,3,60,0
1990,28,2,1,0,0,0,458,4,35,0
1990,27,1,1,0,0,0,507,0,30,0
1990,34,2,2,0,0,1,756,1,48,0
1990,36,2,3,0,0,0,754,3,40,0
1990,52,2,3,0,0,1,276,3,40,0
1990,25,1,1,0,0,1,7,4,50,0
1990,79,2,3,0,0,0,0,0,0,0
1990,42,1,0,1,0,0,856,1,40,0
1990,42,2,0,1,0,0,0,0,0,0
1990,41,2,1,1,0,0,0,0,0,0
1990,18,2,1,1,0,0,436,5,0,0
1990,77,2,3,1,0,0,0,0,0,0
1990,22,2,1,1,0,0,438,3,40,0
1990,75,1,0,0,0,0,453,2,8,0
1990,69,2,0,0,0,0,447,5,0,0
1990,73,2,3,0,0,0,0,0,0,0
1990,69,2,3,0,0,0,0,0,0,0
1990,40,1,0,0,0,1,22,2,45,1
1990,41,2,0,0,0,1,164,5,40,0
1990,71,2,3,1,0,0,0,0,0,0
1990,68,1,3,1,0,0,0,0,0,0
1990,29,1,0,0,0,1,259,1,50,1
1990,26,2,0,0,0,0,375,4,0,0
1990,29,1,0,0,0,1,17,3,50,0
1990,32,2,0,0,0,1,8,3,48,0
1990,75,1,0,0,0,0,243,3,0,0
1990,75,2,0,0,0,0,0,0,0,0
1990,75,1,0,0,0,0,0,0,0,0
1990,73,2,0,0,0,0,0,0,0,0
1990,48,1,0,0,0,0,563,0,45,0
1990,50,2,0,0,0,0,779,1,38,0
1990,22,2,1,0,0,1,276,3,20,0
1990,18,2,1,0,0,0,185,3,15,0
1990,64,1,0,0,0,0,37,1,0,0
1990,60,2,0,0,0,1,156,5,40,0
1990,39,2,0,0,0,1,156,5,38,0
1990,40,1,0,0,0,1,156,5,38,0
1990,39,1,0,0,0,1,657,3,60,0
1990,39,2,0,0,0,1,22,5,42,0
1990,29,1,0,0,0,1,549,1,40,0
1990,25,2,0,0,0,0,738,1,40,0
1990,59,1,0,1,0,0,699,2,0,0
1990,44,2,0,1,0,1,156,5,20,0
1990,50,1,0,0,0,0,558,0,40,0
1990,47,2,0,0,0,0,749,1,40,0
1990,18,1,1,0,0,0,573,0,28,0
1990,76,2,3,0,0,0,0,0,0,0
1990,27,2,2,1,0,0,744,1,40,0
1990,50,1,3,1,0,1,486,0,40,0
1990,51,2,2,0,0,1,453,4,15,0
1990,52,1,2,0,0,0,796,1,37,0
1990,43,1,0,0,0,1,255,4,60,1
1990,40,2,0,0,0,1,0,0,0,0
1990,57,1,0,0,0,0,259,3,45,0
1990,53,2,0,0,0,0,365,3,37,0
1990,62,1,0,0,0,0,22,1,43,1
1990,61,2,0,0,0,0,7,4,40,0
1990,36,1,0,0,0,1,637,1,44,0
1990,29,2,0,0,0,0,785,1,0,0
1990,44,1,0,0,0,1,176,5,48,0
1990,45,2,0,0,0,0,796,1,40,0
1990,25,2,1,0,0,0,889,1,40,0
1990,20,2,1,0,0,0,276,3,20,0
1990,30,1,0,1,0,0,486,0,40,0
1990,31,2,0,1,0,1,447,5,46,0
1990,21,1,1,1,0,0,566,1,40,0
1990,20,1,1,0,0,1,21,5,8,0
1990,40,2,0,1,0,0,453,5,40,0
1990,44,1,0,1,0,0,0,0,0,0
1990,18,1,1,1,0,0,594,0,40,0
1990,66,1,2,1,0,0,518,1,40,0
1990,51,2,3,0,0,0,0,0,0,0
1990,27,1,1,0,0,0,567,0,40,0
1990,67,1,0,0,0,0,798,1,0,0
1990,64,2,0,0,0,0,0,0,0,0
1990,23,1,1,0,0,0,777,1,40,0
1990,55,1,0,0,0,0,796,1,40,0
1990,52,2,0,0,0,0,739,1,45,0
1990,60,1,0,0,0,0,0,0,0,0
1990,50,2,0,0,0,1,164,5,40,0
1990,19,1,1,0,0,1,159,5,10,0
1990,43,1,0,0,0,0,567,0,40,0
1990,29,2,0,0,0,0,316,6,40,0
1990,45,1,0,0,0,1,24,4,50,1
1990,43,2,0,0,0,0,0,0,0,0
1990,62,1,3,0,0,1,8,1,40,0
1990,37,1,0,0,0,1,695,2,40,0
1990,36,2,0,0,0,0,313,4,0,0
1990,78,1,0,0,0,0,756,1,3,0
1990,77,2,0,0,0,1,337,1,20,0
1990,38,1,0,0,0,1,22,3,45,1
1990,31,2,0,0,0,1,436,3,40,0
1990,74,2,3,0,0,0,0,0,0,0
1990,45,2,0,0,0,1,156,5,45,0
1990,44,1,0,0,0,1,628,1,56,0
1990,60,1,0,0,0,0,503,1,50,0
1990,53,2,0,0,0,1,313,5,15,0
1990,58,2,3,0,0,0,203,5,40,0
1990,68,2,2,0,0,0,0,0,0,0
1990,46,1,0,0,0,1,243,4,40,1
1990,46,2,0,0,0,1,7,4,40,0
1990,19,2,1,0,0,0,383,4,40,0
1990,74,1,0,0,0,1,0,0,0,0
1990,60,2,0,0,0,0,796,1,0,0
1990,45,1,0,0,0,0,507,4,40,0
1990,41,2,0,0,0,0,376,4,40,0
1990,18,1,1,0,0,0,438,3,16,0
1990,26,1,0,0,0,0,779,1,40,0
1990,25,2,0,0,0,0,0,0,0,0
1990,68,2,1,0,0,0,909,6,0,0
1990,61,2,3,0,0,0,749,1,40,0
1990,32,1,0,0,0,0,243,3,50,0
1990,32,2,0,0,0,1,305,3,45,0
1990,48,1,0,0,0,0,563,0,58,0
1990,50,2,0,0,0,0,744,1,40,0
1990,52,2,0,0,0,0,628,1,44,0
1990,57,1,0,0,0,0,713,1,40,0
1990,68,2,3,0,0,0,0,0,0,0
1990,32,1,0,0,0,0,518,1,40,0
1990,30,2,0,0,0,0,738,1,40,0
1990,62,1,0,0,0,0,0,0,0,1
1990,49,2,0,0,0,0,744,1,40,0
1990,40,2,2,1,0,1,436,5,40,0
1990,47,1,0,0,0,1,243,3,50,0
1990,42,2,0,0,0,1,0,0,0,1
1990,18,2,1,0,0,0,0,0,0,0
1990,27,1,0,0,0,0,22,0,45,0
1990,26,2,0,0,0,0,343,3,25,0
1990,46,1,0,0,0,1,229,1,40,0
1990,38,2,0,0,0,0,313,5,40,0
1990,31,1,1,0,0,1,883,2,40,0
1990,70,2,3,0,0,0,0,0,0,0
1990,23,1,0,0,0,0,628,1,45,0
1990,22,2,0,0,0,1,208,3,40,0
1990,43,1,0,0,0,1,59,1,45,0
1990,41,2,0,0,0,1,8,1,40,0
1990,35,1,0,0,0,1,418,6,50,0
1990,28,2,0,0,0,1,0,0,0,0
1990,43,2,3,1,0,0,453,3,30,0
1990,76,2,3,0,0,0,0,0,0,0
1990,48,2,2,0,0,0,376,1,40,0
1990,32,1,3,0,0,0,806,3,90,0
1990,32,2,2,0,0,0,738,1,46,0
1990,24,1,0,1,0,1,779,1,40,0
1990,24,2,0,1,0,1,336,5,40,0
1990,34,1,0,1,0,0,628,1,40,0
1990,33,2,0,1,0,0,758,1,60,0
1990,73,1,0,0,0,0,0,0,0,0
1990,69,2,0,0,0,0,0,0,0,0
1990,44,2,2,0,0,0,878,1,40,0
1990,20,1,1,0,0,0,727,1,40,0
1990,22,1,0,0,0,1,538,3,45,0
1990,22,2,0,0,0,1,337,0,40,0
1990,69,1,0,0,0,0,0,0,0,0
1990,63,2,0,0,0,0,0,0,0,0
1990,37,2,3,0,0,0,156,5,40,0
1990,74,2,3,0,0,0,0,0,0,0
1990,53,2,2,0,0,1,65,1,38,0
1990,35,1,2,0,0,0,509,5,40,0
1990,25,2,1,0,0,1,185,4,60,0
1990,67,1,0,0,0,0,804,0,0,0
1990,58,2,0,0,0,0,657,1,48,0
1990,31,1,0,0,0,0,557,0,40,0
1990,28,2,0,0,0,0,346,4,30,0
1990,37,1,0,0,0,1,176,5,50,0
1990,36,2,0,0,0,1,313,4,40,0
1990,49,1,0,0,0,0,418,6,40,0
1990,39,2,0,0,0,0,774,4,40,0
1990,75,1,0,0,0,0,0,0,0,0
1990,66,2,0,0,0,0,276,3,40,0
1990,19,2,1,0,0,0,739,1,40,0
1990,31,1,3,1,0,0,436,6,40,0
1990,49,1,0,0,0,1,705,1,42,0
1990,49,2,0,0,0,1,243,3,38,0
1990,62,2,3,0,0,0,243,3,16,0
1990,55,1,0,0,0,0,518,1,48,0
1990,54,2,0,0,0,0,628,1,42,0
1990,19,1,1,0,0,0,749,1,41,0
1990,30,1,0,0,0,0,549,1,43,0
1990,30,2,0,0,0,0,744,1,0,0
1990,53,1,0,0,0,0,567,0,40,0
1990,47,2,0,0,0,0,447,5,40,0
1990,49,1,2,0,0,1,22,1,45,0
1990,35,2,1,1,0,0,447,5,0,0
1990,41,1,3,1,0,0,739,1,0,0
1990,30,1,0,0,0,0,628,1,45,0
1990,31,2,0,0,0,1,98,5,32,0
1990,44,1,0,0,0,1,154,5,40,0
1990,39,2,0,0,0,1,157,5,40,0
1990,36,2,3,0,0,0,739,1,40,0
1990,28,1,0,0,0,1,17,1,46,0
1990,29,2,0,0,0,0,208,5,32,0
1990,21,1,0,0,0,0,565,0,40,0
1990,19,2,0,0,0,0,744,1,0,0
1990,79,1,0,0,0,0,0,0,0,0
1990,75,2,0,0,0,0,0,0,0,0
1990,26,1,1,0,0,0,783,4,40,0
1990,23,2,1,0,0,0,313,4,40,0
1990,49,1,0,1,0,0,364,3,40,0
1990,47,2,0,1,0,0,453,5,40,0
1990,27,2,1,1,0,0,799,1,40,0
1990,25,1,1,1,0,0,579,0,44,0
1990,23,2,1,1,0,0,785,1,43,0
1990,22,2,1,1,0,0,889,1,40,0
1990,62,1,0,0,0,0,0,0,0,0
1990,63,2,0,0,0,0,748,4,40,0
1990,56,1,0,0,0,0,453,3,40,0
1990,46,2,0,0,0,0,466,5,40,0
1990,24,1,1,0,0,1,156,5,20,0
1990,32,2,0,0,0,1,156,5,40,0
1990,32,1,0,0,0,1,486,0,40,0
1990,36,2,1,0,0,1,22,1,40,0
1990,68,1,0,0,0,0,453,6,40,0
1990,64,2,0,0,0,0,796,1,40,0
1990,25,1,0,0,0,0,889,2,40,0
1990,23,2,0,0,0,0,0,0,0,0
1990,62,1,0,0,0,0,0,0,0,0
1990,58,2,0,0,0,0,313,5,45,0
1990,64,1,0,0,0,0,637,1,48,0
1990,57,2,0,0,0,0,774,4,37,0
1990,40,1,3,0,0,0,426,1,50,0
1990,18,1,1,0,0,0,877,3,20,0
1990,35,2,1,1,0,1,447,5,55,0
1990,38,1,0,0,0,1,186,5,40,0
1990,34,2,0,0,0,1,22,4,0,0
1990,58,1,0,0,0,0,303,6,40,0
1990,58,2,0,0,0,0,0,0,0,0
1990,46,1,2,0,0,1,759,3,45,0
1990,22,2,1,0,0,1,335,5,5,0
1990,77,1,0,0,0,1,22,5,20,0
1990,75,2,0,0,0,1,0,0,0,0
1990,40,1,0,0,0,0,644,4,72,0
1990,34,2,0,0,0,1,207,5,42,0
1990,27,1,0,0,0,0,567,0,50,0
1990,22,2,0,0,0,1,276,3,35,0
1990,69,1,0,0,0,0,0,0,0,0
1990,66,2,0,0,0,0,0,0,0,0
1990,34,1,1,0,0,0,579,0,30,0
1990,44,2,0,0,0,1,156,5,40,0
1990,44,1,0,0,0,1,243,3,40,1
1990,41,1,0,0,0,1,354,2,40,0
1990,40,2,0,0,0,1,159,5,40,0
1990,34,1,0,0,0,1,22,0,60,1
1990,31,2,0,0,0,1,313,1,45,0
1990,24,1,0,0,0,0,637,1,40,0
1990,25,2,0,0,0,0,315,1,30,0
1990,53,2,3,1,0,0,447,5,40,0
1990,34,1,3,1,0,0,21,5,40,0
1990,64,2,0,0,0,1,159,5,35,0
1990,65,1,0,0,0,0,0,0,0,0
1990,35,1,0,0,0,1,243,3,50,1
1990,34,2,0,0,0,1,95,5,45,0
1990,30,1,0,0,0,1,417,6,48,0
1990,29,2,0,0,0,1,106,5,48,0
1990,33,1,0,1,0,1,684,1,40,0
1990,23,2,0,1,0,0,336,4,0,0
1990,66,2,1,0,0,0,27,6,40,0
1990,35,1,0,0,0,1,704,1,40,0
1990,32,2,0,0,0,1,337,1,25,0
1990,29,2,1,0,0,0,315,5,40,0
1990,27,1,1,0,0,0,579,0,40,0
1990,34,2,1,0,0,1,206,5,40,0
1990,41,1,0,0,0,1,154,5,40,0
1990,32,2,0,0,0,1,184,5,15,0
1990,20,2,1,0,0,1,467,5,18,0
1990,20,2,1,0,0,1,276,3,40,0
1990,20,2,1,0,0,1,376,2,25,0
1990,75,2,2,0,0,1,164,5,0,0
1990,35,2,1,0,0,1,389,0,40,0
1990,28,1,1,0,0,1,809,5,40,0
1990,19,2,1,1,0,1,276,3,40,0
1990,32,1,0,1,0,0,804,3,40,0
1990,31,2,0,1,0,0,0,0,0,0
1990,66,2,1,1,0,0,447,4,0,0
1990,43,2,2,1,0,0,804,5,40,0
1990,42,2,2,1,0,1,95,5,30,0
1990,19,2,1,1,0,1,438,3,30,0
1990,26,2,1,1,0,0,748,4,40,0
1990,72,2,3,1,0,1,95,4,4,0
1990,32,1,0,1,0,0,447,5,40,0
1990,26,2,0,1,0,1,667,4,40,0
1990,61,2,3,1,0,0,447,5,0,0
1990,78,1,0,0,0,0,368,0,0,0
1990,74,2,0,0,0,0,0,0,0,0
1990,56,1,3,0,0,0,804,1,40,0
1990,40,1,2,0,0,0,567,0,40,0
1990,35,1,2,0,0,1,307,1,42,0
1990,30,2,2,0,0,1,337,5,42,0
1990,56,1,0,0,0,1,264,3,30,1
1990,43,2,0,0,0,1,37,3,0,0
1990,49,1,0,0,0,0,303,4,39,0
1990,48,2,0,0,0,0,774,4,40,0
1990,65,2,3,0,0,0,458,4,8,0
1990,72,1,0,0,0,0,0,0,0,0
1990,73,2,0,0,0,0,0,0,0,0
1990,58,1,0,0,0,1,73,1,40,0
1990,53,2,0,0,0,1,387,5,38,0
1990,26,1,1,0,0,1,23,2,40,0
1990,22,2,1,0,0,1,337,3,20,0
1990,28,2,0,0,0,1,178,5,50,1
1990,30,1,0,0,0,1,174,3,40,1
1990,35,2,1,0,0,1,96,3,40,0
1990,62,1,0,0,0,1,84,5,20,1
1990,60,2,0,0,0,1,159,5,38,0
1990,44,1,0,1,0,1,175,5,40,0
1990,36,2,0,1,0,0,808,5,40,0
1990,34,1,0,0,0,1,23,2,40,0
1990,32,2,0,0,3,1,435,4,0,0
1990,24,2,1,1,0,1,365,3,45,0
1990,37,1,0,0,0,0,518,1,50,0
1990,32,2,0,0,0,0,335,4,37,0
1990,40,1,0,0,0,1,579,0,40,0
1990,31,2,0,0,0,1,22,3,45,0
1990,23,1,1,0,0,1,447,5,40,0
1990,69,2,1,0,0,1,0,0,0,0
1990,52,1,0,0,0,1,22,1,50,0
1990,53,2,0,0,0,1,243,3,48,0
1990,60,2,0,0,0,0,0,0,0,0
1990,57,1,0,0,0,0,453,5,0,0
1990,35,1,2,0,0,0,575,0,48,0
1990,33,1,2,0,0,0,575,0,40,0
1990,32,2,1,0,0,0,444,5,25,0
1990,65,2,2,0,0,0,337,4,40,0
1990,70,2,1,1,0,0,0,0,0,0
1990,66,1,0,0,0,0,0,0,0,0
1990,62,2,0,0,0,0,0,0,0,0
1990,43,1,2,0,0,0,777,1,40,0
1990,69,2,3,0,0,0,0,0,0,0
1990,29,1,0,0,0,1,243,3,45,0
1990,25,2,0,0,0,1,339,3,32,0
1990,40,2,2,1,0,1,73,1,40,0
1990,19,1,1,1,0,1,785,1,16,0
1990,52,2,3,1,0,1,447,5,40,0
1990,23,1,1,1,0,1,804,3,25,0
1990,21,2,1,1,0,1,264,3,20,0
1990,35,1,0,0,0,1,156,5,45,0
1990,32,2,0,0,0,1,103,5,20,0
1990,24,2,1,0,0,1,375,4,40,0
1990,33,1,1,0,0,1,243,3,49,0
1990,38,2,1,1,0,1,463,2,40,0
1990,57,2,2,0,0,1,22,4,35,0
1990,31,1,3,0,0,1,243,3,40,0
1990,23,1,0,0,0,0,689,2,60,0
1990,20,2,0,0,0,1,458,4,30,0
1990,68,2,3,0,0,0,458,4,24,0
1990,60,1,0,0,0,0,533,4,40,0
1990,59,2,0,0,0,0,0,0,0,0
1990,79,2,3,0,0,0,0,0,0,0
1990,79,2,3,0,0,0,0,0,0,0
1990,38,1,0,1,0,1,6,6,50,0
1990,39,2,0,1,0,1,313,5,40,0
1990,18,2,1,1,0,0,0,0,0,0
1990,25,1,0,1,0,1,779,1,40,0
1990,23,2,0,1,0,0,155,5,40,0
1990,38,1,2,0,0,0,0,0,0,0
1990,42,1,0,0,0,0,579,0,40,0
1990,38,2,0,0,0,0,365,3,40,0
1990,35,2,2,1,0,0,779,1,37,0
1990,71,1,0,0,0,1,0,0,0,1
1990,67,2,0,0,0,1,0,0,0,0
1990,32,1,2,0,0,1,475,0,70,0
1990,38,1,0,0,0,0,853,0,70,0
1990,50,2,0,0,0,0,0,0,0,0
1990,61,2,3,0,0,1,0,0,0,0
1990,75,2,3,0,0,0,473,0,0,0
1990,42,1,2,0,0,1,783,4,22,0
1990,70,1,2,0,0,0,479,0,0,0
1990,49,1,0,0,0,1,804,2,40,0
1990,44,2,0,0,0,1,379,4,4,0
1990,22,2,1,0,0,1,308,3,40,0
1990,21,1,1,0,0,1,804,0,40,0
1990,68,1,0,0,0,1,0,0,0,0
1990,68,2,0,0,0,0,319,5,0,0
1990,52,1,0,0,0,1,628,5,45,0
1990,50,2,0,0,0,1,436,5,24,0
1990,30,1,1,0,0,1,575,0,40,0
1990,29,1,1,0,0,0,579,0,40,0
1990,45,2,2,0,0,1,276,3,40,0
1990,21,2,1,0,0,1,435,3,28,0
1990,37,2,1,0,0,1,167,5,40,0
1990,43,1,0,0,0,1,575,0,55,0
1990,42,2,0,0,0,0,17,3,60,0
1990,60,1,0,0,0,1,259,3,50,1
1990,61,2,0,0,0,0,0,0,0,0
1990,25,1,1,0,0,1,547,6,40,0
1990,29,1,3,0,0,1,423,6,40,0
1990,37,1,2,0,0,1,194,5,12,0
1990,31,2,2,0,0,1,77,0,42,0
1990,28,1,0,0,0,1,885,3,40,0
1990,27,2,0,0,0,1,445,5,36,0
1990,31,1,0,0,0,1,156,5,50,0
1990,30,2,0,0,0,1,379,5,36,0
1990,56,1,0,0,0,1,22,5,45,1
1990,56,2,0,0,0,1,22,5,60,0
1990,27,1,0,0,0,0,453,4,50,0
1990,33,2,0,0,0,1,0,0,0,0
1990,21,1,1,0,0,0,534,0,40,0
1990,49,1,0,0,0,0,744,1,40,0
1990,47,2,0,0,0,0,796,1,40,0
1990,20,1,1,0,0,1,435,3,40,0
1990,48,1,3,3,3,0,785,1,40,0
1990,33,1,1,1,0,0,785,5,0,0
1990,59,1,3,1,0,0,0,0,0,0
1990,22,1,1,0,0,0,567,0,40,0
1990,52,2,2,0,0,0,878,1,40,0
1990,67,1,0,0,0,0,518,1,20,0
1990,60,2,0,0,0,0,0,0,0,0
1990,30,1,0,1,0,0,628,1,54,0
1990,31,2,0,1,0,0,243,3,40,0
1990,23,1,1,3,0,0,785,1,40,0
1990,19,2,2,0,0,0,436,3,10,0
1990,44,2,3,0,0,0,744,4,48,0
1990,79,1,3,0,0,0,0,0,0,0
1990,28,1,1,0,0,1,255,4,60,0
1990,35,1,0,0,0,1,567,0,40,0
1990,30,2,0,0,0,1,337,1,40,0
1990,33,1,0,0,0,1,84,5,60,1
1990,31,2,0,0,0,1,84,5,30,1
1990,73,1,0,0,0,0,23,3,40,0
1990,73,2,0,0,0,0,0,0,0,0
1990,80,1,0,0,0,0,0,0,0,0
1990,78,2,0,0,0,0,0,0,0,0
1990,53,1,0,0,0,0,453,5,30,0
1990,55,2,0,0,0,0,796,1,40,0
1990,63,2,3,0,0,0,436,5,0,0
1990,47,1,2,0,0,0,883,1,35,0
1990,27,1,0,1,0,1,22,3,45,0
1990,25,2,0,1,0,1,313,4,60,0
1990,34,1,0,0,0,1,22,1,48,0
1990,39,2,0,0,0,1,313,5,40,0
1990,18,1,1,0,0,0,459,5,40,0
1990,62,1,3,0,0,0,275,3,40,0
1990,43,1,0,0,0,0,563,0,40,0
1990,42,2,0,0,0,1,95,5,32,0
1990,66,1,0,0,0,1,866,0,3,0
1990,59,2,0,0,0,0,0,0,0,0
1990,28,1,1,0,0,1,567,0,40,0
1990,25,1,1,0,0,0,866,0,40,0
1990,22,1,1,0,0,0,505,4,40,0
1990,45,1,2,0,0,0,628,1,40,0
1990,33,2,1,0,0,1,22,1,40,0
1990,45,1,0,0,0,0,696,4,42,0
1990,42,2,0,0,0,0,313,5,40,0
1990,24,1,0,0,0,1,505,3,40,0
1990,23,2,0,0,0,0,319,5,40,0
1990,50,2,2,0,0,0,268,3,40,0
1990,47,2,1,0,0,0,337,4,40,0
1990,64,1,3,0,0,0,0,0,0,0
1990,61,1,0,0,0,0,518,1,48,0
1990,59,2,0,0,0,0,338,1,37,0
1990,58,1,0,0,0,0,0,0,0,0
1990,59,2,0,0,0,0,323,5,0,0
1990,25,1,0,0,0,0,243,3,50,0
1990,20,2,0,0,0,0,337,3,20,0
1990,68,1,0,0,0,1,259,3,0,0
1990,71,2,0,0,0,0,0,0,0,0
1990,57,2,0,1,0,0,658,1,40,0
1990,58,1,0,1,0,0,785,1,40,0
1990,23,2,1,1,0,0,744,1,0,0
1990,37,1,0,1,0,0,766,1,40,0
1990,37,2,0,1,0,0,364,1,40,0
1990,71,2,3,1,0,0,0,0,0,0
1990,18,1,1,1,0,0,436,3,35,0
1990,19,1,1,1,0,1,0,0,0,0
1990,80,2,2,0,0,0,628,1,5,0
1990,32,1,0,0,0,0,804,2,35,0
1990,26,2,0,0,0,0,447,5,40,0
1990,68,2,3,0,0,0,0,0,0,0
1990,26,2,3,0,0,1,22,3,40,0
1990,57,1,0,0,0,0,468,5,0,0
1990,54,2,0,0,0,0,313,5,40,0
1990,47,1,0,0,0,0,566,0,39,0
1990,50,2,0,0,0,0,777,1,40,0
1990,28,1,1,0,0,0,785,1,40,0
1990,38,1,0,0,0,1,22,1,60,0
1990,28,2,0,0,0,1,134,5,35,0
1990,71,2,1,0,0,1,0,0,0,0
1990,67,2,1,0,0,1,159,5,7,0
1990,53,1,0,1,0,0,453,5,42,0
1990,52,2,0,1,0,0,453,5,2,0
1990,22,1,1,1,0,0,453,5,3,0
1990,47,1,0,1,0,0,365,1,40,0
1990,45,2,0,1,0,0,259,1,40,0
1990,49,1,1,1,0,0,727,1,40,0
1990,35,2,3,1,0,0,688,1,7,0
1990,66,1,0,0,0,0,558,0,0,0
1990,67,2,0,0,0,0,744,1,0,0
1990,56,1,2,0,0,0,768,3,40,0
1990,34,1,0,0,0,1,266,3,45,0
1990,35,2,0,0,0,1,313,5,34,0
1990,24,2,0,0,0,0,887,1,40,0
1990,29,1,0,0,0,0,796,1,35,0
1990,51,1,0,0,0,0,276,3,50,0
1990,52,2,0,0,0,1,777,1,40,0
1990,40,1,0,0,0,0,804,2,50,0
1990,36,2,0,0,0,0,359,2,45,0
1990,32,1,3,0,0,1,213,1,40,0
1990,22,2,3,0,0,0,749,1,45,0
1990,48,1,0,0,0,1,567,0,56,0
1990,47,2,0,0,0,0,466,5,0,0
1990,23,1,1,0,0,0,567,0,40,0
1990,40,2,0,0,0,0,336,6,0,0
1990,43,1,0,0,0,0,869,0,60,0
1990,18,2,1,0,0,1,406,4,43,0
1990,38,2,2,0,0,0,276,3,30,0
1990,50,1,0,0,0,0,668,1,32,0
1990,46,2,0,0,0,1,458,4,37,0
1990,22,2,0,0,0,1,458,4,40,0
1990,22,1,0,0,0,1,783,2,40,0
1990,26,2,1,0,0,0,749,1,40,0
1990,52,1,0,0,0,0,33,1,40,0
1990,50,2,0,0,0,0,256,1,17,0
1990,23,2,2,0,0,0,744,1,40,0
1990,31,1,1,0,0,1,243,0,51,0
1990,34,1,1,0,0,1,883,1,40,0
1990,47,1,0,0,0,0,804,2,40,0
1990,40,2,0,0,0,0,174,5,30,0
1990,19,1,1,0,0,0,785,1,48,0
1990,18,1,1,0,0,0,368,3,10,0
1990,41,1,0,0,0,1,904,6,45,0
1990,34,2,0,0,0,1,383,4,40,0
1990,40,2,2,1,0,1,683,1,20,0
1990,28,1,0,0,0,0,777,1,40,0
1990,29,2,0,0,0,0,376,1,32,0
1990,67,1,0,0,0,0,426,4,0,0
1990,64,2,0,0,0,0,0,0,0,0
1990,66,1,0,1,0,0,779,1,0,0
1990,68,2,0,1,0,0,799,1,0,0
1990,38,1,0,0,0,0,533,1,40,0
1990,37,2,0,0,0,0,23,1,40,0
1990,70,2,3,0,0,0,0,0,0,0
1990,32,1,0,0,0,0,514,5,40,0
1990,32,2,0,0,0,1,266,3,45,0
1990,80,2,3,0,0,0,453,3,13,0
1990,41,1,0,0,0,1,22,1,50,1
1990,39,2,0,0,0,0,303,4,40,0
1990,25,1,0,0,0,0,804,2,60,0
1990,21,2,0,0,0,1,808,2,20,0
1990,30,1,0,0,0,0,683,1,40,0
1990,29,2,0,0,0,1,313,1,40,0
1990,69,1,0,0,0,0,0,0,0,0
1990,64,2,0,0,0,0,22,1,24,0
1990,39,1,0,0,0,1,739,1,48,0
1990,38,2,0,0,0,0,739,1,40,0
1990,36,1,2,0,0,0,526,3,40,0
1990,28,2,2,0,0,1,95,5,40,0
1990,64,1,0,0,0,0,473,0,80,0
1990,68,2,0,0,0,0,0,0,0,0
1990,23,1,1,0,0,0,266,3,50,0
1990,33,1,1,0,0,0,505,3,40,0
1990,44,1,2,0,0,0,243,3,40,1
1990,44,1,0,0,0,0,804,2,60,0
1990,37,2,0,0,0,0,446,3,0,0
1990,43,1,0,0,0,1,53,0,40,0
1990,43,2,0,0,0,1,7,4,48,0
1990,19,2,1,0,2,1,435,3,40,0
1990,28,1,3,0,0,1,22,0,40,0
1990,57,1,0,0,0,1,176,5,50,0
1990,58,2,0,0,0,1,164,5,0,0
1990,31,1,1,0,0,1,575,0,40,0
1990,47,2,3,0,0,0,185,3,25,0
1990,48,1,0,0,0,0,503,1,40,0
1990,46,2,0,0,0,0,744,1,48,0
1990,62,1,0,0,0,0,22,1,45,1
1990,59,2,0,0,0,0,749,1,24,0
1990,47,1,0,0,0,0,593,0,40,0
1990,43,2,0,0,0,0,744,1,40,0
1990,73,2,1,0,0,1,4,6,20,0
1990,64,1,0,0,0,0,585,0,0,0
1990,62,2,0,0,0,0,33,1,0,0
1990,40,2,3,0,0,0,0,0,0,0
1990,22,1,1,0,0,0,878,1,40,0
1990,35,1,3,0,0,0,756,1,48,0
1990,31,1,0,0,0,0,17,3,60,1
1990,32,2,0,0,0,0,0,0,0,0
1990,45,1,2,0,0,0,0,0,0,0
1990,18,1,3,0,0,0,505,3,40,0
1990,42,1,0,0,0,1,274,3,40,0
1990,40,2,0,0,0,0,313,1,40,0
1990,18,1,1,0,0,0,856,1,40,0
1990,55,1,0,0,0,0,523,5,40,0
1990,56,2,0,0,0,0,303,3,40,0
1990,27,1,1,0,0,0,549,6,40,0
1990,45,1,2,0,0,0,808,5,40,0
1990,34,1,0,0,0,0,595,1,40,0
1990,39,2,0,0,0,1,379,5,40,0
1990,28,1,0,0,0,0,856,1,40,0
1990,24,2,0,0,0,1,277,4,0,0
1990,67,1,0,0,0,0,22,1,0,0
1990,65,2,0,0,0,0,363,3,40,0
1990,47,1,0,0,0,1,22,1,50,0
1990,48,2,0,0,0,0,0,0,0,0
1990,76,2,3,1,0,0,0,0,0,0
1990,26,2,1,1,0,0,453,4,35,0
1990,41,1,2,0,0,0,549,1,46,0
1990,19,1,1,0,0,0,259,1,25,0
1990,40,1,0,0,0,1,335,6,40,0
1990,36,2,0,0,0,1,27,6,40,0
1990,59,2,1,0,0,1,156,5,44,0
1990,42,1,0,1,0,1,749,1,50,0
1990,39,2,0,1,0,0,749,1,40,0
1990,28,1,2,0,0,0,518,1,40,0
1990,34,1,2,0,0,0,518,1,40,0
1990,32,1,0,0,0,1,689,1,48,0
1990,32,2,0,0,0,0,628,1,40,0
1990,64,2,3,0,0,0,443,3,40,0
1990,26,2,1,0,0,1,434,3,40,0
1990,21,2,1,0,0,1,0,0,0,0
1990,36,1,1,0,0,0,0,0,0,0
1990,67,1,0,0,0,1,0,0,0,0
1990,57,2,0,0,0,1,0,0,0,0
1990,26,1,1,0,0,1,0,0,0,0
1990,28,2,2,0,0,1,379,3,40,0
1990,34,1,0,0,0,0,547,0,50,0
1990,32,2,0,0,0,0,379,4,30,0
1990,40,2,0,0,0,0,363,1,40,0
1990,47,1,0,0,0,0,856,0,30,0
1990,30,1,0,0,0,1,595,0,40,0
1990,28,2,0,0,0,1,315,5,40,0
1990,42,1,0,0,0,1,259,1,40,0
1990,40,2,0,0,0,1,184,5,25,0
1990,43,1,0,0,0,0,22,0,50,0
1990,44,2,0,0,0,0,439,3,30,0
1990,64,2,3,0,0,1,313,2,40,0
1990,26,1,0,0,0,0,599,0,60,0
1990,27,2,0,0,0,1,785,1,40,0
1990,69,1,0,0,0,0,453,5,40,0
1990,61,2,0,0,2,0,203,5,40,0
1990,78,2,3,0,0,0,0,0,0,0
1990,46,1,2,0,0,1,22,1,60,1
1990,63,1,0,0,0,1,27,1,40,0
1990,54,2,0,0,0,0,337,3,6,0
1990,67,2,3,0,0,0,274,3,23,0
1990,29,2,0,0,0,0,364,1,40,0
1990,33,1,0,0,0,1,243,4,80,1
1990,47,2,2,0,0,1,796,6,40,0
1990,27,1,1,0,0,1,567,0,30,0
1990,41,1,0,0,0,0,243,3,50,0
1990,39,2,0,0,0,1,23,5,40,0
1990,65,1,0,0,0,1,567,0,0,0
1990,62,2,0,0,0,0,207,5,21,0
1990,42,1,2,0,0,0,0,0,0,0
1990,72,2,3,0,0,0,0,0,0,0
1990,22,1,1,1,0,0,567,1,50,0
1990,29,1,1,1,0,0,869,0,0,0
1990,63,1,0,0,0,0,17,3,40,0
1990,68,2,0,0,0,0,447,5,24,0
1990,35,2,1,0,0,1,22,1,40,0
1990,73,1,3,0,0,0,0,0,0,0
1990,68,2,3,1,0,0,0,0,0,0
1990,48,1,3,1,0,0,0,0,0,0
1990,40,1,1,1,0,0,593,0,48,0
1990,36,2,1,1,0,0,777,1,40,0
1990,50,1,0,1,0,0,563,0,40,0
1990,18,2,1,1,0,0,744,1,30,0
1990,45,2,3,1,0,0,739,1,40,0
1990,22,1,0,0,0,0,683,1,40,0
1990,22,2,0,0,0,1,447,4,40,0
1990,37,1,3,0,0,1,22,3,40,0
1990,37,2,3,0,0,1,523,1,60,0
1990,41,1,0,0,0,0,276,3,40,0
1990,38,2,0,0,0,0,744,3,40,0
1990,19,2,1,0,0,1,276,3,15,0
1990,68,2,2,1,0,0,466,5,5,0
1990,53,1,0,0,0,1,22,1,45,1
1990,52,2,0,0,0,1,0,0,0,0
1990,48,1,0,0,0,0,567,0,0,0
1990,40,2,0,0,0,0,235,1,44,0
1990,19,1,1,0,0,0,869,0,40,0
1990,20,1,1,0,0,0,595,0,40,0
1990,76,1,0,0,0,0,0,0,0,0
1990,77,2,0,0,0,0,0,0,0,0
1990,60,1,0,1,0,0,866,0,40,0
1990,63,2,0,1,0,0,449,4,0,0
1990,55,1,2,0,0,0,0,0,0,0
1990,47,1,2,0,0,0,0,0,0,0
1990,73,2,3,0,0,0,0,0,0,0
1990,40,1,0,0,0,0,496,0,40,0
1990,37,2,0,0,0,0,749,1,40,0
1990,26,1,0,0,0,0,637,1,40,0
1990,26,2,0,0,0,0,766,1,40,0
1990,77,1,3,0,0,0,0,0,0,0
1990,47,1,0,0,0,1,22,3,40,0
1990,45,2,0,0,0,1,156,5,38,0
1990,55,1,0,0,0,0,364,1,40,0
1990,54,2,0,0,0,0,379,3,36,0
1990,50,1,0,0,0,0,856,1,38,0
1990,46,2,0,0,0,1,313,5,40,0
1990,20,1,1,0,0,1,257,5,25,0
1990,53,1,2,0,0,0,0,0,0,0
1990,53,1,1,0,0,0,744,1,40,0
1990,42,1,1,0,0,0,755,1,40,0
1990,52,1,0,0,0,1,22,0,43,0
1990,47,2,0,0,0,0,158,5,40,0
1990,20,1,1,0,0,0,885,3,45,1
1990,25,1,0,0,0,0,628,2,40,0
1990,25,2,0,0,0,0,737,1,40,0
1990,77,2,0,0,0,0,337,3,10,0
1990,76,2,3,0,0,0,0,0,0,0
1990,67,1,0,0,0,0,0,0,0,0
1990,63,2,0,0,0,0,0,0,0,0
1990,43,1,2,0,0,0,0,0,0,0
1990,68,2,3,0,0,0,744,1,0,0
1990,69,2,0,0,0,0,185,3,0,0
1990,74,1,0,0,0,0,0,0,0,0
1990,23,1,0,0,0,0,507,2,40,0
1990,20,2,0,0,0,0,744,1,40,0
1990,64,1,0,0,0,1,364,2,0,0
1990,60,2,0,0,0,1,7,4,40,0
1990,48,1,0,0,0,0,577,2,43,1
1990,55,2,0,0,0,0,0,0,0,0
1990,37,1,0,0,0,0,804,2,40,0
1990,37,2,0,0,0,1,0,0,0,0
1990,73,2,3,0,0,0,0,0,0,0
1990,31,2,1,0,0,1,156,5,40,0
1990,26,1,0,0,0,0,739,1,48,0
1990,24,2,0,0,0,0,259,1,15,0
1990,38,1,0,0,0,1,7,1,50,0
1990,38,2,0,0,0,1,23,5,30,0
1990,18,2,1,0,0,0,744,1,20,0
1990,35,1,0,0,0,0,424,6,40,0
1990,31,2,0,0,0,0,683,1,0,0
1990,47,1,1,0,0,0,0,0,0,0
1990,19,1,0,0,0,0,883,1,40,0
1990,18,2,0,0,0,0,468,5,40,0
1990,47,1,0,0,0,0,527,2,50,0
1990,45,2,0,0,0,1,206,5,40,0
1990,55,1,0,0,0,1,588,0,60,0
1990,58,2,0,0,2,1,5,6,0,0
1990,64,2,3,1,0,0,0,0,0,0
1990,38,2,3,1,0,0,889,1,40,0
1990,31,2,1,1,0,0,889,1,40,0
1990,24,1,1,1,0,0,779,1,48,0
1990,58,1,0,0,0,0,473,0,50,1
1990,54,2,0,0,0,1,473,0,60,0
1990,45,1,0,0,0,0,475,0,50,0
1990,45,2,0,0,0,0,337,0,44,0
1990,46,2,3,0,0,0,744,1,48,0
1990,46,1,0,0,0,0,518,1,48,0
1990,37,2,0,0,0,1,159,5,40,0
1990,71,2,3,0,0,0,744,1,40,0
1990,50,1,0,0,0,0,456,4,45,0
1990,38,2,0,0,0,0,317,4,40,0
1990,72,1,0,0,0,1,0,0,0,0
1990,73,2,0,0,0,1,0,0,0,0
1990,74,1,0,0,0,0,0,0,0,0
1990,55,2,0,0,0,0,203,5,40,0
1990,26,1,0,0,0,1,689,1,40,0
1990,26,2,0,0,0,0,628,3,40,0
1990,37,1,0,0,0,0,694,2,40,0
1990,30,2,0,0,0,0,439,3,40,0
1990,59,1,0,0,0,0,486,5,0,0
1990,52,2,0,0,0,0,313,3,0,0
1990,72,2,0,0,0,1,0,0,0,0
1990,72,1,0,0,0,1,0,0,0,0
1990,66,2,3,0,0,1,0,0,0,0
1990,35,2,2,3,0,1,95,3,40,0
1990,54,1,0,0,0,1,18,4,40,0
1990,53,2,0,0,0,1,207,5,40,0
1990,24,2,1,0,0,1,274,3,45,0
1990,67,1,0,0,0,0,448,4,15,0
1990,60,2,0,0,0,1,467,5,20,0
1990,60,1,0,0,0,1,258,3,0,0
1990,57,2,0,0,0,1,259,3,0,0
1990,72,2,3,0,0,0,337,4,20,0
1990,35,1,0,0,0,0,686,3,40,0
1990,33,2,0,0,0,1,95,5,40,0
1990,27,2,0,0,0,1,185,1,20,0
1990,26,1,0,0,0,1,57,1,50,0
1990,47,1,0,0,0,0,558,0,40,0
1990,54,2,0,0,0,0,435,3,34,0
1990,45,1,0,0,0,1,243,5,40,0
1990,43,2,0,0,0,0,275,5,0,0
1990,32,2,2,0,0,0,313,5,40,0
1990,31,1,0,0,0,0,844,0,40,0
1990,26,2,0,0,0,1,785,1,30,0
1990,72,2,2,0,0,1,0,0,0,0
1990,34,2,0,0,0,0,766,1,40,0
1990,42,1,0,0,0,0,804,3,40,0
1990,46,2,3,0,0,0,253,4,30,0
1990,24,2,1,0,0,0,435,3,25,0
1990,59,2,3,1,0,0,407,4,0,0
1990,37,1,0,0,0,1,259,3,50,0
1990,39,2,0,0,0,1,254,4,45,0
1990,62,2,3,1,0,0,0,0,0,0
1990,36,2,1,1,0,0,0,0,0,0
1990,30,2,1,1,0,0,0,0,0,0
1990,18,2,1,1,0,0,444,3,0,0
1990,36,1,0,0,0,1,525,4,40,0
1990,35,2,0,0,0,1,188,5,16,0
1990,42,2,0,0,0,0,436,5,32,0
1990,45,1,0,0,0,1,769,1,40,0
1990,74,1,3,1,0,0,0,0,0,0
1990,65,2,2,1,0,0,447,5,0,0
1990,73,2,1,0,0,0,447,5,0,0
1990,53,1,0,0,0,1,756,1,48,0
1990,45,2,0,0,0,1,95,5,48,0
1990,21,2,1,0,0,0,769,1,36,0
1990,72,1,0,0,0,0,0,0,0,0
1990,75,2,0,0,0,0,0,0,0,0
1990,65,1,0,0,0,0,518,1,48,0
1990,62,2,0,0,0,0,628,1,0,0
1990,42,1,0,0,0,1,824,2,50,0
1990,42,2,0,0,0,1,458,4,30,0
1990,57,1,3,0,0,0,0,0,0,0
1990,44,2,0,1,0,0,0,0,0,0
1990,46,1,0,1,0,0,0,0,0,0
1990,32,1,2,0,0,0,509,3,54,0
1990,58,2,1,1,0,0,744,5,37,0
1990,21,2,1,1,0,1,467,5,15,0
1990,18,2,1,1,0,0,446,5,48,0
1990,40,2,1,1,0,1,385,4,40,0
1990,25,1,1,1,0,0,159,5,30,0
1990,26,1,0,1,0,0,356,4,48,0
1990,21,2,0,1,0,0,0,0,0,0
1990,38,1,0,1,0,0,444,3,0,0
1990,30,2,0,1,0,0,453,4,0,0
1990,20,2,1,1,0,1,155,5,40,0
1990,20,2,1,0,2,0,447,5,36,0
1990,19,2,1,0,0,1,243,3,42,0
1990,29,1,1,0,0,1,25,5,25,0
1990,39,1,0,0,0,0,804,4,45,0
1990,32,2,0,0,0,1,327,5,40,0
1990,73,2,3,0,0,1,458,4,4,0
1990,19,1,1,0,0,0,486,0,45,0
1990,20,1,1,0,0,1,435,3,20,0
1990,40,1,1,0,0,0,453,1,35,0
1990,20,2,1,1,0,1,754,4,20,0
1990,39,2,2,1,0,0,744,1,40,0
1990,49,1,0,1,0,0,756,1,40,0
1990,51,2,0,1,0,1,156,5,30,0
1990,23,1,1,1,0,0,514,2,40,0
1990,76,2,3,1,0,0,0,0,0,0
1990,22,2,1,1,0,0,799,3,40,0
1990,69,1,3,1,0,0,808,2,40,0
1990,25,2,1,1,0,1,785,1,40,0
1990,18,1,1,1,0,0,265,3,5,0
1990,76,2,0,0,0,1,0,0,0,0
1990,78,1,0,0,0,0,0,0,0,0
1990,64,2,0,0,0,0,274,3,10,0
1990,65,1,0,0,0,0,277,3,30,0
1990,35,2,0,0,0,1,253,4,36,0
1990,43,1,0,0,0,1,174,6,45,0
1990,61,1,0,0,0,1,156,5,0,0
1990,58,2,0,0,0,1,14,5,60,1
1990,79,2,0,0,0,0,0,0,0,0
1990,32,1,3,3,3,1,208,5,35,0
1990,40,1,0,0,0,1,447,5,60,1
1990,41,2,0,0,0,1,0,0,0,0
1990,75,2,3,0,0,0,0,0,0,0
1990,66,1,0,0,0,1,696,1,0,0
1990,63,2,0,0,0,1,0,0,0,0
1990,54,2,2,0,0,1,666,4,30,0
1990,27,2,1,0,0,0,27,5,15,0
1990,22,1,1,0,0,1,268,3,35,0
1990,40,2,2,0,0,1,254,4,45,0
1990,31,1,0,0,0,1,157,5,50,0
1990,29,2,0,0,0,1,25,4,50,0
1990,22,1,1,1,0,0,453,4,30,0
1990,29,1,1,1,0,0,453,4,40,0
1990,36,2,2,1,0,0,276,3,31,0
1990,56,1,0,0,0,0,355,2,40,0
1990,53,2,0,0,0,1,95,4,40,0
1990,66,1,0,0,0,0,518,1,0,0
1990,63,2,0,0,0,0,95,4,0,0
1990,38,1,0,0,0,1,447,5,40,0
1990,29,2,0,0,0,1,385,5,60,0
1990,72,1,0,0,0,0,0,0,0,0
1990,73,2,0,0,0,0,0,0,0,0
1990,65,1,0,0,0,0,0,0,0,0
1990,63,2,0,0,0,0,0,0,0,0
1990,34,1,0,0,0,1,558,0,50,0
1990,34,2,0,0,0,1,23,4,40,0
1990,64,1,0,0,0,1,22,4,48,0
1990,64,2,0,0,0,0,337,5,40,0
1990,30,2,0,0,0,1,22,4,40,0
1990,44,1,0,0,0,1,243,4,50,0
1990,36,1,0,0,2,1,558,0,50,0
1990,36,2,0,0,0,1,266,3,40,0
1990,61,1,0,0,0,0,508,6,40,0
1990,59,2,0,0,0,0,889,1,40,0
1990,41,1,0,0,0,1,22,0,40,0
1990,40,2,0,0,0,1,318,2,20,0
1990,46,1,0,0,0,1,33,4,45,0
1990,39,2,0,0,0,0,308,1,38,0
1990,68,1,0,0,0,1,677,1,40,0
1990,68,2,0,0,0,1,274,3,40,0
1990,29,1,0,0,0,0,628,1,40,0
1990,28,2,0,0,0,0,749,1,40,0
1990,37,1,0,1,0,1,167,5,40,0
1990,36,2,0,1,0,1,156,5,40,0
1990,67,1,0,0,0,1,0,0,0,0
1990,60,2,0,0,0,1,156,5,30,0
1990,23,1,0,0,0,0,567,0,40,0
1990,24,2,0,0,0,1,243,3,40,0
1990,48,1,3,0,0,0,709,1,40,0
1990,71,2,3,0,0,0,779,1,0,0
1990,34,2,0,0,0,0,453,4,0,0
1990,43,1,0,0,0,0,558,0,30,0
1990,44,1,2,0,0,1,243,4,60,1
1990,65,1,3,1,0,0,0,0,0,0
1990,62,2,3,1,0,0,0,0,0,0
1990,29,2,1,1,0,0,243,3,40,0
1990,48,1,2,1,0,0,889,2,40,0
1990,43,2,2,1,0,0,447,5,35,0
1990,40,1,0,0,0,0,804,1,0,0
1990,36,2,0,0,0,0,757,1,40,0
1990,33,1,0,0,3,1,259,1,40,0
1990,32,2,0,0,0,1,27,4,0,0
1990,30,1,0,0,0,0,783,1,48,0
1990,22,2,0,0,0,0,257,0,40,0
1990,25,2,1,0,0,0,877,3,38,0
1990,27,1,1,0,0,0,804,2,50,0
1990,56,2,1,0,0,1,156,5,40,0
1990,25,1,1,0,0,0,567,0,40,0
1990,73,1,0,0,0,0,0,0,0,0
1990,71,2,0,0,0,0,0,0,0,0
1990,59,1,0,0,0,1,13,0,40,0
1990,55,2,0,0,0,0,0,0,0,0
1990,26,2,2,0,0,1,33,4,40,0
1990,33,1,0,0,0,1,29,3,48,1
1990,33,2,0,0,0,1,315,2,35,0
1990,41,1,0,0,0,0,417,6,50,0
1990,38,2,0,0,0,0,0,0,0,0
1990,65,1,0,0,0,0,243,3,40,0
1990,62,2,0,0,0,0,0,0,0,0
1990,39,1,1,0,0,0,657,4,40,0
1990,39,1,0,0,0,1,213,4,48,1
1990,26,2,0,0,0,1,95,5,40,0
1990,33,1,0,0,0,0,806,3,40,0
1990,34,2,0,0,0,0,25,4,40,0
1990,59,2,2,0,0,0,447,5,40,0
1990,21,1,1,0,0,0,869,0,40,0
1990,47,1,0,0,0,1,184,2,40,1
1990,43,2,0,0,0,1,276,3,40,0
1990,23,2,0,0,0,0,17,3,65,0
1990,29,1,0,0,0,0,243,3,40,0
1990,66,1,0,0,0,0,22,1,45,0
1990,27,2,0,0,0,0,438,3,22,0
1990,59,1,0,0,0,1,0,0,0,0
1990,59,2,0,0,0,1,95,5,40,0
1990,45,1,0,0,0,0,22,1,40,0
1990,40,2,0,0,0,1,95,5,16,0
1990,77,2,3,0,0,0,0,0,0,0
1990,49,1,0,0,0,1,259,3,50,1
1990,45,2,0,0,0,1,313,4,40,0
1990,19,2,1,0,0,1,313,4,40,0
1990,33,2,0,0,0,1,95,5,40,0
1990,28,1,0,0,0,0,558,0,72,0
1990,51,1,2,0,0,0,534,5,40,0
1990,68,2,3,0,0,0,447,5,30,0
1990,38,1,1,0,0,0,777,1,40,0
1990,23,1,0,0,0,0,22,3,40,0
1990,23,2,0,0,0,0,447,5,36,0
1990,49,1,2,0,0,0,579,0,37,0
1990,60,1,2,0,0,0,575,0,0,0
1990,39,2,1,0,0,1,257,2,40,0
1990,34,1,0,0,0,1,185,4,50,0
1990,32,2,0,0,0,1,95,5,40,0
1990,32,1,0,0,0,1,159,5,50,1
1990,25,2,0,0,0,1,274,3,33,0
1990,33,1,0,0,0,1,19,4,42,0
1990,35,2,0,0,0,1,159,5,65,0
1990,76,1,3,0,0,0,0,0,0,0
1990,44,1,0,0,0,1,518,1,48,0
1990,41,2,0,0,0,0,796,1,40,0
1990,19,1,1,0,0,0,796,1,8,0
1990,19,1,1,0,0,0,878,1,40,0
1990,32,1,0,0,0,0,274,3,30,0
1990,32,2,0,0,0,1,253,4,3,0
1990,44,1,0,0,0,1,85,5,32,1
1990,34,2,0,0,0,1,313,5,16,0
1990,38,2,3,1,0,0,744,1,40,0
1990,18,2,1,1,0,0,276,3,0,0
1990,68,1,0,0,0,0,0,0,0,0
1990,67,2,0,0,0,0,0,0,0,0
1990,26,1,1,0,0,0,883,1,40,0
1990,69,2,3,0,0,0,888,1,0,0
1990,41,1,0,0,0,1,35,6,40,0
1990,41,2,0,0,0,1,37,5,37,0
1990,29,1,0,0,0,1,22,4,25,0
1990,29,2,0,0,0,1,22,4,40,0
1990,54,2,2,0,0,0,785,1,40,0
1990,73,1,0,0,0,0,0,0,0,0
1990,75,2,0,0,0,0,0,0,0,0
1990,60,1,0,0,0,1,264,3,38,0
1990,57,2,0,0,0,1,467,5,32,0
1990,52,2,0,0,0,0,796,1,50,0
1990,54,1,0,0,0,0,749,1,46,0
1990,28,1,0,0,0,1,98,5,60,0
1990,25,2,0,0,0,0,185,3,45,0
1990,28,1,0,0,0,0,567,0,40,0
1990,30,2,0,0,0,0,95,5,50,0
1990,25,1,0,0,0,0,563,0,40,0
1990,24,2,0,0,0,1,447,5,4,0
1990,61,1,0,0,0,1,22,1,50,0
1990,58,2,0,0,0,0,337,1,38,0
1990,30,2,1,0,0,0,888,4,0,0
1990,33,1,0,0,0,0,628,1,40,0
1990,29,2,0,0,0,0,734,1,40,0
1990,29,1,0,0,0,0,558,0,60,0
1990,29,2,0,0,0,1,155,5,40,0
1990,26,1,1,0,0,1,558,0,40,0
1990,48,1,0,0,0,0,777,1,38,0
1990,47,2,0,0,0,0,0,0,0,0
1990,55,1,0,0,0,0,503,5,40,0
1990,47,2,0,0,0,0,22,4,40,0
1990,20,1,1,0,0,0,563,0,40,0
1990,63,2,0,1,0,0,0,0,0,0
1990,69,1,0,1,0,0,0,0,0,0
1990,30,1,1,1,0,0,856,1,40,0
1990,27,2,1,1,0,0,365,1,44,0
1990,19,1,1,0,0,0,796,1,40,0
1990,21,1,1,0,0,0,796,1,40,0
1990,47,1,0,0,0,0,505,4,45,0
1990,53,2,0,0,0,0,744,1,40,0
1990,34,1,0,0,0,0,213,2,40,0
1990,36,2,0,0,0,1,337,0,15,0
1990,45,1,2,0,0,0,473,0,11,0
1990,77,2,3,0,0,0,738,1,40,0
1990,75,1,3,0,0,0,444,3,52,0
1990,80,1,0,0,0,0,0,0,0,0
1990,73,2,0,0,0,1,0,0,0,0
1990,43,1,0,0,0,1,796,1,40,0
1990,43,2,0,0,0,1,22,5,35,0
1990,52,1,0,0,0,0,22,0,60,1
1990,49,2,0,0,0,1,25,4,42,0
1990,58,1,2,1,0,0,473,0,36,1
1990,61,1,0,0,0,1,378,5,40,1
1990,58,2,0,0,0,1,323,5,10,0
1990,22,1,1,0,0,0,869,0,40,0
1990,67,2,3,1,0,0,0,0,0,0
1990,44,1,2,1,0,0,777,1,40,0
1990,46,2,2,0,0,1,95,5,35,0
1990,24,1,0,0,1,0,426,1,40,0
1990,20,2,0,0,0,0,444,3,40,0
1990,26,1,1,0,1,1,686,3,40,0
1990,46,1,0,0,0,0,453,1,0,0
1990,43,2,0,0,0,0,7,4,40,0
1990,58,1,0,0,0,0,473,0,45,0
1990,49,2,0,0,0,1,156,5,45,0
1990,20,1,1,0,0,0,276,3,30,0
1990,76,2,3,0,0,0,0,0,0,0
1990,64,1,0,0,0,0,804,2,30,0
1990,58,2,0,0,0,0,796,1,0,0
1990,36,1,0,0,0,1,274,3,40,0
1990,36,2,0,0,0,1,7,1,40,0
1990,70,2,3,0,0,0,0,0,0,0
1990,58,2,2,0,0,0,0,0,0,0
1990,44,2,1,0,0,0,779,1,40,0
1990,34,1,2,0,0,0,726,1,0,0
1990,45,1,0,1,0,0,518,1,40,0
1990,48,2,0,1,0,0,889,1,40,0
1990,32,1,2,0,0,0,567,4,40,0
1990,33,2,2,0,0,1,243,3,45,0
1990,26,1,0,0,0,1,17,3,50,0
1990,22,2,0,0,0,0,0,0,0,0
1990,67,1,0,0,0,0,14,5,40,0
1990,73,2,0,0,0,1,0,0,0,0
1990,39,1,0,0,0,1,575,0,40,0
1990,36,2,0,0,0,0,739,1,36,0
1990,50,1,0,0,0,1,59,5,40,1
1990,48,2,0,0,0,1,95,5,20,0
1990,24,1,1,0,0,0,567,1,40,0
1990,30,2,3,0,0,0,17,3,45,0
1990,42,1,0,0,0,1,274,3,40,0
1990,54,2,0,0,0,1,44,1,40,0
1990,62,2,3,0,0,0,0,0,0,0
1990,55,2,2,1,0,0,453,5,40,0
1990,45,1,2,1,0,0,869,0,40,0
1990,19,2,1,0,0,1,433,3,3,0
1990,19,2,1,1,0,1,276,3,40,0
1990,29,1,0,0,0,1,235,2,40,0
1990,25,2,0,0,0,1,23,4,40,0
1990,55,2,3,1,0,0,453,4,30,0
1990,27,1,1,1,0,1,373,3,40,0
1990,28,2,1,1,0,0,444,3,47,0
1990,49,2,1,3,0,0,18,4,60,0
1990,22,1,1,3,0,0,0,0,0,0
1990,19,2,1,1,0,1,276,3,0,0
1990,39,2,2,1,0,0,356,5,40,0
1990,36,2,1,1,0,0,449,4,0,0
1990,23,1,1,1,0,0,575,0,40,0
1990,21,1,1,0,0,1,357,5,30,0
1990,20,2,1,0,0,1,426,5,20,0
1990,23,2,1,0,0,1,406,4,50,0
1990,66,2,3,1,0,0,453,5,25,0
1990,25,1,1,1,0,0,804,1,40,0
1990,33,2,3,0,0,1,43,0,40,0
1990,43,1,1,0,0,1,156,5,40,0
1990,33,2,0,0,0,1,156,5,4,0
1990,39,1,0,0,0,1,243,3,50,1
1990,78,1,3,0,0,1,0,0,0,1
1990,43,2,0,0,0,1,313,3,30,0
1990,42,1,0,0,0,1,22,3,45,1
1990,20,2,1,0,0,1,159,5,5,0
1990,42,2,2,0,0,1,313,1,40,0
1990,25,1,1,0,0,1,7,4,40,0
1990,29,1,1,0,0,1,22,0,70,0
1990,33,1,0,0,0,0,883,2,60,0
1990,39,2,0,0,2,0,335,6,40,0
1990,27,1,0,0,0,0,804,2,60,0
1990,25,2,0,2,0,0,14,5,30,0
1990,19,2,1,2,0,0,155,5,40,0
1990,72,1,2,0,0,1,118,5,0,0
1990,46,2,3,1,0,1,387,5,35,0
1990,21,2,1,1,0,1,274,3,20,0
1990,37,1,1,1,0,1,0,0,0,0
1990,35,1,1,1,0,0,877,3,40,0
1990,37,1,0,1,0,0,856,3,44,0
1990,31,2,0,1,0,1,856,3,40,0
1990,60,1,3,1,0,1,154,5,40,0
1990,77,2,1,1,0,1,0,0,0,0
1990,65,1,2,0,0,0,257,2,0,0
1990,23,1,1,0,0,1,804,2,40,0
1990,25,1,1,0,0,1,64,4,86,0
1990,61,2,3,0,0,1,0,0,0,0
1990,28,1,0,0,0,1,154,5,20,0
1990,32,2,0,0,0,1,686,3,0,0
1990,61,1,0,0,0,0,448,5,40,0
1990,60,2,0,0,0,0,796,1,40,0
1990,18,2,1,0,0,0,264,3,20,0
1990,53,1,2,0,0,1,23,6,40,0
1990,23,1,1,1,0,1,576,2,0,0
1990,20,1,1,1,0,1,216,1,40,0
1990,20,1,1,0,0,1,216,5,40,0
1990,39,2,1,1,0,0,453,5,40,0
1990,29,1,1,0,0,1,59,3,45,0
1990,23,1,1,0,0,1,525,5,40,0
1990,21,1,1,0,0,1,274,3,18,0
1990,55,2,0,0,0,1,0,0,0,0
1990,49,1,0,0,0,1,259,3,54,1
1990,22,1,1,0,0,1,486,4,5,0
1990,75,1,0,0,0,0,21,5,2,0
1990,75,2,0,0,0,0,0,0,0,0
1990,22,1,1,3,0,1,274,3,20,0
1990,22,1,1,3,3,1,185,3,26,0
1990,21,1,1,0,0,1,274,3,30,0
1990,42,1,2,0,0,1,17,3,60,0
1990,32,2,1,0,0,1,447,5,36,0
1990,33,1,0,0,0,1,87,5,54,0
1990,31,2,0,0,0,1,22,5,45,0
1990,24,1,1,0,0,1,13,1,40,0
1990,43,1,0,0,0,1,226,2,42,1
1990,43,2,0,0,0,0,466,5,50,0
1990,22,1,1,0,0,0,189,4,40,0
1990,64,1,0,0,0,1,357,4,22,0
1990,62,2,0,0,0,1,313,3,40,0
1990,51,1,0,0,0,1,254,4,42,1
1990,49,2,0,0,0,1,0,0,0,0
1990,20,2,1,0,0,1,435,5,16,0
1990,64,1,0,0,0,1,183,5,16,0
1990,61,2,0,0,0,1,188,5,40,0
1990,41,2,3,1,0,0,448,4,60,0
1990,40,1,0,0,0,1,567,0,45,0
1990,29,2,0,0,0,1,435,3,15,0
1990,46,2,2,1,0,1,0,0,0,0
1990,38,1,0,0,0,1,579,0,40,0
1990,36,2,0,0,0,1,188,3,15,0
1990,63,2,3,0,0,1,0,0,0,0
1990,47,1,0,0,0,1,229,6,40,0
1990,49,2,0,0,0,0,0,0,0,0
1990,25,2,1,1,0,0,785,1,40,0
1990,35,2,2,0,2,1,308,5,40,0
1990,73,2,3,0,0,0,0,0,0,0
1990,62,2,1,0,0,0,274,3,25,0
1990,54,2,3,0,0,0,435,3,30,0
1990,29,2,1,0,0,0,364,5,40,0
1990,20,1,1,0,0,0,364,3,40,0
1990,36,1,0,0,0,1,159,5,10,0
1990,36,2,0,0,0,1,23,6,40,0
1990,45,1,0,0,0,0,189,1,40,0
1990,43,2,0,0,0,0,443,5,30,0
1990,43,2,3,0,0,1,254,4,40,0
1990,32,1,0,0,0,0,263,4,40,0
1990,38,2,0,0,0,1,22,3,40,0
1990,42,2,2,0,0,1,22,2,50,0
1990,70,2,3,1,0,0,447,5,40,0
1990,38,1,1,1,0,0,785,3,40,0
1990,37,1,1,1,0,0,869,0,32,0
1990,36,2,0,0,0,1,22,4,40,1
1990,37,1,0,0,0,1,22,1,40,0
1990,65,1,0,0,0,0,0,0,0,0
1990,64,2,0,0,0,0,467,5,0,0
1990,58,1,0,0,0,1,253,4,40,0
1990,47,2,0,0,0,0,337,3,40,0
1990,19,2,1,0,0,0,335,4,15,0
1990,27,1,0,0,0,0,486,4,40,0
1990,28,2,0,0,0,1,317,4,30,0
1990,42,2,0,0,0,1,0,0,0,0
1990,37,1,0,0,0,1,263,3,65,0
1990,57,1,0,0,0,0,33,6,60,1
1990,52,2,0,0,0,0,254,4,25,0
1990,20,1,1,0,0,0,436,3,40,0
1990,59,1,0,0,0,1,24,4,40,1
1990,57,2,0,0,0,0,0,0,0,0
1990,40,1,0,0,3,1,7,3,16,0
1990,44,2,0,0,3,1,667,4,0,0
1990,46,1,0,0,0,1,63,5,40,1
1990,40,2,0,0,0,0,337,4,23,0
1990,21,1,1,0,0,0,18,4,40,0
1990,22,2,1,0,0,1,317,4,30,0
1990,46,1,0,0,0,1,253,4,65,0
1990,46,2,0,0,0,1,37,0,45,0
1990,31,1,0,0,0,1,22,0,40,0
1990,26,2,0,0,0,1,259,3,40,0
1990,43,2,3,0,0,1,354,2,55,0
1990,22,2,1,0,0,0,276,5,0,0
1990,57,1,0,0,0,0,558,0,40,1
1990,51,2,0,0,0,0,683,1,40,0
1990,26,1,2,0,0,0,558,0,40,0
1990,23,2,1,1,0,1,683,1,46,0
1990,27,2,1,1,0,1,348,2,40,0
1990,23,2,0,0,0,1,257,4,42,0
1990,26,1,0,0,0,1,208,5,48,0
1990,72,1,3,0,0,0,0,0,0,0
1990,73,2,3,0,0,0,666,3,60,0
1990,55,1,0,0,0,1,253,4,40,0
1990,41,2,0,0,0,1,156,5,40,0
1990,24,1,1,0,0,1,22,3,50,0
1990,39,2,1,0,0,1,386,4,40,0
1990,47,2,3,0,0,1,313,6,40,0
1990,43,2,3,1,0,0,525,2,40,0
1990,28,1,1,0,0,1,538,3,40,0
1990,28,2,3,0,0,0,458,4,37,0
1990,57,2,2,0,0,1,95,5,50,0
1990,25,1,1,0,0,1,844,0,40,0
1990,26,1,1,0,0,1,558,0,55,0
1990,28,1,1,0,0,0,505,1,40,0
1990,55,1,0,0,0,1,73,6,45,1
1990,56,2,0,0,0,0,274,3,21,0
1990,27,2,1,0,0,1,274,3,37,0
1990,18,2,1,0,0,0,276,3,8,0
1990,29,1,1,0,0,1,243,3,50,0
1990,41,1,0,0,0,1,22,0,60,1
1990,39,2,0,0,0,1,156,5,0,0
1990,39,1,0,0,0,1,243,3,50,1
1990,44,2,0,0,2,1,259,3,0,0
1990,30,1,0,0,0,1,376,0,37,0
1990,32,2,0,0,0,1,176,5,60,0
1990,47,1,0,0,0,1,243,3,50,0
1990,45,2,0,0,0,1,13,3,42,0
1990,20,2,1,0,0,1,243,3,46,0
1990,35,2,2,0,0,1,243,4,44,1
1990,66,2,1,0,0,1,276,3,12,0
1990,23,1,3,0,0,1,265,3,25,0
1990,29,2,1,1,0,1,447,5,40,0
1990,44,1,3,1,0,0,364,4,40,0
1990,23,2,0,0,0,1,156,5,40,0
1990,26,1,0,0,0,1,7,4,40,0
1990,41,2,2,0,0,1,156,5,40,0
1990,68,1,1,0,0,0,0,0,0,0
1990,32,1,0,0,0,1,418,6,40,0
1990,33,2,0,0,0,1,313,4,38,0
1990,37,1,0,0,0,1,186,0,55,0
1990,33,2,0,0,0,1,337,4,35,0
1990,42,1,0,0,0,1,243,3,50,0
1990,40,2,0,0,0,0,313,3,35,0
1990,31,1,0,0,0,0,783,1,54,0
1990,30,2,0,0,0,0,379,5,16,0
1990,24,1,0,0,0,1,22,0,40,0
1990,22,2,0,0,0,1,337,3,40,0
1990,59,2,3,1,0,0,0,0,0,0
1990,64,2,3,1,0,0,447,4,6,0
1990,58,1,0,0,0,1,22,5,50,1
1990,54,2,0,0,0,1,184,1,40,0
1990,18,1,1,0,0,0,188,4,50,0
1990,22,1,1,0,0,1,487,0,20,0
1990,41,1,0,0,0,1,18,4,45,1
1990,43,2,0,0,0,1,156,5,30,0
1990,34,1,0,0,0,1,253,4,40,0
1990,29,2,0,0,0,0,323,4,38,0
1990,42,1,0,0,0,1,77,6,40,0
1990,40,2,0,0,0,1,14,5,50,0
1990,41,1,0,0,0,1,14,5,65,0
1990,38,2,0,0,0,1,156,5,40,0
1990,32,1,0,0,0,1,243,3,50,1
1990,36,2,0,0,0,1,22,3,10,0
1990,44,2,2,0,0,0,376,4,43,0
1990,71,1,0,0,0,0,0,0,0,0
1990,65,2,0,0,0,0,276,3,20,0
1990,34,2,0,0,0,0,458,4,35,0
1990,32,1,0,0,0,0,579,0,40,0
1990,29,1,1,0,0,1,166,1,65,0
1990,27,2,1,1,0,0,449,4,20,0
1990,21,1,1,1,0,0,579,0,40,0
1990,25,1,1,0,0,0,563,0,40,0
1990,39,1,0,0,0,0,579,0,40,0
1990,33,2,0,0,0,0,744,1,40,0
1990,63,1,0,0,0,1,14,5,40,1
1990,60,2,0,0,0,1,0,0,0,0
1990,52,1,0,0,0,1,176,5,55,0
1990,51,2,0,0,0,1,313,5,38,0
1990,53,2,0,0,0,0,315,4,0,0
1990,54,1,0,0,0,1,243,3,72,0
1990,27,1,1,0,0,1,877,3,30,0
1990,47,2,3,0,0,0,308,1,45,0
1990,23,1,1,0,0,1,785,1,40,0
1990,57,1,0,0,0,0,473,0,40,0
1990,57,2,0,0,0,0,275,4,0,0
1990,28,1,1,0,0,0,473,0,50,0
1990,51,1,2,0,0,0,423,6,70,0
1990,70,2,3,0,0,0,0,0,0,0
1990,55,1,2,0,0,0,0,0,0,0
1990,30,1,0,0,0,0,195,6,55,0
1990,29,2,0,0,0,0,319,0,45,0
1990,35,1,3,1,0,0,567,0,40,0
1990,33,2,2,1,0,0,15,5,40,0
1990,31,1,0,0,0,0,558,0,35,0
1990,29,2,0,0,0,1,389,5,28,0
1990,23,1,0,0,0,1,195,1,40,0
1990,26,2,0,0,0,1,22,5,45,0
1990,32,2,3,0,0,0,243,3,45,0
1990,30,1,2,0,0,0,563,0,42,0
1990,64,1,0,0,0,0,514,4,30,0
1990,65,2,0,0,0,0,804,4,15,0
1990,30,1,0,0,0,0,859,1,43,0
1990,32,2,0,0,0,0,657,1,40,0
1990,39,2,0,1,0,0,744,1,50,0
1990,41,1,0,1,0,0,53,2,55,0
1990,22,1,1,1,0,1,668,1,40,0
1990,47,2,2,1,0,0,407,4,40,0
1990,36,1,2,1,0,0,777,3,50,0
1990,31,1,0,0,0,0,637,1,40,0
1990,30,2,0,0,0,1,313,5,40,0
1990,78,1,0,1,0,0,0,0,0,0
1990,75,2,0,1,0,1,0,0,0,0
1990,80,2,3,0,0,0,0,0,0,0
1990,45,1,0,1,0,0,365,5,60,0
1990,41,2,0,1,0,0,205,5,50,0
1990,43,1,0,0,0,0,804,2,41,0
1990,47,2,0,0,0,0,15,5,48,0
1990,30,1,0,0,0,1,22,0,40,0
1990,30,2,0,0,0,1,95,5,24,0
1990,34,1,0,0,0,1,213,1,40,0
1990,33,2,0,0,0,1,95,5,2,0
1990,19,2,1,1,0,0,276,3,15,0
1990,29,2,1,1,0,1,163,5,20,0
1990,70,1,0,0,0,1,189,4,16,0
1990,68,2,0,0,0,1,389,5,40,0
1990,51,1,0,0,0,1,22,1,50,1
1990,50,2,0,0,0,1,0,0,0,0
1990,31,1,0,0,0,0,844,0,40,0
1990,31,2,0,0,0,0,313,0,30,0
1990,27,1,0,0,0,0,453,1,40,0
1990,24,2,0,0,0,1,105,5,40,0
1990,48,2,2,1,0,1,159,5,45,0
1990,20,2,1,1,0,1,164,5,39,0
1990,18,2,1,1,0,0,453,5,2,0
1990,44,1,0,0,0,0,804,2,60,0
1990,42,2,0,0,0,0,276,5,40,0
1990,39,1,0,0,0,1,869,0,60,0
1990,34,2,0,0,0,0,889,3,0,0
1990,35,1,0,0,0,1,259,1,40,0
1990,33,2,0,0,0,1,95,5,28,0
1990,76,1,3,0,0,1,154,5,0,1
1990,29,1,0,0,0,1,17,3,50,0
1990,29,2,0,0,0,1,95,5,43,0
1990,65,2,3,0,0,0,436,4,0,0
1990,41,1,2,0,0,0,678,5,40,0
1990,20,1,1,0,0,0,889,0,60,0
1990,21,2,1,0,0,0,21,5,40,0
1990,24,1,1,1,0,1,17,4,40,0
1990,68,1,0,1,0,0,486,4,30,0
1990,66,2,0,1,0,0,0,0,0,0
1990,27,2,1,1,0,0,276,3,25,0
1990,26,1,1,0,0,0,479,0,40,0
1990,19,1,1,0,0,1,426,6,30,0
1990,21,2,1,1,0,1,315,4,40,0
1990,21,2,1,0,0,1,274,3,18,0
1990,19,2,1,3,3,0,274,3,15,0
1990,21,1,1,3,3,1,156,5,16,0
1990,38,1,0,0,0,1,22,1,45,0
1990,36,2,0,0,0,1,84,5,60,0
1990,22,1,1,0,0,1,23,3,35,0
1990,21,2,1,0,0,1,243,3,0,0
1990,29,1,1,0,0,1,159,5,30,0
1990,27,1,0,0,0,1,27,4,40,0
1990,26,2,0,0,0,1,199,5,40,0
1990,33,1,1,0,0,1,567,0,40,0
1990,43,1,0,0,0,1,17,3,55,1
1990,40,2,0,0,0,1,155,5,15,0
1990,51,2,0,0,0,1,14,5,60,1
1990,47,1,0,0,0,1,64,4,40,0
1990,42,1,1,0,0,1,156,5,50,0
1990,38,1,1,0,0,1,156,5,50,0
1990,58,1,0,0,0,1,157,5,40,0
1990,49,2,0,0,0,1,95,5,30,0
1990,64,1,0,0,0,1,276,3,48,0
1990,58,2,0,0,0,0,0,0,0,0
1990,41,1,0,0,0,1,22,2,40,0
1990,36,2,0,0,0,1,156,5,0,0
1990,34,1,0,0,0,1,364,1,50,0
1990,26,2,0,0,0,0,14,5,0,0
1990,40,1,0,0,0,1,176,5,50,0
1990,39,2,0,0,0,1,159,3,30,0
1990,79,1,0,1,0,0,479,0,0,0
1990,64,2,2,0,0,1,0,0,0,0
1990,43,1,0,0,0,1,796,1,40,0
1990,42,2,0,0,0,1,313,5,40,0
1990,18,2,1,0,0,0,469,4,15,0
1990,47,1,0,0,0,1,13,5,60,0
1990,46,2,0,0,0,1,197,3,18,0
1990,25,1,1,0,0,1,259,3,50,0
1990,67,1,0,1,0,0,473,0,48,0
1990,65,2,0,1,0,0,387,5,37,0
1990,29,2,2,1,0,1,185,1,40,0
1990,56,2,3,1,0,0,0,0,0,0
1990,31,1,1,0,0,1,355,2,42,0
1990,24,2,1,0,0,1,365,2,0,0
1990,27,2,1,0,0,1,157,5,0,0
1990,42,2,2,1,0,0,208,5,50,0
1990,24,2,1,1,0,0,257,2,46,0
1990,28,2,0,1,0,1,223,5,40,0
1990,26,1,0,1,0,0,783,0,99,0
1990,34,2,2,1,0,1,276,3,40,0
1990,65,1,0,0,0,0,268,3,40,0
1990,65,2,0,0,0,0,744,1,0,0
1990,26,2,2,0,0,1,319,1,40,0
1990,25,1,0,0,0,0,453,2,0,0
1990,28,2,0,0,0,0,29,3,0,0
1990,63,2,1,0,0,0,337,5,40,0
1990,61,2,1,0,0,1,313,5,50,0
1990,50,2,2,0,0,1,18,4,45,0
1990,27,1,1,0,1,1,243,3,0,0
1990,25,1,1,0,1,0,435,3,60,0
1990,78,2,3,0,0,1,0,0,0,0
1990,79,1,3,1,0,0,0,0,0,0
1990,26,2,1,1,0,0,885,4,40,0
1990,49,2,3,1,0,0,274,3,20,0
1990,53,1,3,1,0,1,796,1,40,0
1990,46,2,2,1,0,0,683,1,40,0
1990,27,1,1,1,0,0,558,0,40,0
1990,54,1,0,0,0,0,579,0,24,0
1990,60,2,0,0,0,0,447,5,30,0
1990,71,1,1,0,0,0,0,0,0,0
1990,68,2,2,1,0,0,356,3,9,0
1990,65,2,3,1,0,0,0,0,0,0
1990,18,2,1,1,0,0,276,3,35,0
1990,58,1,0,1,0,0,276,3,16,0
1990,54,2,0,1,0,1,207,5,32,0
1990,20,1,1,3,3,0,523,2,40,0
1990,19,1,1,0,0,0,379,5,15,0
1990,19,2,1,0,0,1,208,5,40,0
1990,25,2,1,0,0,1,154,5,46,0
1990,70,2,3,0,0,0,156,5,20,0
1990,36,1,0,0,0,0,503,3,66,0
1990,35,2,0,0,0,0,0,0,0,0
1990,38,1,0,0,0,1,254,4,60,1
1990,33,2,0,0,0,0,337,4,0,0
1990,28,1,0,0,0,1,84,5,80,0
1990,22,2,0,0,0,0,264,3,25,0
1990,39,1,0,0,0,1,804,2,40,0
1990,34,2,0,0,0,1,466,5,50,0
1990,38,2,2,1,0,1,235,4,40,0
1990,20,1,1,1,0,0,235,5,40,0
1990,36,1,3,1,0,0,364,4,40,0
1990,46,2,3,0,0,0,208,5,35,0
1990,20,2,1,0,0,0,17,3,50,0
1990,34,2,3,1,0,1,229,1,40,0
1990,33,2,1,0,0,0,435,3,38,0
1990,18,2,1,0,0,0,0,0,0,0
1990,59,1,0,0,0,0,769,3,40,0
1990,59,2,0,0,0,0,0,0,0,0
1990,75,1,0,0,0,1,0,0,0,0
1990,47,2,0,0,0,0,436,3,25,0
1990,52,1,0,1,0,0,426,5,0,0
1990,38,2,0,1,0,1,14,5,50,0
1990,31,1,0,0,0,1,22,5,40,0
1990,32,2,0,0,0,1,736,4,35,0
1990,46,1,2,0,0,1,156,5,40,1
1990,34,2,2,0,0,1,156,5,40,0
1990,47,1,0,0,0,0,259,1,48,1
1990,42,2,0,0,0,1,23,5,35,0
1990,56,1,3,1,0,1,307,6,80,1
1990,37,2,1,0,0,0,453,4,40,0
1990,64,1,3,1,0,1,0,0,0,0
1990,46,1,0,0,3,1,22,0,48,1
1990,42,2,0,0,3,1,0,0,0,0
1990,33,1,0,0,0,1,55,3,40,0
1990,35,2,0,0,0,1,155,5,6,0
1990,31,2,1,0,0,1,229,1,45,0
1990,32,2,0,1,0,0,328,6,40,0
1990,28,1,0,1,0,1,589,0,50,0
1990,26,2,1,0,0,1,166,5,60,0
1990,65,1,0,0,0,1,69,5,50,1
1990,63,2,0,0,0,1,14,5,40,0
1990,30,1,1,1,0,1,505,4,50,0
1990,71,1,2,0,0,0,486,0,13,0
1990,35,2,2,0,0,0,753,1,40,0
1990,20,2,3,0,0,1,276,3,40,0
1990,47,1,0,0,0,1,18,4,40,1
1990,41,2,0,0,0,1,157,5,40,0
1990,37,2,1,0,0,1,156,5,45,0
1990,42,1,2,0,0,1,547,3,40,0
1990,61,2,3,1,0,0,473,0,30,0
1990,29,2,1,1,0,0,719,1,40,0
1990,39,1,1,1,0,0,563,0,35,0
1990,53,1,1,1,0,0,479,0,40,0
1990,65,2,3,0,0,0,14,5,50,0
1990,27,1,3,0,2,0,0,0,0,0
1990,48,1,0,0,0,0,853,4,70,0
1990,37,2,0,0,0,0,313,4,24,0
1990,24,1,1,0,0,1,23,6,40,0
1990,47,1,0,0,0,1,22,1,40,0
1990,43,2,0,0,0,1,208,5,16,0
1990,22,1,1,0,0,1,216,5,40,0
1990,56,1,0,0,0,0,695,2,0,0
1990,57,2,0,0,0,1,319,5,20,0
1990,22,1,1,0,0,1,804,3,40,0
1990,33,2,0,0,0,0,878,1,55,0
1990,33,1,0,0,0,0,474,0,0,0
1990,36,1,0,0,0,0,556,0,40,0
1990,35,2,0,0,0,0,796,1,40,0
1990,69,1,0,0,0,0,22,3,45,1
1990,64,2,0,0,0,1,243,3,15,0
1990,70,2,3,0,0,0,0,0,0,0
1990,33,1,2,0,1,0,786,4,40,0
1990,63,2,0,0,0,1,0,0,0,0
1990,30,1,0,0,0,0,563,0,32,0
1990,29,2,0,0,0,0,376,4,45,0
1990,56,1,0,0,0,0,424,6,40,0
1990,55,2,0,0,0,0,337,6,40,0
1990,29,1,0,0,0,1,23,6,40,0
1990,27,2,0,0,0,1,156,5,40,0
1990,77,1,0,0,0,0,343,3,4,0
1990,77,2,0,0,0,0,0,0,0,0
1990,62,1,2,0,0,0,0,0,0,0
1990,21,1,1,0,0,0,0,0,0,0
1990,24,2,3,0,0,0,8,3,40,0
1990,76,1,3,0,0,0,0,0,0,0
1990,29,2,2,0,0,1,447,4,24,0
1990,66,1,0,0,0,1,473,0,0,0
1990,61,2,0,0,0,0,754,2,30,0
1990,42,1,0,0,0,0,263,3,60,0
1990,43,2,0,0,0,0,0,0,0,0
1990,38,1,0,0,0,0,558,0,50,1
1990,38,2,0,0,0,0,313,0,40,0
1990,18,1,1,0,0,0,595,0,40,0
1990,29,1,0,0,0,0,486,0,40,0
1990,27,2,0,0,0,0,467,5,40,0
1990,73,2,3,0,0,0,243,3,0,0
1990,54,2,0,1,0,0,0,0,0,0
1990,55,1,0,1,0,0,0,0,0,0
1990,24,2,3,1,0,0,447,5,37,0
1990,46,2,2,1,0,0,407,4,68,0
1990,50,1,0,0,0,1,549,3,40,1
1990,50,2,0,0,0,0,0,0,0,0
1990,21,1,0,0,0,1,365,1,40,0
1990,21,2,0,0,0,1,208,3,40,0
1990,68,2,3,1,0,0,0,0,0,0
1990,45,2,3,1,0,0,0,0,0,0
1990,21,1,1,1,0,1,436,3,25,0
1990,31,1,1,1,0,0,798,1,40,0
1990,52,1,0,0,0,1,583,0,48,0
1990,47,2,0,0,0,0,337,0,40,0
1990,19,2,1,0,0,0,319,2,40,0
1990,25,1,0,0,0,0,486,0,40,0
1990,30,2,0,0,0,0,0,0,0,0
1990,74,2,3,1,0,0,0,0,0,0
1990,52,1,0,0,0,0,779,1,40,1
1990,56,2,0,0,0,0,549,1,40,0
1990,42,1,0,0,0,1,418,6,65,0
1990,36,2,0,0,0,0,723,1,40,0
1990,54,1,0,0,0,0,567,0,36,0
1990,50,2,0,0,0,0,313,6,40,0
1990,50,1,0,0,0,0,844,0,40,0
1990,49,2,0,0,0,1,447,5,24,0
1990,19,1,1,0,0,1,479,0,12,0
1990,18,1,1,0,0,1,856,3,40,0
1990,28,1,0,0,0,1,22,1,43,0
1990,27,2,0,0,0,1,385,6,40,0
1990,70,2,2,0,0,0,0,0,0,0
1990,76,2,0,0,0,0,0,0,0,0
1990,43,1,0,1,0,0,785,1,40,0
1990,36,2,0,1,0,1,156,5,40,0
1990,77,1,0,0,0,1,0,0,0,0
1990,77,2,0,0,0,1,0,0,0,0
1990,78,2,3,1,0,0,0,0,0,0
1990,22,1,0,0,0,0,579,0,40,0
1990,22,2,0,0,0,0,276,3,25,0
1990,43,2,3,0,0,1,254,4,60,1
1990,32,1,0,0,0,0,534,3,42,0
1990,23,2,0,0,0,0,313,3,40,0
1990,61,1,0,0,0,0,13,1,58,1
1990,54,2,0,0,0,0,254,4,24,0
1990,43,2,0,0,0,0,785,1,0,0
1990,45,1,0,0,0,1,523,2,55,0
1990,21,1,1,0,0,0,523,2,55,0
1990,63,1,1,1,0,0,356,6,0,0
1990,29,1,1,1,0,1,163,5,40,0
1990,77,2,3,0,0,0,18,4,40,0
1990,33,1,0,0,0,1,23,4,40,0
1990,33,2,0,0,0,1,23,5,43,0
1990,43,1,0,0,0,1,178,5,45,1
1990,43,2,0,0,0,1,156,5,40,0
1990,43,1,0,1,0,0,243,3,44,0
1990,32,2,0,1,0,0,796,1,40,0
1990,36,1,0,0,0,0,518,1,51,0
1990,32,2,0,0,0,0,159,1,40,0
1990,47,1,0,1,0,0,0,0,0,0
1990,46,2,0,1,0,0,785,1,40,0
1990,19,1,1,1,0,0,877,1,40,0
1990,23,1,1,1,0,1,436,3,24,0
1990,34,2,2,1,0,0,754,1,40,0
1990,28,1,0,0,0,0,417,6,42,0
1990,26,2,0,0,0,1,313,3,40,0
1990,51,1,1,1,0,0,479,0,60,0
1990,45,1,2,0,0,0,853,0,55,0
1990,33,2,3,1,0,0,479,0,0,0
1990,38,2,3,1,0,0,479,0,36,0
1990,71,2,2,0,0,0,274,3,0,0
1990,73,2,3,0,0,0,0,0,0,0
1990,38,1,0,0,0,1,518,1,47,0
1990,38,2,0,0,0,1,174,5,37,0
1990,61,1,0,0,0,0,0,0,0,0
1990,60,2,0,0,0,1,5,6,37,0
1990,29,1,0,1,0,0,856,1,48,0
1990,29,2,0,1,0,0,738,1,36,0
1990,27,2,3,1,0,0,777,1,0,0
1990,26,1,0,1,0,0,777,1,48,0
1990,32,2,0,1,0,1,313,5,40,0
1990,26,2,1,1,0,0,374,1,40,0
1990,79,2,3,1,0,0,453,5,0,0
1990,52,1,0,1,0,1,549,1,40,0
1990,47,2,0,1,0,1,156,5,40,0
1990,22,1,1,1,0,0,486,6,40,0
1990,30,1,0,0,0,1,539,2,46,0
1990,26,2,0,0,0,0,184,3,40,0
1990,32,1,0,0,0,1,505,3,40,0
1990,29,2,0,0,0,1,337,5,12,0
1990,57,2,3,3,0,0,744,1,0,0
1990,38,2,2,3,0,0,444,5,40,0
1990,32,2,1,0,0,1,379,1,40,0
1990,29,1,0,0,0,0,22,4,65,0
1990,27,2,0,0,0,0,276,3,0,0
1990,65,1,0,0,0,0,257,4,60,0
1990,54,2,0,0,0,0,313,4,50,1
1990,35,1,0,0,0,1,56,1,48,0
1990,33,2,0,0,0,1,265,3,40,0
1990,71,2,3,0,0,0,0,0,0,0
1990,32,2,0,0,0,1,313,5,39,0
1990,28,1,0,0,0,0,575,0,40,0
1990,80,2,3,0,0,0,0,0,0,0
1990,39,2,2,0,0,0,379,3,40,0
1990,68,1,0,0,0,0,426,5,20,0
1990,65,2,0,0,0,0,0,0,0,0
1990,31,1,0,0,0,0,184,1,40,0
1990,26,2,0,0,0,1,379,1,50,0
1990,26,1,0,0,0,1,628,1,45,0
1990,22,2,0,0,0,1,337,0,40,0
1990,28,2,1,1,0,0,779,1,40,0
1990,53,2,2,1,0,0,889,1,37,0
1990,39,2,2,1,0,0,436,3,45,0
1990,21,2,1,1,0,1,155,5,32,0
1990,66,1,0,0,0,0,453,6,40,0
1990,65,2,0,0,0,0,0,0,0,0
1990,45,1,2,0,0,1,259,3,40,0
1990,34,1,1,0,0,0,0,0,0,0
1990,41,2,1,1,0,0,889,1,58,0
1990,18,1,1,1,0,0,453,1,32,0
1990,24,1,1,1,0,0,243,3,40,0
1990,22,1,1,1,0,0,878,1,40,0
1990,50,1,0,0,0,1,257,0,40,1
1990,47,2,0,0,0,1,95,5,0,0
1990,32,1,0,0,0,1,178,6,49,0
1990,29,2,0,0,0,1,23,1,40,0
1990,70,1,3,0,0,0,267,3,25,0
1990,33,1,1,0,0,0,259,1,40,0
1990,64,1,0,1,0,0,523,3,30,0
1990,63,2,0,1,0,0,303,3,0,0
1990,47,1,0,1,0,1,156,5,40,0
1990,50,2,0,1,0,1,156,5,40,0
1990,43,1,3,1,0,0,486,0,35,0
1990,36,2,3,1,0,0,744,1,25,0
1990,50,2,2,1,0,0,739,1,40,0
1990,69,1,0,0,0,0,473,0,40,0
1990,61,2,0,0,0,0,808,5,15,0
1990,36,1,1,0,0,0,473,0,74,0
1990,34,1,0,0,0,0,554,0,40,0
1990,29,2,0,0,0,0,309,1,40,0
1990,63,2,3,0,0,0,0,0,0,0
1990,36,1,0,0,0,1,575,1,58,0
1990,22,2,0,0,0,1,276,3,0,0
1990,52,1,0,1,0,0,516,3,40,0
1990,47,2,0,1,0,0,446,4,19,0
1990,49,1,0,1,0,0,479,0,40,0
1990,50,2,0,1,0,0,0,0,0,0
1990,19,2,1,1,0,0,276,3,30,0
1990,77,2,3,0,0,0,0,0,0,0
1990,52,1,0,0,0,0,804,3,60,0
1990,55,2,0,0,0,0,376,3,40,0
1990,39,1,0,1,0,0,243,3,60,0
1990,37,2,0,1,0,0,383,4,40,0
1990,18,1,1,1,0,0,444,3,25,0
1990,47,1,0,0,0,1,364,1,40,0
1990,50,2,0,0,0,1,313,1,40,0
1990,19,1,0,0,0,0,473,0,0,0
1990,25,2,0,0,0,0,479,0,0,0
1990,57,1,0,0,0,0,628,1,42,0
1990,53,2,0,0,0,0,207,5,40,0
1990,63,1,0,0,0,0,0,0,0,0
1990,61,2,0,0,0,0,0,0,0,0
1990,62,1,0,0,0,0,0,0,0,0
1990,59,2,0,0,0,0,95,5,0,0
1990,37,1,0,0,0,0,29,3,40,0
1990,39,2,0,0,0,0,22,3,52,0
1990,30,1,2,0,0,1,785,1,40,0
1990,45,1,2,1,0,0,549,1,48,0
1990,27,2,3,1,0,0,738,1,40,0
1990,74,1,0,0,0,0,0,0,0,0
1990,65,2,0,0,0,0,0,0,0,0
1990,52,2,3,0,0,0,0,0,0,0
1990,43,1,0,0,0,1,22,1,50,0
1990,42,2,0,0,0,0,785,1,44,0
1990,19,2,1,0,0,1,266,3,40,0
1990,26,1,1,0,0,1,653,1,0,0
1990,32,1,1,0,0,1,56,2,60,0
1990,74,2,3,1,0,0,0,0,0,0
1990,50,2,1,1,0,0,389,4,0,0
1990,49,1,2,0,0,0,804,2,40,0
1990,63,1,0,0,0,0,549,4,40,0
1990,63,2,0,0,0,0,744,1,0,0
1990,25,2,1,0,0,0,259,3,40,0
1990,63,1,0,0,0,0,637,1,40,0
1990,45,2,0,0,0,0,0,0,0,0
1990,55,1,2,0,0,0,0,0,0,0
1990,65,2,3,1,0,0,0,0,0,0
1990,79,2,3,0,0,0,0,0,0,0
1990,52,1,0,0,0,0,686,3,45,0
1990,52,2,0,0,0,0,365,3,51,0
1990,26,1,2,0,0,0,644,1,40,0
1990,19,2,1,0,0,1,337,3,42,0
1990,23,1,0,0,0,0,453,1,50,0
1990,30,2,0,0,0,0,313,4,40,0
1990,25,2,2,0,0,1,435,3,37,0
1990,37,1,0,0,0,1,157,5,45,0
1990,36,2,0,0,0,1,313,5,8,0
1990,40,1,1,0,0,1,0,0,0,0
1990,33,1,0,0,0,1,558,0,40,0
1990,32,2,0,0,0,1,104,5,40,0
1990,52,1,0,0,0,0,455,4,60,0
1990,50,2,0,0,0,0,336,6,40,0
1990,32,1,0,0,0,1,783,1,45,0
1990,25,2,0,0,0,0,888,1,16,0
1990,75,1,0,0,0,0,0,0,0,0
1990,72,2,0,0,0,0,0,0,0,0
1990,33,1,0,1,0,0,856,1,40,0
1990,34,2,0,1,0,1,174,5,40,0
1990,76,2,3,0,0,1,0,0,0,0
1990,50,1,0,0,0,0,243,3,50,1
1990,50,2,0,0,0,0,383,4,25,0
1990,26,1,1,0,0,1,13,3,40,0
1990,63,1,0,1,0,0,0,0,0,0
1990,60,2,0,1,0,0,804,4,40,0
1990,36,2,3,1,0,1,156,5,40,0
1990,29,2,3,1,0,1,709,1,32,0
1990,48,2,3,0,0,1,157,5,37,0
1990,35,1,0,1,0,0,549,1,40,0
1990,35,2,0,1,0,0,785,1,0,0
1990,32,2,1,1,0,0,475,0,40,0
1990,38,2,1,1,0,0,0,0,0,0
1990,62,2,3,1,0,0,449,4,32,0
1990,65,1,0,1,0,0,0,0,0,0
1990,61,2,0,1,0,0,0,0,0,0
1990,27,2,3,1,0,0,799,1,40,0
1990,33,1,0,1,0,1,779,2,40,0
1990,34,2,0,1,0,1,253,4,40,0
1990,50,1,0,1,0,0,628,1,40,0
1990,44,2,0,1,0,0,447,5,40,0
1990,26,2,3,1,0,0,0,0,0,0
1990,29,2,1,1,0,0,0,0,0,0
1990,32,1,1,1,0,1,804,2,72,0
1990,30,1,2,0,0,0,579,0,40,0
1990,25,2,0,0,0,0,435,3,20,0
1990,26,1,0,2,0,0,579,0,30,0
1990,58,2,0,0,0,0,0,0,0,0
1990,23,2,1,1,0,1,313,5,35,0
1990,42,2,1,1,0,0,453,4,40,0
1990,38,1,0,0,0,0,804,2,80,0
1990,36,2,0,0,0,1,458,4,45,0
1990,37,1,0,0,0,1,628,1,40,0
1990,37,2,0,0,0,1,313,5,40,0
1990,55,1,0,1,0,0,804,2,50,0
1990,53,2,0,1,0,0,17,5,40,0
1990,33,1,2,1,0,0,804,0,40,0
1990,39,2,0,0,0,0,749,1,40,0
1990,39,1,0,0,0,0,575,0,50,0
1990,19,1,2,0,0,0,756,1,40,0
1990,37,1,0,0,0,0,804,2,40,0
1990,35,2,0,0,0,0,36,6,40,0
1990,64,2,2,0,0,0,365,5,36,0
1990,64,1,0,0,0,0,7,4,45,0
1990,55,2,0,0,0,0,0,0,0,0
1990,21,1,1,0,0,0,783,1,40,0
1990,44,1,0,0,0,1,243,3,45,0
1990,44,2,0,0,0,0,25,4,50,0
1990,18,1,1,0,0,0,883,3,15,0
1990,63,1,1,0,0,0,0,0,0,0
1990,21,2,1,1,0,1,0,0,0,0
1990,25,1,1,1,0,0,809,3,50,0
1990,41,1,0,0,0,1,575,1,40,0
1990,40,2,0,0,0,0,0,0,0,0
1990,18,2,1,0,0,0,433,3,0,0
1990,60,1,0,0,0,1,176,5,48,0
1990,54,2,0,0,0,0,313,5,18,0
1990,61,1,0,0,0,0,426,4,16,0
1990,57,2,0,0,0,0,0,0,0,0
1990,23,1,1,0,0,1,156,5,40,0
1990,59,1,2,0,0,0,0,0,0,0
1990,74,1,0,0,0,1,259,1,0,0
1990,73,2,0,0,0,1,0,0,0,0
1990,69,1,0,1,0,0,0,0,0,0
1990,66,2,0,1,0,0,0,0,0,0
1990,29,2,1,1,0,0,744,1,40,0
1990,43,1,1,1,0,0,496,1,25,0
1990,51,1,0,1,0,0,883,1,40,0
1990,45,2,0,1,0,0,0,0,0,0
1990,21,2,1,1,0,0,785,1,40,0
1990,63,2,1,0,0,0,364,1,40,0
1990,75,1,0,0,0,1,379,5,40,0
1990,66,2,0,0,0,0,243,4,10,0
1990,35,1,0,1,0,0,859,2,37,0
1990,33,2,0,1,0,0,479,0,35,0
1990,58,1,3,1,0,0,183,5,30,0
1990,55,2,3,1,0,0,0,0,0,0
1990,52,1,3,1,0,0,518,1,70,0
1990,51,1,0,1,0,0,424,6,40,0
1990,55,2,0,1,0,0,744,1,40,0
1990,40,1,0,0,0,1,359,1,40,0
1990,26,2,0,0,0,1,274,3,40,0
1990,56,1,0,1,0,0,777,1,32,0
1990,55,2,0,1,0,0,744,1,40,0
1990,59,1,0,0,0,0,243,3,50,0
1990,57,2,0,0,0,1,156,5,40,0
1990,80,1,0,1,0,0,453,5,20,0
1990,75,2,0,1,0,0,0,0,0,0
1990,44,2,1,1,0,0,436,3,30,0
1990,23,2,1,1,0,0,436,3,30,0
1990,47,1,3,0,0,1,473,0,70,1
1990,24,1,1,0,0,1,243,3,40,0
1990,33,2,1,3,0,0,276,3,0,0
1990,65,2,1,1,0,0,889,1,40,0
1990,63,2,3,1,0,0,447,4,20,0
1990,34,2,3,1,0,1,436,3,40,0
1990,60,2,3,1,0,0,0,0,0,0
1990,19,1,1,1,0,0,0,0,0,0
1990,20,1,1,1,0,0,804,3,40,0
1990,20,1,1,0,0,0,904,6,65,0
1990,21,1,1,0,0,1,169,6,40,0
1990,19,1,1,0,0,0,228,6,40,0
1990,27,1,1,0,0,1,169,6,60,0
1990,24,1,1,0,0,0,904,6,60,0
1990,23,1,3,1,0,0,804,6,99,0
1990,23,1,1,0,0,1,508,6,50,0
1990,18,1,1,0,0,0,904,6,50,0
1990,25,1,1,1,0,1,904,6,40,0
1990,22,1,1,1,0,1,364,6,48,0
1990,19,2,1,0,0,0,364,6,52,0
1990,23,2,1,2,3,1,208,6,8,0
1990,41,1,0,0,0,1,22,6,60,0
1990,49,2,0,3,3,0,0,0,0,0
1990,35,1,0,0,0,1,903,6,50,0
1990,35,2,0,0,0,0,156,5,40,0
1990,29,1,0,0,0,1,27,6,60,0
1990,22,2,0,0,0,1,157,5,0,0
1990,25,1,0,1,0,1,8,6,70,0
1990,25,2,0,1,0,1,274,3,30,0
1990,45,1,0,1,0,0,453,3,40,0
1990,41,2,0,1,0,1,453,3,20,0
1990,64,2,3,1,0,0,0,0,0,0
1990,23,1,1,1,0,0,0,0,0,0
1990,24,1,1,1,0,0,856,1,0,0
1990,37,1,3,1,0,0,563,0,40,0
1990,44,1,2,0,0,1,5,6,40,0
1990,72,1,3,0,0,0,809,4,40,0
1990,43,1,2,0,0,1,21,5,60,0
1990,31,1,0,0,0,1,904,6,50,0
1990,32,2,0,0,0,1,235,5,40,0
1990,30,1,1,0,0,1,903,6,45,0
1990,24,2,1,1,1,0,438,3,35,0
1990,21,2,1,1,0,1,0,0,0,0
1990,56,2,3,1,0,1,387,5,37,0
1990,77,2,3,1,0,0,0,0,0,0
1990,28,1,1,1,0,1,804,2,37,0
1990,28,2,1,1,0,1,276,3,40,0
1990,60,1,0,0,0,0,749,4,25,0
1990,68,2,0,0,0,0,0,0,0,0
1990,35,1,3,2,0,1,436,6,56,0
1990,36,2,2,0,0,1,785,1,40,0
1990,36,1,0,0,0,0,259,3,60,0
1990,32,2,0,0,0,0,313,4,45,0
1990,35,1,0,0,2,1,27,6,70,0
1990,35,2,0,0,2,1,0,0,0,0
1990,56,1,0,0,0,1,319,6,40,0
1990,43,2,0,0,3,1,159,5,40,0
1990,29,1,0,0,0,1,156,5,50,0
1990,26,2,0,0,0,1,157,5,50,0
1990,29,1,0,0,0,0,505,3,50,0
1990,23,2,0,0,0,0,243,3,0,0
1990,30,1,1,0,0,1,96,3,40,0
1990,44,2,3,1,0,1,174,5,40,0
1990,48,1,0,0,0,0,438,3,40,0
1990,47,2,0,0,0,0,796,1,35,0
1990,26,1,0,1,0,0,804,5,40,0
1990,27,2,0,1,1,1,243,3,40,0
1990,71,2,3,0,0,0,0,0,0,0
1990,35,1,0,0,0,1,904,6,75,0
1990,41,2,0,0,0,0,458,4,30,0
1990,41,1,0,0,0,1,505,3,40,0
1990,42,2,0,0,0,0,22,3,40,0
1990,78,1,3,0,0,1,0,0,0,0
1990,21,2,1,0,0,0,243,3,40,0
1990,19,1,1,0,0,0,444,3,20,0
1990,35,1,0,3,0,0,0,0,0,0
1990,35,2,0,3,3,0,0,0,0,0
1990,27,1,0,0,0,0,533,4,40,0
1990,24,2,0,0,0,0,436,3,36,0
1990,29,1,0,0,0,1,7,3,60,1
1990,29,2,0,0,0,0,337,1,40,0
1990,43,1,0,0,0,1,509,3,40,0
1990,41,2,0,0,0,1,389,5,40,0
1990,37,1,0,0,0,1,308,5,40,0
1990,30,2,0,0,0,0,27,4,35,0
1990,30,1,0,0,0,1,27,5,50,0
1990,29,2,0,0,0,1,95,5,32,0
1990,45,1,0,0,0,0,259,3,40,0
1990,46,2,0,0,0,0,348,2,40,0
1990,20,1,1,0,0,1,877,3,20,0
1990,22,1,0,0,0,0,505,1,45,0
1990,23,2,0,0,0,0,22,5,0,0
1990,30,1,0,1,0,0,859,1,40,0
1990,26,2,0,1,0,0,479,0,0,0
1990,38,1,0,0,0,1,558,0,40,1
1990,44,2,0,0,0,1,216,6,40,0
1990,46,2,3,1,0,1,327,2,40,0
1990,20,1,1,1,0,1,808,5,20,0
1990,18,1,1,1,0,0,0,0,0,0
1990,59,2,2,1,0,0,216,5,0,0
1990,34,1,0,0,0,0,904,6,40,0
1990,29,2,0,0,0,1,276,3,34,0
1990,71,2,3,0,0,0,0,0,0,0
1990,26,1,1,1,0,1,22,0,70,0
1990,23,2,1,1,0,1,155,5,30,0
1990,27,1,0,1,0,0,804,3,40,0
1990,37,2,0,1,0,1,447,5,40,0
1990,18,2,1,1,0,1,315,4,18,0
1990,53,2,3,0,0,1,387,5,37,0
1990,30,1,0,1,0,0,176,5,14,0
1990,32,2,0,1,0,1,253,4,60,0
1990,24,1,1,1,0,1,276,3,35,0
1990,33,1,0,0,0,0,904,6,70,0
1990,33,2,0,0,0,0,243,3,40,0
1990,41,1,0,1,0,0,505,6,40,0
1990,43,2,0,1,0,1,243,3,35,0
1990,26,1,1,1,0,0,804,3,40,0
1990,25,1,1,1,0,0,444,3,30,0
1990,45,2,2,0,2,0,243,3,40,0
1990,26,1,3,0,2,0,859,1,40,0
1990,27,1,0,0,0,1,904,6,50,0
1990,26,2,0,0,0,1,307,6,0,0
1990,65,2,3,0,0,0,744,1,40,0
1990,44,1,0,0,0,1,503,3,60,0
1990,43,2,0,0,0,1,337,4,45,0
1990,27,2,3,0,0,1,376,2,40,0
1990,67,1,0,0,0,0,274,3,20,0
1990,66,2,0,0,0,0,313,5,38,0
1990,25,1,0,0,0,1,156,5,25,0
1990,32,2,0,0,0,1,8,6,40,0
1990,33,1,0,0,0,1,159,6,60,0
1990,30,2,0,0,0,1,23,5,40,0
1990,65,2,2,0,0,1,0,0,0,0
1990,42,2,2,1,0,1,424,6,40,0
1990,50,1,2,0,0,0,785,6,52,0
1990,27,2,1,1,0,1,174,5,40,0
1990,25,2,2,1,0,1,17,3,10,0
1990,63,1,0,1,0,0,803,2,18,0
1990,62,2,0,1,0,0,407,4,18,0
1990,22,1,3,1,0,1,505,1,48,0
1990,74,1,0,1,0,0,0,0,0,0
1990,69,2,0,1,0,0,0,0,0,0
1990,39,1,1,1,0,0,0,0,0,0
1990,32,2,1,1,0,1,243,3,40,0
1990,54,2,3,0,0,0,243,3,52,0
1990,56,2,2,0,0,0,337,3,42,0
1990,50,1,1,1,0,0,364,1,40,0
1990,42,1,0,0,0,1,35,0,45,0
1990,38,2,0,0,0,1,779,1,40,0
1990,34,1,0,0,0,1,13,0,50,0
1990,29,2,0,0,0,0,319,1,40,0
1990,52,1,0,0,0,0,549,6,48,0
1990,52,2,0,0,2,1,95,5,36,0
1990,33,2,2,0,0,1,319,1,40,0
1990,28,1,1,0,0,1,885,1,48,0
1990,40,1,2,0,0,0,243,4,60,0
1990,41,1,0,0,0,1,176,5,45,0
1990,38,2,0,0,0,1,176,5,1,0
1990,33,1,0,0,0,1,145,5,50,0
1990,30,2,0,0,0,1,377,5,0,0
1990,19,2,1,0,0,1,317,4,30,0
1990,74,2,3,0,0,0,0,0,0,0
1990,51,1,0,0,0,0,573,0,40,0
1990,47,2,0,0,0,0,0,0,0,0
1990,37,1,0,0,0,1,596,1,60,0
1990,38,2,0,0,0,1,783,0,35,0
1990,18,2,1,0,0,0,435,3,15,0
1990,66,2,3,0,0,0,744,1,0,0
1990,42,2,2,0,0,0,407,4,32,0
1990,23,2,0,1,0,0,744,1,48,0
1990,25,1,0,1,0,0,904,6,50,0
1990,21,2,1,1,0,0,749,1,40,0
1990,22,1,0,0,0,0,508,4,0,0
1990,25,1,0,0,2,1,418,6,72,0
1990,24,2,0,0,0,0,243,1,99,0
1990,54,1,0,0,0,0,686,3,43,0
1990,43,2,0,0,0,0,379,5,40,0
1990,75,1,2,1,0,0,779,1,40,0
1990,55,2,3,0,0,1,156,5,50,0
1990,75,2,3,3,0,0,0,0,0,0
1990,69,2,3,0,0,0,0,0,0,0
1990,49,1,0,0,0,1,828,2,0,0
1990,50,2,0,0,0,0,744,1,0,0
1990,32,2,1,1,0,1,105,5,24,0
1990,38,1,0,0,0,0,563,0,30,0
1990,33,2,0,0,0,0,0,0,0,0
1990,65,2,3,0,0,0,28,3,35,0
1990,50,1,0,0,0,1,22,0,50,0
1990,49,2,0,0,0,1,383,4,40,0
1990,23,1,1,0,0,1,477,0,45,0
1990,18,2,1,0,0,0,276,3,20,0
1990,45,1,0,0,0,1,22,1,48,1
1990,45,2,0,0,0,1,338,1,50,0
1990,73,1,3,1,0,0,0,0,0,0
1990,52,1,1,0,0,1,243,3,65,0
1990,79,2,3,0,0,0,0,0,0,0
1990,30,1,0,1,0,0,889,1,40,0
1990,29,2,0,1,0,0,889,1,45,0
1990,41,1,0,1,0,0,353,1,40,0
1990,41,2,0,1,0,1,785,1,40,0
1990,69,2,2,1,0,1,156,5,0,0
1990,30,2,1,0,0,1,186,6,40,0
1990,27,1,1,1,0,0,444,6,0,0
1990,30,2,0,1,0,0,779,1,40,0
1990,31,1,0,1,0,0,869,0,40,0
1990,28,2,1,1,0,0,319,2,6,0
1990,49,1,0,0,0,1,364,1,45,0
1990,52,2,0,0,0,0,276,3,35,0
1990,25,1,1,0,0,0,785,3,45,0
1990,37,2,3,3,0,1,27,1,40,0
1990,37,2,2,1,0,1,808,5,0,0
1990,30,1,0,0,0,0,243,3,50,0
1990,30,2,0,0,0,1,376,4,40,0
1990,67,1,0,0,0,0,274,3,0,0
1990,56,2,0,0,0,0,449,1,40,0
1990,36,1,1,1,0,0,785,1,40,0
1990,43,1,0,0,0,0,779,1,40,0
1990,44,2,0,0,0,1,0,0,0,0
1990,70,1,0,3,0,0,0,0,0,0
1990,46,2,0,0,0,0,0,0,0,0
1990,21,1,3,0,0,0,869,0,0,0
1990,29,1,0,0,0,1,555,2,40,0
1990,24,2,0,0,0,1,156,5,40,0
1990,65,2,3,1,0,0,407,4,40,0
1990,66,2,1,1,0,0,0,0,0,0
1990,62,2,3,1,0,0,0,0,0,0
1990,46,1,0,1,0,0,749,1,40,0
1990,43,2,0,1,0,0,387,5,37,0
1990,24,2,1,1,0,1,889,1,40,0
1990,23,1,1,1,0,0,749,1,40,0
1990,53,1,0,0,0,0,558,0,40,0
1990,46,2,0,0,0,0,436,3,40,0
1990,18,1,1,0,0,0,276,1,15,0
1990,34,1,0,0,0,0,686,3,48,0
1990,32,2,0,0,0,0,37,1,40,0
1990,22,1,0,0,0,0,516,6,40,0
1990,18,2,0,0,0,1,337,3,35,0
1990,45,1,2,0,0,0,856,2,60,0
1990,46,2,3,0,0,1,18,4,55,0
1990,70,1,0,1,0,0,0,0,0,0
1990,69,2,0,1,0,0,0,0,0,0
1990,33,1,0,3,0,0,567,0,30,0
1990,29,2,0,3,0,0,796,1,0,0
1990,52,2,3,3,0,0,0,0,0,0
1990,63,2,3,1,0,0,0,0,0,0
1990,61,1,0,3,0,1,274,3,48,0
1990,34,2,0,3,0,0,744,1,40,0
1990,36,1,0,0,0,0,0,0,0,0
1990,43,2,0,3,0,0,744,1,30,0
1990,19,2,1,3,0,0,0,0,0,0
1990,26,1,1,3,0,0,0,0,0,0
1990,76,2,3,0,0,1,0,0,0,0
1990,76,1,0,0,0,0,0,0,0,0
1990,70,2,0,0,0,0,0,0,0,0
1990,70,1,3,1,0,0,453,5,0,0
1990,33,2,3,0,0,1,796,2,40,0
1990,37,1,0,0,0,1,307,3,40,0
1990,33,2,0,0,0,1,156,5,40,0
1990,46,1,3,0,0,0,436,3,0,0
1990,33,1,3,0,0,0,783,1,40,0
1990,75,2,3,0,0,0,0,0,0,0
1990,77,2,3,0,0,0,0,0,0,0
1990,47,2,3,0,0,0,796,1,0,0
1990,45,1,0,0,0,0,363,1,60,0
1990,35,2,0,0,0,1,33,5,38,0
1990,69,1,0,0,0,0,0,0,0,0
1990,67,2,0,0,0,1,337,5,0,0
1990,77,1,0,1,0,0,909,6,0,0
1990,76,2,0,1,0,0,0,0,0,0
1990,75,1,3,3,0,0,0,0,0,0
1990,39,1,0,1,0,0,159,5,40,0
1990,37,2,0,1,0,1,14,5,40,0
1990,55,1,0,0,0,0,453,0,40,0
1990,61,2,0,0,0,0,436,3,24,0
1990,35,2,2,0,0,0,243,3,0,0
1990,43,1,0,0,0,1,628,1,40,0
1990,36,2,0,0,0,1,313,5,43,0
1990,40,1,0,3,0,0,573,0,40,0
1990,38,2,0,3,0,1,174,6,40,0
1990,67,1,0,3,0,0,0,0,0,0
1990,68,2,0,3,0,0,744,1,40,0
1990,34,1,0,1,0,0,628,2,40,0
1990,32,2,0,1,0,0,467,5,40,0
1990,42,1,0,1,0,0,683,1,40,0
1990,39,2,0,1,0,0,313,1,40,0
1990,18,2,1,1,0,0,0,0,0,0
1990,68,1,0,3,0,0,0,0,0,0
1990,66,2,0,3,0,0,443,6,7,0
1990,49,1,0,0,0,0,853,0,40,0
1990,45,2,0,0,0,0,796,1,40,0
1990,49,1,0,0,0,1,5,6,40,0
1990,47,2,0,0,0,1,174,6,40,0
1990,18,1,1,0,0,0,274,5,30,0
1990,38,1,0,0,0,0,453,2,40,0
1990,33,2,0,0,0,0,243,3,40,0
1990,24,1,0,0,0,1,538,6,48,0
1990,21,2,0,0,0,1,37,1,40,0
1990,55,1,1,0,0,1,14,5,0,0
1990,40,1,0,0,0,1,36,1,40,0
1990,39,2,0,0,0,1,156,5,40,0
1990,24,1,0,0,0,0,593,0,40,0
1990,40,1,0,0,0,0,585,0,40,0
1990,43,2,0,0,0,0,444,3,40,0
1990,18,1,1,0,0,0,0,0,0,0
1990,63,1,0,0,0,0,448,6,0,0
1990,59,2,0,0,0,0,744,1,56,0
1990,49,2,2,1,0,0,785,1,40,0
1990,20,1,1,1,0,0,889,1,50,0
1990,73,1,0,1,0,0,486,0,0,0
1990,64,2,0,1,0,0,0,0,0,0
1990,34,2,1,1,0,1,37,5,40,0
1990,44,1,0,0,0,0,628,3,44,0
1990,41,2,0,0,0,0,97,5,40,0
1990,24,1,0,0,0,1,777,1,45,0
1990,23,2,0,0,0,0,243,3,0,0
1990,39,2,2,1,0,1,8,6,40,0
1990,63,1,0,1,0,0,567,5,40,0
1990,57,2,0,1,0,0,0,0,0,0
1990,52,1,0,0,0,1,59,5,40,0
1990,46,2,0,0,0,0,749,1,40,0
1990,22,2,1,0,0,0,435,3,10,0
1990,37,1,0,0,0,1,22,0,55,1
1990,30,2,0,0,0,1,379,4,20,0
1990,62,2,3,0,0,0,337,4,35,0
1990,58,1,0,0,0,0,877,3,56,0
1990,55,2,0,0,0,0,319,4,0,0
1990,74,2,3,0,0,1,254,4,0,0
1990,62,1,0,0,0,0,0,0,0,0
1990,62,2,0,0,0,0,877,3,0,0
1990,75,2,3,0,0,0,0,0,0,0
1990,25,2,1,1,0,0,276,3,16,0
1990,35,1,2,1,0,0,364,1,40,0
1990,42,1,0,1,0,0,699,1,48,0
1990,45,2,0,1,0,0,253,4,45,0
1990,37,1,0,0,0,1,155,5,40,0
1990,34,2,0,0,0,1,447,5,32,0
1990,37,2,0,0,0,1,486,0,40,0
1990,42,1,0,0,0,1,549,1,50,0
1990,58,1,0,0,0,0,766,1,60,0
1990,58,2,0,0,0,0,796,1,60,0
1990,42,1,3,1,0,1,363,1,40,0
1990,62,1,0,0,0,0,804,3,48,0
1990,61,2,0,0,0,0,687,3,40,0
1990,34,1,1,0,0,0,579,0,35,0
1990,73,1,3,0,0,1,0,0,0,0
1990,30,1,0,0,0,0,22,3,40,0
1990,29,2,0,0,0,1,95,5,40,0
1990,78,2,3,0,0,1,0,0,0,0
1990,24,2,3,0,0,0,313,5,40,0
1990,19,2,1,0,0,0,804,3,40,0
1990,63,2,3,1,0,0,447,5,0,0
1990,55,1,3,0,0,0,0,0,0,0
1990,47,2,3,0,0,1,339,3,40,0
1990,22,2,1,0,0,0,445,5,40,0
1990,19,2,1,0,0,1,276,3,18,0
1990,50,1,0,0,0,0,243,5,40,0
1990,30,1,0,1,0,1,268,3,45,0
1990,29,2,0,1,0,1,376,4,40,0
1990,59,1,0,0,0,1,433,3,38,0
1990,43,2,0,0,0,0,22,3,40,0
1990,30,1,1,0,0,1,259,3,40,0
1990,32,1,1,0,0,1,259,3,45,0
1990,18,2,1,0,0,0,427,5,38,0
1990,42,2,1,0,0,1,95,5,50,0
1990,31,1,0,0,0,0,486,0,40,0
1990,27,2,0,0,0,1,23,0,40,0
1990,61,1,0,0,0,1,0,0,0,0
1990,52,2,0,0,0,1,254,4,30,0
1990,25,1,2,0,0,0,695,2,50,0
1990,39,1,0,3,3,1,17,3,50,0
1990,38,2,0,3,3,0,436,3,40,0
1990,41,1,0,0,0,1,255,4,50,0
1990,38,2,0,0,0,1,95,5,32,0
1990,27,1,1,0,0,1,277,4,30,0
1990,24,2,1,0,0,1,435,3,20,0
1990,38,1,0,0,0,0,585,1,40,1
1990,32,2,0,0,0,0,25,4,40,0
1990,61,1,0,0,0,0,0,0,0,0
1990,47,2,0,0,0,1,447,5,40,0
1990,47,1,0,0,0,0,887,0,40,0
1990,48,2,0,0,0,0,0,0,0,0
1990,36,1,1,1,0,0,567,0,40,0
1990,25,1,0,0,0,0,883,1,40,0
1990,25,2,0,0,0,0,877,3,90,0
1990,61,2,0,1,0,0,0,0,0,0
1990,53,1,0,1,0,1,789,1,40,0
1990,28,1,1,1,0,0,0,0,0,0
1990,40,1,0,0,0,0,804,2,99,0
1990,41,2,0,0,0,0,458,4,40,0
1990,42,1,0,0,0,1,7,4,45,0
1990,41,2,0,0,0,0,156,5,37,0
1990,61,2,3,0,0,0,354,2,24,0
1990,49,1,0,0,0,0,567,0,40,0
1990,56,2,0,0,0,0,0,0,0,0
1990,77,2,3,1,0,0,0,0,0,0
1990,47,1,1,1,0,0,0,0,0,0
1990,35,1,0,3,0,0,779,3,40,0
1990,43,2,0,1,0,1,156,5,37,0
1990,30,2,1,0,0,1,435,3,35,0
1990,37,2,3,0,0,0,744,1,40,0
1990,19,1,1,0,0,0,877,3,20,0
1990,47,1,0,0,0,0,259,3,50,0
1990,43,2,0,0,0,1,316,5,40,0
1990,64,2,3,0,0,0,447,5,24,0
1990,61,2,3,0,0,0,0,0,0,0
1990,26,1,1,0,0,0,769,1,40,0
1990,36,1,1,0,0,0,796,1,0,0
1990,31,1,0,0,0,1,779,1,40,0
1990,21,2,0,0,0,1,889,3,20,0
1990,67,1,0,0,0,0,0,0,0,0
1990,68,2,0,0,0,0,0,0,0,0
1990,42,1,0,0,0,1,869,0,40,0
1990,34,2,0,0,0,1,95,5,40,0
1990,37,2,2,0,0,0,503,2,40,0
1990,59,1,0,0,0,0,0,0,0,0
1990,58,2,0,0,0,0,447,5,40,0
1990,46,1,1,0,0,0,505,3,43,0
1990,27,2,3,1,0,1,0,0,0,0
1990,27,1,0,0,0,1,22,0,50,1
1990,24,2,0,0,0,1,13,1,60,0
1990,71,2,3,1,0,0,0,0,0,0
1990,75,2,3,0,2,0,0,0,0,0
1990,72,1,0,0,0,0,453,5,0,0
1990,68,2,0,0,0,0,156,5,36,0
1990,35,1,0,1,0,0,804,2,50,0
1990,35,2,0,3,3,0,185,3,50,0
1990,69,1,3,1,0,0,0,0,0,0
1990,72,1,3,1,0,0,0,0,0,0
1990,30,2,1,1,0,1,385,5,36,0
1990,37,1,0,1,0,1,364,1,48,0
1990,38,2,0,1,0,1,379,5,32,0
1990,19,1,0,0,0,0,779,1,40,0
1990,20,2,0,0,0,0,185,3,35,0
1990,44,1,2,0,0,1,276,3,60,1
1990,24,1,1,0,0,0,276,3,50,0
1990,77,1,0,0,0,1,0,0,0,0
1990,58,2,0,0,0,1,0,0,0,0
1990,31,1,1,0,0,1,699,1,40,0
1990,21,1,1,0,0,1,365,3,12,0
1990,69,1,0,0,0,0,0,0,0,0
1990,72,2,0,0,0,0,0,0,0,0
1990,43,2,2,0,0,1,453,1,0,0
1990,41,1,2,0,0,1,577,2,40,0
1990,19,2,1,0,0,0,0,0,0,0
1990,67,1,0,0,0,1,0,0,0,0
1990,69,2,0,0,0,0,0,0,0,0
1990,22,1,1,0,0,1,0,0,0,0
1990,46,1,2,0,0,1,494,1,65,0
1990,39,2,2,3,0,1,379,0,40,0
1990,42,1,0,0,0,0,503,2,48,0
1990,41,2,0,0,0,0,435,3,40,0
1990,46,1,0,1,0,0,243,2,30,0
1990,45,2,0,1,0,0,453,5,5,0
1990,19,2,1,1,0,1,313,5,4,0
1990,59,1,0,0,0,0,243,3,45,0
1990,64,2,0,0,0,0,17,4,40,0
1990,59,2,3,0,0,0,405,4,40,0
1990,40,1,0,0,0,1,558,0,45,0
1990,33,2,0,0,0,1,276,3,35,0
1990,39,1,0,0,0,1,84,5,45,1
1990,34,2,0,0,0,1,234,5,50,0
1990,64,1,0,0,0,0,809,2,24,1
1990,60,2,0,0,0,0,0,0,0,0
1990,42,1,0,0,0,0,505,3,50,0
1990,44,2,0,0,0,0,436,3,45,0
1990,19,1,1,0,0,0,596,3,40,0
1990,29,1,0,0,0,0,904,6,50,0
1990,34,2,0,0,0,0,878,1,0,0
1990,55,1,0,0,0,0,779,6,0,0
1990,49,2,0,0,0,0,785,6,0,0
1990,20,1,1,1,0,0,869,0,40,0
1990,24,1,1,1,0,1,883,2,20,0
1990,55,1,0,0,0,0,579,0,40,0
1990,50,2,0,0,0,0,337,4,40,0
1990,26,1,1,0,0,0,573,0,25,0
1990,37,2,2,0,0,0,744,1,30,0
1990,74,2,3,0,0,0,479,0,30,0
1990,49,1,1,0,0,0,243,3,50,0
1990,56,1,0,0,0,1,22,1,50,0
1990,51,2,0,0,0,0,435,3,25,0
1990,39,1,0,0,0,1,418,6,42,0
1990,38,2,0,0,0,1,348,3,40,0
1990,21,2,3,0,0,0,379,6,40,0
1990,23,1,3,0,0,1,547,6,55,0
1990,19,1,1,0,0,0,869,6,30,0
1990,26,1,2,1,0,1,804,6,48,0
1990,39,1,3,0,0,1,22,6,60,1
1990,21,1,3,0,0,0,904,6,40,0
1990,18,1,1,0,0,0,804,6,0,0
1990,20,1,1,1,0,1,523,6,60,0
1990,19,1,1,0,0,0,328,6,50,0
1990,20,1,3,1,0,1,904,6,40,0
1990,21,1,1,0,0,0,804,6,50,0
1990,26,1,1,1,0,0,529,6,48,0
1990,22,1,1,0,0,1,505,6,65,0
1990,20,1,3,0,3,0,904,6,60,0
1990,36,1,2,0,0,1,328,6,50,0
1990,23,1,3,0,0,1,418,6,45,0
1990,20,1,1,0,0,0,364,6,18,0
1990,23,1,1,0,0,0,547,6,40,0
1990,28,1,0,0,0,1,8,6,60,0
1990,28,2,0,1,0,1,467,5,0,0
1990,23,1,0,0,0,0,804,6,50,0
1990,22,2,0,0,0,1,383,4,40,0
1990,20,1,1,0,0,0,505,6,47,0
1990,31,1,3,0,0,1,27,6,50,0
1990,26,1,3,1,0,0,379,6,50,0
1990,29,1,0,1,0,0,904,6,60,0
1990,26,2,0,1,0,0,203,5,0,0
1990,26,1,0,1,0,0,567,0,50,0
1990,24,2,0,1,0,1,276,3,6,0
1990,20,1,1,0,0,1,904,6,99,0
1990,20,1,3,0,0,0,523,6,60,0
1990,19,1,3,0,0,0,515,6,46,0
1990,21,1,1,1,0,0,426,6,72,0
1990,19,1,1,0,0,0,364,6,42,0
1990,22,1,1,1,0,0,904,6,51,0
1990,21,1,1,1,0,0,507,6,40,0
1990,33,1,0,1,0,0,904,6,90,0
1990,29,2,0,0,0,1,153,5,37,0
1990,22,1,0,0,0,0,904,6,50,0
1990,22,2,0,0,0,1,313,5,15,0
1990,31,1,0,0,0,1,463,6,60,0
1990,29,2,0,0,0,1,156,5,43,0
1990,76,2,3,0,0,0,0,0,0,0
1990,54,1,0,0,0,1,305,6,40,0
1990,45,2,0,0,0,1,313,5,40,0
1990,54,1,0,1,0,1,766,2,40,0
1990,46,2,0,1,0,1,0,0,0,0
1990,24,2,1,1,0,1,904,6,30,0
1990,32,2,2,0,0,1,313,3,40,0
1990,27,1,0,0,0,1,904,6,55,0
1990,24,2,0,0,0,1,337,6,20,0
1990,39,2,0,0,0,0,257,0,50,0
1990,32,1,0,0,0,0,558,0,45,0
1990,60,1,0,0,0,1,243,3,48,1
1990,57,2,0,0,0,1,0,0,0,0
1990,32,1,0,1,0,0,809,4,40,0
1990,23,2,0,1,0,0,744,1,0,0
1990,27,2,3,0,3,0,435,3,16,0
1990,61,1,0,1,0,1,0,0,0,0
1990,60,2,0,1,0,1,0,0,0,0
1990,19,2,1,1,0,1,0,0,0,0
1990,27,1,0,0,0,1,904,6,99,0
1990,19,2,0,0,0,0,777,1,40,0
1990,30,1,0,1,0,1,303,6,60,0
1990,25,2,0,1,0,0,313,6,60,0
1990,51,1,0,2,0,0,263,3,13,0
1990,47,2,0,2,0,0,259,1,80,0
1990,54,1,0,1,0,0,804,5,48,0
1990,51,2,0,1,0,0,447,5,30,0
1990,46,2,1,0,0,0,467,5,30,0
1990,68,2,3,0,0,0,0,0,0,0
1990,60,1,0,0,0,1,22,4,45,0
1990,61,2,0,0,0,1,156,5,35,0
1990,24,1,1,0,0,1,453,5,40,0
1990,63,1,0,0,0,0,426,4,39,0
1990,61,2,0,0,0,0,95,5,40,0
1990,33,1,0,0,3,1,243,3,99,0
1990,26,2,0,0,3,0,276,3,25,0
1990,51,1,0,0,0,0,418,6,40,0
1990,50,2,0,0,0,1,315,6,40,0
1990,56,1,0,0,0,0,263,3,42,0
1990,47,2,0,3,0,0,435,3,48,0
1990,18,1,1,0,0,0,0,0,0,0
1990,59,1,0,0,0,1,507,4,57,0
1990,58,2,0,0,0,0,0,0,0,0
1990,51,1,2,0,0,0,783,0,40,0
1990,55,2,1,1,0,0,0,0,0,0
1990,23,2,1,1,0,0,744,1,40,0
1990,28,1,3,0,0,1,226,6,40,0
1990,34,1,3,0,0,1,503,6,40,0
1990,26,1,3,0,0,1,515,6,0,0
1990,31,1,0,1,0,1,426,6,40,0
1990,33,2,0,1,0,1,377,5,40,0
1990,47,1,0,0,0,0,634,3,40,0
1990,36,2,0,0,0,0,628,1,0,0
1990,31,1,0,0,0,1,156,5,40,0
1990,29,2,0,0,0,1,163,5,40,0
1990,50,1,3,1,0,0,549,1,48,0
1990,57,2,3,1,0,0,628,1,0,0
1990,43,1,3,1,0,0,749,1,40,0
1990,27,1,0,0,0,1,904,6,40,0
1990,29,2,0,0,0,1,95,5,40,0
1990,42,1,0,0,0,0,628,1,54,0
1990,39,2,0,0,0,1,157,5,40,0
1990,44,1,0,0,0,1,5,6,40,0
1990,42,2,0,0,0,1,159,5,40,0
1990,56,2,2,0,0,1,156,5,40,0
1990,29,1,0,0,0,1,156,5,50,0
1990,28,2,0,0,0,1,0,0,0,0
1990,24,1,1,0,0,0,0,0,0,0
1990,43,1,0,1,0,1,203,5,40,0
1990,42,2,0,1,0,1,157,5,40,0
1990,24,2,1,1,0,0,446,5,25,0
1990,51,1,1,1,0,0,779,1,40,0
1990,43,2,2,0,0,0,439,3,28,0
1990,38,2,1,1,0,1,157,5,40,0
1990,27,1,1,0,0,1,208,6,60,0
1990,43,1,0,0,0,1,156,5,50,1
1990,42,2,0,0,0,1,156,5,40,0
1990,77,2,3,1,0,0,0,0,0,0
1990,64,2,3,0,0,0,365,5,16,0
1990,30,2,1,1,0,1,754,1,40,0
1990,37,1,3,1,0,0,0,0,0,0
1990,32,1,0,0,0,0,473,0,50,1
1990,31,2,0,0,0,1,314,5,24,0
1990,54,1,1,1,0,0,889,6,40,0
1990,58,1,3,1,0,0,729,1,40,0
1990,68,1,0,1,0,0,0,0,0,0
1990,60,2,0,1,0,0,0,0,0,0
1990,26,1,1,1,0,0,756,1,40,0
1990,66,2,3,1,0,1,156,5,4,0
1990,26,1,0,0,0,0,424,6,50,0
1990,25,2,0,0,0,1,155,5,40,0
1990,39,1,0,2,0,0,0,0,0,0
1990,48,2,0,2,0,0,0,0,0,0
1990,52,1,0,1,0,1,785,1,48,0
1990,47,2,0,1,0,1,799,1,40,0
1990,21,2,1,1,0,1,0,0,0,0
1990,34,1,0,1,0,1,738,1,40,0
1990,36,2,0,1,0,0,15,5,40,0
1990,19,1,1,1,0,0,808,5,20,0
1990,32,2,3,1,0,0,769,4,40,0
1990,45,2,2,1,0,0,0,0,0,0
1990,75,2,3,1,0,0,0,0,0,0
1990,72,1,0,1,0,0,0,0,0,0
1990,69,2,0,1,0,0,0,0,0,0
1990,41,1,2,1,0,0,777,1,40,0
1990,79,2,3,0,0,0,0,0,0,0
1990,67,2,1,1,0,0,453,4,0,0
1990,26,1,1,1,0,0,0,0,0,0
1990,44,1,0,0,0,1,96,3,57,1
1990,45,2,0,0,0,1,159,5,40,0
1990,74,1,3,0,0,0,628,3,0,0
1990,75,2,3,0,0,0,456,5,40,0
1990,18,2,1,0,0,0,376,5,30,0
1990,31,1,0,0,0,1,96,5,40,0
1990,31,2,0,0,0,1,159,5,50,0
1990,55,2,3,1,0,0,0,0,0,0
1990,30,2,2,0,0,1,313,1,40,0
1990,45,1,0,0,0,1,276,3,36,1
1990,48,2,0,0,0,0,276,3,40,0
1990,33,1,0,0,0,0,777,1,40,0
1990,30,2,0,0,0,0,785,1,40,0
1990,40,1,0,0,0,1,156,5,35,0
1990,38,2,0,0,0,1,156,5,35,0
1990,74,1,0,1,0,0,0,0,0,0
1990,69,2,0,1,0,0,0,0,0,0
1990,55,2,0,0,0,0,744,1,40,0
1990,40,1,0,0,0,0,809,1,40,0
1990,44,1,0,0,0,0,475,0,40,0
1990,40,2,0,0,0,0,796,1,40,0
1990,23,2,1,0,0,0,744,1,40,0
1990,19,1,1,0,0,0,475,0,48,0
1990,69,2,3,0,0,0,0,0,0,0
1990,70,2,3,0,0,0,488,3,40,0
1990,73,2,3,0,0,0,0,0,0,0
1990,46,1,2,0,0,0,0,0,0,0
1990,61,2,1,0,0,1,0,0,0,0
1990,50,1,3,1,0,0,887,4,40,0
1990,77,1,0,1,0,0,0,0,0,0
1990,76,2,0,1,0,0,0,0,0,0
1990,79,2,3,0,0,0,0,0,0,0
1990,39,1,0,0,0,1,558,0,40,0
1990,40,2,0,0,0,1,156,5,40,0
1990,18,2,1,0,0,0,427,5,40,0
1990,69,1,0,0,0,0,0,0,0,0
1990,72,2,0,0,0,0,0,0,0,0
1990,40,2,1,0,0,0,313,1,40,0
1990,70,1,0,0,0,0,274,3,40,0
1990,68,2,0,0,0,1,0,0,0,0
1990,68,1,3,1,0,0,0,0,0,0
1990,49,2,0,0,0,0,534,3,40,0
1990,43,1,0,0,0,0,364,1,40,0
1990,72,1,0,0,0,0,0,0,0,0
1990,65,2,0,0,0,0,0,0,0,0
1990,43,1,0,1,0,0,804,2,40,0
1990,41,2,0,1,0,0,447,5,20,0
1990,48,1,0,1,0,0,766,6,40,0
1990,47,2,0,1,0,0,744,1,0,0
1990,25,2,1,1,0,1,436,3,32,0
1990,18,1,1,1,0,0,883,6,40,0
1990,33,1,0,1,0,0,783,1,40,0
1990,28,2,0,1,0,0,323,3,50,0
1990,29,2,1,1,0,0,0,0,0,0
1990,39,1,0,0,0,0,804,2,60,0
1990,39,2,0,0,0,0,446,5,40,0
1990,62,1,0,0,0,1,84,5,50,1
1990,62,2,0,0,0,1,0,0,0,0
1990,41,1,0,0,0,0,363,1,40,0
1990,38,2,0,0,0,0,313,4,37,0
1990,35,1,0,0,0,1,84,5,65,1
1990,36,2,0,0,0,1,156,5,0,0
1990,79,2,3,0,0,1,0,0,0,0
1990,33,1,0,0,0,1,22,0,60,1
1990,33,2,0,0,0,1,313,0,40,0
1990,27,2,3,1,0,0,738,1,0,0
1990,32,1,0,0,0,0,844,0,45,0
1990,24,2,0,0,0,0,0,0,0,0
1990,73,1,0,0,0,0,0,0,0,0
1990,68,2,0,0,0,0,0,0,0,0
1990,59,2,1,0,0,0,0,0,0,0
1990,26,1,3,0,0,0,869,0,40,0
1990,65,2,3,0,0,0,0,0,0,0
1990,36,1,0,0,0,1,85,5,50,0
1990,35,2,0,0,0,1,156,5,40,0
1990,40,1,0,0,0,1,534,0,65,0
1990,38,2,0,3,3,0,744,1,0,0
1990,25,1,0,0,0,1,56,6,50,0
1990,25,2,0,3,3,1,376,5,40,0
1990,45,1,0,0,0,0,266,3,0,0
1990,36,2,0,0,0,0,318,2,40,0
1990,40,1,2,1,0,0,779,1,40,0
1990,28,2,3,1,0,0,479,0,0,0
1990,31,2,1,1,0,0,779,1,0,0
1990,60,2,2,1,0,0,0,0,0,0
1990,26,1,0,1,0,1,426,1,40,0
1990,26,2,0,1,0,0,446,5,40,0
1990,58,1,0,0,0,0,567,6,40,0
1990,43,2,0,0,0,0,323,2,40,0
1990,65,1,0,0,0,1,156,5,0,0
1990,60,2,0,0,0,1,22,3,40,0
1990,70,1,0,0,0,0,0,0,0,0
1990,64,2,0,0,0,0,0,0,0,0
1990,40,1,2,0,0,1,508,5,40,0
1990,29,1,1,1,0,0,496,1,40,0
1990,37,1,0,0,0,0,217,4,40,0
1990,24,1,0,0,0,1,254,0,55,0
1990,24,2,1,0,0,1,208,6,9,0
1990,20,1,1,0,0,1,374,6,45,0
1990,20,1,1,0,0,0,547,6,45,0
1990,28,1,0,0,0,1,159,6,40,0
1990,29,2,0,0,0,1,276,3,0,0
1990,31,1,0,0,0,0,338,6,60,0
1990,32,2,0,0,0,0,447,6,48,0
1990,53,1,0,0,0,0,176,5,70,0
1990,52,2,0,0,0,0,387,5,16,0
1990,27,1,1,0,0,1,243,3,50,0
1990,18,1,1,0,0,0,443,3,0,0
1990,52,1,0,0,0,0,834,6,40,0
1990,51,2,0,0,0,1,436,5,40,0
1990,19,2,1,0,0,1,458,4,25,0
1990,46,1,0,0,0,0,653,6,40,0
1990,53,2,0,0,0,0,498,0,20,0
1990,21,1,1,0,0,1,329,5,6,0
1990,26,1,0,1,0,1,199,5,40,0
1990,27,2,0,1,0,1,308,6,40,0
1990,33,2,2,0,0,1,749,1,40,0
1990,50,2,2,0,0,1,447,5,25,0
1990,30,1,0,0,0,0,856,0,40,0
1990,32,2,0,0,0,1,447,5,0,0
1990,56,1,0,0,0,0,36,6,40,0
1990,52,2,0,0,0,0,303,6,40,0
1990,67,2,3,0,0,1,95,4,16,0
1990,57,1,0,0,0,0,0,0,0,0
1990,53,2,0,0,0,0,628,1,40,0
1990,23,2,3,0,0,0,444,5,40,0
1990,72,1,0,0,0,0,0,0,0,0
1990,67,2,0,0,0,0,0,0,0,0
1990,24,1,0,1,0,0,804,0,40,0
1990,27,2,0,1,0,0,877,3,40,0
1990,65,1,1,0,0,0,276,3,40,0
1990,58,1,0,0,0,0,0,0,0,0
1990,40,2,0,0,0,1,276,3,35,0
1990,57,2,2,0,0,1,274,3,30,0
1990,54,1,0,0,0,0,458,4,24,0
1990,52,2,0,0,0,0,458,4,40,0
1990,30,1,0,0,0,1,558,0,40,0
1990,36,2,0,0,0,1,317,4,30,0
1990,70,1,0,0,0,0,0,0,0,0
1990,64,2,0,0,0,0,337,4,0,0
1990,43,1,0,0,0,0,567,0,40,0
1990,38,2,0,0,0,0,469,5,40,0
1990,38,1,0,0,0,0,516,6,56,0
1990,33,2,0,0,0,0,444,4,8,0
1990,66,1,0,0,0,1,887,4,0,0
1990,63,2,0,0,0,0,0,0,0,0
1990,44,1,1,1,0,0,486,0,30,0
1990,32,1,3,0,0,1,585,0,40,0
1990,37,1,1,1,0,0,0,0,0,0
1990,22,2,1,1,0,1,444,1,24,0
1990,62,1,0,0,0,1,154,5,27,1
1990,62,2,0,0,0,0,0,0,0,0
1990,71,1,0,0,0,1,0,0,0,0
1990,67,2,0,0,0,0,0,0,0,0
1990,38,2,3,1,0,1,223,1,40,0
1990,19,2,1,1,0,0,21,5,0,0
1990,29,2,1,0,0,1,203,5,40,0
1990,62,1,0,0,0,0,354,2,0,0
1990,63,2,0,0,0,0,0,0,0,0
1990,19,2,1,0,0,1,313,6,10,0
1990,24,1,1,0,0,1,243,3,57,0
1990,68,1,0,0,0,1,0,0,0,0
1990,65,2,0,0,0,1,0,0,0,0
1990,40,1,0,1,0,1,738,1,44,0
1990,41,2,0,1,0,1,156,5,40,0
1990,48,1,3,0,0,1,423,6,40,0
1990,24,1,3,1,0,1,208,5,40,0
1990,70,2,3,1,0,0,0,0,0,0
1990,56,2,0,1,0,0,466,5,40,0
1990,46,1,0,1,0,0,866,0,40,0
1990,18,1,1,1,0,0,436,3,30,0
1990,41,2,2,1,0,1,0,0,0,0
1990,22,2,1,1,0,1,468,5,30,0
1990,27,2,1,1,0,1,327,3,8,0
1990,37,2,0,0,0,1,365,5,40,0
1990,37,1,0,0,0,1,203,5,40,0
1990,37,1,0,1,0,1,785,1,40,0
1990,35,2,0,1,0,0,466,5,18,0
1990,18,2,1,1,0,0,276,3,10,0
1990,37,1,0,0,0,0,803,0,50,0
1990,38,2,0,0,0,1,313,4,40,0
1990,38,1,0,0,0,1,27,4,40,0
1990,36,2,0,0,0,1,156,5,40,0
1990,69,2,0,1,0,0,0,0,0,0
1990,75,1,0,1,0,0,0,0,0,0
1990,47,1,2,0,0,1,547,0,40,0
1990,19,1,1,0,0,0,567,0,24,0
1990,73,2,3,0,0,0,0,0,0,0
1990,53,1,2,0,0,1,549,1,40,0
1990,39,2,0,0,0,1,313,6,40,0
1990,38,1,0,0,0,1,73,1,40,0
1990,55,1,0,0,0,1,549,1,40,0
1990,53,2,0,0,0,0,777,1,40,0
1990,56,1,0,1,0,0,783,1,40,0
1990,57,2,0,1,0,0,449,5,35,0
1990,31,2,1,1,0,0,436,3,40,0
1990,24,2,1,1,0,0,0,0,0,0
1990,19,1,1,1,0,1,436,3,12,0
1990,18,1,1,1,0,0,436,3,8,0
1990,50,1,2,0,0,0,749,1,40,0
1990,65,2,3,0,0,0,739,1,40,0
1990,21,1,1,0,0,1,877,3,40,0
1990,43,1,3,1,0,1,364,2,40,0
1990,45,2,2,0,0,1,154,5,40,0
1990,64,1,2,0,0,0,228,2,40,0
1990,53,2,3,1,0,1,156,5,40,0
1990,26,1,0,1,0,0,785,1,40,0
1990,32,2,0,1,0,0,683,1,20,0
1990,45,1,0,0,0,1,257,0,30,0
1990,46,2,0,0,0,0,313,0,30,0
1990,24,1,0,0,0,1,628,1,40,0
1990,24,2,0,0,0,1,208,5,40,0
1990,65,1,0,0,0,0,809,2,25,0
1990,59,2,0,0,0,1,14,5,40,0
1990,48,1,0,1,0,0,0,0,0,0
1990,45,2,0,1,0,1,0,0,0,0
1990,72,2,1,0,0,0,0,0,0,0
1990,29,1,1,1,0,0,748,5,48,0
1990,34,1,3,1,0,0,779,1,40,0
1990,26,2,2,1,0,0,447,5,48,0
1990,33,2,3,1,0,0,155,5,32,0
1990,26,2,0,0,0,0,337,5,40,0
1990,26,1,0,0,0,1,307,1,48,0
1990,72,2,3,0,0,0,0,0,0,0
1990,33,1,0,0,0,0,423,6,45,0
1990,19,2,0,0,0,0,444,3,0,0
1990,69,2,0,1,0,0,777,1,0,0
1990,28,2,1,1,0,1,889,3,40,0
1990,42,2,3,1,0,0,748,4,45,0
1990,80,1,3,0,0,0,0,0,0,0
1990,37,1,0,0,0,1,22,1,40,0
1990,36,2,0,0,0,1,315,4,40,0
1990,41,1,0,0,0,0,503,1,45,0
1990,31,2,0,0,0,0,313,1,40,0
1990,27,1,2,0,0,1,637,1,40,0
1990,63,2,3,0,0,0,0,0,0,0
1990,43,2,3,1,0,0,889,1,30,0
1990,42,1,3,0,0,1,777,1,60,0
1990,65,1,0,0,0,1,176,5,50,0
1990,66,2,0,0,0,1,0,0,0,0
1990,35,1,0,1,0,0,783,1,36,0
1990,30,2,0,1,0,0,888,1,35,0
1990,32,1,0,1,0,0,307,1,40,0
1990,28,2,0,1,0,0,628,1,40,0
1990,40,1,0,0,0,1,33,0,50,0
1990,39,2,0,0,0,1,156,5,40,0
1990,47,1,0,0,0,0,364,1,44,0
1990,48,2,0,0,0,0,453,5,45,0
1990,73,2,3,1,0,0,0,0,0,0
1990,66,1,0,1,0,1,14,5,40,0
1990,67,2,0,1,0,1,0,0,0,0
1990,40,1,0,1,0,0,563,0,40,0
1990,38,2,0,1,0,0,449,5,40,0
1990,19,2,1,1,0,0,686,1,40,0
1990,47,1,0,0,0,0,804,1,60,0
1990,42,2,0,0,0,1,338,3,40,0
1990,21,2,1,0,0,0,435,3,30,0
1990,29,1,1,0,0,1,327,2,40,0
1990,60,1,0,1,0,0,0,0,0,0
1990,60,2,0,1,0,0,0,0,0,0
1990,30,1,1,1,0,0,869,0,0,0
1990,28,2,1,1,0,1,467,5,40,0
1990,44,1,0,0,0,1,22,1,55,0
1990,43,2,0,0,0,1,33,5,40,0
1990,18,2,1,0,0,0,264,3,40,0
1990,64,1,0,0,0,0,727,1,40,0
1990,58,2,0,0,0,0,453,3,15,0
1990,22,1,1,0,0,0,496,1,40,0
1990,44,1,0,0,0,1,96,3,40,0
1990,32,2,0,0,0,1,84,5,45,1
1990,78,2,3,1,0,0,0,0,0,0
1990,57,1,0,0,0,0,486,0,24,0
1990,50,2,0,0,0,0,406,4,50,0
1990,28,1,1,0,0,0,276,3,40,0
1990,51,1,0,1,0,0,777,1,40,0
1990,50,2,0,1,0,0,754,3,40,0
1990,18,2,1,1,0,1,0,0,0,0
1990,46,2,2,1,0,0,744,1,40,0
1990,24,1,1,1,0,0,754,1,40,0
1990,67,2,3,0,0,0,277,3,30,0
1990,43,1,0,0,0,1,23,5,40,1
1990,44,2,0,0,0,0,734,1,0,0
1990,71,1,0,0,0,0,253,4,25,1
1990,66,2,0,0,0,1,0,0,0,0
1990,56,1,0,1,0,0,508,6,40,0
1990,50,2,0,1,0,0,883,6,0,0
1990,21,1,1,1,0,1,889,1,0,0
1990,72,1,0,0,0,0,479,0,25,0
1990,68,2,0,0,0,0,0,0,0,0
1990,66,2,3,1,0,0,0,0,0,0
1990,73,1,0,0,0,0,0,0,0,0
1990,71,2,0,0,0,0,0,0,0,0
1990,67,1,0,0,0,1,853,0,25,0
1990,62,2,0,0,0,0,853,0,25,0
1990,38,2,3,1,0,0,744,1,40,0
1990,34,1,0,0,0,1,8,0,50,1
1990,35,2,0,0,0,1,0,0,0,0
1990,26,2,3,1,0,0,785,1,40,0
1990,69,1,0,0,0,0,0,0,0,0
1990,71,2,0,0,0,0,0,0,0,0
1990,44,1,0,0,0,0,856,1,40,0
1990,41,2,0,0,0,0,808,5,20,0
1990,80,1,3,0,0,0,0,0,0,0
1990,55,2,2,0,0,1,156,5,40,0
1990,61,1,0,1,0,1,0,0,0,0
1990,55,2,0,1,0,0,744,4,40,0
1990,18,2,1,1,0,0,276,3,40,0
1990,18,1,1,1,0,0,0,0,0,0
1990,68,1,0,0,0,0,29,3,0,0
1990,64,2,0,0,0,0,164,5,30,0
1990,50,1,0,1,0,0,883,2,94,0
1990,48,2,0,1,0,1,447,5,40,0
1990,19,2,1,1,0,0,439,3,32,0
1990,18,2,1,1,0,0,439,3,32,0
1990,79,2,3,0,0,1,0,0,0,1
1990,20,1,2,0,0,0,567,0,55,0
1990,25,1,1,0,0,0,869,0,55,0
1990,25,2,1,1,0,1,319,6,40,0
1990,51,2,1,1,0,0,447,5,40,0
1990,78,1,3,0,0,0,0,0,0,0
1990,39,1,0,0,0,0,804,2,60,0
1990,40,2,0,0,4,0,313,5,15,0
1990,48,1,1,0,0,0,855,0,40,0
1990,34,1,1,1,0,0,883,4,40,0
1990,35,1,3,0,0,0,505,4,50,0
1990,22,2,1,1,0,0,446,5,0,0
1990,64,1,0,0,0,0,518,1,45,0
1990,62,2,0,0,0,0,456,5,65,0
1990,45,1,1,0,0,0,453,1,45,0
1990,28,1,0,1,0,0,599,0,40,0
1990,31,2,0,1,0,1,449,4,40,0
1990,48,1,0,0,0,0,804,2,40,0
1990,29,2,0,0,0,1,313,3,40,0
1990,41,1,0,0,0,1,23,5,50,1
1990,44,2,0,0,0,1,274,3,30,0
1990,31,2,0,0,0,0,276,3,20,0
1990,32,1,0,0,4,0,585,0,40,0
1990,52,1,0,0,0,0,804,1,40,0
1990,46,2,0,0,0,0,0,0,0,0
1990,18,2,1,0,0,0,264,3,0,0
1990,68,2,3,0,0,0,0,0,0,0
1990,32,2,3,1,0,0,433,3,32,0
1990,48,2,3,1,0,1,637,1,40,0
1990,30,1,1,1,0,0,889,1,36,0
1990,79,2,3,1,0,0,0,0,0,0
1990,56,2,3,1,0,0,889,3,30,0
1990,37,2,1,1,0,0,0,0,0,0
1990,27,1,1,1,0,0,889,1,40,0
1990,26,1,1,1,0,0,486,0,40,0
1990,25,1,1,1,0,0,486,0,40,0
1990,25,1,1,1,0,0,486,0,40,0
1990,22,1,1,1,0,0,486,0,40,0
1990,41,1,3,0,0,1,585,1,46,0
1990,66,2,3,0,0,1,0,0,0,1
1990,23,1,1,0,0,1,856,1,30,0
1990,45,1,0,0,0,0,448,4,45,0
1990,42,2,0,0,2,0,449,4,40,0
1990,23,1,1,0,0,0,486,0,40,0
1990,32,1,1,0,0,1,567,1,60,0
1990,42,2,2,0,0,1,435,3,35,0
1990,40,1,2,0,0,1,159,5,40,0
1990,32,2,0,0,0,1,435,3,50,0
1990,30,1,0,0,0,0,438,3,50,0
1990,24,1,0,0,0,0,268,3,50,0
1990,30,2,0,0,0,0,453,4,20,0
1990,38,1,1,0,0,0,17,4,40,0
1990,53,2,3,1,0,0,17,3,48,0
1990,38,1,0,0,0,0,423,6,40,0
1990,37,2,0,0,0,0,744,1,40,0
1990,46,1,0,0,0,1,833,2,56,0
1990,38,2,0,0,0,1,156,5,40,0
1990,30,1,0,0,0,0,505,3,9,0
1990,25,2,0,0,0,0,435,3,0,0
1990,60,1,0,0,0,0,777,4,40,0
1990,56,2,0,0,0,0,0,0,0,0
1990,23,2,1,0,0,1,195,1,40,0
1990,53,2,2,3,3,0,785,1,25,0
1990,66,1,0,0,0,1,213,0,0,0
1990,64,2,0,0,0,1,0,0,0,0
1990,32,2,2,0,0,0,96,5,40,0
1990,48,2,2,1,0,0,387,5,40,0
1990,26,1,1,1,0,0,577,0,40,0
1990,51,1,3,1,0,0,453,6,40,0
1990,60,1,0,0,0,0,785,3,45,0
1990,49,2,0,0,0,0,253,4,36,0
1990,20,1,1,0,0,0,783,1,40,0
1990,33,1,0,0,0,0,473,0,12,0
1990,30,2,0,0,0,1,337,0,40,0
1990,38,1,0,0,0,1,178,5,55,1
1990,36,2,0,0,0,1,465,5,0,0
1990,60,2,3,0,0,0,0,0,0,0
1990,53,1,0,0,0,1,154,5,40,0
1990,55,2,0,0,0,1,159,5,30,0
1990,65,2,1,0,0,0,0,0,0,0
1990,33,1,0,0,0,1,13,4,45,0
1990,29,2,0,0,0,1,389,3,37,0
1990,55,1,0,0,0,0,806,1,44,0
1990,52,2,0,0,0,0,313,5,40,0
1990,73,2,3,0,0,0,0,0,0,1
1990,31,1,0,0,0,1,225,2,40,0
1990,24,2,0,0,0,1,276,3,40,0
1990,45,1,0,0,0,1,25,4,80,0
1990,43,2,0,0,0,1,95,5,42,0
1990,40,1,0,0,0,1,577,0,48,0
1990,37,2,0,0,0,1,0,0,0,0
1990,60,1,0,0,0,1,0,0,0,0
1990,50,2,0,0,0,1,316,5,0,0
1990,34,1,2,0,0,0,617,0,60,0
1990,27,1,0,0,0,0,436,3,25,0
1990,23,2,0,3,0,1,276,3,30,0
1990,67,1,0,0,0,0,22,0,40,0
1990,65,2,0,0,0,0,834,5,25,0
1990,78,1,0,0,0,1,473,0,40,0
1990,79,2,0,0,0,1,0,0,0,0
1990,49,1,1,0,0,1,156,5,45,0
1990,79,1,3,0,0,0,567,0,40,0
1990,74,2,3,0,0,0,799,2,40,1
1990,56,1,0,0,0,0,613,0,40,0
1990,56,2,0,0,0,0,479,0,50,0
1990,47,1,0,0,0,1,473,0,60,0
1990,36,2,0,0,0,1,313,4,40,0
1990,59,1,0,0,0,0,473,0,70,0
1990,51,2,0,0,0,0,0,0,0,0
1990,53,1,0,0,0,0,473,0,50,0
1990,49,2,0,0,0,0,103,5,35,0
1990,37,1,1,0,0,0,487,0,40,0
1990,36,1,0,0,0,0,547,0,48,0
1990,35,2,0,0,0,0,0,0,0,0
1990,30,2,2,3,0,1,436,5,0,0
1990,25,2,1,0,0,0,447,5,16,0
1990,43,1,1,0,0,0,853,0,30,0
1990,28,1,1,0,0,0,804,1,50,0
1990,24,2,1,0,0,0,385,4,40,0
1990,52,1,0,0,0,1,453,5,40,0
1990,43,2,0,0,0,1,197,5,27,0
1990,54,1,0,0,0,1,486,6,24,0
1990,48,2,0,0,0,1,313,4,40,0
1990,40,1,0,0,0,0,426,5,40,0
1990,36,2,0,0,0,0,687,3,36,0
1990,31,2,1,0,0,1,156,5,40,0
1990,65,1,0,0,0,0,0,0,0,0
1990,60,2,0,0,0,1,0,0,0,0
1990,29,2,3,0,0,0,14,5,0,0
1990,54,2,2,0,0,0,0,0,0,0
1990,46,1,0,0,0,1,869,0,50,1
1990,45,2,0,0,0,0,436,5,40,0
1990,49,1,0,0,0,0,473,0,60,0
1990,49,2,0,0,0,0,465,5,0,0
1990,32,1,0,0,0,0,804,2,60,0
1990,30,2,0,0,0,0,888,3,40,0
1990,52,1,0,0,0,1,695,2,40,0
1990,50,2,0,0,0,1,95,5,40,0
1990,28,1,0,0,0,1,47,1,50,0
1990,30,2,0,0,0,1,253,4,0,0
1990,46,1,0,0,0,1,176,5,67,0
1990,44,2,0,0,0,1,808,2,17,0
1990,55,1,0,0,0,0,253,4,35,0
1990,51,2,0,0,0,0,383,4,40,0
1990,68,1,0,0,0,0,473,0,60,0
1990,62,2,0,0,0,0,779,1,40,0
1990,23,2,1,3,0,0,0,0,0,0
1990,27,2,0,3,0,0,683,1,40,0
1990,29,1,0,0,0,0,869,0,55,0
1990,52,2,1,3,0,1,156,5,40,0
1990,34,1,1,0,0,1,53,6,40,0
1990,39,2,2,0,0,1,15,5,40,0
1990,30,1,2,1,0,0,453,3,40,0
1990,30,1,0,0,0,1,25,4,45,0
1990,28,2,0,0,0,1,383,4,42,0
1990,41,1,0,0,0,1,253,4,48,0
1990,41,2,0,0,0,1,37,5,40,0
1990,31,2,2,0,0,0,436,6,36,0
1990,35,2,1,0,0,0,276,3,40,0
1990,76,1,0,0,0,1,176,5,48,0
1990,64,2,0,0,0,1,159,5,10,0
1990,78,1,0,0,0,0,0,0,0,0
1990,74,2,0,0,0,0,0,0,0,0
1990,37,2,2,0,0,1,95,5,55,0
1990,69,1,0,0,0,0,479,0,84,0
1990,67,2,0,0,0,0,0,0,0,0
1990,26,1,0,0,0,1,473,0,45,0
1990,23,2,0,0,0,1,276,3,44,0
1990,56,1,1,0,0,0,785,5,30,0
1990,53,1,1,0,0,1,889,5,30,0
1990,21,1,1,0,0,0,453,5,30,0
1990,31,1,1,0,0,0,748,5,30,0
1990,46,2,1,0,0,0,453,5,30,0
1990,54,2,1,0,0,0,769,5,30,0
1990,45,2,1,0,0,0,453,5,30,0
1990,48,2,1,0,0,0,453,5,30,0
1990,27,1,0,3,0,1,365,6,50,0
1990,26,2,0,0,0,1,154,5,12,0
1990,26,1,1,3,0,1,804,3,50,0
1990,24,1,0,0,0,0,308,6,40,0
1990,24,2,0,0,0,0,449,4,20,0
1990,47,1,1,0,0,1,473,0,60,0
1990,38,1,0,0,0,1,157,5,40,0
1990,37,2,0,0,0,1,156,5,40,0
1990,37,1,2,0,0,1,558,0,45,1
1990,33,2,2,3,0,1,198,5,12,0
1990,34,1,0,0,0,1,185,5,45,0
1990,29,2,0,0,0,1,99,5,40,0
1990,31,2,2,0,0,1,256,2,65,0
1990,52,1,0,0,0,0,534,3,20,0
1990,25,2,0,0,0,1,264,3,0,0
1990,76,1,0,0,0,0,694,6,15,0
1990,71,2,0,0,0,0,877,3,10,0
1990,64,1,0,0,0,0,0,0,0,0
1990,58,2,0,0,0,0,877,3,38,0
1990,44,1,0,0,0,0,473,0,63,0
1990,45,2,0,0,0,1,274,3,5,0
1990,37,1,0,0,0,1,376,4,55,0
1990,35,2,0,0,0,1,205,5,50,0
1990,80,2,3,0,0,0,453,0,25,0
1990,45,1,0,0,0,1,253,4,55,0
1990,41,2,0,0,0,0,257,4,15,0
1990,23,1,1,0,0,1,479,0,50,0
1990,56,1,0,0,0,0,473,0,80,0
1990,46,2,0,0,0,1,473,0,45,0
1990,18,2,1,0,0,0,473,0,30,0
1990,77,2,3,0,0,0,0,0,0,0
1990,72,1,1,0,0,0,473,0,30,0
1990,48,2,3,0,0,1,254,4,30,0
1990,63,2,3,0,0,0,17,3,90,0
1990,33,2,2,0,0,1,163,5,40,0
1990,64,1,0,0,0,0,473,0,40,0
1990,63,2,0,0,0,0,0,0,0,0
1990,78,2,3,0,0,0,0,0,0,0
1990,67,2,3,0,0,0,0,0,0,0
1990,53,2,3,0,0,0,447,5,40,0
1990,54,1,0,0,0,0,754,1,40,0
1990,50,2,0,0,0,0,449,5,37,0
1990,26,1,1,0,0,0,436,3,0,0
1990,79,2,3,0,0,0,0,0,0,0
1990,23,2,1,3,0,0,449,4,16,0
1990,40,2,2,0,0,1,436,5,35,0
1990,35,1,2,3,0,1,567,4,40,0
1990,36,1,0,0,0,0,779,0,60,0
1990,34,2,0,0,0,1,313,5,40,0
1990,70,1,0,0,0,0,0,0,0,0
1990,69,2,0,0,0,0,0,0,0,0
1990,37,1,0,0,0,0,804,2,60,0
1990,34,2,0,0,0,0,313,1,30,0
1990,18,2,1,0,0,1,159,5,23,0
1990,57,1,0,0,0,0,523,2,50,0
1990,41,2,0,0,0,1,447,5,50,0
1990,19,1,1,0,0,0,208,2,30,0
1990,19,2,1,0,0,0,276,3,40,0
1990,20,1,1,0,0,0,438,3,20,0
1990,75,1,1,0,0,0,0,0,0,0
1990,33,1,1,0,0,1,59,5,40,0
1990,73,1,2,0,0,0,0,0,0,0
1990,73,2,3,0,0,1,0,0,0,0
1990,46,1,1,0,0,0,453,5,32,0
1990,22,1,1,0,0,1,223,0,40,0
1990,53,2,3,0,0,0,435,3,30,0
1990,26,1,2,0,0,0,567,0,40,0
1990,39,2,0,0,0,1,208,5,30,0
1990,42,1,0,0,0,1,785,1,60,0
1990,80,2,3,0,0,0,0,0,0,0
1990,56,1,3,0,0,1,318,2,40,0
1990,42,2,3,0,0,1,313,5,25,0
1990,47,1,0,0,0,0,768,0,45,0
1990,46,2,0,0,0,0,0,0,0,0
1990,56,1,0,0,0,0,259,3,40,0
1990,51,2,0,0,0,0,435,3,38,0
1990,31,1,1,0,0,0,0,0,0,0
1990,57,2,1,0,0,0,316,6,35,0
1990,25,2,3,0,0,0,276,3,30,0
1990,30,1,0,0,0,0,473,0,72,0
1990,33,2,0,0,0,0,276,3,20,0
1990,67,1,0,0,0,0,0,0,0,0
1990,62,2,0,0,0,0,447,5,0,0
1990,71,2,3,0,0,0,0,0,0,0
1990,53,1,0,0,0,0,785,1,44,0
1990,45,2,0,0,0,1,313,1,40,0
1990,62,1,0,0,0,0,473,0,40,0
1990,57,2,0,0,0,0,17,3,50,0
1990,35,1,0,0,0,0,479,0,72,0
1990,46,2,0,0,0,1,337,4,50,0
1990,21,2,3,0,0,1,276,3,40,0
1990,24,1,0,0,0,1,337,5,30,0
1990,20,2,0,0,0,1,447,5,40,0
1990,64,1,0,0,0,0,869,0,50,0
1990,59,2,0,0,0,1,17,4,0,0
1990,18,2,1,0,0,0,435,3,4,0
1990,77,2,3,0,0,1,0,0,0,0
1990,63,1,0,0,0,1,86,0,20,1
1990,62,2,0,0,0,1,207,5,45,0
1990,47,1,0,0,0,0,567,0,40,0
1990,43,2,0,0,0,1,379,6,40,0
1990,29,1,0,0,0,1,495,0,65,0
1990,25,2,0,0,0,1,466,5,45,0
1990,34,1,0,0,0,0,453,0,60,0
1990,33,2,0,0,0,1,383,4,40,0
1990,37,1,0,0,0,1,14,5,50,0
1990,36,2,0,0,0,1,0,0,0,0
1990,77,1,0,0,0,0,269,3,20,0
1990,70,2,0,0,0,1,0,0,0,0
1990,68,1,0,0,0,0,869,0,0,0
1990,67,2,0,0,0,0,0,0,0,0
1990,69,1,2,0,0,0,567,0,0,0
1990,67,1,1,0,0,0,479,0,0,0
1990,69,1,1,0,0,0,479,0,0,0
1990,69,2,1,0,0,0,0,0,0,0
1990,67,2,3,0,0,0,447,5,40,0
1990,80,2,3,0,0,0,0,0,0,0
1990,68,2,3,0,0,1,0,0,0,0
1990,40,1,0,0,0,1,176,5,40,0
1990,39,2,0,3,0,1,276,3,0,0
1990,51,1,0,0,0,0,22,0,60,0
1990,45,2,0,0,0,0,453,6,40,0
1990,22,1,1,0,0,1,804,0,48,0
1990,78,2,1,0,0,1,0,0,0,0
1990,45,1,0,0,0,1,23,5,40,0
1990,43,2,0,0,0,1,22,5,40,0
1990,66,1,0,0,0,1,19,4,10,0
1990,54,2,0,3,0,1,95,5,45,0
1990,20,1,1,0,0,1,885,2,40,0
1990,22,1,1,0,0,1,159,5,20,0
1990,19,1,1,0,0,1,0,0,0,0
1990,73,1,0,0,0,0,0,0,0,0
1990,66,2,0,0,0,1,0,0,0,0
1990,41,1,0,0,0,1,808,5,40,0
1990,43,2,0,0,0,1,383,4,40,0
1990,69,1,0,0,2,1,808,5,20,0
1990,64,2,0,0,0,0,0,0,0,0
1990,41,1,2,0,0,0,567,0,40,0
1990,24,1,1,0,0,0,785,1,40,0
1990,35,2,0,0,0,1,22,4,37,0
1990,35,1,0,0,2,0,783,1,40,0
1990,39,1,0,0,0,1,243,3,60,0
1990,38,2,0,0,0,1,13,3,50,0
1990,28,2,1,0,0,1,0,0,0,0
1990,38,1,0,0,0,0,259,1,55,0
1990,38,2,0,0,0,0,529,2,40,0
1990,75,1,0,0,0,0,0,0,0,0
1990,67,2,0,0,0,0,0,0,0,0
1990,19,1,1,0,0,1,426,6,60,0
1990,26,1,1,0,0,1,235,5,20,0
1990,38,1,0,0,0,1,259,3,40,0
1990,40,2,0,0,0,1,259,1,40,0
1990,24,2,1,0,0,1,156,5,30,0
1990,20,2,1,0,0,1,313,3,35,0
1990,30,1,0,0,0,0,637,3,45,0
1990,27,2,0,0,0,1,33,2,40,0
1990,33,1,1,0,0,1,226,6,40,0
1990,56,1,0,0,0,1,25,4,40,1
1990,52,2,0,0,0,1,0,0,0,0
1990,24,2,1,0,0,1,314,4,30,0
1990,34,1,2,0,0,0,243,3,42,0
1990,29,2,2,0,0,1,869,0,30,0
1990,47,1,0,0,0,1,303,6,40,0
1990,34,2,0,0,0,0,27,4,40,0
1990,73,1,3,0,0,1,0,0,0,0
1990,46,1,0,0,0,1,257,0,65,0
1990,47,2,0,0,0,1,156,5,20,0
1990,25,1,0,0,0,1,479,0,70,0
1990,27,2,0,0,0,0,466,5,45,0
1990,30,1,1,0,0,0,518,0,40,0
1990,35,1,0,0,0,1,473,0,60,0
1990,33,2,0,0,0,0,473,0,10,0
1990,61,1,0,0,0,0,453,5,40,0
1990,56,2,0,0,0,0,436,5,30,0
1990,33,1,0,0,0,1,266,3,40,0
1990,30,2,0,0,0,1,29,3,40,0
1990,51,2,3,0,0,1,156,5,30,0
1990,19,1,1,0,0,1,507,0,50,0
1990,20,1,1,0,0,1,595,0,20,0
1990,25,2,1,0,0,1,243,3,45,0
1990,32,1,1,0,2,0,503,6,45,0
1990,27,1,2,0,0,0,734,1,40,0
1990,28,1,0,0,0,1,259,1,50,0
1990,23,2,0,0,0,1,22,3,40,0
1990,24,1,1,0,0,0,177,6,80,0
1990,27,1,2,0,0,0,426,6,80,0
1990,54,1,0,0,0,1,159,5,40,0
1990,57,2,0,0,0,1,378,4,40,0
1990,34,1,0,0,0,0,844,0,40,0
1990,30,2,0,0,0,0,874,3,20,0
1990,55,1,0,0,0,1,473,0,50,1
1990,50,2,0,0,0,1,479,0,30,0
1990,20,2,1,0,0,1,256,1,40,0
1990,19,1,1,0,0,0,473,0,45,0
1990,25,1,0,0,0,1,904,6,40,0
1990,24,2,0,0,0,1,274,3,25,0
1990,32,2,0,2,0,1,467,6,35,0
1990,31,1,0,2,0,1,515,6,60,0
1990,47,1,1,0,0,1,157,5,54,0
1990,36,1,0,0,0,0,243,4,45,1
1990,43,2,0,0,0,1,377,5,40,0
1990,34,1,0,0,0,0,243,3,50,0
1990,32,2,0,0,0,1,337,3,30,0
1990,56,1,2,0,0,0,567,0,40,0
1990,30,2,1,0,0,1,21,5,70,0
1990,50,1,2,0,0,1,475,0,50,0
1990,72,1,0,0,0,0,486,4,40,0
1990,72,2,0,0,0,0,0,0,0,0
1990,34,1,1,0,0,0,505,3,40,0
1990,60,1,0,0,0,0,473,0,60,0
1990,55,2,0,0,0,0,16,2,40,0
1990,34,2,2,0,0,0,447,5,40,0
1990,29,1,0,0,0,0,507,3,60,0
1990,26,2,0,0,0,1,667,1,24,0
1990,33,1,0,0,0,1,567,0,48,0
1990,34,2,0,0,0,1,274,3,24,0
1990,32,1,0,0,0,1,869,0,54,0
1990,28,2,0,0,0,1,785,1,40,0
1990,26,2,2,0,0,0,885,3,40,0
1990,73,2,3,0,0,0,0,0,0,0
1990,70,1,0,0,0,0,475,0,40,0
1990,64,2,0,0,0,0,436,3,16,0
1990,63,2,3,0,0,0,436,5,32,0
1990,53,1,0,0,0,0,804,2,50,0
1990,53,2,0,0,0,0,337,2,27,0
1990,69,1,0,0,0,0,856,2,27,0
1990,59,2,0,0,0,0,779,1,40,0
1990,28,2,0,0,0,1,804,3,42,0
1990,29,1,0,0,0,0,804,2,50,0
1990,57,1,0,0,0,1,308,3,40,0
1990,52,2,0,0,0,0,313,5,25,0
1990,73,2,3,0,0,1,0,0,0,0
1990,80,2,3,0,0,0,0,0,0,0
1990,22,2,1,0,0,1,308,5,40,0
1990,49,1,0,0,0,1,22,1,40,0
1990,51,2,0,0,0,0,313,1,40,0
1990,30,2,2,3,0,0,0,0,0,0
1990,67,1,3,0,0,0,0,0,0,0
1990,53,1,2,0,0,1,22,2,50,0
1990,26,1,0,0,0,0,274,3,65,0
1990,23,2,0,0,0,1,207,5,43,0
1990,18,2,1,0,0,1,276,3,38,0
1990,31,1,0,0,0,1,734,1,40,0
1990,31,2,0,0,0,1,435,3,0,0
1990,66,1,0,0,2,0,505,4,50,0
1990,54,2,0,0,0,0,505,4,40,0
1990,19,1,1,0,0,0,0,0,0,0
1990,40,1,0,0,0,1,479,0,99,0
1990,34,2,0,0,0,1,337,4,10,0
1990,40,1,0,0,0,0,473,0,0,0
1990,36,2,0,0,0,1,95,5,60,0
1990,60,1,0,0,0,0,473,0,50,0
1990,59,2,0,0,0,0,473,0,40,0
1990,68,1,0,0,0,1,479,0,0,0
1990,62,2,0,0,0,1,157,5,40,0
1990,37,1,3,0,0,0,777,1,40,0
1990,31,1,1,0,0,1,473,0,84,0
1990,80,2,3,0,0,1,0,0,0,0
1990,59,2,1,0,0,0,0,0,0,0
1990,71,2,3,0,0,1,0,0,0,0
1990,61,1,0,0,0,0,473,0,47,0
1990,37,2,0,0,0,1,17,3,80,0
1990,50,1,0,0,0,0,505,4,60,0
1990,50,2,0,0,0,0,337,3,53,0
1990,67,1,0,0,0,0,475,0,70,0
1990,57,2,0,0,0,0,0,0,0,0
1990,55,1,0,0,0,0,804,2,70,0
1990,51,2,0,0,0,0,436,5,18,0
1990,18,1,1,0,0,0,479,0,40,0
1990,43,1,0,0,0,1,13,0,50,0
1990,42,2,0,0,0,1,337,0,30,0
1990,18,1,1,0,0,0,479,0,50,0
1990,28,2,1,0,0,0,276,3,40,0
1990,67,2,3,0,0,0,435,3,11,0
1990,58,1,2,0,0,0,364,1,0,0
1990,39,1,1,0,0,1,577,2,40,0
1990,40,1,0,0,0,1,505,1,55,0
1990,40,2,0,0,0,1,0,0,0,0
1990,39,1,0,0,0,1,507,4,55,0
1990,42,2,0,0,0,1,156,5,40,0
1990,56,1,0,0,0,0,259,3,98,0
1990,57,2,0,0,0,1,313,0,40,0
1990,72,2,3,0,0,1,95,5,45,0
1990,69,1,0,0,0,0,549,0,50,0
1990,54,2,0,0,0,0,447,5,40,0
1990,33,1,1,0,0,1,486,5,40,0
1990,78,1,0,0,0,0,486,0,40,0
1990,72,2,0,0,0,0,337,0,0,0
1990,79,1,3,0,0,0,278,1,0,0
1990,37,1,0,0,0,1,156,5,40,0
1990,33,2,0,0,0,0,808,5,20,0
1990,34,1,0,0,0,1,796,1,40,0
1990,36,2,0,0,0,1,276,3,8,0
1990,38,2,3,0,0,1,89,5,40,0
1990,52,1,0,0,0,1,156,5,60,0
1990,51,2,0,0,0,1,159,5,45,0
1990,18,2,1,0,0,1,348,5,24,0
1990,38,1,0,0,0,1,789,2,40,0
1990,38,2,0,0,0,1,156,5,30,0
1990,47,1,0,0,0,1,243,3,50,0
1990,42,2,0,0,0,1,156,5,40,0
1990,48,1,0,0,0,1,254,4,54,1
1990,43,2,0,0,0,1,156,5,40,0
1990,47,1,0,0,0,1,243,3,65,0
1990,44,2,0,0,0,0,319,5,40,0
1990,69,1,0,0,0,1,518,3,30,0
1990,66,2,0,0,0,0,0,0,0,0
1990,29,1,0,0,0,1,585,0,45,0
1990,27,2,0,0,0,1,466,5,24,0
1990,33,1,2,0,0,0,567,0,60,0
1990,50,1,2,0,0,0,22,4,40,0
1990,77,2,0,0,0,1,0,0,0,0
1990,26,2,1,0,0,0,337,3,30,0
1990,51,1,0,0,0,0,359,2,90,0
1990,44,2,0,0,0,0,313,5,40,0
1990,22,2,1,0,0,1,458,4,40,0
1990,39,1,0,0,0,0,869,0,40,1
1990,36,2,0,0,0,0,0,0,0,0
1990,53,1,0,0,0,0,503,1,50,0
1990,52,2,0,0,0,1,447,5,32,0
1990,64,1,0,0,0,0,475,0,0,0
1990,60,2,0,0,0,1,883,3,30,0
1990,59,1,0,0,0,0,473,0,60,0
1990,57,2,0,0,0,0,473,0,40,0
1990,38,1,1,0,0,1,473,0,50,0
1990,35,1,2,0,0,0,479,0,66,0
1990,40,1,3,0,0,0,804,0,60,0
1990,34,2,2,0,0,0,754,3,40,0
1990,34,2,2,0,0,1,726,1,40,0
1990,61,1,0,0,0,0,473,0,70,0
1990,61,2,0,0,0,0,473,0,4,0
1990,37,1,0,0,0,1,473,0,45,0
1990,37,2,0,0,0,1,308,4,20,0
1990,71,1,0,0,0,0,475,0,60,0
1990,70,2,0,0,0,0,0,0,0,0
1990,22,1,0,0,0,0,844,0,45,0
1990,20,2,0,0,0,1,379,4,40,0
1990,70,1,0,0,0,0,479,0,25,0
1990,70,2,0,0,0,1,0,0,0,0
1990,42,1,0,0,0,0,22,4,60,0
1990,40,2,0,0,0,1,313,5,25,0
1990,18,1,1,0,0,0,479,0,60,0
1990,41,1,0,0,0,1,354,2,40,0
1990,41,2,0,0,0,1,207,5,40,0
1990,59,1,0,0,0,0,473,0,40,0
1990,57,2,0,0,0,1,174,5,3,0
1990,62,1,0,0,0,0,274,5,10,0
1990,56,2,0,0,0,1,22,5,10,0
1990,57,1,0,0,0,0,473,0,70,0
1990,55,2,0,0,0,1,0,0,0,0
1990,80,2,3,0,0,0,436,5,0,0
1990,33,1,0,0,0,0,98,5,40,0
1990,31,2,0,0,0,1,313,5,40,0
1990,55,1,0,0,0,0,804,2,40,0
1990,53,2,0,0,0,0,0,0,0,0
1990,47,1,0,0,0,0,505,2,40,0
1990,46,2,0,0,0,0,796,3,16,0
1990,18,1,1,0,0,0,479,0,40,0
1990,58,1,0,0,0,0,22,2,85,0
1990,55,2,0,0,0,1,95,5,44,0
1990,63,1,0,0,0,0,0,0,0,0
1990,58,2,0,0,0,0,0,0,0,0
1990,28,1,0,0,0,1,804,3,50,0
1990,27,2,0,0,0,1,383,4,40,0
1990,37,2,3,0,0,0,449,4,30,0
1990,46,1,0,0,0,1,505,4,80,0
1990,43,2,0,0,0,1,888,1,40,0
1990,53,2,3,0,0,0,808,5,25,0
1990,30,1,0,0,0,1,783,4,80,0
1990,29,2,0,0,0,0,337,4,30,0
1990,28,1,0,0,0,1,473,0,45,1
1990,26,2,0,0,0,1,308,4,40,0
1990,32,1,2,0,0,0,595,0,50,0
1990,34,1,0,0,0,1,243,3,75,0
1990,28,2,0,0,0,1,785,1,40,0
1990,77,2,3,0,0,0,0,0,0,0
1990,45,2,3,0,0,1,95,5,40,0
1990,60,2,3,0,0,1,313,5,40,0
1990,68,1,3,0,0,1,426,4,0,0
1990,60,2,3,0,0,1,336,6,6,0
1990,49,1,0,0,0,1,243,3,55,0
1990,37,2,0,0,0,0,445,5,40,0
1990,61,2,0,0,0,1,795,0,0,0
1990,64,1,0,0,0,1,337,0,27,0
1990,59,2,3,0,0,0,0,0,0,0
1990,59,1,0,0,0,0,0,0,0,0
1990,53,2,0,0,0,0,0,0,0,0
1990,31,1,0,0,0,0,479,0,50,0
1990,32,2,0,0,0,0,436,3,35,0
1990,42,2,1,0,0,1,243,3,60,0
1990,45,1,0,0,0,1,479,0,40,0
1990,42,2,0,0,4,0,207,5,40,0
1990,79,2,3,0,0,1,686,2,8,0
1990,25,1,0,0,0,1,475,0,65,0
1990,24,2,0,0,0,0,466,5,0,0
1990,74,2,3,0,0,0,0,0,0,0
1990,52,2,0,0,0,1,274,3,40,0
1990,56,1,0,0,0,0,804,0,60,0
1990,29,1,0,0,0,0,883,1,40,0
1990,33,2,0,0,0,0,313,6,40,0
1990,74,1,0,0,0,0,473,0,20,0
1990,67,2,0,0,0,1,0,0,0,0
1990,52,1,0,0,0,1,25,3,45,0
1990,52,2,0,0,0,1,313,5,35,0
1990,50,1,0,0,0,1,14,5,40,0
1990,50,2,0,0,0,1,156,5,50,0
1990,47,1,1,0,0,1,448,5,45,0
1990,46,1,0,0,0,1,163,5,40,0
1990,46,2,0,0,0,1,156,5,40,0
1990,19,1,1,0,0,1,443,3,20,0
1990,32,2,0,0,0,0,466,5,30,0
1990,33,1,0,0,0,0,575,6,40,0
1990,75,2,3,0,0,0,0,0,0,0
1990,24,1,0,0,0,1,243,3,60,0
1990,20,2,0,0,0,1,313,4,40,0
1990,71,1,0,0,0,0,0,0,0,0
1990,68,2,0,0,0,0,0,0,0,0
1990,34,1,0,0,0,1,473,0,60,0
1990,36,2,0,0,0,1,95,5,16,0
1990,30,1,0,0,0,1,475,0,60,0
1990,31,2,0,0,0,0,313,4,40,0
1990,70,2,3,0,0,0,0,0,0,0
1990,49,1,0,0,0,1,475,0,80,1
1990,47,2,0,0,4,0,779,1,48,0
1990,18,1,1,0,0,0,567,0,60,0
1990,39,1,0,0,0,1,5,6,40,0
1990,42,2,0,0,0,0,274,3,30,0
1990,28,1,1,0,0,0,869,0,60,0
1990,74,1,0,0,0,0,479,0,0,0
1990,72,2,0,0,0,0,436,5,0,0
1990,60,2,3,0,0,0,0,0,0,0
1990,37,1,0,0,0,1,567,5,44,0
1990,36,2,0,0,0,1,22,5,45,0
1990,21,1,0,0,0,1,383,4,40,0
1990,41,2,2,0,0,1,95,5,40,0
1990,34,1,0,0,0,1,628,1,40,0
1990,33,2,0,0,0,1,204,5,40,0
1990,70,1,0,0,0,0,473,0,17,0
1990,68,2,0,0,0,0,207,5,32,0
1990,35,1,0,0,0,0,643,0,50,0
1990,30,2,0,0,0,0,444,3,30,0
1990,27,1,1,0,0,1,198,2,30,0
1990,23,2,1,0,0,1,435,3,35,0
1990,26,1,1,0,0,1,308,1,40,0
1990,34,2,1,0,0,1,447,5,40,0
1990,20,2,1,0,0,1,313,5,12,0
1990,19,2,1,0,0,1,315,5,0,0
1990,55,1,0,0,0,0,269,3,40,0
1990,53,2,0,0,0,0,687,3,0,0
1990,21,1,1,0,0,1,243,5,25,0
1990,21,1,1,0,0,1,479,0,40,0
1990,38,1,0,0,0,0,637,1,40,0
1990,36,2,0,0,0,0,0,0,0,0
1990,19,2,1,0,0,0,435,3,40,0
1990,18,2,1,0,0,0,277,3,18,0
1990,72,1,1,0,0,0,433,3,40,0
1990,41,1,0,0,0,1,473,0,70,0
1990,41,2,0,0,0,1,95,5,30,0
1990,33,1,0,0,2,1,479,0,70,0
1990,26,2,0,0,0,0,308,5,48,0
1990,74,2,0,0,0,0,0,0,0,0
1990,70,1,3,0,0,0,473,0,56,0
1990,32,2,1,0,0,0,0,0,0,0
1990,69,2,3,0,0,0,436,5,24,0
1990,30,1,1,0,0,0,479,0,54,0
1990,34,1,1,0,0,0,785,1,40,0
1990,75,1,0,0,0,0,686,1,16,0
1990,79,2,0,0,0,0,0,0,0,0
1990,43,1,0,0,0,0,869,0,48,0
1990,43,2,0,0,0,0,447,4,50,0
1990,18,1,1,0,0,0,473,0,50,0
1990,65,1,0,0,0,0,274,3,7,0
1990,65,2,0,0,0,0,243,3,0,0
1990,47,1,0,0,0,0,475,0,70,0
1990,47,2,0,0,0,0,436,5,42,0
1990,40,1,0,0,0,1,25,1,45,0
1990,36,2,0,0,0,1,14,5,10,0
1990,31,1,0,0,0,0,785,1,50,0
1990,30,2,0,0,0,0,264,3,45,0
1990,56,1,0,0,0,0,486,5,40,0
1990,54,2,0,0,0,0,808,5,40,0
1990,72,2,3,0,0,0,747,4,40,0
1990,67,1,0,0,0,0,869,0,20,0
1990,68,2,0,0,0,0,0,0,0,0
1990,58,1,0,0,0,0,869,0,40,0
1990,58,2,0,0,0,1,156,5,40,0
1990,69,2,3,0,0,0,277,3,36,0
1990,37,2,1,0,0,1,156,5,55,0
1990,29,1,0,0,0,1,637,1,56,0
1990,28,2,0,0,0,0,466,5,40,0
1990,55,1,0,0,0,1,444,3,80,0
1990,53,2,0,0,0,0,436,3,65,0
1990,19,1,1,0,0,0,479,0,9,0
1990,77,1,0,0,0,0,0,0,0,1
1990,73,2,0,0,0,0,0,0,0,0
1990,41,2,3,0,0,1,449,4,16,0
1990,26,1,0,0,0,0,844,0,40,0
1990,26,2,0,0,0,0,379,6,40,0
1990,50,1,0,0,0,0,473,0,40,0
1990,48,2,0,0,0,1,0,0,0,0
1990,74,1,1,0,0,0,0,0,0,0
1990,30,1,0,0,0,1,473,0,57,0
1990,29,2,0,0,0,1,479,0,40,0
1990,52,1,0,0,0,1,259,3,48,1
1990,47,2,0,0,0,0,243,3,36,0
1990,18,2,1,0,0,0,274,3,28,0
1990,33,1,0,0,0,1,804,2,45,0
1990,32,2,0,0,0,0,25,4,40,0
1990,57,1,0,0,0,1,889,1,46,0
1990,55,2,0,0,0,0,328,5,20,0
1990,18,1,1,0,0,0,436,5,10,0
1990,54,1,0,0,0,0,804,3,51,0
1990,57,2,0,0,0,0,466,5,41,0
1990,21,2,1,0,0,1,95,5,39,0
1990,19,1,1,0,0,1,243,3,25,0
1990,73,2,3,0,0,0,0,0,0,0
1990,67,1,0,0,0,0,25,4,0,0
1990,64,2,0,0,0,0,0,0,0,0
1990,50,1,0,0,0,0,473,0,60,0
1990,47,2,0,0,0,0,473,0,0,0
1990,59,1,0,0,0,0,779,1,52,0
1990,59,2,0,0,0,0,447,5,40,0
1990,29,1,0,0,0,0,479,0,40,0
1990,30,2,0,0,0,1,447,5,0,0
1990,48,1,0,0,0,1,23,0,50,0
1990,48,2,0,0,0,1,0,0,0,0
1990,69,2,3,0,0,0,0,0,0,0
1990,54,1,0,0,0,1,474,0,60,0
1990,53,2,0,0,0,1,156,5,52,0
1990,65,1,0,0,0,0,473,0,40,0
1990,62,2,0,0,0,1,0,0,0,0
1990,50,1,0,0,0,0,473,0,40,0
1990,46,2,0,0,0,0,21,5,48,0
1990,18,1,1,0,0,0,0,0,0,0
1990,41,1,0,0,0,0,783,1,45,0
1990,37,2,0,0,0,0,436,3,6,0
1990,72,1,0,0,0,0,473,0,30,0
1990,69,2,0,0,0,0,0,0,0,0
1990,62,1,0,0,0,1,475,0,65,0
1990,62,2,0,0,0,1,156,5,0,0
1990,42,1,0,0,0,1,423,6,40,0
1990,42,2,0,0,0,1,379,6,37,0
1990,40,1,0,3,3,0,686,1,40,0
1990,33,2,0,3,3,0,686,1,40,0
1990,72,1,0,0,0,1,567,0,20,0
1990,61,2,0,0,0,1,0,0,0,0
1990,33,1,0,0,0,0,453,3,40,0
1990,28,2,0,0,0,0,0,0,0,0
1990,36,1,1,0,0,0,473,0,50,0
1990,49,1,0,0,0,0,567,0,30,0
1990,43,2,0,0,0,0,447,5,32,0
1990,39,2,2,0,0,0,337,5,40,0
1990,67,2,1,0,0,0,337,2,0,0
1990,37,1,0,0,0,1,525,4,50,0
1990,29,2,0,0,0,1,195,2,0,0
1990,42,1,0,0,0,1,628,2,40,0
1990,30,2,0,0,0,1,0,0,0,0
1990,80,2,1,0,0,1,0,0,0,0
1990,74,1,0,0,0,0,473,0,60,0
1990,74,2,0,0,0,0,0,0,0,0
1990,41,1,0,0,0,1,473,0,70,0
1990,40,2,0,0,0,1,0,0,0,0
1990,18,2,1,0,0,0,0,0,0,0
1990,44,1,0,0,0,1,259,1,50,0
1990,39,2,0,0,0,1,208,5,40,0
1990,75,2,3,0,0,0,407,4,0,0
1990,38,1,0,0,0,0,259,1,48,0
1990,33,2,0,0,0,0,687,3,20,0
1990,45,1,2,0,0,0,473,0,91,0
1990,53,2,3,0,0,0,449,4,12,0
1990,59,1,1,0,0,0,0,0,0,0
1990,23,1,0,0,0,1,804,3,90,0
1990,18,2,0,0,0,1,888,3,35,0
1990,73,1,0,0,0,0,0,0,0,0
1990,69,2,0,0,0,1,156,5,40,0
1990,75,1,3,0,0,1,0,0,0,0
1990,72,2,3,0,0,0,0,0,0,0
1990,39,1,0,0,0,1,157,5,56,0
1990,39,2,0,0,0,1,155,5,15,0
1990,47,1,0,0,0,0,475,0,50,0
1990,43,2,0,0,0,0,475,0,50,0
1990,55,1,0,0,0,1,157,5,55,0
1990,51,2,0,0,0,1,0,0,0,0
1990,53,1,0,3,0,0,36,4,40,0
1990,44,2,0,3,0,0,785,1,40,0
1990,21,1,1,3,0,0,486,6,0,0
1990,66,2,3,0,0,0,436,5,32,0
1990,20,1,1,0,0,0,804,2,40,0
1990,22,1,1,0,0,0,869,0,40,0
1990,50,1,1,3,0,0,785,5,36,0
1990,34,1,1,0,0,0,785,5,36,0
1990,47,1,0,0,0,1,804,0,40,0
1990,46,2,0,0,0,0,466,5,0,0
1990,30,1,0,0,0,1,549,1,42,0
1990,33,2,0,0,0,0,785,1,40,0
1990,38,1,0,0,0,1,53,2,40,0
1990,36,2,0,0,0,1,466,5,25,0
1990,57,2,1,0,0,0,0,0,0,0
1990,50,2,1,0,0,0,435,3,0,0
1990,46,2,1,0,0,0,785,0,30,0
1990,30,1,0,0,0,0,36,2,40,0
1990,27,2,0,0,0,1,888,1,40,0
1990,33,2,1,0,0,0,888,1,47,0
1990,74,2,3,0,0,0,444,3,0,0
1990,54,1,0,0,0,0,336,2,40,0
1990,52,2,0,0,0,0,274,3,40,0
1990,77,1,0,0,0,0,0,0,0,0
1990,71,2,0,0,0,0,0,0,0,0
1990,43,1,0,0,0,1,7,4,50,1
1990,42,2,0,0,0,1,274,3,0,0
1990,18,1,1,0,0,0,486,5,40,0
1990,20,2,1,0,0,1,313,5,9,0
1990,79,1,0,0,0,0,637,1,40,0
1990,80,2,0,0,0,0,0,0,0,0
1990,45,1,0,0,0,1,174,5,40,0
1990,49,2,0,0,0,1,23,1,40,0
1990,55,1,0,0,0,1,525,4,40,0
1990,51,2,0,0,0,1,95,5,1,0
1990,30,1,0,0,0,1,473,0,70,0
1990,28,2,0,0,0,1,458,4,0,0
1990,30,1,2,0,0,0,475,0,35,0
1990,20,1,1,0,0,0,274,3,65,0
1990,52,1,0,0,0,1,22,1,50,0
1990,49,2,0,0,0,1,337,3,40,0
1990,19,2,1,0,0,0,406,4,24,0
1990,75,2,3,0,0,0,274,3,20,0
1990,27,1,0,0,0,1,473,0,60,0
1990,27,2,0,0,0,1,335,2,0,0
1990,75,1,0,0,0,0,473,0,10,0
1990,72,2,0,0,0,1,0,0,0,0
1990,54,1,0,0,0,0,637,1,50,0
1990,51,2,0,0,0,0,156,5,56,0
1990,38,1,0,0,0,1,22,1,50,1
1990,37,2,0,0,0,1,774,5,24,0
1990,80,2,0,0,0,0,0,0,0,0
1990,25,1,0,0,0,1,889,1,40,0
1990,22,2,0,0,0,1,406,4,15,0
1990,60,1,0,0,0,0,804,3,40,0
1990,56,2,0,0,0,0,0,0,0,0
1990,78,2,3,0,0,0,0,0,0,0
1990,75,1,0,0,0,0,0,0,0,0
1990,66,2,0,0,0,0,0,0,0,0
1990,67,1,0,0,0,0,475,0,40,0
1990,59,2,0,0,0,1,0,0,0,0
1990,34,1,0,3,0,0,686,1,40,0
1990,35,2,0,3,0,0,686,1,40,0
1990,56,1,0,3,0,0,479,0,40,0
1990,48,2,0,3,0,0,436,5,40,0
1990,24,1,1,3,0,0,453,3,40,0
1990,28,1,0,3,0,0,426,4,40,0
1990,24,2,0,3,0,0,0,0,0,0
1990,78,1,0,0,0,0,0,0,0,0
1990,73,2,0,0,0,0,0,0,0,0
1990,56,1,0,0,0,1,22,0,60,0
1990,55,2,0,0,0,1,17,3,0,0
1990,61,1,0,0,0,0,0,0,0,0
1990,63,2,0,0,0,0,449,4,4,0
1990,78,2,3,0,0,0,0,0,0,0
1990,63,2,0,0,0,1,159,5,40,0
1990,63,1,0,0,0,1,274,3,40,0
1990,42,1,0,0,0,1,79,6,40,0
1990,44,2,0,0,0,0,445,5,36,0
1990,28,1,0,0,0,1,157,5,32,0
1990,26,2,0,0,0,1,458,4,50,0
1990,32,2,3,0,0,1,688,3,20,0
1990,65,1,0,0,0,0,379,3,0,0
1990,65,2,0,0,0,0,276,3,40,0
1990,49,2,0,0,0,0,203,5,40,0
1990,52,1,0,0,0,0,479,0,50,0
1990,37,1,0,0,0,1,176,5,40,0
1990,35,2,0,0,0,0,447,5,24,0
1990,62,1,0,0,0,0,36,6,15,0
1990,61,2,0,0,0,0,447,5,18,0
1990,42,1,0,0,0,0,364,1,40,0
1990,36,2,0,0,0,1,686,1,40,0
1990,39,1,0,0,0,1,269,3,50,0
1990,35,2,0,0,0,0,303,6,40,0
1990,77,1,0,0,0,0,479,0,40,0
1990,75,2,0,0,0,0,444,5,40,0
1990,72,2,3,0,0,0,0,0,0,0
1990,26,1,0,0,0,0,628,4,50,0
1990,26,2,0,0,0,0,313,5,40,0
1990,31,1,3,0,0,1,418,6,40,0
1990,32,2,3,0,0,1,449,5,20,0
1990,39,2,2,0,0,0,466,5,40,0
1990,27,1,3,0,0,0,567,0,4,0
1990,41,1,2,0,0,1,575,0,40,0
1990,34,1,0,0,0,0,686,3,99,0
1990,31,2,0,0,0,0,337,1,0,0
1990,22,2,1,0,0,0,779,6,40,0
1990,25,1,1,0,0,1,575,0,40,0
1990,63,2,2,0,0,0,436,5,25,0
1990,79,2,3,0,0,0,436,4,40,0
1990,20,2,1,0,0,1,274,3,20,0
1990,49,1,0,0,0,0,473,0,80,0
1990,48,2,0,0,0,0,17,5,0,0
1990,24,2,2,0,0,0,434,3,52,0
1990,21,1,1,0,0,0,453,4,40,0
1990,67,1,0,0,0,0,22,2,0,0
1990,67,2,0,0,0,0,0,0,0,0
1990,27,1,0,0,0,0,473,0,65,0
1990,26,2,0,0,0,0,313,4,20,0
1990,56,1,3,0,0,0,436,3,50,0
1990,79,2,3,0,0,1,0,0,0,0
1990,27,1,0,0,0,0,777,1,40,0
1990,26,2,0,0,0,0,447,5,20,0
1990,55,1,0,0,0,0,804,3,46,0
1990,50,2,0,0,0,0,436,5,20,0
1990,59,1,0,0,0,0,853,0,40,0
1990,50,2,0,0,0,0,447,5,0,0
1990,65,1,0,0,0,0,473,0,35,0
1990,61,2,0,0,0,0,0,0,0,0
1990,56,2,3,0,0,0,0,0,0,0
1990,76,1,0,0,0,0,0,0,0,0
1990,73,2,0,0,0,0,0,0,0,0
1990,68,1,0,0,0,0,549,1,0,0
1990,69,2,0,0,0,1,449,5,0,0
1990,59,1,0,0,0,0,475,0,65,1
1990,55,2,0,0,0,1,475,0,55,0
1990,73,1,0,0,0,0,0,0,0,0
1990,70,2,0,0,0,0,276,3,0,0
1990,41,1,0,0,0,0,389,2,40,0
1990,55,2,0,0,0,1,337,5,36,0
1990,43,1,0,0,0,1,549,3,50,0
1990,38,2,0,0,0,1,207,5,24,0
1990,28,1,0,0,0,1,473,0,50,0
1990,28,2,0,0,0,1,95,5,24,0
1990,33,1,0,0,0,1,434,3,32,0
1990,32,2,0,0,0,1,156,5,40,0
1990,19,1,1,0,0,1,579,0,40,0
1990,19,1,1,0,0,1,479,0,40,0
1990,69,2,3,0,0,0,468,5,20,0
1990,75,1,2,0,0,0,0,0,0,0
1990,55,1,0,0,0,0,364,1,45,0
1990,44,2,0,0,0,0,449,4,15,0
1990,71,2,3,0,0,0,158,5,2,0
1990,60,2,3,0,0,0,447,5,40,0
1990,76,1,0,0,0,0,505,3,7,0
1990,76,2,0,0,0,0,0,0,0,0
1990,59,2,3,0,0,1,447,5,5,0
1990,72,1,0,0,0,0,475,0,32,0
1990,70,2,0,0,0,0,0,0,0,0
1990,25,2,1,0,0,1,156,5,40,0
1990,22,1,1,0,0,1,887,1,50,0
1990,23,1,1,0,0,1,637,1,20,0
1990,65,1,0,0,0,0,355,2,44,0
1990,62,2,0,0,0,0,379,2,20,0
1990,42,1,0,0,0,1,473,0,40,0
1990,41,2,0,0,0,0,379,6,40,0
1990,23,1,1,0,0,1,479,0,0,0
1990,19,1,1,0,0,1,558,0,40,0
1990,59,1,0,0,0,0,686,1,20,0
1990,55,2,0,0,0,1,888,1,15,0
1990,35,1,0,0,0,0,804,1,35,0
1990,35,2,0,0,0,1,22,1,50,0
1990,55,2,1,0,0,0,379,6,40,0
1990,69,2,3,0,0,0,0,0,0,0
1990,65,2,3,0,0,0,0,0,0,0
1990,79,1,3,0,0,0,0,0,0,0
1990,36,1,0,0,0,1,637,1,45,0
1990,39,2,0,0,0,1,313,1,0,0
1990,34,1,1,0,0,0,479,0,40,0
1990,72,1,0,0,0,0,0,0,0,0
1990,71,2,0,0,0,0,0,0,0,0
1990,45,1,0,0,0,1,23,5,48,1
1990,41,2,0,0,0,1,25,5,38,0
1990,32,1,0,0,0,0,194,4,0,0
1990,34,2,0,0,0,0,315,6,40,0
1990,80,2,3,0,0,1,337,3,9,0
1990,52,1,3,0,0,1,156,5,37,0
1990,25,1,0,0,0,0,686,1,40,0
1990,23,2,0,0,0,0,447,5,40,0
1990,55,1,1,0,0,0,769,1,40,0
1990,47,2,1,0,0,0,0,0,0,0
1990,70,1,0,0,0,0,479,0,0,0
1990,68,2,0,0,0,0,276,3,12,0
1990,72,1,0,0,0,0,0,0,0,0
1990,72,2,0,0,0,0,0,0,0,0
1990,37,1,2,0,0,1,163,5,45,0
1990,67,2,3,0,0,1,157,5,40,0
1990,72,1,0,0,0,0,0,0,0,0
1990,73,2,0,0,0,0,0,0,0,0
1990,55,1,0,0,0,0,259,0,72,1
1990,47,2,0,0,0,1,95,5,0,0
1990,46,1,0,0,0,0,579,4,40,0
1990,38,2,0,0,0,0,447,5,40,0
1990,44,1,0,0,0,1,156,5,45,0
1990,40,2,0,0,0,1,243,3,35,0
1990,69,2,3,0,0,0,747,4,40,1
1990,29,1,1,0,0,0,0,0,0,0
1990,76,1,0,0,0,0,0,0,0,0
1990,71,2,0,0,0,0,0,0,0,0
1990,37,1,0,0,0,0,883,1,40,0
1990,35,2,0,0,0,0,653,1,40,0
1990,46,2,2,0,0,1,37,4,45,1
1990,47,1,0,0,0,1,85,5,30,1
1990,47,2,0,0,0,1,156,5,40,0
1990,31,1,0,0,0,1,25,4,45,0
1990,28,2,0,0,0,1,23,5,50,0
1990,45,1,2,0,0,1,243,4,58,1
1990,30,1,0,0,0,1,96,3,40,0
1990,29,2,0,0,0,1,156,5,45,0
1990,77,2,0,0,0,0,0,0,0,0
1990,22,1,0,0,0,1,804,3,46,0
1990,24,2,0,0,0,0,435,3,25,0
1990,35,1,0,0,0,0,57,0,40,0
1990,33,2,0,0,0,1,308,4,38,0
1990,68,2,3,0,0,0,0,0,0,0
1990,38,1,2,0,0,0,869,0,60,0
1990,42,1,0,0,0,0,436,4,46,0
1990,38,2,0,0,0,1,447,5,32,0
1990,18,2,1,0,0,1,276,3,20,0
1990,21,1,1,0,0,1,379,5,30,0
1990,21,1,1,0,0,1,276,3,20,0
1990,22,1,1,0,0,1,804,1,25,0
1990,27,1,1,0,0,1,22,4,50,0
1990,26,1,1,0,0,1,589,0,40,0
1990,49,2,2,1,0,0,453,5,40,0
1990,24,1,1,1,0,0,453,4,40,0
1990,19,1,1,2,0,1,461,2,35,0
1990,22,2,1,0,0,0,314,4,15,0
1990,19,2,1,0,0,1,389,5,10,0
1990,19,1,1,0,0,1,229,4,30,0
1990,20,1,1,0,0,1,526,3,65,0
1990,45,1,2,0,0,0,764,1,45,0
1990,23,2,1,0,0,1,159,5,42,0
1990,53,2,2,0,0,0,313,6,40,0
1990,78,1,0,0,0,1,0,0,0,0
1990,75,2,0,0,0,1,389,6,19,0
1990,43,1,0,0,0,1,156,5,40,0
1990,40,2,0,0,0,1,156,5,40,0
1990,50,1,0,0,0,1,14,5,50,1
1990,45,2,0,0,0,1,156,5,0,0
1990,72,2,3,0,0,0,0,0,0,0
1990,57,2,2,0,0,0,376,2,40,0
1990,32,2,3,0,0,0,785,1,40,0
1990,65,2,2,0,0,0,354,2,0,0
1990,69,1,0,0,0,0,0,0,0,0
1990,65,2,0,0,0,0,0,0,0,0
1990,69,2,1,0,0,0,274,3,20,0
1990,25,1,1,0,0,1,375,4,40,0
1990,25,1,1,0,0,1,869,0,15,0
1990,23,1,1,0,0,1,434,3,15,0
1990,36,2,2,0,0,1,235,6,40,0
1990,48,1,0,0,0,0,22,5,50,1
1990,41,2,0,0,0,1,257,5,50,0
1990,58,2,2,0,0,1,385,4,40,0
1990,20,2,1,0,0,1,444,5,30,0
1990,29,1,0,0,0,1,13,5,50,0
1990,31,2,0,0,0,1,159,5,30,0
1990,75,1,0,0,0,0,0,0,0,0
1990,75,2,0,0,0,0,0,0,0,0
1990,67,2,0,0,0,0,453,5,20,0
1990,71,1,0,0,0,0,0,0,0,0
1990,36,2,2,0,0,0,435,3,50,0
1990,34,1,0,0,0,1,29,3,45,0
1990,32,2,0,0,0,1,379,1,40,0
1990,26,1,0,0,0,1,53,5,40,0
1990,23,2,0,0,0,1,229,4,40,0
1990,38,1,0,0,0,1,869,0,50,0
1990,34,2,0,0,0,0,256,1,40,0
1990,29,1,1,0,0,1,23,4,40,0
1990,55,2,2,0,0,1,313,5,40,0
1990,68,1,0,0,0,0,558,0,20,0
1990,66,2,0,0,0,0,337,3,40,0
1990,46,1,0,0,0,1,185,2,40,0
1990,43,2,0,0,0,1,185,1,60,0
1990,32,2,1,0,0,1,254,4,40,0
1990,80,2,3,0,0,1,0,0,0,0
1990,59,1,0,0,0,0,453,1,40,0
1990,58,2,0,0,0,0,0,0,0,0
1990,36,1,1,0,0,0,516,0,40,0
1990,34,1,0,0,0,0,844,0,40,0
1990,29,2,0,0,0,1,436,3,37,0
1990,38,1,0,0,0,1,29,3,45,0
1990,30,2,0,0,0,1,96,3,40,0
1990,51,1,0,0,0,0,558,2,40,0
1990,47,2,0,0,0,1,434,3,0,0
1990,24,2,1,0,0,0,458,4,35,0
1990,20,1,1,0,0,1,487,5,35,0
1990,53,1,0,0,0,1,84,5,80,1
1990,42,2,0,0,0,1,313,5,0,0
1990,20,1,1,0,0,0,365,6,40,0
1990,46,1,0,0,0,1,22,6,50,1
1990,46,2,0,0,0,1,0,0,0,0
1990,20,2,1,0,0,1,313,6,2,0
1990,22,1,1,0,0,1,804,4,20,0
1990,37,1,0,0,0,1,55,1,40,0
1990,33,2,0,0,0,1,313,4,0,0
1990,34,1,0,0,0,0,825,2,40,0
1990,37,2,0,0,0,1,274,3,0,0
1990,30,1,0,0,0,1,243,3,46,0
1990,29,2,0,0,0,1,337,3,40,0
1990,43,1,0,0,0,1,376,1,45,0
1990,41,2,0,0,0,1,303,4,40,0
1990,19,2,1,0,0,1,276,3,18,0
1990,73,2,1,0,0,0,0,0,0,0
1990,43,1,0,0,0,0,453,1,0,0
1990,43,2,0,0,0,0,0,0,0,0
1990,69,1,0,0,0,0,255,4,40,0
1990,60,2,0,0,0,0,283,4,8,0
1990,22,1,1,0,0,1,276,3,20,0
1990,19,2,1,0,0,1,217,0,40,0
1990,36,1,0,0,2,0,22,2,40,0
1990,33,2,0,0,0,0,5,6,45,0
1990,23,1,0,0,0,1,737,6,8,0
1990,24,2,0,0,0,1,18,4,40,0
1990,59,1,0,0,0,1,23,0,40,0
1990,61,2,0,0,0,0,444,5,0,0
1990,24,2,1,0,2,1,385,4,40,0
1990,44,1,0,0,0,1,904,6,45,0
1990,36,2,0,0,0,0,466,5,9,0
1990,48,2,0,3,3,0,453,6,35,0
1990,48,1,0,0,0,1,27,6,0,0
1990,19,1,1,3,3,0,883,2,30,0
1990,43,1,0,0,0,1,14,5,40,0
1990,37,2,0,0,0,1,95,5,16,0
1990,41,2,2,0,0,0,379,2,40,0
1990,39,1,0,0,0,0,18,4,2,0
1990,38,2,0,0,0,0,379,5,40,0
1990,37,1,0,0,0,1,259,3,45,0
1990,29,2,0,0,0,1,375,4,40,0
1990,38,2,1,0,0,1,156,5,40,0
1990,52,1,0,0,0,1,156,5,40,0
1990,49,2,0,0,0,1,363,1,50,1
1990,74,2,3,0,0,1,0,0,0,0
1990,30,2,3,0,0,0,356,4,0,0
1990,45,1,0,0,0,0,653,1,40,0
1990,43,2,0,0,0,0,276,3,37,0
1990,23,2,2,0,0,0,313,3,40,0
1990,29,1,0,0,0,1,389,5,55,1
1990,25,2,0,0,0,0,29,3,42,0
1990,49,2,2,0,0,1,277,3,34,0
1990,20,1,1,0,0,1,277,3,21,0
1990,20,1,1,0,0,1,277,3,25,0
1990,42,1,0,0,0,1,36,6,40,1
1990,39,2,0,0,2,1,23,5,70,0
1990,43,2,2,0,0,0,378,1,40,0
1990,21,1,1,0,0,1,274,3,30,0
1990,34,1,0,0,0,0,53,0,45,0
1990,31,2,0,0,0,0,433,3,99,0
1990,59,1,2,0,0,0,259,1,60,0
1990,38,1,0,0,0,1,684,1,40,0
1990,35,2,0,0,0,0,337,4,37,0
1990,35,1,0,1,0,1,166,0,40,0
1990,35,2,0,1,0,1,313,6,40,0
1990,52,1,0,0,0,1,505,3,48,0
1990,48,2,0,0,0,1,276,3,45,0
1990,20,2,1,0,0,0,276,3,22,0
1990,70,1,2,0,0,0,253,4,40,0
1990,53,2,3,0,0,1,313,4,37,0
1990,33,1,2,0,0,1,23,3,47,0
1990,42,1,0,0,0,0,785,1,40,0
1990,42,2,0,0,0,1,386,5,36,0
1990,21,1,1,0,0,0,877,2,40,0
1990,18,2,1,0,0,1,175,5,40,0
1990,55,1,0,0,0,1,243,3,48,1
1990,54,2,0,0,0,1,0,0,0,0
1990,60,2,1,0,0,1,313,5,44,0
1990,41,1,3,0,0,1,14,3,70,1
1990,67,1,0,0,0,0,0,0,0,0
1990,69,2,0,0,0,0,0,0,0,0
1990,60,1,1,0,0,1,87,5,42,1
1990,59,1,0,1,0,0,364,3,21,0
1990,55,2,0,1,0,0,23,4,40,0
1990,42,2,2,0,0,1,329,5,24,0
1990,57,2,3,0,0,0,0,0,0,0
1990,78,2,3,0,0,0,0,0,0,0
1990,37,1,0,0,0,1,22,3,40,1
1990,31,2,0,0,0,1,23,3,50,1
1990,42,1,0,0,0,1,234,5,20,0
1990,44,2,0,0,0,1,159,3,40,0
1990,30,1,0,0,0,1,22,1,50,0
1990,30,2,0,0,0,1,253,4,40,0
1990,37,1,0,0,0,1,254,4,60,0
1990,41,2,0,0,0,0,13,4,45,0
1990,18,2,1,0,0,1,277,3,20,0
1990,55,1,0,0,0,1,337,4,46,0
1990,48,2,0,0,0,1,0,0,0,0
1990,18,2,1,0,0,0,435,3,25,0
1990,75,2,3,0,0,0,0,0,0,0
1990,48,1,0,0,0,1,85,5,50,1
1990,49,2,0,0,0,1,22,5,30,0
1990,21,1,1,0,0,1,435,5,30,0
1990,37,2,1,0,0,1,389,4,40,0
1990,47,2,2,0,0,1,376,4,40,0
1990,43,2,0,0,0,1,157,5,40,0
1990,47,1,0,0,0,1,13,3,40,0
1990,35,1,0,0,0,1,22,4,80,1
1990,35,2,0,0,0,0,0,0,0,0
1990,23,2,0,0,0,1,243,4,45,0
1990,30,1,0,0,0,0,777,1,50,0
1990,61,1,0,0,0,0,22,3,52,0
1990,59,2,0,0,0,0,22,3,8,0
1990,73,2,3,0,0,0,0,0,0,0
1990,39,1,0,0,0,1,243,4,50,0
1990,37,2,0,0,0,1,466,5,30,0
1990,35,1,0,0,0,1,178,5,45,1
1990,35,2,0,0,0,1,178,5,30,0
1990,41,1,3,0,0,1,243,3,48,1
1990,25,1,2,0,0,1,208,5,50,0
1990,41,1,0,0,0,1,15,5,60,1
1990,38,2,0,0,0,1,37,4,40,0
1990,46,1,0,0,0,1,806,1,40,0
1990,42,2,0,0,0,1,22,6,40,0
1990,20,1,1,0,0,0,317,4,40,0
1990,19,1,1,0,0,0,436,3,20,0
1990,48,2,2,0,0,0,804,2,24,0
1990,26,1,0,0,0,1,785,4,45,0
1990,26,2,0,0,0,1,207,5,40,0
1990,44,1,0,1,0,0,503,3,40,0
1990,43,2,0,1,0,0,785,1,40,0
1990,22,2,1,1,0,1,488,0,16,0
1990,29,1,1,0,0,0,498,0,30,0
1990,24,2,1,0,0,1,379,5,10,0
1990,43,2,3,0,0,1,443,3,40,0
1990,25,2,1,0,0,1,21,5,45,0
1990,38,2,2,0,0,1,184,5,30,0
1990,47,2,0,1,0,0,785,1,40,0
1990,49,1,0,1,0,0,804,2,40,0
1990,41,1,0,0,0,1,803,2,60,0
1990,39,2,0,0,0,0,378,4,40,0
1990,36,1,0,0,0,0,259,3,55,0
1990,22,2,0,0,0,0,487,3,40,0
1990,33,1,0,0,0,1,588,0,50,0
1990,33,2,0,0,0,1,207,5,30,0
1990,70,1,0,0,0,0,0,0,0,0
1990,68,2,0,0,0,1,0,0,0,0
1990,33,1,1,0,0,0,389,3,0,0
1990,31,1,3,1,0,1,509,2,40,0
1990,30,1,3,1,0,1,303,6,40,0
1990,30,2,1,1,0,1,379,4,40,0
1990,37,2,2,0,0,1,628,1,50,0
1990,18,2,1,0,0,0,439,3,40,0
1990,38,2,0,0,0,1,22,6,45,0
1990,63,1,0,1,0,0,558,0,50,0
1990,74,2,3,0,0,0,0,0,0,0
1990,39,2,2,0,0,1,337,2,40,0
1990,25,1,0,1,0,1,266,3,50,0
1990,25,2,0,1,0,0,276,3,0,0
1990,36,1,0,0,0,1,257,2,45,0
1990,38,2,0,0,0,0,243,4,0,0
1990,69,1,0,0,0,1,535,3,10,0
1990,69,2,0,0,0,1,0,0,0,0
1990,27,2,1,0,0,1,166,5,40,0
1990,80,2,0,0,2,0,0,0,0,0
1990,58,2,2,0,0,1,436,3,44,0
1990,25,1,1,0,0,0,444,3,13,0
1990,67,2,2,0,0,0,444,5,0,0
1990,47,2,1,0,0,0,446,5,40,0
1990,26,1,1,0,0,0,455,4,40,1
1990,54,1,0,2,1,0,889,4,70,0
1990,53,2,0,2,1,0,436,3,30,0
1990,77,1,3,0,0,0,453,5,0,0
1990,69,1,0,0,0,0,804,2,40,0
1990,72,2,0,0,0,0,0,0,0,0
1990,36,1,1,0,0,1,365,3,25,0
1990,32,1,1,0,0,1,453,3,40,0
1990,29,1,1,0,0,1,44,3,35,0
1990,78,2,3,0,0,0,0,0,0,0
1990,42,1,1,0,0,0,637,4,35,0
1990,44,2,1,0,0,1,0,0,0,0
1990,50,1,0,0,0,0,558,0,40,0
1990,45,2,0,0,0,1,337,4,40,0
1990,23,2,1,0,0,0,274,3,36,0
1990,18,2,1,0,0,0,376,3,20,0
1990,70,2,3,0,0,0,435,3,15,0
1990,32,1,0,0,0,1,599,3,40,0
1990,30,2,0,0,0,1,174,5,40,0
1990,26,2,0,0,0,0,487,0,40,0
1990,36,1,0,0,0,1,595,0,45,0
1990,64,2,2,0,0,0,434,5,17,0
1990,79,2,3,0,0,0,0,0,0,0
1990,42,1,2,0,0,1,156,5,50,0
1990,25,1,1,0,0,1,234,5,40,0
1990,31,2,1,0,0,1,14,5,40,0
1990,45,1,0,0,0,1,178,5,45,1
1990,42,2,0,0,0,1,0,0,0,0
1990,71,2,0,0,0,0,0,0,0,0
1990,76,1,0,0,0,1,274,3,18,0
1990,26,1,2,0,0,1,243,3,0,0
1990,25,1,1,0,0,1,434,3,40,0
1990,42,2,2,0,0,0,337,2,40,0
1990,75,1,0,0,0,1,0,0,0,0
1990,76,2,0,0,0,1,0,0,0,0
1990,61,1,0,0,0,0,877,1,40,1
1990,60,2,0,0,0,1,95,5,40,0
1990,30,1,0,0,0,1,783,3,30,0
1990,25,2,0,0,0,1,337,3,40,0
1990,58,2,2,0,0,0,313,5,40,0
1990,37,2,2,0,0,0,449,4,40,0
1990,72,2,0,0,0,0,379,4,0,0
1990,39,2,2,0,0,1,156,5,40,0
1990,79,2,3,0,0,0,0,0,0,0
1990,63,1,0,0,0,0,686,3,20,0
1990,58,2,0,0,0,0,435,3,3,0
1990,33,1,0,0,0,0,534,3,45,0
1990,26,2,0,0,0,0,888,1,42,0
1990,46,1,2,0,0,1,22,4,50,1
1990,71,1,0,0,0,1,0,0,0,0
1990,67,2,0,0,0,0,0,0,0,0
1990,70,1,0,0,0,0,0,0,0,0
1990,67,2,0,0,0,0,0,0,0,0
1990,40,1,0,0,0,1,74,5,45,0
1990,31,2,0,0,0,0,303,4,40,0
1990,66,1,1,0,0,0,0,0,0,0
1990,69,1,0,0,0,1,869,1,24,0
1990,68,2,0,0,0,1,254,4,20,0
1990,63,1,0,0,0,0,17,3,50,0
1990,62,2,0,0,0,0,433,3,45,0
1990,38,2,2,0,0,0,337,1,40,0
1990,42,1,0,0,0,1,22,0,50,0
1990,37,2,0,0,0,1,95,5,40,0
1990,31,1,2,0,0,0,689,1,40,0
1990,71,1,3,0,0,0,0,0,0,0
1990,56,1,0,0,0,0,267,3,40,0
1990,54,2,0,0,0,1,283,4,14,0
1990,55,2,2,0,0,0,447,5,37,0
1990,38,1,0,0,0,0,849,1,40,0
1990,37,2,0,0,0,1,407,4,40,0
1990,71,1,0,0,0,0,856,0,30,0
1990,71,2,0,0,0,0,0,0,0,0
1990,53,1,2,0,0,0,804,3,40,0
1990,34,1,1,0,0,0,426,4,40,0
1990,44,2,1,0,0,0,777,1,42,0
1990,73,2,3,0,0,0,0,0,0,0
1990,40,1,0,0,0,0,658,4,30,0
1990,30,2,0,0,0,0,567,0,0,0
1990,44,1,0,0,0,0,889,6,40,0
1990,30,2,0,0,0,0,449,4,10,0
1990,68,1,3,0,0,0,0,0,0,0
1990,24,1,0,0,0,0,779,1,40,0
1990,23,2,0,0,0,1,458,4,0,0
1990,47,1,0,0,0,1,253,4,40,0
1990,36,2,0,0,0,0,779,1,48,0
1990,45,2,2,0,0,1,26,5,9,0
1990,31,1,1,0,0,0,567,0,40,0
1990,65,1,1,0,0,1,577,2,0,0
1990,69,1,0,0,0,0,0,0,0,0
1990,65,2,0,0,0,0,0,0,0,0
1990,75,1,3,0,0,0,0,0,0,0
1990,41,1,0,0,0,1,567,0,40,0
1990,35,2,0,0,0,0,13,5,45,0
1990,67,1,0,0,0,1,809,5,30,0
1990,48,2,0,0,0,0,453,5,11,0
1990,31,2,1,0,0,1,22,5,50,0
1990,71,1,0,0,0,1,0,0,0,0
1990,71,2,0,0,0,1,0,0,0,0
1990,34,1,0,0,0,0,567,0,50,0
1990,33,2,0,0,0,1,27,6,37,0
1990,43,1,0,0,0,1,194,5,40,0
1990,45,2,0,0,0,1,194,5,40,0
1990,32,1,0,0,0,1,567,0,40,0
1990,28,2,0,0,0,1,467,5,35,0
1990,33,1,2,0,0,0,0,0,0,0
1990,50,1,0,0,0,1,354,2,40,0
1990,45,2,0,0,0,0,305,5,90,0
1990,40,1,0,0,0,1,22,1,55,0
1990,40,2,0,0,0,1,337,4,50,0
1990,65,1,0,0,0,1,22,1,35,1
1990,59,2,0,0,0,1,0,0,0,0
1990,48,1,0,0,0,1,157,5,50,0
1990,46,2,0,0,0,0,804,2,20,0
1990,26,2,1,0,0,1,22,2,40,0
1990,23,1,1,0,0,1,486,4,20,0
1990,27,1,1,0,0,1,243,3,30,0
1990,35,2,3,0,0,1,243,3,30,0
1990,42,1,0,0,0,0,869,0,60,0
1990,49,2,0,0,0,1,337,0,30,0
1990,51,1,2,0,0,0,436,3,45,0
1990,74,2,3,0,0,1,276,3,0,0
1990,30,1,0,0,0,1,316,5,42,0
1990,32,2,0,0,0,1,329,5,42,0
1990,76,2,0,0,0,1,0,0,0,0
1990,49,1,1,0,0,1,808,2,44,0
1990,20,1,1,0,0,1,187,2,20,0
1990,59,2,2,0,0,1,487,5,37,0
1990,42,1,0,0,0,1,22,5,40,1
1990,40,2,0,0,0,1,195,5,20,0
1990,38,1,0,0,0,0,278,3,60,1
1990,25,2,0,0,0,1,275,3,30,0
1990,46,1,0,0,0,1,628,6,40,0
1990,42,2,0,0,0,1,313,5,0,0
1990,52,1,0,0,0,0,538,4,40,0
1990,32,2,0,0,0,0,435,3,20,0
1990,24,2,0,0,2,0,745,1,40,0
1990,30,1,0,0,0,0,745,1,40,0
1990,52,1,0,0,0,0,577,2,40,0
1990,40,2,0,0,0,0,459,6,40,0
1990,22,1,1,0,0,0,259,3,40,0
1990,20,1,1,0,0,0,567,0,40,0
1990,18,2,1,0,0,0,889,4,40,0
1990,25,2,1,0,0,0,599,0,40,0
1990,28,1,1,0,0,0,567,4,40,0
1990,30,1,3,0,0,0,243,3,50,0
1990,66,1,2,0,0,1,0,0,0,0
1990,50,1,0,0,0,1,225,0,40,0
1990,34,2,0,0,0,1,435,3,40,0
1990,65,1,0,0,0,0,558,0,40,0
1990,65,2,0,0,0,0,0,0,0,0
1990,31,1,0,0,2,0,17,3,45,0
1990,20,2,0,0,0,0,446,3,25,0
1990,40,1,2,0,0,1,637,1,40,0
1990,69,1,0,0,0,1,567,0,35,0
1990,67,2,0,0,0,0,348,2,0,0
1990,41,1,0,0,0,1,22,0,60,0
1990,41,2,0,0,0,1,25,4,40,0
1990,18,1,1,0,0,0,453,5,8,0
1990,80,2,3,0,2,0,0,0,0,0
1990,67,1,0,0,0,0,355,2,0,0
1990,62,2,0,0,0,0,744,1,0,0
1990,34,1,1,0,0,0,269,3,55,0
1990,34,1,0,0,0,1,13,3,55,0
1990,33,2,0,0,0,1,257,4,40,0
1990,18,2,1,0,0,0,144,5,40,0
1990,80,2,3,0,0,0,0,0,0,0
1990,37,2,2,0,0,1,13,1,40,0
1990,79,1,0,0,0,0,883,3,30,0
1990,71,2,0,0,0,0,0,0,0,0
1990,33,1,1,0,0,0,558,0,45,0
1990,31,2,1,0,0,0,435,3,45,0
1990,72,2,3,0,0,0,364,5,10,0
1990,24,2,0,0,0,1,376,4,40,0
1990,24,1,0,0,0,1,418,6,47,0
1990,48,1,2,0,0,1,89,5,36,1
1990,40,2,1,0,0,1,156,5,40,0
1990,36,2,0,0,0,0,444,5,30,0
1990,34,1,0,0,0,0,709,1,40,0
1990,61,2,3,0,2,0,373,3,40,0
1990,34,1,1,0,2,1,364,1,45,0
1990,37,1,2,0,0,1,869,0,43,0
1990,58,2,3,0,0,1,313,4,37,0
1990,19,1,1,0,0,0,469,3,30,0
1990,18,2,1,0,0,1,276,3,25,0
1990,22,1,1,0,0,1,274,3,15,0
1990,43,1,0,0,0,1,14,3,40,0
1990,43,2,0,0,0,1,243,3,45,0
1990,19,1,1,0,0,0,453,3,25,0
1990,76,2,3,0,0,0,0,0,0,0
1990,73,1,0,0,0,0,804,5,0,0
1990,64,2,0,0,0,0,449,4,40,0
1990,36,1,2,0,0,1,0,0,0,0
1990,41,1,0,0,0,1,156,5,65,0
1990,38,2,0,0,0,1,157,5,50,0
1990,63,1,0,0,0,1,27,1,40,1
1990,64,2,0,0,0,1,0,0,0,0
1990,27,1,0,0,0,0,505,3,42,0
1990,24,2,0,0,0,0,889,3,40,0
1990,53,1,0,0,0,0,243,3,50,0
1990,52,2,0,0,0,0,303,5,25,0
1990,21,1,1,0,0,0,599,0,40,0
1990,37,1,0,0,0,1,213,1,40,0
1990,38,2,0,0,0,1,253,4,40,0
1990,74,2,0,0,0,0,0,0,0,0
1990,76,1,0,0,0,1,0,0,0,0
1990,23,1,1,0,0,0,804,3,40,0
1990,24,2,1,0,0,0,449,5,30,0
1990,37,2,2,0,0,0,709,1,40,0
1990,42,1,0,0,0,0,22,0,36,0
1990,39,2,0,0,0,0,889,1,40,0
1990,44,1,0,0,0,0,783,1,45,0
1990,41,2,0,0,0,0,164,5,35,0
1990,46,2,0,0,0,1,159,5,30,0
1990,48,1,0,0,0,1,156,5,40,0
1990,22,1,1,0,0,1,523,6,40,0
1990,28,2,0,0,0,1,467,5,4,0
1990,27,1,0,0,0,1,575,0,40,0
1990,68,1,0,0,0,0,0,0,0,0
1990,62,2,0,0,0,0,0,0,0,0
1990,34,1,0,0,0,0,567,0,40,0
1990,31,2,0,0,0,0,796,1,0,0
1990,39,2,2,0,0,1,22,4,40,0
1990,32,2,1,0,0,0,389,3,40,0
1990,23,1,0,0,0,0,22,4,75,0
1990,30,2,0,0,0,1,337,4,40,0
1990,59,1,0,0,0,0,783,1,45,0
1990,51,2,0,0,0,0,0,0,0,0
1990,38,1,0,0,0,1,567,0,40,0
1990,36,2,0,0,0,1,15,5,24,0
1990,67,2,3,0,0,0,447,4,20,0
1990,30,1,0,0,0,1,628,1,40,0
1990,28,2,0,0,0,0,389,4,40,0
1990,43,1,0,0,2,1,637,1,50,0
1990,34,2,0,0,0,0,277,3,30,0
1990,39,1,3,0,0,0,637,1,40,0
1990,32,2,2,0,0,0,737,1,40,0
1990,29,2,0,0,0,0,313,5,40,0
1990,32,1,0,0,0,0,628,1,44,0
1990,68,1,2,0,0,1,0,0,0,0
1990,66,2,3,0,0,0,0,0,0,0
1990,70,2,3,0,0,0,0,0,0,0
1990,36,1,0,0,0,0,779,3,55,0
1990,32,2,0,0,0,0,466,5,20,0
1990,19,1,1,0,0,0,486,6,40,0
1990,46,2,0,0,0,0,0,0,0,0
1990,49,1,0,0,0,0,804,2,46,0
1990,24,1,0,0,0,1,417,6,72,0
1990,23,2,0,0,0,0,315,6,40,0
1990,48,1,2,0,0,0,765,1,37,0
1990,30,1,0,0,0,0,486,5,48,0
1990,30,2,0,0,0,0,426,4,12,0
1990,43,1,0,0,0,0,243,3,60,0
1990,47,2,0,0,0,0,628,1,37,0
1990,49,1,0,0,0,1,263,3,40,1
1990,44,2,0,0,0,1,0,0,0,0
1990,18,2,3,0,0,0,276,3,27,0
1990,19,2,1,0,0,1,435,5,30,0
1990,63,1,1,0,0,0,0,0,0,0
1990,72,2,1,0,0,0,0,0,0,0
1990,68,2,1,0,0,0,0,0,0,0
1990,77,2,3,0,0,0,0,0,0,0
1990,76,1,0,0,0,0,0,0,0,0
1990,76,2,0,0,0,0,0,0,0,0
1990,48,2,2,0,2,1,313,5,40,0
1990,19,1,1,0,0,0,444,3,26,0
1990,54,1,2,0,0,0,254,2,40,0
1990,57,2,1,0,0,0,335,4,37,0
1990,39,2,2,0,0,1,64,4,50,0
1990,27,2,3,0,0,0,319,4,0,0
1990,26,1,3,0,0,0,523,2,50,0
1990,71,1,0,0,0,0,453,3,8,0
1990,69,2,0,0,0,0,313,6,62,0
1990,65,1,0,0,0,1,243,4,40,1
1990,60,2,0,0,0,1,319,5,34,0
1990,55,1,0,0,2,1,379,6,0,0
1990,50,2,0,0,4,0,22,1,40,0
1990,55,1,0,0,0,1,243,3,0,0
1990,54,2,0,0,0,0,243,3,30,0
1990,58,2,3,0,0,0,449,5,0,0
1990,31,1,0,0,0,0,557,0,42,0
1990,30,2,0,0,0,0,313,4,50,0
1990,32,1,0,0,0,1,806,1,50,0
1990,30,2,0,0,0,0,466,5,5,0
1990,43,1,0,0,0,0,856,2,40,0
1990,43,2,0,0,0,0,375,4,40,0
1990,50,2,1,0,0,1,84,5,80,1
1990,35,1,1,0,0,0,579,0,0,0
1990,42,1,0,0,0,0,479,0,50,0
1990,46,2,0,0,0,0,889,1,40,0
1990,22,1,1,0,0,0,567,0,40,0
1990,63,1,0,0,0,0,453,5,40,0
1990,51,2,0,0,0,0,683,1,0,0
1990,66,1,0,0,0,1,84,5,0,1
1990,61,2,0,0,0,1,0,0,0,0
1990,39,1,0,0,0,1,634,1,40,0
1990,41,2,0,0,0,0,303,4,40,0
1990,73,1,0,0,0,0,0,0,0,0
1990,69,2,0,0,0,0,0,0,0,0
1990,36,1,0,0,0,1,22,0,40,0
1990,26,2,0,0,0,1,23,1,40,0
1990,77,2,2,0,0,1,0,0,0,0
1990,46,1,2,0,0,1,157,5,40,0
1990,44,2,2,0,0,1,0,0,0,0
1990,32,1,0,0,0,0,307,1,58,0
1990,27,2,0,0,0,1,385,4,37,0
1990,60,1,0,0,0,0,726,1,40,0
1990,54,2,0,0,0,0,243,3,40,0
1990,30,1,1,0,0,0,354,2,40,0
1990,51,2,0,0,0,1,95,5,0,0
1990,59,1,0,0,0,1,3,6,10,1
1990,64,1,0,0,0,0,479,0,55,0
1990,62,2,0,0,0,0,355,2,0,0
1990,18,2,1,0,0,0,276,3,42,0
1990,31,1,1,0,0,0,426,4,48,0
1990,36,1,0,0,0,1,96,3,40,1
1990,39,2,0,0,3,1,96,3,27,0
1990,42,1,0,0,0,0,759,1,40,0
1990,38,2,0,0,0,0,785,1,40,0
1990,26,1,3,0,0,1,628,1,40,0
1990,46,2,2,0,0,1,796,1,40,0
1990,26,1,1,3,3,0,779,1,50,0
1990,52,2,0,0,0,1,156,5,50,0
1990,52,1,0,0,0,1,37,1,60,0
1990,22,1,1,0,0,1,387,5,0,0
1990,18,1,1,0,0,1,276,3,45,0
1990,20,1,1,0,0,1,159,4,40,0
1990,20,1,1,0,0,1,889,4,47,0
1990,48,2,0,0,0,1,259,1,50,1
1990,51,1,0,0,0,1,259,3,68,1
1990,48,1,0,0,0,0,579,0,40,0
1990,39,2,0,0,0,0,339,5,0,0
1990,80,1,0,0,0,0,0,0,0,0
1990,79,2,0,0,0,0,0,0,0,0
1990,49,2,0,0,0,1,156,5,35,0
1990,48,1,0,0,0,1,253,4,38,0
1990,24,1,1,0,0,1,335,5,37,0
1990,59,1,0,0,0,0,448,2,40,0
1990,54,2,0,0,0,0,433,3,38,0
1990,31,1,1,0,0,0,694,2,40,0
1990,23,1,0,0,0,1,156,5,0,0
1990,22,2,0,0,0,1,458,4,40,0
1990,28,1,0,0,0,1,259,3,50,0
1990,24,2,0,3,3,0,0,0,0,0
1990,52,2,2,0,0,1,22,5,40,0
1990,64,1,0,0,0,0,669,1,40,0
1990,60,2,0,0,0,0,274,3,40,0
1990,31,2,0,0,0,1,95,5,20,0
1990,31,1,0,0,0,1,57,1,45,0
1990,53,2,0,0,0,0,447,5,0,0
1990,55,1,0,0,0,0,0,0,0,0
1990,33,2,1,0,0,1,22,4,30,0
1990,26,1,1,0,0,0,599,0,48,0
1990,33,1,0,0,0,0,508,2,47,1
1990,29,2,0,0,0,1,22,3,0,0
1990,38,2,2,0,0,0,683,1,40,0
1990,65,2,2,0,0,0,0,0,0,0
1990,39,1,0,0,0,1,628,1,40,0
1990,23,2,0,0,0,0,628,1,40,0
1990,46,1,0,0,0,0,243,3,60,0
1990,46,2,0,0,0,0,274,3,20,0
1990,20,1,1,0,0,0,877,3,40,0
1990,44,1,0,2,0,0,355,2,40,0
1990,29,2,0,0,0,0,785,1,40,0
1990,71,2,3,0,0,0,0,0,0,0
1990,42,1,0,0,0,1,188,5,50,0
1990,41,2,0,0,0,1,254,4,50,1
1990,68,1,3,0,2,0,363,3,20,0
1990,34,2,0,0,0,1,234,5,48,0
1990,40,1,0,0,0,0,585,5,40,0
1990,32,2,3,0,0,0,435,3,0,0
1990,29,1,0,0,0,1,22,1,40,0
1990,26,2,0,0,0,1,304,4,40,0
1990,68,2,3,0,0,0,373,3,20,0
1990,30,1,1,0,0,1,213,1,57,0
1990,23,2,0,0,0,1,95,5,45,0
1990,24,1,0,0,0,1,53,0,45,0
1990,31,1,0,0,0,1,23,5,50,0
1990,28,2,0,0,0,1,337,5,35,0
1990,18,2,1,0,0,0,208,3,20,0
1990,41,1,0,0,0,0,17,3,55,0
1990,38,2,0,0,0,0,188,4,15,0
1990,38,1,0,0,0,1,213,5,40,0
1990,37,2,0,0,0,0,313,5,35,0
1990,27,1,0,0,0,0,573,0,40,0
1990,25,2,0,0,0,0,254,4,40,0
1990,48,1,0,0,0,0,473,0,70,0
1990,43,2,0,0,0,0,475,0,61,0
1990,21,2,1,0,0,0,319,1,40,0
1990,19,1,1,0,0,0,479,0,40,0
1990,69,1,3,0,0,1,159,6,16,0
1990,47,2,2,0,0,1,0,0,0,0
1990,42,1,0,0,0,1,13,1,70,1
1990,41,2,0,0,0,0,0,0,0,0
1990,46,1,0,0,0,1,157,5,40,0
1990,46,2,0,0,0,1,234,5,40,0
1990,51,1,0,0,0,1,337,3,60,0
1990,49,2,0,0,0,1,453,3,60,0
1990,19,2,1,0,0,1,885,3,0,0
1990,32,2,2,0,0,1,22,0,48,0
1990,27,1,1,0,0,1,799,3,55,0
1990,65,1,0,0,0,1,22,1,48,0
1990,51,2,0,0,0,0,313,1,16,0
1990,38,1,0,0,0,1,267,3,50,1
1990,37,2,0,0,0,0,64,1,40,0
1990,19,1,1,0,0,0,877,3,30,0
1990,30,1,0,0,0,1,567,0,45,0
1990,29,2,0,0,0,1,204,5,40,0
1990,68,1,3,0,0,1,885,3,42,0
1990,69,1,0,0,0,1,17,4,0,0
1990,76,2,0,0,0,0,327,2,0,0
1990,30,2,0,0,0,0,376,1,40,0
1990,27,1,0,0,0,1,637,1,47,0
1990,58,1,0,0,0,0,553,0,40,0
1990,32,2,0,0,0,0,877,3,0,0
1990,27,2,0,0,0,1,318,2,45,0
1990,32,1,0,0,0,0,505,3,50,1
1990,37,1,0,0,0,1,567,0,40,0
1990,37,2,0,0,0,1,744,1,40,0
1990,38,1,0,0,0,0,787,1,40,0
1990,31,2,0,0,0,0,628,1,0,0
1990,31,1,0,0,0,0,567,0,40,0
1990,30,2,0,0,0,0,447,5,40,0
1990,36,1,0,0,0,1,505,1,45,0
1990,32,2,0,0,0,0,407,4,45,0
1990,21,2,1,0,0,0,799,3,40,0
1990,46,2,2,0,0,1,313,5,40,0
1990,44,1,0,0,0,0,22,0,45,1
1990,41,2,0,0,0,0,0,0,0,0
1990,20,1,1,0,0,0,596,0,40,0
1990,18,2,1,0,0,0,274,3,30,0
1990,41,1,0,0,0,1,6,6,60,0
1990,34,2,0,0,0,0,14,5,36,0
1990,76,1,0,0,0,1,85,5,48,1
1990,68,2,0,0,0,1,313,1,48,0
1990,35,1,1,0,0,1,229,4,40,0
1990,37,1,0,0,0,1,696,0,46,0
1990,33,2,0,0,0,1,156,5,38,0
1990,63,1,0,0,0,1,235,6,20,1
1990,62,2,0,0,0,1,0,0,0,0
1990,70,1,0,0,0,1,0,0,0,0
1990,67,2,0,0,0,1,0,0,0,0
1990,34,2,2,0,2,0,447,5,40,0
1990,68,2,3,0,2,0,0,0,0,0
1990,31,2,3,0,0,0,508,2,40,0
1990,30,2,2,0,0,0,313,1,40,0
1990,24,1,1,0,0,1,213,1,40,0
1990,36,2,3,0,0,1,213,1,44,0
1990,31,1,0,0,0,0,503,3,50,0
1990,29,2,0,0,0,0,0,0,0,0
1990,75,2,3,0,0,0,0,0,0,0
1990,58,1,0,0,0,1,56,1,40,0
1990,55,2,0,0,0,1,337,1,25,0
1990,21,1,1,0,0,1,877,3,20,0
1990,38,2,2,0,0,0,319,2,43,0
1990,39,2,2,0,0,1,22,2,40,0
1990,34,1,1,0,0,1,263,3,45,0
1990,21,2,1,0,0,1,276,3,35,0
1990,33,2,0,0,0,1,259,3,50,1
1990,40,1,0,0,0,1,159,1,50,1
1990,56,1,0,0,0,0,243,3,44,0
1990,53,2,0,0,0,0,277,3,20,0
1990,21,2,1,0,0,1,379,3,40,0
1990,72,2,2,0,0,0,0,0,0,0
1990,65,2,0,0,0,0,276,3,0,0
1990,52,1,1,0,0,0,253,4,0,0
1990,75,2,1,0,0,1,0,0,0,0
1990,71,2,1,0,0,1,0,0,0,0
1990,55,1,0,0,0,1,8,6,40,0
1990,51,2,0,0,0,0,243,3,50,0
1990,27,1,1,0,0,1,804,3,40,0
1990,27,1,1,0,0,0,734,4,40,0
1990,23,2,1,0,0,1,103,5,40,0
1990,25,2,3,0,0,0,433,5,40,0
1990,71,2,0,0,0,0,0,0,0,0
1990,46,1,2,0,0,1,57,2,43,1
1990,37,2,1,0,0,0,785,1,46,0
1990,75,1,3,0,0,0,0,0,0,0
1990,41,1,1,0,0,0,575,0,40,0
1990,37,1,1,0,0,0,575,0,40,0
1990,64,1,3,0,0,0,877,3,20,0
1990,40,1,1,0,0,0,785,1,40,0
1990,20,2,1,0,0,0,779,3,40,0
1990,27,2,1,0,0,0,185,0,0,0
1990,40,1,0,0,0,1,257,4,50,0
1990,37,2,0,0,0,1,21,5,42,0
1990,23,2,1,0,0,0,375,4,40,0
1990,35,2,2,0,0,0,447,4,24,0
1990,32,1,1,0,0,0,567,0,0,0
1990,30,1,0,0,0,1,389,4,40,0
1990,28,2,0,0,0,1,8,4,40,0
1990,46,2,2,0,0,1,95,5,40,0
1990,23,1,1,0,0,1,17,3,45,0
1990,21,1,1,0,0,1,558,0,8,0
1990,19,2,1,0,0,1,383,4,8,0
1990,31,1,0,0,0,0,259,3,40,0
1990,29,2,0,0,0,1,8,3,45,0
1990,59,1,0,0,0,0,0,0,0,0
1990,58,2,0,0,0,0,753,1,40,0
1990,33,1,0,0,0,0,567,0,40,0
1990,34,2,0,0,0,0,738,1,0,0
1990,31,1,1,0,0,1,243,3,40,1
1990,76,2,3,0,0,0,0,0,0,0
1990,43,2,1,0,0,1,95,5,36,0
1990,42,1,0,0,0,1,259,3,46,1
1990,42,2,0,0,0,1,157,5,40,0
1990,22,2,1,0,0,0,889,3,40,0
1990,21,2,1,0,0,1,259,1,30,0
1990,65,1,0,0,0,0,523,2,0,0
1990,60,2,0,0,0,0,808,2,38,0
1990,24,2,1,0,0,1,208,0,40,0
1990,24,1,1,0,0,1,505,3,55,0
1990,22,2,1,0,0,1,315,1,40,0
1990,48,1,0,0,0,0,243,3,50,1
1990,48,2,0,0,0,0,254,4,40,0
1990,34,2,0,0,0,1,21,5,40,0
1990,32,1,0,0,0,1,33,1,50,0
1990,75,2,2,0,0,0,0,0,0,0
1990,40,1,0,0,0,0,243,3,50,0
1990,33,2,0,0,0,0,0,0,0,0
1990,34,1,0,0,0,1,53,5,40,0
1990,34,2,0,0,0,1,156,5,0,0
1990,65,1,0,0,0,0,0,0,0,0
1990,66,2,0,0,0,0,0,0,0,0
1990,44,1,0,0,0,1,9,1,50,1
1990,42,2,0,0,0,1,156,5,0,0
1990,47,1,0,0,0,1,22,1,40,0
1990,44,2,0,0,0,1,22,1,50,0
1990,26,1,0,0,0,0,159,6,40,0
1990,22,2,0,0,0,0,888,1,20,0
1990,28,1,1,1,0,1,22,6,40,0
1990,37,1,0,1,0,1,706,1,40,0
1990,32,2,0,0,0,0,796,1,40,0
1990,32,1,0,0,0,1,783,1,50,0
1990,28,2,0,0,0,1,229,1,45,0
1990,36,2,3,3,0,0,683,1,40,0
1990,33,1,0,0,0,0,549,0,50,0
1990,32,2,0,0,0,0,435,3,40,0
1990,41,1,0,0,0,1,628,1,40,0
1990,43,2,0,0,0,1,683,1,40,0
1990,20,1,1,0,0,1,779,1,40,0
1990,45,2,2,0,0,1,8,4,50,1
1990,20,1,1,0,0,0,364,3,40,0
1990,28,1,0,0,0,1,257,5,55,0
1990,29,2,0,0,0,1,23,1,45,0
1990,46,2,2,0,0,1,0,0,0,0
1990,33,1,2,0,0,1,55,1,70,1
1990,30,2,2,0,0,1,243,3,45,0
1990,74,1,0,0,0,0,0,0,0,0
1990,69,2,0,0,0,0,0,0,0,0
1990,43,2,2,0,0,1,22,4,40,0
1990,23,1,0,0,0,1,156,5,45,0
1990,23,2,0,0,0,1,375,4,45,0
1990,19,1,1,0,0,0,383,4,20,0
1990,52,1,0,0,0,1,14,5,46,1
1990,48,2,0,0,0,0,319,5,22,0
1990,38,1,3,0,0,1,22,4,50,0
1990,36,2,2,0,0,1,234,5,50,1
1990,45,1,1,0,0,1,22,5,35,0
1990,47,1,0,0,0,0,503,3,55,0
1990,44,2,0,0,0,1,22,1,40,1
1990,23,2,1,0,0,1,456,4,40,0
1990,34,2,2,0,0,1,27,3,60,1
1990,33,2,0,0,0,1,8,1,40,0
1990,40,1,0,0,0,1,64,6,40,0
1990,42,1,0,0,0,1,56,1,42,1
1990,38,2,0,0,0,0,264,3,40,0
1990,20,1,1,0,0,0,804,3,10,0
1990,59,1,3,0,0,0,0,0,0,0
1990,45,2,1,0,0,1,315,3,40,0
1990,69,2,3,0,0,0,435,3,0,0
1990,59,2,2,0,0,1,14,5,37,1
1990,39,1,2,0,0,0,527,2,40,0
1990,36,2,1,0,0,0,313,1,40,0
1990,51,2,2,0,0,0,785,1,40,0
1990,53,1,2,0,0,0,505,3,42,0
1990,30,1,0,0,0,0,804,2,40,0
1990,28,2,0,0,0,0,379,0,0,0
1990,35,1,1,0,0,1,7,3,42,0
1990,30,1,1,0,0,0,505,4,70,0
1990,28,2,1,0,0,0,263,3,48,0
1990,49,1,0,0,0,1,749,1,50,0
1990,42,2,0,0,0,0,313,4,50,0
1990,34,1,0,0,0,0,22,0,60,1
1990,34,2,0,0,0,1,0,0,0,0
1990,43,1,0,0,0,0,558,0,40,0
1990,39,2,0,0,0,0,744,1,40,0
1990,39,1,0,0,0,0,878,1,40,0
1990,37,2,0,0,0,0,449,5,0,0
1990,19,1,1,0,0,1,444,3,12,0
1990,42,1,0,0,0,0,518,1,40,0
1990,40,2,0,0,0,0,754,1,50,0
1990,49,1,0,0,0,1,154,5,30,1
1990,47,2,0,0,0,1,95,5,25,0
1990,23,1,1,0,0,1,17,3,25,0
1990,19,2,1,0,0,1,427,5,20,0
1990,25,1,0,0,0,0,628,1,40,0
1990,24,2,0,0,0,0,276,3,12,0
1990,32,1,0,0,0,1,386,1,40,0
1990,32,2,0,0,0,0,337,1,21,0
1990,75,2,0,0,4,0,0,0,0,0
1990,60,1,0,0,0,0,634,2,25,0
1990,56,2,0,0,0,0,688,3,0,0
1990,25,1,0,0,0,0,804,2,40,0
1990,24,2,0,0,0,0,376,4,20,0
1990,32,1,0,0,0,1,178,5,60,1
1990,32,2,0,0,0,1,95,5,16,0
1990,69,1,0,0,0,0,0,0,0,0
1990,69,2,0,0,0,0,0,0,0,0
1990,38,1,1,0,0,1,56,1,40,0
1990,34,1,1,0,0,0,785,1,40,0
1990,30,2,1,0,0,1,206,5,40,0
1990,48,1,0,0,2,0,505,3,50,0
1990,45,2,0,0,0,1,808,2,10,0
1990,20,1,3,0,0,0,808,2,30,0
1990,19,1,1,0,0,0,364,3,15,0
1990,58,2,0,0,0,0,303,5,40,0
1990,59,1,0,0,0,0,687,3,48,0
1990,31,1,0,0,0,1,327,1,40,0
1990,32,2,0,0,0,0,375,4,40,0
1990,49,1,2,0,0,1,25,3,40,1
1990,59,1,0,0,0,0,558,0,40,0
1990,61,2,0,0,0,0,313,6,37,0
1990,60,2,3,0,2,1,22,3,40,0
1990,35,1,2,0,0,1,523,1,45,0
1990,58,1,0,0,0,0,808,5,15,0
1990,55,2,0,0,0,1,95,5,0,0
1990,64,1,0,0,0,0,259,3,40,0
1990,65,2,0,0,0,0,777,1,45,0
1990,52,1,0,0,0,0,486,0,60,0
1990,46,2,0,0,0,1,444,5,40,0
1990,22,1,1,0,0,1,269,3,40,0
1990,64,1,0,0,0,1,259,3,40,1
1990,59,2,0,0,0,0,339,3,0,0
1990,40,1,0,0,0,1,8,5,50,0
1990,38,2,0,0,0,0,313,3,40,0
1990,19,1,1,0,0,0,276,3,20,0
1990,49,1,1,0,0,0,444,3,30,0
1990,22,2,1,0,0,0,8,3,55,0
1990,62,1,0,0,0,0,516,4,47,0
1990,25,1,1,0,0,0,883,3,45,0
1990,59,2,0,0,0,1,337,6,18,0
1990,35,1,0,0,0,1,274,3,60,0
1990,35,2,0,0,1,0,337,4,40,0
1990,59,2,3,0,1,0,889,1,40,0
1990,76,1,1,0,0,0,0,0,0,0
1990,35,1,0,0,0,1,22,3,60,0
1990,31,2,0,0,0,1,254,4,30,0
1990,46,1,0,0,0,1,8,1,40,0
1990,41,2,0,0,0,1,22,4,40,0
1990,20,2,1,0,0,1,365,3,30,0
1990,29,1,1,0,1,1,185,4,40,0
1990,28,2,1,0,0,1,267,3,40,0
1990,74,2,2,0,0,0,0,0,0,0
1990,70,1,0,0,0,1,35,6,20,0
1990,66,2,0,0,0,1,0,0,0,0
1990,34,1,0,0,0,0,779,2,40,0
1990,34,2,0,0,0,1,22,5,40,0
1990,62,2,3,0,0,0,0,0,0,0
1990,51,1,0,0,0,1,903,6,60,1
1990,26,2,0,0,0,1,64,4,40,1
1990,43,1,1,0,0,1,23,5,45,1
1990,45,1,2,0,0,1,59,1,40,1
1990,60,1,0,0,0,1,575,0,30,0
1990,62,2,0,0,0,1,0,0,0,0
1990,25,1,0,0,0,0,224,1,60,0
1990,25,2,0,0,0,0,276,3,40,0
1990,20,2,1,0,0,1,466,5,20,0
1990,29,1,1,0,0,1,157,5,35,0
1990,34,2,2,0,0,0,779,1,32,0
1990,26,1,1,0,0,1,575,1,0,0
1990,22,1,1,0,0,0,515,6,40,0
1990,32,2,0,0,0,1,647,3,30,0
1990,32,1,0,0,0,1,227,6,45,0
1990,27,1,1,0,0,1,257,2,40,1
1990,24,2,1,0,0,1,185,4,40,0
1990,66,1,0,0,0,0,567,4,40,0
1990,64,2,0,0,0,0,448,5,32,0
1990,64,1,0,0,0,0,459,5,30,0
1990,63,2,0,0,0,0,274,3,20,0
1990,28,1,0,0,0,1,459,4,41,0
1990,27,2,0,0,2,1,308,4,40,0
1990,64,1,0,0,0,1,14,5,40,1
1990,61,2,0,0,0,1,379,5,16,0
1990,35,1,2,0,0,1,684,1,60,0
1990,23,2,1,0,0,1,459,4,20,0
1990,32,2,1,0,0,1,459,5,50,0
1990,41,1,2,0,0,1,459,5,40,0
1990,30,2,3,0,0,0,459,5,30,0
1990,60,1,0,0,0,1,0,0,0,0
1990,57,2,0,0,0,0,0,0,0,0
1990,49,1,0,0,0,0,464,5,40,0
1990,46,2,0,0,0,0,435,5,30,0
1990,65,2,3,0,0,0,379,0,32,0
1990,22,1,1,0,0,0,436,3,40,0
1990,71,2,1,0,0,0,0,0,0,1
1990,27,1,1,1,0,0,444,3,40,0
1990,41,1,3,1,0,0,856,6,40,0
1990,20,1,1,1,0,1,0,0,0,0
1990,19,1,1,1,0,0,356,4,40,0
1990,32,2,0,0,0,0,444,5,35,0
1990,36,1,0,0,1,0,453,6,40,0
1990,71,1,0,1,0,0,462,5,0,0
1990,68,2,0,1,0,0,156,5,0,0
1990,38,1,1,0,0,0,579,0,40,0
1990,65,2,1,0,0,1,23,5,40,0
1990,32,1,1,0,0,0,856,0,40,0
1990,34,1,2,1,0,0,453,4,40,0
1990,76,1,3,0,0,0,0,0,0,0
1990,47,2,1,0,0,0,785,1,40,0
1990,76,1,0,0,0,0,0,0,0,0
1990,72,2,0,0,0,0,0,0,0,0
1990,63,2,3,0,0,0,453,5,40,0
1990,41,1,1,0,0,1,415,5,40,0
1990,52,1,0,0,0,1,255,4,40,1
1990,47,2,0,0,0,1,174,5,35,0
1990,53,1,0,0,0,0,0,0,0,0
1990,51,2,0,0,0,0,436,5,18,0
1990,31,1,2,0,0,0,883,5,40,0
1990,20,1,1,0,0,0,577,2,40,0
1990,73,1,2,0,0,1,303,4,0,0
1990,64,1,0,0,0,1,259,3,50,1
1990,62,2,0,0,0,0,0,0,0,0
1990,73,1,0,0,0,0,567,1,5,0
1990,68,2,0,0,0,0,0,0,0,0
1990,42,1,0,0,0,0,414,6,40,0
1990,42,2,0,0,0,0,276,3,40,0
1990,64,1,2,0,0,0,806,4,40,0
1990,79,1,0,0,0,0,0,0,0,0
1990,68,2,0,0,0,0,0,0,0,0
1990,46,2,1,0,0,0,319,5,40,0
1990,80,1,0,0,0,0,0,0,0,0
1990,73,2,0,0,0,1,0,0,0,0
1990,37,2,3,0,0,0,276,5,48,0
1990,20,1,1,0,0,0,443,5,40,0
1990,30,1,0,1,0,0,335,1,40,0
1990,30,2,0,1,0,0,447,5,40,0
1990,38,1,0,0,0,1,696,1,50,0
1990,37,2,0,0,0,0,385,4,28,0
1990,19,2,1,0,0,1,275,4,30,0
1990,62,1,0,0,0,0,577,2,21,0
1990,60,2,0,0,0,0,337,2,0,0
1990,38,1,2,0,0,0,853,0,40,0
1990,23,1,1,0,2,1,243,3,40,0
1990,24,1,1,0,2,1,243,3,40,0
1990,41,1,3,0,0,1,253,4,40,1
1990,28,2,1,0,0,1,253,4,40,0
1990,49,2,0,0,0,1,155,6,40,0
1990,59,1,0,0,0,0,22,0,30,0
1990,48,1,0,0,2,0,458,4,40,0
1990,43,2,0,0,2,0,779,1,40,0
1990,48,2,0,0,0,1,0,0,0,0
1990,45,1,0,0,0,1,243,3,40,1
1990,22,1,1,0,0,0,426,6,40,0
1990,18,2,1,0,0,1,435,3,20,0
1990,18,1,1,0,0,0,365,3,30,0
1990,45,1,0,3,0,1,579,0,30,0
1990,41,2,0,0,0,1,579,0,0,0
1990,24,1,1,0,0,0,579,0,40,0
1990,66,1,0,0,0,0,637,1,30,0
1990,62,2,0,0,0,0,744,1,12,0
1990,32,2,0,0,0,1,157,5,6,0
1990,33,1,0,0,0,1,804,2,40,0
1990,44,2,2,0,0,0,785,1,40,0
1990,22,2,1,0,0,1,7,4,35,0
1990,76,2,3,0,0,0,0,0,0,0
1990,64,1,0,0,0,0,575,5,0,0
1990,46,2,0,0,0,0,0,0,0,0
1990,31,1,0,0,0,0,869,0,50,0
1990,26,2,0,0,0,1,744,1,2,0
1990,51,2,2,0,0,1,459,5,40,0
1990,47,1,2,0,0,0,558,0,40,1
1990,46,2,1,0,0,0,379,4,47,0
1990,51,1,0,0,0,1,22,3,40,0
1990,26,2,0,0,0,0,313,5,40,0
1990,49,1,0,0,0,0,22,0,40,1
1990,44,2,0,0,0,1,435,3,32,0
1990,75,2,3,0,0,0,0,0,0,0
1990,43,1,0,0,0,1,534,4,40,0
1990,38,2,0,0,0,0,0,0,0,0
1990,35,1,0,0,0,0,567,0,40,0
1990,26,2,0,0,0,0,435,3,20,0
1990,61,1,0,0,0,0,535,4,0,0
1990,58,2,0,0,0,0,373,5,40,0
1990,34,1,1,0,0,1,318,2,40,0
1990,42,1,0,0,0,0,869,0,40,0
1990,37,2,0,0,0,0,276,3,25,0
1990,47,2,3,0,0,0,883,1,45,0
1990,23,1,1,0,0,0,806,3,45,0
1990,18,2,1,0,0,0,436,3,30,0
1990,45,1,0,0,0,0,417,4,40,0
1990,43,2,0,0,0,0,24,4,37,0
1990,22,2,1,0,0,1,155,5,40,0
1990,20,2,1,0,0,1,0,0,0,0
1990,72,2,3,0,0,0,0,0,0,0
1990,49,2,2,0,0,0,274,3,40,0
1990,23,1,0,0,0,0,567,0,40,0
1990,25,2,0,0,0,0,317,4,40,0
1990,49,1,2,0,0,1,178,6,40,1
1990,68,1,1,0,0,0,383,4,0,0
1990,58,1,1,1,0,1,357,4,40,0
1990,40,2,2,0,0,1,156,5,35,0
1990,27,2,0,0,0,1,257,2,40,0
1990,27,1,0,0,2,1,17,4,55,0
1990,36,1,0,0,1,0,17,3,72,0
1990,39,2,0,1,0,0,0,0,0,0
1990,44,1,0,0,0,1,14,5,55,1
1990,43,2,0,0,0,1,156,5,20,0
1990,41,1,0,0,0,1,536,4,40,0
1990,40,2,0,0,0,0,337,4,48,0
1990,18,1,1,0,0,0,567,0,40,0
1990,74,2,3,0,0,1,458,4,25,1
1990,62,2,2,0,0,1,0,0,0,0
1990,46,1,0,0,0,1,226,2,20,1
1990,42,2,0,0,0,0,313,6,40,0
1990,44,1,2,0,0,1,575,0,70,0
1990,74,1,0,0,0,0,804,2,0,0
1990,66,2,0,0,0,0,0,0,0,0
1990,75,1,0,0,0,1,829,3,40,0
1990,70,2,0,0,0,0,0,0,0,0
1990,62,2,3,0,0,1,156,5,15,0
1990,72,1,0,0,0,0,0,0,0,0
1990,70,2,0,0,0,0,0,0,0,0
1990,49,2,0,0,0,1,17,4,45,0
1990,25,1,1,0,0,1,434,3,45,0
1990,54,1,0,0,0,1,67,4,40,0
1990,31,2,1,0,0,1,99,5,40,0
1990,22,1,0,0,0,0,575,6,40,0
1990,18,2,0,0,0,0,435,3,40,0
1990,50,1,0,0,0,1,8,2,50,1
1990,48,2,0,0,0,1,313,5,0,0
1990,22,2,1,0,0,1,156,5,35,0
1990,43,1,0,0,0,1,426,4,40,0
1990,38,2,0,0,0,1,313,5,40,0
1990,32,2,3,0,0,0,193,5,30,0
1990,31,1,2,0,0,0,424,6,60,0
1990,32,2,1,0,0,0,779,1,40,0
1990,36,1,2,0,0,0,22,0,65,0
1990,80,1,0,0,0,0,0,0,0,0
1990,77,2,0,0,0,0,0,0,0,0
1990,67,1,0,0,0,0,0,0,0,0
1990,65,2,0,0,0,0,0,0,0,0
1990,63,1,0,0,0,0,585,1,0,0
1990,60,2,0,0,0,0,0,0,0,0
1990,66,2,3,0,0,0,37,3,0,0
1990,34,1,2,0,0,1,17,3,40,0
1990,58,1,0,0,0,1,258,3,50,1
1990,53,2,0,0,0,1,0,0,0,0
1990,65,1,0,0,0,0,808,5,20,0
1990,61,2,0,0,0,0,0,0,0,0
1990,69,2,3,0,0,0,0,0,0,0
1990,42,1,0,0,0,1,585,0,48,0
1990,29,2,0,0,0,0,434,3,9,0
1990,47,1,0,0,0,0,243,3,60,0
1990,51,2,0,0,2,0,243,3,40,0
1990,34,2,2,0,0,0,435,3,40,0
1990,72,1,0,0,0,0,585,0,40,0
1990,72,2,0,0,0,0,0,0,0,0
1990,68,2,2,0,0,1,0,0,0,0
1990,57,1,0,0,0,1,254,4,60,0
1990,54,2,0,0,0,0,0,0,0,0
1990,33,2,1,0,0,1,418,6,40,0
1990,44,1,0,0,0,1,418,6,40,0
1990,43,2,0,0,0,1,338,3,32,0
1990,20,1,1,0,0,0,424,6,40,0
1990,19,2,1,0,0,0,754,3,0,0
1990,56,1,0,0,0,0,585,2,40,0
1990,50,2,0,0,0,0,274,3,9,0
1990,26,2,1,0,0,0,337,3,40,0
1990,42,1,0,0,0,1,157,5,45,0
1990,41,2,0,1,0,1,17,3,65,0
1990,59,1,0,0,0,0,848,3,60,0
1990,35,2,0,0,0,1,748,5,40,0
1990,32,2,1,0,0,0,0,0,0,0
1990,71,1,3,0,0,0,875,2,0,0
1990,64,2,3,0,0,0,276,3,20,0
1990,64,1,0,0,0,0,274,3,25,0
1990,58,2,0,0,0,0,383,4,35,0
1990,43,1,0,0,0,0,834,6,40,0
1990,39,2,0,0,0,0,365,3,40,0
1990,18,2,1,0,0,0,276,3,15,0
1990,46,1,0,0,0,0,457,4,43,0
1990,42,2,0,0,0,0,457,4,26,0
1990,23,1,0,0,0,0,596,0,40,0
1990,23,2,0,0,0,1,235,0,40,0
1990,60,2,2,1,0,0,467,5,0,0
1990,38,1,0,0,0,1,243,3,40,1
1990,34,2,0,0,0,0,314,3,10,0
1990,20,1,1,0,0,0,904,6,40,0
1990,31,1,0,0,0,0,479,0,50,0
1990,33,2,0,0,0,0,253,4,42,0
1990,38,1,0,0,0,1,696,1,40,1
1990,33,2,0,0,0,0,313,5,36,0
1990,25,1,2,1,0,0,804,3,60,0
1990,56,2,3,0,0,0,0,0,0,0
1990,20,1,1,0,0,1,534,1,40,0
1990,31,1,0,0,0,0,628,2,22,0
1990,36,2,0,0,0,1,0,0,0,0
1990,80,2,3,0,0,0,0,0,0,0
1990,20,1,1,0,0,0,869,0,40,0
1990,20,2,1,0,0,0,0,0,0,0
1990,57,1,3,1,0,0,804,2,40,0
1990,28,2,3,1,0,0,785,0,40,0
1990,34,2,3,1,0,1,447,5,40,0
1990,31,1,3,1,0,0,887,2,0,0
1990,33,1,0,0,0,0,453,5,0,0
1990,31,2,0,0,0,0,313,5,15,0
1990,33,1,0,0,0,0,453,2,40,0
1990,34,2,0,0,0,0,453,4,13,0
1990,73,1,0,0,0,0,804,3,20,0
1990,64,2,0,0,0,0,337,4,32,0
1990,42,1,0,0,0,1,804,2,50,0
1990,36,2,0,0,0,0,449,4,7,0
1990,53,2,0,1,0,1,156,5,0,0
1990,55,1,0,1,0,1,158,5,40,0
1990,48,1,0,0,0,1,628,0,40,0
1990,33,2,0,0,0,0,785,1,40,0
1990,51,1,0,1,0,0,869,0,40,0
1990,45,2,0,1,0,0,888,3,35,0
1990,22,1,3,1,0,0,436,3,40,0
1990,50,1,0,0,0,0,597,0,40,0
1990,48,2,0,0,0,0,379,3,20,0
1990,23,2,1,0,0,1,17,4,40,0
1990,71,2,0,0,0,0,0,0,0,0
1990,71,1,0,0,0,0,0,0,0,0
1990,77,1,0,0,0,0,278,3,24,0
1990,71,2,0,0,0,0,337,4,0,0
1990,24,2,1,0,0,0,316,6,40,0
1990,27,1,2,0,0,1,804,1,55,0
1990,69,1,0,0,2,0,163,5,55,0
1990,52,2,0,0,2,0,17,3,40,0
1990,40,2,3,0,0,0,0,0,0,0
1990,35,2,1,0,0,1,313,5,42,0
1990,46,2,3,0,0,1,313,5,40,0
1990,47,1,0,0,0,0,779,1,40,0
1990,43,2,0,0,0,0,185,3,45,0
1990,21,1,1,0,0,1,64,5,40,0
1990,53,1,0,0,0,1,22,1,40,1
1990,50,2,0,0,0,0,808,2,20,0
1990,30,1,0,0,0,1,178,5,60,1
1990,24,2,0,0,1,0,305,2,40,0
1990,44,2,3,0,0,0,276,3,0,0
1990,21,1,1,0,0,0,558,0,40,0
1990,44,1,0,0,0,0,796,2,40,1
1990,40,2,0,0,0,0,0,0,0,0
1990,31,2,1,3,3,1,95,5,40,0
1990,49,2,1,2,1,0,449,5,38,0
1990,21,1,1,2,0,1,877,3,40,0
1990,39,2,1,0,1,0,748,4,40,0
1990,30,1,0,1,1,0,213,1,40,0
1990,31,2,0,1,1,0,385,3,39,0
1990,22,1,1,0,0,1,0,0,0,0
1990,70,2,1,1,0,0,95,5,35,1
1990,80,1,3,1,0,0,0,0,0,0
1990,71,2,0,0,0,0,185,3,50,1
1990,74,1,0,0,0,0,22,1,50,1
1990,28,1,0,0,0,1,25,4,45,1
1990,26,2,0,0,0,1,25,4,45,0
1990,35,1,3,0,0,1,505,4,60,0
1990,23,1,1,0,0,1,383,4,40,0
1990,73,1,0,0,0,1,0,0,0,0
1990,71,2,0,0,0,0,0,0,0,0
1990,45,2,1,0,0,1,313,5,40,0
1990,64,1,0,0,0,0,364,3,58,0
1990,57,2,0,0,0,0,0,0,0,0
1990,33,1,1,0,0,0,678,5,40,0
1990,30,1,1,0,0,0,804,1,40,0
1990,36,2,1,0,0,0,0,0,0,0
1990,23,1,1,0,0,0,877,3,40,0
1990,22,1,1,0,0,0,877,3,40,0
1990,29,2,1,0,0,1,64,4,50,1
1990,27,2,2,1,0,0,354,2,40,0
1990,60,2,3,0,0,1,0,0,0,0
1990,56,1,0,0,2,0,785,1,40,0
1990,51,2,0,0,2,0,785,1,0,0
1990,24,2,1,0,2,0,355,2,40,0
1990,19,1,1,0,0,0,276,3,20,0
1990,39,2,1,1,0,0,389,6,0,0
1990,31,1,2,0,0,0,453,4,30,0
1990,69,1,0,0,0,0,0,0,0,0
1990,65,2,0,0,0,0,0,0,0,0
1990,53,2,3,1,0,1,95,5,40,0
1990,29,1,0,1,0,0,364,3,40,0
1990,29,2,0,1,0,0,385,1,0,0
1990,72,1,0,1,0,1,254,4,20,0
1990,62,2,0,1,0,1,5,6,32,1
1990,80,2,1,0,0,1,0,0,0,1
1990,23,1,0,0,0,1,23,5,40,0
1990,23,2,0,0,0,1,99,5,35,0
1990,27,2,0,0,0,1,376,1,45,0
1990,32,1,0,0,0,1,64,4,40,0
1990,24,2,1,1,0,1,426,4,30,0
1990,69,1,1,0,0,1,183,5,30,1
1990,53,2,2,0,0,1,23,2,40,0
1990,34,2,3,0,0,1,23,5,0,0
1990,19,1,1,0,0,1,364,2,20,0
1990,46,2,2,0,0,1,447,5,40,0
1990,25,2,1,0,0,1,198,5,55,0
1990,25,2,1,0,0,1,21,5,50,0
1990,52,1,2,0,2,1,9,3,60,1
1990,60,1,0,0,0,0,243,3,40,0
1990,61,2,0,0,2,1,389,4,25,0
1990,73,2,0,0,2,1,313,1,36,0
1990,47,1,0,0,0,0,424,6,40,0
1990,30,2,0,0,0,0,426,5,0,0
1990,58,1,2,0,0,0,774,1,45,0
1990,80,2,0,0,2,0,0,0,0,0
1990,78,1,0,0,0,1,0,0,0,0
1990,64,2,3,0,0,0,449,4,0,0
1990,79,2,3,0,2,0,0,0,0,0
1990,43,2,3,0,0,0,433,3,0,0
1990,18,1,1,0,0,0,785,1,16,0
1990,69,2,3,0,0,0,276,5,20,0
1990,49,2,3,0,0,1,37,5,40,0
1990,73,2,3,0,0,0,0,0,0,0
1990,77,1,3,0,2,1,0,0,0,0
1990,65,1,0,3,3,0,436,2,0,0
1990,66,2,0,3,3,1,23,4,40,0
1990,28,1,1,3,3,1,335,5,20,0
1990,30,1,1,3,0,1,217,5,45,0
1990,36,2,3,3,3,1,23,4,40,0
1990,18,2,1,0,0,1,0,0,0,0
1990,76,1,0,0,0,0,0,0,0,0
1990,73,2,0,0,0,0,0,0,0,0
1990,61,1,0,0,0,1,217,1,40,1
1990,67,2,0,0,0,0,0,0,0,0
1990,30,2,2,0,0,0,319,4,40,0
1990,63,1,0,0,0,1,22,2,50,0
1990,62,2,0,0,0,0,7,2,40,0
1990,51,1,0,0,0,1,637,1,55,0
1990,48,2,0,0,0,1,95,5,0,0
1990,59,1,0,0,0,0,804,2,40,0
1990,57,2,0,0,0,0,264,3,0,0
1990,30,2,1,0,0,1,376,4,48,0
1990,31,1,2,0,4,0,259,3,50,1
1990,28,1,0,0,0,1,22,0,40,1
1990,25,2,0,0,1,1,385,3,40,0
1990,32,2,2,3,3,1,23,3,40,0
1990,32,1,1,0,0,1,57,1,40,0
1990,40,2,2,0,0,0,628,1,40,0
1990,18,2,1,0,0,0,328,4,28,0
1990,55,1,0,0,0,1,253,4,45,1
1990,40,2,0,0,0,1,243,4,42,0
1990,56,1,0,0,0,0,558,0,40,1
1990,55,2,0,0,0,0,744,1,35,0
1990,50,2,2,0,0,0,433,3,60,0
1990,26,1,1,0,0,0,804,2,50,0
1990,27,1,0,0,0,1,267,3,40,0
1990,27,2,0,0,1,1,313,5,40,0
1990,48,1,0,0,0,1,178,5,60,1
1990,47,2,0,0,0,1,313,5,6,0
1990,22,2,1,0,0,1,335,5,0,0
1990,52,1,0,0,0,0,628,1,60,1
1990,54,2,0,0,0,1,0,0,0,0
1990,28,1,1,0,0,1,736,1,60,0
1990,24,1,1,0,0,0,505,3,50,0
1990,65,2,3,0,0,0,0,0,0,0
1990,79,2,3,0,0,1,337,1,0,0
1990,36,1,1,0,0,0,694,2,0,0
1990,74,1,1,0,0,0,909,6,0,0
1990,76,2,3,0,0,0,0,0,0,0
1990,51,1,1,0,0,0,695,2,50,1
1990,35,1,0,0,0,0,426,4,40,0
1990,37,2,0,0,0,1,158,5,40,0
1990,75,1,0,0,2,0,0,0,0,0
1990,68,2,0,0,2,0,0,0,0,0
1990,28,1,1,0,0,1,229,1,40,0
1990,29,1,0,2,1,1,84,5,90,0
1990,27,2,0,2,1,1,85,5,45,0
1990,61,1,0,0,0,0,808,2,40,0
1990,48,2,0,0,0,0,319,4,40,0
1990,19,2,1,0,0,0,22,4,40,0
1990,57,2,3,0,0,0,22,5,30,1
1990,58,2,3,0,0,1,313,3,37,0
1990,25,2,1,0,0,0,22,3,40,0
1990,27,1,0,0,0,1,178,5,20,0
1990,27,2,0,0,0,1,156,5,40,0
1990,42,1,0,0,0,1,259,1,25,1
1990,41,2,0,0,0,1,264,3,28,0
1990,43,1,2,0,0,1,43,0,45,0
1990,73,2,3,0,0,1,0,0,0,0
1990,71,2,3,0,0,0,0,0,0,0
1990,35,1,0,3,3,1,313,4,55,1
1990,33,2,0,3,3,1,0,0,0,0
1990,33,2,1,0,0,1,23,1,40,0
1990,32,2,0,3,3,1,0,0,0,0
1990,33,1,0,3,3,1,17,4,60,0
1990,52,2,0,0,0,0,337,1,35,0
1990,47,1,0,0,0,1,257,1,35,0
1990,69,2,0,0,0,1,22,2,0,0
1990,74,1,0,0,0,1,0,0,0,0
1990,80,2,3,0,0,0,0,0,0,0
1990,68,1,0,0,0,1,254,4,40,1
1990,65,2,0,0,4,0,276,5,40,0
1990,24,2,1,0,4,0,0,0,0,0
1990,70,2,3,0,2,0,425,5,19,0
1990,42,2,1,0,0,0,356,1,35,0
1990,40,1,0,3,3,1,27,2,0,0
1990,41,2,0,3,3,1,275,4,20,0
1990,42,2,1,0,0,1,23,4,37,0
1990,35,1,2,0,0,1,259,3,60,0
1990,49,2,1,0,0,0,804,2,42,0
1990,38,1,0,0,0,0,507,2,50,0
1990,39,2,0,0,0,0,804,2,35,0
1990,62,2,3,0,0,0,319,2,0,0
1990,37,1,1,0,0,1,154,5,40,0
1990,30,2,1,0,0,1,154,5,40,0
1990,21,2,1,0,0,1,264,3,35,0
1990,56,1,0,0,0,1,259,1,40,0
1990,57,2,0,0,0,1,206,5,40,0
1990,27,1,1,0,4,0,379,3,40,0
1990,28,2,1,0,4,1,466,5,40,0
1990,20,1,1,0,4,0,259,1,40,1
1990,56,1,0,0,0,0,796,1,50,1
1990,50,2,0,0,4,1,313,2,40,0
1990,37,1,0,0,0,0,22,1,40,0
1990,31,2,0,0,0,0,436,3,50,0
1990,61,2,0,0,0,0,266,3,28,0
1990,69,1,0,0,0,0,859,2,0,0
1990,33,1,1,0,0,0,804,2,40,0
1990,52,1,0,3,3,0,435,3,50,0
1990,49,2,0,3,3,0,744,1,50,0
1990,22,2,1,3,3,1,315,3,40,0
1990,19,1,0,0,2,0,595,0,45,0
1990,19,2,0,0,0,1,308,0,20,0
1990,62,1,0,0,0,0,774,1,40,0
1990,63,2,0,0,0,0,313,1,40,0
1990,25,2,1,0,0,0,25,2,40,0
1990,64,1,0,0,0,0,259,1,0,0
1990,67,2,0,0,2,0,0,0,0,0
1990,48,1,0,0,2,0,518,1,45,0
1990,38,2,0,0,2,0,744,1,40,0
1990,74,2,3,0,0,0,303,4,28,0
1990,55,2,2,0,0,0,423,6,40,0
1990,35,1,2,0,0,1,176,5,55,0
1990,36,2,3,0,0,0,463,2,35,0
1990,60,1,3,0,2,0,458,4,35,0
1990,66,1,1,0,0,0,585,0,40,0
1990,65,1,0,0,0,0,503,2,40,0
1990,64,2,0,0,2,1,0,0,0,0
1990,41,1,1,0,2,0,379,6,40,0
1990,33,1,0,0,2,0,705,1,45,0
1990,39,1,0,0,2,1,705,1,45,0
1990,73,1,0,0,0,0,0,0,0,0
1990,71,2,0,0,0,1,0,0,0,0
1990,43,2,3,0,1,1,458,4,37,0
1990,62,1,2,0,0,1,318,2,60,1
1990,39,2,3,0,0,0,0,0,0,0
1990,46,1,0,0,0,0,783,0,40,1
1990,43,2,0,0,0,0,0,0,0,0
1990,22,2,1,0,0,0,458,4,35,0
1990,76,2,3,0,0,0,0,0,0,0
1990,33,2,1,0,0,1,13,1,35,0
1990,43,1,0,0,0,1,67,4,40,1
1990,35,2,0,0,0,0,264,3,20,0
1990,52,1,0,2,0,0,628,1,35,0
1990,48,2,0,2,0,0,785,1,35,0
1990,26,2,1,2,0,1,95,5,40,0
1990,25,1,1,2,0,1,174,5,35,0
1990,20,2,1,2,0,1,337,3,40,0
1990,22,1,3,2,0,0,426,4,55,0
1990,76,2,2,0,0,0,0,0,0,0
1990,38,2,1,0,0,0,0,0,0,0
1990,52,1,1,0,0,0,783,1,40,0
1990,30,1,1,0,0,1,24,4,45,0
1990,35,2,1,0,0,1,208,5,35,0
1990,43,1,0,0,0,1,22,1,40,1
1990,42,2,0,0,0,1,379,4,20,0
1990,40,1,0,0,0,0,804,2,40,1
1990,37,2,0,0,0,1,254,4,30,0
1990,32,1,0,0,0,0,274,3,50,0
1990,27,2,0,0,0,1,8,3,40,0
1990,27,1,0,0,0,0,567,0,40,0
1990,23,2,0,0,0,1,243,2,40,0
1990,35,1,1,0,0,1,65,5,40,1
1990,28,2,1,0,0,1,23,4,55,1
1990,79,2,3,0,0,0,0,0,0,0
1990,68,1,0,0,0,1,59,1,0,0
1990,60,2,0,0,0,0,0,0,0,0
1990,55,1,0,0,0,1,22,3,40,1
1990,53,2,0,0,2,0,386,3,35,0
1990,24,2,1,0,0,1,255,4,40,0
1990,54,1,0,0,0,1,243,3,40,1
1990,48,2,0,0,0,0,337,5,35,0
1990,21,1,1,0,0,0,543,3,35,0
1990,42,1,0,0,0,0,804,2,70,0
1990,47,2,0,0,0,1,156,5,32,0
1990,73,1,0,0,0,1,0,0,0,1
1990,73,2,0,0,0,0,0,0,0,0
1990,37,1,0,0,0,1,255,4,50,1
1990,37,2,0,0,0,1,0,0,0,0
1990,71,1,0,0,0,1,0,0,0,0
1990,67,2,0,0,0,0,0,0,0,0
1990,65,2,3,0,0,0,348,2,0,0
1990,37,2,0,0,0,0,313,5,7,0
1990,38,1,0,0,0,1,365,2,40,0
1990,36,1,0,3,3,1,59,5,40,1
1990,34,2,0,3,3,1,23,1,40,0
1990,50,1,0,0,0,1,243,3,45,1
1990,47,2,0,0,0,1,337,3,24,0
1990,19,2,1,0,0,1,185,3,20,0
1990,73,1,0,0,0,1,0,0,0,0
1990,72,2,0,0,0,0,0,0,0,0
1990,65,2,2,0,0,1,435,0,15,0
1990,31,1,0,0,0,1,164,5,35,0
1990,34,2,0,0,0,1,156,5,35,0
1990,57,1,0,0,3,1,243,3,60,0
1990,42,2,0,0,3,1,0,0,0,0
1990,24,1,1,0,3,1,276,3,20,0
1990,49,2,1,0,0,0,0,0,0,0
1990,29,1,0,0,0,1,255,4,35,1
1990,25,2,0,0,0,1,206,5,40,0
1990,67,1,0,0,4,0,766,2,40,0
1990,61,2,0,0,2,0,447,5,40,0
1990,63,1,0,0,0,0,265,3,0,0
1990,61,2,0,0,0,1,265,3,0,0
1990,36,1,0,0,0,1,23,5,40,1
1990,36,2,0,0,0,1,0,0,0,0
1990,65,1,0,0,0,1,57,1,0,0
1990,66,2,0,0,0,0,313,2,16,0
1990,73,1,3,0,0,0,734,5,21,0
1990,63,1,0,0,0,0,33,1,40,0
1990,61,2,0,0,0,0,426,5,0,0
1990,35,1,1,0,0,1,23,2,25,0
1990,60,2,3,0,0,1,164,5,35,0
1990,31,2,1,0,0,1,14,5,35,0
1990,43,1,0,0,2,1,57,5,50,1
1990,41,2,0,0,2,1,22,3,0,0
1990,68,1,0,0,0,1,257,1,40,1
1990,68,2,0,0,0,0,266,3,20,0
1990,61,1,0,0,0,1,365,3,0,0
1990,61,2,0,0,0,0,335,4,25,0
1990,75,1,0,0,0,1,25,4,45,1
1990,69,2,0,0,0,1,254,4,28,0
1990,52,1,0,0,0,1,85,5,15,1
1990,44,2,0,0,0,0,0,0,0,0
1990,43,1,0,0,0,0,243,3,45,1
1990,42,2,0,0,0,0,315,1,0,0
1990,36,1,0,3,3,1,7,4,50,0
1990,34,2,0,3,3,1,156,5,15,0
1990,27,1,3,3,3,1,0,0,0,0
1990,56,1,0,0,0,1,27,1,40,1
1990,49,2,0,0,0,1,0,0,0,0
1990,31,1,0,0,2,1,22,5,50,0
1990,23,2,0,0,0,1,313,5,35,0
1990,41,1,1,0,0,1,22,4,45,1
1990,73,2,3,0,0,0,0,0,0,0
1990,34,1,0,0,0,0,804,2,50,0
1990,31,2,0,0,0,1,156,5,0,0
1990,33,1,0,3,3,1,229,4,40,1
1990,29,2,0,3,3,1,95,5,40,0
1990,54,1,0,3,3,1,217,5,37,0
1990,52,2,0,3,3,1,435,3,40,0
1990,75,2,0,3,3,0,188,5,2,0
1990,50,1,0,0,0,0,453,4,48,0
1990,48,2,0,0,0,0,0,0,0,0
1990,26,1,1,0,0,0,453,4,42,0
1990,78,1,0,0,0,0,274,3,40,0
1990,58,2,0,0,0,0,754,1,50,0
1990,36,1,1,0,0,1,354,2,40,0
1990,21,2,1,0,0,1,0,0,0,0
1990,60,2,3,0,0,0,877,3,0,0
1990,27,1,1,0,0,1,84,6,35,0
1990,26,1,1,0,0,1,23,4,35,0
1990,44,1,0,3,3,1,17,3,48,0
1990,40,2,0,3,3,1,467,5,10,0
1990,33,1,0,0,0,0,276,3,40,0
1990,26,2,0,0,0,1,276,3,40,0
1990,55,1,0,0,0,1,85,5,40,1
1990,53,2,0,0,0,1,188,3,30,0
1990,24,2,1,0,0,0,458,4,36,0
1990,51,1,0,0,0,0,18,4,0,0
1990,46,2,0,0,0,0,0,0,0,0
1990,63,1,2,0,0,0,514,4,40,0
1990,31,2,0,0,0,1,313,5,10,0
1990,29,1,0,0,0,0,77,0,45,0
1990,53,1,0,0,0,1,22,3,37,0
1990,44,2,0,0,0,1,445,5,25,0
1990,66,1,0,0,0,1,178,5,35,1
1990,63,2,0,0,2,1,0,0,0,0
1990,74,2,3,0,0,0,0,0,0,0
1990,40,1,0,0,0,1,243,4,72,1
1990,36,2,0,0,0,1,156,5,0,0
1990,36,2,2,0,0,1,253,4,40,0
1990,28,2,0,3,3,1,683,1,40,0
1990,28,1,0,3,3,1,888,1,40,0
1990,42,1,0,0,0,0,303,4,50,0
1990,40,2,0,0,0,0,243,3,40,0
1990,41,1,0,0,0,1,8,4,40,1
1990,41,2,0,0,0,1,0,0,0,0
1990,60,1,0,0,0,1,197,5,40,0
1990,59,2,0,0,0,1,0,0,0,0
1990,56,2,2,0,2,0,0,0,0,0
1990,51,1,0,0,0,1,337,1,38,0
1990,47,2,0,0,0,1,157,5,40,0
1990,46,1,0,0,0,1,235,3,48,1
1990,41,2,0,0,0,1,308,3,25,0
1990,18,1,1,0,0,0,0,0,0,0
1990,32,2,0,0,0,0,207,5,40,0
1990,33,1,0,0,0,1,426,5,40,0
1990,58,2,2,0,0,0,0,0,0,0
1990,77,1,0,0,0,1,178,5,40,1
1990,59,2,0,0,0,1,22,5,35,1
1990,67,1,0,0,0,1,73,1,40,0
1990,65,2,0,0,4,0,389,1,40,0
1990,37,1,0,0,0,1,503,3,50,0
1990,34,2,0,0,0,0,337,3,20,0
1990,39,1,0,0,0,1,18,4,50,1
1990,38,2,0,0,0,1,159,5,0,0
1990,28,1,0,0,0,0,804,0,40,0
1990,24,2,0,0,0,1,365,2,40,0
1990,75,2,3,0,0,0,0,0,0,0
1990,62,1,0,0,2,1,53,5,40,1
1990,56,2,0,0,0,1,888,3,16,0
1990,43,2,2,1,0,1,156,5,40,0
1990,78,2,3,0,2,0,0,0,0,0
1990,63,1,0,0,0,1,0,0,0,1
1990,64,2,0,0,0,1,0,0,0,0
1990,27,1,1,0,0,1,65,4,40,0
1990,73,2,3,0,0,0,0,0,0,0
1990,44,1,0,0,0,1,274,3,30,0
1990,44,2,0,0,0,0,0,0,0,0
1990,62,1,0,0,0,1,453,5,0,0
1990,56,2,0,0,0,0,0,0,0,0
1990,35,1,0,0,0,1,453,5,45,1
1990,36,2,0,0,0,0,0,0,0,0
1990,32,1,0,0,0,1,213,1,50,0
1990,28,2,0,0,0,0,33,1,0,0
1990,36,1,1,0,0,1,87,5,40,0
1990,22,2,2,0,1,0,445,5,29,0
1990,31,2,1,0,0,1,197,5,30,0
1990,31,1,1,0,0,1,226,6,55,0
1990,55,1,0,0,0,0,806,3,45,1
1990,56,2,0,0,0,0,468,5,40,0
1990,22,1,1,0,0,1,259,3,20,0
1990,34,1,0,0,0,1,22,2,50,0
1990,33,2,0,0,0,1,22,3,0,0
1990,19,2,1,0,2,0,406,4,38,0
1990,68,1,0,0,0,0,0,0,0,0
1990,66,2,0,0,0,0,0,0,0,0
1990,31,2,1,0,0,0,314,5,35,0
1990,75,1,0,0,0,0,0,0,0,0
1990,72,2,0,0,0,0,0,0,0,0
1990,35,1,1,0,0,1,213,2,45,0
1990,53,1,0,0,0,1,253,4,50,1
1990,48,2,0,0,0,1,243,3,30,0
1990,39,1,0,0,0,1,253,4,60,1
1990,39,2,0,3,3,1,463,2,0,0
1990,55,1,0,0,0,1,303,6,32,1
1990,53,2,0,0,0,1,95,5,40,0
1990,28,1,1,0,0,1,274,3,37,0
1990,42,2,2,0,0,0,319,1,40,0
1990,18,1,1,0,0,0,0,0,0,0
1990,59,1,1,0,0,1,0,0,0,0
1990,38,1,0,3,3,1,259,3,40,1
1990,36,2,0,3,3,0,0,0,0,0
1990,36,1,0,0,0,1,23,4,50,1
1990,29,2,0,0,0,1,187,4,35,0
1990,32,1,0,0,0,0,804,2,55,0
1990,45,2,0,0,0,0,364,3,4,0
1990,18,1,1,0,0,0,509,4,20,0
1990,50,1,0,0,0,0,585,3,40,0
1990,51,2,0,0,0,0,313,4,24,0
1990,34,2,1,0,0,1,174,5,35,0
1990,54,1,0,0,2,0,243,3,40,1
1990,55,2,0,0,2,0,276,5,20,0
1990,28,2,3,0,2,1,22,3,38,0
1990,35,1,0,0,0,1,22,2,60,1
1990,36,2,0,0,0,0,313,4,12,0
1990,65,1,0,0,0,0,889,1,35,0
1990,60,2,0,0,0,0,313,5,36,0
1990,28,1,1,0,0,1,359,6,60,0
1990,32,1,0,0,0,1,23,5,45,1
1990,31,2,0,0,0,1,337,5,30,0
1990,43,1,0,0,0,1,274,3,40,0
1990,46,2,0,0,0,0,22,3,40,1
1990,28,1,0,0,0,0,796,2,50,0
1990,27,2,0,0,0,1,389,6,34,0
1990,35,2,2,0,0,1,15,5,40,0
1990,52,1,0,0,0,1,53,5,40,1
1990,50,2,0,0,0,1,156,5,40,0
1990,67,1,3,0,0,1,258,0,0,0
1990,39,1,0,0,0,0,56,3,44,1
1990,45,2,0,0,0,0,378,3,40,0
1990,48,1,0,0,0,1,64,4,40,0
1990,50,2,0,0,2,1,164,2,30,0
1990,63,1,1,0,0,0,888,1,20,0
1990,46,1,0,0,0,1,253,4,40,1
1990,43,2,0,0,0,1,183,5,25,0
1990,47,1,0,0,2,1,13,1,45,1
1990,41,2,0,0,2,1,266,3,0,0
1990,19,1,1,0,0,0,883,2,40,0
1990,49,2,3,1,0,0,447,5,40,0
1990,45,1,0,0,0,1,13,1,55,1
1990,43,2,0,0,0,1,313,5,40,0
1990,18,2,1,0,0,1,264,3,20,0
1990,45,2,0,0,0,1,159,5,8,0
1990,42,1,0,0,0,1,15,5,40,1
1990,61,1,0,0,0,1,22,4,60,1
1990,58,2,0,0,0,1,0,0,0,1
1990,24,1,1,0,0,1,255,4,45,0
1990,50,2,0,0,0,1,167,5,42,0
1990,53,1,0,0,0,1,84,5,40,1
1990,26,1,1,0,0,0,435,3,20,0
1990,65,1,0,0,0,0,0,0,0,0
1990,63,2,0,0,0,0,0,0,0,0
1990,49,1,0,0,0,1,15,5,50,1
1990,50,2,0,0,0,1,177,5,32,0
1990,21,2,1,0,0,1,313,1,40,0
1990,20,2,1,0,0,1,266,3,15,0
1990,60,1,0,0,0,0,316,1,40,0
1990,60,2,0,0,0,1,23,4,37,0
1990,27,1,0,0,0,0,516,0,40,0
1990,28,2,0,0,0,1,313,3,40,0
1990,45,1,0,0,0,1,628,1,50,1
1990,47,2,0,0,0,1,386,1,18,0
1990,74,1,3,0,0,0,0,0,0,0
1990,38,1,2,0,0,1,27,5,55,1
1990,46,1,2,0,0,1,25,4,40,1
1990,36,2,1,0,0,1,243,3,40,1
1990,56,2,0,0,0,0,274,3,45,0
1990,59,1,0,0,0,0,274,3,0,0
1990,23,1,2,0,0,1,22,1,40,0
1990,38,1,0,0,0,1,257,1,50,0
1990,30,2,0,0,0,1,23,4,0,0
1990,44,1,0,0,0,1,22,4,40,1
1990,44,2,0,0,0,1,0,0,0,0
1990,79,1,0,0,0,0,0,0,0,0
1990,75,2,0,0,0,0,0,0,0,0
1990,29,1,0,0,1,0,744,1,40,0
1990,27,2,0,0,1,0,385,4,40,0
1990,24,1,0,1,0,0,307,3,40,0
1990,22,2,0,1,0,0,276,3,40,0
1990,26,2,1,1,0,0,0,0,0,0
1990,24,1,2,1,0,0,885,3,40,0
1990,57,1,0,0,0,0,809,2,36,0
1990,48,2,0,0,0,0,0,0,0,0
1990,19,1,1,0,0,0,365,3,0,0
1990,47,1,0,0,0,0,738,1,40,0
1990,45,2,0,0,0,0,0,0,0,0
1990,20,1,1,0,0,1,383,4,30,0
1990,34,2,0,2,0,0,379,1,0,0
1990,33,1,0,2,4,0,808,2,55,0
1990,27,1,1,2,0,0,756,1,40,0
1990,53,1,0,0,0,0,856,1,40,0
1990,42,2,0,0,0,0,744,1,40,0
1990,49,1,2,1,0,0,889,3,40,0
1990,22,1,1,1,0,0,889,1,40,0
1990,61,1,0,1,1,0,637,1,40,0
1990,60,2,0,1,1,0,447,4,35,0
1990,36,2,2,1,0,1,465,5,60,0
1990,46,2,2,2,1,1,785,1,40,0
1990,27,1,1,2,1,0,453,5,40,0
1990,23,1,1,2,0,1,689,1,40,0
1990,68,1,0,1,0,0,0,0,0,0
1990,64,2,0,1,0,0,717,1,40,0
1990,50,2,0,2,0,0,0,0,0,0
1990,54,1,0,2,0,0,799,1,40,0
1990,31,2,3,2,0,0,22,3,40,0
1990,29,1,1,2,0,0,869,0,40,0
1990,34,2,1,2,0,0,435,4,40,0
1990,41,1,1,2,1,0,637,1,40,0
1990,33,2,1,2,1,0,888,1,40,0
1990,59,1,0,0,0,0,22,3,50,0
1990,63,2,0,0,0,0,744,1,40,0
1990,24,1,0,2,1,0,628,1,40,0
1990,20,2,0,2,1,0,744,1,40,0
1990,39,2,3,2,1,0,785,1,40,0
1990,29,1,3,2,1,0,724,1,40,0
1990,55,1,0,1,1,0,686,3,0,0
1990,54,2,0,1,1,0,744,1,20,0
1990,24,1,1,1,1,1,628,3,42,0
1990,22,1,1,1,0,0,779,1,48,0
1990,21,2,1,1,0,1,379,3,40,0
1990,18,2,1,1,0,0,276,3,20,0
1990,64,1,3,1,0,0,0,0,0,0
1990,80,2,3,0,2,0,0,0,0,0
1990,30,2,1,0,1,0,779,3,27,1
1990,29,2,1,0,0,0,447,5,27,0
1990,42,2,0,2,0,0,313,4,0,0
1990,44,1,0,2,0,0,453,5,0,0
1990,48,1,0,0,0,0,785,1,0,0
1990,40,2,0,1,0,0,343,3,40,0
1990,44,1,0,0,0,0,779,1,40,0
1990,37,2,0,0,0,0,0,0,0,0
1990,20,1,1,2,0,0,804,3,45,0
1990,35,1,0,0,3,0,667,3,48,0
1990,25,2,0,0,3,0,0,0,0,0
1990,73,1,3,0,0,0,21,5,36,0
1990,79,2,3,0,0,0,0,0,0,0
1990,41,1,0,0,0,1,7,4,40,1
1990,41,2,0,0,0,0,0,0,0,0
1990,78,2,3,0,0,0,95,5,40,0
1990,54,2,1,0,0,1,463,2,38,0
1990,59,1,0,0,0,0,14,5,40,0
1990,58,2,0,0,0,0,65,2,40,0
1990,27,1,1,0,0,0,364,1,40,0
1990,19,2,1,0,0,1,315,6,32,0
1990,70,1,0,0,0,1,84,5,60,1
1990,68,2,0,0,0,1,0,0,0,0
1990,46,1,1,0,0,0,259,3,40,0
1990,80,2,3,0,0,0,379,5,6,0
1990,48,2,0,0,0,0,445,5,22,0
1990,41,1,0,0,0,0,796,1,40,0
1990,23,1,1,0,0,0,737,1,40,0
1990,27,1,1,0,0,0,877,3,35,0
1990,40,2,0,0,2,0,575,1,37,0
1990,41,1,0,0,2,0,785,1,40,0
1990,35,1,0,0,0,1,417,6,42,1
1990,35,2,0,0,0,1,303,5,12,0
1990,62,1,0,0,0,0,235,1,0,0
1990,59,2,0,0,0,0,379,3,40,0
1990,35,1,1,0,0,1,235,4,48,0
1990,78,2,3,0,0,0,0,0,0,0
1990,65,1,2,0,0,1,869,0,35,1
1990,80,1,0,0,0,0,0,0,0,0
1990,78,2,0,0,0,0,0,0,0,0
1990,43,1,1,0,0,0,453,5,40,0
1990,46,1,0,0,0,0,7,4,40,0
1990,46,2,0,0,2,0,303,4,40,0
1990,23,2,1,0,0,0,314,4,40,0
1990,18,1,1,0,0,0,389,4,18,0
1990,70,2,2,0,2,0,0,0,0,0
1990,30,2,1,0,0,0,443,3,20,0
1990,30,1,0,0,0,0,29,3,45,0
1990,35,2,0,0,0,1,23,4,35,0
1990,35,2,1,0,0,1,22,2,40,0
1990,34,1,1,0,0,1,243,3,0,0
1990,34,2,1,0,0,1,736,1,40,0
1990,29,1,0,0,0,1,575,0,50,1
1990,27,2,0,0,0,0,0,0,0,0
1990,79,1,1,0,0,0,0,0,0,0
1990,54,1,3,0,2,1,567,0,0,0
1990,45,1,3,0,2,0,869,0,0,0
1990,22,2,3,1,0,0,785,1,40,0
1990,29,1,1,0,4,0,426,1,40,0
1990,20,2,1,0,4,0,276,3,20,0
1990,32,2,0,1,1,1,337,5,40,0
1990,35,1,0,1,1,0,869,0,40,0
1990,62,1,0,0,0,1,268,3,60,0
1990,62,2,0,0,0,1,0,0,0,0
1990,28,2,1,0,0,1,8,3,50,0
1990,38,1,0,1,0,0,366,2,40,0
1990,37,2,0,1,0,0,447,5,35,0
1990,18,1,1,1,0,0,276,3,30,0
1990,42,1,2,2,1,0,266,3,40,0
1990,51,1,0,0,2,0,709,1,40,0
1990,49,2,0,0,2,0,744,1,40,0
1990,38,1,1,0,2,1,808,5,50,0
1990,23,1,0,0,0,0,505,4,40,0
1990,23,2,0,0,0,0,0,0,0,0
1990,78,1,0,0,2,0,0,0,0,0
1990,66,2,0,0,2,0,0,0,0,0
1990,40,2,1,0,2,0,0,0,0,0
1990,38,2,1,0,2,0,0,0,0,0
1990,36,2,1,0,0,0,0,0,0,0
1990,50,1,0,2,1,0,744,1,40,0
1990,41,2,0,2,1,0,779,1,40,0
1990,18,2,1,2,1,0,796,1,40,0
1990,64,1,0,0,0,0,13,1,30,0
1990,61,2,0,0,0,0,276,3,0,0
1990,33,1,0,0,0,1,243,3,57,0
1990,27,2,0,0,0,1,337,1,35,0
1990,43,1,2,0,0,0,257,1,40,0
1990,59,1,0,0,2,0,59,1,35,1
1990,59,2,0,0,2,0,0,0,0,0
1990,26,1,1,0,0,1,178,6,40,0
1990,18,1,1,0,0,0,885,3,15,0
1990,33,1,0,0,0,1,218,5,40,0
1990,30,2,0,0,0,1,156,5,40,0
1990,49,1,1,0,0,1,33,1,45,0
1990,28,1,0,0,0,1,364,3,45,1
1990,30,2,0,0,0,1,95,5,40,0
1990,73,1,0,0,0,0,373,1,0,0
1990,71,2,0,0,0,0,0,0,0,0
1990,21,1,1,0,0,1,379,5,17,0
1990,46,1,0,0,0,1,22,5,42,0
1990,47,2,0,0,0,1,95,5,40,0
1990,20,2,1,0,0,1,8,3,16,0
1990,47,1,0,0,0,0,549,1,40,0
1990,38,2,0,0,0,1,235,4,35,0
1990,43,1,0,0,0,1,7,3,60,1
1990,42,2,0,0,0,0,22,5,14,0
1990,20,1,1,0,0,0,268,3,50,0
1990,80,2,3,0,0,0,0,0,0,0
1990,52,1,2,0,0,0,766,1,50,0
1990,34,2,1,0,0,0,889,1,0,0
1990,59,2,1,0,0,0,25,3,35,0
1990,60,1,0,0,0,0,567,0,40,0
1990,61,2,0,0,0,0,0,0,0,0
1990,52,2,2,0,0,0,379,6,35,0
1990,34,1,2,0,0,0,17,3,0,0
1990,30,1,1,0,0,1,64,4,20,0
1990,28,1,1,0,0,0,877,3,40,0
1990,26,1,1,0,0,0,274,3,40,0
1990,44,1,0,0,0,1,877,3,40,0
1990,31,2,0,0,0,0,276,3,40,0
1990,62,1,0,0,0,0,543,0,40,1
1990,63,2,0,0,0,0,337,3,37,0
1990,62,1,3,0,0,0,804,2,60,1
1990,28,1,1,0,0,1,59,5,40,0
1990,70,1,0,0,0,0,0,0,0,0
1990,69,2,0,0,0,0,337,1,0,0
1990,71,1,0,0,0,0,0,0,0,0
1990,66,2,0,0,0,0,276,3,15,0
1990,35,1,1,0,0,1,0,0,0,0
1990,47,1,0,0,0,1,355,2,40,0
1990,46,2,0,0,0,0,315,4,37,0
1990,19,2,1,0,0,0,308,4,0,0
1990,33,1,0,0,2,0,567,0,50,0
1990,31,2,0,0,0,0,313,3,0,0
1990,19,1,1,0,0,1,274,3,35,0
1990,50,1,0,0,2,0,518,1,40,1
1990,48,2,0,0,0,1,7,3,40,0
1990,22,1,1,0,0,1,426,3,40,0
1990,48,1,3,0,0,0,274,3,30,1
1990,18,1,1,0,0,0,274,3,40,0
1990,20,1,1,0,0,1,277,3,40,0
1990,50,1,0,0,0,1,22,4,50,1
1990,48,2,0,0,0,0,157,5,36,0
1990,22,1,1,0,0,0,889,5,20,0
1990,52,1,0,0,0,0,505,1,48,0
1990,51,2,0,0,0,0,436,3,30,0
1990,29,2,1,0,0,1,337,3,35,0
1990,27,2,1,0,0,0,337,3,38,0
1990,26,1,1,0,0,0,889,3,63,0
1990,22,1,1,0,0,0,883,3,35,0
1990,22,1,1,0,0,1,33,5,40,0
1990,31,1,0,0,0,1,173,6,40,0
1990,29,2,0,0,0,1,96,5,40,0
1990,29,1,1,0,0,0,575,0,40,0
1990,52,2,3,0,2,0,17,3,60,1
1990,22,2,1,0,0,1,22,3,25,0
1990,19,1,1,0,0,1,436,3,25,0
1990,66,1,0,0,0,1,274,3,44,1
1990,62,2,0,0,0,1,243,3,40,0
1990,29,1,1,0,0,1,178,5,40,0
1990,45,2,0,0,2,1,674,1,40,0
1990,45,1,0,0,2,0,687,1,40,0
1990,18,2,1,0,0,0,243,3,40,0
1990,70,2,3,0,2,0,0,0,0,0
1990,44,1,0,0,0,1,413,6,60,1
1990,44,2,0,0,0,0,313,5,28,0
1990,19,2,1,0,0,1,379,5,6,0
1990,54,1,0,0,0,1,243,3,40,0
1990,54,2,0,0,0,1,156,5,20,0
1990,41,1,0,0,0,1,22,3,70,1
1990,42,2,0,0,3,1,29,3,12,0
1990,45,1,0,0,0,1,157,5,40,0
1990,44,2,0,0,2,1,156,5,37,0
1990,67,1,1,0,0,0,0,0,0,0
1990,73,2,0,0,0,0,0,0,0,0
1990,76,1,0,0,0,1,0,0,0,0
1990,70,1,3,0,2,0,634,1,0,0
1990,54,1,0,0,2,1,21,5,50,0
1990,40,2,0,0,2,0,469,5,12,0
1990,50,1,0,0,0,0,706,5,35,0
1990,49,2,0,0,0,0,0,0,0,0
1990,25,2,1,0,0,1,228,2,40,0
1990,36,1,2,0,0,0,637,1,60,0
1990,48,2,2,0,0,0,33,1,40,0
1990,31,1,0,0,0,0,21,5,40,0
1990,28,2,0,0,0,0,383,4,0,0
1990,31,2,2,0,0,1,13,3,42,0
1990,33,1,0,0,0,0,567,0,40,0
1990,33,2,0,0,0,0,467,5,0,0
1990,66,1,0,0,0,1,22,1,40,1
1990,66,2,0,0,0,0,0,0,0,0
1990,45,1,0,0,0,1,14,5,35,0
1990,45,2,0,0,2,1,216,5,35,0
1990,26,2,1,0,0,0,22,4,40,0
1990,61,1,0,0,0,0,628,1,0,0
1990,50,2,0,0,0,0,313,1,35,0
1990,19,2,1,0,0,1,276,3,35,0
1990,43,1,0,0,0,1,56,1,40,0
1990,42,2,0,0,0,1,156,5,40,0
1990,54,1,0,0,0,0,259,3,45,0
1990,47,2,0,0,0,0,194,5,0,0
1990,24,1,1,0,0,1,22,5,6,0
1990,22,2,1,0,0,1,22,3,25,0
1990,41,1,0,0,2,0,563,0,35,0
1990,38,2,0,0,2,0,449,5,30,0
1990,62,2,3,0,2,0,0,0,0,0
1990,40,2,2,0,0,0,373,3,40,0
1990,71,2,3,0,0,0,319,5,0,0
1990,29,1,3,2,1,1,243,3,60,0
1990,25,1,1,2,1,0,785,4,40,0
1990,31,1,0,3,3,0,379,2,40,0
1990,27,2,0,3,3,0,799,1,40,0
1990,37,1,0,0,0,1,189,4,43,0
1990,34,2,0,0,1,1,195,1,30,0
1990,68,1,0,0,0,1,0,0,0,0
1990,69,2,0,0,0,0,319,5,40,0
1990,24,1,1,0,1,1,197,4,40,0
1990,28,2,1,0,1,1,274,3,30,0
1990,32,1,1,0,0,1,255,4,40,1
1990,32,2,2,0,1,0,744,1,8,0
1990,66,2,3,0,0,0,0,0,0,0
1990,31,1,0,0,0,0,643,0,40,0
1990,28,2,0,0,0,0,319,5,32,0
1990,64,1,0,0,0,0,453,4,40,0
1990,59,2,0,0,0,0,0,0,0,0
1990,78,2,3,0,0,0,0,0,0,0
1990,28,2,1,0,2,0,0,0,0,0
1990,35,1,1,0,2,1,376,4,40,0
1990,27,1,1,0,0,1,653,0,40,0
1990,55,2,1,0,2,0,0,0,0,0
1990,61,1,0,0,0,1,254,4,20,0
1990,51,2,0,0,0,1,198,4,40,1
1990,72,2,3,0,0,0,0,0,0,0
1990,33,1,1,0,0,1,208,5,48,0
1990,72,2,3,0,0,0,0,0,0,0
1990,40,1,0,0,0,1,224,6,35,0
1990,38,2,0,0,0,0,275,4,0,0
1990,36,1,0,3,3,1,177,5,30,0
1990,32,2,0,3,3,0,0,0,0,0
1990,54,1,0,0,0,0,354,2,40,0
1990,35,2,0,0,0,0,425,6,0,0
1990,74,1,0,0,0,0,0,0,0,0
1990,79,2,0,0,0,0,0,0,0,0
1990,46,1,1,0,0,1,0,0,0,0
1990,65,1,0,1,0,1,156,5,40,0
1990,54,2,0,1,0,1,447,5,40,0
1990,18,2,1,1,0,0,0,0,0,0
1990,76,1,0,0,0,0,0,0,0,0
1990,72,2,0,0,0,0,0,0,0,0
1990,61,2,2,2,0,1,0,0,0,0
1990,29,1,1,2,0,1,267,3,20,0
1990,54,2,2,2,0,0,0,0,0,0
1990,78,1,0,0,0,1,0,0,0,0
1990,44,2,0,0,0,1,157,5,30,0
1990,25,1,0,0,0,0,779,1,0,0
1990,21,2,0,0,0,0,0,0,0,0
1990,40,1,2,2,1,1,795,3,0,0
1990,47,2,2,2,1,1,0,0,0,0
1990,46,1,1,0,0,1,178,5,48,1
1990,42,1,1,0,0,1,337,3,50,0
1990,48,2,1,0,0,1,157,5,40,0
1990,28,1,1,0,0,1,315,5,40,0
1990,27,2,1,0,0,1,21,5,40,0
1990,52,1,0,0,0,0,455,4,48,0
1990,60,2,0,0,0,1,383,4,12,0
1990,37,1,1,3,4,1,426,4,40,0
1990,64,2,1,0,0,0,0,0,0,0
1990,54,2,1,0,1,1,796,1,0,0
1990,65,1,0,3,3,0,585,5,40,0
1990,63,2,0,3,3,0,479,0,40,0
1990,31,1,3,3,3,0,354,2,40,0
1990,31,2,3,3,3,1,447,5,40,0
1990,18,2,1,3,3,0,0,0,0,0
1990,60,2,0,3,0,0,0,0,0,0
1990,36,1,3,1,0,0,174,5,40,0
1990,26,1,1,0,0,1,174,6,35,0
1990,31,2,0,0,0,0,385,4,35,0
1990,33,1,0,0,0,0,824,2,35,0
1990,38,1,1,0,4,0,453,1,38,0
1990,40,2,1,1,0,0,25,4,37,0
1990,50,1,0,1,0,0,585,3,40,0
1990,45,2,0,1,0,0,447,5,0,0
1990,67,1,2,0,0,0,0,0,0,0
1990,29,2,1,1,0,1,95,5,37,0
1990,72,1,2,1,0,0,0,0,0,0
1990,51,2,3,1,0,0,379,5,40,0
1990,28,2,1,1,0,0,313,0,40,0
1990,19,1,1,1,0,0,436,3,25,0
1990,52,1,0,1,0,0,706,1,40,0
1990,51,2,0,1,0,0,444,5,40,0
1990,27,1,1,1,0,0,467,5,8,0
1990,77,2,3,0,0,0,0,0,0,0
1990,53,2,1,0,0,0,303,2,40,0
1990,51,1,0,0,0,0,243,3,40,0
1990,47,2,0,0,3,1,313,3,40,0
1990,44,2,2,1,0,0,309,1,40,0
1990,24,1,1,1,0,0,754,1,40,0
1990,45,1,2,0,0,1,308,2,37,0
1990,41,2,1,0,0,0,229,2,40,0
1990,42,1,0,1,0,1,22,1,45,1
1990,35,2,0,1,0,1,95,5,35,1
1990,62,1,0,0,0,1,453,4,40,0
1990,65,2,0,0,0,0,628,1,42,0
1990,29,1,1,0,0,0,443,4,40,0
1990,25,1,1,0,0,1,376,6,47,0
1990,28,1,1,0,0,1,5,6,45,0
1990,53,1,1,0,0,1,885,5,25,0
1990,23,1,0,0,0,0,804,2,0,0
1990,20,2,0,0,0,0,22,1,35,0
1990,56,1,1,0,2,1,22,1,35,1
1990,61,1,1,0,0,0,23,2,35,0
1990,80,2,3,0,3,0,0,0,0,0
1990,62,1,2,0,0,1,263,3,50,1
1990,65,1,0,0,0,0,17,4,40,0
1990,56,2,0,0,0,0,434,4,16,0
1990,27,1,1,0,0,1,18,4,43,0
1990,44,1,0,0,2,0,435,3,40,0
1990,45,2,0,0,2,0,0,0,0,0
1990,66,1,0,0,1,0,313,4,0,0
1990,68,2,0,0,1,0,0,0,0,0
1990,72,2,1,2,1,0,0,0,0,0
1990,35,1,0,0,0,0,22,4,40,0
1990,38,2,0,0,0,0,229,2,35,0
1990,54,1,0,0,4,0,364,1,40,0
1990,43,2,0,0,1,1,313,5,37,0
1990,24,1,1,0,1,0,809,2,40,0
1990,33,1,0,2,1,1,558,0,70,1
1990,30,2,0,2,1,1,435,4,32,0
1990,59,1,0,0,0,0,55,2,44,0
1990,47,2,0,0,0,0,313,5,39,0
1990,24,1,1,0,0,0,804,1,0,0
1990,22,1,1,0,0,1,216,1,40,0
1990,77,2,3,0,0,0,0,0,0,0
1990,49,1,0,0,0,0,529,2,40,0
1990,52,2,0,0,0,0,156,5,19,0
1990,20,1,1,0,0,0,435,3,30,0
1990,37,2,1,0,1,1,243,4,35,0
1990,32,1,0,0,2,1,259,3,50,0
1990,31,2,0,0,2,0,666,3,12,0
1990,41,2,1,0,0,1,156,5,28,0
1990,71,2,3,0,0,0,0,0,0,0
1990,41,1,3,0,1,1,156,5,30,1
1990,49,2,3,2,1,0,0,0,0,0
1990,22,1,1,2,1,0,0,0,0,0
1990,46,2,0,0,1,0,779,4,56,0
1990,50,1,0,2,1,0,453,5,40,0
1990,38,1,3,2,1,0,407,4,40,0
1990,48,1,0,1,1,0,389,5,30,0
1990,39,2,0,0,1,0,278,3,7,0
1990,30,1,0,0,1,0,877,1,32,0
1990,27,2,0,0,1,0,744,1,40,0
1990,21,1,1,0,0,0,424,6,55,0
1990,21,2,1,0,0,0,383,4,40,0
1990,31,1,1,0,4,0,804,2,50,0
1990,30,1,0,0,1,0,756,1,37,0
1990,27,2,0,0,0,1,23,2,37,0
1990,60,1,0,0,0,0,0,0,0,0
1990,59,2,0,1,1,0,799,1,40,0
1990,22,1,1,0,1,0,779,1,40,0
1990,30,2,1,0,0,1,23,4,50,0
1990,50,1,1,0,0,0,0,0,0,0
1990,35,1,1,0,1,1,217,1,50,0
1990,34,2,1,0,4,1,885,3,48,0
1990,35,1,2,0,1,0,739,1,48,0
1990,29,2,1,0,1,0,0,0,0,0
1990,71,2,3,0,1,0,0,0,0,0
1990,57,1,1,0,1,0,0,0,0,0
1990,29,2,3,0,0,0,754,1,35,0
1990,37,2,3,0,0,0,804,3,35,0
1990,26,1,0,0,0,0,747,1,40,0
1990,29,2,0,0,1,0,0,0,0,0
1990,58,2,1,0,1,0,744,1,40,0
1990,33,1,2,0,1,0,769,1,40,0
1990,51,1,3,1,4,1,95,5,40,0
1990,27,1,1,1,4,1,365,3,35,0
1990,26,1,0,2,0,0,469,4,40,0
1990,31,2,0,2,0,1,777,4,40,0
1990,29,1,1,2,0,1,859,1,50,0
1990,46,1,0,0,1,1,274,3,76,1
1990,42,2,0,0,1,0,379,3,50,0
1990,29,2,2,0,0,0,0,0,0,0
1990,79,1,0,0,1,0,453,3,40,0
1990,57,2,0,0,1,0,744,1,0,0
1990,27,1,1,0,1,1,426,4,20,0
1990,70,2,1,0,0,0,0,0,0,0
1990,66,1,1,0,0,0,0,0,0,0
1990,41,2,1,0,1,1,156,5,45,0
1990,67,1,0,0,1,1,0,0,0,0
1990,59,2,0,0,1,0,0,0,0,0
1990,49,1,0,0,1,0,549,5,37,0
1990,33,2,0,0,1,0,407,4,0,0
1990,46,2,1,1,0,1,174,5,55,1
1990,76,1,1,0,0,0,0,0,0,0
1990,48,1,0,1,0,0,887,3,40,1
1990,45,2,0,1,0,0,799,1,35,0
1990,21,2,1,1,0,0,313,4,35,0
1990,31,2,1,3,0,1,22,3,40,0
1990,27,2,1,0,0,1,22,5,0,0
1990,25,2,1,0,0,1,234,5,50,0
1990,31,1,1,0,0,1,243,4,50,0
1990,60,2,3,0,0,0,435,3,36,0
1990,35,1,3,0,4,1,877,3,40,0
1990,58,1,3,0,0,0,804,3,40,0
1990,24,1,1,0,0,1,229,4,55,0
1990,23,2,1,0,0,1,229,4,40,0
1990,26,2,1,0,0,1,27,5,40,0
1990,25,2,1,0,0,1,259,1,40,0
1990,56,1,2,0,0,0,0,0,0,0
1990,52,2,2,0,0,0,754,3,40,0
1990,69,1,0,0,0,1,84,6,0,0
1990,61,2,0,0,0,1,95,5,0,0
1990,31,2,0,0,0,1,25,4,40,1
1990,36,1,0,0,0,1,43,5,50,0
1990,26,2,1,1,1,1,197,6,40,0
1990,28,2,1,0,0,1,256,4,50,0
1990,39,2,3,2,1,0,356,4,38,0
1990,53,1,0,2,0,0,0,0,0,0
1990,46,2,0,2,0,0,0,0,0,0
1990,21,2,1,2,0,0,467,5,40,0
1990,74,1,0,0,2,0,0,0,0,0
1990,72,2,0,0,0,0,444,5,0,0
1990,67,1,0,0,0,1,174,5,25,0
1990,63,2,0,0,0,0,0,0,0,0
1990,42,2,1,0,0,1,163,5,30,0
1990,38,2,2,0,0,1,157,5,20,0
1990,67,2,3,0,0,1,14,5,0,0
1990,30,1,1,0,0,1,178,5,45,1
1990,77,2,3,0,0,0,0,0,0,0
1990,48,1,0,0,2,0,434,3,60,0
1990,39,2,0,0,0,0,22,4,0,0
1990,42,1,3,0,0,1,575,0,40,0
1990,48,2,3,0,0,1,0,0,0,0
1990,55,1,0,0,0,0,0,0,0,0
1990,54,2,0,0,0,0,379,6,40,0
1990,48,1,2,0,1,1,243,3,56,0
1990,25,1,1,0,0,1,34,5,60,0
1990,39,1,0,0,0,0,505,4,40,0
1990,30,2,0,0,0,0,319,5,16,0
1990,30,1,0,0,0,1,575,2,40,1
1990,25,2,0,0,0,1,7,4,40,0
1990,25,1,3,0,0,1,58,2,80,0
1990,76,1,3,0,0,0,0,0,0,0
1990,51,2,0,0,0,0,877,3,20,0
1990,51,1,0,0,0,0,628,1,40,0
1990,25,2,1,0,0,0,243,3,40,0
1990,21,2,1,0,0,0,313,6,40,0
1990,73,2,3,0,0,0,339,5,0,0
1990,48,2,3,0,0,0,365,6,40,0
1990,22,1,1,0,0,0,585,3,40,0
1990,20,1,1,0,0,0,806,3,40,0
1990,64,1,0,0,0,0,686,3,40,0
1990,57,2,0,0,0,0,0,0,0,0
1990,36,2,1,0,0,1,313,4,30,0
1990,25,1,1,0,0,0,579,2,40,0
1990,30,1,0,0,0,0,796,1,38,0
1990,29,2,0,0,0,0,315,6,40,0
1990,28,1,0,0,0,1,23,3,0,0
1990,27,2,0,0,0,1,0,0,0,0
1990,60,1,0,0,0,0,357,5,35,0
1990,72,2,0,0,0,0,308,3,38,1
1990,35,1,0,0,0,1,22,0,55,0
1990,36,2,0,0,0,1,445,5,40,0
1990,19,2,1,0,0,1,276,3,20,0
1990,63,2,3,1,0,0,447,5,40,0
1990,69,1,0,0,0,0,0,0,0,0
1990,69,2,0,0,2,0,343,1,0,0
1990,72,2,3,0,0,0,0,0,0,0
1990,24,1,1,0,0,0,323,2,40,0
1990,34,1,0,0,0,1,178,5,45,1
1990,32,2,0,0,0,1,0,0,0,0
1990,34,1,0,0,0,1,22,2,45,1
1990,31,2,0,0,0,0,0,0,0,0
1990,36,2,1,0,0,0,337,1,40,0
1990,43,1,0,0,0,1,235,6,40,0
1990,42,2,0,0,0,1,305,5,40,0
1990,18,1,1,0,0,0,877,3,35,0
1990,41,1,0,0,4,1,235,3,40,0
1990,32,2,0,0,4,1,466,5,12,0
1990,19,1,1,0,0,0,486,3,25,0
1990,41,2,2,0,0,0,383,4,40,0
1990,46,1,0,0,0,0,709,1,59,0
1990,43,2,0,0,0,0,0,0,0,0
1990,24,1,1,0,0,1,243,3,48,0
1990,22,1,1,0,0,0,877,3,40,0
1990,53,1,0,0,1,0,804,3,40,0
1990,36,2,0,0,1,0,888,1,0,0
1990,23,2,1,0,1,0,406,4,40,0
1990,20,2,1,0,1,0,406,4,40,0
1990,18,2,1,0,1,0,0,0,0,0
1990,43,1,0,0,0,0,547,4,40,0
1990,39,2,0,0,0,0,224,1,37,0
1990,50,1,0,0,0,1,25,6,35,1
1990,32,2,0,0,0,0,313,5,12,0
1990,25,2,1,0,0,1,379,2,40,0
1990,25,2,1,3,0,1,774,1,40,0
1990,42,1,0,0,2,0,869,0,40,0
1990,37,2,0,0,2,0,303,5,40,0
1990,73,2,3,0,0,1,313,4,35,0
1990,33,1,3,0,0,0,804,2,0,0
1990,49,1,0,0,4,0,435,4,40,0
1990,54,2,0,0,4,0,439,4,0,0
1990,42,1,0,0,0,0,453,2,40,0
1990,31,2,0,0,0,1,0,0,0,0
1990,34,1,0,0,0,1,365,3,50,0
1990,33,2,0,0,0,0,435,3,0,0
1990,53,1,0,0,0,1,154,5,35,0
1990,40,2,0,0,0,1,256,4,42,1
1990,39,2,3,0,0,0,435,3,37,0
1990,18,1,1,0,0,0,259,3,37,0
1990,52,1,2,0,0,1,226,2,45,0
1990,43,2,0,0,0,1,23,4,45,1
1990,46,1,0,0,0,1,22,1,40,1
1990,44,1,0,0,0,0,453,3,50,1
1990,44,2,0,0,0,0,373,1,40,0
1990,20,1,1,0,0,0,563,0,40,0
1990,36,1,1,0,0,1,23,1,40,1
1990,52,2,2,0,0,0,804,2,42,0
1990,46,2,2,0,0,0,468,5,40,0
1990,33,2,0,0,0,1,889,4,0,0
1990,32,1,0,0,0,0,547,3,50,0
1990,35,1,0,0,0,0,567,0,40,0
1990,34,2,0,0,0,1,174,5,40,0
1990,70,1,0,0,0,0,558,0,40,1
1990,65,2,0,0,0,0,0,0,0,0
1990,39,2,3,0,0,1,303,4,37,0
1990,19,1,1,0,0,0,883,2,40,0
1990,52,2,2,0,0,0,207,5,44,0
1990,22,1,1,0,0,0,885,3,40,0
1990,18,2,1,0,0,0,435,3,40,0
1990,75,1,0,0,0,1,0,0,0,0
1990,69,2,0,0,0,1,156,5,34,1
1990,32,2,0,0,0,0,315,1,40,0
1990,38,1,0,0,0,0,22,1,52,0
1990,62,1,0,0,0,0,0,0,0,0
1990,65,2,0,0,0,0,0,0,0,0
1990,39,1,0,0,0,0,804,2,40,0
1990,37,2,0,0,0,1,229,2,40,0
1990,34,1,0,0,0,0,804,0,40,0
1990,31,2,0,0,0,1,234,5,40,0
1990,32,1,0,0,2,1,229,4,42,0
1990,31,2,0,0,0,1,64,4,0,0
1990,57,2,3,0,0,0,628,1,44,0
1990,25,2,0,0,0,1,313,1,40,0
1990,33,1,0,0,0,0,0,0,0,0
1990,49,2,0,0,0,1,21,5,40,0
1990,53,1,0,0,0,1,259,3,48,0
1990,20,1,1,0,0,0,883,2,40,0
1990,51,1,0,0,0,0,555,2,40,1
1990,49,2,0,0,0,0,22,1,40,0
1990,56,1,2,0,0,0,734,1,70,0
1990,45,2,1,0,0,0,804,2,30,0
1990,22,2,1,0,0,1,43,5,40,0
1990,79,2,3,0,0,0,444,3,21,0
1990,37,1,0,0,0,1,14,5,40,0
1990,35,2,0,0,0,0,468,5,0,0
1990,25,1,3,1,0,0,365,1,0,0
1990,75,1,0,0,0,0,426,4,30,0
1990,70,2,0,0,0,0,0,0,0,0
1990,29,2,1,0,0,1,253,4,35,0
1990,35,2,0,0,0,1,379,3,40,0
1990,28,1,0,0,0,0,567,3,45,0
1990,53,1,0,0,0,1,178,5,35,0
1990,57,2,0,0,0,1,313,5,0,0
1990,24,1,1,0,0,0,189,4,30,0
1990,80,2,3,0,0,0,0,0,0,0
1990,24,2,1,0,2,1,453,4,15,0
1990,38,2,2,0,0,1,7,3,40,1
1990,31,1,1,0,0,0,503,4,65,1
1990,28,2,1,0,0,1,22,5,35,0
1990,62,1,3,0,0,0,474,0,55,1
1990,31,1,0,0,0,1,23,5,45,1
1990,30,2,0,0,0,1,95,5,40,0
1990,44,1,0,0,2,1,9,1,50,1
1990,42,2,0,0,0,1,178,5,20,0
1990,28,1,0,0,0,1,57,1,40,0
1990,26,2,0,0,0,0,383,4,37,0
1990,30,1,1,1,0,0,0,0,0,0
1990,43,1,0,0,0,1,243,3,42,1
1990,42,2,0,0,0,1,0,0,0,0
1990,35,1,0,0,0,1,628,1,56,0
1990,28,2,0,0,0,1,95,5,40,0
1990,40,1,0,0,0,1,243,4,60,1
1990,38,2,0,0,0,1,7,4,30,0
1990,40,1,0,0,0,1,777,1,52,0
1990,36,2,0,0,0,1,95,5,24,0
1990,47,2,0,0,2,1,235,5,24,0
1990,48,1,0,0,0,1,22,5,40,1
1990,49,1,0,0,0,1,255,4,55,1
1990,49,2,0,0,0,1,0,0,0,0
1990,23,2,1,0,0,0,22,4,25,0
1990,42,1,0,0,0,1,156,5,55,0
1990,41,2,0,0,0,1,156,5,40,0
1990,42,1,0,0,0,0,885,3,0,0
1990,42,2,0,0,0,1,95,5,60,0
1990,52,1,0,0,0,0,547,4,50,0
1990,51,2,0,0,0,1,243,3,48,0
1990,52,1,0,0,0,0,593,0,40,0
1990,42,2,0,0,0,0,0,0,0,0
1990,24,1,2,0,0,0,364,3,40,0
1990,21,1,1,0,0,0,263,3,0,0
1990,48,1,2,0,0,1,264,3,35,1
1990,47,1,1,0,0,1,29,3,55,1
1990,47,2,2,0,0,1,463,2,50,0
1990,62,1,0,0,0,1,13,1,40,1
1990,49,2,0,0,0,1,26,5,35,1
1990,28,1,1,0,0,1,166,4,35,0
1990,19,1,1,1,0,0,754,6,40,0
1990,59,1,0,0,2,0,436,3,45,0
1990,59,2,0,0,2,0,0,0,0,0
1990,19,1,1,0,0,0,507,3,24,0
1990,76,2,3,0,0,0,0,0,0,0
1990,67,2,0,0,0,0,0,0,0,0
1990,73,1,0,0,0,0,0,0,0,0
1990,52,1,0,0,0,0,644,4,44,0
1990,54,2,0,0,0,0,37,5,35,0
1990,45,1,0,0,0,0,804,2,45,0
1990,41,2,0,0,0,1,208,5,30,0
1990,21,1,1,0,0,0,804,1,40,0
1990,26,1,0,0,0,0,785,3,40,0
1990,25,2,0,0,0,0,327,2,40,0
1990,33,1,0,0,0,1,418,6,36,0
1990,28,2,0,0,0,0,337,2,40,0
1990,43,2,3,0,0,0,33,1,45,0
1990,20,1,1,0,0,0,375,4,38,0
1990,35,1,0,0,0,1,178,5,50,1
1990,34,2,0,0,0,1,243,3,0,0
1990,68,1,0,0,0,0,503,2,0,0
1990,65,2,0,0,0,0,275,4,0,0
1990,40,1,1,0,0,1,354,2,45,0
1990,67,2,3,0,0,0,313,5,16,0
1990,41,1,0,0,0,1,26,5,50,1
1990,37,2,0,0,0,1,338,4,0,0
1990,46,1,0,0,0,0,783,1,40,1
1990,48,2,0,0,0,1,337,5,35,0
1990,19,2,1,0,0,0,17,3,40,0
1990,30,2,1,0,0,1,156,5,30,0
1990,67,2,1,0,0,1,0,0,0,0
1990,29,1,0,0,2,1,257,2,40,0
1990,28,2,0,0,2,0,379,4,40,0
1990,25,1,0,0,0,0,216,2,70,0
1990,23,2,0,0,0,0,276,3,40,0
1990,33,1,0,0,2,0,757,1,40,0
1990,33,2,0,0,2,0,7,4,20,0
1990,42,1,0,1,0,1,22,4,40,1
1990,34,2,0,1,0,1,229,4,35,0
1990,78,2,0,0,0,0,0,0,0,0
1990,45,1,0,0,0,0,804,2,40,0
1990,42,2,0,0,0,0,0,0,0,0
1990,19,1,1,0,0,0,804,4,40,0
1990,39,1,0,0,0,1,7,4,50,0
1990,40,2,0,0,0,1,337,3,20,0
1990,30,1,0,0,0,1,22,4,60,1
1990,29,2,0,0,0,1,376,4,0,0
1990,71,2,3,0,0,0,0,0,0,0
1990,39,1,2,3,3,0,433,3,40,1
1990,73,2,3,0,0,0,0,0,0,0
1990,41,2,2,1,0,0,719,1,40,0
1990,20,2,1,1,0,1,323,2,40,0
1990,36,1,0,0,0,1,597,1,50,0
1990,33,2,0,2,1,1,337,4,25,0
1990,58,1,3,3,3,1,628,2,40,0
1990,25,1,3,3,3,1,23,2,40,0
1990,56,1,0,0,0,1,628,3,40,0
1990,54,2,0,0,0,0,276,3,0,0
1990,50,1,2,0,0,0,844,1,42,0
1990,34,2,2,0,0,1,804,3,40,0
1990,40,1,2,0,0,0,804,2,40,0
1990,42,1,0,0,0,0,257,0,58,0
1990,43,2,0,0,0,0,449,4,0,0
1990,22,1,1,0,0,0,565,0,40,0
1990,31,1,0,0,0,1,616,0,60,0
1990,31,2,0,0,0,1,208,5,14,0
1990,70,1,0,0,2,1,217,4,40,0
1990,64,2,0,0,2,0,0,0,0,0
1990,62,1,0,0,0,0,869,0,40,0
1990,61,2,0,0,0,1,407,4,3,0
1990,80,1,0,0,4,0,877,3,10,0
1990,74,2,0,0,0,0,0,0,0,0
1990,31,1,0,0,0,1,178,5,40,1
1990,31,2,0,0,0,1,185,3,40,0
1990,40,1,0,0,0,1,259,1,40,0
1990,37,2,0,0,0,1,156,5,27,0
1990,34,1,0,0,0,1,235,5,40,1
1990,30,2,0,0,0,1,22,3,6,0
1990,21,1,1,0,0,0,453,4,40,0
1990,29,2,1,0,0,1,7,4,45,0
1990,42,1,2,0,0,0,426,3,60,0
1990,38,1,0,0,0,0,453,2,40,0
1990,34,2,0,0,0,0,303,5,20,0
1990,35,2,1,0,0,1,323,3,40,0
1990,47,1,0,0,0,0,567,1,40,0
1990,43,2,0,0,0,1,7,4,37,0
1990,44,2,1,0,0,1,254,4,60,0
1990,37,1,0,0,0,1,7,1,60,1
1990,36,2,0,0,0,1,255,4,20,0
1990,67,1,0,0,0,1,23,1,20,1
1990,54,2,0,0,0,0,313,5,40,0
1990,30,1,1,0,0,1,243,3,70,0
1990,28,2,1,0,0,1,25,1,40,0
1990,28,1,0,1,0,1,22,1,50,0
1990,31,2,0,1,0,0,465,6,40,0
1990,25,1,1,0,0,1,166,1,50,0
1990,37,1,1,0,0,1,57,1,40,1
1990,26,2,1,0,0,1,203,5,40,0
1990,53,1,0,0,0,1,5,6,35,1
1990,45,2,0,0,0,0,386,5,35,0
1990,51,1,0,0,2,1,14,5,60,1
1990,51,2,0,0,0,1,154,5,0,0
1990,19,1,1,2,0,1,785,4,50,0
1990,60,2,0,0,0,0,0,0,0,0
1990,68,1,0,0,0,1,364,5,20,0
1990,55,1,0,0,0,0,448,5,40,0
1990,49,2,0,0,0,0,329,5,37,0
1990,32,1,0,3,3,1,23,4,40,0
1990,27,2,0,3,3,1,23,3,40,0
1990,55,1,0,0,4,1,25,4,36,0
1990,43,2,0,0,4,1,23,6,40,0
1990,21,2,1,0,0,1,257,4,28,0
1990,19,2,1,0,0,0,435,3,24,0
1990,46,2,2,0,0,1,55,2,46,0
1990,19,2,1,0,0,1,313,5,32,0
1990,53,1,0,0,2,1,274,3,30,1
1990,51,2,0,0,0,1,376,2,20,0
1990,29,1,0,1,0,0,804,3,40,0
1990,24,2,0,1,0,0,356,3,0,0
1990,49,1,2,0,0,0,243,3,30,0
1990,46,2,2,0,0,0,313,5,35,0
1990,46,1,0,0,0,1,23,1,50,1
1990,44,2,0,0,0,1,274,3,33,0
1990,18,1,1,0,0,0,276,3,8,0
1990,73,2,3,0,0,0,0,0,0,0
1990,35,1,0,0,0,1,243,3,40,0
1990,35,2,0,0,1,1,243,3,40,0
1990,57,1,0,0,0,0,558,0,45,1
1990,46,2,0,0,0,0,379,3,0,0
1990,24,2,1,0,0,0,385,3,40,0
1990,22,1,1,0,0,0,558,0,40,0
1990,27,2,1,3,3,1,164,5,32,0
1990,44,1,3,0,2,1,628,3,40,0
1990,20,2,1,0,0,1,276,3,8,0
1990,44,1,0,3,3,1,343,5,45,0
1990,36,2,0,3,3,1,276,3,40,0
1990,34,1,0,1,1,1,259,3,35,1
1990,35,2,0,1,0,1,313,4,40,0
1990,72,1,3,0,0,0,0,0,0,0
1990,65,2,2,0,0,0,275,4,0,0
1990,28,2,1,0,0,1,118,5,40,0
1990,46,1,3,0,0,1,36,5,50,0
1990,39,2,3,0,0,1,0,0,0,0
1990,62,1,0,0,0,1,7,3,40,1
1990,59,2,0,0,0,1,0,0,0,0
1990,32,1,0,0,0,1,178,5,55,1
1990,31,2,0,0,0,1,27,4,40,0
1990,38,1,0,3,3,1,235,4,35,0
1990,38,2,0,3,3,1,23,3,40,0
1990,31,2,2,0,0,0,37,4,40,0
1990,28,1,1,0,0,1,166,4,40,1
1990,34,1,0,0,0,1,55,2,40,1
1990,44,2,0,0,0,1,95,5,24,0
1990,46,2,2,0,0,0,337,1,40,0
1990,75,1,0,0,0,0,0,0,0,0
1990,74,2,0,0,0,0,0,0,0,0
1990,40,1,0,0,0,1,503,5,40,0
1990,37,2,0,0,0,1,156,5,40,0
1990,70,2,3,0,0,0,0,0,0,0
1990,79,2,3,0,2,0,0,0,0,0
1990,71,2,1,0,0,0,0,0,0,0
1990,54,1,0,0,0,1,259,1,37,1
1990,46,2,0,0,0,0,389,5,30,0
1990,26,1,1,0,0,1,327,2,40,0
1990,19,1,1,0,0,0,443,3,28,0
1990,34,1,0,0,0,1,804,3,40,0
1990,31,2,0,0,0,1,458,4,0,0
1990,38,1,0,3,0,1,375,4,44,0
1990,37,2,0,3,0,1,22,4,40,0
1990,70,1,0,0,0,0,585,1,18,0
1990,70,2,0,0,0,0,0,0,0,0
1990,34,2,1,0,0,1,0,0,0,0
1990,77,2,3,0,0,0,0,0,0,1
1990,55,1,2,0,0,0,804,3,45,0
1990,49,2,2,0,0,1,386,2,37,0
1990,28,1,1,0,0,1,229,2,40,0
1990,24,1,1,0,0,1,25,2,40,0
1990,35,1,1,0,0,0,509,3,40,0
1990,79,2,2,0,0,0,0,0,0,0
1990,43,1,1,0,0,0,516,0,40,0
1990,74,1,0,0,0,0,0,0,0,0
1990,71,2,0,0,0,0,0,0,0,0
1990,61,2,3,0,0,0,275,4,16,0
1990,55,1,2,0,0,0,804,0,40,0
1990,54,1,0,1,0,0,883,1,40,0
1990,51,2,0,1,0,1,447,5,40,0
1990,25,2,1,1,0,1,356,4,40,0
1990,57,2,2,3,3,0,785,1,40,0
1990,44,1,2,3,3,0,567,3,40,0
1990,53,1,0,1,0,1,889,1,40,0
1990,39,2,0,1,0,0,754,1,40,0
1990,37,1,0,0,0,1,48,1,40,1
1990,35,2,0,0,0,1,0,0,0,0
1990,19,1,1,3,0,1,64,5,40,0
1990,18,1,1,0,0,0,453,4,8,0
1990,20,1,1,0,0,1,22,4,45,0
1990,20,2,1,0,0,1,435,3,10,0
1990,30,1,0,3,3,1,235,5,0,0
1990,28,2,0,3,3,1,0,0,0,0
1990,20,1,1,0,0,1,599,2,40,0
1990,19,1,1,1,0,1,813,4,20,0
1990,63,2,3,1,0,0,0,0,0,0
1990,30,1,1,1,0,0,0,0,0,0
1990,51,1,0,3,3,0,22,3,60,0
1990,43,2,0,3,3,0,22,3,40,0
1990,20,2,1,3,3,1,276,3,15,0
1990,29,1,0,3,3,1,55,3,40,1
1990,29,2,0,3,3,1,229,2,40,0
1990,61,2,3,0,0,0,379,1,40,0
1990,33,1,1,0,0,0,22,3,40,0
1990,32,2,1,0,0,0,337,1,40,0
1990,30,1,1,0,0,0,804,2,40,0
1990,57,1,0,0,2,1,84,5,50,1
1990,49,2,0,0,0,1,234,5,35,0
1990,55,2,2,1,0,0,255,4,37,0
1990,33,2,3,1,0,0,856,1,40,0
1990,31,1,1,0,0,0,365,0,45,0
1990,18,2,1,0,0,1,308,1,30,0
1990,58,2,1,0,0,1,156,5,45,0
1990,20,2,1,0,0,1,159,5,45,0
1990,19,2,1,0,0,1,435,3,23,0
1990,20,1,1,0,0,1,277,4,35,0
1990,20,1,1,0,0,1,175,5,0,0
1990,20,1,1,0,0,1,268,3,40,0
1990,74,2,3,0,0,0,0,0,0,0
1990,49,2,2,0,2,0,276,3,40,0
1990,27,2,1,1,0,0,344,4,20,0
1990,37,2,1,0,0,0,453,3,0,0
1990,62,2,1,0,0,0,754,1,40,1
1990,68,1,1,0,0,0,0,0,0,0
1990,66,1,0,1,0,0,0,0,0,0
1990,62,2,0,1,0,0,447,5,32,0
1990,43,2,2,1,0,0,796,1,0,0
1990,34,1,0,2,0,1,453,3,40,0
1990,26,2,0,2,0,0,276,3,0,0
1990,32,1,1,2,0,0,439,3,40,0
1990,49,2,0,1,0,0,466,5,0,0
1990,51,1,0,1,0,0,453,5,40,0
1990,25,1,1,1,0,0,754,1,40,0
1990,21,2,1,2,1,0,235,5,25,0
1990,20,2,1,0,0,0,435,5,35,0
1990,21,2,1,1,0,1,447,5,30,0
1990,65,2,3,0,0,1,188,1,40,0
1990,54,1,0,2,1,0,757,1,40,0
1990,54,2,0,2,1,0,754,1,40,0
1990,19,2,1,2,0,0,378,3,36,0
1990,46,1,2,0,0,0,628,4,40,0
1990,20,2,1,0,0,0,889,3,40,0
1990,18,1,1,0,0,0,356,5,35,0
1990,46,1,0,0,0,1,243,3,42,0
1990,45,2,0,0,0,0,433,5,35,0
1990,19,1,1,0,0,1,436,3,30,0
1990,61,2,3,0,0,1,313,5,35,0
1990,33,2,1,0,0,1,21,5,40,0
1990,45,1,0,0,0,0,418,6,40,0
1990,43,2,0,0,0,0,313,1,40,0
1990,18,1,1,0,0,0,486,0,20,0
1990,72,2,3,0,0,0,0,0,0,0
1990,43,1,0,0,0,0,597,0,40,1
1990,41,2,0,0,0,0,0,0,0,0
1990,21,1,1,0,0,1,597,0,40,0
1990,20,1,1,0,0,0,597,0,40,0
1990,53,1,0,0,2,1,73,1,40,1
1990,42,2,0,0,0,1,156,5,40,0
1990,22,2,1,0,0,0,159,5,20,0
1990,46,1,0,0,0,0,22,2,45,1
1990,47,2,0,0,0,0,354,2,40,0
1990,18,1,1,0,0,0,889,3,30,0
1990,21,1,1,0,0,1,804,5,40,0
1990,51,2,3,0,0,1,0,0,0,0
1990,42,1,0,0,0,1,686,3,40,0
1990,42,2,0,0,0,1,373,3,15,0
1990,29,1,0,0,0,1,57,1,40,0
1990,27,2,0,0,2,1,144,5,15,0
1990,48,1,0,3,3,1,23,5,40,0
1990,43,2,0,3,3,1,446,5,40,0
1990,58,1,0,0,0,1,14,5,0,0
1990,58,2,0,0,0,1,339,1,0,0
1990,50,1,0,3,3,1,55,2,48,1
1990,38,2,0,3,3,0,785,1,40,0
1990,33,1,0,3,3,1,22,1,40,1
1990,30,2,0,3,3,1,85,5,32,0
1990,30,2,2,3,3,1,0,0,0,0
1990,27,2,0,0,2,1,259,1,40,0
1990,29,1,0,0,2,1,23,6,40,0
1990,49,1,0,0,0,1,243,3,40,1
1990,35,2,0,0,0,1,156,5,35,0
1990,35,1,1,0,0,1,23,0,50,0
1990,77,2,3,0,0,0,0,0,0,0
1990,30,1,1,0,0,1,426,4,0,0
1990,71,1,0,0,0,1,243,3,30,0
1990,65,2,0,0,0,0,0,0,0,0
1990,35,1,0,2,0,1,188,1,40,0
1990,28,2,0,0,0,1,628,1,40,0
1990,35,1,0,0,4,1,436,3,40,0
1990,26,2,0,0,4,1,0,0,0,0
1990,26,1,1,1,0,1,229,1,40,0
1990,52,1,3,0,0,0,889,3,40,0
1990,19,1,1,0,0,0,779,1,40,0
1990,34,1,0,0,0,1,365,6,38,0
1990,34,2,0,0,0,1,0,0,0,0
1990,53,1,0,0,0,1,637,3,40,0
1990,47,2,0,0,2,0,159,5,15,0
1990,33,1,0,1,0,1,178,5,58,1
1990,32,2,0,1,0,1,174,5,0,0
1990,73,2,0,0,0,1,0,0,0,0
1990,75,1,0,0,0,1,418,6,0,0
1990,42,1,0,0,0,1,804,2,47,0
1990,39,2,0,0,0,0,599,3,25,0
1990,38,1,0,0,0,1,23,3,45,0
1990,36,2,0,0,0,1,628,1,42,0
1990,39,1,0,0,0,1,188,1,40,0
1990,34,2,0,0,0,0,37,5,37,0
1990,38,1,3,3,3,1,305,4,35,0
1990,63,2,3,3,3,0,0,0,0,0
1990,40,1,2,3,3,1,23,4,35,0
1990,66,1,2,0,0,1,0,0,0,0
1990,55,1,0,0,0,0,585,0,40,0
1990,53,2,0,0,0,1,156,5,38,0
1990,42,1,0,3,3,1,259,3,40,0
1990,37,2,0,3,3,0,95,5,40,0
1990,70,2,3,0,0,0,809,2,0,0
1990,64,1,0,0,0,0,274,3,40,0
1990,64,2,0,0,0,0,433,1,40,0
1990,58,2,3,0,0,0,337,1,45,0
1990,26,1,1,0,0,0,575,5,40,0
1990,77,1,0,0,2,0,0,0,0,0
1990,77,2,0,0,2,0,0,0,0,1
1990,74,2,3,0,0,0,338,5,5,0
1990,79,2,1,0,0,1,0,0,0,1
1990,41,1,0,0,0,1,303,4,54,1
1990,40,2,0,0,0,1,0,0,0,0
1990,69,1,1,0,0,1,254,4,0,0
1990,62,2,1,0,0,1,254,4,0,0
1990,67,1,0,0,0,0,486,0,56,0
1990,62,2,0,0,0,0,376,2,40,0
1990,33,2,1,0,0,0,23,3,50,0
1990,30,1,1,0,0,0,628,1,50,0
1990,29,1,1,0,0,1,883,2,32,0
1990,46,1,0,0,2,1,254,4,20,0
1990,45,2,0,0,2,0,0,0,0,0
1990,18,2,1,0,0,0,0,0,0,0
1990,65,1,0,0,0,0,503,4,45,1
1990,62,2,0,0,0,0,0,0,0,0
1990,34,1,1,0,0,0,549,3,40,0
1990,30,2,1,0,0,1,313,1,40,0
1990,73,1,0,0,0,0,0,0,0,0
1990,71,2,0,0,0,0,0,0,0,0
1990,48,1,0,0,0,0,264,3,50,0
1990,49,2,0,0,0,1,337,3,0,0
1990,24,1,1,0,0,0,889,5,40,0
1990,22,2,1,0,0,0,375,4,38,0
1990,20,2,1,0,0,0,267,3,35,0
1990,36,1,0,0,0,1,178,5,40,1
1990,27,2,0,0,0,0,313,5,0,0
1990,44,1,0,0,0,0,628,4,40,0
1990,43,2,0,0,0,0,7,4,37,0
1990,35,1,0,0,2,0,436,3,62,0
1990,33,2,0,0,0,0,0,0,0,0
1990,64,2,0,0,0,0,379,1,14,0
1990,72,1,0,0,0,0,357,4,30,0
1990,32,2,1,0,0,0,435,3,20,0
1990,70,2,1,0,0,0,0,0,0,0
1990,43,2,1,0,0,0,0,0,0,0
1990,37,1,3,0,0,0,243,1,50,0
1990,32,2,2,0,0,1,344,3,12,0
1990,43,1,0,0,0,1,525,3,45,0
1990,38,2,0,0,0,0,0,0,0,0
1990,67,1,0,0,4,1,59,6,35,0
1990,56,2,0,0,4,0,274,3,0,0
1990,25,1,1,0,4,1,243,3,35,0
1990,64,1,0,0,0,1,0,0,0,0
1990,59,2,0,0,0,0,0,0,0,0
1990,32,1,1,0,0,0,869,5,40,0
1990,58,1,0,0,0,0,549,1,40,0
1990,56,2,0,0,0,1,379,5,15,0
1990,23,2,1,0,0,1,203,5,0,0
1990,34,1,0,0,2,0,458,4,60,0
1990,32,2,0,0,2,0,0,0,0,0
1990,46,1,0,0,2,0,634,1,40,0
1990,44,2,0,0,2,0,313,5,40,0
1990,18,1,1,0,0,1,274,3,20,0
1990,30,1,1,0,0,0,254,4,38,0
1990,30,2,2,0,0,0,458,4,35,0
1990,32,1,1,0,0,0,27,2,40,0
1990,58,1,0,0,0,0,235,2,40,0
1990,55,2,0,0,0,0,0,0,0,0
1990,63,2,2,0,0,0,337,3,40,0
1990,40,2,1,0,0,0,0,0,0,0
1990,63,2,3,0,0,0,0,0,0,0
1990,70,1,0,0,0,0,696,1,0,0
1990,63,2,0,0,0,0,796,3,0,0
1990,29,1,0,0,0,1,368,2,54,1
1990,23,2,0,0,0,1,23,5,45,0
1990,40,2,2,0,0,0,337,3,45,0
1990,21,2,1,0,0,0,0,0,0,0
1990,55,1,0,0,0,0,22,2,50,0
1990,53,2,0,0,0,1,379,2,45,0
1990,73,2,0,0,0,0,0,0,0,0
1990,62,1,1,0,0,0,0,0,0,0
1990,26,1,1,0,0,0,22,1,40,0
1990,77,2,3,0,2,0,0,0,0,0
1990,71,2,1,0,2,0,0,0,0,0
1990,68,2,1,0,0,0,0,0,0,0
1990,40,1,0,2,0,0,628,1,40,0
1990,33,2,0,2,0,0,0,0,0,0
1990,48,1,0,2,1,0,27,0,40,0
1990,49,2,0,2,1,1,785,1,40,0
1990,21,1,1,2,1,1,683,3,40,0
1990,41,1,0,0,0,1,203,5,40,0
1990,41,2,0,0,0,1,447,5,45,0
1990,37,2,2,0,0,1,447,5,0,0
1990,58,2,3,3,3,0,785,1,40,0
1990,35,2,3,3,3,0,243,3,50,0
1990,30,1,1,3,3,0,0,0,0,0
1990,78,2,3,3,3,0,0,0,0,0
1990,43,2,1,2,0,0,785,3,40,0
1990,18,1,1,2,0,0,804,2,48,0
1990,71,1,0,0,0,0,518,1,0,0
1990,65,2,0,0,0,0,21,5,0,0
1990,67,1,0,0,0,0,779,1,0,0
1990,57,2,0,0,0,0,0,0,0,0
1990,31,2,1,0,0,0,0,0,0,0
1990,64,1,0,0,0,1,653,1,40,0
1990,61,2,0,0,0,1,23,1,40,0
1990,35,1,3,0,1,1,453,3,40,0
1990,67,1,3,0,1,1,628,1,0,0
1990,19,1,1,0,1,0,628,1,0,0
1990,28,1,0,0,1,0,628,1,0,0
1990,32,1,1,0,1,1,628,1,0,0
1990,28,1,3,0,1,1,628,1,0,0
1990,24,2,0,0,1,0,0,0,0,0
1990,60,1,0,0,0,1,26,5,30,0
1990,59,2,0,0,0,1,257,2,37,0
1990,53,1,0,0,0,1,85,5,40,1
1990,52,2,0,0,0,1,156,5,32,0
1990,21,1,1,0,0,1,687,1,40,0
1990,31,1,1,3,3,1,64,4,40,1
1990,30,2,1,3,3,1,64,3,40,1
1990,62,1,2,0,0,0,0,0,0,0
1990,73,2,3,0,0,0,0,0,0,0
1990,64,1,0,0,2,1,225,1,37,1
1990,65,2,0,0,2,1,0,0,0,0
1990,56,1,1,0,0,1,55,1,40,1
1990,60,1,0,0,0,1,159,5,60,1
1990,57,2,0,0,0,1,254,4,40,1
1990,78,1,0,0,0,1,0,0,0,1
1990,67,2,0,0,0,0,0,0,0,1
1990,44,1,0,0,0,1,22,1,40,1
1990,40,2,0,0,0,1,156,5,10,0
1990,57,2,3,0,0,1,0,0,0,1
1990,27,2,1,0,0,1,313,4,38,0
1990,25,1,1,0,0,1,64,5,40,0
1990,23,2,1,0,0,1,243,4,40,0
1990,54,2,2,0,0,0,337,1,40,0
1990,25,1,1,0,0,0,575,0,40,0
1990,69,1,0,0,0,0,634,1,40,0
1990,65,2,0,0,0,0,276,3,12,0
1990,23,1,1,0,0,0,335,4,40,0
1990,35,1,0,0,0,1,64,4,35,0
1990,34,2,0,0,0,1,259,1,40,0
1990,42,1,0,0,2,0,766,1,40,0
1990,38,2,0,0,2,0,785,1,50,0
1990,18,2,1,0,2,0,276,3,21,0
1990,47,1,0,0,0,1,253,4,60,1
1990,44,2,0,0,0,0,177,5,40,0
1990,51,1,2,0,0,1,628,1,50,1
1990,64,1,0,0,2,0,379,0,60,1
1990,54,2,0,0,2,0,0,0,0,0
1990,28,1,1,0,0,1,22,0,60,1
1990,19,2,1,0,0,0,337,0,25,0
1990,30,2,1,0,0,0,259,1,40,0
1990,47,2,0,0,0,1,14,5,40,0
1990,61,1,0,0,0,1,243,3,35,0
1990,61,1,1,0,0,1,156,5,0,0
1990,43,1,0,0,0,1,84,5,70,1
1990,40,2,0,0,0,1,23,5,15,0
1990,34,1,1,0,0,0,459,5,40,0
1990,29,2,1,0,0,1,313,5,38,0
1990,71,1,0,0,0,1,303,6,0,0
1990,77,2,0,0,0,0,0,0,0,0
1990,34,1,0,0,0,1,364,2,40,0
1990,32,2,0,0,0,0,434,3,16,0
1990,57,1,1,0,0,1,637,1,40,0
1990,70,1,0,0,1,1,35,6,0,0
1990,67,2,0,0,2,0,0,0,0,0
1990,27,1,0,0,0,0,243,3,60,0
1990,28,2,0,0,0,0,336,4,40,0
1990,27,1,0,0,0,1,45,1,40,0
1990,32,2,0,0,0,1,229,4,35,0
1990,60,2,3,0,3,0,376,4,0,0
1990,35,2,1,0,0,0,276,3,48,0
1990,23,1,1,0,0,1,748,4,16,0
1990,42,1,2,0,0,0,637,0,45,0
1990,58,1,0,0,0,1,56,0,40,1
1990,56,2,0,0,0,1,243,3,50,0
1990,80,2,3,0,0,0,0,0,0,0
1990,37,2,1,0,0,1,318,2,40,0
1990,30,2,2,0,0,1,313,4,42,0
1990,28,1,1,0,0,1,567,0,40,0
1990,30,2,1,0,0,1,159,5,37,0
1990,30,1,1,0,0,1,23,5,65,0
1990,41,1,0,0,0,1,22,4,40,1
1990,42,2,0,0,0,1,22,5,40,1
1990,41,2,2,0,0,1,22,4,48,0
1990,68,2,2,0,2,0,276,3,0,0
1990,30,2,2,0,0,0,313,1,40,0
1990,28,1,0,0,0,1,22,4,60,1
1990,28,2,0,0,0,0,308,5,20,0
1990,33,1,0,0,0,1,365,1,60,1
1990,30,2,0,0,0,1,777,4,35,0
1990,28,1,0,0,0,1,628,1,50,0
1990,23,2,0,0,0,1,314,4,25,0
1990,44,1,0,0,0,1,166,1,45,1
1990,44,2,0,0,0,1,14,5,35,0
1990,33,1,0,0,0,1,229,3,48,0
1990,32,2,0,0,0,0,458,4,0,0
1990,49,1,0,0,0,1,229,4,40,1
1990,32,2,0,0,0,1,229,3,0,0
1990,60,1,0,0,0,0,634,1,40,0
1990,58,2,0,0,0,0,436,3,30,0
1990,27,1,1,0,0,0,505,3,43,0
1990,29,1,0,0,0,1,229,4,35,1
1990,27,2,0,0,0,1,33,5,35,0
1990,34,2,1,0,0,0,434,3,32,0
1990,26,1,1,0,0,1,436,3,40,0
1990,35,1,2,1,0,1,229,4,40,0
1990,38,1,0,0,0,1,22,1,45,0
1990,38,2,0,0,0,1,22,1,20,0
1990,73,1,0,0,2,0,804,1,25,0
1990,77,2,0,0,0,0,0,0,0,0
1990,45,1,1,0,0,1,274,3,75,0
1990,44,1,0,0,0,1,22,1,60,1
1990,43,2,0,0,0,0,337,1,40,0
1990,18,2,1,0,0,0,385,5,8,0
1990,47,1,0,0,0,1,73,5,40,1
1990,46,2,0,0,0,1,73,5,40,1
1990,59,1,0,0,0,1,48,5,40,1
1990,57,2,0,0,0,0,0,0,0,0
1990,27,1,1,0,0,1,186,5,70,0
1990,36,1,0,0,0,1,337,5,40,1
1990,37,2,0,0,0,1,26,1,40,0
1990,76,2,3,0,0,0,0,0,0,0
1990,39,2,3,3,3,1,95,5,40,0
1990,18,2,1,3,3,0,276,3,40,0
1990,40,1,0,2,1,1,7,4,40,0
1990,42,2,0,2,1,0,449,4,20,0
1990,27,2,1,0,0,1,21,5,45,0
1990,58,2,1,0,0,1,303,4,33,0
1990,67,1,3,0,0,0,0,0,0,0
1990,59,2,3,0,0,0,0,0,0,0
1990,66,1,0,0,0,0,23,6,40,1
1990,58,2,0,0,0,1,95,5,45,0
1990,33,2,2,0,0,0,436,5,40,0
1990,34,1,0,0,0,0,628,0,60,0
1990,32,2,0,0,0,0,323,5,40,0
1990,25,1,0,0,0,0,734,1,37,0
1990,23,2,0,0,0,0,458,4,15,0
1990,42,2,3,0,0,0,335,5,12,0
1990,52,1,0,1,0,0,37,4,42,0
1990,47,2,0,1,0,1,156,5,40,0
1990,31,1,1,1,0,0,276,2,40,0
1990,27,1,1,1,0,1,379,4,40,0
1990,64,1,0,0,2,0,453,2,50,0
1990,62,2,0,0,2,0,549,2,38,0
1990,48,1,0,0,2,1,426,3,50,1
1990,38,2,0,0,0,1,8,3,40,0
1990,51,2,3,1,0,1,379,5,0,0
1990,21,1,1,1,0,0,356,4,40,0
1990,20,2,1,1,0,0,459,5,0,0
1990,23,1,0,0,2,1,715,1,45,0
1990,19,2,0,0,2,0,276,3,0,0
1990,37,1,0,0,0,1,53,0,40,0
1990,37,2,0,0,0,1,36,1,35,0
1990,42,1,0,0,0,1,22,1,40,1
1990,42,2,0,0,0,1,156,5,40,0
1990,68,2,3,0,0,0,0,0,0,0
1990,28,2,1,1,1,1,23,2,65,0
1990,33,1,1,1,1,0,453,5,30,0
1990,56,2,3,0,0,1,7,1,50,0
1990,34,1,2,0,0,1,783,5,40,0
1990,32,2,2,0,2,1,313,1,37,0
1990,38,1,0,0,0,1,7,4,55,1
1990,35,2,0,0,0,0,379,4,12,0
1990,45,1,0,0,0,0,18,4,0,0
1990,45,2,0,0,0,1,95,3,0,0
1990,53,1,0,0,2,0,17,3,40,1
1990,43,2,0,0,0,0,0,0,0,0
1990,69,1,0,0,2,0,326,2,35,1
1990,60,2,0,0,0,0,319,3,40,0
1990,19,2,1,0,0,0,337,3,23,0
1990,31,1,1,0,0,0,869,0,48,0
1990,41,1,0,0,0,1,13,4,65,0
1990,37,2,0,0,0,1,156,5,2,0
1990,67,2,3,0,0,0,0,0,0,1
1990,39,1,2,0,0,1,22,1,40,0
1990,54,1,0,0,0,0,579,0,40,0
1990,51,2,0,0,0,0,785,1,30,0
1990,39,1,0,0,2,1,677,1,40,0
1990,41,2,0,0,2,1,144,5,6,0
1990,28,2,0,0,0,1,307,5,40,0
1990,26,1,0,0,0,0,869,0,45,1
1990,62,1,3,1,0,0,808,6,44,0
1990,76,1,1,1,0,0,0,0,0,0
1990,26,1,0,0,0,1,303,4,47,0
1990,23,2,0,0,2,1,315,5,40,0
1990,39,1,2,0,0,0,418,6,40,0
1990,60,1,0,0,0,0,259,3,50,0
1990,58,2,0,0,0,0,0,0,0,0
1990,30,1,0,3,0,0,554,0,44,0
1990,30,2,0,0,0,0,379,2,35,0
1990,45,1,0,0,0,1,308,6,40,1
1990,45,2,0,0,0,1,156,5,20,0
1990,61,1,0,0,0,0,439,3,35,1
1990,60,2,0,0,0,0,276,3,0,0
1990,42,2,0,0,0,1,22,0,20,0
1990,45,1,0,0,0,1,48,0,60,1
1990,32,1,0,0,0,1,18,4,35,0
1990,39,2,0,0,2,1,22,1,40,0
1990,18,1,1,0,0,0,444,5,15,0
1990,58,1,0,0,0,1,154,5,40,0
1990,60,2,0,0,0,0,0,0,0,0
1990,33,1,1,0,0,1,479,0,20,0
1990,24,1,1,0,0,1,558,0,40,0
1990,39,2,1,0,0,1,224,6,40,0
1990,53,1,2,0,0,1,22,1,40,1
1990,18,1,1,0,0,0,213,3,45,0
1990,66,1,0,0,0,0,216,5,40,0
1990,64,2,0,0,0,0,0,0,0,0
1990,44,1,1,0,0,1,435,3,35,0
1990,62,2,3,0,2,0,744,1,35,0
1990,41,1,0,0,0,1,13,1,45,1
1990,39,2,0,0,0,1,156,5,35,0
1990,39,1,0,0,0,1,85,5,38,1
1990,38,2,0,0,0,1,257,1,8,0
1990,77,1,3,0,2,0,9,1,30,0
1990,47,2,3,0,0,0,319,5,37,0
1990,28,2,1,0,0,0,315,6,37,0
1990,29,2,2,0,0,1,315,2,40,0
1990,35,2,0,0,0,1,95,5,25,1
1990,38,1,0,0,0,1,84,3,40,1
1990,33,1,0,0,0,1,549,2,36,0
1990,30,2,0,0,0,0,808,2,25,0
1990,44,2,0,0,0,1,21,1,40,0
1990,47,1,0,0,0,1,7,5,40,1
1990,19,2,1,0,0,0,0,0,0,0
1990,37,2,1,1,1,1,264,3,35,0
1990,66,2,2,0,0,0,744,1,0,0
1990,52,1,2,0,0,0,804,2,40,0
1990,50,1,2,0,0,0,575,1,56,1
1990,24,2,1,0,0,1,628,0,42,0
1990,36,1,0,0,2,1,628,1,40,1
1990,31,2,0,0,2,1,313,5,0,0
1990,65,1,0,0,0,1,243,3,40,1
1990,57,2,0,0,0,0,0,0,0,0
1990,30,1,0,0,0,1,253,4,50,1
1990,27,2,0,0,0,1,208,0,0,0
1990,24,1,0,1,0,0,785,1,40,0
1990,26,2,0,1,0,0,313,5,50,0
1990,62,2,2,0,0,0,0,0,0,0
1990,64,2,3,0,2,0,785,1,0,0
1990,43,2,2,0,0,0,785,1,40,0
1990,44,1,0,0,0,1,257,4,40,1
1990,41,2,0,0,0,1,253,4,40,0
1990,21,1,1,0,0,0,783,1,35,0
1990,36,1,0,3,3,1,23,5,37,0
1990,33,2,0,3,3,1,315,4,0,0
1990,34,1,0,0,0,1,22,3,60,1
1990,33,2,0,0,0,1,774,1,0,0
1990,47,1,0,0,0,1,22,4,40,1
1990,48,2,0,0,0,1,95,5,13,0
1990,19,1,1,0,0,0,889,2,40,0
1990,51,1,0,0,0,1,22,4,60,1
1990,50,2,0,0,0,1,18,4,40,0
1990,26,1,1,0,0,1,255,4,60,1
1990,25,2,1,0,0,1,255,4,50,0
1990,39,1,0,0,2,1,178,5,60,1
1990,29,2,0,0,2,1,259,1,0,0
1990,48,1,0,0,0,1,22,4,50,1
1990,42,2,0,0,0,1,257,5,40,1
1990,38,1,0,0,0,1,85,5,40,1
1990,33,2,0,0,1,1,85,5,20,0
1990,70,2,3,0,0,0,444,5,12,0
1990,50,1,2,0,0,0,543,1,50,1
1990,55,1,0,0,0,1,253,4,60,1
1990,53,2,0,0,0,1,254,4,25,0
1990,25,1,1,0,0,1,0,0,0,0
1990,49,2,0,0,0,0,337,4,30,1
1990,51,1,0,0,0,1,17,4,40,1
1990,44,1,0,0,0,1,59,5,50,1
1990,41,2,0,0,0,1,313,5,0,0
1990,34,1,0,0,2,1,13,4,50,1
1990,36,2,0,0,0,1,185,1,20,0
1990,35,2,3,1,0,1,376,1,47,0
1990,37,2,1,0,0,1,22,4,55,1
1990,25,1,1,0,0,1,73,1,50,0
1990,33,1,0,0,0,1,259,1,43,1
1990,35,2,0,0,0,1,275,5,7,0
1990,28,2,2,0,0,1,22,2,40,0
1990,26,1,1,0,0,1,166,2,40,0
1990,49,2,2,0,0,1,389,6,32,0
1990,26,2,1,0,0,0,22,5,40,0
1990,35,1,2,0,0,0,567,0,35,0
1990,44,2,2,0,0,1,95,5,40,0
1990,19,2,1,0,0,1,445,5,40,0
1990,40,1,2,0,0,1,364,1,45,0
1990,61,1,0,0,0,1,84,5,60,1
1990,58,2,0,0,0,1,15,5,40,0
1990,41,1,0,0,0,1,157,5,60,0
1990,39,2,0,0,0,0,22,3,35,0
1990,54,1,0,0,0,1,55,6,40,1
1990,55,2,0,0,0,0,0,0,0,0
1990,34,1,0,0,0,1,885,3,50,0
1990,33,2,0,0,0,1,95,5,10,0
1990,80,2,3,0,2,0,0,0,0,0
1990,47,1,1,0,0,1,128,5,25,0
1990,43,1,0,3,3,1,257,2,40,1
1990,37,2,0,3,0,1,27,1,40,0
1990,47,1,0,0,0,1,13,2,45,1
1990,46,2,0,0,0,1,37,0,4,0
1990,46,1,0,1,1,0,567,0,40,0
1990,40,2,0,1,1,0,449,4,0,0
1990,18,1,1,1,1,0,0,0,0,0
1990,64,1,0,0,0,0,585,5,40,0
1990,62,2,0,0,0,0,0,0,0,0
1990,71,2,3,1,0,0,0,0,0,0
1990,39,2,2,0,0,1,183,1,30,0
1990,64,2,3,0,0,1,95,5,35,0
1990,29,2,1,0,0,1,274,3,25,0
1990,62,2,3,0,0,0,458,4,40,0
1990,39,1,0,0,0,1,22,2,55,0
1990,37,2,0,0,0,1,313,6,35,0
1990,49,1,2,0,0,1,418,6,40,0
1990,42,1,0,0,0,1,505,3,40,0
1990,43,2,0,0,0,1,103,4,40,0
1990,69,2,3,0,2,0,314,5,0,0
1990,67,2,1,0,0,1,0,0,0,0
1990,46,1,0,0,0,1,255,4,40,1
1990,43,2,0,0,0,1,193,4,20,0
1990,20,2,1,0,0,1,0,0,0,0
1990,18,2,1,0,0,0,435,3,12,0
1990,42,1,0,0,0,1,257,1,40,1
1990,37,2,0,0,0,0,0,0,0,0
1990,39,1,0,0,0,1,8,6,40,0
1990,35,2,0,0,0,1,156,5,20,0
1990,46,1,0,0,0,1,255,4,45,1
1990,51,2,0,0,0,1,0,0,0,0
1990,39,1,0,0,0,1,575,1,46,1
1990,34,2,0,0,0,0,364,2,20,0
1990,76,1,0,0,0,0,0,0,0,0
1990,73,2,0,0,0,0,313,5,2,0
1990,46,1,1,1,0,0,575,2,40,0
1990,29,1,0,0,0,1,678,5,40,0
1990,26,2,0,0,0,1,157,5,40,0
1990,59,1,0,0,0,1,256,4,48,1
1990,59,2,0,0,0,1,0,0,0,0
1990,38,1,1,0,0,1,177,5,60,0
1990,46,1,1,0,0,1,178,6,50,1
1990,54,1,1,0,0,1,453,2,40,0
1990,51,1,0,3,3,1,84,5,30,1
1990,45,2,0,0,0,1,22,5,30,0
1990,18,1,1,3,0,0,859,2,0,0
1990,68,2,3,0,0,0,274,3,26,0
1990,24,2,1,0,0,0,313,6,40,0
1990,45,2,1,1,0,1,97,5,40,0
1990,49,1,0,0,0,1,23,5,50,1
1990,35,2,0,0,0,1,23,5,45,0
1990,47,2,0,0,0,1,796,1,40,0
1990,49,1,0,0,0,0,558,0,40,0
1990,27,2,1,1,2,1,55,5,40,0
1990,28,1,1,0,4,1,55,5,40,1
1990,28,2,1,0,0,1,64,2,40,1
1990,28,1,1,0,2,1,59,2,35,0
1990,31,1,1,1,0,1,176,6,48,0
1990,40,1,0,0,0,1,243,3,52,1
1990,36,2,0,0,0,1,0,0,0,0
1990,53,1,0,0,0,0,503,3,50,0
1990,51,2,0,0,0,1,259,1,45,0
1990,66,1,0,0,0,1,159,5,0,0
1990,63,2,0,0,0,0,0,0,0,0
1990,37,2,2,1,0,1,447,5,0,0
1990,20,2,1,1,0,0,276,3,0,0
1990,47,1,0,1,0,1,176,5,50,0
1990,44,2,0,1,0,0,0,0,0,0
1990,18,1,1,1,0,0,383,4,23,0
1990,51,1,0,0,0,0,55,1,0,0
1990,35,2,0,0,0,1,677,3,45,0
1990,29,1,1,0,2,0,687,1,50,0
1990,47,1,0,0,2,0,563,0,0,0
1990,46,2,0,0,2,0,744,1,44,0
1990,22,1,1,0,2,0,563,0,48,0
1990,21,1,1,0,2,0,687,1,60,0
1990,19,2,1,0,2,0,313,5,40,0
1990,18,1,1,0,2,0,785,3,40,0
1990,34,2,3,0,0,1,156,5,30,0
1990,67,1,0,0,0,0,255,4,45,1
1990,66,2,0,0,0,0,387,5,25,0
1990,56,2,3,0,0,1,467,5,7,0
1990,33,2,1,0,0,0,313,3,40,0
1990,36,1,2,0,0,1,85,5,40,1
1990,40,1,0,0,3,0,22,3,40,1
1990,43,2,0,0,0,0,0,0,0,0
1990,19,1,1,0,0,1,386,3,8,0
1990,21,2,1,2,1,0,468,5,0,0
1990,38,1,0,0,0,1,84,5,50,1
1990,35,2,0,0,0,1,95,5,25,0
1990,60,1,1,0,0,0,869,0,40,0
1990,69,1,1,0,0,1,426,0,20,0
1990,58,1,0,0,0,0,355,2,0,0
1990,54,2,0,0,0,0,313,6,35,0
1990,30,1,1,0,0,1,567,0,40,0
1990,62,1,0,1,0,0,628,1,40,0
1990,57,2,0,1,0,0,808,5,20,0
1990,34,1,0,0,0,1,156,5,40,0
1990,31,2,0,0,0,1,99,5,20,0
1990,74,1,0,0,0,0,0,0,0,0
1990,65,2,0,0,2,0,0,0,0,0
1990,30,1,1,0,0,1,869,0,40,0
1990,56,1,0,0,0,0,558,0,0,0
1990,54,2,0,0,0,0,0,0,0,0
1990,27,1,0,0,0,1,235,5,40,0
1990,30,2,0,0,0,0,22,4,40,0
1990,32,1,1,0,0,1,567,0,60,0
1990,53,1,0,0,0,1,27,1,40,1
1990,52,2,0,0,0,1,254,4,30,0
1990,21,2,1,0,0,0,0,0,0,0
1990,72,1,0,0,0,0,547,5,40,0
1990,69,2,0,0,0,0,0,0,0,0
1990,32,2,2,0,0,1,95,5,40,0
1990,25,2,1,0,0,1,255,4,30,0
1990,56,1,1,0,2,1,203,1,40,0
1990,51,1,0,0,0,1,243,3,45,1
1990,43,2,0,0,0,1,379,3,0,0
1990,53,1,2,0,0,1,85,5,40,1
1990,26,1,1,0,0,1,229,5,48,0
1990,45,2,2,0,0,0,276,3,52,0
1990,66,1,1,0,0,1,22,5,50,1
1990,59,1,0,0,0,0,529,2,40,0
1990,50,2,0,0,0,1,447,5,0,0
1990,23,2,1,0,0,1,22,2,40,0
1990,46,2,3,0,0,1,174,5,35,0
1990,43,1,0,0,0,1,17,3,60,0
1990,36,2,0,0,0,1,95,5,40,0
1990,34,1,0,0,0,1,365,4,40,0
1990,36,2,0,0,0,1,313,1,40,1
1990,38,1,0,0,0,1,259,1,45,0
1990,37,2,0,0,0,1,0,0,0,0
1990,20,1,1,1,0,0,315,6,68,0
1990,64,1,0,0,0,0,453,6,40,0
1990,61,2,0,0,0,0,0,0,0,0
1990,32,1,0,0,0,1,22,4,60,0
1990,32,2,0,0,0,1,0,0,0,0
1990,68,2,3,0,0,0,0,0,0,0
1990,28,1,0,0,0,0,567,0,40,0
1990,26,2,0,0,0,1,178,5,37,0
1990,52,1,0,0,4,1,23,5,35,0
1990,43,2,0,0,4,1,174,6,35,0
1990,59,1,3,0,4,1,0,0,0,0
1990,76,2,3,0,4,0,0,0,0,0
1990,39,1,0,0,0,1,274,3,35,0
1990,37,2,0,0,0,1,0,0,0,0
1990,30,1,0,0,0,1,23,2,40,0
1990,29,2,0,0,0,1,22,4,60,0
1990,22,2,1,0,0,1,469,4,26,0
1990,67,1,2,0,0,0,0,0,0,0
1990,49,1,0,3,1,0,756,1,37,0
1990,47,2,0,3,1,1,313,0,40,0
1990,44,1,0,0,0,0,336,4,40,0
1990,45,2,0,0,0,0,378,2,30,0
1990,59,2,2,0,0,0,0,0,0,0
1990,29,1,0,3,3,0,435,3,60,0
1990,29,2,0,0,0,0,308,2,40,0
1990,62,2,0,0,0,1,156,5,0,0
1990,71,1,0,0,0,1,0,0,0,0
1990,31,2,1,0,0,1,877,3,30,0
1990,75,1,3,0,0,0,0,0,0,0
1990,30,1,1,0,0,1,354,2,45,0
1990,53,2,2,0,0,0,313,4,40,0
1990,20,2,1,0,0,1,438,3,2,0
1990,74,2,3,0,0,0,0,0,0,0
1990,38,1,0,0,0,1,844,0,40,0
1990,27,2,0,0,0,1,375,4,40,0
1990,65,1,0,0,0,0,779,1,0,0
1990,63,2,0,0,0,0,877,3,0,0
1990,30,1,0,0,0,0,364,5,40,0
1990,27,2,0,0,0,0,313,2,40,0
1990,60,1,0,0,0,1,699,6,45,0
1990,56,2,0,0,0,1,338,5,18,0
1990,57,1,3,0,0,0,889,3,40,0
1990,53,2,3,0,0,1,206,5,36,0
1990,26,2,1,0,0,1,207,5,40,0
1990,23,1,1,0,0,1,418,6,43,0
1990,55,1,0,1,0,1,453,4,45,0
1990,52,2,0,1,0,1,37,1,40,0
1990,20,2,1,1,0,0,0,0,0,0
1990,43,2,2,0,0,1,243,3,50,1
1990,20,2,1,0,0,0,364,1,45,0
1990,44,1,0,0,0,1,25,4,50,1
1990,40,2,0,0,0,1,177,5,16,0
1990,42,1,0,0,0,1,22,4,40,1
1990,40,2,0,0,0,0,438,3,30,0
1990,40,2,0,0,0,1,0,0,0,0
1990,56,1,0,0,0,0,804,2,40,0
1990,55,1,0,0,0,0,628,2,60,1
1990,56,2,0,0,0,1,254,4,0,0
1990,31,2,1,0,0,0,313,4,52,0
1990,38,1,0,0,0,1,257,4,40,0
1990,36,2,0,0,0,1,435,3,12,0
1990,51,1,2,0,0,1,154,5,40,1
1990,50,2,2,0,0,1,156,5,40,0
1990,46,1,0,0,0,1,628,1,40,0
1990,44,2,0,0,0,0,253,4,29,0
1990,57,1,0,0,0,1,389,2,40,1
1990,57,2,0,0,0,0,22,5,10,0
1990,53,1,2,0,0,1,166,5,50,1
1990,41,1,0,0,0,1,274,5,50,0
1990,32,2,0,0,0,1,435,5,15,0
1990,38,1,0,3,4,1,354,2,40,0
1990,33,2,0,3,4,1,355,2,40,0
1990,61,1,0,0,0,1,558,0,0,0
1990,58,2,0,0,0,1,5,6,38,1
1990,32,2,0,0,0,1,378,3,10,0
1990,30,1,0,0,0,1,436,4,60,0
1990,39,1,2,0,0,1,253,4,40,1
1990,29,1,1,0,0,0,458,4,40,0
1990,29,2,1,0,0,0,768,0,40,0
1990,67,1,1,0,0,0,0,0,0,0
1990,55,1,0,0,0,0,804,2,60,0
1990,52,2,0,0,0,0,0,0,0,0
1990,39,1,0,0,0,1,253,4,40,1
1990,39,2,0,0,0,1,156,5,15,0
1990,30,1,0,0,0,0,783,0,35,1
1990,26,2,0,0,0,1,22,4,40,0
1990,31,1,0,0,0,0,453,5,40,0
1990,33,2,0,0,0,0,453,5,40,0
1990,65,2,3,0,0,0,683,1,40,0
1990,28,2,1,0,0,0,889,1,0,0
1990,25,1,1,0,0,0,434,3,20,0
1990,39,1,3,0,0,0,889,4,40,0
1990,27,2,2,0,0,1,449,4,15,0
1990,35,1,0,0,0,0,595,0,45,0
1990,32,2,0,0,0,0,687,3,0,0
1990,23,1,0,0,0,1,7,4,40,0
1990,23,2,0,0,0,1,337,1,40,0
1990,28,1,0,0,0,1,418,6,40,0
1990,28,2,0,0,0,1,25,4,32,0
1990,27,1,3,0,0,0,567,4,40,0
1990,71,1,0,0,0,0,186,5,0,1
1990,65,2,0,0,0,0,0,0,0,0
1990,52,1,0,0,0,1,22,1,37,0
1990,49,2,0,0,0,1,95,5,40,0
1990,19,2,1,0,0,0,406,4,20,0
1990,72,2,3,0,0,0,0,0,0,0
1990,32,1,0,0,0,1,85,5,40,1
1990,31,2,0,0,2,1,166,2,40,0
1990,58,1,2,0,0,0,243,3,50,0
1990,27,1,1,0,0,1,387,5,48,0
1990,31,1,0,0,0,1,22,4,40,0
1990,30,2,0,0,2,0,0,0,0,0
1990,39,1,0,0,0,1,23,2,43,1
1990,37,2,0,0,0,0,0,0,0,0
1990,19,1,1,2,0,0,243,3,40,0
1990,21,2,1,2,0,0,383,4,40,0
1990,22,1,0,0,1,1,453,4,40,0
1990,24,2,0,0,1,0,453,3,40,0
1990,23,1,0,0,1,1,744,1,40,0
1990,23,2,0,0,1,1,453,4,0,0
1990,23,1,1,0,1,0,486,0,40,0
1990,24,1,1,0,4,0,486,0,40,0
1990,23,2,1,0,1,0,486,0,40,0
1990,22,1,1,0,0,0,435,3,0,0
1990,42,1,0,0,2,0,435,3,62,0
1990,40,2,0,0,0,0,379,1,40,0
1990,27,1,0,0,0,1,514,4,50,0
1990,30,2,0,0,0,0,303,5,32,0
1990,25,2,1,1,0,1,379,4,40,0
1990,61,1,0,0,0,1,22,5,40,1
1990,33,2,0,0,0,1,174,5,0,0
1990,24,1,0,2,0,0,505,4,50,0
1990,22,2,0,0,0,0,319,5,15,0
1990,38,1,0,0,0,1,5,6,40,1
1990,34,2,0,0,0,1,0,0,0,0
1990,57,1,0,0,0,0,276,2,40,0
1990,53,2,0,0,0,0,0,0,0,0
1990,40,1,0,0,0,0,696,2,38,1
1990,45,2,0,0,0,1,156,5,40,0
1990,30,1,1,0,0,0,756,1,24,0
1990,68,2,2,0,0,0,379,5,16,0
1990,27,1,0,0,0,1,55,5,40,0
1990,28,2,0,0,0,0,313,5,0,0
1990,55,1,0,0,0,1,423,6,40,1
1990,56,2,0,0,0,1,303,3,34,0
1990,31,1,0,0,2,0,579,0,40,0
1990,26,2,0,0,0,0,274,3,25,0
1990,29,1,0,0,2,1,904,6,60,0
1990,27,2,0,0,0,1,467,5,25,0
1990,74,1,0,0,0,0,365,6,40,0
1990,70,2,0,0,0,0,0,0,0,0
1990,55,1,0,0,0,0,426,4,40,0
1990,49,2,0,0,0,0,337,5,0,0
1990,21,1,1,0,0,0,804,0,40,0
1990,18,2,1,0,0,0,469,3,20,0
1990,24,1,0,0,0,0,768,0,50,0
1990,24,2,0,0,0,0,376,5,0,0
1990,80,2,3,0,2,0,0,0,0,0
1990,77,1,0,0,0,0,0,0,0,0
1990,78,2,0,0,0,0,337,4,0,0
1990,75,1,0,0,0,0,0,0,0,0
1990,69,2,0,0,2,1,313,5,0,0
1990,37,1,3,0,0,0,243,3,48,0
1990,48,1,0,0,0,1,22,6,40,1
1990,44,2,0,0,2,1,22,4,50,0
1990,79,2,3,0,2,0,0,0,0,0
1990,71,1,0,0,0,1,0,0,0,0
1990,70,2,0,0,0,1,0,0,0,0
1990,77,2,3,0,0,1,0,0,0,0
1990,75,2,3,0,0,0,785,3,40,0
1990,54,1,2,0,0,0,869,0,40,0
1990,41,1,0,0,0,1,558,0,40,0
1990,40,2,0,0,0,1,156,5,15,0
1990,68,2,3,0,0,0,95,1,40,0
1990,30,1,0,0,0,0,575,0,40,0
1990,32,2,0,0,0,0,808,5,40,0
1990,56,2,3,1,0,1,207,5,40,0
1990,22,2,1,1,0,0,276,3,40,0
1990,60,2,3,0,0,0,453,1,15,0
1990,59,1,0,0,0,0,575,5,40,1
1990,57,2,0,0,0,0,785,1,40,0
1990,43,1,1,0,0,1,754,1,55,0
1990,40,1,0,0,0,0,523,4,40,0
1990,31,2,0,0,0,1,22,0,45,0
1990,39,1,0,0,0,1,155,5,40,0
1990,38,2,0,0,0,1,0,0,0,0
1990,64,1,0,0,0,1,22,5,0,0
1990,62,2,0,0,0,0,0,0,0,0
1990,30,1,1,0,0,1,185,5,0,0
1990,29,1,0,0,0,0,505,4,60,0
1990,23,2,0,0,0,0,785,0,0,0
1990,79,1,0,0,0,1,18,4,15,0
1990,74,2,0,0,0,0,0,0,0,0
1990,37,2,0,0,0,0,488,0,40,0
1990,38,1,0,0,0,0,804,3,50,0
1990,44,1,0,0,0,1,22,5,45,1
1990,47,2,0,0,0,0,0,0,0,0
1990,47,2,0,0,0,0,313,5,40,0
1990,47,1,0,0,0,0,308,2,40,0
1990,21,1,1,0,0,1,427,5,40,0
1990,18,1,1,0,0,1,889,4,40,0
1990,33,2,1,0,0,1,206,5,40,0
1990,39,1,0,0,0,1,22,1,50,0
1990,34,2,0,0,0,1,313,1,30,0
1990,60,2,1,0,0,0,65,2,0,0
1990,69,2,3,0,0,0,0,0,0,0
1990,71,2,3,0,0,1,0,0,0,0
1990,74,1,0,0,0,0,0,0,0,0
1990,75,2,0,0,0,0,0,0,0,0
1990,42,1,0,0,0,0,637,1,60,0
1990,38,2,0,0,0,0,313,4,35,0
1990,47,1,1,0,0,0,756,1,40,0
1990,55,2,2,0,0,1,313,2,35,0
1990,31,1,3,0,0,1,436,3,46,0
1990,37,2,2,0,0,0,234,4,40,0
1990,55,1,0,0,0,0,689,2,40,0
1990,55,2,0,0,0,0,0,0,0,0
1990,61,2,3,0,0,0,689,1,40,0
1990,34,2,1,0,0,1,155,5,30,0
1990,72,2,0,0,0,0,0,0,0,0
1990,33,2,1,0,0,1,243,3,40,0
1990,51,1,0,0,0,1,156,5,35,0
1990,50,2,0,0,0,1,156,5,35,0
1990,23,1,1,0,0,1,195,1,40,0
1990,19,1,1,0,0,1,462,5,20,0
1990,37,2,0,0,0,1,95,5,40,0
1990,34,1,0,0,0,0,453,3,40,0
1990,27,2,1,0,0,1,243,4,37,0
1990,22,1,1,0,0,1,426,4,40,0
1990,69,1,0,0,0,0,55,0,0,0
1990,67,2,0,0,1,1,0,0,0,0
1990,40,2,2,0,0,1,235,0,40,0
1990,46,2,2,0,0,0,319,5,37,0
1990,19,2,1,0,0,0,447,5,37,0
1990,34,1,0,0,0,1,417,6,64,0
1990,30,2,0,0,0,0,313,4,35,0
1990,49,1,0,0,0,1,757,1,40,0
1990,45,2,0,0,0,1,203,5,40,0
1990,45,1,0,0,0,1,259,1,50,1
1990,44,2,0,0,0,1,337,1,15,0
1990,28,1,0,0,0,0,869,0,40,0
1990,28,2,0,0,0,1,174,5,40,0
1990,76,2,3,0,0,0,0,0,0,1
1990,35,1,0,0,0,1,243,3,48,1
1990,29,2,0,0,0,0,383,4,18,0
1990,57,1,0,0,0,0,844,1,48,0
1990,59,2,0,0,0,0,0,0,0,0
1990,29,2,1,0,0,1,217,3,40,0
1990,29,1,0,3,3,1,55,6,40,0
1990,21,2,0,3,3,1,0,0,0,0
1990,63,1,0,3,3,1,0,0,0,0
1990,51,2,0,3,3,0,224,1,0,0
1990,26,2,1,3,3,1,96,5,0,0
1990,21,2,1,3,3,0,373,3,0,0
1990,74,1,0,0,0,0,426,3,40,0
1990,58,2,0,0,0,0,383,4,20,0
1990,28,1,1,0,0,1,44,6,15,0
1990,40,1,0,0,0,0,354,2,40,0
1990,33,2,0,0,0,0,447,5,37,0
1990,54,1,0,0,0,0,808,2,40,0
1990,44,2,0,0,0,1,15,5,50,0
1990,19,1,1,0,0,1,436,3,20,0
1990,21,1,1,0,0,0,0,0,0,0
1990,31,1,0,0,0,0,553,0,40,0
1990,23,2,0,0,0,1,453,4,40,0
1990,71,1,0,0,0,0,453,5,40,0
1990,63,2,0,0,0,0,0,0,0,0
1990,75,2,3,0,2,0,0,0,0,0
1990,45,2,3,0,0,0,319,5,32,0
1990,25,1,1,0,0,1,804,3,70,0
1990,31,1,0,0,0,0,417,5,42,0
1990,31,2,0,0,0,0,376,1,0,0
1990,28,1,1,0,0,1,23,5,35,0
1990,63,2,3,0,0,1,313,5,35,0
1990,57,1,0,0,0,1,178,4,40,0
1990,53,2,0,0,0,0,313,4,40,0
1990,51,1,0,0,0,1,22,4,60,1
1990,48,2,0,0,0,0,338,4,40,0
1990,28,1,1,0,0,0,514,4,60,0
1990,24,1,1,0,0,0,267,3,40,0
1990,63,1,0,0,0,0,804,3,60,0
1990,61,2,0,0,0,0,0,0,0,0
1990,37,2,1,0,0,0,313,4,35,0
1990,46,2,0,0,0,0,425,5,20,0
1990,52,1,0,0,0,0,557,0,50,0
1990,20,1,1,0,0,0,883,2,30,0
1990,78,2,3,0,0,0,0,0,0,0
1990,27,1,1,0,2,0,436,3,72,0
1990,56,1,0,0,2,0,436,3,40,0
1990,52,2,0,0,2,0,436,3,0,0
1990,21,1,1,0,2,1,0,0,0,0
1990,62,1,0,0,0,1,0,0,0,0
1990,59,2,0,0,0,0,0,0,0,0
1990,64,1,0,0,0,0,0,0,0,0
1990,60,2,0,0,0,0,348,6,20,0
1990,54,1,0,0,0,1,457,4,50,0
1990,53,2,0,0,0,0,23,1,40,0
1990,68,1,0,0,0,1,22,5,16,1
1990,67,2,0,0,0,1,0,0,0,0
1990,68,1,3,0,0,0,0,0,0,0
1990,46,2,3,0,0,1,0,0,0,0
1990,19,1,1,0,0,1,889,2,25,0
1990,55,2,2,0,0,0,435,3,40,0
1990,21,1,1,0,0,0,804,0,40,0
1990,60,1,2,0,0,1,63,0,40,0
1990,68,1,0,0,0,0,35,6,35,1
1990,65,2,0,0,0,1,0,0,0,0
1990,55,1,0,0,0,0,505,3,45,0
1990,58,2,3,0,0,0,95,5,50,0
1990,74,1,0,0,0,0,0,0,0,0
1990,69,2,0,0,0,0,276,5,40,0
1990,47,1,0,3,3,1,86,0,40,0
1990,37,2,0,3,3,1,24,4,40,0
1990,46,1,0,0,0,1,263,3,45,1
1990,42,2,0,0,0,1,0,0,0,0
1990,19,1,1,0,0,0,243,3,25,0
1990,49,2,2,0,0,0,308,1,40,0
1990,22,2,1,0,0,0,456,5,40,0
1990,20,1,1,0,0,0,869,0,40,0
1990,61,1,2,0,0,1,808,2,40,0
1990,42,2,2,0,0,1,453,3,30,0
1990,43,1,2,0,0,0,734,1,42,1
1990,42,1,0,0,0,0,558,0,45,1
1990,42,2,0,0,0,1,313,0,20,0
1990,37,2,2,0,0,0,17,3,50,0
1990,50,1,2,0,0,0,889,1,40,0
1990,46,2,2,0,2,0,407,4,30,0
1990,41,1,0,0,0,1,869,0,40,0
1990,38,2,0,0,0,0,313,5,25,0
1990,73,1,0,0,0,1,0,0,0,0
1990,73,2,0,0,0,1,0,0,0,0
1990,61,2,3,0,0,0,426,5,40,0
1990,27,1,2,0,0,0,448,1,40,0
1990,27,1,0,0,0,1,554,0,50,0
1990,28,2,0,0,0,1,435,3,9,0
1990,40,1,0,0,0,0,379,6,40,0
1990,45,2,0,0,0,0,736,1,20,0
1990,66,1,0,0,0,0,14,5,40,0
1990,63,2,0,0,0,0,0,0,0,0
1990,38,1,0,0,0,0,22,2,48,1
1990,37,2,0,0,0,0,313,3,38,0
1990,41,1,3,0,0,1,355,2,40,0
1990,62,1,0,0,0,1,33,1,35,0
1990,62,2,0,0,0,1,337,1,0,0
1990,34,1,0,0,0,1,75,6,40,0
1990,30,2,0,0,0,1,487,4,32,0
1990,46,1,0,0,0,1,14,5,35,0
1990,50,2,0,0,0,0,389,5,35,0
1990,68,2,2,0,0,0,0,0,0,0
1990,26,1,0,0,0,1,259,3,40,0
1990,25,2,0,0,0,1,23,5,35,0
1990,63,1,0,0,0,0,579,0,10,0
1990,59,2,0,0,0,0,313,6,35,0
1990,25,1,1,0,0,0,877,3,35,0
1990,38,1,0,0,0,1,17,3,40,0
1990,31,2,0,0,0,0,434,3,40,0
1990,56,1,0,0,0,0,575,2,40,1
1990,37,2,0,0,0,0,0,0,0,0
1990,61,2,3,0,2,0,446,0,48,0
1990,30,1,0,0,0,0,505,3,53,0
1990,29,2,0,0,0,0,185,3,30,0
1990,73,1,3,0,0,0,486,5,40,0
1990,26,1,0,0,0,1,22,0,50,0
1990,29,2,0,0,0,0,253,4,40,0
1990,37,1,0,0,2,0,785,1,40,0
1990,36,2,0,0,0,1,385,2,16,0
1990,58,1,0,0,0,0,518,1,40,0
1990,55,2,0,0,0,0,0,0,0,0
1990,24,1,1,0,0,0,22,3,40,0
1990,37,1,0,0,0,1,558,0,40,1
1990,39,2,0,0,0,0,315,5,35,0
1990,20,2,1,0,0,0,243,3,55,0
1990,35,2,0,0,0,0,0,0,0,0
1990,33,1,0,0,0,0,579,0,50,0
1990,68,1,0,0,0,0,0,0,0,0
1990,64,2,0,0,0,0,0,0,0,0
1990,18,2,3,0,0,0,317,4,40,0
1990,25,1,3,0,0,0,885,3,40,0
1990,35,1,0,0,0,0,22,5,55,0
1990,33,2,0,0,0,0,319,5,32,0
1990,45,1,0,0,0,1,65,2,40,1
1990,41,2,0,0,0,1,5,6,16,0
1990,25,1,1,0,0,1,797,1,40,0
1990,40,1,2,1,0,0,453,4,70,0
1990,27,2,1,0,0,1,265,3,30,0
1990,73,2,0,0,0,0,0,0,0,0
1990,71,1,0,0,0,1,53,0,40,1
1990,51,1,0,0,0,1,226,2,40,1
1990,51,2,0,0,0,1,157,5,43,0
1990,66,2,0,0,2,1,459,5,16,0
1990,67,1,0,0,0,0,337,1,20,0
1990,65,2,3,0,0,0,433,3,40,0
1990,39,1,0,0,0,1,565,0,35,0
1990,37,2,0,0,0,1,435,3,30,0
1990,40,2,2,0,0,0,313,4,40,0
1990,21,1,1,0,0,0,869,0,30,0
1990,62,1,0,0,0,1,22,0,0,0
1990,57,2,0,0,0,0,0,0,0,0
1990,72,2,3,0,0,0,0,0,0,0
1990,68,1,0,0,2,0,354,2,0,0
1990,66,2,0,0,2,0,0,0,0,0
1990,63,1,0,0,0,1,365,5,0,0
1990,61,2,0,0,0,0,95,5,0,0
1990,72,2,1,0,0,0,0,0,0,0
1990,74,2,3,0,0,0,0,0,0,0
1990,76,1,0,0,2,0,0,0,0,0
1990,78,2,0,0,2,0,348,2,5,0
1990,39,1,0,0,0,1,355,2,45,0
1990,40,2,0,0,0,1,313,5,30,0
1990,51,1,0,0,0,0,804,2,40,0
1990,49,2,0,0,0,0,785,3,30,0
1990,22,1,1,0,0,0,435,3,20,0
1990,62,1,0,0,0,0,628,1,48,1
1990,60,2,0,0,0,1,338,4,40,0
1990,36,1,1,0,0,1,22,1,40,0
1990,69,1,0,0,0,0,0,0,0,0
1990,67,2,0,0,0,0,0,0,0,0
1990,53,1,0,0,0,0,156,5,40,0
1990,56,2,0,0,0,0,909,6,0,0
1990,24,2,1,0,0,1,213,3,40,0
1990,29,1,0,0,2,1,229,4,55,0
1990,32,2,0,0,0,1,376,3,40,0
1990,39,1,0,3,0,0,355,2,41,0
1990,34,2,0,0,0,0,466,5,24,0
1990,78,2,3,0,0,1,0,0,0,0
1990,40,1,1,0,0,1,65,4,0,0
1990,44,2,0,0,0,1,283,3,30,0
1990,46,1,0,0,0,1,185,0,40,1
1990,39,2,3,0,0,0,337,4,45,0
1990,75,1,0,0,0,0,0,0,0,0
1990,77,2,0,0,0,0,0,0,0,0
1990,75,2,1,0,0,0,0,0,0,0
1990,70,2,1,0,0,0,0,0,0,0
1990,66,2,1,0,0,0,335,5,4,0
1990,38,1,0,0,3,1,503,2,40,0
1990,35,2,0,0,2,1,103,5,0,0
1990,27,2,1,0,0,0,243,3,40,0
1990,31,1,1,0,0,0,514,4,30,0
1990,30,1,0,0,0,0,889,3,48,0
1990,30,2,0,0,0,0,0,0,0,0
1990,60,1,0,0,0,1,96,3,50,0
1990,67,2,0,0,2,1,95,5,40,0
1990,27,1,2,0,0,1,686,3,40,0
1990,27,2,1,0,0,0,313,5,40,0
1990,60,2,3,0,2,0,379,4,0,0
1990,51,1,2,0,0,1,154,5,60,0
1990,44,1,2,0,0,1,259,1,40,1
1990,75,1,0,0,0,0,0,0,0,0
1990,72,2,0,0,0,0,436,5,0,0
1990,77,1,0,0,0,0,0,0,0,0
1990,66,2,0,0,0,0,0,0,0,0
1990,42,1,1,0,0,0,417,6,42,0
1990,43,2,0,0,0,0,0,0,0,0
1990,45,1,0,0,0,1,426,5,37,0
1990,30,1,0,0,0,1,178,5,50,1
1990,29,2,0,0,0,0,37,5,40,0
1990,45,1,0,1,1,1,5,6,40,1
1990,39,2,0,1,1,1,25,4,0,0
1990,19,1,1,1,1,1,217,5,0,0
1990,63,2,2,0,0,0,379,2,37,0
1990,56,1,0,0,0,1,156,5,45,1
1990,56,2,0,0,0,1,156,5,40,0
1990,33,1,0,0,0,1,567,0,40,0
1990,32,2,0,0,0,0,0,0,0,0
1990,37,1,0,2,1,1,365,1,40,0
1990,30,2,0,2,1,0,0,0,0,0
1990,51,1,0,0,0,1,507,1,40,1
1990,50,2,0,0,0,0,276,3,25,0
1990,19,1,1,0,0,0,744,1,10,0
1990,47,1,0,0,0,0,243,3,65,0
1990,37,2,0,0,0,1,243,3,60,0
1990,21,2,1,0,0,0,335,5,20,0
1990,35,1,1,0,0,1,27,5,40,0
1990,65,2,3,0,2,0,0,0,0,0
1990,69,1,3,0,0,0,0,0,0,0
1990,42,1,0,0,0,1,426,6,40,0
1990,43,2,0,0,0,0,22,5,20,0
1990,51,1,0,0,2,0,869,0,40,0
1990,53,2,0,0,2,0,666,4,40,0
1990,21,1,1,0,2,1,0,0,0,0
1990,32,2,3,1,0,0,0,0,0,0
1990,35,1,1,0,0,1,0,0,0,0
1990,68,2,3,0,0,0,364,3,38,0
1990,65,1,0,1,0,0,804,3,40,0
1990,51,2,0,1,0,0,274,3,40,0
1990,18,2,1,1,0,0,276,3,20,0
1990,33,2,1,1,0,0,376,5,37,0
1990,24,2,0,1,1,0,313,5,40,0
1990,28,1,0,1,1,1,337,4,40,0
1990,63,1,0,1,1,1,217,5,40,0
1990,61,2,0,1,1,0,466,5,32,0
1990,36,2,1,1,1,0,666,4,30,0
1990,30,1,1,1,1,0,0,0,0,0
1990,43,2,1,0,4,0,909,6,0,0
1990,25,2,3,1,0,0,0,0,0,0
1990,40,1,0,1,1,0,567,0,35,0
1990,37,2,0,1,1,0,785,1,40,0
1990,26,2,1,1,0,1,0,0,0,0
1990,65,2,3,1,0,0,0,0,0,0
1990,41,2,3,1,0,1,447,5,35,0
1990,33,2,1,1,0,0,687,3,0,0
1990,39,1,1,1,0,1,385,3,40,0
1990,47,1,3,0,0,0,585,4,40,0
1990,38,2,1,1,0,1,156,5,15,1
1990,36,1,0,1,1,0,549,4,40,0
1990,30,2,0,1,1,0,385,4,40,0
1990,56,1,0,1,0,0,804,3,0,0
1990,55,2,0,1,0,0,628,1,40,0
1990,22,1,0,1,0,0,883,3,55,0
1990,31,1,1,1,0,0,883,3,55,0
1990,20,2,0,1,0,1,0,0,0,0
1990,34,2,0,1,0,0,155,5,8,0
1990,31,1,0,1,0,0,844,2,35,0
1990,64,2,2,1,0,0,339,5,40,0
1990,70,2,3,0,0,0,0,0,0,0
1990,42,2,3,0,0,0,276,3,0,0
1990,47,2,2,1,0,1,13,3,25,0
1990,26,1,1,1,0,0,869,0,0,0
1990,43,2,3,1,0,0,447,5,0,0
1990,38,2,1,1,0,0,0,0,0,0
1990,74,2,1,0,0,0,274,3,21,0
1990,28,1,0,0,2,1,59,5,50,1
1990,27,2,0,0,0,1,259,1,30,0
1990,24,2,2,1,0,1,447,5,0,0
1990,34,1,1,1,0,0,579,5,40,0
1990,43,1,0,0,0,1,174,5,55,1
1990,39,2,0,0,0,1,95,5,30,0
1990,41,1,0,1,0,1,257,2,40,0
1990,41,2,0,1,0,0,359,2,40,0
1990,38,1,0,3,0,1,22,4,40,1
1990,34,2,0,0,0,1,195,1,35,0
1990,32,1,0,1,0,1,156,5,50,0
1990,33,2,0,1,0,1,23,4,70,0
1990,61,2,2,1,0,0,308,1,40,0
1990,19,1,1,1,0,0,804,2,40,0
1990,45,1,0,0,0,1,259,1,40,0
1990,42,2,0,0,0,1,313,5,30,0
1990,69,1,2,0,2,1,159,5,6,0
1990,40,1,1,0,0,1,579,0,40,0
1990,37,2,0,0,0,1,156,5,37,0
1990,40,1,0,0,0,1,628,1,65,1
1990,22,2,1,0,0,1,195,1,15,0
1990,40,1,0,0,2,1,215,5,43,1
1990,33,2,0,0,0,1,166,1,50,1
1990,37,1,1,0,0,1,195,1,50,0
1990,33,2,2,1,0,1,305,3,50,0
1990,34,1,0,3,3,1,22,2,45,0
1990,31,2,0,0,0,1,274,3,30,0
1990,58,1,0,1,0,0,804,2,0,0
1990,58,2,0,1,0,0,0,0,0,0
1990,62,1,0,1,0,1,356,5,40,0
1990,52,2,0,1,0,1,156,5,45,0
1990,52,1,3,0,0,0,0,0,0,0
1990,54,1,0,0,0,1,178,5,50,1
1990,50,2,0,0,0,1,156,5,40,0
1990,26,2,1,0,0,1,7,4,40,0
1990,24,2,1,0,0,1,27,4,40,0
1990,19,1,1,0,0,1,453,4,40,0
1990,42,2,2,0,0,1,95,5,40,0
1990,36,1,1,0,0,1,266,3,40,0
1990,61,2,3,0,0,1,95,5,40,0
1990,65,1,0,0,0,0,368,1,40,0
1990,61,2,0,0,0,0,0,0,0,0
1990,62,1,0,0,0,0,356,1,33,0
1990,68,2,0,0,0,0,337,1,0,0
1990,45,1,2,1,0,0,379,4,40,0
1990,19,1,1,1,0,0,869,0,0,0
1990,20,2,1,1,0,0,264,3,35,0
1990,64,1,0,0,0,1,33,0,50,1
1990,61,2,0,0,0,1,0,0,0,0
1990,44,1,0,0,0,1,13,1,65,1
1990,30,2,0,0,0,1,21,4,48,0
1990,64,1,0,0,0,0,803,3,0,0
1990,72,2,0,0,0,0,379,4,0,0
1990,57,2,3,0,0,0,276,3,40,0
1990,29,1,3,0,0,1,253,4,40,0
1990,36,1,0,0,0,1,26,4,43,1
1990,33,2,0,0,0,1,337,3,20,0
1990,43,1,0,0,0,1,178,5,50,1
1990,35,2,0,0,0,1,167,5,0,0
1990,55,1,0,0,0,1,27,4,40,1
1990,54,2,0,0,0,0,22,3,40,0
1990,47,1,0,0,0,1,567,0,50,0
1990,47,2,0,0,0,1,156,5,37,0
1990,22,2,1,0,0,1,95,5,40,0
1990,21,1,1,0,0,1,567,0,40,0
1990,38,1,0,3,0,1,376,1,36,0
1990,35,2,0,3,3,1,229,5,20,0
1990,69,1,0,3,3,1,0,0,0,0
1990,69,2,0,3,3,0,0,0,0,0
1990,38,1,0,0,4,1,84,5,50,1
1990,41,2,0,3,3,1,84,5,24,0
1990,37,1,0,0,0,1,7,0,40,1
1990,37,2,0,0,0,1,337,4,20,0
1990,55,1,2,0,2,1,543,0,40,1
1990,24,1,1,0,0,0,543,3,35,0
1990,22,1,1,2,0,0,785,1,40,0
1990,38,1,0,0,0,1,379,3,45,0
1990,34,2,0,0,0,1,174,5,10,0
1990,52,1,0,0,0,1,503,1,40,0
1990,46,2,0,0,2,1,254,4,40,1
1990,69,2,3,0,0,0,389,4,35,0
1990,19,2,1,0,0,1,313,4,15,0
1990,22,2,3,0,0,1,313,4,15,0
1990,41,1,2,0,0,0,303,6,60,0
1990,68,1,0,0,0,1,22,1,40,1
1990,71,2,0,0,0,0,0,0,0,0
1990,40,1,0,0,0,1,417,6,40,0
1990,39,2,0,0,0,0,0,0,0,0
1990,19,1,1,0,0,0,785,1,40,0
1990,18,1,1,0,0,1,459,5,25,0
1990,73,2,3,0,0,1,0,0,0,0
1990,67,1,0,3,3,0,0,0,0,0
1990,63,2,0,3,3,0,666,3,30,0
1990,36,1,0,3,3,1,43,5,34,0
1990,37,2,0,3,3,1,313,5,40,0
1990,39,1,0,0,0,1,23,4,40,0
1990,37,2,0,0,0,1,243,3,0,0
1990,46,1,0,1,0,1,14,5,40,1
1990,46,2,0,1,0,1,156,5,36,0
1990,32,1,0,0,0,0,804,0,50,0
1990,31,2,0,0,2,1,447,5,10,0
1990,68,1,0,0,0,1,0,0,0,0
1990,69,2,0,0,0,0,0,0,0,0
1990,63,1,0,0,2,0,453,3,52,0
1990,47,2,0,0,2,0,777,1,0,0
1990,27,1,1,0,0,1,307,1,60,0
1990,27,1,1,0,0,1,804,1,40,0
1990,29,1,0,0,0,1,25,4,40,0
1990,28,2,0,0,2,1,37,4,40,0
1990,31,1,1,0,0,1,73,1,50,0
1990,34,1,2,0,0,1,426,3,0,0
1990,26,1,1,0,0,1,253,4,0,0
1990,27,1,1,0,0,1,577,2,0,0
1990,32,1,0,0,0,1,804,3,40,0
1990,28,2,0,0,0,1,243,3,0,0
1990,57,2,0,0,0,0,254,4,45,0
1990,61,1,0,0,0,1,13,1,50,1
1990,59,1,1,3,3,1,0,0,0,0
1990,54,2,2,3,3,1,274,3,40,0
1990,48,2,3,3,3,0,0,0,0,0
1990,79,2,3,3,3,0,0,0,0,0
1990,61,2,3,0,2,0,243,3,50,0
1990,42,1,0,0,0,1,56,1,45,1
1990,38,2,0,0,2,0,0,0,0,0
1990,42,1,0,0,0,1,7,1,50,0
1990,39,2,0,0,0,1,235,4,40,0
1990,56,1,0,0,0,1,178,5,50,1
1990,53,2,0,0,0,1,95,5,45,0
1990,25,1,1,0,0,1,195,1,50,0
1990,24,1,1,0,0,1,523,4,10,0
1990,28,1,1,0,0,1,85,5,40,0
1990,27,1,1,0,0,1,445,5,0,0
1990,58,1,0,3,4,1,154,5,40,1
1990,48,2,0,3,4,1,84,5,40,1
1990,43,1,0,0,0,1,13,4,40,1
1990,42,2,0,0,0,1,254,4,40,0
1990,66,1,3,0,0,1,22,5,60,1
1990,19,2,1,0,0,1,274,3,20,0
1990,68,1,0,0,0,1,18,4,50,1
1990,62,2,0,0,0,1,376,4,24,1
1990,77,1,0,0,0,0,0,0,0,0
1990,72,2,0,0,0,0,0,0,0,0
1990,74,2,3,0,0,0,185,4,81,0
1990,78,2,3,0,0,1,0,0,0,0
1990,46,1,0,1,0,0,0,0,0,0
1990,43,2,0,1,0,1,379,2,35,0
1990,21,2,1,1,0,1,174,5,16,0
1990,45,1,0,0,2,1,634,1,46,0
1990,42,2,0,0,2,0,779,1,0,0
1990,18,1,1,0,2,0,453,5,30,0
1990,76,2,3,0,0,0,0,0,0,0
1990,68,2,3,0,2,0,0,0,0,0
1990,43,2,1,0,2,1,157,5,35,1
1990,36,2,1,1,0,0,385,2,0,0
1990,34,1,2,1,0,0,567,0,40,0
1990,65,2,3,0,0,0,0,0,0,0
1990,52,2,3,0,0,0,466,5,20,0
1990,28,2,1,0,0,0,276,3,40,0
1990,36,1,0,1,2,0,783,4,60,0
1990,33,2,0,1,2,0,0,0,0,0
1990,62,2,3,1,0,0,0,0,0,0
1990,52,1,0,1,0,0,27,1,40,0
1990,55,2,0,1,0,1,375,4,40,0
1990,64,1,3,1,1,0,567,0,40,0
1990,56,2,2,1,1,0,466,5,40,0
1990,38,2,1,1,0,0,385,2,40,0
1990,19,1,1,1,0,0,385,2,15,0
1990,18,2,1,1,0,0,276,3,0,0
1990,36,1,2,1,0,0,22,5,40,0
1990,44,1,1,1,0,0,505,3,40,0
1990,37,1,0,1,0,0,749,2,48,0
1990,36,2,0,1,0,1,529,2,40,0
1990,33,2,3,1,0,1,155,5,0,0
1990,75,2,2,0,2,0,365,1,22,0
1990,68,1,0,2,0,0,686,3,0,0
1990,58,2,0,2,0,0,28,3,40,0
1990,30,1,1,2,0,1,59,6,40,0
1990,27,2,1,1,0,0,0,0,0,0
1990,50,1,0,2,0,0,653,1,40,0
1990,45,2,0,2,0,0,0,0,0,0
1990,18,1,1,2,0,0,877,3,52,0
1990,41,2,1,0,0,0,444,5,25,0
1990,22,1,1,0,0,0,567,0,87,0
1990,25,1,1,0,0,0,379,4,0,0
1990,37,1,1,0,0,0,486,0,0,0
1990,78,1,0,0,0,0,0,0,0,0
1990,71,2,0,0,0,0,0,0,0,0
1990,41,1,1,0,0,0,0,0,0,0
1990,69,2,3,0,0,0,453,5,40,0
1990,54,1,0,0,0,0,876,2,50,1
1990,47,2,0,0,4,1,0,0,0,0
1990,28,2,2,1,4,1,95,5,40,0
1990,42,1,1,1,0,0,364,3,0,0
1990,34,1,3,2,1,0,567,0,0,0
1990,29,1,0,0,2,1,783,1,40,0
1990,28,2,0,0,2,1,313,4,40,0
1990,33,1,0,0,2,0,869,0,40,0
1990,31,2,0,0,4,0,376,4,40,0
1990,24,1,1,0,2,0,869,0,40,0
1990,50,1,2,0,2,0,804,2,40,0
1990,68,1,2,0,0,0,426,5,10,0
1990,75,1,0,0,2,0,387,5,32,0
1990,58,2,0,0,2,0,243,3,0,0
1990,28,1,1,0,0,1,229,2,42,0
1990,47,2,2,0,1,1,0,0,0,0
1990,20,2,1,0,0,0,313,5,4,0
1990,42,1,2,0,2,0,0,0,0,0
1990,44,2,0,0,0,0,387,5,45,0
1990,37,1,0,0,2,0,579,0,40,0
1990,43,2,2,0,0,0,738,1,40,0
1990,43,2,3,0,0,0,744,1,40,0
1990,61,1,1,0,0,1,909,6,0,0
1990,47,1,0,2,0,0,628,1,45,0
1990,45,2,0,2,0,0,628,1,50,0
1990,23,2,1,2,0,1,197,3,40,0
1990,18,2,1,2,0,0,97,5,10,0
1990,32,1,1,3,3,1,22,4,40,0
1990,32,1,0,1,0,1,22,0,40,0
1990,31,2,0,1,0,1,65,5,40,0
1990,43,1,1,2,0,1,189,4,10,0
1990,42,1,0,2,0,0,579,0,0,0
1990,39,2,0,2,0,0,0,0,0,0
1990,42,1,0,0,1,0,505,3,40,0
1990,41,2,0,0,1,0,744,1,40,0
1990,18,2,1,0,1,0,276,3,15,0
1990,21,2,3,2,1,0,385,6,35,0
1990,21,2,1,2,1,0,243,3,40,0
1990,20,2,1,2,1,0,364,2,40,0
1990,32,2,2,2,0,1,167,5,40,0
1990,62,1,3,0,0,0,869,0,40,0
1990,37,2,3,0,0,0,259,3,60,0
1990,35,2,1,1,0,1,259,3,40,0
1990,47,1,0,3,1,0,813,4,50,0
1990,47,2,0,3,1,0,444,3,50,0
1990,19,1,1,3,1,1,453,4,40,0
1990,25,1,3,1,0,0,754,1,40,0
1990,46,1,3,0,0,0,453,6,40,0
1990,40,1,0,1,0,1,804,3,40,0
1990,36,2,0,1,0,1,373,4,54,0
1990,65,2,3,1,0,0,808,2,0,0
1990,48,1,2,1,0,0,748,5,40,0
1990,41,1,0,1,0,0,354,2,40,0
1990,35,2,0,1,0,0,375,4,40,0
1990,41,1,0,1,0,0,354,2,45,0
1990,55,2,0,1,0,0,0,0,0,0
1990,67,1,3,1,0,0,0,0,0,0
1990,36,2,1,0,0,0,0,0,0,0
1990,44,2,1,1,0,1,628,1,40,0
1990,48,2,2,2,1,0,777,1,40,0
1990,23,2,1,2,1,0,365,1,40,0
1990,26,1,1,2,1,1,567,0,9,0
1990,31,2,1,1,4,1,95,5,40,0
1990,26,1,1,1,4,0,34,1,0,0
1990,76,2,3,0,0,0,0,0,0,0
1990,26,1,0,1,0,0,757,1,55,0
1990,25,2,0,1,0,0,356,4,20,0
1990,28,1,2,1,0,0,0,0,0,0
1990,32,2,3,1,0,0,877,1,0,0
1990,74,2,3,1,0,0,0,0,0,0
1990,60,1,0,1,0,0,766,1,0,0
1990,57,2,0,1,0,0,0,0,0,0
1990,33,1,0,1,0,0,0,0,0,0
1990,28,2,0,1,0,0,389,5,40,0
1990,30,2,2,1,0,0,0,0,0,0
1990,40,2,1,1,0,0,447,5,40,0
1990,21,1,1,1,0,0,0,0,0,0
1990,32,2,1,1,0,0,385,1,40,0
1990,55,2,2,1,0,0,447,5,40,0
1990,73,2,3,1,0,0,0,0,0,0
1990,71,2,3,1,0,0,447,5,20,0
1990,33,2,1,1,0,0,447,5,40,0
1990,30,2,1,1,0,0,0,0,0,0
1990,29,2,1,1,0,0,444,3,40,0
1990,55,1,3,1,0,0,453,3,40,0
1990,60,1,1,0,0,0,453,3,40,0
1990,47,1,1,1,0,0,0,0,0,0
1990,51,2,2,1,0,0,213,2,40,0
1990,47,2,1,1,0,0,628,1,40,0
1990,60,2,3,1,0,0,0,0,0,0
1990,46,2,1,1,0,0,799,1,40,0
1990,42,1,3,1,0,1,0,0,0,0
1990,18,2,1,1,0,0,0,0,0,0
1990,67,2,3,1,0,0,447,5,37,0
1990,29,2,1,1,0,0,754,3,40,0
1990,33,2,1,1,0,0,0,0,0,0
1990,44,1,1,1,0,0,555,0,40,0
1990,70,1,0,1,0,0,0,0,0,0
1990,67,2,0,1,0,0,0,0,0,0
1990,77,2,3,1,0,0,0,0,0,0
1990,34,1,1,1,0,0,379,6,40,0
1990,63,1,1,1,0,0,0,0,0,0
1990,31,1,1,1,0,0,426,4,40,0
1990,47,1,0,0,0,1,85,5,40,1
1990,45,2,0,0,0,1,445,5,30,0
1990,64,1,0,0,0,0,806,1,0,0
1990,61,2,0,0,0,0,274,3,37,0
1990,56,1,3,0,0,1,318,2,45,1
1990,74,2,3,0,0,0,0,0,0,0
1990,44,1,0,0,0,1,23,3,45,0
1990,43,2,0,0,0,1,0,0,0,0
1990,65,1,0,0,0,1,22,1,40,1
1990,66,2,0,0,0,0,0,0,0,0
1990,57,1,0,0,0,0,48,1,40,0
1990,49,2,0,0,0,1,156,5,40,0
1990,67,1,0,0,0,1,243,3,40,0
1990,66,2,0,0,0,0,0,0,0,0
1990,38,1,0,0,0,1,23,5,40,1
1990,39,2,0,0,0,1,156,5,0,0
1990,45,1,2,0,0,1,503,2,40,0
1990,29,1,0,0,0,0,507,2,40,0
1990,24,2,0,0,0,0,383,4,40,0
1990,46,1,0,0,0,1,64,3,50,0
1990,36,2,0,0,0,1,156,5,0,0
1990,36,1,0,0,0,1,27,4,40,0
1990,34,2,0,0,0,0,468,5,25,0
1990,34,1,0,0,0,1,856,1,60,0
1990,32,2,0,0,0,0,0,0,0,0
1990,30,1,1,0,0,1,549,5,40,0
1990,42,1,0,0,0,1,13,1,50,1
1990,40,2,0,0,0,1,259,1,40,0
1990,36,1,0,0,0,1,243,1,40,1
1990,31,2,0,0,0,1,156,5,20,0
1990,45,1,0,0,0,1,567,0,60,1
1990,42,2,0,0,0,1,337,0,20,0
1990,50,1,0,0,0,0,226,1,60,1
1990,45,2,0,0,0,1,0,0,0,0
1990,80,2,3,0,2,0,0,0,0,0
1990,21,2,1,0,2,1,0,0,0,0
1990,19,1,1,0,2,0,813,3,0,0
1990,24,1,1,0,2,0,364,1,0,0
1990,70,1,0,0,0,0,0,0,0,0
1990,65,2,0,0,0,0,379,4,37,0
1990,44,1,1,0,0,0,888,6,25,0
1990,45,1,0,0,0,0,529,2,40,0
1990,44,2,0,0,0,0,445,5,28,0
1990,24,1,1,0,0,1,303,4,35,0
1990,21,1,1,0,0,1,224,1,35,0
1990,19,1,1,0,0,1,436,5,20,0
1990,74,2,3,0,0,1,0,0,0,0
1990,32,1,1,0,0,0,866,0,0,0
1990,37,1,0,0,0,1,389,1,50,0
1990,38,2,0,0,0,1,156,5,15,0
1990,69,2,3,0,0,0,0,0,0,0
1990,46,2,2,0,0,0,0,0,0,0
1990,45,1,0,0,0,1,255,4,40,1
1990,48,2,0,0,0,1,95,5,8,0
1990,33,1,0,0,0,1,375,4,35,1
1990,33,2,0,0,0,0,276,3,8,0
1990,74,2,3,0,0,0,0,0,0,0
1990,66,2,2,0,0,0,345,5,20,0
1990,36,1,1,0,0,1,7,4,50,0
1990,42,1,0,0,0,1,226,1,35,1
1990,40,2,0,0,0,1,337,3,37,0
1990,21,2,1,0,0,0,458,4,40,0
1990,62,2,3,0,2,1,343,4,37,0
1990,31,2,2,0,0,1,73,3,40,0
1990,30,1,0,0,0,0,22,1,40,0
1990,33,2,0,0,0,0,243,3,0,0
1990,71,1,0,0,0,1,0,0,0,0
1990,68,2,0,0,2,0,0,0,0,0
1990,44,2,3,0,0,1,156,5,35,0
1990,57,2,3,0,0,0,376,2,30,0
1990,26,1,0,0,0,0,274,3,40,0
1990,27,2,0,0,0,0,435,3,15,0
1990,50,1,0,0,0,0,808,2,42,0
1990,42,2,0,0,0,1,243,3,60,0
1990,34,1,2,0,0,0,889,3,40,0
1990,40,1,0,0,0,0,308,2,40,0
1990,39,2,0,0,0,1,15,5,40,0
1990,57,1,1,0,0,0,736,1,37,0
1990,61,2,1,0,0,0,808,5,32,0
1990,61,1,0,0,0,1,255,4,37,0
1990,62,2,0,0,0,0,0,0,0,0
1990,48,1,0,0,2,1,696,1,37,0
1990,49,2,0,0,2,0,207,5,20,0
1990,42,1,0,0,2,0,734,1,40,0
1990,34,2,0,0,2,1,796,1,40,0
1990,31,2,0,0,2,0,754,1,24,0
1990,56,1,0,0,2,0,22,0,40,0
1990,77,1,0,0,0,0,85,5,7,0
1990,67,2,0,0,0,0,0,0,0,0
1990,68,1,0,0,0,0,804,4,0,0
1990,68,2,0,0,0,0,754,3,40,0
1990,27,2,1,0,0,1,243,1,40,0
1990,30,1,1,0,0,0,628,1,40,0
1990,42,1,0,0,0,1,22,1,50,0
1990,40,2,0,0,0,1,313,5,14,0
1990,46,1,0,0,0,1,575,0,45,1
1990,42,2,0,0,0,1,22,4,45,1
1990,32,1,1,0,0,1,189,2,40,0
1990,45,2,2,0,0,0,313,1,37,0
1990,32,2,1,0,0,1,435,3,15,0
1990,47,1,0,3,3,1,779,1,55,1
1990,43,2,0,3,3,1,84,5,40,1
1990,69,1,3,0,0,0,0,0,0,0
1990,35,2,0,0,0,1,203,5,50,0
1990,35,1,0,0,0,1,178,1,55,1
1990,55,1,0,0,0,0,636,1,40,0
1990,52,2,0,0,0,0,379,1,35,0
1990,24,1,1,0,0,0,379,1,35,0
1990,68,2,3,0,0,1,313,3,40,0
1990,31,2,1,1,0,1,64,2,37,1
1990,26,2,1,0,0,1,66,4,37,0
1990,78,2,3,0,0,0,0,0,0,0
1990,51,2,1,0,0,1,337,3,18,0
1990,24,1,0,2,1,0,435,3,40,0
1990,25,2,0,2,1,1,313,5,40,0
1990,29,1,0,0,0,1,213,1,40,0
1990,27,2,0,0,0,1,375,4,45,0
1990,63,1,0,0,0,0,253,4,0,0
1990,60,2,0,0,0,1,0,0,0,0
1990,70,1,0,0,0,1,696,4,40,0
1990,67,2,0,0,0,1,319,5,40,0
1990,21,1,1,0,0,1,276,3,50,0
1990,60,1,0,0,2,0,22,3,50,1
1990,56,2,0,0,2,0,313,2,40,0
1990,29,1,3,0,0,1,579,0,40,0
1990,67,1,2,0,2,0,22,0,40,1
1990,53,1,0,3,3,1,59,5,40,0
1990,51,2,0,3,3,1,203,5,40,0
1990,23,1,1,3,3,1,223,1,40,0
1990,78,1,0,3,3,0,0,0,0,0
1990,75,2,0,3,3,0,0,0,0,0
1990,58,1,0,0,0,1,389,1,37,1
1990,58,2,0,0,0,0,315,4,28,0
1990,28,2,1,0,0,0,348,3,40,0
1990,44,1,0,0,0,1,14,5,45,1
1990,45,2,0,0,2,1,156,5,35,0
1990,20,2,1,0,0,1,435,3,15,0
1990,52,1,0,0,0,1,809,1,48,0
1990,52,2,0,0,0,0,313,5,37,0
1990,24,2,1,0,0,1,313,1,37,0
1990,19,1,1,0,0,0,514,4,40,0
1990,28,1,1,0,0,1,253,4,50,0
1990,27,1,1,0,0,1,255,4,60,0
1990,45,1,0,0,0,0,243,3,60,0
1990,44,2,0,0,0,1,157,5,35,0
1990,60,1,0,0,0,1,55,1,24,1
1990,59,2,0,0,0,0,337,3,35,0
1990,53,1,0,0,0,1,234,4,40,1
1990,52,2,0,0,0,0,313,4,40,0
1990,24,1,1,0,0,1,434,3,35,0
1990,48,1,0,0,2,0,433,3,54,1
1990,47,2,0,0,2,0,469,3,30,0
1990,21,1,1,0,0,1,23,3,12,0
1990,19,1,1,0,0,1,804,3,0,0
1990,80,2,1,0,0,0,0,0,0,0
1990,42,1,0,0,0,1,66,4,52,1
1990,48,2,0,2,0,1,328,4,40,0
1990,80,1,3,0,0,1,0,0,0,0
1990,61,1,0,0,0,1,22,5,50,0
1990,59,2,0,0,0,1,337,4,35,0
1990,80,2,3,0,2,0,0,0,0,0
1990,54,1,0,0,0,0,453,0,40,0
1990,43,2,0,0,0,0,0,0,0,0
1990,50,1,0,0,0,1,255,4,50,1
1990,48,2,0,0,0,1,204,5,8,0
1990,21,2,1,0,0,0,175,5,35,0
1990,18,2,1,0,0,0,0,0,0,0
1990,75,2,2,0,0,0,274,3,40,0
1990,36,1,0,0,0,1,17,3,40,0
1990,37,2,0,0,0,1,337,3,40,0
1990,20,2,1,0,0,1,467,5,40,0
1990,43,2,2,0,0,1,95,5,40,1
1990,22,2,1,0,0,1,329,5,10,0
1990,46,1,0,2,1,0,877,3,50,0
1990,38,2,0,2,1,0,313,5,40,0
1990,18,1,1,2,1,0,0,0,0,0
1990,19,2,1,2,1,0,0,0,0,0
1990,60,1,0,0,0,1,96,1,40,1
1990,60,2,0,0,0,0,313,4,40,0
1990,64,1,0,0,0,1,274,3,60,0
1990,48,2,0,0,0,1,167,5,45,0
1990,33,1,0,0,1,1,66,5,50,1
1990,34,2,0,0,0,1,27,5,35,0
1990,39,1,1,0,0,1,178,5,50,1
1990,41,2,2,0,0,0,234,4,40,0
1990,32,2,0,0,0,1,467,5,0,0
1990,33,1,0,0,0,1,157,5,47,0
1990,61,1,0,0,0,1,166,3,35,1
1990,58,2,0,0,0,1,21,5,35,0
1990,67,2,3,1,0,0,447,5,28,0
1990,72,1,0,0,0,0,0,0,0,0
1990,73,2,0,0,0,0,0,0,0,0
1990,39,2,1,0,0,1,156,5,50,0
1990,47,1,0,0,0,1,259,3,40,1
1990,40,2,0,0,0,1,22,4,0,0
1990,28,2,1,0,0,0,434,3,36,0
1990,27,2,1,0,0,1,17,3,50,0
1990,47,1,0,0,0,0,458,4,60,1
1990,41,2,0,0,0,0,17,3,40,0
1990,18,2,1,0,0,0,0,0,0,0
1990,49,1,0,0,0,1,259,1,40,0
1990,50,2,0,0,0,1,0,0,0,0
1990,20,1,1,0,0,1,188,5,40,0
1990,50,2,0,0,0,1,95,5,0,0
1990,49,1,0,0,0,1,178,5,40,1
1990,66,2,0,0,0,1,0,0,0,0
1990,54,1,0,0,0,0,235,1,72,1
1990,54,2,0,0,0,0,313,1,0,0
1990,25,2,3,0,0,0,466,5,0,0
1990,42,1,0,0,0,0,337,4,40,0
1990,41,2,0,0,0,0,336,4,37,0
1990,38,2,3,0,0,0,376,1,40,0
1990,33,1,2,0,0,0,806,3,50,0
1990,65,1,0,0,0,1,0,0,0,0
1990,72,2,0,0,0,0,0,0,0,0
1990,66,2,1,0,0,1,356,1,40,0
1990,65,1,0,0,0,0,453,3,25,0
1990,65,2,0,0,0,0,0,0,0,0
1990,48,1,1,0,0,0,804,0,40,0
1990,41,1,0,0,0,1,418,6,40,1
1990,37,2,0,0,0,1,389,6,35,0
1990,40,1,1,0,0,1,213,0,40,1
1990,37,1,1,0,0,1,689,1,40,0
1990,49,1,0,0,0,1,22,1,40,0
1990,54,2,0,0,0,0,256,1,10,0
1990,32,1,0,0,0,0,634,1,55,0
1990,31,2,0,0,0,1,365,1,40,0
1990,56,1,0,0,0,0,22,1,40,1
1990,52,2,0,0,0,0,425,6,6,0
1990,72,1,0,0,2,1,127,5,40,0
1990,74,2,0,0,2,1,0,0,0,0
1990,53,1,0,0,0,1,15,5,42,1
1990,35,2,0,0,0,1,26,5,22,0
1990,55,1,0,0,0,1,22,5,24,0
1990,53,2,0,0,0,0,313,5,40,0
1990,70,2,3,0,0,1,0,0,0,0
1990,77,2,3,0,0,0,0,0,0,0
1990,62,1,2,0,0,0,804,3,40,0
1990,39,2,2,0,0,1,27,5,35,0
1990,29,1,0,0,0,0,637,1,55,1
1990,31,2,0,0,0,0,365,3,24,0
1990,76,1,0,0,0,0,0,0,0,0
1990,63,2,0,0,0,0,0,0,0,0
1990,66,1,3,0,0,1,13,2,40,1
1990,21,1,0,0,0,0,856,3,40,0
1990,20,2,0,0,0,0,785,2,40,0
1990,37,2,2,0,0,1,313,6,35,0
1990,45,1,3,0,0,0,869,0,40,0
1990,74,1,0,0,0,0,426,3,10,0
1990,72,2,0,0,0,0,0,0,0,0
1990,70,2,3,0,0,0,0,0,0,0
1990,64,1,0,0,0,0,473,0,40,0
1990,63,2,0,0,0,0,473,0,55,0
1990,28,1,1,0,0,0,804,2,40,1
1990,31,1,0,0,0,0,479,0,60,0
1990,28,2,0,0,0,1,303,6,35,0
1990,65,1,0,0,0,0,883,3,3,0
1990,67,2,0,0,0,0,877,3,50,0
1990,66,1,0,0,0,0,0,0,0,0
1990,63,2,0,0,0,1,796,1,48,0
1990,47,1,3,0,0,1,27,6,30,0
1990,18,1,1,0,0,0,276,3,19,0
1990,42,2,3,0,0,1,313,3,40,0
1990,40,2,1,0,0,1,364,2,40,0
1990,66,1,3,0,0,0,869,2,32,0
1990,47,1,1,0,0,1,22,4,50,0
1990,41,1,1,0,0,0,17,3,40,0
1990,42,2,0,0,0,1,418,6,35,0
1990,38,1,0,0,0,1,474,0,60,0
1990,58,1,0,0,0,0,444,3,40,1
1990,41,2,0,0,0,0,804,2,60,0
1990,68,1,3,0,0,0,379,1,15,0
1990,65,2,3,0,0,0,785,1,15,0
1990,46,1,0,0,0,0,453,1,40,0
1990,50,2,0,0,0,0,436,1,40,0
1990,71,2,3,0,0,0,0,0,0,0
1990,77,2,3,0,0,0,0,0,0,0
1990,47,1,0,0,0,0,518,1,44,1
1990,45,2,0,0,0,1,22,5,28,0
1990,25,1,1,0,0,0,804,3,49,0
1990,48,1,0,0,0,1,375,4,60,1
1990,46,2,0,0,0,0,303,4,60,0
1990,57,1,0,0,0,1,26,5,45,0
1990,51,2,0,0,0,1,156,5,40,0
1990,39,1,0,0,0,1,22,2,40,1
1990,35,2,0,0,0,1,355,2,42,0
1990,27,2,3,0,0,1,435,3,27,0
1990,79,2,0,0,0,0,0,0,0,0
1990,39,1,0,0,0,1,263,3,50,1
1990,38,2,0,0,0,1,155,5,8,0
1990,32,1,0,0,0,1,208,1,40,0
1990,32,2,0,0,0,1,156,5,40,0
1990,35,1,0,0,0,1,22,4,60,1
1990,33,2,0,0,0,1,447,5,0,0
1990,69,2,0,0,0,0,0,0,0,0
1990,74,1,0,0,0,1,0,0,0,0
1990,55,1,0,0,0,0,549,1,40,0
1990,48,2,0,0,0,0,313,5,35,0
1990,19,2,1,0,0,0,0,0,0,0
1990,26,2,3,0,0,0,447,5,37,0
1990,26,1,3,0,0,0,449,5,40,0
1990,27,1,1,1,0,0,869,0,0,0
1990,43,1,0,0,0,1,529,2,40,0
1990,37,2,0,0,0,0,0,0,0,0
1990,43,2,2,0,0,1,156,5,40,1
1990,18,1,1,0,0,0,443,5,8,0
1990,42,1,0,0,0,0,243,3,60,0
1990,41,2,0,0,0,1,95,5,30,0
1990,61,1,0,0,0,0,567,0,0,0
1990,61,2,0,0,0,0,0,0,0,0
1990,37,1,0,0,0,0,869,0,40,0
1990,38,2,0,0,0,1,95,5,40,0
1990,66,1,0,0,0,0,869,0,0,0
1990,60,2,0,0,0,0,283,4,75,0
1990,72,2,1,0,0,0,0,0,0,0
1990,44,1,0,0,2,1,156,5,70,1
1990,42,2,0,0,0,0,375,4,40,0
1990,19,2,1,0,0,1,264,3,20,0
1990,45,2,0,0,0,1,274,3,37,0
1990,48,1,0,0,0,1,22,1,40,1
1990,62,1,0,0,0,0,259,3,45,0
1990,62,2,0,0,0,1,0,0,0,0
1990,23,2,1,0,0,1,178,5,50,0
1990,36,1,0,0,0,0,628,1,55,1
1990,35,2,0,0,0,0,313,1,40,0
1990,34,1,0,0,0,0,418,6,40,0
1990,34,2,0,0,0,0,365,1,40,0
1990,25,1,0,0,0,0,567,0,60,0
1990,23,2,0,0,0,1,243,3,45,0
1990,29,2,3,0,0,1,313,1,40,0
1990,38,1,0,0,0,1,53,5,45,1
1990,28,2,0,0,0,0,335,4,0,0
1990,60,2,3,0,0,0,0,0,0,0
1990,22,1,1,0,0,1,563,0,45,0
1990,51,1,0,0,2,0,869,0,60,0
1990,46,2,0,0,2,0,744,1,40,0
1990,24,1,1,0,2,0,575,3,60,0
1990,23,2,1,0,2,1,313,1,35,0
1990,30,1,0,0,0,1,25,4,40,0
1990,29,2,0,0,0,1,95,5,32,0
1990,54,1,0,0,0,1,22,2,48,1
1990,53,2,0,0,0,1,207,4,16,0
1990,23,2,1,0,0,1,315,5,40,0
1990,47,1,0,0,0,1,22,2,45,1
1990,45,2,0,0,0,1,204,5,6,0
1990,19,1,1,0,0,1,877,3,40,0
1990,52,2,2,0,0,1,266,3,9,0
1990,20,2,1,0,0,1,194,5,10,0
1990,44,2,2,0,0,1,156,5,30,0
1990,55,1,0,0,0,1,56,4,40,0
1990,56,2,0,0,0,1,156,5,40,0
1990,41,1,0,0,0,1,628,2,40,0
1990,42,2,0,0,0,0,336,4,47,0
1990,19,2,1,0,0,0,0,0,0,0
1990,79,2,3,0,0,0,0,0,0,0
1990,76,2,2,0,0,0,0,0,0,0
1990,53,1,2,0,0,1,376,4,40,0
1990,34,2,3,0,0,1,243,3,60,0
1990,30,1,0,0,0,0,804,1,60,0
1990,42,2,0,0,0,0,747,4,35,0
1990,18,2,1,0,0,1,313,3,25,0
1990,21,1,1,0,0,0,777,4,40,0
1990,32,1,0,0,0,1,33,1,40,1
1990,32,2,0,0,0,0,447,5,8,0
1990,44,1,0,3,3,1,779,1,40,0
1990,33,2,0,3,3,1,96,5,20,0
1990,72,1,3,3,3,0,0,0,0,0
1990,47,1,0,0,0,0,804,2,55,0
1990,42,2,0,0,0,0,435,3,18,0
1990,22,1,1,0,0,0,883,2,18,0
1990,37,1,0,3,3,1,243,3,60,1
1990,30,2,0,3,3,1,23,4,0,0
1990,73,2,3,3,3,0,0,0,0,0
1990,26,1,0,0,0,1,98,5,60,0
1990,30,2,0,0,0,0,17,3,50,0
1990,40,1,0,0,0,0,514,4,50,0
1990,37,2,0,0,0,0,253,4,40,0
1990,18,1,1,0,0,0,0,0,0,0
1990,66,2,2,0,0,0,383,4,40,0
1990,23,2,1,0,0,0,647,3,53,0
1990,35,1,1,0,0,0,243,3,50,0
1990,30,1,0,0,0,1,567,0,40,0
1990,27,2,0,0,0,0,458,4,40,0
1990,29,1,0,0,0,1,355,2,40,0
1990,28,2,0,0,0,0,0,0,0,0
1990,34,1,1,0,0,1,235,5,50,0
1990,39,2,2,0,0,1,197,2,45,1
1990,32,1,0,1,0,1,417,6,40,0
1990,33,2,0,1,0,1,354,2,40,0
1990,24,1,0,0,1,0,486,4,32,0
1990,18,2,0,0,1,0,486,4,32,0
1990,70,1,0,0,1,0,779,3,32,0
1990,57,2,0,0,1,0,0,0,0,0
1990,23,2,1,0,1,0,0,0,0,0
1990,34,2,1,0,1,0,313,5,40,0
1990,72,2,3,0,1,0,0,0,0,0
1990,74,2,3,0,0,0,337,3,18,0
1990,56,1,0,0,0,0,35,6,40,1
1990,55,2,0,0,0,0,313,6,0,0
1990,32,1,1,0,0,0,534,0,40,0
1990,36,1,0,0,0,0,418,6,40,0
1990,34,2,0,0,0,0,385,3,15,0
1990,38,1,0,0,2,0,628,1,40,0
1990,39,2,0,0,2,0,0,0,0,0
1990,31,2,0,0,0,1,276,3,15,0
1990,34,1,0,0,0,0,889,3,40,0
1990,63,1,0,0,0,0,634,1,40,0
1990,59,2,0,0,0,0,315,4,20,0
1990,34,1,1,0,0,0,365,1,40,0
1990,30,1,1,0,0,0,877,3,45,0
1990,59,1,0,1,0,0,856,2,40,0
1990,50,2,0,1,0,0,796,1,40,0
1990,46,1,0,0,0,0,275,4,50,0
1990,45,2,0,0,0,0,313,5,25,0
1990,20,2,1,0,0,1,458,3,30,0
1990,30,1,0,0,0,1,628,1,45,0
1990,30,2,0,0,0,0,435,3,30,0
1990,62,1,0,0,1,1,634,1,40,0
1990,52,2,0,0,1,0,13,1,40,0
1990,26,2,1,0,1,0,319,3,30,0
1990,25,1,1,0,1,1,216,4,45,0
1990,19,1,1,0,2,0,17,3,60,0
1990,30,1,0,0,0,1,243,3,53,0
1990,30,2,0,0,0,1,23,5,40,0
1990,74,1,0,0,0,0,0,0,0,0
1990,73,2,0,0,0,0,0,0,0,0
1990,48,1,0,0,0,0,304,4,36,1
1990,40,2,0,0,0,0,313,5,40,0
1990,23,1,1,0,0,0,804,2,45,0
1990,47,2,0,0,0,0,796,1,40,0
1990,49,1,0,0,0,0,804,3,40,0
1990,22,2,1,0,2,1,313,5,35,0
1990,20,1,1,0,0,1,243,3,30,0
1990,61,1,0,0,0,0,425,6,40,0
1990,59,2,0,0,0,0,379,5,8,0
1990,79,2,3,0,0,1,0,0,0,0
1990,23,2,1,1,0,0,313,5,25,0
1990,45,1,0,1,0,0,17,3,60,1
1990,45,2,0,1,0,1,17,3,40,1
1990,19,2,1,1,0,0,17,3,40,0
1990,44,2,1,0,0,1,7,5,37,0
1990,74,2,3,0,0,0,0,0,0,0
1990,33,2,3,0,0,0,558,0,45,0
1990,31,1,0,0,4,1,436,3,70,1
1990,30,2,0,0,2,1,17,3,48,0
1990,57,1,0,0,0,0,785,1,40,1
1990,57,2,0,0,0,0,0,0,0,0
1990,55,1,0,0,2,1,22,5,40,1
1990,53,2,0,0,2,0,689,1,40,0
1990,25,2,1,0,2,1,23,1,45,0
1990,24,2,1,0,2,1,313,4,20,0
1990,43,1,2,0,0,0,453,4,40,0
1990,44,2,2,0,0,0,313,5,35,0
1990,30,1,0,0,1,1,435,3,60,0
1990,27,2,0,0,0,1,383,4,38,0
1990,42,1,0,0,0,0,213,2,40,0
1990,43,2,0,0,0,1,156,5,43,0
1990,45,1,0,0,0,1,22,1,60,1
1990,38,2,0,0,0,1,0,0,0,0
1990,19,1,1,0,0,0,228,6,25,0
1990,69,2,1,0,1,0,0,0,0,0
1990,30,1,2,0,1,0,243,3,45,0
1990,28,2,1,0,1,0,0,0,0,0
1990,51,1,1,0,0,0,453,5,0,0
1990,49,2,2,0,0,1,95,4,40,0
1990,32,1,1,0,2,1,23,3,40,0
1990,24,2,1,0,0,1,234,4,40,0
1990,69,1,0,0,0,0,0,0,0,0
1990,65,2,0,0,0,0,444,5,0,0
1990,80,2,3,1,0,0,0,0,0,0
1990,79,1,3,0,0,0,0,0,0,0
1990,32,2,2,1,0,1,308,4,0,0
1990,58,2,1,0,0,0,785,1,40,0
1990,33,1,1,0,0,1,213,2,40,0
1990,73,1,3,0,0,0,0,0,0,0
1990,66,2,1,0,0,0,0,0,0,0
1990,74,1,0,0,0,0,0,0,0,0
1990,72,2,0,0,0,0,0,0,0,0
1990,73,2,3,0,0,0,0,0,0,0
1990,72,1,2,0,0,0,0,0,0,0
1990,68,1,1,0,0,0,0,0,0,0
1990,77,2,3,0,0,0,0,0,0,0
1990,52,1,3,0,2,0,575,1,40,0
1990,23,2,1,0,0,1,25,2,40,0
1990,77,2,3,0,2,1,0,0,0,0
1990,23,1,3,0,0,1,418,6,40,0
1990,23,2,3,0,0,0,313,5,35,0
1990,66,1,0,0,2,0,426,4,46,0
1990,62,2,0,0,2,1,274,3,30,0
1990,75,1,2,1,0,0,804,3,0,0
1990,64,1,1,0,2,0,217,1,0,0
1990,48,1,2,0,2,1,59,5,40,0
1990,19,1,1,0,0,1,877,3,30,0
1990,65,2,3,1,0,1,383,4,0,0
1990,27,1,0,0,0,0,566,3,40,0
1990,23,2,0,0,0,1,328,4,40,0
1990,66,1,0,0,0,0,0,0,0,0
1990,55,2,0,0,0,0,808,2,0,0
1990,40,1,0,0,0,1,5,6,40,0
1990,33,2,0,0,0,0,445,5,0,0
1990,77,1,0,0,0,0,0,0,0,0
1990,74,2,0,0,0,0,0,0,0,0
1990,43,1,2,0,0,0,0,0,0,0
1990,53,1,0,0,0,1,243,3,60,1
1990,51,2,0,0,0,1,0,0,0,0
1990,72,2,3,0,0,1,264,3,0,0
1990,74,1,0,0,0,1,26,5,16,1
1990,69,2,0,0,0,1,157,5,20,0
1990,26,2,1,0,2,1,21,5,40,0
1990,39,1,0,0,0,0,647,3,49,1
1990,35,2,0,0,0,0,274,3,5,0
1990,31,1,0,0,0,1,22,1,40,1
1990,31,2,0,0,0,1,259,1,0,0
1990,40,2,0,2,1,1,407,4,40,0
1990,35,1,0,2,1,0,199,5,40,0
1990,60,1,0,0,0,0,243,3,48,1
1990,61,2,0,0,0,1,156,5,40,0
1990,75,1,3,0,0,1,48,5,30,1
1990,48,2,2,0,0,1,305,4,37,0
1990,22,2,1,0,0,1,435,3,5,0
1990,19,2,1,0,0,1,445,5,20,0
1990,43,1,0,0,0,1,25,4,50,1
1990,36,2,0,0,0,0,348,1,37,0
1990,67,2,3,0,2,0,0,0,0,0
1990,73,1,0,0,2,0,0,0,0,0
1990,69,2,0,0,2,0,0,0,0,0
1990,39,1,0,0,0,1,22,3,60,1
1990,37,2,0,0,0,1,197,5,0,0
1990,56,1,0,0,0,0,634,1,40,0
1990,53,2,0,0,0,1,313,2,40,0
1990,25,1,1,0,0,1,258,5,40,0
1990,27,2,1,0,0,1,243,3,80,0
1990,47,1,0,0,2,1,224,1,40,0
1990,40,2,0,0,2,1,243,3,55,0
1990,20,1,1,0,2,1,435,5,23,0
1990,69,1,0,0,0,1,809,2,20,0
1990,59,2,0,0,0,1,23,2,45,0
1990,29,1,1,0,0,1,503,1,45,0
1990,74,1,0,0,0,0,567,0,0,0
1990,73,2,0,0,2,0,0,0,0,0
1990,28,1,0,0,0,1,73,1,40,0
1990,29,2,0,0,0,1,14,5,40,0
1990,68,2,3,0,2,0,379,3,35,1
1990,19,1,1,0,0,0,213,3,40,0
1990,22,1,1,0,0,0,585,0,40,0
1990,24,1,1,0,0,0,585,0,40,0
1990,21,1,1,0,0,0,585,0,40,0
1990,44,1,0,0,2,1,65,3,40,0
1990,41,2,0,0,2,1,383,4,40,0
1990,58,2,1,0,0,1,737,2,0,0
1990,72,1,0,0,0,0,804,3,20,0
1990,71,2,0,0,0,0,319,5,0,0
1990,65,1,0,0,0,1,259,3,25,1
1990,63,2,0,0,0,1,0,0,0,1
1990,60,1,0,3,3,0,315,5,35,0
1990,57,2,0,3,3,0,777,5,40,0
1990,27,2,1,3,3,1,96,5,0,0
1990,38,1,2,0,0,1,17,3,50,0
1990,52,1,1,0,0,1,178,2,50,1
1990,56,1,2,0,0,1,7,4,50,1
1990,57,1,0,0,2,0,808,5,42,0
1990,55,2,0,0,2,0,0,0,0,0
1990,80,2,3,0,0,1,0,0,0,0
1990,30,1,0,0,0,1,889,6,40,0
1990,25,2,0,0,0,0,159,4,25,0
1990,22,2,3,0,2,0,313,5,40,0
1990,51,1,0,0,2,0,563,0,30,0
1990,44,2,0,0,2,0,0,0,0,0
1990,24,1,1,0,0,1,53,0,0,0
1990,22,2,1,0,0,1,22,3,40,0
1990,60,1,0,0,0,1,154,5,40,1
1990,58,2,0,0,0,1,0,0,0,0
1990,43,1,0,0,0,1,22,5,40,1
1990,43,2,0,0,0,1,8,4,40,0
1990,63,1,0,0,0,1,575,0,40,1
1990,59,2,0,0,0,0,0,0,0,0
1990,24,1,1,0,0,1,337,2,40,0
1990,62,1,2,0,0,0,453,5,0,0
1990,30,1,1,0,0,0,558,0,40,0
1990,60,1,0,0,0,0,804,2,50,0
1990,61,2,0,0,0,0,308,4,40,0
1990,26,1,1,0,0,0,474,0,40,0
1990,58,1,0,1,0,0,549,5,38,0
1990,57,2,0,1,0,1,9,5,38,0
1990,27,1,1,1,0,1,385,5,20,0
1990,32,2,3,1,0,0,313,3,40,0
1990,63,1,0,0,0,1,14,5,40,1
1990,54,2,0,0,0,1,313,4,15,0
1990,37,1,0,0,0,1,779,1,40,0
1990,36,2,0,0,0,1,313,2,0,0
1990,32,1,0,0,0,1,418,6,40,0
1990,31,2,0,0,0,1,159,5,50,0
1990,35,1,0,0,0,0,785,1,40,0
1990,33,2,0,0,0,1,64,4,40,0
1990,60,2,1,1,0,1,0,0,0,0
1990,66,2,3,1,0,0,0,0,0,0
1990,51,1,0,1,0,0,785,1,40,0
1990,49,2,0,1,0,0,385,5,40,0
1990,20,2,1,1,0,0,276,3,40,0
1990,19,1,1,1,0,0,883,2,20,0
1990,19,1,1,1,0,0,889,1,40,0
1990,60,2,1,0,0,1,0,0,0,0
1990,55,1,0,1,1,0,889,1,40,0
1990,55,2,0,1,1,0,888,3,40,0
1990,25,1,1,2,1,0,779,1,40,0
1990,19,2,1,2,1,0,458,4,25,0
1990,50,1,1,2,1,0,754,3,40,0
1990,25,1,1,0,1,1,27,5,52,0
1990,18,2,1,0,1,0,0,0,0,0
1990,37,1,3,0,1,1,453,4,0,0
1990,20,2,1,0,1,0,453,4,25,0
1990,42,2,1,1,0,0,0,0,0,0
1990,18,2,1,1,0,0,0,0,0,0
1990,19,1,1,1,0,0,426,3,40,0
1990,28,1,0,0,0,1,65,6,45,0
1990,28,2,0,0,2,1,313,5,35,0
1990,49,2,0,1,1,0,407,4,28,0
1990,60,1,0,1,1,0,444,5,40,0
1990,27,2,3,1,1,0,276,3,40,0
1990,46,1,0,0,0,1,178,5,45,0
1990,46,2,0,0,0,1,243,3,40,0
1990,22,2,1,0,0,1,0,0,0,0
1990,30,2,1,2,1,0,435,3,40,0
1990,33,2,3,2,1,0,274,3,0,0
1990,56,1,3,2,1,0,0,0,0,0
1990,48,1,0,0,2,0,549,5,0,0
1990,46,2,0,0,2,0,779,1,40,0
1990,61,2,0,1,0,0,0,0,0,0
1990,25,1,0,1,0,0,875,2,40,0
1990,27,1,1,1,0,0,744,1,40,0
1990,41,1,1,1,0,0,779,1,40,0
1990,18,1,1,1,0,0,468,5,8,0
1990,36,1,0,0,1,0,686,3,72,0
1990,31,2,0,0,1,0,0,0,0,0
1990,34,2,0,0,4,1,22,4,40,0
1990,35,1,0,0,2,0,453,4,40,0
1990,55,2,3,0,4,0,405,4,16,0
1990,45,2,3,1,0,0,0,0,0,0
1990,18,1,1,1,0,0,459,5,40,0
1990,24,2,1,1,0,0,347,3,40,0
1990,59,1,0,0,2,0,808,6,48,0
1990,54,2,0,0,2,0,313,3,35,0
1990,27,1,1,0,0,0,364,2,40,0
1990,26,1,1,0,0,1,265,3,40,0
1990,23,1,1,0,0,1,376,3,0,0
1990,53,1,0,0,1,1,453,4,35,0
1990,45,2,0,1,1,0,453,4,35,0
1990,24,1,0,1,1,0,628,1,40,0
1990,20,2,0,1,1,1,461,5,40,0
1990,66,2,3,1,0,0,0,0,0,0
1990,41,1,3,0,0,0,243,3,54,0
1990,34,1,1,0,1,0,869,2,40,0
1990,54,1,3,2,1,0,765,1,40,0
1990,31,1,0,2,1,0,889,1,40,0
1990,26,2,0,2,1,0,453,4,40,0
1990,24,1,1,2,1,1,779,1,40,0
1990,28,1,2,2,1,0,505,3,40,0
1990,31,1,0,2,1,0,686,3,40,0
1990,29,2,0,2,1,0,883,1,40,0
1990,38,2,3,2,1,1,453,4,40,0
1990,33,1,0,0,2,1,759,4,40,0
1990,31,2,0,0,2,0,798,1,40,0
1990,38,2,3,3,3,1,95,5,40,1
1990,49,1,0,0,0,0,779,1,40,0
1990,36,2,0,0,0,0,719,1,40,0
1990,50,2,1,1,0,0,0,0,0,0
1990,30,2,1,1,0,0,303,4,40,0
1990,49,1,0,1,0,0,787,1,49,0
1990,42,2,0,1,0,0,276,4,45,0
1990,41,1,0,1,1,1,783,1,0,0
1990,31,2,0,1,1,1,379,3,0,0
1990,38,1,0,0,0,1,274,3,40,0
1990,32,2,0,0,0,0,889,1,40,0
1990,56,1,0,0,1,1,378,3,40,0
1990,42,2,0,0,1,1,769,1,40,0
1990,44,1,0,0,2,0,364,1,40,0
1990,42,2,0,0,2,0,449,3,40,0
1990,73,2,3,0,2,0,0,0,0,0
1990,46,2,1,0,0,0,387,5,40,0
1990,23,2,1,0,0,1,315,4,40,0
1990,35,1,2,0,0,1,22,0,60,0
1990,37,1,0,1,0,1,447,5,45,0
1990,41,2,0,1,1,0,758,3,40,0
1990,27,1,0,0,0,0,844,0,40,0
1990,23,2,0,0,0,0,0,0,0,0
1990,32,1,0,0,2,0,579,0,20,0
1990,32,2,0,0,2,1,159,6,0,0
1990,37,1,1,0,0,1,628,1,60,1
1990,52,1,0,3,3,0,275,4,65,0
1990,47,2,0,3,3,0,275,4,65,0
1990,23,1,1,3,3,1,225,5,10,0
1990,22,2,1,3,3,0,368,3,0,0
1990,18,1,1,3,3,0,159,5,5,0
1990,62,1,0,0,0,0,0,0,0,0
1990,61,2,0,0,0,0,156,5,7,0
1990,24,1,1,0,0,0,453,4,40,0
1990,43,1,3,0,1,0,779,1,40,0
1990,21,1,1,0,1,0,785,1,40,0
1990,57,1,0,0,1,1,809,2,0,0
1990,39,2,0,0,1,0,0,0,0,0
1990,53,1,0,0,2,0,856,1,40,0
1990,56,2,0,0,2,0,744,1,0,0
1990,23,1,1,0,2,1,0,0,0,0
1990,60,1,0,0,0,1,7,3,40,1
1990,60,2,0,0,1,0,257,4,20,0
1990,21,2,1,0,0,1,274,3,20,0
1990,75,2,3,0,2,0,0,0,0,0
1990,50,2,1,0,0,0,274,4,0,0
1990,48,1,0,0,0,1,376,1,40,0
1990,46,2,0,0,0,1,25,4,40,0
1990,22,1,1,0,0,1,378,4,40,0
1990,49,1,2,0,0,1,254,4,80,0
1990,55,2,2,0,0,1,156,5,40,0
1990,42,1,0,0,0,0,844,0,40,0
1990,41,2,0,0,0,0,379,4,40,0
1990,33,1,0,0,0,1,628,1,55,0
1990,29,2,0,3,3,1,0,0,0,0
1990,36,1,3,3,3,0,276,3,40,0
1990,45,1,3,3,3,0,276,3,40,0
1990,48,1,1,3,3,0,276,3,40,0
1990,34,1,1,3,3,0,579,0,35,0
1990,40,1,1,3,3,1,23,4,35,0
1990,69,1,1,0,0,0,0,0,0,0
1990,52,1,0,0,0,1,804,3,45,0
1990,44,2,0,0,0,1,95,5,40,0
1990,24,1,1,0,0,1,634,1,35,0
1990,71,2,1,1,0,0,0,0,0,0
1990,27,1,0,0,3,1,259,3,40,0
1990,34,2,0,0,0,1,189,4,40,0
1990,31,1,0,0,0,1,22,1,60,0
1990,31,2,0,0,0,0,274,3,20,0
1990,43,2,2,0,0,1,234,4,45,0
1990,36,1,0,0,0,1,254,4,40,0
1990,32,2,0,0,0,0,385,1,40,0
1990,35,1,0,0,0,1,376,4,43,0
1990,34,2,0,0,0,1,213,2,25,0
1990,54,1,0,0,0,1,549,1,40,1
1990,51,2,0,0,0,1,156,5,40,0
1990,19,1,1,0,0,0,887,3,25,0
1990,57,1,0,0,0,0,757,1,50,0
1990,59,2,0,0,0,0,453,2,40,0
1990,80,2,3,0,0,0,0,0,0,0
1990,31,1,0,0,2,0,22,4,40,0
1990,30,2,0,0,0,0,447,5,12,0
1990,29,1,0,0,0,0,549,2,40,0
1990,31,2,0,0,0,0,577,2,30,0
1990,59,1,2,1,0,1,58,1,0,0
1990,32,1,0,0,0,1,22,4,45,0
1990,33,2,0,0,0,1,253,4,35,0
1990,43,1,0,0,0,1,757,1,40,0
1990,42,2,0,0,0,0,319,3,40,0
1990,64,1,0,0,0,0,0,0,0,0
1990,67,2,0,0,0,0,0,0,0,0
1990,29,2,1,0,0,1,426,1,40,0
1990,60,1,2,0,0,0,379,1,40,0
1990,42,2,2,0,0,1,95,5,40,0
1990,19,2,1,0,0,1,877,3,25,0
1990,28,1,1,0,2,0,637,1,46,0
1990,46,1,0,1,0,1,518,2,40,0
1990,46,2,0,1,0,1,808,3,20,0
1990,26,2,3,1,0,1,65,3,40,0
1990,41,1,0,0,0,0,785,1,40,0
1990,40,2,0,0,0,0,313,5,35,0
1990,27,1,0,0,3,1,766,1,48,0
1990,29,2,0,0,0,0,686,3,40,0
1990,31,1,0,0,0,1,22,1,50,0
1990,27,2,0,0,0,1,313,1,37,0
1990,25,2,1,1,0,1,203,5,56,0
1990,28,1,1,1,0,1,883,2,45,0
1990,58,1,2,1,0,1,156,5,35,0
1990,27,1,0,0,0,1,257,4,40,0
1990,27,2,0,0,0,1,22,1,40,0
1990,50,1,2,0,0,0,35,6,40,1
1990,67,1,3,0,0,0,0,0,0,0
1990,32,1,0,0,0,0,575,1,50,0
1990,32,2,0,0,0,0,337,4,32,0
1990,31,1,0,1,0,1,424,6,45,0
1990,30,2,0,1,0,1,174,6,35,0
1990,56,1,0,0,0,1,22,4,40,0
1990,53,2,0,0,0,1,0,0,0,0
1990,19,1,1,0,0,0,436,3,30,0
1990,31,1,0,1,0,1,389,4,48,0
1990,29,2,0,1,0,1,156,5,37,0
1990,31,1,0,0,0,0,904,6,40,0
1990,26,2,0,0,2,0,435,3,30,0
1990,35,1,0,1,0,1,903,6,45,0
1990,33,2,0,1,0,1,156,5,22,0
1990,25,1,0,0,0,1,227,6,40,0
1990,28,2,0,0,0,1,174,5,40,0
1990,41,1,1,1,0,1,418,6,40,0
1990,69,1,0,0,0,1,0,0,0,0
1990,66,2,0,0,0,0,0,0,0,0
1990,32,1,0,1,0,0,637,1,50,0
1990,35,2,0,1,2,1,274,3,0,0
1990,36,1,0,0,0,0,719,1,40,0
1990,32,2,0,0,0,1,207,5,16,0
1990,55,1,0,3,3,1,259,3,60,1
1990,48,2,0,3,3,1,22,3,40,0
1990,38,1,0,0,0,1,259,1,40,0
1990,36,2,0,0,0,0,313,5,40,0
1990,40,1,0,0,0,1,22,1,50,1
1990,38,2,0,0,0,0,0,0,0,0
1990,40,1,0,0,0,1,558,0,40,0
1990,37,2,0,0,0,1,156,5,40,0
1990,30,1,1,0,0,1,187,2,50,1
1990,67,1,0,0,0,1,22,4,35,1
1990,63,2,0,0,0,1,313,5,35,0
1990,52,1,0,0,0,1,0,0,0,0
1990,53,2,0,0,0,1,156,5,35,0
1990,44,1,0,0,0,1,259,1,52,1
1990,39,2,0,0,0,1,13,1,20,0
1990,64,1,2,0,0,1,696,2,40,0
1990,40,1,0,0,0,1,7,1,40,0
1990,46,2,0,0,0,1,64,1,40,0
1990,64,1,0,0,0,1,259,3,20,0
1990,62,2,0,0,0,1,157,5,35,0
1990,51,1,0,0,0,1,337,1,37,1
1990,44,2,0,0,0,1,18,4,40,0
1990,57,1,0,0,0,1,178,5,50,1
1990,52,2,0,0,0,1,195,1,45,1
1990,25,1,1,0,0,1,22,0,48,0
1990,42,2,0,0,0,1,178,4,50,1
1990,48,1,0,0,0,1,22,3,50,1
1990,36,1,0,0,0,0,243,3,65,1
1990,36,2,0,0,0,1,337,1,32,0
1990,65,2,3,0,0,0,628,1,0,0
1990,39,2,0,0,0,0,253,4,40,0
1990,46,1,0,0,0,1,22,4,40,0
1990,20,2,1,0,0,0,379,4,40,0
1990,28,1,0,0,0,1,243,3,40,0
1990,26,2,0,0,0,1,103,5,47,0
1990,35,1,0,0,0,0,783,2,40,0
1990,33,2,0,0,0,0,276,0,26,0
1990,34,1,0,0,0,0,657,3,40,0
1990,27,2,0,0,0,0,313,4,37,0
1990,65,2,3,0,0,0,0,0,0,0
1990,34,1,1,0,0,1,453,1,40,0
1990,62,1,3,0,0,0,418,6,40,1
1990,65,2,3,0,0,1,274,3,39,0
1990,24,1,0,0,0,0,365,3,40,0
1990,23,2,0,0,0,1,208,3,27,0
1990,28,1,0,0,0,1,904,6,60,0
1990,29,2,0,0,0,0,0,0,0,0
1990,69,1,0,0,0,0,0,0,0,0
1990,65,2,0,0,0,0,22,4,0,0
1990,44,1,0,0,0,1,22,0,40,1
1990,39,2,0,0,0,0,313,4,40,0
1990,75,1,0,1,0,0,849,2,20,0
1990,74,2,0,1,0,0,453,4,3,0
1990,59,1,0,0,0,1,23,4,40,1
1990,51,2,0,0,0,0,0,0,0,0
1990,28,2,1,0,0,0,315,4,40,0
1990,27,2,1,0,0,1,686,3,0,0
1990,66,1,0,0,0,0,0,0,0,0
1990,60,2,0,0,0,0,313,5,45,0
1990,33,1,1,0,0,1,226,2,60,0
1990,45,2,2,0,0,1,185,1,80,1
1990,58,2,2,0,0,1,274,3,19,0
1990,39,1,0,0,0,1,414,6,50,1
1990,36,2,0,0,0,1,436,3,30,0
1990,72,1,0,0,0,0,733,4,10,0
1990,65,2,0,0,0,0,0,0,0,0
1990,32,1,2,0,0,1,89,5,35,1
1990,69,1,0,0,0,0,523,4,0,0
1990,66,2,0,0,0,0,0,0,0,0
1990,33,1,0,0,2,1,259,1,60,0
1990,27,2,0,0,0,1,95,5,40,0
1990,59,1,0,0,0,0,628,1,40,0
1990,56,2,0,0,0,0,337,1,40,0
1990,65,1,0,0,0,1,8,1,40,0
1990,62,2,0,0,0,1,0,0,0,0
1990,37,1,1,0,0,1,217,5,40,0
1990,31,1,0,0,0,0,804,3,55,0
1990,30,2,0,0,0,0,446,3,20,0
1990,23,1,1,1,0,0,0,0,0,0
1990,54,1,0,0,0,1,6,6,50,1
1990,47,2,0,0,0,1,308,6,40,1
1990,21,1,1,0,0,0,518,1,40,0
1990,73,1,0,0,0,1,0,0,0,0
1990,70,2,0,0,0,1,0,0,0,0
1990,75,1,0,0,0,0,0,0,0,0
1990,64,2,0,0,0,0,0,0,0,0
1990,27,1,3,0,0,1,533,6,40,0
1990,43,1,0,0,0,1,503,6,45,0
1990,44,2,0,0,0,0,313,5,38,0
1990,23,1,1,0,0,1,364,3,40,0
1990,19,1,1,0,0,1,22,4,37,0
1990,26,1,1,0,0,1,417,6,24,0
1990,21,1,1,0,0,0,243,3,45,0
1990,30,1,2,1,0,1,379,6,55,0
1990,24,2,1,3,0,1,364,6,45,0
1990,21,2,1,0,0,1,505,6,30,0
1990,19,2,1,0,0,1,804,6,35,0
1990,34,1,0,0,0,1,904,6,50,0
1990,27,2,0,0,0,0,315,4,40,0
1990,30,1,1,1,2,1,904,6,50,0
1990,23,2,1,1,0,0,206,5,48,0
1990,51,1,0,0,0,0,754,1,53,0
1990,53,2,0,0,2,0,185,4,52,0
1990,35,1,2,0,0,0,507,2,40,0
1990,40,1,0,0,0,0,418,6,40,0
1990,32,2,0,0,0,0,447,5,0,0
1990,40,2,0,0,0,0,0,0,0,0
1990,42,1,0,0,0,0,22,0,40,0
1990,41,1,0,0,0,1,328,6,40,0
1990,43,2,0,0,0,1,159,5,65,0
1990,19,2,1,0,0,1,274,3,40,0
1990,48,1,0,0,0,1,156,5,30,0
1990,47,2,0,0,0,1,0,0,0,0
1990,25,2,1,0,0,1,274,3,35,0
1990,23,1,1,0,0,1,0,0,0,0
1990,32,1,0,2,0,0,549,1,49,0
1990,33,2,0,1,0,1,223,1,41,0
1990,27,2,1,2,0,1,379,5,60,0
1990,37,1,0,0,0,1,243,3,50,0
1990,35,2,0,0,0,0,7,4,40,0
1990,41,1,0,3,0,1,5,6,40,1
1990,41,2,0,0,0,0,22,4,40,0
1990,18,1,1,0,0,0,525,4,30,0
1990,72,1,0,0,0,0,426,3,39,0
1990,74,2,0,0,0,0,0,0,0,0
1990,38,2,1,0,0,1,15,5,50,1
1990,47,1,0,1,0,1,8,6,40,1
1990,47,2,0,1,0,0,328,6,40,0
1990,59,1,0,0,0,0,866,2,0,0
1990,56,2,0,0,0,0,407,4,0,0
1990,33,1,2,0,0,0,869,0,40,0
1990,22,1,1,0,0,0,808,2,30,0
1990,33,1,0,0,0,1,55,0,60,0
1990,24,2,0,0,0,1,243,4,40,0
1990,37,1,0,0,0,0,235,2,40,0
1990,36,2,0,0,2,1,337,3,40,0
1990,79,2,3,0,0,0,389,2,25,0
1990,65,2,3,0,0,0,0,0,0,0
1990,78,1,0,0,0,0,806,3,10,0
1990,54,2,0,0,0,1,95,5,0,0
1990,70,1,1,0,0,0,0,0,0,0
1990,33,1,0,0,0,0,22,4,60,0
1990,30,2,0,0,0,0,315,0,20,0
1990,44,1,1,0,0,1,675,1,40,0
1990,69,2,3,0,0,0,0,0,0,0
1990,59,1,0,0,0,1,567,1,40,0
1990,57,2,0,0,0,1,159,5,36,0
1990,46,2,3,0,0,0,313,4,21,0
1990,22,1,1,0,0,1,486,0,40,0
1990,19,2,1,0,0,0,436,5,30,0
1990,46,1,2,0,0,1,154,5,40,1
1990,40,1,0,0,0,0,804,3,50,0
1990,37,2,0,0,0,1,313,4,20,0
1990,44,2,3,0,0,1,156,5,20,1
1990,18,2,1,0,0,0,276,3,20,0
1990,35,1,0,0,0,1,415,1,40,0
1990,35,2,0,0,0,1,156,5,35,0
1990,64,1,0,0,0,0,503,3,0,0
1990,63,2,0,0,0,0,628,1,0,0
1990,28,1,3,1,0,0,869,0,35,0
1990,23,2,1,0,0,0,435,3,29,0
1990,22,1,1,1,0,0,0,0,0,0
1990,74,1,0,0,0,0,457,4,25,0
1990,69,2,0,0,0,0,0,0,0,0
1990,35,1,1,0,0,0,567,0,40,0
1990,26,2,3,1,0,0,0,0,0,0
1990,36,1,1,1,0,1,274,5,40,0
1990,31,2,1,1,0,0,796,1,0,0
1990,51,2,1,0,0,1,156,5,40,0
1990,62,2,3,1,0,0,174,5,20,0
1990,42,2,3,1,0,0,354,2,40,0
1990,22,1,1,1,0,0,453,4,40,0
1990,23,2,1,1,0,0,229,6,40,0
1990,29,1,0,1,0,1,856,3,32,0
1990,29,2,0,1,0,0,313,5,37,0
1990,28,2,1,1,0,0,447,5,40,0
1990,36,2,1,0,0,1,229,5,60,0
1990,31,2,2,0,0,1,243,3,45,0
1990,34,1,0,0,0,0,777,1,40,0
1990,27,2,0,0,0,0,264,3,40,0
1990,70,2,3,1,0,0,467,5,0,0
1990,38,2,1,1,0,1,375,4,35,0
1990,35,2,1,1,0,0,339,5,40,0
1990,28,2,2,1,0,0,0,0,0,0
1990,40,1,1,1,0,0,0,0,0,0
1990,22,2,1,3,3,1,435,3,37,0
1990,59,2,0,2,0,0,0,0,0,0
1990,53,1,0,2,0,0,0,0,0,0
1990,28,1,1,2,0,0,779,1,40,0
1990,34,2,2,1,0,0,785,4,40,0
1990,26,2,1,1,0,0,889,1,0,0
1990,78,2,3,0,0,1,0,0,0,0
1990,48,1,0,0,0,0,558,0,45,1
1990,45,2,0,0,4,0,337,4,24,0
1990,22,1,1,0,0,1,23,4,36,0
1990,29,1,1,1,0,1,796,1,40,0
1990,33,2,1,2,0,0,779,1,40,0
1990,32,2,0,0,0,1,736,3,30,0
1990,32,1,0,0,0,0,514,4,40,0
1990,73,2,3,0,0,0,0,0,0,0
1990,69,2,3,0,0,0,0,0,0,0
1990,70,2,3,0,0,0,0,0,0,0
1990,69,2,2,1,0,1,305,6,0,0
1990,37,1,0,0,0,0,243,3,70,0
1990,34,2,0,0,0,0,276,3,0,0
1990,38,2,2,0,0,1,174,6,37,0
1990,31,2,0,0,0,1,254,4,40,0
1990,32,1,0,0,0,1,22,0,40,0
1990,66,2,3,0,0,1,0,0,0,1
1990,42,1,0,0,0,0,575,0,40,0
1990,41,2,0,0,0,0,0,0,0,0
1990,75,2,1,0,0,0,0,0,0,0
1990,31,1,0,0,0,0,22,3,40,0
1990,31,2,0,0,0,1,207,5,0,0
1990,41,1,0,0,0,0,354,2,40,0
1990,43,2,0,0,0,0,379,5,35,0
1990,23,1,0,0,0,0,628,1,44,0
1990,24,2,0,0,0,0,313,4,40,0
1990,42,1,0,0,0,0,379,3,45,0
1990,43,2,0,0,0,1,337,6,43,0
1990,73,1,0,0,0,0,0,0,0,0
1990,72,2,0,0,0,0,0,0,0,0
1990,51,1,0,0,0,1,529,2,40,0
1990,46,2,0,0,0,1,206,5,12,0
1990,21,2,1,0,0,1,308,3,40,0
1990,20,1,1,0,0,1,453,4,40,0
1990,18,1,1,0,0,0,443,3,40,0
1990,32,2,2,0,0,0,0,0,0,0
1990,68,1,2,0,0,1,0,0,0,0
1990,78,2,1,0,0,1,0,0,0,0
1990,53,1,0,0,0,0,243,3,45,1
1990,49,2,0,0,0,0,0,0,0,0
1990,22,2,1,0,0,1,234,5,20,0
1990,42,1,2,0,2,0,0,0,0,0
1990,19,2,1,0,0,0,189,4,40,0
1990,29,1,1,0,0,0,549,5,6,0
1990,23,1,1,0,0,1,364,1,40,0
1990,21,2,1,0,0,1,466,5,40,0
1990,34,2,1,0,0,0,313,5,40,0
1990,32,1,0,0,0,0,424,6,50,0
1990,29,2,0,0,0,1,203,5,40,0
1990,65,2,2,0,0,1,447,4,24,0
1990,76,1,0,0,0,0,438,3,20,0
1990,70,2,0,0,0,0,0,0,0,0
1990,58,2,3,0,0,0,303,5,40,0
1990,36,1,0,0,0,0,505,4,50,0
1990,29,2,0,0,0,0,337,4,15,0
1990,45,2,0,0,0,1,337,4,37,0
1990,50,1,0,0,0,0,796,1,40,0
1990,36,1,0,0,0,0,804,2,50,0
1990,31,2,0,0,0,0,0,0,0,0
1990,69,2,3,0,0,0,0,0,0,0
1990,30,1,1,0,0,1,597,1,35,0
1990,61,1,0,0,0,0,243,3,48,0
1990,58,2,0,0,0,0,0,0,0,0
1990,25,2,2,0,0,0,376,1,40,0
1990,27,1,0,0,0,1,17,3,57,0
1990,21,2,0,0,0,0,435,3,35,0
1990,30,2,1,0,0,0,315,1,33,0
1990,72,2,3,0,0,0,0,0,0,0
1990,56,1,0,1,0,1,25,5,40,1
1990,55,2,0,1,0,1,0,0,0,0
1990,59,1,0,0,0,1,43,5,50,0
1990,62,2,0,0,0,1,97,5,0,0
1990,57,1,0,0,0,1,156,5,50,0
1990,57,2,0,0,0,0,315,1,40,0
1990,53,2,2,0,0,0,0,0,0,0
1990,65,1,3,0,0,0,883,3,50,0
1990,32,2,3,1,0,1,276,3,40,0
1990,21,2,1,0,0,0,339,5,40,0
1990,32,2,1,0,0,1,156,5,45,0
1990,33,1,1,0,0,1,579,4,40,0
1990,23,1,1,0,0,1,779,3,40,0
1990,25,1,1,0,0,1,575,0,55,0
1990,18,2,1,0,0,0,779,4,0,0
1990,27,1,0,0,0,0,235,4,40,0
1990,27,2,0,0,0,0,385,4,0,0
1990,36,2,1,0,0,0,529,2,45,0
1990,30,1,2,0,0,0,888,3,40,0
1990,46,2,2,0,0,1,254,4,40,0
1990,79,2,3,0,0,1,0,0,0,0
1990,31,2,3,0,0,0,0,0,0,0
1990,60,1,0,0,2,1,75,0,40,1
1990,53,2,0,0,2,1,217,0,40,0
1990,34,2,0,0,0,1,308,5,20,0
1990,35,1,0,0,0,1,257,4,40,0
1990,42,1,1,1,4,1,748,4,25,0
1990,25,1,0,0,2,1,274,3,40,0
1990,23,2,0,0,0,1,189,1,40,0
1990,47,1,2,0,0,0,453,1,47,0
1990,48,2,3,0,0,0,453,5,0,0
1990,45,2,3,0,0,1,313,4,45,0
1990,45,1,0,0,0,1,909,6,0,0
1990,42,2,0,0,0,1,5,6,40,0
1990,21,2,1,0,0,1,195,1,15,0
1990,53,1,0,1,0,0,558,0,40,0
1990,51,2,0,1,0,0,433,5,40,0
1990,19,1,1,1,0,0,859,1,40,0
1990,46,1,0,0,0,0,547,3,40,0
1990,44,2,0,0,0,0,754,1,0,0
1990,67,2,0,0,2,0,0,0,0,0
1990,63,1,0,0,2,0,0,0,0,0
1990,27,1,0,0,0,1,558,0,50,0
1990,27,2,0,0,0,0,37,3,0,0
1990,59,1,1,0,0,0,444,3,40,0
1990,47,1,0,0,0,0,628,1,48,1
1990,46,2,0,0,0,0,453,5,20,0
1990,26,2,1,0,0,0,434,4,40,0
1990,66,1,3,0,0,0,355,2,0,0
1990,22,2,1,0,0,1,385,3,20,0
1990,53,2,1,0,0,0,313,2,40,0
1990,34,1,0,0,0,1,22,3,55,1
1990,33,2,0,0,0,1,0,0,0,0
1990,76,2,3,0,0,0,0,0,0,0
1990,35,2,2,1,0,1,243,3,48,0
1990,42,1,2,1,0,0,243,3,50,0
1990,40,1,0,0,0,1,48,1,40,0
1990,40,2,0,0,0,1,313,0,36,0
1990,57,1,0,1,0,0,354,2,50,0
1990,56,2,0,1,0,0,449,4,6,0
1990,27,1,1,1,0,1,157,5,24,0
1990,59,2,0,0,0,0,446,5,20,0
1990,71,1,0,0,0,0,804,2,4,0
1990,39,1,1,0,0,0,889,1,0,0
1990,39,1,0,0,0,0,453,1,55,1
1990,39,2,0,0,0,0,206,5,32,0
1990,47,1,0,0,0,1,486,5,40,1
1990,45,2,0,0,0,0,315,5,35,0
1990,21,1,1,0,0,0,486,5,40,0
1990,18,2,1,0,0,0,276,3,25,0
1990,33,2,1,0,0,0,0,0,0,0
1990,31,1,0,0,0,1,556,0,40,0
1990,30,2,0,0,0,0,185,3,40,0
1990,77,2,3,0,0,0,0,0,0,0
1990,36,1,0,1,0,1,178,5,40,0
1990,30,2,0,1,0,1,14,5,40,0
1990,58,1,0,0,0,1,259,3,48,0
1990,55,2,0,0,0,0,0,0,0,0
1990,77,2,3,0,0,0,0,0,0,0
1990,48,1,0,0,0,1,157,5,35,0
1990,46,2,0,0,0,1,156,5,40,0
1990,41,1,0,0,0,0,527,2,40,0
1990,39,2,0,0,0,0,276,3,15,0
1990,32,2,3,0,0,0,243,3,0,0
1990,53,1,0,0,0,0,779,1,48,0
1990,50,2,0,0,0,0,444,3,40,0
1990,23,2,1,0,0,0,373,3,40,0
1990,22,1,1,0,0,0,599,0,50,0
1990,19,1,1,0,0,0,889,4,20,0
1990,79,2,3,0,0,0,0,0,0,0
1990,36,1,0,2,0,1,203,5,45,0
1990,35,2,0,0,0,1,95,5,40,0
1990,25,1,2,2,0,1,549,3,60,0
1990,42,2,2,0,0,0,18,4,40,0
1990,73,2,1,0,0,0,436,3,10,0
1990,55,1,0,0,0,0,259,3,40,0
1990,55,2,0,0,0,0,379,4,40,0
1990,19,2,1,0,0,0,319,5,15,0
1990,43,2,2,0,0,0,459,4,40,0
1990,21,2,1,0,0,0,319,3,40,0
1990,31,1,0,0,0,0,779,1,48,0
1990,30,2,0,0,0,0,379,4,20,0
1990,26,1,3,0,0,0,486,5,40,0
1990,25,1,0,0,0,0,567,0,40,1
1990,24,2,0,0,0,1,313,4,40,0
1990,37,2,1,0,0,1,375,4,45,0
1990,50,1,0,1,0,0,804,2,50,0
1990,49,2,0,1,0,0,447,5,40,0
1990,40,1,0,0,0,0,869,1,48,0
1990,40,2,0,0,0,0,808,2,40,0
1990,20,1,1,0,0,0,599,0,40,0
1990,39,1,0,0,0,1,243,3,45,1
1990,40,2,0,0,0,1,264,3,0,0
1990,33,1,0,0,0,1,88,5,35,0
1990,32,2,0,0,0,1,95,5,20,0
1990,43,1,0,0,0,0,17,3,70,0
1990,42,2,0,0,0,1,17,3,50,1
1990,56,1,1,0,0,0,453,4,0,0
1990,29,1,0,0,0,0,17,3,70,0
1990,23,2,0,0,0,1,23,5,50,0
1990,58,1,0,0,0,1,243,3,43,1
1990,55,2,0,0,0,1,337,3,40,0
1990,42,1,0,0,0,1,243,4,40,0
1990,41,2,0,0,0,1,27,6,40,0
1990,20,1,1,0,0,1,22,1,40,0
1990,34,1,1,0,0,0,567,0,40,0
1990,27,2,2,0,0,0,809,2,24,0
1990,65,1,0,0,0,0,0,0,0,0
1990,64,2,0,0,0,0,0,0,0,0
1990,30,1,1,0,0,0,0,0,0,0
1990,38,1,0,0,0,1,243,4,45,1
1990,35,2,0,0,0,1,257,4,40,0
1990,45,1,0,1,0,0,804,0,50,0
1990,38,2,0,1,0,1,375,4,42,0
1990,73,1,3,0,0,0,809,2,0,0
1990,54,1,0,0,0,0,686,3,48,0
1990,61,2,0,0,0,0,274,3,30,0
1990,61,1,0,0,0,1,13,4,0,0
1990,59,2,0,0,0,1,319,5,37,0
1990,32,1,3,0,0,1,84,5,90,0
1990,47,1,0,0,0,1,243,3,50,0
1990,42,2,0,0,0,0,313,2,15,0
1990,18,2,1,0,0,0,276,3,18,0
1990,64,1,0,0,0,0,226,2,0,1
1990,61,2,0,0,0,0,0,0,0,0
1990,35,1,0,0,0,1,23,1,40,0
1990,36,2,0,0,0,1,29,3,40,0
1990,35,1,0,0,0,1,28,3,55,1
1990,38,2,0,0,0,1,0,0,0,0
1990,43,1,0,0,0,1,7,1,55,1
1990,42,2,0,0,0,1,156,5,40,0
1990,64,1,0,0,0,0,22,1,35,1
1990,61,2,0,0,0,0,0,0,0,0
1990,29,2,1,3,3,1,217,0,40,0
1990,33,1,1,3,3,1,599,3,40,0
1990,29,1,0,0,0,1,55,1,50,0
1990,29,2,0,0,0,1,229,4,40,0
1990,29,2,1,0,0,1,383,4,37,0
1990,49,1,0,0,0,1,628,1,50,1
1990,48,2,0,0,0,1,156,5,45,0
1990,18,2,1,0,0,0,0,0,0,0
1990,69,1,1,0,0,1,0,0,0,0
1990,31,1,0,0,0,1,19,4,60,0
1990,32,2,0,0,0,1,19,4,20,0
1990,41,1,0,0,0,1,59,5,60,1
1990,29,2,0,0,4,1,22,5,0,0
1990,33,2,0,0,0,1,254,4,50,0
1990,32,1,0,0,0,1,43,5,40,0
1990,64,2,0,0,0,1,0,0,0,0
1990,58,1,0,0,0,1,22,0,40,1
1990,51,2,0,0,0,1,29,3,12,0
1990,56,1,0,0,0,1,84,5,60,1
1990,37,1,0,0,0,1,185,4,45,0
1990,35,2,0,0,0,1,156,5,24,0
1990,32,1,0,1,0,1,276,3,50,1
1990,29,2,0,1,0,1,13,4,40,0
1990,39,1,0,0,0,1,355,2,43,0
1990,36,2,0,0,0,1,156,5,35,0
1990,57,1,2,0,0,1,23,6,40,0
1990,47,1,0,0,0,0,263,3,50,0
1990,46,2,0,0,0,1,95,5,40,0
1990,26,1,1,0,0,1,885,3,40,0
1990,67,2,3,0,0,0,785,1,35,0
1990,74,1,1,0,0,0,0,0,0,0
1990,35,1,0,0,0,1,64,5,40,0
1990,36,2,0,0,0,0,274,3,12,0
1990,46,1,0,3,3,1,59,1,40,1
1990,37,2,0,3,3,1,0,0,0,0
1990,28,1,0,0,0,0,198,5,60,0
1990,27,2,0,0,0,0,303,3,35,0
1990,49,2,3,0,0,0,313,5,40,0
1990,22,2,3,0,0,0,7,3,0,0
1990,26,2,0,0,0,1,276,3,0,0
1990,31,1,0,0,0,0,507,3,40,0
1990,55,1,0,0,0,0,549,6,40,0
1990,57,2,0,3,3,0,447,5,45,0
1990,22,2,1,0,3,0,308,4,40,0
1990,47,2,2,0,0,0,303,4,0,0
1990,48,2,1,0,0,0,0,0,0,0
1990,42,1,2,0,0,0,579,0,40,0
1990,41,2,2,0,0,0,435,3,35,0
1990,43,1,2,0,0,0,809,5,37,0
1990,72,1,0,0,0,1,26,5,32,1
1990,71,2,0,0,0,0,0,0,0,0
1990,43,2,2,0,0,1,808,2,50,0
1990,22,2,1,0,0,0,276,3,20,0
1990,20,2,1,0,0,1,276,3,40,0
1990,34,1,0,0,0,0,27,0,36,0
1990,33,2,0,0,0,0,0,0,0,0
1990,41,1,2,0,0,0,734,1,40,0
1990,18,2,1,0,0,0,0,0,0,0
1990,53,2,1,0,0,1,254,4,20,0
1990,36,1,0,0,0,0,804,1,40,0
1990,29,2,0,0,0,1,785,1,0,0
1990,63,2,0,0,0,0,383,4,0,0
1990,65,1,0,0,0,0,804,2,0,0
1990,58,1,0,0,0,0,243,3,55,0
1990,57,2,0,0,0,0,315,3,26,0
1990,63,2,3,0,0,0,389,4,40,0
1990,76,1,0,0,2,0,0,0,0,0
1990,79,2,0,0,0,0,0,0,0,0
1990,29,1,0,0,0,1,505,3,40,0
1990,24,2,0,0,0,0,464,3,38,0
1990,63,2,1,0,0,0,0,0,0,0
1990,80,2,3,0,0,0,0,0,0,0
1990,77,1,0,0,0,0,0,0,0,0
1990,76,2,0,0,0,0,0,0,0,0
1990,42,1,2,0,0,0,22,4,60,0
1990,37,2,2,0,0,0,359,6,40,0
1990,66,2,3,0,0,1,354,2,40,0
1990,36,2,1,0,0,0,0,0,0,0
1990,32,2,0,0,0,0,757,1,40,0
1990,31,1,0,0,0,0,653,1,50,0
1990,52,2,3,0,0,0,0,0,0,0
1990,69,1,0,0,0,0,558,6,0,0
1990,64,2,0,0,0,0,0,0,0,0
1990,57,1,0,0,0,1,785,0,40,0
1990,57,2,0,0,0,0,0,0,0,0
1990,78,2,0,0,0,0,0,0,0,0
1990,57,1,0,0,0,1,157,5,30,0
1990,55,2,0,0,0,1,0,0,0,0
1990,25,2,1,0,0,1,178,5,37,0
1990,38,1,0,0,0,0,243,3,54,0
1990,39,2,0,0,0,1,95,5,15,0
1990,53,1,0,0,0,0,567,0,40,1
1990,50,2,0,0,0,0,0,0,0,0
1990,18,2,1,0,0,0,779,1,20,0
1990,38,1,0,0,0,1,243,3,60,0
1990,37,2,0,0,0,0,274,3,20,0
1990,36,1,0,0,0,1,22,5,50,0
1990,31,2,0,0,0,0,466,5,0,0
1990,71,1,3,0,0,1,0,0,0,0
1990,61,1,0,0,0,0,473,0,20,1
1990,61,2,0,0,0,0,0,0,0,0
1990,50,1,0,0,0,0,22,1,40,0
1990,48,2,0,0,0,0,22,3,40,0
1990,22,2,1,0,0,1,243,3,40,0
1990,72,2,3,0,0,0,0,0,0,0
1990,45,1,3,0,0,0,22,3,48,1
1990,62,2,3,0,0,0,0,0,0,0
1990,40,1,0,1,0,1,22,4,40,1
1990,41,2,0,1,0,1,157,5,45,0
1990,39,1,0,0,0,0,22,0,40,1
1990,34,2,0,0,0,0,677,1,0,0
1990,61,1,0,0,0,0,563,0,40,0
1990,57,2,0,0,0,0,0,0,0,0
1990,33,1,0,0,0,0,59,1,40,0
1990,33,2,0,0,0,0,363,1,40,0
1990,73,2,3,0,0,0,744,1,40,0
1990,53,1,0,0,2,0,804,2,60,0
1990,61,2,0,0,2,0,0,0,0,0
1990,58,1,0,0,0,1,156,5,40,0
1990,56,2,0,0,0,0,379,6,40,0
1990,77,1,0,0,0,0,0,0,0,0
1990,76,2,0,0,0,0,0,0,0,0
1990,34,1,0,0,0,1,21,5,46,0
1990,28,2,0,0,0,0,22,0,40,0
1990,34,1,3,0,0,1,567,1,50,0
1990,32,2,3,0,0,0,22,5,43,0
1990,56,1,0,0,0,1,628,1,45,0
1990,57,2,0,0,0,1,33,1,45,0
1990,27,1,1,0,0,1,157,5,35,0
1990,52,1,0,0,0,1,22,4,40,0
1990,27,2,0,0,0,0,313,4,40,0
1990,69,2,3,0,0,0,0,0,0,0
1990,57,1,0,0,0,0,783,1,0,0
1990,59,2,0,0,0,0,0,0,0,0
1990,57,1,0,0,0,1,178,5,60,1
1990,51,2,0,0,0,1,0,0,0,0
1990,19,2,1,0,0,1,164,5,40,0
1990,30,1,1,0,0,1,796,0,46,0
1990,24,2,1,0,0,1,338,1,40,0
1990,68,2,3,0,0,1,0,0,0,0
1990,24,1,0,0,0,0,549,1,40,0
1990,21,2,0,0,0,0,435,4,36,0
1990,21,2,1,0,0,0,348,2,0,0
1990,32,1,0,0,0,0,357,0,45,0
1990,24,2,0,0,0,0,337,5,25,0
1990,61,1,0,0,0,1,57,5,0,1
1990,57,2,0,0,0,0,0,0,0,0
1990,28,2,1,0,0,1,96,3,42,0
1990,77,1,0,0,2,0,0,0,0,0
1990,79,2,0,0,0,0,0,0,0,0
1990,71,2,3,0,0,0,0,0,0,0
1990,34,1,0,0,0,1,476,0,30,0
1990,33,2,0,0,0,1,156,5,40,0
1990,77,1,3,0,0,0,0,0,0,0
1990,79,2,0,0,0,0,0,0,0,0
1990,36,1,0,0,0,1,7,5,40,0
1990,37,2,0,0,0,1,22,4,45,0
1990,31,1,0,0,0,0,567,0,50,0
1990,30,2,0,0,0,1,313,5,0,0
1990,42,1,0,0,0,1,525,3,44,0
1990,48,2,0,0,0,1,385,3,40,0
1990,67,1,0,0,0,0,453,5,10,0
1990,61,2,0,0,0,0,453,5,10,0
1990,54,1,0,0,0,0,803,3,70,0
1990,59,2,0,0,0,0,0,0,0,0
1990,18,2,1,0,0,1,276,3,18,0
1990,19,2,1,0,0,1,319,5,12,0
1990,32,1,1,0,0,0,259,3,40,0
1990,47,1,0,0,0,1,199,5,50,0
1990,47,2,0,0,0,0,274,3,30,0
1990,21,1,1,0,0,1,276,5,50,0
1990,18,2,1,0,0,0,379,3,25,0
1990,42,1,0,0,0,1,579,0,40,0
1990,40,2,0,0,0,1,156,5,35,0
1990,53,1,0,0,0,0,558,0,40,0
1990,54,2,0,0,0,0,0,0,0,0
1990,27,1,0,0,0,0,699,2,50,0
1990,26,2,0,0,0,0,439,3,40,0
1990,43,1,0,0,0,0,575,0,40,1
1990,39,2,0,0,0,1,447,5,16,0
1990,22,2,1,2,0,0,5,6,35,0
1990,32,1,0,0,0,1,188,4,40,0
1990,23,2,0,0,2,0,308,6,35,0
1990,69,2,3,0,0,0,0,0,0,0
1990,57,2,3,0,0,0,435,3,24,0
1990,45,1,2,0,0,0,885,3,40,0
1990,73,2,3,0,0,0,0,0,0,0
1990,29,1,2,0,0,0,213,2,48,0
1990,30,2,2,0,0,1,229,6,35,0
1990,73,1,0,0,0,1,0,0,0,0
1990,66,2,0,0,0,1,95,5,0,0
1990,28,1,1,0,0,1,229,2,42,0
1990,71,2,2,0,0,0,0,0,0,0
1990,25,2,0,0,0,0,313,1,37,0
1990,26,1,0,0,1,0,593,0,50,0
1990,75,1,0,1,0,0,0,0,0,0
1990,70,2,0,1,0,0,0,0,0,0
1990,25,1,0,3,4,0,573,0,40,0
1990,24,2,0,3,0,0,0,0,0,0
1990,22,1,1,1,4,1,376,1,45,0
1990,22,1,1,0,0,1,434,3,20,0
1990,21,1,1,0,0,1,308,4,25,0
1990,23,1,1,0,0,0,877,3,40,0
1990,23,1,1,0,0,0,379,4,60,0
1990,24,1,1,0,0,1,243,3,60,0
1990,22,1,1,0,4,1,185,1,40,0
1990,22,1,1,0,0,0,313,1,40,0
1990,45,2,2,1,0,0,796,1,45,0
1990,27,1,1,1,0,1,8,6,50,0
1990,19,1,1,1,0,0,779,5,30,0
1990,54,2,3,0,0,0,0,0,0,0
1990,21,1,1,0,0,0,756,1,40,0
1990,27,1,1,0,0,0,426,4,30,0
1990,29,2,1,1,0,0,0,0,0,0
1990,32,1,1,1,0,0,748,5,40,0
1990,46,1,0,1,0,1,257,0,40,0
1990,45,2,0,1,0,1,95,5,40,0
1990,21,1,1,1,0,0,0,0,0,0
1990,18,1,1,1,0,0,0,0,0,0
1990,36,2,3,0,2,0,789,1,40,0
1990,67,2,3,0,2,0,0,0,0,0
1990,49,1,0,1,0,0,599,6,40,0
1990,44,2,0,1,0,0,453,4,0,0
1990,23,1,1,1,0,0,593,1,40,0
1990,22,1,3,1,0,0,539,2,40,0
1990,26,2,1,1,0,1,319,5,40,0
1990,69,1,0,1,0,1,628,1,40,0
1990,66,2,0,1,0,1,156,5,0,0
1990,27,2,1,1,0,1,339,2,40,0
1990,67,1,3,1,0,0,389,6,20,0
1990,80,2,3,0,2,0,0,0,0,0
1990,61,2,1,0,0,1,14,5,0,0
1990,31,2,2,0,0,0,234,4,30,0
1990,48,1,0,0,0,0,449,5,37,0
1990,38,2,0,0,0,0,313,3,14,0
1990,21,1,1,0,0,0,689,4,40,0
1990,70,1,0,0,0,0,783,5,0,0
1990,67,2,0,0,0,0,0,0,0,0
1990,79,1,3,1,0,0,0,0,0,0
1990,58,1,0,0,0,0,869,0,40,1
1990,56,2,0,0,0,0,436,5,0,0
1990,75,1,3,0,2,0,0,0,0,0
1990,77,1,3,0,0,0,0,0,0,0
1990,46,2,1,0,0,0,29,3,39,0
1990,21,2,1,1,0,0,385,6,40,0
1990,43,1,0,0,0,1,229,3,40,1
1990,41,2,0,0,0,1,157,5,7,0
1990,40,2,0,0,0,0,888,1,40,0
1990,42,1,0,0,0,0,877,3,20,0
1990,57,2,1,0,0,0,313,5,35,0
1990,60,1,1,0,0,0,337,4,35,0
1990,41,1,0,0,0,1,7,6,47,0
1990,34,2,0,0,0,1,206,5,35,0
1990,43,1,0,0,0,1,13,0,70,0
1990,34,2,0,0,0,1,313,3,30,0
1990,45,1,0,3,3,1,53,5,40,0
1990,42,2,0,3,3,0,276,3,37,0
1990,18,2,1,3,3,1,315,4,35,0
1990,68,2,3,3,3,0,0,0,0,0
1990,36,1,0,0,0,1,869,0,50,1
1990,42,2,0,0,0,0,458,4,24,0
1990,49,1,0,0,0,0,628,1,50,0
1990,45,2,0,0,0,1,22,1,25,0
1990,32,1,0,0,0,1,558,0,50,0
1990,31,2,0,0,0,1,95,5,30,0
1990,36,1,2,0,0,1,73,1,37,0
1990,37,1,0,0,0,1,37,6,60,0
1990,38,2,0,0,0,1,156,5,40,0
1990,70,1,0,0,0,0,0,0,0,0
1990,67,2,0,0,0,0,0,0,0,0
1990,41,1,1,0,0,1,453,5,40,0
1990,32,1,0,0,0,1,843,3,50,0
1990,31,2,0,0,0,1,889,3,0,0
1990,29,1,0,0,0,1,22,1,40,0
1990,30,2,0,0,0,1,375,4,40,0
1990,29,2,1,1,0,0,679,1,0,0
1990,71,2,3,0,0,0,453,4,4,0
1990,19,2,1,0,0,0,323,2,10,0
1990,65,2,3,0,3,0,276,3,40,0
1990,56,1,0,0,0,1,154,5,40,1
1990,47,2,0,0,0,1,95,5,40,0
1990,51,1,0,0,0,1,274,3,44,0
1990,52,2,0,0,0,0,337,5,48,0
1990,23,2,1,0,0,1,389,5,40,0
1990,22,1,1,0,0,1,157,5,45,0
1990,49,1,0,0,0,1,14,5,45,1
1990,46,2,0,0,0,1,14,5,40,0
1990,35,1,0,0,0,1,178,5,55,1
1990,35,2,0,0,0,1,178,5,55,1
1990,53,1,3,0,0,1,22,2,40,1
1990,47,1,0,0,0,0,575,5,40,0
1990,39,2,0,0,0,1,78,5,35,0
1990,68,1,0,0,2,1,5,6,5,0
1990,66,2,0,0,0,0,0,0,0,0
1990,66,2,1,0,0,1,0,0,0,0
1990,32,1,0,0,0,1,29,3,55,0
1990,36,2,0,0,0,1,274,3,15,0
1990,25,1,1,0,0,1,558,0,40,0
1990,23,1,1,0,0,1,263,3,40,0
1990,25,1,1,0,0,1,505,3,40,0
1990,33,1,0,0,0,1,255,4,50,1
1990,30,2,0,0,0,1,27,5,43,0
1990,57,2,0,0,2,0,444,3,40,0
1990,65,1,0,0,2,0,436,3,40,0
1990,29,1,1,1,0,1,19,4,90,1
1990,38,1,0,0,0,1,22,2,35,0
1990,33,2,0,0,0,0,316,2,0,0
1990,65,1,0,0,2,0,804,2,0,0
1990,61,2,0,0,0,1,303,4,40,0
1990,36,2,1,0,0,1,206,5,45,0
1990,72,1,0,0,0,0,0,0,0,0
1990,66,2,0,0,0,0,14,5,0,0
1990,44,2,3,1,0,0,337,3,35,0
1990,18,1,1,1,0,0,0,0,0,0
1990,76,1,0,0,0,0,0,0,0,0
1990,73,2,0,0,0,0,0,0,0,0
1990,29,2,0,0,0,1,95,5,32,0
1990,32,1,0,0,0,1,585,0,40,0
1990,36,1,0,0,0,1,575,5,40,0
1990,36,2,0,0,0,1,243,3,40,0
1990,79,2,3,0,0,1,0,0,0,0
1990,75,1,0,0,0,0,0,0,0,0
1990,73,2,0,0,0,0,0,0,0,0
1990,68,1,0,0,2,1,0,0,0,0
1990,66,2,0,0,2,0,0,0,0,0
1990,19,2,1,0,0,1,276,3,28,0
1990,18,1,1,1,0,0,0,0,0,0
1990,54,1,2,0,0,1,14,5,37,1
1990,57,2,3,0,0,1,253,4,40,0
1990,35,1,0,0,2,1,22,1,30,1
1990,30,2,0,0,2,1,0,0,0,0
1990,67,1,0,0,0,0,549,6,40,0
1990,76,2,0,0,0,0,0,0,0,0
1990,43,1,0,0,0,1,164,5,40,0
1990,42,2,0,0,0,1,25,6,40,0
1990,50,2,2,0,2,1,103,5,44,0
1990,19,2,1,0,0,1,164,5,8,0
1990,37,1,0,0,0,1,185,1,50,1
1990,31,2,0,0,0,1,33,1,44,0
1990,68,2,3,0,0,0,259,1,21,0
1990,48,1,0,0,0,1,22,4,43,1
1990,47,2,0,0,0,1,337,1,0,0
1990,21,2,1,3,0,1,443,5,10,0
1990,21,1,1,0,0,1,444,5,9,0
1990,41,2,0,0,0,1,22,5,50,0
1990,37,1,0,0,0,1,154,5,60,0
1990,21,1,1,0,0,1,774,3,40,0
1990,57,2,1,0,2,1,313,4,20,0
1990,63,1,0,0,0,1,65,5,40,1
1990,53,2,0,0,0,0,0,0,0,0
1990,19,1,1,3,0,1,235,5,40,0
1990,24,1,0,0,0,1,0,0,0,0
1990,25,2,0,0,0,1,313,3,0,0
1990,44,1,0,0,0,1,167,5,50,1
1990,42,2,0,0,0,1,243,3,35,0
1990,27,1,0,0,0,1,73,5,30,0
1990,26,2,0,0,0,1,254,4,50,0
1990,48,1,0,0,0,1,22,1,60,1
1990,47,2,0,0,0,1,254,4,40,0
1990,24,2,1,0,0,1,96,3,50,0
1990,18,2,1,0,0,0,439,3,20,0
1990,36,1,0,0,0,1,22,1,40,1
1990,38,2,0,0,0,1,22,1,35,1
1990,57,2,1,0,0,0,313,5,40,0
1990,32,2,3,0,0,1,159,5,50,0
1990,56,1,0,0,0,1,156,5,50,0
1990,53,2,0,0,0,1,159,5,20,0
1990,27,2,1,0,0,0,447,5,0,0
1990,24,2,1,0,0,1,243,3,38,0
1990,22,2,1,0,0,1,7,4,38,0
1990,31,1,3,1,0,0,486,6,40,0
1990,37,1,3,1,0,0,696,1,0,0
1990,39,1,3,1,0,0,783,0,0,0
1990,45,1,0,0,0,1,424,6,40,0
1990,43,2,0,0,0,1,37,3,40,0
1990,21,2,1,0,0,0,276,6,40,0
1990,37,1,0,0,0,1,203,5,40,1
1990,37,2,0,0,0,1,157,5,40,0
1990,56,2,2,0,0,1,375,4,37,0
1990,46,2,2,0,0,1,23,5,37,0
1990,22,1,1,0,0,0,769,1,40,0
1990,21,1,1,0,0,1,22,1,40,0
1990,52,1,0,0,0,0,804,2,72,0
1990,51,2,0,0,0,0,433,5,30,0
1990,46,2,0,0,0,0,0,0,0,0
1990,54,1,0,0,0,0,0,0,0,0
1990,76,2,3,0,0,0,0,0,0,0
1990,41,1,0,1,0,1,449,2,73,1
1990,40,2,0,1,0,1,0,0,0,0
1990,18,2,1,1,0,1,21,5,12,0
1990,34,1,1,0,0,0,828,1,40,0
1990,35,2,3,0,0,0,0,0,0,0
1990,30,1,0,0,0,0,235,1,50,0
1990,27,2,0,0,0,0,379,5,42,0
1990,59,1,0,0,0,0,675,1,40,0
1990,60,2,0,0,0,0,744,1,0,0
1990,50,1,0,0,0,0,453,6,40,0
1990,49,2,0,0,0,1,156,5,65,0
1990,24,1,1,0,0,0,575,3,40,0
1990,50,2,0,0,0,1,159,6,35,0
1990,67,1,0,0,0,1,888,4,25,0
1990,62,1,0,0,0,0,766,5,40,0
1990,50,2,0,0,0,0,796,1,40,0
1990,24,2,1,0,0,1,313,6,40,0
1990,18,1,1,0,0,0,438,3,0,0
1990,45,1,0,0,0,1,156,5,48,0
1990,42,2,0,0,0,1,26,5,24,0
1990,61,2,2,0,0,1,22,5,55,0
1990,26,1,1,0,0,1,43,0,60,0
1990,62,1,0,0,0,0,804,3,58,0
1990,61,2,0,0,0,0,313,4,16,0
1990,78,2,2,0,0,0,0,0,0,0
1990,74,1,0,1,0,0,0,0,0,0
1990,66,2,0,1,0,1,0,0,0,0
1990,27,2,1,1,0,1,373,3,38,0
1990,22,2,1,0,0,0,0,0,0,0
1990,26,1,0,0,0,0,856,2,40,0
1990,24,2,0,0,0,0,754,4,0,0
1990,48,2,2,0,0,0,376,5,40,0
1990,27,1,1,0,0,1,579,0,30,0
1990,24,2,1,0,0,1,204,5,34,0
1990,51,1,0,0,0,0,268,3,45,0
1990,39,2,0,0,0,1,364,1,40,0
1990,73,2,2,1,0,0,0,0,0,0
1990,29,2,3,0,0,0,243,3,45,0
1990,71,1,0,0,0,0,176,5,10,0
1990,46,2,0,0,0,0,313,5,21,0
1990,46,1,0,0,0,0,424,6,40,0
1990,34,2,0,0,2,0,889,1,35,0
1990,26,1,1,0,0,0,375,4,35,0
1990,23,2,1,2,0,0,274,3,40,0
1990,39,2,3,0,0,1,174,5,35,0
1990,77,2,3,2,0,0,436,5,20,0
1990,78,1,0,0,0,0,505,3,16,0
1990,66,2,0,0,0,0,95,5,0,0
1990,80,2,1,0,0,0,0,0,0,0
1990,38,1,0,0,0,1,257,0,40,0
1990,32,2,0,0,0,1,276,3,35,0
1990,36,1,0,1,0,1,263,3,40,0
1990,50,2,0,0,0,0,459,5,0,0
1990,50,1,0,0,2,1,23,5,40,1
1990,47,2,0,0,0,1,337,5,16,0
1990,25,1,1,0,0,1,23,5,37,0
1990,23,2,1,0,0,1,459,4,20,0
1990,28,1,0,0,0,1,22,0,45,1
1990,25,2,0,0,0,1,257,1,0,0
1990,32,1,1,0,0,0,785,5,30,0
1990,80,2,3,0,0,0,0,0,0,0
1990,63,1,2,0,0,0,469,5,0,0
1990,22,2,0,0,0,0,313,3,38,0
1990,38,1,0,0,0,1,424,6,40,1
1990,36,2,0,0,0,0,883,1,40,0
1990,43,1,0,1,0,0,575,0,40,0
1990,20,2,1,0,0,1,888,4,72,0
1990,43,1,0,0,0,1,848,2,40,1
1990,43,2,0,0,0,1,0,0,0,0
1990,45,2,2,0,0,0,754,1,40,0
1990,37,2,0,2,1,0,0,0,0,0
1990,39,1,0,2,1,0,889,0,32,0
1990,67,2,3,2,1,0,0,0,0,0
1990,22,1,0,3,0,0,508,1,40,0
1990,22,1,1,3,0,1,418,6,40,0
1990,55,2,3,3,0,0,447,5,40,0
1990,27,1,1,3,0,1,21,5,40,0
1990,23,2,1,3,0,1,276,3,0,0
1990,22,2,1,3,0,1,22,5,40,0
1990,20,2,1,3,0,0,453,3,8,0
1990,27,1,1,3,0,0,885,3,48,0
1990,28,2,1,0,0,1,465,5,0,0
1990,35,2,1,3,0,1,155,5,35,0
1990,77,2,3,0,0,0,0,0,0,0
1990,30,1,1,0,0,0,453,5,40,0
1990,22,2,1,3,0,0,277,3,0,0
1990,55,1,0,3,0,0,453,5,40,0
1990,54,2,0,3,0,0,0,0,0,0
1990,29,1,1,3,0,0,417,0,80,0
1990,24,2,1,3,0,0,889,5,20,0
1990,26,1,1,3,0,0,514,4,40,0
1990,30,1,0,3,0,0,647,1,40,0
1990,34,2,0,3,0,0,653,1,40,0
1990,70,2,0,3,0,0,0,0,0,0
1990,40,1,2,3,0,0,647,3,60,0
1990,25,2,3,3,0,0,0,0,0,0
1990,19,2,1,3,0,0,647,1,0,0
1990,19,1,1,3,0,0,0,0,0,0
1990,18,2,1,3,0,1,274,3,20,0
1990,39,2,0,3,0,1,453,4,0,0
1990,34,1,1,3,0,0,243,3,0,0
1990,24,1,1,3,0,0,866,0,0,0
1990,32,1,1,3,0,0,0,0,0,0
1990,30,1,0,3,0,0,473,0,0,0
1990,29,1,1,0,0,0,307,1,40,0
1990,27,2,2,0,0,0,0,0,0,0
1990,74,1,0,0,0,0,0,0,0,0
1990,74,2,0,0,0,0,0,0,0,0
1990,32,1,0,0,0,0,263,3,60,0
1990,31,2,0,0,0,0,383,4,35,0
1990,52,2,2,3,0,1,447,5,0,0
1990,28,1,1,3,0,0,804,2,40,0
1990,25,2,1,3,0,1,276,3,0,0
1990,62,1,0,0,0,1,253,4,99,0
1990,49,2,0,0,0,1,154,5,40,0
1990,32,1,0,0,0,1,549,6,40,0
1990,36,2,0,0,0,1,243,3,10,0
1990,39,1,0,0,0,0,516,0,60,0
1990,36,2,0,0,0,1,23,0,44,0
1990,45,2,2,0,0,1,337,3,40,0
1990,21,1,1,0,0,1,199,5,20,0
1990,31,1,0,0,0,0,695,2,40,0
1990,25,2,0,0,0,0,313,4,0,0
1990,68,1,0,0,0,0,0,0,0,0
1990,79,2,0,0,0,0,0,0,0,0
1990,55,2,2,0,0,0,365,3,40,0
1990,40,1,2,0,0,0,783,1,98,0
1990,28,2,2,0,0,0,276,3,32,0
1990,55,1,0,0,0,1,533,2,40,0
1990,51,2,0,0,0,0,337,3,0,0
1990,36,1,0,3,0,1,804,0,40,0
1990,32,2,0,3,0,1,344,4,40,0
1990,51,1,0,0,0,0,28,3,10,0
1990,40,2,0,0,0,0,0,0,0,0
1990,43,1,0,0,0,0,243,3,45,0
1990,46,2,0,0,0,1,179,6,40,0
1990,38,1,0,0,0,0,507,1,40,0
1990,34,2,0,2,0,0,0,0,0,0
1990,32,1,0,0,0,1,167,5,40,0
1990,31,2,0,0,0,1,14,5,45,0
1990,35,1,0,3,0,0,869,0,40,0
1990,37,2,0,3,0,0,449,4,40,0
1990,20,1,1,3,0,1,0,0,0,0
1990,19,2,1,3,0,1,0,0,0,0
1990,35,1,0,0,0,1,84,6,60,1
1990,34,2,0,0,0,1,0,0,0,0
1990,71,2,0,3,0,0,0,0,0,0
1990,41,1,1,3,0,1,0,0,0,0
1990,28,2,1,3,0,0,0,0,0,0
1990,40,2,1,3,0,0,804,2,20,0
1990,21,1,1,3,0,0,0,0,0,0
1990,20,2,1,3,0,0,0,0,0,0
1990,19,2,1,3,0,0,0,0,0,0
1990,41,1,1,3,0,0,0,0,0,0
1990,39,1,0,2,0,1,156,5,40,0
1990,29,2,0,0,0,1,22,2,40,0
1990,28,1,2,0,0,1,783,4,50,0
1990,30,2,2,0,0,0,458,4,0,0
1990,52,1,0,0,0,0,22,0,50,1
1990,54,2,0,0,0,1,23,0,37,0
1990,36,2,1,0,0,0,453,4,5,0
1990,64,1,0,0,0,0,0,0,0,0
1990,62,2,0,0,0,0,0,0,0,0
1990,74,2,3,2,0,0,0,0,0,0
1990,65,2,3,0,0,0,0,0,0,0
1990,40,1,1,0,0,0,637,1,40,0
1990,35,1,1,0,0,1,98,5,40,0
1990,21,2,1,2,0,0,435,3,40,0
1990,35,2,2,0,0,0,0,0,0,0
1990,58,1,0,0,0,0,0,0,0,0
1990,46,2,0,0,0,0,22,6,42,0
1990,24,1,1,0,0,1,229,5,42,0
1990,19,1,1,0,0,0,754,3,35,0
1990,25,1,0,2,0,0,589,3,40,0
1990,21,2,0,2,0,0,449,4,0,0
1990,29,2,1,0,0,1,313,5,40,0
1990,34,1,1,2,0,1,185,1,5,0
1990,36,2,1,2,0,1,637,1,40,0
1990,46,2,2,0,0,1,779,1,40,0
1990,34,2,2,0,0,0,208,2,40,0
1990,39,1,0,0,1,0,573,0,20,0
1990,37,2,0,0,1,0,0,0,0,0
1990,20,2,1,0,1,0,319,5,0,0
1990,42,1,1,0,1,0,0,0,0,0
1990,41,1,0,0,0,0,156,5,40,0
1990,37,2,0,0,0,0,203,5,40,0
1990,29,1,0,2,0,0,558,0,40,0
1990,25,2,0,2,0,0,0,0,0,0
1990,64,1,0,1,0,1,0,0,0,0
1990,61,2,0,1,0,0,0,0,0,0
1990,30,1,1,2,0,0,434,3,0,0
1990,54,2,3,0,0,1,5,6,40,0
1990,37,1,0,2,0,1,507,2,40,0
1990,28,2,0,1,0,1,27,1,40,0
1990,46,1,0,0,0,0,243,3,55,0
1990,43,2,0,0,0,0,274,3,20,0
1990,80,2,0,3,0,0,0,0,0,0
1990,42,1,0,0,0,1,166,6,20,0
1990,41,2,0,0,0,1,156,5,40,0
1990,48,1,2,3,3,0,505,4,50,0
1990,50,2,2,0,0,0,436,5,40,0
1990,49,1,0,0,0,1,318,2,30,0
1990,52,2,0,0,0,0,796,1,42,0
1990,62,1,0,0,0,0,308,5,40,0
1990,58,2,0,0,0,0,25,4,40,0
1990,31,1,0,0,0,1,355,2,40,0
1990,23,2,0,0,0,1,406,4,40,0
1990,24,2,1,0,2,1,683,1,40,0
1990,29,2,1,0,0,0,446,5,40,0
1990,58,1,2,0,0,1,547,4,18,0
1990,76,1,0,0,0,0,453,3,0,0
1990,75,2,0,0,0,0,0,0,0,0
1990,41,1,1,0,0,1,453,4,40,0
1990,36,2,3,2,0,0,319,5,40,0
1990,66,1,0,0,0,1,254,4,42,1
1990,62,2,0,0,0,1,0,0,0,0
1990,69,2,3,0,0,0,0,0,0,0
1990,35,1,1,0,0,1,64,5,50,1
1990,21,2,1,0,0,0,276,3,35,0
1990,38,1,0,0,0,1,22,4,70,0
1990,36,2,0,0,0,0,22,4,65,0
1990,27,1,1,2,0,0,354,2,0,0
1990,22,2,1,2,0,1,354,2,20,0
1990,50,1,0,2,0,0,0,0,0,0
1990,26,2,0,2,0,0,0,0,0,0
1990,19,1,1,2,0,0,458,4,40,0
1990,18,2,1,2,0,0,276,3,20,0
1990,43,1,2,0,0,0,417,6,40,0
1990,34,2,0,0,0,1,435,3,40,0
1990,30,1,0,0,0,0,869,0,40,0
1990,42,1,0,0,0,1,803,2,46,0
1990,39,2,0,0,0,0,0,0,0,0
1990,39,1,0,0,0,0,0,0,0,0
1990,40,2,0,2,0,0,17,3,35,0
1990,27,1,0,1,0,1,426,5,40,0
1990,32,2,0,0,0,0,407,4,40,0
1990,47,1,0,0,0,1,243,3,99,0
1990,45,2,0,0,0,1,156,5,99,0
1990,21,2,1,0,0,1,435,5,10,0
1990,45,1,0,0,0,0,22,0,45,0
1990,40,2,0,0,0,0,313,0,30,0
1990,18,1,1,0,0,1,486,0,40,0
1990,39,1,0,3,0,1,154,5,40,1
1990,38,2,0,3,0,1,313,5,0,0
1990,45,1,2,0,0,1,883,2,40,0
1990,28,1,0,0,0,1,26,5,44,0
1990,23,2,0,0,0,1,26,4,44,0
1990,37,2,2,0,0,0,308,6,40,0
1990,44,1,0,2,0,0,417,6,56,0
1990,39,2,0,2,0,0,0,0,0,0
1990,19,2,1,2,0,0,274,3,32,0
1990,70,1,2,0,0,0,77,5,0,0
1990,36,1,0,0,0,1,13,2,60,1
1990,35,2,0,0,0,1,0,0,0,0
1990,44,1,0,0,0,0,243,4,55,0
1990,42,2,0,0,0,1,375,4,40,0
1990,45,1,0,0,0,1,534,1,40,0
1990,41,2,0,0,0,1,14,5,40,0
1990,51,2,0,0,0,0,0,0,0,0
1990,45,1,0,0,0,1,507,0,40,0
1990,43,1,0,0,0,1,253,4,0,0
1990,40,2,0,0,0,1,796,1,40,0
1990,18,1,1,0,0,0,427,4,40,0
1990,37,1,0,0,0,1,213,3,40,0
1990,37,2,0,0,0,1,5,6,40,0
1990,42,2,3,0,0,0,376,4,40,0
1990,78,1,0,0,0,0,0,0,0,0
1990,80,2,0,0,0,0,18,4,20,0
1990,59,1,0,0,0,1,156,5,40,0
1990,63,2,0,0,0,0,22,5,35,0
1990,25,2,1,0,0,1,374,5,15,0
1990,48,1,0,0,0,1,189,4,55,0
1990,39,2,0,0,0,1,375,4,40,0
1990,45,1,0,0,0,1,53,6,40,0
1990,44,2,0,0,0,1,21,5,0,0
1990,20,1,1,0,0,1,387,5,20,0
1990,38,1,2,0,0,0,243,3,42,0
1990,36,1,1,0,0,1,7,5,50,0
1990,39,1,0,0,2,0,804,3,40,0
1990,36,2,0,0,0,0,308,1,40,0
1990,44,1,1,0,0,0,458,3,0,0
1990,36,1,1,0,0,0,588,1,20,0
1990,22,2,2,0,0,0,376,1,40,0
1990,36,1,0,0,0,0,575,0,40,1
1990,31,2,0,0,0,1,274,3,28,0
1990,47,1,0,0,0,1,628,1,46,0
1990,36,2,0,0,0,0,235,1,40,0
1990,18,1,1,0,2,0,444,3,35,0
1990,32,2,2,0,0,0,274,3,38,0
1990,73,1,0,0,0,1,0,0,0,0
1990,73,2,0,0,0,0,379,5,0,0
1990,67,1,0,0,2,0,785,1,32,0
1990,64,2,0,0,0,0,438,3,15,0
1990,65,2,3,0,0,1,466,5,25,0
1990,73,1,0,0,0,0,5,6,40,1
1990,58,2,0,0,0,0,319,5,40,0
1990,23,2,1,0,0,0,785,1,40,0
1990,28,1,2,0,0,0,7,4,60,1
1990,50,1,0,0,2,1,13,5,40,1
1990,39,2,0,0,0,0,318,2,35,0
1990,28,1,2,0,0,1,277,3,30,0
1990,28,1,1,1,2,1,436,3,40,0
1990,41,1,0,2,0,0,757,1,40,0
1990,41,2,0,2,0,0,453,5,24,0
1990,71,1,3,2,0,0,0,0,0,0
1990,30,1,0,2,0,0,734,1,40,0
1990,30,2,0,2,0,1,23,3,40,0
1990,26,1,0,0,0,1,357,4,50,0
1990,22,2,0,0,0,1,339,2,40,0
1990,73,2,2,0,1,0,0,0,0,0
1990,43,1,2,2,0,0,22,5,40,0
1990,18,2,1,2,0,0,385,3,40,0
1990,45,1,0,0,0,0,869,0,40,0
1990,43,2,0,0,0,0,7,4,40,0
1990,19,1,1,0,0,0,804,3,15,0
1990,75,2,3,0,0,1,0,0,0,1
1990,79,2,3,3,3,1,0,0,0,0
1990,40,2,3,0,0,0,379,5,35,0
1990,51,1,0,0,0,1,25,4,40,0
1990,45,2,0,0,2,0,0,0,0,0
1990,20,1,1,0,0,1,773,5,40,0
1990,18,2,1,0,0,0,313,4,30,0
1990,56,1,0,0,0,1,253,4,0,1
1990,57,2,0,0,2,0,274,3,0,0
1990,28,1,1,0,0,1,0,0,0,0
1990,43,2,2,0,0,0,274,5,40,0
1990,32,2,1,0,0,1,104,5,40,0
1990,26,2,1,0,0,1,447,5,40,0
1990,45,2,3,0,0,1,156,5,20,0
1990,68,2,3,0,0,0,29,3,0,0
1990,41,1,2,0,0,1,243,3,40,0
1990,43,2,2,0,0,1,156,5,35,0
1990,56,1,0,0,1,0,567,0,40,0
1990,50,2,0,0,1,1,156,5,35,0
1990,27,1,1,2,0,0,436,3,40,0
1990,40,1,0,0,0,1,254,4,40,0
1990,39,2,0,0,0,1,274,4,20,0
1990,39,1,0,0,0,1,567,0,45,1
1990,47,2,0,0,0,1,159,5,25,0
1990,42,2,2,0,0,1,156,5,40,0
1990,18,2,1,0,0,0,773,5,30,0
1990,79,1,3,0,0,1,0,0,0,0
1990,44,1,0,0,0,1,254,4,45,1
1990,40,2,0,0,0,1,257,4,4,0
1990,56,1,0,0,0,1,5,6,45,1
1990,49,2,0,0,0,1,156,5,50,0
1990,75,2,2,0,0,0,0,0,0,0
1990,75,2,3,0,0,0,0,0,0,0
1990,74,2,1,0,0,1,0,0,0,0
1990,39,1,0,2,0,0,27,6,60,0
1990,39,2,0,2,0,0,797,1,40,0
1990,18,2,1,2,0,1,337,0,20,0
1990,27,1,0,0,0,1,184,4,40,0
1990,37,2,0,0,0,1,95,5,40,0
1990,27,1,1,0,0,1,7,4,50,0
1990,68,2,1,0,0,0,97,5,0,0
1990,63,2,1,0,0,0,206,5,40,0
1990,52,1,0,0,0,1,254,4,50,1
1990,51,2,0,0,0,1,274,3,40,0
1990,22,1,1,0,0,1,434,3,36,0
1990,20,1,1,0,0,1,359,0,50,0
1990,36,1,2,0,0,1,27,2,40,0
1990,68,2,2,0,0,0,0,0,0,0
1990,69,1,0,0,0,1,575,0,0,0
1990,73,2,0,0,0,0,0,0,0,0
1990,63,2,2,0,0,1,254,4,50,0
1990,36,1,1,0,0,0,256,4,40,0
1990,28,2,2,3,0,0,904,6,65,0
1990,49,1,2,0,0,0,444,3,0,0
1990,24,1,1,0,0,0,436,3,40,0
1990,57,2,3,0,1,1,188,5,60,0
1990,29,1,0,3,3,1,23,3,40,0
1990,28,2,0,3,3,1,274,3,40,0
1990,22,1,0,0,0,1,364,3,30,0
1990,22,2,0,0,0,0,277,4,24,0
1990,36,2,2,0,0,0,234,5,40,0
1990,49,1,0,0,0,0,18,4,40,0
1990,46,2,0,0,0,0,877,3,40,0
1990,37,1,0,0,0,1,59,6,40,0
1990,37,2,0,0,0,0,335,3,0,0
1990,26,1,0,1,0,1,22,6,60,0
1990,25,2,0,1,0,1,274,3,32,0
1990,27,2,3,0,0,1,453,3,22,0
1990,77,2,3,0,0,0,0,0,0,0
1990,69,2,1,0,0,0,0,0,0,0
1990,33,2,1,2,0,1,22,2,48,0
1990,33,1,2,0,0,1,523,3,40,0
1990,35,2,2,0,0,1,375,4,40,0
1990,45,1,0,0,0,1,22,6,44,0
1990,44,2,0,0,0,0,313,5,31,0
1990,21,1,1,0,0,1,8,3,31,0
1990,43,1,0,0,0,1,86,6,40,1
1990,42,2,0,0,3,1,83,5,40,0
1990,36,1,0,2,0,0,699,1,40,0
1990,36,2,0,2,0,0,337,5,40,0
1990,28,1,1,3,0,1,869,0,0,0
1990,28,1,1,0,0,1,203,5,60,0
1990,28,1,1,0,0,1,0,0,0,0
1990,25,1,1,3,0,1,163,5,0,0
1990,33,1,1,0,0,1,156,5,28,0
1990,30,2,2,0,2,1,435,2,40,0
1990,30,1,1,0,0,0,734,1,40,0
1990,19,2,1,0,0,1,466,5,4,0
1990,69,2,2,0,0,1,337,0,0,0
1990,58,1,0,0,0,0,364,2,40,0
1990,50,2,0,0,0,0,435,3,40,0
1990,30,1,0,0,0,0,549,1,50,0
1990,37,2,0,0,0,1,313,4,42,0
1990,38,1,0,0,0,1,628,1,48,1
1990,43,2,0,0,0,1,0,0,0,0
1990,18,1,1,0,0,0,878,1,23,0
1990,50,1,0,0,0,0,804,2,70,1
1990,39,2,0,0,0,0,438,3,30,0
1990,19,2,1,0,0,0,276,3,30,0
1990,18,1,1,0,0,0,0,0,0,0
1990,71,2,3,0,0,1,313,4,0,0
1990,35,1,1,0,0,0,909,6,0,0
1990,42,1,0,0,0,1,213,4,45,0
1990,39,2,0,0,0,1,628,1,55,1
1990,69,1,0,0,0,0,628,1,0,0
1990,62,2,0,0,2,0,744,1,0,0
1990,64,1,0,0,0,1,0,0,0,0
1990,59,2,0,0,0,0,0,0,0,0
1990,39,1,0,0,0,1,804,2,50,1
1990,36,2,0,0,0,1,355,2,40,0
1990,77,1,0,0,0,0,0,0,0,0
1990,70,2,0,0,0,0,0,0,0,0
1990,31,1,0,2,0,0,453,5,25,0
1990,30,2,0,0,0,1,156,5,40,0
1990,67,1,0,0,0,1,243,3,0,0
1990,60,2,0,0,0,0,0,0,0,0
1990,46,1,2,2,0,0,779,3,40,0
1990,20,1,0,0,0,0,563,0,40,0
1990,21,2,0,0,0,0,357,2,40,0
1990,52,1,0,0,0,1,227,6,40,1
1990,50,2,0,0,0,0,0,0,0,0
1990,28,2,2,0,0,0,359,6,40,0
1990,34,1,0,2,0,0,804,3,40,0
1990,35,2,0,2,0,0,319,3,38,0
1990,49,2,2,0,0,1,473,0,40,0
1990,36,1,0,0,0,1,869,0,40,0
1990,33,2,0,0,0,1,33,1,40,0
1990,39,1,0,0,0,0,549,4,40,0
1990,55,2,0,2,0,0,313,2,40,0
1990,34,2,2,0,0,0,263,3,40,0
1990,34,1,1,0,0,0,426,4,40,0
1990,39,1,0,0,0,1,856,3,45,0
1990,38,2,0,0,0,1,14,5,30,0
1990,43,2,0,2,0,0,683,1,30,0
1990,30,1,0,2,1,0,584,0,0,0
1990,78,2,0,2,0,0,0,0,0,0
1990,35,1,1,2,0,0,909,6,0,0
1990,37,1,2,2,0,0,453,5,40,0
1990,22,1,1,0,0,0,889,0,0,0
1990,62,2,2,0,0,0,354,2,40,0
1990,63,1,2,2,0,0,753,6,0,0
1990,78,2,3,0,0,0,0,0,0,0
1990,43,2,2,0,0,1,156,5,50,0
1990,46,1,0,0,0,0,243,3,45,0
1990,47,2,0,0,0,0,389,6,40,0
1990,26,1,1,0,0,1,374,5,40,0
1990,49,1,0,2,0,0,597,0,40,0
1990,49,2,0,2,0,0,436,5,40,0
1990,65,1,0,0,0,0,0,0,0,0
1990,67,2,0,0,0,1,0,0,0,0
1990,33,1,0,0,0,0,668,3,30,0
1990,35,2,0,0,0,0,0,0,0,0
1990,41,1,0,3,0,0,783,1,40,0
1990,38,2,0,3,0,0,0,0,0,0
1990,18,2,1,3,0,0,467,5,15,0
1990,47,2,2,3,0,1,156,5,40,0
1990,22,1,1,3,0,0,0,0,0,0
1990,21,2,1,3,0,0,264,3,25,0
1990,35,2,1,0,0,1,243,3,25,0
1990,40,1,1,3,0,1,188,5,10,0
1990,47,2,2,1,0,1,319,4,24,0
1990,40,1,2,0,0,1,213,5,40,0
1990,36,2,1,0,0,1,84,0,40,0
1990,37,2,1,0,0,1,156,5,40,0
1990,56,2,3,0,0,0,274,3,40,0
1990,67,1,0,2,0,0,0,0,0,0
1990,64,2,0,2,0,0,0,0,0,0
1990,38,2,1,2,0,0,436,3,35,0
1990,40,1,0,0,0,0,423,6,99,0
1990,41,2,0,0,0,0,449,4,25,0
1990,48,2,0,0,0,0,573,0,32,0
1990,45,1,0,0,0,1,573,0,40,0
1990,27,2,3,0,0,1,208,5,0,0
1990,29,1,0,0,0,1,869,0,40,0
1990,28,2,0,0,0,0,466,5,0,0
1990,56,1,0,0,0,0,804,2,24,0
1990,55,2,0,0,0,0,435,3,0,0
1990,47,2,2,0,0,1,336,6,10,0
1990,29,1,0,0,0,0,844,0,40,0
1990,28,2,0,0,0,0,808,2,10,0
1990,34,1,2,2,0,1,686,3,40,0
1990,58,1,0,1,0,1,9,4,50,1
1990,56,2,0,1,0,0,159,5,37,0
1990,58,1,0,0,0,0,216,5,40,0
1990,50,2,0,0,0,0,17,3,60,0
1990,51,2,3,0,0,1,22,5,40,1
1990,30,1,2,3,0,1,69,5,40,0
1990,21,2,1,0,0,1,216,5,40,0
1990,43,1,0,0,0,1,235,5,40,1
1990,43,2,0,0,0,1,385,5,20,0
1990,47,1,2,0,0,1,22,5,40,0
1990,36,1,0,0,0,1,35,0,40,0
1990,36,2,0,0,0,0,259,1,40,0
1990,38,2,2,3,0,1,174,0,40,0
1990,64,1,0,0,0,0,0,0,0,0
1990,61,2,0,0,0,1,377,6,0,0
1990,47,1,2,0,0,1,22,1,20,1
1990,45,1,0,0,0,1,59,5,45,1
1990,37,2,0,0,0,1,65,5,0,0
1990,49,1,0,2,0,1,0,0,0,0
1990,39,2,0,2,0,0,234,6,40,0
1990,39,1,0,2,0,0,453,6,40,0
1990,32,2,0,2,0,0,274,3,20,0
1990,23,1,0,0,1,0,436,3,40,0
1990,27,2,0,0,0,0,435,3,35,0
1990,23,1,1,2,0,0,436,3,25,0
1990,31,1,0,0,0,0,473,0,58,0
1990,29,2,0,0,0,1,0,0,0,0
1990,70,1,0,0,0,1,0,0,0,0
1990,68,2,0,0,0,1,167,5,40,1
1990,43,2,2,0,0,1,14,5,20,0
1990,29,2,1,0,0,1,379,5,25,0
1990,78,1,0,0,1,0,0,0,0,0
1990,79,2,0,0,0,1,0,0,0,0
1990,38,1,2,0,0,1,436,3,0,0
1990,40,2,2,0,0,1,7,4,45,0
1990,52,1,3,0,0,1,0,0,0,0
1990,78,2,3,0,0,1,0,0,0,0
1990,42,1,2,0,0,0,567,3,40,0
1990,20,2,1,0,0,1,276,3,21,0
1990,53,1,0,0,0,1,303,6,40,1
1990,53,2,0,0,0,0,243,3,0,0
1990,37,1,0,0,0,1,65,6,40,0
1990,31,2,0,0,0,1,229,4,40,0
1990,43,1,0,2,1,1,95,5,0,0
1990,40,2,0,2,1,1,156,5,0,0
1990,49,2,3,0,0,1,22,1,60,1
1990,72,2,3,0,0,0,0,0,0,0
1990,63,1,3,0,0,0,0,0,0,0
1990,24,1,1,0,0,1,785,3,30,0
1990,69,2,3,3,0,0,0,0,0,0
1990,31,1,1,2,0,0,415,4,84,0
1990,39,1,2,0,0,0,0,0,0,0
1990,38,1,2,0,0,1,783,2,40,0
1990,30,1,2,0,0,0,823,2,48,0
1990,41,1,0,0,0,0,824,2,21,1
1990,40,2,0,0,0,1,308,2,21,0
1990,37,1,3,0,0,1,63,5,45,0
1990,75,1,0,0,0,0,426,4,40,0
1990,74,2,0,0,0,0,458,4,20,0
1990,33,2,2,2,0,1,156,5,40,0
1990,30,1,0,0,0,1,418,6,50,0
1990,27,2,0,0,2,0,0,0,0,0
1990,41,1,1,0,0,0,889,5,40,0
1990,25,1,0,0,0,1,785,1,40,0
1990,22,2,0,0,0,0,344,4,40,0
1990,72,2,0,0,0,0,0,0,0,0
1990,51,1,0,3,0,0,303,6,40,0
1990,51,2,0,3,0,0,0,0,0,0
1990,26,2,1,3,0,1,385,5,40,0
1990,27,1,1,3,0,0,675,0,32,0
1990,65,2,1,3,0,0,0,0,0,0
1990,52,1,0,0,0,1,243,3,50,0
1990,49,2,0,0,0,1,14,5,40,0
1990,44,1,2,0,0,1,213,6,40,0
1990,37,2,2,0,2,1,21,5,50,0
1990,42,1,2,0,0,1,17,4,70,0
1990,59,2,2,0,0,1,389,6,80,0
1990,20,1,1,0,0,1,443,3,40,0
1990,76,2,3,0,0,0,0,0,0,0
1990,74,2,3,2,0,0,0,0,0,0
1990,48,2,2,2,0,1,156,5,35,0
1990,78,2,3,0,0,1,0,0,0,0
1990,54,1,0,0,0,1,389,5,40,0
1990,43,2,0,0,0,0,274,3,40,0
1990,27,1,0,0,0,0,17,3,70,0
1990,25,2,0,0,0,1,487,0,0,0
1990,40,1,0,2,0,1,505,4,24,0
1990,39,2,0,2,0,1,458,4,50,0
1990,19,2,1,2,0,0,22,1,40,0
1990,66,1,0,0,0,1,808,5,0,0
1990,59,2,0,0,0,0,16,2,40,0
1990,40,2,2,3,0,1,243,3,60,0
1990,60,1,0,0,0,0,317,4,0,0
1990,48,2,0,0,0,0,22,4,40,0
1990,29,2,1,0,0,1,234,5,30,0
1990,61,1,0,0,0,0,473,0,0,0
1990,60,2,0,0,0,0,449,4,0,0
1990,26,1,2,2,0,0,869,0,0,0
1990,26,2,1,2,0,0,449,4,0,0
1990,71,1,0,0,0,0,0,0,0,0
1990,54,2,0,0,0,0,447,5,40,0
1990,24,2,1,0,0,1,276,3,36,0
1990,23,1,1,0,0,0,417,0,40,0
1990,48,1,0,2,0,1,844,0,0,0
1990,43,2,0,2,0,0,447,5,40,0
1990,22,1,1,2,0,1,785,1,40,0
1990,19,1,1,2,0,1,575,0,40,0
1990,67,2,3,0,0,0,387,5,0,0
1990,43,2,1,0,0,0,22,6,40,0
1990,59,1,0,0,0,0,696,0,40,0
1990,62,2,0,0,0,0,0,0,0,0
1990,23,1,1,0,0,1,243,5,54,0
1990,52,1,0,0,0,0,577,2,40,0
1990,49,2,0,0,0,0,319,4,15,0
1990,24,2,1,0,0,1,95,5,70,0
1990,20,1,1,0,0,0,867,5,40,0
1990,47,2,2,0,0,1,185,3,40,0
1990,20,2,1,0,0,0,277,3,15,0
1990,63,1,2,2,0,0,668,4,0,0
1990,63,1,0,0,0,0,0,0,0,0
1990,65,2,0,0,0,0,25,4,0,0
1990,79,2,0,0,0,0,0,0,0,0
1990,34,1,0,0,0,0,777,1,40,0
1990,32,2,0,0,0,0,458,4,20,0
1990,36,1,0,0,0,0,0,0,0,0
1990,33,2,0,0,0,0,777,3,40,0
1990,28,1,0,2,1,0,617,0,40,0
1990,23,2,0,2,0,0,0,0,0,0
1990,31,1,3,0,0,1,22,4,56,0
1990,25,1,0,0,0,1,507,4,60,0
1990,30,2,0,0,0,1,316,4,40,0
1990,75,1,3,0,0,0,0,0,0,0
1990,54,2,3,2,0,0,436,3,60,0
1990,75,2,3,0,0,1,0,0,0,0
1990,69,1,3,0,0,0,359,3,36,0
1990,73,2,3,0,0,0,0,0,0,0
1990,20,2,1,2,0,0,276,3,40,0
1990,54,1,0,2,1,0,479,0,40,0
1990,55,2,0,2,1,0,0,0,0,0
1990,27,2,1,2,1,0,435,3,40,0
1990,23,1,1,2,1,0,844,0,40,0
1990,21,2,1,2,1,0,436,3,40,0
1990,20,2,1,2,1,0,436,5,40,0
1990,18,2,1,2,1,0,453,5,0,0
1990,44,2,2,1,0,1,267,3,15,0
1990,58,1,0,0,0,1,503,2,0,0
1990,57,2,0,3,3,1,435,3,39,0
1990,47,2,1,0,0,1,14,5,40,0
1990,76,2,3,0,0,0,0,0,0,0
1990,52,1,2,0,0,0,269,3,46,0
1990,51,1,0,0,2,1,447,5,48,1
1990,49,2,0,0,2,1,0,0,0,0
1990,45,1,0,0,0,1,379,6,40,0
1990,40,2,0,0,0,1,207,5,40,0
1990,19,2,1,0,0,1,447,5,35,0
1990,23,2,0,0,0,0,447,5,0,0
1990,24,1,0,0,0,0,479,0,60,0
1990,55,1,0,0,0,0,555,2,50,0
1990,54,2,0,0,0,0,383,4,99,0
1990,30,1,2,0,0,0,274,3,99,0
1990,20,1,1,0,0,1,357,3,20,0
1990,19,1,1,0,0,0,198,2,36,0
1990,23,2,1,2,1,1,323,5,14,0
1990,70,2,2,0,0,0,438,3,0,0
1990,43,1,0,0,0,0,474,0,10,0
1990,37,2,0,0,0,0,479,0,30,0
1990,30,1,2,0,0,1,366,2,40,0
1990,26,2,2,0,0,0,736,1,40,0
1990,22,1,1,0,0,0,523,6,42,0
1990,26,1,0,0,0,0,515,6,40,0
1990,26,2,0,0,0,1,256,2,20,0
1990,67,1,0,0,0,0,475,0,60,0
1990,59,2,0,0,0,0,517,0,40,0
1990,47,1,3,0,0,0,804,2,60,0
1990,53,1,0,0,0,0,804,1,52,0
1990,52,2,0,0,0,0,16,2,24,0
1990,78,2,3,0,0,0,0,0,0,0
1990,41,1,0,0,0,0,479,0,45,0
1990,36,2,0,0,0,1,276,3,35,0
1990,37,1,0,0,0,1,36,6,40,0
1990,31,2,0,0,0,0,276,3,0,0
1990,77,1,0,0,0,0,0,0,0,0
1990,78,2,0,0,0,0,444,5,17,0
1990,59,1,0,0,0,1,426,6,0,0
1990,60,2,0,0,0,0,0,0,0,0
1990,28,1,0,0,0,1,157,5,50,0
1990,27,2,0,0,0,1,156,5,40,0
1990,68,1,0,0,0,0,0,0,0,0
1990,61,2,0,0,0,0,407,4,20,0
1990,48,2,3,0,0,0,435,3,40,0
1990,35,1,0,0,1,1,516,6,40,0
1990,30,2,0,0,1,0,744,1,40,0
1990,22,1,0,0,0,1,337,4,99,0
1990,21,2,0,0,0,1,316,4,40,0
1990,20,1,1,0,0,1,159,5,20,0
1990,70,1,0,0,0,0,337,3,40,0
1990,63,2,0,0,0,0,0,0,0,0
1990,68,2,3,0,0,0,0,0,0,0
1990,30,1,0,2,1,1,785,1,40,0
1990,27,2,0,2,0,0,0,0,0,0
1990,47,1,0,0,0,1,526,4,40,0
1990,43,2,0,0,0,1,313,2,40,0
1990,21,2,1,0,0,1,427,5,28,0
1990,56,1,0,0,1,0,614,0,56,0
1990,55,2,0,0,1,0,0,0,0,0
1990,29,1,0,0,1,0,783,0,40,0
1990,28,2,0,0,0,0,744,1,40,0
1990,26,1,1,0,1,0,616,0,84,0
1990,18,2,1,0,0,0,379,5,20,0
1990,58,1,0,0,0,0,259,3,0,0
1990,58,2,0,0,0,0,379,4,30,0
1990,24,1,0,0,0,1,579,4,40,0
1990,26,2,0,0,0,1,23,5,55,0
1990,32,1,0,2,0,0,699,0,40,0
1990,32,2,0,2,0,0,466,5,35,0
1990,38,1,0,0,0,1,156,5,40,1
1990,41,2,0,0,0,1,313,5,0,0
1990,20,2,1,0,1,0,579,5,48,0
1990,44,1,0,0,0,1,375,4,40,1
1990,42,2,0,0,0,1,379,6,40,0
1990,18,1,1,0,0,0,0,0,0,0
1990,73,2,3,0,0,0,0,0,0,0
1990,78,2,3,0,0,0,0,0,0,0
1990,65,1,0,0,0,0,243,3,40,0
1990,67,2,0,0,0,1,25,4,0,0
1990,76,2,3,2,0,0,0,0,0,0
1990,44,1,1,2,0,0,0,0,0,0
1990,48,1,0,0,0,0,549,3,40,0
1990,46,2,0,0,0,0,649,3,40,0
1990,73,2,2,0,0,0,0,0,0,0
1990,51,1,0,0,1,0,507,4,40,0
1990,48,2,0,0,1,0,447,5,0,0
1990,25,1,0,2,0,1,424,6,40,0
1990,23,2,0,2,0,1,216,0,40,0
1990,32,1,0,0,0,0,585,0,40,0
1990,31,2,0,0,0,0,337,3,30,0
1990,60,2,3,0,0,1,274,3,40,0
1990,36,2,2,0,0,1,0,0,0,0
1990,59,2,2,0,0,1,0,0,0,0
1990,57,2,3,0,0,0,808,5,7,0
1990,22,2,1,0,0,1,95,5,40,0
1990,23,1,1,1,0,0,453,4,0,0
1990,48,1,1,0,0,0,563,0,0,0
1990,51,1,0,0,0,1,473,0,45,1
1990,45,2,0,0,0,1,156,5,40,0
1990,19,1,1,0,0,1,365,3,40,0
1990,19,2,1,0,0,1,315,0,20,0
1990,41,2,2,0,0,0,426,4,0,0
1990,36,1,0,0,1,0,496,1,40,0
1990,30,2,0,3,0,0,0,0,0,0
1990,44,1,0,0,0,1,213,1,40,0
1990,39,2,0,0,0,0,804,3,45,0
1990,44,1,0,0,0,1,22,0,40,0
1990,40,2,0,0,0,1,17,5,37,0
1990,18,2,1,0,0,1,234,3,20,0
1990,58,1,0,0,0,1,555,6,40,0
1990,58,2,0,0,0,1,203,5,12,0
1990,40,1,0,0,0,1,637,4,40,0
1990,39,2,0,0,0,0,385,4,40,0
1990,46,1,0,0,0,1,263,3,40,0
1990,41,2,0,0,0,1,0,0,0,0
1990,37,1,0,0,0,0,558,0,40,0
1990,35,2,0,0,1,0,365,1,40,0
1990,69,1,0,0,0,0,0,0,0,0
1990,68,2,0,0,0,0,0,0,0,0
1990,27,1,1,0,0,1,213,4,40,0
1990,59,2,3,0,0,0,449,4,48,0
1990,72,2,3,0,0,0,0,0,0,0
1990,41,1,0,0,1,0,505,4,50,0
1990,42,2,0,2,0,0,339,5,40,0
1990,22,1,1,2,0,1,453,5,40,0
1990,18,1,1,2,0,0,877,3,23,0
1990,29,2,2,0,0,0,909,6,0,0
1990,40,1,0,2,0,1,156,5,30,0
1990,39,2,0,2,0,0,156,5,30,0
1990,65,2,3,0,2,0,407,4,34,0
1990,24,1,0,0,0,1,508,6,50,0
1990,29,2,0,0,0,0,457,4,25,0
1990,31,1,2,0,0,0,473,0,70,0
1990,69,2,3,0,0,1,95,5,0,0
1990,35,1,3,0,0,1,766,1,40,0
1990,60,1,0,0,0,0,904,6,40,0
1990,67,2,0,0,0,1,254,4,40,0
1990,50,2,1,0,0,1,407,4,6,0
1990,57,1,0,0,0,0,869,0,0,0
1990,52,2,0,0,0,0,317,4,0,0
1990,53,1,0,0,0,1,479,0,60,0
1990,50,2,0,0,0,1,389,6,45,0
1990,49,2,3,0,1,0,449,4,16,0
1990,78,1,0,0,0,0,0,0,0,0
1990,65,2,0,0,0,0,0,0,0,0
1990,31,2,1,0,0,0,17,4,45,0
1990,26,2,1,0,0,0,449,4,35,0
1990,52,2,3,0,0,0,0,0,0,0
1990,30,2,1,0,0,0,423,6,40,0
1990,68,2,0,0,0,1,0,0,0,0
1990,60,1,1,0,0,1,159,5,40,0
1990,39,1,0,0,0,0,0,0,0,0
1990,40,2,0,0,0,0,695,2,40,0
1990,62,2,2,0,0,0,243,3,0,0
1990,67,1,3,0,0,0,274,3,0,0
1990,33,1,0,3,0,1,804,1,0,0
1990,29,2,0,2,1,1,0,0,0,0
1990,77,1,0,0,0,0,0,0,0,0
1990,67,2,0,0,0,0,0,0,0,0
1990,46,1,0,0,0,1,505,4,40,0
1990,43,2,0,0,0,1,21,5,0,0
1990,36,1,0,0,0,1,473,0,18,0
1990,38,2,0,0,1,1,178,6,40,0
1990,32,1,2,0,0,0,567,1,40,0
1990,70,1,0,0,0,0,0,0,0,0
1990,70,2,0,0,0,0,0,0,0,0
1990,44,1,2,0,0,1,599,0,99,0
1990,18,1,1,0,0,0,804,3,15,0
1990,71,1,0,0,0,1,0,0,0,0
1990,75,2,0,0,0,1,0,0,0,0
1990,33,1,0,0,0,1,417,6,72,0
1990,32,2,0,0,0,1,207,5,24,0
1990,56,1,0,0,0,0,653,0,50,0
1990,49,2,0,0,0,1,157,5,40,0
1990,40,1,0,3,0,0,444,4,0,0
1990,36,2,0,3,0,0,449,4,0,0
1990,65,1,0,0,0,1,0,0,0,0
1990,53,2,0,0,0,1,0,0,0,0
1990,44,1,0,0,0,1,469,4,0,0
1990,39,2,0,0,0,1,889,4,40,0
1990,62,1,0,0,0,0,0,0,0,0
1990,68,2,0,0,0,0,0,0,0,0
1990,70,2,0,0,0,0,0,0,0,0
1990,65,1,0,0,0,0,0,0,0,0
1990,64,2,0,0,0,0,0,0,0,0
1990,33,1,0,0,0,0,804,0,40,0
1990,22,2,0,0,0,0,22,3,40,0
1990,76,1,0,0,0,0,628,0,40,0
1990,73,2,0,0,0,0,0,0,0,0
1990,71,2,3,0,0,0,0,0,0,0
1990,41,1,0,0,0,1,55,6,44,0
1990,35,2,0,0,0,1,337,0,15,0
1990,30,1,0,0,0,0,208,5,40,0
1990,33,2,0,0,0,0,337,5,39,0
1990,45,1,0,0,1,1,853,0,40,0
1990,35,2,0,0,0,0,466,5,45,0
1990,32,1,0,0,0,0,866,0,40,0
1990,25,2,0,0,0,0,203,5,52,0
1990,58,2,3,0,0,0,435,3,52,0
1990,20,2,1,0,0,1,315,5,30,0
1990,53,1,0,0,0,0,268,3,40,0
1990,52,2,0,0,0,0,889,1,48,0
1990,21,1,2,2,0,0,575,0,40,0
1990,40,2,1,0,0,1,156,5,40,0
1990,25,2,1,0,0,1,156,5,40,0
1990,56,1,0,0,0,1,549,5,40,0
1990,40,2,0,0,0,1,207,5,40,0
1990,27,1,1,0,0,1,59,4,40,1
1990,22,2,1,0,1,1,0,0,0,0
1990,22,2,1,0,1,1,0,0,0,0
1990,23,2,1,0,1,1,0,0,0,0
1990,20,2,1,0,0,1,877,1,60,0
1990,19,2,1,0,0,1,435,3,0,0
1990,53,2,2,0,0,1,5,6,40,0
1990,23,1,1,0,0,1,435,3,30,0
1990,32,1,1,0,0,1,55,0,40,1
1990,52,1,0,0,0,0,176,5,30,0
1990,55,2,0,0,0,0,0,0,0,0
1990,24,1,1,0,0,1,274,3,30,0
1990,56,2,0,0,0,1,156,5,0,0
1990,70,1,0,0,0,1,22,1,40,1
1990,35,2,0,0,0,1,208,6,40,0
1990,35,1,0,0,0,1,5,6,32,0
1990,23,1,0,0,0,1,243,3,40,0
1990,24,2,0,0,0,1,267,3,25,0
1990,74,2,3,0,0,0,0,0,0,0
1990,29,1,0,0,0,1,339,2,40,0
1990,28,2,0,0,0,0,274,3,35,0
1990,51,2,3,0,0,1,0,0,0,0
1990,32,1,0,0,3,1,154,5,20,0
1990,37,2,0,0,0,1,95,5,46,0
1990,40,1,0,0,0,1,549,6,40,0
1990,41,2,0,0,0,1,14,5,40,0
1990,27,1,3,0,0,0,444,3,26,0
1990,39,2,0,0,0,0,337,3,8,0
1990,48,1,0,0,0,1,253,4,40,0
1990,19,1,1,0,0,0,885,3,20,0
1990,63,1,0,0,0,0,453,4,40,0
1990,63,2,0,0,1,0,0,0,0,0
1990,38,1,0,0,1,0,804,3,40,0
1990,37,2,0,0,0,0,385,5,60,0
1990,40,1,0,0,1,0,567,0,40,0
1990,40,2,0,0,1,0,909,6,0,0
1990,37,1,0,1,0,1,213,6,45,0
1990,30,2,0,0,0,1,389,6,45,0
1990,26,1,0,2,0,0,22,3,40,0
1990,30,2,0,0,2,0,243,3,45,0
1990,59,1,0,0,0,0,253,4,40,0
1990,56,2,0,0,0,0,0,0,0,0
1990,67,2,3,3,3,0,0,0,0,0
1990,73,1,0,0,0,1,22,1,0,0
1990,67,2,0,0,0,1,0,0,0,0
1990,44,1,0,0,1,0,628,1,40,0
1990,42,2,0,0,1,0,447,5,40,0
1990,18,1,1,0,0,0,0,0,0,0
1990,55,1,0,0,0,1,274,3,20,0
1990,35,2,0,0,1,0,0,0,0,0
1990,32,1,0,0,1,1,804,3,40,0
1990,26,2,0,0,1,1,889,1,0,0
1990,28,1,0,0,1,0,754,1,44,0
1990,25,2,0,0,1,0,0,0,0,0
1990,63,1,0,0,0,0,0,0,0,0
1990,64,2,0,0,2,0,0,0,0,0
1990,76,1,0,0,0,1,285,4,20,0
1990,77,2,0,0,0,1,0,0,0,0
1990,74,1,0,0,0,0,0,0,0,0
1990,67,2,0,0,0,0,0,0,0,0
1990,31,1,0,0,0,0,365,6,43,0
1990,24,2,0,0,0,0,376,3,0,0
1990,40,1,0,0,0,0,869,0,40,0
1990,34,2,0,0,0,1,7,4,40,0
1990,36,2,0,0,0,0,0,0,0,0
1990,39,1,0,0,0,0,855,0,40,0
1990,19,2,1,0,0,0,435,3,50,0
1990,25,1,1,0,0,1,844,0,40,0
1990,26,2,2,0,0,1,23,4,40,0
1990,37,1,0,0,0,1,218,0,50,0
1990,36,2,0,0,0,1,0,0,0,0
1990,31,2,3,3,0,1,206,5,40,0
1990,44,1,0,0,0,1,213,0,50,1
1990,44,2,0,0,0,1,143,5,40,0
1990,48,1,0,0,0,1,22,5,50,1
1990,52,2,0,0,0,1,156,5,40,0
1990,34,1,0,0,0,1,617,0,99,0
1990,32,2,0,0,0,1,467,5,20,0
1990,33,1,0,0,0,0,453,0,40,0
1990,32,2,0,0,0,0,0,0,0,0
1990,40,1,0,0,0,1,616,0,51,0
1990,34,2,0,0,0,0,0,0,0,0
1990,34,1,0,0,0,1,616,0,40,0
1990,34,2,0,0,0,1,155,5,35,0
1990,24,1,1,0,0,1,549,0,40,0
1990,58,1,0,3,0,0,844,0,48,0
1990,54,2,0,3,0,0,0,0,0,0
1990,18,1,1,3,0,0,0,0,0,0
1990,20,2,1,3,0,0,313,6,40,0
1990,21,1,1,3,0,0,883,1,50,0
1990,60,1,2,0,0,0,517,4,70,0
1990,63,1,2,0,0,0,243,3,55,0
1990,31,1,1,0,0,0,438,3,40,0
1990,29,1,0,0,0,0,459,5,40,0
1990,24,2,0,0,0,1,443,5,40,0
1990,25,1,0,0,0,0,806,3,60,0
1990,26,2,0,0,0,0,276,3,45,0
1990,32,1,1,0,0,1,218,0,40,0
1990,29,1,0,0,0,1,75,0,50,0
1990,27,2,0,0,2,1,75,0,40,0
1990,51,1,0,0,0,0,475,0,40,0
1990,50,2,0,0,0,0,313,5,40,0
1990,32,1,0,0,0,1,628,0,80,0
1990,33,2,0,0,0,1,21,5,0,0
1990,37,1,0,0,0,0,516,0,45,0
1990,34,2,0,0,0,0,616,0,40,0
1990,38,1,0,0,0,0,22,2,60,0
1990,39,2,0,0,0,0,433,3,40,0
1990,20,1,1,0,0,0,804,2,40,0
1990,18,2,1,0,0,0,438,3,40,0
1990,30,1,0,0,0,0,424,6,40,0
1990,31,2,0,0,0,1,0,0,0,0
1990,33,1,2,0,0,1,424,6,52,0
1990,38,1,2,0,0,0,616,0,48,0
1990,38,1,0,0,0,0,613,0,50,0
1990,37,2,0,0,0,1,336,5,35,0
1990,36,1,1,1,0,0,417,6,0,0
1990,46,1,3,0,0,1,156,5,45,0
1990,78,1,0,0,0,0,0,0,0,0
1990,70,2,0,0,0,1,5,6,0,0
1990,70,1,3,0,0,0,0,0,0,0
1990,68,1,2,0,0,0,0,0,0,0
1990,55,1,0,0,0,0,804,3,40,0
1990,50,2,0,0,0,0,785,1,0,0
1990,77,2,3,0,0,0,0,0,0,0
1990,30,2,2,0,0,0,467,5,40,0
1990,33,1,2,0,0,0,616,0,40,0
1990,25,1,0,0,0,1,337,0,20,0
1990,25,2,0,0,0,1,319,2,40,0
1990,58,1,0,0,0,0,235,4,40,0
1990,51,2,0,0,0,0,436,5,28,0
1990,25,1,0,0,0,0,579,5,40,0
1990,26,2,0,0,0,0,276,3,0,0
1990,21,1,1,0,0,0,0,0,0,0
1990,18,2,1,1,0,0,453,6,30,0
1990,72,2,3,0,0,0,17,4,0,0
1990,30,1,0,0,0,0,855,0,40,0
1990,33,2,0,0,0,0,436,3,40,0
1990,76,2,3,0,0,0,434,3,40,0
1990,48,1,0,0,0,1,254,4,48,1
1990,48,2,0,0,0,1,379,5,32,0
1990,34,1,1,0,0,1,616,0,0,0
1990,41,1,0,0,0,1,86,0,55,1
1990,41,2,0,0,0,1,0,0,0,0
1990,20,2,1,0,0,1,467,5,10,0
1990,51,1,0,0,0,0,516,0,40,0
1990,50,2,0,0,0,0,0,0,0,0
1990,33,1,0,0,2,1,22,0,45,0
1990,27,2,0,0,0,1,22,5,30,0
1990,30,1,0,2,1,0,479,0,50,0
1990,27,2,0,2,1,0,0,0,0,0
1990,34,1,0,3,0,0,567,0,40,0
1990,30,2,0,3,0,0,795,3,20,0
1990,39,1,0,0,0,1,695,2,40,1
1990,34,2,0,0,0,0,0,0,0,0
1990,46,1,0,0,0,1,459,5,40,0
1990,39,2,0,0,0,1,459,5,40,0
1990,38,1,0,0,1,1,479,0,0,0
1990,36,2,0,0,1,0,469,5,40,0
1990,68,2,2,0,0,0,274,3,40,0
1990,36,1,2,0,0,1,573,0,40,0
1990,73,1,3,0,0,0,0,0,0,0
1990,71,1,0,0,0,1,35,6,0,0
1990,70,2,0,0,0,1,0,0,0,0
1990,40,1,0,0,0,1,869,0,43,1
1990,36,2,0,0,0,1,0,0,0,0
1990,76,1,3,0,0,1,22,2,60,0
1990,62,2,2,0,0,0,436,3,40,0
1990,38,1,0,0,0,0,573,0,99,0
1990,38,2,0,0,0,1,22,0,40,0
1990,32,1,0,0,0,1,259,3,43,0
1990,32,2,0,0,0,1,337,3,0,0
1990,29,2,1,1,0,0,0,0,0,0
1990,35,2,3,1,0,0,317,4,40,0
1990,36,1,0,1,0,1,316,4,0,0
1990,34,2,0,1,0,0,686,3,0,0
1990,57,2,1,0,0,1,0,0,0,0
1990,23,1,0,0,0,0,567,0,45,0
1990,23,2,0,0,0,0,453,3,0,0
1990,56,1,0,0,0,0,0,0,0,0
1990,51,2,0,0,0,0,27,4,40,0
1990,39,2,3,0,0,0,0,0,0,0
1990,18,2,1,0,0,0,276,3,30,0
1990,24,1,1,2,1,1,869,0,25,0
1990,21,1,1,2,1,0,889,4,25,0
1990,22,2,1,2,1,0,0,0,0,0
1990,38,1,0,1,0,1,426,4,40,0
1990,30,2,0,0,0,0,0,0,0,0
1990,30,2,3,1,0,0,449,5,40,0
1990,34,1,3,1,0,0,276,3,35,0
1990,28,1,0,0,0,0,436,4,40,0
1990,28,2,0,0,0,0,0,0,0,0
1990,37,1,0,3,0,1,418,6,40,0
1990,49,2,0,3,0,1,0,0,0,0
1990,23,1,0,0,0,0,515,6,40,0
1990,22,2,0,3,0,0,313,2,0,0
1990,31,1,1,0,0,0,567,0,40,0
1990,43,1,3,0,0,1,226,6,48,0
1990,42,1,0,0,0,1,844,0,40,0
1990,33,2,0,0,0,0,443,5,40,0
1990,34,1,0,1,0,1,379,6,42,0
1990,30,2,0,1,0,1,313,6,40,0
1990,42,1,0,2,1,0,449,5,40,0
1990,38,2,0,2,1,0,747,4,40,0
1990,19,2,1,2,0,0,469,3,35,0
1990,40,1,0,3,3,1,17,3,50,0
1990,37,2,0,3,0,0,433,3,30,0
1990,20,1,1,1,0,0,436,3,40,0
1990,62,1,0,0,0,0,426,4,0,0
1990,64,2,0,0,0,0,0,0,0,0
1990,29,1,1,0,0,0,426,4,0,0
1990,68,1,1,0,0,0,0,0,0,0
1990,22,1,3,0,3,1,426,6,70,0
1990,32,1,0,0,0,1,426,6,60,0
1990,35,2,0,0,0,1,317,4,0,0
1990,30,1,0,0,0,1,308,6,60,0
1990,27,2,0,3,3,0,0,0,0,0
1990,51,2,0,0,0,0,808,5,40,0
1990,43,1,0,0,0,0,567,0,40,0
1990,23,2,2,0,0,0,276,4,40,0
1990,54,2,3,0,0,0,0,0,0,0
1990,28,1,2,0,0,0,567,0,99,0
1990,32,2,2,0,0,0,458,4,99,0
1990,40,1,0,0,0,1,95,5,40,0
1990,40,2,0,0,0,1,156,5,10,0
1990,29,1,0,0,0,0,505,4,40,0
1990,32,2,0,0,0,1,156,5,30,0
1990,33,1,1,0,0,1,447,5,42,0
1990,19,1,1,0,0,0,804,3,40,0
1990,37,2,0,0,0,1,7,3,50,0
1990,33,1,0,0,0,0,567,3,65,1
1990,43,2,2,0,0,1,21,5,40,0
1990,73,2,3,0,0,0,458,4,55,0
1990,33,2,2,0,0,0,307,4,40,0
1990,25,1,0,0,1,0,573,0,50,0
1990,26,2,0,0,1,0,449,4,0,0
1990,27,1,1,0,1,0,573,0,50,0
1990,18,1,1,0,1,0,573,0,50,0
1990,20,1,1,0,1,0,573,0,50,0
1990,33,1,0,0,0,0,793,4,40,0
1990,24,2,0,0,0,0,276,3,0,0
1990,42,1,0,0,0,1,22,0,55,1
1990,39,2,0,0,0,1,337,0,5,0
1990,34,1,0,2,0,1,418,6,99,0
1990,38,2,0,2,0,0,877,3,99,0
1990,51,1,0,0,0,1,269,3,60,1
1990,50,2,0,0,1,1,308,4,40,0
1990,28,1,3,0,0,0,804,0,40,0
1990,28,2,1,0,1,1,274,3,25,0
1990,44,1,0,0,0,1,585,0,90,0
1990,46,2,0,0,0,0,29,3,40,0
1990,69,1,0,0,0,1,243,3,0,0
1990,58,2,0,0,0,1,276,3,0,0
1990,44,1,0,0,0,1,459,5,40,0
1990,37,2,0,0,0,0,276,5,32,0
1990,19,2,1,0,0,0,27,3,40,0
1990,33,1,1,0,0,1,15,5,40,0
1990,61,2,3,0,0,0,316,4,40,0
1990,42,1,2,0,0,0,505,3,40,0
1990,41,1,1,0,0,0,459,5,40,0
1990,65,1,0,0,0,1,8,0,0,0
1990,57,2,0,0,0,1,235,0,40,0
1990,44,1,0,0,0,0,844,2,40,0
1990,43,2,0,0,0,1,383,4,34,0
1990,34,1,0,0,0,1,23,5,45,1
1990,31,2,0,0,0,1,95,5,40,0
1990,18,2,0,0,0,0,435,3,30,0
1990,21,1,0,0,0,0,444,3,40,0
1990,64,2,3,0,0,1,274,3,45,0
1990,36,1,3,0,0,1,195,4,50,0
1990,19,1,1,0,0,0,439,3,30,0
1990,27,1,0,0,0,0,579,0,45,0
1990,25,2,0,0,0,0,313,4,30,0
1990,32,1,0,0,0,1,459,5,50,0
1990,32,2,0,0,2,1,243,3,40,0
1990,31,1,1,0,0,1,424,6,40,0
1990,26,2,0,0,3,1,254,4,40,1
1990,32,1,0,0,0,0,558,0,50,0
1990,53,1,0,0,0,0,686,3,40,0
1990,49,2,0,0,0,0,276,4,36,0
1990,26,2,2,0,0,0,276,3,40,0
1990,49,2,2,0,0,1,734,1,40,0
1990,41,2,1,0,0,1,254,4,40,1
1990,50,1,0,0,0,0,459,4,40,0
1990,46,2,0,0,0,0,276,4,40,0
1990,37,1,0,0,0,1,327,2,48,0
1990,35,2,0,0,0,1,0,0,0,0
1990,44,1,3,0,0,1,216,3,40,0
1990,52,2,2,0,0,0,313,4,38,0
1990,40,2,3,0,0,0,185,3,42,0
1990,50,1,0,0,0,1,796,5,40,1
1990,50,2,0,0,0,0,276,3,30,0
1990,28,1,1,0,0,0,547,5,40,0
1990,25,2,1,0,0,0,888,3,40,0
1990,33,2,0,0,0,1,163,5,20,0
1990,37,1,0,0,0,1,22,5,75,1
1990,28,1,0,0,0,0,694,2,45,0
1990,28,2,0,0,0,1,313,2,40,0
1990,37,1,0,1,0,1,459,5,40,0
1990,34,2,0,1,0,1,443,4,40,0
1990,31,1,2,0,0,1,228,4,40,0
1990,29,1,1,0,0,1,904,6,40,0
1990,46,1,0,0,0,1,37,5,40,0
1990,42,2,0,0,0,1,387,5,0,0
1990,39,1,2,0,0,1,26,5,30,0
1990,28,2,1,0,0,0,435,3,40,0
1990,47,2,2,3,0,1,434,3,40,0
1990,68,1,0,0,0,0,0,0,0,0
1990,68,2,0,0,0,0,0,0,0,0
1990,38,1,2,0,0,0,877,3,40,0
1990,43,1,0,0,0,1,696,2,40,0
1990,43,2,0,0,0,1,156,5,40,0
1990,78,1,0,0,0,1,0,0,0,0
1990,65,2,0,0,0,0,0,0,0,0
1990,25,1,0,0,0,0,599,4,40,0
1990,26,2,0,0,0,1,337,4,40,0
1990,60,1,2,2,0,0,453,4,40,0
1990,54,1,2,0,0,1,804,0,98,1
1990,25,1,1,0,0,0,276,5,40,0
1990,36,2,0,0,0,0,276,4,40,0
1990,37,1,0,3,3,1,449,4,40,0
1990,50,2,3,1,0,0,877,3,0,0
1990,39,2,1,1,0,0,444,4,40,0
1990,35,1,1,1,0,0,453,3,0,0
1990,45,1,0,0,0,0,889,5,30,0
1990,49,2,0,0,0,1,444,5,0,0
1990,63,1,2,1,0,0,0,0,0,0
1990,55,2,3,1,0,0,449,4,40,0
1990,51,1,0,0,0,0,575,2,40,1
1990,45,2,0,0,0,0,469,4,16,0
1990,22,1,1,0,0,0,365,4,40,0
1990,26,1,1,3,3,1,435,4,40,0
1990,50,2,2,3,3,0,276,4,40,0
1990,19,2,1,3,3,0,319,5,40,0
1990,70,1,0,0,0,0,0,0,0,0
1990,66,2,0,0,0,0,0,0,0,0
1990,69,2,2,0,0,1,0,0,0,0
1990,41,1,0,0,0,1,426,5,30,0
1990,45,2,0,0,0,1,276,5,40,0
1990,26,2,1,1,0,1,443,4,40,0
1990,37,1,0,0,0,1,186,5,30,0
1990,39,2,0,0,0,1,186,5,36,0
1990,74,1,2,0,0,0,276,5,20,0
1990,72,2,2,0,0,0,0,0,0,0
1990,37,1,2,0,0,1,23,5,20,0
1990,46,1,0,0,0,0,243,3,45,0
1990,43,2,0,0,0,0,0,0,0,0
1990,24,1,0,0,0,0,505,4,40,0
1990,28,2,0,0,0,0,339,5,24,0
1990,51,2,2,0,0,0,354,2,40,0
1990,28,2,1,0,0,1,229,2,40,0
1990,35,1,0,0,0,0,526,4,40,0
1990,33,2,0,0,0,0,799,4,0,0
1990,70,1,1,0,0,0,0,0,0,0
1990,43,1,0,0,0,1,257,1,25,0
1990,37,2,0,0,0,1,386,1,50,0
1990,49,2,2,0,0,0,0,0,0,0
1990,54,1,3,0,0,0,0,0,0,0
1990,35,2,2,0,0,1,379,6,40,0
1990,65,1,0,0,0,0,549,4,0,0
1990,65,2,0,0,2,0,449,4,22,0
1990,39,1,3,2,1,0,584,0,40,0
1990,65,2,3,0,0,0,459,5,40,0
1990,34,1,1,0,0,1,208,5,40,0
1990,56,1,3,0,0,0,806,4,42,0
1990,61,2,3,0,0,0,0,0,0,0
1990,40,1,0,0,0,0,257,4,40,0
1990,32,2,0,0,0,0,435,5,40,0
1990,42,1,0,0,4,1,804,4,0,0
1990,43,2,0,0,0,0,17,3,40,0
1990,65,1,3,0,0,1,276,3,40,0
1990,36,1,0,0,0,0,434,5,40,0
1990,34,2,0,0,0,1,95,5,36,0
1990,52,1,3,2,1,0,486,0,40,0
1990,24,1,1,2,1,1,443,4,40,0
1990,46,1,3,2,1,0,486,0,40,0
1990,76,1,3,0,0,1,256,4,40,0
1990,33,1,2,0,0,1,186,5,15,0
1990,30,1,1,0,0,1,186,5,36,0
1990,27,1,1,0,0,1,186,5,15,0
1990,36,1,1,0,0,1,274,3,40,0
1990,34,2,2,0,0,1,274,3,5,0
1990,60,1,0,0,0,1,0,0,0,0
1990,57,2,0,0,0,1,257,4,0,0
1990,33,2,1,0,0,0,385,3,40,0
1990,32,1,1,0,0,0,459,4,40,0
1990,30,1,0,0,0,0,595,0,40,0
1990,27,2,0,0,0,0,338,4,32,0
1990,52,1,0,0,0,1,804,2,60,0
1990,54,2,0,0,0,1,0,0,0,0
1990,23,1,1,0,0,1,53,0,37,0
1990,21,1,1,0,0,1,443,4,40,0
1990,19,2,1,0,0,1,438,3,40,0
1990,70,1,0,0,0,1,418,6,40,1
1990,66,2,0,0,0,1,313,4,40,0
1990,35,1,1,0,1,1,178,5,40,1
1990,41,1,0,1,0,1,869,5,40,0
1990,38,2,0,1,0,0,323,5,40,0
1990,41,2,3,0,0,0,467,5,60,0
1990,28,2,0,0,0,1,207,5,32,0
1990,43,1,0,0,0,1,804,2,40,0
1990,20,1,1,0,0,0,804,6,24,0
1990,47,1,0,0,0,0,503,4,55,1
1990,47,2,0,0,0,1,0,0,0,0
1990,47,1,0,0,0,0,455,4,50,0
1990,42,2,0,0,0,0,21,5,40,0
1990,68,1,0,0,0,1,55,4,23,1
1990,67,2,0,0,0,1,0,0,0,0
1990,71,1,3,0,2,0,804,1,0,0
1990,21,1,0,0,0,0,435,5,35,0
1990,21,2,0,0,0,0,276,3,30,0
1990,27,1,3,1,0,0,276,5,40,0
1990,46,1,1,0,0,0,463,2,40,0
1990,48,2,2,0,0,0,315,5,40,0
1990,75,2,2,0,0,1,0,0,0,0
1990,29,2,1,0,0,1,463,2,20,0
1990,38,1,2,0,0,1,463,2,20,0
1990,22,1,3,0,0,1,103,5,95,0
1990,48,1,2,0,0,1,22,0,40,1
1990,45,1,0,0,0,0,459,4,40,0
1990,44,2,0,0,0,0,257,4,32,0
1990,49,2,0,0,0,1,435,4,16,0
1990,52,1,0,0,0,1,178,6,40,0
1990,18,2,1,0,0,0,274,3,30,0
1990,70,1,0,0,2,0,469,4,0,0
1990,63,2,0,0,0,0,8,5,0,0
1990,56,2,3,0,0,0,316,4,40,0
1990,24,2,1,0,0,1,453,4,40,0
1990,31,1,2,0,0,1,628,0,40,0
1990,47,2,1,0,0,1,157,5,40,0
1990,30,1,3,0,0,0,426,4,40,0
1990,34,1,0,0,0,1,59,6,40,0
1990,33,2,0,0,0,0,337,5,25,0
1990,68,2,3,0,0,1,0,0,0,1
1990,42,1,0,0,0,1,804,3,0,0
1990,41,2,0,0,0,0,278,1,30,0
1990,20,2,1,0,0,0,877,3,56,0
1990,52,1,2,0,0,1,418,6,38,0
1990,37,2,2,0,0,1,253,4,45,0
1990,51,1,2,0,0,0,463,2,40,0
1990,52,2,2,0,0,0,188,1,30,0
1990,40,1,0,0,0,1,22,1,45,1
1990,30,2,0,0,0,0,319,4,40,0
1990,34,2,1,0,0,1,435,4,99,0
1990,52,1,0,0,0,1,156,5,40,0
1990,47,2,0,0,0,0,276,3,40,0
1990,66,1,2,3,0,1,866,0,0,0
1990,22,2,1,0,0,1,0,0,0,0
1990,62,1,2,0,0,0,573,0,60,0
1990,38,1,0,0,0,0,573,0,60,0
1990,25,2,0,0,0,0,447,4,40,0
1990,32,1,2,0,0,0,567,5,40,0
1990,33,1,0,0,0,1,55,1,40,0
1990,28,2,0,0,0,1,363,6,40,0
1990,55,2,0,0,0,0,0,0,0,0
1990,57,1,0,0,0,0,337,4,40,0
1990,40,1,1,3,3,1,9,5,40,0
1990,35,1,0,0,0,0,257,4,40,0
1990,30,2,0,0,0,0,254,4,40,0
1990,36,1,0,1,0,1,903,6,40,1
1990,37,2,0,1,0,1,174,5,40,0
1990,22,2,1,1,0,1,96,3,40,0
1990,23,1,0,0,0,1,203,5,40,0
1990,23,2,0,0,0,1,203,5,40,0
1990,47,1,0,0,0,0,808,2,0,0
1990,47,2,0,0,0,0,379,4,40,0
1990,79,2,3,0,0,1,0,0,0,0
1990,47,2,1,0,0,1,156,5,40,0
1990,57,1,0,0,0,0,434,4,40,0
1990,49,2,0,0,0,0,315,4,65,0
1990,28,1,0,0,0,1,254,4,40,0
1990,27,2,0,0,0,1,193,5,30,0
1990,23,1,0,0,0,1,525,6,40,0
1990,22,2,0,0,2,1,274,3,36,0
1990,58,1,2,0,0,0,575,4,40,0
1990,60,2,3,0,0,1,0,0,0,0
1990,62,1,3,0,0,0,459,5,30,0
1990,56,2,3,0,0,1,95,5,45,0
1990,63,1,2,0,2,1,433,5,0,0
1990,28,2,1,0,0,0,435,5,30,0
1990,34,1,1,0,0,1,486,5,0,0
1990,33,1,0,0,0,0,756,1,40,0
1990,32,2,0,0,0,1,754,3,30,0
1990,55,1,0,0,0,1,575,0,50,1
1990,56,2,0,0,0,0,804,2,0,0
1990,64,2,3,0,0,0,459,4,40,0
1990,43,1,3,0,0,0,449,4,40,0
1990,55,1,0,0,0,0,597,0,40,0
1990,54,2,0,0,0,0,443,3,40,0
1990,29,2,2,0,0,1,864,2,40,0
1990,27,1,0,0,0,0,804,1,40,0
1990,26,2,0,0,0,0,27,4,40,0
1990,44,2,3,3,3,1,459,5,40,0
1990,41,2,3,3,3,1,459,5,40,0
1990,25,1,0,2,0,1,417,6,40,0
1990,24,2,0,0,0,1,95,5,32,0
1990,45,1,0,0,0,1,14,5,85,1
1990,45,2,0,0,0,1,156,5,39,0
1990,20,2,1,0,0,1,433,3,40,0
1990,21,2,1,0,0,1,317,4,16,0
1990,19,2,1,0,0,1,103,5,25,0
1990,40,1,1,0,0,1,23,5,40,0
1990,49,1,0,0,2,0,575,0,47,1
1990,38,2,0,0,0,0,336,5,35,0
1990,18,1,1,0,0,1,804,3,20,0
1990,28,1,2,0,0,0,417,6,56,0
1990,77,2,3,0,0,1,0,0,0,0
1990,49,1,0,0,0,1,23,3,60,1
1990,48,2,0,0,0,1,0,0,0,0
1990,19,2,1,0,0,0,329,5,12,0
1990,67,1,1,0,1,1,0,0,0,0
1990,25,1,1,0,0,1,696,6,80,0
1990,74,1,0,0,0,1,0,0,0,0
1990,71,2,0,0,0,1,0,0,0,0
1990,46,2,2,0,0,1,337,3,42,0
1990,74,2,3,0,0,1,95,4,70,0
1990,72,1,0,0,0,0,17,3,40,1
1990,69,2,0,0,0,0,0,0,0,0
1990,59,2,1,0,0,1,0,0,0,0
1990,22,1,1,0,0,0,435,4,38,0
1990,30,1,1,2,1,0,0,0,0,0
1990,27,1,1,2,1,0,0,0,0,0
1990,26,1,1,2,1,0,909,6,0,0
1990,19,1,1,2,1,0,0,0,0,0
1990,56,1,0,0,0,1,18,4,45,0
1990,53,2,0,0,0,1,18,4,45,0
1990,28,1,1,0,0,0,564,0,40,0
1990,25,1,1,0,0,0,318,2,40,0
1990,35,1,0,0,0,1,889,3,60,0
1990,31,2,0,0,0,0,329,5,80,0
1990,59,1,1,3,3,0,435,4,0,0
1990,46,1,0,0,0,0,186,5,50,0
1990,40,2,0,0,0,0,379,6,0,0
1990,33,1,0,0,0,0,22,3,60,0
1990,34,2,0,0,0,1,276,4,40,0
1990,80,2,1,0,0,0,0,0,0,0
1990,32,2,1,0,0,1,229,5,40,0
1990,29,2,1,0,0,1,386,5,40,0
1990,30,1,1,0,0,1,53,5,40,0
1990,59,2,3,0,0,0,0,0,0,0
1990,54,1,2,0,0,0,436,3,30,0
1990,63,1,2,0,0,1,0,0,0,0
1990,45,1,1,3,0,0,515,6,40,0
1990,75,1,0,0,0,0,804,2,40,0
1990,54,2,0,0,0,0,449,4,36,0
1990,25,1,1,0,0,0,459,5,40,0
1990,21,1,1,0,0,0,769,1,40,0
1990,21,1,0,0,0,0,443,4,25,0
1990,24,2,0,0,0,0,435,4,20,0
1990,73,1,2,0,1,0,436,3,40,0
1990,48,1,0,0,0,0,566,4,40,0
1990,33,2,0,0,0,1,23,5,40,0
1990,50,2,0,0,2,1,253,4,60,0
1990,57,1,0,0,0,0,263,3,14,0
1990,24,1,2,0,0,0,567,0,46,0
1990,25,2,2,0,0,0,435,3,48,0
1990,48,1,0,0,0,1,17,4,81,0
1990,49,2,0,0,0,1,459,4,0,0
1990,37,1,0,0,0,1,22,5,40,1
1990,41,2,0,0,0,1,154,5,0,0
1990,62,1,3,0,0,1,254,4,65,0
1990,42,1,0,0,0,1,254,4,55,0
1990,41,2,0,0,0,1,317,4,40,0
1990,76,2,0,0,0,0,22,2,0,0
1990,71,1,0,0,0,0,22,2,0,0
1990,46,1,0,0,0,0,889,3,45,0
1990,39,2,0,0,0,0,276,4,0,0
1990,19,2,1,0,0,0,435,4,0,0
1990,54,2,3,1,0,0,453,5,40,0
1990,58,1,0,0,0,0,459,5,40,0
1990,47,2,0,0,0,1,243,1,50,0
1990,55,1,0,0,0,1,7,0,60,1
1990,41,2,0,0,0,1,234,5,30,0
1990,35,2,2,0,0,1,156,5,50,0
1990,41,1,2,0,0,1,889,3,60,0
1990,36,1,0,0,0,1,22,5,40,0
1990,37,2,0,0,0,1,375,4,40,0
1990,38,1,0,0,0,1,575,4,40,0
1990,28,2,0,0,0,1,877,3,2,0
1990,32,1,3,0,0,1,853,0,40,0
1990,37,1,1,0,0,0,335,6,25,0
1990,56,1,2,0,0,0,338,4,40,0
1990,34,1,0,0,0,0,566,3,40,0
1990,33,2,0,0,0,0,0,0,0,0
1990,49,1,2,0,0,0,276,4,40,0
1990,57,2,1,0,0,1,315,6,40,0
1990,72,1,0,0,0,0,0,0,0,0
1990,39,2,0,0,0,0,744,1,0,0
1990,64,2,2,0,0,0,0,0,0,0
1990,67,1,0,0,0,1,0,0,0,0
1990,68,2,0,0,0,0,0,0,0,0
1990,62,2,1,0,0,0,274,5,30,0
1990,74,2,1,0,0,0,0,0,0,0
1990,27,1,1,0,0,1,469,4,45,0
1990,49,1,2,0,0,1,379,4,12,0
1990,52,1,0,0,2,1,22,4,50,1
1990,52,2,0,0,4,0,22,5,40,0
1990,54,1,3,0,0,1,18,4,60,0
1990,31,2,1,0,0,1,435,3,20,0
1990,48,1,0,0,0,1,22,4,52,0
1990,44,2,0,0,0,1,22,5,60,0
1990,22,1,1,0,0,1,523,5,30,0
1990,46,1,0,0,0,1,255,4,40,1
1990,42,2,0,0,0,1,18,4,35,1
1990,41,1,0,0,0,1,55,5,40,1
1990,39,2,0,0,0,1,23,4,20,0
1990,45,2,0,0,0,0,276,5,32,0
1990,49,1,0,0,0,0,808,5,40,0
1990,46,2,0,0,0,1,313,5,40,0
1990,37,1,0,0,0,1,549,5,40,0
1990,24,2,1,0,0,1,327,3,20,0
1990,20,1,1,0,0,1,813,5,20,0
1990,47,2,0,0,0,1,375,4,40,0
1990,55,1,0,0,0,1,5,6,40,0
1990,64,2,3,0,0,1,319,5,20,0
1990,20,1,1,0,0,1,813,5,32,0
1990,47,1,0,0,0,0,508,2,0,0
1990,47,2,0,0,0,0,0,0,0,0
1990,39,2,0,0,0,1,313,5,40,0
1990,44,1,0,0,0,1,804,1,40,0
1990,68,2,2,1,0,0,348,5,0,0
1990,74,1,0,0,0,0,0,0,0,0
1990,76,2,0,0,0,0,0,0,0,0
1990,52,1,0,0,0,0,22,0,20,0
1990,48,2,0,0,0,0,0,0,0,0
1990,41,1,0,0,0,1,337,0,55,0
1990,39,2,0,0,0,1,22,0,50,0
1990,25,2,1,0,0,0,435,4,35,0
1990,25,1,2,0,0,0,573,0,40,0
1990,25,2,0,0,0,0,276,3,20,0
1990,26,1,0,0,0,0,243,3,60,0
1990,40,1,0,0,0,1,243,4,50,0
1990,37,2,0,3,0,1,459,5,0,0
1990,23,2,0,0,0,0,18,4,40,0
1990,34,1,0,0,3,1,456,4,40,0
1990,21,2,0,0,0,0,313,4,35,0
1990,21,1,0,0,0,0,573,0,45,0
1990,47,2,2,0,0,1,229,4,45,0
1990,19,1,1,0,0,0,0,0,0,0
1990,48,1,3,0,0,0,459,5,40,0
1990,78,1,3,0,0,0,0,0,0,0
1990,46,1,2,0,0,0,426,5,40,0
1990,36,2,2,0,0,0,459,4,40,0
1990,36,1,0,0,0,1,22,0,52,0
1990,34,2,0,0,0,0,313,0,43,0
1990,18,2,1,0,0,0,885,3,32,0
1990,30,1,2,0,0,1,364,1,40,0
1990,52,2,2,0,0,1,414,6,40,0
1990,18,1,1,0,0,0,0,0,0,0
1990,39,1,2,0,0,1,305,4,45,0
1990,45,1,0,0,0,1,86,0,40,1
1990,43,2,0,0,0,1,156,5,38,0
1990,62,1,0,0,0,0,426,1,40,0
1990,66,2,0,0,0,1,449,5,40,0
1990,60,1,2,0,0,0,628,2,0,0
1990,49,1,0,0,0,1,413,0,65,0
1990,44,2,0,0,0,1,418,6,54,0
1990,22,1,1,0,0,0,579,0,40,0
1990,19,1,1,0,0,1,806,3,30,0
1990,32,1,2,0,0,0,885,3,40,0
1990,23,1,0,0,0,0,869,0,40,0
1990,22,2,0,0,0,0,307,5,0,0
1990,41,1,0,0,0,1,53,0,40,1
1990,45,2,0,0,0,0,206,5,30,0
1990,34,2,2,0,0,1,7,4,48,0
1990,45,1,2,0,0,0,434,4,40,0
1990,40,1,3,0,0,1,567,0,0,0
1990,49,1,0,0,0,1,243,3,50,1
1990,46,2,0,0,0,1,337,3,35,0
1990,54,1,0,0,0,1,216,0,50,0
1990,54,2,0,0,2,1,189,4,50,0
1990,62,1,0,0,0,1,486,4,36,0
1990,58,2,0,0,0,0,18,4,40,0
1990,42,1,0,3,0,1,567,0,40,0
1990,41,2,0,0,0,1,154,5,17,0
1990,43,1,0,0,0,1,567,0,40,0
1990,43,2,0,0,0,1,13,3,35,0
1990,23,1,1,0,0,1,464,2,35,0
1990,27,2,0,0,0,0,17,3,40,0
1990,32,1,0,0,0,0,734,1,52,0
1990,26,1,0,0,0,1,806,1,55,0
1990,31,2,0,0,0,0,433,5,60,0
1990,32,1,0,0,0,0,514,4,50,0
1990,30,2,0,0,0,0,336,4,40,0
1990,36,1,0,0,0,1,243,3,60,1
1990,37,2,0,0,0,1,0,0,0,0
1990,28,1,0,0,0,1,534,4,41,0
1990,30,2,0,0,0,1,877,3,40,0
1990,38,1,0,0,0,1,426,3,40,0
1990,39,2,0,0,0,1,243,3,40,0
1990,55,1,0,0,0,1,157,5,40,0
1990,57,2,0,0,0,1,313,5,50,0
1990,25,1,1,0,0,1,274,3,0,0
1990,25,1,1,0,0,1,264,3,40,0
1990,68,1,0,0,0,0,555,0,40,0
1990,62,2,0,0,0,0,555,0,0,0
1990,34,2,2,0,0,1,734,1,40,0
1990,42,1,2,0,0,0,804,1,0,0
1990,19,1,1,0,0,0,856,3,40,0
1990,52,2,2,3,0,0,447,4,40,0
1990,32,2,2,0,0,1,243,3,40,0
1990,35,1,0,0,3,1,808,2,40,0
1990,32,2,0,0,0,1,355,2,0,0
1990,58,1,0,0,0,0,368,2,40,0
1990,52,2,0,0,0,0,466,5,80,0
1990,37,1,2,0,0,1,804,2,40,0
1990,24,2,1,0,1,1,21,5,44,0
1990,63,1,0,0,0,1,21,5,40,1
1990,59,2,0,0,0,0,319,5,28,0
1990,25,2,1,0,0,0,466,5,60,0
1990,35,2,2,0,0,1,434,3,50,0
1990,45,1,0,0,0,1,22,6,48,0
1990,48,2,0,0,0,1,387,5,40,0
1990,30,1,0,0,0,1,303,5,40,0
1990,27,2,0,0,0,1,208,5,20,0
1990,32,1,2,0,0,0,804,2,0,0
1990,57,2,3,0,0,1,0,0,0,0
1990,66,1,0,0,0,1,0,0,0,0
1990,68,2,0,0,0,1,0,0,0,0
1990,50,1,0,0,0,1,27,3,40,0
1990,45,2,0,0,0,0,337,5,40,0
1990,44,2,1,0,0,1,389,6,40,0
1990,39,1,0,0,0,1,418,6,40,0
1990,37,2,0,0,0,0,508,2,40,0
1990,65,1,0,0,0,1,694,2,26,0
1990,58,2,0,0,0,0,313,5,40,0
1990,38,1,0,0,0,0,243,3,50,0
1990,39,2,0,0,0,1,0,0,0,0
1990,42,1,0,0,0,1,226,2,42,0
1990,42,2,0,0,0,1,319,5,40,0
1990,46,2,0,3,3,1,0,0,0,0
1990,52,1,0,0,0,1,84,5,50,1
1990,35,1,0,1,1,0,449,5,40,0
1990,28,2,0,1,1,0,453,4,40,0
1990,29,1,0,0,0,0,777,1,56,0
1990,20,2,0,0,0,0,243,3,0,0
1990,29,2,1,3,0,1,174,5,35,0
1990,30,1,2,3,0,1,869,0,40,0
1990,47,1,0,0,0,1,505,0,40,0
1990,50,2,0,0,0,0,0,0,0,0
1990,51,1,0,0,0,0,255,4,40,1
1990,56,2,0,0,0,0,234,4,35,0
1990,63,1,0,0,0,0,266,3,40,0
1990,60,2,0,0,0,0,276,3,0,0
1990,57,1,0,0,0,1,415,4,40,0
1990,34,2,0,0,0,1,23,4,40,0
1990,58,1,0,0,0,0,22,5,40,0
1990,56,2,0,0,0,0,275,4,0,0
1990,52,2,0,0,0,1,0,0,0,0
1990,56,1,0,0,0,1,843,2,40,0
1990,38,1,0,0,0,0,453,5,40,0
1990,35,2,0,0,0,1,313,5,36,0
1990,59,1,3,0,0,0,0,0,0,0
1990,40,1,0,3,0,0,844,0,40,0
1990,47,2,0,0,0,1,95,6,40,0
1990,18,1,1,0,0,0,486,6,0,0
1990,44,1,0,0,0,0,503,0,40,0
1990,42,2,0,0,0,1,95,5,20,0
1990,39,2,2,0,0,0,316,5,40,0
1990,60,1,2,0,0,1,453,5,40,0
1990,50,1,0,0,0,1,7,4,50,0
1990,51,2,0,0,0,0,444,5,30,0
1990,63,1,0,0,0,1,809,2,0,0
1990,62,2,0,0,0,0,383,4,29,0
1990,48,2,2,0,0,1,23,4,40,0
1990,46,1,0,0,0,0,18,4,50,0
1990,46,2,0,0,0,0,0,0,0,0
1990,18,1,1,0,0,0,276,3,20,0
1990,68,1,0,0,0,1,0,0,0,0
1990,64,2,0,0,0,1,337,5,52,0
1990,39,1,0,0,0,1,434,5,40,0
1990,29,2,0,0,0,1,435,4,40,0
1990,79,1,0,0,0,0,0,0,0,0
1990,70,2,0,0,0,0,0,0,0,0
1990,29,1,1,0,0,1,436,3,40,0
1990,43,1,0,0,0,1,5,6,40,0
1990,50,2,0,0,0,0,0,0,0,0
1990,26,2,1,0,0,0,255,4,40,0
1990,77,2,3,0,0,0,468,4,25,0
1990,48,1,0,0,0,0,575,0,40,0
1990,47,2,0,0,0,0,315,1,45,0
1990,49,1,0,0,0,1,156,5,40,0
1990,43,2,0,0,0,1,0,0,0,0
1990,56,1,0,0,0,0,18,4,40,1
1990,56,2,0,0,0,0,0,0,0,0
1990,44,1,2,0,0,1,364,1,48,0
1990,32,2,1,0,0,1,203,5,37,0
1990,33,1,0,0,0,0,505,4,35,0
1990,31,2,0,0,0,0,785,1,40,0
1990,43,1,0,0,0,0,243,3,40,0
1990,41,2,0,0,0,0,779,1,40,0
1990,23,1,1,0,0,0,0,0,0,0
1990,20,1,1,0,0,0,547,3,40,0
1990,45,1,0,0,0,0,804,2,40,0
1990,46,2,0,0,0,0,313,5,40,0
1990,22,1,1,0,0,0,869,0,40,0
1990,19,2,1,0,0,0,0,0,0,0
1990,50,1,3,0,0,1,745,1,0,0
1990,51,1,0,0,0,0,507,3,40,0
1990,60,2,0,0,0,0,0,0,0,0
1990,23,1,1,0,0,0,889,3,40,0
1990,34,1,3,2,1,0,0,0,0,0
1990,32,2,1,0,0,1,804,2,45,0
1990,64,1,2,0,0,1,22,3,0,0
1990,27,1,1,0,0,0,883,1,40,0
1990,21,2,2,0,0,0,337,3,50,0
1990,36,1,1,0,0,1,804,2,40,0
1990,63,1,0,0,0,1,354,2,30,0
1990,61,2,0,0,0,0,0,0,0,0
1990,31,2,2,0,0,0,274,3,12,0
1990,47,1,2,0,0,1,426,3,27,0
1990,24,1,1,0,0,0,356,4,55,0
1990,19,1,1,0,0,1,427,6,40,0
1990,18,2,1,0,0,1,335,4,23,0
1990,43,1,0,0,0,0,869,0,40,0
1990,41,2,0,0,0,0,276,4,20,0
1990,20,1,1,0,0,0,436,3,40,0
1990,41,2,2,0,0,0,266,3,50,0
1990,19,1,1,1,0,0,547,6,40,0
1990,28,1,0,0,0,1,426,6,50,0
1990,25,2,0,0,0,1,313,4,0,0
1990,53,1,0,0,0,1,303,2,40,1
1990,43,2,0,0,0,1,376,2,40,0
1990,23,2,1,0,0,1,447,5,40,0
1990,32,1,0,0,0,0,424,6,40,0
1990,30,2,0,0,0,0,447,5,40,0
1990,42,1,0,0,0,1,157,5,40,0
1990,40,2,0,0,0,1,424,6,40,0
1990,36,2,1,0,0,1,8,6,40,0
1990,58,1,0,0,0,1,516,0,40,0
1990,56,2,0,0,0,0,808,5,30,0
1990,24,2,1,0,0,0,447,5,40,0
1990,22,2,1,0,0,1,447,5,40,0
1990,75,2,0,0,0,1,254,4,8,0
1990,22,2,1,0,0,0,447,5,40,0
1990,30,2,0,0,0,1,277,5,40,0
1990,37,1,0,0,0,1,14,5,50,0
1990,66,2,3,0,0,0,0,0,0,0
1990,57,2,0,0,0,0,274,3,30,0
1990,58,1,0,0,0,0,486,5,40,0
1990,60,1,0,0,0,1,33,4,42,0
1990,60,2,0,0,0,1,435,3,40,0
1990,48,1,0,0,0,0,783,4,66,0
1990,47,2,0,0,0,0,0,0,0,0
1990,43,1,0,0,0,0,706,4,40,0
1990,43,2,0,0,0,0,0,0,0,0
1990,19,2,1,0,0,0,0,0,0,0
1990,18,2,1,0,0,0,0,0,0,0
1990,37,1,1,0,0,0,458,4,40,0
1990,69,2,3,0,0,0,0,0,0,0
1990,42,1,0,3,0,0,558,0,40,0
1990,45,2,0,3,0,1,4,6,40,0
1990,46,1,0,0,0,1,575,0,40,0
1990,39,2,0,0,0,1,313,4,37,0
1990,36,1,3,0,0,0,503,4,40,0
1990,73,1,0,0,0,1,0,0,0,0
1990,73,2,0,0,0,1,0,0,0,0
1990,48,1,0,0,0,1,418,6,0,0
1990,44,2,0,0,0,1,5,6,40,0
1990,20,1,1,0,0,1,435,3,40,0
1990,34,2,2,0,0,1,174,5,40,0
1990,38,1,1,0,0,1,628,1,0,0
1990,24,1,1,0,0,1,195,2,45,0
1990,33,1,1,0,0,0,733,1,50,0
1990,25,2,1,0,0,0,869,0,40,0
1990,25,1,1,0,0,0,869,0,40,0
1990,65,1,0,0,0,1,55,2,0,0
1990,57,2,0,0,0,1,0,0,0,0
1990,52,1,0,0,0,0,577,2,40,1
1990,51,2,0,0,0,1,385,5,35,0
1990,55,1,0,0,0,0,337,3,40,0
1990,55,2,0,0,0,0,303,4,40,0
1990,60,2,3,0,0,0,436,3,40,0
1990,25,1,0,0,3,0,567,0,40,0
1990,25,2,0,0,0,0,313,4,40,0
1990,56,2,3,0,0,0,436,5,40,0
1990,22,2,1,0,0,1,313,5,40,0
1990,25,2,2,0,0,0,447,5,0,0
1990,39,1,0,0,0,1,229,5,40,0
1990,41,2,0,0,0,1,379,5,25,0
1990,30,1,0,0,0,0,496,1,40,0
1990,27,2,0,0,0,0,0,0,0,0
1990,77,2,3,0,0,0,449,4,0,0
1990,51,1,1,0,0,0,883,1,50,0
1990,66,1,0,0,0,0,0,0,0,0
1990,60,2,0,0,0,0,5,6,35,0
1990,54,1,1,0,0,1,156,5,6,0
1990,79,1,1,0,0,0,0,0,0,0
1990,36,1,3,0,0,0,0,0,0,0
1990,66,1,0,0,0,0,0,0,0,0
1990,59,2,0,0,0,0,0,0,0,0
1990,36,2,2,0,0,1,95,5,35,0
1990,34,1,0,0,0,0,567,0,35,0
1990,36,2,0,0,0,0,0,0,0,0
1990,18,2,1,0,0,0,444,3,0,0
1990,56,1,2,0,0,1,0,0,0,0
1990,43,2,2,0,0,0,785,1,0,0
1990,34,1,0,0,0,0,473,0,55,0
1990,33,2,0,0,0,0,383,4,37,0
1990,55,1,0,0,0,0,787,1,40,0
1990,44,2,0,0,0,0,447,5,20,0
1990,79,2,3,0,0,0,0,0,0,0
1990,49,2,3,0,0,1,0,0,0,0
1990,76,2,3,0,0,0,0,0,0,0
1990,55,2,0,0,0,1,157,5,35,0
1990,55,1,0,0,0,0,426,1,40,0
1990,25,2,1,0,0,0,313,4,40,0
1990,37,1,3,2,0,0,575,6,0,0
1990,31,1,3,2,0,0,447,1,0,0
1990,61,1,0,0,0,0,628,1,40,0
1990,59,2,0,0,0,0,436,5,35,0
1990,59,1,0,0,0,0,496,1,40,0
1990,54,2,0,0,0,0,0,0,0,0
1990,28,1,0,0,0,0,579,0,40,0
1990,27,2,0,0,0,1,276,5,40,0
1990,44,1,0,0,2,1,486,0,0,0
1990,39,2,0,0,0,0,22,5,0,0
1990,19,1,1,0,0,1,17,3,40,0
1990,62,2,3,0,0,0,439,3,37,0
1990,51,1,1,0,0,1,22,5,40,1
1990,41,2,3,0,0,1,156,5,0,0
1990,20,2,1,0,0,1,435,3,30,0
1990,23,1,1,0,0,1,436,3,40,0
1990,30,1,0,0,0,0,804,2,40,0
1990,31,2,0,0,0,0,266,3,33,0
1990,66,1,1,0,0,1,0,0,0,0
1990,27,1,1,0,0,0,799,4,40,0
1990,25,2,2,0,0,0,276,3,0,0
1990,43,1,2,0,0,1,308,6,40,0
1990,71,2,3,0,0,0,0,0,0,0
1990,26,2,3,0,0,0,436,3,45,0
1990,34,1,3,1,0,0,365,6,48,0
1990,30,1,2,1,0,1,585,0,0,0
1990,75,1,0,0,0,1,0,0,0,0
1990,74,2,0,0,0,1,0,0,0,0
1990,49,1,1,0,0,1,27,5,30,0
1990,44,2,1,0,0,1,156,5,35,0
1990,38,2,1,0,0,1,164,5,35,0
1990,39,1,0,0,1,1,869,0,40,0
1990,36,2,0,0,0,1,319,5,40,0
1990,42,1,0,0,0,1,779,1,40,0
1990,35,2,0,0,0,0,0,0,0,0
1990,57,1,0,0,0,0,579,5,40,0
1990,54,2,0,0,0,0,0,0,0,0
1990,26,1,3,0,0,1,0,0,0,0
1990,45,1,0,0,0,0,243,3,48,0
1990,44,2,0,0,0,1,206,5,20,0
1990,21,1,1,0,2,0,523,6,45,0
1990,79,2,0,0,0,0,0,0,0,0
1990,21,1,1,0,0,1,443,3,40,0
1990,35,1,0,0,0,1,127,5,58,0
1990,46,2,0,0,0,1,313,5,53,0
1990,57,1,0,0,0,0,804,2,42,0
1990,55,2,0,0,0,0,316,5,30,0
1990,50,2,2,0,0,0,22,3,40,0
1990,38,1,0,0,0,0,777,1,48,0
1990,31,2,0,0,0,0,443,3,0,0
1990,24,1,0,0,0,0,567,0,0,0
1990,22,2,0,0,0,0,436,4,42,0
1990,32,1,0,0,0,0,235,3,40,0
1990,30,2,0,0,0,0,447,5,40,0
1990,35,1,0,0,0,0,785,2,48,0
1990,33,2,0,0,0,1,23,4,40,0
1990,25,1,0,0,0,1,593,0,40,0
1990,25,2,0,0,0,1,363,1,0,0
1990,45,1,0,0,0,1,159,6,40,0
1990,45,2,0,0,0,0,313,6,40,0
1990,31,1,0,0,0,0,567,0,40,0
1990,34,2,0,0,0,0,243,3,0,0
1990,30,1,2,0,0,0,567,0,36,0
1990,59,1,0,0,0,0,434,3,11,0
1990,58,2,0,0,0,0,447,5,24,0
1990,22,2,1,0,0,1,17,3,40,0
1990,34,2,0,0,0,0,277,3,5,0
1990,29,1,0,0,0,0,534,3,0,0
1990,20,1,1,0,0,1,274,3,30,0
1990,18,1,1,0,0,0,243,3,28,0
1990,19,1,1,0,0,0,804,1,30,0
1990,18,1,1,0,0,1,203,5,0,0
1990,37,1,0,0,0,0,446,5,37,0
1990,36,2,0,0,0,1,207,5,37,0
1990,66,1,0,0,0,0,777,0,0,0
1990,61,2,0,0,0,0,447,5,30,0
1990,38,1,0,0,0,1,5,6,45,0
1990,31,2,0,0,0,0,0,0,0,0
1990,45,1,0,0,0,1,426,6,40,1
1990,49,2,0,0,0,0,877,3,20,0
1990,22,2,1,0,0,1,163,5,35,0
1990,20,1,1,0,0,1,869,0,60,0
1990,18,1,1,0,0,0,436,3,0,0
1990,23,2,1,0,0,0,0,0,0,0
1990,19,1,1,0,0,1,595,1,40,0
1990,22,2,1,0,0,0,313,3,37,0
1990,36,2,3,0,0,0,406,4,12,0
1990,19,2,1,0,0,1,315,6,8,0
1990,77,2,0,0,0,1,0,0,0,0
1990,63,2,3,0,0,1,216,0,40,0
1990,36,1,1,0,0,1,313,0,30,0
1990,19,1,1,0,0,0,804,0,56,0
1990,27,2,1,0,0,0,435,3,30,0
1990,29,1,1,0,0,0,869,0,40,0
1990,62,1,0,0,0,0,585,4,60,1
1990,64,2,0,0,0,1,254,4,25,0
1990,32,1,3,0,0,0,859,1,53,0
1990,45,1,0,0,0,0,803,2,60,0
1990,52,2,0,0,0,1,95,5,40,0
1990,67,1,1,0,0,0,0,0,0,0
1990,40,1,0,0,0,1,777,1,44,0
1990,36,2,0,0,0,1,0,0,0,0
1990,71,2,3,0,0,0,453,4,10,0
1990,28,1,1,0,0,1,35,0,50,0
1990,23,1,0,0,0,0,849,1,40,0
1990,18,2,0,0,0,0,0,0,0,0
1990,25,1,0,0,0,0,844,0,50,0
1990,23,2,0,0,0,0,433,5,40,0
1990,78,2,0,0,0,0,0,0,0,0
1990,36,2,1,0,0,0,878,1,0,0
1990,64,1,0,0,0,0,567,0,10,0
1990,59,2,0,0,0,0,465,5,25,0
1990,35,1,0,0,0,1,157,5,40,0
1990,32,2,0,0,0,1,157,5,40,0
1990,40,1,0,0,0,0,235,1,40,0
1990,40,2,0,0,0,0,364,3,40,0
1990,20,2,1,0,0,0,319,3,40,0
1990,18,2,1,0,0,0,374,3,24,0
1990,44,1,0,0,0,0,453,5,50,0
1990,45,2,0,0,0,0,427,5,22,0
1990,35,1,0,0,0,1,869,0,40,0
1990,33,2,0,0,0,0,447,5,25,0
1990,69,2,0,0,0,0,0,0,0,0
1990,71,1,0,0,0,0,0,0,0,0
1990,65,1,0,0,0,0,423,6,20,0
1990,62,2,0,0,0,0,337,5,40,0
1990,43,1,0,0,0,0,376,1,40,0
1990,42,2,0,0,0,0,888,3,40,0
1990,24,1,1,0,0,0,777,1,40,0
1990,79,2,3,0,0,0,0,0,0,0
1990,39,2,2,0,0,0,0,0,0,0
1990,25,1,0,0,0,0,686,1,40,0
1990,25,2,0,0,0,0,433,3,12,0
1990,56,1,0,0,0,0,0,0,0,0
1990,52,2,0,0,0,0,889,1,40,0
1990,24,2,1,0,0,0,777,1,48,0
1990,35,1,0,0,0,1,473,0,91,0
1990,40,2,0,0,0,0,0,0,0,0
1990,47,2,2,3,3,0,0,0,0,0
1990,73,1,0,0,0,0,0,0,0,0
1990,72,2,0,0,0,1,0,0,0,0
1990,31,1,1,0,0,1,418,6,40,0
1990,29,2,3,0,0,0,447,5,8,0
1990,55,1,0,0,0,0,808,6,40,0
1990,57,2,0,0,0,0,0,0,0,0
1990,24,1,1,0,0,0,804,3,40,0
1990,22,2,1,0,0,0,406,4,8,0
1990,50,1,0,0,0,0,516,0,55,0
1990,48,2,0,0,0,0,313,0,40,0
1990,23,1,1,0,0,0,856,0,60,0
1990,56,1,2,0,0,0,0,0,0,0
1990,49,1,0,0,0,0,496,1,0,0
1990,46,2,0,0,0,0,753,1,45,0
1990,26,1,1,0,0,0,505,3,40,0
1990,23,2,3,0,0,0,276,3,40,0
1990,50,1,2,0,0,1,585,3,40,0
1990,40,1,0,0,0,0,888,1,45,0
1990,37,2,0,0,0,0,744,1,40,0
1990,52,2,3,0,0,1,243,3,16,0
1990,18,1,1,0,0,0,727,1,7,0
1990,34,2,3,0,0,1,445,6,40,0
1990,32,2,2,0,0,0,889,1,40,0
1990,27,1,1,0,0,0,753,1,40,0
1990,67,1,0,0,0,0,804,3,0,0
1990,66,2,0,0,0,0,449,4,32,0
1990,54,1,0,0,0,1,156,5,40,0
1990,49,2,0,0,0,1,156,5,40,0
1990,45,1,0,0,0,0,529,2,40,0
1990,43,2,0,0,0,0,0,0,0,0
1990,22,1,1,0,0,0,514,4,40,0
1990,29,1,2,0,0,0,575,0,40,0
1990,26,2,3,0,0,0,0,0,0,0
1990,30,2,0,0,0,1,163,5,20,0
1990,29,1,0,0,0,1,157,5,50,0
1990,56,1,2,0,0,0,804,1,40,0
1990,67,2,3,0,0,0,469,6,40,0
1990,24,1,1,0,0,1,365,3,35,0
1990,28,1,1,0,0,0,869,0,40,0
1990,60,1,0,0,0,0,0,0,0,0
1990,56,2,0,0,0,0,0,0,0,0
1990,27,2,1,0,0,0,904,6,55,0
1990,49,2,2,0,0,1,157,5,35,0
1990,19,1,1,0,0,0,595,0,40,0
1990,36,1,1,2,0,0,585,0,38,0
1990,66,2,3,0,0,0,447,5,0,0
1990,36,1,1,0,0,0,486,0,0,0
1990,45,1,2,0,0,0,869,0,99,0
1990,29,2,2,0,0,0,435,3,99,0
1990,49,1,0,0,0,0,16,2,40,0
1990,44,2,0,0,0,0,0,0,0,0
1990,39,2,0,0,0,0,22,1,40,0
1990,41,1,0,0,0,0,22,1,40,0
1990,64,1,0,0,0,0,473,0,15,0
1990,57,2,0,0,0,1,95,5,32,0
1990,31,1,2,0,0,0,0,0,0,0
1990,19,1,1,0,0,0,804,3,20,0
1990,31,1,1,0,0,1,195,2,40,0
1990,64,2,3,0,0,0,446,6,22,0
1990,71,1,0,0,0,0,567,0,40,0
1990,67,2,0,0,0,0,668,4,35,0
1990,36,1,0,0,0,1,905,6,60,0
1990,43,2,0,0,0,1,195,1,40,0
1990,62,2,0,0,0,0,0,0,0,0
1990,62,1,0,0,0,0,0,0,0,0
1990,37,1,0,0,0,0,549,6,40,0
1990,32,2,0,0,0,1,17,3,60,1
1990,44,2,2,0,0,0,447,5,40,0
1990,25,1,3,0,0,0,889,5,40,0
1990,18,1,1,0,0,0,585,0,30,0
1990,50,1,2,0,0,0,567,0,0,0
1990,68,1,0,0,0,0,769,1,0,0
1990,60,2,0,0,0,0,337,4,20,0
1990,21,1,1,0,0,1,567,0,40,0
1990,39,1,0,0,0,0,567,0,40,0
1990,37,2,0,0,0,1,157,5,40,0
1990,43,1,0,0,0,0,844,0,40,0
1990,40,2,0,0,0,0,427,2,0,0
1990,37,1,0,0,0,0,643,0,40,0
1990,28,2,0,0,0,1,23,5,21,0
1990,42,1,0,0,0,1,7,6,60,1
1990,33,2,0,0,0,1,164,5,50,0
1990,33,1,0,1,0,1,904,6,40,0
1990,30,2,0,1,0,1,387,5,40,0
1990,23,1,3,0,0,0,904,6,60,0
1990,21,1,1,0,0,1,208,6,40,0
1990,32,1,0,2,1,0,904,6,40,0
1990,32,2,0,2,1,0,276,3,34,0
1990,42,1,0,0,0,0,904,6,60,0
1990,42,2,0,3,3,0,444,3,38,0
1990,25,1,0,0,0,1,5,6,60,0
1990,25,2,0,3,3,1,95,5,20,0
1990,33,1,0,3,0,1,525,6,50,0
1990,36,2,0,2,1,0,453,4,8,0
1990,24,1,0,1,0,0,447,5,40,0
1990,23,2,0,1,0,1,443,3,38,0
1990,62,1,0,0,0,0,804,6,40,0
1990,64,2,0,0,0,0,0,0,0,0
1990,28,1,1,0,0,0,869,0,45,0
1990,64,2,3,0,2,0,433,3,32,0
1990,59,1,3,0,0,0,303,5,40,0
1990,34,1,0,0,0,1,157,5,45,0
1990,27,2,0,0,0,1,0,0,0,0
1990,64,1,0,0,0,0,505,4,10,0
1990,70,2,0,0,0,0,0,0,0,0
1990,24,2,1,0,0,0,444,3,20,0
1990,31,1,0,0,0,0,424,6,40,0
1990,29,2,0,0,0,0,276,4,20,0
1990,70,1,0,0,0,0,0,0,0,0
1990,66,2,0,0,0,0,254,4,40,0
1990,29,2,3,0,0,1,449,4,0,0
1990,43,2,0,0,0,1,156,5,20,0
1990,45,1,0,0,0,1,22,2,40,0
1990,20,2,3,0,0,0,447,5,0,0
1990,28,2,2,0,0,0,507,6,40,0
1990,25,1,0,0,2,0,877,3,40,0
1990,20,2,0,0,0,1,443,3,30,0
1990,75,2,3,0,0,0,796,6,18,0
1990,53,1,0,0,0,0,889,2,40,0
1990,52,2,0,0,0,0,313,4,14,0
1990,47,1,0,0,0,0,628,1,40,0
1990,47,2,0,0,0,1,207,5,40,0
1990,19,1,1,0,0,0,276,3,40,0
1990,75,1,0,0,0,1,0,0,0,0
1990,39,1,0,0,0,1,414,6,40,0
1990,38,2,0,0,0,1,335,2,40,0
1990,43,2,3,0,0,0,243,3,40,0
1990,33,1,0,0,0,0,56,1,50,0
1990,30,2,0,0,0,1,313,1,40,0
1990,20,1,0,0,0,0,904,6,50,0
1990,21,2,0,0,0,1,904,6,40,0
1990,29,1,0,0,0,1,549,2,40,0
1990,25,2,0,0,0,0,466,5,40,0
1990,60,1,3,0,0,0,453,2,40,0
1990,60,1,0,0,0,0,355,2,30,1
1990,57,2,0,0,0,0,274,3,12,0
1990,44,2,1,0,0,1,14,5,50,0
1990,24,1,0,0,0,0,883,1,40,0
1990,31,2,0,0,0,0,777,1,40,0
1990,30,1,3,1,0,0,869,0,0,0
1990,38,1,0,0,0,0,869,0,40,0
1990,37,2,0,0,0,0,313,5,40,0
1990,18,2,1,0,0,0,276,3,28,0
1990,74,1,0,0,0,0,0,0,0,0
1990,73,2,0,0,0,0,0,0,0,0
1990,27,2,1,0,0,0,319,5,40,0
1990,31,1,0,0,0,0,567,0,40,0
1990,32,2,0,0,0,1,157,5,35,0
1990,74,2,1,0,0,0,0,0,0,0
1990,59,1,0,0,0,0,0,0,0,0
1990,46,2,0,0,0,0,453,5,30,0
1990,21,2,1,0,0,0,0,0,0,0
1990,45,1,2,0,0,0,636,1,48,0
1990,33,2,1,0,0,0,453,6,30,0
1990,38,1,0,0,0,0,263,3,50,0
1990,36,2,0,0,0,1,154,5,20,0
1990,71,1,0,0,0,0,486,5,30,0
1990,64,2,0,0,0,0,274,3,0,0
1990,39,2,2,0,0,0,338,1,40,0
1990,47,1,0,0,0,1,243,3,50,0
1990,46,2,0,0,0,1,23,3,40,0
1990,23,1,1,0,0,0,567,0,45,0
1990,19,1,1,0,0,0,453,4,12,0
1990,43,1,0,0,0,0,426,2,50,0
1990,37,2,0,0,0,0,0,0,0,0
1990,18,1,1,0,0,0,444,3,30,0
1990,68,2,3,0,0,0,0,0,0,0
1990,44,1,3,0,0,1,473,0,65,0
1990,42,1,2,0,0,0,563,0,4,0
1990,65,2,2,0,0,0,174,5,0,0
1990,65,2,2,0,0,0,0,0,0,0
1990,30,1,0,0,0,1,22,5,50,0
1990,28,2,0,0,0,1,487,0,18,0
1990,48,1,0,0,0,0,628,1,45,0
1990,45,2,0,0,0,0,0,0,0,0
1990,20,1,1,0,0,0,777,1,40,0
1990,18,1,1,0,0,0,486,0,30,0
1990,35,1,0,0,0,0,453,6,37,0
1990,35,2,0,0,0,0,5,6,37,0
1990,56,1,0,0,0,0,843,0,50,0
1990,53,2,0,0,0,0,435,3,12,0
1990,22,2,1,0,0,0,315,1,40,0
1990,49,1,0,0,0,1,57,1,44,1
1990,42,2,0,0,0,1,0,0,0,0
1990,22,1,1,0,0,0,519,2,40,0
1990,20,2,1,0,0,0,736,1,40,0
1990,18,2,1,0,0,1,453,5,25,0
1990,75,2,3,0,0,0,0,0,0,0
1990,31,1,0,0,0,1,505,4,68,0
1990,34,2,0,0,0,0,303,4,40,0
1990,29,1,0,0,0,0,856,3,40,0
1990,33,2,0,0,0,1,313,5,43,0
1990,62,1,0,0,0,0,5,0,30,0
1990,63,2,0,0,0,0,0,0,0,0
1990,31,1,0,0,0,0,277,3,70,0
1990,25,2,0,0,0,0,877,3,40,0
1990,73,2,3,0,0,0,0,0,0,0
1990,52,1,0,0,0,0,516,0,40,0
1990,49,2,0,0,0,0,436,3,40,0
1990,27,1,1,0,0,0,883,1,60,0
1990,19,2,1,0,0,0,444,3,40,0
1990,69,1,0,0,0,0,0,0,0,0
1990,63,2,0,0,0,0,0,0,0,0
1990,34,1,1,0,0,1,448,5,40,0
1990,22,1,0,0,0,0,453,4,30,0
1990,19,2,0,0,0,0,335,4,30,0
1990,19,2,1,0,0,0,435,3,40,0
1990,22,1,1,0,0,0,17,3,40,0
1990,30,1,0,0,0,0,475,0,48,0
1990,20,2,0,0,0,0,439,3,20,0
1990,56,2,0,0,0,0,0,0,0,0
1990,58,1,0,0,0,0,804,2,50,0
1990,18,2,1,0,0,0,0,0,0,0
1990,61,1,0,0,0,0,735,1,40,0
1990,59,2,0,0,0,0,785,1,40,0
1990,34,1,0,0,0,1,597,0,40,0
1990,31,2,0,0,0,0,447,5,40,0
1990,23,2,0,0,0,0,243,3,40,0
1990,27,1,0,0,0,0,713,1,40,0
1990,76,2,1,0,0,1,156,5,0,0
1990,31,1,0,0,0,0,783,2,50,0
1990,30,2,0,0,0,1,779,1,40,0
1990,19,1,1,0,0,1,308,6,8,0
1990,18,1,1,0,0,1,274,3,20,0
1990,20,2,1,0,0,1,435,3,25,0
1990,76,1,0,0,0,0,0,0,0,0
1990,63,2,0,0,0,0,0,0,0,0
1990,56,1,0,0,0,0,0,0,0,0
1990,64,2,0,0,0,1,0,0,0,0
1990,69,2,3,0,0,0,0,0,0,0
1990,67,2,3,0,0,0,0,0,0,0
1990,68,1,0,0,0,0,0,0,0,0
1990,66,2,0,0,0,0,0,0,0,0
1990,29,1,0,0,0,0,567,0,40,0
1990,25,2,0,0,0,0,0,0,0,0
1990,20,2,1,0,0,1,276,5,38,0
1990,65,1,2,0,0,0,0,0,0,0
1990,52,1,2,0,0,1,243,3,60,0
1990,19,2,1,0,0,1,435,5,17,0
1990,27,1,1,0,0,1,579,0,40,0
1990,25,2,1,0,0,1,234,5,40,0
1990,55,2,0,0,0,1,447,5,14,0
1990,78,1,0,0,0,1,178,5,30,1
1990,69,2,3,0,0,0,379,5,0,0
1990,23,1,1,0,0,0,0,0,0,0
1990,21,1,1,1,0,0,276,3,0,0
1990,71,2,3,0,0,0,0,0,0,0
1990,49,1,1,0,0,0,575,0,35,0
1990,62,1,0,0,0,0,889,1,32,0
1990,56,2,0,0,0,0,337,6,15,0
1990,53,1,0,0,0,1,27,6,40,0
1990,52,2,0,0,0,0,313,5,80,0
1990,23,2,1,0,0,0,335,4,37,0
1990,59,1,0,0,0,0,549,6,48,0
1990,54,2,0,0,0,0,359,1,50,0
1990,65,1,0,0,0,1,55,1,0,0
1990,67,2,0,0,0,1,337,5,4,0
1990,57,2,3,0,0,0,747,1,32,0
1990,49,1,0,0,0,0,856,1,40,0
1990,42,2,0,0,0,0,29,3,20,0
1990,18,1,1,0,0,0,877,3,26,0
1990,34,1,0,0,0,1,904,6,40,0
1990,28,2,0,0,0,1,313,6,40,0
1990,41,1,0,0,0,1,243,3,50,0
1990,36,2,0,0,0,1,313,3,10,0
1990,42,1,0,0,0,0,804,2,50,0
1990,37,2,0,0,0,1,883,3,40,0
1990,37,1,0,0,0,0,505,3,40,0
1990,35,2,0,0,0,1,276,3,40,0
1990,29,1,0,0,0,1,235,6,40,0
1990,32,2,0,0,0,1,104,5,40,0
1990,53,1,0,0,0,1,637,1,45,0
1990,49,2,0,0,0,1,156,5,20,0
1990,26,1,1,0,0,1,218,0,45,0
1990,46,2,1,0,0,0,785,3,40,0
1990,37,1,0,0,0,0,518,1,46,0
1990,35,2,0,0,0,0,308,4,36,0
1990,39,1,0,0,0,1,904,6,60,0
1990,40,2,0,0,0,0,0,0,0,0
1990,27,2,0,0,0,0,319,1,40,0
1990,29,1,0,0,0,0,804,2,30,0
1990,47,1,0,0,0,0,22,1,40,0
1990,44,2,0,0,0,0,453,1,10,0
1990,18,2,1,0,0,1,435,3,20,0
1990,68,2,3,0,0,0,436,3,0,0
1990,54,2,0,0,0,0,0,0,0,0
1990,53,1,0,0,0,0,549,1,45,0
1990,20,2,1,0,0,0,439,3,20,0
1990,56,2,1,0,0,0,0,0,0,0
1990,52,2,1,0,0,0,0,0,0,0
1990,52,2,2,0,0,1,22,5,47,0
1990,78,2,3,0,0,1,0,0,0,0
1990,55,1,3,0,0,1,7,3,45,0
1990,58,1,0,0,0,0,0,0,0,0
1990,45,2,0,0,0,0,0,0,0,0
1990,21,2,1,0,0,1,274,3,20,0
1990,52,1,2,0,0,1,84,5,40,1
1990,35,1,0,0,0,1,417,6,42,0
1990,33,2,0,0,0,0,0,0,0,0
1990,70,1,0,0,0,0,536,5,40,0
1990,68,2,0,0,0,1,313,5,0,0
1990,63,2,3,0,0,0,379,4,40,0
1990,32,1,0,0,0,1,213,6,45,0
1990,27,2,0,0,0,1,21,5,35,0
1990,27,1,1,0,0,1,229,1,40,0
1990,21,1,1,0,0,1,308,5,60,0
1990,47,1,2,0,0,1,378,4,50,0
1990,50,1,0,0,0,1,15,5,42,1
1990,45,2,0,0,0,1,23,1,40,0
1990,44,2,3,0,0,1,143,5,45,0
1990,60,2,3,0,0,0,444,3,0,0
1990,33,1,0,0,0,0,243,3,50,1
1990,31,2,0,0,0,1,156,5,40,0
1990,36,1,0,0,0,1,363,4,60,0
1990,35,2,0,0,0,1,27,5,40,0
1990,22,1,1,0,0,1,418,6,36,0
1990,28,1,0,0,0,1,904,6,45,0
1990,28,2,0,0,0,1,0,0,0,0
1990,37,1,0,0,0,1,904,6,40,0
1990,31,2,0,0,0,1,0,0,0,0
1990,32,2,1,0,0,0,444,5,40,0
1990,32,1,3,0,0,0,505,4,40,0
1990,37,1,0,0,0,1,567,6,40,0
1990,35,2,0,0,0,0,785,1,40,0
1990,57,1,0,0,0,1,157,5,40,0
1990,57,2,0,0,0,0,276,5,20,0
1990,32,1,3,0,0,1,99,5,45,0
1990,45,1,0,0,0,0,853,0,40,0
1990,44,2,0,0,0,0,436,3,0,0
1990,23,1,1,0,0,1,453,5,20,0
1990,21,1,1,0,0,1,877,3,16,0
1990,34,1,0,0,0,0,804,0,40,0
1990,32,2,0,0,0,0,466,5,40,0
1990,69,2,3,0,0,0,0,0,0,0
1990,55,1,1,0,0,0,804,0,45,0
1990,26,1,1,0,0,0,869,0,40,0
1990,33,2,3,0,0,0,447,5,38,0
1990,57,1,3,0,0,0,453,1,40,0
1990,21,1,1,0,0,0,505,4,40,0
1990,30,1,0,0,0,0,473,0,40,0
1990,29,2,0,0,0,0,473,0,99,0
1990,75,1,3,0,0,1,0,0,0,0
1990,46,1,0,0,0,0,804,3,40,0
1990,45,2,0,0,0,1,207,5,40,0
1990,29,1,1,0,0,0,694,5,40,0
1990,30,2,1,0,0,1,276,3,40,0
1990,73,1,0,0,0,0,0,0,0,0
1990,58,2,0,0,0,1,21,5,35,0
1990,76,1,0,0,0,0,0,0,0,0
1990,33,1,0,0,0,0,486,5,43,0
1990,27,2,0,0,0,0,276,3,0,0
1990,43,1,0,0,0,1,383,4,48,0
1990,43,2,0,0,0,1,25,4,35,0
1990,18,2,1,0,0,0,436,3,20,0
1990,58,1,0,0,0,1,55,1,45,1
1990,56,2,0,0,0,1,0,0,0,0
1990,54,1,0,0,0,0,453,4,40,0
1990,55,2,0,0,0,0,348,2,40,0
1990,28,1,1,0,0,1,53,5,40,0
1990,31,1,0,0,0,1,558,0,45,0
1990,28,2,0,0,0,0,458,4,30,0
1990,44,1,0,0,0,1,84,5,40,1
1990,41,2,0,0,0,1,313,5,27,0
1990,33,1,0,0,0,0,567,0,40,0
1990,33,2,0,0,0,1,97,4,40,0
1990,38,1,0,0,0,0,22,1,50,0
1990,39,2,0,0,0,0,447,5,45,0
1990,18,1,1,0,0,0,436,3,15,0
1990,68,2,3,0,0,0,0,0,0,0
1990,58,1,0,0,0,1,22,2,40,0
1990,50,2,0,0,0,1,157,5,20,0
1990,39,1,0,0,0,0,475,0,98,0
1990,30,2,0,0,0,0,0,0,0,0
1990,22,2,1,0,0,1,276,3,15,0
1990,36,2,3,1,0,0,468,5,30,0
1990,18,1,1,1,0,0,444,5,10,0
1990,66,2,1,1,0,0,467,5,20,0
1990,61,1,3,0,0,0,17,3,20,1
1990,70,2,3,0,0,0,435,3,20,0
1990,36,1,2,0,0,1,459,5,0,0
1990,22,1,0,0,0,0,777,4,47,0
1990,21,2,0,0,0,0,385,5,37,0
1990,69,2,1,0,0,0,0,0,0,0
1990,35,2,1,0,0,1,174,5,35,0
1990,37,1,0,0,0,0,486,0,45,0
1990,28,2,0,0,0,1,909,6,0,0
1990,80,2,1,0,0,0,0,0,0,0
1990,29,2,2,0,0,0,0,0,0,0
1990,49,1,0,0,3,0,0,0,0,0
1990,32,1,1,0,0,1,178,5,60,1
1990,38,1,0,0,0,0,567,0,40,0
1990,37,2,0,0,0,0,387,5,34,0
1990,21,2,1,0,0,1,348,5,40,0
1990,71,1,0,0,0,1,354,2,40,0
1990,68,2,0,0,0,0,0,0,0,0
1990,29,1,1,0,0,1,89,5,40,0
1990,37,1,1,0,0,1,589,4,50,0
1990,40,2,1,0,0,1,439,3,40,0
1990,20,1,1,0,0,1,435,3,40,0
1990,40,2,2,0,0,0,257,2,40,0
1990,77,1,0,0,0,0,0,0,0,0
1990,78,2,0,0,0,0,0,0,0,0
1990,40,1,2,0,0,1,796,1,40,0
1990,32,1,1,0,0,1,375,4,54,0
1990,63,1,0,0,0,1,485,5,0,0
1990,63,2,0,0,0,0,17,4,40,0
1990,61,2,3,0,0,0,0,0,0,0
1990,33,1,1,0,0,1,696,1,80,0
1990,29,1,1,0,0,1,804,3,52,0
1990,33,1,0,0,0,0,804,2,40,0
1990,34,2,0,0,0,0,375,4,33,0
1990,71,1,0,0,0,0,0,0,0,0
1990,66,2,0,0,0,0,0,0,0,0
1990,42,1,0,0,0,1,66,4,37,1
1990,36,2,0,0,0,1,0,0,0,0
1990,42,2,0,3,3,0,647,1,40,0
1990,47,1,0,3,3,1,796,0,40,0
1990,19,1,1,3,3,0,0,0,0,0
1990,18,2,1,3,3,0,0,0,0,0
1990,49,1,2,0,0,1,226,2,25,1
1990,62,2,1,0,0,1,0,0,0,0
1990,29,1,0,0,0,1,213,1,50,0
1990,29,2,0,0,0,1,56,4,40,0
1990,59,1,0,0,0,1,22,1,40,1
1990,52,2,0,0,0,1,319,4,5,0
1990,22,1,1,0,0,1,267,3,30,0
1990,65,2,3,0,0,0,274,3,12,0
1990,49,2,2,0,0,1,174,5,30,0
1990,72,1,0,0,0,0,0,0,0,0
1990,72,2,0,0,0,0,0,0,0,0
1990,50,1,0,0,0,1,23,6,45,0
1990,49,2,0,0,0,1,8,1,50,1
1990,64,1,0,0,0,0,436,3,50,0
1990,52,2,0,0,0,0,447,5,40,0
1990,24,2,1,0,0,1,96,3,40,0
1990,21,1,1,0,0,1,0,0,0,0
1990,64,1,0,0,0,1,43,6,45,0
1990,58,2,0,0,0,1,95,5,24,0
1990,32,1,1,0,0,1,22,2,40,0
1990,40,1,0,0,0,1,5,6,40,0
1990,34,2,0,0,0,1,157,5,40,0
1990,28,2,3,0,0,0,0,0,0,0
1990,40,1,3,0,0,0,889,1,40,0
1990,32,1,0,0,0,0,747,1,40,0
1990,31,2,0,0,0,0,156,5,30,0
1990,19,1,1,0,0,1,436,3,25,0
1990,23,1,1,0,0,1,17,3,40,0
1990,56,2,1,0,0,0,0,0,0,0
1990,22,1,1,0,0,0,573,0,60,0
1990,21,2,1,0,0,0,276,3,0,0
1990,73,1,0,0,0,0,808,5,0,0
1990,65,2,0,0,0,0,0,0,0,0
1990,34,1,1,0,0,0,364,1,8,0
1990,58,1,0,0,0,0,5,6,40,0
1990,55,2,0,0,0,0,0,0,0,0
1990,57,1,0,0,0,0,22,1,50,0
1990,58,2,0,0,0,0,348,1,40,0
1990,38,1,2,0,0,0,628,1,40,0
1990,42,2,2,0,0,0,769,1,40,0
1990,76,2,3,0,0,0,0,0,0,0
1990,25,1,3,0,0,0,479,0,40,0
1990,41,2,2,0,0,0,719,1,40,0
1990,19,2,1,0,0,0,748,4,40,0
1990,24,1,1,0,0,0,364,1,45,0
1990,62,2,3,0,0,1,0,0,0,0
1990,39,2,1,0,0,1,23,1,46,0
1990,43,1,3,0,0,0,0,0,0,0
1990,67,2,3,0,0,1,0,0,0,0
1990,22,1,0,0,0,1,563,0,40,0
1990,21,2,0,0,0,1,274,3,0,0
1990,36,2,3,0,0,1,95,5,40,0
1990,25,2,3,0,0,0,308,1,40,0
1990,26,2,0,0,0,0,433,3,0,0
1990,28,1,0,0,0,1,806,3,55,0
1990,69,1,0,0,0,1,53,0,40,0
1990,72,2,0,0,0,0,0,0,0,0
1990,57,1,0,0,0,0,567,0,0,0
1990,51,2,0,0,0,1,95,5,40,0
1990,21,1,1,0,0,0,573,1,56,0
1990,36,2,0,0,0,0,387,5,32,0
1990,41,1,0,0,0,1,779,1,42,0
1990,26,1,0,0,0,0,475,0,65,0
1990,28,2,0,0,0,0,0,0,0,0
1990,32,2,3,0,0,0,276,3,30,0
1990,32,1,2,0,0,0,804,3,40,0
1990,23,2,3,0,0,0,436,3,0,0
1990,56,1,0,0,0,1,785,1,40,0
1990,57,2,0,0,0,0,313,1,37,0
1990,49,1,0,0,0,0,783,1,40,0
1990,41,2,0,0,0,1,316,6,40,0
1990,18,1,1,0,0,0,877,3,16,0
1990,40,1,3,0,0,0,554,0,40,0
1990,33,2,3,0,0,0,383,4,40,0
1990,35,1,0,0,0,0,804,0,40,0
1990,32,2,0,0,0,0,777,1,40,0
1990,35,1,2,0,0,1,473,0,60,0
1990,69,1,3,0,0,1,0,0,0,0
1990,37,1,0,0,0,1,24,4,35,0
1990,29,2,0,0,0,1,466,5,25,0
1990,38,2,2,0,0,0,22,3,45,0
1990,27,1,0,0,0,0,779,1,40,0
1990,23,2,0,0,0,0,637,1,40,0
1990,75,2,3,0,0,0,0,0,0,0
1990,57,2,1,0,2,0,744,1,40,0
1990,64,1,1,0,2,1,0,0,0,0
1990,40,1,0,0,0,1,637,1,40,0
1990,35,2,0,0,0,0,375,4,37,0
1990,63,1,0,0,0,0,549,4,40,0
1990,57,2,0,0,0,0,356,1,40,0
1990,50,1,0,0,0,1,5,6,45,0
1990,50,2,0,0,0,0,275,4,20,0
1990,24,2,1,0,0,1,243,3,40,0
1990,29,1,0,0,0,1,573,0,40,0
1990,30,2,0,0,0,1,877,3,40,0
1990,62,2,3,0,0,1,243,3,35,0
1990,66,2,1,0,0,1,0,0,0,0
1990,49,1,0,0,0,1,243,3,45,0
1990,47,2,0,0,0,0,13,3,0,0
1990,22,2,3,0,0,0,756,1,0,0
1990,23,2,1,0,0,0,164,5,20,0
1990,26,1,1,0,0,0,479,0,55,0
1990,66,1,0,0,0,1,303,6,0,0
1990,28,2,0,0,0,0,0,0,0,0
1990,31,1,0,0,0,0,628,1,40,0
1990,26,2,0,0,0,1,308,1,40,0
1990,55,1,0,0,0,1,473,0,90,0
1990,48,2,0,0,0,0,0,0,0,0
1990,23,1,1,0,0,0,479,0,40,0
1990,19,1,1,0,0,0,479,0,40,0
1990,47,2,2,0,0,0,447,5,37,0
1990,47,1,0,0,0,1,266,3,45,0
1990,40,2,0,0,0,1,156,5,40,0
1990,64,1,0,0,0,1,157,5,0,0
1990,61,2,0,0,0,1,156,5,0,0
1990,40,1,1,0,0,1,434,3,50,0
1990,30,2,0,0,0,0,174,5,24,0
1990,33,1,0,0,0,0,0,0,0,0
1990,38,1,0,0,0,1,424,6,40,0
1990,38,2,0,0,0,1,159,5,40,0
1990,46,1,0,0,0,1,0,0,0,0
1990,43,2,0,0,0,0,0,0,0,0
1990,21,2,1,0,0,1,809,5,30,0
1990,32,2,3,0,0,1,313,5,40,0
1990,36,1,1,0,0,1,418,6,40,0
1990,51,1,0,0,0,0,0,0,0,0
1990,45,2,0,0,2,0,0,0,0,0
1990,20,1,0,0,0,0,444,3,40,0
1990,21,2,0,0,0,0,449,4,0,0
1990,27,1,0,0,0,0,875,2,12,0
1990,22,2,0,0,0,0,405,4,0,0
1990,35,1,1,0,0,0,804,6,40,0
1990,34,2,0,0,0,0,407,4,25,0
1990,75,1,0,0,0,0,0,0,0,0
1990,75,2,0,0,0,0,0,0,0,0
1990,66,2,3,0,0,0,0,0,0,0
1990,44,1,0,3,0,0,804,2,0,0
1990,38,2,0,0,0,0,435,3,0,0
1990,33,2,2,0,0,1,567,0,40,0
1990,37,1,2,0,0,1,567,0,40,0
1990,43,1,0,0,0,1,453,5,40,0
1990,32,2,0,0,0,0,447,5,40,0
1990,32,1,0,0,0,0,558,0,40,0
1990,31,2,0,0,0,0,276,4,42,0
1990,56,2,3,0,0,0,0,0,0,0
1990,42,1,0,0,0,0,766,1,40,0
1990,42,2,0,0,0,1,313,1,40,0
1990,19,2,1,0,0,1,264,3,35,0
1990,32,1,3,3,1,0,869,0,40,0
1990,31,1,0,0,0,0,533,1,48,0
1990,32,2,0,0,0,0,447,5,40,0
1990,42,2,1,0,0,1,443,3,20,0
1990,79,1,3,0,0,0,0,0,0,0
1990,31,1,0,0,0,0,505,3,40,0
1990,32,2,0,0,0,0,337,5,40,0
1990,42,1,0,0,0,0,869,0,40,0
1990,50,2,0,0,0,0,434,3,0,0
1990,70,2,3,0,0,0,345,5,0,0
1990,33,2,1,0,0,0,785,1,40,0
1990,53,1,2,0,0,0,307,1,40,0
1990,69,1,0,0,0,1,365,3,40,0
1990,62,2,0,0,0,0,275,3,35,0
1990,59,1,0,0,0,0,5,0,0,0
1990,59,2,0,0,0,0,17,0,70,0
1990,63,1,0,0,0,0,475,0,65,0
1990,67,2,0,0,0,0,0,0,0,0
1990,47,1,0,0,0,1,156,5,45,0
1990,43,2,0,0,0,0,319,5,40,0
1990,73,2,0,0,2,1,0,0,0,0
1990,40,1,1,0,0,1,186,5,40,0
1990,22,2,2,0,0,0,436,5,12,0
1990,42,1,0,0,0,1,516,0,40,0
1990,39,2,0,0,0,0,37,1,40,0
1990,66,2,3,0,0,0,0,0,0,0
1990,26,2,1,0,0,1,17,3,40,0
1990,34,1,0,0,0,1,696,1,48,0
1990,37,2,0,0,0,1,208,5,40,0
1990,20,2,1,0,0,1,276,3,35,0
1990,72,1,3,0,0,1,21,5,80,0
1990,62,1,0,0,0,1,59,5,10,0
1990,63,2,0,0,0,1,323,5,4,0
1990,65,1,0,0,0,0,479,0,20,0
1990,71,2,0,0,0,0,0,0,0,0
1990,30,2,1,0,0,1,6,6,42,0
1990,38,1,0,0,0,0,389,1,30,0
1990,36,2,0,0,0,0,315,4,37,0
1990,45,1,2,0,0,0,448,4,45,0
1990,26,2,1,0,0,1,313,5,40,0
1990,79,2,3,0,0,1,0,0,0,1
1990,44,1,0,0,0,1,159,5,35,0
1990,41,2,0,0,0,1,157,5,35,0
1990,49,1,2,0,0,0,889,1,40,0
1990,68,2,3,0,0,0,0,0,0,0
1990,62,2,3,0,0,0,0,0,0,0
1990,44,2,2,0,0,0,447,5,0,0
1990,53,1,2,0,0,0,447,5,45,0
1990,45,1,2,0,0,1,243,3,45,0
1990,36,2,2,0,0,1,274,3,40,0
1990,48,1,0,0,0,0,804,2,70,0
1990,40,2,0,0,0,0,447,5,0,0
1990,20,1,1,0,0,1,159,4,60,0
1990,36,1,0,0,0,1,447,5,40,0
1990,23,2,0,0,0,0,447,5,44,0
1990,60,2,1,0,0,0,785,1,56,0
1990,49,2,2,0,0,0,799,3,40,0
1990,26,1,1,0,0,1,734,1,40,0
1990,22,2,1,0,0,0,479,0,0,0
1990,51,1,0,0,0,1,22,3,50,1
1990,48,2,0,0,0,0,0,0,0,0
1990,21,1,1,0,0,0,436,3,20,0
1990,63,1,0,0,0,1,73,1,40,1
1990,64,2,0,0,0,1,0,0,0,1
1990,27,1,0,0,0,0,777,1,40,0
1990,29,2,0,0,2,1,318,2,40,0
1990,49,1,0,0,0,0,0,0,0,0
1990,48,2,0,0,0,0,449,4,30,0
1990,67,1,0,0,0,0,0,0,0,0
1990,66,2,0,0,0,1,0,0,0,0
1990,22,1,0,0,0,0,579,1,45,0
1990,20,2,0,0,0,0,447,5,20,0
1990,32,1,0,0,0,1,424,6,40,0
1990,32,2,0,0,0,1,389,6,40,0
1990,39,1,2,0,2,1,447,5,40,0
1990,40,1,3,0,0,1,527,2,40,0
1990,27,1,1,0,0,0,22,3,50,0
1990,56,1,0,0,0,0,567,0,42,0
1990,55,2,0,0,0,0,0,0,0,0
1990,42,1,0,0,0,1,585,1,40,0
1990,42,2,0,0,0,0,0,0,0,0
1990,39,2,2,0,0,0,447,5,40,0
1990,42,1,0,0,0,1,22,0,40,0
1990,45,2,0,0,0,0,207,6,40,0
1990,55,1,1,0,0,1,37,5,0,0
1990,63,2,3,0,0,0,407,4,12,0
1990,75,2,3,0,0,0,0,0,0,0
1990,20,2,1,0,0,1,789,1,40,0
1990,39,1,0,0,0,1,22,0,45,1
1990,35,2,0,0,0,1,435,3,20,0
1990,23,1,0,0,0,0,734,1,45,0
1990,20,2,0,0,0,0,458,4,35,0
1990,44,1,0,0,0,0,22,3,45,0
1990,39,2,0,0,0,1,7,4,40,0
1990,20,2,1,0,0,1,383,4,30,0
1990,46,2,2,0,0,0,424,6,40,0
1990,44,1,2,0,0,0,424,6,40,0
1990,46,1,0,0,0,1,549,2,40,1
1990,47,2,0,0,0,1,37,4,40,0
1990,21,2,1,0,0,1,0,0,0,0
1990,24,1,1,0,0,0,597,0,45,1
1990,48,2,3,0,0,1,7,4,40,1
1990,44,1,0,0,0,1,44,1,48,1
1990,45,2,0,0,0,1,0,0,0,0
1990,19,2,1,0,0,1,274,4,20,0
1990,52,1,0,0,0,1,85,5,48,1
1990,49,2,0,0,0,1,254,4,35,0
1990,24,2,1,0,0,0,435,3,32,0
1990,46,1,0,0,0,1,44,1,40,0
1990,45,2,0,0,0,1,276,5,0,0
1990,30,1,0,0,0,1,505,3,40,0
1990,30,2,0,0,0,1,313,5,40,0
1990,26,1,0,0,0,1,55,3,55,0
1990,25,2,0,0,0,1,22,0,60,0
1990,54,2,3,0,0,1,313,3,9,0
1990,40,2,2,0,0,1,22,3,40,0
1990,35,1,2,0,0,0,777,1,49,0
1990,26,1,0,0,0,0,696,4,45,0
1990,23,2,0,0,0,0,315,6,35,0
1990,65,1,0,0,0,1,22,1,36,0
1990,63,2,0,0,0,0,425,6,15,0
1990,35,1,0,0,0,0,518,1,40,0
1990,34,2,0,0,0,0,0,0,0,0
1990,37,1,0,0,0,0,174,6,70,0
1990,36,2,0,0,0,0,276,3,29,0
1990,56,1,0,0,0,1,535,4,35,0
1990,45,2,0,0,0,1,535,4,35,0
1990,33,1,0,0,2,1,156,5,30,0
1990,34,2,0,0,0,1,164,5,15,0
1990,39,1,0,0,0,1,243,3,55,1
1990,27,2,0,0,0,1,25,4,0,0
1990,56,2,0,0,0,0,315,5,35,0
1990,57,1,0,0,0,1,44,1,40,1
1990,28,1,1,0,0,1,877,1,40,0
1990,36,1,0,0,0,1,446,5,43,0
1990,30,2,0,0,0,1,337,1,41,0
1990,25,2,1,0,0,1,23,1,45,0
1990,30,2,1,0,0,1,64,4,35,0
1990,41,1,0,0,0,1,243,3,50,0
1990,34,2,0,0,0,1,354,2,30,0
1990,62,1,0,0,0,0,567,0,40,0
1990,42,2,0,0,0,1,257,2,40,1
1990,46,1,2,0,0,0,56,1,45,0
1990,76,2,0,0,0,0,0,0,0,0
1990,19,2,1,0,0,1,379,4,36,0
1990,49,1,0,0,0,1,216,0,60,0
1990,46,2,0,0,0,0,0,0,0,0
1990,25,1,1,0,0,0,423,6,37,0
1990,22,2,2,0,0,0,319,3,40,0
1990,27,1,0,0,0,0,243,3,40,0
1990,27,2,0,0,0,0,376,4,40,0
1990,38,1,0,0,0,1,518,1,50,0
1990,35,2,0,0,0,1,313,1,40,0
1990,50,1,0,0,0,0,567,1,40,0
1990,43,2,0,0,0,0,785,1,0,0
1990,80,2,3,0,0,0,0,0,0,0
1990,43,1,0,0,0,0,804,1,40,0
1990,48,2,0,0,0,0,0,0,0,0
1990,60,1,0,0,0,0,77,5,50,0
1990,57,2,0,0,0,0,0,0,0,0
1990,46,1,0,0,0,1,176,5,38,0
1990,44,2,0,0,0,1,167,5,12,0
1990,39,1,2,0,0,0,417,6,50,0
1990,33,2,2,0,0,0,744,1,0,0
1990,63,1,0,0,0,0,453,5,40,0
1990,56,2,0,0,0,0,0,0,0,0
1990,62,1,0,0,0,0,869,6,48,0
1990,58,2,0,0,0,0,5,6,37,0
1990,77,1,0,0,0,0,0,0,0,0
1990,72,2,0,0,0,0,0,0,0,0
1990,35,1,0,0,0,0,804,0,40,0
1990,35,2,0,0,0,1,0,0,0,0
1990,62,1,0,0,0,1,0,0,0,0
1990,62,2,0,0,0,0,0,0,0,0
1990,72,2,0,0,0,1,0,0,0,0
1990,50,1,3,0,0,1,418,6,40,0
1990,43,2,2,0,0,0,439,3,40,0
1990,67,1,0,0,0,0,0,0,0,0
1990,38,2,0,0,0,0,465,5,0,0
1990,44,1,0,0,0,1,53,5,40,0
1990,46,2,0,0,0,1,383,4,40,0
1990,42,1,0,0,0,1,73,6,40,0
1990,37,2,0,0,0,0,0,0,0,0
1990,79,1,0,0,0,0,0,0,0,0
1990,74,2,0,0,0,1,0,0,0,0
1990,56,2,0,0,0,1,0,0,0,0
1990,62,1,0,0,0,1,508,2,50,0
1990,55,1,1,0,0,1,43,5,45,1
1990,28,1,0,0,0,0,436,3,40,0
1990,25,2,0,0,0,0,359,3,40,0
1990,49,1,0,0,0,0,637,1,40,0
1990,48,2,0,0,0,0,243,3,40,0
1990,29,2,1,0,0,1,22,4,40,0
1990,79,2,3,0,0,0,0,0,0,0
1990,25,1,3,0,0,0,804,0,40,0
1990,48,1,0,0,0,1,628,1,40,0
1990,49,2,0,0,0,1,436,3,25,0
1990,26,1,1,0,0,1,579,1,25,0
1990,22,1,1,0,0,1,23,4,55,0
1990,18,1,1,0,0,1,389,5,40,0
1990,21,1,1,0,0,0,505,4,40,0
1990,25,2,1,0,0,0,276,3,30,0
1990,50,2,3,0,0,0,0,0,0,0
1990,43,1,0,0,0,1,157,5,34,1
1990,48,2,0,0,0,1,14,5,45,0
1990,27,1,0,3,0,0,486,0,0,0
1990,23,2,0,0,0,0,453,4,0,0
1990,33,1,0,0,0,1,749,4,40,0
1990,31,2,0,0,0,0,344,5,40,0
1990,77,2,3,0,0,0,0,0,0,0
1990,33,1,0,1,0,0,804,2,10,0
1990,41,2,0,0,0,0,337,3,38,0
1990,30,1,2,0,0,1,56,3,40,0
1990,43,1,0,0,0,0,637,1,40,0
1990,48,2,0,0,0,0,447,5,0,0
1990,20,2,1,0,0,1,154,5,7,0
1990,32,2,2,0,0,1,658,4,30,0
1990,24,2,1,0,0,0,389,1,0,0
1990,59,2,3,1,0,0,447,5,40,0
1990,31,1,1,1,0,0,385,1,40,0
1990,30,1,1,0,0,1,185,1,50,0
1990,68,1,3,1,0,0,0,0,0,0
1990,79,2,2,1,0,0,0,0,0,0
1990,77,2,3,0,2,0,0,0,0,0
1990,54,2,2,0,0,1,259,3,42,0
1990,49,1,2,0,0,0,453,5,30,0
1990,31,1,0,0,0,1,354,2,40,0
1990,31,2,0,0,0,1,204,5,16,0
1990,21,1,1,0,0,1,48,1,25,0
1990,25,1,1,0,0,1,505,3,40,0
1990,22,1,1,0,0,1,21,5,0,0
1990,18,1,1,0,0,1,799,6,40,0
1990,32,1,0,3,3,1,467,5,20,0
1990,29,2,0,3,3,1,0,0,0,0
1990,74,1,0,0,0,1,84,5,40,1
1990,75,2,0,0,0,1,0,0,0,0
1990,35,2,1,0,0,1,14,5,40,0
1990,36,2,3,0,0,0,447,5,40,0
1990,19,1,1,0,0,1,308,5,35,0
1990,78,1,0,0,0,0,808,2,25,0
1990,67,2,0,0,0,0,0,0,0,0
1990,65,2,3,0,0,0,447,5,20,0
1990,28,2,1,0,0,1,23,4,40,0
1990,29,1,0,0,0,1,56,1,49,0
1990,29,2,0,0,0,1,203,5,15,0
1990,34,1,0,0,0,1,157,5,40,0
1990,31,2,0,0,0,1,185,3,40,0
1990,38,2,0,0,0,0,319,5,39,0
1990,45,1,0,0,0,0,536,4,42,0
1990,43,1,0,0,0,0,579,0,40,0
1990,44,2,0,0,0,1,389,5,37,0
1990,57,2,1,0,0,1,204,5,40,0
1990,29,1,0,0,0,1,426,2,60,0
1990,32,2,0,0,0,0,389,4,37,0
1990,41,1,2,0,0,1,22,4,45,1
1990,37,2,1,0,0,1,158,5,45,0
1990,34,1,0,0,0,1,447,6,48,0
1990,32,2,0,0,0,1,207,5,48,0
1990,52,1,1,0,0,0,0,0,0,0
1990,37,2,2,0,0,1,447,5,50,0
1990,28,1,0,0,0,1,804,3,40,0
1990,31,2,0,0,0,1,303,4,40,0
1990,54,1,3,0,0,0,877,3,44,0
1990,60,1,0,0,0,0,777,1,40,0
1990,58,2,0,0,0,0,376,4,40,0
1990,66,1,1,0,0,0,0,0,0,0
1990,29,1,1,0,0,1,267,3,40,0
1990,27,2,3,0,0,0,313,3,40,0
1990,37,1,3,0,0,1,889,3,42,0
1990,23,1,1,0,0,1,254,4,40,0
1990,19,2,1,0,0,0,313,4,40,0
1990,21,2,1,3,0,1,376,4,37,0
1990,36,1,0,0,0,1,554,0,50,0
1990,34,2,0,0,0,1,105,5,37,0
1990,40,2,2,0,0,1,147,5,45,0
1990,40,1,1,0,0,1,163,5,0,0
1990,56,1,0,0,0,1,87,5,40,1
1990,52,2,0,0,0,1,313,3,32,0
1990,26,2,1,0,2,0,505,3,50,0
1990,21,1,1,0,0,0,364,3,40,0
1990,24,1,0,0,0,0,554,0,53,0
1990,21,2,0,0,0,0,0,0,0,0
1990,26,1,1,0,0,1,534,0,40,0
1990,64,2,1,0,0,1,0,0,0,0
1990,49,1,0,3,3,0,754,1,35,0
1990,47,2,0,3,4,0,754,1,40,0
1990,32,1,1,0,0,1,749,6,35,0
1990,27,1,1,0,0,1,27,6,44,0
1990,51,1,2,0,0,0,0,0,0,0
1990,66,2,0,0,0,0,774,4,75,0
1990,66,1,0,0,0,0,0,0,0,0
1990,38,1,0,0,0,1,549,1,40,0
1990,38,2,0,0,0,1,387,5,13,0
1990,37,1,0,0,0,1,503,3,60,0
1990,26,2,0,0,0,1,387,5,7,0
1990,60,2,3,0,0,0,276,3,40,0
1990,67,2,3,0,0,0,0,0,0,0
1990,28,2,2,0,0,0,0,0,0,0
1990,26,2,1,0,0,0,785,1,40,0
1990,31,1,0,0,0,1,22,1,0,0
1990,24,2,0,0,0,1,447,5,40,0
1990,52,2,3,0,0,0,0,0,0,0
1990,23,2,1,1,0,0,276,3,40,0
1990,50,1,0,0,0,0,274,3,40,0
1990,41,2,0,0,0,0,318,2,40,0
1990,25,1,0,0,0,1,529,2,50,0
1990,25,2,0,0,0,1,313,6,37,0
1990,65,1,0,0,0,1,213,1,0,0
1990,61,2,0,0,0,0,389,3,32,0
1990,24,2,1,0,2,1,389,4,40,0
1990,28,1,3,0,0,1,73,1,40,0
1990,46,1,0,0,0,0,628,1,40,0
1990,47,2,0,0,0,0,313,6,37,0
1990,73,2,3,0,0,0,0,0,0,0
1990,19,2,1,0,0,0,433,3,30,0
1990,63,2,2,0,0,1,15,5,40,0
1990,71,1,0,0,0,1,156,5,0,0
1990,71,2,0,0,0,1,0,0,0,0
1990,32,1,0,0,0,1,178,5,45,1
1990,31,2,0,0,0,1,17,4,0,0
1990,44,1,0,0,0,1,69,1,40,0
1990,36,2,0,0,0,1,128,5,14,0
1990,55,1,0,0,0,0,453,5,40,0
1990,51,2,0,0,0,0,379,4,40,0
1990,31,1,1,0,0,0,779,1,40,0
1990,41,1,1,0,0,1,423,6,35,0
1990,43,1,1,0,0,1,26,1,0,0
1990,63,1,0,0,0,0,473,0,40,0
1990,64,2,0,0,0,0,479,0,0,0
1990,43,1,0,0,2,0,436,3,60,1
1990,38,2,0,0,2,0,17,3,40,0
1990,38,2,1,0,0,1,156,5,40,0
1990,51,1,0,0,0,1,157,5,60,0
1990,45,2,0,0,0,1,156,5,40,0
1990,20,1,1,0,0,1,257,0,30,0
1990,18,2,1,0,0,0,278,1,8,0
1990,44,1,0,0,0,1,156,5,40,0
1990,44,2,0,0,0,1,156,5,40,0
1990,71,2,2,0,0,0,0,0,0,0
1990,48,1,0,0,0,1,434,3,60,0
1990,48,2,0,0,0,1,95,6,55,0
1990,62,2,2,0,0,1,313,3,40,0
1990,29,1,2,0,0,0,439,3,35,0
1990,57,1,0,0,0,0,22,2,40,0
1990,58,2,0,0,0,0,0,0,0,0
1990,57,1,0,0,0,0,533,3,40,0
1990,55,2,0,0,0,0,466,5,55,0
1990,80,1,0,0,0,0,0,0,0,0
1990,74,2,0,0,0,0,0,0,0,0
1990,22,2,0,0,0,0,335,5,40,0
1990,27,1,0,0,0,0,889,1,30,0
1990,39,1,0,0,0,1,806,3,10,0
1990,41,2,0,0,0,0,796,3,30,0
1990,38,1,0,0,0,0,809,2,55,0
1990,43,2,0,0,0,0,808,5,40,0
1990,71,1,0,1,0,1,426,4,30,0
1990,67,2,0,1,0,0,0,0,0,0
1990,60,2,1,0,0,0,303,2,37,0
1990,60,2,1,0,0,0,385,3,40,0
1990,33,2,2,0,0,1,337,4,60,0
1990,38,1,1,0,0,0,449,4,75,0
1990,40,2,2,0,0,1,5,6,50,1
1990,19,2,1,0,0,1,0,0,0,0
1990,21,2,1,0,0,1,276,0,25,0
1990,18,1,1,0,0,0,387,5,22,0
1990,20,2,1,0,0,1,276,3,30,0
1990,52,1,1,0,1,1,0,0,0,0
1990,49,1,2,1,0,1,687,1,0,0
1990,66,2,3,0,0,0,448,4,0,0
1990,42,1,1,0,0,0,453,4,40,0
1990,64,1,1,0,0,0,0,0,0,0
1990,19,2,1,0,0,1,444,3,30,0
1990,46,1,1,1,0,0,687,3,40,0
1990,22,1,0,0,0,0,804,3,60,0
1990,20,2,0,0,0,1,383,4,40,0
1990,54,1,1,1,0,0,0,0,0,0
1990,44,1,0,0,0,0,22,3,40,0
1990,47,2,0,1,0,0,0,0,0,0
1990,69,2,3,1,0,0,5,6,37,0
1990,27,1,1,1,0,1,887,2,40,0
1990,20,2,1,1,0,0,234,5,40,0
1990,22,1,1,0,0,1,74,0,20,0
1990,22,1,1,0,0,1,446,3,40,0
1990,22,1,1,0,0,1,96,3,40,0
1990,28,1,2,0,0,1,869,0,62,0
1990,26,2,1,0,0,1,315,6,40,0
1990,37,2,3,0,0,1,27,5,20,0
1990,68,2,3,0,0,0,197,5,35,0
1990,49,2,1,0,0,1,156,5,40,1
1990,47,2,1,0,0,1,385,2,40,0
1990,78,1,3,0,0,1,0,0,0,0
1990,74,2,3,0,2,0,0,0,0,0
1990,50,2,2,0,0,1,389,5,40,0
1990,22,2,1,0,0,1,458,4,35,0
1990,21,1,1,0,0,1,436,3,20,0
1990,60,2,3,0,0,1,303,6,35,0
1990,25,2,1,0,0,1,426,4,40,0
1990,79,1,2,0,0,0,0,0,0,0
1990,66,2,1,0,0,1,25,4,0,0
1990,60,1,0,0,0,0,809,2,0,0
1990,59,2,0,0,0,0,453,6,32,0
1990,26,1,1,0,0,1,257,4,40,0
1990,23,1,1,0,0,1,573,0,25,0
1990,50,1,3,0,0,0,417,6,40,0
1990,36,2,3,3,3,1,447,5,40,0
1990,35,1,1,0,0,1,5,6,37,0
1990,39,2,1,0,0,1,303,6,37,0
1990,31,1,1,2,0,0,453,4,35,0
1990,56,1,0,3,3,1,159,6,40,0
1990,52,2,0,3,3,0,387,5,0,0
1990,33,2,0,3,3,1,84,5,90,0
1990,43,1,0,1,0,1,174,5,40,1
1990,39,1,0,0,0,1,178,5,45,1
1990,39,2,0,0,0,1,254,4,15,0
1990,28,2,1,3,0,1,44,1,40,0
1990,53,2,2,0,0,1,14,5,50,1
1990,58,1,0,0,0,1,235,5,50,1
1990,51,2,0,0,0,1,188,5,20,0
1990,55,1,0,0,0,1,518,4,44,0
1990,56,2,0,0,0,1,337,3,0,0
1990,51,1,0,0,0,0,5,0,40,1
1990,47,2,0,0,0,1,95,5,40,0
1990,18,2,1,0,0,1,276,3,16,0
1990,40,1,0,0,0,0,523,1,40,0
1990,38,2,0,0,0,0,276,3,29,0
1990,32,2,2,0,0,1,434,4,32,0
1990,39,1,0,0,0,0,423,6,40,0
1990,38,2,0,0,0,0,33,6,40,0
1990,19,1,0,0,0,0,883,1,40,0
1990,73,1,0,0,0,1,0,0,0,0
1990,71,2,0,0,0,0,0,0,0,0
1990,66,1,0,0,0,0,877,3,30,0
1990,62,2,0,0,0,0,337,6,40,0
1990,28,1,1,0,0,0,877,3,30,0
1990,35,2,2,0,0,0,29,3,40,0
1990,44,1,0,0,0,1,156,5,42,0
1990,44,2,0,0,0,1,95,5,40,0
1990,19,2,1,0,0,0,156,5,30,0
1990,19,2,1,0,0,0,467,5,30,0
1990,73,1,0,0,0,0,0,0,0,0
1990,73,2,0,0,0,0,0,0,0,0
1990,49,1,0,0,0,0,567,6,44,0
1990,30,2,0,0,0,0,313,6,18,0
1990,60,1,0,3,3,1,558,0,24,0
1990,49,2,0,0,0,0,0,0,0,0
1990,29,1,3,3,0,0,567,0,40,0
1990,20,1,1,3,0,0,339,1,24,0
1990,22,2,3,0,0,1,276,3,35,0
1990,32,1,0,0,0,0,844,0,50,0
1990,25,2,0,0,0,0,375,4,40,0
1990,80,1,0,0,0,0,0,0,0,0
1990,74,2,0,0,0,0,0,0,0,0
1990,78,2,3,0,0,0,0,0,0,0
1990,32,2,1,0,0,0,23,3,40,0
1990,21,2,1,0,0,0,749,1,0,0
1990,24,1,1,0,0,0,505,3,40,0
1990,51,2,2,0,0,1,253,4,7,0
1990,43,1,0,0,0,1,386,6,52,0
1990,42,2,0,0,0,0,276,3,38,0
1990,18,2,1,0,0,0,276,3,30,0
1990,32,2,2,0,0,1,274,3,25,0
1990,31,1,1,0,0,1,26,1,0,0
1990,52,1,0,0,0,0,549,2,40,0
1990,46,2,0,0,0,0,385,4,40,0
1990,25,1,1,0,0,0,579,0,40,0
1990,39,2,2,0,0,0,308,5,60,0
1990,58,1,0,0,0,1,373,1,40,0
1990,59,2,0,0,0,0,314,2,0,0
1990,39,1,0,0,0,1,164,5,37,0
1990,37,2,0,0,0,1,0,0,0,0
1990,65,2,3,0,0,0,0,0,0,0
1990,32,2,1,0,0,1,64,6,45,0
1990,46,2,3,0,0,1,105,5,38,0
1990,25,2,1,0,0,1,274,3,40,0
1990,18,1,1,0,0,0,373,3,25,0
1990,46,1,0,0,0,1,14,5,55,1
1990,37,2,0,0,0,1,303,4,0,0
1990,43,1,0,0,0,1,15,6,37,1
1990,38,2,0,0,0,0,14,5,0,0
1990,57,1,0,0,0,0,4,6,50,0
1990,56,2,0,0,0,0,389,6,30,0
1990,40,1,0,1,1,1,84,5,37,0
1990,35,2,0,1,1,1,95,5,35,0
1990,30,1,0,0,0,1,277,4,55,1
1990,27,2,0,0,0,1,255,4,45,0
1990,46,1,0,0,0,1,14,5,36,0
1990,45,2,0,0,0,1,104,5,15,0
1990,46,1,0,0,0,1,22,3,48,0
1990,35,2,0,0,0,0,276,3,24,0
1990,42,1,0,0,0,1,25,6,40,0
1990,42,2,0,0,0,1,5,6,40,1
1990,18,2,1,0,0,0,274,3,20,0
1990,60,1,0,0,0,0,259,3,40,0
1990,52,2,0,0,0,0,313,5,37,0
1990,36,1,0,0,0,1,64,6,40,0
1990,45,2,0,0,0,1,314,6,40,0
1990,39,1,1,0,0,1,259,3,40,0
1990,29,2,1,1,0,1,277,4,40,0
1990,48,1,0,3,3,1,14,5,40,1
1990,49,2,0,3,3,1,157,5,40,0
1990,24,2,1,3,0,1,25,3,6,0
1990,34,1,0,0,0,1,255,4,45,1
1990,32,2,0,0,0,1,95,5,16,0
1990,34,1,0,0,0,1,36,2,50,1
1990,33,2,0,0,0,0,0,0,0,0
1990,29,2,1,0,0,1,156,5,37,0
1990,42,1,0,0,0,1,167,5,50,1
1990,42,2,0,0,0,1,155,5,0,0
1990,59,2,0,0,0,1,95,5,15,0
1990,59,1,0,0,0,1,303,4,37,0
1990,20,1,1,0,0,1,436,3,40,0
1990,56,1,0,0,0,1,22,5,50,1
1990,56,2,0,0,0,1,95,5,18,0
1990,28,2,1,0,0,1,444,3,40,0
1990,32,1,0,0,0,1,7,5,35,0
1990,30,2,0,0,0,1,337,5,20,0
1990,45,1,1,0,0,1,276,3,37,0
1990,23,2,1,0,0,1,447,5,30,0
1990,50,2,2,0,2,1,95,5,40,0
1990,40,1,3,0,0,1,159,5,50,1
1990,65,1,0,0,0,1,0,0,0,0
1990,74,2,0,0,0,0,0,0,0,0
1990,36,1,0,0,0,0,253,4,30,1
1990,35,2,0,0,0,0,0,0,0,0
1990,18,1,1,2,0,0,17,3,30,0
1990,18,1,1,0,0,0,459,5,35,0
1990,44,2,3,0,0,0,785,1,40,0
1990,77,2,3,0,0,1,5,6,37,1
1990,70,2,3,0,0,0,0,0,0,0
1990,44,1,0,0,2,1,263,3,24,0
1990,26,2,0,0,0,1,337,1,40,0
1990,20,2,1,0,0,0,467,5,40,0
1990,45,1,0,0,0,0,424,6,40,0
1990,36,2,0,0,0,1,5,6,37,0
1990,20,2,1,1,4,0,276,3,15,0
1990,43,2,1,0,0,0,308,4,40,0
1990,39,1,0,0,0,0,575,1,40,0
1990,33,2,0,0,0,1,257,4,25,0
1990,65,1,0,0,0,0,479,0,37,0
1990,66,2,0,0,0,0,0,0,0,0
1990,33,1,0,0,0,0,533,2,55,0
1990,31,2,0,0,0,1,456,6,37,0
1990,56,1,0,0,0,0,505,5,40,0
1990,53,2,0,0,0,0,0,0,0,0
1990,51,1,0,0,0,1,118,5,40,0
1990,52,2,0,0,0,1,154,5,8,0
1990,42,1,0,0,0,0,869,0,40,0
1990,43,2,0,0,0,1,339,5,37,0
1990,19,1,1,0,0,0,439,3,25,0
1990,65,1,0,0,0,0,253,4,0,1
1990,49,2,0,0,0,0,243,3,10,0
1990,75,2,3,0,0,0,0,0,0,0
1990,39,1,0,0,0,1,22,3,55,0
1990,39,2,0,0,0,1,22,0,55,0
1990,27,1,0,0,0,0,475,0,72,0
1990,21,2,0,0,0,1,256,3,0,0
1990,35,1,3,0,0,1,689,2,40,0
1990,73,1,2,0,2,0,0,0,0,0
1990,54,1,2,0,0,0,424,6,40,0
1990,79,2,3,0,0,0,0,0,0,0
1990,36,2,2,0,0,0,434,3,8,0
1990,24,1,1,0,0,0,567,0,40,0
1990,70,2,3,0,0,1,156,5,0,0
1990,39,1,0,0,0,0,856,0,60,0
1990,28,2,0,3,0,0,447,5,0,0
1990,78,1,0,0,0,0,0,0,0,0
1990,78,2,0,0,0,1,0,0,0,0
1990,76,1,3,0,0,0,0,0,0,0
1990,49,2,2,0,0,0,375,4,35,0
1990,25,2,3,0,0,0,447,5,28,0
1990,26,2,3,0,0,1,0,0,0,0
1990,45,1,0,0,0,0,889,4,40,0
1990,46,2,0,0,0,0,439,3,0,0
1990,24,1,1,0,0,0,447,5,40,0
1990,21,1,1,0,0,0,434,3,25,0
1990,57,1,0,0,0,1,167,6,40,0
1990,47,2,0,0,0,1,243,3,42,0
1990,73,2,3,0,0,1,0,0,0,0
1990,77,2,3,0,0,0,0,0,0,0
1990,64,1,0,0,0,0,874,1,47,0
1990,53,2,0,0,0,0,878,1,41,0
1990,50,1,0,0,0,1,22,1,40,1
1990,50,2,0,0,0,0,337,3,0,0
1990,21,1,1,0,0,1,459,5,16,0
1990,65,1,0,0,0,0,0,0,0,0
1990,66,2,0,0,0,0,0,0,0,0
1990,53,1,0,0,0,1,243,4,40,1
1990,46,2,0,0,0,1,25,4,45,0
1990,55,1,1,0,0,0,869,0,40,0
1990,26,2,0,0,0,1,95,5,40,0
1990,33,1,0,0,0,0,809,1,60,0
1990,36,1,0,0,0,0,783,2,40,0
1990,34,2,0,0,0,0,243,3,0,0
1990,48,1,0,0,0,0,889,1,40,0
1990,41,2,0,0,0,0,435,3,40,0
1990,74,1,0,0,0,1,314,6,37,0
1990,69,2,0,0,0,1,0,0,0,0
1990,62,1,0,0,0,0,577,2,0,0
1990,65,2,0,0,0,0,0,0,0,0
1990,68,2,3,0,0,0,0,0,0,0
1990,47,1,0,0,0,0,856,1,40,0
1990,42,2,0,0,0,0,385,1,40,0
1990,21,1,1,0,0,0,885,3,40,0
1990,68,2,0,0,0,0,0,0,0,0
1990,61,1,0,0,0,0,453,1,40,0
1990,28,1,0,0,0,1,694,2,40,0
1990,27,2,0,0,0,1,313,1,40,0
1990,43,1,0,0,0,0,567,0,40,0
1990,34,2,0,0,0,0,789,1,20,0
1990,57,2,3,0,0,1,0,0,0,0
1990,52,2,3,0,0,0,95,5,0,0
1990,32,1,1,0,0,0,684,1,0,0
1990,59,1,0,0,0,0,0,0,0,0
1990,59,2,0,0,0,0,354,2,10,0
1990,51,1,0,0,0,0,0,0,0,0
1990,37,2,0,0,0,0,449,4,35,0
1990,44,1,0,0,0,1,188,5,40,0
1990,35,2,0,0,0,1,183,5,25,0
1990,59,1,0,0,0,1,235,5,0,0
1990,55,2,0,0,0,0,435,3,40,0
1990,24,2,1,0,0,0,435,3,40,0
1990,31,2,0,0,0,1,185,3,40,0
1990,31,1,0,0,0,1,207,5,45,0
1990,76,2,0,0,0,1,0,0,0,0
1990,32,2,1,0,0,0,313,5,40,0
1990,56,2,0,0,0,0,0,0,0,0
1990,58,1,0,0,0,0,809,2,12,0
1990,30,1,0,0,0,1,579,0,55,0
1990,31,2,0,0,0,1,313,5,40,0
1990,49,1,0,0,2,1,436,3,15,0
1990,48,2,0,0,2,0,17,3,0,0
1990,35,1,0,0,0,0,447,5,40,0
1990,33,2,0,0,0,0,447,5,40,0
1990,22,1,1,0,0,0,475,0,60,0
1990,64,2,3,0,0,0,0,0,0,0
1990,47,1,0,0,0,0,869,0,40,0
1990,44,2,0,0,0,0,444,5,21,0
1990,18,2,1,0,0,0,347,4,37,0
1990,27,1,0,0,0,0,473,0,40,0
1990,31,2,0,0,0,1,479,0,0,0
1990,54,1,0,0,0,0,575,0,40,0
1990,53,2,0,0,0,0,0,0,0,0
1990,28,2,1,0,0,0,754,5,40,0
1990,38,1,2,0,0,0,479,0,70,0
1990,45,1,3,0,0,1,423,6,40,0
1990,25,2,1,0,0,1,207,5,40,0
1990,44,1,2,0,0,0,777,2,40,0
1990,55,2,0,0,0,1,389,5,48,0
1990,71,1,0,0,0,1,274,3,35,0
1990,76,2,0,0,0,0,0,0,0,0
1990,45,2,2,0,0,1,23,5,38,0
1990,18,1,1,0,0,0,0,0,0,0
1990,28,1,2,0,0,1,844,0,40,0
1990,21,2,1,0,0,0,447,5,40,0
1990,29,2,1,0,0,0,785,1,40,0
1990,72,2,3,0,0,0,15,5,9,0
1990,47,2,2,0,0,0,435,3,25,0
1990,39,1,0,0,0,1,804,5,35,0
1990,38,2,0,0,0,1,97,4,30,0
1990,74,2,3,0,0,0,264,3,22,0
1990,24,1,0,0,0,0,779,1,40,0
1990,23,2,0,0,0,1,445,5,40,0
1990,40,1,0,0,0,1,154,5,40,0
1990,27,2,0,0,0,1,383,4,26,0
1990,72,1,1,0,0,0,479,0,0,0
1990,20,2,1,0,0,1,337,3,30,0
1990,21,2,1,0,0,1,163,5,50,0
1990,20,2,1,0,0,1,469,0,35,0
1990,74,2,3,0,0,0,0,0,0,0
1990,33,1,0,0,0,1,56,1,45,0
1990,39,2,0,0,0,1,156,5,50,0
1990,74,1,0,0,0,1,0,0,0,0
1990,71,2,0,0,0,1,0,0,0,0
1990,30,1,0,0,0,1,516,3,40,0
1990,27,2,0,0,0,1,229,5,37,0
1990,77,2,3,0,0,1,0,0,0,0
1990,76,1,3,0,0,0,486,0,36,0
1990,30,1,1,0,0,0,723,1,48,0
1990,65,1,2,0,0,1,22,1,0,0
1990,64,2,3,0,0,1,156,5,40,0
1990,78,1,3,0,0,0,0,0,0,0
1990,27,1,0,0,0,1,185,0,50,0
1990,30,2,0,0,0,1,23,6,40,0
1990,49,2,1,0,0,0,175,5,50,0
1990,26,1,1,0,0,0,243,3,40,0
1990,37,1,0,0,0,1,473,0,70,0
1990,39,2,0,0,0,1,156,5,40,0
1990,43,1,0,0,0,1,473,0,75,0
1990,41,2,0,0,0,1,157,5,20,0
1990,37,1,0,0,0,0,424,6,40,0
1990,43,2,0,0,0,1,5,6,40,0
1990,28,2,0,0,0,0,313,0,40,0
1990,31,1,0,0,0,0,804,3,50,0
1990,45,1,2,0,0,0,0,0,0,0
1990,58,2,0,0,0,0,888,1,30,0
1990,65,1,0,0,0,0,0,0,0,0
1990,40,1,0,0,0,0,59,1,40,0
1990,38,2,0,0,0,1,95,1,40,0
1990,31,2,0,0,0,1,323,2,40,0
1990,28,1,0,0,0,1,785,1,40,0
1990,40,1,0,0,0,1,84,5,60,1
1990,43,2,0,0,0,1,156,5,0,0
1990,33,1,0,0,0,1,37,3,50,0
1990,31,2,0,0,0,1,37,0,45,0
1990,49,1,0,0,0,0,22,1,48,0
1990,43,2,0,0,0,1,95,5,40,0
1990,24,2,3,0,0,0,744,1,40,0
1990,23,1,1,0,0,0,479,0,30,0
1990,46,1,0,0,0,1,23,1,40,0
1990,43,2,0,0,0,1,95,4,8,0
1990,65,2,3,0,0,1,0,0,0,0
1990,30,1,1,0,0,1,364,3,45,0
1990,30,1,0,0,0,0,547,3,50,0
1990,28,2,0,0,0,0,439,3,26,0
1990,76,1,3,0,0,0,0,0,0,0
1990,29,1,0,0,0,1,579,0,50,0
1990,25,2,0,0,0,0,877,1,40,0
1990,69,1,0,0,0,1,436,5,30,0
1990,66,2,0,0,0,1,0,0,0,0
1990,45,1,0,0,0,1,14,5,40,1
1990,44,2,0,0,0,1,447,5,40,0
1990,22,1,1,0,0,1,595,0,40,0
1990,18,1,1,0,0,1,877,3,35,0
1990,42,1,0,0,0,0,453,5,40,0
1990,37,2,0,0,0,0,0,0,0,0
1990,19,2,2,0,0,0,276,3,30,0
1990,64,1,0,0,0,0,507,0,0,0
1990,66,2,0,0,0,0,0,0,0,0
1990,33,1,0,0,0,1,318,2,55,0
1990,32,2,0,0,0,1,314,6,40,0
1990,54,1,0,0,0,1,156,5,40,0
1990,46,2,0,0,0,1,308,1,40,0
1990,77,1,0,0,0,0,0,0,0,0
1990,76,2,0,0,0,0,0,0,0,0
1990,66,1,0,0,0,0,0,0,0,0
1990,68,2,0,0,0,0,0,0,0,0
1990,36,1,0,0,0,1,785,1,40,0
1990,32,2,0,0,0,0,734,1,40,0
1990,38,2,0,0,2,1,647,3,46,0
1990,38,1,0,0,0,1,22,5,40,0
1990,43,1,0,0,0,1,259,3,60,1
1990,44,2,0,0,0,0,313,5,40,0
1990,61,1,0,0,0,0,823,2,35,0
1990,57,2,0,0,0,0,335,1,40,0
1990,72,1,0,0,0,1,0,0,0,0
1990,69,2,0,0,0,0,0,0,0,0
1990,49,1,2,0,0,1,253,4,40,0
1990,75,1,0,0,0,1,189,4,40,1
1990,74,2,0,0,0,0,0,0,0,0
1990,48,1,0,0,0,0,18,4,55,0
1990,39,2,0,0,0,0,276,3,40,0
1990,36,1,0,0,0,1,723,1,40,0
1990,23,2,0,0,0,1,319,5,40,0
1990,40,2,2,3,3,0,435,3,60,0
1990,33,2,0,0,0,0,467,5,40,0
1990,33,1,0,0,0,0,567,0,40,0
1990,64,1,0,0,0,0,796,1,0,0
1990,53,2,0,0,0,0,276,3,40,0
1990,42,1,2,0,0,0,364,1,40,0
1990,76,2,3,0,0,1,0,0,0,0
1990,39,1,0,0,0,1,43,5,40,0
1990,35,2,0,0,0,1,217,5,40,0
1990,26,1,0,0,0,0,473,0,80,0
1990,26,2,0,0,0,0,0,0,0,0
1990,53,1,0,0,0,0,473,0,80,0
1990,43,2,0,0,0,0,379,6,37,0
1990,42,1,0,0,0,0,269,3,40,0
1990,35,2,0,0,0,1,877,3,0,0
1990,71,1,3,0,0,0,357,3,0,0
1990,65,2,3,0,0,0,796,1,0,0
1990,58,1,0,0,0,0,453,1,40,0
1990,51,2,0,0,0,0,449,4,24,0
1990,75,2,1,0,0,1,0,0,0,0
1990,29,1,0,0,0,1,337,0,40,0
1990,27,2,0,0,0,1,315,0,40,0
1990,26,2,0,0,0,1,95,5,40,0
1990,28,1,0,0,0,1,777,1,60,0
1990,36,2,1,0,0,1,567,0,40,0
1990,71,1,0,0,0,0,376,5,40,0
1990,63,2,0,0,0,0,0,0,0,0
1990,66,1,1,0,0,0,473,0,80,0
1990,34,1,1,0,0,1,883,2,0,0
1990,18,2,1,0,0,0,276,3,20,0
1990,34,1,0,1,4,1,124,5,40,0
1990,31,2,0,1,4,1,84,5,50,0
1990,41,1,0,0,0,0,575,5,42,0
1990,38,2,0,0,0,1,313,3,44,0
1990,31,1,0,0,0,1,527,2,40,1
1990,28,2,0,0,0,1,385,3,40,0
1990,66,1,1,0,0,1,156,5,28,0
1990,67,2,3,0,0,1,156,5,4,1
1990,64,2,3,0,0,0,0,0,0,0
1990,32,1,2,0,0,0,779,1,46,0
1990,24,1,1,0,0,1,43,0,40,0
1990,38,2,2,0,0,1,313,5,37,0
1990,40,2,2,0,0,1,313,4,35,0
1990,18,2,1,0,0,0,316,6,30,0
1990,66,1,0,0,0,1,418,6,0,0
1990,67,2,0,0,0,0,0,0,0,0
1990,25,2,3,0,0,0,276,3,20,0
1990,55,2,3,0,0,0,447,5,44,0
1990,33,1,0,0,0,1,195,1,50,0
1990,33,2,0,0,0,1,375,4,36,0
1990,48,1,1,0,0,0,856,3,40,0
1990,54,1,0,0,2,1,84,5,50,1
1990,54,2,0,0,2,0,23,5,5,0
1990,41,1,2,0,0,1,567,0,30,0
1990,57,2,3,0,0,0,447,5,45,0
1990,31,1,1,0,0,1,186,1,20,0
1990,28,1,1,0,0,1,186,5,40,0
1990,75,2,1,0,0,0,276,3,9,0
1990,57,1,3,0,0,0,486,5,60,0
1990,21,1,1,0,0,0,0,0,0,0
1990,42,2,3,0,0,0,453,3,25,0
1990,68,1,0,0,0,0,453,5,40,0
1990,67,2,0,0,0,0,0,0,0,0
1990,39,1,0,0,0,1,73,2,40,0
1990,33,2,0,0,0,1,268,3,0,0
1990,78,2,0,0,0,0,0,0,0,0
1990,65,2,1,0,0,0,0,0,0,0
1990,33,1,0,0,0,1,95,5,62,0
1990,35,2,0,0,0,1,447,5,40,0
1990,24,2,3,0,0,1,383,4,40,0
1990,53,1,1,0,0,0,426,1,40,0
1990,51,1,0,0,0,1,22,4,48,0
1990,49,2,0,0,0,0,0,0,0,0
1990,23,2,1,0,0,1,449,5,34,0
1990,70,2,3,0,0,0,0,0,0,0
1990,63,1,0,0,0,0,555,1,0,0
1990,61,2,0,0,0,0,0,0,0,0
1990,34,2,0,0,0,1,14,5,40,0
1990,25,1,0,0,0,0,453,3,40,0
1990,68,1,0,0,0,0,426,4,10,0
1990,68,2,0,0,0,0,666,4,30,0
1990,28,2,1,1,0,1,274,3,6,0
1990,66,1,3,1,0,0,719,1,0,0
1990,72,2,3,1,0,0,0,0,0,0
1990,67,1,1,1,0,0,0,0,0,0
1990,44,2,3,1,0,1,796,1,45,0
1990,22,1,1,1,0,1,17,3,30,0
1990,20,1,1,1,0,0,17,3,35,0
1990,33,2,1,0,0,1,8,6,40,0
1990,33,2,1,1,0,0,447,4,40,0
1990,38,2,1,1,0,0,17,4,40,0
1990,21,2,1,0,0,1,389,5,62,0
1990,19,1,1,0,0,0,426,3,30,0
1990,20,1,1,0,0,1,856,1,44,0
1990,19,1,3,0,0,1,276,5,22,0
1990,19,1,1,0,0,1,18,5,27,0
1990,20,1,1,0,0,1,877,3,15,0
1990,21,2,1,0,1,1,276,5,6,0
1990,23,2,1,0,0,1,5,6,30,0
1990,20,1,1,0,0,1,267,3,35,0
1990,28,1,1,0,0,1,217,5,45,0
1990,34,1,1,0,0,1,154,5,30,0
1990,32,2,1,0,0,1,313,4,20,0
1990,65,2,3,0,0,1,95,5,24,0
1990,35,1,0,0,0,1,26,5,0,0
1990,35,2,0,0,0,1,174,5,40,0
1990,55,2,2,1,0,0,0,0,0,0
1990,26,2,1,1,0,1,313,5,25,0
1990,24,1,1,1,0,0,444,3,27,0
1990,68,1,0,1,0,0,0,0,0,0
1990,73,2,0,1,0,0,0,0,0,0
1990,73,1,1,0,0,0,243,3,75,0
1990,38,1,3,0,0,1,257,4,40,1
1990,36,1,2,0,0,1,178,5,40,0
1990,23,2,3,0,0,1,308,4,40,0
1990,78,2,2,1,0,0,0,0,0,0
1990,29,1,0,0,3,0,804,0,50,0
1990,28,2,0,0,0,0,323,3,42,0
1990,32,1,0,0,0,0,218,6,40,0
1990,32,2,0,0,0,1,376,1,40,0
1990,53,2,3,0,0,0,0,0,0,0
1990,18,2,1,0,0,0,365,3,24,0
1990,79,2,3,0,0,1,0,0,0,0
1990,59,1,0,0,0,0,259,1,40,0
1990,58,2,0,0,0,1,206,5,27,0
1990,34,1,0,0,0,0,637,1,40,0
1990,35,2,0,0,0,0,274,3,30,0
1990,52,1,0,0,0,1,229,5,60,1
1990,47,2,0,0,0,1,25,4,40,0
1990,50,2,2,0,0,1,23,5,35,0
1990,24,1,1,0,0,0,453,6,40,0
1990,31,1,0,0,0,1,22,3,70,1
1990,38,2,0,0,0,1,193,3,0,0
1990,19,1,1,0,0,0,453,4,40,0
1990,50,1,0,0,2,1,22,1,48,1
1990,45,2,0,0,0,0,0,0,0,0
1990,20,2,1,0,0,1,276,3,30,0
1990,55,1,0,0,0,1,57,2,40,0
1990,58,2,0,0,0,0,0,0,0,0
1990,30,1,0,0,0,0,567,3,49,0
1990,29,2,0,0,0,0,343,4,39,0
1990,51,1,0,0,0,0,889,1,40,0
1990,48,2,0,0,0,1,157,5,37,0
1990,44,1,0,0,0,0,235,3,44,0
1990,44,2,0,0,0,0,436,3,20,0
1990,19,2,1,0,0,0,436,3,20,0
1990,43,1,0,0,0,1,259,3,37,1
1990,43,2,0,0,0,0,95,5,40,0
1990,36,1,0,0,0,0,269,3,40,0
1990,29,2,0,0,0,1,37,5,40,0
1990,33,1,0,0,0,1,274,3,65,1
1990,29,2,0,0,0,1,463,2,15,0
1990,43,1,0,0,0,0,804,2,60,0
1990,42,2,0,0,0,1,467,5,50,0
1990,19,2,1,0,0,0,687,3,16,0
1990,18,2,1,0,0,0,869,0,0,0
1990,30,2,1,0,0,0,17,3,65,0
1990,59,1,0,0,0,0,783,0,40,0
1990,52,2,0,0,0,0,95,5,40,0
1990,31,2,1,0,0,0,453,5,0,0
1990,29,1,1,0,0,0,869,0,36,0
1990,66,1,0,0,0,1,59,4,40,1
1990,67,2,0,0,0,0,254,4,30,0
1990,59,1,0,0,0,0,804,1,42,0
1990,56,2,0,0,0,0,385,2,37,0
1990,24,2,1,0,0,0,777,1,40,0
1990,35,2,2,0,0,0,364,3,40,0
1990,65,1,0,0,0,1,23,4,40,0
1990,65,2,0,0,0,0,264,3,0,0
1990,46,1,0,0,0,1,22,1,54,0
1990,45,2,0,0,0,1,157,5,40,0
1990,30,2,2,0,0,0,22,3,40,0
1990,28,2,1,3,0,0,259,1,40,0
1990,47,1,0,0,0,1,418,6,40,1
1990,41,2,0,0,2,0,0,0,0,0
1990,18,1,1,0,0,1,804,3,40,0
1990,26,1,0,0,0,1,9,3,40,0
1990,28,2,0,0,0,1,154,5,40,0
1990,53,1,0,0,0,0,503,1,60,1
1990,50,2,0,0,0,0,435,3,15,0
1990,20,2,1,0,0,0,777,1,20,0
1990,18,1,1,0,0,1,443,3,15,0
1990,67,1,0,0,0,1,0,0,0,0
1990,63,2,0,0,0,1,0,0,0,0
1990,43,1,0,0,0,0,766,1,40,0
1990,42,2,0,0,0,0,468,5,0,0
1990,28,2,1,0,0,1,178,5,60,0
1990,66,1,0,0,0,0,359,2,0,0
1990,72,2,0,0,0,0,0,0,0,0
1990,46,1,0,0,0,1,73,1,45,0
1990,44,2,0,0,0,1,315,5,20,0
1990,41,1,0,0,0,1,25,4,40,0
1990,46,2,0,0,0,1,64,5,40,0
1990,20,2,0,0,0,0,389,6,40,0
1990,22,1,0,0,0,0,558,0,40,0
1990,68,2,0,0,0,1,157,5,0,0
1990,79,1,0,0,0,1,0,0,0,0
1990,64,1,0,0,0,1,0,0,0,0
1990,62,2,0,0,0,1,0,0,0,0
1990,22,1,3,0,0,0,804,3,40,0
1990,20,1,1,0,0,0,877,3,35,0
1990,23,1,1,0,0,1,877,3,35,0
1990,19,1,1,0,0,0,276,3,35,0
1990,20,2,1,0,0,1,253,4,37,0
1990,20,2,1,0,0,0,356,4,37,0
1990,69,2,3,0,0,0,0,0,0,0
1990,30,1,0,0,0,0,467,3,27,0
1990,28,2,0,0,0,0,467,5,37,0
1990,30,1,0,0,0,1,563,0,40,0
1990,27,2,0,0,0,1,319,3,40,0
1990,58,1,0,0,0,0,434,3,60,0
1990,53,2,0,0,0,0,379,3,35,0
1990,80,2,2,0,0,0,0,0,0,0
1990,63,1,0,0,0,1,274,3,40,0
1990,60,2,0,0,0,1,427,5,0,0
1990,39,2,0,0,0,1,337,4,35,0
1990,41,1,0,0,0,1,243,3,40,1
1990,54,1,0,0,0,0,628,1,40,0
1990,53,2,0,0,0,0,313,4,37,0
1990,37,2,2,0,0,1,208,5,40,0
1990,60,2,3,0,0,0,683,1,40,0
1990,19,2,1,0,0,0,885,3,16,0
1990,24,1,1,0,0,1,25,4,40,0
1990,25,2,1,0,0,1,305,5,40,0
1990,70,1,0,0,0,0,274,3,15,0
1990,64,2,0,0,0,0,0,0,0,0
1990,56,1,0,0,0,1,0,0,0,0
1990,53,2,0,0,0,0,337,3,20,0
1990,18,1,1,0,0,0,274,3,15,0
1990,37,1,0,0,0,1,518,1,48,1
1990,34,2,0,0,0,0,159,5,8,0
1990,60,2,3,0,0,0,0,0,0,0
1990,70,1,3,0,0,1,0,0,0,0
1990,70,2,3,0,0,0,744,1,0,0
1990,31,1,1,0,0,1,549,2,40,0
1990,68,1,0,0,0,0,0,0,0,0
1990,78,2,0,0,0,0,0,0,0,0
1990,56,1,0,0,0,1,558,2,40,0
1990,55,2,0,0,0,0,0,0,0,0
1990,79,2,3,0,0,0,0,0,0,0
1990,37,1,0,0,0,0,856,1,42,0
1990,42,2,0,0,0,1,0,0,0,0
1990,21,1,1,0,0,0,579,0,40,0
1990,53,1,0,0,4,1,258,1,40,1
1990,39,2,0,0,0,1,23,5,37,0
1990,80,1,0,0,0,0,754,3,20,0
1990,62,2,0,0,0,0,313,3,40,0
1990,76,2,3,0,0,1,0,0,0,0
1990,35,1,0,3,3,1,154,5,20,0
1990,32,2,0,3,3,1,313,5,0,0
1990,33,1,0,0,0,1,154,5,40,0
1990,31,2,0,0,0,1,264,3,40,0
1990,39,1,0,0,0,1,418,6,50,0
1990,37,2,0,0,0,0,243,3,40,0
1990,63,1,0,0,0,0,689,2,0,0
1990,58,2,0,0,0,0,0,0,0,0
1990,26,2,1,0,0,0,206,5,40,0
1990,24,2,1,0,0,1,208,5,40,0
1990,48,1,0,0,0,0,549,3,40,0
1990,42,2,0,0,0,0,313,4,3,0
1990,47,1,0,0,0,1,55,1,35,1
1990,46,2,0,0,0,1,167,5,20,0
1990,45,2,0,0,0,0,435,3,24,0
1990,50,1,0,0,0,0,869,0,40,0
1990,20,1,1,0,0,0,257,4,40,0
1990,23,2,1,0,0,0,0,0,0,0
1990,63,1,3,0,0,0,243,3,0,0
1990,33,1,0,0,0,1,628,1,50,0
1990,34,2,0,0,0,0,0,0,0,0
1990,35,1,0,0,0,1,447,5,45,0
1990,34,2,0,0,0,1,185,4,40,0
1990,34,1,1,0,0,1,479,0,10,0
1990,38,1,0,0,0,1,479,0,40,0
1990,43,2,0,0,0,1,27,3,25,0
1990,19,1,1,0,0,1,479,0,0,0
1990,62,1,0,0,0,0,22,5,62,0
1990,62,2,0,0,0,1,243,3,40,0
1990,30,2,0,0,0,1,95,5,30,0
1990,31,1,0,0,0,1,779,1,40,0
1990,71,1,0,0,0,1,0,0,0,0
1990,72,2,0,0,0,1,0,0,0,0
1990,72,1,0,0,0,1,0,0,0,0
1990,71,2,0,0,0,1,0,0,0,0
1990,32,2,0,0,0,1,463,2,48,0
1990,26,1,0,0,0,1,226,2,40,0
1990,37,1,0,0,0,1,475,0,50,1
1990,34,2,0,0,0,1,0,0,0,0
1990,48,1,0,0,0,0,549,4,0,0
1990,42,2,0,0,0,0,909,6,0,0
1990,32,1,1,0,0,0,33,1,44,0
1990,70,2,3,0,2,1,0,0,0,0
1990,39,1,0,0,0,1,37,6,35,0
1990,41,2,0,0,0,1,8,5,40,0
1990,30,1,0,0,0,0,628,2,80,1
1990,30,2,0,0,0,1,447,5,16,0
1990,33,1,0,0,0,1,208,3,40,0
1990,28,2,0,0,0,1,195,1,37,0
1990,29,1,0,0,0,1,64,0,40,0
1990,28,2,0,0,0,1,156,5,40,0
1990,64,1,0,0,0,0,505,4,50,0
1990,56,2,0,0,0,1,276,3,44,0
1990,23,1,1,0,0,0,436,3,45,0
1990,30,2,2,0,0,1,98,5,36,0
1990,25,1,1,0,0,0,567,0,35,0
1990,47,1,0,0,0,0,779,1,40,0
1990,48,2,0,0,0,0,0,0,0,0
1990,24,2,1,0,0,1,243,3,40,0
1990,21,1,1,0,0,1,885,4,40,0
1990,18,1,1,0,0,0,276,3,20,0
1990,65,1,0,0,0,0,666,3,8,0
1990,62,2,0,0,2,0,243,3,0,0
1990,70,1,1,0,0,0,0,0,0,0
1990,61,2,1,0,0,0,0,0,0,0
1990,62,2,3,0,0,1,0,0,0,0
1990,37,2,1,0,0,1,156,5,40,0
1990,50,1,0,0,0,1,675,1,40,0
1990,47,2,0,0,0,0,0,0,0,0
1990,31,2,1,0,0,1,163,5,40,0
1990,19,2,1,0,0,0,313,5,35,0
1990,19,2,1,0,0,0,356,3,20,0
1990,43,1,0,0,0,1,22,2,60,1
1990,44,2,0,0,0,1,257,4,25,0
1990,20,2,1,0,0,1,469,3,25,0
1990,46,2,0,0,0,1,0,0,0,0
1990,53,1,0,0,2,1,84,5,50,1
1990,75,2,0,0,0,1,0,0,0,0
1990,50,2,1,0,0,1,308,4,4,0
1990,34,2,1,0,0,1,24,4,40,0
1990,50,1,0,0,0,1,154,5,40,1
1990,48,2,0,0,0,0,22,1,10,0
1990,30,1,0,0,0,0,563,0,40,0
1990,24,2,0,0,0,0,328,4,40,0
1990,56,2,2,0,0,1,134,5,40,1
1990,49,1,1,0,0,0,453,5,45,0
1990,40,1,2,0,0,1,59,5,45,0
1990,35,2,2,0,0,0,376,4,45,0
1990,59,1,3,0,0,0,259,3,40,0
1990,31,1,1,0,0,0,567,0,40,0
1990,32,2,0,0,0,1,313,4,40,0
1990,40,1,0,0,0,1,163,5,40,0
1990,43,1,0,0,0,1,159,5,40,0
1990,46,2,0,0,0,1,167,5,40,0
1990,58,2,3,0,0,1,0,0,0,0
1990,38,1,0,0,0,1,243,3,40,0
1990,38,2,0,0,0,1,313,5,40,0
1990,18,2,1,0,0,0,313,4,40,0
1990,74,2,0,0,0,0,0,0,0,0
1990,77,1,0,0,0,0,0,0,0,0
1990,32,2,1,0,0,0,783,1,40,0
1990,34,2,0,0,0,1,229,6,40,0
1990,40,1,0,0,0,1,27,6,40,0
1990,50,1,0,0,0,0,213,1,40,0
1990,44,2,0,0,0,1,164,5,37,0
1990,53,1,0,0,0,0,539,2,40,0
1990,51,2,0,0,0,0,23,5,28,0
1990,29,2,1,0,0,0,235,1,40,0
1990,60,2,2,0,0,0,777,1,0,0
1990,38,2,1,0,0,0,727,1,32,0
1990,52,1,1,0,0,0,444,3,37,0
1990,55,2,1,0,0,0,0,0,0,0
1990,52,2,3,0,0,0,0,0,0,0
1990,26,2,1,0,0,0,453,4,25,0
1990,62,1,3,0,0,0,0,0,0,0
1990,38,1,2,0,0,0,766,1,40,0
1990,20,2,1,1,0,0,364,6,5,0
1990,60,1,0,0,0,0,518,1,40,0
1990,60,2,0,0,0,0,0,0,0,0
1990,26,1,1,0,0,1,213,1,40,0
1990,49,1,0,0,0,0,426,5,55,0
1990,41,2,0,0,0,1,462,5,40,0
1990,56,2,2,0,0,0,469,4,0,0
1990,70,1,3,0,0,0,0,0,0,0
1990,44,1,0,0,0,0,599,0,40,0
1990,40,2,0,0,0,0,313,5,39,0
1990,47,1,0,0,0,0,579,5,40,0
1990,47,2,0,0,0,0,447,5,40,0
1990,56,2,3,0,0,0,25,5,39,0
1990,29,2,1,0,0,1,416,5,39,0
1990,52,1,0,0,0,0,453,5,40,0
1990,55,2,0,0,0,1,0,0,0,0
1990,78,1,0,0,0,0,453,5,35,0
1990,72,2,0,0,0,1,0,0,0,0
1990,48,2,1,0,0,0,313,5,40,0
1990,55,2,2,0,0,0,276,3,40,0
1990,44,1,0,0,0,0,558,0,48,0
1990,46,2,0,0,0,0,379,5,40,0
1990,45,2,2,0,0,1,216,5,40,0
1990,18,2,1,0,0,0,0,0,0,0
1990,67,2,3,0,0,1,0,0,0,0
1990,26,1,0,0,0,0,844,0,40,0
1990,26,2,0,0,0,1,313,5,37,0
1990,60,1,1,0,0,0,507,5,40,0
1990,39,1,0,0,0,1,677,3,50,0
1990,34,2,0,0,0,0,274,3,0,0
1990,79,2,3,0,0,0,0,0,0,0
1990,38,1,0,0,0,0,22,5,60,0
1990,39,2,0,0,0,0,313,5,20,0
1990,29,1,0,0,0,1,549,1,40,0
1990,27,2,0,0,0,1,804,1,26,0
1990,45,1,0,0,0,1,243,3,50,0
1990,45,2,0,0,0,0,313,5,40,0
1990,20,2,1,0,0,1,453,1,20,0
1990,29,1,0,0,0,1,389,4,45,0
1990,26,2,0,0,0,1,385,2,38,0
1990,80,1,0,0,0,0,473,0,0,0
1990,57,1,0,0,0,1,59,1,40,0
1990,51,2,0,0,0,1,156,5,55,0
1990,24,1,1,0,0,1,29,3,50,0
1990,42,1,0,0,0,1,156,5,40,0
1990,44,2,0,0,2,1,174,5,40,0
1990,55,1,0,0,0,0,885,3,50,0
1990,49,2,0,0,0,0,0,0,0,0
1990,29,2,1,0,0,1,23,5,45,0
1990,69,2,3,0,0,0,0,0,0,0
1990,51,2,0,0,2,1,337,3,22,0
1990,54,1,0,0,0,1,22,5,40,0
1990,77,2,1,0,0,0,0,0,0,0
1990,65,1,0,0,2,1,185,4,30,1
1990,61,2,0,0,0,0,337,3,37,0
1990,39,1,2,0,0,0,22,0,40,0
1990,74,2,3,0,0,0,0,0,0,0
1990,39,1,0,0,0,0,516,1,45,0
1990,39,2,0,0,0,0,443,5,15,0
1990,22,2,1,0,0,0,785,1,40,0
1990,21,1,1,0,0,1,505,3,40,0
1990,18,1,1,0,0,0,276,3,42,0
1990,68,1,0,0,0,1,424,6,0,0
1990,66,2,0,0,0,0,389,1,40,0
1990,37,1,1,0,0,1,22,1,35,0
1990,28,1,0,0,0,0,424,6,70,0
1990,26,2,0,0,0,0,687,3,24,0
1990,48,2,3,0,0,0,447,5,45,0
1990,25,2,1,0,0,0,479,0,6,0
1990,23,2,1,0,0,0,96,3,40,0
1990,20,1,1,0,0,0,479,0,80,0
1990,18,2,1,0,0,0,468,5,32,0
1990,27,1,0,0,0,0,686,3,40,0
1990,27,2,0,0,0,0,383,4,40,0
1990,37,1,0,0,0,1,889,1,40,0
1990,29,2,0,0,0,1,276,3,30,0
1990,38,1,3,0,0,0,567,0,40,0
1990,71,2,3,0,0,1,0,0,0,0
1990,35,1,1,0,0,0,637,1,40,0
1990,29,1,1,0,0,0,719,1,40,0
1990,36,1,0,0,0,1,473,0,84,0
1990,34,2,0,0,0,1,473,0,25,0
1990,30,2,2,0,0,0,254,4,15,0
1990,37,1,0,0,0,1,418,6,43,0
1990,30,2,0,0,0,1,435,3,10,0
1990,35,1,0,0,0,0,887,3,40,0
1990,20,2,0,0,0,0,276,3,0,0
1990,77,1,3,0,0,0,0,0,0,0
1990,37,2,2,0,0,0,447,5,0,0
1990,45,1,2,0,0,1,808,2,40,0
1990,61,2,3,0,0,1,22,5,12,0
1990,39,1,0,0,0,1,507,4,48,0
1990,36,2,0,0,0,1,313,5,35,0
1990,77,1,0,0,0,0,0,0,0,0
1990,79,2,0,0,0,0,0,0,0,0
1990,65,2,3,0,0,0,0,0,0,0
1990,32,1,0,0,0,1,804,0,45,0
1990,31,2,0,0,0,1,5,6,40,0
1990,33,2,2,0,0,1,719,1,40,0
1990,41,1,2,0,0,0,0,0,0,0
1990,23,1,1,1,0,0,566,0,0,0
1990,49,1,1,1,0,0,0,0,0,0
1990,73,2,0,0,2,0,0,0,0,0
1990,25,1,1,0,0,0,235,2,72,0
1990,22,2,1,0,0,1,313,4,35,0
1990,68,1,2,0,0,1,0,0,0,0
1990,60,1,0,0,0,0,585,1,44,0
1990,56,2,0,0,0,1,313,5,40,0
1990,24,2,1,0,0,0,447,5,40,0
1990,32,1,0,0,0,0,853,0,45,0
1990,30,2,0,0,0,0,466,5,50,0
1990,32,1,2,0,0,1,575,1,42,0
1990,25,2,3,0,0,1,765,1,40,0
1990,46,2,2,0,0,1,375,4,35,0
1990,21,2,1,0,0,1,383,4,40,0
1990,30,1,0,0,0,0,563,0,56,0
1990,25,2,0,0,0,0,785,1,40,0
1990,67,1,0,0,0,1,179,6,10,0
1990,65,2,0,0,0,0,6,6,0,0
1990,56,1,1,0,0,0,599,0,40,0
1990,31,1,3,0,0,1,243,3,45,0
1990,68,1,1,0,0,0,0,0,0,0
1990,69,1,0,0,0,0,505,3,30,0
1990,60,2,0,0,2,0,0,0,0,0
1990,21,2,1,0,0,1,203,5,60,0
1990,52,1,0,1,0,0,637,1,40,0
1990,47,2,0,1,0,0,479,0,25,0
1990,26,1,3,1,0,0,0,0,0,0
1990,24,1,1,1,0,0,0,0,0,0
1990,21,2,1,1,0,0,889,1,40,0
1990,19,1,1,1,0,0,479,0,40,0
1990,40,1,0,0,0,1,178,5,50,1
1990,38,2,0,0,0,1,174,5,18,0
1990,19,2,1,0,0,1,274,3,12,0
1990,41,1,0,0,0,0,889,3,45,1
1990,40,2,0,0,0,0,0,0,0,0
1990,21,1,1,0,0,0,883,1,40,0
1990,18,1,1,0,0,0,877,3,40,0
1990,20,1,1,0,0,0,0,0,0,0
1990,58,2,3,0,0,0,785,1,40,0
1990,29,1,0,0,0,0,779,1,45,0
1990,28,2,0,0,0,0,436,5,38,0
1990,54,2,2,0,0,1,95,5,40,0
1990,40,1,0,0,0,1,7,4,50,1
1990,37,2,0,0,0,1,157,5,7,0
1990,57,1,2,2,0,1,628,1,40,0
1990,56,2,1,0,0,0,0,0,0,0
1990,38,2,1,0,0,0,0,0,0,0
1990,30,1,1,0,0,0,0,0,0,0
1990,24,1,1,0,0,0,0,0,0,0
1990,41,1,1,0,0,0,0,0,0,0
1990,67,1,0,0,0,0,774,4,18,0
1990,69,2,0,0,0,1,0,0,0,0
1990,74,1,0,0,0,1,0,0,0,0
1990,65,2,0,0,0,1,0,0,0,0
1990,36,1,0,0,0,0,599,6,40,0
1990,30,2,0,0,0,0,0,0,0,0
1990,56,1,1,0,0,0,22,2,0,0
1990,49,1,0,0,0,1,756,1,50,1
1990,47,2,0,0,0,1,313,0,0,0
1990,38,2,3,0,0,0,0,0,0,0
1990,51,1,0,0,0,1,503,1,40,1
1990,43,2,0,0,0,1,156,5,40,0
1990,58,1,0,0,0,1,473,0,45,0
1990,59,2,0,0,0,0,473,0,25,0
1990,56,1,2,0,0,0,243,3,47,0
1990,24,1,1,0,0,0,734,1,45,0
1990,22,1,1,0,0,0,796,1,50,0
1990,19,1,1,0,0,1,653,1,40,0
1990,24,2,1,0,0,0,889,2,45,0
1990,28,1,1,0,0,1,567,0,40,0
1990,39,1,0,0,0,0,754,1,40,0
1990,38,2,0,0,0,0,449,4,30,0
1990,69,2,3,0,0,0,785,1,0,0
1990,42,1,0,0,0,1,575,1,52,0
1990,40,2,0,0,0,1,0,0,0,0
1990,20,1,1,0,0,0,567,0,40,0
1990,80,2,3,0,0,1,0,0,0,0
1990,45,2,1,0,0,0,785,1,40,0
1990,53,1,0,0,0,1,363,1,50,0
1990,53,2,0,0,0,1,95,5,20,0
1990,21,2,1,0,0,1,23,5,15,0
1990,20,2,1,0,0,1,243,3,25,0
1990,42,1,2,0,0,1,804,6,66,0
1990,19,2,1,0,0,0,243,3,40,0
1990,19,1,1,0,0,0,804,3,40,0
1990,21,2,1,0,0,1,435,3,20,0
1990,20,2,1,0,0,1,313,5,30,0
1990,20,2,1,0,0,1,435,3,40,0
1990,20,2,1,0,0,1,426,5,20,0
1990,28,1,0,0,0,1,217,1,44,0
1990,27,2,0,0,0,0,447,5,20,0
1990,22,1,1,0,0,1,228,5,42,0
1990,25,1,1,0,0,1,177,5,40,0
1990,65,1,0,0,0,0,804,2,20,0
1990,58,2,0,0,0,1,274,3,25,0
1990,55,1,0,0,0,0,869,0,50,0
1990,60,2,0,0,0,0,438,3,15,0
1990,33,2,1,0,2,1,15,5,60,0
1990,64,2,3,0,3,1,318,2,40,0
1990,68,1,0,0,0,0,0,0,0,0
1990,51,2,0,0,0,1,466,5,40,0
1990,18,1,1,0,0,0,727,1,20,0
1990,68,1,1,3,0,0,0,0,0,0
1990,74,2,2,0,0,0,0,0,0,0
1990,26,1,1,0,0,0,575,2,0,0
1990,34,2,2,1,0,0,0,0,0,0
1990,69,2,3,0,0,0,0,0,0,0
1990,44,2,2,0,0,0,909,6,0,0
1990,34,1,2,0,0,1,73,5,50,0
1990,36,1,0,0,0,0,354,2,40,0
1990,34,2,0,0,0,1,0,0,0,0
1990,42,1,0,0,0,0,844,0,44,0
1990,40,2,0,0,0,0,243,3,50,0
1990,20,2,1,0,0,1,95,5,40,0
1990,22,1,1,0,0,1,373,3,20,0
1990,27,2,2,0,0,1,313,5,25,0
1990,25,1,0,0,0,0,595,0,25,0
1990,29,2,0,1,0,0,164,6,40,0
1990,55,1,0,2,0,0,0,0,0,0
1990,45,2,0,0,0,0,16,2,40,0
1990,47,1,0,0,0,1,783,4,40,0
1990,37,1,0,0,0,1,95,5,40,0
1990,38,2,0,0,0,1,95,5,40,0
1990,33,1,0,0,0,1,505,1,40,0
1990,35,2,0,0,0,1,95,5,40,0
1990,35,1,0,0,0,0,804,2,80,1
1990,36,2,0,0,0,0,383,4,37,0
1990,68,2,3,0,0,0,0,0,0,0
1990,45,1,0,0,0,0,804,3,50,0
1990,43,2,0,0,0,0,313,3,40,0
1990,72,2,2,0,0,0,0,0,0,0
1990,35,1,0,0,0,0,243,3,60,0
1990,36,2,0,0,0,0,376,4,40,0
1990,59,1,0,0,0,1,453,3,40,0
1990,59,2,0,0,0,1,313,5,40,0
1990,59,1,0,0,0,0,0,0,0,0
1990,57,2,0,0,0,1,0,0,0,0
1990,24,2,1,0,0,1,436,3,60,0
1990,32,1,1,0,0,1,17,3,45,0
1990,34,1,0,0,0,1,803,2,70,1
1990,30,2,0,0,0,1,434,4,40,0
1990,27,2,3,0,0,1,274,3,40,0
1990,32,1,0,0,0,0,783,1,40,0
1990,29,2,0,0,0,1,389,6,35,0
1990,78,2,3,0,0,1,0,0,0,0
1990,54,2,1,0,0,0,737,1,8,0
1990,37,1,0,0,0,0,453,5,40,0
1990,39,2,0,0,0,1,453,5,35,0
1990,70,2,3,0,0,1,0,0,0,0
1990,69,1,0,0,0,0,0,0,0,0
1990,69,2,0,0,0,0,0,0,0,0
1990,69,2,3,0,0,0,0,0,0,0
1990,47,2,3,0,0,0,458,4,40,0
1990,80,2,3,0,0,0,0,0,0,0
1990,62,1,0,0,0,0,547,5,40,0
1990,58,2,0,0,0,0,453,4,15,0
1990,79,2,3,0,0,1,0,0,0,0
1990,34,2,2,0,0,1,243,3,40,0
1990,28,1,2,0,0,0,804,2,70,0
1990,38,2,0,0,0,1,157,5,40,0
1990,42,1,0,0,0,1,849,0,50,0
1990,33,2,1,0,0,1,156,5,40,0
1990,55,1,0,0,0,1,426,4,40,1
1990,54,2,0,0,0,1,156,5,50,0
1990,58,2,3,0,0,1,254,4,45,1
1990,20,1,1,0,0,0,563,0,50,0
1990,22,2,1,0,0,0,276,3,16,0
1990,31,1,0,0,0,0,853,0,80,0
1990,31,2,0,0,0,1,378,4,40,0
1990,40,2,0,0,0,1,37,5,40,0
1990,58,1,0,0,0,1,689,0,50,1
1990,35,1,0,0,0,1,595,0,32,0
1990,34,2,0,0,0,0,315,6,35,0
1990,38,1,0,0,0,1,235,4,37,0
1990,35,2,0,0,0,1,175,5,18,0
1990,26,2,2,0,0,0,357,5,40,0
1990,62,1,0,0,0,0,479,0,40,0
1990,55,2,0,0,0,0,365,3,40,0
1990,29,1,0,0,0,1,479,0,40,0
1990,27,2,0,0,0,1,156,5,40,0
1990,40,1,0,0,0,1,22,5,40,1
1990,39,2,0,0,0,1,0,0,0,0
1990,57,1,0,0,0,0,5,6,0,0
1990,56,2,0,0,0,0,313,6,40,0
1990,20,1,1,0,0,1,243,3,40,0
1990,33,2,3,0,0,0,436,3,30,0
1990,74,1,0,0,0,0,22,4,0,0
1990,69,2,0,0,0,0,387,5,12,0
1990,55,2,2,0,0,1,95,5,35,0
1990,62,1,0,0,0,0,22,1,50,0
1990,57,2,0,0,0,1,164,5,0,0
1990,54,1,0,0,0,1,804,6,40,0
1990,48,2,0,0,0,0,315,5,36,0
1990,18,2,1,0,0,0,265,3,16,0
1990,77,2,3,0,0,0,0,0,0,0
1990,32,1,0,0,0,0,505,1,40,0
1990,39,2,0,0,0,0,435,3,10,0
1990,38,1,0,0,0,0,567,0,50,0
1990,38,2,0,0,0,0,313,5,0,0
1990,32,1,0,0,0,0,804,2,40,0
1990,28,2,0,0,0,0,808,5,40,0
1990,30,1,1,0,0,1,259,3,45,0
1990,47,2,2,0,0,0,337,5,37,0
1990,54,1,0,0,0,1,336,6,50,0
1990,41,2,0,0,0,1,243,3,44,0
1990,18,2,1,0,0,0,0,0,0,0
1990,64,2,3,0,2,1,0,0,0,0
1990,42,1,0,0,0,1,555,1,40,0
1990,43,2,0,0,0,1,0,0,0,0
1990,51,1,0,0,0,1,23,1,40,1
1990,51,2,0,0,0,0,313,1,40,0
1990,26,1,1,0,0,1,338,5,40,0
1990,41,1,0,0,0,1,15,5,40,1
1990,39,2,0,0,0,1,22,1,40,1
1990,43,1,0,0,0,0,359,0,40,0
1990,39,2,0,0,0,0,785,1,40,0
1990,58,1,0,0,0,1,374,1,50,1
1990,51,2,0,0,0,1,796,1,0,0
1990,22,1,1,0,0,1,243,3,42,0
1990,32,1,0,1,0,1,22,1,40,0
1990,28,2,0,2,0,1,256,4,20,0
1990,31,1,1,0,0,1,217,3,40,0
1990,41,1,0,0,0,0,766,1,44,0
1990,40,2,0,0,0,0,313,4,10,0
1990,39,2,3,0,0,1,157,5,40,0
1990,24,2,1,0,0,1,436,3,35,0
1990,24,2,1,0,0,1,436,3,35,0
1990,35,1,3,0,0,1,229,1,40,0
1990,46,1,0,0,0,1,549,1,40,1
1990,45,2,0,0,0,0,444,3,32,0
1990,22,1,1,0,0,1,734,1,50,0
1990,18,2,1,0,0,1,274,3,30,0
1990,28,2,0,0,0,1,313,5,37,0
1990,29,1,0,0,0,1,185,1,46,0
1990,34,2,0,0,0,1,156,5,32,0
1990,38,1,0,0,0,1,418,6,40,0
1990,18,2,1,3,3,0,468,5,32,0
1990,18,2,1,0,0,0,453,4,20,0
1990,27,1,0,0,0,1,22,1,48,0
1990,26,2,0,0,0,1,78,5,43,0
1990,45,1,0,0,0,1,157,5,45,0
1990,45,2,0,0,0,1,13,4,50,1
1990,26,1,0,0,0,0,719,1,48,0
1990,25,2,0,0,0,0,909,6,0,0
1990,51,1,0,0,0,1,575,0,43,0
1990,46,2,0,0,0,1,447,5,48,0
1990,23,2,1,0,0,1,436,3,15,0
1990,20,1,1,0,0,0,389,4,32,0
1990,23,1,1,0,0,0,593,0,40,0
1990,34,1,2,0,0,1,579,4,49,0
1990,38,2,3,0,0,1,22,1,40,0
1990,30,1,0,0,0,1,756,1,40,0
1990,28,2,0,0,0,1,276,3,40,0
1990,34,1,0,0,0,0,518,1,40,0
1990,37,2,0,0,0,1,313,2,40,0
1990,30,2,2,0,0,1,689,3,50,0
1990,36,2,1,0,0,0,365,1,50,0
1990,67,2,3,0,0,0,0,0,0,0
1990,79,2,3,0,0,0,0,0,0,0
1990,50,1,3,0,0,0,687,3,0,0
1990,24,1,1,0,0,0,436,3,40,0
1990,20,2,1,0,0,0,276,5,15,0
1990,18,2,1,0,0,1,348,3,20,0
1990,22,1,1,0,0,1,427,5,40,0
1990,38,2,2,0,0,0,486,5,40,0
1990,74,2,3,0,0,0,0,0,0,0
1990,34,1,0,0,0,0,585,1,40,0
1990,34,2,0,0,2,0,0,0,0,0
1990,45,1,0,0,0,1,22,4,40,1
1990,44,2,0,0,0,0,313,2,35,0
1990,22,2,1,0,0,1,383,4,15,0
1990,73,1,0,0,0,1,0,0,0,0
1990,69,2,0,0,0,0,0,0,0,0
1990,71,1,0,0,0,0,0,0,0,0
1990,70,2,0,0,0,0,0,0,0,0
1990,57,1,0,0,0,1,56,1,40,1
1990,57,2,0,0,0,1,389,5,35,0
1990,43,1,0,0,0,1,256,4,50,1
1990,42,2,0,0,0,1,0,0,0,0
1990,43,1,0,0,0,1,56,1,40,1
1990,44,2,0,0,0,1,315,5,25,0
1990,77,2,3,0,0,0,0,0,0,0
1990,44,2,1,0,0,0,156,5,40,0
1990,45,2,2,0,1,0,458,4,55,0
1990,32,1,1,0,0,1,33,1,40,0
1990,24,2,0,0,0,1,23,5,45,0
1990,26,1,0,0,0,1,56,1,55,0
1990,67,1,0,0,0,0,0,0,0,0
1990,61,2,0,0,0,0,337,4,35,0
1990,72,1,3,0,0,0,0,0,0,0
1990,75,2,3,0,0,0,0,0,0,0
1990,65,1,0,0,0,1,307,2,40,0
1990,64,2,0,0,0,1,389,6,0,0
1990,57,1,1,0,0,1,36,6,40,0
1990,39,1,0,0,0,1,174,5,35,0
1990,38,2,0,0,0,1,174,5,35,0
1990,63,1,0,0,0,1,0,0,0,0
1990,65,2,0,0,0,1,0,0,0,0
1990,47,1,0,0,0,1,307,2,40,0
1990,43,2,0,0,0,0,274,3,20,0
1990,23,2,1,0,0,1,208,0,40,0
1990,20,2,1,0,0,1,447,5,20,0
1990,43,1,0,0,0,1,22,1,45,1
1990,42,2,0,0,0,1,357,1,3,0
1990,59,1,2,0,0,1,0,0,0,0
1990,33,1,0,0,0,1,83,1,50,0
1990,31,2,0,0,0,1,59,1,20,0
1990,38,1,0,0,0,1,756,1,50,0
1990,38,2,0,0,0,0,0,0,0,0
1990,26,1,1,0,0,0,285,4,40,0
1990,36,1,0,0,0,1,254,4,45,0
1990,35,2,0,0,0,1,95,5,40,0
1990,67,1,0,0,2,0,637,1,0,0
1990,72,2,0,0,2,0,0,0,0,0
1990,56,1,0,0,0,1,243,3,40,1
1990,51,2,0,0,0,1,0,0,0,0
1990,24,1,1,0,0,0,785,1,46,0
1990,61,1,0,0,2,0,17,3,99,0
1990,47,2,0,0,2,0,17,3,99,0
1990,20,2,1,0,0,1,0,0,0,0
1990,47,1,0,0,0,1,83,1,55,1
1990,45,2,0,0,0,1,264,3,38,0
1990,41,1,0,0,0,1,55,1,50,1
1990,38,2,0,0,0,0,379,2,15,0
1990,74,2,3,0,0,0,0,0,0,0
1990,32,1,1,0,0,1,55,3,40,0
1990,65,2,2,0,0,0,439,3,30,0
1990,65,1,0,0,0,1,157,5,13,0
1990,61,2,0,0,0,1,156,5,12,0
1990,43,2,2,0,0,0,188,5,37,0
1990,40,1,0,0,0,1,13,1,60,1
1990,38,2,0,0,0,1,383,4,20,0
1990,70,1,0,0,0,1,154,5,20,1
1990,69,2,0,0,0,0,274,3,30,0
1990,69,1,0,0,0,0,0,0,0,0
1990,66,2,0,0,0,0,207,5,16,0
1990,37,1,2,0,0,0,453,5,40,0
1990,54,1,0,0,0,0,734,1,37,0
1990,53,2,0,0,0,0,0,0,0,0
1990,23,2,1,0,0,0,274,3,25,0
1990,60,1,2,0,0,1,556,0,56,0
1990,48,1,0,0,0,1,22,1,43,1
1990,43,2,0,0,0,1,27,5,45,0
1990,73,2,3,0,0,0,0,0,0,0
1990,33,2,0,0,0,0,276,5,10,0
1990,36,1,0,0,0,0,505,3,44,0
1990,21,2,1,0,0,0,329,5,15,0
1990,47,1,0,0,0,1,187,5,20,0
1990,44,2,0,0,0,1,0,0,0,0
1990,45,1,0,0,0,1,18,4,60,0
1990,40,2,0,0,0,1,0,0,0,0
1990,28,1,1,0,0,1,48,1,50,1
1990,30,1,1,0,0,1,23,1,50,0
1990,38,1,0,0,0,1,709,1,45,0
1990,35,2,0,0,0,0,316,5,35,0
1990,68,2,3,0,0,1,0,0,0,0
1990,31,1,1,0,0,1,259,1,40,0
1990,26,1,1,0,0,0,558,0,40,0
1990,27,1,1,0,0,1,43,5,40,0
1990,26,1,1,0,0,1,23,4,58,0
1990,56,1,0,0,0,1,85,5,42,1
1990,57,2,0,0,0,0,348,3,24,0
1990,23,2,1,0,0,1,327,2,40,0
1990,42,1,0,3,3,1,243,3,66,1
1990,42,2,0,3,3,0,22,3,40,0
1990,70,1,0,3,3,0,0,0,0,0
1990,74,2,0,3,3,0,0,0,0,0
1990,54,1,0,0,0,0,628,2,40,0
1990,44,2,0,0,0,0,313,3,30,0
1990,19,2,1,0,0,1,274,3,12,0
1990,60,1,1,0,2,0,734,1,25,0
1990,51,2,2,0,0,1,56,1,45,0
1990,72,1,0,0,0,1,259,3,25,0
1990,73,2,0,0,0,0,0,0,0,0
1990,59,2,3,0,0,1,319,6,45,0
1990,18,2,1,0,0,0,329,5,6,0
1990,75,1,0,0,0,1,0,0,0,1
1990,75,2,0,0,0,0,0,0,0,0
1990,40,2,1,0,0,1,163,5,50,0
1990,23,2,1,0,0,1,168,5,40,0
1990,22,2,1,0,0,1,348,5,9,0
1990,71,1,0,0,0,1,53,6,0,0
1990,63,2,0,0,0,0,0,0,0,0
1990,26,1,1,0,0,1,159,5,40,0
1990,43,2,2,0,0,1,14,5,40,0
1990,62,1,0,0,0,1,22,5,9,0
1990,55,2,0,0,0,0,0,0,0,0
1990,76,1,0,0,2,1,167,5,17,0
1990,64,2,0,0,2,1,156,5,0,0
1990,19,2,1,1,0,1,774,4,12,0
1990,21,1,1,0,0,1,436,5,35,0
1990,20,2,1,0,0,0,337,3,40,0
1990,23,1,1,0,0,1,154,5,30,0
1990,21,1,1,0,0,1,365,5,20,0
1990,27,1,1,0,0,1,84,5,80,0
1990,24,1,1,3,4,1,14,5,20,0
1990,24,1,1,0,0,1,55,0,40,0
1990,45,2,2,0,2,1,216,1,40,0
1990,19,1,1,0,0,0,684,1,40,0
1990,47,2,2,1,0,1,466,5,50,0
1990,30,2,1,1,0,0,683,1,40,0
1990,29,1,1,1,0,1,458,4,45,0
1990,27,1,1,1,0,0,599,0,40,0
1990,80,1,0,0,0,0,0,0,0,0
1990,72,2,0,0,0,0,0,0,0,0
1990,26,1,1,0,0,0,486,0,40,0
1990,24,2,1,0,0,1,23,1,37,0
1990,35,1,0,0,0,1,23,5,50,0
1990,34,2,0,0,0,1,253,4,24,0
1990,30,1,0,0,0,1,308,1,40,0
1990,27,2,0,0,0,0,435,3,20,0
1990,65,2,1,0,0,0,0,0,0,0
1990,29,1,0,0,0,1,255,4,45,0
1990,31,2,0,0,1,1,156,5,16,0
1990,35,1,0,0,0,1,174,5,35,0
1990,35,2,0,0,0,1,95,5,36,0
1990,51,2,0,0,0,1,95,5,38,0
1990,58,1,0,0,3,1,84,5,40,1
1990,21,1,1,0,0,1,339,5,15,0
1990,75,2,0,0,0,0,0,0,0,0
1990,79,1,0,0,0,0,0,0,0,0
1990,24,1,0,0,0,1,379,5,15,0
1990,21,2,0,0,0,1,264,3,17,0
1990,50,1,0,0,0,0,518,1,40,0
1990,48,2,0,0,0,0,276,3,0,0
1990,31,1,0,0,0,0,785,1,40,0
1990,28,2,0,0,0,0,276,3,30,0
1990,67,1,3,0,0,1,549,1,0,0
1990,55,2,2,1,0,0,785,1,40,0
1990,80,1,0,0,0,0,0,0,0,0
1990,76,2,0,0,0,1,0,0,0,0
1990,32,2,2,0,0,0,637,1,40,0
1990,44,1,2,0,0,1,363,1,40,0
1990,55,1,0,0,0,1,185,1,40,0
1990,55,2,0,0,0,0,438,3,15,0
1990,31,2,2,0,0,1,434,3,40,0
1990,71,1,3,0,0,0,259,3,0,0
1990,40,1,1,0,2,0,679,1,37,0
1990,42,2,2,0,0,0,376,1,40,0
1990,44,1,0,0,0,1,33,1,40,1
1990,43,2,0,0,0,1,276,3,25,0
1990,47,1,0,0,0,1,686,3,50,0
1990,45,2,0,0,0,0,0,0,0,0
1990,39,1,0,0,2,1,22,1,55,1
1990,38,2,0,0,2,1,0,0,0,0
1990,44,1,0,0,0,1,56,1,40,1
1990,41,2,0,0,0,0,0,0,0,0
1990,42,1,0,2,1,0,637,1,40,0
1990,32,2,0,0,2,1,447,5,35,0
1990,45,1,0,1,0,1,14,5,45,1
1990,44,2,0,1,0,1,156,5,35,0
1990,51,1,1,0,0,1,229,3,40,1
1990,45,1,0,0,0,1,549,1,40,0
1990,48,2,0,0,0,1,22,5,40,0
1990,21,1,1,0,0,1,434,5,20,0
1990,19,2,1,0,0,0,877,3,10,0
1990,61,2,2,0,0,0,785,1,40,0
1990,30,1,0,0,2,0,777,1,48,0
1990,29,2,0,0,0,1,313,1,40,0
1990,42,2,2,0,0,0,22,2,40,0
1990,34,2,0,1,0,1,22,1,40,0
1990,40,1,0,1,0,1,634,1,40,0
1990,32,1,0,0,0,0,804,2,23,0
1990,31,2,0,0,0,0,777,1,40,0
1990,73,2,3,0,0,0,0,0,0,0
1990,68,1,3,0,0,0,0,0,0,0
1990,71,1,0,0,0,0,0,0,0,0
1990,70,2,0,0,0,0,0,0,0,0
1990,40,1,1,0,0,1,235,1,40,0
1990,71,2,3,0,0,0,0,0,0,0
1990,24,1,1,0,0,1,229,1,40,0
1990,44,1,0,0,0,0,8,1,50,1
1990,41,2,0,0,0,0,379,1,40,0
1990,35,1,0,0,0,1,779,2,40,0
1990,35,2,0,0,0,1,337,5,40,0
1990,49,1,1,0,0,0,444,5,50,0
1990,28,1,0,1,0,1,785,1,40,0
1990,33,2,0,0,0,1,243,3,48,0
1990,36,1,0,0,0,1,689,1,40,0
1990,40,2,0,0,1,1,224,1,40,0
1990,55,1,0,0,2,1,365,1,40,0
1990,51,2,0,0,2,0,0,0,0,0
1990,28,1,1,0,0,1,503,1,40,0
1990,24,1,1,0,0,1,719,1,40,0
1990,75,1,0,0,0,0,0,0,0,0
1990,73,2,0,0,0,0,0,0,0,0
1990,48,1,0,0,0,1,235,1,40,1
1990,50,2,0,0,0,1,348,5,40,0
1990,73,2,3,0,0,0,0,0,0,0
1990,39,1,0,0,0,1,7,3,50,1
1990,36,2,0,0,0,1,337,5,40,0
1990,62,2,3,0,0,0,785,1,40,0
1990,48,2,0,0,0,0,888,3,0,0
1990,49,1,0,0,0,0,804,0,42,0
1990,18,1,1,0,0,0,443,3,0,0
1990,76,2,3,3,0,0,889,1,45,0
1990,24,1,1,1,0,0,274,3,15,0
1990,23,1,1,0,0,1,444,3,35,0
1990,27,1,1,0,0,1,365,1,40,0
1990,29,1,1,0,0,1,889,5,50,0
1990,20,1,1,0,0,1,877,3,62,0
1990,21,1,1,0,0,1,235,5,30,0
1990,27,2,1,0,0,1,313,4,40,0
1990,29,2,1,0,0,1,166,5,0,0
1990,37,2,1,1,0,0,447,5,10,0
1990,62,1,0,0,2,0,785,3,42,0
1990,61,2,0,0,2,0,744,1,0,0
1990,23,1,1,0,0,0,563,0,40,0
1990,20,2,1,0,0,0,276,3,45,0
1990,19,1,1,0,0,1,877,3,40,0
1990,75,1,3,0,0,0,0,0,0,0
1990,43,1,2,0,0,1,378,4,25,0
1990,41,2,3,0,0,0,435,3,35,0
1990,22,2,1,0,0,1,677,3,40,0
1990,19,1,1,0,0,0,426,4,48,0
1990,56,1,2,0,0,0,415,4,48,0
1990,41,2,0,0,0,0,308,1,40,0
1990,51,1,0,0,0,0,804,3,40,0
1990,63,2,3,0,0,0,363,5,40,0
1990,32,1,0,0,0,0,813,4,40,0
1990,31,2,0,0,0,0,0,0,0,0
1990,53,1,0,0,0,1,757,1,42,1
1990,48,2,0,0,0,0,0,0,0,0
1990,37,2,1,0,0,1,156,5,45,0
1990,60,2,2,0,0,1,0,0,0,0
1990,26,2,1,0,0,1,0,0,0,0
1990,40,2,3,0,0,1,229,1,45,0
1990,38,1,0,0,0,0,883,3,40,0
1990,40,2,0,0,0,0,467,5,45,0
1990,30,1,0,1,0,0,785,1,40,0
1990,31,2,0,1,0,1,446,5,40,0
1990,22,1,1,0,0,1,365,3,40,0
1990,26,1,1,1,0,1,56,1,45,0
1990,68,2,0,0,0,1,0,0,0,0
1990,73,1,0,0,0,1,0,0,0,0
1990,26,1,1,0,0,1,17,3,65,0
1990,26,2,1,0,0,1,229,5,17,0
1990,34,2,3,1,0,0,447,5,40,0
1990,54,1,0,0,0,1,25,5,40,0
1990,57,2,0,0,0,1,15,5,40,0
1990,52,1,0,0,0,1,628,1,70,0
1990,46,2,0,0,0,0,426,4,0,0
1990,22,1,1,0,0,0,433,3,36,0
1990,54,1,0,0,0,0,683,1,40,0
1990,51,2,0,0,0,0,0,0,0,0
1990,18,1,1,0,0,0,453,3,25,0
1990,30,2,2,0,0,0,375,4,40,0
1990,28,2,1,0,0,1,57,1,40,1
1990,19,1,1,0,0,1,748,5,15,0
1990,58,2,1,0,0,0,303,5,40,0
1990,20,1,1,0,0,1,883,2,6,0
1990,20,1,1,0,0,0,235,2,40,0
1990,20,2,1,0,0,0,21,5,40,0
1990,18,2,1,0,0,0,427,5,40,0
1990,32,1,1,0,0,0,909,6,0,0
1990,43,2,1,0,1,0,467,5,40,0
1990,72,1,3,0,0,0,809,2,0,0
1990,60,2,3,1,0,0,0,0,0,0
1990,44,2,2,0,0,1,95,5,40,0
1990,26,2,3,1,0,0,747,4,40,0
1990,22,2,0,1,0,0,0,0,0,0
1990,22,1,0,1,0,0,686,3,40,0
1990,52,1,0,1,0,0,804,1,40,0
1990,46,2,0,1,0,0,0,0,0,0
1990,19,2,1,2,0,0,276,3,18,0
1990,49,1,0,0,0,1,689,1,44,0
1990,48,2,0,0,0,0,0,0,0,0
1990,22,1,1,0,0,1,188,1,42,0
1990,21,2,1,1,0,0,447,5,40,0
1990,27,2,1,1,0,0,434,3,40,0
1990,40,2,3,1,0,0,779,4,40,0
1990,21,2,1,1,0,0,877,3,40,0
1990,18,2,1,1,0,0,436,3,23,0
1990,63,1,0,0,0,1,365,1,0,0
1990,66,2,0,0,0,1,0,0,0,0
1990,39,1,1,0,0,0,364,1,40,0
1990,29,1,1,0,0,0,799,4,40,0
1990,29,1,0,0,0,1,869,4,55,0
1990,24,2,0,0,0,1,99,5,50,0
1990,21,2,1,1,0,0,0,0,0,0
1990,54,2,1,1,0,0,365,1,40,0
1990,30,1,1,1,0,0,804,5,40,0
1990,21,2,0,1,0,1,23,4,40,0
1990,22,1,0,1,0,0,785,1,40,0
1990,35,2,0,1,0,0,379,1,40,0
1990,36,1,0,1,0,0,518,1,48,0
1990,19,1,1,1,0,0,0,0,0,0
1990,59,1,2,1,0,1,335,1,40,0
1990,20,1,1,1,0,1,276,3,29,0
1990,33,2,2,1,0,1,447,6,35,0
1990,31,2,1,1,0,0,37,5,35,0
1990,42,1,0,0,0,1,496,1,50,0
1990,37,2,0,0,0,1,156,5,40,0
1990,49,1,0,0,2,1,22,0,50,1
1990,40,2,0,0,0,1,435,3,20,0
1990,45,1,0,1,0,1,14,5,50,1
1990,44,2,0,1,0,1,175,5,45,0
1990,23,2,1,0,0,1,185,5,50,0
1990,23,2,1,0,0,1,217,4,30,0
1990,76,1,0,0,0,0,0,0,0,0
1990,72,2,0,0,0,0,0,0,0,0
1990,44,1,1,0,0,0,628,1,40,0
1990,77,1,1,0,0,0,0,0,0,0
1990,77,2,3,0,0,0,0,0,0,0
1990,46,2,2,1,0,0,785,4,40,0
1990,73,1,0,0,0,0,0,0,0,0
1990,75,2,0,0,0,0,0,0,0,0
1990,27,1,3,0,0,0,523,2,45,0
1990,28,1,3,0,0,0,257,0,35,0
1990,23,1,1,0,0,0,684,1,44,0
1990,21,1,1,0,0,1,434,4,45,0
1990,68,2,3,0,0,0,435,3,32,0
1990,73,1,0,0,0,0,0,0,0,0
1990,71,2,0,0,0,0,0,0,0,0
1990,75,1,3,0,0,0,0,0,0,0
1990,56,1,0,0,0,1,27,6,37,0
1990,29,2,0,0,0,0,313,5,35,0
1990,20,1,1,1,0,1,193,5,45,0
1990,39,1,1,0,0,1,156,5,50,0
1990,39,1,1,1,0,0,0,0,0,0
1990,58,1,0,0,0,1,84,5,87,1
1990,49,2,0,0,0,1,323,4,10,0
1990,32,1,1,1,0,0,785,1,0,0
1990,33,2,1,3,3,1,0,0,0,0
1990,77,2,3,3,3,0,0,0,0,0
1990,19,2,1,0,0,0,0,0,0,0
1990,55,2,2,0,0,0,407,4,40,0
1990,21,1,1,0,0,0,345,1,60,0
1990,37,1,0,0,0,1,538,3,40,0
1990,35,2,0,0,0,1,95,5,45,0
1990,38,1,0,0,0,1,686,3,40,0
1990,35,2,0,0,0,1,159,5,15,0
1990,26,1,0,0,0,0,567,1,40,0
1990,22,2,0,0,0,0,447,5,0,0
1990,33,2,1,0,0,1,207,5,40,0
1990,25,1,1,0,0,0,473,0,50,0
1990,35,1,0,0,0,1,418,6,65,0
1990,36,2,0,0,0,1,156,5,40,0
1990,27,1,0,0,0,1,637,1,50,0
1990,24,2,0,0,0,1,156,5,20,0
1990,26,2,0,0,0,0,785,1,40,0
1990,27,1,0,3,1,0,785,1,40,0
1990,40,1,0,0,0,1,804,3,45,0
1990,35,2,0,0,0,1,0,0,0,0
1990,39,1,1,1,0,0,0,0,0,0
1990,50,1,0,0,0,1,503,1,40,0
1990,49,2,0,0,0,1,156,5,40,0
1990,57,1,0,0,0,0,796,1,0,0
1990,51,2,0,0,0,0,436,5,30,0
1990,28,2,1,0,0,0,754,1,40,0
1990,26,2,1,0,0,0,785,1,0,0
1990,36,1,3,0,0,0,785,3,99,0
1990,27,2,1,1,0,0,779,1,40,0
1990,26,1,1,1,0,0,744,1,46,0
1990,42,1,0,0,0,1,354,2,36,0
1990,41,2,0,0,0,0,157,5,32,0
1990,75,2,3,0,0,0,0,0,0,0
1990,30,1,0,0,0,0,216,1,51,0
1990,26,2,0,0,0,0,796,1,45,0
1990,29,2,0,0,0,0,313,1,30,0
1990,29,1,0,0,0,0,755,4,65,0
1990,38,1,0,0,0,0,785,1,40,0
1990,43,2,0,0,0,0,703,1,40,0
1990,39,1,3,0,0,0,549,1,40,0
1990,72,1,0,0,0,1,0,0,0,0
1990,73,2,0,0,0,0,0,0,0,0
1990,55,1,1,0,0,0,0,0,0,0
1990,61,1,2,0,0,0,804,2,0,0
1990,26,1,1,0,0,0,734,1,40,0
1990,29,1,1,0,0,0,505,0,40,0
1990,72,1,0,0,2,0,243,3,40,1
1990,72,2,0,0,0,0,337,5,2,0
1990,74,2,3,0,0,0,0,0,0,0
1990,58,1,0,0,0,0,804,1,40,0
1990,54,2,0,0,0,0,785,1,40,0
1990,34,1,1,0,0,0,785,1,40,0
1990,28,2,1,0,0,0,436,3,0,0
1990,33,1,0,0,0,0,616,1,40,0
1990,34,2,0,0,0,0,888,1,40,0
1990,60,1,0,0,0,0,579,1,40,0
1990,57,2,0,0,0,1,389,6,40,0
1990,26,1,0,0,0,0,563,0,40,0
1990,24,2,0,0,0,0,17,3,40,0
1990,47,1,0,0,0,0,804,2,53,0
1990,48,2,0,0,0,0,383,4,20,0
1990,35,1,0,0,0,1,266,3,40,0
1990,31,2,0,0,0,1,208,5,40,0
1990,29,1,2,0,0,0,185,4,40,0
1990,60,1,2,0,0,0,0,0,0,0
1990,32,2,1,0,0,0,669,1,40,0
1990,53,1,0,1,0,0,869,0,45,0
1990,52,2,0,1,0,0,889,3,17,0
1990,25,1,1,1,0,0,869,0,50,0
1990,27,2,2,0,0,1,156,5,0,0
1990,67,1,3,0,0,0,686,3,12,0
1990,56,1,0,0,0,1,243,3,50,1
1990,53,2,0,0,0,0,337,3,0,0
1990,25,1,1,0,0,1,37,3,40,0
1990,43,1,0,0,0,1,167,5,60,0
1990,47,2,0,0,0,1,739,1,0,0
1990,67,1,0,0,0,1,0,0,0,0
1990,67,2,0,0,0,1,0,0,0,0
1990,71,2,1,0,0,0,0,0,0,0
1990,69,1,0,0,0,0,0,0,0,0
1990,59,2,0,0,0,0,458,4,15,0
1990,61,1,0,0,0,0,856,1,50,0
1990,58,2,0,0,0,0,0,0,0,0
1990,66,1,0,3,0,0,0,0,0,0
1990,62,2,0,0,0,0,0,0,0,0
1990,18,1,1,0,0,1,769,1,40,0
1990,20,2,1,0,0,0,276,3,40,0
1990,49,2,1,0,0,1,156,5,60,0
1990,62,2,3,0,0,1,156,5,60,0
1990,62,1,0,0,0,0,453,4,40,0
1990,65,2,0,0,0,0,683,1,0,0
1990,79,2,2,0,0,0,0,0,0,0
1990,31,1,0,0,0,0,517,0,40,0
1990,26,2,0,0,0,0,748,4,40,0
1990,37,1,0,0,0,1,303,6,40,0
1990,36,2,0,0,0,0,458,4,22,0
1990,26,1,0,0,0,1,518,1,45,0
1990,28,2,0,0,0,1,363,1,37,0
1990,38,1,2,0,0,0,29,3,40,0
1990,67,1,0,0,0,0,808,5,10,0
1990,64,2,0,0,0,0,22,6,0,0
1990,57,1,0,0,0,0,503,1,40,0
1990,52,2,0,0,0,0,447,5,0,0
1990,22,2,1,0,0,0,313,5,50,0
1990,38,1,2,1,0,0,0,0,0,0
1990,40,1,2,0,0,1,0,0,0,0
1990,19,1,1,2,0,0,869,0,47,0
1990,39,2,2,0,0,1,338,6,37,0
1990,47,1,0,0,0,0,22,3,40,0
1990,47,2,0,0,0,1,359,2,40,0
1990,61,1,3,0,0,0,596,0,40,0
1990,76,1,0,0,0,0,874,1,40,0
1990,71,2,0,0,0,0,0,0,0,0
1990,27,1,0,0,0,1,796,1,40,0
1990,28,2,0,0,0,1,313,5,17,0
1990,57,1,0,0,0,0,449,5,45,0
1990,56,2,0,0,0,0,888,3,40,0
1990,77,1,0,0,0,1,176,5,0,0
1990,75,2,0,0,0,0,0,0,0,0
1990,68,1,0,0,0,0,0,0,0,0
1990,67,2,0,0,0,0,0,0,0,0
1990,25,2,1,0,0,1,103,5,43,0
1990,35,1,0,0,0,0,514,1,45,0
1990,28,2,0,0,0,0,276,3,25,0
1990,28,1,0,0,0,0,0,0,0,0
1990,26,2,0,0,0,0,453,5,40,0
1990,29,1,1,0,0,0,597,1,40,0
1990,79,1,0,0,0,0,278,1,30,0
1990,77,2,0,0,0,0,0,0,0,0
1990,53,2,2,0,0,0,0,0,0,0
1990,52,1,2,3,0,0,514,3,40,0
1990,58,1,0,0,0,0,567,3,60,0
1990,57,2,0,0,0,0,313,1,0,0
1990,43,1,0,0,0,1,549,1,40,0
1990,37,2,0,0,0,0,0,0,0,0
1990,72,2,0,0,0,0,0,0,0,0
1990,79,1,0,0,0,1,0,0,0,0
1990,66,2,0,0,0,1,0,0,0,0
1990,79,2,3,0,0,0,0,0,0,0
1990,45,1,0,0,0,0,364,1,40,0
1990,41,2,0,0,0,0,274,3,30,0
1990,72,2,3,0,0,0,274,3,0,0
1990,43,1,1,0,0,1,706,1,40,0
1990,30,1,0,0,0,1,157,5,40,0
1990,28,2,0,0,0,1,337,3,40,0
1990,55,1,1,0,0,0,243,3,44,0
1990,75,2,3,0,0,0,0,0,0,0
1990,37,1,0,0,0,1,754,1,40,0
1990,31,2,0,0,0,1,274,3,0,0
1990,24,1,0,0,0,1,69,5,50,0
1990,24,2,0,0,0,1,167,5,35,0
1990,29,1,0,0,0,1,17,3,45,0
1990,29,2,0,0,0,1,23,5,40,0
1990,37,1,1,1,0,0,0,0,0,0
1990,22,2,1,0,0,0,274,4,35,0
1990,64,1,0,0,0,0,479,0,45,0
1990,65,2,0,0,0,0,785,1,40,1
1990,48,1,0,0,0,0,889,1,40,0
1990,47,2,0,0,0,0,0,0,0,0
1990,18,2,1,0,0,0,379,4,16,0
1990,74,1,0,0,0,0,0,0,0,0
1990,80,2,0,0,0,0,0,0,0,0
1990,75,2,3,0,0,0,0,0,0,0
1990,28,1,0,0,0,1,567,0,40,0
1990,26,2,0,0,0,1,18,4,40,0
1990,52,1,0,0,0,0,274,3,40,0
1990,52,2,0,0,0,0,274,3,30,0
1990,21,1,1,0,0,1,486,0,40,0
1990,73,2,3,0,0,0,0,0,0,0
1990,66,2,3,0,0,0,0,0,0,0
1990,30,1,0,0,0,0,883,3,40,0
1990,29,2,0,0,0,1,308,4,40,0
1990,27,2,1,0,0,0,274,3,56,0
1990,31,1,2,0,0,1,567,0,40,0
1990,73,2,1,0,0,0,0,0,0,0
1990,58,1,3,0,0,0,0,0,0,0
1990,48,1,0,0,0,1,157,5,40,0
1990,48,2,0,0,0,1,156,5,40,0
1990,23,1,1,0,0,1,64,1,40,0
1990,35,1,0,0,0,0,355,2,48,0
1990,33,2,0,0,0,1,156,5,21,0
1990,59,1,0,0,0,1,844,0,50,1
1990,59,2,0,0,0,0,0,0,0,0
1990,42,1,2,0,0,1,575,3,45,0
1990,75,2,2,0,0,0,0,0,0,0
1990,80,1,0,0,0,1,0,0,0,0
1990,76,2,0,0,0,0,0,0,0,0
1990,62,2,2,0,0,0,436,5,40,0
1990,29,2,0,0,0,1,276,3,40,0
1990,31,1,0,0,0,0,889,4,40,0
1990,21,2,1,0,0,1,243,3,31,0
1990,33,1,0,0,0,0,628,1,55,0
1990,33,2,0,0,0,1,383,4,8,0
1990,80,1,1,0,0,0,0,0,0,0
1990,65,2,3,0,0,1,379,3,24,0
1990,42,1,2,0,0,1,22,4,40,1
1990,67,2,0,0,0,0,313,3,15,0
1990,66,1,0,0,0,0,22,3,48,0
1990,34,1,0,3,0,1,595,0,40,0
1990,36,2,0,0,0,1,479,0,40,0
1990,52,1,0,0,0,0,473,0,40,0
1990,49,2,0,0,0,1,0,0,0,0
1990,21,1,1,0,0,1,426,3,0,0
1990,18,2,1,0,0,0,274,3,15,0
1990,24,1,0,0,0,1,48,1,40,0
1990,22,2,0,0,0,1,383,4,40,0
1990,39,2,2,0,0,1,156,5,45,0
1990,63,1,0,0,0,1,154,5,23,1
1990,65,2,0,0,0,1,164,5,12,0
1990,52,2,3,1,0,0,785,1,40,0
1990,34,2,1,1,0,1,387,5,40,0
1990,29,1,1,1,0,0,628,1,40,0
1990,26,2,1,1,0,0,447,5,40,0
1990,19,2,1,1,0,0,748,5,0,0
1990,18,1,1,1,0,0,785,0,25,0
1990,30,1,3,0,0,1,194,5,48,0
1990,47,1,2,1,0,0,594,0,0,0
1990,19,1,1,1,0,0,0,0,0,0
1990,18,2,1,1,0,0,0,0,0,0
1990,64,1,0,0,0,0,804,3,40,0
1990,60,2,0,0,0,0,449,5,37,0
1990,31,2,1,0,0,0,368,3,40,0
1990,30,1,1,0,0,0,694,2,40,0
1990,49,2,3,0,0,0,748,4,40,0
1990,25,1,0,0,0,1,167,5,40,0
1990,27,2,0,0,0,1,383,4,40,0
1990,66,2,3,0,0,0,447,5,20,0
1990,43,2,2,0,0,0,0,0,0,0
1990,50,1,1,1,1,1,0,0,0,0
1990,67,1,0,0,0,0,426,0,0,0
1990,67,2,0,0,0,0,446,5,30,0
1990,25,1,3,0,0,0,779,5,37,0
1990,25,1,2,0,0,0,235,4,40,0
1990,77,2,0,0,0,0,379,0,30,0
1990,71,2,3,0,0,0,0,0,0,0
1990,35,2,1,0,0,1,97,5,40,0
1990,34,1,1,0,0,1,217,1,40,0
1990,64,1,3,0,0,0,597,0,0,0
1990,59,1,0,0,0,0,783,1,40,0
1990,57,2,0,0,0,0,436,3,32,0
1990,23,1,1,0,0,1,268,3,14,0
1990,27,2,1,0,0,0,257,4,40,0
1990,75,1,0,0,0,0,0,0,0,0
1990,66,2,0,0,0,0,468,5,30,0
1990,32,1,1,0,0,1,189,4,37,0
1990,28,1,1,0,0,0,514,4,40,0
1990,34,2,0,0,0,1,354,2,40,0
1990,40,1,0,0,0,1,354,2,40,0
1990,69,1,0,0,0,0,0,0,0,0
1990,67,2,0,0,0,0,0,0,0,0
1990,31,1,1,0,0,0,779,1,35,0
1990,50,1,0,0,0,0,783,1,40,0
1990,49,2,0,0,0,0,276,3,0,0
1990,57,2,2,0,0,0,785,1,40,0
1990,23,1,1,0,0,0,426,1,30,0
1990,66,1,2,0,0,0,22,1,37,0
1990,25,2,1,0,0,1,36,6,40,0
1990,27,2,1,3,3,1,313,5,13,0
1990,18,1,1,0,0,1,427,5,40,0
1990,51,1,0,0,0,0,734,1,40,0
1990,47,2,0,0,0,0,313,1,40,0
1990,19,1,1,0,0,1,877,3,20,0
1990,79,1,0,0,0,0,0,0,0,0
1990,76,2,0,0,0,0,389,6,24,0
1990,52,1,0,0,0,1,174,5,35,0
1990,54,2,0,0,0,0,276,3,15,0
1990,43,1,0,0,0,1,23,5,45,0
1990,40,2,0,0,0,1,337,5,30,0
1990,20,2,1,0,0,1,315,2,20,0
1990,18,2,1,0,0,1,467,5,12,0
1990,40,1,0,0,0,1,415,2,50,0
1990,38,2,0,0,0,1,95,5,40,0
1990,44,1,0,0,0,1,22,1,40,1
1990,35,2,0,0,0,1,185,1,24,0
1990,18,1,1,0,4,0,276,3,0,0
1990,68,1,0,0,0,1,0,0,0,1
1990,64,2,0,0,0,1,0,0,0,0
1990,37,1,0,0,0,1,418,6,40,0
1990,31,2,0,0,0,1,208,0,15,1
1990,25,2,0,0,0,1,313,5,35,0
1990,27,1,0,0,0,0,263,3,60,0
1990,35,1,0,0,0,1,628,3,50,0
1990,34,2,0,0,0,1,22,5,20,0
1990,38,1,0,0,2,1,0,0,0,0
1990,46,2,0,0,2,1,0,0,0,0
1990,40,2,0,0,0,1,389,6,40,0
1990,40,1,0,0,0,1,184,1,40,1
1990,27,1,0,0,0,0,486,0,50,0
1990,31,2,0,0,0,1,185,3,50,0
1990,58,1,0,0,2,0,869,0,60,1
1990,60,2,0,0,2,0,0,0,0,0
1990,24,1,1,0,0,1,585,0,51,0
1990,23,2,1,0,0,1,313,5,20,0
1990,49,1,0,0,0,1,253,4,50,1
1990,50,2,0,0,0,1,157,5,25,0
1990,39,1,1,0,0,1,22,4,50,1
1990,72,1,3,0,0,0,0,0,0,0
1990,54,1,0,0,0,1,413,6,40,1
1990,49,2,0,0,0,1,95,5,20,0
1990,27,1,1,0,0,1,418,6,40,0
1990,25,1,1,0,0,1,417,6,40,0
1990,19,2,1,0,0,0,567,0,30,0
1990,58,1,0,0,0,1,44,1,40,1
1990,58,2,0,0,0,1,159,5,40,0
1990,57,1,0,0,0,1,257,1,80,1
1990,57,2,0,0,0,1,95,1,0,0
1990,29,1,1,0,0,1,13,1,40,0
1990,36,1,0,0,0,1,486,0,48,0
1990,33,2,0,0,1,0,0,0,0,0
1990,78,1,0,0,0,1,22,2,50,0
1990,73,2,0,0,0,1,22,2,0,0
1990,47,1,1,0,0,1,43,5,48,0
1990,30,1,1,0,0,0,264,3,50,1
1990,29,1,1,0,0,0,318,2,40,0
1990,67,1,0,0,0,1,0,0,0,0
1990,70,2,0,0,0,0,0,0,0,0
1990,38,1,0,1,0,1,628,1,40,0
1990,35,2,0,1,0,0,379,5,40,0
1990,33,1,1,1,0,1,216,5,40,0
1990,34,1,1,1,0,1,55,1,40,0
1990,50,1,0,0,0,0,555,0,40,1
1990,51,2,0,0,0,0,387,5,20,0
1990,26,2,1,0,0,1,447,5,40,0
1990,24,2,1,0,0,1,308,5,40,0
1990,22,1,1,0,0,1,259,3,40,0
1990,34,1,0,0,0,1,699,2,56,1
1990,36,2,0,0,0,1,156,5,20,0
1990,41,1,0,0,0,1,65,2,35,1
1990,42,2,0,0,0,1,229,5,0,0
1990,61,1,0,0,0,1,178,5,50,0
1990,61,2,0,0,0,0,0,0,0,0
1990,22,2,1,0,0,1,317,4,40,0
1990,44,2,0,0,0,0,466,5,40,0
1990,47,1,0,0,0,1,418,6,40,1
1990,53,1,0,0,0,1,23,5,35,1
1990,54,2,0,0,0,0,315,4,35,0
1990,29,1,1,0,0,1,355,2,40,0
1990,24,2,1,0,0,1,445,5,40,0
1990,33,1,0,0,0,1,7,4,55,1
1990,31,2,0,0,0,0,343,4,0,0
1990,25,1,0,0,0,0,503,3,60,0
1990,25,2,0,0,0,1,338,5,40,0
1990,38,2,3,1,0,0,447,6,40,0
1990,59,1,0,1,0,1,0,0,0,0
1990,49,2,0,1,0,1,447,5,40,0
1990,19,2,1,1,0,0,385,3,17,0
1990,68,2,2,1,0,0,0,0,0,0
1990,57,2,0,0,0,0,313,4,40,1
1990,56,1,0,0,0,0,769,1,55,0
1990,78,2,3,0,0,0,0,0,0,0
1990,73,2,3,0,0,0,0,0,0,0
1990,69,2,3,0,0,0,0,0,0,1
1990,65,2,2,0,0,0,319,1,0,0
1990,53,2,3,0,2,1,235,4,7,0
1990,79,1,0,0,1,1,84,5,0,0
1990,74,2,0,0,1,0,0,0,0,0
1990,47,1,0,0,0,1,529,2,40,1
1990,47,2,0,0,0,1,185,4,35,0
1990,23,1,1,0,0,1,257,2,40,0
1990,20,2,1,0,0,1,406,4,20,0
1990,36,1,0,0,0,1,418,6,42,0
1990,33,2,0,0,0,1,36,5,33,0
1990,80,1,0,0,2,0,0,0,0,1
1990,76,2,0,0,0,0,0,0,0,0
1990,52,1,0,0,0,0,628,1,40,0
1990,52,2,0,0,0,1,14,5,40,0
1990,44,1,0,0,0,1,26,5,0,0
1990,44,2,0,0,0,0,379,4,0,0
1990,20,2,1,0,0,1,379,1,40,0
1990,18,1,1,0,0,0,444,3,25,0
1990,22,1,1,0,0,1,243,3,40,0
1990,62,1,0,0,0,1,22,0,40,1
1990,49,2,0,0,0,0,0,0,0,0
1990,22,1,1,0,0,1,558,0,40,0
1990,49,1,0,0,0,1,118,5,60,1
1990,46,2,0,0,0,1,22,5,40,0
1990,21,1,1,0,0,1,274,3,20,0
1990,18,1,1,0,0,1,0,0,0,0
1990,31,1,0,0,0,1,418,6,45,1
1990,30,2,0,0,0,1,259,3,37,0
1990,63,1,0,0,0,0,56,1,40,0
1990,58,2,0,0,0,0,375,4,35,0
1990,26,1,1,0,0,1,259,3,40,0
1990,72,2,1,0,0,1,163,5,25,0
1990,76,2,0,0,2,0,0,0,0,0
1990,67,1,0,0,2,0,457,4,16,0
1990,61,2,0,0,0,0,274,3,37,0
1990,38,2,3,0,0,1,313,5,40,0
1990,43,1,0,0,0,1,259,3,50,0
1990,42,2,0,0,0,1,259,3,10,0
1990,65,1,0,0,0,0,274,3,30,0
1990,62,2,0,0,0,0,0,0,0,0
1990,34,2,1,0,0,1,303,1,40,0
1990,31,1,1,0,0,1,23,6,70,1
1990,47,1,0,3,3,1,22,5,30,1
1990,42,2,0,3,3,1,0,0,0,0
1990,39,2,1,0,0,1,156,5,35,0
1990,38,1,0,0,0,1,178,5,50,1
1990,37,2,0,0,0,1,178,5,35,1
1990,22,2,1,0,0,0,469,3,40,0
1990,53,1,0,0,0,1,178,4,40,1
1990,53,2,0,0,0,1,22,5,0,0
1990,18,2,1,1,0,1,323,5,10,0
1990,42,1,0,0,0,1,213,1,52,0
1990,40,2,0,0,0,0,379,5,40,0
1990,36,1,0,1,1,0,549,3,40,1
1990,35,2,0,1,1,1,373,4,40,0
1990,58,1,2,0,0,0,877,3,40,0
1990,29,2,2,0,0,0,243,3,45,0
1990,30,1,0,0,0,0,243,3,49,0
1990,30,2,0,0,0,0,276,3,0,0
1990,26,1,1,0,0,0,579,1,40,0
1990,57,2,0,0,0,0,313,1,40,0
1990,54,1,0,0,0,0,534,0,0,0
1990,28,2,2,0,0,0,313,1,40,0
1990,52,1,0,0,0,0,736,1,34,0
1990,52,2,0,0,0,0,385,1,40,0
1990,28,1,1,0,0,1,243,3,48,0
1990,22,1,1,0,0,0,877,3,10,0
1990,78,2,3,0,0,0,799,3,0,0
1990,51,2,3,0,0,0,335,3,37,0
1990,26,1,0,0,0,0,909,6,0,0
1990,45,2,0,0,0,0,0,0,0,0
1990,77,1,1,0,0,1,55,2,40,0
1990,21,2,1,0,0,0,0,0,0,0
1990,37,1,0,0,0,1,22,0,60,0
1990,34,2,0,0,0,1,315,2,24,0
1990,28,1,1,0,0,0,558,0,40,0
1990,72,1,3,1,0,0,486,0,0,0
1990,39,1,0,1,0,1,418,6,0,0
1990,37,2,0,1,0,0,276,3,0,0
1990,28,2,0,3,0,1,385,3,40,0
1990,29,1,0,1,0,0,453,4,30,0
1990,34,1,0,1,1,0,447,5,40,0
1990,31,2,0,1,0,0,785,1,40,0
1990,64,1,0,0,0,0,308,0,20,0
1990,61,2,0,0,0,0,0,0,0,0
1990,27,2,1,0,0,0,376,4,40,0
1990,60,1,0,0,0,0,354,2,40,0
1990,51,2,0,0,0,0,0,0,0,0
1990,42,1,2,0,0,1,364,2,45,1
1990,49,1,0,0,0,1,184,1,40,0
1990,38,2,0,0,0,1,14,5,35,0
1990,61,1,3,0,0,1,22,5,40,1
1990,36,1,0,3,3,1,683,1,50,0
1990,32,2,0,3,3,1,785,1,50,0
1990,24,2,3,0,0,1,185,4,20,0
1990,25,1,3,0,0,1,447,5,40,0
1990,38,1,0,0,0,0,453,0,40,1
1990,36,2,0,0,0,0,0,0,0,0
1990,36,1,0,0,0,0,566,0,50,0
1990,33,2,0,0,0,0,0,0,0,0
1990,25,2,1,0,0,0,315,1,37,0
1990,52,2,3,0,0,1,376,4,0,0
1990,25,2,1,0,0,0,25,4,40,0
1990,58,2,2,1,0,0,683,1,40,0
1990,44,1,0,1,0,0,453,5,40,0
1990,38,2,0,1,0,0,315,6,0,0
1990,29,2,1,1,0,0,436,3,50,0
1990,62,1,2,1,0,0,0,0,0,0
1990,75,1,3,1,0,0,0,0,0,0
1990,58,1,0,0,0,0,686,1,40,0
1990,55,2,0,0,0,0,379,5,40,0
1990,26,1,1,0,0,1,243,3,40,0
1990,20,1,1,0,0,1,785,1,40,0
1990,26,1,0,0,0,1,257,2,40,1
1990,21,2,0,0,0,1,276,3,0,0
1990,36,2,1,0,0,0,23,1,0,0
1990,30,1,1,0,0,0,804,3,45,0
1990,24,1,0,0,1,1,55,1,37,0
1990,23,2,0,3,3,1,318,2,40,0
1990,48,1,0,0,0,0,529,2,60,0
1990,47,2,0,0,0,0,21,5,50,0
1990,22,2,1,0,0,1,159,5,10,0
1990,19,1,1,0,0,1,438,3,10,0
1990,19,1,1,0,0,1,889,5,8,0
1990,26,2,1,1,0,0,0,0,0,0
1990,31,1,0,0,0,1,22,4,40,0
1990,31,2,0,0,0,1,378,4,25,0
1990,29,2,0,0,0,1,156,5,40,0
1990,28,1,0,0,0,1,23,2,60,1
1990,62,1,0,0,0,0,575,1,40,0
1990,59,2,0,0,0,0,0,0,0,0
1990,33,1,1,0,0,1,426,3,55,0
1990,35,2,0,0,0,1,447,5,37,0
1990,34,1,0,0,0,1,453,3,57,0
1990,30,1,1,0,0,1,64,4,50,0
1990,76,1,0,0,0,0,0,0,0,0
1990,71,2,0,0,0,0,0,0,0,0
1990,71,2,1,0,0,0,0,0,0,0
1990,56,1,0,0,0,1,308,4,37,0
1990,51,2,0,0,0,0,447,5,40,0
1990,21,1,1,0,0,1,378,4,24,0
1990,63,1,0,0,0,0,0,0,0,0
1990,63,2,0,0,0,0,274,3,0,0
1990,57,1,0,0,0,1,426,1,40,0
1990,53,2,0,0,0,0,313,1,40,0
1990,27,2,3,0,0,1,313,2,0,0
1990,39,2,0,0,2,0,0,0,0,0
1990,47,1,0,0,2,0,22,1,55,0
1990,75,2,3,0,0,0,0,0,0,0
1990,60,1,0,0,0,1,259,3,50,1
1990,53,2,0,0,0,0,254,4,35,0
1990,24,1,1,0,0,1,323,4,48,0
1990,42,1,0,0,0,1,418,6,40,0
1990,35,2,0,0,0,1,383,4,30,0
1990,63,2,3,0,0,0,0,0,0,0
1990,65,2,3,0,0,0,0,0,0,0
1990,37,1,0,0,0,0,243,3,50,1
1990,31,2,0,0,0,0,323,0,25,0
1990,41,1,0,0,0,1,418,6,35,0
1990,39,2,0,0,0,0,0,0,0,0
1990,20,1,1,0,0,0,433,3,0,0
1990,18,1,1,0,0,0,0,0,0,0
1990,32,1,0,0,0,1,22,2,50,1
1990,27,2,0,0,0,1,156,5,40,0
1990,80,2,3,0,0,0,0,0,0,0
1990,48,1,3,0,0,0,0,0,0,0
1990,61,1,0,0,0,1,628,5,42,1
1990,61,2,0,0,2,1,254,4,40,0
1990,35,1,0,0,0,0,785,1,40,0
1990,31,2,0,0,0,0,458,4,0,0
1990,56,1,0,0,0,1,25,4,50,1
1990,53,2,0,0,0,0,337,5,21,0
1990,29,1,1,0,0,1,253,4,40,0
1990,38,1,0,0,0,1,59,2,55,1
1990,35,2,0,0,0,0,466,5,20,0
1990,78,2,3,0,0,0,0,0,0,0
1990,44,1,0,0,0,1,178,5,60,1
1990,39,2,0,0,0,0,436,5,0,0
1990,21,2,1,0,0,1,439,3,20,0
1990,18,2,1,0,0,1,264,3,20,0
1990,46,1,0,0,0,1,23,5,60,1
1990,45,2,0,0,0,1,0,0,0,0
1990,20,1,1,0,0,1,0,0,0,0
1990,19,1,1,0,0,1,0,0,0,0
1990,75,2,3,0,0,0,0,0,0,0
1990,43,1,0,0,0,1,417,6,45,1
1990,42,2,0,0,0,0,22,4,25,0
1990,19,1,1,0,0,1,426,5,20,0
1990,38,1,0,0,0,1,259,3,40,1
1990,31,2,0,0,3,0,446,5,10,0
1990,39,1,0,0,0,0,17,3,65,0
1990,33,2,0,0,0,1,259,1,0,0
1990,71,1,3,0,0,0,0,0,0,0
1990,53,1,0,0,0,0,453,5,40,0
1990,50,2,0,0,0,0,379,2,35,0
1990,25,1,1,0,0,1,529,2,40,0
1990,23,1,1,0,0,1,274,3,40,0
1990,63,1,0,0,0,0,0,0,0,0
1990,61,2,0,0,0,0,205,5,40,0
1990,33,2,1,0,0,1,796,1,40,0
1990,56,1,0,0,0,1,186,5,40,0
1990,55,2,0,0,0,0,7,4,35,0
1990,58,1,0,0,0,1,58,2,16,1
1990,55,2,0,0,0,0,0,0,0,0
1990,57,2,2,0,0,0,315,4,40,0
1990,31,1,1,0,0,1,259,1,20,0
1990,47,1,0,0,0,1,256,3,55,1
1990,47,2,0,0,0,1,243,3,28,0
1990,20,2,1,0,0,1,156,5,18,0
1990,35,1,1,0,0,1,22,4,50,1
1990,44,1,0,0,0,1,53,2,40,0
1990,46,2,0,0,0,1,73,1,40,0
1990,20,2,1,0,0,1,438,3,0,0
1990,49,1,0,0,0,1,243,4,50,1
1990,43,2,0,0,0,1,0,0,0,0
1990,37,1,0,0,0,1,22,4,45,1
1990,33,2,0,0,0,1,253,4,60,1
1990,25,1,0,0,0,1,596,0,35,0
1990,26,2,0,0,0,1,257,4,40,0
1990,72,1,0,0,0,0,689,4,30,0
1990,46,2,0,0,0,0,683,1,35,0
1990,54,1,1,0,0,0,785,1,40,0
1990,40,1,0,0,0,1,22,1,60,1
1990,42,2,0,0,0,1,0,0,0,0
1990,34,1,0,0,0,1,549,3,40,1
1990,33,2,0,0,0,0,0,0,0,0
1990,46,2,2,0,0,1,313,6,40,0
1990,25,2,1,0,0,1,197,1,40,0
1990,53,1,0,0,0,0,453,1,40,0
1990,47,2,0,0,0,1,103,5,40,0
1990,25,2,1,0,0,1,446,5,38,0
1990,22,2,1,0,0,0,754,1,40,0
1990,67,2,3,0,3,0,447,5,24,0
1990,57,1,0,0,0,1,23,6,40,0
1990,53,2,0,0,2,0,384,1,24,0
1990,35,1,0,0,0,1,585,5,40,0
1990,33,2,0,0,0,1,436,3,12,0
1990,45,2,2,0,0,1,243,3,40,0
1990,30,1,0,0,0,1,359,2,40,0
1990,28,2,0,0,0,1,22,5,37,0
1990,48,1,0,0,0,1,25,4,40,1
1990,43,2,0,0,0,1,24,4,35,0
1990,18,2,1,0,0,1,208,3,18,0
1990,28,1,0,0,0,1,59,1,39,0
1990,27,2,0,0,0,1,313,4,0,0
1990,52,1,0,0,0,0,259,1,40,1
1990,49,2,0,0,0,0,18,4,14,0
1990,21,2,1,0,0,1,779,1,50,0
1990,20,1,1,0,0,0,234,4,40,0
1990,78,1,0,0,0,0,0,0,0,0
1990,76,2,0,0,0,1,0,0,0,0
1990,44,1,0,1,1,1,243,3,45,0
1990,43,2,0,1,1,1,315,3,0,0
1990,63,1,0,0,0,1,174,5,80,0
1990,70,2,0,0,0,0,0,0,0,0
1990,37,1,1,0,0,0,804,2,40,0
1990,34,2,1,0,0,0,877,1,30,0
1990,74,2,0,0,0,0,0,0,0,0
1990,49,1,1,0,0,0,799,5,89,0
1990,78,1,0,0,0,1,0,0,0,0
1990,53,2,0,0,0,1,0,0,0,0
1990,20,1,0,0,0,0,883,2,40,0
1990,66,2,0,0,0,0,744,1,35,0
1990,57,1,0,2,1,0,809,2,60,1
1990,56,2,0,2,1,0,785,1,50,0
1990,34,1,0,2,1,0,809,2,56,1
1990,34,2,0,0,0,0,407,4,20,0
1990,24,2,3,0,0,0,276,3,0,0
1990,58,2,2,0,0,0,447,5,40,0
1990,77,1,0,0,2,0,0,0,0,0
1990,70,2,0,0,0,0,0,0,0,0
1990,35,1,1,0,0,1,0,0,0,0
1990,33,2,0,0,0,0,379,3,40,0
1990,34,1,0,0,0,0,595,0,0,0
1990,58,1,0,0,0,0,628,1,48,0
1990,57,2,0,0,0,0,164,5,35,0
1990,55,2,3,0,0,1,313,3,35,1
1990,29,2,0,0,0,1,379,3,40,0
1990,33,1,0,0,0,0,243,3,40,0
1990,42,1,0,0,0,1,808,2,55,0
1990,44,2,0,3,3,0,683,3,40,0
1990,22,2,1,3,3,1,785,1,40,0
1990,21,2,1,3,3,1,447,5,40,0
1990,80,2,0,0,1,0,0,0,0,0
1990,47,1,0,0,0,0,426,3,35,0
1990,46,2,0,0,0,0,426,5,40,0
1990,20,2,1,0,0,0,274,3,40,0
1990,20,2,1,0,0,0,439,3,24,0
1990,37,2,0,2,0,0,319,5,0,0
1990,36,1,0,2,0,0,366,2,50,0
1990,32,2,3,0,0,0,784,1,0,0
1990,56,1,3,0,0,0,575,2,35,0
1990,48,1,0,0,0,0,373,1,60,0
1990,47,2,0,0,0,0,389,5,40,0
1990,70,1,0,0,0,0,453,5,25,0
1990,66,2,0,0,0,0,0,0,0,0
1990,38,1,1,0,0,0,785,1,40,0
1990,35,1,1,0,0,0,889,3,0,0
1990,27,1,1,0,0,0,567,6,48,0
1990,78,1,1,0,0,0,0,0,0,0
1990,50,1,0,3,0,1,389,5,38,0
1990,42,2,0,1,0,1,14,5,45,0
1990,55,1,0,0,0,1,276,2,45,0
1990,52,2,0,0,0,1,339,2,40,0
1990,20,1,1,0,2,0,0,0,0,0
1990,50,1,0,0,0,1,156,5,40,0
1990,46,2,0,0,0,1,156,5,40,0
1990,38,1,0,0,0,0,549,2,40,0
1990,35,2,0,0,0,0,319,5,20,0
1990,69,1,3,0,0,0,0,0,0,0
1990,65,2,3,0,2,0,0,0,0,0
1990,39,1,0,0,0,0,579,0,40,0
1990,39,2,0,0,0,0,0,0,0,0
1990,20,1,1,0,0,0,529,2,40,0
1990,35,1,0,0,0,0,505,4,40,0
1990,45,2,0,0,0,1,207,5,16,0
1990,23,1,1,0,0,1,243,3,27,0
1990,47,1,0,0,0,0,575,0,40,1
1990,45,2,0,0,0,0,337,2,20,0
1990,20,2,1,0,0,1,318,2,40,0
1990,66,2,3,0,0,1,313,5,40,0
1990,47,1,0,0,0,1,25,4,50,0
1990,43,2,0,0,0,0,0,0,0,0
1990,20,2,1,0,0,1,208,5,28,0
1990,58,1,0,0,0,1,22,6,40,0
1990,56,2,0,0,0,0,628,0,45,0
1990,35,1,1,0,0,1,229,6,35,0
1990,25,1,1,0,0,1,375,4,40,0
1990,75,2,3,0,0,1,888,1,30,0
1990,48,1,0,0,0,0,355,2,45,0
1990,45,2,0,0,0,0,274,3,15,0
1990,23,2,1,0,0,1,336,4,40,0
1990,56,1,3,0,0,1,0,0,0,0
1990,61,1,0,0,0,0,453,5,40,0
1990,50,2,0,0,0,1,216,5,40,0
1990,80,1,3,0,0,0,0,0,0,0
1990,65,1,0,0,0,0,22,0,80,0
1990,57,2,0,0,0,0,389,6,0,0
1990,49,2,2,0,0,0,18,4,40,0
1990,42,1,0,0,0,0,686,3,60,0
1990,39,2,0,0,0,1,468,5,15,0
1990,48,2,0,0,0,1,313,5,35,0
1990,53,1,0,0,0,0,307,1,40,1
1990,47,1,0,0,0,1,235,1,35,1
1990,43,2,0,0,0,1,159,5,48,0
1990,20,2,1,0,0,1,467,5,28,0
1990,58,2,0,0,0,1,23,4,35,0
1990,64,1,0,0,0,0,0,0,0,0
1990,58,2,3,0,0,0,465,5,0,0
1990,48,2,2,0,0,1,305,1,37,0
1990,24,1,1,0,0,1,379,4,35,0
1990,45,2,0,0,0,0,0,0,0,0
1990,44,1,0,0,0,0,804,2,40,0
1990,61,1,0,0,0,1,156,5,40,1
1990,55,2,0,0,0,1,174,5,20,0
1990,55,2,2,0,0,1,313,5,35,0
1990,51,1,2,0,0,1,22,1,75,0
1990,29,1,1,0,0,1,883,2,22,0
1990,33,1,0,0,0,0,514,3,60,0
1990,28,2,0,0,0,0,105,5,0,0
1990,27,1,0,0,0,1,418,6,40,0
1990,27,2,0,0,0,1,22,2,40,0
1990,78,1,0,0,0,0,0,0,0,0
1990,76,2,0,0,0,0,0,0,0,0
1990,30,1,0,0,0,1,365,1,59,0
1990,28,2,0,0,0,1,337,4,40,0
1990,78,2,3,0,0,1,0,0,0,0
1990,33,1,0,0,0,0,628,1,45,1
1990,29,2,0,0,0,0,356,4,0,0
1990,52,1,0,0,0,0,22,3,40,1
1990,53,2,0,0,0,0,276,3,0,0
1990,25,1,1,0,0,0,804,2,50,0
1990,62,2,1,0,0,1,156,5,40,0
1990,41,1,0,0,0,0,803,2,64,1
1990,40,2,0,0,0,0,0,0,0,0
1990,34,1,0,0,0,1,544,1,40,0
1990,28,2,0,0,0,1,385,3,0,0
1990,63,2,3,0,0,0,276,5,20,0
1990,23,1,1,0,0,0,337,3,52,0
1990,20,2,1,0,0,1,274,3,18,0
1990,34,1,0,0,0,0,567,1,40,0
1990,34,2,0,0,0,0,194,1,4,0
1990,35,1,0,0,0,1,424,6,50,0
1990,34,2,0,0,0,1,95,5,37,0
1990,50,2,3,0,0,1,157,5,40,0
1990,35,1,0,0,0,1,22,3,45,0
1990,31,2,0,0,0,0,0,0,0,0
1990,62,1,0,0,0,0,426,2,40,0
1990,60,2,0,0,0,0,426,4,16,0
1990,41,1,0,0,0,1,418,6,50,1
1990,27,2,0,0,0,1,418,6,0,0
1990,71,1,0,0,0,0,0,0,0,0
1990,68,2,0,0,0,0,0,0,0,0
1990,69,1,0,0,0,0,0,0,0,0
1990,60,2,0,0,0,1,156,5,30,0
1990,47,1,0,0,0,1,243,3,50,1
1990,45,2,0,0,0,1,164,5,35,0
1990,19,2,1,0,0,1,173,6,35,0
1990,51,2,2,2,0,1,676,1,40,0
1990,33,1,3,2,0,0,426,4,40,0
1990,24,2,1,0,0,0,447,5,40,0
1990,59,2,1,0,0,0,313,4,35,0
1990,69,2,1,0,0,0,0,0,0,0
1990,77,2,3,0,0,0,337,3,40,0
1990,29,1,0,0,0,1,213,2,40,0
1990,28,2,0,0,2,1,313,5,38,0
1990,58,1,2,0,0,0,628,1,40,0
1990,26,1,0,0,0,0,514,1,50,0
1990,26,2,0,0,0,0,356,4,40,0
1990,40,1,0,0,0,0,804,3,39,0
1990,35,2,0,0,0,0,0,0,0,0
1990,45,2,0,0,0,1,337,5,40,0
1990,66,1,0,0,0,0,549,1,40,0
1990,34,1,0,0,0,1,418,6,55,0
1990,31,2,0,0,0,0,0,0,0,0
1990,45,2,0,0,0,0,22,0,40,1
1990,53,1,0,0,0,0,804,0,40,0
1990,37,1,2,0,0,1,64,1,40,1
1990,34,1,0,0,0,1,259,3,40,0
1990,31,2,0,0,0,1,0,0,0,0
1990,35,1,0,0,0,1,423,6,40,1
1990,34,2,0,0,0,0,458,4,8,0
1990,42,1,0,0,0,1,474,0,48,0
1990,40,2,0,0,0,0,319,5,20,0
1990,49,1,0,0,0,1,414,6,40,1
1990,49,2,0,0,0,0,274,3,30,0
1990,23,1,1,0,0,0,579,0,0,0
1990,21,2,1,0,0,1,316,4,20,0
1990,27,1,0,0,0,1,647,1,60,0
1990,30,2,0,0,0,0,387,5,35,0
1990,40,1,0,0,0,1,103,5,40,0
1990,39,2,0,0,0,1,95,5,15,0
1990,46,2,2,0,0,1,407,4,18,0
1990,19,2,1,0,0,1,435,3,18,0
1990,38,1,0,0,0,1,243,3,55,1
1990,38,2,0,0,0,1,337,3,20,0
1990,38,1,0,0,0,1,479,0,66,0
1990,37,2,0,0,0,1,157,5,0,0
1990,29,1,0,0,0,1,476,0,50,0
1990,23,2,0,0,0,1,378,3,0,0
1990,68,1,0,0,2,0,0,0,0,0
1990,69,2,0,0,2,0,308,2,40,0
1990,55,1,0,0,0,1,558,0,35,1
1990,53,2,0,0,0,0,319,5,25,0
1990,19,2,1,0,0,1,276,3,12,0
1990,47,1,0,0,0,1,154,5,40,1
1990,45,2,0,0,0,1,156,5,40,1
1990,80,2,3,0,0,0,0,0,0,0
1990,44,1,0,0,0,1,255,4,40,1
1990,40,2,0,0,0,0,0,0,0,0
1990,47,1,0,3,3,1,22,4,40,0
1990,41,2,0,3,3,0,748,4,40,0
1990,21,1,1,3,3,1,748,4,40,0
1990,18,1,1,3,3,0,17,3,35,0
1990,46,1,0,0,0,1,195,1,50,1
1990,43,2,0,0,0,1,156,5,35,0
1990,19,2,1,0,0,0,274,3,20,0
1990,19,1,1,3,3,1,276,3,0,0
1990,19,1,1,0,0,1,435,3,7,0
1990,32,1,0,3,3,1,119,5,20,0
1990,29,2,0,3,3,0,666,3,40,0
1990,65,1,3,3,3,1,0,0,0,0
1990,29,1,0,3,3,1,128,5,20,0
1990,30,2,0,3,3,0,444,3,40,0
1990,46,1,0,0,0,0,804,3,40,0
1990,44,2,0,0,0,0,264,3,27,0
1990,23,1,1,0,0,0,809,4,30,0
1990,23,1,1,0,0,1,304,2,40,0
1990,31,1,1,0,0,1,156,5,16,0
1990,23,2,1,0,0,1,319,5,28,0
1990,27,1,1,0,4,1,69,5,40,0
1990,24,1,1,0,0,1,385,5,20,0
1990,40,1,0,0,0,1,157,5,40,0
1990,40,2,0,0,0,1,157,5,37,1
1990,58,1,0,0,2,1,53,0,40,1
1990,46,2,0,0,0,1,274,3,30,0
1990,20,1,1,0,0,1,269,3,99,0
1990,74,1,0,0,0,1,0,0,0,0
1990,56,2,0,0,2,0,274,3,6,0
1990,41,1,0,0,0,1,156,5,35,0
1990,38,2,0,0,0,1,156,5,35,0
1990,65,2,3,0,0,1,0,0,0,0
1990,46,1,0,0,0,0,736,1,40,0
1990,41,2,0,0,2,1,185,3,40,0
1990,38,1,0,0,0,0,22,0,40,0
1990,31,2,0,0,0,1,95,5,35,0
1990,36,1,1,0,0,1,216,1,40,0
1990,70,2,3,0,0,0,0,0,0,0
1990,59,2,3,0,0,0,0,0,0,0
1990,25,1,0,0,0,1,523,3,40,0
1990,23,2,0,0,0,1,194,5,45,0
1990,41,2,3,0,0,0,0,0,0,0
1990,74,1,3,0,0,0,0,0,0,0
1990,29,2,1,0,0,1,23,6,0,0
1990,35,2,0,0,0,1,95,5,40,0
1990,32,1,0,0,0,0,869,0,40,0
1990,27,2,0,0,0,1,319,3,0,0
1990,28,1,0,0,0,1,229,4,45,1
1990,49,1,0,0,0,1,7,4,40,0
1990,43,2,0,0,0,1,159,4,40,0
1990,22,1,1,0,0,0,25,4,40,0
1990,32,1,0,0,0,1,22,1,65,0
1990,31,2,0,0,0,1,337,1,4,0
1990,56,1,3,0,0,0,869,0,40,0
1990,23,2,1,0,0,1,156,5,40,0
1990,18,1,1,0,0,0,804,2,40,0
1990,45,1,0,0,2,1,33,1,40,1
1990,45,2,0,0,2,0,0,0,0,0
1990,45,1,3,0,0,1,22,4,60,1
1990,20,2,1,0,0,0,276,3,30,0
1990,74,2,3,0,0,0,0,0,0,0
1990,45,1,2,0,0,0,599,2,0,0
1990,51,1,0,0,0,0,889,3,60,0
1990,46,2,0,0,0,0,337,4,35,0
1990,28,1,1,0,0,0,653,1,65,0
1990,24,2,1,0,0,0,5,6,40,0
1990,48,1,0,0,0,1,178,5,48,1
1990,49,2,0,0,0,1,0,0,0,0
1990,22,1,1,0,0,1,427,5,40,0
1990,19,2,1,0,0,1,467,5,20,0
1990,80,2,0,0,0,0,0,0,0,0
1990,80,1,0,0,2,0,0,0,0,0
1990,47,2,2,0,0,0,808,2,35,0
1990,70,2,3,0,0,0,0,0,0,0
1990,27,1,0,0,0,1,505,3,40,0
1990,24,2,0,0,0,1,25,4,40,0
1990,47,1,0,0,0,0,783,1,46,0
1990,45,2,0,0,0,1,23,6,40,0
1990,20,1,1,0,0,1,255,4,20,0
1990,36,1,0,0,0,0,379,5,37,0
1990,32,2,0,0,0,0,385,4,37,0
1990,36,2,2,0,0,1,204,5,30,0
1990,33,1,2,0,0,1,804,2,40,0
1990,49,1,1,0,0,0,424,6,40,0
1990,76,2,3,0,0,0,0,0,0,0
1990,42,1,0,0,0,1,65,4,40,0
1990,40,2,0,0,0,0,385,6,40,0
1990,64,2,3,0,0,0,0,0,0,0
1990,44,1,0,0,0,1,303,6,44,1
1990,43,2,0,0,0,0,0,0,0,0
1990,42,2,2,0,0,0,458,4,40,0
1990,41,2,2,0,0,1,305,5,35,0
1990,20,1,1,0,0,0,0,0,0,0
1990,18,1,1,0,0,1,467,5,10,0
1990,72,2,3,0,0,0,0,0,0,0
1990,45,2,0,0,0,0,783,1,40,0
1990,39,1,0,0,0,0,453,5,40,0
1990,18,1,1,0,0,0,34,0,40,0
1990,63,1,0,0,0,0,883,3,40,0
1990,63,2,0,0,0,0,0,0,0,0
1990,31,1,1,0,0,0,267,3,35,0
1990,38,1,0,0,4,1,575,2,35,0
1990,27,2,0,0,4,1,0,0,0,0
1990,78,1,3,0,0,0,0,0,0,0
1990,47,2,2,0,0,1,389,5,40,0
1990,22,1,1,0,0,0,13,4,50,0
1990,19,1,1,0,0,0,436,3,25,0
1990,31,1,3,0,0,0,458,4,60,0
1990,38,1,0,0,0,0,534,0,35,0
1990,37,2,0,0,0,1,207,5,40,1
1990,45,1,0,0,0,1,22,5,50,1
1990,44,2,0,0,0,1,104,5,40,0
1990,41,2,0,0,0,0,313,5,37,0
1990,41,1,0,0,0,0,453,6,40,0
1990,20,1,1,0,0,0,565,0,40,0
1990,19,2,1,0,0,0,276,3,20,0
1990,34,1,0,0,0,1,259,3,40,1
1990,31,2,0,0,0,1,313,5,40,0
1990,41,1,0,0,0,1,348,5,40,0
1990,38,2,0,0,0,1,385,6,0,0
1990,48,2,0,0,0,0,22,5,30,0
1990,50,1,0,0,0,0,699,0,40,0
1990,66,1,0,0,0,0,22,5,40,0
1990,64,2,0,0,0,0,338,2,0,0
1990,78,1,3,0,0,0,0,0,0,0
1990,59,1,3,2,0,0,364,1,40,0
1990,57,2,3,0,2,1,156,5,35,1
1990,34,1,0,0,0,0,213,2,44,0
1990,32,2,0,0,0,1,313,5,40,0
1990,76,1,3,0,0,0,0,0,0,0
1990,72,2,3,0,0,0,0,0,0,0
1990,35,1,0,0,0,1,59,5,52,0
1990,35,2,0,0,0,1,0,0,0,0
1990,60,1,0,0,0,1,156,5,0,0
1990,59,2,0,0,2,0,385,6,40,0
1990,27,2,1,0,0,1,447,5,40,0
1990,36,2,3,0,0,1,23,6,40,0
1990,43,1,0,0,0,1,275,3,60,1
1990,42,2,0,0,0,1,313,4,40,0
1990,37,1,0,0,0,0,486,0,0,0
1990,47,2,0,0,0,0,0,0,0,0
1990,22,1,1,0,0,0,243,3,55,0
1990,21,2,1,0,0,0,385,6,40,0
1990,50,1,0,0,0,0,544,2,60,1
1990,44,2,0,0,0,0,339,6,40,0
1990,23,1,1,0,0,0,364,2,40,0
1990,20,1,1,0,0,0,547,2,40,0
1990,18,1,1,0,0,0,0,0,0,0
1990,18,1,1,0,0,0,0,0,0,0
1990,39,1,0,0,0,1,27,6,80,0
1990,36,2,0,0,0,1,156,5,40,0
1990,31,1,0,0,0,1,55,4,60,0
1990,28,2,0,0,0,1,375,4,0,0
1990,43,1,2,0,0,1,59,5,40,1
1990,56,1,3,0,3,0,783,1,48,0
1990,44,1,0,0,0,1,567,0,35,1
1990,44,2,0,0,0,1,156,5,35,0
1990,45,1,0,0,0,0,453,2,45,0
1990,38,2,0,0,0,0,307,2,40,0
1990,67,2,3,0,2,0,0,0,0,0
1990,37,1,0,0,0,1,23,4,50,0
1990,35,2,0,0,0,1,313,5,20,0
1990,58,1,0,0,2,0,567,6,37,0
1990,57,2,0,0,0,0,277,3,10,0
1990,20,2,1,0,0,0,0,0,0,0
1990,32,2,3,0,0,0,0,0,0,0
1990,65,2,2,1,0,0,407,4,40,0
1990,68,2,3,1,0,0,0,0,0,0
1990,37,1,0,0,0,1,243,3,50,1
1990,32,2,0,0,0,1,13,3,40,1
1990,39,1,0,0,0,1,14,5,40,1
1990,39,2,0,0,0,1,156,5,40,0
1990,42,1,0,0,0,0,22,0,40,1
1990,37,2,0,0,0,0,0,0,0,0
1990,19,2,1,0,0,1,277,1,0,0
1990,26,2,2,0,0,0,315,5,40,0
1990,32,1,3,0,0,1,423,6,35,0
1990,33,1,0,0,0,1,73,5,50,0
1990,29,2,0,0,0,1,73,5,45,0
1990,32,1,0,0,0,0,485,0,60,0
1990,26,2,0,0,0,1,23,6,50,0
1990,39,1,0,0,0,1,64,1,46,1
1990,38,2,0,0,0,1,0,0,0,0
1990,49,1,0,0,0,0,828,2,60,1
1990,46,2,0,0,0,0,376,4,35,0
1990,79,2,3,0,2,0,0,0,0,0
1990,40,1,0,0,0,0,235,2,40,0
1990,37,2,0,0,0,0,339,3,40,0
1990,57,2,3,0,0,0,389,5,26,0
1990,31,2,2,0,0,0,385,5,37,0
1990,35,1,0,0,0,0,579,0,40,0
1990,24,2,0,0,0,0,0,0,0,0
1990,36,1,0,0,0,1,505,3,40,0
1990,33,2,0,0,0,0,308,3,40,0
1990,42,2,3,0,0,0,17,3,55,0
1990,44,2,2,0,0,0,447,5,37,0
1990,23,2,1,0,0,0,235,3,0,0
1990,20,2,3,0,0,0,276,3,40,0
1990,44,2,3,0,0,0,276,3,40,0
1990,50,1,0,3,3,1,84,5,42,1
1990,43,2,0,3,3,1,0,0,0,0
1990,20,2,1,3,3,1,0,0,0,0
1990,31,1,0,0,0,1,22,3,40,1
1990,31,2,0,0,0,1,475,0,40,0
1990,29,1,0,0,0,0,585,0,40,0
1990,24,2,0,0,0,0,313,6,35,0
1990,35,2,0,0,0,1,157,5,35,0
1990,38,1,0,0,0,1,14,5,40,1
1990,59,1,0,0,2,1,453,5,40,0
1990,60,2,0,0,2,1,796,1,40,0
1990,35,1,0,0,2,1,779,1,57,0
1990,35,2,0,0,2,1,796,1,40,0
1990,63,2,3,0,2,1,804,6,35,0
1990,24,2,2,0,0,0,435,3,0,0
1990,75,2,3,0,2,0,0,0,0,0
1990,75,2,0,0,0,1,0,0,0,0
1990,70,2,3,0,0,1,95,5,0,0
1990,38,1,0,0,0,1,268,3,46,1
1990,30,2,0,0,0,1,159,4,20,0
1990,46,1,1,0,0,0,856,3,36,0
1990,20,1,1,0,0,0,889,3,40,0
1990,20,1,1,0,0,0,567,0,40,0
1990,20,1,1,0,0,0,567,0,40,0
1990,27,2,0,0,0,1,435,3,36,0
1990,27,1,0,0,0,0,473,0,50,0
1990,23,1,1,0,0,1,197,5,8,0
1990,46,1,0,0,0,1,7,4,40,1
1990,41,2,0,0,0,0,0,0,0,0
1990,34,1,0,0,0,0,558,0,50,0
1990,29,2,0,0,0,0,435,3,30,0
1990,67,1,2,0,0,1,22,1,50,1
1990,43,2,2,0,1,1,909,6,0,0
1990,40,2,3,1,1,1,407,4,40,0
1990,42,2,0,0,0,1,243,3,40,0
1990,37,1,0,0,0,1,21,5,65,0
1990,21,1,1,0,0,1,579,0,40,0
1990,59,1,0,0,0,0,549,4,40,1
1990,56,2,0,0,0,0,909,6,0,0
1990,62,2,3,0,0,0,336,2,40,0
1990,71,1,0,0,0,0,0,0,0,0
1990,69,2,0,0,0,0,0,0,0,0
1990,71,1,0,0,0,0,0,0,0,0
1990,61,2,0,0,0,0,0,0,0,0
1990,54,1,1,0,0,0,887,3,40,0
1990,32,1,0,0,0,1,628,3,40,0
1990,26,2,0,0,0,0,313,5,40,0
1990,50,2,3,0,0,0,0,0,0,0
1990,27,2,1,0,0,1,0,0,0,0
1990,48,1,2,0,0,0,508,6,40,0
1990,60,1,2,0,0,1,337,1,39,0
1990,48,1,0,0,0,1,13,0,40,0
1990,49,2,0,0,0,1,274,3,40,0
1990,21,1,1,0,0,0,444,3,40,0
1990,38,2,2,0,0,0,313,3,65,0
1990,35,1,0,3,0,0,426,6,40,1
1990,28,2,0,3,0,0,0,0,0,0
1990,41,1,0,0,0,1,486,5,37,0
1990,38,2,0,0,0,1,243,3,48,0
1990,27,1,1,0,0,0,453,4,40,0
1990,26,2,1,0,0,1,666,3,30,0
1990,45,1,0,0,0,1,213,1,50,0
1990,44,2,0,0,0,0,0,0,0,0
1990,53,1,0,0,0,0,303,6,40,0
1990,51,2,0,0,0,1,95,5,16,0
1990,37,1,0,0,0,0,585,0,12,0
1990,36,2,0,0,0,1,0,0,0,0
1990,65,2,3,0,0,1,0,0,0,0
1990,71,2,2,1,0,1,165,5,25,0
1990,78,2,0,0,0,1,0,0,0,0
1990,43,1,1,0,0,1,159,5,10,0
1990,25,2,0,0,0,0,379,0,45,0
1990,26,1,0,0,0,0,597,0,45,1
1990,38,1,0,0,0,0,757,1,41,0
1990,35,2,0,0,0,0,276,3,30,0
1990,72,2,3,0,0,0,0,0,0,0
1990,69,2,3,0,0,0,435,5,0,0
1990,54,1,0,0,0,1,549,2,40,0
1990,42,2,0,0,0,1,337,5,20,0
1990,35,1,0,0,0,1,579,1,40,0
1990,34,2,0,0,0,0,889,1,40,0
1990,41,1,0,0,0,1,5,6,40,0
1990,39,2,0,0,0,0,5,6,32,0
1990,31,2,2,0,0,1,89,5,40,0
1990,29,1,1,0,0,1,259,3,40,0
1990,47,1,2,0,0,1,575,1,44,0
1990,43,2,0,0,0,1,14,5,40,0
1990,39,1,0,0,0,1,156,5,40,0
1990,23,1,1,0,0,1,13,1,40,0
1990,29,2,0,0,0,1,158,5,40,0
1990,35,1,0,0,0,1,26,5,55,0
1990,33,1,1,0,0,1,174,6,40,0
1990,40,1,1,0,0,1,256,2,45,1
1990,54,1,0,0,0,1,259,3,49,0
1990,51,2,0,0,0,0,303,4,45,0
1990,26,2,1,0,0,1,155,5,40,0
1990,22,1,1,0,0,1,505,4,50,0
1990,50,2,3,0,0,0,447,5,40,0
1990,28,1,1,0,0,1,268,3,25,0
1990,25,1,1,0,0,1,229,4,40,0
1990,21,1,1,0,0,1,276,3,25,0
1990,74,1,0,0,0,0,0,0,0,0
1990,70,2,0,0,0,0,0,0,0,0
1990,48,1,0,0,0,1,156,5,40,1
1990,42,2,0,0,0,1,156,5,40,0
1990,66,1,0,0,0,1,0,0,0,0
1990,72,2,0,0,0,1,0,0,0,0
1990,48,1,0,0,2,1,777,1,48,0
1990,47,2,0,0,0,0,467,5,20,0
1990,21,1,1,0,0,1,37,5,28,0
1990,53,1,0,0,0,1,359,2,45,0
1990,45,2,0,0,0,1,313,5,40,0
1990,19,2,1,0,0,0,276,3,20,0
1990,36,1,0,0,0,1,178,5,50,1
1990,35,2,0,0,0,1,313,5,0,0
1990,68,2,3,0,0,0,0,0,0,0
1990,72,2,3,0,0,0,0,0,0,0
1990,36,1,3,0,0,0,453,3,30,1
1990,25,1,0,0,0,0,364,3,40,0
1990,29,2,0,0,0,1,313,4,40,0
1990,44,1,3,0,0,1,519,1,50,0
1990,56,1,0,0,0,1,208,5,40,0
1990,54,2,0,0,0,0,313,5,40,0
1990,23,1,1,0,0,1,265,3,30,0
1990,33,2,2,0,0,1,158,5,36,0
1990,47,2,1,0,0,0,458,4,33,0
1990,35,2,3,0,0,0,468,5,20,0
1990,29,1,1,0,0,1,318,2,30,0
1990,56,1,0,0,0,0,566,3,40,0
1990,56,2,0,0,0,0,274,3,20,0
1990,32,1,0,0,0,1,33,1,45,0
1990,32,2,0,0,0,1,95,5,40,0
1990,54,1,0,0,0,1,88,5,40,0
1990,48,2,0,0,0,1,259,3,25,0
1990,21,2,1,0,0,1,433,3,15,0
1990,19,2,1,0,0,1,319,3,10,0
1990,31,1,1,0,0,1,217,5,70,0
1990,30,2,1,0,0,1,243,3,40,0
1990,69,2,3,0,0,1,0,0,0,0
1990,46,2,0,3,3,1,17,3,0,0
1990,46,1,0,3,3,1,0,0,0,0
1990,20,1,1,3,3,0,696,1,40,0
1990,18,1,1,3,3,0,804,3,5,0
1990,20,1,1,3,3,0,0,0,0,0
1990,46,1,0,0,0,1,22,3,40,1
1990,49,2,0,0,0,1,467,5,12,0
1990,48,1,1,0,0,1,14,5,42,0
1990,32,1,0,0,0,1,85,5,40,1
1990,34,2,0,0,0,1,95,5,26,0
1990,59,2,2,0,0,0,188,4,40,0
1990,25,2,2,0,0,1,65,2,40,0
1990,25,1,2,0,0,1,567,0,50,0
1990,60,1,1,0,0,0,804,2,45,0
1990,18,1,1,0,0,0,436,3,70,0
1990,42,2,2,3,3,0,436,3,15,0
1990,42,1,2,0,0,1,217,0,40,0
1990,35,1,0,0,0,1,84,5,40,1
1990,32,2,0,0,0,1,159,5,40,0
1990,18,1,1,3,3,1,877,3,8,0
1990,18,1,1,0,0,0,22,5,30,0
1990,20,2,1,0,0,1,376,3,40,0
1990,41,2,2,0,0,1,447,5,26,0
1990,41,1,0,0,0,1,22,4,45,0
1990,40,2,0,0,0,1,313,5,0,0
1990,32,1,0,0,0,0,453,5,40,0
1990,31,2,0,0,0,1,694,2,40,0
1990,48,1,2,0,0,1,157,5,48,0
1990,21,2,1,0,0,1,435,4,20,0
1990,21,2,1,0,0,1,434,3,60,0
1990,38,2,0,0,2,0,0,0,0,0
1990,41,1,0,0,2,0,579,1,42,0
1990,66,1,0,0,2,0,0,0,0,0
1990,68,2,0,0,2,0,0,0,0,0
1990,37,2,2,1,0,1,375,4,37,0
1990,62,2,3,0,0,0,0,0,0,0
1990,66,1,0,0,0,0,0,0,0,0
1990,63,2,0,0,0,0,0,0,0,0
1990,46,1,0,0,0,1,22,2,50,1
1990,45,2,0,0,0,1,59,5,35,0
1990,22,2,1,0,0,1,174,5,30,0
1990,61,1,0,0,0,1,154,5,54,1
1990,59,2,0,0,0,1,0,0,0,0
1990,62,2,0,0,0,1,0,0,0,1
1990,34,1,0,0,0,1,23,1,42,0
1990,28,2,0,0,0,0,744,1,40,0
1990,47,2,1,0,0,1,7,4,45,0
1990,54,2,3,0,0,0,379,3,40,0
1990,63,1,0,0,0,1,5,6,40,1
1990,60,2,0,0,0,1,313,5,28,0
1990,34,2,1,0,0,1,27,1,50,0
1990,79,2,3,0,2,0,0,0,0,0
1990,38,2,2,0,0,1,313,3,40,0
1990,53,1,0,0,0,1,176,5,50,0
1990,50,2,0,3,0,0,176,5,35,0
1990,58,2,3,0,0,1,313,5,37,0
1990,59,1,0,0,0,0,779,1,40,0
1990,48,2,0,0,0,0,754,1,40,0
1990,34,1,0,0,0,0,785,1,40,0
1990,29,2,0,0,0,1,95,5,20,0
1990,72,1,0,0,0,0,0,0,0,0
1990,57,2,0,0,0,0,0,0,0,0
1990,64,1,0,0,0,0,0,0,0,0
1990,61,2,0,0,0,0,0,0,0,0
1990,25,1,1,0,0,0,259,3,40,0
1990,29,1,0,0,0,1,243,4,40,0
1990,21,2,0,0,0,0,466,5,40,0
1990,75,2,1,0,0,0,0,0,0,0
1990,73,2,3,0,0,0,0,0,0,0
1990,38,2,1,0,0,0,363,2,40,0
1990,55,1,2,0,0,0,0,0,0,0
1990,36,1,0,0,0,1,529,2,46,0
1990,35,2,0,0,0,0,339,2,37,0
1990,61,2,1,0,0,1,183,1,0,0
1990,31,1,0,0,0,0,505,3,40,0
1990,21,2,0,0,0,1,0,0,0,0
1990,76,1,2,0,0,0,883,1,40,0
1990,60,1,0,0,2,0,453,4,40,0
1990,62,2,0,0,0,0,0,0,0,0
1990,54,1,0,0,0,1,418,6,55,0
1990,43,2,0,0,0,0,458,4,20,0
1990,61,1,0,0,0,0,804,2,42,0
1990,54,2,0,0,0,0,453,5,8,0
1990,24,2,1,0,0,1,337,5,37,0
1990,20,2,1,0,0,1,276,5,16,0
1990,63,1,0,0,0,0,364,1,0,0
1990,60,2,0,0,0,0,22,3,45,0
1990,34,2,1,0,0,1,337,3,40,0
1990,37,2,0,0,0,1,157,5,35,0
1990,30,1,0,0,2,1,235,4,40,0
1990,52,1,0,0,0,0,185,3,51,0
1990,48,2,0,0,0,0,0,0,0,0
1990,24,1,1,0,0,1,779,1,0,0
1990,57,2,2,0,0,0,0,0,0,0
1990,39,1,2,0,0,0,783,1,40,0
1990,36,2,1,0,0,0,313,5,40,0
1990,34,1,0,0,0,0,785,1,44,0
1990,36,2,0,0,0,1,174,5,40,0
1990,40,1,2,0,0,0,804,2,45,0
1990,76,2,0,0,0,0,0,0,0,0
1990,42,2,2,0,0,0,379,4,38,0
1990,58,1,3,0,0,0,509,4,40,0
1990,77,2,3,0,0,0,0,0,0,0
1990,74,2,3,0,0,0,0,0,0,0
1990,73,2,3,0,0,0,0,0,0,0
1990,40,2,1,0,0,0,314,4,37,0
1990,71,2,3,0,0,0,259,1,9,0
1990,21,2,1,0,0,0,364,3,37,0
1990,56,2,3,0,0,0,0,0,0,0
1990,53,1,0,0,0,1,9,3,45,1
1990,54,2,0,0,0,1,157,5,26,0
1990,23,1,1,0,0,1,217,1,40,0
1990,77,2,3,0,0,0,0,0,0,0
1990,40,2,3,0,0,1,0,0,0,0
1990,39,1,0,0,0,1,259,3,50,0
1990,39,2,0,0,0,1,468,5,2,0
1990,47,1,0,0,0,0,263,3,50,1
1990,46,2,0,0,0,1,337,4,40,0
1990,19,2,1,0,0,1,319,3,40,0
1990,40,1,0,0,0,1,579,0,40,0
1990,35,2,0,0,0,0,0,0,0,0
1990,63,2,2,0,0,0,22,4,40,0
1990,28,1,1,0,0,0,549,5,45,0
1990,35,1,0,0,0,0,869,0,40,0
1990,34,2,0,0,0,1,323,5,37,0
1990,69,1,0,0,0,1,804,3,20,0
1990,52,2,0,0,0,1,207,5,40,0
1990,34,2,1,0,0,1,5,6,37,0
1990,28,1,0,0,0,1,208,5,40,0
1990,26,2,0,0,0,0,378,0,26,0
1990,40,1,0,0,2,1,274,3,70,0
1990,42,2,0,0,0,0,0,0,0,0
1990,21,2,1,0,0,0,439,3,25,0
1990,23,1,1,0,0,0,508,1,50,0
1990,36,1,1,0,0,1,575,0,40,0
1990,78,2,3,0,0,0,407,4,20,0
1990,58,1,0,0,0,1,628,1,40,0
1990,57,2,0,0,0,1,313,2,35,0
1990,34,2,1,0,0,1,178,5,50,0
1990,23,1,1,0,0,0,0,0,0,0
1990,34,1,0,0,0,0,599,0,40,1
1990,32,2,0,0,0,0,446,5,40,0
1990,42,1,0,0,0,0,869,2,40,0
1990,38,2,0,0,0,1,0,0,0,0
1990,50,1,0,0,0,0,686,3,40,0
1990,48,2,0,0,0,0,439,3,40,0
1990,26,1,1,0,0,0,785,1,40,0
1990,37,1,0,0,0,1,355,2,40,0
1990,34,2,0,0,0,0,174,5,35,0
1990,56,1,0,0,0,1,156,5,45,0
1990,57,2,0,0,0,0,95,5,48,0
1990,29,2,3,0,0,1,505,4,40,0
1990,29,1,0,0,0,1,266,3,40,0
1990,28,2,0,0,0,0,243,4,40,0
1990,42,1,0,0,0,1,424,6,40,0
1990,42,2,0,0,0,1,156,5,40,0
1990,78,2,1,0,0,1,0,0,0,0
1990,49,1,0,0,0,1,243,3,40,1
1990,47,2,0,0,0,0,276,3,0,0
1990,19,1,1,0,0,1,889,3,40,0
1990,69,1,0,0,0,0,0,0,0,0
1990,66,2,0,0,0,0,0,0,0,0
1990,32,1,0,0,0,0,379,1,45,0
1990,30,2,0,0,0,0,435,3,0,0
1990,67,1,0,1,0,0,0,0,0,0
1990,50,2,0,1,0,0,407,4,0,0
1990,77,2,3,0,0,0,0,0,0,0
1990,48,1,0,0,0,1,889,1,55,0
1990,45,2,0,0,0,1,156,5,30,0
1990,40,2,1,0,0,1,22,5,40,0
1990,31,1,0,0,0,1,804,0,40,0
1990,31,2,0,0,0,0,0,0,0,0
1990,38,1,0,0,0,0,426,1,0,0
1990,35,2,0,0,0,1,453,5,0,0
1990,31,1,0,0,0,1,13,1,60,0
1990,30,2,0,0,0,0,264,3,48,0
1990,48,1,0,0,0,1,303,1,41,0
1990,31,2,0,0,0,1,0,0,0,0
1990,77,1,3,0,0,0,0,0,0,0
1990,58,2,3,0,0,1,276,3,24,0
1990,40,2,1,0,0,0,338,2,37,0
1990,68,2,1,0,0,0,337,4,32,0
1990,28,1,0,0,0,1,689,3,42,0
1990,28,2,0,0,0,1,276,2,0,0
1990,64,1,0,0,0,1,259,3,40,0
1990,63,2,0,0,0,1,0,0,0,0
1990,47,1,0,0,0,0,22,0,55,0
1990,40,2,0,0,0,0,407,4,4,0
1990,43,1,0,0,0,1,157,5,50,0
1990,37,2,0,0,0,1,174,5,40,0
1990,66,1,0,0,0,1,735,1,40,1
1990,66,2,0,0,0,0,0,0,0,0
1990,79,2,0,0,0,0,0,0,0,0
1990,64,1,3,0,0,0,0,0,0,0
1990,63,1,0,0,0,1,22,1,40,0
1990,59,2,0,0,0,0,467,5,25,0
1990,40,2,3,0,0,1,207,5,40,0
1990,36,1,0,0,0,0,418,6,40,0
1990,37,2,0,0,0,1,95,5,40,0
1990,59,1,0,0,0,0,704,1,0,0
1990,48,2,0,0,0,1,0,0,0,0
1990,30,1,0,0,0,1,257,1,45,1
1990,28,2,0,0,0,1,0,0,0,0
1990,51,1,0,0,0,1,235,1,46,0
1990,48,2,0,0,0,1,337,3,15,0
1990,25,1,1,0,0,1,434,3,40,0
1990,24,1,1,0,0,1,869,0,40,0
1990,24,2,1,0,0,1,253,4,40,0
1990,34,1,0,0,0,1,243,3,40,0
1990,39,2,0,0,0,1,157,5,30,0
1990,36,1,0,0,0,0,709,1,40,0
1990,39,2,0,0,0,1,7,3,40,0
1990,76,2,3,0,0,0,0,0,0,0
1990,27,1,0,0,0,0,447,5,20,0
1990,26,2,0,0,0,0,276,3,30,0
1990,37,1,0,0,0,0,35,0,40,0
1990,31,2,0,0,0,0,453,5,30,0
1990,30,1,0,0,0,1,337,3,40,0
1990,29,2,0,0,0,1,155,5,25,0
1990,35,1,0,0,0,1,178,5,50,0
1990,33,2,0,0,0,0,159,5,6,0
1990,52,1,0,0,0,0,503,2,60,1
1990,52,2,0,0,0,1,95,5,40,0
1990,27,1,1,0,0,1,434,3,0,0
1990,24,2,1,0,0,1,33,1,40,0
1990,72,1,0,0,0,1,0,0,0,0
1990,70,2,0,0,0,1,156,5,20,0
1990,36,2,1,0,0,1,203,5,40,0
1990,40,1,2,0,0,0,22,0,35,0
1990,20,2,1,0,0,1,319,2,24,0
1990,32,1,1,0,0,1,486,4,40,0
1990,62,1,1,0,0,1,27,5,40,1
1990,55,2,1,0,0,1,156,5,40,0
1990,57,2,1,0,0,1,313,5,0,0
1990,73,2,3,0,0,0,387,5,20,0
1990,33,1,0,0,0,0,453,5,40,0
1990,32,2,0,0,0,0,747,1,40,0
1990,64,2,3,0,0,0,329,5,4,0
1990,44,1,0,0,0,1,363,1,40,0
1990,43,2,0,0,0,0,0,0,0,0
1990,21,1,1,0,0,1,154,5,40,0
1990,20,2,1,0,0,1,449,4,35,0
1990,69,1,1,0,0,0,505,4,40,0
1990,52,1,2,0,0,0,804,1,80,0
1990,35,1,0,0,0,0,883,3,40,0
1990,24,2,0,0,0,1,453,4,26,0
1990,49,1,0,0,0,1,243,3,40,0
1990,47,2,0,0,0,1,387,5,28,0
1990,20,2,1,0,0,1,379,5,12,0
1990,26,2,0,0,0,1,217,2,40,0
1990,40,1,0,0,0,0,637,1,40,0
1990,60,1,0,0,0,0,243,3,60,1
1990,57,2,0,0,0,0,335,3,40,0
1990,24,1,1,0,0,1,269,3,42,0
1990,34,2,2,0,0,1,7,5,40,0
1990,58,1,0,0,0,1,575,0,40,0
1990,53,2,0,0,0,1,95,5,40,0
1990,27,2,1,0,0,1,105,5,40,0
1990,59,2,3,3,0,1,313,5,37,0
1990,38,1,0,0,0,1,26,1,44,0
1990,36,2,0,0,0,1,37,5,40,0
1990,60,2,3,0,0,0,0,0,0,0
1990,38,1,0,0,0,1,13,1,40,1
1990,37,2,0,0,0,1,15,5,40,0
1990,63,2,2,0,0,1,95,5,40,0
1990,39,1,1,0,0,1,448,5,21,0
1990,40,1,0,0,0,1,468,5,16,0
1990,40,2,0,0,0,1,174,5,50,0
1990,31,1,0,0,0,1,303,3,44,0
1990,30,2,0,0,0,1,0,0,0,0
1990,30,1,0,0,0,1,575,2,40,0
1990,29,2,0,0,0,1,313,4,40,0
1990,58,1,0,0,0,1,18,4,50,0
1990,58,2,0,0,0,1,0,0,0,0
1990,21,1,1,0,0,1,263,3,50,0
1990,46,2,1,0,0,1,156,5,40,0
1990,75,1,0,0,0,0,0,0,0,0
1990,72,2,0,0,0,1,0,0,0,0
1990,35,1,3,2,0,0,0,0,0,0
1990,67,1,1,0,0,0,0,0,0,0
1990,68,1,2,0,0,0,889,2,0,0
1990,21,2,2,0,0,0,379,6,40,0
1990,72,2,3,0,2,0,0,0,0,0
1990,35,1,0,0,0,0,418,6,40,0
1990,31,2,0,0,0,0,376,3,40,0
1990,79,2,3,0,0,0,0,0,0,0
1990,24,1,0,0,0,1,243,3,50,0
1990,25,2,0,0,0,1,308,5,38,0
1990,80,2,1,0,0,1,0,0,0,0
1990,31,1,0,0,0,1,185,5,80,0
1990,28,2,0,0,0,1,155,5,40,0
1990,80,1,0,0,2,0,0,0,0,0
1990,74,1,0,0,0,0,583,0,0,0
1990,70,2,0,0,0,0,0,0,0,0
1990,26,1,0,0,0,0,709,1,48,0
1990,29,2,0,0,0,1,5,6,35,0
1990,68,2,3,1,0,0,15,5,0,0
1990,52,2,1,1,0,1,808,5,20,0
1990,75,1,3,1,0,0,0,0,0,0
1990,50,2,3,1,0,1,174,5,40,0
1990,18,2,1,1,0,0,276,5,32,0
1990,19,2,0,0,0,0,779,1,40,0
1990,24,1,0,0,0,0,688,1,40,0
1990,59,1,2,0,0,0,448,3,32,0
1990,50,1,1,0,0,0,785,4,20,0
1990,38,1,0,2,0,0,516,2,40,0
1990,35,2,0,0,0,0,889,1,25,0
1990,63,2,3,0,0,0,0,0,0,0
1990,72,2,3,0,2,0,0,0,0,0
1990,33,1,1,0,0,0,779,1,30,0
1990,31,2,1,0,0,1,217,5,40,0
1990,32,1,2,0,0,1,235,5,20,0
1990,76,1,3,0,0,1,0,0,0,0
1990,70,1,0,0,0,0,0,0,0,0
1990,77,2,0,0,0,0,0,0,0,0
1990,30,1,0,0,0,0,418,6,43,0
1990,31,2,0,0,0,0,354,2,40,0
1990,57,2,3,0,2,0,744,4,40,0
1990,71,2,2,1,0,0,0,0,0,0
1990,19,2,1,1,0,1,466,5,25,0
1990,73,2,3,0,0,0,0,0,0,0
1990,69,2,1,0,0,0,0,0,0,0
1990,60,2,3,0,0,0,95,5,40,0
1990,57,1,0,0,0,0,909,6,0,0
1990,47,2,0,0,0,0,0,0,0,0
1990,32,1,0,1,0,0,683,1,35,0
1990,24,2,0,1,0,0,235,5,40,0
1990,37,2,2,0,0,1,25,4,50,1
1990,33,2,1,2,0,1,0,0,0,0
1990,26,2,1,1,1,1,375,4,40,0
1990,79,2,3,0,0,0,0,0,0,0
1990,72,1,1,0,0,0,0,0,0,0
1990,78,2,3,0,0,0,744,1,40,0
1990,27,1,2,1,0,1,418,6,40,0
1990,28,2,1,1,0,0,313,5,40,0
1990,39,2,3,1,0,1,174,5,40,0
1990,26,1,1,1,0,1,785,1,40,0
1990,28,1,1,1,0,1,253,4,25,0
1990,78,1,0,1,0,0,0,0,0,0
1990,72,2,0,1,0,0,0,0,0,0
1990,21,1,3,1,0,0,443,5,20,0
1990,52,2,1,1,0,0,878,1,40,0
1990,30,2,1,1,0,0,447,5,40,0
1990,51,2,3,1,0,1,156,5,30,0
1990,27,2,1,1,0,1,208,5,37,0
1990,63,1,2,0,0,0,588,0,0,0
1990,40,1,0,1,0,0,256,3,50,0
1990,35,2,0,0,0,1,356,4,40,0
1990,28,1,1,0,0,0,683,1,40,0
1990,41,2,1,0,0,0,799,3,24,0
1990,67,2,2,0,0,1,404,4,0,0
1990,27,1,1,0,0,1,505,3,40,0
1990,28,2,1,0,0,1,234,4,37,0
1990,47,1,0,1,0,0,785,1,40,1
1990,46,2,0,1,0,0,779,1,40,0
1990,22,2,1,1,0,0,889,4,0,0
1990,52,1,0,1,0,0,883,1,40,0
1990,50,2,0,1,0,0,0,0,0,0
1990,29,1,1,1,0,0,813,5,10,0
1990,35,1,0,1,0,0,804,2,0,0
1990,34,2,0,1,0,1,785,1,40,0
1990,35,1,0,0,0,1,448,4,45,0
1990,28,2,0,0,0,0,265,3,0,0
1990,36,2,3,0,0,1,0,0,0,0
1990,60,1,0,1,0,0,0,0,0,0
1990,54,2,0,1,0,0,0,0,0,0
1990,19,1,1,1,0,1,883,3,30,0
1990,19,1,1,0,0,1,436,3,35,0
1990,60,1,0,0,0,0,796,1,40,0
1990,58,2,0,0,0,0,0,0,0,0
1990,28,2,1,0,0,0,243,3,40,0
1990,19,1,1,0,0,1,17,3,42,0
1990,28,1,0,0,0,1,243,3,45,0
1990,26,2,0,0,0,0,389,3,50,0
1990,34,1,0,0,0,1,178,5,45,0
1990,31,2,0,0,0,1,178,5,45,0
1990,27,1,0,0,0,1,523,4,40,0
1990,27,2,0,0,0,1,337,3,40,0
1990,47,2,2,0,0,0,18,4,42,0
1990,43,1,2,0,0,1,417,6,48,0
1990,29,1,1,0,0,0,364,3,40,0
1990,29,1,0,0,0,1,263,3,40,0
1990,29,2,0,0,0,1,447,5,0,0
1990,36,2,3,0,0,0,277,3,19,0
1990,29,1,1,0,0,1,178,5,50,0
1990,42,1,0,0,0,1,696,1,40,0
1990,39,2,0,0,0,1,338,1,0,0
1990,58,2,1,0,0,1,103,5,40,0
1990,41,1,0,0,0,1,178,5,50,1
1990,41,2,0,0,0,1,177,5,25,0
1990,20,2,1,0,0,0,435,3,42,0
1990,59,2,3,0,0,1,274,3,20,0
1990,77,2,0,0,2,0,0,0,0,0
1990,55,1,0,0,0,0,715,1,40,0
1990,53,2,0,0,0,0,0,0,0,0
1990,56,1,0,0,0,1,804,2,40,1
1990,55,2,0,0,0,0,796,1,40,0
1990,19,2,1,1,0,0,463,2,0,0
1990,31,2,1,0,0,0,243,3,40,0
1990,31,1,1,0,0,0,687,1,40,0
1990,19,2,1,0,0,1,276,3,40,0
1990,30,1,1,0,0,0,0,0,0,0
1990,37,1,1,0,0,1,186,5,50,0
1990,40,1,1,0,0,1,186,5,40,0
1990,40,2,2,0,0,1,8,0,40,0
1990,19,2,1,0,0,0,436,3,40,0
1990,70,2,3,0,0,0,0,0,0,0
1990,27,1,0,1,0,1,84,5,45,0
1990,27,2,0,1,0,1,84,5,40,0
1990,57,2,2,0,0,1,0,0,0,0
1990,49,2,2,0,0,0,436,3,10,0
1990,36,1,2,0,0,0,355,2,0,0
1990,67,2,1,0,0,0,0,0,0,0
1990,43,1,3,0,0,0,364,1,40,0
1990,19,1,1,2,0,0,443,3,0,0
1990,28,2,0,0,0,0,458,4,40,0
1990,32,1,0,0,0,0,804,3,40,0
1990,20,2,1,0,0,0,877,3,0,0
1990,49,1,0,0,0,0,418,6,40,0
1990,47,2,0,0,0,0,0,0,0,0
1990,19,2,1,0,0,0,0,0,0,0
1990,43,1,1,0,0,0,518,1,48,0
1990,27,2,1,0,0,1,785,1,20,0
1990,30,1,0,0,0,1,453,5,40,0
1990,35,2,0,0,0,1,15,5,0,0
1990,30,1,1,0,0,1,889,1,40,0
1990,50,2,0,0,0,0,23,4,40,0
1990,45,1,0,0,0,0,754,1,35,0
1990,18,1,1,0,0,0,484,0,40,0
1990,74,1,1,0,0,0,0,0,0,0
1990,73,2,1,0,0,0,0,0,0,0
1990,27,1,0,2,0,0,877,3,40,0
1990,70,1,0,0,0,0,0,0,0,0
1990,64,2,0,0,0,0,0,0,0,0
1990,22,1,1,0,0,1,276,2,20,0
1990,61,2,3,0,0,0,0,0,0,0
1990,26,1,3,0,0,0,534,3,40,0
1990,20,1,1,0,0,1,25,4,35,0
1990,21,1,1,0,0,1,575,5,55,0
1990,20,1,1,0,0,1,779,5,55,0
1990,21,1,1,0,0,1,198,4,40,0
1990,22,1,1,0,0,1,21,5,40,0
1990,21,2,1,0,0,1,265,3,12,0
1990,18,2,1,0,0,0,276,3,20,0
1990,21,1,0,0,1,0,479,0,40,0
1990,26,2,0,0,0,1,276,3,0,0
1990,21,2,1,0,4,1,0,0,0,0
1990,25,2,1,0,0,0,909,6,0,0
1990,49,2,3,0,0,0,0,0,0,0
1990,49,1,2,0,0,0,909,6,0,0
1990,29,1,0,0,0,0,22,0,40,0
1990,24,2,0,0,0,0,435,3,0,0
1990,47,1,0,0,0,0,804,2,40,0
1990,42,2,0,0,0,0,436,3,32,0
1990,26,1,1,0,0,0,783,1,40,0
1990,24,2,1,0,0,0,453,5,0,0
1990,19,1,1,0,0,0,877,3,40,0
1990,45,1,0,0,0,1,243,3,50,0
1990,42,2,0,0,0,1,276,3,18,0
1990,36,1,0,0,0,1,447,5,37,0
1990,34,2,0,0,0,1,379,5,40,0
1990,20,1,1,1,0,0,335,5,8,0
1990,27,1,1,0,0,0,479,0,40,0
1990,23,2,1,0,0,1,435,3,35,0
1990,23,2,1,0,0,1,339,3,40,0
1990,52,1,2,0,0,0,567,0,45,0
1990,59,2,3,0,0,1,0,0,0,0
1990,64,1,1,0,0,0,434,3,25,0
1990,33,1,0,0,0,0,804,2,60,0
1990,34,2,0,0,0,0,427,5,4,0
1990,66,2,3,0,0,1,449,4,0,0
1990,34,1,0,0,0,1,523,5,40,0
1990,30,2,0,0,0,0,0,0,0,0
1990,35,2,3,0,0,0,806,5,40,0
1990,49,1,0,0,0,0,22,2,55,0
1990,46,2,0,0,0,0,276,3,40,0
1990,19,2,1,0,0,0,435,3,40,0
1990,41,1,1,0,0,0,516,4,0,0
1990,56,1,0,0,0,0,243,3,70,0
1990,53,2,0,0,0,1,0,0,0,0
1990,42,1,0,0,0,1,766,5,40,0
1990,41,2,0,0,0,0,466,5,45,0
1990,19,1,1,0,0,1,486,0,30,0
1990,69,1,0,0,0,0,0,0,0,0
1990,45,2,0,2,0,0,449,5,37,0
1990,42,1,0,0,0,1,9,3,40,1
1990,43,2,0,0,0,1,0,0,0,0
1990,69,1,1,0,0,0,473,0,84,0
1990,25,1,0,0,0,0,856,1,45,0
1990,22,2,0,0,0,0,308,1,0,0
1990,51,1,0,0,0,0,783,1,42,0
1990,43,2,0,0,0,0,888,1,42,0
1990,72,2,3,0,0,0,0,0,0,0
1990,76,1,0,0,0,0,0,0,0,0
1990,70,2,0,0,0,0,266,3,0,0
1990,46,1,0,0,0,1,46,5,60,0
1990,37,2,0,0,0,0,243,3,48,0
1990,42,1,0,0,0,0,529,2,40,0
1990,43,2,0,0,0,0,177,5,10,0
1990,21,2,1,0,0,1,313,3,40,0
1990,19,2,1,0,0,1,276,3,12,0
1990,38,1,0,0,0,1,157,5,40,0
1990,33,2,0,0,0,1,389,4,33,0
1990,56,1,0,0,0,1,9,1,56,0
1990,62,2,0,0,0,0,0,0,0,0
1990,47,2,0,0,0,1,208,5,37,0
1990,46,1,0,0,0,0,856,1,40,0
1990,20,1,1,0,0,1,883,4,20,0
1990,43,1,0,0,0,1,178,5,50,1
1990,40,2,0,0,0,1,234,5,42,0
1990,52,1,0,0,0,0,705,1,48,0
1990,53,2,0,0,0,0,98,5,40,0
1990,59,1,0,0,0,0,256,4,68,0
1990,30,2,0,0,0,1,435,3,0,0
1990,24,2,1,0,0,1,23,1,47,0
1990,61,1,0,0,0,0,804,5,30,0
1990,59,2,0,0,0,0,447,5,40,0
1990,63,1,0,1,0,1,426,4,0,0
1990,64,2,0,1,0,1,0,0,0,0
1990,44,1,0,0,0,0,21,5,45,0
1990,42,2,0,0,0,0,274,3,15,0
1990,22,1,1,0,0,0,436,3,28,0
1990,74,1,3,0,0,0,0,0,0,0
1990,24,2,1,0,0,0,447,5,40,0
1990,28,1,1,0,0,0,616,0,40,0
1990,76,2,1,0,0,1,0,0,0,0
1990,71,2,1,0,0,1,0,0,0,0
1990,35,2,2,0,0,0,0,0,0,0
1990,31,1,3,0,0,0,777,1,0,0
1990,63,1,0,0,0,0,0,0,0,0
1990,63,2,0,0,2,0,0,0,0,0
1990,46,1,0,0,0,0,259,3,50,0
1990,36,2,0,0,0,1,73,1,40,0
1990,57,2,2,0,0,0,449,5,38,0
1990,31,1,2,0,0,0,575,1,48,0
1990,31,2,2,0,0,1,777,1,40,0
1990,65,1,2,0,0,0,644,3,0,0
1990,70,2,3,0,0,0,0,0,0,0
1990,43,1,0,0,0,0,628,1,50,0
1990,44,2,0,0,0,1,207,5,32,0
1990,18,1,1,0,0,0,877,3,20,0
1990,22,2,1,0,0,0,0,0,0,0
1990,47,1,0,0,0,1,243,3,50,0
1990,49,2,0,0,0,1,207,5,40,0
1990,32,1,0,0,0,1,22,1,45,0
1990,30,2,0,0,0,0,453,4,0,0
1990,62,1,0,0,0,0,0,0,0,0
1990,65,2,0,0,2,0,0,0,0,0
1990,34,1,0,0,0,0,567,0,50,0
1990,34,2,0,0,0,1,163,5,10,0
1990,18,1,1,0,0,1,426,5,5,0
1990,31,1,0,0,0,1,415,5,40,0
1990,27,2,0,0,0,1,243,3,2,0
1990,45,2,3,0,0,1,164,5,40,0
1990,37,1,0,0,0,0,706,1,40,0
1990,35,2,0,0,0,0,785,1,40,0
1990,26,2,0,0,0,0,435,3,40,0
1990,25,1,0,0,0,0,567,0,40,0
1990,55,2,1,0,0,0,446,6,22,0
1990,66,1,0,0,0,0,0,0,0,0
1990,67,2,0,0,0,0,796,1,40,0
1990,47,1,0,0,0,0,889,2,40,0
1990,37,2,0,0,0,0,0,0,0,0
1990,18,1,1,0,0,0,885,3,22,0
1990,64,1,0,0,0,0,804,1,0,0
1990,46,2,0,0,0,0,449,5,20,0
1990,19,1,1,0,0,0,785,1,40,0
1990,34,1,3,0,0,0,479,0,40,0
1990,23,2,2,0,0,0,274,3,40,0
1990,79,1,0,0,0,0,35,0,8,0
1990,66,2,0,0,0,0,689,1,0,0
1990,52,1,0,0,0,1,13,1,40,1
1990,45,2,0,0,0,1,0,0,0,0
1990,76,1,0,0,0,0,0,0,0,0
1990,72,2,0,0,0,1,0,0,0,0
1990,53,1,0,0,0,0,803,5,50,0
1990,49,2,0,0,0,0,436,5,40,0
1990,19,2,1,0,0,1,315,5,40,0
1990,18,2,1,0,0,1,446,5,25,0
1990,19,1,1,0,0,1,885,4,30,0
1990,22,1,1,0,0,0,479,0,27,0
1990,59,1,2,0,0,1,0,0,0,0
1990,61,2,2,0,0,0,877,3,0,0
1990,72,1,1,0,0,0,479,0,20,0
1990,37,1,0,0,0,0,448,5,40,0
1990,33,2,0,0,0,0,274,3,20,0
1990,65,2,2,0,0,1,909,6,0,0
1990,40,1,0,0,0,1,163,5,55,0
1990,42,2,0,0,0,1,17,3,35,0
1990,23,2,1,0,0,1,383,4,40,0
1990,20,1,1,0,0,0,889,3,40,0
1990,61,1,0,0,0,0,0,0,0,0
1990,61,2,0,0,0,0,0,0,0,0
1990,76,1,0,0,0,1,0,0,0,0
1990,75,2,0,0,0,1,0,0,0,0
1990,49,2,2,0,0,0,308,1,40,0
1990,69,1,3,0,0,0,0,0,0,0
1990,76,2,3,0,0,0,0,0,0,0
1990,44,1,0,0,0,0,514,4,45,0
1990,37,2,0,0,0,0,779,1,40,0
1990,30,2,1,0,0,0,276,3,30,0
1990,73,1,3,0,0,0,0,0,0,0
1990,28,2,0,0,0,0,243,3,35,0
1990,31,1,0,0,0,0,486,0,50,0
1990,64,1,0,0,0,0,479,0,70,0
1990,57,2,0,0,0,0,0,0,0,0
1990,36,1,1,0,0,0,479,0,99,0
1990,30,1,1,0,0,0,475,0,0,0
1990,25,2,1,0,0,0,473,0,80,0
1990,22,1,1,0,0,0,479,0,99,0
1990,62,1,1,0,0,0,0,0,0,0
1990,30,2,3,0,0,0,436,3,16,0
1990,32,1,1,0,0,1,157,5,40,0
1990,60,1,1,0,0,0,0,0,0,0
1990,75,2,3,0,0,0,0,0,0,0
1990,78,2,3,0,0,0,0,0,0,0
1990,41,1,0,0,0,0,15,5,40,0
1990,37,2,0,0,0,1,368,3,55,0
1990,25,1,1,0,0,1,105,6,37,0
1990,40,1,1,0,0,0,0,0,0,0
1990,41,1,0,0,0,0,694,2,44,0
1990,38,2,0,0,0,0,337,3,40,0
1990,38,1,0,0,0,1,157,5,40,0
1990,37,2,0,0,0,1,157,5,35,0
1990,67,1,0,0,0,0,473,0,45,0
1990,62,2,0,0,0,0,436,3,80,0
1990,68,2,3,0,0,0,0,0,0,0
1990,39,1,0,0,0,1,505,4,44,0
1990,40,2,0,0,0,1,157,5,45,0
1990,71,2,3,0,0,1,337,4,18,0
1990,61,1,0,0,0,0,0,0,0,0
1990,55,2,0,0,0,1,785,1,50,0
1990,29,1,0,0,0,0,759,1,50,0
1990,26,2,0,0,0,0,465,5,8,0
1990,38,1,0,0,0,0,759,1,40,0
1990,35,2,0,0,0,0,547,1,40,0
1990,63,2,3,0,0,0,274,3,21,0
1990,50,2,0,0,0,1,156,5,40,0
1990,51,1,0,0,0,1,154,5,60,0
1990,66,1,0,0,0,0,0,0,0,0
1990,48,2,0,0,0,0,364,1,40,0
1990,28,1,1,0,0,0,785,1,35,0
1990,27,1,2,0,0,1,364,1,40,0
1990,20,1,1,0,0,1,869,0,40,0
1990,68,2,3,0,0,1,22,4,0,0
1990,42,1,1,0,0,1,308,3,40,0
1990,60,1,0,0,0,0,804,1,20,0
1990,56,2,0,0,0,0,467,4,40,0
1990,50,2,3,0,0,0,885,3,40,0
1990,30,1,1,0,0,0,754,6,40,0
1990,19,2,1,0,0,0,435,3,0,0
1990,23,1,1,0,0,0,459,5,0,0
1990,49,1,2,0,0,1,869,4,42,0
1990,45,1,0,0,0,1,423,6,65,0
1990,44,2,0,0,0,0,445,5,27,0
1990,19,2,1,0,0,0,435,5,40,0
1990,67,2,3,0,0,0,0,0,0,0
1990,42,1,0,0,0,1,164,6,40,0
1990,36,2,0,0,0,1,14,5,60,0
1990,35,1,0,0,0,0,637,1,40,0
1990,24,2,0,0,0,0,17,3,45,0
1990,77,1,0,0,0,0,0,0,0,0
1990,71,2,0,0,0,0,0,0,0,0
1990,54,1,0,0,0,0,0,0,0,0
1990,54,2,0,0,0,0,0,0,0,0
1990,55,1,0,0,0,1,37,1,40,0
1990,51,2,0,0,0,0,744,1,0,0
1990,29,1,0,0,0,1,17,3,55,0
1990,30,2,0,0,0,1,95,5,28,0
1990,48,1,0,0,0,0,594,0,40,0
1990,47,2,0,0,0,0,737,1,25,0
1990,23,1,1,0,0,1,385,5,20,0
1990,26,1,1,0,0,1,323,5,40,0
1990,23,1,1,0,0,1,379,5,40,0
1990,46,1,0,0,0,1,22,1,44,1
1990,44,2,0,0,0,1,27,4,37,0
1990,19,1,1,0,0,0,877,3,24,0
1990,76,2,3,0,0,0,0,0,0,0
1990,66,2,0,0,0,0,355,2,10,0
1990,65,1,0,0,0,0,804,1,0,0
1990,38,1,0,0,0,0,856,1,40,0
1990,54,2,0,0,0,0,0,0,0,0
1990,18,1,1,0,0,1,877,1,12,0
1990,18,2,1,1,0,1,313,5,15,0
1990,43,1,0,0,0,1,154,5,40,0
1990,39,2,0,0,0,1,154,5,40,0
1990,56,1,0,0,0,0,808,2,40,0
1990,55,2,0,0,0,0,0,0,0,0
1990,42,2,0,0,0,0,243,3,45,0
1990,54,1,0,0,0,0,467,5,40,0
1990,62,1,0,0,0,0,507,5,45,0
1990,64,2,0,0,0,0,436,3,25,0
1990,37,1,0,0,0,0,479,0,84,0
1990,29,2,0,0,0,0,479,0,30,0
1990,22,2,3,0,0,0,479,0,0,0
1990,49,1,0,0,0,0,263,3,45,0
1990,53,2,0,0,0,0,434,5,40,0
1990,24,2,1,0,0,0,447,5,40,0
1990,31,1,2,0,0,0,796,1,40,0
1990,40,1,0,0,0,0,769,1,40,0
1990,39,2,0,0,0,0,0,0,0,0
1990,42,1,0,0,0,1,22,2,40,0
1990,41,2,0,0,0,1,379,5,40,0
1990,68,2,3,0,0,0,443,3,0,0
1990,21,2,1,0,0,1,276,3,20,0
1990,29,2,2,0,0,1,447,5,0,0
1990,57,1,1,0,0,1,785,1,0,0
1990,40,1,0,0,0,0,675,3,40,0
1990,39,2,0,0,0,0,443,5,0,0
1990,21,2,1,3,0,0,379,5,25,0
1990,23,1,1,3,0,0,888,1,40,0
1990,27,1,1,3,0,0,486,0,40,0
1990,25,2,1,3,0,0,276,3,40,0
1990,80,2,3,0,0,1,0,0,0,0
1990,64,1,0,0,0,0,689,2,0,0
1990,65,2,0,0,0,0,0,0,0,0
1990,24,2,1,0,0,0,243,3,40,0
1990,24,2,1,0,0,0,17,3,40,0
1990,31,2,1,0,0,0,799,3,40,0
1990,28,1,3,0,0,0,883,3,40,0
1990,53,2,1,0,0,1,207,5,40,0
1990,56,1,0,0,0,0,804,2,60,0
1990,52,2,0,0,0,0,0,0,0,0
1990,27,2,1,0,0,0,0,0,0,0
1990,34,1,1,0,0,0,364,1,40,0
1990,37,1,0,0,0,1,877,3,40,0
1990,41,2,0,0,0,0,795,3,40,0
1990,18,1,1,0,0,0,276,3,21,0
1990,38,1,0,0,0,0,804,0,40,0
1990,35,2,0,0,0,0,276,3,40,0
1990,52,2,0,0,0,1,447,5,8,0
1990,53,1,0,0,0,0,804,2,70,0
1990,78,2,2,0,0,0,0,0,0,0
1990,77,2,3,0,2,0,0,0,0,0
1990,78,1,0,0,0,0,0,0,0,0
1990,80,2,0,0,0,0,0,0,0,0
1990,31,1,0,0,0,1,414,6,40,0
1990,26,2,0,0,0,0,275,3,40,0
1990,35,1,3,1,0,0,259,3,0,0
1990,36,1,0,0,0,1,95,5,40,0
1990,33,2,0,0,0,1,447,5,32,0
1990,80,2,3,0,0,0,0,0,0,0
1990,70,1,3,0,0,0,0,0,0,0
1990,60,2,3,0,0,1,466,5,28,0
1990,32,2,1,0,0,1,23,2,50,0
1990,56,1,2,0,0,0,628,1,40,0
1990,42,1,0,0,0,0,869,0,40,0
1990,38,2,0,0,0,1,243,3,40,0
1990,53,1,0,0,0,1,59,2,45,0
1990,40,2,0,0,0,1,8,3,40,0
1990,52,1,1,0,0,0,473,0,80,0
1990,34,1,0,0,0,0,869,0,40,0
1990,35,2,0,0,0,1,95,5,80,0
1990,61,1,0,0,0,1,254,4,40,0
1990,61,2,0,0,0,0,254,4,20,0
1990,55,1,0,0,0,0,777,1,40,0
1990,53,2,0,0,0,0,439,1,40,0
1990,18,2,1,0,0,0,276,3,10,0
1990,27,1,0,0,0,0,518,1,40,0
1990,24,2,0,0,0,1,694,2,30,0
1990,61,2,3,0,0,0,0,0,0,0
1990,29,1,3,0,0,0,785,4,40,0
1990,36,2,3,0,0,1,447,5,40,0
1990,44,2,3,0,0,1,37,4,40,0
1990,55,2,3,0,0,1,0,0,0,0
1990,57,1,0,0,0,0,518,4,45,0
1990,55,2,0,0,0,0,466,5,40,0
1990,51,1,0,0,0,1,303,0,40,0
1990,45,2,0,0,0,0,0,0,0,0
1990,29,1,2,0,0,1,677,3,40,0
1990,27,1,0,0,0,0,804,2,60,0
1990,29,2,0,0,0,0,95,4,40,0
1990,49,1,0,0,0,0,448,5,40,0
1990,44,2,0,0,0,1,95,5,40,0
1990,34,1,0,0,0,0,263,3,60,0
1990,30,2,0,0,0,1,8,3,0,0
1990,64,2,3,0,0,0,17,3,0,0
1990,31,2,3,0,0,0,276,3,0,0
1990,53,2,2,0,0,0,0,0,0,0
1990,23,2,3,0,0,0,319,4,0,0
1990,36,1,0,0,0,0,853,0,80,0
1990,37,2,0,0,0,0,274,5,40,0
1990,22,1,1,0,0,0,754,1,32,0
1990,19,2,1,0,0,1,254,4,35,0
1990,69,1,2,0,0,1,0,0,0,0
1990,60,1,1,0,0,0,0,0,0,0
1990,38,1,1,0,0,0,0,0,0,0
1990,52,2,2,0,0,1,157,5,32,0
1990,28,1,0,0,0,1,67,1,40,0
1990,32,2,0,0,0,1,157,5,40,0
1990,67,1,1,0,0,0,473,0,50,0
1990,44,1,0,0,0,1,558,0,40,0
1990,46,2,0,0,0,1,436,5,32,0
1990,49,1,0,0,0,0,518,1,50,0
1990,46,2,0,0,0,0,796,1,40,0
1990,19,1,1,0,0,0,444,4,42,0
1990,39,1,2,0,0,1,363,1,44,0
1990,78,1,3,0,0,0,0,0,0,0
1990,55,1,2,0,0,1,0,0,0,0
1990,34,1,0,0,0,1,9,1,60,0
1990,32,2,0,0,0,1,208,5,25,0
1990,68,1,3,0,0,0,0,0,0,0
1990,46,1,0,0,0,0,637,1,60,0
1990,44,2,0,0,0,0,329,5,35,0
1990,39,1,0,0,0,0,479,0,66,0
1990,46,2,0,0,0,1,447,5,22,0
1990,29,2,0,0,0,0,479,0,53,0
1990,26,1,0,0,0,0,783,0,40,0
1990,68,1,0,0,0,1,0,0,0,0
1990,65,2,0,0,0,0,0,0,0,0
1990,31,1,0,0,0,0,717,3,40,0
1990,30,2,0,0,0,0,0,0,0,0
1990,38,1,0,0,0,1,223,0,55,0
1990,36,2,0,0,0,0,709,1,40,0
1990,36,1,1,0,0,0,887,3,50,0
1990,59,1,1,0,0,0,479,0,40,0
1990,64,1,0,0,0,0,844,0,0,0
1990,53,2,0,0,0,0,0,0,0,0
1990,25,1,1,0,0,0,479,0,0,0
1990,18,2,1,0,0,0,488,0,20,0
1990,79,2,0,0,0,0,0,0,0,0
1990,71,1,0,0,0,1,253,4,30,0
1990,68,2,0,0,0,1,154,5,40,0
1990,50,1,0,0,0,0,276,3,38,0
1990,48,2,0,0,0,0,785,1,37,0
1990,28,1,1,0,0,1,0,0,0,0
1990,74,2,3,0,0,1,0,0,0,0
1990,35,1,1,0,0,1,777,1,42,0
1990,37,1,0,0,0,0,0,0,0,0
1990,34,2,0,0,0,0,796,1,40,0
1990,52,2,1,0,0,1,313,4,18,0
1990,78,1,0,0,0,0,0,0,0,0
1990,77,2,0,0,0,0,0,0,0,0
1990,28,2,2,0,0,1,406,4,60,0
1990,63,2,2,0,0,0,195,1,10,0
1990,71,1,0,0,0,0,804,0,40,0
1990,67,2,0,0,0,0,389,1,15,0
1990,37,2,0,1,0,1,22,1,40,0
1990,44,1,0,1,0,0,73,1,40,0
1990,73,1,0,0,0,1,22,4,40,0
1990,71,2,0,0,0,0,337,4,20,0
1990,30,1,0,0,0,1,804,3,42,0
1990,30,2,0,0,0,1,283,3,4,0
1990,62,1,0,0,0,0,453,3,24,0
1990,55,2,0,0,0,0,337,6,36,0
1990,34,1,0,0,0,0,516,0,50,0
1990,33,2,0,0,0,0,383,4,38,0
1990,21,1,1,0,0,0,453,4,40,0
1990,21,1,1,0,0,0,436,3,40,0
1990,33,1,0,0,0,0,453,5,40,0
1990,32,2,0,0,0,0,777,1,40,0
1990,43,2,1,0,0,1,647,3,40,0
1990,30,1,3,0,0,0,709,1,48,0
1990,45,1,0,0,0,1,567,4,50,0
1990,46,2,0,0,0,1,157,5,40,0
1990,42,1,0,0,0,1,447,5,40,0
1990,36,2,0,0,0,1,479,0,8,0
1990,70,2,3,0,0,0,0,0,0,0
1990,37,1,3,0,0,0,479,0,40,0
1990,31,2,0,0,0,0,628,4,40,0
1990,27,1,0,0,0,0,0,0,0,0
1990,49,2,3,0,0,1,15,5,40,1
1990,56,1,0,0,0,0,637,1,40,0
1990,55,2,0,0,0,1,17,3,40,0
1990,56,1,0,0,0,0,636,1,40,0
1990,51,2,0,0,0,0,433,5,37,0
1990,36,1,0,0,0,0,533,5,40,0
1990,34,2,0,0,0,1,678,5,32,0
1990,31,1,3,0,0,0,637,1,45,0
1990,39,2,2,0,0,0,15,5,16,0
1990,74,2,3,3,1,0,0,0,0,0
1990,61,1,0,0,0,0,883,1,40,0
1990,51,2,0,0,0,0,276,3,63,0
1990,32,2,2,0,0,0,0,0,0,0
1990,31,2,3,0,0,0,0,0,0,0
1990,21,2,2,0,0,0,276,3,35,0
1990,52,1,0,0,0,1,14,5,40,1
1990,51,2,0,0,0,1,156,5,40,0
1990,33,1,0,0,0,1,174,6,22,0
1990,39,2,0,0,0,1,427,5,25,0
1990,37,1,0,0,0,1,804,3,42,0
1990,36,2,0,0,0,0,383,4,40,0
1990,35,1,0,0,0,1,274,3,26,0
1990,32,2,0,0,0,0,373,3,40,0
1990,37,1,0,0,0,0,505,4,40,0
1990,32,2,0,0,0,0,474,0,55,0
1990,52,1,0,3,3,1,84,5,50,1
1990,40,2,0,0,0,0,313,5,40,0
1990,67,2,3,0,0,0,0,0,0,0
1990,22,2,1,0,0,0,754,1,0,0
1990,18,1,1,0,0,0,443,3,20,0
1990,18,1,1,0,0,0,17,3,38,0
1990,24,2,1,3,3,1,143,5,0,0
1990,61,1,0,0,0,0,567,5,40,0
1990,56,2,0,0,0,0,313,0,0,0
1990,64,1,0,0,0,0,0,0,0,0
1990,64,2,0,0,0,0,0,0,0,0
1990,34,1,0,0,0,1,259,3,50,0
1990,36,2,0,0,0,0,313,4,37,0
1990,52,1,0,0,0,0,263,3,8,0
1990,42,2,0,0,0,0,436,3,30,0
1990,75,2,2,0,0,0,0,0,0,0
1990,69,2,3,0,0,0,747,4,0,0
1990,36,2,1,0,0,0,0,0,0,0
1990,61,2,3,1,0,0,453,4,0,0
1990,21,1,1,1,0,0,875,2,60,0
1990,33,1,0,0,0,0,694,2,40,0
1990,31,2,0,0,0,0,575,1,40,0
1990,73,2,0,0,0,0,0,0,0,0
1990,48,2,1,0,0,1,447,5,40,0
1990,74,2,2,0,0,1,0,0,0,0
1990,42,1,3,0,0,1,806,1,30,0
1990,38,1,2,0,0,1,567,0,35,0
1990,39,1,0,0,0,0,259,3,40,0
1990,36,2,0,0,0,0,387,5,30,0
1990,28,2,1,0,0,1,373,3,35,0
1990,78,1,3,0,0,0,0,0,0,0
1990,68,2,3,0,0,0,0,0,0,0
1990,66,1,0,0,0,0,769,1,24,0
1990,58,2,0,0,0,0,706,1,40,0
1990,32,1,0,0,0,0,567,0,40,0
1990,32,2,0,0,0,0,0,0,0,0
1990,23,2,1,0,0,0,276,3,33,0
1990,21,1,1,0,0,0,796,2,99,0
1990,20,2,1,1,0,0,754,1,40,0
1990,32,2,2,0,0,0,458,4,40,0
1990,41,1,0,0,0,1,536,5,40,0
1990,31,2,0,0,0,1,313,5,40,0
1990,45,2,2,0,0,1,447,5,40,0
1990,18,2,1,0,0,0,267,3,20,0
1990,58,2,2,0,0,0,0,0,0,0
1990,56,2,3,0,0,1,0,0,0,0
1990,42,1,0,0,0,1,157,5,50,0
1990,28,2,0,0,0,1,277,5,40,0
1990,57,2,0,0,0,1,0,0,0,0
1990,48,1,0,0,0,0,866,0,40,0
1990,32,2,0,0,0,1,8,3,38,0
1990,36,1,0,0,0,1,634,1,40,0
1990,36,1,0,0,0,1,567,0,40,0
1990,32,2,0,0,0,0,466,5,40,0
1990,43,2,0,0,0,0,435,3,0,0
1990,65,1,0,0,0,0,0,0,0,0
1990,31,1,1,0,0,1,0,0,0,0
1990,74,1,0,0,0,0,0,0,0,0
1990,72,2,0,0,0,0,0,0,0,0
1990,54,1,0,0,0,1,473,0,72,0
1990,52,2,0,0,0,0,473,0,54,0
1990,32,1,2,0,0,1,479,0,30,0
1990,71,1,0,0,0,1,22,4,60,0
1990,52,2,0,0,0,1,313,4,40,0
1990,72,1,0,0,0,0,479,0,0,0
1990,64,2,0,0,0,0,0,0,0,0
1990,56,2,3,0,0,0,889,1,40,0
1990,30,2,1,0,0,0,276,0,40,0
1990,18,1,1,0,0,0,887,3,40,0
1990,72,2,3,0,0,0,0,0,0,0
1990,56,2,3,0,0,1,95,6,37,0
1990,61,1,3,0,0,0,547,5,40,0
1990,24,1,1,0,0,1,777,1,40,0
1990,22,1,1,0,0,1,243,3,44,0
1990,42,1,0,0,0,0,844,0,40,0
1990,30,2,0,0,0,1,27,6,40,0
1990,19,1,1,0,0,1,869,0,40,0
1990,20,2,1,0,0,1,754,1,40,0
1990,38,2,1,0,0,0,313,1,40,0
1990,19,1,1,0,0,0,274,3,35,0
1990,48,1,1,0,0,1,163,5,40,0
1990,19,2,1,0,0,0,435,4,49,0
1990,33,2,2,0,0,1,0,0,0,0
1990,33,1,0,0,0,0,468,5,40,0
1990,35,2,0,1,0,0,468,5,37,0
1990,76,1,0,0,0,0,0,0,0,0
1990,75,2,0,0,2,0,0,0,0,0
1990,61,1,0,0,0,0,804,2,40,0
1990,57,2,0,0,0,0,0,0,0,0
1990,30,1,0,0,0,0,473,0,40,0
1990,30,2,0,0,0,0,22,1,37,0
1990,48,1,0,0,0,0,594,0,40,0
1990,44,2,0,0,0,0,447,5,40,0
1990,19,1,1,0,0,0,727,1,40,0
1990,18,2,1,0,0,0,0,0,0,0
1990,20,1,1,0,0,1,704,1,40,0
1990,40,1,2,0,0,0,883,1,48,0
1990,37,2,2,0,0,1,447,5,0,0
1990,50,1,0,0,0,1,844,0,40,0
1990,51,2,0,0,0,1,156,5,40,0
1990,58,1,0,0,0,0,473,0,70,0
1990,58,2,0,0,0,0,207,5,24,0
1990,44,2,3,0,0,0,278,3,30,0
1990,42,1,3,0,0,0,0,0,0,0
1990,43,2,2,0,0,0,313,4,40,0
1990,35,2,3,0,0,0,0,0,0,0
1990,18,1,1,0,0,0,0,0,0,0
1990,34,1,0,0,0,0,427,6,40,0
1990,33,2,0,0,0,1,337,1,40,0
1990,55,1,0,0,0,0,9,1,40,1
1990,55,2,0,0,0,0,313,1,40,0
1990,65,1,2,0,0,0,0,0,0,0
1990,64,2,2,0,0,0,796,1,0,0
1990,63,1,2,0,0,1,0,0,0,0
1990,30,1,1,0,0,0,567,0,40,0
1990,79,2,3,0,0,0,0,0,0,0
1990,25,1,0,0,0,1,217,1,50,0
1990,27,2,0,0,0,1,315,4,0,0
1990,52,1,0,0,0,1,229,1,45,0
1990,47,2,0,0,0,0,0,0,0,0
1990,67,2,3,0,0,0,435,3,25,0
1990,45,1,0,0,0,0,243,3,50,0
1990,43,2,0,0,0,1,383,4,40,0
1990,77,2,3,0,0,0,0,0,0,0
1990,39,1,0,0,0,0,549,1,40,0
1990,34,2,0,0,0,0,407,4,20,0
1990,49,1,0,0,0,0,22,0,40,0
1990,47,2,0,0,0,0,5,6,25,0
1990,19,1,1,0,0,0,796,1,19,0
1990,32,2,0,0,0,1,176,5,50,0
1990,57,1,0,0,0,1,176,5,50,0
1990,34,2,1,0,0,1,469,5,50,0
1990,50,1,0,0,0,0,637,1,40,0
1990,40,2,0,0,0,1,159,5,40,0
1990,19,1,1,0,0,0,505,4,30,0
1990,74,1,0,0,0,1,0,0,0,0
1990,69,2,0,0,0,1,0,0,0,0
1990,59,1,0,3,3,1,84,5,40,1
1990,54,2,0,0,0,1,0,0,0,0
1990,22,2,1,0,0,1,389,2,37,0
1990,22,2,1,0,0,1,315,4,40,0
1990,22,1,1,0,0,1,797,1,30,0
1990,19,1,1,0,0,1,796,4,55,0
1990,20,1,1,0,0,1,164,5,40,0
1990,19,2,1,0,0,0,379,5,20,0
1990,18,1,1,3,0,1,315,4,24,0
1990,27,1,0,3,3,1,235,5,40,0
1990,29,2,0,3,3,1,0,0,0,0
1990,22,1,1,0,0,1,67,5,30,0
1990,20,1,1,0,0,1,175,4,35,0
1990,30,2,1,0,2,1,235,5,60,1
1990,77,2,0,0,2,0,0,0,0,0
1990,20,2,1,3,0,1,337,0,0,0
1990,22,1,1,0,1,1,804,3,15,0
1990,20,1,1,3,0,1,0,0,0,0
1990,36,2,0,0,0,1,154,5,50,0
1990,40,1,0,0,0,1,154,5,50,0
1990,46,2,2,1,0,1,207,5,36,0
1990,58,1,2,0,0,1,285,5,40,0
1990,35,1,2,0,0,1,164,5,48,0
1990,64,1,2,1,0,0,563,0,0,0
1990,20,2,1,0,0,1,379,5,10,0
1990,20,2,1,0,0,1,435,3,12,0
1990,20,2,1,0,0,1,327,3,30,0
1990,20,1,1,0,0,1,469,5,25,0
1990,19,2,1,0,0,1,274,3,20,0
1990,19,1,1,0,0,1,277,3,50,0
1990,67,1,0,0,0,1,14,5,30,0
1990,66,2,0,0,0,1,0,0,0,0
1990,54,1,0,0,0,1,14,5,50,1
1990,47,2,0,0,0,1,389,6,42,0
1990,23,2,1,0,0,1,174,2,30,0
1990,25,1,0,0,0,0,509,3,40,0
1990,24,2,0,0,0,1,22,4,40,0
1990,42,1,0,0,0,1,84,5,50,1
1990,41,2,0,0,0,1,154,5,40,0
1990,63,1,0,0,0,1,254,4,0,0
1990,60,2,0,0,0,1,156,5,40,0
1990,30,2,1,0,0,1,259,3,40,0
1990,45,1,1,0,0,1,479,0,40,0
1990,59,1,0,0,0,1,259,1,60,0
1990,59,2,0,0,0,1,473,0,40,0
1990,21,1,2,0,0,0,869,1,40,0
1990,36,1,0,0,0,1,14,5,50,1
1990,34,2,0,0,0,1,0,0,0,0
1990,32,2,0,0,0,1,185,5,35,0
1990,36,1,0,0,0,1,229,5,60,0
1990,29,1,0,0,0,0,365,3,55,0
1990,33,2,0,0,0,0,276,4,40,0
1990,29,2,2,0,0,1,234,5,40,0
1990,23,2,1,0,0,0,276,3,15,0
1990,32,1,1,0,0,0,567,0,40,0
1990,25,2,1,0,0,0,453,5,39,0
1990,48,1,0,0,0,0,577,2,40,0
1990,45,2,0,0,0,0,0,0,0,0
1990,19,1,1,0,0,0,0,0,0,0
1990,40,1,1,0,0,1,23,3,40,0
1990,30,1,0,0,0,1,157,5,45,0
1990,27,2,0,0,0,1,85,5,50,0
1990,32,1,0,0,0,1,235,5,50,0
1990,35,2,0,0,0,1,467,5,0,0
1990,57,1,0,0,0,0,549,6,45,0
1990,57,2,0,0,0,0,447,5,35,0
1990,18,1,1,0,0,0,885,3,30,0
1990,35,2,1,0,0,1,0,0,0,0
1990,50,1,2,0,0,0,266,3,40,0
1990,49,1,0,0,0,1,628,1,48,0
1990,46,2,0,0,0,0,473,0,80,0
1990,25,1,1,0,0,1,523,4,80,0
1990,22,2,1,0,0,1,313,4,60,0
1990,24,2,1,0,0,0,23,5,80,0
1990,57,1,0,0,0,0,363,1,40,0
1990,59,2,0,0,0,0,0,0,0,0
1990,64,2,3,0,0,0,0,0,0,0
1990,33,1,0,0,0,1,567,0,50,0
1990,28,2,0,0,0,0,0,0,0,0
1990,30,1,0,0,0,0,889,3,40,0
1990,28,2,0,0,0,0,0,0,0,0
1990,43,2,2,0,0,1,156,5,40,0
1990,47,2,3,0,0,1,276,3,35,0
1990,26,1,1,0,0,1,507,3,42,0
1990,54,1,0,0,0,0,505,3,54,0
1990,50,2,0,0,0,0,5,6,20,0
1990,31,1,1,0,0,1,174,5,45,0
1990,27,1,1,0,0,1,804,3,43,0
1990,61,1,0,0,0,0,8,3,56,0
1990,62,2,0,0,0,0,319,4,40,0
1990,21,2,1,0,0,0,276,3,38,0
1990,34,1,1,0,0,1,418,6,40,0
1990,49,1,0,0,0,0,259,3,35,0
1990,46,2,0,0,0,0,274,3,35,0
1990,37,1,0,0,0,0,22,0,30,0
1990,32,2,0,0,0,0,276,3,40,0
1990,74,1,0,0,2,0,0,0,0,0
1990,77,2,0,0,0,0,0,0,0,0
1990,32,1,0,0,0,0,675,1,45,0
1990,34,2,0,0,0,0,0,0,0,0
1990,29,1,0,0,0,0,453,5,40,0
1990,33,2,0,0,0,0,777,1,40,0
1990,34,1,0,0,0,1,156,5,40,0
1990,35,2,0,0,0,1,156,5,10,0
1990,39,1,3,0,0,1,804,1,40,0
1990,43,1,0,0,0,1,53,1,40,0
1990,43,2,0,0,0,0,0,0,0,0
1990,40,1,0,0,0,1,22,0,40,0
1990,42,2,0,0,0,0,0,0,0,0
1990,18,1,1,0,0,0,0,0,0,0
1990,38,1,0,0,0,1,53,2,40,0
1990,37,2,0,0,0,1,95,5,24,0
1990,64,1,2,0,0,0,579,0,0,0
1990,18,1,1,0,0,0,877,3,25,0
1990,72,1,0,0,0,0,0,0,0,0
1990,62,2,0,0,0,0,384,1,37,0
1990,51,2,0,0,0,1,156,5,30,1
1990,53,1,0,0,0,0,22,0,40,0
1990,19,1,1,0,0,0,505,3,40,0
1990,42,1,0,0,0,1,6,6,45,0
1990,43,2,0,0,0,1,14,6,55,0
1990,43,1,2,0,0,1,56,1,40,0
1990,75,1,1,0,0,0,0,0,0,0
1990,59,2,1,0,0,1,64,1,50,1
1990,55,2,1,0,0,0,458,4,52,0
1990,19,2,1,0,0,1,436,4,25,0
1990,56,1,0,0,0,1,55,1,40,1
1990,55,2,0,0,0,1,0,0,0,0
1990,62,1,0,0,0,1,7,4,0,0
1990,64,2,0,0,0,0,435,1,0,0
1990,30,1,1,0,0,0,804,0,40,0
1990,33,1,0,0,0,1,59,5,40,0
1990,31,2,0,0,0,1,364,2,40,0
1990,43,1,0,0,0,1,628,2,50,1
1990,50,2,0,0,0,0,796,1,25,0
1990,20,1,1,0,0,1,21,5,40,0
1990,72,2,3,0,0,0,0,0,0,1
1990,70,2,2,0,0,0,274,3,20,0
1990,25,2,3,0,0,0,748,4,33,0
1990,23,2,1,0,0,0,748,4,7,0
1990,72,1,0,0,0,0,0,0,0,0
1990,68,2,0,0,0,0,0,0,0,0
1990,75,2,0,0,0,0,0,0,0,0
1990,75,2,3,0,0,0,0,0,0,0
1990,56,2,3,0,0,1,15,5,40,1
1990,53,1,3,0,0,0,259,3,40,0
1990,80,1,3,0,0,0,0,0,0,0
1990,71,1,0,0,0,0,0,0,0,0
1990,69,2,0,0,0,0,0,0,0,0
1990,23,1,1,0,0,1,278,1,25,0
1990,29,1,1,0,0,1,254,4,40,0
1990,25,1,0,0,0,0,547,2,50,0
1990,23,2,0,0,0,1,313,5,20,0
1990,76,2,2,0,0,0,0,0,0,0
1990,38,2,1,0,0,1,37,5,40,0
1990,43,1,2,0,0,1,22,5,40,0
1990,32,2,1,1,0,1,379,5,37,0
1990,64,2,3,0,0,0,276,3,0,0
1990,23,1,0,0,0,0,748,5,40,0
1990,23,2,0,0,0,1,444,5,25,0
1990,66,1,0,0,0,0,0,0,0,0
1990,64,2,0,0,0,0,796,1,40,0
1990,56,1,0,0,0,1,22,1,50,1
1990,56,2,0,0,0,0,0,0,0,0
1990,20,1,1,0,0,1,317,4,22,0
1990,21,1,1,0,0,1,426,5,15,0
1990,33,2,3,0,0,0,229,1,40,0
1990,41,1,0,0,0,1,18,4,40,0
1990,31,2,0,0,0,0,185,3,32,0
1990,70,1,0,0,0,1,426,6,40,1
1990,62,2,0,0,0,0,0,0,0,0
1990,62,1,0,0,0,1,84,5,40,1
1990,60,2,0,0,0,1,0,0,0,0
1990,46,1,0,0,0,0,0,0,0,0
1990,44,2,0,0,0,1,22,5,50,1
1990,76,1,0,0,0,0,0,0,0,1
1990,75,2,0,0,0,0,0,0,0,0
1990,40,1,0,0,0,1,14,5,50,1
1990,38,2,0,0,0,1,315,5,20,0
1990,55,1,0,0,0,1,217,4,40,1
1990,55,2,0,0,0,0,0,0,0,0
1990,34,2,3,0,0,0,784,1,40,0
1990,43,2,2,0,0,0,305,4,37,0
1990,41,1,0,0,0,0,453,5,50,0
1990,39,2,0,0,0,0,466,5,40,0
1990,37,1,1,0,0,1,185,1,60,0
1990,54,2,3,0,0,0,779,1,40,0
1990,35,1,0,0,0,1,785,1,40,0
1990,35,2,0,0,0,0,274,3,18,0
1990,75,1,3,0,0,0,0,0,0,0
1990,56,1,0,0,0,0,689,1,46,0
1990,53,2,0,0,0,0,0,0,0,0
1990,22,1,1,0,0,0,276,5,40,0
1990,19,2,1,0,0,0,276,3,20,0
1990,36,1,0,0,0,1,433,3,40,0
1990,37,2,0,0,0,1,453,6,40,0
1990,40,1,0,0,0,0,859,1,40,0
1990,37,2,0,0,0,0,274,3,35,0
1990,50,2,3,0,0,0,777,1,40,0
1990,74,1,3,0,0,0,0,0,0,0
1990,23,1,0,0,0,0,479,0,90,0
1990,23,2,0,0,0,0,479,0,0,0
1990,49,1,0,0,0,0,866,0,0,0
1990,42,2,0,0,0,0,436,5,37,0
1990,22,2,1,0,0,1,385,5,30,0
1990,34,1,0,0,0,0,783,0,48,0
1990,30,2,0,0,0,1,785,1,40,0
1990,61,2,3,0,0,0,0,0,0,0
1990,66,2,0,0,0,0,0,0,0,0
1990,37,1,3,3,0,0,696,3,40,0
1990,62,1,0,0,0,1,254,4,40,0
1990,59,2,0,0,0,0,0,0,0,0
1990,24,1,0,0,0,0,567,0,40,0
1990,22,2,0,0,0,1,337,3,40,0
1990,53,1,1,0,0,1,434,3,34,0
1990,47,1,0,0,0,0,689,6,42,0
1990,44,2,0,0,0,0,808,5,15,0
1990,74,2,3,0,0,0,0,0,0,0
1990,35,1,0,0,0,1,486,5,40,0
1990,27,2,0,0,0,1,156,5,40,0
1990,59,1,0,0,0,1,479,0,84,1
1990,55,2,0,0,0,0,276,3,40,0
1990,79,1,0,0,0,0,0,0,0,0
1990,69,2,0,0,0,0,0,0,0,0
1990,50,2,2,0,0,0,447,5,0,0
1990,21,2,1,0,0,1,313,5,40,0
1990,21,2,1,0,0,1,208,0,40,0
1990,67,1,0,0,0,0,379,5,15,0
1990,63,2,0,0,0,0,0,0,0,0
1990,73,1,3,0,0,0,0,0,0,0
1990,47,1,3,0,0,0,7,3,40,0
1990,19,1,1,0,0,1,276,3,30,0
1990,29,2,1,0,0,1,207,5,40,0
1990,66,1,0,0,0,1,486,0,20,0
1990,51,2,0,0,0,0,0,0,0,0
1990,68,1,0,0,2,0,0,0,0,0
1990,72,2,0,0,0,0,0,0,0,0
1990,26,2,3,0,0,0,308,5,0,0
1990,49,1,0,0,0,1,22,1,50,0
1990,66,2,0,0,0,0,0,0,0,0
1990,71,1,0,0,2,0,649,1,30,0
1990,68,2,0,0,0,0,0,0,0,0
1990,35,1,0,0,0,0,453,3,40,0
1990,34,2,0,0,0,0,276,3,28,0
1990,65,1,2,0,0,0,804,2,12,0
1990,30,2,0,0,0,1,354,2,27,0
1990,37,1,0,0,0,1,534,1,40,0
1990,75,1,3,0,0,0,0,0,0,0
1990,60,1,0,0,0,0,593,0,32,0
1990,60,2,0,0,0,0,444,5,4,0
1990,37,1,0,0,0,1,424,6,40,0
1990,37,2,0,0,0,0,383,4,40,0
1990,76,1,0,0,0,1,0,0,0,0
1990,53,1,0,0,0,0,549,0,40,0
1990,53,2,0,0,0,0,0,0,0,0
1990,21,1,1,0,0,0,804,2,45,0
1990,65,2,3,0,0,0,0,0,0,0
1990,39,1,2,0,0,1,567,0,36,0
1990,60,1,3,0,0,0,426,4,40,0
1990,44,2,2,0,0,0,276,3,39,0
1990,22,2,1,0,0,0,436,3,55,0
1990,19,1,1,0,0,0,883,3,48,0
1990,44,1,2,0,0,0,865,0,40,0
1990,21,1,1,0,0,1,276,3,30,0
1990,21,1,1,0,0,1,435,4,70,0
1990,35,2,1,0,0,0,785,3,40,0
1990,45,1,1,0,0,1,167,5,40,0
1990,33,2,2,0,0,0,0,0,0,0
1990,77,2,3,0,0,0,0,0,0,0
1990,39,1,1,0,0,1,804,3,40,0
1990,42,1,1,0,0,0,0,0,0,0
1990,72,2,3,0,0,1,0,0,0,0
1990,41,1,1,0,0,0,804,3,40,0
1990,47,1,0,0,0,0,694,1,40,0
1990,48,2,0,0,0,0,7,4,0,0
1990,68,1,3,0,0,0,366,2,40,0
1990,27,2,1,0,0,1,379,5,20,0
1990,79,2,3,0,0,0,0,0,0,0
1990,57,1,0,0,0,1,0,0,0,0
1990,55,2,0,0,0,0,0,0,0,0
1990,32,1,0,0,0,0,22,3,70,0
1990,31,2,0,0,0,1,157,5,45,0
1990,43,1,2,0,0,1,16,2,40,0
1990,49,2,3,0,0,0,444,5,30,0
1990,46,2,1,1,0,1,466,5,40,0
1990,28,1,1,0,0,0,869,0,30,0
1990,19,2,1,0,0,0,0,0,0,0
1990,44,1,2,1,0,0,888,1,20,0
1990,77,2,0,0,0,0,0,0,0,0
1990,42,1,0,0,0,1,22,3,43,0
1990,42,2,0,0,0,1,5,6,15,0
1990,75,2,0,0,0,0,337,3,0,0
1990,66,1,0,0,0,0,243,3,70,1
1990,66,2,0,0,0,0,337,3,30,0
1990,80,1,0,0,0,0,0,0,0,0
1990,78,2,0,0,0,1,0,0,0,0
1990,59,1,0,0,0,0,547,2,40,0
1990,56,2,0,0,0,1,313,6,40,0
1990,44,2,3,0,0,1,337,5,35,0
1990,37,1,3,0,0,1,7,4,50,1
1990,44,1,0,0,0,0,789,0,40,0
1990,43,2,0,0,0,1,157,5,40,0
1990,74,1,0,0,2,0,0,0,0,0
1990,63,2,0,0,0,0,0,0,0,0
1990,65,1,0,0,2,0,567,0,0,0
1990,67,2,0,0,2,0,0,0,0,0
1990,44,1,0,0,0,0,804,1,40,0
1990,45,2,0,0,0,0,0,0,0,0
1990,44,1,1,0,0,1,157,5,40,0
1990,67,1,0,0,0,1,7,1,0,1
1990,64,2,0,0,0,0,0,0,0,1
1990,36,1,1,0,0,1,274,3,40,0
1990,74,2,2,0,0,1,0,0,0,0
1990,39,1,0,0,0,1,354,2,40,0
1990,35,2,0,0,0,1,73,5,40,0
1990,77,1,0,0,0,1,77,0,0,0
1990,78,2,0,0,0,1,22,5,24,0
1990,31,1,0,0,0,1,563,0,40,0
1990,28,2,0,0,0,0,435,3,28,0
1990,49,1,0,0,0,0,22,3,44,1
1990,43,2,0,0,0,1,22,4,44,0
1990,76,1,3,0,0,0,0,0,0,0
1990,66,1,0,0,0,0,0,0,0,0
1990,66,2,0,0,0,0,0,0,0,0
1990,45,1,0,0,0,1,243,3,72,0
1990,44,2,0,0,0,1,303,0,60,0
1990,23,2,1,0,0,1,365,0,50,0
1990,72,2,3,0,0,1,303,6,0,0
1990,64,1,0,0,0,1,14,5,20,0
1990,66,2,0,0,0,1,0,0,0,0
1990,42,1,0,0,0,0,628,1,40,0
1990,41,2,0,0,0,0,387,5,30,0
1990,18,1,1,0,0,0,276,3,40,0
1990,66,2,3,0,0,1,164,5,35,0
1990,67,1,0,0,0,1,0,0,0,0
1990,61,2,0,0,0,1,154,5,55,0
1990,79,2,3,0,0,0,0,0,0,0
1990,33,1,0,0,0,1,628,2,45,1
1990,32,2,0,0,0,1,195,1,30,0
1990,67,1,0,0,0,0,0,0,0,0
1990,67,2,0,0,0,1,0,0,0,0
1990,36,2,2,0,0,0,313,5,40,0
1990,76,1,0,0,2,0,0,0,0,0
1990,69,2,0,0,2,0,447,5,0,0
1990,70,1,0,0,0,0,0,0,0,0
1990,67,2,0,0,0,0,0,0,0,0
1990,31,1,2,0,0,0,869,4,44,0
1990,27,2,3,0,0,0,0,0,0,0
1990,71,1,0,0,0,0,0,0,0,0
1990,69,2,0,0,0,0,0,0,0,0
1990,65,2,3,0,0,0,389,4,40,0
1990,33,1,1,0,0,0,447,5,50,0
1990,30,2,1,0,0,1,56,1,40,0
1990,77,1,0,0,0,0,0,0,0,0
1990,79,2,0,0,0,0,0,0,0,0
1990,48,2,0,0,0,1,5,6,40,1
1990,52,1,0,0,0,1,119,5,40,1
1990,48,1,0,0,2,0,804,2,46,0
1990,42,2,0,0,0,0,0,0,0,0
1990,21,1,1,0,0,1,579,0,50,0
1990,23,2,1,0,0,0,754,1,40,0
1990,25,1,1,0,0,1,17,3,35,0
1990,23,2,1,0,0,1,22,5,7,0
1990,21,2,1,0,0,0,888,2,35,0
1990,28,2,0,0,0,0,444,5,40,0
1990,27,1,0,0,0,0,579,0,40,0
1990,23,1,2,0,0,0,804,2,45,0
1990,54,2,2,0,0,1,22,5,37,0
1990,44,1,0,0,0,1,178,5,38,1
1990,38,2,0,0,0,1,95,5,32,0
1990,49,1,0,0,0,1,154,5,50,0
1990,47,2,0,0,0,1,95,5,32,0
1990,19,2,1,0,0,0,164,5,10,0
1990,48,2,3,0,2,0,276,3,40,0
1990,61,1,0,0,0,0,0,0,0,0
1990,55,2,0,0,0,0,277,4,18,0
1990,28,1,0,0,0,0,756,1,40,0
1990,36,2,0,0,0,0,889,1,0,0
1990,52,1,0,0,2,1,514,4,40,0
1990,48,2,0,0,1,1,683,1,0,0
1990,26,2,1,0,1,0,469,4,40,0
1990,35,1,0,0,0,0,804,0,40,0
1990,34,2,0,0,0,0,313,4,25,0
1990,50,2,3,0,0,0,337,5,35,0
1990,50,2,3,0,0,0,449,4,40,0
1990,44,1,0,0,2,0,785,0,20,0
1990,41,2,0,0,0,1,194,4,40,0
1990,53,1,0,0,0,1,195,1,40,0
1990,43,2,0,0,0,1,14,5,12,0
1990,42,1,0,0,0,1,243,3,50,0
1990,40,2,0,0,0,1,274,3,20,0
1990,69,2,2,0,0,0,315,1,0,0
1990,77,2,3,0,0,0,0,0,0,0
1990,22,1,3,1,4,0,379,6,30,0
1990,26,1,1,1,0,1,356,4,30,0
1990,22,1,0,0,0,0,449,5,40,0
1990,22,2,0,0,0,0,319,5,40,0
1990,34,1,0,0,0,1,96,3,40,0
1990,34,2,0,0,0,1,313,4,0,0
1990,65,2,3,0,0,0,0,0,0,0
1990,27,2,1,0,0,0,385,5,0,0
1990,36,1,0,0,0,1,157,5,48,0
1990,35,2,0,0,0,1,797,5,25,0
1990,40,1,2,0,0,0,436,3,99,0
1990,35,1,1,0,0,0,433,3,5,0
1990,29,1,0,2,0,0,308,5,40,0
1990,29,2,0,0,0,0,375,4,0,0
1990,43,2,1,0,0,1,447,5,40,0
1990,79,2,3,0,0,1,0,0,0,0
1990,36,2,1,0,0,1,156,5,0,0
1990,35,1,2,0,0,1,235,1,44,0
1990,34,1,3,0,0,1,55,1,40,0
1990,69,1,0,0,0,0,65,1,0,0
1990,64,2,0,0,0,1,22,1,0,0
1990,27,1,1,0,0,0,567,0,40,0
1990,46,1,1,0,0,1,254,4,30,1
1990,42,2,3,0,0,1,453,4,40,0
1990,50,2,2,0,0,1,95,5,40,0
1990,22,2,1,0,0,1,274,3,0,0
1990,26,2,0,0,0,1,379,3,2,0
1990,28,1,0,0,0,1,547,4,7,0
1990,46,2,2,0,0,0,449,4,40,0
1990,36,1,0,0,0,1,163,5,50,0
1990,25,2,0,0,0,1,21,5,48,0
1990,45,2,0,0,0,1,174,5,0,0
1990,59,1,0,0,0,1,254,4,60,0
1990,47,2,2,0,0,0,754,4,35,0
1990,69,2,3,0,0,1,0,0,0,0
1990,53,1,0,0,0,0,567,0,40,0
1990,51,2,0,0,0,0,313,5,35,0
1990,25,1,1,0,0,0,567,5,40,0
1990,59,1,0,0,0,0,229,1,40,1
1990,57,2,0,0,0,0,0,0,0,0
1990,54,2,3,0,0,1,167,4,50,0
1990,28,1,0,0,0,0,257,4,15,0
1990,29,2,0,0,0,1,194,2,16,0
1990,64,1,0,0,0,0,577,2,40,1
1990,62,2,0,0,0,0,0,0,0,0
1990,30,1,1,0,0,1,843,3,40,0
1990,57,1,0,0,0,1,65,1,40,0
1990,57,2,0,0,0,0,744,1,20,0
1990,50,1,2,0,0,0,263,3,60,1
1990,29,1,0,0,0,1,229,4,42,0
1990,29,2,0,0,0,1,376,5,20,0
1990,78,2,3,0,0,1,0,0,0,0
1990,75,2,3,0,2,0,0,0,0,0
1990,57,1,3,0,0,0,567,0,40,0
1990,41,2,3,0,0,0,808,2,60,0
1990,63,1,1,0,0,1,0,0,0,0
1990,32,1,0,0,0,1,156,5,40,0
1990,32,2,0,0,0,1,158,5,40,0
1990,26,2,2,0,0,1,785,1,0,0
1990,42,1,0,0,0,1,154,5,45,0
1990,40,2,0,0,2,1,95,5,35,0
1990,22,1,1,0,0,1,0,0,0,0
1990,43,1,3,0,0,1,14,5,60,1
1990,34,1,0,0,0,0,563,0,48,0
1990,28,2,0,0,0,0,647,1,12,0
1990,42,1,2,0,0,1,426,3,30,0
1990,38,1,2,0,0,0,505,4,40,0
1990,30,1,0,0,0,0,866,4,40,0
1990,26,2,0,0,0,0,449,4,40,0
1990,34,1,0,0,0,1,55,4,40,0
1990,33,2,0,0,0,1,254,4,40,0
1990,39,1,0,0,0,1,303,4,0,0
1990,39,2,0,0,0,1,5,6,40,0
1990,26,1,1,0,0,1,183,1,40,0
1990,25,2,1,1,0,1,883,5,6,0
1990,41,1,1,0,0,1,154,5,0,0
1990,67,1,3,0,0,0,0,0,0,0
1990,30,1,2,0,0,0,436,3,40,0
1990,30,1,2,0,0,0,0,0,0,0
1990,30,1,2,0,0,0,436,3,40,0
1990,62,1,0,0,0,1,154,5,30,1
1990,50,2,0,0,0,1,0,0,0,0
1990,32,1,0,0,0,1,243,3,50,0
1990,34,2,0,0,0,0,313,4,0,0
1990,67,1,0,0,0,0,549,5,16,0
1990,61,2,0,0,0,0,313,6,12,0
1990,37,1,0,0,0,1,628,1,42,1
1990,50,2,0,0,0,1,0,0,0,0
1990,61,1,0,0,0,0,22,1,35,0
1990,62,2,0,0,0,1,13,1,20,0
1990,19,1,1,0,0,0,595,0,15,0
1990,57,1,0,0,0,1,259,3,40,0
1990,52,2,0,0,0,1,95,4,70,1
1990,18,1,1,0,0,0,883,2,30,0
1990,31,1,3,0,0,0,514,4,0,0
1990,78,2,3,0,0,0,0,0,0,0
1990,49,2,0,0,0,1,159,5,8,0
1990,47,1,0,0,0,1,189,4,60,0
1990,37,2,2,0,0,0,17,3,75,0
1990,34,2,3,0,0,0,796,1,40,0
1990,26,1,1,0,0,0,567,0,40,0
1990,23,2,1,0,0,1,313,5,40,0
1990,53,1,0,0,2,1,357,4,40,0
1990,51,2,0,0,2,0,444,5,0,0
1990,47,1,0,0,0,1,229,1,40,0
1990,44,2,0,0,0,1,157,5,50,0
1990,77,2,0,0,2,0,0,0,0,0
1990,20,1,1,0,0,0,446,6,40,0
1990,20,2,1,0,0,0,453,5,40,0
1990,56,1,0,0,0,1,176,5,40,0
1990,48,2,0,0,0,1,156,5,40,0
1990,44,1,0,0,0,1,523,2,50,1
1990,42,2,0,0,0,1,157,5,20,0
1990,24,1,1,0,0,1,383,4,40,0
1990,21,1,1,0,0,1,345,4,40,0
1990,31,2,0,3,3,0,744,1,0,0
1990,35,1,0,3,3,0,686,3,60,0
1990,65,2,3,3,3,0,0,0,0,0
1990,19,1,1,3,3,0,0,0,0,0
1990,61,1,0,0,0,0,567,0,40,0
1990,57,2,0,0,0,1,253,4,0,0
1990,40,1,0,3,3,1,57,1,50,1
1990,30,2,0,3,3,1,229,1,40,0
1990,46,1,0,0,0,1,696,5,40,0
1990,33,2,0,0,0,1,174,5,40,0
1990,35,1,0,0,0,1,23,1,45,0
1990,30,2,0,0,0,1,174,5,40,0
1990,77,1,0,0,0,0,0,0,0,0
1990,71,2,0,0,0,0,0,0,0,0
1990,53,2,3,0,0,1,21,5,37,0
1990,41,1,0,0,0,0,777,1,50,0
1990,39,2,0,0,0,1,95,5,40,0
1990,36,1,2,0,0,1,538,1,40,0
1990,35,2,2,0,0,1,319,5,60,0
1990,31,2,1,1,0,1,95,5,40,0
1990,36,2,2,0,0,0,785,1,20,0
1990,39,1,0,0,0,1,213,1,40,0
1990,36,2,0,0,0,1,156,5,40,0
1990,32,1,1,0,0,0,856,1,40,0
1990,29,2,1,0,0,0,484,3,40,0
1990,27,1,0,0,0,0,69,2,96,0
1990,28,2,0,0,0,0,276,5,0,0
1990,41,1,0,0,0,1,174,5,40,0
1990,36,2,0,0,0,1,95,5,40,0
1990,38,1,0,0,2,0,154,5,60,0
1990,39,2,0,0,0,1,188,4,35,0
1990,73,1,0,0,0,0,797,1,30,0
1990,72,2,0,0,0,0,0,0,0,0
1990,55,1,0,0,0,0,486,5,40,0
1990,49,2,0,0,0,0,0,0,0,0
1990,41,2,3,0,0,1,156,5,40,0
1990,39,1,0,0,2,0,55,1,42,1
1990,40,2,0,0,0,1,0,0,0,0
1990,67,1,0,0,0,0,0,0,0,0
1990,67,2,0,0,0,0,0,0,0,0
1990,37,1,0,0,0,0,869,0,40,0
1990,37,2,0,0,0,0,0,0,0,0
1990,75,1,3,0,0,1,243,4,30,1
1990,33,1,0,0,0,1,473,0,65,1
1990,33,2,0,0,0,1,337,3,40,0
1990,30,1,0,0,0,1,453,5,40,0
1990,25,2,0,0,0,0,276,3,25,0
1990,58,1,2,0,0,0,856,1,50,0
1990,18,2,1,0,0,0,877,3,35,0
1990,48,2,2,0,0,0,449,0,35,0
1990,21,1,1,0,0,0,595,0,40,0
1990,30,1,0,0,0,0,22,2,45,0
1990,30,2,0,0,0,1,337,2,30,0
1990,25,1,0,0,0,1,785,1,40,0
1990,30,2,0,2,1,1,785,1,40,0
1990,61,1,0,0,0,0,355,2,40,0
1990,61,2,0,0,0,0,0,0,0,0
1990,26,2,1,0,0,1,97,5,32,0
1990,21,1,1,0,0,1,243,3,35,0
1990,63,1,3,0,0,0,0,0,0,0
1990,36,1,0,0,0,1,433,3,40,0
1990,35,2,0,0,0,1,95,5,40,0
1990,58,2,3,0,0,0,386,5,32,0
1990,56,1,0,0,0,1,96,3,65,0
1990,51,2,0,0,0,0,274,3,17,0
1990,75,2,3,0,0,0,909,6,0,0
1990,64,2,1,0,0,0,909,6,0,0
1990,58,1,0,0,0,1,797,1,40,0
1990,55,2,0,0,0,0,22,4,40,0
1990,41,1,1,0,0,1,22,5,40,0
1990,33,1,1,0,0,0,468,5,45,0
1990,74,1,0,0,0,1,177,5,6,1
1990,71,2,0,0,0,1,0,0,0,0
1990,50,1,2,0,0,0,227,6,40,1
1990,25,1,3,0,0,0,575,1,40,0
1990,27,1,0,0,0,0,567,0,40,0
1990,22,2,0,0,0,0,313,4,35,0
1990,27,1,0,0,0,1,23,1,50,0
1990,26,2,0,0,0,1,23,1,50,0
1990,26,2,1,0,0,1,174,5,40,0
1990,47,1,0,0,0,0,243,3,40,1
1990,45,2,0,0,0,0,274,3,16,0
1990,30,1,1,0,0,1,339,4,40,0
1990,53,2,2,0,0,0,405,4,40,0
1990,54,2,2,0,0,0,407,4,40,0
1990,35,1,3,1,4,0,0,0,0,0
1990,37,1,3,1,0,1,446,5,0,0
1990,68,1,0,0,0,1,254,4,0,0
1990,67,2,0,0,0,1,18,4,9,0
1990,32,1,1,0,0,1,558,0,60,0
1990,34,1,0,0,0,1,255,4,50,0
1990,29,2,0,0,0,1,313,5,16,0
1990,38,1,0,0,0,1,177,5,50,0
1990,29,2,0,0,0,1,387,5,15,0
1990,36,1,0,0,0,1,577,2,40,0
1990,33,2,0,0,0,1,447,5,24,0
1990,33,1,0,0,0,1,259,1,50,0
1990,33,2,0,0,0,1,203,4,40,0
1990,29,2,1,0,0,0,313,5,40,0
1990,75,2,3,0,0,0,0,0,0,0
1990,33,1,0,0,0,1,43,5,37,0
1990,33,2,0,0,0,1,22,4,35,1
1990,67,2,3,0,0,0,84,5,24,0
1990,41,2,3,0,0,0,319,5,38,0
1990,19,2,1,0,0,1,338,5,40,0
1990,56,1,1,0,0,1,447,5,0,0
1990,66,1,0,0,0,0,0,0,0,0
1990,61,2,0,0,0,0,0,0,0,0
1990,36,1,3,0,0,0,889,2,40,0
1990,32,1,1,0,0,0,446,2,40,0
1990,48,2,2,0,0,0,479,0,40,0
1990,18,1,1,0,0,0,0,0,0,0
1990,38,1,0,0,0,1,555,0,40,0
1990,37,2,0,0,0,1,313,0,40,0
1990,50,1,0,0,0,1,22,2,37,1
1990,48,2,0,0,0,1,337,5,35,0
1990,45,1,2,0,0,1,14,5,40,0
1990,19,2,1,0,0,1,529,3,38,0
1990,45,1,0,0,0,0,883,0,40,1
1990,37,2,0,0,0,1,0,0,0,0
1990,24,1,1,0,0,1,243,3,45,0
1990,42,1,0,0,0,1,22,5,45,1
1990,38,2,0,0,0,1,156,5,35,1
1990,76,1,0,0,0,0,0,0,0,0
1990,74,2,0,0,0,0,0,0,0,0
1990,20,2,0,0,0,0,243,3,40,0
1990,32,1,0,0,0,1,198,2,40,0
1990,48,2,2,0,0,0,37,1,40,0
1990,26,1,1,0,0,1,53,0,40,0
1990,39,1,0,0,0,1,804,2,40,0
1990,38,2,0,0,0,1,22,2,35,0
1990,46,2,2,0,0,1,378,2,40,0
1990,31,2,1,3,3,1,229,1,40,0
1990,72,2,3,0,0,1,0,0,0,0
1990,42,1,0,0,0,1,178,5,50,0
1990,31,2,0,0,0,1,178,5,50,0
1990,56,1,0,1,0,0,547,1,40,0
1990,46,2,0,1,0,1,22,1,48,0
1990,24,2,3,1,0,0,447,5,0,0
1990,21,1,0,0,0,1,215,1,40,0
1990,20,2,0,0,0,0,479,0,25,0
1990,22,1,1,0,0,0,529,2,40,0
1990,52,1,1,0,0,1,85,5,65,0
1990,18,1,1,0,0,1,436,3,20,0
1990,32,1,0,0,0,1,55,1,45,1
1990,34,2,0,0,0,1,23,5,15,0
1990,58,1,0,0,0,0,22,2,40,0
1990,53,2,0,0,0,0,448,5,40,0
1990,24,2,1,0,0,0,313,4,35,0
1990,36,2,0,1,4,1,447,4,17,0
1990,42,1,0,1,0,0,453,4,60,0
1990,19,2,1,1,0,0,365,3,25,0
1990,79,2,2,0,0,0,0,0,0,0
1990,46,2,0,0,0,0,0,0,0,0
1990,48,1,0,0,0,0,0,0,0,0
1990,18,2,1,0,0,0,274,3,12,0
1990,31,1,0,0,0,1,22,2,50,0
1990,29,2,0,0,0,1,379,5,20,0
1990,20,1,1,1,1,1,59,1,55,0
1990,60,1,0,0,0,1,22,1,40,0
1990,53,2,0,0,0,0,313,1,40,0
1990,18,1,1,0,0,0,599,0,40,0
1990,18,1,1,0,0,0,276,3,40,0
1990,55,1,0,0,0,1,22,1,55,1
1990,53,2,0,0,0,1,156,5,40,0
1990,43,1,2,0,0,0,22,1,50,1
1990,19,2,1,0,0,1,435,3,20,0
1990,18,2,1,0,0,1,435,3,20,0
1990,41,2,2,0,0,1,313,6,40,0
1990,57,1,0,1,0,0,18,4,40,0
1990,56,2,0,1,0,0,276,5,37,0
1990,33,1,1,1,0,0,243,3,0,0
1990,29,2,1,1,0,1,156,5,32,0
1990,32,1,0,0,0,1,585,0,40,1
1990,31,2,0,0,0,1,95,4,16,0
1990,64,2,3,0,0,0,0,0,0,0
1990,40,1,0,1,0,0,683,1,40,0
1990,39,2,0,1,0,0,407,4,35,0
1990,25,1,1,1,0,0,554,0,50,0
1990,56,1,0,1,1,0,563,0,40,0
1990,59,2,0,1,1,0,274,3,40,0
1990,25,2,1,1,1,1,319,1,40,0
1990,53,2,1,0,0,0,0,0,0,0
1990,22,2,0,1,0,0,436,5,18,0
1990,25,1,0,1,0,0,444,5,40,0
1990,72,1,0,0,0,0,0,0,0,0
1990,68,2,0,0,0,0,0,0,0,0
1990,20,1,1,3,0,1,259,1,40,0
1990,71,1,0,0,0,1,254,4,0,0
1990,66,2,0,0,0,0,379,5,0,0
1990,32,1,0,3,0,0,768,1,48,0
1990,23,2,0,0,0,0,243,3,35,0
1990,19,2,1,0,0,0,877,3,16,0
1990,39,1,0,0,0,1,22,1,60,0
1990,40,2,0,0,0,0,796,1,40,0
1990,18,1,1,0,0,0,436,3,0,0
1990,32,1,3,0,0,0,734,1,60,0
1990,29,1,0,0,0,1,418,6,40,0
1990,27,2,0,0,0,1,254,4,20,0
1990,25,1,0,0,0,1,23,1,40,0
1990,23,2,0,0,0,1,243,3,38,0
1990,65,1,0,0,0,0,0,0,0,0
1990,60,2,0,0,0,1,303,3,38,0
1990,35,2,1,0,0,1,337,6,38,0
1990,71,2,3,0,0,0,779,5,0,0
1990,43,2,2,1,0,1,208,5,40,0
1990,33,2,2,0,0,1,276,3,0,0
1990,26,1,1,0,0,0,887,3,40,0
1990,29,1,1,0,0,0,567,0,0,0
1990,47,1,1,0,0,1,208,5,35,0
1990,41,1,1,0,0,1,207,5,37,0
1990,27,1,1,0,0,1,95,5,40,0
1990,41,2,1,0,0,1,164,5,45,0
1990,48,1,0,0,0,0,473,0,70,0
1990,45,2,0,0,0,0,468,5,15,0
1990,30,1,0,0,0,1,677,3,42,0
1990,28,2,0,0,0,1,677,3,25,0
1990,77,1,0,0,0,0,597,0,0,0
1990,70,2,0,0,0,0,0,0,0,0
1990,27,1,1,0,0,1,783,0,40,0
1990,65,1,3,0,0,0,889,1,0,0
1990,57,2,2,0,0,1,0,0,0,0
1990,27,1,0,0,0,0,243,3,49,0
1990,23,2,0,0,0,0,243,3,40,0
1990,33,2,3,0,0,0,777,1,40,0
1990,28,1,0,0,0,1,303,6,40,0
1990,26,2,0,0,1,1,243,3,0,0
1990,45,2,2,0,0,0,0,0,0,0
1990,19,1,1,0,0,0,564,0,35,0
1990,58,2,3,0,0,0,747,1,30,0
1990,19,1,1,0,0,0,0,0,0,0
1990,24,2,3,0,0,0,909,6,0,0
1990,60,2,0,0,0,0,174,5,0,0
1990,61,1,0,0,0,0,426,0,0,0
1990,35,1,0,0,0,1,418,6,50,1
1990,34,2,0,0,0,1,313,5,21,0
1990,25,1,0,0,0,1,22,3,60,0
1990,25,2,0,0,0,1,23,5,37,0
1990,30,2,2,0,0,1,243,3,28,0
1990,69,1,0,0,0,1,25,4,0,0
1990,67,2,0,0,0,1,0,0,0,0
1990,34,1,0,1,0,0,59,6,60,0
1990,32,2,0,1,0,0,254,4,30,0
1990,33,1,0,0,0,1,534,3,50,0
1990,31,2,0,0,0,0,436,3,0,0
1990,36,1,0,0,0,1,199,5,55,0
1990,34,2,0,0,0,1,156,5,6,0
1990,20,2,1,0,0,1,276,3,35,0
1990,48,1,2,0,0,1,154,5,12,0
1990,77,1,1,0,0,0,0,0,0,0
1990,37,1,1,0,0,1,354,2,40,0
1990,24,2,1,2,1,0,435,3,0,0
1990,41,1,0,1,0,0,889,5,40,0
1990,42,2,0,1,0,0,336,5,40,0
1990,23,2,1,1,0,0,785,1,40,0
1990,69,1,2,1,1,0,687,3,40,0
1990,59,2,3,1,0,0,0,0,0,0
1990,28,2,0,1,0,1,376,2,40,0
1990,34,1,2,2,0,1,804,2,48,0
1990,48,1,0,0,0,1,5,6,37,0
1990,48,2,0,0,0,0,7,4,40,0
1990,73,1,3,0,0,0,804,3,0,0
1990,36,1,0,0,0,0,555,0,40,1
1990,32,2,0,0,0,0,313,0,8,0
1990,29,1,0,0,0,0,595,0,40,0
1990,24,2,0,0,0,0,446,5,0,0
1990,51,1,0,0,0,1,229,1,40,0
1990,52,2,0,0,0,0,383,4,0,0
1990,32,1,0,0,0,0,259,3,40,0
1990,33,2,0,0,0,0,274,3,20,0
1990,31,1,0,0,0,1,567,0,40,0
1990,29,2,0,0,0,0,458,4,0,0
1990,59,1,0,0,0,1,243,3,62,0
1990,59,2,0,0,0,1,243,3,45,0
1990,35,2,2,0,0,0,754,1,40,0
1990,62,1,1,1,0,0,0,0,0,0
1990,32,1,1,1,0,1,186,5,40,0
1990,52,1,0,0,0,0,766,5,0,0
1990,48,2,0,0,0,0,276,2,35,0
1990,75,2,3,0,0,0,0,0,0,0
1990,33,1,0,0,0,1,359,3,45,0
1990,26,2,0,0,0,1,683,1,0,0
1990,64,1,0,0,0,1,0,0,0,1
1990,46,2,0,0,0,0,0,0,0,0
1990,19,1,1,0,0,1,804,2,35,0
1990,42,1,3,1,0,1,449,5,35,0
1990,23,2,1,0,0,0,435,3,40,0
1990,27,1,2,0,0,0,567,0,40,0
1990,43,1,0,0,0,0,27,3,40,0
1990,43,2,0,0,0,0,364,1,40,0
1990,21,1,1,0,0,0,567,0,40,0
1990,30,1,1,0,0,0,0,0,0,0
1990,74,1,0,0,0,0,0,0,0,0
1990,72,2,0,0,0,0,0,0,0,0
1990,24,1,3,0,0,0,436,3,0,0
1990,58,1,0,0,0,1,174,5,40,0
1990,56,2,0,0,0,1,637,1,50,0
1990,41,1,1,0,0,1,176,5,65,0
1990,53,1,1,0,0,0,33,5,0,0
1990,47,1,1,0,0,1,21,5,0,0
1990,52,1,1,0,2,1,176,5,0,0
1990,25,1,1,0,0,1,889,5,50,0
1990,68,1,1,0,0,0,21,5,0,0
1990,34,1,0,0,0,0,558,0,42,1
1990,31,2,0,0,0,0,0,0,0,0
1990,70,2,3,0,2,0,0,0,0,0
1990,34,2,0,0,0,1,195,5,40,0
1990,33,1,0,0,0,1,567,0,40,0
1990,46,1,0,0,0,0,853,0,99,0
1990,29,2,0,0,0,0,243,3,99,0
1990,39,1,0,3,3,1,259,1,40,1
1990,36,2,0,3,3,1,0,0,0,0
1990,38,1,0,0,0,1,64,4,45,0
1990,40,2,0,0,0,0,156,5,0,0
1990,50,1,0,0,0,0,17,4,40,0
1990,48,2,0,0,0,0,274,3,33,0
1990,19,2,1,0,0,0,265,3,30,0
1990,58,1,0,0,0,1,57,1,40,0
1990,55,2,0,0,0,0,0,0,0,0
1990,29,1,1,0,0,1,259,1,40,0
1990,39,1,0,0,0,1,549,4,46,0
1990,39,2,0,0,0,1,458,4,46,0
1990,19,2,1,0,0,1,903,6,15,0
1990,19,1,1,0,0,1,904,6,40,0
1990,20,2,1,0,2,0,905,6,18,0
1990,21,1,1,0,0,1,904,6,50,0
1990,20,1,1,0,0,1,904,6,40,0
1990,30,1,0,2,0,1,229,6,50,0
1990,28,2,0,0,0,0,385,5,30,0
1990,37,1,0,0,0,0,853,0,50,0
1990,36,2,0,0,0,1,308,3,0,0
1990,67,1,0,0,2,0,567,0,0,0
1990,68,2,0,0,0,0,253,4,0,0
1990,47,1,0,0,0,1,53,5,40,1
1990,49,2,0,0,0,1,157,5,35,1
1990,41,2,0,0,2,0,444,5,15,0
1990,39,1,0,0,0,0,417,6,44,0
1990,30,1,1,0,0,0,276,3,40,0
1990,45,1,1,1,0,0,436,3,0,0
1990,26,1,1,0,0,0,53,0,35,0
1990,20,2,1,0,0,1,446,5,40,0
1990,26,1,1,0,0,1,268,3,45,0
1990,28,1,1,0,0,0,355,2,45,0
1990,45,2,1,0,0,1,22,5,37,0
1990,38,2,1,0,0,1,105,5,40,0
1990,42,2,0,0,0,1,445,5,32,0
1990,34,1,0,1,0,1,228,5,50,0
1990,40,1,0,0,0,1,64,5,60,1
1990,34,2,0,0,0,1,229,4,0,0
1990,31,1,1,0,0,0,567,0,40,0
1990,64,1,0,0,0,0,423,6,0,0
1990,62,2,0,0,0,1,308,1,30,0
1990,33,1,3,0,0,1,213,0,40,0
1990,69,1,2,0,0,0,783,0,0,0
1990,34,1,0,0,0,0,477,0,50,0
1990,33,2,0,0,0,0,327,2,40,0
1990,63,1,0,0,2,1,84,6,40,1
1990,54,2,0,0,0,1,95,5,0,0
1990,66,1,0,0,0,0,844,5,40,0
1990,50,2,0,0,0,0,95,5,22,0
1990,19,1,1,0,0,0,877,3,40,0
1990,26,1,3,1,0,0,364,5,0,0
1990,55,2,3,0,0,0,356,2,35,0
1990,33,2,2,0,0,0,529,2,50,0
1990,29,1,1,0,0,0,435,3,35,0
1990,62,2,0,0,0,1,22,3,40,1
1990,62,1,0,0,0,1,27,3,40,1
1990,20,1,0,0,0,1,318,2,40,0
1990,19,2,0,0,0,1,0,0,0,0
1990,29,1,0,0,3,0,307,1,50,0
1990,28,2,0,0,0,0,468,5,0,0
1990,46,1,0,0,0,1,27,4,60,1
1990,46,2,0,0,0,1,318,2,0,0
1990,23,1,1,0,0,1,23,4,45,0
1990,21,1,1,0,0,1,869,0,0,0
1990,45,2,3,0,0,0,327,2,35,0
1990,78,2,3,0,0,0,0,0,0,0
1990,38,1,1,0,0,0,505,3,48,0
1990,23,2,1,0,0,0,163,5,35,0
1990,19,2,1,0,0,1,274,3,29,0
1990,49,1,0,0,0,1,25,4,35,1
1990,48,2,0,0,0,1,156,5,30,0
1990,21,1,1,0,0,1,23,4,40,0
1990,19,2,1,0,0,1,385,6,15,0
1990,78,2,3,0,0,0,0,0,0,0
1990,50,1,0,0,0,0,757,1,50,0
1990,50,2,0,0,0,0,7,4,40,0
1990,46,1,0,0,0,0,22,2,40,0
1990,39,2,0,0,0,1,27,5,0,0
1990,19,2,1,0,0,1,276,3,0,0
1990,46,1,0,0,0,1,14,5,40,0
1990,38,2,0,0,0,1,95,5,24,0
1990,78,1,0,0,2,0,0,0,0,1
1990,72,2,0,0,0,1,159,5,62,1
1990,26,2,1,0,0,1,389,3,40,0
1990,32,2,1,0,0,1,257,4,40,0
1990,27,2,1,0,0,1,23,5,40,0
1990,41,2,1,0,0,1,156,5,35,1
1990,53,2,2,0,0,1,156,5,38,0
1990,40,1,0,0,2,1,43,5,50,1
1990,39,2,0,0,0,1,137,5,6,0
1990,59,2,3,0,0,0,313,5,40,0
1990,39,1,1,0,0,0,533,2,0,0
1990,38,2,1,0,0,0,313,1,40,0
1990,33,1,2,0,0,1,213,4,40,0
1990,25,1,1,0,0,0,887,2,40,0
1990,33,2,1,0,0,1,359,2,40,0
1990,65,1,0,0,0,1,254,4,48,0
1990,62,2,0,0,0,1,254,4,48,0
1990,62,2,3,0,0,1,234,4,40,0
1990,43,1,0,0,2,1,167,5,20,0
1990,36,2,0,0,1,1,779,1,40,1
1990,77,2,3,0,2,0,0,0,0,0
1990,54,1,0,0,0,1,303,4,50,1
1990,50,2,0,0,0,1,0,0,0,0
1990,30,1,1,0,0,1,22,2,60,0
1990,26,2,1,0,0,1,27,4,40,0
1990,28,1,0,0,0,0,243,3,40,0
1990,43,2,0,0,2,0,458,4,0,0
1990,54,1,0,0,0,0,253,4,45,1
1990,49,2,0,0,0,0,379,5,0,0
1990,25,1,1,0,0,1,178,5,40,0
1990,23,1,1,0,0,1,486,0,0,0
1990,21,2,1,0,0,1,435,3,20,0
1990,49,2,2,0,0,0,259,1,50,0
1990,21,1,1,0,0,0,547,2,45,0
1990,66,1,0,3,3,1,0,0,0,0
1990,64,2,0,3,3,0,0,0,0,0
1990,50,1,0,0,0,1,257,1,40,1
1990,48,2,0,0,0,1,354,2,0,0
1990,23,1,1,0,0,1,503,2,50,0
1990,21,2,1,0,0,1,436,5,20,0
1990,49,1,0,0,0,1,243,3,50,0
1990,48,2,0,0,0,0,305,3,25,0
1990,18,1,1,0,0,0,459,5,40,0
1990,37,1,2,0,0,0,505,3,40,0
1990,61,2,2,0,2,0,439,3,40,0
1990,43,1,1,0,0,0,268,3,40,0
1990,63,1,0,0,0,0,585,0,15,0
1990,61,2,0,0,0,0,0,0,0,0
1990,33,1,1,0,0,0,774,4,7,0
1990,36,2,1,0,0,0,443,5,0,0
1990,35,1,3,3,3,1,177,5,2,0
1990,41,2,1,0,0,1,567,5,30,1
1990,53,1,0,0,0,1,195,3,40,1
1990,51,2,0,0,0,1,159,5,25,0
1990,49,1,3,0,0,1,25,4,50,1
1990,27,1,0,0,0,0,869,0,40,0
1990,25,2,0,0,0,0,458,4,55,0
1990,46,1,0,0,0,1,414,6,54,1
1990,45,2,0,0,0,0,313,5,40,0
1990,43,1,0,0,0,1,22,2,45,1
1990,41,2,0,0,2,0,22,3,40,0
1990,20,1,1,0,0,1,0,0,0,0
1990,51,1,0,0,0,1,259,1,20,0
1990,44,2,0,0,0,1,315,5,35,0
1990,22,1,1,0,0,1,156,5,28,0
1990,19,1,1,0,0,1,877,3,15,0
1990,63,1,0,0,0,0,727,1,0,0
1990,62,2,0,0,0,0,274,3,18,0
1990,53,1,0,0,0,1,337,6,35,0
1990,51,2,0,0,0,0,313,5,37,0
1990,21,1,1,0,0,0,889,4,20,0
1990,44,1,0,0,0,1,156,5,40,1
1990,42,2,0,0,0,1,254,4,60,0
1990,21,2,1,0,0,1,313,4,30,0
1990,18,2,1,0,0,1,313,4,30,0
1990,47,2,0,0,0,0,808,4,25,0
1990,53,1,0,0,0,0,486,6,40,0
1990,19,1,1,0,0,0,0,0,0,0
1990,72,2,3,0,0,0,343,3,11,0
1990,80,1,0,0,0,0,457,4,21,0
1990,63,2,0,0,2,1,95,5,0,0
1990,50,1,0,0,0,1,17,3,40,0
1990,46,2,0,0,0,1,259,1,40,0
1990,22,2,1,0,0,1,264,3,30,0
1990,18,1,1,0,0,0,774,4,10,0
1990,28,1,0,0,0,1,22,3,50,0
1990,25,2,0,0,0,1,313,1,37,0
1990,25,1,0,0,0,1,64,1,35,1
1990,27,2,0,0,0,1,337,3,40,0
1990,70,1,1,2,0,0,0,0,0,0
1990,18,1,1,0,1,0,486,0,10,0
1990,29,2,0,0,0,1,163,5,30,0
1990,32,1,0,0,0,1,8,3,40,1
1990,38,1,0,0,0,1,178,5,50,1
1990,37,2,0,0,0,1,188,4,10,0
1990,51,1,0,3,3,1,22,3,46,0
1990,46,2,0,3,3,1,313,3,40,0
1990,18,2,1,3,0,0,335,3,10,0
1990,62,1,0,0,0,1,96,3,45,0
1990,61,2,0,0,0,1,337,1,35,0
1990,57,1,0,3,3,1,235,1,45,1
1990,53,2,0,3,3,1,339,5,0,0
1990,61,1,0,0,0,0,565,0,40,0
1990,57,2,0,0,0,0,0,0,0,0
1990,24,1,1,0,0,1,0,0,0,0
1990,56,1,0,0,0,1,84,5,44,1
1990,53,2,0,0,0,1,313,5,20,0
1990,22,1,1,0,0,1,195,4,40,0
1990,58,2,3,0,0,0,313,5,37,0
1990,34,1,0,0,0,1,14,4,40,1
1990,34,2,0,0,0,1,167,5,15,0
1990,28,1,1,0,1,1,0,0,0,0
1990,26,1,1,0,0,1,55,1,50,0
1990,30,1,0,0,0,1,235,6,40,0
1990,31,2,0,0,0,1,18,4,40,0
1990,48,2,2,0,0,1,313,5,37,0
1990,33,1,0,0,4,1,22,5,40,1
1990,28,2,0,0,0,0,0,0,0,0
1990,42,1,0,0,2,1,9,3,40,1
1990,31,2,0,0,2,1,243,3,20,1
1990,48,1,0,0,0,1,84,5,50,0
1990,44,2,0,0,0,1,156,5,40,0
1990,33,2,1,0,0,0,337,3,40,0
1990,74,2,3,1,0,1,379,4,3,0
1990,57,2,3,1,1,1,95,5,40,0
1990,34,1,1,1,2,1,243,3,50,1
1990,31,2,1,1,2,1,185,1,40,1
1990,25,2,0,0,0,0,458,4,36,0
1990,28,1,0,0,0,1,558,0,30,0
1990,69,1,0,0,0,0,259,3,30,0
1990,61,2,0,0,0,1,337,4,35,0
1990,49,2,1,0,0,1,376,1,55,0
1990,72,1,3,0,0,1,303,4,35,1
1990,35,1,0,3,3,1,65,5,40,1
1990,36,2,0,3,3,1,235,5,20,0
1990,45,1,0,1,2,0,26,1,48,1
1990,39,2,0,1,0,1,157,5,45,0
1990,19,2,1,1,0,1,319,0,40,0
1990,57,1,1,0,3,1,22,1,0,0
1990,47,2,2,0,0,1,315,4,30,0
1990,47,1,0,0,2,1,64,5,45,1
1990,54,1,0,2,1,1,486,0,40,0
1990,51,2,0,2,1,1,779,1,40,0
1990,21,1,1,2,1,0,436,3,60,0
1990,20,1,1,2,1,0,439,4,60,0
1990,67,1,0,0,2,0,889,2,0,0
1990,65,2,0,0,0,1,447,5,40,0
1990,25,1,1,0,0,0,435,4,16,0
1990,49,1,0,0,2,0,579,0,40,0
1990,46,2,0,0,2,0,0,0,0,0
1990,24,2,1,0,0,1,37,5,35,0
1990,21,1,1,0,0,1,276,3,30,0
1990,38,1,0,0,0,1,14,5,60,1
1990,33,2,0,0,0,0,379,4,0,0
1990,70,1,0,0,2,0,418,6,35,0
1990,67,2,0,0,0,0,156,5,12,0
1990,58,1,0,0,0,0,243,3,40,0
1990,58,2,0,0,0,0,313,1,30,0
1990,48,1,0,0,0,0,889,2,40,0
1990,42,2,0,0,0,0,315,2,35,0
1990,59,1,0,0,0,0,453,6,40,0
1990,56,2,0,0,0,0,628,1,35,0
1990,24,1,1,0,0,1,386,1,35,0
1990,19,1,1,0,0,1,774,4,15,0
1990,30,1,0,0,0,1,178,5,50,0
1990,29,2,0,0,0,1,95,5,40,1
1990,37,2,0,0,0,1,379,1,0,0
1990,40,1,0,0,0,1,257,1,40,1
1990,53,2,0,0,0,1,167,5,8,0
1990,51,1,0,0,0,1,178,1,42,1
1990,20,1,1,0,0,1,439,3,40,0
1990,36,1,0,0,0,1,178,5,50,1
1990,34,2,0,0,0,1,0,0,0,0
1990,56,1,3,0,0,0,783,1,40,0
1990,22,1,1,0,0,0,643,5,40,0
1990,19,2,1,0,0,1,877,3,25,0
1990,25,1,1,0,0,0,356,4,0,0
1990,68,1,0,0,0,0,0,0,0,0
1990,70,2,0,0,0,0,0,0,0,0
1990,60,1,0,0,0,0,575,0,35,0
1990,63,2,0,0,0,0,338,5,20,0
1990,29,2,1,0,0,0,336,2,35,0
1990,34,1,0,0,0,1,355,2,45,0
1990,32,2,0,0,0,1,313,1,21,0
1990,66,2,2,0,0,0,0,0,0,0
1990,76,1,0,0,0,0,0,0,0,0
1990,79,2,0,0,0,0,0,0,0,0
1990,36,2,1,0,0,1,23,1,40,1
1990,43,1,0,0,0,0,307,2,48,0
1990,43,2,0,0,0,1,15,5,37,0
1990,68,1,0,0,2,0,22,3,40,0
1990,66,2,0,0,2,0,0,0,0,0
1990,52,1,0,0,0,1,316,5,36,1
1990,45,2,0,0,0,1,465,5,0,0
1990,51,1,0,0,2,0,0,0,0,0
1990,46,2,0,0,2,0,0,0,0,0
1990,25,2,1,0,0,1,785,3,0,0
1990,30,1,1,0,0,1,235,2,40,0
1990,64,1,0,0,0,1,178,5,40,0
1990,60,2,0,0,0,1,337,5,40,0
1990,49,2,0,1,0,0,453,4,0,0
1990,48,1,0,1,0,0,407,4,40,0
1990,46,1,0,0,0,0,809,2,40,0
1990,46,2,0,0,0,0,436,5,0,0
1990,33,2,2,1,0,1,185,1,40,0
1990,32,2,1,0,0,1,15,5,40,0
1990,33,1,0,0,0,0,804,2,40,0
1990,28,2,0,0,0,1,104,3,40,0
1990,78,2,3,0,0,0,0,0,0,0
1990,59,1,0,0,0,0,197,1,40,1
1990,53,2,0,0,0,0,22,1,40,0
1990,43,1,0,0,0,1,628,1,80,1
1990,39,2,0,0,1,1,95,5,40,0
1990,34,1,0,0,0,0,243,3,60,0
1990,28,2,0,0,0,1,22,3,0,0
1990,65,1,0,0,0,0,634,1,0,0
1990,72,2,0,0,0,0,313,4,0,0
1990,39,1,0,0,0,1,257,2,55,0
1990,40,2,0,0,0,1,197,2,40,0
1990,49,1,0,0,0,1,66,5,50,1
1990,41,2,0,0,0,1,463,2,30,0
1990,20,2,1,0,0,1,406,4,40,0
1990,41,1,0,0,0,0,869,0,40,0
1990,41,2,0,0,0,0,0,0,0,0
1990,20,2,1,0,0,0,318,2,45,0
1990,58,1,0,0,0,1,363,1,40,1
1990,58,2,0,0,0,0,337,3,40,0
1990,50,1,0,0,0,1,255,4,50,1
1990,48,2,0,0,0,1,254,4,15,0
1990,20,2,1,0,0,1,435,3,50,0
1990,46,1,0,0,2,0,436,3,70,0
1990,35,2,0,0,0,1,22,1,40,0
1990,39,2,2,0,0,1,379,5,40,0
1990,21,2,1,1,0,0,444,3,0,0
1990,73,1,0,0,0,1,22,1,0,1
1990,65,2,0,0,0,1,254,4,35,0
1990,73,2,0,0,0,0,0,0,0,0
1990,61,1,0,0,0,1,256,4,40,1
1990,60,2,0,0,0,0,0,0,0,0
1990,22,2,1,0,0,1,274,3,35,0
1990,76,1,0,0,0,1,0,0,0,1
1990,72,2,0,0,0,1,0,0,0,0
1990,73,2,3,0,0,1,0,0,0,0
1990,34,1,0,0,0,1,85,5,36,1
1990,30,2,0,0,0,1,37,3,0,0
1990,43,1,0,0,2,1,55,2,40,1
1990,38,2,0,0,0,1,0,0,0,0
1990,57,2,3,0,0,1,0,0,0,0
1990,62,2,1,0,0,1,174,5,35,0
1990,43,1,0,1,0,1,22,1,40,1
1990,38,2,0,0,0,1,9,1,40,0
1990,78,2,3,0,0,0,0,0,0,0
1990,30,2,1,0,0,1,503,2,55,0
1990,26,1,1,0,0,0,888,1,40,0
1990,47,1,2,0,1,0,628,1,40,0
1990,27,2,1,0,2,0,257,2,40,0
1990,28,1,0,0,1,0,407,4,40,0
1990,26,1,0,0,1,0,407,4,16,0
1990,34,1,0,0,0,1,337,2,60,0
1990,27,2,0,0,2,1,194,3,0,0
1990,42,1,0,0,2,0,17,3,60,0
1990,33,2,0,0,0,1,313,4,35,0
1990,55,1,0,0,0,1,256,4,50,1
1990,49,2,0,0,0,1,313,4,0,0
1990,23,1,1,0,0,1,55,0,40,0
1990,50,1,0,0,0,1,22,4,50,1
1990,48,2,0,0,0,1,25,4,25,0
1990,22,1,1,0,0,1,65,4,48,0
1990,56,1,0,0,0,1,426,4,60,0
1990,53,2,0,0,0,0,0,0,0,0
1990,27,2,1,0,0,1,95,4,40,0
1990,21,2,1,0,0,1,159,5,3,0
1990,68,2,2,0,2,1,0,0,0,0
1990,28,2,0,0,0,1,53,0,60,0
1990,28,1,0,0,0,1,185,0,45,0
1990,56,1,0,0,2,1,56,1,40,1
1990,64,2,0,0,0,0,453,5,0,0
1990,23,1,1,0,0,0,383,4,40,0
1990,52,1,0,0,0,1,159,6,40,1
1990,47,2,0,0,0,0,385,1,25,0
1990,22,1,1,0,0,1,189,5,10,0
1990,67,1,0,0,0,0,243,3,35,1
1990,66,2,0,0,0,0,0,0,0,0
1990,33,1,0,0,0,1,178,5,50,0
1990,32,2,0,0,0,1,13,4,40,0
1990,30,1,1,0,0,1,55,1,42,1
1990,77,2,1,0,0,1,379,5,0,0
1990,31,1,0,0,0,1,22,0,45,0
1990,31,2,0,0,0,0,0,0,0,0
1990,26,2,1,0,0,1,185,1,40,0
1990,35,2,1,1,0,0,207,5,35,0
1990,19,1,1,1,0,0,0,0,0,0
1990,39,1,1,1,0,0,97,5,35,0
1990,24,1,1,0,0,0,575,0,35,0
1990,27,1,0,2,1,0,313,3,17,0
1990,21,2,0,2,1,0,453,4,50,0
1990,24,2,1,0,0,1,174,5,35,0
1990,40,1,0,1,0,1,217,4,45,1
1990,36,2,0,3,3,1,25,4,30,0
1990,62,2,2,0,0,1,274,3,40,1
1990,64,2,1,0,0,0,22,1,0,0
1990,54,2,2,0,0,0,313,5,35,0
1990,21,1,1,0,0,0,357,5,3,0
1990,79,2,3,0,0,0,0,0,0,0
1990,48,2,1,0,0,1,23,1,40,0
1990,35,1,0,0,2,0,486,4,40,0
1990,33,2,0,0,0,0,467,5,15,0
1990,65,1,0,0,0,1,628,1,3,0
1990,61,2,0,0,2,0,748,5,40,0
1990,51,1,0,0,0,1,55,2,35,1
1990,44,2,0,0,0,1,174,5,36,0
1990,48,1,0,3,3,1,18,4,50,1
1990,41,2,0,3,3,1,0,0,0,0
1990,43,1,0,0,0,1,7,4,60,1
1990,41,2,0,0,0,1,379,4,0,0
1990,72,1,0,0,0,1,22,1,44,1
1990,67,2,0,0,0,1,185,4,40,0
1990,73,2,3,0,2,0,469,3,24,0
1990,71,2,1,0,0,0,0,0,0,0
1990,41,1,0,0,0,1,253,4,40,1
1990,41,2,0,0,0,1,14,5,60,1
1990,33,1,1,0,0,1,265,3,40,0
1990,40,1,0,0,0,1,154,5,60,0
1990,39,2,0,0,0,1,34,5,45,0
1990,53,1,0,0,0,1,53,5,60,1
1990,52,2,0,0,0,0,313,4,5,0
1990,24,2,1,0,0,1,253,4,35,1
1990,23,2,1,0,0,1,23,5,45,0
1990,20,1,1,0,0,0,438,3,15,0
1990,62,2,2,0,0,1,13,1,35,0
1990,56,2,0,0,0,1,156,5,36,1
1990,63,1,0,0,0,1,26,5,30,1
1990,36,1,3,0,0,1,256,4,60,1
1990,51,2,1,0,0,0,22,3,35,1
1990,33,1,0,0,0,1,13,4,40,1
1990,35,2,0,0,0,1,155,5,15,0
1990,50,1,0,0,4,1,318,2,40,0
1990,40,2,0,0,4,1,37,5,40,0
1990,24,2,1,0,4,0,406,4,40,0
1990,65,2,3,0,0,0,274,3,20,0
1990,41,2,2,0,0,1,37,1,40,0
1990,54,2,1,0,0,1,157,5,35,1
1990,58,1,0,0,2,0,436,3,0,0
1990,62,2,0,0,1,0,379,3,40,0
1990,68,1,0,1,0,0,889,2,0,0
1990,62,2,0,1,0,0,0,0,0,0
1990,47,1,0,1,0,1,575,2,40,0
1990,44,2,0,1,0,1,37,5,40,0
1990,23,1,1,1,0,1,424,6,45,0
1990,35,1,0,0,0,1,96,3,40,1
1990,31,2,0,0,0,1,95,5,10,0
1990,41,2,0,0,0,1,156,5,37,0
1990,43,1,0,0,0,1,56,0,50,0
1990,65,1,0,1,0,0,0,0,0,0
1990,64,2,0,1,0,1,0,0,0,0
1990,77,2,3,1,1,0,0,0,0,0
1990,30,1,1,0,0,1,55,5,35,0
1990,26,2,1,3,3,1,185,4,44,0
1990,72,2,3,0,0,1,0,0,0,0
1990,42,1,0,0,1,1,889,4,0,0
1990,39,2,0,0,1,1,407,4,40,0
1990,49,2,3,1,1,1,174,5,70,0
1990,36,1,0,0,0,1,7,4,40,0
1990,34,2,0,0,0,1,154,5,30,0
1990,33,1,0,0,2,1,25,4,50,1
1990,35,2,0,0,2,0,154,5,16,0
1990,21,1,1,0,0,1,856,2,40,0
1990,68,2,3,0,2,0,0,0,0,0
1990,43,2,1,0,2,1,337,4,21,0
1990,41,1,0,0,0,1,525,4,40,0
1990,41,2,0,0,0,1,315,5,20,0
1990,27,1,1,0,0,1,263,3,50,0
1990,46,1,0,0,2,0,579,1,45,1
1990,45,2,0,0,2,0,0,0,0,0
1990,18,1,1,0,0,0,175,4,30,0
1990,50,1,0,0,0,1,22,2,45,1
1990,47,2,0,0,0,1,27,4,35,0
1990,22,1,1,0,0,1,183,1,30,0
1990,64,2,1,0,0,1,22,0,70,0
1990,34,2,1,1,0,1,188,3,6,0
1990,31,1,3,0,0,1,195,2,50,1
1990,59,2,2,0,1,0,469,4,0,0
1990,26,1,1,0,1,1,229,4,40,0
1990,35,1,1,0,1,0,563,0,40,0
1990,26,1,3,0,1,0,486,0,40,0
1990,43,1,1,0,1,0,486,0,40,0
1990,20,1,1,0,1,0,486,0,45,0
1990,35,1,1,0,1,0,486,0,40,0
1990,32,1,0,0,0,1,263,3,46,1
1990,30,2,0,0,0,1,13,1,50,1
1990,42,2,2,0,0,1,23,1,41,0
1990,20,1,1,0,0,1,885,3,25,0
1990,37,1,0,0,2,0,514,4,40,0
1990,33,2,0,0,2,0,0,0,0,0
1990,47,2,0,0,0,1,243,3,40,1
1990,49,1,0,0,0,1,259,3,40,0
1990,78,2,0,0,0,1,0,0,0,0
1990,70,1,0,0,0,1,167,5,40,0
1990,68,2,0,0,0,1,84,5,37,0
1990,29,1,0,0,0,1,23,5,50,0
1990,25,2,0,0,0,1,25,4,40,0
1990,41,1,0,0,0,1,579,0,35,0
1990,40,2,0,0,0,1,387,5,35,0
1990,19,2,1,0,0,0,335,3,6,0
1990,47,1,0,0,0,1,22,3,40,1
1990,47,2,0,0,0,1,0,0,0,0
1990,21,1,1,0,0,1,889,3,40,0
1990,18,2,1,3,3,1,329,5,9,0
1990,47,2,2,0,0,1,64,4,40,0
1990,73,1,0,0,2,0,0,0,0,0
1990,67,2,0,0,2,0,0,0,0,0
1990,32,1,0,0,0,1,418,6,40,1
1990,31,2,0,0,0,1,385,5,7,0
1990,28,1,1,1,0,1,157,5,40,0
1990,56,1,0,1,0,1,14,5,40,0
1990,55,2,0,1,0,1,203,5,40,0
1990,24,1,1,1,0,1,234,5,40,0
1990,20,2,1,1,0,1,0,0,0,0
1990,40,1,1,1,0,0,804,3,43,0
1990,32,2,1,1,0,0,379,3,20,0
1990,49,2,3,1,0,0,575,2,40,0
1990,48,2,3,1,0,0,449,5,36,0
1990,22,2,1,1,0,0,313,5,0,0
1990,18,1,1,1,0,0,877,3,20,0
1990,40,1,0,0,1,0,213,1,60,0
1990,31,2,0,0,4,1,313,1,40,0
1990,30,1,0,0,2,1,869,0,40,0
1990,23,2,0,0,2,0,785,1,0,0
1990,30,1,0,0,0,1,229,4,36,0
1990,30,2,0,0,0,1,194,3,0,0
1990,73,1,0,0,2,0,686,3,0,1
1990,61,2,0,0,2,1,274,3,0,0
1990,42,1,0,1,0,1,165,5,70,0
1990,36,2,0,1,0,1,84,5,60,1
1990,26,2,0,1,1,0,447,5,0,0
1990,31,1,0,1,1,1,229,3,40,0
1990,33,1,1,1,0,1,379,2,35,0
1990,75,2,3,0,2,1,0,0,0,0
1990,29,1,0,0,0,1,418,6,40,0
1990,29,2,0,0,0,1,379,4,35,0
1990,48,1,0,0,0,1,8,3,45,1
1990,42,2,0,0,2,1,155,5,40,0
1990,60,2,1,0,2,1,27,1,40,1
1990,42,2,0,0,0,1,243,3,20,0
1990,40,1,0,0,0,1,178,5,50,1
1990,28,1,0,3,3,1,23,6,60,0
1990,28,2,0,3,3,1,95,5,40,0
1990,26,1,1,3,3,1,375,4,0,0
1990,70,1,0,0,2,1,0,0,0,0
1990,70,2,0,0,2,0,0,0,0,0
1990,49,2,2,0,0,1,313,0,37,0
1990,28,2,1,0,0,1,259,1,37,0
1990,27,2,1,0,0,1,22,0,35,0
1990,68,1,0,0,0,1,167,5,35,0
1990,60,2,0,0,0,1,195,2,0,0
1990,34,1,0,0,0,1,197,1,45,1
1990,34,2,0,0,0,1,0,0,0,0
1990,76,2,3,0,0,1,0,0,0,0
1990,69,1,0,0,0,0,567,0,40,0
1990,66,2,0,0,0,0,274,3,25,0
1990,41,2,1,0,0,1,37,5,40,0
1990,37,1,0,3,3,1,235,5,40,0
1990,36,2,0,3,3,1,0,0,0,0
1990,58,1,0,0,0,0,575,0,40,1
1990,55,2,0,0,0,0,22,2,30,0
1990,51,1,0,0,0,0,417,6,0,0
1990,51,2,0,0,0,0,243,3,40,0
1990,53,2,0,0,0,0,0,0,0,0
1990,57,1,0,0,0,1,26,5,60,1
1990,79,2,3,0,0,1,0,0,0,0
1990,62,2,0,0,0,1,22,1,35,0
1990,65,1,0,0,0,1,0,0,0,0
1990,38,1,1,0,0,1,254,4,45,0
1990,37,1,2,0,0,1,0,0,0,0
1990,68,2,1,0,0,1,154,5,15,0
1990,43,1,0,0,3,0,254,4,40,0
1990,45,2,0,0,3,0,95,5,30,0
1990,47,1,2,0,2,1,17,3,40,1
1990,67,2,1,0,0,1,156,5,40,1
1990,55,2,3,0,0,0,313,3,35,0
1990,28,2,1,0,0,0,27,4,40,0
1990,21,1,1,0,0,1,534,3,40,0
1990,68,1,0,0,2,0,363,1,0,0
1990,67,2,0,0,2,0,0,0,0,0
1990,26,2,3,0,2,1,389,5,40,0
1990,37,1,1,0,0,0,0,0,0,0
1990,30,1,0,0,2,1,486,4,40,0
1990,23,2,0,0,0,1,467,5,0,0
1990,19,1,1,0,0,1,426,5,20,0
1990,30,1,0,0,0,0,418,6,40,0
1990,29,2,0,0,0,0,0,0,0,0
1990,80,2,3,0,0,0,0,0,0,0
1990,19,1,1,0,0,1,0,0,0,0
1990,21,1,1,0,0,1,0,0,0,0
1990,18,1,1,0,0,1,0,0,0,0
1990,72,1,0,0,0,1,85,5,30,1
1990,62,2,0,0,2,1,313,5,37,0
1990,49,1,0,0,0,1,178,5,50,1
1990,47,2,0,0,0,1,274,3,0,0
1990,72,2,3,0,0,1,0,0,0,0
1990,60,2,3,0,0,1,167,5,40,1
1990,30,1,1,0,0,0,426,4,40,0
1990,50,1,0,3,3,1,785,1,40,0
1990,46,2,0,3,3,0,785,1,32,0
1990,21,1,1,3,3,1,274,3,20,0
1990,69,2,3,0,0,0,0,0,0,0
1990,29,2,0,2,0,0,0,0,0,0
1990,35,1,0,2,0,0,436,5,36,0
1990,79,2,3,0,2,0,0,0,0,0
1990,58,2,1,1,0,0,0,0,0,0
1990,24,2,1,1,0,0,468,5,40,0
1990,37,1,0,0,0,0,505,3,45,0
1990,30,2,0,0,0,1,22,5,45,0
1990,64,1,0,0,0,0,637,1,40,0
1990,63,2,0,0,0,0,0,0,0,0
1990,20,1,1,0,0,0,877,3,35,0
1990,48,1,2,1,0,1,628,1,40,0
1990,43,1,2,0,0,0,266,3,60,0
1990,57,2,1,0,0,1,22,5,35,0
1990,59,1,0,0,2,0,303,5,43,0
1990,63,2,0,0,2,0,446,5,35,0
1990,27,2,0,0,0,1,804,2,40,0
1990,30,1,0,0,0,1,274,3,0,0
1990,71,2,3,0,0,0,0,0,0,0
1990,41,2,3,0,0,0,276,3,20,0
1990,66,2,3,0,0,0,0,0,0,0
1990,50,2,1,0,0,1,22,3,35,0
1990,67,1,3,0,0,0,0,0,0,0
1990,33,2,2,0,0,0,373,3,40,0
1990,26,1,2,0,0,0,763,1,40,0
1990,73,2,1,0,0,0,0,0,0,0
1990,25,2,1,0,0,0,274,3,40,0
1990,47,1,0,0,0,0,375,4,40,0
1990,46,2,0,0,0,0,323,3,0,0
1990,22,2,1,0,0,0,0,0,0,0
1990,19,2,1,0,0,1,0,0,0,0
1990,39,1,0,0,0,0,18,4,40,0
1990,36,2,0,0,0,0,308,5,40,0
1990,78,1,0,0,0,1,0,0,0,0
1990,76,2,0,0,0,1,0,0,0,0
1990,74,2,3,0,0,0,0,0,0,0
1990,69,2,3,0,0,0,379,1,0,0
1990,33,2,3,0,0,1,22,1,40,0
1990,24,2,1,0,0,1,319,5,35,0
1990,56,2,0,0,0,0,327,3,40,0
1990,57,1,0,0,0,1,55,2,60,1
1990,39,2,3,0,2,0,243,3,10,0
1990,60,1,0,0,0,0,453,1,40,0
1990,71,2,0,0,0,0,0,0,0,0
1990,80,2,3,0,2,0,0,0,0,0
1990,50,1,0,0,2,1,14,5,40,1
1990,49,2,0,0,0,1,95,5,0,0
1990,22,1,1,0,0,1,163,5,35,0
1990,20,2,1,0,0,1,319,5,15,0
1990,58,1,0,0,0,0,356,5,35,0
1990,50,2,0,0,0,0,379,5,35,0
1990,25,2,1,0,0,1,313,5,0,0
1990,22,1,1,0,0,1,276,3,40,0
1990,75,1,0,0,0,0,0,0,0,0
1990,67,2,0,0,0,1,156,5,40,0
1990,69,1,0,0,2,1,877,3,20,0
1990,63,1,0,0,0,1,243,4,35,0
1990,62,2,0,0,0,1,0,0,0,0
1990,23,2,1,0,0,1,375,4,40,0
1990,33,1,1,0,2,1,354,2,45,0
1990,68,1,0,0,2,1,22,2,35,0
1990,67,2,0,0,2,0,0,0,0,0
1990,32,1,0,2,1,1,809,2,94,0
1990,32,2,0,2,1,1,0,0,0,0
1990,67,1,0,0,0,1,53,5,20,1
1990,60,2,0,0,0,0,0,0,0,0
1990,66,2,2,0,0,1,159,5,35,0
1990,67,2,3,1,0,0,407,4,0,0
1990,29,1,0,0,0,1,243,3,63,0
1990,25,2,0,0,0,1,363,1,38,0
1990,71,1,0,0,0,1,157,5,40,0
1990,73,2,0,0,0,1,0,0,0,0
1990,33,1,0,0,0,1,185,4,50,0
1990,29,2,0,0,0,1,259,1,43,0
1990,37,1,0,0,0,0,365,2,40,1
1990,32,2,0,0,0,1,313,4,35,0
1990,48,1,0,0,0,1,22,1,50,1
1990,38,2,0,0,0,1,95,5,12,0
1990,61,1,3,0,0,0,514,4,40,0
1990,21,2,1,0,0,0,0,0,0,0
1990,66,2,2,0,1,0,407,4,40,0
1990,21,1,1,0,0,1,806,3,30,0
1990,50,1,0,0,0,1,243,1,60,1
1990,43,2,0,0,0,1,318,2,10,0
1990,45,1,0,0,0,1,65,0,20,0
1990,42,2,0,0,2,1,254,4,10,0
1990,75,1,0,0,3,0,255,4,0,0
1990,70,2,0,0,3,0,0,0,0,0
1990,36,1,0,0,0,1,178,5,5,1
1990,34,2,0,0,0,1,18,4,12,0
1990,45,2,3,2,1,0,405,4,40,0
1990,37,1,0,0,0,1,18,4,45,1
1990,30,2,0,0,0,1,178,5,35,0
1990,64,2,2,0,0,1,22,4,50,0
1990,42,1,0,0,2,1,7,4,60,1
1990,41,2,0,0,0,1,53,0,40,1
1990,29,1,2,0,0,1,255,4,50,1
1990,29,2,2,0,0,1,22,3,40,0
1990,69,2,3,0,2,1,84,5,38,1
1990,66,1,0,0,0,1,23,5,40,1
1990,63,2,0,0,0,1,0,0,0,0
1990,40,1,0,0,0,1,23,4,50,1
1990,36,2,0,0,0,1,0,0,0,0
1990,54,1,0,0,0,1,156,5,30,0
1990,55,2,0,0,2,0,14,5,20,0
1990,25,1,1,0,0,1,547,2,40,0
1990,22,1,1,0,0,1,228,2,40,0
1990,46,2,0,0,0,1,159,5,6,0
1990,47,1,0,0,0,1,13,4,65,1
1990,18,2,1,0,0,0,319,4,16,0
1990,28,2,0,0,0,1,204,5,0,0
1990,30,1,0,0,0,1,178,5,55,1
1990,52,1,0,0,2,1,22,3,40,1
1990,48,2,0,0,0,1,22,3,32,0
1990,71,2,3,0,0,0,274,3,40,0
1990,38,2,2,0,0,1,257,5,40,1
1990,37,1,0,0,0,1,64,1,40,0
1990,36,2,0,0,0,1,425,6,17,0
1990,67,2,0,0,0,1,0,0,0,0
1990,71,1,0,0,0,1,259,3,0,0
1990,50,2,2,0,0,1,253,4,60,1
1990,23,1,1,0,0,1,25,3,25,0
1990,20,2,1,0,0,0,375,4,30,0
1990,57,1,2,0,0,0,266,3,40,0
1990,79,2,3,0,2,0,0,0,0,0
1990,43,2,0,0,0,1,22,4,60,0
1990,41,1,0,0,0,1,167,5,20,0
1990,60,1,0,0,0,0,22,1,45,1
1990,55,2,0,3,0,1,337,3,40,0
1990,33,2,1,3,0,0,824,2,40,0
1990,52,1,0,0,0,1,59,5,60,1
1990,52,2,0,0,0,1,23,1,35,0
1990,23,1,1,0,0,1,376,3,60,0
1990,21,1,1,0,0,1,427,5,40,0
1990,53,1,0,3,3,1,154,5,40,1
1990,46,2,0,3,3,1,313,0,0,0
1990,33,1,0,0,1,0,567,4,44,0
1990,31,2,0,0,1,0,466,5,0,0
1990,50,1,0,0,3,0,647,1,60,1
1990,40,2,0,0,3,1,313,5,12,0
1990,38,1,0,0,0,1,84,5,60,1
1990,36,2,0,0,2,1,84,5,30,1
1990,51,1,0,0,0,1,85,5,50,1
1990,49,2,0,0,0,1,95,5,8,0
1990,20,2,1,0,0,0,427,5,45,0
1990,62,1,0,0,4,1,84,5,50,1
1990,55,2,0,0,4,0,356,4,0,0
1990,24,1,1,0,4,1,264,3,20,0
1990,44,1,0,0,0,1,43,5,50,1
1990,44,2,0,0,0,1,156,5,35,0
1990,19,2,1,0,0,1,274,5,30,0
1990,45,2,0,0,3,1,18,4,25,0
1990,44,1,0,0,2,0,278,1,25,0
1990,69,2,3,1,0,0,447,5,35,0
1990,32,1,0,1,0,1,529,3,40,0
1990,31,2,0,1,0,1,337,5,37,0
1990,58,1,0,0,2,0,657,1,60,1
1990,54,2,0,0,0,0,0,0,0,0
1990,28,1,1,0,0,0,575,3,70,0
1990,26,1,1,0,0,1,235,4,50,0
1990,27,2,1,0,0,1,313,6,55,0
1990,37,1,0,3,3,1,447,5,60,1
1990,38,2,0,3,3,1,95,5,32,1
1990,34,1,1,3,3,1,26,5,20,0
1990,30,1,1,3,3,1,27,4,40,0
1990,24,2,1,3,3,1,154,5,20,0
1990,60,2,2,3,3,0,0,0,0,0
1990,72,1,2,0,0,1,178,5,35,1
1990,55,1,0,0,0,1,85,5,40,1
1990,51,2,0,0,0,1,215,5,30,0
1990,44,1,0,0,0,1,7,4,40,1
1990,42,2,0,0,0,1,156,5,40,0
1990,41,1,0,0,0,1,178,5,40,1
1990,41,2,0,0,0,1,185,4,20,0
1990,50,1,0,0,0,1,185,4,50,0
1990,42,2,0,0,2,1,243,3,48,0
1990,78,2,0,0,2,0,17,3,30,1
1990,43,1,0,3,3,1,84,5,46,1
1990,42,2,0,3,3,1,208,5,46,1
1990,53,1,0,0,0,1,259,3,57,1
1990,52,2,0,0,0,1,313,5,40,0
1990,19,2,1,0,0,0,435,3,15,0
1990,56,1,0,3,0,1,13,3,40,1
1990,60,2,0,0,0,1,313,5,35,0
1990,37,1,0,0,2,1,22,3,60,0
1990,36,2,0,0,2,1,84,5,55,1
1990,37,1,0,0,0,1,18,4,55,1
1990,37,2,0,0,0,1,0,0,0,0
1990,36,1,0,3,3,1,84,5,60,1
1990,37,2,0,3,3,0,95,5,0,0
1990,45,2,0,3,3,0,0,0,0,0
1990,38,1,0,3,3,0,276,3,40,0
1990,67,1,0,0,0,1,156,5,30,1
1990,63,2,0,0,0,0,385,4,40,0
1990,33,1,1,0,0,1,243,3,50,0
1990,31,2,1,0,0,1,29,3,40,0
1990,30,2,1,0,0,0,274,3,40,0
1990,77,2,3,0,0,0,0,0,0,0
1990,67,1,0,0,2,0,435,4,16,0
1990,47,2,0,0,0,0,156,5,15,0
1990,18,1,1,0,2,0,0,0,0,0
1990,58,1,0,0,2,0,474,0,45,0
1990,52,2,0,0,2,0,727,1,13,0
1990,60,1,0,0,2,0,22,1,40,1
1990,55,2,0,0,0,1,0,0,0,0
1990,44,1,0,0,0,1,25,5,40,0
1990,39,2,0,0,0,1,385,5,0,0
1990,68,1,0,0,0,0,6,6,0,0
1990,56,2,0,0,0,0,313,4,30,0
1990,32,2,1,0,0,0,37,4,35,0
1990,18,2,1,0,0,0,0,0,0,0
1990,67,1,0,0,2,1,27,6,0,0
1990,65,2,0,0,0,0,0,0,0,0
1990,36,1,1,0,0,0,339,2,40,0
1990,60,1,0,0,0,0,0,0,0,0
1990,53,2,0,0,0,0,447,5,40,0
1990,33,1,0,0,0,0,875,2,40,0
1990,29,2,0,0,0,1,0,0,0,0
1990,46,1,0,0,0,0,229,4,38,1
1990,44,2,0,0,0,0,375,4,0,0
1990,60,1,0,0,2,0,883,2,40,0
1990,66,2,0,0,2,0,0,0,0,0
1990,24,1,1,0,0,1,53,0,20,0
1990,22,1,1,0,0,1,438,3,20,0
1990,58,1,0,0,0,1,413,6,40,1
1990,52,2,0,0,0,0,319,5,22,0
1990,32,2,1,0,0,1,255,4,40,0
1990,29,1,1,0,0,1,27,4,40,1
1990,21,2,1,0,0,1,264,3,40,0
1990,79,2,3,0,0,0,0,0,0,0
1990,64,1,0,0,2,0,865,5,40,0
1990,59,2,0,0,0,1,444,5,25,0
1990,28,2,1,0,2,1,22,4,55,0
1990,27,2,1,0,0,1,22,4,50,1
1990,26,1,0,0,0,1,84,5,80,0
1990,23,2,0,0,0,1,95,5,40,0
1990,50,2,0,0,0,0,376,4,37,0
1990,54,1,0,0,0,0,17,3,60,1
1990,59,2,3,0,0,0,379,1,35,0
1990,64,1,0,0,0,0,22,5,0,0
1990,63,2,0,0,0,0,0,0,0,0
1990,22,1,1,0,0,1,22,3,40,0
1990,47,1,0,1,0,1,23,2,35,1
1990,46,2,0,1,0,1,25,4,0,0
1990,57,1,2,0,0,1,23,6,40,1
1990,75,1,3,0,0,1,0,0,0,0
1990,64,2,3,0,2,0,337,5,40,0
1990,43,1,2,0,0,1,575,0,45,1
1990,41,1,3,2,1,1,23,5,40,0
1990,44,1,0,0,0,1,203,5,40,0
1990,43,2,0,3,3,0,796,1,40,0
1990,18,1,1,0,0,0,0,0,0,0
1990,42,1,2,1,1,0,719,1,50,0
1990,45,1,1,1,1,0,264,3,40,0
1990,77,1,0,0,0,0,0,0,0,0
1990,72,2,0,0,0,0,0,0,0,0
1990,30,1,0,0,0,1,25,4,45,0
1990,31,2,0,0,0,1,174,5,16,0
1990,69,1,3,0,0,0,357,4,20,1
1990,63,1,0,0,0,1,23,5,35,1
1990,61,2,0,0,0,0,0,0,0,0
1990,32,1,1,0,0,1,364,3,40,0
1990,68,2,3,0,0,0,0,0,0,0
1990,32,1,1,0,0,0,543,0,40,0
1990,28,1,1,0,0,0,543,1,40,0
1990,38,1,0,0,0,1,377,6,35,1
1990,38,2,0,0,0,1,308,4,35,1
1990,39,1,0,0,0,1,178,5,60,1
1990,38,2,0,0,0,1,27,5,20,0
1990,80,1,1,0,0,0,0,0,0,0
1990,53,2,3,0,0,1,466,5,20,0
1990,30,1,1,0,0,1,23,1,40,0
1990,29,2,1,0,0,1,95,5,50,1
1990,24,2,1,0,0,1,23,5,45,0
1990,22,1,1,0,0,1,23,5,40,0
1990,21,1,1,0,0,1,7,4,20,0
1990,74,2,3,0,0,0,0,0,0,0
1990,37,1,1,0,0,0,355,2,44,0
1990,76,1,3,0,0,0,0,0,0,0
1990,54,1,1,0,0,0,453,4,40,0
1990,80,2,2,0,0,0,0,0,0,0
1990,27,2,0,0,0,0,383,4,37,0
1990,27,1,0,0,0,0,7,6,40,1
1990,70,1,0,0,0,0,734,1,0,0
1990,63,2,0,0,0,0,785,5,30,0
1990,23,1,1,0,0,1,454,4,0,0
1990,31,1,0,0,0,1,418,6,60,0
1990,29,2,0,0,0,1,348,5,16,0
1990,41,2,0,0,0,0,21,5,0,0
1990,43,1,0,0,0,0,577,2,0,0
1990,55,2,2,0,0,0,174,5,40,0
1990,25,1,0,0,0,1,254,4,40,0
1990,24,2,0,0,0,1,156,5,40,0
1990,27,2,1,0,0,0,383,4,40,0
1990,18,2,1,0,0,0,243,4,20,0
1990,28,2,1,0,0,1,156,5,30,0
1990,71,1,3,0,0,0,389,6,0,0
1990,64,1,0,0,0,0,628,1,40,0
1990,60,2,0,0,0,0,274,3,36,0
1990,27,1,1,0,0,0,875,2,40,0
1990,27,2,1,0,0,1,378,4,40,0
1990,58,1,0,0,0,0,844,0,0,0
1990,60,2,0,0,0,0,315,6,40,0
1990,31,2,1,0,0,1,315,3,37,0
1990,44,1,0,0,1,1,486,4,40,0
1990,32,2,0,0,0,0,274,3,25,0
1990,77,1,0,0,0,0,0,0,0,0
1990,71,2,0,0,0,0,0,0,0,0
1990,52,1,0,0,0,1,243,4,42,1
1990,50,2,0,0,0,0,313,5,0,0
1990,25,2,1,0,0,1,159,5,44,0
1990,22,1,1,0,0,1,453,5,45,0
1990,20,2,1,0,0,1,363,1,30,0
1990,65,2,3,0,0,0,469,4,2,0
1990,65,2,3,0,0,1,274,3,22,0
1990,38,1,0,0,0,1,22,4,60,1
1990,38,2,0,0,0,1,158,6,0,0
1990,55,1,0,0,3,1,22,2,12,1
1990,54,2,0,0,0,1,0,0,0,0
1990,21,1,1,0,3,1,22,2,40,0
1990,57,2,1,0,0,0,0,0,0,0
1990,55,1,0,0,0,0,436,3,45,1
1990,50,2,0,0,0,0,276,3,35,0
1990,67,2,3,0,1,1,156,5,30,1
1990,34,2,1,0,0,1,5,6,0,0
1990,31,1,1,0,0,0,0,0,0,0
1990,70,2,3,0,0,1,0,0,0,0
1990,59,1,0,1,1,0,18,4,40,0
1990,58,2,0,1,1,0,0,0,0,0
1990,39,2,3,1,4,1,98,5,36,0
1990,30,2,1,1,0,1,95,5,45,0
1990,28,1,1,1,0,1,276,3,40,0
1990,26,1,1,1,0,1,208,5,30,0
1990,21,1,3,1,1,1,213,2,40,0
1990,57,1,1,1,4,0,0,0,0,0
1990,76,2,1,1,0,0,303,4,0,0
1990,37,1,2,1,4,1,84,5,70,0
1990,30,1,1,1,4,1,447,5,40,0
1990,64,1,0,2,0,0,453,5,40,0
1990,52,2,0,2,0,1,156,5,35,0
1990,35,2,1,2,0,0,276,0,0,0
1990,34,2,1,2,0,1,0,0,0,0
1990,25,1,1,0,0,0,567,0,35,0
1990,68,1,0,0,0,0,0,0,0,0
1990,68,2,0,0,0,0,0,0,0,0
1990,38,2,1,0,0,0,628,2,40,0
1990,74,1,0,0,2,0,804,2,35,0
1990,68,2,0,0,0,0,337,5,0,0
1990,47,1,0,0,2,1,64,4,40,1
1990,41,2,0,0,0,0,257,2,40,0
1990,36,1,0,3,3,1,15,5,35,1
1990,35,2,0,3,3,1,203,5,35,0
1990,39,1,0,0,0,1,418,6,40,1
1990,35,2,0,0,0,1,274,3,16,0
1990,42,1,1,0,0,0,558,0,40,0
1990,75,2,3,0,0,1,0,0,0,0
1990,37,1,1,0,0,0,508,2,40,0
1990,62,1,0,0,2,0,453,1,60,0
1990,65,2,0,0,2,0,315,5,0,0
1990,26,1,1,0,0,1,229,4,40,0
1990,22,2,1,0,0,1,37,5,20,0
1990,73,1,0,0,0,0,0,0,0,0
1990,59,2,0,0,0,0,266,3,35,0
1990,24,1,1,0,0,1,23,5,60,0
1990,72,1,0,0,0,1,259,3,40,1
1990,66,2,0,0,0,0,0,0,0,0
1990,61,1,0,0,0,1,423,6,40,0
1990,61,2,0,0,0,0,376,4,20,0
1990,72,2,3,0,0,0,0,0,0,0
1990,44,2,1,0,0,1,22,2,35,0
1990,29,1,1,0,0,0,496,0,40,0
1990,25,1,1,0,0,1,496,0,40,0
1990,28,1,1,0,0,0,453,5,40,0
1990,29,2,1,0,0,0,378,6,40,0
1990,50,2,2,0,0,1,313,1,40,0
1990,25,2,1,0,0,1,159,5,0,0
1990,23,2,1,0,0,1,243,3,35,0
1990,20,1,1,0,0,1,426,3,40,0
1990,55,1,0,0,0,0,257,0,40,0
1990,53,2,0,0,0,0,243,4,35,0
1990,23,1,1,0,0,0,595,0,40,0
1990,67,1,0,0,0,0,414,6,0,0
1990,68,2,0,0,0,0,0,0,0,0
1990,42,2,2,0,0,0,22,2,40,0
1990,41,1,2,0,0,0,589,3,35,0
1990,63,2,2,0,2,0,0,0,0,0
1990,30,1,1,0,0,1,243,3,40,0
1990,50,1,0,0,0,1,553,2,40,1
1990,53,2,0,0,0,1,14,5,40,0
1990,22,1,1,0,0,1,435,5,30,0
1990,19,2,1,0,0,1,264,3,12,0
1990,19,2,1,1,0,0,744,4,40,0
1990,36,2,1,1,0,0,0,0,0,0
1990,30,1,1,1,0,1,595,0,40,0
1990,24,2,0,0,0,1,159,5,35,0
1990,36,1,0,0,4,1,14,5,50,0
1990,51,2,0,0,0,1,156,5,33,0
1990,46,1,0,0,0,0,426,4,50,0
1990,22,1,1,0,0,1,235,3,40,0
1990,57,1,0,0,0,0,243,3,40,0
1990,53,2,0,0,2,0,425,6,20,0
1990,70,1,0,0,0,1,259,3,7,0
1990,69,2,0,0,0,1,0,0,0,0
1990,74,1,0,0,0,1,25,4,30,1
1990,66,2,0,0,0,0,0,0,0,0
1990,61,1,0,0,0,1,22,4,30,1
1990,60,2,0,0,0,1,0,0,0,1
1990,47,2,2,0,0,1,157,5,40,1
1990,42,1,0,0,0,1,337,1,40,0
1990,38,2,0,0,0,1,157,5,30,0
1990,64,1,0,0,0,1,198,2,50,1
1990,59,2,0,0,0,0,0,0,0,0
1990,24,2,1,0,0,0,274,3,10,0
1990,48,1,0,0,0,1,259,1,40,1
1990,40,2,0,0,0,1,22,4,50,1
1990,45,1,3,0,0,1,22,2,70,1
1990,45,1,0,0,0,1,178,5,60,1
1990,45,2,0,0,4,1,22,4,45,0
1990,40,2,1,0,0,1,313,2,40,0
1990,43,1,0,3,3,1,243,3,50,0
1990,43,2,0,3,3,1,254,4,0,0
1990,51,1,0,0,1,0,22,2,60,1
1990,41,2,0,0,0,0,313,1,50,0
1990,26,2,1,0,0,0,0,0,0,0
1990,25,2,3,0,0,1,264,3,0,0
1990,62,1,3,0,0,1,23,5,35,1
1990,61,2,0,0,0,0,0,0,0,0
1990,64,1,0,0,0,0,464,4,40,0
1990,26,2,1,0,0,0,255,4,45,0
1990,63,1,0,0,0,0,417,6,40,1
1990,64,2,0,0,0,0,313,4,21,0
1990,49,2,2,1,0,0,447,5,40,0
1990,68,2,3,0,0,0,0,0,0,0
1990,35,1,0,3,3,1,748,4,40,0
1990,37,2,0,3,3,1,319,5,24,0
1990,40,1,1,0,0,1,599,0,40,0
1990,36,2,3,0,0,1,95,5,44,0
1990,46,1,0,0,0,1,22,4,40,1
1990,43,2,0,0,0,1,379,5,40,0
1990,33,2,1,0,0,1,185,1,40,0
1990,68,1,0,0,0,0,558,0,40,1
1990,66,2,0,0,0,0,0,0,0,0
1990,54,1,0,0,0,1,178,5,45,1
1990,46,2,0,0,2,1,194,4,40,0
1990,19,1,1,0,0,0,453,6,30,0
1990,47,1,0,0,0,1,156,5,70,1
1990,46,2,0,0,0,1,156,5,35,0
1990,58,1,0,0,0,1,185,1,35,1
1990,49,2,0,0,2,0,0,0,0,0
1990,52,1,0,0,0,1,255,4,40,1
1990,46,2,0,0,0,1,105,5,28,0
1990,18,2,1,0,0,0,276,3,13,0
1990,66,2,3,0,0,0,313,5,37,0
1990,62,1,0,1,0,1,0,0,0,0
1990,61,2,0,1,0,0,425,6,20,0
1990,36,1,0,0,0,1,23,4,46,0
1990,35,2,0,0,0,1,95,5,8,0
1990,66,1,0,0,0,0,0,0,0,0
1990,61,2,0,0,0,0,0,0,0,0
1990,41,1,1,0,0,0,628,1,40,0
1990,36,1,3,0,0,0,877,3,40,0
1990,36,1,0,0,0,1,375,4,40,0
1990,35,2,0,0,0,1,0,0,0,0
1990,52,2,1,3,1,0,407,4,40,0
1990,42,2,0,0,0,0,337,4,40,0
1990,44,1,0,0,0,1,156,5,40,1
1990,74,1,0,0,0,0,274,3,26,0
1990,72,2,0,0,0,1,0,0,0,0
1990,66,1,0,0,0,1,29,3,40,1
1990,63,2,0,0,0,1,156,5,35,0
1990,75,1,0,0,0,1,259,3,50,1
1990,70,2,0,0,0,0,313,5,40,0
1990,37,1,0,0,0,1,23,5,60,1
1990,35,2,0,0,0,1,0,0,0,0
1990,41,2,2,0,0,1,22,4,40,0
1990,44,2,2,0,0,1,22,3,40,0
1990,18,1,1,0,0,0,426,5,40,0
1990,66,1,0,0,0,1,808,2,20,0
1990,68,2,0,0,0,0,276,3,19,0
1990,35,2,1,0,0,1,64,1,40,0
1990,61,1,3,0,0,1,159,5,40,0
1990,49,1,0,0,2,0,22,0,55,0
1990,37,2,0,0,0,0,208,5,40,0
1990,44,2,0,0,0,1,163,5,45,1
1990,56,1,0,0,0,1,22,4,40,1
1990,19,1,1,0,0,1,175,4,40,0
1990,55,1,0,0,0,0,505,4,50,0
1990,44,2,0,0,0,1,0,0,0,0
1990,44,1,0,0,0,1,255,4,40,1
1990,44,2,0,0,0,0,0,0,0,0
1990,25,2,1,0,0,1,318,2,40,0
1990,22,2,1,0,0,1,313,4,40,0
1990,19,2,1,0,0,1,315,4,0,0
1990,40,1,0,0,0,1,375,4,35,0
1990,33,2,0,0,0,1,105,5,12,0
1990,57,1,0,0,2,0,547,3,40,0
1990,59,2,0,0,2,0,666,4,0,0
1990,64,1,0,0,0,0,579,5,0,0
1990,68,2,0,0,0,0,426,4,0,0
1990,22,1,1,0,0,1,7,4,37,0
1990,44,2,2,0,0,1,313,3,45,0
1990,27,1,1,0,0,1,486,0,40,0
1990,46,1,0,0,0,1,426,5,40,1
1990,44,2,0,0,0,0,313,5,36,0
1990,27,1,0,0,0,0,259,3,50,0
1990,29,2,0,0,0,0,343,4,40,0
1990,50,1,0,0,0,1,85,5,50,1
1990,36,2,0,0,0,1,0,0,0,0
1990,44,1,0,0,0,1,154,5,45,1
1990,47,2,0,0,0,1,95,5,40,1
1990,53,1,0,0,0,0,785,1,40,0
1990,43,2,0,0,0,1,276,3,5,0
1990,70,1,0,0,0,0,0,0,0,0
1990,66,2,0,0,0,0,754,1,40,0
1990,78,2,0,0,0,0,0,0,0,0
1990,75,1,0,0,0,0,678,5,16,0
1990,30,1,0,0,0,1,23,5,35,0
1990,31,2,0,0,0,1,159,4,40,0
1990,62,2,3,0,0,0,0,0,0,0
1990,31,1,0,0,0,0,505,3,45,0
1990,30,2,0,0,0,0,274,3,10,0
1990,48,1,0,0,0,1,523,3,35,0
1990,46,2,0,2,1,0,376,2,40,0
1990,80,1,0,2,1,0,0,0,0,0
1990,19,1,1,0,0,1,0,0,0,0
1990,61,2,3,0,0,0,796,1,38,0
1990,26,2,1,0,0,1,313,5,35,0
1990,23,1,1,0,0,1,53,5,50,0
1990,71,1,0,0,0,1,0,0,0,0
1990,71,2,0,0,0,1,0,0,0,0
1990,66,1,3,0,0,0,0,0,0,0
1990,60,2,3,0,0,0,628,1,40,0
1990,30,1,1,0,0,1,243,3,50,0
1990,57,2,3,0,0,1,254,4,48,1
1990,41,1,0,0,0,1,303,4,60,0
1990,41,2,0,0,0,1,156,5,35,0
1990,61,2,3,0,0,0,744,1,35,0
1990,40,2,3,0,0,0,337,3,45,0
1990,19,1,1,0,0,0,17,3,48,0
1990,59,1,0,0,0,0,229,4,35,1
1990,58,2,0,0,0,1,0,0,0,0
1990,69,1,0,0,0,1,628,1,40,1
1990,63,2,0,0,0,0,274,3,0,0
1990,53,1,0,0,0,0,22,2,40,1
1990,53,2,0,0,0,0,0,0,0,0
1990,24,1,1,0,0,1,23,5,10,0
1990,20,2,1,0,0,0,385,2,40,0
1990,47,2,0,0,0,1,22,6,20,0
1990,50,1,0,0,0,1,567,0,45,1
1990,27,1,1,0,0,1,418,6,44,0
1990,50,1,0,0,3,0,25,4,0,1
1990,52,2,0,0,3,0,0,0,0,0
1990,29,1,1,0,3,0,0,0,0,0
1990,23,2,3,0,3,1,0,0,0,0
1990,33,1,0,0,0,1,417,6,42,1
1990,35,2,0,0,0,1,0,0,0,0
1990,43,1,0,0,0,0,453,6,40,0
1990,43,2,0,0,0,0,458,4,0,0
1990,21,2,1,0,0,1,337,3,40,0
1990,56,2,0,0,0,1,174,5,40,0
1990,64,1,0,0,0,1,14,5,0,0
1990,26,1,1,0,0,1,274,3,45,0
1990,50,1,0,1,0,1,15,5,35,1
1990,53,2,0,1,0,0,21,5,35,0
1990,29,1,0,0,0,1,188,1,65,0
1990,29,2,0,0,0,1,95,5,40,0
1990,42,1,0,3,3,0,567,0,40,0
1990,42,2,0,3,3,0,0,0,0,0
1990,59,1,0,0,0,1,22,6,40,1
1990,57,2,0,0,0,1,386,6,35,0
1990,27,2,1,0,0,1,229,4,45,0
1990,27,1,0,0,0,0,498,0,55,0
1990,62,2,0,0,0,0,0,0,0,0
1990,34,2,1,0,0,0,64,1,40,0
1990,34,1,0,0,0,1,17,3,50,0
1990,33,2,0,0,0,1,0,0,0,0
1990,64,1,0,0,0,1,686,3,0,0
1990,61,2,0,0,0,1,95,5,0,0
1990,25,1,1,0,0,0,558,0,40,0
1990,24,1,1,0,0,1,64,4,40,0
1990,66,1,0,0,0,0,188,4,20,0
1990,66,2,0,0,0,0,274,3,30,0
1990,35,2,2,0,0,1,188,1,40,0
1990,68,2,0,0,0,0,0,0,0,0
1990,70,1,0,0,0,0,0,0,0,0
1990,32,1,1,0,0,0,379,5,40,0
1990,33,1,2,0,0,0,567,0,40,0
1990,25,2,1,0,0,1,243,3,40,0
1990,19,2,1,0,0,0,348,2,40,0
1990,31,1,1,0,0,1,213,2,40,0
1990,68,2,3,0,0,1,313,5,40,0
1990,34,2,0,0,0,1,418,6,50,0
1990,33,1,0,0,0,1,658,3,40,0
1990,63,1,0,0,0,0,259,3,20,1
1990,54,2,0,0,0,0,0,0,0,0
1990,29,1,1,0,0,1,23,5,40,0
1990,28,1,1,0,0,1,376,1,20,0
1990,35,2,0,0,0,1,22,1,35,0
1990,35,1,0,0,0,0,459,5,35,0
1990,73,2,3,0,0,0,0,0,0,0
1990,43,1,1,0,0,0,636,1,0,0
1990,69,2,3,0,2,0,313,5,0,0
1990,46,1,0,0,0,0,253,4,40,1
1990,44,2,0,0,0,0,379,5,18,0
1990,22,2,1,0,0,1,155,5,35,0
1990,72,1,3,0,0,0,0,0,0,0
1990,61,1,0,0,0,0,343,3,35,0
1990,60,2,0,0,0,0,276,3,20,0
1990,31,1,2,0,0,1,43,5,35,0
1990,73,2,3,0,0,1,0,0,0,0
1990,44,1,0,0,0,0,628,3,50,1
1990,42,2,0,0,0,1,156,5,35,0
1990,36,1,0,0,4,1,259,3,35,1
1990,32,2,0,0,4,1,313,4,0,0
1990,68,1,0,0,0,0,804,3,0,0
1990,66,2,0,0,0,0,0,0,0,0
1990,41,1,1,0,0,0,785,1,0,0
1990,63,1,0,0,0,0,637,5,37,0
1990,61,2,0,0,0,0,389,4,37,0
1990,70,2,2,0,0,0,549,4,40,1
1990,30,1,3,1,0,0,365,1,40,0
1990,63,1,0,0,0,0,22,0,40,1
1990,62,2,0,0,0,0,0,0,0,0
1990,29,2,1,0,0,1,315,1,40,0
1990,32,1,0,0,0,1,22,4,40,1
1990,30,2,0,0,0,1,24,4,0,0
1990,32,1,0,0,1,1,216,5,40,0
1990,35,2,0,0,1,0,453,5,40,0
1990,69,2,3,0,1,0,0,0,0,0
1990,35,2,2,0,0,1,259,1,40,0
1990,67,2,3,0,0,0,0,0,0,0
1990,31,2,1,0,0,0,356,3,37,0
1990,27,1,1,0,0,0,696,1,40,0
1990,28,1,1,0,0,1,453,4,40,0
1990,27,2,1,0,0,1,804,2,50,0
1990,69,1,0,0,0,0,0,0,0,0
1990,65,2,0,0,0,0,0,0,0,0
1990,40,1,2,0,2,1,809,2,40,0
1990,51,1,0,1,0,0,453,4,40,0
1990,40,2,0,1,0,1,379,6,33,0
1990,20,2,1,1,0,1,7,4,40,0
1990,43,1,0,0,0,1,53,0,40,1
1990,42,2,0,0,0,1,0,0,0,0
1990,62,2,3,0,2,0,259,3,25,1
1990,60,2,3,0,2,0,0,0,0,0
1990,42,1,1,0,0,1,418,6,40,0
1990,55,2,1,0,0,1,95,5,40,0
1990,32,2,1,0,3,1,376,4,35,0
1990,35,1,0,0,1,0,486,0,55,0
1990,37,2,0,0,1,0,405,4,30,0
1990,18,1,1,0,1,0,486,0,55,0
1990,37,1,3,0,1,0,486,0,32,0
1990,68,1,3,0,0,1,22,4,30,1
1990,29,1,1,0,0,1,486,6,40,0
1990,28,2,1,0,0,0,274,3,45,0
1990,26,2,1,0,0,1,313,5,55,0
1990,23,2,1,0,0,1,23,5,40,0
1990,39,1,1,0,0,1,407,4,55,0
1990,72,1,0,0,0,0,485,0,40,0
1990,71,2,0,0,0,0,17,5,0,0
1990,42,2,0,0,0,1,0,0,0,0
1990,43,1,0,3,3,1,84,5,80,1
1990,62,2,3,3,3,0,0,0,0,0
1990,36,1,0,3,3,1,84,5,80,0
1990,30,2,0,3,3,1,0,0,0,0
1990,42,1,0,0,0,0,18,4,40,1
1990,42,2,0,0,2,0,0,0,0,0
1990,74,2,3,0,0,0,0,0,0,0
1990,76,1,3,0,0,0,0,0,0,0
1990,19,1,1,0,0,1,426,4,30,0
1990,18,1,1,1,0,1,436,3,40,0
1990,71,1,0,0,0,0,303,6,10,0
1990,66,2,0,0,0,0,0,0,0,0
1990,69,1,0,0,3,0,0,0,0,0
1990,59,2,0,0,0,0,808,5,28,0
1990,30,2,1,0,0,1,313,5,40,0
1990,27,1,1,0,0,0,464,2,60,0
1990,22,1,1,0,0,1,889,1,40,0
1990,48,1,1,0,0,1,0,0,0,0
1990,46,1,0,0,0,1,418,6,40,1
1990,45,2,0,0,0,1,276,3,0,0
1990,19,2,1,0,0,1,255,4,40,0
1990,59,2,0,0,0,0,384,1,25,0
1990,58,1,0,0,0,1,27,4,37,0
1990,42,2,1,0,0,1,157,5,50,0
1990,32,1,0,0,1,0,804,3,40,0
1990,24,2,0,0,0,0,0,0,0,0
1990,47,1,0,0,0,1,25,4,40,1
1990,43,2,0,0,0,1,0,0,0,0
1990,42,1,0,0,0,1,23,4,60,1
1990,43,2,0,0,0,1,243,3,0,0
1990,48,1,0,0,0,1,22,3,55,1
1990,49,2,0,0,0,0,0,0,0,0
1990,43,1,0,0,2,1,22,1,50,1
1990,39,2,0,0,0,1,174,5,20,0
1990,77,1,0,3,3,1,234,5,40,0
1990,76,2,0,3,3,1,0,0,0,0
1990,49,2,1,3,3,1,85,5,48,0
1990,48,2,1,3,3,1,22,5,60,1
1990,45,2,1,3,3,1,84,5,44,1
1990,39,2,1,3,3,1,85,5,46,1
1990,34,2,1,3,3,1,85,4,40,0
1990,48,1,3,0,0,1,22,1,55,1
1990,62,2,0,0,0,1,777,5,17,0
1990,62,1,0,0,0,1,243,3,35,1
1990,48,1,0,0,2,1,243,2,55,0
1990,45,2,0,0,2,1,95,5,50,0
1990,64,1,0,0,0,1,217,4,55,0
1990,59,2,0,0,0,0,0,0,0,0
1990,43,1,0,0,1,0,637,1,40,0
1990,35,2,0,0,0,1,274,3,21,0
1990,38,1,0,0,0,1,178,5,48,1
1990,38,2,0,0,0,1,95,5,15,0
1990,34,1,0,0,0,1,84,5,60,1
1990,30,2,0,0,0,1,104,5,40,0
1990,56,2,0,0,0,1,22,3,30,0
1990,61,1,0,0,0,1,313,3,40,0
1990,25,2,1,0,0,1,313,5,40,0
1990,46,1,0,0,0,1,156,5,40,1
1990,45,2,0,0,0,1,195,1,30,0
1990,35,2,0,0,0,1,0,0,0,0
1990,35,1,0,0,0,1,85,5,46,1
1990,31,2,1,0,0,1,375,4,35,0
1990,70,1,0,0,0,0,0,0,0,0
1990,68,2,0,0,0,0,0,0,0,0
1990,52,1,2,0,0,1,883,1,35,0
1990,43,1,0,1,1,1,575,6,40,0
1990,40,2,0,1,1,1,229,4,40,0
1990,74,2,0,1,0,0,0,0,0,0
1990,56,1,0,1,0,1,426,5,15,0
1990,51,2,0,1,0,1,174,6,35,0
1990,49,1,2,1,0,0,783,6,0,0
1990,23,1,1,1,0,1,883,2,40,0
1990,25,2,1,1,0,0,276,3,0,0
1990,50,1,0,1,0,0,808,2,40,0
1990,49,2,0,1,0,1,156,5,15,0
1990,19,1,1,1,0,1,774,4,30,0
1990,18,1,1,0,0,1,267,3,20,0
1990,70,1,0,0,0,0,266,3,20,0
1990,71,2,0,0,0,0,0,0,0,0
1990,47,2,2,2,0,0,447,5,36,0
1990,26,2,3,2,0,0,796,1,40,0
1990,22,2,1,2,0,0,308,4,35,0
1990,31,1,1,0,0,0,577,2,70,0
1990,30,2,2,0,0,0,14,5,35,0
1990,33,1,0,1,0,0,243,3,70,1
1990,29,2,0,1,0,1,356,4,45,0
1990,43,2,0,0,0,0,313,6,34,0
1990,34,1,0,0,0,0,523,5,38,0
1990,72,1,3,1,0,0,0,0,0,0
1990,27,1,3,0,0,1,549,1,45,0
1990,27,1,3,0,0,1,156,5,45,0
1990,37,1,0,1,1,1,23,6,37,0
1990,37,2,0,1,1,0,344,5,50,0
1990,30,2,0,0,1,0,436,3,35,0
1990,38,1,0,0,1,0,379,1,40,0
1990,37,1,0,0,1,0,23,4,40,0
1990,32,2,0,0,1,0,444,3,40,0
1990,48,1,0,0,1,1,208,5,40,0
1990,34,2,0,0,1,0,769,1,60,0
1990,40,2,0,0,1,0,254,4,36,0
1990,34,1,0,0,1,0,443,3,40,0
1990,46,1,0,1,0,0,0,0,0,0
1990,37,2,0,1,0,0,0,0,0,0
1990,44,1,0,1,0,0,424,6,37,0
1990,45,2,0,1,0,1,7,4,37,0
1990,21,1,0,1,0,1,265,3,30,0
1990,62,1,3,1,0,0,243,3,0,0
1990,27,1,1,1,4,0,505,4,42,0
1990,29,2,1,0,0,1,22,3,45,0
1990,31,1,1,0,0,1,13,1,50,0
1990,51,2,0,1,1,1,95,5,0,0
1990,50,1,0,1,1,1,98,5,35,0
1990,68,2,3,0,0,1,0,0,0,0
1990,30,2,1,0,0,1,197,5,40,0
1990,64,1,0,0,0,1,26,5,37,1
1990,62,2,0,0,0,1,0,0,0,0
1990,32,1,2,0,0,1,229,4,40,0
1990,33,1,0,0,0,1,423,6,40,0
1990,30,2,0,0,0,1,335,5,16,0
1990,61,1,2,0,0,1,243,3,40,0
1990,25,1,1,0,0,1,276,3,40,0
1990,78,2,3,0,0,1,0,0,0,0
1990,57,2,2,0,0,0,0,0,0,0
1990,51,1,3,0,0,1,22,3,50,1
1990,34,2,2,0,0,1,263,3,40,0
1990,62,1,3,0,2,0,434,3,40,0
1990,75,2,3,0,0,1,0,0,0,0
1990,56,1,0,0,0,0,417,6,40,1
1990,55,2,0,0,0,0,274,3,25,0
1990,76,1,0,0,0,0,0,0,0,0
1990,66,2,0,0,0,0,313,6,0,0
1990,66,1,1,0,0,0,804,1,55,0
1990,61,2,1,0,0,1,22,1,35,1
1990,53,1,3,1,0,0,426,4,0,0
1990,62,1,3,0,0,1,13,4,24,1
1990,51,2,3,0,0,1,7,4,0,0
1990,21,2,1,0,0,1,264,3,15,0
1990,25,2,1,0,0,1,386,4,0,0
1990,44,1,0,0,0,0,529,2,40,0
1990,38,2,0,0,0,0,0,0,0,0
1990,58,2,2,0,0,0,283,4,16,0
1990,23,1,1,0,0,0,877,3,40,0
1990,35,1,1,0,0,0,0,0,0,0
1990,40,1,0,0,0,0,276,3,40,0
1990,33,2,0,0,0,0,0,0,0,0
1990,40,2,3,0,1,1,156,5,50,1
1990,61,1,0,0,0,0,637,1,40,0
1990,57,2,0,0,0,0,313,4,30,0
1990,26,1,1,0,0,1,734,1,40,0
1990,32,1,0,0,0,1,229,4,35,0
1990,28,2,0,0,0,1,525,4,40,0
1990,50,2,0,0,0,0,436,3,8,0
1990,57,1,0,0,0,0,529,2,40,0
1990,32,1,0,0,0,0,558,0,40,1
1990,32,2,0,0,0,0,218,5,13,0
1990,44,1,0,0,0,1,23,5,45,1
1990,43,2,0,0,0,1,335,5,0,0
1990,19,1,1,0,0,1,877,3,0,0
1990,52,1,0,0,0,0,653,1,35,1
1990,51,2,0,0,0,0,338,5,25,0
1990,50,1,0,0,0,0,577,2,40,0
1990,49,2,0,0,0,0,0,0,0,0
1990,43,1,0,0,0,1,544,0,35,0
1990,39,2,0,0,0,1,313,5,30,0
1990,40,1,0,0,0,1,188,4,50,0
1990,40,2,0,0,0,1,379,3,35,0
1990,29,1,1,0,0,1,187,2,40,0
1990,52,1,0,0,0,1,376,2,40,0
1990,44,2,0,0,0,0,257,2,20,0
1990,22,1,1,0,0,0,869,0,35,0
1990,19,1,1,0,0,1,274,4,20,0
1990,80,2,3,0,0,0,0,0,0,0
1990,63,1,0,0,0,1,174,5,0,0
1990,57,2,0,0,0,0,337,3,35,0
1990,23,1,1,0,0,1,549,3,40,0
1990,22,1,1,0,0,1,505,4,40,0
1990,45,1,0,0,2,0,567,0,60,0
1990,39,2,0,0,2,0,0,0,0,0
1990,70,1,0,0,0,1,0,0,0,0
1990,70,2,0,0,0,0,0,0,0,0
1990,55,2,3,0,0,0,0,0,0,0
1990,64,1,0,0,2,1,877,3,20,0
1990,63,2,0,0,0,0,0,0,0,0
1990,34,1,1,0,0,1,243,3,40,0
1990,29,1,1,0,0,1,877,3,40,0
1990,37,1,0,0,0,0,418,6,40,1
1990,35,2,0,0,0,0,0,0,0,0
1990,46,1,0,0,0,1,64,1,48,1
1990,45,2,0,0,0,0,0,0,0,0
1990,19,1,1,0,0,1,877,3,0,0
1990,42,1,0,0,0,1,259,3,40,0
1990,39,2,0,0,0,1,337,3,45,0
1990,54,1,0,0,2,0,686,3,32,0
1990,54,2,0,0,2,0,327,2,0,0
1990,26,2,1,0,0,1,313,5,37,0
1990,34,1,0,0,0,1,22,1,40,1
1990,37,2,0,0,0,1,64,4,40,0
1990,45,1,0,0,0,1,167,5,63,1
1990,44,2,0,0,0,0,259,3,40,0
1990,18,2,1,0,0,0,274,3,20,0
1990,35,1,0,0,0,1,89,5,60,1
1990,41,2,0,0,0,1,159,5,30,0
1990,41,1,0,0,2,1,657,3,40,0
1990,46,2,0,0,0,0,376,4,32,0
1990,25,1,1,0,0,0,657,1,40,0
1990,22,2,1,0,0,1,33,2,16,0
1990,20,2,1,0,0,1,383,4,16,0
1990,51,1,0,0,0,1,7,4,35,0
1990,51,2,0,0,0,1,5,6,40,0
1990,22,1,1,0,0,1,264,3,47,0
1990,69,2,3,0,0,0,274,3,0,0
1990,39,1,1,0,0,0,567,0,35,0
1990,50,1,0,0,0,1,156,5,40,1
1990,44,2,0,0,0,1,156,5,40,0
1990,35,1,0,0,0,1,274,3,45,1
1990,37,2,0,0,0,1,0,0,0,0
1990,62,1,0,0,0,1,796,1,40,0
1990,54,2,0,0,0,1,337,4,35,0
1990,24,1,1,0,0,1,255,4,40,0
1990,34,1,0,0,0,1,418,6,42,0
1990,34,2,0,0,0,1,318,2,0,0
1990,26,2,3,0,0,1,156,5,50,0
1990,26,1,3,0,0,1,217,2,40,0
1990,69,1,0,0,0,0,0,0,0,0
1990,66,2,0,0,0,0,337,3,20,0
1990,64,1,0,0,0,0,0,0,0,0
1990,62,2,0,0,0,0,0,0,0,0
1990,36,1,1,0,0,1,22,5,35,0
1990,33,1,1,0,0,0,785,1,80,0
1990,67,1,0,0,0,1,156,5,30,1
1990,68,2,0,0,0,1,0,0,0,0
1990,50,2,2,0,0,1,303,2,45,0
1990,41,2,0,0,0,1,95,5,40,0
1990,47,1,0,0,4,0,809,2,70,1
1990,18,2,1,0,0,0,487,0,40,0
1990,55,2,0,0,0,1,318,2,33,1
1990,58,1,0,0,0,1,259,3,65,1
1990,25,1,1,0,0,1,34,5,40,0
1990,67,2,3,0,0,0,649,1,40,0
1990,62,2,3,0,0,1,0,0,0,0
1990,29,2,1,0,0,1,178,5,45,0
1990,40,1,0,0,0,1,715,1,40,0
1990,40,2,0,0,0,1,0,0,0,0
1990,52,1,0,0,0,1,354,2,40,0
1990,42,2,0,0,0,1,303,5,37,0
1990,42,2,1,0,0,0,0,0,0,0
1990,47,2,0,0,0,0,313,5,35,0
1990,46,1,0,0,0,1,426,4,37,0
1990,21,2,1,0,0,1,25,3,25,0
1990,19,2,1,0,0,1,313,4,25,0
1990,49,1,0,0,0,1,628,2,35,1
1990,49,2,0,0,0,1,174,5,50,0
1990,24,2,1,0,0,1,438,3,28,0
1990,73,2,3,0,0,0,0,0,0,0
1990,43,1,0,0,0,0,529,2,80,0
1990,38,2,0,0,0,1,313,5,37,0
1990,38,1,0,0,0,1,17,3,45,0
1990,35,2,0,0,0,1,375,4,20,0
1990,47,1,0,0,0,0,14,5,40,0
1990,45,2,0,0,0,0,379,5,10,0
1990,21,1,1,0,0,0,785,1,40,0
1990,64,1,0,0,0,0,734,1,37,0
1990,60,2,0,0,0,0,274,3,37,0
1990,48,1,2,0,0,1,22,0,50,1
1990,63,1,0,0,0,1,426,4,0,0
1990,56,2,0,0,0,0,0,0,0,0
1990,34,2,1,0,0,0,195,1,35,0
1990,23,1,1,0,0,1,418,6,40,0
1990,46,2,2,0,2,0,7,4,40,0
1990,78,2,0,0,2,0,0,0,0,0
1990,41,2,3,2,0,0,379,1,0,0
1990,18,1,1,1,0,0,0,0,0,0
1990,20,1,1,1,0,0,357,4,99,0
1990,44,2,2,2,0,0,0,0,0,0
1990,51,2,3,1,0,0,0,0,0,0
1990,25,1,3,1,0,1,628,1,40,0
1990,33,1,0,0,0,0,449,5,35,0
1990,41,2,0,0,0,0,335,5,0,0
1990,20,2,1,0,0,0,313,6,40,0
1990,41,2,1,2,0,1,316,5,35,0
1990,19,1,1,2,0,0,779,1,30,0
1990,28,1,3,2,0,0,356,4,40,0
1990,27,1,1,1,0,0,869,0,40,0
1990,30,2,1,1,0,0,0,0,0,0
1990,21,2,0,1,0,0,426,5,0,0
1990,24,1,0,1,0,0,877,6,40,0
1990,35,2,3,2,0,0,0,0,0,0
1990,35,2,0,2,0,0,465,5,60,0
1990,38,1,0,2,0,0,453,5,40,0
1990,39,1,0,2,0,1,356,5,40,0
1990,34,2,0,2,0,1,774,4,37,0
1990,56,2,1,1,0,0,389,6,0,0
1990,33,2,1,1,0,0,0,0,0,0
1990,54,2,2,0,0,0,444,5,40,0
1990,30,1,1,0,0,0,789,4,0,0
1990,36,1,0,2,0,0,888,1,40,0
1990,39,2,0,2,0,1,337,5,38,0
1990,69,2,3,2,0,0,0,0,0,0
1990,42,2,0,1,0,0,426,6,0,0
1990,67,1,0,1,0,0,0,0,0,0
1990,50,2,2,0,0,0,0,0,0,0
1990,28,1,3,0,0,0,33,5,32,0
1990,49,2,3,0,0,1,354,2,40,0
1990,29,2,1,0,0,1,0,0,0,0
1990,54,2,3,2,0,0,0,0,0,0
1990,49,2,0,1,0,0,379,6,35,0
1990,43,1,0,1,0,0,889,3,45,0
1990,32,1,1,1,0,0,0,0,0,0
1990,28,2,0,2,0,0,0,0,0,0
1990,28,1,0,2,0,0,734,1,0,0
1990,67,2,3,1,0,0,877,1,15,0
1990,38,2,2,1,0,1,303,4,34,0
1990,48,2,3,1,0,0,315,5,0,0
1990,22,2,1,1,0,0,316,6,30,0
1990,25,2,1,2,0,0,276,3,30,0
1990,30,2,1,0,0,0,0,0,0,0
1990,39,2,1,1,0,0,869,0,0,0
1990,18,2,1,1,0,0,276,5,0,0
1990,24,2,3,0,1,0,0,0,0,0
1990,32,2,0,2,0,0,0,0,0,0
1990,31,1,0,2,1,0,0,0,0,0
1990,20,1,1,2,1,0,0,0,0,0
1990,19,2,1,2,4,0,0,0,0,0
1990,20,2,1,0,0,1,435,5,35,0
1990,25,1,0,2,0,1,883,3,40,0
1990,23,2,0,2,0,1,313,5,40,0
1990,49,2,3,2,0,0,0,0,0,0
1990,20,1,1,2,0,0,453,3,30,0
1990,25,1,1,2,0,0,453,1,40,0
1990,58,1,0,1,0,1,0,0,0,0
1990,47,2,0,1,0,0,0,0,0,0
1990,23,2,1,1,0,1,383,4,35,0
1990,59,1,0,1,0,1,0,0,0,0
1990,57,2,0,1,0,1,387,5,20,0
1990,34,1,3,1,0,0,579,5,40,0
1990,40,1,0,1,0,0,0,0,0,0
1990,37,2,0,1,0,0,385,4,0,0
1990,33,1,1,1,0,0,0,0,0,0
1990,46,2,3,1,0,0,0,0,0,0
1990,20,2,1,1,0,0,276,3,40,0
1990,23,1,1,1,0,0,259,3,48,0
1990,54,1,0,0,0,0,368,1,40,0
1990,48,2,0,0,1,0,0,0,0,0
1990,27,2,3,0,4,1,313,4,40,0
1990,74,2,3,0,4,0,0,0,0,0
1990,18,2,1,0,4,1,0,0,0,0
1990,46,1,0,2,0,0,0,0,0,0
1990,51,2,0,2,1,0,0,0,0,0
1990,20,2,1,2,0,1,0,0,0,0
1990,19,2,1,2,0,1,274,5,20,0
1990,46,1,3,2,0,0,0,0,0,0
1990,50,1,0,2,0,0,567,0,40,0
1990,65,2,0,2,0,0,0,0,0,0
1990,36,1,1,2,0,0,0,0,0,0
1990,33,2,3,2,0,0,0,0,0,0
1990,41,1,1,2,0,0,364,2,37,0
1990,29,2,1,2,0,0,0,0,0,0
1990,19,2,1,2,1,0,0,0,0,0
1990,31,2,1,2,1,0,447,5,40,0
1990,32,1,1,2,1,0,453,4,35,0
1990,78,2,2,1,0,0,348,4,20,0
1990,33,2,2,2,0,0,426,5,35,0
1990,28,2,3,1,0,0,315,4,0,0
1990,35,2,1,0,2,0,319,1,0,0
1990,61,2,3,0,4,0,448,4,40,0
1990,30,2,3,1,0,1,174,5,35,0
1990,26,2,1,1,0,1,235,1,40,0
1990,63,1,3,2,0,0,784,1,0,0
1990,59,2,3,2,0,0,779,1,0,0
1990,38,1,0,1,1,0,549,1,40,0
1990,32,2,0,1,1,0,447,5,50,0
1990,67,2,3,1,0,0,0,0,0,0
1990,28,2,1,1,0,1,379,6,35,0
1990,42,1,3,1,0,0,667,4,40,0
1990,76,2,3,0,2,0,444,3,30,0
1990,58,2,2,1,0,1,173,6,37,0
1990,68,2,2,2,0,0,0,0,0,0
1990,28,2,1,2,0,0,276,3,40,0
1990,26,2,1,1,0,0,276,3,37,0
1990,34,2,1,2,0,0,0,0,0,0
1990,42,2,3,0,0,0,0,0,0,0
1990,18,2,1,0,0,0,436,3,0,0
1990,24,2,1,0,0,0,777,3,35,0
1990,66,1,2,0,0,1,0,0,0,0
1990,30,1,0,2,1,1,243,3,40,0
1990,35,2,0,2,1,0,785,1,0,0
1990,25,1,1,1,4,0,809,2,35,0
1990,32,2,1,1,1,0,348,3,40,0
1990,33,2,1,3,4,0,0,0,0,0
1990,63,2,3,2,1,0,0,0,0,0
1990,19,2,1,1,1,0,0,0,0,0
1990,34,1,1,1,3,0,889,1,0,0
1990,20,1,1,1,4,0,0,0,0,0
1990,40,2,1,2,0,0,0,0,0,0
1990,48,2,3,0,1,0,406,4,40,0
1990,24,2,1,0,1,1,264,3,16,0
1990,30,1,1,0,1,1,888,1,40,0
1990,26,1,1,0,1,0,276,3,0,0
1990,53,1,0,1,0,0,453,3,40,0
1990,46,2,0,1,0,0,379,1,40,0
1990,28,1,1,1,0,0,364,1,40,0
1990,26,1,3,1,0,0,357,5,40,0
1990,29,1,2,1,0,1,0,0,0,0
1990,39,2,3,1,0,0,447,4,36,0
1990,21,2,1,1,0,1,383,4,35,0
1990,49,2,2,1,1,0,0,0,0,0
1990,40,1,0,0,1,1,435,3,40,0
1990,42,2,0,0,1,0,0,0,0,0
1990,19,2,1,0,1,1,276,3,0,0
1990,41,1,0,2,0,0,779,1,40,0
1990,43,2,0,2,0,0,0,0,0,0
1990,40,2,3,2,0,0,308,5,40,0
1990,19,1,1,2,0,0,21,5,0,0
1990,20,1,1,2,0,0,426,4,0,0
1990,49,1,3,2,0,1,8,1,0,0
1990,35,1,0,3,1,1,549,1,40,0
1990,33,2,0,3,1,0,383,4,40,0
1990,43,1,3,1,0,0,869,0,40,0
1990,44,1,3,1,0,0,355,2,40,0
1990,34,2,3,1,4,0,0,0,0,0
1990,28,2,3,2,0,0,0,0,0,0
1990,46,1,0,2,0,0,448,4,40,0
1990,38,2,0,2,0,0,0,0,0,0
1990,19,1,1,0,0,0,436,3,35,0
1990,27,1,0,1,0,0,37,3,12,0
1990,26,2,0,1,0,1,313,0,40,0
1990,37,2,3,1,0,0,453,4,26,0
1990,39,2,3,0,0,0,0,0,0,0
1990,23,1,0,0,0,0,889,3,0,0
1990,19,1,0,0,0,0,0,0,0,0
1990,26,2,3,1,1,0,458,4,35,0
1990,41,2,2,1,1,0,447,5,56,0
1990,54,1,1,2,0,0,0,0,0,0
1990,32,1,1,1,0,0,804,2,40,0
1990,32,2,1,1,0,0,383,4,40,0
1990,31,2,3,1,0,0,446,5,64,0
1990,78,2,3,1,0,0,0,0,0,0
1990,41,2,1,1,0,1,335,6,0,0
1990,20,2,1,1,0,0,264,3,30,0
1990,32,1,0,2,1,0,22,2,40,0
1990,24,2,0,2,1,1,0,0,0,0
1990,65,1,0,2,1,0,628,2,40,0
1990,65,2,0,2,1,0,0,0,0,0
1990,41,2,2,2,1,0,194,6,0,0
1990,63,2,3,2,1,0,0,0,0,0
1990,21,1,1,2,1,0,869,0,40,0
1990,37,2,3,3,0,1,0,0,0,0
1990,18,1,1,3,0,0,0,0,0,0
1990,34,2,3,3,0,0,0,0,0,0
1990,39,1,1,1,1,1,418,6,40,0
1990,31,2,1,1,1,0,313,5,38,0
1990,33,1,1,1,0,1,458,4,40,0
1990,55,1,0,0,0,0,453,4,40,0
1990,57,2,0,0,0,0,0,0,0,0
1990,35,2,1,2,0,0,0,0,0,0
1990,50,1,0,0,0,0,453,4,40,0
1990,50,2,0,0,4,0,0,0,0,0
1990,35,1,1,1,0,1,417,6,40,0
1990,72,2,3,1,0,0,21,5,0,0
1990,41,1,0,2,1,0,0,0,0,0
1990,31,2,0,0,1,0,445,5,0,0
1990,58,2,3,0,0,0,0,0,0,0
1990,26,2,1,0,0,1,188,4,35,0
1990,43,1,1,3,1,0,255,4,40,0
1990,27,1,1,2,0,0,888,4,42,0
1990,53,2,0,0,0,0,0,0,0,0
1990,58,1,0,0,0,0,0,0,0,0
1990,32,1,3,0,0,0,263,3,60,0
1990,31,1,1,0,0,1,23,5,40,0
1990,24,2,1,0,0,1,37,3,40,0
1990,24,1,1,2,0,1,337,3,40,0
1990,21,2,1,2,0,0,276,3,0,0
1990,63,2,3,1,0,0,0,0,0,0
1990,33,2,3,1,0,0,436,3,40,0
1990,18,1,1,1,0,0,265,3,20,0
1990,59,2,3,0,0,0,0,0,0,0
1990,41,1,0,1,0,1,327,2,37,0
1990,37,2,0,1,0,0,274,5,40,0
1990,21,2,0,2,0,1,303,0,40,0
1990,23,1,0,2,0,0,424,6,40,1
1990,25,1,3,2,0,1,203,5,35,0
1990,58,1,3,0,2,0,18,4,40,0
1990,45,2,3,0,2,0,0,0,0,0
1990,21,1,1,0,2,0,435,3,40,0
1990,68,2,3,0,0,0,0,0,0,0
1990,28,2,1,2,0,1,379,6,35,0
1990,62,1,3,2,0,0,426,4,40,0
1990,28,1,0,0,2,0,549,3,40,0
1990,28,2,0,0,0,1,22,4,35,0
1990,69,2,3,0,2,0,0,0,0,0
1990,29,2,1,1,0,0,313,5,40,0
1990,31,1,3,1,0,0,516,0,40,0
1990,29,2,1,0,0,1,259,3,40,0
1990,31,1,1,0,0,1,527,2,40,0
1990,75,1,0,0,0,1,259,3,10,1
1990,72,2,0,0,0,1,796,4,35,0
1990,48,2,2,2,0,0,337,4,0,0
1990,21,1,1,2,0,0,458,4,25,0
1990,24,2,0,2,0,1,23,4,40,0
1990,24,1,0,2,0,0,804,0,40,0
1990,52,1,0,1,0,1,436,3,40,0
1990,54,2,0,1,0,0,679,1,32,0
1990,26,1,1,1,0,0,348,2,40,0
1990,31,1,0,2,0,0,543,1,40,1
1990,30,2,0,2,0,0,276,3,0,0
1990,80,1,3,0,0,0,0,0,0,0
1990,57,1,1,0,0,1,243,3,0,0
1990,63,2,2,1,0,0,407,4,17,0
1990,67,1,1,0,2,1,23,5,35,1
1990,40,1,0,0,0,0,453,1,40,0
1990,38,2,0,0,0,0,0,0,0,0
1990,18,1,1,0,0,0,357,4,40,0
1990,28,1,1,0,0,1,188,5,30,0
1990,36,2,1,0,0,1,174,5,57,0
1990,36,2,2,2,1,0,453,4,12,0
1990,59,2,3,2,1,0,0,0,0,0
1990,67,1,3,0,2,1,0,0,0,0
1990,61,2,3,0,2,0,0,0,0,0
1990,27,1,1,0,0,1,303,4,35,0
1990,47,1,0,0,0,1,276,2,40,0
1990,44,2,0,0,0,0,354,2,40,0
1990,62,1,0,0,0,1,85,5,3,1
1990,51,2,0,0,2,1,13,1,21,0
1990,49,2,3,0,0,1,156,5,31,0
1990,21,2,1,0,0,1,337,5,40,0
1990,56,1,0,0,4,1,243,4,54,1
1990,51,2,0,0,2,1,95,5,40,0
1990,32,1,0,0,0,1,164,5,35,0
1990,28,2,0,0,0,1,23,4,45,0
1990,26,2,0,2,0,1,313,2,40,0
1990,43,1,0,0,2,1,423,6,37,0
1990,73,1,0,0,0,1,0,0,0,0
1990,73,2,0,0,0,1,0,0,0,0
1990,66,1,0,0,0,0,364,1,40,0
1990,66,2,0,0,0,1,183,1,10,0
1990,80,2,3,0,4,0,0,0,0,0
1990,35,1,0,0,0,1,84,5,50,1
1990,25,2,0,0,0,1,203,5,40,0
1990,53,1,3,0,0,1,156,5,30,1
1990,23,1,1,0,0,1,195,1,40,0
1990,55,1,0,0,0,1,234,3,50,1
1990,39,2,0,0,0,1,243,3,50,0
1990,42,1,0,0,0,1,253,4,40,1
1990,42,2,0,0,0,1,0,0,0,0
1990,28,1,0,0,2,0,804,2,50,0
1990,22,2,0,0,3,0,313,6,36,0
1990,51,1,0,0,1,0,18,4,40,0
1990,45,2,0,0,1,1,156,5,40,0
1990,26,2,0,2,0,0,0,0,0,0
1990,27,1,0,2,0,0,274,3,35,0
1990,26,1,2,2,0,0,0,0,0,0
1990,25,2,1,2,0,0,0,0,0,0
1990,49,1,2,2,0,0,0,0,0,0
1990,39,2,2,0,0,0,37,4,35,0
1990,54,1,0,0,0,1,163,5,45,0
1990,54,2,0,0,0,0,313,0,40,0
1990,54,1,2,0,0,0,826,2,40,0
1990,24,1,1,0,0,1,315,5,21,0
1990,41,2,3,0,2,1,24,4,35,0
1990,64,1,0,2,0,0,0,0,0,0
1990,53,2,0,2,0,0,0,0,0,0
1990,33,1,1,2,0,0,0,0,0,0
1990,43,1,0,1,0,1,95,5,35,0
1990,40,2,0,1,0,0,406,4,40,0
1990,20,1,1,1,0,0,445,5,0,0
1990,19,1,1,1,0,0,436,3,20,0
1990,54,1,0,0,0,0,21,5,40,0
1990,45,2,0,0,0,0,0,0,0,0
1990,25,2,1,2,0,0,323,3,35,0
1990,32,1,1,2,0,0,364,1,35,0
1990,64,1,0,1,0,1,376,4,40,0
1990,59,2,0,1,0,0,889,4,40,0
1990,26,2,3,1,2,1,313,5,40,0
1990,47,1,0,2,0,0,235,1,40,0
1990,45,2,0,2,0,0,0,0,0,0
1990,18,1,1,2,0,0,0,0,0,0
1990,71,1,0,0,0,1,7,3,0,0
1990,67,2,0,0,0,0,165,3,0,0
1990,60,2,3,1,0,0,354,2,40,0
1990,80,2,3,2,1,0,0,0,0,0
1990,45,1,0,2,1,0,539,1,72,0
1990,41,2,0,2,1,0,447,5,77,0
1990,18,2,1,2,1,0,0,0,0,0
1990,20,1,1,1,1,1,0,0,0,0
1990,33,2,3,1,1,0,0,0,0,0
1990,32,2,0,0,4,0,453,4,0,0
1990,37,1,0,2,4,0,18,4,0,0
1990,65,1,0,0,4,0,0,0,0,0
1990,59,2,0,2,4,0,0,0,0,0
1990,59,1,0,2,0,0,754,4,40,0
1990,61,2,0,2,0,0,785,1,40,0
1990,28,1,1,2,0,0,0,0,0,0
1990,23,1,1,2,0,0,804,4,40,0
1990,45,2,1,1,0,0,0,0,0,0
1990,20,1,1,1,0,1,185,3,22,0
1990,28,2,1,1,0,0,0,0,0,0
1990,39,2,0,1,0,1,97,5,0,0
1990,37,1,0,1,0,1,667,4,0,0
1990,48,2,1,2,0,0,785,1,40,0
1990,51,2,3,1,0,1,449,4,25,0
1990,20,1,1,1,0,0,447,5,24,0
1990,23,2,1,1,0,0,373,2,25,0
1990,34,1,0,2,0,0,453,5,40,0
1990,68,2,0,2,0,0,0,0,0,0
1990,35,2,1,2,0,0,0,0,0,0
1990,57,1,0,0,0,0,328,1,40,0
1990,56,2,0,0,0,0,313,5,35,0
1990,26,1,1,0,0,1,796,1,30,0
1990,35,1,1,3,3,1,55,2,40,0
1990,42,1,0,3,3,1,435,3,40,0
1990,42,2,0,3,3,0,909,6,0,0
1990,46,2,3,3,3,0,744,1,40,0
1990,20,2,1,3,0,1,0,0,0,0
1990,48,1,0,0,0,1,37,3,40,0
1990,53,2,0,0,1,1,386,1,40,0
1990,61,1,3,0,0,0,785,1,50,0
1990,20,1,1,0,0,1,365,3,45,0
1990,18,1,1,0,0,1,385,4,25,0
1990,34,2,2,1,0,0,313,1,35,0
1990,52,2,2,0,0,0,435,3,30,0
1990,44,1,0,3,3,0,276,2,27,0
1990,46,2,0,3,3,0,95,5,67,0
1990,50,2,1,0,0,0,375,4,40,0
1990,78,2,3,0,0,0,0,0,0,0
1990,73,2,1,0,0,0,313,4,0,0
1990,61,2,3,1,0,1,95,5,35,0
1990,45,2,2,0,0,0,337,5,35,0
1990,36,1,0,2,1,0,505,4,40,1
1990,37,2,0,2,1,0,313,5,35,0
1990,79,2,3,0,4,0,447,4,24,0
1990,76,2,1,0,4,0,666,3,35,0
1990,61,2,3,0,0,1,354,2,40,0
1990,33,2,1,0,0,1,0,0,0,0
1990,28,2,1,0,0,1,0,0,0,0
1990,73,1,0,1,0,0,0,0,0,0
1990,60,2,0,1,0,0,234,2,37,0
1990,76,2,1,0,2,0,0,0,0,0
1990,69,2,1,0,2,0,0,0,0,0
1990,56,1,1,0,0,1,426,4,50,0
1990,45,1,1,0,0,1,64,2,35,0
1990,24,1,1,0,2,0,563,0,35,0
1990,27,2,3,0,0,1,385,5,37,0
1990,22,1,1,0,0,0,355,2,40,0
1990,73,1,0,0,0,0,0,0,0,0
1990,69,2,0,0,0,0,0,0,0,0
1990,40,1,0,0,0,1,224,3,40,1
1990,39,2,0,0,0,0,313,5,0,0
1990,59,1,3,0,2,0,804,3,16,0
1990,29,1,0,0,0,1,7,4,60,0
1990,34,2,0,0,0,1,323,5,20,0
1990,68,1,0,0,2,0,877,3,0,0
1990,58,2,0,0,2,0,0,0,0,0
1990,25,1,1,0,0,0,453,6,40,0
1990,29,1,1,0,0,1,426,4,40,0
1990,75,2,3,0,0,0,0,0,0,0
1990,58,2,1,0,1,1,95,5,0,0
1990,63,1,0,0,0,0,0,0,0,0
1990,57,2,0,0,0,0,0,0,0,0
1990,22,2,1,0,0,1,313,4,35,0
1990,77,1,0,0,0,0,0,0,0,0
1990,62,2,0,0,0,1,8,5,35,0
1990,69,1,0,1,0,0,0,0,0,0
1990,58,2,0,1,0,1,95,5,40,0
1990,67,2,2,1,0,0,0,0,0,0
1990,47,1,0,0,0,0,514,3,40,0
1990,44,2,0,0,0,0,436,5,20,0
1990,21,2,1,0,0,1,185,4,26,0
1990,45,1,0,1,0,1,22,4,42,0
1990,45,2,0,1,0,1,303,5,40,0
1990,22,1,1,1,0,0,436,3,0,0
1990,18,2,1,1,0,0,276,3,10,0
1990,64,1,2,1,0,0,186,5,40,0
1990,60,1,0,0,0,0,184,2,35,0
1990,61,2,0,0,0,0,344,6,35,0
1990,37,1,2,0,0,1,22,5,45,0
1990,64,2,2,0,0,1,313,5,35,0
1990,32,1,0,1,1,1,348,2,20,0
1990,30,2,0,1,1,1,95,5,55,0
1990,65,1,0,0,2,1,183,3,15,0
1990,67,2,0,0,2,0,0,0,0,0
1990,40,2,3,0,0,0,0,0,0,0
1990,59,2,1,0,0,0,0,0,0,0
1990,61,1,1,0,0,0,0,0,0,0
1990,30,1,0,3,3,0,439,3,60,0
1990,26,2,0,3,3,0,185,3,48,0
1990,36,2,2,2,0,1,156,5,35,0
1990,24,2,1,1,0,1,316,5,40,0
1990,28,1,1,1,0,1,446,5,0,0
1990,78,2,3,1,1,0,0,0,0,0
1990,29,1,1,3,3,0,435,4,40,0
1990,31,1,0,3,3,0,435,4,40,0
1990,29,1,1,3,3,0,435,4,40,0
1990,28,2,0,3,3,0,0,0,0,0
1990,64,1,3,1,0,0,0,0,0,0
1990,47,1,0,0,0,0,243,3,40,0
1990,42,2,0,0,0,1,104,5,45,1
1990,25,1,1,0,0,0,213,3,40,0
1990,63,1,0,0,2,0,869,0,0,0
1990,62,2,0,0,2,0,0,0,0,0
1990,32,1,1,0,0,1,23,3,45,1
1990,29,1,1,0,0,1,7,1,48,0
1990,27,2,1,0,0,0,387,5,30,0
1990,78,2,3,0,0,1,0,0,0,0
1990,58,1,1,2,1,0,0,0,0,0
1990,78,2,3,0,2,0,0,0,0,0
1990,48,1,1,0,0,0,303,5,40,0
1990,33,2,3,2,0,0,418,6,40,0
1990,53,2,3,2,0,0,0,0,0,0
1990,30,2,1,1,0,1,0,0,0,0
1990,65,1,0,0,0,1,156,5,35,1
1990,52,2,0,0,0,1,22,5,40,0
1990,51,2,3,0,0,0,313,5,35,0
1990,21,2,1,0,0,1,313,1,35,0
1990,39,1,0,0,2,1,318,2,40,0
1990,37,2,0,0,2,1,95,5,35,0
1990,65,2,3,0,2,0,0,0,0,0
1990,38,2,1,0,0,1,27,6,35,0
1990,40,1,1,0,0,0,0,0,0,0
1990,61,2,2,0,0,0,0,0,0,0
1990,35,1,2,0,0,0,909,6,0,0
1990,31,1,0,3,3,1,174,6,35,0
1990,28,2,0,3,3,0,796,1,35,0
1990,67,1,3,0,0,0,0,0,0,0
1990,70,1,0,0,0,0,0,0,0,0
1990,68,2,0,0,0,0,0,0,0,0
1990,56,1,0,1,1,0,436,5,35,0
1990,56,2,0,1,1,0,447,5,37,1
1990,30,2,3,2,0,1,363,3,40,0
1990,71,1,0,0,4,0,354,2,0,0
1990,72,2,0,0,0,0,0,0,0,0
1990,47,1,2,1,1,1,575,6,80,1
1990,19,1,1,1,0,0,323,5,25,0
1990,24,2,1,1,0,0,385,4,40,0
1990,20,2,1,2,0,0,276,3,0,0
1990,28,1,1,1,1,0,584,0,40,0
1990,54,1,0,0,0,1,23,5,35,0
1990,55,2,0,0,0,1,95,5,35,0
1990,62,2,2,1,1,0,433,2,37,0
1990,27,1,1,1,0,0,449,5,0,0
1990,35,2,3,1,0,0,0,0,0,0
1990,21,2,1,1,0,0,276,3,20,0
1990,48,1,0,1,1,0,243,3,50,0
1990,48,2,0,1,1,0,207,5,40,0
1990,22,1,1,1,1,0,159,5,50,0
1990,19,1,1,1,1,0,274,3,40,0
1990,61,1,0,0,0,0,808,2,40,0
1990,64,2,0,0,0,0,0,0,0,0
1990,23,1,1,0,0,1,375,4,35,0
1990,48,1,0,1,0,0,549,1,38,0
1990,57,2,0,1,0,0,0,0,0,0
1990,51,1,0,2,0,1,307,5,10,0
1990,51,2,0,2,0,0,156,5,45,0
1990,58,2,3,1,0,0,0,0,0,0
1990,56,1,0,1,0,0,243,3,40,0
1990,54,2,0,1,0,1,313,1,37,0
1990,19,1,1,1,0,0,0,0,0,0
1990,79,2,3,1,0,0,0,0,0,0
1990,58,1,0,0,0,0,804,2,40,0
1990,46,2,0,0,0,0,0,0,0,0
1990,40,2,1,0,0,1,156,5,40,0
1990,47,2,3,1,0,0,33,1,40,0
1990,28,1,3,1,0,1,804,2,40,0
1990,71,2,3,1,0,1,208,5,35,0
1990,45,1,1,1,0,1,194,4,0,0
1990,69,2,3,1,0,1,0,0,0,0
1990,42,1,0,0,2,0,448,2,40,0
1990,40,2,0,0,2,0,683,1,40,0
1990,18,2,1,0,0,0,0,0,0,0
1990,40,2,0,1,1,0,466,5,0,0
1990,39,1,0,1,1,0,549,3,37,0
1990,30,1,3,1,1,0,779,3,40,0
1990,79,2,3,1,0,0,0,0,0,0
1990,65,2,3,1,0,0,303,1,0,0
1990,49,2,3,1,0,0,447,5,28,0
1990,20,2,1,1,0,0,276,3,0,0
1990,29,1,3,1,0,1,203,5,40,0
1990,77,1,0,0,0,0,444,5,0,0
1990,63,2,0,0,0,0,683,1,40,0
1990,39,1,0,1,1,1,22,2,60,1
1990,42,2,0,1,1,1,376,4,40,0
1990,43,1,1,1,0,1,364,2,16,0
1990,72,2,3,1,0,0,0,0,0,0
1990,75,1,1,1,0,0,0,0,0,0
1990,68,1,0,0,0,0,21,5,40,0
1990,62,2,0,0,0,0,25,4,40,0
1990,72,1,0,0,0,0,0,0,0,0
1990,76,2,0,0,0,1,0,0,0,0
1990,72,2,2,1,1,1,0,0,0,0
1990,35,1,1,1,0,1,389,6,35,0
1990,47,2,3,1,0,0,0,0,0,0
1990,19,2,1,1,0,0,276,3,18,0
1990,57,1,0,1,1,0,0,0,0,0
1990,53,2,0,1,1,0,447,5,37,0
1990,36,2,2,2,1,1,904,6,40,0
1990,18,1,1,2,1,0,444,3,20,0
1990,25,1,1,0,0,1,268,3,35,0
1990,55,1,3,0,0,0,433,3,0,0
1990,69,2,1,0,0,1,0,0,0,0
1990,39,1,0,0,0,1,185,4,60,1
1990,37,2,0,3,3,1,185,5,60,1
1990,36,1,1,0,0,1,188,5,40,0
1990,25,1,2,0,0,1,0,0,0,0
1990,71,1,2,0,0,1,259,3,14,0
1990,40,1,0,3,3,0,747,1,40,0
1990,35,2,0,3,3,0,744,1,20,0
1990,50,2,0,3,3,0,744,1,48,0
1990,65,1,0,3,3,0,747,1,48,0
1990,18,1,1,3,3,0,0,0,0,0
1990,39,2,1,0,1,1,188,5,70,1
1990,28,1,1,0,0,1,255,4,35,1
1990,27,2,1,0,0,1,14,5,35,0
1990,80,2,3,0,2,0,0,0,0,0
1990,35,1,1,0,0,1,274,5,50,0
1990,38,1,1,0,0,1,0,0,0,0
1990,57,1,1,0,0,1,13,4,60,1
1990,54,1,2,0,2,0,435,3,70,0
1990,41,1,2,0,2,1,167,5,42,1
1990,54,1,0,0,0,0,318,3,40,0
1990,51,2,0,0,0,0,313,5,40,0
1990,32,1,1,0,0,0,197,5,2,0
1990,22,2,1,0,0,1,254,4,40,0
1990,24,2,1,0,0,1,174,5,40,0
1990,33,2,1,0,0,1,104,5,59,0
1990,65,1,0,0,1,0,0,0,0,0
1990,65,2,0,0,2,0,0,0,0,0
1990,33,1,1,0,0,1,185,4,45,0
1990,35,2,1,0,0,1,185,3,40,0
1990,68,2,3,0,0,0,0,0,0,0
1990,53,2,3,0,0,1,36,6,40,0
1990,34,1,1,0,0,1,567,0,40,0
1990,23,1,1,0,0,1,23,4,80,0
1990,22,2,1,0,0,1,23,4,75,0
1990,38,1,3,0,0,1,7,4,60,1
1990,45,1,2,0,0,1,0,0,0,0
1990,32,1,1,0,0,1,164,5,40,0
1990,57,2,1,2,1,0,453,4,40,0
1990,41,1,0,0,0,1,7,4,40,1
1990,37,2,0,0,0,1,7,4,40,1
1990,54,1,0,0,0,1,154,5,40,1
1990,57,2,0,0,0,1,183,5,40,1
1990,50,1,0,0,0,1,274,3,53,0
1990,41,2,0,0,4,1,447,5,25,0
1990,42,1,0,0,0,1,27,4,45,1
1990,30,2,0,0,0,1,27,4,50,1
1990,27,2,1,0,0,1,185,1,40,1
1990,74,2,3,0,0,1,0,0,0,0
1990,19,2,1,0,0,1,434,3,12,0
1990,75,2,3,0,0,1,0,0,0,0
1990,78,2,3,0,0,0,0,0,0,0
1990,80,1,0,0,2,0,0,0,0,0
1990,68,2,0,0,0,1,0,0,0,0
1990,66,1,1,0,0,0,0,0,0,0
1990,57,2,3,0,0,0,0,0,0,0
1990,56,1,2,1,0,1,23,4,35,0
1990,72,2,2,3,3,0,0,0,0,0
1990,71,2,3,0,0,0,0,0,0,0
1990,76,2,3,0,0,0,0,0,0,0
1990,40,1,0,2,0,0,449,5,40,0
1990,31,2,0,2,0,0,0,0,0,0
1990,34,1,1,0,0,1,195,5,60,0
1990,36,1,1,0,0,1,186,5,18,0
1990,75,2,3,0,0,0,0,0,0,0
1990,65,1,3,1,0,0,0,0,0,0
1990,28,1,1,3,3,0,435,3,45,0
1990,25,1,1,3,3,0,275,4,40,0
1990,42,2,0,3,3,0,275,4,40,0
1990,30,1,1,3,3,0,436,3,50,0
1990,38,1,1,3,3,0,869,0,50,0
1990,40,1,1,3,3,0,688,1,45,0
1990,35,1,0,3,3,0,274,3,45,0
1990,22,1,1,3,3,0,274,3,42,0
1990,39,2,0,3,0,1,383,4,55,0
1990,40,1,0,3,3,1,389,5,35,0
1990,80,1,3,3,3,0,0,0,0,0
1990,49,1,3,3,3,0,436,3,52,0
1990,72,2,3,0,0,0,0,0,0,0
1990,32,1,1,1,0,1,197,1,36,0
1990,59,2,3,1,0,0,444,5,5,0
1990,63,2,1,1,0,0,443,5,5,0
1990,40,1,1,1,0,0,374,5,0,0
1990,62,2,3,3,3,0,0,0,0,0
1990,60,2,3,3,3,0,0,0,0,0
1990,47,2,2,1,1,0,407,4,40,0
1990,20,2,3,1,1,0,0,0,0,0
1990,22,2,3,1,1,0,0,0,0,0
1990,24,1,1,1,1,0,267,3,50,0
1990,21,2,1,1,1,0,0,0,0,0
1990,59,1,2,1,1,0,453,4,40,0
1990,23,2,1,2,0,0,0,0,0,0
1990,51,2,1,1,0,0,0,0,0,0
1990,26,1,1,0,0,0,308,4,0,0
1990,41,1,0,1,1,0,0,0,0,0
1990,57,2,0,0,1,0,0,0,0,0
1990,46,2,3,2,0,0,779,1,40,0
1990,19,1,1,2,0,0,308,4,40,0
1990,39,2,3,2,0,0,0,0,0,0
1990,20,2,1,2,0,0,0,0,0,0
1990,19,1,1,2,0,0,0,0,0,0
1990,75,2,3,2,0,0,0,0,0,0
1990,28,2,1,0,0,1,195,5,20,0
1990,25,2,1,0,0,1,197,5,18,0
1990,74,1,0,0,0,0,0,0,0,0
1990,72,2,0,0,0,0,0,0,0,0
1990,58,1,0,0,0,0,557,2,35,0
1990,51,2,0,0,0,0,0,0,0,0
1990,25,1,1,0,0,0,375,4,40,0
1990,36,2,2,0,0,1,0,0,0,0
1990,33,2,2,0,0,1,159,5,26,0
1990,30,1,1,0,0,1,453,4,40,0
1990,69,2,3,0,2,0,453,4,2,0
1990,66,1,3,0,2,0,0,0,0,0
1990,35,2,1,0,2,0,313,1,48,0
1990,30,2,1,0,0,1,193,5,17,0
1990,74,2,3,0,0,0,0,0,0,0
1990,21,2,1,0,0,1,336,5,15,0
1990,23,2,1,0,0,1,14,5,20,0
1990,26,2,1,0,0,0,283,4,30,1
1990,28,1,1,0,0,1,283,4,35,0
1990,54,2,3,0,0,1,157,5,45,1
1990,63,1,1,0,0,1,0,0,0,0
1990,25,1,3,0,0,1,255,4,50,0
1990,44,2,1,0,0,1,319,5,8,0
1990,37,1,1,3,3,1,183,1,8,0
1990,58,1,0,0,0,1,243,3,50,1
1990,51,2,0,0,0,1,29,3,40,0
1990,32,2,1,0,0,1,185,1,30,0
1990,35,2,0,0,0,1,43,5,50,0
1990,41,1,0,0,0,1,178,6,40,1
1990,24,1,1,0,0,1,195,6,0,0
1990,52,1,0,0,0,0,804,3,40,0
1990,51,2,0,0,0,0,379,3,40,0
1990,29,2,1,0,0,1,274,3,0,0
1990,38,1,1,0,0,1,84,5,40,1
1990,46,1,1,0,3,1,43,5,80,0
1990,28,1,0,0,0,1,318,2,40,0
1990,30,2,0,0,2,1,461,2,35,0
1990,40,2,1,0,0,1,188,5,48,1
1990,77,1,1,0,0,0,0,0,0,0
1990,40,1,1,0,0,1,21,5,40,0
1990,44,1,2,3,3,1,17,3,72,0
1990,64,1,1,0,0,0,0,0,0,0
1990,33,2,3,2,0,0,684,1,40,0
1990,65,1,2,0,0,1,84,5,40,0
1990,35,2,1,0,0,1,183,5,40,0
1990,24,1,1,0,0,1,885,3,60,0
1990,23,1,1,0,0,1,869,0,20,0
1990,24,1,1,0,0,1,224,1,43,0
1990,22,2,1,0,0,1,154,5,30,0
1990,49,1,1,0,0,1,22,5,35,0
1990,31,1,1,0,0,1,385,5,30,0
1990,41,1,0,0,1,0,804,1,40,0
1990,40,2,0,0,1,0,744,1,0,0
1990,52,1,3,1,0,0,188,5,25,0
1990,77,1,0,0,0,1,0,0,0,0
1990,70,2,0,0,2,0,0,0,0,0
1990,41,1,0,3,0,0,589,0,35,0
1990,40,2,0,3,0,0,0,0,0,0
1990,37,1,0,3,3,0,436,3,40,0
1990,26,2,0,3,3,0,0,0,0,0
1990,60,2,3,0,0,0,883,4,0,0
1990,33,1,1,0,0,0,909,6,0,0
1990,26,1,0,0,1,1,178,5,56,1
1990,27,2,0,0,1,1,178,5,0,0
1990,55,2,3,2,0,0,303,6,37,0
1990,34,1,1,2,0,0,435,3,40,0
1990,67,1,2,1,0,0,0,0,0,0
1990,65,2,3,0,0,1,0,0,0,0
1990,45,1,1,2,1,1,29,3,45,0
1990,41,2,1,0,0,1,185,4,8,0
1990,33,1,0,3,3,1,25,4,40,0
1990,30,2,0,3,3,1,185,1,40,0
1990,53,1,1,1,0,0,469,4,40,1
1990,43,2,1,0,2,1,463,2,20,0
1990,65,2,1,0,2,1,22,1,0,0
1990,59,2,1,0,0,1,313,5,35,0
1990,48,2,1,0,0,1,313,5,40,0
1990,76,1,0,0,0,1,163,5,35,1
1990,66,2,0,0,0,1,27,5,0,0
1990,75,2,3,0,0,1,337,3,0,0
1990,77,2,3,3,0,1,0,0,0,0
1990,43,1,0,0,0,1,13,2,40,1
1990,30,2,0,0,0,1,418,6,40,0
1990,56,2,1,1,0,0,449,5,38,0
1990,33,2,1,0,0,1,327,2,40,0
1990,32,2,1,0,0,1,188,1,35,0
1990,36,2,0,0,0,1,65,4,50,1
1990,36,1,0,0,0,1,363,3,45,0
1990,30,1,0,0,0,1,178,4,60,1
1990,28,2,0,0,0,1,313,4,40,0
1990,35,2,1,3,0,1,779,2,35,1
1990,75,1,0,0,0,1,0,0,0,0
1990,70,2,0,0,0,1,154,5,25,0
1990,40,1,1,1,0,1,444,5,40,0
1990,80,2,0,0,0,1,0,0,0,0
1990,27,2,1,0,0,1,185,1,45,0
1990,48,2,1,0,0,0,0,0,0,0
1990,28,1,1,0,0,0,453,0,40,0
1990,40,2,2,0,0,1,84,5,50,0
1990,66,1,0,3,3,0,744,1,46,0
1990,60,2,0,3,3,0,337,1,40,0
1990,25,2,1,3,3,1,313,6,0,0
1990,53,2,2,0,0,1,313,5,35,0
1990,37,1,0,0,0,1,22,4,50,1
1990,35,2,0,0,0,1,26,4,45,1
1990,68,1,2,0,0,1,25,4,44,0
1990,34,1,1,0,2,1,255,4,45,0
1990,21,2,1,0,2,1,208,3,45,0
1990,31,2,1,0,0,1,318,4,40,0
1990,63,2,1,0,0,0,0,0,0,0
1990,37,1,2,0,2,0,368,5,47,1
1990,30,1,1,0,0,1,229,4,50,1
1990,46,1,2,0,0,1,22,5,45,1
1990,30,1,1,1,0,0,356,4,48,0
1990,36,1,1,0,0,0,186,4,35,0
1990,56,2,1,0,0,1,274,3,40,0
1990,57,2,2,0,0,1,154,5,0,0
1990,48,1,0,0,0,1,185,1,60,1
1990,45,2,0,0,2,1,313,1,40,0
1990,35,1,1,0,0,1,418,6,50,1
1990,65,2,2,0,0,1,319,5,40,0
1990,41,2,2,0,0,1,22,2,40,1
1990,26,2,1,0,0,1,27,3,40,0
1990,26,2,1,0,0,1,13,1,40,0
1990,69,2,3,0,0,1,0,0,0,0
1990,50,2,1,0,0,1,256,2,60,1
1990,62,2,3,0,0,0,337,1,37,0
1990,62,1,0,0,3,1,255,4,20,1
1990,64,2,0,0,3,0,0,0,0,0
1990,61,1,0,0,0,1,5,6,40,1
1990,49,2,0,0,0,1,313,2,40,0
1990,43,1,0,0,0,1,434,3,40,0
1990,31,2,0,0,0,1,95,5,23,0
1990,22,1,1,0,0,0,549,5,40,0
1990,48,2,0,0,0,0,257,2,20,0
1990,24,1,0,0,2,1,229,4,40,0
1990,70,2,1,0,2,0,453,4,24,0
1990,30,2,3,0,0,1,22,4,50,1
1990,33,2,1,0,0,1,95,5,40,0
1990,51,2,3,1,0,1,0,0,0,0
1990,33,2,1,0,0,1,184,1,45,0
1990,50,1,1,0,0,1,25,4,35,1
1990,22,2,1,0,0,1,389,5,20,0
1990,60,2,2,0,2,1,909,6,0,0
1990,80,2,3,0,0,1,0,0,0,0
1990,69,1,0,0,2,1,165,5,60,1
1990,69,2,0,0,2,1,22,3,60,0
1990,38,2,1,0,0,1,25,5,55,0
1990,39,1,3,0,0,1,17,4,60,1
1990,39,2,3,0,0,1,313,5,40,0
1990,62,2,3,0,0,0,0,0,0,0
1990,36,1,3,0,0,1,178,5,60,1
1990,32,1,0,0,0,1,255,4,50,1
1990,31,2,0,0,0,1,13,3,55,1
1990,43,2,3,0,2,1,235,5,25,0
1990,38,2,1,0,0,1,178,4,50,1
1990,28,2,1,0,0,1,23,4,50,0
1990,30,2,2,0,0,1,178,5,40,1
1990,41,2,2,0,2,1,446,5,55,1
1990,25,2,3,0,0,1,23,5,40,0
1990,27,2,1,0,0,1,143,5,30,0
1990,27,2,1,0,0,1,33,1,40,0
1990,38,1,1,0,0,1,158,5,32,0
1990,42,1,1,0,0,1,195,1,40,0
1990,48,1,0,0,0,1,194,6,72,1
1990,47,2,0,0,0,1,274,3,38,0
1990,18,1,1,0,0,1,225,0,40,0
1990,39,1,0,0,0,1,178,5,50,1
1990,40,2,0,0,0,1,178,5,40,1
1990,54,2,0,1,1,0,0,0,0,0
1990,37,1,0,1,1,0,866,0,35,0
1990,39,1,1,1,1,0,869,0,35,0
1990,45,1,1,0,0,1,157,5,40,0
1990,32,2,2,0,0,1,178,3,40,1
1990,33,1,1,0,0,1,809,4,35,0
1990,38,1,1,0,0,1,43,5,40,0
1990,27,2,1,3,3,1,194,3,0,0
1990,59,1,0,0,0,1,183,5,60,1
1990,56,2,0,0,0,1,337,4,40,0
1990,43,2,1,0,0,1,159,5,28,0
1990,69,2,3,2,0,0,0,0,0,0
1990,44,1,0,0,0,1,255,4,80,0
1990,43,2,0,0,0,1,308,4,50,0
1990,20,2,1,0,0,1,159,5,30,0
1990,39,1,0,0,0,1,187,5,20,1
1990,39,2,0,0,0,0,187,5,0,0
1990,41,2,3,0,0,1,183,5,25,0
1990,32,2,0,0,0,1,167,5,40,0
1990,38,1,0,0,0,1,84,5,60,1
1990,78,1,0,0,2,0,243,3,0,0
1990,73,2,0,0,0,1,178,5,40,1
1990,67,2,2,0,0,0,0,0,0,0
1990,41,1,1,0,1,1,257,4,40,0
1990,26,1,1,0,0,1,216,4,50,0
1990,31,2,1,3,0,1,22,1,50,0
1990,59,2,3,0,2,1,165,5,20,0
1990,36,1,0,0,0,1,154,5,55,0
1990,31,2,0,0,0,1,277,3,45,1
1990,25,1,0,1,1,0,503,3,40,0
1990,24,2,0,1,1,0,276,3,40,0
1990,46,2,2,0,0,1,27,4,50,1
1990,24,1,1,0,2,1,65,4,99,0
1990,49,1,3,0,2,1,7,4,80,0
1990,61,2,2,0,0,1,157,5,30,0
1990,41,2,3,1,1,0,447,4,84,0
1990,36,2,1,1,0,1,197,6,35,0
1990,74,1,0,1,1,1,0,0,0,0
1990,67,2,0,1,1,0,0,0,0,0
1990,40,2,0,1,1,0,785,3,40,0
1990,38,1,0,1,1,0,809,2,40,0
1990,30,2,1,2,0,0,469,5,40,0
1990,39,1,1,0,0,1,14,5,35,0
1990,33,1,2,0,0,1,22,0,50,1
1990,45,2,2,0,0,1,157,5,28,0
1990,55,2,3,1,1,0,447,5,40,0
1990,32,1,1,0,0,1,183,5,40,0
1990,61,2,2,0,0,1,95,5,40,0
1990,75,2,0,0,0,0,0,0,0,1
1990,70,1,0,0,0,1,0,0,0,0
1990,42,1,1,0,0,1,379,6,40,0
1990,38,1,1,0,0,1,255,4,50,1
1990,45,2,2,0,0,1,13,5,40,1
1990,30,1,0,0,3,1,265,3,0,0
1990,30,2,0,0,0,1,103,5,40,0
1990,26,2,1,0,0,1,178,5,40,0
1990,24,2,1,0,0,1,188,1,40,0
1990,26,1,1,0,0,1,178,5,60,1
1990,48,2,1,3,3,1,285,3,40,0
1990,52,1,0,0,2,1,22,4,50,1
1990,52,2,0,0,2,1,22,4,50,0
1990,24,1,1,0,0,1,22,4,0,0
1990,58,2,2,0,0,1,243,3,45,1
1990,68,2,1,0,0,1,97,5,0,1
1990,26,2,1,0,0,1,178,5,35,0
1990,67,1,0,0,0,1,26,5,36,0
1990,24,2,0,0,0,1,154,5,25,1
1990,73,2,3,0,0,1,195,5,12,0
1990,20,1,0,3,3,1,243,4,40,0
1990,29,2,0,3,3,0,0,0,0,0
1990,19,1,0,0,3,1,885,3,20,0
1990,39,2,0,0,0,1,164,5,40,0
1990,40,1,0,0,2,1,26,5,40,0
1990,49,2,0,0,0,1,207,5,40,1
1990,36,2,1,0,0,1,174,5,45,0
1990,52,1,0,0,0,1,178,5,40,1
1990,44,2,0,0,0,1,17,3,40,0
1990,40,2,3,0,0,1,255,4,35,1
1990,22,1,1,0,0,1,567,0,37,0
1990,63,2,3,0,0,1,0,0,0,1
1990,41,2,3,1,1,1,407,4,30,0
1990,74,2,0,0,0,0,313,5,33,0
1990,48,2,0,0,0,1,0,0,0,0
1990,57,1,0,0,0,1,178,5,50,1
1990,20,1,1,0,0,1,318,2,15,0
1990,54,2,2,0,2,1,166,5,42,0
1990,36,1,0,0,0,1,7,4,50,1
1990,30,2,0,0,1,1,0,0,0,0
1990,29,2,1,0,0,1,21,5,60,0
1990,30,2,1,0,0,1,22,5,45,0
1990,67,2,1,0,0,0,0,0,0,0
1990,63,2,2,0,0,0,0,0,0,0
1990,25,1,0,0,0,1,253,4,40,0
1990,25,2,0,0,0,1,104,5,40,0
1990,39,1,2,0,0,1,43,5,40,1
1990,43,1,0,0,0,1,22,1,40,1
1990,41,2,0,0,0,1,377,5,5,0
1990,26,2,1,1,1,1,95,5,38,0
1990,43,1,0,0,0,1,195,1,50,1
1990,42,2,0,0,0,1,243,4,40,1
1990,40,2,1,0,0,1,22,4,40,0
1990,29,1,1,3,3,1,22,4,40,1
1990,46,2,1,0,0,1,26,5,55,0
1990,26,2,1,0,0,1,178,6,48,0
1990,65,1,0,0,0,1,26,5,20,1
1990,68,2,0,0,4,0,0,0,0,0
1990,38,1,2,0,2,1,7,4,40,1
1990,35,1,0,0,0,1,7,4,50,1
1990,32,2,0,0,0,1,255,4,40,1
1990,30,1,0,0,0,1,229,4,40,1
1990,31,2,0,0,0,1,65,4,42,1
1990,61,2,2,0,0,1,194,1,30,0
1990,37,1,1,0,0,1,253,4,40,0
1990,42,2,1,0,0,1,21,5,40,1
1990,49,1,1,0,1,1,84,5,65,1
1990,37,2,0,3,0,1,379,4,25,0
1990,41,1,0,3,0,1,217,5,40,0
1990,66,2,3,0,0,1,0,0,0,1
1990,29,1,0,3,3,1,22,2,40,0
1990,29,2,0,3,3,1,0,0,0,0
1990,25,2,1,0,0,1,95,5,40,0
1990,31,1,1,0,0,1,84,5,40,0
1990,31,1,0,0,0,1,243,4,60,1
1990,29,2,0,0,0,1,243,4,45,1
1990,35,2,1,0,2,0,406,4,60,0
1990,32,2,0,0,0,1,26,5,50,0
1990,37,1,0,0,0,1,243,4,70,1
1990,22,1,1,0,0,1,21,5,50,0
1990,46,1,1,0,0,1,17,3,80,1
1990,30,2,1,0,0,0,243,3,50,1
1990,52,1,3,0,0,1,156,5,40,0
1990,70,1,0,0,2,1,8,4,0,1
1990,71,2,0,0,2,0,0,0,0,1
1990,29,1,1,0,0,1,389,5,40,0
1990,25,1,3,0,0,0,869,0,40,0
1990,29,2,1,0,0,1,243,3,45,0
1990,31,1,1,0,0,1,274,3,40,0
1990,35,1,1,0,2,1,229,4,35,0
1990,24,1,1,0,0,1,255,4,45,0
1990,24,1,1,0,0,1,25,5,37,0
1990,57,1,0,2,0,0,453,4,40,0
1990,59,2,0,2,0,0,435,3,35,0
1990,28,2,1,2,0,1,338,6,35,0
1990,40,2,3,0,2,1,25,4,48,0
1990,28,1,1,0,0,1,178,5,75,1
1990,34,2,2,0,0,1,166,1,42,1
1990,47,1,0,0,0,1,166,5,60,0
1990,43,2,0,0,0,1,7,4,60,1
1990,75,2,2,0,0,0,0,0,0,0
1990,41,2,3,0,1,1,313,1,0,0
1990,24,1,1,0,0,1,883,3,30,0
1990,21,2,1,1,4,0,274,3,40,0
1990,24,1,1,0,0,1,178,5,60,0
1990,23,1,1,0,2,1,29,3,0,0
1990,24,1,1,0,0,0,0,0,0,0
1990,27,1,1,0,0,1,159,5,50,0
1990,24,1,1,0,0,1,363,4,45,0
1990,21,1,1,0,0,1,433,5,20,0
1990,19,2,1,0,0,1,274,3,40,0
1990,19,2,1,0,0,1,274,3,40,0
1990,21,2,1,0,4,1,276,3,40,0
1990,25,2,1,0,0,1,78,5,40,0
1990,23,2,1,0,0,1,235,6,60,0
1990,26,2,1,0,0,1,78,5,70,0
1990,33,1,1,0,0,1,235,5,60,0
1990,28,2,1,1,0,0,0,0,0,0
1990,52,2,3,2,4,0,354,2,40,0
1990,54,1,3,1,0,0,507,3,40,0
1990,40,1,0,1,0,0,804,5,40,0
1990,46,2,0,1,0,0,444,5,25,0
1990,39,2,1,0,0,1,156,5,40,0
1990,31,2,1,1,0,1,207,5,40,0
1990,31,2,1,1,0,0,436,4,0,0
1990,40,1,1,1,0,0,355,2,40,0
1990,77,2,3,1,0,0,469,5,40,0
1990,32,1,0,0,0,0,804,2,0,0
1990,28,2,0,0,0,0,0,0,0,0
1990,55,2,3,1,1,0,785,1,0,0
1990,74,2,3,1,1,0,0,0,0,0
1990,50,2,0,1,1,0,785,1,40,0
1990,60,1,0,1,1,0,444,3,40,0
1990,34,1,0,1,1,1,22,4,40,0
1990,28,2,0,0,1,0,313,1,40,0
1990,65,2,1,1,0,1,436,5,30,0
1990,32,1,1,1,0,0,0,0,0,0
1990,53,2,1,0,0,0,0,0,0,0
1990,31,2,1,0,0,0,0,0,0,0
1990,55,2,1,0,0,0,0,0,0,0
1990,30,1,2,0,0,0,0,0,0,0
1990,66,2,0,1,0,0,0,0,0,0
1990,68,1,0,1,0,0,0,0,0,0
1990,30,1,1,1,0,1,446,5,0,0
1990,59,2,1,1,0,1,385,5,20,0
1990,80,1,3,1,0,1,0,0,0,0
1990,49,2,1,1,0,1,5,6,35,0
1990,41,2,0,1,0,1,22,5,35,0
1990,64,1,0,1,0,0,449,5,0,0
1990,46,1,1,1,0,1,163,5,46,0
1990,32,2,1,1,1,1,66,4,47,1
1990,40,1,1,1,0,1,66,4,46,0
1990,64,1,1,0,0,1,22,4,40,0
1990,41,2,0,0,0,1,178,6,40,1
1990,36,1,0,0,0,1,183,5,30,1
1990,52,1,0,3,3,1,43,5,60,0
1990,50,2,0,3,3,1,277,5,35,0
1990,46,2,3,1,0,1,159,5,40,0
1990,38,1,1,1,0,0,0,0,0,0
1990,57,2,3,1,0,1,174,5,35,0
1990,25,1,1,1,0,1,174,4,35,0
1990,26,2,1,1,0,1,596,0,35,0
1990,78,2,1,1,0,0,0,0,0,0
1990,35,2,1,1,0,1,315,4,20,0
1990,24,2,1,1,0,0,0,0,0,0
1990,30,1,3,1,0,0,0,0,0,0
1990,29,2,1,1,0,1,453,5,40,0
1990,66,1,1,1,0,0,308,5,40,0
1990,60,1,3,1,0,0,436,5,0,0
1990,56,1,3,1,0,1,869,0,40,0
1990,32,1,1,1,0,0,436,5,40,0
1990,25,2,1,1,0,1,348,2,40,0
1990,20,2,1,1,0,1,327,2,20,0
1990,71,2,3,1,0,0,0,0,0,0
1990,37,1,1,1,0,0,0,0,0,0
1990,37,1,0,1,4,0,518,1,40,0
1990,36,2,0,1,1,1,55,1,0,0
1990,18,2,1,1,1,0,0,0,0,0
1990,29,2,1,1,0,1,357,4,20,0
1990,67,1,0,1,0,0,0,0,0,0
1990,77,2,0,1,0,0,0,0,0,0
1990,64,1,3,1,0,0,809,2,0,0
1990,51,2,3,1,0,0,0,0,0,0
1990,34,2,1,1,0,0,447,5,40,0
1990,28,1,1,1,0,1,426,6,40,0
1990,27,2,1,1,0,0,0,0,0,0
1990,33,1,2,1,0,1,426,4,48,0
1990,39,1,1,1,0,0,359,2,40,0
1990,29,2,3,2,0,0,796,1,0,0
1990,40,2,0,0,0,1,22,4,20,0
1990,46,1,0,0,0,1,21,5,55,0
1990,40,1,2,0,0,0,0,0,0,0
1990,37,2,1,0,0,0,0,0,0,0
1990,73,1,0,1,0,0,354,2,0,0
1990,68,2,0,1,0,0,436,5,35,0
1990,20,2,1,1,0,0,22,1,90,0
1990,45,2,2,2,0,0,0,0,0,0
1990,37,1,1,2,0,0,8,2,4,0
1990,20,1,1,2,0,0,0,0,0,0
1990,37,2,2,2,0,1,194,5,40,0
1990,47,1,2,2,0,0,18,4,40,0
1990,18,2,1,2,0,0,313,5,35,0
1990,55,1,0,2,0,0,0,0,0,0
1990,52,2,0,2,0,0,0,0,0,0
1990,32,2,0,3,3,1,95,5,37,0
1990,31,1,0,3,3,1,235,5,0,0
1990,56,2,1,1,1,1,95,5,40,0
1990,68,1,0,3,3,1,426,4,40,0
1990,66,2,0,3,3,1,0,0,0,0
1990,31,1,0,0,0,0,375,4,78,0
1990,31,2,0,0,0,0,0,0,0,0
1990,77,2,3,0,0,0,0,0,0,0
1990,20,1,1,0,0,0,357,4,40,0
1990,25,2,1,1,0,1,375,4,40,0
1990,63,2,3,2,0,0,0,0,0,0
1990,21,1,1,2,0,0,777,1,5,0
1990,22,1,1,2,0,0,759,1,40,0
1990,39,2,2,2,0,1,465,5,0,0
1990,19,1,1,2,0,0,447,5,40,0
1990,19,1,1,2,0,0,0,0,0,0
1990,37,1,1,2,0,0,447,4,0,0
1990,43,1,0,2,0,0,379,5,35,0
1990,40,2,0,2,0,0,328,4,37,0
1990,19,2,1,2,0,0,276,3,0,0
1990,68,2,1,2,0,0,0,0,0,0
1990,63,2,1,0,0,0,0,0,0,0
1990,26,2,1,1,0,0,0,0,0,0
1990,43,2,2,1,0,1,313,5,35,0
1990,22,1,1,1,0,0,877,5,37,0
1990,21,2,1,1,0,1,276,3,0,0
1990,67,1,3,1,0,0,869,0,0,0
1990,47,1,2,0,0,0,0,0,0,0
1990,49,2,3,1,0,0,0,0,0,0
1990,63,2,3,1,0,0,0,0,0,0
1990,43,1,1,1,0,0,734,1,0,0
1990,42,2,1,1,0,0,0,0,0,0
1990,39,1,1,1,0,1,313,6,37,0
1990,22,2,1,1,0,0,0,0,0,0
1990,32,1,1,2,0,1,0,0,0,0
1990,38,1,0,2,1,0,869,0,40,0
1990,31,2,0,2,1,0,0,0,0,0
1990,46,2,2,1,1,1,313,5,40,0
1990,48,1,0,1,1,1,808,5,40,0
1990,54,2,0,1,1,1,23,3,40,0
1990,29,2,0,1,1,1,264,3,40,0
1990,28,2,0,1,1,1,418,6,0,0
1990,49,2,0,0,0,1,337,1,40,0
1990,42,1,0,0,1,1,436,3,40,0
1990,53,1,3,0,0,0,434,4,40,0
1990,60,2,2,0,1,1,909,6,0,0
1990,79,2,3,0,0,0,0,0,0,0
1990,46,1,0,2,1,0,487,0,40,0
1990,42,2,0,1,1,0,0,0,0,0
1990,18,1,1,2,1,0,436,3,35,0
1990,36,1,1,0,0,1,174,5,45,1
1990,35,2,1,0,0,1,53,0,45,0
1990,22,1,1,2,1,0,276,3,30,0
1990,23,2,1,2,1,0,754,1,40,0
1990,54,1,0,0,1,0,0,0,0,0
1990,41,2,0,0,1,0,889,2,0,0
1990,22,2,0,0,1,0,264,3,0,0
1990,20,1,1,0,1,0,809,2,40,0
1990,22,2,3,0,1,0,264,3,0,0
1990,23,1,0,0,4,0,804,3,48,0
1990,23,2,1,0,0,1,14,5,40,0
1990,73,2,3,0,0,0,0,0,0,0
1990,76,2,3,1,0,0,0,0,0,0
1990,30,2,0,0,1,0,628,1,40,0
1990,37,1,0,0,1,1,365,1,40,0
1990,46,2,2,0,1,1,156,5,30,0
1990,31,1,0,0,4,0,877,3,48,0
1990,24,2,0,0,4,1,593,4,40,0
1990,47,2,2,0,1,1,154,5,15,0
1990,24,1,1,0,0,1,0,0,0,0
1990,28,1,0,2,1,0,235,3,44,0
1990,23,2,0,2,0,1,95,5,24,0
1990,68,2,0,0,2,1,0,0,0,0
1990,72,1,0,0,2,1,0,0,0,0
1990,34,1,0,0,3,1,154,5,50,0
1990,32,2,0,0,3,0,0,0,0,0
1990,33,2,1,1,0,0,0,0,0,0
1990,67,2,2,2,0,0,909,6,0,0
1990,33,1,1,0,4,1,809,2,60,0
1990,23,1,1,0,3,1,276,3,40,0
1990,66,1,1,0,1,1,157,5,21,0
1990,26,2,1,0,0,1,174,5,40,0
1990,23,1,1,2,1,1,243,3,40,0
1990,74,2,3,0,0,0,337,1,0,0
1990,47,2,3,1,1,0,17,3,40,0
1990,21,1,1,1,1,0,443,3,40,0
1990,21,2,1,2,1,0,313,5,35,0
1990,25,2,2,0,1,0,435,3,0,0
1990,61,1,2,0,0,1,174,5,35,0
1990,70,2,3,0,0,0,0,0,0,0
1990,55,1,0,0,1,0,809,2,8,0
1990,45,2,0,0,1,0,744,1,40,0
1990,62,1,0,0,0,0,0,0,0,0
1990,61,2,0,0,0,0,337,5,37,0
1990,30,2,1,0,0,1,95,5,40,0
1990,32,2,2,2,1,1,313,5,37,0
1990,50,2,3,0,1,0,17,5,40,0
1990,57,2,2,2,0,0,785,1,27,0
1990,33,2,1,2,0,0,313,5,40,0
1990,68,2,3,0,0,0,0,0,0,0
1990,40,1,0,1,1,0,443,5,50,0
1990,36,2,0,1,1,0,779,1,35,0
1990,29,1,0,2,0,1,547,4,40,0
1990,25,2,0,2,0,0,0,0,0,0
1990,32,2,2,2,1,0,466,5,20,0
1990,27,1,3,2,1,1,777,1,40,0
1990,41,1,1,2,3,0,579,0,40,0
1990,37,1,1,0,0,1,354,2,40,0
1990,41,1,3,2,0,1,194,6,40,0
1990,58,1,1,0,0,1,174,5,0,0
1990,63,2,3,0,2,1,22,5,37,0
1990,42,1,1,0,0,1,73,1,40,0
1990,45,1,1,0,2,1,424,6,75,0
1990,35,2,3,2,1,0,0,0,0,0
1990,57,1,0,0,0,1,364,4,40,0
1990,54,2,0,0,0,0,319,5,40,0
1990,65,2,3,0,0,0,276,5,35,0
1990,63,2,1,1,0,0,447,5,40,0
1990,79,2,3,0,0,0,0,0,0,0
1990,32,1,0,0,0,1,195,1,35,1
1990,30,2,0,0,0,1,274,3,40,0
1990,74,1,3,0,0,0,159,5,6,0
1990,44,1,1,0,0,0,585,0,35,1
1990,37,1,0,0,0,0,216,3,40,0
1990,34,2,0,0,0,0,323,4,20,0
1990,32,2,3,1,1,1,22,5,40,0
1990,30,1,1,0,0,1,575,4,45,0
1990,33,2,1,0,0,1,0,0,0,0
1990,57,1,3,0,0,1,426,4,20,0
1990,19,2,1,0,0,1,435,3,0,0
1990,58,2,2,0,2,1,379,4,35,0
1990,63,1,1,0,0,0,0,0,0,0
1990,43,1,0,0,0,1,804,2,55,0
1990,42,2,0,0,0,1,447,5,20,0
1990,20,1,1,0,0,0,243,3,50,0
1990,18,1,1,0,0,0,0,0,0,0
1990,68,1,0,0,0,0,307,2,0,0
1990,62,2,0,0,0,0,0,0,0,0
1990,30,2,2,0,0,1,95,5,40,0
1990,32,2,2,1,1,1,447,5,40,0
1990,76,2,1,0,2,1,0,0,0,0
1990,58,2,1,0,2,0,458,4,40,0
1990,69,1,0,0,0,0,0,0,0,0
1990,69,2,0,0,0,0,0,0,0,0
1990,35,1,1,0,0,0,0,0,0,0
1990,39,1,1,0,0,1,64,4,35,0
1990,77,1,0,0,0,0,0,0,0,0
1990,71,2,0,0,0,0,0,0,0,0
1990,53,1,3,0,0,0,567,5,35,1
1990,24,1,1,0,0,1,423,6,35,0
1990,21,1,1,0,0,0,356,1,40,0
1990,72,2,2,0,0,0,0,0,0,0
1990,46,2,2,0,0,1,174,5,45,1
1990,47,1,1,0,0,1,65,2,40,0
1990,60,2,3,0,0,0,255,4,35,0
1990,30,2,1,0,0,1,15,5,40,0
1990,42,1,0,0,0,0,64,4,40,0
1990,40,2,0,0,0,1,313,5,40,0
1990,34,1,0,0,0,0,599,0,40,0
1990,30,2,0,0,0,0,447,5,0,0
1990,49,1,0,0,2,1,254,4,40,1
1990,48,2,0,0,0,0,339,5,37,0
1990,21,1,1,0,0,0,538,3,40,0
1990,40,2,2,1,0,0,0,0,0,0
1990,21,1,1,1,0,0,223,3,40,0
1990,19,2,1,1,0,0,0,0,0,0
1990,37,2,1,0,0,0,337,3,40,0
1990,37,1,2,0,0,0,453,4,40,0
1990,53,2,3,0,0,0,0,0,0,0
1990,48,1,0,0,0,0,544,2,60,1
1990,36,2,0,0,0,1,0,0,0,0
1990,23,1,1,0,0,1,335,5,40,0
1990,32,1,0,0,0,1,558,0,60,0
1990,30,2,0,0,0,0,259,1,0,0
1990,77,2,3,0,0,0,0,0,0,0
1990,20,2,1,1,0,1,348,2,40,0
1990,24,1,3,0,0,0,0,0,0,0
1990,72,2,0,0,0,0,0,0,0,0
1990,33,1,3,0,0,1,436,5,60,0
1990,50,2,2,0,1,0,0,0,0,0
1990,32,1,0,0,0,0,585,1,40,0
1990,29,2,0,0,1,0,709,1,35,0
1990,58,1,0,0,0,0,507,2,0,0
1990,61,2,0,0,0,0,313,5,40,0
1990,26,2,1,0,0,0,379,4,35,0
1990,28,1,0,0,0,0,696,2,40,0
1990,24,2,0,0,0,1,313,5,40,0
1990,63,1,0,0,0,0,637,1,40,0
1990,60,2,0,0,0,0,0,0,0,0
1990,25,1,1,0,0,1,0,0,0,0
1990,54,1,0,0,0,0,276,4,45,0
1990,45,2,0,0,0,0,447,4,45,0
1990,23,2,1,0,0,1,206,5,45,0
1990,58,1,0,0,0,0,0,0,0,0
1990,58,2,0,0,2,0,0,0,0,0
1990,31,2,1,0,0,1,95,5,50,0
1990,47,2,1,0,0,0,447,4,35,0
1990,27,1,1,1,0,1,243,3,50,0
1990,25,2,1,1,0,1,337,5,35,0
1990,78,2,3,0,0,0,0,0,0,0
1990,65,1,0,0,2,0,0,0,0,0
1990,59,2,0,0,0,0,7,4,37,0
1990,63,1,0,0,0,1,579,0,16,1
1990,64,2,0,0,0,0,0,0,0,0
1990,39,2,2,0,0,1,447,5,0,0
1990,45,1,0,0,0,0,734,1,40,0
1990,45,2,0,0,0,0,348,5,40,0
1990,20,2,0,0,0,0,379,3,24,0
1990,35,1,0,0,2,0,254,4,60,0
1990,31,2,0,0,0,1,0,0,0,0
1990,38,2,2,0,0,1,229,4,36,1
1990,29,2,1,0,0,1,22,3,40,0
1990,48,1,0,0,0,0,417,6,48,0
1990,41,2,0,0,0,0,0,0,0,0
1990,40,1,1,0,0,1,253,4,35,0
1990,55,1,0,3,3,1,96,3,60,0
1990,50,2,0,3,3,1,95,5,20,0
1990,46,1,0,3,3,1,777,4,40,0
1990,47,2,0,3,3,1,84,5,46,1
1990,33,1,0,3,3,1,229,4,40,0
1990,31,2,0,3,3,1,164,5,0,0
1990,64,2,3,0,2,0,0,0,0,0
1990,30,1,1,0,0,0,0,0,0,0
1990,57,1,0,0,0,1,178,5,45,1
1990,55,2,0,0,0,0,0,0,0,0
1990,19,2,1,0,0,1,276,3,20,0
1990,40,1,2,0,0,0,243,3,60,0
1990,33,2,2,0,0,0,186,5,0,0
1990,79,2,0,0,0,0,0,0,0,0
1990,73,1,1,0,0,0,0,0,0,0
1990,39,1,0,0,0,1,418,6,40,0
1990,36,2,0,0,0,0,0,0,0,0
1990,29,2,1,0,0,1,6,6,47,0
1990,64,1,0,0,0,0,0,0,0,0
1990,62,2,0,0,0,0,315,4,37,0
1990,71,2,1,0,0,0,0,0,0,0
1990,76,1,0,0,0,1,0,0,0,0
1990,61,2,0,0,0,0,0,0,0,0
1990,29,1,1,0,0,1,216,5,15,0
1990,37,1,1,0,0,1,59,4,40,0
1990,75,2,3,0,0,0,0,0,0,0
1990,46,1,0,0,0,0,534,0,40,0
1990,45,2,0,0,0,0,436,5,37,0
1990,20,2,1,0,0,0,313,4,35,0
1990,19,1,1,0,0,1,426,4,0,0
1990,33,2,2,0,0,0,275,4,20,0
1990,27,1,0,0,0,0,243,3,40,0
1990,25,2,0,0,0,1,337,3,40,0
1990,60,1,0,0,2,1,354,2,40,0
1990,63,2,0,0,0,0,438,3,16,0
1990,27,2,1,0,0,0,0,0,0,0
1990,46,2,3,0,0,0,313,4,40,0
1990,21,1,1,0,0,1,813,4,25,0
1990,18,2,1,0,0,0,276,3,0,0
1990,43,1,1,0,0,1,176,5,50,0
1990,27,1,0,0,0,0,804,2,40,0
1990,53,2,0,0,0,0,0,0,0,0
1990,68,1,3,0,0,0,0,0,0,0
1990,28,1,0,0,1,0,243,3,52,1
1990,28,2,0,0,0,1,255,4,35,0
1990,30,1,0,0,0,1,7,4,70,0
1990,27,2,0,0,0,1,313,2,45,0
1990,72,2,3,0,2,0,0,0,0,0
1990,41,1,0,0,0,1,259,3,40,1
1990,41,2,0,0,0,1,0,0,0,0
1990,38,1,0,0,0,1,257,2,45,0
1990,36,2,0,0,0,0,0,0,0,0
1990,53,1,0,0,0,1,18,4,37,0
1990,49,2,0,0,0,1,204,5,30,0
1990,40,1,0,0,0,1,156,5,45,1
1990,34,2,0,0,0,1,0,0,0,0
1990,70,1,0,0,0,0,0,0,0,0
1990,55,2,0,0,0,0,276,4,40,0
1990,46,1,0,0,0,1,157,5,40,0
1990,47,2,0,0,0,1,243,3,18,0
1990,66,1,0,0,0,0,0,0,0,0
1990,52,2,0,0,0,0,425,6,20,0
1990,35,2,0,0,0,0,0,0,0,0
1990,40,1,0,0,0,0,575,2,40,0
1990,21,1,1,0,0,0,575,0,0,0
1990,49,1,0,0,0,0,575,0,40,0
1990,49,2,0,0,0,0,0,0,0,0
1990,21,1,1,0,0,1,866,0,35,0
1990,23,2,1,0,0,1,197,4,40,0
1990,63,1,3,0,0,0,804,3,8,0
1990,59,2,2,0,0,0,0,0,0,0
1990,35,2,1,0,0,0,0,0,0,0
1990,44,1,0,0,0,0,19,4,40,0
1990,45,2,0,0,0,0,0,0,0,0
1990,53,2,3,0,0,0,0,0,0,0
1990,55,1,0,0,0,0,0,0,0,0
1990,52,2,0,0,0,0,469,2,40,0
1990,43,2,2,0,0,0,337,1,99,0
1990,19,1,1,0,0,0,735,1,35,0
1990,51,1,2,0,0,0,869,0,40,1
1990,32,2,3,2,0,0,0,0,0,0
1990,64,2,3,1,1,1,0,0,0,0
1990,25,2,0,0,0,1,313,4,45,0
1990,29,1,0,0,0,1,194,6,40,0
1990,35,1,3,0,0,0,777,1,37,0
1990,35,2,2,0,0,0,0,0,0,0
1990,56,1,0,2,0,0,785,1,0,0
1990,62,2,0,2,0,0,0,0,0,0
1990,47,1,0,2,1,0,739,1,48,0
1990,47,2,0,2,1,0,744,1,0,0
1990,33,2,1,1,2,0,327,4,40,0
1990,45,2,3,1,1,0,348,3,40,0
1990,30,1,0,0,1,0,486,5,37,0
1990,28,2,0,0,0,1,0,0,0,0
1990,72,1,0,0,0,0,0,0,0,0
1990,51,2,0,0,0,0,0,0,0,0
1990,28,1,1,0,0,0,769,3,40,0
1990,45,2,2,2,0,0,0,0,0,0
1990,25,2,1,2,0,0,0,0,0,0
1990,22,2,1,2,0,0,276,3,8,0
1990,36,1,1,2,0,0,0,0,0,0
1990,39,2,3,2,0,0,785,1,40,0
1990,21,2,1,2,0,0,785,1,36,0
1990,39,1,0,0,0,0,308,1,0,0
1990,36,2,0,0,2,0,0,0,0,0
1990,74,2,3,1,1,0,0,0,0,0
1990,73,2,2,2,0,0,0,0,0,0
1990,35,1,1,2,0,0,809,2,0,0
1990,44,1,1,1,0,0,744,1,35,0
1990,70,1,0,0,0,0,434,3,0,0
1990,69,2,0,0,0,0,0,0,0,0
1990,47,2,2,2,1,0,303,5,40,0
1990,70,2,3,2,1,0,0,0,0,0
1990,64,2,0,0,0,0,0,0,0,0
1990,68,1,0,0,0,0,628,1,0,0
1990,63,1,0,2,1,0,748,5,35,0
1990,66,2,0,2,1,0,0,0,0,0
1990,27,1,1,2,1,0,444,5,35,0
1990,25,2,1,2,1,0,313,5,35,0
1990,26,2,1,0,0,1,13,4,45,0
1990,44,1,3,0,2,0,0,0,0,0
1990,29,1,3,0,2,0,469,5,40,0
1990,45,1,3,0,2,0,274,3,40,0
1990,51,1,3,0,2,0,497,5,66,0
1990,48,1,0,0,0,0,347,2,40,1
1990,44,2,0,0,0,0,425,6,50,0
1990,27,1,0,0,0,1,189,5,40,0
1990,27,2,0,0,0,1,188,1,40,0
1990,31,1,0,0,0,0,809,2,40,1
1990,31,2,0,0,2,0,359,2,50,0
1990,36,1,0,0,0,1,178,5,50,0
1990,39,2,0,0,0,1,178,4,55,1
1990,33,1,3,0,0,0,575,0,0,0
1990,20,1,1,0,0,0,567,0,25,0
1990,28,2,1,0,0,1,197,3,50,0
1990,32,1,1,0,0,1,434,3,40,0
1990,23,1,1,0,0,0,573,0,20,0
1990,53,1,0,0,1,0,435,3,0,0
1990,42,2,0,0,1,0,0,0,0,0
1990,33,2,1,0,0,1,21,5,40,1
1990,31,1,1,0,0,1,178,6,60,1
1990,25,2,3,0,0,1,337,4,45,0
1990,34,2,1,0,0,0,387,1,40,0
1990,32,1,0,0,0,1,195,1,45,0
1990,36,2,0,3,0,1,197,1,50,0
1990,53,1,3,3,4,0,734,1,0,0
1990,24,2,3,1,0,1,446,5,0,0
1990,71,1,3,1,0,0,0,0,0,0
1990,35,1,2,1,0,1,804,4,60,0
1990,62,1,2,1,1,0,0,0,0,0
1990,41,2,1,1,0,1,21,5,40,0
1990,20,1,1,1,0,0,276,3,40,0
1990,19,2,1,1,0,1,276,3,20,0
1990,34,2,1,3,0,1,357,4,40,0
1990,34,1,1,1,0,0,0,0,0,0
1990,58,2,0,2,0,0,0,0,0,0
1990,66,1,0,2,0,0,0,0,0,0
1990,20,2,1,2,0,1,274,3,0,0
1990,30,1,1,2,0,0,426,4,8,0
1990,32,2,2,1,0,1,389,6,35,0
1990,56,2,2,1,0,0,0,0,0,0
1990,41,1,2,1,0,1,95,5,40,0
1990,42,1,0,1,0,1,0,0,0,0
1990,38,2,0,1,0,1,156,5,40,0
1990,25,2,0,1,0,0,804,2,40,0
1990,24,1,0,1,0,1,313,5,40,0
1990,49,2,1,1,0,0,0,0,0,0
1990,52,1,1,1,0,0,628,3,40,0
1990,21,1,1,1,0,1,315,6,40,0
1990,28,1,1,1,0,0,0,0,0,0
1990,33,2,3,0,0,0,0,0,0,0
1990,46,1,1,0,0,0,823,2,40,0
1990,71,1,0,1,1,1,22,4,0,0
1990,68,2,0,1,1,0,0,0,0,0
1990,80,2,3,1,0,0,0,0,0,0
1990,63,2,3,1,0,0,0,0,0,0
1990,62,1,0,1,0,1,305,6,0,0
1990,51,2,0,1,1,1,243,4,40,1
1990,25,1,3,1,0,1,178,5,35,0
1990,25,2,3,1,0,1,178,5,35,0
1990,27,2,1,1,4,1,0,0,0,0
1990,80,2,3,1,1,0,0,0,0,0
1990,38,1,0,0,0,1,185,1,35,1
1990,45,2,0,0,0,1,195,1,25,0
1990,26,1,1,0,0,1,379,5,30,0
1990,67,1,3,1,0,0,0,0,0,0
1990,28,2,1,1,1,0,447,5,35,0
1990,33,2,2,1,0,1,185,1,40,0
1990,38,2,3,2,0,0,319,5,28,0
1990,32,1,1,0,1,1,21,5,40,0
1990,32,2,1,0,1,1,313,3,40,0
1990,72,2,1,1,4,0,0,0,0,0
1990,29,2,1,1,0,0,774,5,40,0
1990,31,2,1,1,0,0,785,1,40,0
1990,50,2,3,1,0,1,407,4,0,0
1990,20,1,1,1,0,0,0,0,0,0
1990,44,1,2,0,0,1,178,5,80,0
1990,35,2,1,1,0,0,364,3,0,0
1990,32,1,1,1,0,0,887,2,0,0
1990,70,1,0,1,1,0,243,3,0,0
1990,64,2,0,1,1,0,447,4,84,0
1990,41,2,1,1,1,0,447,5,40,0
1990,37,2,1,1,1,1,156,5,40,0
1990,27,2,3,1,1,0,23,6,40,0
1990,59,2,3,1,1,0,407,4,20,0
1990,69,2,1,1,0,0,0,0,0,0
1990,32,2,1,1,0,0,379,4,0,0
1990,49,1,3,1,0,0,453,4,40,0
1990,56,1,3,1,0,0,804,4,40,0
1990,33,1,1,2,1,1,903,6,40,0
1990,34,2,1,2,4,0,0,0,0,0
1990,47,2,3,1,0,0,0,0,0,0
1990,20,1,1,1,0,0,777,1,0,0
1990,19,1,1,1,0,0,0,0,0,0
1990,57,2,3,1,0,0,447,5,40,0
1990,27,2,2,1,0,0,0,0,0,0
1990,30,1,1,1,0,1,779,3,0,0
1990,39,2,3,1,0,0,379,5,15,0
1990,19,1,0,1,0,0,444,3,28,0
1990,18,2,0,1,0,0,0,0,0,0
1990,50,1,2,1,0,0,426,5,40,0
1990,41,1,0,1,0,0,379,4,40,0
1990,40,2,0,1,0,0,355,2,0,0
1990,74,2,1,1,0,0,0,0,0,0
1990,32,2,1,1,0,0,0,0,0,0
1990,59,2,3,1,0,1,387,5,37,0
1990,39,1,1,1,0,1,0,0,0,0
1990,54,1,0,1,1,0,708,1,35,0
1990,46,2,0,1,1,1,385,6,40,0
1990,26,1,1,1,1,0,0,0,0,0
1990,26,2,1,1,1,0,23,3,40,0
1990,36,1,0,0,0,0,159,5,35,0
1990,36,2,0,0,0,0,0,0,0,0
1990,66,2,2,0,0,0,313,1,0,0
1990,37,1,0,2,0,0,17,3,40,0
1990,30,2,0,2,0,0,313,4,40,0
1990,29,2,1,1,0,0,447,5,28,0
1990,40,2,2,1,0,0,447,5,12,0
1990,24,1,1,1,0,0,904,6,40,0
1990,68,1,0,2,0,0,888,1,0,0
1990,61,2,0,2,0,0,0,0,0,0
1990,47,1,0,1,1,0,274,3,40,0
1990,48,2,0,1,1,0,0,0,0,0
1990,34,2,2,2,1,0,259,1,40,0
1990,34,2,1,1,0,0,0,0,0,0
1990,61,2,1,1,1,0,0,0,0,0
1990,59,1,1,1,1,0,505,4,48,0
1990,22,2,1,2,0,1,234,5,35,0
1990,35,1,0,2,0,0,744,1,0,0
1990,40,2,0,0,1,1,649,5,40,0
1990,56,2,3,3,3,0,744,1,37,0
1990,26,1,0,3,3,0,889,1,40,0
1990,25,2,0,3,3,1,0,0,0,0
1990,27,1,1,2,0,0,904,6,80,0
1990,36,2,1,2,0,0,276,3,40,0
1990,45,2,1,2,0,0,0,0,0,0
1990,62,2,1,1,0,1,0,0,0,0
1990,32,2,1,2,0,0,379,5,35,0
1990,34,2,1,2,0,0,0,0,0,0
1990,39,1,0,3,3,0,809,2,60,0
1990,30,2,0,3,3,0,889,1,0,0
1990,63,2,1,3,0,0,37,4,40,0
1990,42,1,0,3,1,0,875,4,47,0
1990,37,2,0,3,1,0,0,0,0,0
1990,57,1,1,0,0,1,558,0,30,0
1990,51,1,1,0,0,1,185,3,35,1
1990,54,2,2,2,0,0,779,1,0,0
1990,19,1,1,2,0,0,264,3,0,0
1990,53,2,1,2,0,0,0,0,0,0
1990,35,1,0,0,0,0,804,3,40,0
1990,31,2,0,0,0,0,0,0,0,0
1990,62,2,3,0,0,1,0,0,0,0
1990,25,1,1,0,0,0,479,0,0,0
1990,72,2,3,1,0,0,0,0,0,0
1990,29,2,1,1,0,0,0,0,0,0
1990,58,2,2,0,2,1,0,0,0,0
1990,56,1,3,1,0,0,0,0,0,0
1990,72,1,0,1,0,0,487,5,37,1
1990,50,2,0,1,0,0,0,0,0,0
1990,18,2,3,1,0,0,329,5,20,0
1990,69,1,3,1,0,0,0,0,0,0
1990,27,1,3,3,1,0,809,5,40,0
1990,69,1,0,1,1,0,35,0,0,0
1990,38,2,0,1,1,0,407,4,0,0
1990,19,1,1,1,1,0,365,3,0,0
1990,30,2,2,0,1,0,0,0,0,0
1990,47,1,0,0,4,0,0,0,0,0
1990,48,2,0,0,0,0,467,5,22,0
1990,25,2,1,0,4,0,313,1,37,0
1990,25,2,1,2,0,0,0,0,0,0
1990,37,1,0,1,1,1,259,3,80,0
1990,31,2,0,1,1,0,318,2,40,0
1990,77,1,3,0,0,0,0,0,0,0
1990,28,2,1,2,1,0,0,0,0,0
1990,47,1,0,0,0,0,389,6,35,0
1990,46,2,0,0,0,0,715,3,40,0
1990,73,2,1,0,0,0,666,3,0,0
1990,43,2,3,0,1,0,0,0,0,0
1990,68,1,3,3,1,0,888,1,0,0
1990,35,2,0,3,1,0,0,0,0,0
1990,39,1,0,3,1,0,769,1,45,0
1990,43,2,2,2,0,0,0,0,0,0
1990,22,1,1,2,0,0,0,0,0,0
1990,18,2,1,2,0,0,385,4,40,0
1990,57,2,1,1,0,0,379,2,40,0
1990,39,1,3,1,0,1,385,3,0,0
1990,65,1,0,1,0,0,307,2,0,0
1990,63,2,0,1,0,0,315,4,0,0
1990,59,2,3,1,0,0,0,0,0,0
1990,41,1,0,1,4,1,95,5,37,0
1990,46,2,0,1,4,0,0,0,0,0
1990,19,1,1,1,4,0,347,4,40,0
1990,41,2,0,0,0,1,156,5,30,0
1990,41,1,0,0,0,1,243,3,50,1
1990,23,1,0,2,0,0,647,3,40,0
1990,19,2,0,2,0,0,888,1,40,0
1990,45,1,0,0,2,1,18,4,40,0
1990,27,2,0,0,0,1,243,3,40,0
1990,38,2,2,0,0,1,26,6,40,0
1990,38,2,3,0,2,1,21,5,45,0
1990,59,1,0,0,0,1,178,5,50,1
1990,47,2,0,0,0,1,145,5,45,1
1990,71,1,3,0,0,0,653,1,30,0
1990,34,2,3,0,0,1,285,4,40,0
1990,34,2,1,1,0,0,0,0,0,0
1990,37,1,0,1,0,0,355,2,40,0
1990,37,2,0,1,0,0,0,0,0,0
1990,54,2,0,0,0,1,139,5,30,0
1990,55,1,0,0,0,1,105,5,25,0
1990,40,1,1,0,0,0,804,2,45,0
1990,42,2,2,0,0,0,0,0,0,0
1990,33,1,1,0,0,1,23,4,45,1
1990,35,1,1,0,0,1,185,4,40,0
1990,48,2,3,1,0,1,276,2,40,0
1990,76,1,0,1,0,0,0,0,0,0
1990,79,2,0,1,1,0,0,0,0,0
1990,35,2,2,1,1,1,176,5,40,0
1990,28,2,1,0,0,0,243,4,35,0
1990,71,2,3,0,0,0,744,1,40,0
1990,70,1,1,0,0,0,0,0,0,0
1990,22,2,0,2,0,0,319,5,35,0
1990,24,1,0,2,0,0,683,0,40,0
1990,20,1,0,1,0,0,234,5,40,0
1990,28,2,0,1,0,1,167,5,40,0
1990,41,1,0,0,0,1,505,4,40,0
1990,37,2,0,0,0,0,313,4,0,0
1990,70,2,3,0,0,0,0,0,0,0
1990,49,2,2,1,0,1,384,5,40,0
1990,33,2,3,3,0,0,356,3,40,0
1990,19,2,1,1,2,1,255,4,35,0
1990,33,2,2,1,0,1,178,5,40,1
1990,36,2,3,3,3,1,447,5,37,0
1990,33,2,1,3,3,1,95,5,37,0
1990,26,2,1,3,4,1,447,5,37,0
1990,36,2,1,0,0,0,0,0,0,0
1990,29,2,1,3,0,1,435,1,40,0
1990,29,2,1,0,0,1,23,4,48,0
1990,30,1,0,0,0,1,206,5,55,0
1990,29,2,0,0,0,1,95,5,40,0
1990,26,1,0,0,0,1,229,4,40,0
1990,24,2,0,0,0,1,243,3,45,0
1990,47,1,0,2,0,0,18,4,40,0
1990,70,2,0,1,0,0,0,0,0,0
1990,29,1,1,0,0,1,189,3,50,0
1990,31,1,0,0,0,1,389,4,40,0
1990,32,2,0,1,1,1,23,4,40,0
1990,24,1,1,0,0,1,243,4,45,1
1990,45,1,0,0,4,1,903,6,60,0
1990,40,2,0,0,4,1,22,5,35,0
1990,34,2,2,0,0,0,0,0,0,0
1990,52,2,3,0,0,0,747,1,40,0
1990,28,1,1,0,0,0,426,4,40,0
1990,46,1,0,3,3,0,436,3,60,0
1990,43,2,0,3,3,0,744,1,60,0
1990,18,2,1,3,3,0,0,0,0,0
1990,38,1,2,2,1,0,436,3,54,0
1990,69,2,3,0,0,0,0,0,0,0
1990,28,1,3,0,0,0,415,4,40,0
1990,62,1,0,3,3,0,17,3,0,0
1990,40,2,0,3,3,0,744,1,0,0
1990,56,2,3,0,0,0,0,0,0,0
1990,40,2,1,0,0,0,0,0,0,0
1990,37,2,3,2,0,1,313,4,35,0
1990,56,2,3,1,0,0,447,6,0,0
1990,25,2,1,1,0,0,0,0,0,0
1990,21,1,1,2,0,0,735,1,39,0
1990,28,2,0,2,0,0,0,0,0,0
1990,30,1,0,2,0,0,0,0,0,0
1990,26,2,0,2,1,1,785,1,40,0
1990,37,1,0,2,1,0,436,3,48,0
1990,53,2,1,1,1,0,447,4,60,0
1990,27,1,0,3,3,1,255,4,60,0
1990,23,2,0,3,3,1,337,5,0,0
1990,25,1,0,2,0,0,734,1,40,0
1990,24,2,0,2,0,1,185,4,40,0
1990,66,2,3,0,0,0,25,5,8,0
1990,60,1,2,0,0,0,628,1,40,0
1990,50,2,1,2,0,0,0,0,0,0
1990,34,1,3,2,0,0,364,3,40,0
1990,33,1,1,2,0,0,453,5,40,0
1990,49,1,3,2,0,0,378,3,43,0
1990,31,2,1,2,1,0,0,0,0,0
1990,38,1,1,2,1,0,436,3,60,0
1990,31,1,1,2,1,0,744,1,40,0
1990,23,1,1,2,1,1,744,1,40,0
1990,33,1,1,3,3,1,435,3,60,0
1990,25,1,0,0,0,0,549,5,40,0
1990,26,2,0,0,0,1,313,4,0,0
1990,24,1,1,1,0,1,547,5,43,0
1990,24,2,0,1,0,1,17,3,0,0
1990,45,2,3,2,1,0,744,1,40,0
1990,62,1,0,0,2,0,744,1,35,0
1990,60,2,0,0,2,0,779,1,0,0
1990,38,1,3,0,1,0,436,3,60,0
1990,72,2,3,0,0,0,274,3,25,0
1990,44,2,1,0,0,0,313,0,40,0
1990,31,2,2,0,2,0,457,4,0,0
1990,34,1,0,0,0,0,274,3,40,0
1990,37,2,0,0,0,1,529,2,40,0
1990,70,2,3,0,0,0,0,0,0,0
1990,61,2,3,0,0,0,255,4,36,0
1990,54,1,0,1,1,0,453,5,37,0
1990,43,2,0,1,1,0,375,4,37,0
1990,22,2,1,1,1,0,0,0,0,0
1990,35,1,0,1,0,1,36,6,35,0
1990,36,2,0,1,0,1,174,5,60,0
1990,72,2,3,1,0,0,0,0,0,0
1990,44,2,1,1,0,0,447,5,35,0
1990,45,2,2,1,1,0,447,5,0,0
1990,19,1,1,1,0,0,426,4,40,0
1990,75,1,3,1,1,0,0,0,0,0
1990,47,1,2,1,1,0,809,4,40,0
1990,54,2,1,1,0,0,0,0,0,0
1990,33,2,2,1,1,0,313,1,35,0
1990,66,2,3,1,1,0,449,5,35,0
1990,38,1,1,1,1,1,453,5,70,0
1990,47,2,1,1,1,0,447,5,40,0
1990,35,2,0,1,1,0,406,4,40,0
1990,36,1,0,1,1,0,567,0,40,0
1990,21,2,1,1,1,0,435,3,36,0
1990,20,2,1,1,1,0,339,4,30,0
1990,18,2,1,1,1,0,379,5,35,0
1990,42,2,1,1,0,1,315,6,30,0
1990,32,1,0,1,0,0,808,2,40,0
1990,29,2,0,1,0,1,95,5,40,0
1990,47,2,0,1,1,0,447,5,60,0
1990,49,1,0,1,1,0,469,4,40,0
1990,21,2,1,1,1,0,0,0,0,0
1990,20,1,1,1,0,1,575,0,40,0
1990,24,1,1,1,0,0,575,0,40,0
1990,66,2,1,1,0,1,174,5,0,0
1990,51,1,0,0,0,1,159,5,35,0
1990,49,2,0,0,0,1,313,5,40,0
1990,26,1,1,0,0,1,337,3,30,0
1990,53,1,1,1,0,0,889,4,0,0
1990,57,2,3,1,0,0,0,0,0,0
1990,21,2,3,1,1,0,276,5,0,0
1990,49,2,2,1,0,0,389,5,35,0
1990,70,1,0,1,0,0,0,0,0,0
1990,69,2,0,1,0,0,0,0,0,0
1990,80,2,1,1,1,0,0,0,0,0
1990,41,1,3,2,0,0,0,0,0,0
1990,40,1,1,1,0,0,378,5,35,0
1990,28,2,2,1,1,0,447,5,0,0
1990,34,2,0,0,1,0,785,1,40,0
1990,25,1,0,0,1,0,276,3,40,0
1990,21,1,1,0,0,0,0,0,0,0
1990,41,2,0,1,0,0,0,0,0,0
1990,52,1,0,1,0,0,461,5,40,0
1990,18,2,1,1,0,0,335,5,15,0
1990,56,1,1,1,1,0,909,6,0,0
1990,67,2,1,1,1,1,315,6,35,0
1990,42,2,3,1,0,1,313,5,35,0
1990,43,2,2,1,1,0,447,5,40,0
1990,20,2,1,1,0,1,174,5,20,0
1990,49,1,3,1,4,0,585,4,40,0
1990,18,1,1,1,0,0,0,0,0,0
1990,27,2,1,1,1,1,276,3,40,0
1990,60,2,2,1,1,1,303,2,40,0
1990,79,2,1,1,1,0,0,0,0,0
1990,27,2,1,1,0,1,426,5,35,0
1990,31,1,0,0,0,0,804,2,50,0
1990,28,2,0,0,0,0,0,0,0,0
1990,36,2,3,0,0,1,276,3,0,0
1990,31,1,0,1,1,0,337,2,40,0
1990,32,2,0,3,1,1,337,5,0,0
1990,35,2,0,1,0,1,22,4,40,0
1990,39,1,0,1,0,0,0,0,0,0
1990,24,1,1,1,0,1,889,2,40,0
1990,43,2,1,1,0,0,447,5,60,0
1990,21,1,1,1,0,0,357,4,20,0
1990,53,1,2,1,1,0,453,4,0,0
1990,66,1,3,1,1,0,785,5,40,0
1990,28,2,2,1,0,1,308,5,40,0
1990,51,1,0,1,1,0,364,1,40,0
1990,63,2,0,1,0,0,0,0,0,0
1990,32,1,1,1,0,0,575,0,40,0
1990,61,1,0,1,1,0,507,4,40,0
1990,55,2,0,1,1,0,0,0,0,0
1990,25,2,1,1,0,1,95,5,40,0
1990,21,2,1,1,0,1,27,3,40,0
1990,28,1,3,1,1,0,804,3,40,0
1990,80,2,3,1,1,0,447,5,40,0
1990,43,2,3,1,1,1,156,5,40,0
1990,39,1,0,0,0,1,436,3,72,1
1990,34,2,0,0,0,1,436,3,35,0
1990,75,2,1,0,0,1,0,0,0,0
1990,48,1,0,0,0,1,27,6,40,1
1990,42,2,0,0,0,1,6,6,40,1
1990,62,1,0,3,0,1,5,6,40,0
1990,55,2,0,3,0,1,0,0,0,0
1990,37,1,0,0,1,1,243,2,50,1
1990,34,2,0,0,0,1,29,3,0,0
1990,72,2,3,0,0,0,0,0,0,0
1990,30,2,0,0,0,1,257,2,40,0
1990,32,1,0,0,0,1,13,2,40,0
1990,74,2,3,0,0,0,0,0,0,1
1990,37,2,0,0,0,1,29,3,60,1
1990,35,1,0,0,0,1,257,4,50,1
1990,47,1,0,0,2,0,436,3,55,0
1990,50,2,0,0,2,0,468,5,20,0
1990,48,2,1,0,0,1,7,4,20,0
1990,52,1,0,0,2,1,344,4,35,0
1990,47,2,0,0,2,0,0,0,0,0
1990,48,2,3,0,2,0,0,0,0,0
1990,58,1,2,0,0,0,736,1,34,0
1990,55,1,1,0,0,0,453,6,40,0
1990,37,1,0,0,0,0,769,1,40,0
1990,65,2,0,0,0,0,0,0,0,0
1990,26,1,0,0,0,0,804,5,0,0
1990,25,2,0,0,0,0,447,5,0,0
1990,42,2,3,0,3,1,0,0,0,0
1990,21,1,1,0,3,0,0,0,0,0
1990,18,1,1,0,3,0,337,3,25,0
1990,45,1,0,0,0,1,188,1,45,1
1990,41,2,0,0,0,0,325,1,24,0
1990,40,1,0,0,1,0,303,4,40,0
1990,38,2,0,0,0,0,447,5,20,0
1990,39,1,1,0,0,0,22,3,40,1
1990,74,1,0,0,0,0,0,0,0,0
1990,66,2,0,0,1,0,0,0,0,0
1990,31,2,1,0,0,1,174,5,45,0
1990,55,2,3,0,0,1,313,5,30,1
1990,32,1,0,0,0,1,178,5,50,1
1990,29,2,0,0,0,1,185,4,42,0
1990,59,1,0,0,0,1,453,3,80,0
1990,53,2,0,0,0,1,37,6,37,0
1990,25,1,1,0,0,0,267,3,0,0
1990,45,1,0,0,2,0,567,0,35,0
1990,41,2,0,0,2,0,0,0,0,0
1990,20,1,1,0,0,1,866,0,40,0
1990,25,1,1,0,0,0,189,3,35,0
1990,39,1,0,0,0,0,808,2,43,0
1990,31,2,0,0,0,0,0,0,0,0
1990,27,1,0,3,3,1,27,6,45,0
1990,26,2,0,3,3,1,0,0,0,0
1990,63,1,2,0,0,0,628,1,56,0
1990,36,1,0,0,0,0,875,2,40,0
1990,39,2,0,0,0,0,313,4,0,0
1990,30,1,0,0,0,0,889,5,40,0
1990,29,2,0,0,0,1,313,3,40,0
1990,31,2,1,0,0,1,313,1,40,0
1990,79,2,3,0,0,0,0,0,0,0
1990,80,2,3,0,0,0,0,0,0,0
1990,45,1,1,0,0,1,156,5,31,1
1990,76,2,3,0,0,0,0,0,0,0
1990,47,2,0,0,0,1,7,4,35,1
1990,23,1,0,0,0,0,274,3,40,1
1990,74,1,0,0,0,0,0,0,0,0
1990,67,2,0,0,0,0,315,4,0,0
1990,37,2,1,0,0,0,0,0,0,0
1990,34,2,1,0,0,0,303,5,40,0
1990,72,1,0,0,0,0,0,0,0,0
1990,70,2,0,0,0,0,389,5,25,0
1990,37,2,3,0,2,1,164,5,8,0
1990,32,1,0,0,0,0,27,4,40,0
1990,29,2,0,0,0,0,313,4,30,0
1990,75,1,0,0,0,0,0,0,0,0
1990,71,2,0,0,0,0,0,0,0,0
1990,74,1,0,0,0,0,0,0,0,0
1990,65,2,0,0,0,0,744,1,35,0
1990,70,1,0,0,0,0,0,0,0,0
1990,68,2,0,0,0,0,0,0,0,0
1990,33,2,2,0,0,0,253,4,0,0
1990,30,2,1,0,0,1,318,2,50,0
1990,41,2,0,2,2,0,0,0,0,0
1990,41,1,0,0,0,0,18,4,35,0
1990,31,1,0,0,2,1,23,4,40,1
1990,30,2,0,0,2,0,0,0,0,0
1990,39,1,0,3,3,1,418,6,40,0
1990,39,2,0,3,3,1,274,3,35,0
1990,52,1,2,0,0,0,25,4,40,0
1990,38,1,0,0,0,1,89,5,40,1
1990,38,2,0,0,0,0,0,0,0,0
1990,19,1,0,0,0,0,0,0,0,0
1990,18,2,0,0,0,0,0,0,0,0
1990,51,1,0,0,0,1,804,3,40,0
1990,49,2,0,0,0,1,313,5,30,0
1990,72,2,3,0,0,0,0,0,0,0
1990,80,1,0,0,2,0,0,0,0,0
1990,72,2,0,0,2,0,0,0,0,0
1990,72,1,0,0,0,1,0,0,0,0
1990,69,2,0,0,0,1,0,0,0,0
1990,60,1,0,0,1,0,444,3,0,0
1990,58,2,0,0,1,0,0,0,0,0
1990,32,1,1,0,1,0,453,1,40,0
1990,29,1,1,0,1,0,453,1,20,0
1990,23,1,1,0,1,0,453,4,40,0
1990,35,2,2,0,1,0,0,0,0,0
1990,29,2,1,0,0,1,313,6,40,0
1990,23,2,1,0,0,0,443,3,20,0
1990,28,1,1,0,0,0,585,0,40,0
1990,27,1,0,2,1,0,418,6,40,0
1990,19,2,0,2,1,0,436,3,0,0
1990,60,2,2,2,1,0,447,5,30,0
1990,23,1,1,2,0,1,883,2,40,0
1990,29,1,1,0,4,0,303,4,40,0
1990,45,1,1,0,4,1,178,5,50,0
1990,44,1,1,0,0,1,385,3,32,0
1990,75,1,3,0,0,0,0,0,0,0
1990,65,2,1,0,0,0,316,4,0,0
1990,68,1,1,0,0,0,0,0,0,0
1990,69,2,1,0,0,0,0,0,0,0
1990,62,2,3,0,0,0,319,5,0,0
1990,47,1,1,0,0,0,259,3,0,0
1990,26,1,1,0,0,0,276,3,40,0
1990,28,2,1,0,0,1,23,1,70,0
1990,50,1,0,0,2,0,686,3,90,0
1990,46,2,0,0,2,0,744,1,35,0
1990,18,2,1,0,0,0,0,0,0,0
1990,43,2,2,0,0,1,458,4,25,0
1990,77,2,1,0,0,0,0,0,0,0
1990,73,2,1,0,0,0,0,0,0,0
1990,35,2,2,0,0,1,37,4,35,0
1990,50,1,0,0,0,1,418,6,40,0
1990,46,2,0,0,0,1,163,5,27,0
1990,22,2,1,0,0,1,276,3,0,0
1990,18,1,1,0,0,1,0,0,0,0
1990,25,1,0,0,0,0,889,2,40,0
1990,25,2,0,0,0,0,313,5,40,0
1990,50,1,0,0,0,1,448,2,50,1
1990,53,2,0,0,0,0,0,0,0,0
1990,22,2,1,0,0,1,313,4,40,0
1990,50,1,0,3,3,1,229,5,40,0
1990,46,2,0,3,3,0,779,1,40,0
1990,70,1,3,3,3,0,0,0,0,0
1990,70,1,0,0,0,0,668,1,0,0
1990,63,2,0,0,2,0,0,0,0,0
1990,39,2,3,0,0,0,0,0,0,0
1990,74,2,0,0,0,0,0,0,0,0
1990,69,1,0,0,2,1,176,5,0,0
1990,59,2,0,0,0,1,128,5,15,0
1990,37,2,0,0,2,0,0,0,0,0
1990,38,1,0,0,2,0,435,3,35,0
1990,43,2,3,2,1,0,888,1,40,0
1990,24,1,1,2,1,0,357,4,35,0
1990,23,1,1,2,0,1,754,1,40,0
1990,78,2,3,0,0,0,0,0,0,0
1990,40,2,2,0,4,1,274,3,40,0
1990,37,2,0,0,0,0,0,0,0,0
1990,31,1,0,0,0,0,889,2,40,0
1990,46,1,0,0,0,0,647,1,40,0
1990,43,2,0,0,0,0,0,0,0,0
1990,69,1,0,0,0,0,734,1,25,0
1990,66,2,0,0,0,0,339,1,25,0
1990,35,1,3,0,0,1,514,4,40,0
1990,33,2,3,0,0,1,313,4,0,0
1990,35,2,3,0,0,0,37,4,40,0
1990,47,1,0,0,0,0,346,1,55,0
1990,46,2,0,0,0,0,0,0,0,0
1990,27,1,1,0,0,1,375,4,50,0
1990,25,2,1,0,0,1,313,4,40,0
1990,44,1,0,0,0,1,259,3,40,0
1990,39,2,0,0,0,1,156,5,35,0
1990,32,1,0,0,0,1,387,5,0,0
1990,28,2,0,0,0,0,313,5,0,0
1990,71,1,3,0,2,0,307,2,8,0
1990,77,1,0,0,2,0,0,0,0,0
1990,71,2,0,0,2,0,0,0,0,0
1990,37,1,0,0,2,1,167,5,40,1
1990,36,2,0,0,0,1,243,3,15,0
1990,39,2,1,3,3,1,23,4,35,0
1990,58,2,3,0,0,0,744,1,40,0
1990,54,1,0,3,3,0,734,1,40,0
1990,49,2,0,3,3,0,355,2,40,0
1990,18,2,1,3,3,0,0,0,0,0
1990,25,2,1,3,3,1,7,4,50,0
1990,64,1,0,0,0,0,667,1,36,0
1990,66,2,0,0,0,1,14,5,35,0
1990,29,1,1,0,0,1,304,5,50,0
1990,37,1,0,0,1,1,195,4,60,0
1990,33,2,0,0,1,1,0,0,0,0
1990,75,2,0,0,0,1,159,5,2,0
1990,74,1,0,0,0,1,154,5,0,0
1990,74,2,0,0,0,0,0,0,0,0
1990,64,1,1,0,0,0,0,0,0,0
1990,32,1,0,0,0,1,259,3,40,0
1990,26,2,0,0,0,1,303,4,40,0
1990,42,1,0,0,0,1,887,2,40,0
1990,38,2,0,0,0,1,313,4,50,0
1990,18,2,1,0,0,0,0,0,0,0
1990,35,1,0,0,2,1,259,1,40,0
1990,32,2,0,0,0,0,0,0,0,0
1990,69,2,2,0,0,0,313,5,21,0
1990,31,1,1,0,2,1,427,4,26,0
1990,29,1,1,1,0,0,174,5,0,0
1990,42,2,3,2,0,0,0,0,0,0
1990,26,1,1,2,0,1,22,1,60,1
1990,37,1,0,2,4,0,453,4,40,0
1990,30,2,0,2,0,1,379,4,9,0
1990,34,1,0,0,0,0,379,5,35,1
1990,33,2,0,0,0,0,243,3,40,0
1990,59,1,0,0,2,1,0,0,0,0
1990,55,2,0,0,2,1,0,0,0,0
1990,28,1,1,0,2,0,0,0,0,0
1990,68,2,3,0,2,0,274,3,28,0
1990,29,1,1,0,0,0,278,1,40,0
1990,45,2,2,0,1,0,0,0,0,0
1990,28,1,1,0,1,1,804,1,40,0
1990,28,1,1,0,1,0,804,3,35,0
1990,22,2,1,0,1,1,804,3,0,0
1990,24,1,1,2,0,0,558,0,0,0
1990,18,2,1,2,0,0,0,0,0,0
1990,54,1,0,0,0,0,809,4,60,0
1990,45,2,0,0,0,0,379,4,35,0
1990,24,1,1,0,0,0,529,2,0,0
1990,21,2,1,0,0,0,0,0,0,0
1990,37,1,1,2,0,0,0,0,0,0
1990,24,1,3,2,0,0,587,0,35,0
1990,46,2,2,1,0,1,0,0,0,0
1990,28,2,2,1,0,0,0,0,0,0
1990,47,2,3,0,1,0,276,5,40,0
1990,49,1,3,0,1,0,18,4,0,0
1990,46,2,3,1,0,0,447,5,36,0
1990,26,2,1,1,0,1,276,3,40,0
1990,25,1,1,1,0,0,883,1,8,0
1990,50,1,1,1,0,1,0,0,0,0
1990,36,1,1,0,0,0,0,0,0,0
1990,41,1,0,0,2,1,558,0,40,0
1990,44,2,0,0,2,1,337,1,40,0
1990,20,2,1,0,2,0,0,0,0,0
1990,57,1,0,0,0,1,276,3,35,0
1990,54,2,0,0,0,0,313,5,35,0
1990,76,2,3,0,0,0,0,0,0,0
1990,59,2,0,0,0,0,0,0,0,0
1990,62,1,0,0,0,0,808,2,40,0
1990,32,2,3,0,0,0,0,0,0,0
1990,69,1,0,0,2,0,0,0,0,0
1990,64,2,0,0,2,0,0,0,0,0
1990,63,2,2,0,0,0,319,5,35,0
1990,38,1,1,0,0,0,0,0,0,0
1990,26,1,1,0,0,0,435,3,40,0
1990,28,2,1,0,0,0,264,3,35,0
1990,30,1,1,0,0,0,14,5,35,0
1990,66,2,1,0,0,0,276,4,24,0
1990,34,1,1,0,3,0,18,4,35,0
1990,68,1,0,0,0,1,0,0,0,0
1990,64,2,0,0,0,1,379,3,27,0
1990,79,1,0,0,2,0,0,0,0,0
1990,76,2,0,0,0,0,0,0,0,0
1990,40,1,0,0,2,1,13,4,40,0
1990,40,2,0,0,2,0,0,0,0,0
1990,33,2,2,1,0,1,315,5,0,0
1990,53,1,0,0,2,0,436,3,40,0
1990,43,2,0,0,1,0,647,3,35,0
1990,18,2,1,0,0,1,383,4,40,0
1990,44,2,3,0,0,0,354,2,40,0
1990,78,2,3,0,0,0,0,0,0,0
1990,19,1,1,0,0,0,0,0,0,0
1990,46,1,1,0,1,0,579,0,35,1
1990,79,1,0,0,0,1,0,0,0,0
1990,74,2,0,0,0,1,0,0,0,0
1990,80,2,3,0,0,0,0,0,0,0
1990,66,2,3,1,1,0,0,0,0,0
1990,30,2,2,1,1,1,313,4,35,0
1990,32,2,1,1,0,0,909,6,0,0
1990,30,2,0,1,0,1,213,4,40,0
1990,41,1,0,1,4,1,804,3,40,0
1990,18,1,1,1,4,0,877,3,0,0
1990,32,2,2,1,1,0,22,4,50,0
1990,36,1,1,1,1,1,305,4,40,0
1990,47,1,0,1,1,0,426,4,40,0
1990,38,2,0,1,1,0,0,0,0,0
1990,18,1,1,1,1,0,379,5,0,0
1990,28,2,3,2,0,1,313,5,0,0
1990,44,1,2,0,0,1,178,5,40,1
1990,45,1,0,2,1,1,234,6,40,1
1990,32,2,0,2,1,1,458,4,43,0
1990,45,1,0,0,2,1,0,0,0,0
1990,39,2,0,0,2,1,458,4,40,0
1990,40,1,3,0,4,0,14,5,35,0
1990,36,2,3,0,0,1,143,5,40,0
1990,24,1,1,1,0,1,338,5,35,0
1990,27,1,1,0,2,1,22,5,60,0
1990,42,2,1,1,1,0,436,3,40,0
1990,20,1,1,1,1,0,357,4,0,0
1990,18,1,1,1,1,0,0,0,0,0
1990,38,1,0,1,1,0,453,2,40,0
1990,36,2,0,1,1,1,327,2,50,0
1990,70,2,1,1,1,0,466,5,20,0
1990,32,1,0,3,3,1,0,0,0,0
1990,26,2,0,3,3,1,0,0,0,0
1990,34,1,1,3,3,1,0,0,0,0
1990,61,2,3,1,1,0,676,1,40,0
1990,32,2,0,1,1,1,375,4,40,0
1990,30,1,0,1,0,1,365,6,40,0
1990,39,2,3,0,0,0,0,0,0,0
1990,18,2,1,0,0,0,0,0,0,0
1990,43,1,0,3,3,1,243,3,42,0
1990,34,2,0,3,3,1,0,0,0,0
1990,30,1,1,0,2,0,243,3,60,0
1990,61,1,0,0,2,0,0,0,0,0
1990,62,2,0,0,2,0,0,0,0,0
1990,77,2,3,0,0,0,0,0,0,0
1990,42,1,0,0,0,1,156,5,32,1
1990,42,2,0,0,3,1,103,5,30,1
1990,46,1,0,0,0,1,189,4,50,0
1990,44,2,0,0,0,1,156,5,32,0
1990,65,1,0,0,0,1,647,1,37,0
1990,59,2,0,0,0,1,0,0,0,0
1990,42,1,0,0,0,1,14,5,35,0
1990,39,2,0,0,0,1,323,3,10,0
1990,63,2,3,0,0,1,159,5,0,0
1990,32,1,0,3,3,0,869,0,40,0
1990,31,2,0,3,3,0,0,0,0,0
1990,76,1,1,0,0,1,0,0,0,0
1990,28,1,0,0,2,0,199,5,40,0
1990,23,2,0,0,2,0,447,5,40,0
1990,40,1,0,0,0,0,599,2,40,0
1990,35,2,0,0,0,1,156,5,27,0
1990,47,1,0,0,0,0,628,1,45,1
1990,42,2,0,0,0,0,365,3,0,1
1990,20,2,1,0,0,1,0,0,0,0
1990,23,2,2,0,0,0,0,0,0,0
1990,68,1,0,0,0,0,243,3,40,0
1990,61,2,0,0,0,0,274,3,30,1
1990,30,2,3,0,1,0,407,4,30,0
1990,70,2,3,0,0,0,0,0,0,0
1990,71,1,0,3,3,0,0,0,0,0
1990,64,2,0,3,3,0,407,4,45,0
1990,24,1,0,0,0,1,379,4,35,0
1990,21,2,0,0,0,1,156,5,12,0
1990,42,1,0,0,0,0,555,0,35,0
1990,41,2,0,0,0,0,0,0,0,0
1990,65,1,3,0,2,0,0,0,0,0
1990,72,2,2,0,0,0,337,5,0,0
1990,48,1,0,0,3,0,0,0,0,0
1990,40,2,0,0,3,0,0,0,0,0
1990,19,1,1,0,3,0,0,0,0,0
1990,69,2,3,0,0,0,313,4,0,0
1990,37,2,1,0,0,1,357,2,45,0
1990,37,1,0,0,0,0,549,3,40,1
1990,32,2,0,0,0,0,0,0,0,0
1990,23,1,1,0,0,1,43,5,34,0
1990,73,1,0,0,0,0,0,0,0,0
1990,72,2,0,0,0,0,0,0,0,0
1990,28,1,0,1,0,0,426,4,40,0
1990,26,2,0,1,4,0,909,6,0,0
1990,35,1,0,0,0,1,33,1,40,0
1990,30,2,0,0,2,1,387,5,30,0
1990,41,1,0,0,0,1,18,4,40,1
1990,46,2,0,0,0,1,37,4,35,0
1990,77,2,0,0,0,0,0,0,0,0
1990,42,2,0,3,4,1,274,3,60,0
1990,40,1,0,3,4,0,277,3,60,0
1990,18,1,1,3,4,1,0,0,0,0
1990,67,1,0,0,0,0,364,2,0,0
1990,63,2,0,0,0,0,313,4,0,0
1990,37,1,0,3,3,0,809,2,72,0
1990,31,2,0,3,3,0,744,1,40,0
1990,39,1,0,0,0,1,804,2,60,1
1990,40,2,0,0,0,1,159,5,35,0
1990,73,1,2,0,0,0,303,4,0,0
1990,80,1,3,0,0,0,0,0,0,0
1990,53,1,0,0,4,1,55,0,40,1
1990,53,2,0,0,4,1,0,0,0,0
1990,26,1,1,0,0,1,579,4,40,0
1990,77,1,0,0,2,0,0,0,0,0
1990,73,2,0,0,2,0,0,0,0,0
1990,72,1,0,0,0,1,0,0,0,0
1990,56,2,0,0,0,0,0,0,0,0
1990,51,1,0,0,0,0,22,1,40,0
1990,46,2,0,0,0,1,156,5,0,0
1990,78,1,3,0,4,0,0,0,0,0
1990,44,2,2,0,0,0,27,4,40,1
1990,58,1,0,0,0,0,7,4,40,0
1990,52,2,0,0,2,0,0,0,0,0
1990,24,2,1,0,0,1,376,4,40,0
1990,23,2,1,0,0,0,243,3,40,0
1990,80,2,3,0,0,1,0,0,0,0
1990,48,1,0,0,0,0,558,0,40,1
1990,43,2,0,0,0,1,254,4,25,0
1990,22,2,1,0,0,1,174,6,40,0
1990,55,1,0,0,1,1,22,1,40,0
1990,42,2,0,0,1,1,156,5,40,0
1990,36,1,1,1,0,0,316,6,0,0
1990,50,2,3,1,1,0,0,0,0,0
1990,23,2,1,1,0,0,0,0,0,0
1990,30,1,1,1,1,1,567,0,40,0
1990,31,2,3,1,1,0,257,2,35,0
1990,36,1,3,1,1,0,0,0,0,0
1990,26,2,1,1,1,0,6,6,36,0
1990,26,2,1,1,1,0,276,3,35,0
1990,30,1,1,1,4,0,364,1,40,0
1990,30,2,0,1,0,0,385,6,40,0
1990,66,1,0,1,0,0,804,3,40,0
1990,29,1,0,3,0,0,804,2,0,0
1990,28,2,0,1,0,0,0,0,0,0
1990,28,2,1,1,0,0,354,2,40,0
1990,36,2,1,1,0,1,95,5,40,0
1990,18,1,1,1,0,0,0,0,0,0
1990,55,2,3,1,1,0,313,5,40,1
1990,25,1,1,1,0,1,235,3,40,0
1990,70,2,3,1,0,0,0,0,0,0
1990,37,2,1,1,1,0,315,4,35,0
1990,56,2,3,1,0,0,387,5,0,0
1990,18,2,1,1,0,0,0,0,0,0
1990,25,2,1,0,0,0,0,0,0,0
1990,39,1,0,1,0,1,18,4,40,0
1990,41,2,0,1,0,1,0,0,0,0
1990,21,2,1,1,0,0,0,0,0,0
1990,49,2,1,1,0,1,379,5,35,0
1990,64,2,3,1,0,0,0,0,0,0
1990,74,1,0,2,1,0,0,0,0,0
1990,66,2,0,2,1,0,0,0,0,0
1990,38,1,1,2,1,1,259,3,20,0
1990,32,2,1,2,1,1,363,1,40,0
1990,25,1,0,1,1,0,426,4,40,0
1990,29,2,0,1,1,0,213,1,40,0
1990,61,1,0,1,0,0,779,1,36,0
1990,58,2,0,1,0,0,0,0,0,0
1990,33,2,1,1,0,0,0,0,0,0
1990,28,2,1,1,0,0,337,4,35,0
1990,32,1,1,1,0,0,21,5,40,0
1990,46,2,0,1,0,0,379,5,37,0
1990,47,1,0,1,1,0,579,0,40,0
1990,63,1,0,1,1,0,364,1,40,0
1990,55,2,0,1,1,0,407,4,16,0
1990,40,1,0,1,1,1,229,3,40,0
1990,41,2,0,1,1,1,27,4,40,0
1990,21,2,1,1,1,1,337,3,30,0
1990,22,2,1,0,3,1,83,5,0,0
1990,38,2,0,1,1,0,447,5,40,0
1990,38,1,0,1,1,1,447,5,0,0
1990,31,1,3,1,1,1,628,1,30,0
1990,59,2,1,1,4,0,909,6,0,0
1990,29,2,0,1,1,0,447,5,40,0
1990,39,1,0,1,1,0,264,3,0,0
1990,70,2,3,1,1,1,156,5,0,0
1990,62,2,3,1,1,0,319,2,20,0
1990,39,1,1,1,1,0,276,2,40,0
1990,24,1,3,1,1,0,883,2,35,0
1990,43,2,2,1,1,0,447,4,72,0
1990,23,2,1,1,1,1,0,0,0,0
1990,47,1,3,1,1,1,447,5,0,0
1990,45,2,3,1,1,0,0,0,0,0
1990,45,2,3,1,1,0,379,4,38,0
1990,69,2,3,1,1,0,0,0,0,0
1990,38,1,2,1,4,0,366,2,40,0
1990,35,2,1,1,4,0,449,5,0,0
1990,59,2,3,1,0,0,0,0,0,0
1990,64,1,3,1,0,1,647,1,40,0
1990,66,2,3,1,0,0,0,0,0,0
1990,62,1,3,0,0,0,18,4,0,0
1990,54,1,0,1,0,1,23,5,60,0
1990,63,2,0,1,1,0,387,5,25,0
1990,39,2,1,1,0,0,303,5,35,0
1990,33,2,3,1,4,0,383,4,40,0
1990,18,1,1,1,4,0,0,0,0,0
1990,46,1,0,1,1,1,389,4,40,0
1990,43,2,0,1,1,0,313,5,35,0
1990,65,2,3,1,0,0,774,1,0,0
1990,27,2,1,1,0,0,447,5,40,0
1990,24,2,1,1,0,0,0,0,0,0
1990,30,2,3,1,0,0,447,5,49,0
1990,56,2,2,1,1,0,386,3,40,0
1990,70,2,3,1,1,0,447,5,20,0
1990,27,1,1,1,1,1,677,3,48,0
1990,30,1,1,1,1,0,259,1,40,0
1990,46,1,1,1,1,1,336,4,37,0
1990,44,2,2,1,1,0,407,4,0,0
1990,42,1,0,1,0,1,389,5,35,0
1990,46,2,0,1,1,0,385,4,40,0
1990,24,2,1,1,1,1,274,3,0,0
1990,69,1,0,0,2,0,414,6,0,0
1990,63,2,0,0,0,0,337,5,40,0
1990,37,2,0,1,1,1,313,0,40,0
1990,42,1,0,1,1,0,785,1,40,0
1990,19,2,1,1,1,1,447,5,20,0
1990,20,1,1,1,1,0,0,0,0,0
1990,72,2,3,0,0,0,259,3,99,0
1990,43,1,0,0,0,1,809,2,50,0
1990,38,2,0,0,0,1,313,4,36,0
1990,36,1,0,0,0,1,575,0,48,1
1990,33,2,0,0,0,0,877,3,0,0
1990,71,1,0,0,0,0,0,0,0,0
1990,71,2,0,0,0,0,0,0,0,0
1990,50,1,0,0,0,0,418,6,48,1
1990,47,2,0,0,0,1,0,0,0,0
1990,23,1,1,0,0,1,23,4,40,0
1990,77,2,3,0,0,0,0,0,0,0
1990,58,1,3,0,0,0,687,3,37,0
1990,26,1,1,0,0,0,379,4,40,0
1990,71,2,2,0,0,0,744,1,35,0
1990,31,2,2,0,2,1,313,4,40,1
1990,44,1,0,0,0,0,547,2,40,0
1990,40,2,0,0,0,1,313,4,30,0
1990,46,1,0,0,0,0,276,2,40,0
1990,50,2,0,0,0,0,25,4,43,0
1990,30,1,0,0,0,1,844,4,48,1
1990,27,2,0,0,0,1,0,0,0,0
1990,36,1,0,0,0,1,243,3,60,0
1990,33,2,0,0,0,0,319,5,0,0
1990,65,2,3,0,2,0,0,0,0,0
1990,29,2,1,0,0,0,313,5,37,0
1990,35,1,0,1,0,0,353,2,40,0
1990,33,2,0,1,0,0,0,0,0,0
1990,63,1,0,0,0,1,809,4,35,0
1990,71,2,0,0,0,0,686,3,40,0
1990,29,1,1,0,0,0,0,0,0,0
1990,47,2,2,0,0,1,154,5,70,1
1990,27,2,1,0,0,1,243,4,40,0
1990,25,2,1,0,0,1,197,5,40,1
1990,30,2,1,0,0,1,157,5,55,0
1990,71,1,0,0,0,0,0,0,0,0
1990,66,2,0,0,0,0,0,0,0,0
1990,45,1,0,0,0,1,157,5,42,1
1990,44,2,0,0,0,1,156,5,6,0
1990,18,1,1,0,0,0,427,4,35,0
1990,36,1,0,0,0,1,354,2,50,0
1990,41,2,0,0,0,0,234,5,16,0
1990,46,2,0,2,0,0,22,1,20,0
1990,49,1,0,2,0,0,243,3,30,0
1990,24,1,1,2,0,0,768,1,0,0
1990,59,1,0,3,3,1,55,1,40,1
1990,59,2,0,3,3,1,84,5,40,1
1990,25,1,1,3,0,1,327,3,20,0
1990,22,2,1,3,0,1,22,3,40,0
1990,35,1,3,3,3,1,0,0,0,0
1990,65,1,0,0,0,1,84,5,60,1
1990,53,2,0,0,0,1,0,0,0,0
1990,38,2,2,0,0,1,23,4,50,1
1990,19,2,1,0,0,1,313,4,20,0
1990,74,1,0,0,2,1,0,0,0,0
1990,69,2,0,0,2,0,0,0,0,0
1990,37,2,2,0,0,0,0,0,0,0
1990,77,1,0,0,2,0,0,0,0,0
1990,74,2,0,0,0,0,0,0,0,0
1990,39,1,0,0,0,0,567,0,45,0
1990,38,2,0,0,0,0,0,0,0,0
1990,49,1,0,0,0,0,808,2,42,0
1990,41,2,0,0,0,0,0,0,0,0
1990,19,2,1,0,0,0,257,4,38,0
1990,21,1,1,0,0,0,534,4,40,1
1990,75,2,3,1,0,0,0,0,0,0
1990,41,2,3,0,1,0,458,4,8,0
1990,23,1,3,1,4,0,804,3,48,0
1990,45,1,0,1,0,1,303,2,40,0
1990,40,2,0,1,0,1,27,5,6,0
1990,29,2,3,1,0,0,458,4,40,0
1990,46,1,0,0,0,1,213,2,48,0
1990,44,2,0,0,0,0,379,4,20,0
1990,36,1,0,0,0,1,453,6,40,0
1990,33,2,0,0,0,0,0,0,0,0
1990,42,2,2,0,0,0,264,3,40,0
1990,18,2,1,0,0,0,274,3,15,0
1990,70,2,3,0,0,0,0,0,0,0
1990,65,1,0,0,0,0,426,1,99,0
1990,64,2,0,0,0,0,0,0,0,0
1990,27,2,1,0,0,0,319,3,99,0
1990,30,1,0,0,0,1,424,6,50,1
1990,38,2,0,0,0,0,313,1,40,0
1990,60,1,0,0,0,0,809,2,40,0
1990,59,2,0,0,0,0,337,3,35,0
1990,40,1,0,0,0,1,259,1,50,0
1990,37,2,0,0,0,1,313,5,40,0
1990,29,2,3,0,0,1,36,3,0,0
1990,73,2,3,0,0,0,336,5,0,0
1990,33,1,1,0,0,1,164,5,36,0
1990,52,1,2,0,0,0,683,1,40,0
1990,60,1,2,0,0,0,799,1,40,0
1990,44,2,2,1,0,0,777,1,40,0
1990,24,1,1,1,0,0,453,3,0,0
1990,59,1,0,1,0,0,449,5,0,0
1990,56,2,0,1,0,1,445,5,40,0
1990,79,2,1,0,0,1,0,0,0,0
1990,67,2,3,0,0,0,0,0,0,0
1990,37,2,0,2,1,0,754,3,0,0
1990,37,1,0,2,1,0,888,3,0,0
1990,72,1,0,0,4,0,804,2,0,0
1990,77,2,0,0,0,0,0,0,0,0
1990,57,1,0,0,2,0,22,1,40,1
1990,57,2,0,0,2,0,348,1,35,0
1990,26,1,1,0,0,1,229,4,40,0
1990,28,2,2,1,0,1,744,1,35,1
1990,33,2,1,0,0,1,21,5,35,0
1990,34,2,1,0,0,1,313,0,40,0
1990,65,2,2,0,0,0,407,4,0,0
1990,74,1,1,0,0,0,0,0,0,0
1990,43,1,3,3,3,1,803,2,37,0
1990,26,2,1,3,3,0,405,4,40,0
1990,40,2,1,3,3,0,405,4,40,0
1990,60,2,1,3,3,1,95,5,40,0
1990,59,1,0,3,3,0,435,3,48,0
1990,53,2,0,3,3,0,337,4,40,0
1990,40,1,0,0,2,1,558,0,40,1
1990,27,2,0,0,2,1,0,0,0,0
1990,42,2,1,0,0,1,337,5,25,0
1990,59,2,1,0,2,0,0,0,0,0
1990,37,1,0,0,0,1,255,4,35,0
1990,30,2,0,0,4,0,337,3,0,0
1990,80,1,3,0,4,0,0,0,0,0
1990,28,1,1,1,1,0,0,0,0,0
1990,20,1,1,2,1,0,748,4,35,0
1990,20,1,1,2,1,0,748,4,40,0
1990,30,1,3,2,1,0,909,6,0,0
1990,72,1,1,2,1,0,909,6,0,0
1990,70,1,1,2,1,0,0,0,0,0
1990,45,1,3,0,2,0,869,0,40,0
1990,42,2,2,1,0,0,276,3,20,0
1990,69,2,3,0,0,0,667,1,35,0
1990,47,1,0,0,4,0,558,0,40,1
1990,45,2,0,0,4,0,0,0,0,0
1990,18,2,1,0,4,1,274,3,10,0
1990,64,1,0,0,0,1,339,2,32,1
1990,59,2,0,0,0,0,0,0,0,0
1990,79,2,3,0,2,0,0,0,0,0
1990,26,2,0,0,1,0,0,0,0,0
1990,30,1,0,0,1,1,444,2,40,0
1990,64,1,3,0,1,0,426,4,40,0
1990,70,1,1,0,2,0,529,2,0,0
1990,57,1,0,0,2,0,809,2,60,0
1990,35,2,0,0,2,0,265,3,0,0
1990,43,1,0,0,0,1,22,1,55,1
1990,34,2,0,0,0,0,445,5,0,0
1990,52,1,0,3,3,1,274,3,40,0
1990,51,2,0,3,3,0,744,1,0,0
1990,24,2,1,3,0,1,235,5,55,0
1990,23,2,1,1,0,1,315,5,20,0
1990,78,1,0,0,0,0,0,0,0,0
1990,63,2,0,0,2,0,453,4,20,0
1990,25,1,3,2,0,0,734,1,40,0
1990,23,2,1,0,0,1,157,5,40,0
1990,55,1,0,0,1,1,804,3,55,0
1990,58,2,0,0,1,1,687,5,10,0
1990,26,1,1,2,1,0,17,3,40,0
1990,72,2,3,0,0,0,0,0,0,0
1990,52,2,3,0,0,0,407,4,20,0
1990,28,1,2,2,2,0,869,0,40,0
1990,30,1,1,2,4,1,869,0,40,0
1990,34,1,1,2,4,0,185,1,40,0
1990,50,1,0,3,3,1,339,3,44,0
1990,43,2,0,3,3,1,364,3,44,0
1990,63,2,3,0,0,0,0,0,0,0
1990,28,1,1,0,0,0,803,2,40,0
1990,45,1,0,0,2,1,505,4,75,0
1990,42,2,0,0,2,1,0,0,0,0
1990,30,1,1,0,1,1,195,1,40,0
1990,40,2,3,0,4,0,276,3,40,0
1990,41,1,3,2,0,1,357,5,37,0
1990,42,2,1,2,1,1,21,5,35,0
1990,61,2,1,0,0,0,313,5,40,0
1990,40,1,2,3,3,1,43,5,50,0
1990,37,1,1,0,0,1,426,4,37,0
1990,67,1,0,0,4,0,276,2,40,0
1990,44,2,0,0,4,1,313,2,45,0
1990,65,2,3,0,2,0,0,0,0,0
1990,32,1,1,0,2,1,17,3,55,0
1990,34,2,0,3,3,1,337,2,40,0
1990,35,1,0,3,3,1,208,5,20,0
1990,24,2,1,3,1,0,447,5,40,0
1990,24,2,1,3,0,1,385,3,40,0
1990,64,2,3,0,0,1,313,3,45,0
1990,30,1,0,2,1,0,436,3,40,0
1990,24,2,0,2,1,0,407,4,0,0
1990,47,2,3,0,2,1,387,5,20,0
1990,18,1,1,3,0,0,0,0,0,0
1990,25,1,1,1,0,0,869,6,0,0
1990,29,2,1,2,1,0,405,4,20,0
1990,63,2,1,2,1,0,406,4,40,0
1990,50,2,2,2,1,0,407,4,18,0
1990,29,1,1,2,1,0,444,5,40,0
1990,29,2,3,2,1,1,405,4,40,0
1990,35,1,0,0,1,0,769,3,40,0
1990,36,2,0,0,1,0,744,1,40,0
1990,42,2,3,0,0,0,0,0,0,0
1990,31,1,0,0,0,1,357,4,40,0
1990,32,2,0,1,1,1,379,2,40,0
1990,30,1,1,0,0,0,243,3,60,0
1990,32,1,0,0,0,1,567,0,40,0
1990,33,2,0,0,0,1,628,1,35,0
1990,45,1,3,0,1,0,436,3,48,0
1990,30,1,0,0,1,0,869,0,48,0
1990,27,1,0,0,4,1,43,4,40,0
1990,28,1,1,0,0,1,23,2,40,0
1990,27,1,1,0,0,1,14,5,35,0
1990,73,1,0,0,0,0,0,0,0,0
1990,61,2,0,0,2,0,0,0,0,0
1990,33,1,1,0,0,1,469,4,0,0
1990,34,2,0,0,0,1,174,5,40,0
1990,34,1,0,0,2,1,169,5,50,0
1990,36,2,2,3,3,0,435,3,40,0
1990,51,1,2,3,3,0,436,3,40,0
1990,40,1,0,1,1,1,307,2,40,1
1990,37,2,0,1,1,0,0,0,0,0
1990,31,1,1,2,0,0,274,4,40,0
1990,35,2,1,2,0,1,13,4,40,0
1990,78,2,3,0,2,0,0,0,0,0
1990,31,1,0,0,1,1,235,5,50,0
1990,34,2,0,0,1,1,364,1,0,0
1990,48,1,3,0,0,0,453,4,40,0
1990,37,1,0,0,0,1,736,1,35,0
1990,39,2,0,0,0,1,647,3,40,0
1990,43,1,1,0,0,1,163,5,45,0
1990,49,1,2,0,0,0,447,5,45,0
1990,68,1,3,2,1,0,357,4,40,0
1990,23,1,1,0,1,0,809,2,40,0
1990,31,2,3,0,1,0,744,1,30,0
1990,79,2,3,0,0,0,0,0,0,0
1990,74,1,1,0,0,0,0,0,0,0
1990,64,1,0,2,0,0,453,4,0,0
1990,57,2,0,2,0,0,744,1,0,0
1990,23,2,1,2,0,1,378,2,40,0
1990,42,2,1,0,0,0,318,2,40,0
1990,51,1,1,0,2,1,453,4,40,0
1990,46,1,0,0,0,1,254,4,40,1
1990,41,2,0,0,0,1,21,5,45,1
1990,62,1,3,1,1,0,453,5,35,0
1990,70,1,0,3,3,0,748,4,0,0
1990,67,2,0,3,3,0,748,4,40,0
1990,73,2,3,0,0,0,0,0,0,0
1990,60,2,3,0,1,0,0,0,0,0
1990,31,2,1,0,1,1,407,4,24,0
1990,57,1,0,0,2,1,694,2,40,0
1990,52,2,0,0,2,1,717,1,48,0
1990,54,1,0,3,3,1,305,4,35,1
1990,50,2,0,3,3,1,338,3,35,0
1990,24,1,1,3,3,1,64,2,40,0
1990,32,1,1,3,3,1,435,3,50,0
1990,33,1,0,3,3,1,435,3,60,0
1990,38,1,0,3,3,0,364,1,35,0
1990,22,1,1,3,4,1,784,1,45,0
1990,46,1,0,3,3,1,188,1,35,0
1990,42,2,0,3,3,1,23,5,35,0
1990,22,1,1,2,0,1,274,3,20,0
1990,19,2,1,0,0,0,335,4,20,0
1990,19,1,1,2,0,0,274,3,20,0
1990,23,2,1,2,0,0,734,3,40,0
1990,27,1,1,0,0,0,734,1,40,0
1990,23,2,1,1,0,1,197,4,40,0
1990,25,1,1,1,0,1,267,3,40,0
1990,65,1,0,0,0,0,889,3,0,0
1990,59,2,0,0,0,0,313,5,35,0
1990,60,1,0,1,0,0,808,2,40,0
1990,56,2,0,1,0,0,22,2,37,0
1990,41,2,2,1,0,0,338,2,50,0
1990,24,1,1,1,0,0,365,1,9,0
1990,20,1,1,1,0,0,804,3,40,0
1990,49,1,2,1,0,0,889,2,70,0
1990,50,1,0,1,0,0,667,1,40,0
1990,48,2,0,1,0,0,0,0,0,0
1990,24,2,1,1,0,1,22,4,40,0
1990,19,2,1,1,0,1,385,4,20,0
1990,25,2,1,1,0,1,254,4,40,0
1990,41,2,3,1,0,1,447,5,37,0
1990,19,2,1,1,0,1,276,3,29,0
1990,75,2,3,1,0,0,0,0,0,0
1990,71,2,3,1,0,0,909,6,0,0
1990,69,1,1,1,0,0,0,0,0,0
1990,37,1,0,0,1,1,809,2,37,0
1990,39,2,0,0,1,0,754,3,0,0
1990,44,2,3,0,1,0,744,1,35,0
1990,23,1,1,0,1,0,804,3,40,0
1990,48,1,0,2,1,0,779,1,52,0
1990,51,2,0,2,1,0,785,1,0,0
1990,20,1,1,2,0,0,883,1,0,0
1990,68,2,1,0,0,0,313,1,0,0
1990,68,1,0,3,3,0,436,4,0,0
1990,68,2,0,3,3,0,744,1,0,0
1990,29,2,3,3,3,0,754,3,48,0
1990,32,1,3,3,4,0,579,0,8,0
1990,23,1,1,3,3,1,0,0,0,0
1990,64,1,2,3,4,0,734,1,0,0
1990,41,2,1,0,0,0,22,2,40,0
1990,75,2,0,0,0,0,0,0,0,0
1990,80,1,0,0,0,0,0,0,0,0
1990,33,1,0,0,4,1,505,3,0,0
1990,30,2,0,0,1,0,889,1,0,0
1990,52,1,1,0,1,0,785,1,40,0
1990,35,2,2,2,1,0,744,3,60,0
1990,66,2,3,2,1,0,0,0,0,0
1990,38,1,2,2,1,0,889,1,40,0
1990,36,2,2,2,1,0,0,0,0,0
1990,59,1,0,0,0,0,769,3,42,0
1990,48,2,0,0,0,0,316,5,22,0
1990,21,2,1,0,0,0,313,4,40,0
1990,79,1,2,0,0,0,804,3,4,0
1990,74,2,3,0,2,0,0,0,0,0
1990,31,2,1,0,0,0,313,5,40,0
1990,30,2,0,2,1,0,435,3,40,0
1990,31,1,0,2,1,0,439,3,40,0
1990,45,2,3,0,0,1,337,1,0,0
1990,28,1,0,0,1,1,436,3,60,0
1990,29,2,0,0,1,1,407,4,20,0
1990,67,1,0,1,0,0,0,0,0,0
1990,69,2,0,1,0,0,0,0,0,0
1990,26,1,0,0,1,1,579,0,40,0
1990,24,2,0,0,1,0,275,4,40,0
1990,48,2,2,0,1,0,453,4,40,0
1990,45,2,1,1,0,0,447,5,40,0
1990,25,1,1,1,0,0,0,0,0,0
1990,24,1,1,1,0,0,0,0,0,0
1990,74,1,0,0,0,0,22,2,45,0
1990,69,2,0,0,0,0,0,0,0,0
1990,43,1,0,0,0,1,7,4,45,1
1990,42,2,0,0,0,1,156,5,30,0
1990,62,1,3,0,2,0,376,2,40,1
1990,49,1,3,0,2,0,549,4,35,0
1990,45,2,3,2,1,0,449,4,35,0
1990,72,2,2,0,0,0,313,4,18,0
1990,41,1,3,0,3,0,686,1,99,0
1990,40,1,0,0,1,0,865,1,56,0
1990,46,2,0,0,1,0,785,1,0,0
1990,20,1,1,0,1,1,316,5,20,0
1990,18,2,1,0,1,0,276,3,40,0
1990,66,1,1,0,0,0,22,4,48,1
1990,54,2,2,3,3,0,264,3,45,1
1990,18,1,1,3,0,0,278,1,0,0
1990,37,1,3,3,3,0,869,0,0,0
1990,66,1,0,0,0,0,462,5,20,0
1990,62,2,0,0,0,0,0,0,0,0
1990,33,1,1,0,0,1,462,5,20,0
1990,23,2,1,0,0,0,0,0,0,0
1990,37,1,0,0,2,0,275,4,50,0
1990,34,2,0,0,2,0,0,0,0,0
1990,47,1,0,0,0,0,804,3,40,0
1990,38,2,0,0,4,1,64,4,40,1
1990,29,1,3,0,4,1,354,2,40,0
1990,49,1,3,0,0,1,359,2,63,0
1990,28,1,0,0,0,0,22,1,60,0
1990,27,2,0,0,0,0,313,5,0,0
1990,37,1,0,0,2,0,563,1,40,0
1990,35,2,0,0,2,0,0,0,0,0
1990,76,2,3,0,0,0,379,3,8,0
1990,35,2,1,0,0,1,315,4,35,0
1990,22,1,0,2,1,0,739,1,40,0
1990,22,2,0,2,1,0,453,1,40,0
1990,19,1,0,2,1,0,739,1,40,0
1990,19,2,0,2,1,0,0,0,0,0
1990,23,1,0,2,1,0,739,1,40,0
1990,22,2,0,2,1,0,0,0,0,0
1990,19,1,1,2,1,0,809,2,40,0
1990,78,2,3,0,2,0,0,0,0,0
1990,61,2,3,2,1,0,0,0,0,0
1990,37,2,0,2,0,1,379,1,35,0
1990,38,1,0,2,0,0,869,0,40,0
1990,43,2,1,2,0,0,0,0,0,0
1990,19,2,1,2,0,0,0,0,0,0
1990,37,1,0,0,0,0,889,3,35,0
1990,33,2,0,0,0,0,319,5,35,0
1990,36,1,1,0,0,1,22,5,40,1
1990,39,1,0,0,2,1,686,1,40,0
1990,33,2,0,0,2,0,0,0,0,0
1990,24,1,1,0,2,0,567,0,48,0
1990,32,2,0,0,0,0,385,1,0,0
1990,33,1,0,0,0,1,22,1,60,0
1990,31,1,0,0,0,1,575,5,40,0
1990,27,2,0,0,0,0,0,0,0,0
1990,60,2,3,0,0,0,0,0,0,0
1990,54,1,2,0,0,0,243,4,0,0
1990,53,2,0,0,2,0,744,1,45,0
1990,54,1,0,0,2,0,747,1,40,0
1990,24,1,1,0,2,0,567,0,40,0
1990,23,2,1,0,2,1,95,5,40,0
1990,21,2,1,0,2,1,885,3,20,0
1990,53,2,3,2,0,1,174,5,35,0
1990,28,1,1,2,0,0,243,3,40,0
1990,25,1,1,2,0,0,628,1,40,0
1990,65,1,0,0,0,0,368,4,35,0
1990,66,2,0,0,0,0,0,0,0,0
1990,34,1,0,0,0,1,26,3,72,0
1990,34,2,0,0,0,1,243,3,40,0
1990,31,2,1,0,0,0,205,5,0,0
1990,30,2,1,0,0,0,376,2,35,0
1990,77,2,3,0,0,0,0,0,0,0
1990,63,1,0,0,0,0,454,4,40,0
1990,56,2,0,0,0,0,453,4,35,0
1990,23,2,1,0,0,1,243,3,40,0
1990,60,1,0,0,0,1,379,5,20,0
1990,51,2,0,0,0,1,313,5,32,0
1990,61,2,3,0,0,0,337,3,35,0
1990,21,2,2,0,0,1,21,5,35,0
1990,45,1,0,0,0,0,274,3,40,0
1990,56,2,0,2,1,0,0,0,0,0
1990,45,1,0,0,0,1,9,2,50,0
1990,43,2,0,0,0,1,254,4,50,0
1990,22,1,1,0,0,0,869,0,40,0
1990,20,1,1,0,0,0,567,0,40,0
1990,24,1,1,0,0,0,386,4,30,0
1990,38,2,0,0,2,1,55,5,40,0
1990,39,1,0,0,2,0,637,1,45,0
1990,63,2,3,0,2,0,406,4,40,0
1990,23,1,3,0,2,0,0,0,0,0
1990,27,1,0,0,2,1,64,1,40,1
1990,27,2,0,0,0,1,37,1,40,0
1990,57,1,0,0,0,0,22,0,45,0
1990,54,2,0,0,0,1,156,5,27,0
1990,23,1,1,0,0,1,259,1,40,0
1990,40,1,0,2,1,1,809,2,70,0
1990,24,2,0,2,1,0,0,0,0,0
1990,52,1,0,0,0,1,9,1,40,1
1990,48,2,0,0,0,1,234,3,40,0
1990,18,2,1,0,0,1,313,5,15,0
1990,74,1,0,0,0,0,0,0,0,0
1990,72,2,0,0,0,0,379,5,20,0
1990,46,1,0,0,2,1,43,0,37,0
1990,43,2,0,0,2,1,43,5,37,0
1990,20,2,1,0,2,1,0,0,0,0
1990,32,1,0,3,3,1,22,1,50,0
1990,31,2,0,3,3,1,8,3,40,0
1990,50,1,3,0,4,1,156,5,56,1
1990,24,2,3,0,4,1,389,2,46,0
1990,36,1,3,2,0,1,243,4,40,0
1990,24,2,3,2,0,0,769,1,0,0
1990,30,2,1,0,0,1,313,5,35,0
1990,71,1,0,0,2,1,0,0,0,0
1990,61,2,0,0,2,0,0,0,0,0
1990,36,1,0,3,3,0,888,3,40,0
1990,31,2,0,3,3,0,13,3,40,0
1990,37,1,3,0,2,1,595,0,60,1
1990,58,1,0,0,0,0,22,4,50,0
1990,59,2,0,0,0,0,0,0,0,0
1990,31,2,1,0,0,1,23,5,35,0
1990,61,1,0,0,0,0,667,1,50,0
1990,62,2,0,0,0,1,447,4,63,0
1990,28,2,1,0,0,0,313,3,40,0
1990,44,1,0,0,2,1,213,5,41,0
1990,39,2,0,0,2,1,0,0,0,0
1990,53,2,1,0,0,1,208,5,30,0
1990,46,1,2,0,4,1,84,5,40,1
1990,33,2,1,1,0,1,5,6,40,1
1990,47,1,0,3,3,1,23,2,70,0
1990,42,2,0,3,3,1,447,5,40,0
1990,62,2,3,3,3,1,0,0,0,0
1990,30,1,1,2,4,1,163,5,40,0
1990,31,1,1,0,2,1,178,5,45,1
1990,66,1,1,0,0,0,804,5,8,0
1990,71,2,3,0,0,0,0,0,0,0
1990,33,1,0,3,3,1,17,3,40,0
1990,33,2,0,3,3,0,22,2,40,0
1990,71,2,3,0,0,0,185,3,25,0
1990,66,1,1,0,0,1,22,1,40,1
1990,48,2,1,0,0,1,313,5,45,0
1990,58,1,2,0,2,0,213,0,35,0
1990,52,2,2,0,2,1,458,4,40,0
1990,45,2,3,1,1,0,243,3,40,0
1990,37,1,0,0,0,1,22,3,65,0
1990,37,2,0,0,0,1,0,0,0,0
1990,77,1,0,0,2,0,0,0,0,0
1990,76,2,0,0,2,0,0,0,0,0
1990,20,2,1,0,2,1,0,0,0,0
1990,61,2,3,0,2,0,0,0,0,0
1990,53,1,1,0,0,1,187,5,45,0
1990,57,1,0,0,2,1,176,5,40,0
1990,55,2,0,0,2,0,0,0,0,0
1990,24,1,1,0,0,1,23,5,40,0
1990,71,1,0,0,0,0,0,0,0,0
1990,66,2,0,0,0,0,0,0,0,0
1990,39,2,1,0,0,1,313,5,31,0
1990,66,1,0,0,0,1,337,4,35,0
1990,62,2,0,0,0,1,373,3,22,0
1990,72,1,3,0,0,0,379,5,0,0
1990,47,1,3,0,0,1,195,2,40,0
1990,32,1,0,3,4,1,23,5,35,0
1990,23,2,0,3,4,1,0,0,0,0
1990,41,1,0,3,3,1,17,3,12,0
1990,36,2,0,3,3,1,207,5,40,0
1990,64,2,3,3,3,1,0,0,0,0
1990,40,1,0,3,3,1,243,3,79,0
1990,39,2,0,3,3,1,276,3,40,0
1990,68,2,3,3,3,0,0,0,0,0
1990,46,1,0,2,0,0,549,0,50,0
1990,33,2,0,2,0,0,0,0,0,0
1990,80,1,0,0,2,0,0,0,0,0
1990,73,2,0,0,2,0,0,0,0,0
1990,47,1,3,0,0,1,184,2,60,0
1990,29,1,0,3,3,0,243,3,60,0
1990,26,2,0,3,3,1,375,4,35,0
1990,50,2,3,1,0,0,21,5,50,0
1990,30,2,1,1,0,0,319,5,35,0
1990,52,2,1,0,1,0,453,5,40,0
1990,44,1,1,0,1,0,0,0,0,0
1990,41,1,2,3,3,1,243,3,11,0
1990,35,2,2,3,3,0,0,0,0,0
1990,50,1,0,0,2,1,57,1,40,0
1990,51,2,0,0,2,1,22,3,40,0
1990,65,1,0,3,3,1,84,5,0,0
1990,55,2,0,3,3,1,667,1,40,0
1990,35,1,1,0,4,1,0,0,0,0
1990,78,1,0,0,2,0,0,0,0,0
1990,78,2,0,0,2,0,0,0,0,0
1990,52,1,1,2,0,1,647,3,40,0
1990,25,2,1,2,1,0,303,1,48,0
1990,23,1,1,2,1,0,877,3,40,0
1990,54,1,0,3,3,1,96,3,55,1
1990,53,2,0,3,3,0,0,0,0,0
1990,56,1,0,0,0,0,469,4,40,0
1990,54,2,0,0,0,0,0,0,0,0
1990,27,2,1,0,0,1,276,3,0,0
1990,35,1,0,0,0,1,444,4,40,0
1990,32,2,0,0,0,1,156,5,40,0
1990,61,1,0,1,0,0,33,1,40,1
1990,60,2,0,1,0,1,379,5,37,0
1990,80,2,3,0,0,0,0,0,0,0
1990,52,1,0,3,3,1,23,5,35,0
1990,51,2,0,3,3,0,779,1,0,0
1990,30,1,1,3,3,1,23,5,35,0
1990,24,1,1,3,3,1,274,3,15,0
1990,30,1,3,0,0,1,303,4,40,0
1990,41,2,3,0,3,0,436,3,40,0
1990,21,2,1,0,3,1,0,0,0,0
1990,19,1,1,0,3,0,0,0,0,0
1990,18,1,1,0,0,0,0,0,0,0
1990,72,2,3,0,0,0,356,1,0,0
1990,74,2,3,0,0,0,0,0,0,0
1990,53,1,0,0,2,1,84,5,60,1
1990,46,2,0,0,0,1,183,5,30,1
1990,31,1,0,0,2,1,0,0,0,0
1990,35,2,0,0,2,1,85,5,0,0
1990,66,1,0,0,0,1,22,2,40,1
1990,62,2,0,0,0,1,156,5,20,0
1990,60,1,0,0,0,0,453,4,40,1
1990,54,2,0,0,2,0,0,0,0,0
1990,21,2,1,0,0,1,0,0,0,0
1990,18,2,1,0,0,1,0,0,0,0
1990,60,1,0,0,0,0,22,3,50,1
1990,58,2,0,0,0,0,243,3,32,0
1990,44,1,0,0,0,1,243,3,51,0
1990,43,2,0,0,0,0,386,1,40,0
1990,54,1,0,0,0,1,254,4,60,1
1990,42,2,0,0,0,1,277,5,40,0
1990,75,1,0,0,0,1,0,0,0,0
1990,72,2,0,0,0,1,95,5,15,0
1990,68,1,0,0,0,0,0,0,0,0
1990,67,2,0,0,0,0,0,0,0,0
1990,41,1,0,0,0,1,22,1,45,0
1990,42,2,0,0,0,0,438,3,40,0
1990,30,1,0,0,4,1,235,4,40,0
1990,28,2,0,0,0,1,255,4,40,0
1990,45,2,3,0,0,0,274,3,12,0
1990,20,2,1,0,0,1,264,3,12,0
1990,43,1,0,0,0,1,259,3,40,0
1990,42,2,0,0,0,1,37,2,40,0
1990,40,1,0,0,0,1,243,3,60,0
1990,37,2,0,0,0,1,0,0,0,0
1990,80,2,3,0,0,0,0,0,0,0
1990,52,1,0,0,0,1,166,6,40,0
1990,50,2,0,0,0,1,447,5,22,0
1990,22,1,1,0,0,1,195,1,40,0
1990,52,1,0,0,0,0,277,3,40,0
1990,51,2,0,0,0,0,0,0,0,0
1990,26,2,1,0,0,1,339,3,7,0
1990,24,1,1,0,0,0,0,0,0,0
1990,22,1,1,0,0,0,276,3,0,0
1990,38,1,0,0,0,1,36,6,50,1
1990,33,2,0,0,0,0,319,2,40,0
1990,46,2,0,3,3,1,185,1,40,0
1990,50,1,0,0,0,0,628,1,40,0
1990,23,2,1,3,0,1,27,5,50,0
1990,30,2,1,0,0,1,174,5,35,0
1990,22,1,0,0,1,0,436,3,17,0
1990,20,2,0,0,1,0,0,0,0,0
1990,42,1,0,3,3,1,197,4,40,0
1990,35,2,0,3,3,1,276,3,0,0
1990,67,2,2,0,0,1,22,4,0,0
1990,69,1,0,0,2,0,359,2,40,0
1990,59,2,0,0,2,0,274,3,36,0
1990,50,1,0,0,2,0,667,1,40,0
1990,45,2,0,0,4,0,447,5,20,0
1990,66,2,1,0,2,0,313,2,0,0
1990,27,2,1,0,0,0,33,1,40,0
1990,25,2,1,0,0,0,22,4,40,0
1990,63,2,3,0,0,0,0,0,0,0
1990,32,1,1,0,0,1,424,6,35,0
1990,25,2,1,0,0,1,445,5,37,0
1990,30,1,0,0,2,1,185,6,37,0
1990,27,2,0,0,0,1,22,5,40,0
1990,27,1,1,0,0,1,75,5,35,0
1990,68,2,3,0,0,0,313,5,40,0
1990,41,1,0,0,2,0,628,1,40,1
1990,39,2,0,0,2,0,0,0,0,0
1990,45,1,0,0,2,0,337,4,40,0
1990,45,2,0,0,2,0,449,4,40,0
1990,68,2,3,0,2,0,0,0,0,0
1990,51,1,0,0,3,0,243,3,70,1
1990,52,2,0,0,3,0,0,0,0,0
1990,25,2,1,0,3,0,436,5,35,0
1990,21,1,1,0,0,1,436,4,0,0
1990,34,1,0,0,0,0,579,0,0,0
1990,34,2,0,0,0,0,373,3,40,0
1990,37,2,3,0,0,0,0,0,0,0
1990,38,1,0,0,3,1,22,1,52,1
1990,32,2,0,0,3,0,0,0,0,0
1990,63,1,0,0,2,1,243,3,40,0
1990,53,2,0,0,2,1,318,2,35,0
1990,56,1,0,0,2,1,22,1,40,0
1990,53,2,0,0,1,1,0,0,0,0
1990,23,1,1,0,0,1,717,1,40,0
1990,69,1,0,0,0,0,797,3,40,0
1990,65,2,0,0,0,0,313,1,40,0
1990,35,1,0,0,0,1,22,2,50,1
1990,34,2,0,0,0,0,5,6,40,0
1990,75,1,1,0,0,0,0,0,0,0
1990,34,2,3,0,0,1,435,3,40,0
1990,71,1,0,0,2,0,18,4,70,1
1990,64,2,0,0,2,0,0,0,0,1
1990,68,1,0,0,0,1,178,5,40,0
1990,66,2,0,0,0,0,318,2,20,0
1990,57,1,0,0,0,1,156,5,40,1
1990,58,2,0,0,0,1,156,5,40,0
1990,37,1,0,0,0,1,22,1,48,1
1990,36,2,0,0,0,1,97,5,1,0
1990,45,1,0,0,0,0,13,1,40,1
1990,46,2,0,0,0,0,5,6,35,0
1990,23,1,1,0,0,1,255,4,40,0
1990,23,1,1,0,0,1,5,6,40,0
1990,48,1,0,0,0,1,785,4,50,0
1990,21,2,0,0,0,1,259,3,0,0
1990,45,2,3,0,0,1,0,0,0,0
1990,18,2,1,0,0,0,0,0,0,0
1990,30,1,1,0,0,1,418,6,35,0
1990,52,1,0,0,2,1,8,5,40,0
1990,50,2,0,0,2,1,0,0,0,0
1990,42,2,2,0,0,1,156,5,35,1
1990,58,2,3,1,0,0,447,5,35,0
1990,25,2,0,0,0,1,313,1,35,0
1990,26,1,0,0,0,1,337,5,35,0
1990,51,1,0,0,0,1,253,4,40,1
1990,43,2,0,0,0,0,0,0,0,0
1990,19,1,1,0,0,1,337,5,22,0
1990,80,1,0,0,2,0,0,0,0,0
1990,75,2,0,0,0,0,0,0,0,0
1990,34,1,0,0,1,1,883,2,40,0
1990,36,2,0,0,1,0,275,4,40,0
1990,25,1,2,1,1,1,274,3,45,0
1990,31,2,1,0,0,1,22,4,65,0
1990,68,1,0,0,0,1,0,0,0,0
1990,65,2,0,0,0,1,163,5,35,0
1990,33,2,2,0,0,1,99,5,40,0
1990,20,2,1,1,0,1,156,5,20,0
1990,29,1,0,1,0,1,308,1,40,0
1990,28,2,0,1,0,1,376,4,35,0
1990,47,2,1,0,0,0,338,4,40,0
1990,22,2,1,0,0,0,375,4,32,0
1990,52,1,0,3,3,1,22,6,35,0
1990,42,2,0,3,3,1,0,0,0,0
1990,23,1,1,3,3,1,216,6,35,0
1990,22,1,1,3,3,1,379,2,0,0
1990,78,2,0,0,2,0,0,0,0,0
1990,79,2,0,0,0,1,0,0,0,0
1990,44,1,0,3,3,0,808,2,40,0
1990,39,2,0,3,3,0,744,1,40,0
1990,28,1,0,3,3,0,426,4,40,0
1990,30,2,0,3,3,1,447,5,40,0
1990,34,2,1,3,3,1,466,5,40,0
1990,79,2,3,0,0,0,0,0,0,0
1990,54,1,1,0,0,0,354,2,40,0
1990,33,1,0,0,0,0,503,2,40,0
1990,34,2,0,0,0,1,27,4,0,0
1990,69,1,0,0,0,1,33,1,0,0
1990,67,2,0,0,0,1,739,1,0,0
1990,45,1,1,0,0,0,856,4,40,0
1990,79,2,3,0,0,0,0,0,0,0
1990,64,1,0,0,0,1,373,1,35,0
1990,62,2,0,0,0,0,0,0,0,0
1990,39,1,2,0,0,0,364,2,35,0
1990,23,1,1,0,0,1,53,0,40,0
1990,43,1,2,0,2,1,229,1,40,0
1990,30,1,0,3,3,1,229,4,40,1
1990,39,2,0,3,3,1,229,4,36,0
1990,60,1,0,0,0,0,849,0,40,0
1990,58,2,0,0,0,0,0,0,0,0
1990,42,1,0,0,0,1,303,2,40,0
1990,37,2,0,0,0,1,174,6,35,0
1990,66,2,0,0,0,0,468,5,0,0
1990,70,1,0,0,0,0,0,0,0,0
1990,75,1,3,0,0,0,0,0,0,0
1990,67,2,3,0,0,0,0,0,0,0
1990,35,1,0,3,1,0,888,2,40,0
1990,24,2,0,3,1,0,744,1,40,0
1990,65,1,0,0,0,0,575,4,0,0
1990,61,2,0,0,0,0,7,4,40,0
1990,52,2,2,0,2,0,376,4,25,0
1990,47,1,1,0,0,0,434,3,50,0
1990,45,1,1,0,0,0,736,1,40,0
1990,50,2,1,0,0,0,0,0,0,0
1990,31,1,0,0,0,1,235,4,45,0
1990,31,2,0,0,0,1,13,4,35,1
1990,62,2,2,0,2,0,337,4,0,0
1990,74,1,2,0,0,0,0,0,0,0
1990,50,2,3,0,0,0,744,1,35,0
1990,25,1,1,0,0,0,453,5,40,0
1990,51,1,0,0,0,0,734,1,8,0
1990,49,2,0,0,0,0,0,0,0,0
1990,39,1,0,3,1,0,533,6,41,0
1990,36,2,0,3,1,0,0,0,0,0
1990,55,1,0,3,3,1,22,2,60,1
1990,48,2,0,3,3,1,157,5,0,0
1990,20,2,1,3,3,0,0,0,0,0
1990,19,1,1,3,3,0,0,0,0,0
1990,45,1,1,0,0,1,163,5,32,1
1990,29,1,0,0,0,1,259,3,42,1
1990,29,2,0,0,0,1,66,4,40,1
1990,39,1,0,0,0,0,585,0,40,0
1990,37,2,0,0,0,0,379,3,0,0
1990,62,1,3,0,0,0,628,1,40,0
1990,32,2,1,0,0,1,313,5,35,0
1990,46,2,3,0,0,0,313,5,35,0
1990,77,1,0,0,4,0,376,4,35,1
1990,75,2,0,0,0,0,0,0,0,0
1990,50,1,1,0,0,1,157,5,35,0
1990,57,2,2,0,1,0,0,0,0,0
1990,35,1,0,0,0,1,376,4,40,0
1990,45,2,0,0,1,0,0,0,0,0
1990,63,1,0,0,0,0,316,6,99,0
1990,49,2,0,0,0,1,0,0,0,0
1990,45,1,0,0,0,0,596,1,99,0
1990,41,2,0,0,0,0,379,6,99,0
1990,19,1,1,0,0,0,436,3,0,0
1990,63,1,0,0,0,1,253,4,35,0
1990,63,2,0,0,0,0,0,0,0,0
1990,28,1,1,0,0,1,525,1,40,0
1990,68,1,0,0,0,0,0,0,0,0
1990,62,2,0,0,0,0,319,4,40,0
1990,27,2,1,0,0,0,387,5,0,0
1990,64,2,3,0,0,0,0,0,0,0
1990,38,1,1,0,0,0,418,6,40,1
1990,28,2,1,1,0,1,379,6,40,0
1990,72,1,0,0,0,0,0,0,0,0
1990,65,2,0,0,0,0,0,0,0,0
1990,31,1,0,1,0,0,453,5,40,0
1990,34,2,0,1,0,1,164,5,40,0
1990,65,2,3,1,1,1,447,5,20,0
1990,25,1,1,1,0,1,308,4,35,0
1990,25,1,0,1,0,0,804,3,40,0
1990,24,2,0,1,0,0,389,4,35,0
1990,43,1,1,0,0,1,426,6,60,0
1990,80,2,3,0,0,0,0,0,0,0
1990,54,1,0,0,0,0,555,5,40,1
1990,50,2,0,0,0,1,37,4,35,0
1990,27,2,1,0,0,0,0,0,0,0
1990,39,2,0,0,0,0,0,0,0,0
1990,36,1,0,0,0,0,354,2,42,0
1990,24,1,0,0,2,0,426,4,0,0
1990,20,2,0,0,4,1,205,5,16,0
1990,33,1,3,0,0,1,178,5,60,0
1990,51,1,0,0,0,0,514,4,80,1
1990,50,2,0,0,0,0,0,0,0,0
1990,23,1,1,0,0,0,804,4,50,0
1990,21,1,1,0,0,0,535,3,35,0
1990,43,1,0,3,3,1,243,3,40,1
1990,38,2,0,3,3,1,0,0,0,0
1990,31,1,0,3,3,1,308,2,40,0
1990,31,2,0,3,3,1,243,3,40,0
1990,69,1,0,3,3,1,877,3,32,0
1990,72,2,0,3,3,0,769,3,0,0
1990,41,1,0,3,3,0,436,3,0,0
1990,38,2,0,3,3,1,0,0,0,0
1990,39,1,0,0,0,1,243,3,55,1
1990,33,2,0,0,0,1,257,2,55,0
1990,80,1,0,0,0,0,0,0,0,0
1990,70,2,0,0,0,1,0,0,0,0
1990,36,2,1,0,0,0,338,5,36,0
1990,34,1,1,0,0,1,278,4,37,0
1990,26,1,1,0,0,1,418,6,43,0
1990,47,1,1,0,0,0,533,2,40,0
1990,34,1,0,0,2,1,43,5,60,1
1990,34,2,0,0,0,1,156,5,32,0
1990,18,1,1,0,0,0,189,3,40,0
1990,74,2,2,0,0,0,0,0,0,0
1990,41,2,3,0,0,0,243,4,55,0
1990,44,2,0,0,0,1,22,1,45,0
1990,47,1,0,0,0,1,259,1,40,1
1990,20,1,1,0,0,1,0,0,0,0
1990,53,2,2,0,0,1,326,5,37,0
1990,29,2,1,0,0,1,25,3,37,0
1990,59,1,0,0,0,0,418,6,14,0
1990,57,2,0,0,2,0,444,5,0,0
1990,48,1,0,0,0,0,8,2,40,1
1990,47,2,0,0,0,0,319,5,20,0
1990,24,2,1,0,0,1,27,5,35,0
1990,22,2,1,0,0,1,313,4,35,0
1990,19,2,1,0,0,0,27,1,35,0
1990,80,1,3,0,0,0,0,0,0,0
1990,70,2,3,3,3,1,0,0,0,1
1990,63,2,3,0,0,0,0,0,0,0
1990,49,2,2,0,0,1,156,5,40,0
1990,67,1,0,0,0,0,0,0,0,0
1990,54,2,0,0,0,0,234,5,0,0
1990,28,2,1,0,0,1,22,1,40,0
1990,76,2,3,0,0,0,0,0,0,0
1990,72,1,1,0,0,0,264,3,40,0
1990,67,1,0,0,2,0,783,0,20,0
1990,62,2,0,0,2,0,274,3,24,0
1990,68,2,3,0,0,1,163,5,32,1
1990,27,2,0,0,0,1,166,5,35,0
1990,33,1,0,0,4,1,23,4,60,1
1990,54,2,3,0,4,1,22,0,24,0
1990,46,1,0,3,3,1,55,5,35,0
1990,40,2,0,3,3,1,337,1,35,0
1990,18,1,1,3,3,0,0,0,0,0
1990,27,2,1,0,0,1,195,1,40,0
1990,53,1,0,0,0,1,22,0,50,1
1990,52,2,0,0,0,1,0,0,0,0
1990,27,2,1,0,0,1,95,5,30,0
1990,66,1,2,0,2,1,195,5,18,0
1990,36,2,1,0,0,1,9,3,40,1
1990,27,1,0,0,0,1,185,1,40,0
1990,24,2,0,0,0,1,156,5,32,0
1990,60,1,0,0,0,1,55,1,40,1
1990,57,2,0,0,0,0,0,0,0,0
1990,33,1,0,0,0,1,214,1,42,0
1990,31,2,0,0,0,1,166,5,42,0
1990,66,2,3,0,0,1,27,4,37,1
1990,52,2,3,1,0,1,21,5,40,0
1990,30,2,1,1,0,0,337,3,40,0
1990,29,1,1,1,0,0,444,3,35,0
1990,27,1,1,1,0,0,453,5,0,0
1990,51,2,0,1,0,1,174,5,35,0
1990,30,1,1,1,0,0,444,3,35,0
1990,27,1,1,1,2,0,354,2,40,0
1990,35,1,3,1,0,0,777,1,40,0
1990,54,2,3,1,1,0,447,5,12,0
1990,74,2,3,1,0,0,0,0,0,0
1990,25,1,3,1,0,1,355,2,40,0
1990,24,2,1,1,0,0,379,3,40,0
1990,52,2,0,1,0,1,274,3,0,0
1990,52,1,0,1,0,0,563,2,40,0
1990,30,1,1,1,0,0,804,1,40,0
1990,26,2,1,1,0,1,308,4,40,0
1990,27,1,1,1,0,0,0,0,0,0
1990,32,1,3,3,3,1,17,3,40,0
1990,39,1,3,3,3,1,435,3,40,0
1990,48,1,0,3,3,1,364,2,35,1
1990,40,2,0,3,3,1,0,0,0,0
1990,59,2,1,0,0,0,889,3,35,1
1990,24,2,2,0,0,0,389,6,0,0
1990,33,1,1,0,0,0,356,2,40,0
1990,58,1,0,1,0,0,804,2,40,0
1990,52,2,0,1,0,0,0,0,0,0
1990,28,2,1,1,0,1,389,6,35,0
1990,27,2,1,1,0,1,155,5,35,0
1990,42,2,3,1,0,1,207,5,40,0
1990,49,1,0,1,0,0,505,4,40,0
1990,45,2,0,1,0,0,444,5,20,0
1990,50,2,3,1,0,0,319,5,35,0
1990,26,2,1,1,0,0,319,5,35,0
1990,73,2,3,1,0,1,0,0,0,0
1990,66,1,0,1,1,1,0,0,0,0
1990,63,2,0,1,0,1,23,6,37,0
1990,23,2,1,1,0,0,365,4,40,0
1990,50,1,3,1,0,1,354,2,40,0
1990,46,2,1,1,0,0,467,5,40,0
1990,63,2,1,1,0,0,0,0,0,0
1990,77,2,1,1,0,0,0,0,0,0
1990,65,1,0,1,0,0,796,2,0,0
1990,63,2,0,1,0,0,257,4,12,0
1990,39,1,3,1,0,1,174,5,40,0
1990,34,1,1,1,0,1,167,6,40,0
1990,24,1,1,1,0,0,785,1,30,0
1990,72,1,0,1,0,0,453,5,36,0
1990,64,2,0,1,0,0,0,0,0,0
1990,58,2,3,1,0,1,447,5,27,0
1990,27,1,1,1,0,1,308,3,35,0
1990,64,1,3,1,0,0,0,0,0,0
1990,27,1,1,1,0,0,575,0,40,0
1990,20,2,1,1,0,1,467,5,40,0
1990,68,1,3,0,4,0,0,0,0,0
1990,79,2,1,0,0,0,157,5,40,0
1990,44,2,1,0,0,1,156,5,40,0
1990,74,2,1,0,0,1,14,5,35,0
1990,59,2,1,0,0,1,174,5,37,0
1990,74,2,1,0,0,1,164,5,40,0
1990,70,2,1,0,0,1,336,5,35,0
1990,56,2,1,0,0,1,14,5,37,1
1990,48,1,2,1,1,0,507,2,40,0
1990,39,2,2,1,4,1,447,5,99,0
1990,31,1,1,0,3,1,337,2,40,0
1990,51,1,0,2,0,0,319,5,40,0
1990,49,2,0,2,0,0,453,4,40,0
1990,23,2,1,2,0,0,374,3,37,0
1990,30,2,3,2,0,0,0,0,0,0
1990,51,1,2,1,0,1,808,2,40,0
1990,41,2,1,1,0,1,95,5,40,0
1990,75,2,3,1,1,0,0,0,0,0
1990,50,2,1,1,1,0,447,5,0,0
1990,44,2,1,1,1,0,447,4,0,0
1990,43,2,1,1,1,0,447,5,40,0
1990,24,2,1,1,0,1,0,0,0,0
1990,55,2,3,1,0,1,156,5,0,0
1990,27,1,1,1,0,1,22,5,35,0
1990,24,2,1,1,0,1,203,5,37,0
1990,29,1,2,1,0,1,418,6,40,0
1990,29,2,1,1,0,1,95,5,40,0
1990,39,1,0,1,0,0,318,2,40,0
1990,41,2,0,1,1,0,447,5,36,0
1990,18,2,1,1,0,0,889,2,30,0
1990,69,2,3,1,0,0,0,0,0,0
1990,34,2,1,1,0,0,14,5,0,0
1990,43,2,0,1,4,0,313,5,35,0
1990,50,1,0,1,1,1,809,2,40,1
1990,79,1,0,0,0,0,0,0,0,0
1990,76,2,0,0,0,0,0,0,0,0
1990,39,1,1,1,0,1,174,5,37,0
1990,43,1,0,1,0,0,844,0,40,0
1990,39,2,0,1,0,1,406,4,30,0
1990,19,1,1,1,0,0,0,0,0,0
1990,42,1,0,0,1,0,449,5,40,0
1990,30,2,0,0,1,0,909,6,0,0
1990,34,2,2,1,0,1,385,5,25,0
1990,78,1,0,0,0,0,0,0,0,0
1990,73,2,0,0,0,0,0,0,0,0
1990,64,1,0,0,2,0,529,2,0,0
1990,60,2,0,0,0,0,0,0,0,0
1990,34,2,1,1,0,1,379,6,40,0
1990,18,2,1,1,0,0,335,1,43,0
1990,61,1,1,1,0,1,23,5,35,0
1990,33,1,3,1,0,0,558,0,37,0
1990,39,2,3,1,0,0,23,0,37,0
1990,46,1,0,1,0,0,461,5,37,1
1990,47,2,0,1,0,0,447,5,40,0
1990,23,2,1,1,0,0,379,5,40,0
1990,21,1,1,1,0,0,785,0,25,0
1990,64,2,1,1,0,0,407,4,30,0
1990,30,1,0,2,0,0,657,1,40,0
1990,23,2,0,2,0,1,319,5,40,0
1990,47,1,0,1,1,0,808,2,35,0
1990,44,2,0,1,1,1,447,5,37,0
1990,40,1,0,1,1,0,357,4,40,0
1990,38,2,0,1,4,0,335,4,40,0
1990,20,1,1,1,1,1,505,4,0,0
1990,51,1,0,1,0,0,0,0,0,0
1990,51,2,0,1,0,0,22,0,40,0
1990,47,2,0,1,0,0,339,4,40,0
1990,53,1,0,1,0,1,424,6,40,0
1990,72,2,0,1,0,1,0,0,0,0
1990,77,1,0,1,0,1,186,5,37,0
1990,43,1,0,1,1,1,64,5,40,0
1990,48,2,0,1,1,0,379,4,40,0
1990,77,1,2,0,0,0,0,0,0,0
1990,64,1,0,0,0,0,889,3,0,0
1990,59,2,0,0,2,0,0,0,0,0
1990,23,1,1,0,2,0,259,3,40,0
1990,30,1,1,1,1,1,21,5,28,0
1990,31,2,1,1,1,1,95,5,40,0
1990,21,1,1,1,1,1,0,0,0,0
1990,44,1,0,0,0,0,185,0,37,1
1990,42,2,0,0,0,0,0,0,0,0
1990,20,2,1,0,0,0,376,4,37,0
1990,64,2,3,0,0,0,0,0,0,0
1990,31,1,1,1,1,0,529,2,40,0
1990,28,2,1,1,0,0,95,5,40,0
1990,56,1,0,0,0,1,185,4,40,1
1990,54,2,0,0,0,0,274,3,40,0
1990,20,2,1,0,0,0,337,2,40,0
1990,75,2,3,0,2,0,0,0,0,0
1990,71,2,3,0,0,0,0,0,0,0
1990,24,1,1,0,0,1,543,0,45,0
1990,45,1,2,0,0,0,543,0,45,0
1990,34,2,2,0,0,0,37,3,30,0
1990,41,1,0,0,0,1,53,0,40,0
1990,46,2,0,0,2,1,18,4,25,0
1990,63,1,0,0,0,0,26,3,0,0
1990,61,2,0,0,0,0,0,0,0,0
1990,70,1,0,0,2,0,0,0,0,0
1990,65,2,0,0,2,0,447,5,0,0
1990,72,2,1,0,2,0,0,0,0,0
1990,41,1,0,0,0,1,7,4,50,0
1990,42,2,0,0,0,1,156,5,35,0
1990,78,1,0,0,0,0,243,3,40,0
1990,80,2,0,0,0,0,0,0,0,0
1990,74,1,0,0,0,0,264,3,25,0
1990,69,2,0,0,0,0,0,0,0,0
1990,54,1,0,0,0,0,536,4,40,0
1990,53,2,0,0,0,0,0,0,0,0
1990,31,1,1,0,0,1,64,5,60,0
1990,24,2,1,0,0,1,23,1,35,0
1990,54,1,0,0,0,0,426,5,37,0
1990,50,2,0,0,0,0,0,0,0,0
1990,29,2,1,0,0,1,13,4,40,0
1990,24,2,3,0,0,1,305,4,40,0
1990,61,1,0,0,0,0,0,0,0,0
1990,60,2,0,0,0,0,0,0,0,0
1990,22,1,1,0,0,0,364,2,40,0
1990,55,1,0,0,0,1,156,5,40,0
1990,49,2,0,0,0,1,156,5,40,0
1990,24,1,1,0,0,1,156,5,40,0
1990,22,2,1,0,0,1,267,3,40,0
1990,63,1,0,0,0,1,259,3,60,1
1990,59,2,0,0,0,1,156,5,0,0
1990,53,2,3,0,0,1,95,5,25,0
1990,21,1,1,0,0,1,453,5,40,0
1990,61,2,2,0,0,0,365,5,35,0
1990,36,1,0,0,0,1,243,3,60,0
1990,36,2,0,0,0,1,0,0,0,0
1990,64,2,0,0,0,0,0,0,0,0
1990,65,1,0,0,2,0,453,4,40,0
1990,59,1,0,0,0,0,534,0,40,0
1990,58,2,0,0,0,0,357,4,40,0
1990,52,2,2,1,0,1,375,4,45,0
1990,30,1,1,1,0,0,356,4,40,0
1990,77,1,1,0,2,0,0,0,0,0
1990,75,2,3,0,0,0,0,0,0,0
1990,79,2,3,1,0,0,0,0,0,0
1990,76,2,1,1,0,0,447,5,0,0
1990,26,2,1,1,0,0,785,1,0,0
1990,41,2,3,0,1,0,407,4,15,0
1990,45,2,3,2,1,0,779,1,40,0
1990,20,2,1,2,1,1,0,0,0,0
1990,22,1,3,2,1,0,877,3,0,0
1990,68,2,3,2,1,0,0,0,0,0
1990,32,1,1,0,0,0,889,1,40,0
1990,77,1,3,1,1,0,449,4,0,0
1990,43,1,1,1,1,0,779,1,40,0
1990,37,1,2,1,1,0,889,1,40,0
1990,66,2,3,1,1,0,0,0,0,0
1990,30,2,1,1,0,1,253,4,35,0
1990,30,1,1,0,0,0,0,0,0,0
1990,71,2,3,0,0,0,0,0,0,0
1990,23,2,1,2,0,1,0,0,0,0
1990,72,2,3,0,0,1,316,6,0,0
1990,69,2,0,0,2,1,0,0,0,1
1990,76,1,0,0,2,1,18,4,35,1
1990,25,1,0,2,0,1,424,6,40,0
1990,25,2,0,2,0,0,799,3,0,0
1990,39,1,0,0,0,0,783,4,82,1
1990,40,2,0,0,0,0,339,3,6,0
1990,74,1,0,0,0,1,278,3,24,0
1990,75,2,0,0,0,0,0,0,0,0
1990,50,1,2,0,0,0,869,0,40,0
1990,24,2,1,0,0,0,447,5,5,0
1990,41,1,0,0,0,0,708,1,40,0
1990,38,2,0,0,0,0,449,5,24,0
1990,18,1,1,0,0,0,276,3,40,0
1990,45,1,0,0,0,0,364,1,40,0
1990,42,2,0,0,0,0,689,1,40,0
1990,32,1,0,0,0,1,783,1,40,0
1990,26,2,0,0,0,1,97,5,60,0
1990,53,1,0,0,0,0,516,0,40,0
1990,51,2,0,0,0,0,785,1,40,0
1990,31,1,0,0,0,0,364,1,45,0
1990,34,2,0,0,0,1,156,5,35,0
1990,26,1,0,0,0,0,804,3,45,0
1990,25,2,0,0,0,0,887,1,40,0
1990,40,1,2,0,0,0,518,1,25,0
1990,36,1,2,0,0,0,783,1,45,0
1990,46,1,2,0,0,0,16,2,45,0
1990,40,2,2,0,0,1,207,5,40,0
1990,19,2,1,0,0,0,155,5,40,0
1990,23,2,1,0,0,0,706,1,40,0
1990,53,1,0,0,0,0,473,0,40,0
1990,53,2,0,0,0,0,808,5,25,0
1990,42,1,0,0,0,1,544,1,40,0
1990,42,2,0,0,0,0,447,5,0,0
1990,35,1,0,0,0,0,844,0,35,0
1990,32,2,0,0,0,0,5,6,40,0
1990,34,1,0,0,0,0,804,1,48,0
1990,35,2,0,0,0,0,856,1,48,0
1990,62,1,0,0,0,0,799,1,45,0
1990,58,2,0,0,0,0,764,1,45,0
1990,41,1,0,0,0,0,883,1,40,0
1990,38,2,0,0,0,0,313,5,40,0
1990,40,1,0,0,0,0,567,0,40,0
1990,36,2,0,0,0,1,156,5,40,0
1990,25,1,1,0,0,1,159,5,50,0
1990,25,1,1,0,0,1,889,5,0,0
1990,33,1,0,0,0,0,783,1,40,0
1990,29,2,0,0,0,0,387,5,32,0
1990,47,1,0,0,0,0,544,1,56,1
1990,48,2,0,0,0,0,0,0,0,0
1990,34,2,3,0,0,0,785,1,40,0
1990,40,1,0,0,0,0,577,2,40,0
1990,40,2,0,0,0,0,777,1,40,0
1990,22,1,1,0,0,0,628,1,40,0
1990,75,2,3,0,0,0,436,5,0,0
1990,64,1,0,0,0,0,754,1,40,0
1990,56,2,0,0,0,0,435,3,35,0
1990,61,1,0,0,0,0,628,1,48,0
1990,62,2,0,0,4,1,785,1,10,0
1990,55,1,0,0,0,1,22,5,40,0
1990,48,2,0,0,0,0,808,5,25,0
1990,21,1,1,0,0,0,889,2,40,0
1990,40,1,2,0,0,0,433,3,40,0
1990,22,2,1,0,0,0,243,3,25,0
1990,33,2,0,0,0,1,785,1,25,0
1990,36,1,0,0,0,0,785,1,40,0
1990,79,2,3,0,0,0,785,1,20,0
1990,64,1,3,0,0,0,0,0,0,0
1990,37,1,1,0,0,1,779,1,40,0
1990,46,1,0,0,0,0,785,1,40,0
1990,44,2,0,0,0,0,257,1,40,0
1990,29,2,2,0,0,0,22,1,20,0
1990,55,1,0,0,0,0,473,0,40,0
1990,52,2,0,0,0,1,95,5,38,0
1990,22,1,1,0,0,1,473,0,60,0
1990,63,2,0,0,0,0,313,1,50,0
1990,65,1,0,0,0,0,22,1,50,1
1990,26,2,1,0,0,1,33,1,40,0
1990,22,2,1,0,0,0,0,0,0,0
1990,42,1,0,0,0,1,55,1,50,1
1990,48,2,0,0,0,0,469,3,20,0
1990,34,1,0,0,0,0,777,1,48,0
1990,31,2,0,0,0,0,777,4,40,0
1990,40,2,2,0,0,0,877,3,40,0
1990,19,1,1,0,0,0,444,3,15,0
1990,27,2,1,0,0,0,376,0,40,0
1990,76,2,3,0,0,0,436,5,40,0
1990,41,2,2,0,0,0,313,5,16,0
1990,64,2,3,0,0,1,0,0,0,0
1990,40,1,0,0,0,0,628,1,48,0
1990,38,2,0,0,0,0,447,5,40,0
1990,33,1,0,0,0,0,859,1,48,0
1990,31,2,0,0,0,0,0,0,0,0
1990,65,1,0,0,0,0,628,1,0,0
1990,60,2,0,0,0,0,0,0,0,0
1990,42,1,0,0,0,1,0,0,0,0
1990,44,2,0,0,0,0,449,5,37,0
1990,65,1,0,0,0,0,768,1,15,0
1990,58,2,0,0,0,0,785,1,40,0
1990,21,2,1,0,0,1,449,4,30,0
1990,30,2,1,0,0,0,889,1,40,0
1990,42,1,3,0,0,1,473,0,50,0
1990,53,1,0,0,0,1,154,5,60,1
1990,51,2,0,0,0,1,156,5,24,0
1990,21,1,1,0,0,1,459,6,90,0
1990,32,2,1,0,0,1,314,6,40,0
1990,43,1,2,0,0,0,418,6,40,0
1990,76,2,2,0,0,0,0,0,0,0
1990,23,1,1,0,0,1,804,6,40,0
1990,23,1,1,0,0,1,453,6,50,0
1990,21,1,1,0,0,1,21,5,25,0
1990,23,1,1,0,0,1,443,3,55,0
1990,21,2,1,0,0,1,174,5,40,0
1990,20,2,1,0,0,1,447,5,40,0
1990,18,2,1,0,0,1,0,0,0,0
1990,18,2,1,0,2,1,435,3,20,0
1990,19,1,1,0,0,1,877,3,40,0
1990,19,2,1,0,0,0,276,3,13,0
1990,21,2,1,0,0,1,433,3,30,0
1990,20,2,1,0,0,1,264,3,30,0
1990,21,2,1,0,0,1,22,2,35,0
1990,21,2,1,0,0,1,274,3,30,0
1990,80,2,3,0,0,1,0,0,0,0
1990,45,2,1,0,0,1,274,3,55,0
1990,45,1,2,0,0,0,518,1,40,0
1990,18,2,1,0,0,0,274,3,2,0
1990,37,1,0,0,0,1,804,0,40,0
1990,33,2,0,0,0,0,276,3,0,0
1990,47,2,2,0,0,1,337,4,25,0
1990,20,1,1,0,0,1,436,3,25,0
1990,37,1,1,0,0,1,253,4,44,0
1990,21,1,3,0,0,0,804,2,70,0
1990,20,2,3,0,0,0,447,5,20,0
1990,56,2,3,0,0,0,444,5,8,0
1990,42,2,2,0,0,0,796,1,40,0
1990,37,2,2,0,0,0,276,1,55,0
1990,77,2,0,0,0,0,0,0,0,0
1990,76,1,0,0,0,0,0,0,0,0
1990,38,1,0,0,0,0,804,3,40,1
1990,37,2,0,0,0,0,313,5,40,0
1990,34,1,0,0,0,0,534,3,48,0
1990,34,2,0,0,0,0,468,5,0,0
1990,31,1,0,0,0,1,565,0,40,0
1990,24,2,0,0,0,1,406,4,30,0
1990,60,1,0,0,0,1,154,5,60,1
1990,56,2,0,0,0,1,313,6,25,0
1990,31,1,0,0,0,1,376,6,40,0
1990,38,2,0,0,0,1,8,4,40,0
1990,27,1,0,0,0,1,229,1,40,0
1990,27,2,0,0,0,1,274,3,30,0
1990,33,1,0,3,3,1,225,1,40,0
1990,30,2,0,3,3,1,235,5,20,0
1990,55,1,0,0,0,0,259,1,60,0
1990,34,2,0,0,0,1,243,4,0,0
1990,22,1,1,0,0,0,228,6,48,0
1990,41,1,0,0,0,0,785,1,40,0
1990,39,2,0,0,0,0,266,3,40,0
1990,38,1,3,0,0,1,533,1,60,0
1990,73,1,0,0,0,0,426,1,36,0
1990,74,2,0,0,0,0,0,0,0,0
1990,36,2,2,0,0,1,314,5,40,0
1990,34,2,1,0,0,0,21,5,24,0
1990,71,2,1,0,0,1,176,5,20,0
1990,46,1,2,0,0,1,653,1,48,0
1990,27,1,0,0,0,0,186,3,20,0
1990,26,2,0,0,0,0,877,3,25,0
1990,48,1,0,0,0,1,468,5,40,0
1990,47,2,0,0,0,0,313,4,34,0
1990,66,1,0,0,0,0,426,5,0,0
1990,65,2,0,0,0,0,0,0,0,0
1990,48,1,0,0,0,0,243,3,50,0
1990,50,2,0,0,0,0,276,3,37,0
1990,62,2,3,0,0,0,0,0,0,0
1990,37,1,1,0,0,0,274,3,32,0
1990,59,1,1,0,0,0,0,0,0,0
1990,56,1,0,0,0,1,628,1,40,1
1990,55,2,0,0,0,0,0,0,0,0
1990,26,2,1,0,0,1,436,3,35,0
1990,72,1,0,0,0,0,453,4,40,0
1990,63,2,0,0,0,0,0,0,0,0
1990,22,1,1,0,0,1,17,3,37,0
1990,31,1,0,0,0,0,22,1,42,0
1990,29,2,0,0,0,0,734,1,0,0
1990,77,2,3,0,0,0,0,0,0,0
1990,78,1,2,0,0,0,0,0,0,0
1990,63,1,0,0,0,0,0,0,0,0
1990,61,2,0,0,0,1,0,0,0,0
1990,28,1,0,0,0,0,259,3,30,0
1990,36,2,0,0,0,1,317,4,30,0
1990,78,2,0,0,0,0,0,0,0,0
1990,36,2,2,0,0,0,447,5,40,0
1990,66,1,0,0,0,0,719,1,0,0
1990,59,2,0,0,0,0,22,5,35,0
1990,67,2,3,0,0,0,0,0,0,0
1990,57,1,2,0,0,0,0,0,0,0
1990,43,1,0,0,0,1,628,1,40,1
1990,32,2,0,0,0,1,365,1,40,0
1990,69,1,0,0,2,1,157,5,10,0
1990,63,2,0,0,2,0,666,4,40,0
1990,66,1,0,0,0,0,644,3,0,0
1990,63,2,0,0,0,0,0,0,0,0
1990,29,2,1,0,0,0,878,1,50,0
1990,38,2,2,0,0,0,768,1,40,0
1990,20,1,3,0,0,0,276,3,40,0
1990,63,1,0,0,0,0,22,1,0,0
1990,59,2,0,0,0,0,276,3,0,0
1990,57,1,0,0,0,0,889,6,40,0
1990,56,2,0,0,0,0,313,5,15,0
1990,64,1,0,0,0,0,159,1,24,0
1990,66,2,0,0,0,0,689,3,0,0
1990,28,1,0,0,0,0,804,3,12,0
1990,26,2,0,0,0,0,348,5,23,0
1990,23,1,2,0,0,0,783,4,45,0
1990,34,1,0,2,0,0,804,0,40,0
1990,31,2,0,2,1,0,479,0,40,0
1990,30,1,1,0,0,0,486,5,40,0
1990,32,1,2,0,0,0,883,1,40,0
1990,28,1,1,0,0,0,889,1,40,0
1990,53,1,0,0,0,1,176,5,50,0
1990,53,2,0,0,0,1,27,5,0,0
1990,55,2,2,2,0,0,0,0,0,0
1990,30,1,1,2,0,0,714,1,40,0
1990,54,1,0,0,0,0,708,1,40,0
1990,51,2,0,0,0,0,796,1,40,0
1990,28,1,1,0,0,0,595,0,48,0
1990,27,2,2,0,0,0,436,3,40,0
1990,43,1,0,0,0,0,855,0,40,0
1990,41,2,0,0,0,0,313,4,0,0
1990,19,2,1,0,0,1,462,5,25,0
1990,64,2,3,0,0,0,436,3,0,0
1990,78,1,0,0,0,0,0,0,0,0
1990,77,2,0,0,0,0,0,0,0,0
1990,78,1,0,0,0,0,0,0,0,0
1990,73,2,0,0,0,0,0,0,0,0
1990,69,2,3,0,0,0,0,0,0,0
1990,68,2,3,0,0,0,0,0,0,0
1990,53,1,0,0,0,0,226,3,40,0
1990,41,2,0,0,0,0,383,4,23,0
1990,65,2,3,0,0,0,97,5,20,0
1990,43,1,2,0,0,1,615,0,45,0
1990,52,1,0,0,0,0,744,1,40,0
1990,53,2,0,0,0,0,756,1,48,0
1990,18,1,1,0,0,0,436,3,32,0
1990,72,2,3,0,0,0,0,0,0,0
1990,44,1,0,0,0,0,785,1,40,0
1990,43,2,0,0,0,0,383,4,38,0
1990,19,2,1,0,0,1,383,4,12,0
1990,34,1,0,0,0,0,0,0,0,0
1990,34,2,0,0,0,0,0,0,0,0
1990,65,1,0,0,0,1,22,3,48,1
1990,64,2,0,0,0,0,243,3,40,0
1990,26,1,0,0,0,0,699,1,40,0
1990,22,2,0,0,0,0,383,4,0,0
1990,47,1,0,0,0,1,824,2,40,0
1990,35,2,0,0,0,0,453,4,48,0
1990,68,2,3,0,0,0,453,1,40,0
1990,29,1,0,0,0,1,19,4,45,1
1990,27,2,0,0,0,1,178,5,50,1
1990,43,1,0,0,0,0,585,1,40,0
1990,40,2,0,0,0,1,157,5,40,0
1990,31,1,0,0,0,0,883,1,40,0
1990,32,2,0,0,0,1,243,3,40,0
1990,60,1,0,0,0,0,844,0,55,0
1990,59,2,0,0,0,1,0,0,0,0
1990,27,1,0,0,0,1,96,5,40,0
1990,27,2,0,0,0,1,203,5,20,0
1990,34,1,0,0,0,0,549,1,48,1
1990,32,2,0,0,0,0,806,5,40,0
1990,49,1,2,0,2,1,678,5,32,1
1990,50,2,2,0,0,1,185,1,40,0
1990,25,2,1,0,0,1,203,5,37,0
1990,70,1,0,0,0,1,0,0,0,0
1990,76,2,0,0,0,0,0,0,0,0
1990,52,1,0,0,0,1,22,5,0,0
1990,49,2,0,0,0,1,156,5,30,0
1990,42,1,0,0,0,1,22,5,50,0
1990,40,2,0,0,0,1,337,1,50,0
1990,35,1,0,0,0,1,336,5,40,0
1990,33,2,0,0,0,1,476,0,30,0
1990,44,1,0,0,0,1,804,0,50,0
1990,40,2,0,0,0,0,313,3,25,0
1990,49,1,0,0,0,0,575,0,90,0
1990,49,2,0,0,0,0,0,0,0,0
1990,46,2,3,0,0,0,436,3,20,0
1990,42,1,0,0,0,0,585,3,60,0
1990,40,2,0,0,0,0,383,4,40,0
1990,20,1,1,0,0,0,585,3,20,0
1990,30,2,1,0,0,0,207,5,48,0
1990,35,1,0,0,0,0,637,1,50,0
1990,33,2,0,0,0,0,684,1,40,0
1990,61,1,0,0,0,1,56,1,50,1
1990,59,2,0,0,0,1,95,5,16,0
1990,52,1,0,0,0,1,57,1,0,0
1990,51,2,0,0,0,0,313,0,34,0
1990,33,1,0,0,0,1,22,1,40,1
1990,34,2,0,0,0,1,264,3,12,0
1990,77,1,0,0,0,0,0,0,0,0
1990,77,2,0,0,0,0,0,0,0,0
1990,30,1,0,0,0,0,628,1,40,0
1990,35,2,0,0,2,1,0,0,0,0
1990,53,1,0,0,0,1,235,1,40,1
1990,41,2,0,0,0,1,159,5,15,0
1990,31,1,0,0,0,0,628,2,40,0
1990,30,2,0,0,0,1,319,5,15,0
1990,30,2,2,0,0,0,447,5,40,0
1990,31,1,2,0,0,0,269,3,40,0
1990,45,1,0,0,0,1,22,1,45,1
1990,45,2,0,0,0,0,313,1,40,0
1990,34,2,2,0,0,1,23,1,40,0
1990,43,1,0,0,0,1,276,5,60,0
1990,43,2,0,0,0,1,177,5,40,0
1990,51,1,0,0,0,0,274,3,45,0
1990,50,2,0,0,0,0,666,3,0,0
1990,71,1,0,0,0,0,0,0,0,0
1990,73,2,0,0,0,0,0,0,0,0
1990,72,1,0,0,0,0,0,0,0,0
1990,72,2,0,0,0,0,0,0,0,0
1990,67,2,3,0,0,0,796,1,0,0
1990,49,2,3,0,0,0,579,1,37,0
1990,34,1,0,0,0,0,804,2,40,0
1990,36,2,0,0,0,0,0,0,0,0
1990,66,1,0,0,0,0,844,2,0,0
1990,66,2,0,0,0,0,0,0,0,0
1990,42,2,1,0,0,0,243,3,40,0
1990,45,2,1,0,0,0,243,3,40,0
1990,31,2,2,0,0,0,435,3,40,0
1990,48,2,2,1,0,0,479,0,0,0
1990,18,1,1,1,0,0,0,0,0,0
1990,35,1,3,0,0,0,0,0,0,0
1990,60,2,0,0,0,0,0,0,0,0
1990,42,1,0,0,0,0,0,0,0,0
1990,32,2,2,0,0,0,17,3,38,0
1990,41,1,0,0,0,1,156,5,40,0
1990,40,2,0,0,0,1,156,5,40,0
1990,23,1,0,0,0,1,366,2,40,0
1990,20,2,0,0,0,1,174,5,25,0
1990,61,1,3,0,4,0,567,0,0,0
1990,37,2,2,0,0,0,479,0,0,0
1990,39,1,0,0,0,1,157,5,40,0
1990,35,2,0,0,0,1,95,5,18,0
1990,66,1,0,0,0,1,22,5,45,0
1990,62,2,0,0,0,1,183,5,12,0
1990,53,1,1,0,0,0,889,5,30,0
1990,61,1,0,0,0,0,453,1,0,0
1990,57,2,0,0,0,0,243,3,46,0
1990,38,1,0,0,0,1,156,5,60,0
1990,38,2,0,0,0,1,156,5,30,0
1990,41,1,0,0,0,1,57,2,50,0
1990,40,2,0,0,0,0,628,1,0,0
1990,46,1,0,0,0,0,804,2,60,0
1990,43,2,0,0,0,0,446,5,36,0
1990,61,1,2,0,0,0,727,1,40,0
1990,31,1,0,0,0,0,823,2,50,0
1990,30,2,0,0,0,0,365,3,25,0
1990,50,1,0,0,0,1,22,2,40,0
1990,51,2,0,0,0,1,14,5,48,0
1990,77,2,3,0,0,0,0,0,0,0
1990,78,1,0,0,0,0,0,0,0,0
1990,67,2,0,0,0,0,0,0,0,0
1990,40,1,2,0,0,0,909,6,0,0
1990,66,1,0,0,0,0,0,0,0,0
1990,68,2,0,0,0,0,0,0,0,0
1990,34,1,1,0,0,0,785,3,20,0
1990,27,1,1,0,0,0,486,0,40,0
1990,25,1,1,0,0,0,496,0,45,0
1990,21,1,1,0,0,0,785,1,40,0
1990,28,1,3,0,0,0,856,1,40,0
1990,27,2,2,0,0,0,796,1,40,0
1990,56,1,0,0,0,0,575,0,40,0
1990,54,2,0,0,0,0,0,0,0,0
1990,25,2,2,0,0,0,769,1,40,0
1990,73,2,3,0,0,0,0,0,0,0
1990,37,1,0,0,0,1,59,1,45,0
1990,38,2,0,0,0,0,243,3,40,0
1990,20,2,1,0,0,1,435,5,40,0
1990,26,1,0,0,0,1,704,1,40,0
1990,34,2,0,0,0,0,379,3,33,0
1990,67,2,3,0,0,0,0,0,0,0
1990,47,2,2,0,0,0,719,1,40,0
1990,58,1,0,0,0,1,804,2,40,0
1990,52,2,0,0,0,0,785,1,40,0
1990,35,2,2,2,0,0,174,6,40,0
1990,37,1,0,1,0,0,853,0,40,0
1990,36,2,0,1,0,0,436,3,36,0
1990,56,1,0,0,0,1,22,1,55,1
1990,55,2,0,0,0,0,0,0,0,0
1990,41,1,0,0,0,0,453,1,40,0
1990,34,2,0,0,0,0,436,3,0,0
1990,48,1,0,0,0,0,686,1,40,0
1990,49,2,0,0,0,1,337,1,40,0
1990,21,1,1,0,0,1,447,5,40,0
1990,61,1,0,0,0,0,259,3,40,1
1990,60,2,0,0,0,0,0,0,0,0
1990,42,1,0,0,0,1,779,1,40,0
1990,47,2,0,0,0,1,95,5,48,0
1990,19,1,1,0,0,0,276,3,37,0
1990,53,1,0,0,0,0,637,1,40,0
1990,50,2,0,0,0,0,313,5,40,0
1990,69,2,3,0,0,1,0,0,0,0
1990,34,1,0,0,0,0,804,0,50,0
1990,32,2,0,0,0,1,313,5,38,0
1990,59,1,0,0,0,0,436,6,40,0
1990,54,2,0,0,0,0,0,0,0,0
1990,76,2,3,0,0,0,0,0,0,0
1990,66,1,0,0,0,0,0,0,0,0
1990,60,2,0,0,0,0,0,0,0,0
1990,59,1,0,0,0,0,558,3,45,0
1990,45,2,0,0,0,1,0,0,0,0
1990,22,2,2,0,0,0,276,3,30,0
1990,50,2,0,0,0,0,0,0,0,0
1990,50,1,0,0,0,0,804,2,40,0
1990,24,2,1,0,0,0,436,3,40,0
1990,19,2,1,0,0,0,435,3,40,0
1990,23,2,1,0,0,1,235,0,42,0
1990,26,1,1,0,0,0,769,1,45,0
1990,47,1,0,0,0,1,426,0,40,0
1990,48,2,0,0,0,1,14,5,40,0
1990,18,1,1,0,0,0,335,5,5,0
1990,47,1,0,0,0,1,17,3,84,1
1990,46,2,0,0,0,0,17,3,84,0
1990,18,2,1,0,0,0,436,3,16,0
1990,24,1,0,0,0,1,783,1,42,0
1990,25,2,0,0,0,1,156,5,40,0
1990,34,1,0,0,0,0,785,1,40,0
1990,32,2,0,0,0,0,383,4,20,0
1990,80,2,0,0,0,1,0,0,0,0
1990,67,1,0,0,0,0,518,2,20,0
1990,64,2,0,0,0,0,0,0,0,0
1990,29,1,1,0,0,0,637,1,40,0
1990,78,1,1,0,0,0,486,5,0,0
1990,51,1,0,0,0,0,756,1,40,0
1990,48,2,0,0,0,0,0,0,0,0
1990,26,1,1,0,0,0,769,1,40,0
1990,21,1,0,0,0,0,769,1,40,0
1990,21,2,0,0,0,0,174,5,25,0
1990,71,2,3,0,0,0,0,0,0,0
1990,36,1,0,0,0,0,505,1,48,0
1990,33,2,0,0,0,1,95,5,40,0
1990,23,1,0,0,0,0,889,1,9,0
1990,22,2,0,0,0,0,488,0,16,0
1990,77,1,0,0,0,1,0,0,0,0
1990,74,2,0,0,0,0,0,0,0,0
1990,56,1,0,0,0,1,585,0,40,1
1990,53,2,0,0,0,0,0,0,0,0
1990,22,1,1,0,0,1,37,1,40,0
1990,46,1,1,0,0,0,567,0,40,0
1990,53,1,0,0,0,0,719,1,40,0
1990,42,2,0,0,0,0,779,1,40,0
1990,19,1,1,0,0,0,479,0,20,0
1990,47,2,2,0,0,0,877,1,40,0
1990,18,2,1,0,0,0,276,3,25,0
1990,33,1,0,0,0,0,565,0,40,0
1990,29,2,0,0,0,0,796,1,40,0
1990,39,1,0,0,0,0,785,1,70,1
1990,39,2,0,0,0,0,683,1,48,0
1990,19,1,1,0,0,0,0,0,0,0
1990,49,1,0,0,0,0,865,1,40,0
1990,51,2,0,0,0,1,95,5,8,0
1990,56,1,0,0,0,0,563,0,40,0
1990,53,2,0,0,0,0,313,2,8,0
1990,19,1,1,0,0,0,479,0,0,0
1990,27,1,0,0,0,0,756,1,40,0
1990,25,2,0,0,0,0,445,5,36,0
1990,44,2,2,0,0,0,447,5,35,0
1990,37,1,2,0,0,0,889,1,40,1
1990,18,2,1,0,0,0,276,3,20,0
1990,70,1,0,0,0,0,0,0,0,0
1990,72,2,0,0,0,0,0,0,0,0
1990,28,1,0,0,0,1,689,1,55,0
1990,25,2,0,0,0,1,95,5,16,0
1990,58,1,0,0,0,0,853,0,44,0
1990,56,2,0,0,0,1,243,3,38,0
1990,44,1,0,0,0,0,575,1,48,0
1990,34,2,0,0,0,1,0,0,0,0
1990,50,1,0,3,3,1,84,5,50,1
1990,48,2,0,3,3,1,22,3,20,0
1990,37,1,0,0,0,0,853,0,60,1
1990,38,2,0,0,0,0,0,0,0,0
1990,77,2,0,0,0,0,0,0,0,0
1990,72,1,0,0,0,0,0,0,0,0
1990,70,2,0,0,0,0,0,0,0,0
1990,22,2,1,0,0,1,23,3,42,0
1990,61,1,0,0,0,0,457,4,40,0
1990,58,2,0,0,0,0,447,5,40,0
1990,20,2,1,0,0,1,435,5,37,0
1990,19,2,1,0,0,0,276,5,20,0
1990,23,1,1,0,0,1,523,4,40,0
1990,58,1,0,0,0,0,637,1,40,0
1990,52,2,0,0,0,0,0,0,0,0
1990,24,1,1,0,0,0,785,1,56,0
1990,22,2,2,0,0,0,0,0,0,0
1990,37,2,1,0,0,0,518,1,40,0
1990,68,1,0,0,0,1,0,0,0,0
1990,67,2,0,0,0,0,0,0,0,0
1990,63,2,2,0,0,1,337,5,57,0
1990,36,2,1,0,0,0,435,3,40,0
1990,57,1,3,0,0,1,804,2,55,1
1990,34,1,0,0,0,1,277,3,50,0
1990,32,2,0,0,0,1,599,2,40,0
1990,30,2,1,0,0,1,683,1,40,0
1990,71,1,3,0,0,0,0,0,0,0
1990,75,1,0,0,0,0,0,0,0,0
1990,73,2,0,0,0,0,0,0,0,0
1990,71,1,0,0,0,0,0,0,0,0
1990,75,2,0,0,0,0,0,0,0,0
1990,66,1,0,0,0,1,475,0,40,0
1990,66,2,0,0,0,1,156,5,40,0
1990,37,1,0,0,0,0,505,3,50,0
1990,38,2,0,0,0,0,22,0,40,0
1990,34,1,0,0,0,1,856,1,56,1
1990,34,2,0,0,0,1,0,0,0,0
1990,72,1,1,0,0,0,473,0,30,0
1990,72,1,0,0,0,0,0,0,0,0
1990,73,2,0,0,0,0,0,0,0,0
1990,37,1,0,0,0,1,308,2,56,0
1990,34,2,0,0,0,1,313,1,40,0
1990,38,1,0,0,0,1,575,1,48,0
1990,35,2,0,0,0,1,156,5,37,0
1990,62,1,0,0,0,0,644,1,40,0
1990,60,2,0,0,0,0,0,0,0,0
1990,25,2,2,0,0,1,385,3,40,0
1990,32,2,1,0,0,1,878,1,40,0
1990,67,2,2,0,0,0,0,0,0,0
1990,68,2,3,0,0,0,0,0,0,0
1990,61,1,0,0,0,0,856,5,30,0
1990,54,2,0,0,0,0,436,5,0,0
1990,46,1,2,0,0,0,877,1,40,0
1990,52,1,0,0,0,0,734,1,37,0
1990,48,2,0,0,0,0,319,5,20,0
1990,47,2,1,0,0,1,809,5,40,0
1990,32,1,3,0,0,1,229,1,45,0
1990,76,2,0,0,0,0,0,0,0,0
1990,22,1,1,0,0,1,426,5,30,0
1990,39,1,2,0,0,0,518,1,40,0
1990,18,2,1,0,0,1,0,0,0,0
1990,53,1,0,0,0,0,653,1,45,0
1990,48,2,0,0,0,1,243,3,47,0
1990,18,1,1,0,0,0,337,3,19,0
1990,18,1,1,0,2,0,458,4,10,0
1990,41,1,0,0,0,0,243,3,40,1
1990,44,2,0,0,0,0,447,5,40,0
1990,23,1,0,0,0,0,475,0,45,0
1990,20,2,0,0,0,0,276,0,40,0
1990,26,1,0,0,0,0,888,1,40,0
1990,19,2,0,0,0,0,436,3,0,0
1990,35,2,0,0,0,0,276,3,20,0
1990,38,1,0,0,0,0,769,3,40,0
1990,20,1,1,0,0,0,637,1,0,0
1990,18,1,1,0,0,0,869,0,40,0
1990,35,1,0,0,0,0,804,2,99,0
1990,31,2,0,0,0,1,185,3,28,0
1990,41,1,0,0,0,0,766,1,40,0
1990,38,2,0,0,0,1,206,5,16,0
1990,42,2,2,0,0,1,436,3,40,0
1990,22,1,1,0,0,0,719,1,40,0
1990,18,1,1,0,0,0,883,1,40,0
1990,40,1,0,0,0,1,159,5,37,0
1990,40,2,0,0,0,1,384,1,43,0
1990,42,1,2,0,0,0,734,1,50,0
1990,62,2,3,0,0,0,734,1,40,0
1990,21,2,1,0,0,1,225,5,5,0
1990,42,1,0,0,0,0,567,0,40,0
1990,38,2,0,0,0,0,365,1,40,0
1990,21,1,1,0,0,1,436,4,50,0
1990,19,2,1,0,0,1,274,3,30,0
1990,20,2,1,0,0,0,406,4,0,0
1990,34,1,0,0,0,1,156,5,40,0
1990,33,2,0,0,0,1,0,0,0,0
1990,34,1,0,0,0,1,889,1,40,0
1990,33,2,0,0,0,0,0,0,0,0
1990,76,1,0,0,0,0,0,0,0,0
1990,77,2,0,0,0,0,0,0,0,0
1990,29,1,0,0,0,0,779,1,40,0
1990,30,2,0,0,0,0,444,3,30,0
1990,68,1,0,0,0,0,585,5,50,0
1990,64,2,0,0,0,0,0,0,0,0
1990,44,1,0,0,0,0,567,0,45,0
1990,38,2,0,0,0,1,207,5,20,0
1990,29,1,0,0,0,0,777,1,50,0
1990,36,2,0,0,0,0,0,0,0,0
1990,50,1,0,0,0,0,53,2,40,0
1990,47,2,0,0,0,0,0,0,0,0
1990,19,1,1,0,0,0,443,3,18,0
1990,60,2,1,0,0,1,95,5,40,0
1990,27,2,1,0,0,0,909,6,0,0
1990,26,2,3,0,0,0,727,1,40,0
1990,21,1,1,0,0,0,779,1,40,0
1990,53,1,0,0,0,0,509,3,99,0
1990,53,2,0,0,0,0,0,0,0,0
1990,22,1,1,0,0,0,509,3,40,0
1990,52,1,0,0,0,0,473,0,50,1
1990,51,2,0,0,0,0,0,0,0,0
1990,22,2,1,0,0,1,456,4,40,0
1990,20,1,1,0,0,1,475,0,40,0
1990,54,1,0,0,0,1,457,4,57,0
1990,53,2,0,0,0,0,683,1,40,0
1990,53,1,0,0,0,0,777,1,40,0
1990,50,2,0,0,0,0,785,1,22,0
1990,21,1,1,0,0,1,888,1,40,0
1990,29,1,0,0,1,0,479,0,45,0
1990,22,2,0,0,1,0,479,0,45,0
1990,31,1,0,0,1,0,479,0,45,0
1990,24,2,0,0,1,0,479,0,45,0
1990,52,1,0,0,0,1,157,5,35,0
1990,51,2,0,0,0,1,315,1,37,0
1990,26,1,0,0,0,1,303,1,50,0
1990,24,2,0,0,0,0,0,0,0,0
1990,49,1,0,0,0,0,804,2,37,0
1990,45,2,0,0,0,0,889,1,30,0
1990,22,2,1,0,0,0,877,3,40,0
1990,18,1,1,0,0,0,0,0,0,0
1990,44,2,0,0,0,0,785,1,40,0
1990,47,1,0,0,0,1,777,1,0,0
1990,41,1,0,0,0,1,475,0,78,0
1990,39,2,0,0,0,1,313,5,40,0
1990,55,1,0,0,0,1,22,5,40,1
1990,53,2,0,0,0,1,156,5,40,0
1990,49,1,0,0,0,1,379,3,40,1
1990,47,2,0,0,0,0,315,1,0,0
1990,74,1,0,0,0,1,0,0,0,0
1990,65,2,0,0,0,0,433,5,27,0
1990,51,1,0,0,0,0,308,2,40,0
1990,49,2,0,0,0,0,0,0,0,0
1990,23,1,1,0,0,0,777,1,40,0
1990,56,1,0,0,0,1,376,5,40,0
1990,53,2,0,0,0,1,373,3,37,0
1990,39,1,0,0,0,1,23,3,50,1
1990,34,2,0,0,0,1,337,5,4,0
1990,37,1,0,0,0,1,22,0,50,0
1990,35,2,0,0,0,0,579,0,15,0
1990,67,2,1,0,0,1,0,0,0,0
1990,28,1,1,0,0,1,453,5,0,0
1990,42,1,0,0,0,1,465,6,45,0
1990,36,2,0,0,0,1,197,5,12,0
1990,44,1,0,0,0,0,453,4,50,1
1990,32,2,0,0,0,1,379,1,25,0
1990,67,2,2,0,0,1,313,5,40,0
1990,31,2,3,0,0,1,313,5,40,0
1990,69,2,3,0,0,0,0,0,0,0
1990,47,1,2,0,0,0,804,2,50,0
1990,79,1,3,0,0,0,0,0,0,0
1990,26,2,3,0,0,0,678,5,40,0
1990,57,2,2,0,0,0,434,3,20,0
1990,78,1,3,0,0,1,0,0,0,0
1990,35,1,1,0,0,0,595,0,30,0
1990,34,2,3,0,0,1,357,2,0,0
1990,26,1,0,0,0,0,785,0,50,0
1990,24,2,0,0,0,0,877,3,25,0
1990,37,1,0,0,0,1,243,3,50,0
1990,32,2,0,0,0,1,156,5,40,0
1990,56,1,0,0,0,0,453,4,40,0
1990,51,2,0,0,0,0,313,5,40,0
1990,65,1,0,0,0,0,0,0,0,0
1990,61,2,0,0,0,0,0,0,0,0
1990,57,1,0,0,0,0,274,3,18,0
1990,47,2,0,0,0,0,444,1,40,0
1990,18,1,1,0,0,0,444,3,20,0
1990,42,1,0,0,0,0,575,1,50,0
1990,43,2,0,0,0,1,156,5,70,0
1990,28,1,0,0,0,0,505,3,43,0
1990,26,2,0,0,0,0,276,3,35,0
1990,36,1,0,0,0,1,25,4,50,0
1990,34,2,0,0,0,1,385,3,40,0
1990,39,1,2,0,0,1,389,2,65,0
1990,39,1,0,0,0,1,22,2,40,1
1990,39,2,0,0,0,0,276,3,20,0
1990,26,1,0,0,0,0,889,1,40,0
1990,26,2,0,0,0,1,315,5,20,0
1990,73,2,3,0,0,0,0,0,0,0
1990,68,1,0,0,2,0,696,5,40,0
1990,55,2,0,0,0,0,0,0,0,0
1990,24,1,1,0,0,0,783,0,40,0
1990,43,1,0,0,0,1,628,2,40,0
1990,42,2,0,0,0,1,276,3,17,0
1990,38,1,0,0,0,1,257,0,32,0
1990,23,2,0,0,0,1,337,3,35,0
1990,39,1,0,0,0,1,22,1,60,0
1990,37,2,0,0,0,1,274,3,6,0
1990,27,2,1,0,0,0,444,5,10,0
1990,70,2,3,0,0,0,0,0,0,0
1990,19,1,1,0,0,1,889,4,25,0
1990,42,1,0,0,0,1,22,2,42,0
1990,37,2,0,0,0,1,0,0,0,0
1990,38,1,0,0,0,1,365,1,60,0
1990,46,2,0,0,0,0,796,1,40,0
1990,60,2,3,0,0,0,683,1,40,0
1990,34,1,2,0,0,1,869,0,20,0
1990,24,1,0,0,0,0,585,0,40,0
1990,22,2,0,0,0,1,385,1,40,0
1990,33,1,2,0,0,1,628,1,48,0
1990,61,1,0,0,0,0,516,0,40,0
1990,58,2,0,0,0,1,313,5,40,0
1990,31,1,1,0,0,0,777,1,40,0
1990,34,1,0,0,0,0,804,1,45,0
1990,30,2,0,0,0,0,305,4,41,0
1990,41,1,0,0,0,1,22,1,60,1
1990,54,2,0,0,0,1,313,5,15,0
1990,56,1,0,0,0,1,22,4,50,1
1990,39,2,0,0,0,0,254,4,20,0
1990,35,1,0,0,0,0,724,1,40,0
1990,34,2,0,0,0,0,785,1,0,0
1990,32,1,0,0,0,0,575,1,40,0
1990,26,2,0,0,0,0,17,3,30,0
1990,39,1,0,0,0,1,754,1,45,0
1990,35,2,0,0,0,0,359,6,24,0
1990,42,2,2,0,0,0,316,5,40,0
1990,58,1,0,0,0,0,453,5,40,0
1990,52,2,0,0,0,0,0,0,0,0
1990,22,1,0,0,0,0,637,1,48,0
1990,22,2,0,0,0,0,276,3,32,0
1990,76,2,3,0,0,0,0,0,0,0
1990,30,1,0,0,0,0,804,3,70,0
1990,29,2,0,0,0,0,0,0,0,0
1990,34,2,1,1,0,0,243,3,30,0
1990,40,1,2,0,0,0,243,1,44,0
1990,18,2,1,0,0,0,274,3,20,0
1990,27,2,2,0,0,0,7,4,40,0
1990,38,1,0,0,0,1,243,3,60,0
1990,35,2,0,0,0,1,86,0,55,0
1990,39,1,0,0,0,0,256,1,40,1
1990,36,2,0,0,0,0,313,1,25,0
1990,28,1,0,0,0,1,189,2,45,0
1990,25,2,0,0,0,1,458,4,0,0
1990,31,1,0,0,0,1,22,2,50,0
1990,30,2,0,0,0,0,445,5,30,0
1990,33,1,0,0,0,1,57,1,40,0
1990,34,2,0,0,0,1,156,5,8,0
1990,48,1,0,0,0,1,213,1,40,1
1990,46,2,0,0,0,0,383,4,28,0
1990,20,2,1,0,0,1,274,3,20,0
1990,47,2,0,0,0,0,15,5,40,0
1990,51,1,0,0,0,0,0,0,0,0
1990,44,1,0,0,0,0,563,0,40,0
1990,47,2,0,0,0,1,156,5,32,0
1990,29,1,0,0,0,0,637,1,45,0
1990,28,2,0,0,0,0,243,3,40,0
1990,48,1,0,0,0,0,269,3,52,0
1990,43,2,0,0,0,0,269,3,45,0
1990,20,2,1,0,0,0,276,3,40,0
1990,39,1,0,0,0,1,263,3,50,0
1990,39,2,0,0,0,0,263,3,40,0
1990,46,2,0,0,0,1,163,5,40,0
1990,32,1,0,0,0,1,308,6,40,0
1990,45,1,0,0,0,1,22,1,47,1
1990,37,2,0,0,0,0,27,1,50,0
1990,28,2,1,0,0,0,449,4,40,0
1990,43,1,2,0,0,1,186,5,35,0
1990,21,1,1,0,0,1,364,1,42,0
1990,19,2,1,0,0,1,276,3,20,0
1990,19,1,1,0,0,1,0,0,0,0
1990,18,1,1,1,0,1,365,3,0,0
1990,19,2,1,1,0,1,276,3,52,0
1990,67,2,2,0,2,0,467,5,20,0
1990,34,2,1,0,0,1,183,5,40,0
1990,24,2,1,1,0,0,709,1,40,0
1990,47,1,0,0,0,1,803,3,40,1
1990,47,2,0,0,0,0,379,4,28,0
1990,24,1,1,0,0,1,507,2,36,0
1990,38,1,0,0,0,0,706,1,40,0
1990,36,2,0,0,0,0,447,5,40,0
1990,41,2,2,0,0,0,785,1,40,0
1990,19,1,1,0,0,0,479,0,0,0
1990,31,1,0,0,0,0,473,0,10,0
1990,25,2,0,0,0,1,174,5,40,0
1990,50,1,0,0,0,1,22,0,40,1
1990,39,2,0,0,0,0,254,4,15,0
1990,70,1,0,0,0,0,0,0,0,0
1990,68,2,0,0,0,0,0,0,0,0
1990,27,1,1,0,0,0,877,1,45,0
1990,80,1,0,0,0,0,0,0,0,0
1990,74,2,0,0,0,0,0,0,0,0
1990,41,1,0,0,0,1,25,4,60,0
1990,38,2,0,0,0,1,156,5,40,0
1990,27,2,1,0,0,1,23,6,50,0
1990,41,2,0,0,0,1,0,0,0,0
1990,43,1,0,0,0,1,9,1,50,1
1990,62,2,3,0,0,0,0,0,0,0
1990,27,2,1,0,0,1,379,1,40,0
1990,20,2,1,0,0,1,785,1,40,0
1990,66,1,0,0,0,0,555,0,11,0
1990,68,2,0,0,0,0,337,5,37,0
1990,67,1,1,0,0,1,479,0,40,0
1990,46,1,0,0,0,1,575,0,50,1
1990,38,2,0,0,0,0,583,0,35,0
1990,23,1,1,0,0,1,229,4,40,0
1990,18,2,1,0,2,0,479,0,40,0
1990,28,1,0,0,0,0,779,1,40,0
1990,24,2,0,0,0,0,0,0,0,0
1990,43,2,3,0,0,0,207,5,30,0
1990,18,1,1,0,0,0,0,0,0,0
1990,79,2,1,0,0,0,0,0,0,0
1990,66,1,0,0,0,0,208,1,40,0
1990,62,2,0,0,0,0,0,0,0,0
1990,74,1,0,0,0,0,0,0,0,0
1990,74,2,0,0,0,1,0,0,0,0
1990,20,2,1,0,0,0,154,5,40,0
1990,20,1,1,0,0,1,533,5,42,0
1990,71,2,2,0,0,1,0,0,0,0
1990,50,2,1,0,0,0,337,3,30,0
1990,42,1,2,0,0,0,785,1,40,0
1990,65,2,3,0,0,1,22,5,40,1
1990,28,1,2,0,0,1,447,5,48,0
1990,47,1,0,0,0,0,21,5,0,0
1990,28,2,0,0,0,0,447,5,35,0
1990,37,1,2,0,0,1,785,1,15,0
1990,47,1,0,0,0,0,544,1,40,0
1990,25,2,0,0,0,0,0,0,0,0
1990,27,1,0,0,0,0,628,1,40,0
1990,28,2,0,0,0,1,98,5,16,0
1990,25,1,0,0,0,1,73,5,40,0
1990,25,2,0,0,0,1,203,5,40,0
1990,44,1,0,0,0,1,0,0,0,0
1990,44,2,0,0,0,1,796,1,40,0
1990,44,1,2,0,0,0,696,3,55,0
1990,42,1,1,0,0,0,769,1,48,0
1990,31,1,0,0,0,1,57,1,48,0
1990,30,2,0,0,0,1,156,5,45,0
1990,44,1,0,0,0,0,709,0,45,0
1990,44,2,0,0,0,0,453,2,10,0
1990,48,1,0,0,0,1,473,0,84,0
1990,47,2,0,0,0,0,473,0,72,0
1990,22,1,1,0,0,1,473,0,50,0
1990,21,2,1,0,0,1,435,3,40,0
1990,53,1,0,0,0,1,22,1,55,1
1990,53,2,0,0,2,0,313,4,12,0
1990,22,1,1,0,0,1,167,5,45,0
1990,36,1,0,0,0,0,804,2,80,0
1990,42,2,0,0,2,0,889,1,40,0
1990,20,1,1,0,0,0,785,1,40,0
1990,19,1,1,0,0,0,869,0,20,0
1990,48,2,2,0,0,1,447,5,40,0
1990,25,1,2,0,0,0,883,0,0,0
1990,36,2,1,0,0,1,157,5,60,0
1990,79,2,3,0,0,0,0,0,0,0
1990,43,1,0,0,0,0,806,3,40,0
1990,37,2,0,0,0,0,253,4,30,0
1990,49,1,0,0,0,0,453,1,45,0
1990,31,2,0,3,3,0,379,5,25,0
1990,66,1,0,0,0,0,507,3,20,0
1990,70,2,0,0,0,0,785,1,40,0
1990,19,1,1,0,0,1,433,3,25,0
1990,43,1,0,0,0,1,389,0,50,0
1990,39,2,0,0,0,1,95,5,20,0
1990,36,1,0,0,0,0,567,0,40,0
1990,35,2,0,0,0,0,445,5,16,0
1990,40,1,0,0,0,0,634,1,40,0
1990,39,2,0,0,0,0,0,0,0,0
1990,58,1,0,0,0,0,547,0,80,0
1990,56,2,0,0,0,0,479,0,70,0
1990,23,2,1,0,0,1,785,1,40,0
1990,46,1,0,0,0,0,243,4,40,0
1990,38,2,0,0,0,1,796,6,40,0
1990,40,1,0,0,0,1,57,1,40,1
1990,40,2,0,0,0,1,274,3,40,0
1990,20,1,1,0,0,0,276,5,20,0
1990,69,1,0,0,0,0,0,0,0,0
1990,67,2,0,0,0,0,0,0,0,0
1990,63,1,0,0,0,0,567,1,0,0
1990,63,2,0,0,0,0,0,0,0,0
1990,20,1,1,0,0,0,877,1,10,0
1990,70,1,0,0,0,0,0,0,0,0
1990,67,2,0,0,0,0,0,0,0,0
1990,79,1,3,0,0,1,0,0,0,0
1990,38,1,0,0,0,1,426,1,50,0
1990,33,2,0,0,0,0,276,3,12,0
1990,65,1,0,0,0,0,785,1,40,0
1990,65,2,0,0,0,0,785,1,0,0
1990,27,1,1,0,0,0,579,1,40,0
1990,45,1,0,0,0,0,9,1,45,0
1990,45,2,0,0,0,0,466,5,30,0
1990,61,1,0,0,0,1,166,2,40,0
1990,59,2,0,0,0,0,313,5,20,0
1990,25,1,0,0,0,0,783,1,40,0
1990,25,2,0,0,0,1,385,4,40,0
1990,24,1,1,0,0,1,509,6,40,0
1990,24,1,0,0,0,0,575,1,0,0
1990,24,2,0,0,0,1,458,4,0,0
1990,38,2,3,1,0,0,449,5,80,0
1990,27,1,1,1,0,0,0,0,0,0
1990,23,1,1,1,0,0,0,0,0,0
1990,79,2,0,0,0,0,0,0,0,0
1990,22,1,1,0,0,0,259,3,42,0
1990,19,2,1,0,0,0,436,3,39,0
1990,43,2,2,1,0,0,0,0,0,0
1990,37,1,0,0,0,1,709,0,40,0
1990,28,2,0,0,0,0,385,3,40,0
1990,50,1,0,0,0,0,453,5,40,0
1990,49,2,0,0,0,0,436,5,34,0
1990,62,2,3,0,0,0,436,5,40,0
1990,72,1,0,0,0,0,0,0,0,0
1990,57,2,0,0,0,0,0,0,0,0
1990,18,2,1,0,0,0,435,3,30,0
1990,19,1,1,0,0,0,435,3,5,0
1990,42,1,0,0,0,1,21,5,40,0
1990,52,2,0,0,0,0,0,0,0,0
1990,20,2,1,0,0,0,313,4,40,0
1990,25,1,1,0,0,0,585,1,0,0
1990,65,1,0,0,0,1,266,3,30,0
1990,36,2,0,0,0,1,185,3,24,0
1990,29,1,0,0,0,1,417,6,40,0
1990,28,2,0,0,0,1,95,5,24,0
1990,32,1,0,1,0,0,449,5,40,0
1990,28,2,0,1,0,1,379,0,40,0
1990,64,1,0,0,0,0,0,0,0,0
1990,66,2,0,0,0,0,883,1,0,0
1990,43,1,2,0,0,0,426,4,40,0
1990,22,1,1,0,0,0,885,1,40,0
1990,36,1,0,0,0,0,804,2,60,0
1990,34,2,0,0,0,0,757,2,40,0
1990,67,1,0,0,0,0,0,0,0,0
1990,59,2,0,0,0,0,0,0,0,0
1990,80,2,3,0,0,0,0,0,0,0
1990,36,1,2,0,0,1,539,2,40,0
1990,57,1,0,0,0,0,414,6,40,0
1990,60,2,0,0,0,0,0,0,0,0
1990,41,2,2,0,0,0,319,2,40,0
1990,73,2,3,0,0,0,0,0,0,0
1990,35,1,0,0,0,1,804,2,45,0
1990,31,2,0,0,0,0,888,3,0,0
1990,36,1,0,0,0,1,575,0,39,0
1990,40,2,0,0,0,1,156,5,45,0
1990,45,1,2,1,0,1,22,2,40,1
1990,33,1,2,0,0,1,628,1,45,0
1990,35,1,0,0,0,0,783,1,40,0
1990,30,2,0,0,0,0,447,5,30,0
1990,68,1,0,0,0,1,5,6,48,0
1990,74,2,0,0,0,1,0,0,0,0
1990,30,1,0,0,0,0,766,5,40,0
1990,25,2,0,0,0,1,98,5,36,0
1990,71,1,3,0,0,0,17,3,26,1
1990,61,2,3,0,0,0,0,0,0,0
1990,25,1,1,1,0,0,0,0,0,0
1990,67,1,0,0,0,0,0,0,0,0
1990,68,2,0,0,0,0,0,0,0,0
1990,68,2,3,0,0,0,453,5,0,0
1990,77,1,2,0,0,0,0,0,0,0
1990,48,1,0,0,0,1,22,2,40,0
1990,45,2,0,0,0,1,95,5,45,0
1990,45,1,0,0,0,1,163,5,40,0
1990,41,2,0,0,0,0,276,3,17,0
1990,69,1,0,0,0,0,0,0,0,0
1990,66,2,0,0,0,0,0,0,0,0
1990,48,1,0,0,0,0,779,1,40,0
1990,40,2,0,0,0,1,155,5,20,0
1990,20,2,1,0,0,1,785,1,40,0
1990,18,1,1,0,0,0,0,0,0,0
1990,57,1,0,0,0,0,22,1,99,1
1990,55,2,0,0,0,0,433,3,99,0
1990,28,1,0,0,0,0,883,0,40,0
1990,29,2,0,0,0,0,319,5,25,0
1990,58,1,3,0,0,0,424,6,40,0
1990,32,2,3,0,0,0,449,5,37,0
1990,32,1,0,0,0,1,628,1,45,0
1990,31,2,0,0,0,1,276,3,0,0
1990,76,2,3,0,0,0,0,0,0,0
1990,58,2,0,0,0,0,449,4,10,0
1990,58,1,0,0,0,0,0,0,0,0
1990,33,2,1,0,0,0,719,1,40,0
1990,42,1,0,0,0,0,637,1,50,0
1990,38,2,0,0,0,0,683,1,40,0
1990,18,1,1,0,0,0,804,3,18,0
1990,40,1,0,0,0,1,549,4,70,0
1990,39,2,0,0,0,1,156,5,50,0
1990,64,2,3,0,0,0,446,5,37,0
1990,34,1,0,0,0,0,889,1,0,0
1990,36,2,0,0,0,1,0,0,0,0
1990,67,1,3,0,0,0,0,0,0,0
1990,64,2,3,0,0,0,0,0,0,0
1990,39,1,2,0,0,0,558,0,40,0
1990,76,2,3,0,0,0,0,0,0,0
1990,39,1,0,0,0,0,789,2,40,0
1990,37,2,0,0,0,0,0,0,0,0
1990,51,2,3,0,0,0,779,1,37,0
1990,28,1,1,0,0,0,529,2,48,0
1990,76,2,3,0,0,0,0,0,0,0
1990,37,1,0,0,0,0,889,1,40,0
1990,40,2,0,0,0,0,0,0,0,0
1990,18,1,1,0,0,0,889,3,20,0
1990,45,1,0,0,0,0,365,1,40,0
1990,43,2,0,0,0,1,785,1,40,0
1990,23,1,1,0,0,0,444,3,41,0
1990,57,2,1,0,0,1,156,5,0,0
1990,80,1,0,0,0,0,33,1,16,0
1990,78,2,0,0,0,0,0,0,0,0
1990,53,1,2,0,0,1,0,0,0,0
1990,31,1,3,0,0,0,436,3,8,0
1990,39,1,3,1,0,1,883,2,40,0
1990,44,1,0,0,0,0,507,1,50,1
1990,29,2,0,0,0,0,0,0,0,0
1990,60,1,0,0,0,0,856,1,48,0
1990,54,2,0,0,0,0,887,1,40,0
1990,62,1,0,0,0,0,653,1,40,0
1990,53,2,0,0,0,0,444,3,20,0
1990,20,1,0,0,0,0,869,0,40,0
1990,27,2,0,0,0,1,206,5,22,0
1990,52,1,0,0,0,1,22,1,50,1
1990,52,2,0,0,2,1,157,5,30,0
1990,53,1,2,0,0,0,637,1,40,1
1990,73,1,0,0,0,0,365,1,25,0
1990,71,2,0,0,0,0,774,1,40,0
1990,47,1,0,0,0,1,217,1,40,0
1990,49,2,0,0,0,1,734,1,37,0
1990,71,2,1,0,0,0,0,0,0,0
1990,27,1,1,0,0,0,585,3,40,0
1990,72,2,3,0,0,0,95,5,40,0
1990,34,1,0,0,0,0,365,1,0,0
1990,36,2,0,0,0,1,95,5,40,0
1990,54,1,0,0,0,0,779,1,45,0
1990,52,2,0,0,0,1,194,1,15,0
1990,37,2,2,1,0,1,319,5,48,0
1990,45,1,2,1,0,0,453,6,40,0
1990,45,1,1,0,0,0,889,1,40,0
1990,60,1,0,0,0,0,869,0,50,1
1990,58,2,0,0,0,0,869,0,50,1
1990,39,2,2,0,0,0,534,1,40,0
1990,54,1,0,0,0,0,505,4,48,0
1990,41,2,0,0,0,1,313,3,15,0
1990,76,2,3,0,0,0,0,0,0,0
1990,79,2,3,1,0,0,0,0,0,0
1990,19,2,1,0,0,0,443,3,35,0
1990,23,1,1,0,0,0,783,0,58,0
1990,57,1,2,0,0,1,22,5,40,0
1990,21,2,3,2,0,0,889,4,20,0
1990,28,1,1,1,0,0,785,1,30,0
1990,75,2,3,0,0,0,0,0,0,0
1990,44,1,2,0,0,0,0,0,0,0
1990,19,1,1,0,0,0,436,3,18,0
1990,50,1,2,0,0,1,808,2,40,0
1990,65,1,0,0,0,0,686,3,38,0
1990,66,2,0,0,2,0,438,3,5,0
1990,32,2,2,0,0,0,447,5,40,0
1990,30,1,0,0,0,1,178,5,50,0
1990,27,2,0,0,0,1,156,5,0,0
1990,53,1,0,0,0,1,176,5,55,0
1990,51,2,0,0,0,1,156,5,55,0
1990,32,1,0,0,0,0,777,1,40,0
1990,34,2,0,0,0,1,13,1,40,0
1990,40,2,1,0,0,0,447,5,40,0
1990,32,1,2,0,0,0,889,2,40,0
1990,32,1,2,0,0,0,856,3,40,0
1990,68,2,3,0,0,0,0,0,0,0
1990,55,2,0,0,0,0,754,1,48,0
1990,69,1,0,0,0,0,728,1,0,0
1990,44,1,0,0,0,1,693,1,48,1
1990,41,2,0,0,0,0,808,5,20,0
1990,20,2,1,0,0,0,389,3,25,0
1990,28,1,0,0,0,0,373,3,40,0
1990,27,2,0,0,0,1,389,4,40,0
1990,44,2,2,0,0,1,389,1,40,0
1990,23,1,1,0,0,1,274,3,40,0
1990,40,2,2,0,0,1,37,1,40,0
1990,70,2,3,0,0,0,0,0,0,0
1990,63,1,0,0,0,1,599,0,40,0
1990,58,2,0,0,0,0,313,0,30,0
1990,20,2,1,0,0,1,274,3,14,0
1990,22,1,1,0,0,1,267,3,12,0
1990,53,1,0,0,0,0,195,1,40,0
1990,50,2,0,0,0,0,0,0,0,0
1990,71,1,0,0,0,0,0,0,0,0
1990,74,2,0,0,0,0,0,0,0,0
1990,45,2,1,0,0,0,276,3,37,0
1990,66,2,2,0,0,1,95,5,40,0
1990,54,1,0,0,0,0,855,0,60,0
1990,45,2,0,0,0,1,466,5,50,0
1990,18,1,1,0,0,0,479,0,8,0
1990,54,1,3,0,0,0,453,4,24,0
1990,21,1,1,0,0,0,373,3,38,0
1990,55,1,0,0,0,0,804,2,50,0
1990,51,2,0,0,0,0,0,0,0,0
1990,35,2,2,0,0,1,235,6,40,0
1990,34,1,1,0,0,1,216,5,60,0
1990,30,1,1,0,0,1,889,3,40,0
1990,67,1,0,0,0,0,877,3,0,0
1990,63,2,0,0,0,1,0,0,0,0
1990,33,2,2,0,0,0,449,5,40,0
1990,27,1,0,0,0,0,549,4,40,0
1990,22,2,0,0,0,1,315,5,40,0
1990,39,1,1,0,0,0,0,0,0,0
1990,40,1,0,0,0,0,804,2,40,0
1990,37,2,0,0,0,0,0,0,0,0
1990,40,1,0,0,0,0,473,0,70,0
1990,34,2,0,0,0,0,444,5,0,0
1990,38,1,2,0,0,0,628,1,48,0
1990,33,2,2,0,0,0,365,1,48,0
1990,72,1,0,0,0,0,423,6,16,0
1990,71,2,0,0,0,0,0,0,0,0
1990,37,1,0,0,0,0,889,1,40,0
1990,38,2,0,0,0,0,785,1,40,0
1990,38,1,0,0,0,0,259,3,60,0
1990,35,2,0,0,0,0,23,4,40,0
1990,41,2,2,0,0,0,207,5,40,0
1990,31,1,0,0,0,1,473,0,80,0
1990,29,2,0,0,0,1,97,5,40,0
1990,73,1,0,0,0,0,885,3,0,0
1990,67,2,0,0,0,0,0,0,0,0
1990,75,1,0,0,0,0,0,0,0,0
1990,71,2,0,0,0,0,0,0,0,0
1990,65,1,0,0,0,0,544,1,0,0
1990,60,2,0,0,0,0,777,1,40,0
1990,25,2,1,0,0,1,95,5,40,0
1990,53,1,0,0,0,0,13,2,45,0
1990,48,2,0,0,0,1,329,5,35,0
1990,39,2,2,0,0,0,877,1,40,0
1990,20,2,1,0,0,1,877,3,40,0
1990,29,1,2,0,0,1,505,3,50,0
1990,53,2,1,0,0,0,379,1,40,0
1990,78,2,2,0,0,1,0,0,0,0
1990,50,1,0,0,0,0,49,1,40,0
1990,50,2,0,0,0,1,447,5,32,0
1990,25,1,1,0,0,1,889,3,40,0
1990,23,1,1,0,0,1,235,1,40,0
1990,55,1,0,0,0,0,0,0,0,0
1990,55,2,0,0,0,0,754,1,40,0
1990,25,1,1,0,0,0,727,1,45,0
1990,34,1,0,0,0,0,573,0,40,0
1990,33,2,0,0,0,0,276,3,0,0
1990,75,1,0,0,0,1,189,6,40,0
1990,63,2,0,0,0,0,339,2,20,0
1990,72,2,3,0,0,0,0,0,0,0
1990,65,1,2,0,0,0,0,0,0,0
1990,43,1,0,0,0,1,22,5,50,0
1990,39,2,0,0,0,1,877,3,10,0
1990,73,2,3,0,0,1,447,4,40,1
1990,79,2,3,0,0,0,0,0,0,0
1990,33,1,0,0,0,0,889,3,40,0
1990,23,2,0,0,0,0,337,3,0,0
1990,52,1,0,0,0,0,505,1,40,0
1990,50,2,0,0,0,0,436,3,20,0
1990,22,1,1,0,0,0,885,3,36,0
1990,20,2,1,0,0,0,447,5,30,0
1990,63,2,3,0,0,0,313,2,0,0
1990,26,2,3,0,0,1,257,4,15,0
1990,60,1,0,0,0,0,869,0,40,0
1990,48,2,0,0,0,0,313,5,37,0
1990,40,1,0,0,0,1,13,3,50,0
1990,40,2,0,0,0,1,383,4,37,0
1990,39,1,0,0,0,1,253,4,35,0
1990,38,2,0,0,0,1,156,5,35,0
1990,27,2,0,0,0,0,754,1,44,0
1990,34,1,0,0,0,0,754,1,45,0
1990,31,1,0,0,0,0,804,3,45,0
1990,34,2,0,0,0,1,274,3,30,0
1990,76,2,3,0,0,0,0,0,0,0
1990,54,1,0,0,0,0,637,1,48,0
1990,52,2,0,0,0,0,327,2,40,0
1990,26,1,1,0,0,0,859,3,48,0
1990,34,1,0,0,0,0,783,1,40,0
1990,38,2,0,0,0,0,0,0,0,0
1990,49,1,0,0,0,1,268,3,40,0
1990,49,2,0,0,0,0,274,3,22,0
1990,20,1,1,0,0,0,505,4,70,0
1990,23,2,1,0,0,0,466,5,40,0
1990,69,2,3,0,0,0,0,0,0,0
1990,42,2,3,0,0,0,376,1,40,0
1990,19,1,1,0,0,0,869,6,56,0
1990,53,1,0,0,0,0,518,1,40,0
1990,50,2,0,0,0,0,243,3,37,0
1990,24,1,1,0,0,0,889,1,40,0
1990,78,1,3,0,0,0,0,0,0,0
1990,38,1,0,0,0,0,785,1,40,0
1990,45,2,0,0,0,0,0,0,0,0
1990,20,1,1,0,0,0,785,1,40,0
1990,21,2,2,0,0,0,434,3,80,0
1990,72,1,0,0,0,0,313,5,18,0
1990,60,2,0,0,0,0,0,0,0,0
1990,32,1,0,0,0,1,235,2,48,0
1990,28,2,0,0,0,1,0,0,0,0
1990,41,1,2,0,0,1,684,2,40,0
1990,41,1,0,0,0,1,577,2,40,0
1990,42,2,0,0,0,1,0,0,0,0
1990,20,2,1,0,0,1,453,5,15,0
1990,78,1,0,0,0,0,0,0,0,0
1990,73,2,0,0,0,0,0,0,0,0
1990,34,1,3,0,0,1,503,1,50,0
1990,31,2,3,0,0,0,313,1,40,0
1990,20,1,0,0,0,0,365,1,40,0
1990,18,2,0,0,0,0,444,1,12,0
1990,72,1,0,0,0,0,0,0,0,0
1990,66,2,0,0,0,0,0,0,0,0
1990,33,2,3,0,0,0,376,1,40,0
1990,76,1,0,0,0,0,0,0,0,0
1990,75,2,0,0,0,0,0,0,0,0
1990,67,2,3,0,0,0,0,0,0,0
1990,52,2,3,0,0,0,0,0,0,0
1990,29,1,1,0,0,0,0,0,0,0
1990,36,1,0,0,0,0,785,1,48,0
1990,35,2,0,0,0,0,265,3,40,0
1990,54,2,3,0,0,0,889,3,40,0
1990,26,2,1,0,0,0,796,1,40,0
1990,28,2,3,0,0,0,687,3,40,0
1990,61,1,0,0,0,0,597,1,0,0
1990,60,2,0,0,0,0,276,2,0,0
1990,29,1,0,0,0,0,785,1,40,0
1990,24,2,0,0,0,0,785,4,36,0
1990,75,1,0,0,0,0,337,6,5,0
1990,73,2,0,0,0,0,276,3,0,0
1990,39,1,0,0,0,0,869,0,40,0
1990,39,2,0,0,0,0,0,0,0,0
1990,20,1,1,0,0,0,486,0,40,0
1990,43,1,0,0,0,1,304,6,40,1
1990,42,2,0,0,0,0,385,6,40,0
1990,21,2,1,0,0,1,466,5,40,0
1990,20,2,1,0,0,1,466,5,20,0
1990,69,1,0,0,0,0,0,0,0,0
1990,66,2,0,0,0,0,0,0,0,0
1990,75,2,3,0,0,0,0,0,0,0
1990,80,2,3,0,0,0,0,0,0,0
1990,34,1,0,0,0,0,365,0,40,0
1990,32,2,0,0,0,0,744,1,0,0
1990,28,1,0,0,0,0,22,1,50,1
1990,27,2,0,0,0,0,156,5,15,0
1990,34,1,1,0,0,1,628,1,99,0
1990,44,1,0,0,0,0,527,2,50,0
1990,42,2,0,0,0,0,243,3,40,0
1990,24,1,1,0,0,0,796,1,40,0
1990,32,1,0,0,0,1,0,0,0,0
1990,30,2,0,0,0,1,877,3,0,0
1990,31,1,0,0,0,1,785,1,42,0
1990,31,2,0,0,0,1,0,0,0,0
1990,62,1,0,0,0,1,779,1,48,0
1990,56,2,0,0,0,0,744,1,40,0
1990,20,1,1,0,0,1,706,1,20,0
1990,24,1,0,0,0,1,22,1,45,0
1990,22,2,0,0,0,1,22,1,40,0
1990,53,1,0,0,0,1,474,0,50,0
1990,52,2,0,0,0,0,0,0,0,0
1990,46,1,0,0,0,0,536,6,99,0
1990,44,2,0,0,0,0,458,4,99,0
1990,51,1,0,0,0,0,243,1,50,1
1990,50,2,0,0,0,0,0,0,0,0
1990,64,1,0,0,0,0,785,1,0,0
1990,62,2,0,0,0,0,779,1,40,0
1990,31,1,0,0,0,1,22,1,70,0
1990,28,2,0,0,0,1,257,1,70,0
1990,76,2,3,0,0,0,407,4,10,0
1990,62,2,3,0,0,0,407,4,16,0
1990,32,2,1,1,0,0,453,6,52,0
1990,34,1,1,1,0,0,883,3,32,0
1990,70,2,3,0,0,0,0,0,0,0
1990,51,2,2,0,0,0,447,5,32,0
1990,22,1,2,0,0,0,653,1,40,0
1990,23,2,2,0,0,0,435,3,30,0
1990,61,1,0,0,0,0,56,1,50,1
1990,61,2,0,0,0,0,0,0,0,0
1990,20,1,1,0,0,1,779,1,40,0
1990,63,2,3,0,0,0,0,0,0,0
1990,48,1,0,0,0,1,259,3,40,0
1990,43,2,0,0,0,0,308,3,0,0
1990,27,1,1,0,0,1,804,5,20,0
1990,25,1,1,1,0,1,785,1,40,0
1990,21,2,1,1,0,0,785,1,45,0
1990,25,1,1,0,0,1,518,1,55,0
1990,27,2,0,0,0,1,337,4,37,0
1990,29,1,0,0,0,1,777,1,40,0
1990,35,1,0,0,0,1,159,6,40,0
1990,30,2,0,0,0,1,365,1,50,0
1990,44,1,0,0,0,0,549,4,40,0
1990,35,2,0,0,0,0,337,1,40,0
1990,48,1,0,0,0,0,534,0,40,0
1990,33,2,0,0,0,1,159,5,40,0
1990,44,1,2,0,0,0,637,1,45,0
1990,21,1,1,0,0,0,453,4,40,0
1990,19,2,1,0,0,0,444,3,8,0
1990,43,2,2,0,0,0,475,0,40,0
1990,44,1,0,0,0,0,869,0,40,0
1990,36,2,0,0,0,0,436,3,31,0
1990,22,2,1,0,0,0,436,3,40,0
1990,35,2,2,0,0,1,95,5,20,0
1990,30,2,1,0,0,0,628,1,40,0
1990,47,2,1,0,0,0,628,1,45,0
1990,22,1,0,0,0,1,259,3,55,0
1990,22,2,0,0,0,0,319,4,0,0
1990,52,2,2,0,0,0,447,5,40,0
1990,20,1,1,0,0,0,549,5,16,0
1990,34,1,0,0,0,1,243,3,40,0
1990,23,2,0,0,0,0,885,3,15,0
1990,56,1,0,0,0,0,856,1,40,0
1990,55,2,0,0,0,0,0,0,0,0
1990,20,2,1,0,0,0,447,5,16,0
1990,21,1,1,0,0,0,785,1,40,0
1990,58,1,0,0,0,1,259,3,45,0
1990,58,2,0,0,0,1,385,4,40,0
1990,27,1,0,0,0,0,199,5,30,0
1990,33,2,0,0,0,1,856,1,48,0
1990,69,1,0,0,0,0,0,0,0,0
1990,60,2,0,0,0,0,436,5,0,0
1990,26,1,0,0,0,1,14,5,60,0
1990,26,2,0,0,0,0,343,4,40,0
1990,37,2,2,1,0,0,0,0,0,0
1990,33,2,0,0,0,1,315,6,0,0
1990,30,1,0,0,0,0,785,1,41,0
1990,47,1,0,0,0,0,389,1,55,1
1990,42,2,0,0,0,0,316,4,40,1
1990,71,1,0,0,0,0,473,0,35,0
1990,67,2,0,0,0,0,5,6,32,0
1990,28,2,2,0,0,0,453,4,40,0
1990,34,1,3,0,0,0,453,3,40,0
1990,58,1,0,0,0,0,567,0,48,0
1990,56,2,0,0,0,0,0,0,0,0
1990,66,2,3,1,0,0,458,4,8,0
1990,37,1,0,0,0,1,185,3,50,0
1990,41,2,0,0,0,1,156,5,50,0
1990,72,2,1,0,0,1,156,5,36,0
1990,47,1,0,0,0,0,567,0,50,0
1990,35,2,0,0,0,0,796,1,40,0
1990,22,1,1,0,0,0,628,1,40,0
1990,19,1,1,0,0,0,869,5,16,0
1990,80,2,3,0,0,0,0,0,0,0
1990,31,2,0,0,0,0,466,5,45,0
1990,30,1,0,0,0,1,505,1,65,0
1990,24,2,0,0,0,1,447,5,40,0
1990,25,1,0,0,0,1,253,4,45,0
1990,51,1,0,0,0,0,268,3,14,0
1990,53,2,0,0,0,1,376,1,40,0
1990,30,2,2,0,0,0,779,1,40,0
1990,30,1,2,0,0,0,869,0,9,0
1990,32,2,0,0,0,1,434,3,0,0
1990,49,1,0,0,0,1,224,1,40,1
1990,50,2,3,0,0,0,457,5,40,0
1990,31,1,0,0,0,1,43,0,50,0
1990,37,2,0,0,0,1,313,0,10,0
1990,79,1,1,0,0,0,0,0,0,0
1990,47,1,0,0,0,1,253,4,40,1
1990,46,2,0,0,0,1,183,1,40,0
1990,48,1,0,0,0,1,22,4,60,1
1990,40,2,0,0,0,1,156,5,40,0
1990,67,1,0,0,0,1,254,4,40,0
1990,63,2,0,0,0,1,95,5,48,0
1990,52,1,0,0,0,1,26,5,40,1
1990,51,2,0,0,0,1,95,5,4,0
1990,21,1,1,0,0,1,889,1,15,0
1990,19,2,1,0,0,1,0,0,0,0
1990,57,1,2,0,0,0,243,3,50,1
1990,56,1,2,0,0,0,713,3,40,0
1990,24,1,1,0,0,1,43,0,60,0
1990,62,1,0,0,0,1,535,4,40,0
1990,61,2,0,0,0,0,0,0,0,0
1990,36,2,2,0,0,1,0,0,0,0
1990,40,1,0,0,0,1,883,1,40,0
1990,38,2,0,0,0,0,467,5,60,0
1990,19,2,1,0,0,0,335,2,10,0
1990,69,1,0,0,0,0,549,4,15,0
1990,68,2,0,0,0,0,0,0,0,0
1990,55,1,1,0,0,0,883,4,10,0
1990,57,1,0,0,0,0,785,1,40,0
1990,57,2,0,0,0,0,335,0,0,0
1990,25,1,1,0,0,0,0,0,0,0
1990,26,1,1,0,0,0,567,0,45,0
1990,28,2,1,0,0,0,385,1,40,0
1990,52,1,0,0,0,0,634,1,40,0
1990,52,2,0,0,0,0,276,3,0,0
1990,62,1,0,0,0,0,869,0,26,0
1990,47,2,0,0,0,0,0,0,0,0
1990,44,1,1,0,0,0,889,5,30,0
1990,50,1,0,0,0,0,785,1,40,0
1990,50,2,0,0,0,0,0,0,0,0
1990,36,1,3,1,0,0,783,5,40,0
1990,80,1,0,0,0,0,0,0,0,0
1990,28,1,1,0,0,0,453,6,0,0
1990,24,1,1,1,0,1,747,6,38,0
1990,28,2,0,0,0,1,105,5,40,0
1990,27,1,0,0,0,1,8,0,40,0
1990,67,1,0,0,0,0,0,0,0,0
1990,67,2,0,0,0,0,0,0,0,0
1990,37,1,2,0,0,0,804,3,12,0
1990,35,1,0,0,0,0,856,0,50,0
1990,34,2,0,0,0,0,864,2,40,0
1990,43,2,0,0,0,0,435,3,60,0
1990,46,1,0,0,0,0,783,1,40,0
1990,19,1,1,0,0,0,213,1,40,0
1990,18,2,1,0,0,0,0,0,0,0
1990,65,1,0,0,0,0,475,0,90,0
1990,61,2,0,0,0,0,0,0,0,0
1990,24,1,1,0,0,0,804,3,40,0
1990,23,2,1,0,0,0,458,4,40,0
1990,72,1,2,0,0,0,0,0,0,0
1990,24,1,0,0,0,0,889,3,45,0
1990,27,2,0,0,0,0,407,4,20,0
1990,33,1,0,0,0,0,22,0,50,0
1990,36,2,0,0,0,0,445,5,30,0
1990,44,2,3,0,0,0,0,0,0,0
1990,37,1,0,0,0,1,105,6,40,0
1990,34,2,0,0,0,1,105,6,40,0
1990,58,2,0,0,0,1,0,0,0,0
1990,55,1,0,0,0,0,769,4,54,0
1990,30,1,1,0,0,0,653,1,40,0
1990,30,1,2,0,0,0,869,0,50,0
1990,77,2,3,0,0,0,0,0,0,0
1990,18,2,1,0,0,0,436,3,25,0
1990,77,2,3,0,0,0,666,3,0,0
1990,77,1,3,0,0,0,0,0,0,0
1990,62,1,1,0,0,0,317,4,48,0
1990,55,2,2,0,0,0,174,5,40,0
1990,25,2,1,0,0,1,274,3,30,0
1990,74,1,0,0,0,0,0,0,0,0
1990,61,2,0,0,0,0,22,5,32,0
1990,44,1,0,0,0,0,558,0,40,0
1990,44,2,0,0,0,0,797,1,40,0
1990,22,1,2,0,0,0,593,0,40,0
1990,34,1,0,0,0,1,243,3,50,0
1990,34,2,0,0,0,1,25,4,40,0
1990,26,1,0,0,0,0,634,1,40,0
1990,23,2,0,0,0,0,313,5,40,0
1990,66,1,0,0,0,0,479,0,8,0
1990,63,2,0,0,0,0,758,1,48,0
1990,44,1,0,0,0,1,22,3,45,0
1990,44,2,0,0,0,0,95,5,16,0
1990,39,2,2,0,0,0,0,0,0,0
1990,54,1,2,0,0,0,777,1,0,0
1990,55,2,3,0,0,0,0,0,0,0
1990,37,1,2,0,0,1,555,1,40,1
1990,40,1,0,0,0,0,566,0,40,0
1990,36,2,0,0,0,0,316,5,37,0
1990,39,2,2,0,0,0,709,1,48,0
1990,51,2,3,0,0,0,785,1,40,0
1990,21,1,1,0,0,0,0,0,0,0
1990,20,2,1,0,0,0,0,0,0,0
1990,29,1,2,0,0,0,877,3,32,0
1990,61,2,2,0,0,0,0,0,0,0
1990,43,1,0,0,0,1,257,4,40,0
1990,26,2,0,0,0,0,779,1,40,0
1990,46,2,2,0,0,0,796,1,48,0
1990,19,2,3,0,0,0,777,1,20,0
1990,42,1,0,0,0,0,634,1,40,0
1990,42,2,0,0,0,0,785,1,40,0
1990,41,2,2,0,0,1,628,1,40,0
1990,28,1,0,0,0,0,567,5,40,0
1990,23,2,0,0,0,0,0,0,0,0
1990,50,1,0,0,0,1,163,5,40,0
1990,51,2,0,0,0,1,156,5,40,0
1990,21,2,1,0,0,1,446,4,15,0
1990,43,1,0,0,0,0,575,0,41,0
1990,46,2,0,0,0,0,313,5,40,0
1990,25,1,1,0,0,0,869,0,40,0
1990,22,2,1,0,0,0,276,3,40,0
1990,35,1,0,0,0,0,637,1,40,0
1990,34,2,0,0,0,1,737,1,40,0
1990,42,1,0,0,0,0,909,6,0,0
1990,38,2,0,0,0,0,276,3,36,0
1990,21,2,1,0,0,0,385,6,40,0
1990,45,1,0,0,0,0,869,0,40,0
1990,44,2,0,0,0,1,0,0,0,0
1990,21,2,1,0,0,0,785,1,40,0
1990,37,1,0,0,0,0,804,2,50,0
1990,34,2,0,0,0,0,156,5,0,0
1990,47,1,0,0,0,0,473,0,72,0
1990,46,2,0,0,0,0,473,0,0,0
1990,21,2,1,0,0,0,744,1,9,0
1990,52,1,3,0,0,0,364,1,40,0
1990,76,2,1,0,0,0,0,0,0,0
1990,64,1,0,0,0,0,0,0,0,0
1990,74,2,0,0,0,0,0,0,0,0
1990,27,2,1,0,0,0,777,1,40,0
1990,38,1,3,0,0,1,179,6,40,1
1990,27,1,0,0,0,0,804,2,50,0
1990,26,2,0,0,0,0,0,0,0,0
1990,51,1,0,0,0,0,883,1,40,0
1990,46,2,0,0,0,0,33,1,45,0
1990,20,1,1,0,0,0,567,0,90,0
1990,18,1,1,0,0,0,496,1,40,0
1990,65,1,3,0,0,0,869,0,10,0
1990,44,1,0,0,0,1,22,2,50,1
1990,43,2,0,0,0,0,243,3,0,0
1990,18,1,1,0,0,0,0,0,0,0
1990,29,1,0,0,0,1,689,1,52,0
1990,25,2,0,0,0,0,243,3,54,0
1990,62,2,3,0,0,0,16,2,40,0
1990,35,2,2,0,0,0,22,2,50,0
1990,68,2,3,0,0,0,0,0,0,0
1990,53,2,3,0,0,0,447,5,40,0
1990,30,1,2,0,0,1,424,6,40,0
1990,29,1,1,0,0,0,436,3,0,0
1990,30,1,1,0,0,1,259,1,0,0
1990,47,2,2,0,0,0,18,4,40,0
1990,40,1,1,0,0,0,0,0,0,0
1990,59,1,0,0,0,0,505,4,60,0
1990,59,2,0,0,0,0,0,0,0,0
1990,29,1,2,0,0,0,804,3,36,0
1990,63,1,0,0,0,0,0,0,0,0
1990,64,2,0,0,0,0,0,0,0,0
1990,38,1,0,0,0,0,804,2,40,0
1990,33,2,0,0,0,0,435,3,18,0
1990,27,1,0,0,0,0,779,1,40,0
1990,26,2,0,0,0,0,877,3,0,0
1990,69,1,3,0,0,0,779,3,0,0
1990,42,1,0,0,0,1,668,3,45,0
1990,40,2,0,0,0,1,313,6,20,0
1990,55,1,0,0,0,0,364,1,40,0
1990,44,2,0,0,0,0,277,3,40,0
1990,61,1,0,0,0,0,853,0,40,0
1990,54,2,0,0,0,0,747,1,40,0
1990,28,2,1,0,0,0,449,5,15,0
1990,26,2,1,0,0,0,458,4,30,0
1990,37,1,0,0,0,0,804,3,40,0
1990,27,2,0,0,0,1,95,5,40,0
1990,58,1,2,0,0,1,769,1,48,0
1990,40,1,0,0,0,1,96,3,38,1
1990,38,2,0,0,0,0,319,5,25,0
1990,72,2,3,0,0,0,0,0,0,0
1990,43,1,0,0,0,1,473,0,43,1
1990,39,2,0,0,0,1,308,3,40,0
1990,33,1,0,0,0,1,22,1,55,1
1990,34,2,0,0,0,1,313,1,40,0
1990,42,2,0,0,0,1,156,5,40,1
1990,40,1,0,0,0,1,156,5,48,0
1990,34,1,0,0,0,0,855,2,69,0
1990,32,2,0,0,0,0,783,1,40,0
1990,70,1,0,0,0,0,473,0,60,0
1990,68,2,0,0,0,1,379,1,0,0
1990,41,1,1,0,0,0,799,5,5,0
1990,71,2,3,0,0,0,0,0,0,0
1990,45,2,3,0,0,0,0,0,0,0
1990,35,1,3,0,0,0,637,1,48,0
1990,63,1,2,0,0,0,0,0,0,0
1990,27,2,1,0,0,0,389,0,40,0
1990,61,1,0,0,0,0,855,0,20,0
1990,58,2,0,0,0,1,453,5,0,0
1990,59,1,0,0,0,0,856,1,40,0
1990,57,2,0,0,0,0,706,1,44,0
1990,49,1,0,0,0,0,823,2,40,0
1990,42,2,0,0,0,0,447,5,0,0
1990,65,2,3,0,0,0,436,5,35,0
1990,70,2,1,0,0,0,205,5,0,0
1990,29,2,2,0,0,1,203,5,40,0
1990,60,2,0,0,0,0,0,0,0,0
1990,63,1,0,0,0,0,804,2,40,0
1990,57,1,0,0,0,0,695,2,50,0
1990,55,2,0,0,0,0,156,5,9,0
1990,48,1,0,0,0,0,785,1,40,0
1990,40,2,0,0,0,1,253,4,40,1
1990,22,1,0,0,0,0,17,3,40,0
1990,25,2,0,0,2,0,435,3,35,0
1990,24,1,0,0,0,0,259,3,60,0
1990,22,2,0,0,0,0,458,4,35,0
1990,55,1,0,0,0,0,614,0,50,1
1990,53,2,0,0,0,0,337,5,40,0
1990,41,2,2,0,0,1,156,5,60,0
1990,20,2,1,0,0,0,0,0,0,0
1990,58,1,0,0,0,1,268,3,40,0
1990,49,2,0,0,0,0,266,3,37,0
1990,57,2,3,0,0,0,0,0,0,0
1990,36,2,2,0,0,0,435,3,0,0
1990,76,2,3,0,0,0,0,0,0,0
1990,42,1,2,0,0,0,22,0,40,0
1990,34,2,2,0,0,0,458,4,30,0
1990,43,2,2,1,0,1,5,6,40,0
1990,31,1,0,0,0,0,869,0,40,0
1990,32,2,0,0,0,0,276,5,40,0
1990,61,1,0,0,0,0,453,5,40,0
1990,59,2,0,0,0,0,436,5,40,0
1990,23,1,1,0,0,0,453,5,12,0
1990,71,2,3,0,0,0,0,0,0,0
1990,45,1,0,0,0,0,628,0,48,1
1990,37,2,0,0,0,1,95,5,40,0
1990,33,1,0,0,0,1,563,0,8,0
1990,29,2,0,0,0,0,479,0,0,0
1990,30,1,0,0,0,1,308,4,40,0
1990,33,2,0,0,0,1,337,5,0,0
1990,71,2,0,0,0,0,0,0,0,0
1990,42,2,1,0,0,1,163,5,40,0
1990,59,2,3,0,0,0,0,0,0,0
1990,70,1,3,0,0,0,0,0,0,0
1990,35,1,0,0,0,0,719,1,40,0
1990,42,2,0,0,0,0,0,0,0,0
1990,75,1,0,0,0,0,0,0,0,0
1990,71,2,0,0,0,0,0,0,0,0
1990,41,1,0,0,0,0,479,0,45,0
1990,35,2,0,0,0,0,458,4,30,0
1990,71,2,3,0,0,0,0,0,0,0
1990,33,1,0,0,0,0,22,0,40,0
1990,30,2,0,0,0,0,276,5,0,0
1990,31,1,0,1,0,1,0,0,0,0
1990,26,2,0,0,0,1,0,0,0,0
1990,21,1,1,0,0,1,486,0,45,0
1990,77,1,3,1,0,0,616,0,0,0
1990,35,2,2,0,0,0,0,0,0,0
1990,57,1,0,0,0,0,779,1,40,0
1990,53,2,0,0,0,0,0,0,0,0
1990,31,2,2,0,0,1,379,3,43,0
1990,80,1,0,0,0,1,0,0,0,0
1990,76,2,0,0,0,1,0,0,0,0
1990,52,1,1,0,0,0,0,0,0,0
1990,52,2,2,0,0,0,909,6,0,0
1990,35,1,0,0,0,1,804,0,40,1
1990,35,2,0,0,0,0,449,4,40,0
1990,65,1,0,0,0,0,0,0,0,0
1990,65,2,0,0,0,0,436,5,0,0
1990,25,2,1,0,0,0,23,4,40,0
1990,76,1,3,0,0,0,0,0,0,0
1990,74,2,2,0,0,0,274,3,0,0
1990,38,2,3,0,0,1,444,3,30,0
1990,71,2,3,0,0,1,95,5,0,0
1990,33,1,1,0,0,0,579,0,40,0
1990,72,1,1,0,0,0,0,0,0,0
1990,59,1,0,0,0,1,473,0,45,0
1990,56,2,0,0,0,0,259,0,40,0
1990,57,1,0,0,0,0,779,1,40,0
1990,59,2,0,0,0,0,274,3,30,0
1990,23,1,1,0,0,1,769,1,40,0
1990,78,2,3,0,0,0,0,0,0,0
1990,56,1,0,0,0,1,634,1,40,0
1990,48,2,0,0,0,1,95,5,32,0
1990,23,2,1,0,0,1,264,3,32,0
1990,22,1,1,0,0,1,159,5,15,0
1990,50,1,0,0,0,0,368,1,46,0
1990,51,2,0,0,0,0,796,1,40,0
1990,76,2,3,0,0,1,0,0,0,0
1990,35,1,0,0,0,0,779,1,40,0
1990,36,2,0,0,0,0,276,3,32,0
1990,29,1,0,0,0,0,756,1,40,0
1990,28,2,0,0,0,0,458,4,10,0
1990,68,1,0,0,0,0,869,0,40,0
1990,65,2,0,0,0,0,274,3,40,0
1990,51,1,0,0,0,0,889,4,40,0
1990,47,2,0,0,0,0,744,1,40,0
1990,27,1,1,0,0,0,453,1,40,0
1990,53,1,0,0,0,0,804,1,40,0
1990,51,2,0,0,0,0,0,0,0,0
1990,23,1,1,0,0,0,779,1,40,0
1990,21,2,1,0,0,0,0,0,0,0
1990,38,2,3,0,0,0,436,3,30,0
1990,33,1,0,0,0,1,453,5,40,0
1990,26,2,0,0,0,1,23,5,40,0
1990,68,2,0,0,0,1,207,5,32,0
1990,61,1,0,0,0,0,567,0,40,0
1990,32,1,0,0,0,0,779,1,40,0
1990,31,2,0,0,0,0,17,3,0,0
1990,30,1,0,0,0,0,804,5,40,0
1990,31,2,0,0,0,0,436,5,40,0
1990,24,1,0,0,0,0,783,1,40,0
1990,32,2,0,0,0,1,796,1,40,0
1990,63,1,0,0,0,0,808,2,45,0
1990,61,2,0,0,0,0,0,0,0,0
1990,41,1,0,0,0,1,156,5,40,0
1990,40,2,0,0,0,1,156,5,40,0
1990,56,1,0,0,0,0,0,0,0,0
1990,55,2,0,0,0,1,0,0,0,0
1990,32,1,0,0,0,1,65,1,40,0
1990,29,2,0,0,0,1,95,5,40,0
1990,34,2,2,0,0,0,785,1,40,0
1990,48,1,0,0,0,0,243,3,40,1
1990,46,2,0,0,0,0,243,3,38,0
1990,22,1,1,0,0,1,708,1,40,0
1990,18,1,1,0,0,0,889,5,10,0
1990,28,1,2,0,0,0,887,1,40,0
1990,28,2,2,0,0,0,706,1,40,0
1990,33,2,0,0,0,0,243,3,40,0
1990,57,1,0,0,0,0,785,1,30,0
1990,49,2,1,0,0,0,0,0,0,0
1990,53,1,0,0,0,0,785,0,48,0
1990,50,2,0,0,0,0,0,0,0,0
1990,32,1,0,0,0,0,22,0,40,0
1990,25,2,0,0,0,0,327,0,40,0
1990,67,1,0,0,0,0,266,3,20,0
1990,70,2,0,0,0,1,314,5,0,0
1990,78,1,0,0,0,0,0,0,0,0
1990,78,2,0,0,0,0,0,0,0,0
1990,25,1,0,0,0,0,505,3,50,0
1990,21,2,0,0,0,0,785,1,50,0
1990,41,1,0,0,0,1,174,5,40,0
1990,38,2,0,0,0,1,0,0,0,0
1990,52,1,0,0,0,0,804,2,40,0
1990,50,2,0,0,0,0,16,2,40,0
1990,30,2,1,0,0,1,447,5,40,0
1990,23,2,3,0,0,1,23,4,40,0
1990,49,1,0,0,0,1,303,2,40,1
1990,50,2,0,0,0,0,327,2,40,0
1990,18,1,1,0,0,0,0,0,0,0
1990,41,2,2,0,0,0,313,1,60,0
1990,28,1,0,0,0,1,22,4,50,0
1990,31,2,0,0,0,0,255,4,45,0
1990,22,1,0,0,0,0,436,3,20,0
1990,19,2,0,0,0,0,446,5,40,0
1990,45,1,0,0,0,0,529,2,48,0
1990,42,2,0,0,0,0,315,1,35,0
1990,20,1,1,0,0,0,486,0,40,0
1990,33,1,0,0,0,0,686,1,45,0
1990,44,2,0,0,0,0,0,0,0,0
1990,21,1,1,0,0,0,887,1,40,0
1990,18,1,1,0,0,0,479,0,40,0
1990,38,2,2,0,0,1,447,5,32,0
1990,47,1,2,0,0,1,549,1,45,0
1990,36,1,0,0,0,0,243,4,40,0
1990,30,2,0,0,0,1,25,4,40,0
1990,58,1,0,0,0,1,22,1,95,1
1990,52,2,0,0,0,1,103,5,16,0
1990,18,2,1,0,0,0,435,3,0,0
1990,50,1,0,0,0,0,558,0,60,0
1990,48,2,0,0,0,1,313,1,50,0
1990,22,2,0,0,0,1,313,1,35,0
1990,19,2,1,0,0,1,276,3,20,0
1990,23,1,0,0,0,0,486,1,40,0
1990,47,2,1,0,0,0,365,3,30,0
1990,75,1,3,0,0,0,0,0,0,0
1990,61,1,0,0,0,0,806,2,56,0
1990,59,2,0,0,0,0,0,0,0,0
1990,38,1,1,0,0,0,804,3,40,0
1990,63,1,0,0,0,1,355,2,30,0
1990,61,2,0,0,0,0,796,0,15,0
1990,68,1,0,0,0,0,0,0,0,0
1990,67,2,0,0,0,0,0,0,0,0
1990,77,1,0,0,0,0,0,0,0,0
1990,77,2,0,0,0,0,0,0,0,0
1990,37,1,0,0,0,0,783,1,40,0
1990,34,2,0,0,0,1,174,5,40,0
1990,34,1,0,0,0,0,473,0,60,0
1990,31,2,0,0,0,0,479,0,30,0
1990,35,1,0,0,0,1,53,6,40,0
1990,27,2,0,0,0,0,734,1,40,0
1990,56,1,0,0,0,0,785,4,48,0
1990,53,2,0,0,0,0,704,1,40,0
1990,44,1,0,0,0,0,759,1,40,0
1990,43,2,0,0,0,0,0,0,0,0
1990,21,2,1,0,0,1,687,3,40,0
1990,18,2,1,0,0,0,0,0,0,0
1990,34,1,0,0,0,1,156,5,40,0
1990,32,2,0,0,0,1,104,5,24,1
1990,65,2,2,0,0,1,207,5,40,0
1990,64,1,0,0,0,0,274,3,0,0
1990,62,2,0,0,0,0,337,3,30,0
1990,33,1,0,0,0,0,719,1,40,0
1990,26,2,0,0,0,0,466,5,50,0
1990,51,1,0,0,0,0,719,1,40,0
1990,49,2,0,0,0,0,808,5,25,0
1990,31,1,0,0,0,0,796,1,40,0
1990,31,2,0,0,0,0,319,0,0,0
1990,42,1,0,0,0,1,156,5,50,0
1990,40,2,0,0,0,1,156,5,45,0
1990,31,1,0,0,0,0,355,2,40,0
1990,32,2,0,0,0,0,355,2,8,0
1990,39,1,2,0,0,0,507,4,40,0
1990,32,2,1,0,0,1,14,5,44,0
1990,38,1,2,0,0,1,869,0,40,0
1990,54,1,0,0,0,0,856,1,40,0
1990,51,2,0,0,0,0,439,5,37,0
1990,33,1,0,0,0,1,35,5,48,0
1990,33,2,0,0,0,1,104,5,26,0
1990,55,1,0,0,0,1,55,2,60,0
1990,51,2,0,0,0,1,254,4,20,0
1990,42,1,0,0,0,0,869,0,0,0
1990,38,2,0,0,0,1,0,0,0,0
1990,41,2,2,0,0,0,0,0,0,0
1990,73,1,0,0,0,0,0,0,0,0
1990,77,2,0,0,0,0,0,0,0,0
1990,49,1,0,0,0,1,637,1,40,0
1990,51,2,0,0,0,0,0,0,0,0
1990,79,2,3,0,0,0,0,0,0,0
1990,35,1,0,0,0,0,563,0,40,0
1990,31,2,0,0,0,0,276,3,0,0
1990,31,1,0,0,0,0,637,1,48,0
1990,31,2,0,0,0,0,276,3,25,0
1990,71,1,0,0,0,0,355,2,40,0
1990,72,2,0,0,0,0,0,0,0,0
1990,28,1,0,0,0,0,637,1,40,0
1990,26,2,0,0,0,0,468,5,30,0
1990,47,1,0,0,0,1,56,1,40,0
1990,45,2,0,0,0,1,274,4,25,0
1990,18,1,1,0,0,0,813,4,20,0
1990,59,2,2,0,0,1,315,6,0,0
1990,59,1,0,0,0,0,844,6,0,0
1990,56,2,0,0,0,0,458,4,0,0
1990,66,1,0,0,0,1,0,0,0,0
1990,65,2,0,0,0,0,0,0,0,0
1990,53,1,3,0,0,0,676,1,40,1
1990,26,1,1,0,0,1,217,1,40,0
1990,49,1,0,0,0,1,0,0,0,0
1990,47,2,0,0,0,0,449,5,37,0
1990,25,1,2,0,0,0,424,6,40,0
1990,19,1,1,0,0,0,486,0,40,0
1990,64,2,3,0,0,0,0,0,0,0
1990,41,1,1,0,0,1,723,1,40,0
1990,33,1,1,0,0,0,856,3,40,0
1990,45,1,0,0,0,0,523,6,40,0
1990,44,2,0,0,0,1,156,5,46,0
1990,19,1,1,0,0,0,365,3,25,0
1990,52,1,0,0,0,0,0,0,0,0
1990,47,2,0,0,0,0,426,4,40,0
1990,20,2,1,0,0,0,426,4,40,0
1990,24,1,2,0,0,1,66,4,38,0
1990,41,1,0,0,0,1,355,2,44,0
1990,38,2,0,0,0,1,364,3,32,0
1990,19,1,1,0,0,0,883,2,30,0
1990,41,1,0,0,0,1,539,2,0,0
1990,34,2,0,0,0,0,0,0,0,0
1990,65,2,3,0,0,0,436,3,40,0
1990,47,1,0,1,0,0,804,1,40,0
1990,49,2,0,1,0,1,0,0,0,0
1990,20,1,0,0,0,0,785,1,40,0
1990,20,2,0,0,0,1,313,5,45,0
1990,61,1,2,3,0,0,365,1,0,0
1990,30,1,2,3,0,0,588,0,40,0
1990,78,2,3,1,0,0,0,0,0,0
1990,47,1,0,0,0,0,804,1,40,0
1990,47,2,0,0,0,0,889,1,40,0
1990,20,1,1,0,0,0,595,0,40,0
1990,19,2,1,0,0,0,276,3,40,0
1990,28,1,0,0,0,0,448,4,40,0
1990,27,2,0,0,0,0,276,3,20,0
1990,62,2,2,0,0,0,0,0,0,0
1990,23,1,0,0,0,1,796,1,40,0
1990,22,2,0,0,0,1,27,3,40,0
1990,27,1,0,0,0,1,243,2,40,0
1990,26,2,0,0,0,0,189,1,37,0
1990,37,1,1,0,0,0,0,0,0,0
1990,38,1,0,0,0,0,22,0,40,0
1990,34,2,0,0,0,0,734,1,40,0
1990,23,2,3,0,0,0,447,5,0,0
1990,43,1,0,0,0,1,579,0,40,0
1990,42,2,0,0,0,1,243,3,20,0
1990,21,1,1,0,0,1,877,3,30,0
1990,80,2,3,0,0,1,0,0,0,0
1990,41,1,2,0,0,1,353,4,40,0
1990,28,1,0,0,0,0,243,3,40,0
1990,26,2,0,0,0,0,458,4,24,0
1990,74,1,0,0,0,1,0,0,0,0
1990,74,2,0,0,0,1,0,0,0,0
1990,53,1,0,0,0,0,799,1,0,0
1990,46,2,0,0,0,0,22,4,35,0
1990,56,1,0,0,0,0,0,0,0,0
1990,59,2,0,0,0,0,0,0,0,0
1990,35,2,2,0,0,1,0,0,0,0
1990,53,1,0,0,0,1,0,0,0,0
1990,51,2,0,0,0,1,446,5,40,0
1990,52,1,0,0,0,1,243,3,40,0
1990,53,2,0,0,0,0,373,1,40,0
1990,34,1,1,0,0,1,22,2,50,0
1990,78,2,3,0,0,0,0,0,0,0
1990,59,1,0,0,0,0,747,1,40,0
1990,54,2,0,0,0,0,449,5,36,0
1990,61,2,3,0,0,0,0,0,0,0
1990,36,1,1,0,0,0,804,3,35,0
1990,22,1,0,0,0,0,653,6,40,0
1990,22,2,0,0,0,1,469,3,24,0
1990,44,1,0,0,0,1,243,4,40,1
1990,42,2,0,0,0,1,385,4,40,0
1990,65,2,3,0,0,0,0,0,0,0
1990,69,1,0,0,0,0,243,3,48,1
1990,69,2,0,0,0,0,0,0,0,0
1990,40,1,0,0,0,1,355,2,50,0
1990,40,2,0,0,0,1,315,6,40,0
1990,37,2,2,0,0,0,17,3,70,0
1990,18,1,1,0,0,0,436,3,20,0
1990,53,1,0,0,0,0,473,0,50,0
1990,52,2,0,0,0,0,0,0,0,0
1990,28,1,1,0,0,0,389,6,45,0
1990,50,1,2,0,0,0,856,1,40,0
1990,31,1,0,0,0,1,263,3,55,0
1990,30,2,0,0,0,1,0,0,0,0
1990,52,1,0,0,0,0,628,1,40,0
1990,45,2,0,0,0,0,22,5,40,0
1990,21,2,1,0,0,0,796,3,40,0
1990,52,1,0,0,0,0,804,2,50,0
1990,55,2,0,0,0,0,435,3,0,0
1990,25,1,0,0,0,1,18,4,42,0
1990,28,2,0,0,0,0,385,4,38,0
1990,49,1,0,0,0,1,575,1,40,1
1990,50,2,0,0,0,0,666,4,21,0
1990,18,2,1,0,0,1,225,5,21,0
1990,33,1,0,0,0,1,785,1,40,0
1990,32,2,0,0,0,1,313,5,40,0
1990,21,2,2,0,0,0,779,1,40,0
1990,37,1,0,0,0,0,453,5,40,0
1990,36,2,0,0,0,0,435,3,40,0
1990,66,1,0,0,0,1,567,0,35,0
1990,79,2,0,0,0,1,165,5,8,0
1990,61,1,0,0,0,0,503,3,50,0
1990,59,2,0,0,0,0,276,3,22,0
1990,39,1,0,0,0,1,754,3,45,0
1990,39,2,0,0,0,1,33,1,20,0
1990,19,2,1,0,0,0,164,5,30,0
1990,49,2,3,0,0,1,218,6,50,0
1990,20,2,2,0,0,0,389,1,40,0
1990,58,2,3,0,0,0,387,5,20,0
1990,25,1,1,0,0,1,276,3,40,0
1990,49,1,2,0,0,0,628,1,40,0
1990,18,2,1,0,0,0,438,3,35,0
1990,55,1,0,0,0,0,848,0,40,0
1990,52,2,0,0,0,0,505,3,35,0
1990,28,1,1,0,0,1,444,5,0,0
1990,61,2,2,0,0,0,0,0,0,0
1990,65,1,3,0,0,0,889,1,0,0
1990,35,1,0,0,0,1,796,6,40,0
1990,35,2,0,0,0,0,436,3,45,0
1990,50,2,2,0,0,0,434,3,40,0
1990,39,1,0,0,0,0,563,1,40,0
1990,39,2,0,0,0,0,449,5,40,0
1990,56,1,1,0,0,0,736,1,37,0
1990,61,1,1,0,0,1,0,0,0,0
1990,64,1,0,0,0,1,0,0,0,0
1990,65,2,0,0,0,0,0,0,0,0
1990,71,1,0,0,0,0,243,3,0,0
1990,62,2,0,0,0,0,274,3,20,0
1990,48,1,0,0,0,0,887,1,40,0
1990,48,2,0,0,0,0,387,5,30,0
1990,37,1,0,0,0,0,577,2,40,0
1990,36,2,0,0,0,1,466,5,40,0
1990,56,2,3,0,0,0,0,0,0,0
1990,66,2,1,0,0,1,0,0,0,0
1990,43,2,1,0,0,0,785,1,40,0
1990,43,2,1,0,0,0,796,1,40,0
1990,27,1,0,0,0,0,804,1,40,0
1990,26,2,0,0,0,0,313,4,40,0
1990,42,1,0,0,0,0,505,4,45,0
1990,40,2,0,0,0,0,785,3,45,0
1990,38,2,1,1,0,1,157,5,40,0
1990,77,2,1,0,0,0,0,0,0,0
1990,24,1,0,0,0,1,22,4,60,0
1990,24,2,0,0,0,1,315,5,40,0
1990,58,1,0,0,0,0,263,3,50,0
1990,56,2,0,0,0,0,274,3,30,0
1990,42,1,0,0,0,0,218,6,40,0
1990,35,2,0,0,0,0,387,5,33,0
1990,64,2,3,0,0,0,0,0,0,0
1990,65,1,0,0,0,0,0,0,0,0
1990,62,2,0,0,0,0,0,0,0,0
1990,73,2,3,0,0,0,0,0,0,0
1990,53,1,1,0,0,0,453,5,40,0
1990,30,2,1,0,0,0,0,0,0,0
1990,43,1,3,1,0,1,417,6,40,0
1990,19,2,1,3,0,1,264,3,10,0
1990,40,2,3,3,0,1,22,1,40,0
1990,46,2,2,0,0,1,95,5,40,1
1990,19,1,1,0,0,0,748,4,25,0
1990,18,1,1,0,0,1,889,4,40,0
1990,32,2,2,0,0,0,22,4,40,0
1990,54,1,0,0,0,0,779,1,15,0
1990,51,2,0,0,0,0,0,0,0,0
1990,26,1,0,0,0,0,804,1,40,0
1990,25,2,0,0,0,0,276,3,28,0
1990,28,1,0,0,0,1,567,0,40,0
1990,26,2,0,0,0,0,447,5,0,0
1990,73,2,3,0,0,0,379,6,20,0
1990,69,2,3,0,0,0,0,0,0,0
1990,66,1,0,0,0,1,808,2,40,0
1990,62,2,0,0,0,0,0,0,0,0
1990,72,1,0,0,0,0,0,0,0,0
1990,70,2,0,0,0,0,0,0,0,0
1990,19,1,1,0,0,1,877,3,27,0
1990,80,2,3,0,0,0,0,0,0,0
1990,62,2,3,0,0,0,0,0,0,0
1990,80,2,3,0,0,1,0,0,0,0
1990,78,2,3,0,0,0,0,0,0,0
1990,67,2,3,0,0,0,466,5,99,0
1990,70,2,3,0,0,0,0,0,0,0
1990,76,1,0,0,0,0,0,0,0,0
1990,70,2,0,0,0,0,0,0,0,0
1990,77,2,3,0,0,0,0,0,0,0
1990,34,1,0,0,0,1,56,1,50,0
1990,40,2,0,0,0,1,466,5,30,0
1990,60,1,2,0,0,0,0,0,0,0
1990,46,1,0,0,0,0,707,1,40,0
1990,41,2,0,0,0,0,888,3,0,0
1990,30,1,0,0,0,0,844,0,40,0
1990,28,2,0,0,0,0,337,0,24,0
1990,34,2,2,0,0,0,889,1,40,0
1990,32,2,2,0,0,0,909,6,0,0
1990,43,1,0,0,0,0,856,1,40,0
1990,37,2,0,0,0,0,447,5,30,0
1990,45,1,0,0,0,0,505,4,20,0
1990,40,2,0,0,0,0,877,1,40,0
1990,36,1,0,0,0,1,637,1,48,0
1990,30,2,0,0,0,1,208,5,20,0
1990,58,1,3,0,0,0,0,0,0,0
1990,18,2,1,0,0,0,336,6,40,0
1990,23,2,1,0,0,0,447,5,40,0
1990,28,1,2,0,0,0,616,0,50,0
1990,40,1,0,0,0,0,844,0,40,0
1990,35,2,0,0,0,0,0,0,0,0
1990,18,2,1,0,0,0,686,3,31,0
1990,54,1,0,0,0,0,796,1,40,0
1990,44,2,0,0,0,0,0,0,0,0
1990,19,1,1,0,0,1,0,0,0,0
1990,34,1,0,0,0,0,243,3,40,0
1990,33,2,0,0,0,0,243,3,40,0
1990,22,2,1,0,0,0,436,3,40,0
1990,35,1,1,0,0,0,514,3,0,0
1990,58,2,1,0,0,0,0,0,0,0
1990,68,1,0,0,0,0,453,6,0,0
1990,62,2,0,0,0,0,0,0,0,0
1990,52,1,0,0,0,0,243,3,40,0
1990,55,2,0,0,0,0,785,1,40,0
1990,18,2,1,0,0,1,435,3,20,0
1990,33,1,0,0,0,0,575,1,40,0
1990,35,2,0,0,0,0,0,0,0,0
1990,59,2,1,0,0,0,348,5,40,0
1990,59,1,2,0,0,0,723,1,40,0
1990,71,1,0,0,0,0,0,0,0,0
1990,65,2,0,0,0,0,0,0,0,0
1990,67,1,0,0,0,1,338,1,0,0
1990,70,2,0,0,0,0,0,0,0,0
1990,45,2,3,0,0,0,449,4,20,0
1990,18,1,1,0,0,0,679,1,20,0
1990,18,2,1,0,0,0,435,3,20,0
1990,54,1,0,0,0,0,566,3,40,0
1990,53,2,0,0,0,0,313,5,40,0
1990,26,1,0,0,0,1,243,3,53,0
1990,26,2,0,0,0,1,313,3,10,0
1990,35,1,0,0,0,1,754,1,40,0
1990,35,2,0,0,0,0,274,3,37,0
1990,56,1,0,0,0,0,453,4,37,0
1990,53,2,0,0,2,0,276,3,30,0
1990,27,1,0,0,0,0,804,2,40,0
1990,36,2,0,0,0,0,276,3,0,0
1990,38,2,2,0,0,0,276,3,0,0
1990,66,1,0,0,0,0,274,3,0,0
1990,66,2,0,0,0,0,0,0,0,0
1990,71,2,3,0,0,0,0,0,0,0
1990,49,1,0,0,0,0,885,3,63,0
1990,49,2,0,0,0,0,436,5,40,0
1990,53,1,0,0,0,1,473,0,67,0
1990,51,2,0,0,0,1,243,3,40,0
1990,20,1,1,0,0,0,804,0,50,0
1990,77,2,3,0,0,1,0,0,0,0
1990,49,1,0,0,0,0,599,0,0,0
1990,43,2,0,0,0,0,856,1,40,0
1990,78,1,0,0,0,0,0,0,0,0
1990,74,2,0,0,0,0,0,0,0,0
1990,24,1,0,0,0,0,378,0,30,0
1990,24,2,0,0,0,0,337,5,0,0
1990,76,2,1,0,2,0,0,0,0,0
1990,77,2,3,0,0,0,0,0,0,0
1990,74,2,3,0,0,0,0,0,0,0
1990,61,1,0,0,0,0,0,0,0,0
1990,63,2,0,0,0,0,0,0,0,0
1990,76,2,1,0,0,0,0,0,0,0
1990,33,1,0,0,0,1,254,4,80,0
1990,32,2,0,0,0,0,385,5,18,0
1990,48,1,0,0,0,0,823,2,46,0
1990,47,2,0,0,0,1,15,5,46,0
1990,56,1,0,0,0,0,804,2,50,0
1990,57,2,0,0,0,1,379,2,40,0
1990,70,2,2,0,0,1,0,0,0,0
1990,65,1,0,0,0,0,266,3,44,0
1990,60,2,0,0,0,0,274,3,25,0
1990,28,2,2,0,0,1,156,5,50,0
1990,56,1,0,0,0,0,376,2,0,0
1990,55,2,0,0,0,0,348,3,35,0
1990,26,1,1,0,0,0,268,3,35,0
1990,40,1,0,0,0,0,823,2,60,0
1990,37,2,0,0,0,1,283,3,0,0
1990,44,1,0,0,0,1,503,2,48,1
1990,44,2,0,0,0,1,383,4,0,0
1990,49,1,0,0,0,0,55,5,40,0
1990,47,2,0,0,0,1,307,1,0,0
1990,58,2,2,0,0,1,22,3,0,0
1990,31,1,1,0,0,0,505,3,40,0
1990,21,1,1,0,0,0,335,4,37,0
1990,70,1,0,0,0,0,0,0,0,0
1990,68,2,0,0,0,0,0,0,0,0
1990,31,1,0,0,0,1,22,2,40,0
1990,29,2,0,0,2,0,22,5,0,0
1990,74,1,0,0,0,1,0,0,0,0
1990,62,2,0,0,0,0,228,5,25,0
1990,49,1,0,0,0,0,856,1,40,0
1990,43,2,0,0,0,0,389,2,40,0
1990,23,1,1,0,0,1,709,1,40,0
1990,19,1,1,0,0,1,637,1,40,0
1990,39,1,0,0,0,0,567,6,40,0
1990,37,2,0,0,0,0,466,5,40,0
1990,56,1,0,0,0,0,363,1,40,0
1990,55,2,0,0,0,0,17,5,32,0
1990,42,1,0,0,0,1,226,6,40,0
1990,40,2,0,0,0,0,379,5,40,0
1990,26,2,3,1,0,1,313,5,37,0
1990,73,2,3,1,0,0,0,0,0,0
1990,61,1,0,0,0,0,754,1,0,0
1990,58,2,0,0,0,0,0,0,0,0
1990,31,1,1,0,0,0,754,5,25,0
1990,52,1,2,0,0,1,579,0,5,0
1990,37,1,0,0,0,0,637,1,40,0
1990,35,2,0,0,0,1,207,5,40,0
1990,21,2,1,0,0,0,0,0,0,0
1990,20,1,1,0,0,1,22,2,45,0
1990,42,1,2,0,0,0,706,1,45,0
1990,32,1,0,0,0,0,479,0,40,0
1990,33,2,0,0,0,1,466,5,44,0
1990,39,1,3,0,0,1,804,2,58,0
1990,23,1,1,2,0,1,523,6,40,0
1990,40,1,0,0,0,1,328,6,45,0
1990,30,2,0,0,0,0,447,4,0,0
1990,23,2,2,0,0,0,375,4,55,0
1990,56,1,0,0,0,0,779,1,40,0
1990,49,2,0,0,0,0,0,0,0,0
1990,21,1,1,0,0,0,709,1,40,0
1990,80,2,0,0,0,0,0,0,0,0
1990,65,1,0,0,0,0,0,0,0,0
1990,51,1,0,0,0,0,567,0,40,0
1990,51,2,0,0,2,0,436,3,20,0
1990,45,1,0,0,0,0,785,1,40,0
1990,42,2,0,0,0,1,313,5,35,0
1990,22,2,2,0,0,1,445,5,35,0
1990,19,1,1,0,0,0,453,5,25,0
1990,31,1,1,3,0,1,95,5,40,0
1990,43,1,0,0,0,1,5,6,40,1
1990,44,2,0,0,0,1,319,4,12,0
1990,29,1,0,0,0,1,628,1,60,0
1990,25,2,0,0,0,1,0,0,0,0
1990,59,1,0,0,0,0,225,6,40,0
1990,55,2,0,0,0,1,95,5,40,0
1990,28,1,0,0,0,0,22,4,50,0
1990,21,2,0,0,0,0,315,4,40,0
1990,25,1,1,0,0,0,213,4,40,0
1990,53,1,0,0,0,0,796,1,40,0
1990,51,2,0,0,0,0,0,0,0,0
1990,54,2,2,0,0,1,156,5,45,0
1990,57,1,0,0,0,1,5,6,40,1
1990,50,2,0,0,0,1,0,0,0,0
1990,55,1,0,0,0,1,22,1,40,1
1990,57,2,0,0,0,0,0,0,0,0
1990,44,1,0,0,0,0,195,6,40,0
1990,35,2,0,0,0,1,95,5,40,0
1990,62,2,0,0,0,0,276,3,40,0
1990,60,1,0,0,0,0,628,6,40,1
1990,25,1,0,0,0,0,734,1,40,0
1990,22,2,0,0,0,1,276,3,20,0
1990,70,1,0,0,0,0,0,0,0,0
1990,64,2,0,0,0,0,0,0,0,0
1990,60,2,0,0,0,0,348,2,25,0
1990,67,1,0,0,0,0,0,0,0,0
1990,23,2,1,0,0,1,103,5,22,0
1990,42,2,3,0,0,1,37,1,40,0
1990,45,1,0,0,0,0,653,0,40,0
1990,42,2,0,0,0,0,365,2,40,0
1990,52,1,0,0,0,0,517,0,40,0
1990,47,2,0,0,0,0,0,0,0,0
1990,22,1,1,0,0,0,563,0,40,0
1990,32,1,0,0,0,0,259,3,40,0
1990,31,2,0,0,0,0,22,1,50,0
1990,31,1,0,0,0,1,375,4,37,0
1990,29,2,0,0,0,1,375,4,37,0
1990,22,1,0,0,0,0,253,4,50,0
1990,21,2,0,0,0,1,313,4,40,0
1990,33,1,0,0,0,1,159,6,52,0
1990,33,2,0,0,0,0,418,6,40,0
1990,32,1,3,1,0,0,0,0,0,0
1990,22,1,3,0,0,0,869,0,45,0
1990,49,1,3,0,0,0,575,1,40,0
1990,35,1,0,0,0,0,599,0,40,0
1990,34,2,0,0,0,0,706,1,40,0
1990,35,1,0,0,0,0,558,2,45,0
1990,29,2,0,0,0,0,453,4,12,0
1990,38,1,3,1,0,0,514,1,40,0
1990,36,1,0,0,0,0,259,3,60,0
1990,34,2,0,0,0,0,379,3,40,0
1990,63,1,0,0,0,0,768,1,0,0
1990,51,2,0,0,0,0,779,1,40,0
1990,27,1,0,0,0,0,597,1,48,0
1990,28,2,0,0,0,0,318,2,40,0
1990,51,1,0,0,0,0,473,0,40,0
1990,51,2,0,0,0,0,164,5,30,0
1990,31,1,1,0,0,1,154,5,20,0
1990,30,1,0,0,0,0,424,6,40,0
1990,37,2,0,0,0,0,435,3,28,0
1990,34,1,0,0,0,1,27,6,40,0
1990,34,2,0,0,0,1,15,5,40,0
1990,67,1,0,0,0,1,25,4,40,1
1990,65,2,0,0,0,1,164,5,40,0
1990,29,1,1,0,0,0,554,0,40,0
1990,37,1,2,0,0,0,453,6,36,0
1990,34,1,3,1,0,0,747,4,0,0
1990,27,1,0,0,0,1,696,1,50,1
1990,26,2,0,0,0,1,95,5,40,0
1990,28,1,2,0,0,1,27,6,60,0
1990,60,2,3,0,0,0,243,3,40,0
1990,53,2,0,0,0,1,275,3,0,0
1990,64,1,0,0,0,0,503,5,40,0
1990,30,1,0,0,0,0,259,3,40,0
1990,29,2,0,0,0,1,748,4,40,0
1990,25,1,0,1,0,0,804,1,40,0
1990,28,2,0,1,0,0,364,1,40,0
1990,43,1,0,0,0,1,22,5,52,1
1990,38,2,0,0,0,0,449,4,0,0
1990,61,2,3,0,0,0,0,0,0,0
1990,42,2,1,0,0,1,97,5,40,0
1990,79,2,3,0,0,1,0,0,0,0
1990,41,1,1,0,0,1,178,5,40,0
1990,28,1,1,0,0,1,436,3,50,0
1990,78,2,3,0,0,0,0,0,0,0
1990,31,1,0,0,0,0,804,1,48,0
1990,30,2,0,0,0,1,207,5,24,0
1990,61,1,0,0,0,0,783,1,40,0
1990,57,2,0,0,0,0,0,0,0,0
1990,33,1,1,0,0,0,453,3,38,0
1990,44,2,1,0,0,0,785,1,40,0
1990,31,1,0,0,0,1,883,1,40,0
1990,25,2,0,0,0,0,315,4,0,0
1990,48,2,2,0,0,0,447,5,40,0
1990,22,1,1,0,0,0,889,1,40,0
1990,22,1,0,0,0,0,759,1,40,0
1990,28,2,0,0,0,0,243,3,0,0
1990,56,1,0,0,0,0,628,1,52,1
1990,54,2,0,0,0,0,0,0,0,0
1990,32,1,1,0,0,0,0,0,0,0
1990,45,2,1,0,0,0,264,3,35,0
1990,49,1,0,0,0,0,13,1,40,0
1990,35,2,0,0,0,0,313,6,0,0
1990,23,2,1,0,0,0,888,3,34,0
1990,42,1,0,0,0,0,777,1,56,0
1990,37,2,0,0,0,1,0,0,0,0
1990,70,1,0,0,0,0,0,0,0,0
1990,60,2,0,0,0,0,453,4,8,0
1990,39,2,1,0,0,0,308,1,40,0
1990,66,1,2,0,0,0,809,4,20,0
1990,25,1,0,0,0,1,378,4,42,0
1990,24,2,0,0,0,1,385,1,31,0
1990,62,2,3,0,0,1,0,0,0,0
1990,58,1,0,0,0,0,21,5,50,1
1990,56,2,0,0,0,0,0,0,0,0
1990,65,1,0,0,0,0,473,0,40,0
1990,51,2,0,0,0,1,135,5,37,0
1990,23,1,3,0,0,0,804,3,45,0
1990,22,2,1,0,0,1,888,3,12,0
1990,29,1,1,0,0,0,785,3,40,0
1990,54,2,2,0,2,0,275,3,40,0
1990,56,1,0,0,0,0,804,2,40,1
1990,48,2,0,0,0,0,785,2,0,0
1990,34,1,2,0,0,0,567,0,40,0
1990,42,2,2,0,0,0,435,3,0,0
1990,43,1,0,0,0,1,696,1,40,0
1990,41,2,0,0,0,1,15,5,25,0
1990,18,2,0,0,0,0,435,3,22,0
1990,23,1,0,0,0,0,688,1,48,0
1990,35,1,1,0,0,1,218,5,40,0
1990,34,2,2,0,2,1,207,4,45,0
1990,80,1,0,0,0,0,0,0,0,0
1990,77,2,0,0,0,0,0,0,0,0
1990,55,1,0,0,0,1,254,4,45,0
1990,55,2,0,0,0,0,313,4,43,0
1990,28,1,1,0,0,1,25,4,43,0
1990,63,1,0,0,0,0,535,4,45,0
1990,45,2,0,0,0,0,535,3,0,0
1990,70,2,2,0,0,0,0,0,0,0
1990,73,1,0,0,0,0,0,0,0,0
1990,69,2,0,0,0,0,0,0,0,0
1990,65,1,3,0,0,0,508,6,40,0
1990,33,1,1,0,0,0,0,0,0,0
1990,39,1,0,0,0,0,856,1,40,0
1990,39,2,0,0,0,0,208,5,40,0
1990,72,1,0,0,0,0,0,0,0,0
1990,72,2,0,0,0,0,0,0,0,0
1990,37,1,0,0,0,0,457,4,40,0
1990,30,2,0,0,0,1,379,4,40,0
1990,76,1,3,0,0,1,19,4,40,0
1990,33,1,0,0,0,0,563,0,40,0
1990,30,2,0,0,0,0,0,0,0,0
1990,52,1,0,0,0,1,453,4,40,0
1990,33,2,0,0,0,0,0,0,0,0
1990,54,1,0,0,0,1,557,0,40,0
1990,38,2,0,0,0,0,274,3,30,0
1990,70,2,3,0,0,0,0,0,0,0
1990,72,2,3,0,0,1,0,0,0,0
1990,29,2,2,0,0,0,435,3,40,0
1990,59,1,0,0,0,0,855,0,50,0
1990,52,2,0,0,0,0,276,3,16,0
1990,43,1,0,0,0,0,777,1,40,0
1990,40,2,0,0,0,1,159,5,45,0
1990,44,1,0,0,0,0,363,1,40,0
1990,50,2,0,0,0,0,447,5,40,0
1990,20,2,1,0,0,1,0,0,0,0
1990,26,1,0,0,0,0,269,3,40,0
1990,23,2,0,0,0,1,17,3,30,0
1990,44,1,0,0,0,0,355,2,52,0
1990,42,2,0,0,0,1,447,5,40,0
1990,71,2,3,0,0,0,0,0,0,0
1990,61,1,0,0,0,1,0,0,0,0
1990,50,2,0,0,0,1,156,5,50,0
1990,70,1,0,0,0,0,0,0,0,0
1990,72,2,0,0,0,0,0,0,0,0
1990,40,1,0,1,0,0,453,1,48,0
1990,38,2,0,0,0,0,783,1,40,0
1990,33,1,0,0,0,1,473,0,40,1
1990,28,2,0,0,0,0,0,0,0,0
1990,37,1,0,0,0,0,616,0,48,0
1990,37,2,0,0,0,0,0,0,0,0
1990,19,2,1,0,0,1,313,5,20,0
1990,70,1,0,0,0,0,0,0,0,0
1990,62,2,0,0,0,1,804,5,40,0
1990,21,1,1,0,0,0,885,3,16,0
1990,33,1,0,0,0,0,22,2,40,0
1990,33,2,0,0,0,0,383,4,37,0
1990,31,2,3,0,0,0,445,5,35,0
1990,32,1,0,0,0,1,577,2,50,0
1990,35,2,0,0,0,0,0,0,0,0
1990,45,1,2,0,0,0,567,0,40,0
1990,18,1,1,0,0,0,579,0,40,0
1990,27,1,0,0,0,1,418,6,40,0
1990,27,2,0,0,0,0,433,3,50,0
1990,39,1,0,0,0,1,375,4,50,0
1990,37,2,0,0,0,1,156,5,40,0
1990,64,1,0,0,0,0,505,4,25,0
1990,48,2,0,0,0,1,453,5,32,0
1990,33,1,0,0,0,0,686,3,40,0
1990,29,2,0,0,0,0,0,0,0,0
1990,52,1,2,0,0,0,889,5,40,0
1990,59,1,2,0,0,0,637,1,40,0
1990,20,1,1,0,0,0,276,3,32,0
1990,51,2,2,0,0,0,436,3,25,0
1990,63,2,3,0,0,1,95,5,0,0
1990,25,1,0,0,0,0,189,1,40,0
1990,23,2,0,0,0,0,276,3,0,0
1990,39,2,3,0,0,1,243,3,50,0
1990,63,1,0,0,0,1,473,0,0,0
1990,65,2,0,0,0,1,313,1,50,0
1990,54,1,0,0,0,0,567,0,40,0
1990,54,2,0,0,0,1,17,3,70,0
1990,56,1,0,0,0,0,694,2,40,0
1990,53,2,0,0,0,0,0,0,0,0
1990,40,1,2,0,0,1,156,5,35,0
1990,20,1,1,0,0,1,804,3,30,0
1990,29,2,2,0,0,0,747,1,0,0
1990,45,1,0,0,0,0,766,1,45,0
1990,45,2,0,0,0,0,877,3,20,0
1990,69,1,0,0,0,0,17,3,48,0
1990,62,2,0,0,0,0,0,0,0,0
1990,54,2,3,0,0,0,453,5,40,0
1990,54,1,2,0,0,0,889,0,48,0
1990,45,2,2,0,0,0,458,5,0,0
1990,80,2,1,0,0,1,0,0,0,0
1990,21,1,1,0,0,1,785,0,0,0
1990,79,1,3,0,0,0,0,0,0,0
1990,50,1,0,0,0,0,724,1,40,0
1990,46,2,0,0,0,0,435,3,0,0
1990,52,1,2,0,0,0,0,0,0,0
1990,22,2,2,0,0,0,274,3,20,0
1990,54,1,0,0,0,0,877,3,0,0
1990,42,2,0,0,0,0,458,4,10,0
1990,41,1,0,0,0,1,303,6,40,0
1990,41,2,0,0,0,1,156,5,40,0
1990,65,1,0,0,0,0,785,1,40,0
1990,60,2,0,0,0,0,449,5,0,0
1990,20,1,0,0,0,0,637,1,40,0
1990,22,2,0,0,0,1,877,3,30,0
1990,43,2,2,0,0,0,379,6,40,0
1990,20,1,2,0,0,0,869,0,30,0
1990,32,1,0,0,0,0,226,2,40,0
1990,30,2,0,0,0,0,243,3,25,0
1990,76,1,0,0,0,1,0,0,0,0
1990,74,2,0,0,0,0,0,0,0,0
1990,26,1,1,0,0,0,0,0,0,0
1990,62,1,0,0,0,1,243,3,0,0
1990,57,2,0,0,0,1,0,0,0,0
1990,25,2,1,0,0,1,27,1,40,0
1990,40,1,0,0,0,1,22,3,50,0
1990,39,2,0,0,0,1,445,5,27,0
1990,31,1,0,0,0,1,217,1,45,0
1990,30,2,0,0,0,1,224,3,60,0
1990,32,2,2,0,0,0,243,3,0,0
1990,26,1,0,0,0,1,567,3,85,0
1990,25,2,0,0,0,1,243,3,68,0
1990,41,1,0,0,0,0,804,3,44,0
1990,39,2,0,0,0,0,337,3,38,0
1990,18,1,1,0,0,0,877,3,32,0
1990,37,1,0,0,0,0,424,6,52,0
1990,32,2,0,0,0,1,0,0,0,0
1990,41,1,1,0,0,1,23,2,40,0
1990,70,2,0,0,0,0,0,0,0,0
1990,73,1,0,0,0,0,0,0,0,0
1990,35,2,3,0,0,0,64,3,40,0
1990,34,1,0,0,0,0,516,3,40,0
1990,34,2,0,0,0,0,316,4,18,0
1990,30,1,0,0,0,1,59,1,40,0
1990,28,2,0,0,0,1,379,5,37,0
1990,35,1,0,0,0,0,567,0,50,0
1990,31,2,0,0,0,0,313,5,40,0
1990,79,2,3,0,0,1,0,0,0,0
1990,19,1,0,0,0,0,436,3,40,0
1990,34,2,0,0,0,1,435,3,40,0
1990,27,1,2,0,0,1,534,0,45,0
1990,27,1,0,0,0,1,7,4,45,0
1990,28,2,0,0,0,1,22,5,40,0
1990,57,1,0,0,0,0,785,4,40,0
1990,44,2,0,0,0,0,436,5,40,0
1990,42,1,0,0,0,1,26,5,50,1
1990,41,2,0,0,0,1,264,3,0,0
1990,19,1,1,0,0,0,877,3,28,0
1990,80,2,3,0,0,0,0,0,0,0
1990,31,1,0,0,0,0,777,1,42,0
1990,30,2,0,0,0,0,243,3,40,0
1990,37,1,0,0,0,0,259,3,40,0
1990,40,2,0,0,0,0,274,3,20,0
1990,69,2,3,0,0,0,0,0,0,0
1990,73,1,0,0,0,1,37,1,35,1
1990,71,2,0,0,0,1,0,0,0,0
1990,27,1,0,0,0,1,95,5,24,0
1990,34,2,0,0,0,1,95,5,40,0
1990,33,1,1,0,0,1,417,6,56,0
1990,42,2,1,0,0,1,23,6,40,0
1990,72,1,0,0,0,1,23,4,30,0
1990,70,2,0,0,0,1,156,5,30,0
1990,35,2,1,0,0,1,23,6,40,0
1990,56,2,3,0,0,0,436,3,40,0
1990,33,2,3,0,0,1,276,3,40,0
1990,51,1,0,0,0,0,496,1,50,0
1990,39,2,0,0,0,1,733,1,50,0
1990,80,2,3,0,0,0,0,0,0,0
1990,47,1,0,0,0,0,783,6,40,0
1990,45,2,0,0,0,1,447,5,24,0
1990,18,1,1,0,0,0,549,6,24,0
1990,27,1,1,0,0,1,573,4,40,0
1990,21,2,3,0,0,0,446,5,40,0
1990,21,1,3,0,0,0,585,0,55,0
1990,61,1,0,0,0,0,479,0,40,0
1990,59,2,0,0,0,0,447,5,40,0
1990,37,1,0,0,0,0,599,5,40,0
1990,40,2,0,0,0,0,243,3,40,0
1990,71,2,3,0,0,0,449,4,8,0
1990,47,1,0,0,0,0,473,0,40,0
1990,42,2,0,0,0,0,458,4,50,0
1990,63,1,2,0,0,0,318,2,0,0
1990,71,2,3,0,0,0,0,0,0,0
1990,53,2,3,0,0,0,0,0,0,0
1990,53,1,0,0,0,0,869,0,40,0
1990,52,2,0,0,0,0,466,5,10,0
1990,35,1,0,0,0,0,869,0,60,0
1990,34,2,0,0,0,0,319,1,38,0
1990,55,1,0,1,0,1,22,1,40,1
1990,56,2,0,1,0,0,0,0,0,0
1990,24,1,1,1,0,0,156,5,40,0
1990,36,1,2,0,0,0,783,1,42,0
1990,26,2,1,0,0,1,753,1,40,0
1990,31,1,2,0,0,1,575,0,40,0
1990,35,2,1,0,0,0,769,1,40,0
1990,29,2,1,0,0,0,303,3,41,0
1990,53,1,0,0,0,0,785,1,40,0
1990,47,2,0,0,0,0,274,3,30,0
1990,34,1,2,0,0,0,869,0,40,0
1990,54,1,0,0,0,0,453,1,0,0
1990,47,2,0,0,0,0,458,4,0,0
1990,30,1,0,0,0,0,856,1,45,0
1990,27,2,0,0,0,0,363,3,25,0
1990,62,1,0,0,0,0,599,0,50,0
1990,62,2,0,0,0,0,877,5,35,0
1990,27,2,0,0,0,1,206,5,24,1
1990,32,1,0,0,0,0,518,2,40,1
1990,76,1,0,0,0,1,0,0,0,0
1990,61,2,0,0,0,0,0,0,0,0
1990,36,1,0,0,0,0,804,2,40,0
1990,39,2,0,0,0,0,447,5,40,0
1990,20,1,1,0,0,0,783,1,18,0
1990,62,1,3,0,0,0,0,0,0,0
1990,20,2,1,0,0,0,447,5,23,0
1990,28,1,0,0,0,1,417,6,52,0
1990,38,2,0,0,0,0,668,1,48,0
1990,31,1,0,0,0,0,785,1,40,0
1990,26,2,0,0,0,1,458,4,48,0
1990,52,1,0,0,0,0,475,0,50,0
1990,52,2,0,0,0,1,157,5,20,0
1990,60,2,3,0,0,0,436,3,40,0
1990,64,1,2,0,0,0,473,0,20,0
1990,41,1,2,0,0,0,869,0,40,0
1990,40,2,2,0,0,0,17,5,40,0
1990,23,2,1,0,0,1,376,1,40,0
1990,72,1,0,0,0,0,0,0,0,0
1990,60,2,0,0,0,0,447,5,32,0
1990,74,2,0,0,0,0,0,0,0,0
1990,80,1,0,0,0,0,0,0,0,0
1990,46,1,0,0,0,0,0,0,0,0
1990,27,2,0,0,0,1,155,5,35,0
1990,37,1,0,0,0,1,363,3,40,0
1990,36,2,0,0,0,0,379,6,32,0
1990,79,1,0,0,0,0,0,0,0,0
1990,69,2,0,0,0,0,0,0,0,0
1990,41,1,1,0,0,0,757,0,60,0
1990,31,1,1,0,0,0,598,0,60,0
1990,30,1,1,0,0,0,426,4,0,0
1990,35,1,2,0,0,0,734,2,40,0
1990,30,1,0,0,0,0,727,1,50,0
1990,27,2,0,0,0,0,724,1,30,0
1990,49,1,0,0,0,0,263,3,40,0
1990,40,2,0,0,0,1,16,2,30,0
1990,30,1,0,0,0,0,804,2,40,0
1990,34,2,0,0,0,0,687,3,60,0
1990,42,1,0,0,0,1,253,4,60,1
1990,38,2,0,0,0,1,156,5,40,0
1990,60,1,3,0,0,0,243,3,40,0
1990,60,1,0,0,0,0,355,2,50,0
1990,60,2,0,0,0,0,0,0,0,0
1990,58,1,1,0,0,0,567,0,40,0
1990,51,1,0,0,0,0,243,3,60,0
1990,50,2,0,0,0,0,323,3,0,0
1990,62,1,0,0,0,0,426,4,32,0
1990,62,2,0,0,0,0,377,5,24,0
1990,47,1,0,0,0,0,355,2,42,0
1990,43,2,0,0,0,0,0,0,0,0
1990,76,2,3,0,0,0,0,0,0,0
1990,41,1,1,0,0,0,745,1,40,0
1990,59,1,0,0,0,0,756,1,44,0
1990,52,2,0,0,0,0,0,0,0,0
1990,66,1,3,0,0,0,0,0,0,0
1990,54,1,2,0,0,0,453,3,40,0
1990,28,1,1,0,0,0,235,0,40,0
1990,51,1,0,0,0,0,869,0,0,0
1990,45,2,0,0,0,0,407,4,12,0
1990,21,1,1,0,0,0,505,4,40,0
1990,18,2,1,0,0,0,276,3,18,0
1990,68,1,0,0,0,0,243,3,44,0
1990,66,2,0,0,0,0,0,0,0,0
1990,78,2,0,0,0,0,0,0,0,0
1990,63,2,3,1,0,1,469,5,35,0
1990,46,2,2,0,0,0,97,5,40,0
1990,18,1,1,0,0,0,446,5,32,0
1990,42,2,0,0,0,1,207,5,40,0
1990,44,1,0,0,0,0,453,3,0,0
1990,43,2,0,0,0,1,95,5,40,0
1990,42,1,0,0,0,1,579,0,42,0
1990,20,2,1,0,0,0,453,4,40,0
1990,21,2,1,0,0,0,276,3,18,0
1990,21,2,1,0,0,1,256,2,28,0
1990,20,2,1,0,0,1,277,4,56,0
1990,21,2,1,0,0,1,436,5,40,0
1990,51,1,2,0,0,1,167,5,14,0
1990,51,1,0,0,0,1,154,5,40,1
1990,48,2,0,0,0,1,14,5,45,0
1990,23,1,1,0,0,1,235,1,40,0
1990,20,1,1,0,0,1,373,3,60,0
1990,21,1,1,0,0,1,804,1,50,0
1990,20,1,1,0,0,1,427,5,40,0
1990,71,1,2,0,0,0,0,0,0,0
1990,40,1,0,0,0,1,567,0,60,0
1990,37,2,0,0,0,0,0,0,0,0
1990,18,2,0,0,0,0,0,0,0,0
1990,18,1,0,0,0,0,869,0,25,0
1990,49,1,0,0,0,1,585,0,55,0
1990,49,2,0,0,0,0,458,4,24,0
1990,20,2,1,0,0,0,435,3,30,0
1990,51,1,2,0,0,0,869,0,40,0
1990,27,1,1,0,0,0,595,0,35,0
1990,37,2,1,0,0,0,0,0,0,0
1990,37,1,0,0,0,0,243,3,60,0
1990,36,2,0,0,0,1,0,0,0,0
1990,55,1,0,0,0,0,355,2,44,0
1990,50,2,0,0,0,0,0,0,0,0
1990,28,1,2,0,0,0,869,0,40,0
1990,24,1,0,0,0,0,379,4,40,0
1990,21,2,0,0,0,1,313,4,24,0
1990,69,2,3,0,0,0,0,0,0,0
1990,72,2,3,0,0,0,0,0,0,0
1990,50,2,2,0,0,0,0,0,0,0
1990,49,1,0,0,0,0,567,0,40,0
1990,41,2,0,0,0,0,225,5,36,0
1990,33,1,0,0,0,0,243,3,48,0
1990,26,2,0,0,0,0,243,3,40,0
1990,43,1,0,0,0,0,804,2,45,0
1990,33,2,0,0,0,1,194,4,40,0
1990,57,1,0,0,0,0,735,1,35,0
1990,53,2,0,0,0,0,0,0,0,0
1990,32,1,1,0,0,1,0,0,0,0
1990,47,2,0,0,0,0,95,4,40,0
1990,66,1,0,0,0,0,0,0,0,0
1990,28,1,0,0,0,0,779,1,40,0
1990,27,2,0,0,0,1,379,2,40,0
1990,44,2,2,0,0,1,224,1,40,0
1990,68,1,0,0,0,1,263,3,48,0
1990,69,2,0,0,0,1,0,0,0,0
1990,41,1,0,0,0,1,276,3,40,1
1990,42,2,0,0,0,1,0,0,0,0
1990,21,1,1,0,0,0,887,3,40,0
1990,18,2,1,0,0,0,435,3,40,0
1990,20,2,1,0,0,0,383,4,35,0
1990,57,2,2,0,0,0,338,5,40,0
1990,35,2,1,0,0,0,22,1,45,0
1990,78,1,0,0,0,0,0,0,0,0
1990,72,2,0,0,0,0,0,0,0,0
1990,28,1,0,0,0,1,304,5,40,0
1990,27,2,0,0,0,0,379,1,40,0
1990,34,1,0,0,0,1,653,3,48,0
1990,35,2,0,0,0,0,156,5,35,0
1990,46,2,2,0,0,0,0,0,0,0
1990,33,1,0,0,0,0,885,4,42,0
1990,34,2,0,0,0,0,276,3,30,0
1990,26,1,0,0,0,0,869,0,30,0
1990,28,2,0,0,0,0,276,3,40,0
1990,30,1,0,0,0,0,694,2,40,0
1990,48,2,0,0,0,0,0,0,0,0
1990,27,2,1,0,0,0,0,0,0,0
1990,71,1,0,0,0,0,0,0,0,0
1990,65,2,0,0,0,0,0,0,0,0
1990,48,1,0,0,0,0,253,4,60,0
1990,44,2,0,0,0,1,95,5,50,0
1990,27,1,0,0,0,1,447,5,68,0
1990,28,2,0,0,0,1,744,1,0,0
1990,26,1,0,0,0,0,505,4,50,0
1990,21,2,0,0,0,1,383,4,30,0
1990,44,1,0,0,0,1,567,0,50,0
1990,46,2,0,0,0,0,453,4,12,0
1990,29,1,2,0,0,1,21,5,50,0
1990,28,1,0,0,0,1,785,1,40,0
1990,26,2,0,0,0,1,37,4,50,0
1990,37,1,1,0,0,0,709,1,0,0
1990,49,1,0,0,0,0,785,3,40,0
1990,36,2,0,0,0,0,0,0,0,0
1990,35,1,0,0,0,1,29,3,40,0
1990,39,2,0,0,0,0,27,6,40,0
1990,34,1,0,0,0,0,243,3,45,0
1990,42,2,0,0,0,1,479,0,13,0
1990,24,1,0,0,0,1,259,3,40,0
1990,24,2,0,0,0,1,104,5,40,0
1990,34,1,0,1,0,1,883,1,40,0
1990,34,2,0,1,0,0,327,1,40,0
1990,18,1,1,1,0,0,469,3,15,0
1990,65,2,3,0,0,0,888,1,0,0
1990,34,1,1,0,0,1,33,1,45,0
1990,31,2,1,0,0,1,14,5,55,0
1990,38,1,0,0,0,1,22,3,45,0
1990,40,2,0,0,0,1,229,2,40,0
1990,35,1,0,0,0,1,7,1,48,1
1990,36,2,0,0,0,1,0,0,0,0
1990,44,1,0,0,0,0,806,1,40,0
1990,47,2,0,0,0,0,777,1,40,0
1990,34,1,0,0,0,0,557,0,50,0
1990,28,2,0,0,0,0,337,0,32,0
1990,40,2,0,0,0,1,156,5,50,0
1990,45,1,0,0,0,1,156,5,40,0
1990,27,1,0,0,0,1,573,0,0,0
1990,25,2,0,0,0,0,435,3,20,0
1990,28,1,1,0,0,0,804,2,40,0
1990,72,2,3,0,0,0,0,0,0,0
1990,68,1,0,0,0,0,0,0,0,0
1990,66,2,0,0,0,1,0,0,0,0
1990,37,1,0,0,0,1,243,3,60,0
1990,41,2,0,0,0,0,243,3,60,0
1990,19,2,1,0,0,1,877,3,10,0
1990,21,1,0,0,0,0,883,3,60,0
1990,21,2,0,0,0,0,436,3,37,0
1990,29,1,2,0,0,1,719,1,40,0
1990,38,2,1,0,0,1,426,1,53,0
1990,36,2,0,0,0,0,243,3,90,0
1990,53,1,0,0,0,0,243,3,70,1
1990,20,1,0,0,0,0,637,1,40,0
1990,21,2,0,0,0,0,276,3,0,0
1990,33,2,2,0,0,1,0,0,0,0
1990,53,1,0,0,0,1,14,5,40,0
1990,49,2,0,0,0,1,163,5,40,0
1990,36,1,2,0,0,0,869,0,0,0
1990,25,1,2,0,0,0,496,1,40,0
1990,48,1,0,0,0,1,22,1,45,1
1990,47,2,0,0,0,1,276,5,0,0
1990,62,1,0,0,0,1,0,0,0,0
1990,72,2,0,0,0,0,0,0,0,0
1990,21,1,0,0,0,0,29,3,40,0
1990,20,2,0,0,0,0,157,5,20,0
1990,51,1,0,0,0,0,804,2,40,0
1990,49,2,0,0,0,0,0,0,0,0
1990,35,1,0,0,0,0,0,0,0,0
1990,38,2,0,0,0,0,0,0,0,0
1990,27,1,0,0,0,0,804,1,55,0
1990,27,2,0,0,0,0,379,6,40,0
1990,57,2,3,0,0,0,0,0,0,0
1990,66,2,1,0,0,0,0,0,0,0
1990,35,1,1,0,0,1,467,5,40,0
1990,45,1,2,0,0,0,0,0,0,0
1990,36,1,0,0,0,1,566,0,35,0
1990,35,2,0,0,0,0,0,0,0,0
1990,53,1,0,0,0,0,426,4,8,0
1990,53,2,0,0,0,0,748,5,40,0
1990,21,2,1,0,0,0,435,3,40,0
1990,54,1,0,0,0,0,355,2,40,0
1990,52,2,0,0,0,1,174,5,40,0
1990,36,1,0,0,0,0,567,0,0,0
1990,29,2,0,0,0,0,739,1,0,0
1990,50,2,2,0,0,0,0,0,0,0
1990,18,1,1,0,0,0,0,0,0,0
1990,80,2,3,0,0,0,0,0,0,0
1990,29,1,0,0,0,1,257,4,30,0
1990,27,2,0,0,0,1,276,3,40,0
1990,49,1,0,0,0,0,359,2,0,0
1990,42,2,0,0,0,0,0,0,0,0
1990,67,1,0,0,0,1,0,0,0,0
1990,60,2,0,0,0,0,17,5,48,0
1990,33,1,0,0,0,0,547,4,40,0
1990,57,2,0,0,0,1,243,3,0,0
1990,22,1,0,0,0,0,889,1,0,0
1990,22,2,0,0,0,0,276,3,0,0
1990,49,1,0,0,0,1,156,5,45,0
1990,46,2,0,0,0,0,877,3,0,0
1990,21,2,1,0,0,1,877,3,30,0
1990,18,2,1,0,0,0,0,0,0,0
1990,68,2,3,0,0,0,0,0,0,0
1990,33,1,0,0,0,0,588,0,40,0
1990,30,2,0,0,0,0,0,0,0,0
1990,45,1,0,0,0,0,22,1,70,0
1990,42,2,0,0,0,0,0,0,0,0
1990,44,1,2,0,0,0,505,4,40,0
1990,25,2,1,0,0,0,313,1,40,0
1990,72,2,3,0,0,0,0,0,0,0
1990,32,1,0,0,0,0,585,0,60,0
1990,30,2,0,0,0,0,447,5,6,0
1990,55,1,2,0,0,0,869,0,40,0
1990,35,1,0,0,0,0,426,4,56,0
1990,33,2,0,0,0,0,785,1,40,0
1990,42,1,0,0,0,1,87,5,46,1
1990,42,2,0,0,0,1,0,0,0,0
1990,69,2,3,0,0,0,446,5,4,0
1990,67,2,3,0,0,0,0,0,0,0
1990,47,2,2,0,0,0,0,0,0,0
1990,48,2,2,0,0,0,313,5,40,0
1990,75,1,0,0,0,0,0,0,0,0
1990,76,2,0,0,0,0,0,0,0,0
1990,35,1,0,0,0,0,566,3,48,0
1990,47,2,0,0,0,0,458,4,40,0
1990,19,2,1,0,0,1,453,3,30,0
1990,56,1,0,0,0,0,856,1,45,0
1990,51,2,0,0,0,0,0,0,0,0
1990,29,1,0,0,0,0,909,6,0,0
1990,29,2,0,0,0,0,0,0,0,0
1990,62,1,0,0,0,0,507,3,40,0
1990,58,2,0,0,0,0,0,0,0,0
1990,29,1,1,0,0,1,154,5,40,0
1990,65,1,0,0,0,1,577,2,0,0
1990,64,2,0,0,0,0,0,0,0,0
1990,79,1,0,0,0,1,22,4,0,0
1990,74,2,0,0,0,1,313,4,0,0
1990,57,1,1,0,0,0,0,0,0,0
1990,54,1,0,0,0,0,0,0,0,0
1990,52,2,0,0,0,0,313,5,40,0
1990,66,2,3,0,0,0,0,0,0,0
1990,51,1,0,0,0,0,57,1,40,0
1990,45,2,0,0,0,0,0,0,0,0
1990,23,2,1,0,0,1,274,3,40,0
1990,20,2,1,0,0,1,0,0,0,0
1990,30,1,0,0,0,0,593,0,40,0
1990,30,2,0,0,0,0,785,1,40,0
1990,32,1,2,0,0,0,804,2,0,0
1990,35,1,0,0,0,0,518,1,70,0
1990,34,2,0,0,0,0,0,0,0,0
1990,75,1,3,0,0,0,0,0,0,0
1990,40,1,0,0,0,1,424,6,45,0
1990,26,2,0,0,0,0,0,0,0,0
1990,41,1,0,0,0,1,628,2,40,0
1990,37,2,0,0,0,1,157,5,36,0
1990,39,1,0,0,0,0,505,3,40,0
1990,37,2,0,0,0,0,97,5,40,0
1990,41,1,0,0,0,1,307,6,40,0
1990,42,2,0,0,0,0,313,3,40,0
1990,79,1,0,0,0,0,0,0,0,0
1990,73,2,0,0,0,0,0,0,0,0
1990,25,2,1,1,0,0,276,3,30,0
1990,73,2,3,0,0,0,0,0,0,0
1990,30,1,1,0,0,0,426,2,20,0
1990,25,1,0,0,0,1,156,5,40,0
1990,23,2,0,0,0,0,435,3,0,0
1990,49,1,0,0,0,0,724,1,40,0
1990,47,2,0,0,0,0,687,3,0,0
1990,71,1,2,0,0,0,0,0,0,0
1990,77,1,0,0,0,0,0,0,0,0
1990,66,2,0,0,0,0,0,0,0,0
1990,29,2,3,0,0,0,435,3,40,0
1990,36,1,0,0,0,0,549,3,40,0
1990,40,2,0,0,0,0,436,3,0,0
1990,23,1,0,0,0,1,206,5,40,0
1990,24,2,0,0,0,1,885,4,24,0
1990,78,1,3,0,0,0,0,0,0,0
1990,42,1,0,0,0,1,523,4,5,0
1990,42,2,0,0,0,1,217,2,5,0
1990,18,1,1,0,0,0,427,0,20,0
1990,25,1,0,0,0,0,889,3,40,0
1990,23,2,0,0,0,0,877,3,25,0
1990,75,2,3,0,0,1,0,0,0,0
1990,19,1,0,0,0,0,869,0,40,0
1990,20,2,0,0,0,0,276,3,0,0
1990,69,2,3,0,0,0,436,3,25,0
1990,62,1,0,0,0,0,563,0,30,0
1990,47,2,0,0,0,0,446,5,40,0
1990,42,1,2,0,0,1,174,5,50,0
1990,36,2,2,0,0,1,95,5,52,0
1990,40,1,2,0,0,0,804,2,30,0
1990,35,1,0,0,0,1,255,4,45,0
1990,35,2,0,0,0,1,95,5,24,0
1990,22,2,1,1,0,1,319,5,3,0
1990,18,2,1,0,0,0,319,5,20,0
1990,39,1,0,0,0,0,505,3,50,0
1990,37,2,0,0,0,0,17,3,40,0
1990,66,1,0,0,0,1,796,6,32,0
1990,61,2,0,0,0,0,319,5,40,0
1990,75,1,3,0,0,0,0,0,0,0
1990,42,1,0,0,0,1,337,5,40,0
1990,35,2,0,0,0,1,436,5,35,0
1990,70,1,3,0,0,0,0,0,0,0
1990,71,2,3,0,0,1,337,3,36,0
1990,33,1,1,0,0,1,123,5,0,0
1990,50,1,0,0,0,1,22,5,50,1
1990,45,2,0,0,0,1,207,5,16,0
1990,18,2,1,0,0,0,274,3,20,0
1990,19,2,1,0,0,0,567,0,24,0
1990,23,2,1,0,0,1,435,3,26,0
1990,64,2,1,0,0,1,259,1,45,0
1990,62,1,0,0,0,0,0,0,0,0
1990,60,2,0,0,0,0,446,3,29,0
1990,59,1,0,0,0,0,174,5,40,0
1990,59,2,0,0,0,0,327,2,25,0
1990,29,2,1,0,0,1,156,5,40,0
1990,76,2,3,0,0,0,0,0,0,0
1990,51,2,0,0,0,1,156,5,30,0
1990,55,1,0,0,0,1,628,4,70,0
1990,28,1,1,0,0,1,748,4,65,0
1990,40,1,2,0,0,1,263,3,55,1
1990,67,2,0,0,2,1,0,0,0,0
1990,74,1,0,0,2,1,84,5,40,1
1990,55,1,0,0,0,1,25,1,40,0
1990,52,2,0,0,0,1,95,5,32,0
1990,21,1,1,0,0,0,877,3,30,0
1990,33,1,1,0,0,0,505,4,45,0
1990,61,1,0,0,0,1,389,5,40,0
1990,60,2,0,0,0,1,0,0,0,0
1990,42,1,0,0,0,1,253,4,45,1
1990,40,2,0,0,0,1,185,4,15,0
1990,44,1,0,0,0,1,243,3,54,0
1990,38,2,0,0,0,0,375,4,40,0
1990,20,2,1,0,0,1,439,3,25,0
1990,18,2,1,0,0,0,276,3,30,0
1990,38,1,0,0,0,1,198,2,49,0
1990,31,2,0,0,0,1,23,1,40,0
1990,41,1,0,0,0,1,263,3,50,1
1990,40,2,0,0,0,1,95,5,40,0
1990,48,1,0,0,0,1,253,4,45,1
1990,41,2,0,0,0,1,8,1,14,0
1990,19,1,1,0,0,1,315,4,20,0
1990,64,2,2,0,0,1,36,6,45,0
1990,47,1,0,0,0,1,22,5,40,1
1990,40,2,0,0,0,1,0,0,0,0
1990,30,1,0,0,0,1,22,4,55,0
1990,31,2,0,0,0,1,95,5,0,0
1990,31,1,0,0,0,0,889,1,40,0
1990,27,2,0,0,0,1,336,2,40,0
1990,52,2,0,0,0,1,203,5,40,0
1990,52,1,0,0,0,1,14,5,40,1
1990,45,1,0,3,3,1,154,5,40,1
1990,41,2,0,3,3,1,154,5,40,1
1990,31,1,0,0,0,1,505,1,40,0
1990,29,2,0,0,0,0,37,5,40,0
1990,58,1,0,0,0,0,525,4,40,0
1990,51,2,0,0,0,0,337,4,0,0
1990,60,1,0,0,0,0,253,4,55,1
1990,58,2,0,0,0,0,337,3,72,0
1990,20,1,1,0,0,0,889,1,0,0
1990,72,1,0,0,0,0,269,3,0,0
1990,68,2,0,0,0,0,0,0,0,0
1990,68,1,3,0,0,1,22,1,0,1
1990,33,1,0,0,0,1,48,1,44,0
1990,34,2,0,0,0,1,22,5,48,0
1990,68,2,3,0,0,0,0,0,0,0
1990,38,1,2,0,0,1,575,1,40,0
1990,46,2,2,0,0,1,174,0,75,0
1990,26,1,1,0,0,0,0,0,0,0
1990,24,1,0,0,0,1,23,5,40,0
1990,24,2,0,0,0,1,204,5,38,0
1990,69,2,3,0,0,0,243,3,6,0
1990,22,2,1,0,0,0,379,1,39,0
1990,68,1,0,0,0,0,637,1,48,0
1990,41,2,0,0,0,0,447,5,40,0
1990,64,1,0,0,0,0,575,0,25,0
1990,60,2,0,0,0,0,0,0,0,0
1990,32,2,1,1,0,1,276,3,0,0
1990,31,1,0,0,0,0,453,2,40,0
1990,29,2,0,0,0,0,0,0,0,0
1990,52,1,0,0,0,0,575,1,40,0
1990,49,2,0,0,0,0,329,5,43,0
1990,27,1,1,0,0,0,514,4,0,0
1990,37,1,0,0,0,1,274,3,52,1
1990,27,2,0,0,0,1,435,3,0,0
1990,58,1,0,0,0,1,176,5,56,0
1990,56,2,0,0,0,1,16,2,28,0
1990,42,2,2,0,0,1,156,5,50,0
1990,28,1,0,0,0,1,98,5,40,0
1990,27,2,0,0,0,1,95,5,36,0
1990,43,1,0,0,0,1,448,4,60,0
1990,42,2,0,0,0,1,877,3,40,0
1990,43,1,0,0,0,1,259,1,50,1
1990,39,2,0,0,0,1,308,3,25,0
1990,36,1,0,0,0,1,22,1,50,0
1990,37,2,0,0,0,1,264,3,15,0
1990,28,1,0,0,0,0,235,5,40,0
1990,26,2,0,0,0,0,313,4,40,0
1990,39,1,0,0,0,0,243,3,45,1
1990,39,2,0,0,0,1,435,4,40,0
1990,37,2,1,1,0,0,277,0,40,0
1990,25,1,1,1,0,1,777,1,40,0
1990,21,2,1,0,0,1,276,3,25,0
1990,53,1,0,1,0,0,503,1,48,1
1990,52,2,0,1,0,0,447,5,40,0
1990,18,1,1,1,0,0,436,3,20,0
1990,61,1,0,0,0,0,303,3,0,0
1990,54,2,0,0,0,0,348,5,40,0
1990,37,1,2,0,0,0,486,5,35,0
1990,68,2,3,0,0,0,0,0,0,0
1990,35,1,1,0,0,0,22,0,24,0
1990,68,2,3,0,0,0,0,0,0,0
1990,52,1,0,0,0,1,195,1,40,0
1990,44,2,0,0,0,0,365,3,0,0
1990,36,1,0,0,0,1,263,3,0,0
1990,28,2,0,0,0,1,95,5,36,0
1990,41,2,1,0,0,1,156,5,40,0
1990,28,1,0,0,0,1,628,1,60,1
1990,30,2,0,0,0,1,355,2,40,0
1990,41,1,0,0,0,0,844,2,40,0
1990,37,2,0,0,0,0,909,6,0,0
1990,18,2,1,0,0,0,276,3,30,0
1990,39,1,0,1,0,1,653,1,40,0
1990,38,2,0,1,0,0,313,5,0,0
1990,43,2,2,1,0,0,458,4,40,0
1990,57,2,2,1,0,0,0,0,0,0
1990,31,2,3,1,0,1,373,1,0,0
1990,26,1,0,2,0,0,759,4,35,0
1990,21,2,0,2,0,0,0,0,0,0
1990,30,2,1,0,0,0,785,1,40,0
1990,21,1,1,0,0,0,573,0,40,0
1990,42,2,0,1,0,1,0,0,0,0
1990,41,1,0,1,0,1,22,6,40,0
1990,57,2,2,1,0,0,0,0,0,0
1990,25,2,0,0,0,1,234,6,20,0
1990,24,1,0,0,0,1,378,4,50,0
1990,26,1,1,1,0,0,666,4,25,0
1990,31,1,1,1,0,0,856,3,0,0
1990,44,1,1,0,0,0,585,4,40,0
1990,63,1,2,0,0,0,0,0,0,0
1990,34,1,0,0,0,1,637,1,40,0
1990,34,2,0,0,0,0,444,5,25,0
1990,69,2,3,0,0,0,0,0,0,0
1990,32,1,1,0,0,0,443,3,0,0
1990,60,2,2,1,0,0,426,5,40,0
1990,25,2,1,1,0,1,426,5,40,0
1990,67,1,2,1,0,0,813,4,0,0
1990,69,2,3,1,0,0,0,0,0,0
1990,30,2,1,1,0,0,0,0,0,0
1990,25,1,1,0,0,0,444,3,36,0
1990,26,1,1,0,0,0,675,0,36,0
1990,49,1,2,1,0,0,0,0,0,0
1990,32,2,1,0,0,1,0,0,0,0
1990,26,1,2,0,0,0,869,0,40,0
1990,21,2,1,0,0,1,159,5,20,0
1990,56,1,0,0,0,0,274,3,40,0
1990,50,2,0,0,0,0,283,3,16,0
1990,27,2,1,0,0,0,453,4,30,0
1990,24,2,1,0,0,1,156,5,40,0
1990,22,2,1,0,0,1,336,5,37,0
1990,62,1,0,0,0,1,0,0,0,0
1990,66,2,0,0,0,0,0,0,0,0
1990,20,2,1,0,0,0,243,4,25,0
1990,25,1,2,2,0,0,307,3,48,0
1990,23,2,1,0,0,0,379,6,40,0
1990,54,1,0,0,0,1,766,5,40,1
1990,46,2,0,0,0,1,0,0,0,0
1990,20,1,1,0,0,0,486,0,12,0
1990,32,1,2,2,0,0,453,5,40,0
1990,30,1,1,0,0,0,595,0,32,0
1990,57,1,0,0,0,0,357,4,99,0
1990,50,2,0,0,0,0,276,3,26,0
1990,48,2,3,0,0,0,0,0,0,0
1990,26,1,2,0,0,0,869,0,40,0
1990,25,2,1,0,0,0,0,0,0,0
1990,30,2,2,0,0,0,444,3,20,0
1990,77,2,3,0,0,1,95,5,45,0
1990,63,1,0,0,0,0,37,1,40,1
1990,44,2,0,0,0,0,313,5,40,0
1990,18,2,1,0,0,1,208,3,15,0
1990,39,1,0,0,0,1,25,2,42,1
1990,37,2,0,0,0,0,379,1,30,0
1990,37,1,0,0,0,0,558,0,40,0
1990,32,2,0,0,0,1,339,5,40,0
1990,68,1,0,0,0,0,0,0,0,0
1990,69,2,0,0,0,0,0,0,0,0
1990,20,1,1,0,0,0,878,1,20,0
1990,23,2,1,0,0,1,0,0,0,0
1990,30,1,1,0,0,0,0,0,0,0
1990,68,1,1,0,0,0,0,0,0,0
1990,42,1,1,0,0,1,217,0,40,0
1990,79,2,1,0,0,0,0,0,0,0
1990,68,1,0,0,0,1,0,0,0,0
1990,69,2,0,0,0,0,0,0,0,0
1990,70,1,0,0,0,0,637,1,0,0
1990,57,2,0,0,0,0,0,0,0,0
1990,59,1,0,0,0,0,0,0,0,0
1990,65,2,0,3,3,0,0,0,0,0
1990,38,2,1,0,0,0,0,0,0,0
1990,45,2,2,0,0,0,436,3,0,0
1990,23,1,0,0,0,0,785,1,60,0
1990,21,2,0,0,0,0,877,3,0,0
1990,45,2,2,0,0,0,0,0,0,0
1990,46,2,2,0,0,0,0,0,0,0
1990,22,1,1,0,0,1,904,6,25,0
1990,41,1,3,0,0,1,755,1,40,0
1990,46,1,0,0,0,0,889,1,40,0
1990,39,2,0,0,0,1,0,0,0,0
1990,31,1,0,0,0,0,759,1,44,0
1990,30,2,0,0,0,1,785,1,54,0
1990,44,1,0,0,0,1,307,1,50,0
1990,40,2,0,0,0,1,313,5,37,0
1990,18,1,1,0,0,0,883,2,40,0
1990,67,1,0,0,0,0,796,1,0,0
1990,59,2,0,0,0,0,313,5,35,0
1990,33,1,0,0,0,0,804,4,50,0
1990,25,2,0,0,0,1,467,5,45,0
1990,35,2,1,0,2,1,0,0,0,0
1990,25,1,1,0,0,0,804,3,40,0
1990,61,1,0,0,0,1,577,2,40,0
1990,63,2,0,0,0,0,0,0,0,0
1990,66,1,0,0,0,0,213,2,0,0
1990,61,2,0,0,0,0,453,5,0,0
1990,57,2,2,0,0,0,379,0,0,0
1990,24,2,1,0,0,0,243,3,48,0
1990,18,1,1,0,0,0,0,0,0,0
1990,57,1,2,0,0,0,276,3,84,0
1990,36,1,0,0,0,1,65,2,40,1
1990,30,2,0,0,0,1,0,0,0,0
1990,70,1,0,0,0,0,33,6,50,1
1990,69,2,0,0,0,0,0,0,0,0
1990,80,2,3,0,2,1,0,0,0,0
1990,63,1,0,1,0,0,235,1,40,0
1990,47,2,0,1,0,1,174,5,40,0
1990,19,2,1,1,0,0,308,5,20,0
1990,19,1,1,1,0,0,319,5,15,0
1990,48,2,2,0,0,0,7,3,40,0
1990,25,2,1,0,0,0,308,3,40,0
1990,20,1,1,0,0,0,518,1,40,0
1990,28,1,0,0,0,0,365,1,40,0
1990,27,2,0,1,0,1,313,4,40,0
1990,37,1,0,0,0,0,804,0,50,0
1990,32,2,0,0,0,0,468,5,30,0
1990,73,2,3,0,0,0,0,0,0,0
1990,45,1,0,0,0,1,85,5,36,1
1990,44,2,0,0,0,1,22,5,0,0
1990,57,1,0,0,0,0,0,0,0,0
1990,53,2,0,0,0,0,466,5,45,0
1990,29,2,1,0,0,0,436,3,46,0
1990,77,1,0,0,0,1,0,0,0,0
1990,68,2,0,0,0,0,0,0,0,0
1990,38,1,1,0,0,1,154,5,40,0
1990,69,1,0,0,0,0,0,0,0,0
1990,62,2,0,0,0,0,0,0,0,0
1990,28,2,3,2,0,0,0,0,0,0
1990,23,2,1,0,0,0,683,1,0,0
1990,57,1,0,1,0,0,889,3,0,0
1990,50,2,0,1,0,0,207,5,40,0
1990,36,2,2,2,0,0,447,5,43,0
1990,46,1,2,2,0,0,785,1,45,0
1990,45,2,3,1,0,1,777,1,40,0
1990,21,2,1,1,0,0,0,0,0,0
1990,19,1,1,1,0,0,0,0,0,0
1990,33,1,0,0,0,0,585,0,40,0
1990,34,2,0,0,0,0,783,1,40,0
1990,28,1,0,2,0,0,355,2,40,0
1990,28,2,0,0,0,0,379,5,40,0
1990,73,1,0,0,0,0,0,0,0,0
1990,75,2,0,0,0,0,0,0,0,0
1990,59,1,0,0,0,0,0,0,0,0
1990,64,2,0,0,0,0,0,0,0,0
1990,33,2,1,0,0,0,389,4,40,0
1990,55,1,0,0,0,0,65,1,40,0
1990,54,2,0,0,0,0,0,0,0,0
1990,27,2,1,0,0,1,313,5,40,0
1990,25,1,1,0,0,1,637,1,45,0
1990,22,1,1,0,0,0,593,1,25,0
1990,68,2,3,0,0,0,0,0,0,0
1990,71,2,1,0,0,0,0,0,0,0
1990,49,1,0,0,0,1,156,5,40,0
1990,43,2,0,0,0,1,95,5,40,0
1990,19,1,1,0,0,1,469,5,35,0
1990,43,2,3,0,0,1,95,5,40,0
1990,36,1,0,0,0,1,575,1,40,0
1990,47,2,0,0,0,1,628,1,40,1
1990,65,1,0,0,0,0,0,0,0,0
1990,63,2,0,0,0,0,0,0,0,0
1990,42,1,1,0,0,0,708,1,0,0
1990,50,1,0,1,0,0,453,1,40,0
1990,44,2,0,1,0,0,909,6,0,0
1990,26,1,1,1,0,0,0,0,0,0
1990,28,2,3,0,0,0,444,3,30,0
1990,32,1,0,0,0,1,785,1,40,0
1990,34,2,0,0,0,1,207,5,40,0
1990,54,1,3,0,0,0,453,5,0,0
1990,39,2,2,0,0,0,448,4,40,0
1990,32,1,2,0,0,0,453,3,50,0
1990,18,1,1,0,0,0,438,3,20,0
1990,47,1,0,1,0,1,22,1,45,0
1990,44,2,0,1,0,0,174,5,42,0
1990,66,1,0,0,0,1,27,1,40,1
1990,73,2,0,0,3,1,0,0,0,0
1990,79,2,3,0,2,0,0,0,0,0
1990,57,1,0,0,0,1,185,1,40,0
1990,53,2,0,0,0,0,29,3,20,0
1990,37,1,0,1,0,1,23,6,40,0
1990,32,2,0,1,0,1,254,4,40,0
1990,33,1,0,0,0,1,783,0,48,0
1990,27,2,0,0,0,1,323,4,40,0
1990,79,2,3,0,0,0,207,5,20,0
1990,55,1,2,0,0,0,549,3,20,0
1990,39,1,0,0,0,0,364,1,40,0
1990,38,2,0,0,0,1,207,5,24,0
1990,19,2,1,0,0,0,257,0,24,0
1990,66,2,1,0,0,0,0,0,0,0
1990,53,2,2,0,0,0,276,2,40,0
1990,76,2,1,0,0,1,0,0,0,0
1990,63,2,1,0,0,1,167,5,23,0
1990,79,2,3,0,0,0,0,0,0,0
1990,19,2,1,0,0,1,444,4,16,0
1990,52,1,0,0,0,1,167,5,60,0
1990,37,2,0,0,0,1,13,5,30,0
1990,40,1,0,0,0,1,628,1,48,0
1990,42,2,0,0,0,1,159,5,3,0
1990,50,1,0,0,0,0,243,3,55,0
1990,48,2,0,0,0,0,276,3,36,0
1990,61,1,0,0,0,0,675,1,60,0
1990,59,2,0,0,0,0,274,3,0,0
1990,42,1,0,0,0,1,558,0,50,1
1990,43,2,0,0,0,1,0,0,0,0
1990,20,2,1,0,0,1,189,4,40,0
1990,38,1,2,0,0,0,575,2,40,0
1990,57,1,0,0,0,0,518,2,40,0
1990,56,2,0,0,0,0,0,0,0,0
1990,52,1,2,0,0,1,253,4,20,0
1990,34,1,0,0,0,1,533,1,56,1
1990,29,2,0,0,0,0,668,4,40,0
1990,41,1,2,0,0,1,23,1,42,0
1990,40,1,0,0,0,1,227,6,40,0
1990,41,2,0,0,0,0,313,5,40,0
1990,57,2,0,0,0,0,0,0,0,0
1990,63,1,0,0,0,1,0,0,0,0
1990,33,2,3,0,0,1,23,1,25,0
1990,38,1,0,0,0,0,804,0,50,0
1990,38,2,0,0,0,0,264,3,32,0
1990,20,1,1,0,0,1,575,0,40,0
1990,18,2,1,0,0,0,687,3,20,0
1990,45,1,0,0,0,0,785,1,46,0
1990,43,2,0,0,0,0,458,4,35,0
1990,21,2,1,0,0,1,779,1,40,0
1990,29,1,0,0,0,1,634,1,50,0
1990,25,2,0,0,0,1,319,5,40,0
1990,58,1,0,0,0,1,259,1,60,1
1990,60,2,0,0,0,1,0,0,0,0
1990,52,2,2,0,0,1,274,3,35,0
1990,23,1,0,0,2,0,804,0,45,0
1990,30,2,0,0,0,1,435,3,25,0
1990,62,1,0,0,0,1,213,1,40,0
1990,59,2,0,0,0,1,164,5,40,0
1990,54,1,0,0,0,1,337,6,40,0
1990,51,2,0,0,0,1,313,1,18,0
1990,23,1,1,0,0,1,57,1,40,0
1990,19,1,1,0,0,1,877,3,20,0
1990,27,1,0,0,0,1,558,0,43,0
1990,28,2,0,0,0,1,337,1,33,0
1990,57,1,0,0,0,0,785,1,40,0
1990,50,2,0,0,0,0,0,0,0,0
1990,23,1,1,0,0,0,889,3,40,0
1990,79,2,2,0,0,0,0,0,0,0
1990,66,1,0,0,0,0,547,3,15,0
1990,65,2,0,0,0,1,95,5,0,0
1990,38,2,2,0,0,0,376,2,40,0
1990,18,2,1,0,0,0,276,3,15,0
1990,38,1,2,0,0,0,637,1,40,0
1990,19,1,1,0,0,0,259,1,40,0
1990,25,1,0,0,0,0,243,3,40,0
1990,28,2,0,0,0,0,276,3,10,0
1990,18,2,1,0,0,0,313,3,20,0
1990,57,1,0,0,0,0,804,2,0,0
1990,38,2,0,0,0,0,435,3,32,0
1990,19,1,1,0,0,0,444,3,40,0
1990,68,1,0,0,0,1,0,0,0,0
1990,65,2,0,0,0,0,0,0,0,0
1990,34,1,0,0,0,1,13,2,50,0
1990,34,2,0,0,0,1,22,5,40,0
1990,70,2,3,0,0,0,0,0,0,0
1990,27,2,2,0,0,0,0,0,0,0
1990,30,1,0,0,0,0,188,1,40,0
1990,28,2,0,0,0,0,518,1,25,0
1990,41,1,0,0,2,1,503,1,40,1
1990,27,2,0,0,0,1,339,1,15,0
1990,25,2,1,1,0,0,423,6,43,0
1990,18,2,1,1,0,0,276,3,0,0
1990,51,1,0,0,0,0,686,3,40,0
1990,41,2,0,0,0,0,439,3,35,0
1990,18,2,1,0,0,0,436,3,24,0
1990,69,2,0,0,0,0,426,4,32,0
1990,74,1,0,0,0,0,0,0,0,0
1990,73,1,0,0,0,0,0,0,0,0
1990,73,2,0,0,0,0,0,0,0,0
1990,43,2,1,0,0,0,0,0,0,0
1990,32,2,2,0,0,1,359,6,40,0
1990,29,2,3,0,0,0,889,1,0,0
1990,37,1,1,0,0,0,514,3,40,0
1990,39,1,0,0,0,1,156,5,40,0
1990,43,2,0,0,0,0,458,4,48,0
1990,40,2,1,0,0,0,458,4,40,0
1990,36,2,3,0,0,0,319,2,0,0
1990,76,2,3,0,0,0,0,0,0,0
1990,32,2,1,2,0,1,637,1,40,0
1990,30,2,2,0,0,1,364,1,45,0
1990,24,2,0,0,0,1,23,0,40,0
1990,24,1,0,0,0,1,595,0,45,0
1990,71,1,0,0,0,0,0,0,0,0
1990,69,2,0,0,0,0,0,0,0,0
1990,49,2,1,0,0,1,274,3,40,0
1990,67,2,3,0,0,0,734,1,0,0
1990,35,2,1,0,0,1,0,0,0,0
1990,39,2,0,0,0,0,683,1,20,0
1990,48,1,0,0,0,0,883,2,45,0
1990,24,1,0,0,0,0,706,1,40,0
1990,51,1,0,0,0,0,883,1,40,0
1990,53,2,0,0,0,0,0,0,0,0
1990,27,1,1,0,0,1,22,3,60,0
1990,27,1,1,1,0,1,17,3,60,0
1990,31,1,1,0,0,1,22,3,60,0
1990,28,1,2,0,0,0,505,3,40,0
1990,20,1,1,0,0,0,856,1,0,0
1990,22,1,1,0,0,0,505,3,60,0
1990,68,2,3,0,0,0,0,0,0,0
1990,39,2,1,0,0,1,154,5,25,0
1990,60,1,0,0,0,0,804,2,40,1
1990,55,2,0,0,0,0,435,4,40,0
1990,21,2,1,0,0,0,338,6,40,0
1990,74,2,2,0,0,0,0,0,0,0
1990,50,1,0,0,0,0,243,3,50,0
1990,48,2,0,0,0,0,27,1,40,0
1990,23,1,1,0,0,1,806,3,40,0
1990,31,2,1,0,0,1,207,5,40,0
1990,37,1,0,0,0,1,22,1,55,0
1990,32,2,0,0,0,0,338,1,10,0
1990,62,2,3,0,2,0,435,3,0,0
1990,51,1,0,0,0,0,0,0,0,0
1990,44,2,0,0,0,0,0,0,0,0
1990,58,2,3,0,0,0,378,5,40,0
1990,33,2,1,0,0,0,0,0,0,0
1990,33,1,0,0,0,0,703,1,40,0
1990,31,2,0,0,0,0,785,1,30,0
1990,31,1,1,0,0,0,379,1,40,0
1990,27,1,0,0,0,1,637,1,40,0
1990,26,2,0,0,0,1,323,5,0,0
1990,71,2,3,0,0,0,274,3,0,0
1990,53,2,1,0,0,0,21,5,40,0
1990,29,2,1,0,0,0,379,6,40,0
1990,76,2,0,0,2,0,0,0,0,0
1990,52,1,2,0,0,0,684,1,0,0
1990,44,2,2,0,0,0,888,1,40,0
1990,52,2,2,0,0,0,0,0,0,0
1990,70,1,0,0,0,0,796,6,40,0
1990,60,2,0,0,0,0,0,0,0,0
1990,26,1,1,0,0,0,22,2,45,0
1990,32,1,1,0,0,0,766,0,40,0
1990,44,1,2,0,0,0,453,1,40,0
1990,23,1,1,0,0,0,274,3,40,0
1990,33,1,1,0,0,0,628,1,60,0
1990,50,1,1,1,0,1,804,3,40,0
1990,50,2,2,0,0,0,0,0,0,0
1990,29,1,2,0,0,0,243,3,60,0
1990,25,1,1,0,0,0,754,4,40,0
1990,25,2,1,0,2,0,785,1,40,0
1990,60,1,0,0,0,0,0,0,0,0
1990,33,1,1,0,0,1,759,1,52,0
1990,32,1,1,0,0,1,185,3,40,0
1990,24,2,1,1,0,1,375,4,40,0
1990,71,2,3,0,2,0,0,0,0,0
1990,61,1,2,0,0,1,355,2,40,0
1990,42,1,0,0,0,1,766,4,47,0
1990,41,2,0,0,0,0,779,1,45,0
1990,31,1,0,0,0,0,364,1,40,0
1990,34,2,0,0,0,1,316,5,20,0
1990,62,1,0,0,0,0,447,5,0,0
1990,62,2,0,0,0,0,874,1,0,0
1990,35,1,1,0,0,1,22,5,40,0
1990,52,1,0,0,0,0,804,2,40,0
1990,47,2,0,0,0,0,243,3,40,0
1990,22,2,1,0,0,0,379,1,40,0
1990,76,1,0,0,0,0,0,0,0,0
1990,70,2,0,0,0,0,0,0,0,0
1990,68,1,0,0,0,0,336,4,0,0
1990,71,2,0,0,0,0,313,4,0,0
1990,40,1,0,0,0,0,804,2,40,0
1990,32,2,0,0,0,1,337,4,24,0
1990,71,2,2,0,0,0,337,6,0,0
1990,37,1,0,0,0,1,157,5,40,0
1990,23,2,0,0,0,1,156,5,20,0
1990,35,2,1,1,0,0,0,0,0,0
1990,18,2,1,1,0,0,0,0,0,0
1990,33,1,3,1,0,0,579,0,40,0
1990,37,1,0,2,0,1,174,6,48,0
1990,35,2,0,2,0,1,319,5,40,0
1990,59,2,2,1,0,0,777,1,75,1
1990,65,1,2,1,0,0,869,0,99,0
1990,62,1,0,1,0,0,0,0,0,0
1990,47,2,0,1,0,0,447,5,40,0
1990,19,1,1,1,0,0,0,0,0,0
1990,41,2,2,1,0,0,453,3,40,0
1990,19,1,1,1,0,0,436,3,40,0
1990,18,2,1,1,0,0,436,3,40,0
1990,25,1,1,1,0,0,779,1,40,0
1990,19,1,1,1,0,0,505,4,30,0
1990,70,2,3,1,0,0,0,0,0,0
1990,34,1,3,1,0,0,449,5,40,0
1990,43,1,0,1,0,0,453,5,50,0
1990,42,2,0,1,0,0,0,0,0,0
1990,33,2,0,1,0,0,706,1,40,0
1990,33,1,0,1,0,0,579,0,10,0
1990,68,1,2,1,0,0,0,0,0,0
1990,76,2,3,1,0,0,0,0,0,0
1990,70,1,0,1,0,0,0,0,0,0
1990,63,2,0,1,0,1,0,0,0,0
1990,56,1,2,1,0,0,0,0,0,0
1990,36,1,2,1,0,0,327,4,40,0
1990,31,2,2,1,0,1,785,1,40,0
1990,36,2,1,1,0,1,389,6,40,0
1990,69,2,0,1,0,1,303,6,40,0
1990,76,1,0,1,0,1,0,0,0,0
1990,43,2,0,0,0,1,95,5,40,0
1990,40,1,0,0,0,1,534,3,40,0
1990,50,2,1,1,0,0,0,0,0,0
1990,31,2,1,1,0,0,0,0,0,0
1990,61,1,0,0,0,0,453,1,50,0
1990,58,2,0,0,0,0,466,5,0,0
1990,45,1,0,0,2,0,804,2,45,1
1990,44,2,0,0,0,0,274,3,35,0
1990,24,2,1,1,0,1,0,0,0,0
1990,26,2,2,0,0,0,327,3,40,0
1990,64,2,3,0,0,0,0,0,0,0
1990,24,1,1,0,0,0,243,3,60,0
1990,31,1,1,0,0,1,243,3,60,0
1990,25,1,1,0,0,0,804,3,40,0
1990,57,2,2,1,0,0,0,0,0,0
1990,24,2,1,1,0,0,0,0,0,0
1990,33,2,3,1,0,0,0,0,0,0
1990,32,1,1,0,0,0,785,5,32,0
1990,23,2,1,1,0,0,444,4,40,0
1990,39,2,1,0,0,1,84,5,50,0
1990,74,2,1,0,0,0,458,4,99,0
1990,39,1,2,1,0,0,549,4,40,0
1990,61,2,3,1,0,0,0,0,0,0
1990,37,1,1,1,0,0,105,5,60,0
1990,43,1,2,1,0,0,426,5,40,0
1990,67,1,0,1,0,0,599,0,40,0
1990,53,2,0,1,0,0,276,5,20,0
1990,69,2,3,1,0,0,466,5,16,0
1990,45,1,2,1,0,1,636,1,40,0
1990,31,2,1,1,0,0,748,4,40,0
1990,47,1,2,1,0,0,785,1,40,0
1990,33,1,0,1,0,0,809,2,40,0
1990,32,2,0,1,0,0,383,4,40,0
1990,40,2,3,1,0,0,274,3,0,0
1990,35,2,1,1,0,0,777,1,0,0
1990,41,2,2,1,0,0,253,4,40,0
1990,18,2,1,1,0,0,0,0,0,0
1990,39,1,0,1,0,0,808,2,40,0
1990,41,2,0,1,0,0,777,1,40,0
1990,21,2,1,1,0,0,0,0,0,0
1990,59,2,2,1,0,0,0,0,0,0
1990,74,2,3,1,0,0,0,0,0,0
1990,32,2,1,1,0,1,909,6,0,0
1990,53,2,2,1,0,0,319,5,40,0
1990,68,2,3,1,0,0,0,0,0,0
1990,49,2,1,1,0,0,447,5,40,0
1990,43,2,0,1,0,0,744,1,40,0
1990,51,1,0,1,0,0,744,1,48,0
1990,58,2,2,1,0,1,313,5,40,0
1990,39,2,3,1,0,0,274,3,37,0
1990,65,1,0,1,0,0,318,2,10,0
1990,67,2,0,1,0,1,318,2,10,0
1990,59,1,0,1,0,0,696,1,40,0
1990,55,2,0,1,0,0,0,0,0,0
1990,65,2,2,1,0,1,667,4,45,0
1990,62,2,2,1,0,0,458,4,24,0
1990,22,1,1,1,0,0,329,5,30,0
1990,34,2,1,1,0,0,436,3,40,0
1990,41,1,3,1,0,1,579,0,40,0
1990,22,2,1,0,0,1,313,4,20,0
1990,79,1,3,1,0,0,0,0,0,0
1990,52,2,1,0,0,0,0,0,0,0
1990,31,1,1,0,0,1,777,1,0,0
1990,77,2,3,1,0,0,0,0,0,0
1990,63,1,1,0,0,0,183,5,60,0
1990,56,1,0,0,0,0,783,1,40,0
1990,53,2,0,0,0,0,889,1,0,0
1990,32,1,1,0,0,0,558,0,32,0
1990,69,1,3,1,0,0,0,0,0,0
1990,74,1,0,1,0,0,0,0,0,0
1990,62,2,0,1,0,0,453,3,0,0
1990,37,2,1,1,0,0,0,0,0,0
1990,35,2,1,1,0,1,33,1,40,0
1990,29,2,1,1,0,0,795,1,40,0
1990,65,2,3,1,0,0,0,0,0,0
1990,45,1,3,1,0,0,0,0,0,0
1990,36,1,0,1,0,0,0,0,0,0
1990,35,2,0,1,0,0,0,0,0,0
1990,68,2,3,1,0,0,453,5,0,0
1990,66,2,1,1,0,0,0,0,0,0
1990,42,2,3,1,0,0,425,5,5,0
1990,46,2,3,1,0,0,446,5,40,0
1990,29,1,2,1,0,0,804,3,45,0
1990,26,1,1,1,0,0,449,5,8,0
1990,20,1,1,1,0,0,579,5,0,0
1990,67,1,0,3,3,1,436,3,40,0
1990,62,2,0,3,3,1,436,3,50,0
1990,38,2,2,3,3,1,436,3,60,0
1990,63,2,3,1,0,0,0,0,0,0
1990,34,2,1,1,0,0,0,0,0,0
1990,68,1,0,0,0,0,0,0,0,0
1990,64,2,0,0,0,0,0,0,0,0
1990,47,2,0,1,0,0,0,0,0,0
1990,41,1,0,1,0,0,0,0,0,0
1990,25,1,1,1,0,0,0,0,0,0
1990,20,1,1,1,0,0,0,0,0,0
1990,22,2,1,1,0,0,0,0,0,0
1990,78,2,3,0,0,0,0,0,0,0
1990,69,2,3,0,0,0,357,4,12,0
1990,56,1,1,0,0,1,22,2,40,0
1990,61,2,1,0,0,0,888,1,40,0
1990,57,2,3,0,0,0,444,5,40,0
1990,27,1,1,0,0,0,0,0,0,0
1990,29,1,0,0,0,0,533,2,40,0
1990,26,2,0,0,0,0,256,4,40,0
1990,44,1,0,0,0,0,355,2,40,0
1990,40,2,0,0,0,0,313,2,40,0
1990,18,1,1,0,0,0,337,3,10,0
1990,41,2,1,1,0,0,0,0,0,0
1990,61,1,3,1,0,1,0,0,0,0
1990,63,1,1,0,0,0,889,3,0,0
1990,36,1,0,0,0,1,276,3,60,1
1990,36,2,0,0,0,1,0,0,0,0
1990,59,1,0,0,0,1,17,3,0,0
1990,47,2,0,0,0,1,254,4,56,0
1990,39,1,0,0,0,1,22,5,40,0
1990,41,2,0,0,0,1,21,5,40,0
1990,33,1,0,0,0,0,558,4,40,0
1990,30,2,0,0,0,0,796,1,40,0
1990,57,1,0,0,0,1,178,5,45,1
1990,54,2,0,0,0,1,0,0,0,0
1990,23,2,1,0,0,1,436,5,40,0
1990,76,2,3,0,0,0,0,0,0,0
1990,28,1,0,0,0,1,17,3,45,0
1990,28,2,0,0,0,1,95,5,40,0
1990,38,1,2,0,0,1,804,1,60,0
1990,69,1,0,0,0,0,22,1,0,0
1990,65,2,0,0,0,0,0,0,0,0
1990,48,1,0,0,0,1,36,6,40,0
1990,45,2,0,0,0,1,468,5,33,0
1990,72,2,3,0,0,1,313,5,37,1
1990,70,1,3,0,0,1,0,0,0,0
1990,57,2,3,0,0,1,313,1,40,0
1990,26,1,1,0,0,1,255,4,40,0
1990,48,1,1,0,0,0,444,3,40,0
1990,23,2,1,0,0,1,207,5,40,0
1990,29,1,1,0,0,1,23,4,45,0
1990,31,2,1,0,0,1,314,4,60,1
1990,26,1,1,0,0,1,379,4,42,0
1990,23,2,1,0,0,1,378,4,40,0
1990,51,1,0,0,0,0,224,1,40,0
1990,44,2,0,0,2,0,0,0,0,0
1990,48,2,2,0,0,1,313,5,40,0
1990,19,2,1,0,0,0,208,3,40,0
1990,19,2,1,0,0,0,443,3,40,0
1990,42,1,0,0,0,1,575,5,20,0
1990,29,2,0,0,0,0,203,5,20,0
1990,28,1,2,0,0,1,27,4,50,0
1990,20,2,1,0,0,0,313,4,40,0
1990,36,1,0,0,0,1,174,5,48,0
1990,38,2,0,0,0,1,337,1,50,0
1990,37,2,2,0,0,0,457,4,24,0
1990,41,1,0,0,0,1,585,0,40,0
1990,42,2,0,0,0,0,308,3,40,0
1990,20,1,1,0,0,0,754,1,40,0
1990,39,1,0,0,0,0,777,6,40,0
1990,40,2,0,0,0,0,338,1,40,0
1990,45,2,1,0,0,0,323,2,40,0
1990,72,1,0,0,2,1,267,3,24,0
1990,59,2,0,0,2,0,0,0,0,0
1990,20,1,0,0,0,0,22,3,40,0
1990,18,2,0,0,0,0,276,3,40,0
1990,59,2,2,0,0,0,348,3,40,0
1990,62,1,1,0,0,0,0,0,0,0
1990,67,1,0,0,0,0,563,0,0,0
1990,66,2,0,0,0,0,0,0,0,0
1990,23,1,1,0,0,0,444,3,9,0
1990,41,1,0,0,0,1,22,1,50,1
1990,40,2,0,0,0,1,253,4,10,0
1990,19,2,3,0,0,1,276,3,24,0
1990,62,1,0,0,0,0,359,2,0,0
1990,61,2,0,0,0,0,318,2,40,0
1990,46,1,3,0,0,1,653,1,37,0
1990,32,1,0,0,0,1,653,1,48,0
1990,27,2,0,0,0,1,208,5,30,0
1990,46,1,0,0,0,0,243,3,50,0
1990,43,2,0,0,0,0,319,3,28,0
1990,20,2,1,0,0,1,315,6,40,0
1990,19,1,1,0,0,0,748,4,30,0
1990,52,1,0,0,0,1,259,1,40,1
1990,42,2,0,0,0,1,33,5,40,0
1990,18,2,1,0,0,1,313,2,30,0
1990,55,2,2,0,2,0,373,3,40,0
1990,46,1,2,0,0,1,44,6,40,1
1990,32,1,0,0,0,1,13,1,48,0
1990,32,2,0,0,0,0,0,0,0,0
1990,53,1,1,0,0,1,157,5,40,1
1990,27,2,0,0,0,1,26,5,40,0
1990,28,1,0,0,0,1,217,5,53,1
1990,68,1,0,0,0,1,176,5,10,0
1990,58,2,0,0,2,1,313,4,3,0
1990,34,1,2,0,0,0,567,0,40,0
1990,63,2,3,0,0,0,365,4,0,0
1990,45,2,2,0,0,0,37,1,50,0
1990,44,2,1,0,0,1,157,5,56,0
1990,40,1,0,0,0,1,243,3,45,0
1990,37,2,0,0,0,1,22,3,55,1
1990,21,2,1,0,0,0,229,1,45,0
1990,28,1,0,0,0,1,22,4,50,0
1990,27,2,0,0,0,1,95,5,36,0
1990,45,2,2,0,0,0,5,6,40,0
1990,29,1,0,0,0,0,518,1,40,0
1990,27,2,0,0,0,1,376,4,35,0
1990,66,1,0,0,0,1,575,1,0,0
1990,64,2,0,0,0,1,0,0,0,0
1990,40,1,0,0,0,0,22,4,50,1
1990,38,2,0,0,0,0,337,3,0,0
1990,38,2,1,0,0,1,156,5,40,0
1990,77,2,3,0,0,1,143,5,0,0
1990,72,1,3,0,0,0,0,0,0,0
1990,56,1,2,0,0,0,365,4,40,0
1990,61,2,3,0,0,0,274,3,40,0
1990,26,1,1,0,0,0,877,3,40,0
1990,35,1,1,0,0,0,579,0,20,0
1990,21,1,1,0,0,1,347,3,40,0
1990,36,1,1,0,0,1,779,2,40,0
1990,32,2,3,0,0,0,376,5,20,0
1990,53,1,0,0,0,0,364,1,40,1
1990,49,2,0,0,0,0,379,1,40,0
1990,19,2,1,0,0,0,323,1,40,0
1990,24,2,1,0,0,0,877,3,0,0
1990,40,1,0,0,0,0,757,1,40,0
1990,41,2,0,0,0,0,909,6,0,0
1990,19,1,1,0,0,0,0,0,0,0
1990,42,1,0,0,0,0,733,1,40,0
1990,36,2,0,0,0,0,0,0,0,0
1990,43,1,0,0,0,1,179,6,40,0
1990,34,2,0,0,0,1,274,3,24,0
1990,32,2,1,0,0,0,683,1,40,0
1990,45,1,0,0,0,1,235,2,44,0
1990,42,2,0,0,0,1,159,5,30,0
1990,40,1,0,0,0,0,243,3,44,0
1990,41,2,0,0,0,0,307,3,40,0
1990,53,1,0,0,2,0,706,1,0,0
1990,49,2,0,0,2,0,674,3,40,0
1990,26,2,1,0,0,1,259,3,60,0
1990,27,2,1,0,0,0,276,3,0,0
1990,27,1,0,0,0,1,29,3,50,0
1990,24,2,0,0,0,1,389,1,40,0
1990,32,1,0,0,0,0,59,4,45,0
1990,26,2,0,0,0,1,433,3,24,0
1990,36,2,3,0,0,1,156,5,50,0
1990,72,1,0,0,0,0,26,0,8,0
1990,61,2,0,0,0,1,0,0,0,0
1990,43,1,0,0,3,1,84,5,60,1
1990,35,2,0,0,2,1,337,5,5,0
1990,26,1,1,0,0,1,26,5,45,0
1990,25,2,1,0,0,1,337,1,50,0
1990,33,2,1,0,0,0,804,4,40,0
1990,40,2,0,0,0,1,95,5,16,0
1990,41,1,0,0,0,1,549,3,56,1
1990,63,1,0,0,0,0,558,2,0,0
1990,61,2,0,0,0,0,356,4,0,0
1990,36,1,0,0,0,1,259,1,40,0
1990,38,2,0,0,0,1,159,1,40,0
1990,42,1,0,0,0,1,259,1,50,1
1990,40,2,0,0,0,0,433,3,0,0
1990,53,1,0,1,0,1,453,4,50,0
1990,46,2,0,1,0,1,313,5,40,0
1990,41,1,0,0,0,0,804,2,40,0
1990,37,2,0,0,0,0,274,3,0,0
1990,18,1,1,0,0,0,889,3,36,0
1990,72,1,0,0,0,0,0,0,0,0
1990,69,2,0,0,0,0,0,0,0,0
1990,32,1,0,0,0,0,777,1,58,0
1990,33,2,0,0,0,0,313,5,0,0
1990,65,2,1,0,0,1,159,5,20,1
1990,23,2,1,0,0,0,276,5,40,0
1990,31,1,0,0,0,1,53,6,40,0
1990,31,2,0,0,0,1,253,4,45,1
1990,52,1,0,0,0,0,644,1,50,0
1990,50,2,0,0,4,1,98,5,30,0
1990,20,1,1,0,0,0,804,4,20,0
1990,18,1,1,0,0,0,453,5,40,0
1990,22,2,1,0,0,0,59,1,40,0
1990,21,1,1,0,0,0,804,3,50,0
1990,22,1,1,0,0,1,796,1,40,0
1990,62,1,0,0,0,1,8,1,16,0
1990,60,2,0,0,0,0,0,0,0,0
1990,65,1,0,0,0,0,637,1,0,0
1990,68,2,0,0,0,1,0,0,0,0
1990,49,1,1,0,0,0,869,0,20,0
1990,76,1,0,0,0,0,0,0,0,0
1990,76,2,0,0,0,1,0,0,0,0
1990,48,1,0,0,0,0,585,0,40,0
1990,45,2,0,0,0,1,0,0,0,0
1990,44,1,1,0,0,0,36,4,40,0
1990,39,1,0,0,0,1,417,6,0,0
1990,43,2,0,0,0,0,22,1,45,0
1990,46,1,0,0,0,0,17,3,72,0
1990,42,2,0,0,0,0,458,4,0,0
1990,23,1,1,0,0,0,859,2,30,0
1990,21,2,1,0,0,0,313,4,40,0
1990,76,1,0,0,0,0,0,0,0,0
1990,80,2,0,0,0,0,0,0,0,0
1990,31,1,0,0,0,1,577,2,40,0
1990,39,2,0,0,0,1,203,5,24,0
1990,44,1,0,0,0,0,526,3,40,0
1990,34,2,0,0,0,0,27,3,40,0
1990,27,2,3,0,0,0,337,4,0,0
1990,75,1,0,0,0,0,748,4,0,0
1990,71,2,0,0,0,0,0,0,0,0
1990,52,1,0,0,0,0,216,6,40,0
1990,47,2,0,0,0,0,0,0,0,0
1990,48,1,0,0,0,0,507,3,55,0
1990,47,2,0,0,0,0,29,3,25,0
1990,24,2,1,0,0,1,29,3,17,0
1990,26,2,1,0,0,1,447,5,40,0
1990,43,1,0,0,0,0,577,2,40,0
1990,42,2,0,0,0,0,0,0,0,0
1990,35,1,0,0,0,0,505,3,50,0
1990,35,2,0,0,0,0,276,3,15,0
1990,26,2,1,0,0,1,65,5,40,0
1990,35,1,0,0,0,0,588,0,60,0
1990,33,2,0,0,0,1,0,0,0,0
1990,61,2,3,0,0,1,315,2,40,0
1990,72,1,0,0,0,0,0,0,0,0
1990,67,2,0,0,0,0,0,0,0,0
1990,67,1,0,0,0,0,0,0,0,0
1990,65,2,0,0,0,0,254,4,0,0
1990,47,2,1,0,0,1,14,5,55,0
1990,66,1,0,0,0,0,0,0,0,0
1990,69,2,0,0,0,0,327,1,0,0
1990,71,1,3,0,0,0,567,0,21,0
1990,61,1,0,0,0,1,22,2,45,1
1990,61,2,0,0,0,0,0,0,0,0
1990,65,1,0,0,0,0,628,1,40,0
1990,65,2,0,0,0,0,0,0,0,0
1990,33,1,1,0,0,0,274,3,40,0
1990,51,1,0,0,0,1,253,4,40,1
1990,48,2,0,0,0,1,23,4,10,0
1990,19,1,1,0,0,1,427,5,30,0
1990,45,1,0,0,0,1,14,5,42,0
1990,45,2,0,0,0,0,313,1,25,0
1990,19,2,1,0,0,1,444,3,15,0
1990,18,1,1,0,0,0,877,3,20,0
1990,37,1,1,0,0,0,354,2,40,0
1990,63,1,0,0,0,1,0,0,0,0
1990,53,2,0,0,0,1,0,0,0,0
1990,21,2,1,0,0,1,319,5,40,0
1990,46,1,0,0,0,1,55,1,37,0
1990,50,2,0,0,0,0,24,4,40,0
1990,20,1,1,0,0,1,234,5,20,0
1990,37,1,0,0,0,0,13,1,45,0
1990,34,2,0,0,0,0,0,0,0,0
1990,25,2,1,0,0,0,436,3,25,0
1990,66,1,1,0,0,1,364,1,43,1
1990,34,1,0,0,0,1,21,5,50,0
1990,34,2,0,0,0,1,259,1,0,0
1990,33,1,1,0,0,0,407,4,40,0
1990,72,2,3,0,0,1,0,0,0,0
1990,39,1,0,0,0,0,634,1,45,0
1990,41,2,0,0,0,0,155,5,10,0
1990,45,2,0,0,0,0,207,5,40,0
1990,47,1,0,0,0,1,257,4,38,0
1990,59,1,0,0,0,1,156,5,0,1
1990,55,2,0,0,0,1,0,0,0,0
1990,55,1,0,0,0,0,17,3,70,1
1990,55,2,0,0,0,1,17,3,24,0
1990,24,2,1,0,0,1,806,3,50,0
1990,41,1,0,0,0,1,243,3,60,0
1990,40,2,0,0,0,1,686,3,0,0
1990,20,2,1,0,0,1,0,0,0,0
1990,40,1,0,0,0,0,885,3,40,0
1990,40,2,0,0,0,0,276,3,25,0
1990,70,1,2,0,0,0,0,0,0,0
1990,64,1,2,0,0,0,453,4,35,0
1990,54,1,0,0,0,0,579,0,40,0
1990,53,2,0,0,0,0,323,3,20,0
1990,24,1,1,0,0,0,579,0,40,0
1990,29,1,1,0,0,1,7,4,45,1
1990,51,1,0,0,0,1,0,0,0,0
1990,53,2,0,0,0,1,156,5,50,0
1990,23,2,1,0,0,1,754,3,40,0
1990,66,1,2,3,0,0,22,1,40,1
1990,24,1,1,0,0,0,216,3,40,0
1990,53,1,0,0,0,1,379,1,40,0
1990,50,2,0,0,0,0,313,1,40,0
1990,40,2,1,1,0,0,453,3,30,0
1990,55,2,2,1,0,1,315,5,40,0
1990,74,2,3,1,0,0,684,3,16,0
1990,50,1,0,1,0,1,804,3,60,0
1990,47,2,0,1,0,0,389,6,40,0
1990,21,2,1,1,0,1,276,3,20,0
1990,20,1,1,1,0,1,459,5,24,0
1990,41,1,2,0,0,0,808,2,50,0
1990,72,2,0,0,0,0,0,0,0,0
1990,76,1,0,0,0,0,0,0,0,0
1990,37,2,1,0,0,1,156,5,35,0
1990,21,1,1,0,0,0,567,0,40,0
1990,21,1,1,0,0,0,517,3,40,0
1990,49,2,2,0,0,0,348,2,40,0
1990,25,1,1,0,0,0,706,1,40,0
1990,23,1,1,0,0,0,889,3,40,0
1990,21,2,1,0,0,0,337,4,40,0
1990,60,1,0,0,0,0,34,2,40,0
1990,57,2,0,0,0,0,34,2,40,0
1990,77,2,3,0,0,0,0,0,0,0
1990,48,1,1,0,0,1,95,5,40,0
1990,71,1,0,0,0,0,0,0,0,0
1990,66,2,0,0,0,0,0,0,0,0
1990,39,1,0,1,0,0,869,0,0,0
1990,37,2,0,1,0,0,337,4,40,0
1990,59,1,0,0,0,0,747,1,40,0
1990,54,2,0,0,0,0,337,2,40,0
1990,77,2,3,0,0,0,0,0,0,0
1990,39,1,0,0,0,0,804,2,50,0
1990,31,2,0,0,0,1,877,3,30,0
1990,57,2,2,0,0,0,435,3,40,0
1990,23,1,1,0,0,0,877,3,40,0
1990,58,1,0,0,0,0,259,3,40,0
1990,57,2,0,0,0,0,274,3,32,0
1990,25,1,1,0,0,1,486,0,40,0
1990,36,1,0,0,0,0,677,3,45,0
1990,35,2,0,0,0,0,276,3,0,0
1990,49,1,0,0,2,0,779,1,40,0
1990,43,2,0,0,2,0,0,0,0,0
1990,23,1,1,0,0,1,0,0,0,0
1990,18,2,1,0,0,1,0,0,0,0
1990,41,1,0,0,0,1,13,1,40,1
1990,37,2,0,0,0,1,174,5,10,0
1990,28,1,0,0,0,1,259,3,48,0
1990,29,2,0,0,0,1,25,4,40,0
1990,43,1,0,0,0,1,22,5,60,1
1990,47,2,0,0,0,0,337,3,0,0
1990,48,2,2,0,0,0,453,4,25,0
1990,24,1,1,0,0,0,535,5,35,0
1990,77,2,3,0,0,0,379,4,40,0
1990,47,1,0,1,0,1,259,3,50,0
1990,46,2,0,1,0,1,0,0,0,0
1990,18,1,1,1,0,0,385,1,20,0
1990,47,1,2,0,0,1,163,5,35,1
1990,41,1,0,0,0,1,243,3,44,0
1990,40,2,0,0,0,1,156,5,45,0
1990,78,2,0,0,0,1,0,0,0,0
1990,70,1,0,0,0,1,22,3,20,1
1990,68,2,0,0,0,1,0,0,0,0
1990,70,2,3,0,0,1,0,0,0,0
1990,46,1,1,0,0,1,73,1,55,1
1990,70,1,0,1,0,0,0,0,0,0
1990,68,2,0,1,0,0,0,0,0,0
1990,73,1,0,1,0,0,0,0,0,0
1990,62,2,0,1,0,0,0,0,0,0
1990,45,1,0,1,0,1,808,2,40,0
1990,30,2,0,1,1,1,313,5,37,0
1990,27,2,2,1,0,1,354,2,40,0
1990,65,1,0,1,1,0,159,3,40,0
1990,62,2,0,1,1,0,447,5,40,0
1990,34,2,1,1,1,0,95,5,40,0
1990,37,1,1,0,0,1,259,1,40,0
1990,27,1,1,0,0,0,36,6,25,0
1990,38,1,0,0,0,0,503,3,55,0
1990,41,2,0,2,0,0,303,3,32,0
1990,45,1,0,3,3,1,154,5,50,1
1990,45,2,0,3,3,1,203,5,40,0
1990,55,2,3,0,0,1,254,4,40,0
1990,47,2,0,1,0,0,744,1,45,1
1990,55,1,0,1,0,1,22,1,40,0
1990,21,1,1,1,0,0,436,3,30,0
1990,21,1,1,1,0,0,433,3,27,0
1990,44,2,0,0,0,1,313,4,40,0
1990,47,1,0,0,0,1,21,0,50,0
1990,21,1,1,0,0,1,567,0,40,0
1990,18,2,1,0,0,0,274,3,20,0
1990,25,2,0,0,0,0,877,3,25,0
1990,23,1,0,0,0,0,276,3,40,0
1990,76,2,3,0,0,1,0,0,0,0
1990,33,1,2,0,2,1,22,0,40,1
1990,36,2,1,1,0,0,453,4,30,0
1990,18,1,1,1,0,0,0,0,0,0
1990,45,2,3,0,0,1,157,5,35,0
1990,44,1,3,0,0,1,21,5,70,0
1990,35,2,0,1,0,1,156,5,40,0
1990,36,1,0,1,0,1,156,5,40,0
1990,78,1,0,0,2,0,0,0,0,0
1990,70,2,0,0,2,0,0,0,0,0
1990,28,1,0,0,0,1,84,5,70,0
1990,28,2,0,0,0,1,84,5,40,0
1990,27,2,0,0,0,1,173,5,40,0
1990,26,1,0,0,0,1,14,5,45,0
1990,56,1,0,0,0,1,154,5,50,1
1990,53,2,0,0,0,1,176,5,30,0
1990,33,1,1,0,0,1,189,2,42,0
1990,52,1,0,0,0,1,178,1,40,1
1990,53,2,0,0,0,1,303,6,40,0
1990,21,1,1,3,3,1,436,3,15,0
1990,43,1,0,1,0,0,715,1,40,0
1990,41,2,0,1,0,0,453,4,40,0
1990,19,2,1,1,0,0,0,0,0,0
1990,18,1,1,1,0,0,575,0,35,0
1990,44,1,2,1,0,0,505,1,45,0
1990,59,2,3,1,0,1,313,5,33,0
1990,34,1,1,1,0,0,375,4,0,0
1990,37,1,0,1,0,0,804,1,30,0
1990,32,2,0,1,0,0,889,4,35,0
1990,75,2,3,0,0,0,0,0,0,0
1990,77,2,3,1,0,0,0,0,0,0
1990,62,1,3,1,0,0,804,2,40,0
1990,61,1,3,1,0,0,0,0,0,0
1990,66,2,2,1,0,0,0,0,0,0
1990,40,1,0,0,0,1,178,1,50,1
1990,41,2,0,0,0,1,164,5,8,0
1990,65,1,0,0,0,1,243,3,50,1
1990,61,2,0,0,0,1,27,3,50,0
1990,45,1,0,0,0,1,195,1,45,0
1990,43,2,0,0,0,1,178,6,24,0
1990,61,2,3,1,0,1,274,3,20,0
1990,61,1,0,1,0,1,178,5,40,1
1990,58,2,0,1,0,1,156,5,40,0
1990,64,2,0,0,0,1,0,0,0,1
1990,65,1,0,0,0,1,154,5,35,1
1990,69,1,0,1,0,0,0,0,0,0
1990,64,2,0,1,0,0,468,5,0,0
1990,40,2,1,1,0,0,307,1,40,0
1990,38,2,1,1,0,0,234,4,40,0
1990,62,1,1,0,0,0,0,0,0,0
1990,69,2,1,0,0,0,0,0,0,0
1990,31,1,1,0,0,1,178,5,40,1
1990,52,2,2,0,0,1,15,5,45,0
1990,23,2,1,0,0,1,435,3,24,0
1990,23,2,1,0,0,1,274,3,40,0
1990,20,1,1,0,0,1,383,4,40,0
1990,44,1,0,1,0,1,14,5,40,1
1990,28,2,0,1,0,1,235,5,32,0
1990,33,1,0,0,0,1,85,5,45,1
1990,24,2,0,0,0,1,98,5,40,0
1990,30,2,1,1,0,1,26,5,25,0
1990,30,2,1,0,0,1,13,1,40,0
1990,66,1,0,0,0,1,337,5,5,0
1990,63,2,0,0,0,0,274,3,37,0
1990,51,1,0,0,0,1,13,5,40,1
1990,44,2,0,0,0,1,13,5,50,1
1990,68,1,0,0,0,1,25,5,10,1
1990,64,2,0,0,0,1,184,1,6,0
1990,62,2,2,0,1,0,453,4,23,0
1990,72,2,0,0,0,1,0,0,0,0
1990,67,2,1,0,0,1,447,5,50,0
1990,73,1,0,0,0,1,178,5,40,0
1990,78,2,0,0,0,1,0,0,0,1
1990,47,1,0,0,0,1,22,3,50,1
1990,47,2,0,0,0,1,313,3,10,0
1990,23,2,1,0,0,1,156,5,0,0
1990,18,2,1,0,0,0,433,3,12,0
1990,79,2,3,0,2,0,0,0,0,0
1990,79,1,3,0,2,1,243,3,8,0
1990,75,2,3,0,0,1,0,0,0,0
1990,40,1,0,0,0,1,634,1,50,0
1990,40,2,0,0,0,1,447,5,25,0
1990,55,2,2,0,0,0,449,5,40,0
1990,55,1,3,0,0,1,259,3,40,0
1990,78,1,0,0,0,0,0,0,0,0
1990,76,2,0,0,0,0,0,0,0,0
1990,46,2,1,0,0,0,439,3,40,0
1990,41,2,1,0,0,1,157,5,40,0
1990,55,1,1,0,0,1,628,1,40,0
1990,54,1,2,0,0,0,259,1,40,0
1990,62,1,0,0,0,0,725,1,40,0
1990,55,2,0,0,0,0,446,5,40,0
1990,27,1,1,0,0,0,436,3,40,0
1990,24,1,2,0,0,0,804,3,40,0
1990,57,1,0,0,0,0,23,1,40,0
1990,55,2,0,0,0,0,264,3,8,0
1990,58,1,0,0,0,0,679,1,0,0
1990,51,2,0,0,0,0,313,5,40,0
1990,24,1,1,0,0,1,154,5,20,0
1990,27,1,1,0,0,0,889,3,40,0
1990,28,2,3,0,0,0,216,1,40,0
1990,38,2,0,0,0,0,216,4,30,0
1990,35,1,0,0,0,0,364,1,48,0
1990,61,2,3,0,0,0,0,0,0,0
1990,29,1,0,0,0,1,579,0,45,0
1990,26,2,0,0,0,1,445,5,40,0
1990,61,2,2,0,0,0,453,4,0,0
1990,38,1,0,1,0,1,418,6,50,1
1990,36,2,0,1,0,0,373,3,40,0
1990,58,2,3,1,0,0,436,5,0,0
1990,50,1,0,1,0,1,22,2,20,0
1990,47,2,0,1,0,0,465,6,40,0
1990,63,1,0,0,0,1,254,4,0,0
1990,62,2,0,0,0,1,313,1,40,0
1990,31,1,0,0,0,1,267,3,40,0
1990,30,2,0,0,0,1,243,3,60,0
1990,58,1,0,1,0,1,85,5,22,0
1990,58,2,0,1,0,1,14,5,40,1
1990,71,1,0,0,0,0,253,4,40,0
1990,63,2,0,0,0,0,0,0,0,0
1990,57,1,0,0,0,1,22,1,48,0
1990,57,2,0,0,0,0,683,1,49,0
1990,30,1,1,0,0,0,525,3,40,0
1990,50,1,0,0,0,0,359,2,40,0
1990,49,2,0,0,0,0,379,2,40,0
1990,23,1,1,0,0,0,364,3,40,0
1990,41,1,0,0,0,1,178,5,40,0
1990,30,2,0,0,0,1,274,5,40,0
1990,30,1,0,0,0,1,257,2,40,0
1990,32,2,0,0,0,0,305,3,40,0
1990,53,2,2,0,0,1,389,5,50,0
1990,56,1,0,0,2,0,0,0,0,0
1990,72,2,0,0,0,0,785,1,0,0
1990,73,2,3,0,0,0,203,5,0,0
1990,43,1,0,0,0,0,505,4,40,0
1990,39,2,0,0,0,0,383,4,40,0
1990,18,2,1,0,0,1,274,3,25,0
1990,60,2,3,0,0,0,444,5,40,0
1990,25,1,0,0,0,0,505,3,40,0
1990,26,2,0,0,0,1,376,3,40,0
1990,48,1,0,0,0,1,22,1,40,0
1990,47,2,0,0,2,1,253,4,50,0
1990,22,2,1,0,0,1,95,5,30,0
1990,19,1,1,0,0,1,869,0,12,0
1990,58,1,0,0,0,1,84,5,55,1
1990,57,2,0,0,0,1,97,5,40,0
1990,26,1,0,0,0,1,23,2,40,0
1990,28,2,0,0,0,1,23,4,40,0
1990,42,1,0,0,2,1,156,5,46,0
1990,40,2,0,0,0,1,308,5,38,0
1990,26,2,1,0,3,1,363,1,40,0
1990,46,2,3,0,0,0,243,2,60,0
1990,19,2,1,0,0,0,467,5,30,0
1990,35,1,0,0,0,1,64,2,45,1
1990,32,2,0,0,0,1,164,5,45,0
1990,70,1,0,0,0,1,253,4,16,0
1990,68,2,0,0,0,1,0,0,0,0
1990,38,1,0,0,0,1,518,1,51,0
1990,37,2,0,0,0,1,0,0,0,0
1990,31,1,0,0,0,1,585,0,80,0
1990,29,2,0,0,0,0,458,4,0,0
1990,76,2,1,0,0,0,0,0,0,0
1990,71,2,2,0,0,0,379,5,20,0
1990,73,2,3,0,2,1,0,0,0,0
1990,49,2,0,0,0,1,159,5,10,0
1990,49,1,0,0,0,1,55,1,40,1
1990,67,2,3,0,0,0,0,0,0,0
1990,66,1,0,0,0,1,0,0,0,0
1990,61,2,0,0,0,1,337,1,47,0
1990,38,1,2,0,0,1,785,5,40,0
1990,32,1,0,0,0,0,785,1,45,0
1990,32,2,0,0,0,1,0,0,0,0
1990,37,1,0,0,0,1,257,4,50,1
1990,36,2,0,0,0,1,266,3,10,0
1990,73,2,3,0,0,0,0,0,0,1
1990,57,2,3,0,0,0,447,5,40,0
1990,42,1,2,0,0,1,486,5,45,0
1990,43,1,0,0,0,1,243,4,40,1
1990,44,2,0,0,0,1,156,5,40,0
1990,53,1,0,0,0,1,426,1,50,1
1990,37,2,0,0,0,1,179,6,0,0
1990,43,1,2,0,0,1,13,1,42,1
1990,37,2,2,0,0,0,254,4,40,0
1990,40,1,0,0,0,1,577,2,40,0
1990,37,2,0,0,0,1,276,3,12,0
1990,38,1,0,0,0,0,849,3,40,0
1990,37,2,0,0,0,1,385,5,0,0
1990,34,1,0,0,0,1,56,5,40,0
1990,33,2,0,0,0,0,889,0,40,0
1990,65,1,0,0,3,1,177,5,40,0
1990,60,2,0,0,0,1,177,5,40,0
1990,24,1,0,0,0,0,477,0,50,0
1990,24,2,0,0,0,1,447,5,40,0
1990,27,1,1,0,0,0,486,4,40,0
1990,22,2,1,0,0,0,348,3,40,0
1990,39,1,0,0,0,1,254,4,40,0
1990,43,2,0,0,0,0,458,4,0,0
1990,43,1,0,0,0,0,783,1,56,0
1990,40,2,0,0,0,0,0,0,0,0
1990,66,1,0,0,0,0,804,3,0,0
1990,64,2,0,0,0,0,0,0,0,0
1990,32,2,1,0,0,0,343,3,40,0
1990,38,1,0,0,0,1,567,0,40,0
1990,37,2,0,0,0,1,156,5,40,0
1990,51,1,3,0,0,0,453,5,40,0
1990,67,1,0,3,3,0,637,1,40,0
1990,58,2,0,3,3,0,406,4,0,0
1990,25,1,1,3,3,0,637,1,0,0
1990,22,2,1,3,3,0,637,1,40,0
1990,19,1,1,3,3,0,0,0,0,0
1990,32,1,0,0,0,1,503,2,45,0
1990,21,2,0,0,0,1,447,5,43,0
1990,53,1,0,0,0,0,628,1,50,0
1990,46,2,0,0,0,0,376,4,38,0
1990,23,1,1,0,0,1,243,5,40,0
1990,29,1,0,0,0,1,549,2,40,0
1990,29,2,0,0,0,1,207,5,20,0
1990,47,1,0,0,0,0,804,3,40,0
1990,43,2,0,0,2,0,379,1,40,0
1990,56,1,0,0,0,1,889,1,40,0
1990,54,2,0,0,0,0,313,4,0,0
1990,26,1,1,0,0,1,22,4,40,0
1990,27,2,0,0,0,0,436,3,35,0
1990,26,1,0,0,0,0,185,4,40,0
1990,27,1,1,0,0,1,55,1,45,0
1990,49,2,1,0,0,1,337,4,41,0
1990,44,1,1,0,0,0,579,5,40,0
1990,42,2,1,0,0,0,264,3,0,0
1990,45,1,0,0,1,1,796,1,40,0
1990,44,2,0,0,1,1,785,1,40,0
1990,18,1,1,0,1,0,446,5,30,0
1990,33,1,0,0,0,1,22,0,40,1
1990,32,2,0,0,0,1,174,5,40,0
1990,68,2,3,0,0,0,0,0,0,0
1990,36,1,3,0,0,0,628,3,40,0
1990,50,2,3,0,0,1,22,5,90,0
1990,45,1,0,1,0,0,808,2,40,1
1990,33,2,0,1,0,1,0,0,0,0
1990,18,2,1,1,0,0,264,3,30,0
1990,46,1,0,0,0,0,585,1,40,0
1990,46,2,0,0,0,0,337,3,40,0
1990,21,2,1,0,0,1,204,5,30,0
1990,76,1,3,0,0,0,0,0,0,0
1990,74,1,0,0,0,1,275,3,24,0
1990,64,2,0,0,0,0,0,0,0,0
1990,50,1,2,0,0,0,804,2,50,0
1990,37,1,0,3,3,1,224,1,40,0
1990,37,2,0,3,3,1,0,0,0,0
1990,38,1,0,0,0,0,243,3,47,0
1990,38,2,0,0,0,1,276,3,40,0
1990,35,1,2,0,0,1,216,1,40,0
1990,66,1,0,0,0,0,628,1,12,0
1990,63,2,0,0,0,0,785,1,20,0
1990,27,1,1,0,0,0,213,5,40,0
1990,36,1,2,0,0,1,156,5,45,0
1990,74,2,3,0,0,1,0,0,0,0
1990,43,1,0,0,0,1,22,1,42,1
1990,41,2,0,0,0,1,166,5,0,0
1990,65,1,0,0,0,1,178,5,40,0
1990,56,2,0,0,0,1,313,5,0,0
1990,40,1,0,0,0,1,538,3,40,0
1990,36,2,0,0,0,1,379,3,0,0
1990,39,1,0,0,0,1,433,3,50,0
1990,36,2,0,0,0,1,156,5,40,0
1990,45,1,0,0,0,0,637,1,40,0
1990,45,2,0,0,0,0,276,5,15,0
1990,23,1,1,0,0,0,804,3,50,0
1990,66,2,3,0,0,0,274,3,40,1
1990,36,1,2,0,0,0,844,0,45,0
1990,52,2,2,0,0,0,319,4,28,0
1990,18,2,1,0,0,0,313,3,30,0
1990,53,1,2,0,0,1,7,4,40,1
1990,42,1,0,0,0,1,243,3,50,0
1990,40,2,0,0,0,1,207,5,40,0
1990,41,1,0,0,0,0,766,1,50,1
1990,42,2,0,0,0,0,777,1,40,0
1990,18,1,1,0,0,0,365,3,20,0
1990,38,1,1,0,0,0,764,1,40,0
1990,32,1,0,0,0,0,755,1,40,0
1990,34,2,0,0,0,1,56,1,42,0
1990,54,1,0,0,0,1,303,6,40,0
1990,49,2,0,0,0,1,274,3,16,0
1990,21,2,1,0,0,1,435,3,15,0
1990,35,1,0,0,0,0,243,3,70,0
1990,34,2,0,0,0,0,155,5,50,0
1990,35,2,2,0,0,1,274,3,40,0
1990,33,1,0,1,0,0,0,0,0,0
1990,30,2,0,1,0,0,447,5,30,0
1990,69,1,0,0,0,0,473,0,10,0
1990,70,2,0,0,0,0,319,5,38,0
1990,34,1,0,0,0,0,266,3,40,0
1990,29,2,0,0,0,0,447,5,32,0
1990,77,1,0,0,0,1,0,0,0,0
1990,68,2,0,0,0,1,15,5,40,0
1990,69,2,3,0,0,0,0,0,0,0
1990,29,2,1,0,0,0,0,0,0,0
1990,22,2,1,0,0,0,0,0,0,0
1990,39,2,2,0,0,1,243,3,50,0
1990,39,1,0,3,3,0,709,1,40,0
1990,28,2,0,3,3,0,364,1,40,0
1990,57,1,0,0,0,0,0,0,0,0
1990,48,2,0,0,2,1,276,3,40,0
1990,24,2,1,0,0,1,379,5,20,0
1990,19,2,1,0,0,0,315,5,20,0
1990,56,2,3,0,0,0,0,0,0,0
1990,62,1,2,0,0,0,824,2,0,0
1990,22,1,1,0,0,0,436,3,40,0
1990,21,1,1,0,0,0,588,0,45,0
1990,40,1,0,0,0,1,777,1,45,0
1990,41,2,0,0,0,0,0,0,0,0
1990,26,2,2,0,0,0,0,0,0,0
1990,25,1,0,0,0,0,567,0,40,0
1990,27,2,0,0,0,0,447,4,10,0
1990,37,1,0,0,0,0,505,3,35,1
1990,37,2,0,0,0,1,337,3,15,0
1990,63,1,0,0,0,1,376,4,25,0
1990,61,2,0,0,0,0,447,5,0,0
1990,43,1,2,0,0,1,375,4,15,0
1990,60,1,0,1,0,0,22,5,40,0
1990,56,2,0,1,0,0,0,0,0,0
1990,63,2,3,0,0,0,0,0,0,0
1990,35,1,1,0,0,0,696,4,70,0
1990,30,2,1,1,0,0,447,5,40,0
1990,25,1,1,1,0,0,909,6,0,0
1990,20,2,1,1,0,0,0,0,0,0
1990,26,2,1,1,0,1,0,0,0,0
1990,21,1,1,1,0,1,689,1,20,0
1990,63,2,1,0,0,1,243,3,0,0
1990,36,1,1,0,0,0,354,2,42,0
1990,62,2,3,0,0,0,274,3,0,0
1990,29,2,1,0,0,1,27,4,40,0
1990,23,2,1,0,0,1,318,4,40,0
1990,42,1,0,0,0,1,85,5,45,1
1990,43,2,0,0,0,1,303,5,40,0
1990,42,1,3,0,0,1,447,5,40,0
1990,28,1,0,0,0,1,779,1,40,0
1990,27,2,0,0,0,1,315,5,40,0
1990,41,2,2,0,0,1,229,1,40,0
1990,43,1,0,0,0,1,518,1,50,0
1990,36,2,0,0,0,0,276,3,30,0
1990,47,1,0,0,2,1,166,6,40,0
1990,53,2,0,0,0,1,257,2,40,0
1990,64,1,0,1,0,0,0,0,0,0
1990,63,2,0,1,0,0,0,0,0,0
1990,62,2,3,1,0,0,0,0,0,0
1990,66,2,1,1,0,0,365,6,40,0
1990,25,2,1,0,0,1,84,5,85,0
1990,21,2,1,1,0,0,438,3,30,0
1990,19,1,3,1,0,0,523,6,35,0
1990,19,2,1,1,0,0,335,5,14,0
1990,21,1,1,0,0,1,469,5,12,0
1990,22,2,2,0,0,1,316,5,40,0
1990,23,1,1,0,0,1,243,3,60,0
1990,26,2,1,0,0,0,804,2,40,0
1990,69,1,1,1,0,0,0,0,0,0
1990,67,2,3,1,0,0,0,0,0,0
1990,31,2,1,0,0,0,243,3,40,0
1990,40,1,0,0,0,1,376,4,40,0
1990,37,2,0,0,0,0,277,3,25,0
1990,56,1,0,0,0,0,804,2,50,1
1990,57,2,0,0,0,0,0,0,0,0
1990,41,1,1,0,0,0,628,1,45,0
1990,42,1,1,0,0,0,785,1,40,0
1990,28,1,3,0,0,0,684,1,40,0
1990,65,2,3,0,0,0,0,0,0,0
1990,43,1,0,0,0,1,5,6,40,0
1990,41,2,0,0,0,1,156,5,50,0
1990,79,1,2,0,0,0,0,0,0,0
1990,41,1,0,0,0,1,804,2,60,0
1990,32,2,0,0,0,0,435,3,15,0
1990,18,1,1,0,0,0,323,1,12,0
1990,78,1,0,0,0,0,0,0,0,0
1990,78,2,0,0,0,0,0,0,0,0
1990,55,1,2,0,0,0,759,4,32,0
1990,62,1,0,1,0,0,426,4,25,0
1990,56,2,0,1,0,0,0,0,0,0
1990,78,1,0,0,0,0,0,0,0,0
1990,72,2,0,0,0,0,0,0,0,0
1990,42,2,0,1,0,0,748,5,40,0
1990,28,1,0,1,0,1,447,5,40,0
1990,19,2,1,1,0,0,0,0,0,0
1990,43,1,1,0,0,0,779,1,40,0
1990,45,1,3,0,0,1,217,1,40,0
1990,52,1,0,0,0,1,23,1,45,0
1990,50,2,0,0,0,0,313,4,46,0
1990,51,2,3,0,0,1,319,5,30,0
1990,21,2,1,0,0,1,446,5,20,0
1990,67,1,0,0,0,1,229,6,24,0
1990,65,2,0,0,0,0,0,0,0,0
1990,29,2,2,0,0,0,264,3,0,0
1990,21,2,1,1,0,1,453,4,40,0
1990,36,1,3,0,0,0,856,1,0,0
1990,50,2,3,0,0,0,0,0,0,0
1990,62,1,0,0,0,0,747,1,0,0
1990,62,2,0,0,0,0,0,0,0,0
1990,28,1,1,0,0,1,308,5,40,0
1990,53,2,2,0,0,0,276,3,40,0
1990,32,2,2,0,0,1,203,5,36,0
1990,27,1,1,0,0,1,274,3,30,0
1990,23,2,1,0,0,1,438,3,25,0
1990,46,1,0,0,0,1,57,5,45,0
1990,43,2,0,0,0,0,313,5,30,0
1990,23,2,1,0,0,1,329,5,40,0
1990,18,2,1,0,0,0,276,3,18,0
1990,52,2,2,0,0,1,156,5,40,0
1990,39,1,0,0,0,1,13,1,48,0
1990,33,2,0,0,0,1,5,6,24,0
1990,36,1,0,0,0,1,253,4,50,1
1990,32,2,0,0,0,1,14,5,50,0
1990,76,1,0,0,0,1,243,3,40,1
1990,36,2,2,0,0,1,86,0,60,0
1990,32,1,1,0,0,1,86,0,60,0
1990,30,1,0,0,0,0,274,3,30,0
1990,26,2,0,0,0,0,313,4,25,0
1990,29,1,0,0,0,0,476,0,50,0
1990,26,2,0,0,0,0,337,3,40,0
1990,30,1,0,0,0,1,64,1,40,1
1990,29,2,0,0,0,1,174,5,0,0
1990,36,1,0,0,0,0,22,5,45,1
1990,29,2,0,0,0,1,23,1,40,0
1990,33,1,2,0,0,1,785,1,55,1
1990,52,1,0,0,0,1,364,3,40,0
1990,45,2,0,0,0,0,435,3,32,0
1990,26,2,2,0,0,0,434,3,0,0
1990,27,1,0,0,0,1,783,0,50,0
1990,26,2,0,0,0,0,313,3,40,0
1990,62,1,0,0,0,0,217,1,40,0
1990,57,2,0,0,0,0,436,3,30,0
1990,34,1,1,0,0,1,23,2,45,0
1990,26,1,1,0,0,1,259,3,40,0
1990,74,1,0,0,0,1,13,1,0,0
1990,72,2,0,0,0,0,436,3,40,0
1990,47,1,0,0,0,0,365,1,0,0
1990,39,2,0,0,0,0,378,5,20,0
1990,34,2,1,0,0,1,255,4,40,0
1990,29,2,1,0,0,1,174,5,19,0
1990,39,1,0,0,0,1,243,3,56,0
1990,39,2,0,0,0,1,197,5,10,0
1990,72,2,2,0,2,0,0,0,0,0
1990,34,2,1,0,0,0,337,1,40,0
1990,38,1,0,0,0,1,363,3,45,0
1990,35,2,0,0,0,0,628,1,40,0
1990,25,2,1,0,0,1,184,3,40,0
1990,22,2,1,0,0,0,436,3,0,0
1990,65,2,0,0,0,0,0,0,0,0
1990,69,1,0,0,0,0,0,0,0,0
1990,46,1,0,0,0,1,22,4,40,0
1990,29,2,0,0,0,1,0,0,0,0
1990,28,1,0,0,0,1,33,0,50,0
1990,24,2,0,0,0,0,276,3,0,0
1990,35,1,1,0,0,0,628,1,45,0
1990,35,1,0,0,0,1,869,0,40,1
1990,35,2,0,0,0,0,447,5,2,0
1990,51,1,0,0,0,0,22,1,55,0
1990,47,2,0,0,0,1,0,0,0,0
1990,27,1,1,0,0,1,178,5,50,0
1990,69,1,3,0,0,1,0,0,0,0
1990,27,1,0,0,0,1,889,3,40,0
1990,30,2,0,0,0,1,155,5,25,0
1990,52,1,0,0,0,1,254,4,50,0
1990,49,2,0,0,0,1,254,4,40,0
1990,78,1,3,0,0,1,0,0,0,0
1990,68,2,3,0,0,0,0,0,0,0
1990,46,1,2,0,0,0,889,1,50,0
1990,70,1,2,0,0,0,0,0,0,0
1990,23,2,1,0,0,1,95,5,36,0
1990,29,1,0,0,0,0,785,1,45,0
1990,26,2,0,0,0,0,383,4,30,0
1990,21,2,1,0,3,1,434,3,0,0
1990,51,1,0,0,3,0,243,3,60,0
1990,49,2,0,0,3,0,436,3,60,0
1990,27,1,1,0,3,0,434,3,0,0
1990,49,1,0,0,0,1,176,5,50,0
1990,45,2,0,0,0,1,436,3,35,0
1990,18,1,1,0,0,0,444,3,0,0
1990,51,1,0,0,0,0,779,1,0,0
1990,49,2,0,0,0,0,426,3,40,0
1990,57,1,0,0,0,0,637,1,45,0
1990,54,2,0,0,0,0,375,4,29,0
1990,22,2,1,0,0,0,243,3,40,0
1990,29,1,3,0,0,0,637,1,40,0
1990,25,1,1,0,0,1,804,3,20,0
1990,66,1,0,0,0,0,415,1,0,0
1990,60,2,0,0,0,1,95,5,0,0
1990,25,2,1,0,0,1,185,3,40,0
1990,21,1,1,0,0,1,486,0,0,0
1990,36,1,1,0,2,0,0,0,0,0
1990,38,1,0,0,0,1,22,3,65,1
1990,38,2,0,0,0,1,313,3,35,0
1990,27,1,0,0,0,1,7,4,42,0
1990,24,2,0,0,0,1,37,2,40,0
1990,55,1,0,0,0,1,22,2,40,0
1990,52,2,0,0,0,0,313,5,40,0
1990,24,1,1,0,0,1,22,5,30,0
1990,49,1,0,0,0,1,243,2,40,1
1990,51,2,0,0,0,1,185,4,20,0
1990,22,1,1,0,0,1,257,1,10,0
1990,21,1,1,0,0,1,257,1,50,0
1990,18,1,1,0,0,0,276,5,45,0
1990,52,2,2,0,0,1,447,5,30,1
1990,49,1,0,0,0,0,804,3,40,0
1990,44,2,0,0,0,0,0,0,0,0
1990,53,1,3,0,0,0,804,2,40,0
1990,22,1,1,0,0,1,416,6,40,0
1990,56,1,0,0,0,1,217,1,40,0
1990,64,2,0,0,0,0,0,0,0,0
1990,79,2,3,0,0,0,0,0,0,0
1990,66,1,0,1,0,0,453,5,6,0
1990,64,2,0,1,0,0,447,5,40,0
1990,43,1,0,0,0,1,656,1,50,0
1990,43,2,0,0,0,0,5,6,14,0
1990,19,1,1,0,0,1,579,0,40,0
1990,28,1,0,0,0,1,243,3,50,0
1990,27,2,0,0,0,0,453,4,30,0
1990,49,1,0,0,0,0,514,4,40,0
1990,48,2,0,0,0,0,337,2,40,0
1990,19,1,1,0,0,0,439,3,24,0
1990,42,1,0,0,0,1,243,4,50,1
1990,41,2,0,0,0,1,313,4,40,0
1990,42,1,0,0,0,1,628,1,44,0
1990,38,2,0,0,0,1,313,1,40,0
1990,52,1,2,0,0,0,849,1,40,0
1990,23,1,3,0,0,0,905,6,40,0
1990,60,1,0,0,0,0,518,1,50,0
1990,61,2,0,0,0,0,447,5,40,0
1990,28,1,1,0,0,0,653,0,40,0
1990,22,2,1,0,0,0,889,3,40,0
1990,27,1,1,0,0,0,804,3,40,0
1990,24,2,1,0,0,0,379,0,30,0
1990,31,1,0,0,0,0,213,2,48,0
1990,31,2,0,0,0,0,0,0,0,0
1990,64,2,3,1,0,0,449,5,40,0
1990,37,1,1,1,0,0,764,1,0,0
1990,21,1,0,0,0,0,0,0,0,0
1990,21,2,0,0,0,0,0,0,0,0
1990,45,1,0,0,0,1,19,4,70,1
1990,36,2,0,0,0,0,19,4,60,0
1990,64,1,0,0,0,0,355,2,0,0
1990,62,2,0,0,0,0,257,4,24,0
1990,35,1,0,0,0,0,547,2,50,0
1990,34,2,0,0,0,1,313,0,40,0
1990,38,1,0,0,0,0,274,3,48,0
1990,34,2,0,0,0,1,15,5,40,0
1990,39,1,0,0,0,0,453,5,40,0
1990,45,2,0,0,0,0,0,0,0,0
1990,19,2,1,0,0,0,889,1,40,0
1990,73,1,0,0,0,0,0,0,0,0
1990,78,2,0,0,0,0,0,0,0,0
1990,41,1,0,0,0,1,274,3,43,0
1990,33,2,0,0,0,1,254,4,10,0
1990,37,1,2,0,0,0,883,2,8,0
1990,43,1,0,0,0,0,503,2,40,0
1990,42,2,0,0,0,0,276,3,19,0
1990,40,1,0,0,0,1,22,1,45,0
1990,39,2,0,0,0,0,207,5,40,0
1990,29,2,1,0,0,1,337,4,40,0
1990,32,1,0,0,0,1,95,5,36,0
1990,30,2,0,0,0,1,95,5,24,0
1990,36,1,0,0,0,0,453,3,23,0
1990,33,2,0,0,0,0,877,3,40,0
1990,60,2,3,0,0,0,243,3,0,0
1990,64,1,0,0,0,0,558,0,0,0
1990,62,2,0,0,0,1,22,5,35,0
1990,72,2,3,0,0,0,0,0,0,0
1990,20,2,2,0,0,0,436,3,0,0
1990,44,2,2,0,0,0,779,1,0,0
1990,78,2,3,0,0,0,0,0,0,0
1990,50,2,2,0,0,1,22,4,60,0
1990,76,1,0,0,0,0,689,1,0,0
1990,76,2,0,0,0,0,276,5,0,0
1990,31,1,0,0,0,0,785,1,40,0
1990,29,2,0,0,0,1,446,5,40,0
1990,27,1,0,0,0,0,804,2,40,0
1990,26,2,0,0,0,0,0,0,0,0
1990,32,1,0,0,0,0,436,3,40,0
1990,28,2,0,0,0,0,447,5,30,0
1990,28,1,0,0,0,0,418,6,40,0
1990,28,2,0,0,0,1,484,0,20,0
1990,29,1,0,0,0,0,637,1,44,0
1990,29,2,0,0,0,0,0,0,0,0
1990,66,2,3,0,0,0,313,4,30,0
1990,56,1,0,0,0,1,55,1,46,1
1990,55,2,0,0,0,0,335,3,10,0
1990,49,1,0,0,0,0,426,1,48,1
1990,48,2,0,0,0,0,889,3,40,0
1990,25,1,1,0,0,1,689,1,40,0
1990,22,2,1,0,0,0,458,4,35,0
1990,31,2,2,0,0,0,434,3,40,0
1990,69,1,1,0,0,0,0,0,0,0
1990,66,1,1,0,0,0,0,0,0,0
1990,67,2,3,0,0,0,0,0,0,0
1990,53,2,2,0,0,0,453,5,30,0
1990,36,1,0,0,0,0,889,1,40,0
1990,31,2,0,0,0,1,466,5,36,0
1990,62,1,0,0,0,0,824,2,0,0
1990,62,2,0,0,0,0,0,0,0,0
1990,68,1,0,0,0,0,0,0,0,0
1990,65,2,0,0,0,0,0,0,0,0
1990,24,1,1,0,0,0,17,4,40,0
1990,19,1,1,0,0,0,804,3,40,0
1990,18,2,1,0,0,0,208,0,40,0
1990,42,1,0,0,0,0,779,1,40,0
1990,40,2,0,0,0,0,447,5,32,0
1990,19,2,1,0,0,0,264,3,30,0
1990,52,2,2,0,0,0,274,3,20,0
1990,64,2,1,0,0,0,779,5,6,0
1990,25,1,0,0,0,0,804,3,45,0
1990,24,2,0,0,0,0,799,6,40,0
1990,43,2,0,0,0,0,264,3,0,0
1990,40,1,0,0,0,0,764,1,0,0
1990,18,1,1,0,0,0,877,3,25,0
1990,28,1,0,0,0,0,276,3,40,0
1990,35,2,0,0,0,0,856,3,40,0
1990,20,1,1,0,0,0,259,3,40,0
1990,34,1,0,0,0,1,715,1,52,0
1990,34,2,0,0,0,0,0,0,0,0
1990,43,1,0,0,0,1,57,1,42,0
1990,40,2,0,0,0,0,155,5,12,0
1990,33,1,0,0,0,0,235,2,40,0
1990,20,2,0,0,0,0,438,3,0,0
1990,74,1,0,0,0,0,567,0,0,0
1990,60,2,0,0,0,0,207,5,40,0
1990,27,2,1,0,0,1,254,4,30,0
1990,48,1,2,0,0,0,769,1,40,0
1990,40,2,2,0,0,0,458,4,56,1
1990,34,1,0,0,2,0,436,3,48,0
1990,27,2,0,0,0,0,435,3,25,0
1990,39,1,2,0,0,1,176,5,48,0
1990,53,1,0,0,0,1,544,1,40,0
1990,52,2,0,0,0,1,315,1,25,0
1990,39,1,1,0,0,1,259,3,20,1
1990,24,1,0,0,0,0,883,1,40,0
1990,24,2,0,0,0,0,748,4,0,0
1990,43,1,0,0,0,1,375,4,40,0
1990,41,2,0,0,0,1,354,2,40,0
1990,44,1,0,0,0,0,355,2,40,0
1990,40,2,0,0,0,0,276,3,25,0
1990,21,1,1,0,0,0,869,0,40,0
1990,48,2,1,0,0,0,446,3,40,0
1990,72,1,0,1,0,0,0,0,0,0
1990,73,2,0,1,0,0,0,0,0,0
1990,41,1,0,0,0,0,486,0,45,0
1990,39,2,0,0,0,0,0,0,0,0
1990,19,1,1,0,0,0,264,3,6,0
1990,18,1,1,0,0,0,0,0,0,0
1990,45,1,0,0,0,1,448,1,57,1
1990,44,2,0,0,0,1,447,5,21,0
1990,19,1,1,0,0,1,889,1,32,0
1990,48,1,0,0,0,0,514,1,40,0
1990,41,2,0,0,0,0,447,4,40,0
1990,19,1,1,0,0,0,53,0,40,0
1990,65,1,0,0,0,0,808,5,10,0
1990,55,2,0,0,0,0,785,1,40,0
1990,40,2,0,0,0,1,156,5,35,0
1990,60,1,0,0,0,1,14,5,50,0
1990,53,1,2,0,0,0,637,1,40,0
1990,41,2,2,0,0,1,65,2,42,0
1990,79,2,3,0,0,0,0,0,0,0
1990,66,1,0,0,0,1,628,1,0,0
1990,61,2,0,0,0,0,529,3,50,0
1990,53,2,2,0,0,1,95,5,16,0
1990,32,1,2,0,0,1,675,1,40,0
1990,43,2,3,0,0,1,385,5,40,0
1990,22,2,1,0,0,0,379,4,40,0
1990,23,2,1,0,0,0,385,4,40,0
1990,20,1,1,0,0,1,274,3,32,0
1990,69,2,3,0,0,0,0,0,0,0
1990,58,2,3,0,0,0,0,0,0,0
1990,24,2,1,0,0,1,379,1,68,0
1990,57,2,3,1,0,1,156,5,0,0
1990,35,2,3,1,0,0,0,0,0,0
1990,58,1,3,1,0,0,0,0,0,0
1990,55,2,3,1,0,0,0,0,0,0
1990,76,1,2,1,0,0,0,0,0,0
1990,68,1,0,1,0,1,869,0,20,0
1990,62,2,0,1,0,0,0,0,0,0
1990,31,2,1,1,0,1,883,3,60,0
1990,62,1,0,3,0,0,7,6,0,0
1990,62,2,0,3,0,1,796,1,0,0
1990,28,1,3,1,0,0,0,0,0,0
1990,37,1,3,1,0,0,785,1,0,0
1990,38,1,0,0,0,1,22,3,0,0
1990,35,2,0,0,0,1,243,3,44,0
1990,56,2,3,0,0,0,274,3,25,0
1990,22,1,1,0,0,1,877,3,25,0
1990,27,1,0,0,0,1,243,3,40,0
1990,24,2,0,0,0,1,379,6,40,0
1990,76,1,0,0,0,0,0,0,0,0
1990,75,2,0,0,0,0,0,0,0,0
1990,76,1,0,0,0,0,0,0,0,0
1990,72,2,0,0,0,0,0,0,0,0
1990,52,1,1,0,0,0,458,4,0,0
1990,73,1,3,1,0,0,0,0,0,0
1990,57,2,3,1,0,0,274,3,0,0
1990,62,1,3,1,0,0,0,0,0,0
1990,57,1,2,0,0,1,0,0,0,0
1990,32,1,1,0,0,0,869,0,25,1
1990,31,1,0,0,0,0,584,0,45,0
1990,29,2,0,0,0,0,0,0,0,0
1990,36,1,0,0,0,1,558,0,55,1
1990,34,2,0,0,0,0,445,5,30,0
1990,41,1,3,0,0,0,785,1,40,0
1990,74,1,0,0,0,0,0,0,0,0
1990,69,2,0,0,0,0,0,0,0,0
1990,32,1,2,0,0,0,889,2,40,0
1990,34,1,1,0,0,1,243,3,40,1
1990,30,1,0,0,0,0,877,1,40,0
1990,29,2,0,0,0,1,383,4,0,0
1990,58,2,3,0,0,1,0,0,0,0
1990,41,2,1,0,0,0,0,0,0,0
1990,18,1,1,0,0,0,0,0,0,0
1990,67,1,1,0,0,0,0,0,0,0
1990,36,1,0,0,0,0,259,3,50,0
1990,33,2,0,0,0,0,0,0,0,0
1990,21,2,1,0,0,0,276,3,40,0
1990,25,2,1,1,0,0,274,4,40,0
1990,32,1,3,1,0,1,799,3,40,0
1990,64,1,0,0,0,0,0,0,0,0
1990,60,2,0,0,0,1,348,5,16,0
1990,21,1,1,0,0,1,27,5,4,0
1990,26,1,0,0,0,1,889,0,40,0
1990,23,2,0,0,0,0,385,5,40,0
1990,22,1,1,0,0,0,804,0,40,0
1990,62,2,1,0,0,1,315,6,30,0
1990,39,1,0,1,0,0,22,0,40,0
1990,40,2,0,1,0,0,315,5,40,0
1990,80,2,3,0,0,0,0,0,0,0
1990,75,2,3,0,0,0,0,0,0,0
1990,58,1,0,0,0,0,563,1,24,0
1990,59,2,0,0,0,0,0,0,0,0
1990,58,1,2,0,0,0,0,0,0,0
1990,45,1,0,1,0,0,448,3,50,0
1990,43,2,0,1,0,0,0,0,0,0
1990,35,1,0,0,0,0,505,3,45,0
1990,33,2,0,0,0,0,795,3,0,0
1990,69,1,0,0,0,0,0,0,0,0
1990,64,2,0,0,0,0,0,0,0,0
1990,25,1,2,0,0,0,434,5,48,0
1990,33,2,1,0,0,0,447,5,40,0
1990,80,2,0,0,0,0,0,0,0,0
1990,79,1,0,0,0,0,0,0,0,0
1990,26,2,1,0,0,1,229,4,45,0
1990,60,1,0,0,0,1,159,5,40,0
1990,57,2,0,0,0,1,207,5,40,0
1990,37,2,1,0,0,1,435,3,35,0
1990,65,2,3,0,0,1,207,5,0,0
1990,65,2,2,0,0,0,0,0,0,0
1990,62,1,0,0,0,1,436,5,0,0
1990,57,2,0,0,0,0,447,5,0,0
1990,18,1,1,0,0,0,0,0,0,0
1990,45,1,0,0,0,0,856,3,40,0
1990,41,2,0,0,0,0,308,4,15,0
1990,19,2,1,0,0,1,264,3,10,0
1990,22,2,1,0,0,1,479,0,40,0
1990,22,1,1,0,0,0,804,2,40,0
1990,51,2,2,0,0,0,447,5,40,0
1990,43,1,0,0,0,0,777,1,40,0
1990,39,2,0,0,0,0,0,0,0,0
1990,70,2,3,0,0,0,436,5,0,0
1990,76,2,3,0,0,0,0,0,0,0
1990,34,1,0,0,0,0,516,3,58,0
1990,27,2,0,0,0,0,25,4,40,0
1990,50,1,0,0,0,1,259,3,50,0
1990,46,2,0,0,0,1,157,5,40,0
1990,58,2,1,0,0,1,22,0,40,0
1990,36,2,2,0,0,0,375,4,45,0
1990,59,1,0,0,0,0,275,3,42,0
1990,63,2,0,0,0,0,0,0,0,0
1990,37,1,0,0,0,0,567,1,40,0
1990,40,2,0,0,0,0,0,0,0,0
1990,72,1,3,3,0,1,579,0,30,0
1990,50,1,3,0,0,1,255,4,40,0
1990,48,1,0,0,0,0,636,1,48,0
1990,42,2,0,0,0,0,0,0,0,0
1990,74,2,2,0,0,0,0,0,0,0
1990,74,2,3,0,0,0,319,4,0,0
1990,34,1,0,0,0,1,684,1,40,0
1990,33,2,0,0,0,1,159,5,10,0
1990,23,2,2,0,0,1,264,3,24,0
1990,76,2,3,0,0,0,0,0,0,0
1990,66,2,3,0,0,0,268,3,30,0
1990,24,1,0,0,0,1,253,4,40,0
1990,23,2,0,0,0,0,243,3,35,0
1990,77,1,0,0,0,0,356,1,0,0
1990,79,2,0,0,0,0,0,0,0,0
1990,56,1,0,0,0,1,22,1,45,0
1990,51,2,0,0,0,0,0,0,0,0
1990,20,2,1,0,0,1,313,5,40,0
1990,78,2,2,0,0,0,0,0,0,0
1990,39,1,0,0,0,0,706,1,40,0
1990,39,2,0,0,0,0,275,3,30,0
1990,36,1,0,3,3,1,243,3,50,1
1990,30,2,0,3,3,1,26,5,40,1
1990,37,1,0,0,0,1,628,1,65,0
1990,35,2,0,0,0,0,0,0,0,0
1990,49,2,2,0,0,1,159,4,40,0
1990,63,2,1,0,0,0,313,4,0,0
1990,53,1,0,0,0,1,154,5,60,1
1990,54,2,0,0,0,1,376,4,40,0
1990,27,1,1,0,0,1,243,3,50,0
1990,48,1,0,0,2,0,29,3,40,0
1990,47,2,0,0,0,0,319,2,6,0
1990,20,1,1,0,0,1,877,3,15,0
1990,69,1,0,0,0,0,849,1,40,0
1990,66,2,0,0,0,0,0,0,0,0
1990,55,1,0,0,0,0,628,1,40,1
1990,54,2,0,0,0,0,313,5,40,0
1990,22,1,1,0,0,1,224,1,40,0
1990,36,1,0,0,0,0,777,1,48,0
1990,36,2,0,0,0,1,0,0,0,0
1990,39,2,1,0,0,1,156,5,40,0
1990,37,1,0,0,0,1,22,1,50,1
1990,37,2,0,0,0,1,14,5,80,0
1990,50,2,3,0,0,1,447,5,40,0
1990,24,1,1,0,0,1,259,3,40,0
1990,19,1,1,0,0,1,444,3,32,0
1990,23,2,3,0,0,1,889,3,40,0
1990,45,1,0,0,2,0,185,1,40,0
1990,46,2,0,0,0,0,389,3,0,0
1990,49,1,0,0,0,1,13,3,60,0
1990,51,2,0,0,0,0,22,0,50,0
1990,26,2,2,0,0,1,166,3,40,0
1990,25,1,1,0,0,0,869,0,55,0
1990,51,2,2,0,0,0,0,0,0,0
1990,23,1,1,0,0,1,593,0,40,0
1990,61,1,0,0,0,0,877,3,25,0
1990,57,2,0,0,0,0,466,5,46,0
1990,41,1,0,0,0,1,257,5,69,1
1990,39,2,0,0,0,1,156,5,14,0
1990,27,1,0,0,0,1,505,4,50,0
1990,23,2,0,0,0,0,313,3,40,0
1990,55,1,0,0,0,1,259,3,60,0
1990,55,2,0,0,0,0,22,0,40,0
1990,55,2,2,0,0,1,0,0,0,0
1990,79,2,3,0,0,0,0,0,0,0
1990,40,1,0,0,0,0,706,1,40,0
1990,34,2,0,0,0,0,337,5,40,0
1990,72,1,0,0,0,0,0,0,0,0
1990,68,2,0,0,0,0,25,5,33,0
1990,43,1,0,0,0,0,243,2,45,0
1990,43,2,0,0,0,0,379,3,24,0
1990,20,2,1,0,0,1,877,3,30,0
1990,18,1,1,0,0,0,365,3,25,0
1990,77,2,3,0,0,0,0,0,0,0
1990,36,1,0,0,0,0,243,3,50,0
1990,31,2,0,0,0,1,23,0,40,0
1990,20,2,1,0,0,0,779,1,27,0
1990,37,1,2,0,0,1,263,3,60,0
1990,27,2,2,0,0,0,208,5,40,0
1990,34,1,0,0,0,0,883,0,40,0
1990,31,2,0,0,0,0,0,0,0,0
1990,55,1,0,0,0,0,644,1,40,0
1990,55,2,0,0,0,0,0,0,0,0
1990,21,1,1,0,0,0,644,1,32,0
1990,18,2,1,0,0,0,785,1,40,0
1990,37,1,0,0,0,1,22,1,50,1
1990,36,2,0,0,0,1,0,0,0,0
1990,51,1,2,0,0,0,385,1,40,0
1990,18,1,1,0,0,0,274,3,15,0
1990,64,2,2,0,0,0,339,4,0,0
1990,72,2,3,0,0,0,0,0,0,0
1990,70,1,0,0,0,0,0,0,0,0
1990,67,2,0,0,0,0,0,0,0,0
1990,31,2,2,0,0,0,446,5,40,0
1990,55,2,2,1,0,0,468,5,0,0
1990,71,1,3,1,0,0,0,0,0,0
1990,39,1,1,0,0,1,758,1,40,0
1990,72,1,0,0,0,0,0,0,0,0
1990,68,2,0,0,0,0,0,0,0,0
1990,43,2,1,0,0,1,104,5,40,0
1990,73,1,0,0,2,0,0,0,0,0
1990,70,2,0,0,2,0,0,0,0,0
1990,62,1,0,0,0,0,779,1,40,0
1990,61,2,0,0,0,0,0,0,0,0
1990,27,2,1,0,0,0,25,4,0,0
1990,36,1,2,0,0,0,549,3,40,0
1990,49,1,2,0,0,0,777,1,40,0
1990,44,1,0,0,0,1,156,5,40,0
1990,38,2,0,0,0,1,156,5,40,0
1990,28,1,1,0,0,0,869,0,16,0
1990,77,2,0,0,0,0,473,0,56,0
1990,37,1,0,0,0,1,53,2,40,1
1990,50,2,0,0,0,0,0,0,0,0
1990,32,1,0,0,0,1,779,1,44,0
1990,29,2,0,0,0,0,435,3,25,0
1990,33,1,1,1,0,0,558,0,0,0
1990,61,1,0,0,0,0,824,2,45,0
1990,51,2,0,0,0,0,877,3,40,0
1990,78,2,3,0,0,0,0,0,0,0
1990,62,1,3,0,0,0,436,3,0,0
1990,30,1,0,0,0,0,73,1,40,0
1990,29,2,0,0,0,0,308,4,50,0
1990,44,2,2,0,0,1,22,1,40,0
1990,52,2,2,0,0,0,276,3,20,0
1990,37,1,0,0,0,1,766,5,50,0
1990,34,2,0,0,0,1,159,5,40,0
1990,70,2,3,0,0,0,0,0,0,0
1990,21,2,1,0,0,1,188,5,50,0
1990,22,2,1,0,0,1,274,3,40,0
1990,42,1,0,0,0,1,417,6,52,0
1990,39,2,0,0,0,1,156,5,20,0
1990,76,2,3,0,0,0,0,0,0,0
1990,37,1,0,0,0,1,25,4,50,0
1990,34,2,0,0,0,0,808,5,6,0
1990,80,2,3,0,0,0,0,0,0,0
1990,37,1,2,0,0,0,803,3,40,0
1990,74,1,0,0,0,0,0,0,0,0
1990,75,2,0,0,0,0,0,0,0,0
1990,41,1,0,0,0,0,747,3,40,0
1990,36,2,0,0,0,0,243,3,35,0
1990,56,1,3,1,0,0,779,2,40,0
1990,29,1,1,1,0,0,277,5,40,0
1990,35,1,0,0,0,0,0,0,0,0
1990,24,2,0,0,0,0,319,4,40,0
1990,32,2,2,0,0,0,719,1,0,0
1990,29,1,0,0,0,0,486,0,16,0
1990,28,2,0,0,0,0,449,5,99,0
1990,63,1,0,0,0,1,22,4,40,0
1990,39,2,0,0,0,1,208,5,36,0
1990,63,1,0,0,0,0,253,4,40,0
1990,58,2,0,0,0,0,0,0,0,0
1990,71,1,0,0,0,0,0,0,0,0
1990,65,2,0,0,0,0,0,0,0,0
1990,65,2,3,0,0,1,22,1,30,1
1990,67,1,3,0,0,1,274,3,32,0
1990,69,2,3,0,0,1,156,5,21,0
1990,63,1,0,0,0,0,567,0,40,0
1990,60,2,0,0,0,0,386,4,0,0
1990,43,1,0,0,0,1,157,5,60,0
1990,44,2,0,0,0,1,95,4,12,0
1990,19,1,1,0,0,1,869,0,6,0
1990,62,1,0,0,0,1,156,5,40,0
1990,60,2,0,0,0,0,0,0,0,0
1990,25,1,0,0,0,0,567,0,40,0
1990,37,2,0,0,0,1,435,3,32,0
1990,48,2,2,0,0,0,274,3,35,0
1990,57,1,0,3,3,1,84,5,60,1
1990,52,2,0,3,3,1,23,5,25,0
1990,37,1,0,0,0,1,779,1,44,0
1990,36,2,0,0,0,1,205,5,0,0
1990,19,2,1,0,0,1,426,4,20,0
1990,69,2,3,0,0,1,95,5,18,0
1990,39,2,2,0,0,1,383,4,10,0
1990,30,2,0,0,0,1,178,5,40,0
1990,34,1,0,0,0,1,255,4,40,1
1990,62,1,0,0,0,1,7,1,40,1
1990,57,2,0,0,0,1,313,5,40,0
1990,73,2,3,0,0,0,0,0,0,0
1990,45,1,1,0,0,0,785,1,40,0
1990,36,1,2,0,0,0,756,1,40,0
1990,28,1,1,0,0,1,276,3,32,0
1990,36,1,2,0,0,0,567,0,40,0
1990,33,1,2,0,0,0,595,0,80,0
1990,28,1,0,0,0,0,637,1,40,0
1990,28,2,0,0,0,1,95,5,40,0
1990,40,1,0,0,0,1,19,4,50,1
1990,37,2,0,0,0,1,7,4,40,0
1990,22,2,1,3,0,1,385,3,40,0
1990,29,2,1,0,0,0,188,5,30,0
1990,35,1,0,0,0,0,453,1,40,0
1990,34,2,0,0,0,1,14,5,45,0
1990,32,2,0,0,0,1,216,1,40,0
1990,45,1,0,0,0,1,216,1,43,0
1990,33,1,0,0,0,0,567,0,40,0
1990,32,2,0,0,0,1,206,5,20,0
1990,69,2,3,0,2,0,0,0,0,0
1990,59,1,0,0,0,0,534,3,60,1
1990,56,2,0,0,0,0,0,0,0,0
1990,20,2,1,0,0,1,276,3,25,0
1990,62,1,0,0,0,0,597,1,0,0
1990,56,2,0,0,0,0,683,1,0,0
1990,26,1,0,0,0,0,514,4,48,0
1990,25,2,0,0,0,0,447,5,0,0
1990,47,1,0,0,0,1,634,1,46,0
1990,46,2,0,0,0,0,785,1,40,0
1990,38,1,2,0,0,1,777,1,40,0
1990,25,1,0,0,0,0,706,1,40,0
1990,20,2,0,0,0,0,313,5,40,0
1990,56,1,0,0,0,0,628,1,44,0
1990,48,2,0,0,0,1,319,1,40,0
1990,63,1,1,0,0,0,473,0,50,0
1990,55,1,0,0,0,0,889,1,40,0
1990,47,2,0,0,0,0,0,0,0,0
1990,23,2,1,0,0,1,203,5,40,0
1990,21,2,1,0,0,0,465,5,40,0
1990,19,1,1,0,0,0,514,4,40,0
1990,43,1,2,1,0,0,599,0,40,0
1990,25,1,0,0,0,1,433,3,40,0
1990,26,2,0,0,0,1,229,1,19,0
1990,31,1,0,0,0,0,253,4,40,0
1990,26,2,0,0,0,1,95,5,88,0
1990,26,2,2,0,0,0,0,0,0,0
1990,38,1,2,0,0,0,877,3,15,0
1990,70,1,0,0,0,0,0,0,0,0
1990,74,2,0,0,0,1,0,0,0,0
1990,20,1,1,0,0,1,785,1,45,0
1990,72,2,3,0,0,0,0,0,0,0
1990,43,1,0,0,0,1,216,5,40,0
1990,41,2,0,0,0,1,21,5,30,0
1990,41,1,1,0,0,1,195,1,40,0
1990,42,2,0,0,0,1,156,5,45,0
1990,44,1,0,0,0,0,355,2,40,0
1990,30,1,1,0,0,0,225,1,44,0
1990,72,1,0,0,0,0,259,3,20,0
1990,70,2,0,0,0,0,0,0,0,0
1990,41,1,0,0,0,1,22,5,48,1
1990,40,2,0,0,0,1,0,0,0,0
1990,64,1,0,0,0,0,628,1,0,0
1990,65,2,0,0,2,0,0,0,0,0
1990,24,1,1,0,0,0,426,4,40,0
1990,27,2,1,3,3,1,253,4,40,0
1990,28,1,0,0,0,1,45,1,48,0
1990,29,2,0,0,0,1,206,5,10,0
1990,40,1,0,0,0,1,13,1,50,1
1990,37,2,0,0,0,1,379,2,0,0
1990,49,1,0,1,0,1,154,5,50,1
1990,47,2,0,1,0,1,156,5,55,1
1990,27,2,2,3,0,1,22,3,55,0
1990,25,2,1,0,0,1,178,5,40,0
1990,30,2,1,0,0,1,22,2,45,0
1990,42,1,0,0,0,1,243,4,45,0
1990,51,2,0,0,0,1,276,3,0,0
1990,19,2,1,0,0,0,436,3,9,0
1990,34,2,3,0,0,1,274,3,56,0
1990,62,1,0,0,0,1,243,3,65,1
1990,64,2,0,0,0,1,0,0,0,0
1990,25,1,1,0,0,1,376,4,48,0
1990,80,1,0,0,0,1,253,4,3,0
1990,75,2,0,0,0,1,0,0,0,0
1990,54,2,3,0,0,1,156,5,40,0
1990,44,2,2,0,0,1,254,4,50,1
1990,20,2,1,0,0,1,319,4,40,0
1990,37,2,0,0,0,0,26,5,40,1
1990,43,1,0,0,0,1,26,5,40,1
1990,19,2,1,0,0,0,274,3,40,0
1990,62,1,0,0,0,1,176,5,60,0
1990,63,2,0,0,0,1,283,3,16,0
1990,34,1,2,0,0,1,22,2,50,0
1990,47,1,0,0,0,1,154,5,50,1
1990,42,2,0,0,0,1,188,5,3,0
1990,27,2,2,0,0,0,313,4,40,0
1990,33,1,0,3,3,1,17,5,60,0
1990,24,2,0,3,3,1,229,4,34,0
1990,29,1,0,0,0,0,779,1,45,0
1990,24,2,0,0,0,0,774,4,50,0
1990,34,2,1,1,0,1,84,5,50,1
1990,47,1,0,0,0,1,22,0,60,1
1990,45,2,0,0,0,1,14,5,40,0
1990,43,1,0,0,0,1,156,5,48,0
1990,40,2,0,0,0,0,0,0,0,0
1990,18,2,1,0,0,0,319,4,10,0
1990,38,1,0,0,0,1,22,1,60,1
1990,51,2,0,0,0,1,26,5,30,0
1990,37,1,0,0,0,1,235,6,50,0
1990,36,2,0,0,0,1,95,5,40,0
1990,44,1,0,0,2,1,243,4,48,1
1990,41,2,0,0,0,1,0,0,0,0
1990,22,1,1,0,0,0,443,3,30,0
1990,37,1,0,0,0,1,418,6,65,0
1990,35,2,0,0,0,1,206,5,40,0
1990,32,1,0,0,0,1,29,3,50,0
1990,36,2,0,0,0,1,21,5,37,0
1990,36,1,0,3,3,0,17,3,50,0
1990,35,2,0,0,0,1,0,0,0,0
1990,43,1,0,0,0,1,8,5,60,0
1990,39,2,0,0,0,1,156,5,30,0
1990,48,1,0,0,0,1,253,4,40,0
1990,47,2,0,0,0,0,95,5,55,0
1990,72,1,0,0,0,1,57,2,25,0
1990,65,2,0,0,0,0,0,0,0,0
1990,57,2,2,0,0,0,313,5,35,0
1990,44,1,0,0,0,1,355,2,40,0
1990,45,2,0,0,0,1,379,1,40,0
1990,26,1,1,0,3,1,449,5,0,0
1990,68,2,3,0,0,1,0,0,0,0
1990,23,1,1,0,0,1,883,2,0,0
1990,61,1,0,0,0,0,243,3,40,0
1990,61,2,0,0,0,1,337,3,40,0
1990,22,1,1,0,0,1,889,1,15,0
1990,57,1,0,0,0,1,159,5,48,1
1990,53,2,0,0,0,1,467,5,15,0
1990,23,1,1,0,0,1,267,3,20,0
1990,26,1,1,0,0,1,243,3,32,0
1990,20,2,1,0,0,1,264,3,30,0
1990,55,1,0,0,0,0,243,4,45,0
1990,47,2,0,0,0,1,255,4,40,0
1990,19,1,1,0,0,1,436,3,25,0
1990,23,1,1,0,0,1,25,4,40,0
1990,24,1,1,0,0,1,23,5,50,0
1990,35,1,1,0,0,0,22,1,40,0
1990,49,1,3,0,0,1,134,5,45,1
1990,25,1,0,0,0,1,376,2,45,0
1990,25,2,0,0,0,1,337,3,42,0
1990,29,1,0,0,0,1,804,2,60,0
1990,35,2,0,0,0,1,458,4,64,0
1990,33,1,0,0,0,1,354,2,40,0
1990,35,2,0,0,0,0,385,3,37,0
1990,23,1,1,0,0,1,17,3,40,0
1990,26,1,1,0,0,1,266,3,45,0
1990,48,1,1,0,0,0,889,1,40,0
1990,36,1,0,0,0,1,806,3,40,0
1990,34,2,0,0,0,1,406,4,8,0
1990,29,2,2,0,0,1,313,4,45,0
1990,69,1,0,0,0,0,0,0,0,0
1990,66,2,0,0,0,0,0,0,0,0
1990,24,2,3,0,0,0,754,3,0,0
1990,21,1,1,0,0,1,188,1,40,0
1990,18,2,1,0,0,0,203,5,30,0
1990,24,2,0,0,0,1,96,3,42,0
1990,25,1,0,0,0,1,23,5,44,0
1990,24,1,1,0,0,1,229,4,40,0
1990,68,1,2,0,0,0,747,1,20,0
1990,34,1,0,0,0,1,22,1,40,1
1990,33,2,0,0,0,1,216,2,0,0
1990,33,1,0,0,0,1,13,4,40,0
1990,29,2,0,0,0,1,95,5,20,0
1990,50,1,0,0,0,0,689,1,40,0
1990,51,2,0,0,0,0,529,2,40,0
1990,63,1,0,0,0,0,0,0,0,0
1990,64,2,0,0,0,0,0,0,0,0
1990,34,1,0,0,0,1,26,4,40,0
1990,34,2,0,0,0,1,188,4,40,0
1990,49,1,0,0,0,1,156,5,70,0
1990,49,2,0,0,0,1,156,5,35,0
1990,57,1,0,0,0,0,365,5,40,0
1990,53,2,0,0,0,0,799,3,40,0
1990,30,1,1,0,0,1,385,5,40,0
1990,30,2,1,0,0,0,466,5,45,0
1990,20,1,1,0,0,0,549,3,40,0
1990,41,1,0,0,0,1,65,2,45,0
1990,30,2,0,0,0,1,13,1,45,0
1990,21,1,1,0,0,0,447,5,40,0
1990,27,1,0,1,0,1,235,2,40,0
1990,24,2,0,0,0,1,337,2,40,0
1990,77,2,3,0,0,1,0,0,0,0
1990,31,1,0,0,0,1,185,1,40,0
1990,33,2,0,0,0,1,323,3,0,0
1990,40,1,0,0,0,1,558,3,40,0
1990,41,2,0,0,0,0,343,3,32,0
1990,18,2,1,0,0,0,0,0,0,0
1990,55,2,2,0,0,0,275,4,0,0
1990,75,2,3,0,0,0,0,0,0,0
1990,51,1,0,0,0,0,575,0,55,1
1990,49,2,0,0,0,0,0,0,0,0
1990,37,1,0,0,0,1,418,6,40,0
1990,36,2,0,0,0,1,156,5,30,0
1990,68,2,3,0,0,1,95,5,40,0
1990,59,2,2,0,0,0,319,5,32,0
1990,30,1,1,0,0,0,348,4,30,0
1990,41,1,2,0,0,1,7,3,42,0
1990,18,2,1,0,0,0,276,5,25,0
1990,30,1,0,0,0,0,18,4,40,0
1990,33,2,0,0,0,1,27,6,40,0
1990,23,1,1,1,4,0,243,3,40,0
1990,57,1,0,0,0,1,0,0,0,0
1990,57,2,0,3,3,0,438,3,0,0
1990,49,1,0,0,0,1,33,1,40,0
1990,49,2,0,0,0,0,319,5,40,0
1990,20,2,1,0,0,1,208,3,20,0
1990,55,1,0,0,0,1,696,1,45,0
1990,57,2,0,0,0,0,469,3,40,0
1990,67,1,0,0,0,1,229,4,15,0
1990,66,2,0,0,0,0,808,2,20,0
1990,41,1,3,0,0,1,229,6,40,0
1990,43,1,1,0,0,1,22,3,40,0
1990,40,2,1,1,0,1,523,2,40,0
1990,63,2,3,0,2,0,18,4,38,0
1990,37,2,2,0,0,0,566,0,40,0
1990,40,1,0,0,0,0,756,5,48,0
1990,35,2,0,0,0,0,264,3,40,0
1990,72,1,0,0,0,0,0,0,0,0
1990,66,2,0,0,0,0,0,0,0,0
1990,35,1,0,0,0,0,453,2,47,0
1990,29,2,0,0,0,0,243,3,30,0
1990,27,1,0,1,0,1,304,5,40,0
1990,26,2,0,1,0,1,354,2,40,0
1990,42,1,2,0,0,0,783,1,40,0
1990,40,2,2,0,0,1,385,1,40,0
1990,34,1,2,0,0,0,804,2,45,0
1990,25,2,1,0,0,1,276,3,50,0
1990,67,2,3,0,0,0,0,0,0,0
1990,39,1,3,0,0,0,364,2,40,0
1990,67,2,2,0,0,0,0,0,0,0
1990,42,2,1,0,0,1,156,5,47,0
1990,40,2,1,0,0,0,243,3,45,0
1990,30,1,0,0,0,1,243,4,40,0
1990,28,2,0,0,0,1,27,4,40,0
1990,70,1,0,0,2,0,0,0,0,1
1990,68,2,0,0,0,0,0,0,0,0
1990,23,2,1,0,0,1,229,4,20,0
1990,36,1,0,0,0,1,64,4,40,0
1990,39,2,0,0,0,1,188,4,7,0
1990,28,1,0,0,0,1,22,5,45,0
1990,31,2,0,0,0,1,363,1,40,0
1990,53,1,0,0,0,1,185,0,40,1
1990,54,2,0,0,0,1,467,5,15,0
1990,40,2,3,0,3,1,243,3,60,0
1990,34,1,0,0,0,1,243,4,46,0
1990,38,2,0,0,0,1,95,5,16,0
1990,39,1,0,0,0,1,259,3,65,0
1990,42,2,0,0,0,1,0,0,0,0
1990,19,1,1,0,0,1,276,3,30,0
1990,42,2,1,0,0,1,22,2,45,0
1990,53,1,2,0,0,0,579,0,0,0
1990,68,2,3,0,0,0,254,4,40,0
1990,41,1,0,0,0,1,198,2,40,0
1990,31,2,0,0,0,1,197,2,40,0
1990,38,2,0,0,0,1,178,6,40,0
1990,38,1,0,0,0,1,178,5,46,0
1990,73,1,1,0,0,1,0,0,0,0
1990,80,2,3,0,0,0,0,0,0,0
1990,24,1,1,0,0,0,473,0,50,0
1990,34,1,0,0,0,1,156,5,50,0
1990,33,2,0,0,0,0,447,5,35,0
1990,22,1,0,0,0,1,376,1,40,0
1990,21,2,0,0,0,0,337,3,40,0
1990,33,2,2,0,0,0,275,4,45,0
1990,35,1,2,0,0,0,364,3,40,0
1990,24,1,0,0,0,0,804,3,50,0
1990,29,2,0,0,0,0,628,3,0,0
1990,34,1,0,0,0,0,22,1,43,0
1990,32,2,0,0,0,0,257,2,40,0
1990,40,1,0,0,0,1,709,1,40,0
1990,38,2,0,0,0,0,313,5,40,0
1990,49,1,0,0,0,1,507,2,40,0
1990,46,2,0,0,0,1,25,4,40,0
1990,20,2,1,0,0,1,318,2,22,0
1990,28,2,0,0,0,0,435,3,40,0
1990,31,1,0,0,0,0,17,3,40,0
1990,26,1,1,0,0,1,628,1,50,0
1990,25,2,1,0,0,1,385,4,25,0
1990,38,1,0,0,0,1,203,5,40,0
1990,36,2,0,0,0,1,14,5,40,0
1990,45,1,0,1,0,0,804,2,99,0
1990,45,2,0,1,0,0,444,3,0,0
1990,43,1,0,0,0,0,585,0,40,0
1990,44,2,0,0,0,0,276,3,40,0
1990,19,2,1,0,0,0,0,0,0,0
1990,76,1,0,0,0,0,0,0,0,0
1990,71,2,0,0,0,0,0,0,0,0
1990,55,1,2,0,0,0,509,4,99,0
1990,47,2,2,0,0,0,785,1,40,0
1990,57,1,0,0,0,0,364,1,45,0
1990,26,2,0,0,0,0,469,3,40,0
1990,69,1,3,0,0,0,268,3,12,0
1990,51,1,0,0,0,1,22,5,60,1
1990,49,2,0,0,0,0,8,1,45,0
1990,58,1,0,0,0,1,176,5,70,0
1990,60,2,0,0,0,1,0,0,0,0
1990,26,1,0,0,0,1,22,4,45,0
1990,27,2,0,0,0,1,23,1,40,0
1990,80,2,3,0,0,0,0,0,0,0
1990,76,2,3,0,0,0,0,0,0,0
1990,21,1,1,0,0,1,444,3,40,0
1990,21,1,0,0,0,1,877,3,30,0
1990,21,2,0,0,0,0,315,4,40,0
1990,30,2,0,0,0,0,373,3,40,0
1990,23,1,0,0,0,1,426,3,40,0
1990,30,1,0,0,0,1,575,6,40,0
1990,32,2,0,0,0,0,5,6,40,0
1990,52,2,3,3,3,0,0,0,0,0
1990,43,1,0,0,0,0,806,3,40,0
1990,42,2,0,0,0,0,313,6,40,0
1990,64,1,0,0,0,1,55,1,0,0
1990,64,2,0,0,0,0,0,0,0,0
1990,25,1,1,0,0,1,634,1,45,0
1990,25,1,0,0,0,0,887,4,0,0
1990,28,2,0,0,0,0,313,4,0,0
1990,22,2,1,0,0,1,95,5,90,0
1990,25,1,1,0,0,0,577,2,25,0
1990,58,1,0,0,0,0,804,1,40,0
1990,59,2,0,0,0,0,0,0,0,0
1990,28,1,2,0,0,0,455,4,46,0
1990,27,1,2,0,0,0,505,1,50,0
1990,54,2,3,1,0,0,453,4,40,0
1990,34,2,1,1,0,0,385,4,40,0
1990,65,1,0,1,0,0,0,0,0,0
1990,62,2,0,0,0,0,0,0,0,0
1990,19,1,1,1,0,0,0,0,0,0
1990,45,2,3,1,0,0,243,3,0,0
1990,19,1,1,1,0,0,446,5,40,0
1990,29,2,1,1,0,1,0,0,0,0
1990,58,1,3,1,0,0,0,0,0,0
1990,48,2,1,1,0,0,0,0,0,0
1990,30,2,1,1,0,0,0,0,0,0
1990,48,2,2,1,0,1,385,6,0,0
1990,45,1,2,1,0,1,579,0,30,0
1990,68,2,3,1,0,0,0,0,0,0
1990,32,2,1,1,0,1,17,3,0,0
1990,57,1,1,0,0,0,385,2,40,0
1990,69,1,2,1,0,0,616,0,0,0
1990,70,2,3,1,0,0,0,0,0,0
1990,64,2,3,1,0,0,0,0,0,0
1990,59,2,2,1,0,1,203,5,40,0
1990,37,2,2,1,0,1,26,5,40,0
1990,69,1,3,0,0,0,22,2,0,0
1990,37,2,1,0,0,0,359,5,40,0
1990,33,2,2,1,0,1,0,0,0,0
1990,35,1,0,0,0,1,567,3,55,0
1990,29,2,0,0,0,0,804,2,50,0
1990,37,2,1,1,0,0,447,5,40,0
1990,18,1,1,1,0,0,0,0,0,0
1990,72,1,0,1,0,1,174,5,20,0
1990,71,2,0,1,0,1,14,5,50,1
1990,61,1,0,1,0,1,0,0,0,0
1990,63,2,0,1,0,0,0,0,0,0
1990,77,2,3,1,0,0,0,0,0,0
1990,39,1,3,0,0,1,696,4,48,0
1990,23,2,0,0,0,1,159,5,40,0
1990,24,1,0,0,0,1,447,5,21,0
1990,27,1,0,0,0,1,804,1,45,0
1990,29,2,0,0,0,1,313,4,37,0
1990,25,1,1,0,0,1,329,5,20,0
1990,21,1,1,0,0,0,379,3,40,0
1990,22,1,1,0,0,0,274,5,20,0
1990,39,1,1,0,2,1,599,0,45,0
1990,21,2,1,0,0,0,175,5,25,0
1990,22,1,1,0,0,1,436,3,60,0
1990,21,2,1,0,0,1,469,5,30,0
1990,18,2,1,0,0,0,276,3,30,0
1990,20,2,1,3,0,1,163,5,35,0
1990,19,2,1,0,0,1,687,3,26,0
1990,18,2,1,0,0,1,435,3,30,0
1990,26,2,2,0,0,1,447,5,0,0
1990,20,1,1,0,0,1,276,4,35,0
1990,26,1,1,0,3,1,378,4,40,0
1990,22,1,1,0,0,1,23,4,25,0
1990,32,2,2,1,0,1,385,3,12,0
1990,52,1,2,1,0,0,579,0,40,0
1990,21,1,1,0,0,1,804,3,55,0
1990,20,2,1,0,0,1,438,3,20,0
1990,71,2,2,0,0,0,0,0,0,0
1990,65,1,0,0,0,0,0,0,0,0
1990,52,2,0,0,0,0,0,0,0,0
1990,23,2,1,0,0,1,318,2,40,0
1990,23,2,1,0,0,1,376,4,55,0
1990,22,2,1,0,0,1,318,2,40,0
1990,63,1,2,0,0,0,856,3,0,0
1990,19,2,2,0,0,0,0,0,0,0
1990,46,1,3,1,0,0,804,2,40,0
1990,45,2,2,0,0,1,229,4,40,1
1990,34,1,3,0,0,1,628,4,65,0
1990,77,2,3,0,0,0,0,0,0,0
1990,21,2,2,0,0,0,449,4,0,0
1990,30,1,2,0,0,1,453,4,60,0
1990,77,2,0,0,0,1,0,0,0,0
1990,66,1,0,0,0,1,806,3,16,0
1990,34,2,0,0,0,1,276,3,40,0
1990,35,1,0,0,0,1,266,3,40,0
1990,24,1,0,0,0,0,364,3,40,0
1990,28,2,0,0,0,1,376,5,72,0
1990,33,1,1,3,1,1,23,2,40,0
1990,29,1,2,0,0,0,585,0,50,0
1990,70,2,3,0,0,0,365,3,14,0
1990,22,1,1,0,0,1,567,0,25,0
1990,40,2,2,0,0,1,313,6,40,0
1990,41,1,0,0,0,1,27,5,40,1
1990,40,2,0,0,0,1,95,5,24,0
1990,39,1,0,0,0,1,13,3,60,0
1990,41,2,0,0,0,1,163,5,50,0
1990,31,2,1,0,0,1,525,6,40,0
1990,63,1,1,0,0,0,869,2,0,0
1990,34,2,1,1,0,1,155,5,0,0
1990,28,1,2,0,0,0,365,0,40,0
1990,32,2,2,0,0,0,447,5,40,0
1990,56,1,0,0,0,0,253,4,60,0
1990,48,2,0,0,0,0,243,3,35,0
1990,49,1,0,0,0,1,804,2,48,1
1990,37,2,0,0,0,0,0,0,0,0
1990,59,2,0,0,3,1,754,3,40,0
1990,55,1,0,0,2,1,189,4,45,0
1990,24,1,1,0,0,1,785,3,40,0
1990,42,1,0,0,0,1,525,4,50,0
1990,42,2,0,0,0,1,313,3,40,0
1990,21,2,1,0,0,1,383,4,40,0
1990,18,2,1,0,0,1,0,0,0,0
1990,64,2,3,0,0,0,159,5,14,0
1990,29,2,0,0,0,1,229,5,40,0
1990,30,1,0,0,0,0,426,4,40,0
1990,44,1,0,1,0,1,379,5,46,0
1990,40,2,0,0,0,1,319,5,40,0
1990,42,2,1,0,0,1,95,5,40,0
1990,20,1,1,0,0,1,365,1,60,0
1990,26,2,1,3,3,1,29,3,40,0
1990,47,2,2,1,0,1,159,1,35,0
1990,60,2,3,0,0,0,0,0,0,0
1990,26,1,1,0,0,0,566,3,12,0
1990,69,1,0,0,0,0,453,5,20,0
1990,59,2,0,0,2,0,0,0,0,0
1990,39,2,1,0,0,1,156,5,60,0
1990,41,2,1,1,0,0,808,5,24,0
1990,19,2,1,1,0,0,379,2,20,0
1990,37,2,2,1,0,1,95,5,40,0
1990,30,1,1,1,0,0,804,6,40,0
1990,24,2,1,1,0,0,359,6,40,0
1990,68,2,0,0,0,0,0,0,0,0
1990,77,1,0,0,0,0,22,5,0,1
1990,40,1,0,0,0,1,696,1,40,1
1990,36,2,0,0,0,1,0,0,0,0
1990,33,2,3,1,0,1,313,6,40,0
1990,20,2,1,0,0,1,435,3,40,0
1990,35,2,1,0,0,1,203,5,40,0
1990,34,2,3,0,0,1,26,6,40,0
1990,29,1,2,0,0,1,23,6,40,0
1990,34,2,2,0,0,0,877,3,40,0
1990,36,1,2,0,0,0,777,1,99,0
1990,37,1,0,0,0,1,176,5,50,0
1990,34,2,0,0,0,1,387,5,15,0
1990,52,1,0,0,0,0,243,4,40,1
1990,50,2,0,0,0,0,386,4,40,0
1990,42,2,2,0,0,0,754,3,40,0
1990,20,1,1,0,0,0,599,0,32,0
1990,43,1,2,0,0,1,757,1,40,0
1990,37,2,3,0,0,1,23,0,17,0
1990,56,2,2,0,0,1,234,3,40,0
1990,24,2,1,0,0,1,159,5,25,0
1990,71,1,1,0,0,1,0,0,0,0
1990,74,2,3,0,0,0,0,0,0,0
1990,35,1,1,0,0,0,657,1,40,0
1990,22,2,1,0,0,0,458,4,40,0
1990,48,2,3,0,0,1,308,0,40,0
1990,20,2,1,0,0,1,435,3,0,0
1990,54,2,2,0,0,0,274,3,20,0
1990,38,2,1,0,0,0,365,4,40,0
1990,26,1,1,0,0,0,579,0,40,0
1990,40,2,2,0,0,0,7,3,40,0
1990,23,2,1,1,0,1,447,5,40,0
1990,25,1,1,0,0,1,376,4,40,0
1990,19,1,1,0,0,1,523,5,20,0
1990,22,1,1,0,0,1,253,4,40,0
1990,56,1,1,0,0,1,84,4,80,1
1990,63,2,3,0,0,0,0,0,0,0
1990,22,1,1,0,0,0,804,2,40,0
1990,19,2,1,0,0,0,447,0,17,0
1990,54,1,0,1,0,0,447,5,40,0
1990,47,2,0,1,0,1,748,4,40,0
1990,62,1,0,3,0,0,0,0,0,0
1990,57,2,0,3,0,0,0,0,0,0
1990,23,2,1,3,0,1,313,4,50,0
1990,33,1,1,3,0,0,628,1,50,0
1990,80,1,0,0,0,0,0,0,0,0
1990,77,2,0,0,2,0,0,0,0,0
1990,63,2,2,0,0,1,95,6,40,0
1990,71,1,0,0,0,1,44,1,20,0
1990,72,2,0,0,0,1,276,3,6,0
1990,52,2,3,1,0,0,0,0,0,0
1990,45,2,2,1,0,0,706,1,45,0
1990,25,1,1,1,0,0,757,1,40,0
1990,24,2,2,0,0,0,683,1,40,0
1990,71,2,3,0,0,0,276,3,22,0
1990,43,2,3,0,0,0,683,1,40,0
1990,19,1,1,0,0,0,883,2,20,0
1990,72,1,0,0,0,0,789,1,15,0
1990,61,2,0,0,0,1,338,3,0,0
1990,39,1,1,0,0,1,73,1,40,0
1990,31,1,0,0,0,0,278,1,40,0
1990,32,2,0,0,0,0,909,6,0,0
1990,63,2,3,0,0,0,0,0,0,0
1990,32,2,3,0,0,0,799,3,40,0
1990,39,1,3,0,0,0,505,4,50,0
1990,45,2,2,0,0,0,754,1,45,0
1990,25,1,1,0,0,1,173,5,20,0
1990,49,2,2,0,0,1,315,5,70,0
1990,34,1,2,1,0,0,436,3,40,0
1990,79,1,0,0,0,0,747,3,0,0
1990,74,2,0,0,0,0,274,3,12,0
1990,33,1,3,0,0,0,446,5,40,0
1990,79,1,3,0,0,0,0,0,0,0
1990,71,2,3,0,0,0,0,0,0,0
1990,74,2,3,0,0,0,407,4,20,0
1990,25,1,1,0,0,1,167,5,30,0
1990,31,2,1,1,0,0,0,0,0,0
1990,24,1,1,0,0,0,575,0,40,0
1990,25,1,1,0,0,1,804,2,34,0
1990,26,2,1,0,0,0,356,3,30,0
1990,66,2,3,0,0,0,313,5,40,0
1990,51,1,2,0,0,0,824,2,60,0
1990,29,1,0,0,0,1,259,1,50,0
1990,29,2,0,0,0,1,36,6,40,0
1990,40,2,1,0,0,1,22,5,40,0
1990,37,1,0,0,0,0,804,3,45,0
1990,38,2,0,0,0,0,785,1,40,0
1990,68,2,3,0,0,0,415,6,40,0
1990,35,1,1,0,0,0,0,0,0,0
1990,34,1,1,0,0,0,785,1,46,0
1990,77,2,3,0,0,0,337,3,0,0
1990,47,2,2,0,0,1,315,5,40,0
1990,23,2,1,0,0,0,0,0,0,0
1990,20,1,1,0,0,1,17,3,40,0
1990,25,1,1,0,0,0,869,0,40,0
1990,23,1,2,0,0,0,507,2,40,0
1990,25,1,0,0,0,0,505,4,60,0
1990,27,2,0,0,0,0,385,4,40,0
1990,20,1,1,0,0,1,856,3,40,0
1990,34,1,1,0,0,0,0,0,0,0
1990,37,1,3,0,0,0,719,1,40,0
1990,20,1,1,0,0,0,719,1,40,0
1990,60,1,0,0,0,0,503,1,0,0
1990,57,2,0,0,0,0,0,0,0,0
1990,59,1,0,1,0,1,174,5,55,0
1990,49,2,0,1,0,0,777,1,40,0
1990,60,1,0,0,0,0,727,1,40,0
1990,53,2,0,0,0,0,453,4,40,0
1990,34,1,0,1,0,1,23,1,40,0
1990,30,2,0,1,0,1,5,6,40,0
1990,18,2,1,1,0,0,264,3,35,0
1990,66,1,2,1,0,1,274,3,40,0
1990,53,2,0,0,0,1,0,0,0,0
1990,55,1,0,0,0,1,22,1,55,1
1990,28,1,1,0,0,0,785,5,18,0
1990,80,2,0,0,0,0,0,0,0,0
1990,31,1,1,1,0,1,487,0,40,0
1990,32,1,2,1,4,1,17,3,40,0
1990,60,2,3,1,0,0,0,0,0,0
1990,25,2,1,1,0,1,436,3,40,0
1990,39,1,1,1,0,0,808,5,40,0
1990,70,2,3,1,0,0,0,0,0,0
1990,50,2,3,1,0,0,444,5,40,0
1990,28,1,1,1,0,0,444,5,20,0
1990,60,1,3,1,0,1,22,4,40,1
1990,47,2,0,1,0,1,156,5,30,0
1990,51,1,0,1,0,0,799,3,20,0
1990,45,2,3,1,0,0,0,0,0,0
1990,27,2,1,1,0,0,909,6,0,0
1990,61,2,2,1,0,1,14,5,40,0
1990,48,1,3,1,0,0,0,0,0,0
1990,71,1,0,1,0,0,22,0,25,0
1990,65,2,0,1,0,0,447,5,40,0
1990,41,1,2,1,0,0,426,4,25,0
1990,39,2,2,1,0,0,0,0,0,0
1990,19,2,1,1,0,0,0,0,0,0
1990,40,2,2,1,0,0,319,5,20,0
1990,19,2,1,1,0,0,0,0,0,0
1990,25,1,0,0,0,0,566,0,40,0
1990,25,2,0,0,0,0,0,0,0,0
1990,70,1,0,1,0,1,0,0,0,0
1990,64,2,0,1,0,1,36,6,99,0
1990,23,2,3,0,0,0,0,0,0,0
1990,55,2,3,0,0,0,0,0,0,0
1990,56,1,0,1,0,0,709,1,40,0
1990,55,2,0,1,0,0,354,2,40,0
1990,29,1,0,0,0,0,558,0,48,1
1990,37,2,0,0,0,0,686,3,30,0
1990,52,1,0,0,0,0,785,1,30,0
1990,51,2,0,0,0,0,0,0,0,0
1990,55,1,2,1,0,0,0,0,0,0
1990,43,1,2,0,0,0,779,1,40,0
1990,32,1,0,1,0,0,449,5,40,0
1990,35,2,0,1,0,0,0,0,0,0
1990,80,1,0,0,0,0,0,0,0,0
1990,76,2,0,0,0,0,0,0,0,0
1990,59,1,2,0,0,0,364,1,40,0
1990,37,1,2,0,0,0,628,1,40,0
1990,34,2,2,0,0,0,439,3,40,0
1990,42,1,0,0,0,0,885,3,60,0
1990,41,2,0,0,0,0,276,3,45,0
1990,29,1,1,0,0,0,243,3,48,0
1990,64,1,0,0,0,1,869,0,20,0
1990,62,2,0,0,0,0,336,6,12,0
1990,46,2,0,0,0,1,5,6,44,0
1990,42,1,0,0,0,1,8,6,0,0
1990,24,1,1,0,0,1,55,6,40,0
1990,76,2,3,0,0,0,0,0,0,0
1990,48,2,0,0,0,0,469,5,40,0
1990,22,1,0,0,0,0,549,3,80,0
1990,24,2,1,0,0,0,259,3,48,0
1990,23,2,3,0,0,0,0,0,0,0
1990,59,1,0,0,0,0,734,1,40,1
1990,58,2,0,0,0,0,365,3,20,0
1990,25,2,1,0,0,1,23,4,42,0
1990,68,1,2,0,0,0,0,0,0,0
1990,57,1,0,0,0,0,174,5,40,0
1990,51,2,0,0,0,0,435,3,32,0
1990,45,2,2,0,0,0,276,3,40,0
1990,23,1,1,0,0,1,235,5,30,0
1990,31,1,1,0,0,0,585,1,38,0
1990,19,2,1,0,0,0,688,3,20,0
1990,18,1,1,0,0,0,877,3,40,0
1990,31,2,0,0,0,1,254,4,60,1
1990,33,1,0,0,0,1,417,6,50,0
1990,33,1,3,0,0,0,225,6,36,0
1990,56,2,3,0,0,0,285,3,20,0
1990,24,2,3,0,0,0,466,5,40,0
1990,25,1,0,0,0,0,533,6,40,0
1990,25,2,0,0,0,0,276,3,20,0
1990,37,1,0,0,0,1,22,6,40,0
1990,36,2,0,0,0,1,468,5,50,0
1990,30,2,0,0,0,1,375,4,40,0
1990,34,1,0,0,0,1,55,1,40,0
1990,38,2,3,0,0,1,64,4,40,0
1990,29,1,0,0,0,0,505,4,56,0
1990,30,2,0,0,0,0,364,3,32,0
1990,65,1,0,0,0,0,734,1,87,0
1990,58,2,0,0,0,0,348,5,40,0
1990,24,2,1,0,0,1,5,6,40,0
1990,54,1,0,0,0,1,307,6,40,0
1990,53,2,0,0,0,0,315,5,37,0
1990,19,1,1,0,0,1,363,5,12,0
1990,65,1,0,0,0,0,0,0,0,0
1990,55,2,0,0,0,0,0,0,0,0
1990,36,1,1,0,0,0,0,0,0,0
1990,30,1,1,0,0,0,0,0,0,0
1990,38,2,2,0,0,0,505,1,40,0
1990,29,1,0,0,0,1,883,2,40,0
1990,28,2,0,0,0,1,259,1,50,0
1990,31,1,0,0,0,1,363,1,50,0
1990,32,2,0,0,0,1,774,4,0,0
1990,39,1,0,0,0,1,36,6,30,0
1990,21,2,0,0,0,1,156,5,40,0
1990,69,2,3,0,0,0,0,0,0,0
1990,78,2,1,0,0,1,0,0,0,0
1990,55,1,2,0,0,0,0,0,0,0
1990,74,1,2,0,0,0,0,0,0,0
1990,47,1,1,0,0,1,22,5,45,0
1990,55,1,0,0,0,1,59,6,40,1
1990,53,2,0,0,0,1,194,4,30,0
1990,37,1,3,0,0,0,505,4,40,0
1990,55,2,2,0,0,0,435,3,30,0
1990,58,2,2,0,0,0,449,4,40,0
1990,69,1,0,0,0,1,0,0,0,0
1990,66,2,0,0,0,0,0,0,0,0
1990,76,2,3,0,0,0,0,0,0,0
1990,34,1,0,0,0,0,904,6,50,0
1990,25,2,0,0,0,1,313,6,45,0
1990,38,1,0,0,0,1,529,2,65,1
1990,35,2,0,0,0,0,0,0,0,0
1990,41,1,0,3,3,1,22,1,40,1
1990,43,2,0,3,3,1,0,0,0,0
1990,48,2,2,0,0,0,389,5,40,0
1990,67,2,2,0,0,0,0,0,0,0
1990,40,1,1,0,0,0,254,0,40,1
1990,78,1,0,0,0,0,0,0,0,0
1990,68,2,0,0,0,0,0,0,0,0
1990,76,2,3,0,0,0,0,0,0,0
1990,60,1,3,0,0,0,734,1,35,0
1990,25,1,0,0,0,0,885,3,0,0
1990,33,2,0,0,0,1,95,5,37,0
1990,76,1,3,0,0,0,0,0,0,0
1990,35,1,0,0,0,0,567,0,40,0
1990,38,2,0,0,0,0,315,2,40,0
1990,18,2,1,0,0,0,466,5,20,0
1990,58,2,2,0,0,1,683,1,0,0
1990,36,1,2,0,0,0,856,1,48,0
1990,18,1,1,0,0,0,637,1,40,0
1990,33,1,0,1,0,1,33,1,40,0
1990,38,2,0,1,0,1,308,4,40,1
1990,33,1,0,0,0,1,505,1,55,0
1990,33,2,0,0,0,0,274,3,30,0
1990,24,1,2,0,0,0,567,0,40,0
1990,25,2,1,0,0,0,276,3,40,0
1990,72,2,3,0,0,0,0,0,0,0
1990,41,1,1,0,0,0,885,4,40,0
1990,46,1,2,0,0,1,14,5,60,1
1990,53,1,0,0,0,1,365,1,55,0
1990,58,2,0,0,0,1,17,5,30,0
1990,39,1,0,0,0,0,856,2,40,0
1990,35,2,0,0,0,0,274,3,25,0
1990,34,1,1,0,0,1,23,5,48,1
1990,35,1,0,0,0,0,706,1,56,0
1990,36,2,0,0,0,0,769,1,40,0
1990,49,1,0,0,0,1,59,5,40,1
1990,49,2,0,0,0,1,379,4,40,0
1990,22,1,1,0,0,1,213,5,30,0
1990,19,1,1,0,0,1,379,5,15,0
1990,42,1,0,0,0,0,634,1,40,0
1990,40,2,0,0,0,0,276,3,15,0
1990,21,1,1,0,0,0,276,0,40,0
1990,29,1,0,0,0,0,453,4,40,0
1990,25,2,0,0,0,1,243,3,35,0
1990,30,1,0,0,0,0,785,1,40,0
1990,27,2,0,0,0,0,458,4,20,0
1990,34,1,0,0,0,0,706,1,40,0
1990,29,2,0,0,0,0,877,3,10,0
1990,58,2,3,0,0,0,13,1,40,0
1990,71,1,0,0,0,0,0,0,0,0
1990,67,2,0,0,0,0,0,0,0,0
1990,46,1,0,0,0,1,23,1,50,0
1990,43,2,0,0,0,0,389,4,40,0
1990,41,1,0,0,0,0,804,1,40,0
1990,34,2,0,0,0,1,308,3,40,0
1990,39,1,0,0,0,0,373,3,48,0
1990,30,2,0,0,0,1,308,2,28,0
1990,28,1,0,0,0,0,549,5,54,0
1990,28,2,0,0,0,1,65,5,35,0
1990,58,1,1,0,0,0,734,1,37,0
1990,33,1,0,0,0,1,55,1,48,0
1990,33,2,0,0,0,1,65,1,45,0
1990,24,1,0,0,0,1,376,1,40,0
1990,28,2,0,0,0,1,97,5,45,0
1990,41,2,2,0,0,1,95,5,40,0
1990,18,1,1,0,0,0,17,3,65,0
1990,28,1,0,0,0,0,563,0,35,0
1990,29,2,0,0,0,1,276,5,15,0
1990,65,2,3,0,0,0,0,0,0,0
1990,48,1,0,0,0,1,243,3,45,1
1990,46,2,0,0,0,1,329,5,30,0
1990,23,2,1,0,0,1,29,3,41,0
1990,24,2,1,0,0,1,29,3,40,0
1990,60,1,3,0,0,0,856,1,0,0
1990,29,1,1,0,2,1,436,3,25,0
1990,45,1,0,0,0,1,56,1,48,0
1990,45,2,0,0,0,0,313,5,30,0
1990,47,2,0,0,0,0,26,5,20,0
1990,40,1,0,0,0,0,226,2,40,0
1990,46,1,3,1,0,0,628,1,40,0
1990,19,2,1,1,0,0,276,3,0,0
1990,39,2,1,1,0,0,653,6,40,0
1990,73,2,3,0,0,0,0,0,0,0
1990,48,1,1,0,0,0,208,5,22,1
1990,23,2,3,0,0,0,686,3,35,0
1990,46,2,0,0,0,1,175,5,40,0
1990,49,1,0,0,0,1,634,1,40,1
1990,37,1,0,0,0,1,7,3,50,1
1990,37,2,0,0,0,1,103,5,24,0
1990,47,1,0,0,0,1,156,5,40,0
1990,46,2,0,0,0,1,156,5,40,0
1990,68,2,2,0,0,0,384,1,32,0
1990,31,2,1,0,0,1,308,5,40,0
1990,19,2,1,0,0,1,443,1,35,0
1990,31,1,0,0,0,1,779,1,48,0
1990,32,2,0,0,0,1,337,1,50,0
1990,67,1,0,0,0,1,243,3,0,0
1990,64,2,0,0,0,1,389,6,12,0
1990,25,2,1,0,0,1,447,4,20,0
1990,54,1,0,0,0,1,544,1,40,0
1990,43,2,0,0,0,0,406,4,32,0
1990,35,1,0,0,0,1,453,4,55,0
1990,33,2,0,0,0,1,808,5,25,0
1990,71,1,0,0,0,1,0,0,0,1
1990,72,2,0,0,0,1,0,0,0,0
1990,65,1,0,0,0,0,0,0,0,0
1990,63,2,0,0,0,0,337,3,35,0
1990,30,2,1,0,0,1,313,5,35,0
1990,28,1,1,0,0,0,364,3,40,0
1990,46,2,2,0,0,0,0,0,0,0
1990,34,1,2,0,0,1,804,2,60,0
1990,43,2,2,0,0,0,386,4,40,0
1990,73,1,0,0,0,0,808,5,40,0
1990,66,2,0,0,0,0,785,1,40,0
1990,25,2,1,0,0,1,5,6,37,0
1990,26,1,0,0,0,0,779,1,60,0
1990,29,2,0,0,0,1,313,1,40,0
1990,58,1,2,0,0,1,259,3,45,0
1990,44,1,0,0,0,1,55,2,50,0
1990,42,2,0,0,0,1,23,1,40,0
1990,37,2,1,0,0,1,203,5,48,0
1990,69,2,3,0,0,1,313,6,0,0
1990,30,2,2,0,0,1,0,0,0,0
1990,66,1,0,0,0,1,0,0,0,1
1990,63,2,0,0,0,0,0,0,0,0
1990,66,1,0,0,0,0,0,0,0,0
1990,66,2,0,0,0,1,0,0,0,0
1990,53,1,0,0,0,1,178,4,40,1
1990,56,2,0,0,0,1,7,4,40,0
1990,61,2,2,0,0,0,313,5,16,0
1990,43,1,0,0,0,1,185,4,40,1
1990,34,2,0,0,0,1,185,4,40,1
1990,53,1,0,0,0,1,59,5,40,0
1990,53,2,0,0,0,1,95,5,32,0
1990,37,1,0,0,0,1,523,6,40,0
1990,35,2,0,0,0,1,319,5,40,0
1990,48,1,0,0,0,1,22,1,75,1
1990,44,2,0,0,0,1,73,2,0,0
1990,25,1,0,0,0,1,229,1,40,0
1990,24,2,0,0,0,1,95,5,45,0
1990,30,1,0,0,0,1,243,3,50,0
1990,20,2,0,0,0,0,264,3,20,0
1990,38,1,0,0,0,1,259,1,40,0
1990,36,2,0,0,0,1,159,5,38,0
1990,61,1,0,0,0,0,253,4,30,1
1990,57,2,0,0,0,1,95,5,40,1
1990,61,1,0,0,0,1,448,3,0,0
1990,40,2,0,0,0,0,235,4,40,0
1990,19,2,1,0,0,1,804,3,28,0
1990,32,2,3,0,0,0,308,6,40,0
1990,21,1,1,0,0,1,389,3,13,0
1990,22,1,1,0,0,1,797,1,28,0
1990,22,1,1,0,0,1,365,4,40,0
1990,38,1,0,0,0,1,456,5,50,0
1990,38,2,0,0,0,1,163,5,42,0
1990,39,1,0,0,0,1,154,5,45,0
1990,41,2,0,0,0,1,154,5,30,0
1990,23,1,1,0,0,1,143,5,40,0
1990,18,2,1,0,0,0,326,4,35,0
1990,19,1,1,0,0,0,269,3,42,0
1990,18,2,1,0,0,1,385,4,25,0
1990,25,1,1,0,0,1,163,5,50,0
1990,18,2,1,0,0,0,0,0,0,0
1990,40,1,0,0,0,1,22,2,40,0
1990,40,2,0,0,0,0,387,5,30,0
1990,32,1,0,0,0,0,549,4,42,0
1990,31,2,0,0,0,0,185,0,24,0
1990,35,2,2,0,0,1,14,5,40,0
1990,42,1,0,0,0,0,883,2,40,0
1990,36,2,0,0,0,0,386,4,14,0
1990,72,1,3,0,0,0,747,1,40,0
1990,73,2,3,0,0,0,0,0,0,0
1990,39,1,0,0,0,0,783,3,40,0
1990,36,2,0,0,0,0,579,1,45,0
1990,39,1,0,0,0,1,89,5,35,1
1990,38,2,0,0,0,1,207,5,0,0
1990,51,1,0,0,0,1,549,3,52,1
1990,49,2,0,0,0,0,313,3,40,0
1990,27,1,0,0,0,0,566,3,58,0
1990,19,2,0,0,0,1,459,5,0,0
1990,68,2,3,0,0,0,0,0,0,0
1990,53,1,0,0,0,1,0,0,0,0
1990,50,2,0,0,0,1,376,4,40,0
1990,20,1,1,0,0,0,308,3,32,0
1990,37,1,0,0,0,0,263,3,45,0
1990,26,2,0,0,0,0,356,4,40,0
1990,34,2,3,0,0,0,747,1,32,0
1990,34,1,0,0,0,0,719,1,40,0
1990,32,2,0,0,0,0,433,3,40,0
1990,76,2,3,0,0,0,0,0,0,0
1990,37,1,3,0,0,1,278,3,15,0
1990,67,1,0,0,0,1,877,3,15,0
1990,68,2,0,0,0,1,0,0,0,0
1990,78,2,3,0,0,1,0,0,0,0
1990,35,2,3,0,0,1,156,5,40,0
1990,56,2,2,0,0,0,909,6,0,0
1990,38,1,0,0,0,0,363,1,40,0
1990,39,2,0,0,0,0,0,0,0,0
1990,70,2,3,0,0,1,446,5,32,0
1990,40,2,2,0,0,1,313,0,40,0
1990,19,1,1,0,0,0,856,1,30,0
1990,35,1,1,0,0,0,379,1,40,0
1990,28,1,2,0,0,0,889,1,44,0
1990,51,1,0,0,0,0,848,1,40,0
1990,46,2,0,0,0,0,435,3,20,0
1990,47,1,0,0,0,0,308,1,72,1
1990,56,2,0,0,0,0,458,4,20,0
1990,36,1,0,0,0,0,849,1,40,0
1990,34,2,0,0,0,0,313,5,40,0
1990,34,1,0,0,0,0,889,1,40,0
1990,36,2,0,0,0,0,208,3,24,0
1990,24,2,1,1,0,0,467,5,0,0
1990,47,1,2,0,0,0,0,0,0,0
1990,71,1,0,0,0,0,0,0,0,0
1990,68,2,0,0,0,0,0,0,0,0
1990,72,1,0,0,0,0,0,0,0,0
1990,62,2,0,0,0,0,0,0,0,0
1990,66,2,3,0,0,0,0,0,0,0
1990,41,1,0,0,0,1,73,1,40,1
1990,40,2,0,0,0,1,156,5,40,0
1990,56,1,0,0,0,0,259,1,50,1
1990,56,2,0,0,0,1,0,0,0,0
1990,24,1,1,0,0,1,376,1,45,0
1990,29,2,1,0,0,1,22,2,45,0
1990,32,1,0,0,0,1,22,0,60,0
1990,30,2,0,0,0,0,453,5,0,0
1990,49,1,0,1,0,1,9,1,48,1
1990,41,2,0,1,0,1,95,5,24,0
1990,20,2,1,1,0,0,0,0,0,0
1990,38,2,3,1,0,1,27,4,30,0
1990,32,2,2,0,0,0,449,4,40,0
1990,63,1,0,0,0,0,13,1,26,1
1990,61,2,0,0,0,0,0,0,0,0
1990,21,2,1,0,0,1,313,1,40,0
1990,69,1,3,0,0,0,769,1,45,0
1990,66,2,3,0,0,0,889,1,20,0
1990,47,1,2,0,0,1,178,5,40,0
1990,43,1,0,0,0,1,56,1,40,1
1990,42,2,0,0,0,1,316,5,0,0
1990,25,1,0,0,0,1,185,1,40,0
1990,24,2,0,0,0,1,378,4,40,0
1990,55,2,2,0,2,0,785,3,0,0
1990,29,1,1,0,0,1,877,3,28,0
1990,50,1,0,1,0,1,22,1,50,1
1990,43,2,0,0,0,1,338,1,37,0
1990,43,1,3,0,0,1,22,4,50,1
1990,79,1,0,0,0,0,189,4,0,0
1990,78,2,0,0,0,0,159,5,18,0
1990,47,1,0,0,0,0,777,1,40,0
1990,40,2,0,0,0,0,274,3,40,0
1990,49,1,0,1,0,0,0,0,0,0
1990,33,2,0,0,0,0,0,0,0,0
1990,75,2,3,0,0,0,0,0,0,0
1990,33,1,0,0,0,0,366,2,40,0
1990,29,2,0,0,0,0,466,5,63,0
1990,54,1,0,3,0,0,909,6,0,0
1990,43,2,0,0,0,0,779,1,40,0
1990,39,1,0,0,0,0,804,3,60,0
1990,40,2,0,0,0,0,313,5,0,0
1990,47,1,0,0,0,1,263,3,55,0
1990,47,2,0,0,0,1,234,4,0,0
1990,60,2,0,0,0,1,385,5,30,0
1990,58,1,0,0,0,1,25,5,45,1
1990,32,1,2,0,0,1,234,4,37,0
1990,30,1,1,0,0,1,8,1,45,0
1990,41,1,0,0,0,1,95,5,36,0
1990,29,2,0,0,0,1,156,5,40,0
1990,31,2,1,0,0,0,439,3,45,0
1990,46,2,2,0,0,0,889,3,44,0
1990,72,1,0,0,0,0,0,0,0,0
1990,71,2,0,0,0,0,0,0,0,0
1990,70,1,0,0,0,1,909,6,0,0
1990,63,2,0,0,0,1,0,0,0,0
1990,54,2,2,0,0,0,17,3,60,0
1990,64,1,0,0,0,0,575,1,0,0
1990,60,2,0,0,0,0,0,0,0,0
1990,37,2,0,0,0,0,243,3,55,0
1990,36,1,0,0,0,0,13,3,50,0
1990,76,1,0,0,0,1,0,0,0,1
1990,72,2,0,0,0,1,0,0,0,1
1990,63,1,0,0,0,0,217,1,55,0
1990,65,2,0,0,0,0,319,4,14,0
1990,35,1,0,0,0,1,308,3,40,0
1990,37,2,0,0,0,0,337,3,37,0
1990,42,2,2,0,0,0,525,1,40,0
1990,23,2,1,0,0,0,458,4,25,0
1990,70,2,3,0,0,1,319,4,12,0
1990,35,1,0,0,0,0,597,0,45,0
1990,35,2,0,0,0,0,274,3,40,0
1990,72,2,3,1,0,0,0,0,0,0
1990,62,2,3,2,0,0,0,0,0,0
1990,27,2,1,2,0,0,0,0,0,0
1990,25,1,1,2,0,0,909,6,0,0
1990,32,1,1,0,0,0,436,3,50,0
1990,26,1,1,0,0,1,188,5,37,0
1990,74,2,3,1,0,1,0,0,0,0
1990,68,2,2,1,0,0,0,0,0,0
1990,63,2,2,1,0,0,0,0,0,0
1990,75,1,2,1,0,0,0,0,0,0
1990,56,1,1,1,0,0,0,0,0,0
1990,45,1,3,1,0,0,734,1,40,0
1990,43,2,3,0,0,1,736,1,40,0
1990,30,1,1,0,0,1,156,5,50,0
1990,52,2,2,1,0,0,453,4,20,0
1990,30,1,0,0,0,1,276,5,0,0
1990,28,2,0,1,0,1,0,0,0,0
1990,80,2,3,0,0,1,363,5,0,0
1990,47,2,3,1,0,0,0,0,0,0
1990,21,1,1,1,0,0,0,0,0,0
1990,74,1,2,1,0,0,0,0,0,0
1990,57,2,3,1,0,0,744,1,40,0
1990,37,2,1,0,0,1,313,5,40,0
1990,49,1,1,1,0,0,435,3,0,0
1990,50,1,0,3,3,1,748,4,0,0
1990,49,2,0,3,3,0,0,0,0,0
1990,20,1,1,0,0,1,804,3,40,0
1990,29,2,3,0,0,1,95,5,40,0
1990,19,2,1,0,0,0,0,0,0,0
1990,18,2,1,0,0,1,0,0,0,0
1990,29,1,0,0,0,1,154,5,40,0
1990,27,2,0,0,0,1,95,5,40,0
1990,49,1,3,1,0,0,0,0,0,0
1990,41,2,3,1,0,1,426,4,40,0
1990,34,1,1,1,0,1,207,5,40,0
1990,33,1,0,1,0,0,748,5,70,0
1990,31,2,0,1,0,0,447,5,20,0
1990,70,2,3,1,0,0,0,0,0,0
1990,40,2,1,1,0,1,447,5,40,0
1990,52,2,3,1,0,0,449,4,0,0
1990,37,2,1,1,0,1,0,0,0,0
1990,45,1,0,1,0,0,354,2,40,0
1990,45,2,0,1,0,0,785,3,40,0
1990,45,2,3,0,0,0,0,0,0,0
1990,58,1,3,1,0,0,628,1,40,0
1990,34,2,3,1,0,1,0,0,0,0
1990,40,2,3,1,0,0,315,4,40,0
1990,77,2,3,0,2,0,0,0,0,0
1990,21,1,1,0,0,1,274,3,30,0
1990,19,2,1,0,0,1,433,3,35,0
1990,20,2,1,0,0,1,185,0,0,0
1990,47,1,0,0,0,1,84,5,80,1
1990,42,2,0,0,0,1,174,5,0,0
1990,64,2,3,0,0,0,379,3,40,0
1990,38,1,0,0,0,1,567,0,40,0
1990,38,2,0,0,0,1,0,0,0,0
1990,50,1,0,1,0,1,17,3,45,0
1990,36,2,0,0,0,1,436,3,20,0
1990,38,1,1,0,0,1,267,3,46,0
1990,31,1,1,0,0,0,0,0,0,0
1990,34,2,1,0,0,1,469,5,15,0
1990,60,1,0,1,0,0,0,0,0,0
1990,59,2,0,1,0,0,22,0,40,0
1990,46,1,0,3,3,1,33,1,40,1
1990,41,2,0,3,3,1,0,0,0,0
1990,19,1,1,3,0,1,759,1,40,0
1990,57,2,2,0,0,0,22,6,40,0
1990,36,1,2,0,0,1,22,0,42,0
1990,40,2,2,1,0,0,0,0,0,0
1990,38,1,0,1,0,0,356,0,40,0
1990,38,2,0,1,0,0,385,2,40,0
1990,57,1,0,0,0,0,277,3,46,0
1990,58,2,0,0,0,1,26,5,22,0
1990,74,2,3,0,0,1,0,0,0,0
1990,35,1,0,0,0,1,357,2,40,0
1990,31,2,0,0,0,1,385,1,40,0
1990,68,2,3,0,0,0,0,0,0,0
1990,67,1,0,0,0,0,364,5,37,0
1990,65,2,0,0,0,0,0,0,0,0
1990,41,2,1,0,0,1,337,1,40,0
1990,28,2,2,0,0,0,453,4,40,0
1990,32,1,0,0,0,0,777,1,40,0
1990,24,2,0,0,0,0,276,3,25,0
1990,39,2,1,0,0,1,315,5,40,0
1990,27,2,1,1,0,0,253,4,75,0
1990,28,2,1,0,0,0,22,4,0,0
1990,68,2,0,0,0,0,0,0,0,0
1990,72,1,0,0,0,0,0,0,0,0
1990,23,1,1,0,0,1,163,5,40,0
1990,36,2,0,0,0,0,276,3,0,0
1990,30,1,0,0,0,0,785,3,32,0
1990,25,1,1,0,0,0,869,0,40,0
1990,30,1,0,0,0,1,436,3,50,0
1990,26,2,0,0,0,0,785,4,28,0
1990,42,1,0,0,0,0,804,2,60,0
1990,38,2,0,0,0,0,383,4,0,0
1990,52,1,0,0,0,0,806,3,40,0
1990,45,2,0,0,0,0,466,5,40,0
1990,21,1,1,0,0,0,435,3,45,0
1990,34,1,0,0,0,0,308,4,40,0
1990,30,2,0,0,0,0,365,3,21,0
1990,29,1,0,0,0,0,796,1,40,0
1990,28,2,0,0,0,0,486,6,40,0
1990,26,1,0,0,0,1,575,0,70,0
1990,24,2,0,0,0,0,315,2,40,0
1990,68,1,0,0,0,1,0,0,0,0
1990,66,2,0,0,0,0,274,3,4,0
1990,20,2,1,0,0,0,686,3,24,0
1990,22,1,1,0,0,0,686,3,40,0
1990,28,1,0,0,0,1,95,5,40,0
1990,30,2,0,0,0,1,95,5,40,0
1990,24,1,1,0,0,1,234,5,24,0
1990,62,1,0,0,0,0,453,5,16,0
1990,52,2,0,0,0,0,376,4,40,0
1990,42,1,0,0,0,1,13,5,50,1
1990,41,2,0,0,0,1,26,4,10,0
1990,20,1,1,0,0,1,443,3,30,0
1990,69,1,0,0,0,0,756,1,0,0
1990,67,2,0,0,0,1,18,4,0,0
1990,34,2,0,0,0,1,156,5,4,0
1990,34,1,0,0,0,1,22,0,45,0
1990,46,1,0,0,0,1,523,2,40,1
1990,43,2,0,0,0,0,0,0,0,0
1990,67,2,2,0,0,0,313,1,0,0
1990,31,1,0,1,0,1,549,2,40,0
1990,37,2,0,1,0,1,163,5,40,0
1990,18,2,1,1,0,0,335,1,12,0
1990,46,1,1,0,0,1,176,5,40,0
1990,75,1,3,0,0,0,804,2,10,0
1990,68,2,3,0,0,1,0,0,0,1
1990,27,2,1,0,0,1,174,5,40,0
1990,79,1,0,0,0,1,0,0,0,1
1990,80,2,0,0,0,1,0,0,0,0
1990,27,1,1,0,0,1,596,0,40,0
1990,34,1,0,0,0,1,22,1,50,0
1990,34,2,0,0,0,1,22,0,16,0
1990,60,1,1,0,0,1,318,2,40,0
1990,31,1,0,0,0,0,17,3,40,0
1990,29,2,0,0,0,1,337,1,40,0
1990,67,1,0,0,0,0,185,4,3,0
1990,66,2,0,0,0,1,0,0,0,0
1990,41,2,2,0,0,1,84,1,50,1
1990,37,2,2,0,0,1,386,1,45,0
1990,39,1,1,0,0,1,83,6,48,0
1990,73,2,0,0,0,1,266,3,18,0
1990,80,1,0,0,0,1,0,0,0,0
1990,60,1,0,0,0,1,796,2,40,0
1990,57,2,0,0,0,0,0,0,0,0
1990,68,2,1,0,0,1,98,5,40,0
1990,77,2,3,0,0,1,0,0,0,1
1990,53,1,2,1,0,0,804,1,56,0
1990,22,1,0,1,0,0,785,3,48,0
1990,22,2,0,1,0,0,785,1,40,0
1990,70,2,3,0,0,0,313,4,0,0
1990,69,1,3,0,0,1,628,1,0,0
1990,26,1,1,1,0,1,213,2,40,0
1990,30,1,0,1,0,0,436,4,40,0
1990,29,2,0,1,0,0,379,2,40,0
1990,57,2,2,1,0,0,22,1,30,0
1990,29,1,1,1,0,1,359,6,40,0
1990,39,1,2,1,0,1,277,3,40,0
1990,67,1,0,1,0,0,243,3,0,0
1990,55,2,0,1,0,0,447,5,40,0
1990,18,2,1,1,0,1,316,2,16,0
1990,33,1,3,1,0,0,186,5,40,0
1990,79,2,3,0,0,0,0,0,0,0
1990,31,1,0,0,0,0,453,5,34,0
1990,28,2,0,0,0,0,889,1,0,0
1990,32,1,1,0,0,1,178,5,40,0
1990,73,1,1,0,0,1,184,1,0,1
1990,60,2,2,1,0,0,363,5,40,0
1990,36,2,1,1,0,0,378,4,40,0
1990,21,2,1,1,0,1,274,3,40,0
1990,38,1,1,1,0,1,195,2,40,0
1990,78,2,3,1,0,0,0,0,0,0
1990,26,2,3,0,0,0,435,3,0,0
1990,72,1,0,0,0,0,558,0,40,0
1990,57,2,0,0,0,0,444,5,0,0
1990,24,2,1,0,0,0,804,3,40,0
1990,73,1,0,0,0,0,0,0,0,0
1990,72,2,0,0,0,0,0,0,0,0
1990,68,1,0,0,0,1,22,0,40,1
1990,59,2,0,0,0,0,313,3,0,0
1990,27,1,3,0,2,1,96,5,5,0
1990,28,1,1,0,0,1,235,5,50,0
1990,32,1,0,0,0,1,13,3,42,0
1990,28,2,0,0,0,1,466,5,45,0
1990,69,2,3,0,0,0,0,0,0,0
1990,48,1,0,1,0,1,156,5,45,0
1990,47,2,0,1,0,1,156,5,40,0
1990,65,2,3,1,0,0,407,4,28,0
1990,33,2,1,1,0,0,385,4,40,0
1990,30,2,3,1,0,0,889,4,30,0
1990,67,1,0,0,0,1,43,0,0,0
1990,63,2,0,0,0,1,156,5,0,0
1990,35,1,2,0,0,1,243,3,40,0
1990,63,1,0,0,0,0,566,0,41,0
1990,64,2,0,0,0,0,0,0,0,0
1990,64,1,0,0,0,1,525,1,0,0
1990,59,2,0,0,0,1,78,5,0,0
1990,40,2,0,0,0,1,0,0,0,0
1990,45,1,0,0,0,1,22,1,40,1
1990,42,1,0,0,0,1,268,3,50,1
1990,36,2,0,0,0,1,22,2,50,0
1990,38,1,0,0,0,0,783,1,40,0
1990,35,2,0,0,0,1,359,4,40,0
1990,39,2,2,0,0,1,156,5,35,0
1990,18,2,1,0,0,1,888,4,20,0
1990,42,1,0,3,3,1,17,3,64,1
1990,42,2,0,3,3,1,0,0,0,0
1990,25,1,1,0,0,1,259,1,50,1
1990,41,1,0,0,0,1,24,4,38,0
1990,39,2,0,0,0,1,195,5,30,0
1990,41,1,0,0,0,1,8,1,45,1
1990,29,2,0,0,0,1,254,4,40,0
1990,34,1,0,0,0,1,55,1,48,0
1990,29,2,0,0,0,1,313,2,40,0
1990,40,1,0,0,0,1,64,1,40,0
1990,44,2,0,0,0,1,77,0,40,0
1990,48,1,0,0,0,1,156,5,50,1
1990,46,2,0,0,0,1,156,5,40,0
1990,68,1,0,0,0,1,87,3,45,0
1990,50,2,0,0,0,1,0,0,0,0
1990,50,2,2,0,0,0,453,1,40,0
1990,18,1,1,0,0,0,276,5,10,0
1990,37,1,0,0,0,1,22,1,45,0
1990,38,2,0,0,0,0,337,3,40,0
1990,38,1,1,0,0,0,458,4,60,1
1990,39,1,1,0,0,1,458,4,50,1
1990,67,1,0,0,0,0,0,0,0,0
1990,64,2,0,0,0,0,276,3,16,0
1990,32,1,0,0,0,1,189,5,60,0
1990,27,2,0,0,0,1,188,5,50,0
1990,27,1,1,1,0,0,804,3,40,0
1990,21,2,1,1,0,1,447,5,40,0
1990,19,2,1,1,0,0,447,5,40,0
1990,18,1,1,1,0,0,453,5,21,0
1990,38,1,0,0,0,1,96,3,44,1
1990,41,2,0,0,0,1,337,5,0,0
1990,37,1,0,0,0,0,514,4,40,0
1990,29,2,0,0,0,1,313,5,40,0
1990,66,1,0,0,0,0,268,3,40,0
1990,62,2,0,0,0,0,208,3,40,0
1990,70,1,0,0,0,0,0,0,0,0
1990,71,2,0,0,0,0,0,0,0,0
1990,42,1,0,0,0,1,77,0,50,1
1990,40,2,0,0,0,1,319,5,0,0
1990,51,1,0,0,0,1,22,1,45,1
1990,38,2,0,0,0,1,95,5,0,0
1990,73,1,0,0,0,1,0,0,0,0
1990,70,2,0,0,0,0,0,0,0,0
1990,76,2,3,0,0,0,0,0,0,0
1990,67,2,3,0,0,0,0,0,0,0
1990,42,1,2,0,0,1,185,4,56,1
1990,38,1,0,0,0,0,785,3,42,0
1990,31,2,0,0,0,1,308,5,48,0
1990,61,1,0,0,0,0,634,1,50,1
1990,59,2,0,0,0,0,0,0,0,0
1990,30,2,1,0,0,1,379,4,0,0
1990,48,1,0,0,0,1,549,4,40,0
1990,37,2,0,0,2,1,313,4,30,0
1990,65,1,0,0,0,1,379,3,48,1
1990,63,2,0,0,0,1,156,5,0,0
1990,39,2,0,0,0,1,195,1,10,0
1990,36,1,0,0,0,1,178,1,40,1
1990,24,2,1,0,0,1,178,5,40,1
1990,26,1,1,0,0,1,267,3,20,0
1990,55,1,0,0,0,0,579,5,40,0
1990,48,2,0,0,0,0,0,0,0,0
1990,19,1,1,0,0,0,889,3,30,0
1990,18,2,1,0,0,0,335,5,25,0
1990,50,1,0,0,0,1,22,1,65,1
1990,50,2,0,0,0,0,808,2,0,0
1990,22,2,1,0,0,1,319,1,20,0
1990,67,2,3,0,0,0,0,0,0,0
1990,39,1,0,0,0,1,274,3,40,1
1990,40,2,0,0,0,1,9,3,0,0
1990,71,1,0,0,2,1,0,0,0,0
1990,64,2,0,0,0,1,0,0,0,0
1990,39,1,0,0,0,1,164,5,40,0
1990,37,2,0,0,0,1,174,5,50,0
1990,35,1,0,0,0,1,558,0,40,0
1990,36,2,0,0,0,1,274,3,6,0
1990,37,2,1,0,0,1,167,5,48,0
1990,47,1,2,0,2,0,579,0,45,0
1990,18,1,1,0,4,0,874,0,40,0
1990,25,1,0,0,2,0,579,0,40,0
1990,19,2,0,0,4,0,439,3,0,0
1990,27,1,0,0,2,0,579,0,40,0
1990,20,2,0,0,4,0,439,3,0,0
1990,67,1,0,0,0,1,0,0,0,0
1990,67,2,0,0,0,0,0,0,0,0
1990,71,2,1,0,0,1,0,0,0,0
1990,62,1,0,0,0,1,22,5,0,1
1990,61,2,0,0,0,0,0,0,0,0
1990,63,2,2,0,0,1,22,5,45,1
1990,27,1,3,0,0,0,266,3,40,0
1990,68,1,0,0,0,1,0,0,0,0
1990,68,2,0,0,0,0,0,0,0,0
1990,26,2,0,0,0,1,229,5,40,0
1990,25,1,0,0,0,1,22,1,50,0
1990,39,1,0,0,0,1,869,0,60,0
1990,36,2,0,0,0,0,259,1,40,0
1990,39,1,0,1,0,0,628,1,40,1
1990,39,2,0,1,0,0,0,0,0,0
1990,19,2,1,1,0,1,276,3,30,0
1990,37,2,0,0,0,1,276,3,15,0
1990,36,1,0,0,0,1,259,3,40,0
1990,54,1,0,0,0,0,423,6,40,0
1990,52,2,0,0,0,0,276,3,40,0
1990,25,1,1,0,0,0,538,4,40,0
1990,66,1,0,0,0,0,544,1,40,0
1990,59,2,0,0,0,0,0,0,0,0
1990,22,2,1,0,0,0,389,4,37,0
1990,40,1,0,1,0,1,235,1,40,0
1990,46,2,0,1,0,1,44,5,40,0
1990,35,1,0,0,0,1,628,1,45,0
1990,33,2,0,0,0,0,449,4,30,0
1990,63,2,3,0,0,0,337,3,40,0
1990,40,2,2,1,0,0,785,3,48,0
1990,34,1,1,1,0,0,365,3,40,0
1990,53,1,0,0,0,1,259,1,40,1
1990,48,2,0,0,0,0,0,0,0,0
1990,61,2,1,0,0,0,389,1,0,0
1990,20,2,1,0,0,1,748,5,42,0
1990,19,1,1,0,0,0,563,0,40,0
1990,47,1,0,0,0,1,64,3,40,1
1990,46,2,0,0,0,0,458,4,20,0
1990,18,1,1,0,0,0,453,5,10,0
1990,77,1,0,0,0,0,453,1,0,0
1990,78,2,0,0,0,0,444,5,0,0
1990,69,1,0,1,0,0,0,0,0,0
1990,61,2,0,1,0,0,0,0,0,0
1990,24,1,1,1,0,1,447,6,40,0
1990,30,1,1,0,3,1,676,5,40,0
1990,71,1,0,1,0,0,0,0,0,0
1990,71,2,0,1,0,0,436,5,14,0
1990,28,1,1,1,0,0,436,3,30,0
1990,75,2,1,0,0,0,453,5,0,0
1990,70,2,0,0,0,1,0,0,0,0
1990,65,1,0,0,0,1,479,0,6,0
1990,19,2,1,1,0,0,426,4,40,0
1990,23,1,1,0,0,1,53,5,47,0
1990,70,1,0,0,0,0,0,0,0,0
1990,65,2,0,0,0,0,798,1,0,0
1990,33,1,0,0,0,1,206,5,40,0
1990,37,2,0,0,0,1,156,5,40,0
1990,64,1,0,0,0,1,274,5,0,0
1990,58,2,0,0,0,0,0,0,0,0
1990,30,1,2,0,0,0,259,3,32,0
1990,76,2,0,0,0,0,0,0,0,0
1990,76,1,0,0,0,0,0,0,0,0
1990,47,1,0,1,0,1,538,2,40,0
1990,43,2,0,0,0,0,0,0,0,0
1990,29,1,0,0,4,1,156,5,35,0
1990,27,2,0,0,0,1,156,5,35,0
1990,32,1,0,0,0,1,198,2,46,0
1990,29,2,0,0,0,1,379,1,30,0
1990,39,1,0,0,0,1,198,2,50,1
1990,38,2,0,0,0,1,316,5,0,0
1990,43,1,0,0,0,1,22,5,40,0
1990,40,2,0,0,0,0,14,5,40,0
1990,19,1,1,0,0,1,486,0,20,0
1990,67,1,0,0,0,0,0,0,0,0
1990,64,2,0,0,0,0,0,0,0,0
1990,66,1,0,0,0,1,0,0,0,0
1990,61,2,0,0,0,1,243,3,0,0
1990,46,1,0,0,0,0,585,0,48,1
1990,46,2,0,0,0,0,379,0,40,0
1990,23,1,1,0,0,1,585,0,45,0
1990,71,1,0,0,0,1,96,3,67,0
1990,67,2,0,0,0,1,363,3,40,0
1990,79,1,0,0,0,0,804,3,0,0
1990,75,2,0,0,0,0,0,0,0,0
1990,23,1,0,0,0,0,579,1,40,0
1990,21,2,0,0,0,0,783,1,40,0
1990,70,2,3,0,0,0,0,0,0,0
1990,34,1,0,0,0,0,363,1,55,0
1990,32,2,0,0,0,0,327,3,0,0
1990,47,1,0,0,0,0,22,3,0,0
1990,35,2,0,0,0,0,458,4,32,0
1990,27,1,0,0,0,1,21,5,60,0
1990,27,2,0,0,0,1,433,3,50,0
1990,56,1,2,0,0,0,634,1,60,1
1990,20,1,1,0,0,0,756,1,40,0
1990,59,2,3,0,0,0,744,1,40,0
1990,32,1,0,0,0,0,595,0,50,0
1990,30,2,0,0,0,1,207,5,0,0
1990,29,1,0,0,0,0,453,5,40,0
1990,28,2,0,0,0,1,375,4,37,0
1990,60,1,0,0,0,0,804,2,35,0
1990,61,2,0,0,0,0,0,0,0,0
1990,28,1,0,0,0,0,883,2,45,0
1990,22,2,0,0,0,0,276,3,29,0
1990,76,2,3,0,0,1,0,0,0,0
1990,48,1,0,0,0,1,197,5,40,0
1990,44,2,0,0,0,0,313,5,40,0
1990,21,1,1,0,0,1,877,3,20,0
1990,20,1,1,0,0,1,274,5,30,0
1990,18,2,1,0,0,1,467,5,20,0
1990,62,1,0,0,0,0,804,1,40,0
1990,58,2,0,0,0,0,0,0,0,0
1990,39,1,0,0,0,0,804,1,43,0
1990,38,2,0,0,0,0,365,1,42,0
1990,69,1,0,0,0,0,0,0,0,0
1990,70,2,0,0,0,0,0,0,0,0
1990,63,2,3,0,0,1,278,1,40,1
1990,29,1,0,0,0,0,595,0,50,0
1990,26,2,0,0,0,0,22,1,37,0
1990,48,1,2,0,0,0,824,2,43,0
1990,38,1,0,0,0,1,417,6,48,0
1990,32,2,0,0,0,0,466,5,15,0
1990,59,1,0,0,0,1,7,5,37,1
1990,54,2,0,0,0,0,155,5,40,0
1990,24,1,0,0,0,1,259,3,50,0
1990,24,2,0,0,0,0,276,3,46,0
1990,28,1,0,0,0,0,0,0,0,0
1990,31,2,0,0,0,1,0,0,0,0
1990,57,1,0,0,0,1,259,3,50,1
1990,55,2,0,0,0,0,313,1,16,0
1990,22,2,1,0,0,1,313,5,40,0
1990,21,1,1,0,0,1,268,3,25,0
1990,30,1,0,0,0,1,22,3,80,0
1990,27,2,0,0,0,1,356,2,20,0
1990,61,1,0,0,0,0,634,1,40,0
1990,58,2,0,0,0,0,0,0,0,0
1990,33,1,0,0,0,1,628,1,40,0
1990,33,2,0,0,0,0,243,3,40,0
1990,53,2,2,0,0,1,0,0,0,0
1990,20,2,1,0,0,0,319,1,40,0
1990,27,1,0,0,0,1,227,6,40,0
1990,26,2,0,0,0,0,383,4,40,0
1990,40,2,2,0,0,0,888,3,40,0
1990,22,1,1,0,0,1,436,3,56,0
1990,67,1,0,0,0,0,0,0,0,0
1990,65,2,0,0,0,1,0,0,0,0
1990,26,1,0,0,0,0,216,5,40,0
1990,31,2,0,0,0,0,243,3,35,0
1990,57,2,2,0,0,0,385,3,40,0
1990,50,1,0,0,0,1,55,1,40,1
1990,47,2,0,0,0,1,337,1,40,0
1990,22,2,1,0,0,1,264,3,15,0
1990,47,1,0,0,0,0,217,1,40,0
1990,43,2,0,0,0,1,29,3,5,0
1990,19,1,1,0,0,1,486,0,40,0
1990,37,1,2,0,0,0,704,1,40,0
1990,31,2,2,3,0,1,435,4,30,0
1990,53,1,0,0,0,0,804,1,40,0
1990,50,2,0,0,0,0,0,0,0,0
1990,20,1,1,0,0,0,433,3,40,0
1990,21,2,1,0,0,1,383,4,40,0
1990,18,2,1,0,0,1,486,1,40,0
1990,42,1,0,3,0,1,628,1,40,1
1990,49,2,0,0,0,0,0,0,0,0
1990,18,2,1,3,0,0,274,3,30,0
1990,45,1,2,0,0,1,575,0,40,0
1990,28,1,0,3,0,0,617,0,40,0
1990,27,2,0,0,0,0,0,0,0,0
1990,65,1,0,0,0,0,637,1,50,1
1990,58,2,0,0,0,1,313,0,0,0
1990,33,1,0,0,0,0,874,1,50,0
1990,30,2,0,0,0,1,785,1,0,0
1990,59,1,0,0,0,1,156,5,0,0
1990,57,2,0,0,0,1,156,5,40,0
1990,23,1,1,2,1,0,484,0,40,0
1990,20,1,1,2,1,0,479,0,40,0
1990,47,1,0,0,0,1,804,2,70,1
1990,45,2,0,0,0,0,0,0,0,0
1990,38,1,0,0,0,0,804,2,42,0
1990,36,2,0,0,0,0,0,0,0,0
1990,59,1,1,0,0,1,473,0,40,0
1990,62,1,1,0,0,1,475,0,30,0
1990,46,1,0,3,0,1,0,0,0,0
1990,51,2,0,0,0,1,389,5,20,0
1990,21,1,1,3,0,0,599,0,40,0
1990,24,1,0,3,0,0,869,0,40,0
1990,19,2,0,0,0,0,323,5,0,0
1990,60,1,0,0,0,1,473,0,22,0
1990,59,2,0,0,0,0,785,1,0,0
1990,52,1,0,0,0,0,783,2,0,0
1990,48,2,0,0,0,0,0,0,0,0
1990,22,1,1,0,0,1,585,0,40,0
1990,23,2,2,3,0,1,25,4,40,0
1990,59,1,0,0,0,0,628,1,40,0
1990,56,2,0,0,0,0,26,0,40,0
1990,32,1,0,0,0,1,229,3,40,0
1990,30,2,0,0,0,1,0,0,0,0
1990,32,1,0,0,0,0,804,0,40,0
1990,28,2,0,0,0,0,447,5,40,0
1990,37,1,0,3,0,1,156,5,45,0
1990,40,2,0,3,0,1,156,5,43,0
1990,39,1,0,3,0,0,453,2,40,0
1990,37,2,0,0,0,1,355,2,40,0
1990,75,1,0,0,0,0,444,5,0,0
1990,61,2,0,0,0,0,0,0,0,0
1990,54,1,0,0,0,1,777,1,60,0
1990,58,2,0,0,0,1,156,5,40,0
1990,74,1,0,0,0,0,0,0,0,0
1990,72,2,0,0,0,0,0,0,0,0
1990,58,2,3,0,0,0,276,3,45,0
1990,40,1,0,0,0,1,575,0,40,0
1990,38,2,0,3,0,0,0,0,0,0
1990,18,1,1,3,0,0,877,3,10,0
1990,47,1,0,3,0,0,453,5,40,0
1990,45,2,0,0,0,0,276,3,32,0
1990,59,1,0,3,0,0,889,4,0,0
1990,52,2,0,0,0,0,447,5,40,0
1990,32,2,1,0,0,0,449,5,40,0
1990,27,2,1,0,0,0,877,3,40,0
1990,26,1,1,0,0,0,435,3,40,0
1990,41,1,0,0,0,1,253,4,45,0
1990,39,2,0,0,0,1,95,5,45,0
1990,55,1,0,0,0,0,475,0,48,0
1990,52,2,0,0,0,0,0,0,0,0
1990,23,1,0,0,0,0,806,1,45,0
1990,23,2,0,0,0,1,337,3,40,0
1990,27,1,0,3,0,0,567,0,36,0
1990,26,2,0,0,0,0,0,0,0,0
1990,41,1,0,3,0,1,156,5,50,0
1990,51,2,0,0,0,0,21,5,40,0
1990,21,1,1,0,0,0,436,3,30,0
1990,19,1,1,0,0,0,436,3,22,0
1990,72,1,1,1,0,0,0,0,0,0
1990,72,1,3,0,0,0,0,0,0,0
1990,80,2,3,0,0,0,0,0,0,0
1990,53,1,0,0,0,1,869,0,40,0
1990,49,2,0,0,0,0,447,5,40,0
1990,78,1,0,0,0,0,859,0,0,0
1990,68,2,0,3,0,0,0,0,0,0
1990,80,2,3,0,0,0,0,0,0,0
1990,51,1,0,0,0,1,22,1,50,0
1990,50,2,0,0,0,1,253,4,40,0
1990,49,1,0,0,0,0,22,1,50,1
1990,44,2,0,0,0,0,473,0,20,0
1990,18,2,1,0,0,0,473,0,10,0
1990,33,2,2,0,0,0,276,3,24,0
1990,30,1,2,0,0,0,804,2,50,0
1990,62,1,0,3,0,0,634,1,40,0
1990,55,2,0,0,0,0,0,0,0,0
1990,56,2,3,0,0,0,435,3,0,0
1990,79,2,0,0,0,0,0,0,0,0
1990,37,2,2,0,0,0,0,0,0,0
1990,29,2,2,0,0,0,435,4,40,0
1990,38,1,0,0,0,0,779,1,40,0
1990,38,2,0,0,0,0,748,5,36,0
1990,65,1,3,3,0,0,855,0,0,0
1990,37,2,2,3,0,1,379,6,40,0
1990,39,2,3,0,0,0,407,4,30,0
1990,48,2,0,3,0,1,64,5,48,0
1990,59,1,0,0,0,0,628,1,50,0
1990,47,1,3,0,0,0,514,4,0,0
1990,42,1,0,0,0,1,379,6,40,0
1990,42,2,0,3,0,1,157,5,40,0
1990,18,1,1,3,0,0,0,0,0,0
1990,59,1,0,0,0,0,473,0,60,1
1990,62,2,0,0,0,1,473,0,30,0
1990,33,1,0,3,0,0,804,0,0,0
1990,33,2,0,3,0,0,379,2,40,0
1990,27,1,0,3,0,0,785,1,40,0
1990,23,2,0,0,0,0,436,3,0,0
1990,33,1,2,0,0,0,22,3,40,0
1990,24,1,0,3,0,1,276,3,40,0
1990,21,2,0,0,0,0,779,1,40,0
1990,73,2,0,0,0,1,0,0,0,0
1990,20,1,3,0,0,1,496,3,14,0
1990,31,2,0,1,0,0,439,5,30,0
1990,43,1,0,1,0,1,156,5,37,0
1990,65,1,2,0,0,0,0,0,0,0
1990,35,2,3,2,0,0,436,6,40,0
1990,71,2,0,0,0,0,0,0,0,0
1990,75,1,0,0,0,0,0,0,0,0
1990,72,2,3,0,0,0,447,5,72,0
1990,49,1,0,0,0,1,178,5,50,1
1990,46,2,0,0,0,1,318,2,40,0
1990,64,2,3,0,0,0,21,5,0,0
1990,63,2,3,0,0,1,25,4,40,0
1990,24,1,0,3,0,0,779,1,40,0
1990,21,2,0,0,0,0,779,1,40,0
1990,32,1,0,0,0,0,567,0,40,0
1990,32,2,0,0,0,0,365,1,40,0
1990,33,1,0,0,0,1,577,2,40,0
1990,33,2,0,0,0,1,156,5,32,0
1990,69,2,3,0,0,1,156,5,0,0
1990,32,2,2,0,0,0,877,3,25,0
1990,68,1,0,0,0,1,267,3,0,0
1990,64,2,0,0,0,0,313,5,40,0
1990,44,1,2,0,0,1,628,3,40,0
1990,68,1,0,0,0,1,0,0,0,0
1990,63,2,0,0,0,0,265,3,0,0
1990,79,2,3,0,0,0,0,0,0,0
1990,39,1,0,0,0,0,844,0,60,0
1990,41,2,0,3,0,0,0,0,0,0
1990,75,1,2,0,0,0,804,2,0,0
1990,22,1,3,0,0,0,585,0,40,0
1990,46,2,2,0,0,1,313,6,40,0
1990,77,2,3,0,0,0,0,0,0,0
1990,45,1,0,0,0,0,475,0,56,1
1990,39,2,0,0,0,0,458,4,38,0
1990,19,1,1,0,0,0,0,0,0,0
1990,73,1,0,0,0,0,453,0,20,0
1990,71,2,0,0,0,0,265,3,20,0
1990,33,1,0,0,0,1,785,1,40,0
1990,29,2,0,0,0,1,326,4,40,0
1990,66,1,0,0,0,0,0,0,0,0
1990,70,2,0,0,0,0,0,0,0,0
1990,30,1,0,0,0,0,505,4,40,0
1990,43,2,0,0,0,0,785,1,36,0
1990,65,2,3,0,0,0,0,0,0,0
1990,20,1,1,0,0,1,877,3,15,0
1990,43,1,0,1,0,0,804,2,40,0
1990,39,2,0,1,0,0,889,1,0,0
1990,39,2,3,1,0,0,744,1,38,0
1990,34,2,1,0,0,1,156,5,30,0
1990,33,1,0,3,0,1,567,0,70,0
1990,30,2,0,0,0,0,276,3,0,0
1990,65,1,0,3,0,0,0,0,0,0
1990,65,2,0,3,0,0,0,0,0,0
1990,43,1,1,3,0,0,0,0,0,0
1990,33,1,2,3,0,0,436,3,22,0
1990,79,2,3,0,0,0,0,0,0,0
1990,64,1,0,0,0,0,243,3,60,0
1990,58,2,0,0,0,0,0,0,0,0
1990,37,1,0,0,0,1,157,5,40,0
1990,37,2,0,0,0,1,14,5,7,0
1990,80,1,0,0,0,0,473,0,48,0
1990,78,2,0,0,0,0,0,0,0,0
1990,66,1,0,0,0,0,0,0,0,0
1990,64,2,0,0,0,0,0,0,0,0
1990,40,1,0,3,0,1,25,4,40,0
1990,32,2,0,0,0,0,467,5,40,0
1990,63,1,0,0,0,1,243,0,40,0
1990,61,2,0,0,0,0,23,3,0,0
1990,39,1,0,0,0,1,704,1,40,0
1990,31,2,0,0,0,0,436,3,0,0
1990,26,1,0,0,0,1,704,1,40,0
1990,23,2,0,0,0,0,754,1,40,0
1990,77,1,0,3,0,0,0,0,0,0
1990,65,2,0,0,0,0,0,0,0,0
1990,42,1,0,0,0,0,22,3,40,1
1990,48,2,0,3,0,0,243,3,25,0
1990,18,1,1,3,0,1,877,3,24,0
1990,75,2,3,0,0,0,0,0,0,0
1990,69,1,2,3,0,0,453,5,0,0
1990,41,1,0,3,0,0,453,6,40,0
1990,50,2,0,3,0,0,0,0,0,0
1990,32,1,2,0,0,0,853,0,0,0
1990,35,2,2,3,0,0,744,1,40,0
1990,41,1,0,3,0,1,417,6,42,0
1990,40,2,0,3,0,0,785,1,40,0
1990,19,1,1,3,0,1,444,3,5,0
1990,18,1,1,3,0,0,479,0,25,0
1990,75,2,3,0,0,0,0,0,0,0
1990,26,2,1,0,0,1,436,3,50,0
1990,19,2,2,3,0,1,469,4,0,0
1990,62,1,0,0,0,0,473,0,40,0
1990,59,2,0,0,0,0,0,0,0,0
1990,38,1,0,0,0,0,804,1,60,0
1990,38,2,0,3,0,1,17,3,40,0
1990,19,1,3,3,0,0,883,2,40,0
1990,31,1,0,0,0,0,199,3,40,0
1990,32,2,0,0,0,0,17,3,40,0
1990,77,2,3,0,0,0,0,0,0,0
1990,39,1,0,0,0,0,628,1,48,0
1990,37,2,0,0,0,0,453,1,50,0
1990,75,2,0,0,0,0,0,0,0,0
1990,57,1,0,0,0,0,804,0,40,0
1990,45,2,0,0,0,0,0,0,0,0
1990,75,1,2,0,0,0,0,0,0,0
1990,57,2,2,0,0,0,0,0,0,0
1990,31,1,0,0,0,0,217,2,50,1
1990,28,2,0,0,0,1,208,5,20,0
1990,55,1,0,0,0,0,259,1,45,0
1990,54,2,0,0,0,0,22,4,30,0
1990,32,1,1,0,0,0,0,0,0,0
1990,70,2,2,0,0,0,0,0,0,0
1990,36,2,2,3,0,0,683,1,40,0
1990,43,2,3,1,0,0,808,2,20,0
1990,39,2,1,0,0,1,156,5,40,0
1990,58,1,0,3,0,0,844,0,40,0
1990,56,2,0,3,0,0,0,0,0,0
1990,21,1,0,3,0,0,0,0,0,0
1990,18,2,0,0,0,0,0,0,0,0
1990,39,1,0,0,0,1,253,4,40,0
1990,37,2,0,0,0,1,0,0,0,0
1990,65,1,0,0,0,0,769,1,47,0
1990,60,2,0,3,0,0,785,1,0,0
1990,51,1,0,3,0,1,259,3,40,0
1990,45,2,0,0,0,1,95,5,40,0
1990,46,1,0,0,0,1,14,5,50,0
1990,44,2,0,0,0,1,156,5,40,0
1990,19,2,1,0,0,0,313,5,15,0
1990,48,1,2,0,0,0,869,0,0,0
1990,58,1,0,3,0,0,804,0,40,0
1990,56,2,0,3,0,0,0,0,0,0
1990,31,1,1,3,0,0,889,1,24,0
1990,19,2,1,3,0,0,0,0,0,0
1990,60,1,0,1,0,0,479,0,40,0
1990,53,2,0,1,0,0,0,0,0,0
1990,38,1,2,1,0,0,0,0,0,0
1990,26,1,1,1,0,0,785,1,40,0
1990,66,1,0,0,0,1,364,5,24,0
1990,64,2,0,0,0,0,0,0,0,0
1990,27,1,0,3,0,1,479,0,40,0
1990,25,2,0,0,0,1,336,6,35,0
1990,63,1,0,0,0,0,686,3,15,0
1990,64,2,0,0,0,0,337,3,15,0
1990,40,1,2,0,0,0,0,0,0,0
1990,34,2,2,0,0,0,0,0,0,0
1990,46,1,0,3,0,0,453,5,40,0
1990,46,2,0,0,0,0,207,5,15,1
1990,21,1,2,0,0,0,436,3,50,0
1990,23,2,1,0,0,0,434,3,0,0
1990,79,2,3,0,0,0,0,0,0,0
1990,34,2,3,0,2,0,319,5,40,0
1990,50,1,2,0,0,0,585,0,46,0
1990,35,2,3,0,0,0,436,3,35,0
1990,48,2,3,0,0,1,207,5,40,0
1990,56,1,0,3,0,0,453,4,40,0
1990,39,2,0,0,0,0,449,4,0,0
1990,25,1,0,0,0,0,207,5,40,0
1990,35,2,0,0,0,0,276,3,0,0
1990,57,2,0,0,0,1,458,4,12,0
1990,58,1,0,3,0,1,473,0,65,0
1990,46,1,0,0,0,0,889,6,40,0
1990,42,2,0,0,0,0,243,3,34,0
1990,21,1,1,0,0,0,22,3,38,0
1990,37,1,1,1,0,0,0,0,0,0
1990,65,1,2,0,0,0,0,0,0,0
1990,33,1,1,0,0,1,156,5,40,0
1990,65,1,2,0,0,0,453,5,0,0
1990,42,1,0,0,0,1,354,2,40,0
1990,40,2,0,0,0,0,458,4,25,0
1990,74,2,3,0,0,0,0,0,0,0
1990,22,1,0,0,0,0,889,3,25,0
1990,20,2,0,0,0,0,785,1,9,0
1990,42,2,3,0,0,0,17,3,40,0
1990,37,1,2,0,0,0,453,5,40,0
1990,56,1,0,0,0,0,0,0,0,0
1990,43,2,0,0,0,0,447,5,40,0
1990,67,1,0,0,0,0,804,3,0,0
1990,65,2,0,0,0,0,379,3,0,0
1990,30,2,3,0,0,0,447,5,64,0
1990,70,2,3,0,0,0,0,0,0,0
1990,35,1,0,3,0,1,0,0,0,0
1990,33,2,0,0,0,0,276,3,30,0
1990,27,1,0,0,0,0,856,3,40,0
1990,26,2,0,3,0,0,368,3,0,0
1990,24,1,2,0,0,0,479,0,0,0
1990,71,2,3,0,0,0,0,0,0,0
1990,28,1,0,0,0,1,567,0,40,0
1990,27,2,0,0,0,1,156,5,35,0
1990,45,2,2,1,0,1,0,0,0,0
1990,41,1,0,0,0,1,22,3,48,0
1990,40,2,0,0,0,1,243,3,8,0
1990,66,1,1,0,0,0,0,0,0,0
1990,33,2,2,1,0,0,407,4,0,0
1990,48,1,0,0,0,0,479,0,20,0
1990,47,2,0,3,0,0,364,3,40,0
1990,43,1,0,3,0,0,503,3,44,0
1990,39,2,0,0,0,0,22,3,39,0
1990,53,2,3,0,2,1,157,5,27,0
1990,72,2,3,0,0,0,469,4,0,0
1990,24,1,1,0,0,1,505,3,40,0
1990,37,1,0,0,0,0,804,0,40,0
1990,41,2,0,0,0,0,799,1,0,0
1990,61,2,2,0,0,1,389,2,0,0
1990,21,1,0,0,0,1,558,0,60,0
1990,21,2,0,0,0,1,156,5,10,0
1990,57,1,2,0,0,1,77,6,40,0
1990,68,1,0,0,0,0,0,0,0,0
1990,68,2,0,0,0,0,0,0,0,0
1990,30,2,3,0,0,0,877,3,35,0
1990,31,2,2,0,0,0,728,1,40,0
1990,34,1,0,0,0,0,719,1,40,0
1990,32,2,0,0,0,1,313,3,20,0
1990,35,1,0,0,0,0,804,0,40,0
1990,33,2,0,0,0,0,785,1,40,0
1990,56,1,3,0,0,0,0,0,0,0
1990,76,1,0,0,0,0,0,0,0,0
1990,77,2,0,0,0,0,0,0,0,0
1990,66,1,3,0,0,0,0,0,0,0
1990,76,1,0,0,0,0,869,2,40,0
1990,77,2,0,0,0,0,0,0,0,0
1990,75,1,0,0,0,0,0,0,0,0
1990,71,2,0,0,0,0,0,0,0,0
1990,75,2,3,0,0,0,0,0,0,0
1990,36,1,1,0,0,0,479,0,35,0
1990,28,1,0,0,0,1,229,4,40,0
1990,28,2,0,3,0,0,313,5,40,0
1990,65,1,0,0,0,0,208,5,0,0
1990,64,2,0,0,0,0,0,0,0,0
1990,50,2,3,0,0,1,243,5,40,0
1990,59,2,3,3,0,0,0,0,0,0
1990,30,1,2,3,0,0,709,1,40,0
1990,66,1,2,3,0,0,0,0,0,0
1990,52,1,0,0,0,1,509,3,70,0
1990,52,2,0,0,2,1,243,3,0,0
1990,26,1,1,0,0,1,0,0,0,0
1990,30,2,0,0,0,1,744,1,40,0
1990,29,1,0,3,0,0,573,0,40,0
1990,80,2,0,3,0,0,0,0,0,0
1990,71,1,0,0,0,0,0,0,0,0
1990,39,1,0,0,0,1,263,3,40,0
1990,57,2,0,0,0,0,796,1,40,0
1990,65,2,1,0,0,1,156,5,0,0
1990,42,2,2,0,0,1,234,2,40,0
1990,19,1,1,0,0,1,877,3,28,0
1990,58,1,0,0,0,0,675,1,40,0
1990,47,2,0,0,0,0,447,5,0,0
1990,50,1,0,0,0,1,23,5,50,1
1990,46,2,0,0,0,1,909,6,0,0
1990,18,1,1,0,0,0,453,4,3,0
1990,51,1,0,0,0,1,16,2,45,0
1990,51,2,0,0,0,1,16,2,40,0
1990,28,2,3,1,0,0,0,0,0,0
1990,50,1,0,0,0,0,316,6,40,0
1990,50,2,0,0,0,0,453,5,40,0
1990,38,1,0,1,0,0,595,0,40,0
1990,27,2,0,1,0,0,436,3,17,0
1990,34,1,0,0,0,0,777,1,40,0
1990,32,2,0,0,0,1,447,5,16,0
1990,44,2,2,0,0,0,387,5,40,0
1990,19,1,1,0,0,0,686,3,40,0
1990,49,1,0,0,0,0,577,2,40,0
1990,46,2,0,0,0,0,389,2,40,0
1990,19,2,1,0,0,1,406,4,25,0
1990,30,1,0,3,0,0,855,0,40,0
1990,31,2,0,0,0,0,444,5,35,0
1990,44,1,0,0,0,1,157,5,24,0
1990,41,2,0,0,0,1,0,0,0,0
1990,59,1,0,0,0,0,0,0,0,0
1990,54,2,0,0,0,0,22,1,40,0
1990,43,1,0,0,0,0,853,4,42,0
1990,39,2,0,0,0,0,308,5,40,0
1990,73,1,0,0,0,1,637,2,20,1
1990,67,2,0,0,0,0,0,0,0,0
1990,53,1,0,0,0,0,869,0,40,0
1990,51,2,0,3,0,0,448,4,40,0
1990,23,1,3,3,0,0,617,0,66,0
1990,45,1,0,0,0,0,628,1,40,0
1990,42,2,0,0,0,0,0,0,0,0
1990,25,1,0,0,0,1,17,3,60,0
1990,28,2,0,0,0,0,313,1,40,0
1990,31,1,0,0,0,0,614,0,40,0
1990,29,2,0,0,0,0,889,0,0,0
1990,73,2,3,3,0,0,0,0,0,0
1990,51,1,0,0,0,0,804,2,82,0
1990,45,2,0,0,0,0,0,0,0,0
1990,20,1,1,0,0,0,783,1,40,0
1990,43,1,0,0,0,1,889,1,40,0
1990,39,2,0,0,0,0,29,3,40,0
1990,65,1,0,0,0,0,453,5,0,0
1990,62,2,0,0,0,0,0,0,0,0
1990,77,2,3,0,0,1,0,0,0,0
1990,52,1,0,0,0,0,485,6,40,0
1990,51,2,0,3,0,0,0,0,0,0
1990,29,1,0,0,0,1,563,0,32,0
1990,28,2,0,0,0,0,276,3,38,0
1990,28,1,0,0,0,0,783,0,40,0
1990,24,2,0,0,0,1,167,5,38,0
1990,66,1,0,0,0,0,479,0,40,0
1990,60,2,0,3,0,0,888,5,32,0
1990,43,1,0,0,0,0,436,3,40,0
1990,46,2,0,0,0,0,13,5,40,0
1990,57,1,0,0,0,1,84,5,40,1
1990,48,2,0,0,0,1,0,0,0,0
1990,33,1,0,0,0,0,725,1,40,0
1990,38,2,0,0,0,0,744,1,40,0
1990,39,1,0,0,0,1,243,3,40,0
1990,36,2,0,0,0,1,154,5,40,0
1990,58,1,0,3,0,1,473,0,40,0
1990,44,2,0,0,0,0,276,3,0,0
1990,20,1,1,3,0,1,365,6,20,0
1990,18,2,1,3,0,0,0,0,0,0
1990,36,1,3,1,0,0,276,3,30,0
1990,32,1,0,3,0,1,459,5,24,0
1990,33,2,0,3,0,0,435,5,0,0
1990,53,1,0,0,0,0,176,5,40,0
1990,50,2,0,0,0,0,0,0,0,0
1990,24,1,0,0,0,0,487,3,28,0
1990,27,2,0,0,0,0,276,3,32,0
1990,69,1,0,0,0,0,0,0,0,0
1990,57,2,0,0,0,0,0,0,0,0
1990,43,1,0,0,0,0,486,4,40,0
1990,36,2,0,0,0,0,364,3,40,0
1990,19,2,1,0,0,0,379,5,16,0
1990,67,1,0,0,0,0,453,5,19,0
1990,61,2,0,0,0,0,683,1,40,0
1990,55,1,0,0,0,0,0,0,0,0
1990,56,2,0,0,0,1,207,5,0,0
1990,23,2,2,0,0,0,435,3,25,0
1990,58,1,0,0,0,0,443,5,40,0
1990,34,2,0,0,0,0,909,6,0,0
1990,30,1,0,3,0,1,22,0,40,0
1990,30,2,0,0,0,1,156,5,40,0
1990,72,1,0,0,0,0,0,0,0,0
1990,63,2,0,0,0,0,436,6,0,0
1990,33,2,1,0,0,0,159,5,17,0
1990,65,1,0,0,0,0,599,0,40,1
1990,59,2,0,0,0,0,0,0,0,0
1990,25,1,0,0,2,0,686,3,52,0
1990,26,2,0,0,0,1,0,0,0,0
1990,30,1,0,0,0,0,509,0,0,0
1990,36,2,0,0,2,0,723,1,0,0
1990,53,1,0,0,0,0,453,3,38,0
1990,41,2,0,0,0,0,385,5,40,0
1990,29,1,0,0,0,0,848,0,48,0
1990,35,2,0,0,0,0,0,0,0,0
1990,76,1,0,0,0,0,0,0,0,0
1990,75,2,0,0,0,0,0,0,0,0
1990,32,1,0,0,0,0,856,2,40,0
1990,31,2,0,0,0,0,444,5,0,0
1990,34,1,0,0,0,0,567,0,50,0
1990,30,2,0,0,0,1,156,5,40,0
1990,44,1,0,0,0,1,157,5,50,0
1990,42,2,0,0,0,0,808,5,7,0
1990,19,1,1,0,2,1,453,5,8,0
1990,38,1,0,0,0,0,453,0,40,0
1990,31,1,0,3,0,0,785,1,40,0
1990,21,2,0,0,0,1,447,5,40,0
1990,77,1,0,0,0,1,176,5,0,0
1990,77,2,0,0,0,1,0,0,0,0
1990,33,2,1,3,0,0,0,0,0,0
1990,28,1,0,0,0,0,667,1,50,0
1990,21,2,0,3,0,0,447,5,36,0
1990,47,2,1,0,0,0,0,0,0,0
1990,56,2,3,0,0,0,637,1,40,0
1990,63,1,0,0,0,0,365,3,20,0
1990,54,2,0,0,0,0,243,3,0,0
1990,32,1,0,0,0,1,686,1,60,0
1990,26,2,0,3,0,1,276,3,98,0
1990,33,1,0,0,0,0,869,0,40,0
1990,26,2,0,0,0,0,0,0,0,0
1990,68,2,3,3,0,0,466,5,50,0
1990,48,1,2,3,0,0,783,5,40,0
1990,37,1,0,0,0,1,869,0,70,0
1990,35,2,0,0,0,0,473,0,35,0
1990,21,1,1,3,0,0,859,0,30,0
1990,28,2,0,0,0,0,33,5,40,0
1990,34,1,0,0,0,0,637,1,45,0
1990,26,1,0,0,0,1,176,5,35,0
1990,23,2,0,0,0,0,364,3,28,0
1990,79,1,3,0,0,1,0,0,0,0
1990,50,2,1,0,0,0,0,0,0,0
1990,64,2,3,3,0,0,0,0,0,0
1990,65,1,0,0,0,0,475,0,20,0
1990,62,2,0,0,0,0,0,0,0,0
1990,33,1,0,3,0,0,0,0,0,0
1990,32,2,0,2,0,0,744,1,40,0
1990,34,1,0,0,0,0,859,0,40,0
1990,26,2,0,0,0,0,337,1,40,0
1990,39,2,2,0,0,1,774,4,15,0
1990,26,1,1,0,0,1,777,1,40,0
1990,55,1,0,0,0,0,706,1,40,0
1990,32,2,0,0,0,0,447,5,0,0
1990,19,2,1,0,0,1,406,4,0,0
1990,21,1,1,0,0,1,234,5,28,0
1990,42,1,0,0,2,1,176,5,55,0
1990,39,2,0,0,2,1,177,5,20,0
1990,61,2,2,0,0,0,0,0,0,0
1990,30,2,3,0,0,1,444,3,35,0
1990,46,1,2,0,0,0,869,0,40,0
1990,32,1,0,0,0,0,508,6,40,0
1990,31,2,0,0,0,1,235,6,40,0
1990,57,1,2,3,0,0,0,0,0,0
1990,65,1,0,0,0,0,796,6,40,0
1990,60,2,0,3,0,1,254,4,40,0
1990,57,1,0,0,0,1,453,0,40,0
1990,38,2,0,3,0,1,628,1,0,0
1990,18,2,1,3,0,0,447,5,30,0
1990,79,2,3,0,0,1,0,0,0,0
1990,32,1,1,0,0,0,885,3,80,0
1990,25,1,1,0,0,1,53,6,40,0
1990,33,2,2,1,0,0,744,1,40,0
1990,26,1,0,0,0,1,235,2,40,0
1990,25,2,0,3,0,0,379,6,40,0
1990,68,1,0,0,0,1,55,6,0,0
1990,52,2,0,0,0,1,319,5,20,0
1990,21,1,0,0,0,0,637,1,40,0
1990,19,2,0,0,0,0,435,3,30,0
1990,76,2,3,0,0,0,473,0,25,0
1990,52,1,0,0,0,0,883,1,40,0
1990,49,2,0,0,0,0,0,0,0,0
1990,71,2,3,0,0,0,0,0,0,0
1990,45,1,1,0,0,0,785,1,60,0
1990,46,1,0,0,0,0,567,0,30,0
1990,48,2,0,0,0,0,444,5,36,0
1990,34,2,2,0,0,0,319,5,40,0
1990,46,1,2,1,0,0,599,0,0,0
1990,33,1,0,0,0,1,799,6,40,0
1990,32,2,0,0,0,0,27,1,45,0
1990,68,1,0,0,0,1,0,0,0,0
1990,64,2,0,0,0,0,0,0,0,0
1990,59,1,0,0,0,1,804,6,40,0
1990,63,2,0,0,0,1,253,4,40,0
1990,48,1,0,0,0,0,855,0,40,0
1990,45,2,0,0,0,0,0,0,0,0
1990,25,1,2,0,0,0,614,0,40,0
1990,42,1,0,0,0,0,276,3,48,0
1990,38,2,0,0,0,0,453,5,40,0
1990,69,1,0,0,0,0,63,0,0,0
1990,53,2,0,0,2,1,95,5,38,0
1990,30,2,2,0,0,0,22,3,65,0
1990,64,2,2,0,0,0,808,5,10,0
1990,34,1,0,0,0,0,878,1,40,0
1990,40,2,0,0,0,1,383,4,40,0
1990,51,2,2,0,0,0,276,3,40,0
1990,74,1,3,0,0,0,0,0,0,0
1990,56,2,0,0,0,0,313,0,16,0
1990,57,1,0,0,0,1,22,0,60,1
1990,65,2,2,0,0,1,259,3,34,0
1990,80,2,3,0,0,0,0,0,0,0
1990,41,1,0,0,0,0,684,1,40,0
1990,36,2,0,0,2,0,779,1,40,0
1990,18,1,1,0,0,0,0,0,0,0
1990,78,2,3,0,0,0,0,0,0,0
1990,36,1,0,0,0,1,157,5,60,0
1990,32,2,0,0,0,0,319,5,32,0
1990,61,1,2,0,0,0,885,3,40,0
1990,23,1,3,0,0,0,453,6,60,0
1990,27,2,2,3,0,0,315,6,0,0
1990,21,1,1,3,0,0,869,0,60,0
1990,25,1,3,3,0,0,869,0,0,0
1990,68,1,2,0,0,0,0,0,0,0
1990,33,1,1,0,0,1,206,5,30,0
1990,66,1,0,0,0,1,473,0,20,0
1990,61,2,0,0,0,0,0,0,0,0
1990,58,1,1,3,0,0,453,6,60,0
1990,64,1,1,3,0,0,486,0,8,0
1990,46,1,2,0,0,1,22,5,60,1
1990,80,2,3,3,0,0,0,0,0,0
1990,79,1,3,1,0,0,0,0,0,0
1990,51,1,0,0,0,1,505,4,60,0
1990,48,2,0,0,0,1,447,5,40,0
1990,18,2,1,0,0,1,276,3,0,0
1990,40,1,0,3,0,0,783,4,45,0
1990,40,2,0,3,0,0,447,5,21,0
1990,18,2,1,3,0,0,447,5,0,0
1990,54,1,0,0,0,0,869,2,40,0
1990,46,2,0,0,0,0,444,5,0,0
1990,71,2,2,0,0,1,909,6,0,0
1990,62,1,0,0,0,0,22,0,40,0
1990,59,2,0,0,0,0,0,0,0,0
1990,19,2,1,0,0,1,267,3,10,0
1990,21,2,1,0,0,1,274,3,9,0
1990,20,2,1,0,0,1,264,3,20,0
1990,21,2,1,0,0,1,23,3,40,0
1990,28,2,3,0,0,1,14,5,20,0
1990,18,1,1,0,0,1,804,2,40,0
1990,20,1,1,3,3,1,435,3,20,0
1990,46,1,0,0,0,1,453,5,40,0
1990,43,2,0,0,0,0,456,5,40,0
1990,30,1,1,0,0,0,22,4,40,0
1990,30,1,1,0,0,1,267,3,50,0
1990,40,1,1,3,0,0,0,0,0,0
1990,67,1,0,0,0,1,734,1,48,0
1990,58,2,0,0,0,0,466,5,3,0
1990,19,2,1,0,0,1,406,4,26,0
1990,31,2,1,0,0,1,165,5,40,0
1990,63,1,0,0,0,0,226,0,70,0
1990,60,2,0,0,0,0,379,0,25,0
1990,26,1,0,0,0,0,783,1,70,0
1990,23,2,0,0,0,0,313,6,0,0
1990,43,2,1,0,0,1,95,5,0,0
1990,38,2,1,0,0,1,95,5,40,0
1990,30,2,1,0,0,0,313,5,40,0
1990,44,1,0,0,0,1,213,2,40,0
1990,42,2,0,0,0,1,0,0,0,0
1990,60,2,1,0,0,0,0,0,0,0
1990,39,1,0,0,0,1,9,0,25,0
1990,36,2,0,0,0,0,313,6,40,0
1990,43,1,0,0,0,0,637,3,45,0
1990,41,2,0,0,0,0,0,0,0,0
1990,19,1,1,0,0,0,505,4,35,0
1990,52,2,2,1,0,1,628,5,40,0
1990,59,1,0,3,0,0,486,0,40,0
1990,52,2,0,0,0,0,729,1,40,0
1990,28,2,0,3,0,0,447,5,0,0
1990,24,2,2,3,0,0,785,3,40,0
1990,28,1,0,0,0,0,585,1,40,0
1990,50,1,0,0,0,0,804,2,55,0
1990,46,2,0,0,0,0,337,4,40,0
1990,53,2,3,3,0,0,0,0,0,0
1990,47,1,0,0,0,1,23,4,10,1
1990,45,2,0,0,0,0,337,4,40,0
1990,64,2,3,0,0,0,313,0,22,0
1990,39,1,2,0,0,0,516,0,50,0
1990,52,2,0,0,0,1,315,4,64,0
1990,41,1,0,0,0,1,278,1,20,0
1990,41,2,2,3,0,0,793,3,40,0
1990,53,2,3,0,0,0,274,3,35,0
1990,29,1,3,0,0,0,444,3,50,0
1990,26,1,1,0,0,0,453,5,40,0
1990,49,1,0,0,0,1,174,6,45,0
1990,48,2,0,0,0,1,479,0,10,0
1990,24,2,2,0,2,0,276,3,24,0
1990,41,1,0,0,0,1,157,5,6,0
1990,45,2,0,0,0,1,176,5,22,0
1990,46,1,2,0,0,0,274,4,40,0
1990,44,1,2,0,0,0,567,0,35,0
1990,77,1,0,1,0,0,0,0,0,0
1990,75,2,0,1,0,0,453,3,0,0
1990,30,1,0,0,0,0,823,2,40,0
1990,27,2,0,0,0,0,7,4,0,0
1990,36,2,2,0,0,1,156,5,40,0
1990,51,1,0,0,0,1,418,6,40,0
1990,46,2,0,3,0,0,355,2,40,0
1990,49,1,0,0,0,0,779,1,50,0
1990,47,2,0,0,0,0,313,4,40,0
1990,18,2,1,0,0,1,276,3,15,0
1990,39,1,0,0,0,1,259,3,48,0
1990,36,2,0,0,0,1,229,4,40,0
1990,26,1,0,0,0,1,418,6,40,0
1990,24,2,0,0,0,1,37,1,40,0
1990,78,1,0,0,0,0,777,1,0,0
1990,77,2,0,0,0,0,0,0,0,0
1990,64,2,3,0,0,0,436,5,20,0
1990,80,2,0,0,0,0,0,0,0,0
1990,69,2,3,0,0,0,313,5,15,0
1990,50,1,1,0,0,0,486,0,12,0
1990,47,2,1,0,0,0,444,3,40,0
1990,39,1,0,0,0,0,614,0,62,0
1990,34,2,0,0,0,0,17,3,40,0
1990,48,1,0,0,0,0,508,1,48,1
1990,45,2,0,3,0,0,276,3,24,0
1990,75,1,1,0,0,0,0,0,0,0
1990,33,1,0,0,0,1,563,0,20,0
1990,31,2,0,0,0,1,339,1,40,0
1990,43,1,0,0,2,0,436,4,60,0
1990,42,2,0,0,0,1,337,6,40,0
1990,18,1,1,0,0,1,479,0,25,0
1990,37,1,0,0,0,1,523,2,40,0
1990,33,2,0,0,0,1,234,5,40,0
1990,55,1,0,0,0,1,243,3,40,0
1990,50,2,0,0,0,0,433,5,40,0
1990,27,1,1,0,0,0,579,0,40,0
1990,45,2,0,0,0,0,313,4,0,0
1990,42,1,0,0,0,0,889,3,40,0
1990,37,2,1,0,0,1,337,2,40,0
1990,33,2,0,0,0,0,435,3,36,0
1990,36,1,0,0,0,1,783,1,40,0
1990,32,1,1,0,0,0,579,4,40,0
1990,39,2,2,0,0,0,22,3,40,0
1990,35,2,0,0,0,1,337,0,42,0
1990,36,1,0,0,0,1,796,1,40,0
1990,32,1,2,0,0,1,695,2,50,1
1990,68,1,0,0,0,0,0,0,0,0
1990,65,2,0,3,0,0,0,0,0,0
1990,62,1,3,3,0,0,0,0,0,0
1990,67,1,0,0,0,1,355,2,0,0
1990,54,2,0,3,0,1,313,5,40,0
1990,32,2,0,0,0,0,315,4,37,0
1990,33,1,0,0,0,0,777,1,40,0
1990,75,1,0,0,0,0,0,0,0,0
1990,70,2,0,0,0,0,0,0,0,0
1990,28,1,2,0,0,0,505,3,45,0
1990,72,1,0,0,2,1,13,3,40,0
1990,56,2,0,0,0,0,348,5,40,0
1990,27,1,1,0,0,1,22,4,48,0
1990,42,1,0,1,0,0,203,5,40,0
1990,37,2,0,1,0,0,889,3,35,0
1990,42,1,0,0,0,0,549,3,40,0
1990,40,2,0,0,0,1,313,1,40,0
1990,39,1,0,0,0,1,177,5,48,0
1990,38,2,0,0,0,0,385,5,40,0
1990,19,1,1,0,0,1,276,3,25,0
1990,71,2,3,0,0,0,5,6,0,0
1990,22,1,0,0,0,1,235,1,20,0
1990,25,2,0,0,0,1,435,3,25,0
1990,66,1,0,0,0,1,56,1,15,0
1990,63,2,0,0,0,0,377,5,40,0
1990,43,1,0,0,0,1,229,2,40,0
1990,42,2,0,0,0,1,264,3,40,0
1990,36,1,0,0,0,0,785,1,40,0
1990,43,2,0,0,0,0,364,3,40,0
1990,26,1,2,0,0,1,418,6,45,0
1990,39,1,0,3,0,1,229,6,45,0
1990,34,2,0,0,0,1,274,3,24,0
1990,42,1,2,0,0,1,804,2,62,0
1990,25,1,0,0,0,1,696,5,55,0
1990,21,2,0,0,0,1,186,5,47,0
1990,39,1,0,0,0,1,176,5,40,0
1990,40,2,0,0,0,1,156,5,40,0
1990,49,1,0,0,0,1,308,3,48,1
1990,45,2,0,0,0,0,0,0,0,0
1990,21,2,1,0,0,1,274,3,16,0
1990,18,2,1,0,0,0,276,3,16,0
1990,35,1,0,0,0,1,243,3,50,1
1990,34,2,0,0,0,0,0,0,0,0
1990,24,1,1,0,0,1,259,3,50,1
1990,36,1,2,3,3,1,883,1,42,0
1990,40,2,2,0,0,1,229,4,50,0
1990,33,2,2,0,0,0,313,5,40,0
1990,46,1,0,0,0,1,22,5,40,1
1990,43,2,0,0,0,1,177,5,32,0
1990,20,2,1,0,0,0,276,3,20,0
1990,18,2,1,0,0,0,276,3,20,0
1990,49,1,2,0,0,1,22,1,50,1
1990,31,1,0,0,0,1,178,4,44,0
1990,33,2,0,0,0,1,23,1,50,0
1990,49,2,2,0,0,1,14,5,40,0
1990,24,1,1,0,0,0,364,3,37,0
1990,27,1,0,0,0,0,505,3,43,0
1990,24,2,0,0,0,0,313,4,45,0
1990,30,2,2,0,0,0,354,2,50,0
1990,38,2,2,0,0,1,447,5,24,0
1990,27,1,2,0,0,0,468,5,40,0
1990,73,2,0,0,0,0,0,0,0,0
1990,29,2,1,0,0,0,0,0,0,0
1990,37,1,0,0,0,1,185,5,60,0
1990,32,2,0,0,0,1,217,4,50,0
1990,43,1,0,0,0,0,235,3,42,0
1990,40,2,0,3,0,0,0,0,0,0
1990,27,2,1,0,0,1,435,3,35,0
1990,20,1,1,0,0,0,486,0,40,0
1990,21,1,1,3,0,0,486,0,40,0
1990,43,2,3,1,0,1,36,6,40,0
1990,78,1,0,1,0,0,0,0,0,0
1990,77,2,0,1,0,1,0,0,0,0
1990,66,1,0,1,0,0,558,0,45,0
1990,76,2,0,2,0,0,0,0,0,0
1990,45,2,2,1,0,1,313,5,40,0
1990,59,1,2,0,0,0,0,0,0,0
1990,26,1,0,3,0,0,887,3,40,0
1990,26,2,0,0,0,1,234,4,40,0
1990,74,1,3,0,0,0,0,0,0,0
1990,32,1,0,0,0,1,22,4,40,0
1990,35,2,0,0,0,0,683,2,40,0
1990,38,1,0,3,0,1,696,2,40,0
1990,47,2,0,0,0,0,276,3,40,0
1990,55,1,2,0,0,1,453,4,30,0
1990,28,2,1,0,0,1,243,3,0,0
1990,75,1,0,0,0,0,0,0,0,0
1990,66,2,0,0,2,0,25,4,0,0
1990,31,1,1,0,0,0,777,1,0,0
1990,42,2,1,3,0,0,156,5,30,0
1990,40,2,2,0,0,1,436,5,40,0
1990,76,1,0,0,0,1,22,0,99,1
1990,66,2,0,0,0,1,18,5,0,1
1990,56,1,0,0,0,1,163,5,40,0
1990,62,2,0,0,0,1,338,0,40,0
1990,78,1,3,0,0,0,0,0,0,0
1990,73,2,3,0,0,0,315,4,0,0
1990,35,1,1,0,0,1,47,6,40,0
1990,31,1,2,0,0,0,21,5,60,0
1990,23,2,2,0,0,1,303,5,40,0
1990,54,1,0,0,0,0,213,2,45,0
1990,50,2,0,0,0,1,444,1,50,0
1990,37,2,2,2,0,1,259,1,45,0
1990,57,1,2,0,0,1,256,4,40,0
1990,67,2,3,0,0,1,276,3,10,0
1990,80,2,0,0,0,0,0,0,0,0
1990,80,1,0,0,0,1,447,5,40,1
1990,47,1,0,0,0,1,167,5,45,0
1990,44,2,0,0,0,1,183,5,20,0
1990,31,2,2,0,0,1,379,4,40,0
1990,28,1,2,0,0,1,365,3,40,0
1990,32,1,1,1,0,0,0,0,0,0
1990,33,1,0,0,0,1,176,5,45,0
1990,30,2,0,0,0,1,243,3,32,0
1990,50,1,2,0,0,0,747,4,40,0
1990,50,1,0,0,0,1,259,1,40,0
1990,43,2,0,0,0,0,203,5,40,0
1990,29,1,1,0,0,1,55,2,40,0
1990,29,1,1,0,0,1,259,1,40,0
1990,34,1,2,0,0,0,549,1,50,0
1990,39,1,0,3,0,1,259,3,55,0
1990,37,2,0,3,0,0,156,5,40,0
1990,18,2,1,3,0,0,313,3,15,0
1990,57,1,0,0,0,1,36,6,40,0
1990,63,2,0,0,2,0,0,0,0,0
1990,30,1,0,0,0,1,508,2,40,0
1990,28,2,0,0,0,1,277,5,40,0
1990,33,2,2,0,0,0,259,1,40,0
1990,39,1,2,0,0,0,29,3,50,0
1990,61,1,0,0,0,0,365,1,40,0
1990,49,2,0,0,0,0,303,4,43,0
1990,79,2,2,0,0,0,0,0,0,0
1990,40,2,2,0,0,1,274,3,38,0
1990,48,2,0,0,0,1,178,5,20,0
1990,51,1,0,0,0,1,337,5,50,0
1990,30,2,1,0,0,1,166,1,40,0
1990,68,1,0,0,0,1,22,1,70,0
1990,54,2,0,0,0,1,0,0,0,0
1990,69,1,0,0,0,1,22,3,0,1
1990,68,2,0,0,0,0,0,0,0,0
1990,28,2,1,0,0,1,178,1,20,0
1990,34,1,0,0,0,1,25,4,50,1
1990,34,2,0,0,0,1,885,3,48,0
1990,46,2,3,0,0,0,436,5,40,0
1990,38,2,1,0,0,0,877,5,0,0
1990,76,1,0,3,0,0,0,0,0,0
1990,73,2,0,3,0,0,0,0,0,0
1990,51,2,2,0,0,0,13,1,40,0
1990,21,2,1,0,0,0,27,5,40,0
1990,32,2,2,0,0,1,23,1,40,0
1990,46,1,0,3,0,1,217,1,40,0
1990,46,2,0,0,0,1,385,4,25,0
1990,32,2,2,0,0,0,0,0,0,0
1990,46,2,2,0,0,0,373,1,40,0
1990,42,2,3,0,0,0,313,4,40,0
1990,18,1,1,0,0,0,874,4,0,0
1990,20,2,1,0,0,1,385,3,0,0
1990,35,1,1,0,0,1,677,3,40,0
1990,50,1,0,3,3,1,276,3,40,0
1990,42,2,0,3,3,1,155,5,40,0
1990,27,1,0,0,3,1,23,5,57,0
1990,27,2,0,3,1,1,0,0,0,0
1990,21,2,1,0,0,1,95,5,20,0
1990,70,1,3,0,0,1,22,3,40,0
1990,39,1,0,0,0,1,47,0,40,0
1990,35,2,0,0,0,1,447,5,40,0
1990,60,2,3,0,0,1,0,0,0,0
1990,44,1,1,0,0,1,96,3,45,0
1990,50,1,0,0,0,1,22,1,48,1
1990,48,2,0,0,0,1,156,5,45,0
1990,63,1,0,0,0,0,368,3,30,0
1990,61,2,0,0,0,0,0,0,0,0
1990,23,2,1,0,0,0,259,1,40,0
1990,77,2,0,0,0,0,0,0,0,0
1990,26,1,0,0,0,0,17,3,60,0
1990,22,2,0,3,3,1,313,1,55,0
1990,67,2,0,0,0,0,0,0,0,0
1990,70,1,0,3,0,0,637,1,0,0
1990,41,1,0,1,0,0,486,0,32,0
1990,33,2,0,1,0,1,447,5,40,0
1990,64,1,0,1,0,0,407,4,16,0
1990,58,2,0,1,0,0,453,4,0,0
1990,25,1,0,0,0,0,883,2,40,0
1990,25,2,0,0,0,0,785,1,24,0
1990,26,1,0,0,2,0,505,3,45,0
1990,23,2,0,0,0,0,447,5,40,0
1990,75,1,0,0,0,0,0,0,0,0
1990,75,2,0,0,0,0,0,0,0,0
1990,26,1,0,0,0,1,446,6,40,0
1990,28,2,0,3,0,1,418,6,40,0
1990,39,2,1,1,0,1,0,0,0,0
1990,18,1,1,1,0,0,453,5,40,0
1990,25,1,0,0,0,1,55,1,40,0
1990,20,2,0,0,2,0,163,5,20,0
1990,36,2,2,0,0,1,243,3,40,0
1990,22,2,1,1,0,0,276,3,20,0
1990,57,2,2,0,0,1,234,5,45,1
1990,42,1,0,0,0,1,229,4,40,0
1990,38,2,0,0,0,1,467,5,20,0
1990,22,1,1,0,0,0,436,3,40,0
1990,32,2,1,0,0,1,313,6,40,0
1990,63,1,0,0,0,0,0,0,0,0
1990,61,2,0,0,0,0,785,4,40,0
1990,36,1,2,0,0,0,444,3,40,0
1990,44,1,0,0,0,1,567,0,40,1
1990,41,2,0,0,0,0,208,5,40,0
1990,68,1,0,0,0,0,0,0,0,0
1990,67,2,0,0,0,0,0,0,0,0
1990,28,1,1,0,0,0,505,3,48,0
1990,41,1,0,0,0,1,523,1,40,0
1990,42,2,0,0,0,0,254,4,50,0
1990,76,1,3,0,0,0,0,0,0,0
1990,38,1,0,0,0,1,734,1,40,0
1990,33,2,0,0,0,0,276,3,0,0
1990,35,1,0,0,0,1,527,2,40,0
1990,34,2,0,0,0,0,803,3,40,0
1990,76,2,2,0,0,1,156,5,32,0
1990,67,1,1,0,0,0,0,0,0,0
1990,74,1,0,0,0,0,453,5,28,0
1990,71,2,0,0,0,0,0,0,0,0
1990,41,1,0,0,0,0,505,2,42,0
1990,41,2,0,0,0,0,276,3,0,0
1990,19,1,1,0,0,0,575,0,40,0
1990,18,2,1,0,0,0,435,3,20,0
1990,42,1,0,0,0,1,503,2,45,1
1990,42,2,0,0,0,1,185,3,11,0
1990,41,1,0,0,0,1,197,2,45,0
1990,45,2,0,0,0,1,159,5,0,0
1990,44,2,3,3,0,0,0,0,0,0
1990,55,1,0,0,0,1,259,3,65,0
1990,54,2,0,0,0,1,337,3,40,0
1990,55,1,0,0,0,0,243,3,0,0
1990,52,2,0,0,0,1,276,3,25,0
1990,23,1,1,0,0,1,414,6,40,0
1990,34,1,3,0,0,1,25,4,40,0
1990,19,2,1,0,0,0,263,3,25,0
1990,33,2,3,0,0,1,95,5,35,0
1990,35,2,2,0,0,1,17,3,40,0
1990,65,1,0,0,0,0,21,5,30,0
1990,63,2,0,0,0,1,0,0,0,0
1990,50,2,2,0,0,0,804,2,35,0
1990,73,1,0,0,0,1,0,0,0,0
1990,68,2,0,0,0,0,0,0,0,0
1990,32,2,3,0,0,0,486,0,40,0
1990,80,2,3,0,0,0,0,0,0,0
1990,34,1,0,0,0,1,22,6,60,0
1990,35,2,0,0,0,1,466,5,30,0
1990,48,1,0,0,0,1,22,0,48,0
1990,49,2,0,0,0,1,877,3,20,0
1990,21,2,1,0,0,1,339,3,12,0
1990,18,2,1,0,0,0,427,5,0,0
1990,48,1,0,0,0,0,889,3,40,0
1990,53,2,0,0,0,0,449,4,30,0
1990,35,1,2,3,0,0,355,2,70,0
1990,26,2,2,0,0,1,435,3,40,0
1990,60,2,3,0,0,0,0,0,0,0
1990,31,1,1,0,0,0,486,0,40,0
1990,41,1,0,0,0,1,177,5,50,0
1990,41,2,0,0,0,1,407,4,16,0
1990,50,2,3,0,0,0,0,0,0,0
1990,41,1,0,0,0,1,156,5,70,0
1990,41,2,0,0,0,1,458,4,50,0
1990,18,1,1,0,0,0,256,4,30,0
1990,49,1,0,0,0,1,804,0,80,1
1990,45,2,0,3,0,0,323,2,40,0
1990,23,1,2,3,0,0,804,2,48,0
1990,31,1,0,0,0,0,529,2,50,0
1990,29,2,0,0,0,1,313,5,40,0
1990,35,1,0,0,0,1,514,4,50,0
1990,30,2,0,0,0,0,243,3,50,0
1990,68,1,0,0,0,0,783,1,0,0
1990,64,2,0,0,0,0,449,4,0,0
1990,71,1,0,0,0,1,717,4,20,0
1990,71,2,0,0,0,0,243,3,0,0
1990,77,1,1,0,0,0,486,0,0,0
1990,80,2,0,0,0,0,0,0,0,0
1990,55,1,0,0,0,1,485,5,40,0
1990,46,2,0,0,0,0,447,5,50,0
1990,48,2,2,0,0,1,447,5,70,0
1990,26,1,3,0,0,0,0,0,0,0
1990,33,1,0,0,0,1,22,0,43,0
1990,29,2,0,0,0,1,0,0,0,0
1990,30,1,0,0,0,0,617,0,60,0
1990,29,2,0,0,0,0,435,3,48,0
1990,75,1,0,0,0,0,473,0,60,0
1990,68,2,0,0,0,0,0,0,0,0
1990,25,1,0,0,0,0,479,0,40,0
1990,25,2,0,0,0,0,453,5,0,0
1990,62,1,0,0,0,1,473,0,40,1
1990,70,2,0,0,0,1,0,0,0,0
1990,32,1,0,0,0,1,804,2,20,0
1990,41,2,0,0,0,0,0,0,0,0
1990,28,1,0,0,0,1,686,3,40,0
1990,27,2,0,0,0,0,339,1,40,0
1990,48,2,2,3,0,0,447,6,33,0
1990,21,1,1,3,0,0,276,5,16,0
1990,35,1,2,0,0,1,235,1,40,0
1990,38,2,2,0,0,0,883,1,40,0
1990,25,1,0,0,0,0,709,1,60,0
1990,19,2,0,0,0,0,447,5,35,0
1990,62,2,3,0,0,0,453,5,40,0
1990,73,1,0,0,0,1,473,0,16,0
1990,73,2,0,0,0,1,156,5,15,0
1990,64,1,0,0,0,0,473,0,0,0
1990,58,2,0,0,0,0,447,5,40,0
1990,19,1,1,0,0,0,567,1,48,0
1990,67,1,0,0,0,0,453,4,50,0
1990,59,2,0,0,0,0,319,4,20,0
1990,28,1,0,0,0,0,887,1,40,0
1990,24,2,0,0,0,0,796,1,40,0
1990,46,1,0,0,0,1,859,0,99,0
1990,44,2,0,0,0,0,0,0,0,0
1990,47,1,0,0,0,0,699,1,48,0
1990,42,2,0,0,0,0,274,3,30,0
1990,55,1,0,0,0,0,475,0,40,1
1990,49,2,0,0,0,0,337,0,40,0
1990,78,1,3,0,0,1,0,0,0,0
1990,63,1,0,0,0,0,855,0,45,0
1990,57,2,0,0,0,0,207,5,40,0
1990,18,2,1,0,0,0,276,3,0,0
1990,50,1,0,0,0,0,22,2,0,0
1990,63,2,0,0,0,0,0,0,0,0
1990,50,1,0,0,0,1,637,1,45,0
1990,49,2,0,0,0,0,23,4,40,0
1990,44,1,1,0,0,0,0,0,0,0
1990,34,1,0,0,0,1,263,3,40,0
1990,34,2,0,0,0,1,379,6,40,0
1990,45,1,2,0,0,1,804,2,60,0
1990,60,1,0,0,0,0,804,2,60,1
1990,49,2,0,0,0,1,0,0,0,0
1990,72,1,3,0,0,0,0,0,0,0
1990,35,1,0,0,0,0,473,0,60,0
1990,37,2,0,0,0,0,0,0,0,0
1990,67,1,0,0,0,0,567,4,50,0
1990,59,2,0,0,0,1,313,3,30,0
1990,24,1,0,0,0,1,508,1,40,0
1990,24,2,0,0,0,1,376,4,40,0
1990,22,2,3,0,0,1,313,4,35,0
1990,51,1,0,0,0,1,159,5,56,0
1990,49,2,0,0,0,1,376,4,40,0
1990,29,1,0,0,0,1,216,2,40,0
1990,27,2,0,0,0,0,155,5,40,0
1990,39,1,0,0,0,1,75,3,45,1
1990,37,2,0,0,0,0,319,5,40,0
1990,44,1,0,0,0,1,348,2,50,0
1990,45,2,0,0,0,0,229,6,0,0
1990,32,1,0,0,0,0,507,4,42,0
1990,21,2,0,0,0,0,0,0,0,0
1990,40,1,0,0,0,1,563,0,50,0
1990,38,2,0,0,0,1,95,5,40,0
1990,33,1,0,0,0,1,783,1,68,0
1990,32,2,0,0,0,0,436,5,40,0
1990,53,2,2,0,0,1,689,1,40,0
1990,27,1,0,0,0,1,418,6,40,0
1990,27,2,0,0,0,0,315,4,35,0
1990,70,1,0,0,0,1,259,3,2,1
1990,68,2,0,0,0,1,313,3,20,0
1990,37,1,0,0,0,1,176,5,50,0
1990,37,2,0,0,0,1,466,5,20,0
1990,77,1,0,0,0,0,696,3,0,0
1990,71,2,0,0,0,0,0,0,0,0
1990,26,2,1,1,0,0,447,5,35,0
1990,27,1,1,1,0,0,808,5,40,0
1990,43,1,0,0,0,0,877,1,40,0
1990,42,2,0,0,0,0,449,4,4,0
1990,21,2,1,0,0,0,449,4,10,0
1990,40,1,0,0,0,1,613,0,40,1
1990,35,2,0,0,0,1,0,0,0,0
1990,47,1,0,0,0,1,268,3,45,0
1990,49,2,0,0,0,1,336,4,40,0
1990,37,2,0,0,0,1,365,3,0,0
1990,41,1,0,0,0,0,804,3,48,0
1990,66,1,0,0,0,1,268,3,25,0
1990,63,2,0,0,0,0,0,0,0,0
1990,32,1,0,0,0,0,783,0,0,0
1990,40,2,0,0,0,0,467,5,10,0
1990,49,2,0,0,0,0,37,4,40,0
1990,50,1,0,0,0,1,426,5,40,0
1990,22,1,0,0,0,1,364,6,50,0
1990,24,2,0,0,0,1,383,4,40,0
1990,79,2,3,0,0,0,0,0,0,0
1990,41,2,2,0,0,0,487,0,40,0
1990,32,1,1,0,0,0,783,4,0,0
1990,26,1,0,1,0,1,36,6,0,0
1990,28,2,0,1,0,1,689,1,40,1
1990,65,1,0,0,0,0,0,0,0,0
1990,74,2,0,0,0,1,0,0,0,0
1990,47,1,0,0,0,1,243,3,60,1
1990,40,2,0,0,0,1,14,5,40,0
1990,38,2,2,1,0,1,17,3,60,0
1990,30,2,1,1,0,1,23,0,45,0
1990,28,2,1,1,0,1,23,1,40,0
1990,62,2,2,0,0,1,255,4,47,0
1990,48,2,2,0,0,1,243,4,60,0
1990,35,1,0,0,0,0,243,3,50,1
1990,35,2,0,0,0,0,0,0,0,0
1990,29,1,0,0,0,1,206,5,40,0
1990,28,2,0,0,0,1,95,5,45,0
1990,36,1,1,0,0,0,599,0,60,0
1990,45,2,2,0,0,1,337,5,32,0
1990,55,1,0,0,0,0,865,4,50,0
1990,45,2,0,0,0,0,0,0,0,0
1990,78,2,3,0,0,0,0,0,0,0
1990,76,2,3,0,0,0,25,4,45,0
1990,32,2,1,1,0,0,785,1,0,0
1990,20,1,1,1,0,0,0,0,0,0
1990,30,1,0,1,0,0,887,3,40,0
1990,27,2,0,1,0,0,777,1,40,0
1990,21,1,1,0,1,0,785,1,40,0
1990,20,1,1,0,1,0,647,3,40,0
1990,21,2,1,0,0,1,194,5,60,0
1990,68,1,0,1,0,0,0,0,0,0
1990,65,2,0,1,0,0,0,0,0,0
1990,41,1,3,0,0,0,213,1,65,0
1990,40,1,1,0,0,1,145,5,0,0
1990,64,2,0,0,0,0,313,6,40,0
1990,62,1,0,0,0,1,23,5,40,0
1990,56,1,0,0,0,0,804,3,49,0
1990,53,2,0,0,0,1,435,3,45,0
1990,31,1,1,0,0,0,0,0,0,0
1990,19,2,1,0,0,0,435,3,20,0
1990,28,2,1,1,0,0,744,1,40,0
1990,53,2,2,0,0,0,337,3,40,0
1990,22,1,1,0,0,0,785,1,42,0
1990,59,2,1,0,0,1,174,5,42,0
1990,71,1,3,1,0,0,0,0,0,0
1990,55,1,3,3,3,1,453,1,40,0
1990,54,1,1,1,0,0,747,4,32,0
1990,30,1,1,2,0,0,783,1,45,0
1990,65,2,3,2,0,0,909,6,0,0
1990,35,1,0,0,0,1,785,1,60,0
1990,30,2,0,0,0,0,804,3,0,0
1990,70,1,0,0,0,0,0,0,0,0
1990,72,2,0,0,0,0,0,0,0,0
1990,76,2,3,0,0,0,0,0,0,0
1990,50,1,0,0,0,0,804,2,45,0
1990,49,2,0,0,0,0,785,1,40,0
1990,40,1,2,0,0,0,243,3,40,0
1990,20,2,0,0,0,0,276,5,0,0
1990,24,1,0,0,0,0,856,3,45,0
1990,41,1,0,3,0,1,243,3,40,0
1990,36,2,0,0,0,1,308,0,40,0
1990,30,1,1,1,0,1,5,6,40,0
1990,46,1,0,0,0,0,505,3,40,0
1990,41,2,0,0,0,0,0,0,0,0
1990,19,2,1,0,0,0,436,3,25,0
1990,28,1,0,0,0,0,505,4,45,0
1990,29,2,0,0,0,0,385,3,40,0
1990,30,1,0,2,0,0,844,2,17,0
1990,29,2,0,0,0,0,785,4,20,0
1990,19,2,2,0,0,0,449,4,40,0
1990,27,1,0,0,0,1,206,5,40,0
1990,25,2,0,0,0,0,379,4,40,0
1990,58,2,2,0,0,1,22,1,40,0
1990,30,1,0,0,4,0,458,3,40,0
1990,29,2,0,0,0,0,468,5,3,0
1990,62,1,0,0,0,1,22,4,40,0
1990,61,2,0,0,0,0,21,5,56,0
1990,34,2,2,0,0,1,785,1,35,0
1990,24,2,2,0,0,1,0,0,0,0
1990,62,2,3,0,0,0,0,0,0,0
1990,39,2,0,1,0,1,174,5,52,0
1990,39,1,0,1,0,1,525,1,40,0
1990,63,1,0,0,0,0,22,0,12,0
1990,65,2,0,0,0,0,567,0,32,0
1990,56,1,2,0,0,1,774,5,20,0
1990,61,1,1,0,0,1,186,5,20,0
1990,64,1,1,0,0,1,21,5,50,0
1990,27,1,1,0,0,1,22,0,50,0
1990,27,1,0,0,0,1,17,3,55,0
1990,27,2,0,0,0,1,155,5,12,0
1990,79,1,0,0,0,1,0,0,0,0
1990,39,2,3,0,0,1,22,2,45,0
1990,60,1,0,0,0,1,177,5,20,0
1990,60,2,0,0,3,0,0,0,0,0
1990,33,2,3,0,0,0,303,0,40,0
1990,55,1,0,0,0,1,229,3,40,0
1990,52,2,0,0,0,0,389,5,40,0
1990,32,1,1,0,0,1,486,0,25,0
1990,30,1,1,0,0,0,458,3,0,0
1990,25,1,1,0,0,0,0,0,0,0
1990,67,1,0,0,0,1,21,5,0,1
1990,64,2,0,0,0,1,0,0,0,0
1990,73,1,0,0,0,0,0,0,0,0
1990,71,2,0,0,0,1,0,0,0,0
1990,78,1,0,0,0,0,264,3,37,0
1990,72,2,0,0,0,1,0,0,0,0
1990,67,2,3,0,0,1,23,5,40,0
1990,29,2,0,0,0,1,337,3,40,0
1990,53,1,0,0,0,0,243,3,40,0
1990,29,1,0,0,0,1,26,5,50,0
1990,28,2,0,0,0,1,337,4,28,0
1990,58,1,0,0,0,1,355,2,40,0
1990,52,2,0,0,0,1,14,5,35,0
1990,20,2,1,0,0,1,313,0,40,0
1990,64,2,3,0,0,0,0,0,0,0
1990,55,2,3,0,4,0,435,3,18,0
1990,67,1,0,0,0,0,628,1,0,0
1990,63,2,0,0,0,0,265,3,40,0
1990,62,1,0,0,0,1,809,5,40,0
1990,62,2,0,0,0,1,466,5,40,0
1990,28,1,0,3,0,1,36,4,40,0
1990,24,2,0,3,0,0,337,3,30,0
1990,31,2,1,0,0,1,338,2,36,0
1990,43,1,0,0,0,1,22,2,45,0
1990,41,2,0,0,0,0,313,1,40,0
1990,27,1,0,3,3,0,668,3,50,0
1990,22,2,0,0,0,0,446,5,32,0
1990,30,2,2,0,0,1,317,4,0,0
1990,26,1,1,0,0,1,804,2,40,0
1990,47,1,0,0,0,1,363,2,40,1
1990,45,2,0,0,0,0,385,5,40,0
1990,22,2,1,0,0,0,458,4,20,0
1990,30,1,0,0,2,0,628,1,40,0
1990,29,2,0,0,0,0,354,2,40,0
1990,43,1,0,0,0,1,507,2,50,0
1990,50,2,0,0,0,0,363,1,0,0
1990,74,2,3,0,0,0,0,0,0,0
1990,34,1,0,0,0,1,785,1,60,0
1990,30,2,0,2,0,0,447,5,40,0
1990,53,1,0,0,0,0,243,3,40,1
1990,53,2,0,0,0,0,315,3,40,0
1990,62,1,0,0,0,1,0,0,0,0
1990,61,2,0,0,0,1,95,5,16,0
1990,22,2,1,0,0,1,17,3,50,0
1990,22,1,1,0,0,0,365,2,32,0
1990,45,2,2,0,0,1,785,1,42,0
1990,57,2,2,0,0,0,315,6,40,0
1990,58,1,0,0,0,0,22,6,0,0
1990,60,2,0,0,0,0,0,0,0,0
1990,68,2,3,0,0,1,0,0,0,0
1990,46,1,2,0,0,1,804,2,40,0
1990,75,2,0,0,0,1,0,0,0,0
1990,68,1,0,0,0,0,503,1,40,0
1990,64,2,0,0,0,1,337,1,18,0
1990,21,2,1,0,0,1,23,4,20,0
1990,64,1,0,0,0,0,44,5,40,1
1990,56,2,0,0,0,1,23,5,48,1
1990,30,1,0,0,0,0,276,3,40,0
1990,31,2,0,0,0,0,379,4,37,0
1990,30,1,3,1,4,1,243,3,40,0
1990,32,1,0,0,0,0,22,1,40,0
1990,41,2,0,0,2,1,447,5,50,0
1990,67,2,3,0,0,0,544,2,0,0
1990,77,1,0,0,0,0,558,2,40,0
1990,59,2,0,0,0,0,95,5,40,0
1990,59,2,3,0,0,0,453,5,40,0
1990,40,2,2,0,0,0,0,0,0,0
1990,18,2,1,0,0,0,433,3,0,0
1990,77,2,0,0,0,0,436,5,18,0
1990,74,1,0,0,0,0,458,4,49,0
1990,30,2,0,0,0,1,37,4,23,0
1990,33,1,0,0,0,1,64,4,60,0
1990,42,1,0,0,0,0,376,1,60,0
1990,41,2,0,0,0,0,458,4,30,0
1990,18,2,1,0,0,0,486,4,40,0
1990,40,1,0,0,0,1,259,3,50,0
1990,39,2,0,0,0,1,313,5,30,0
1990,27,2,2,0,0,1,274,3,15,0
1990,20,2,1,0,0,1,389,4,40,0
1990,28,2,1,3,0,0,376,4,40,0
1990,32,1,3,0,0,1,423,6,48,0
1990,24,2,1,1,0,1,327,2,40,0
1990,49,1,2,0,0,1,259,3,40,0
1990,39,2,2,0,0,1,313,4,40,0
1990,43,1,1,1,0,1,683,1,40,0
1990,36,2,2,0,0,1,316,4,40,0
1990,70,1,0,0,0,1,426,6,40,0
1990,60,2,0,0,0,0,385,3,40,0
1990,49,1,0,0,0,1,0,0,0,0
1990,52,2,0,0,0,1,84,5,45,1
1990,45,1,0,0,0,0,575,0,40,0
1990,43,2,0,0,0,1,95,5,30,0
1990,68,2,2,0,0,0,0,0,0,0
1990,46,1,0,0,0,1,226,2,50,1
1990,45,2,0,0,0,1,178,5,60,1
1990,20,1,1,0,0,1,435,3,30,0
1990,19,2,1,0,0,1,427,5,30,0
1990,43,1,0,0,0,1,259,3,45,0
1990,34,2,0,0,0,1,267,3,0,0
1990,47,2,2,0,0,1,259,1,55,0
1990,33,1,0,0,0,1,257,0,80,1
1990,34,2,0,0,0,0,22,0,80,0
1990,23,2,1,3,0,1,774,4,35,0
1990,19,2,1,3,0,1,276,3,40,0
1990,32,2,2,0,0,0,259,1,40,0
1990,37,1,0,0,0,1,243,3,65,0
1990,32,2,0,0,0,0,29,3,18,0
1990,26,1,0,0,0,1,22,6,40,0
1990,24,2,0,0,0,1,315,6,20,0
1990,71,2,3,1,0,0,22,4,0,0
1990,71,1,0,0,0,0,0,0,0,0
1990,67,2,0,0,0,0,0,0,0,0
1990,19,1,1,0,0,0,869,0,25,0
1990,61,1,0,0,0,1,75,0,28,1
1990,61,2,0,0,0,0,0,0,0,0
1990,61,1,0,0,0,0,565,0,40,0
1990,59,2,0,0,0,0,444,3,0,0
1990,41,1,0,0,0,1,27,4,40,1
1990,40,2,0,0,0,1,0,0,0,0
1990,42,1,0,1,0,1,263,3,60,0
1990,45,2,0,0,0,1,95,5,40,0
1990,59,1,0,0,0,1,178,5,40,0
1990,69,2,0,0,0,1,276,3,40,0
1990,66,1,0,0,0,0,597,1,0,0
1990,61,2,0,0,0,0,0,0,0,0
1990,21,1,1,0,0,0,889,2,40,0
1990,33,1,0,0,0,1,365,6,50,0
1990,40,2,0,3,3,0,436,3,35,0
1990,38,1,0,0,0,1,503,5,40,0
1990,29,2,0,0,0,0,337,4,40,0
1990,49,1,0,0,0,1,355,2,40,1
1990,49,2,0,0,0,0,447,5,40,0
1990,20,1,1,0,0,0,426,3,40,0
1990,45,1,0,1,0,1,307,2,40,0
1990,40,2,0,1,0,1,628,1,0,0
1990,18,1,1,1,0,1,276,3,20,0
1990,29,1,0,3,0,0,505,3,56,0
1990,24,2,0,0,0,0,375,4,38,0
1990,38,2,2,0,0,1,156,5,24,0
1990,39,1,0,0,0,1,213,6,0,0
1990,36,2,0,0,0,0,348,2,40,0
1990,37,2,3,0,0,1,276,3,35,0
1990,31,1,2,0,0,0,274,3,40,0
1990,39,2,2,0,0,1,523,6,40,0
1990,42,1,0,3,0,1,417,6,0,0
1990,42,2,0,0,0,0,313,5,40,0
1990,29,1,0,0,0,1,36,6,40,0
1990,27,2,0,0,0,1,305,1,40,0
1990,68,1,0,0,0,1,486,0,12,0
1990,64,2,0,3,0,1,0,0,0,0
1990,26,1,1,0,0,1,755,1,44,0
1990,41,1,0,0,0,1,9,6,40,0
1990,41,2,0,0,0,1,365,6,40,0
1990,51,1,0,0,0,0,213,6,40,0
1990,50,2,0,0,0,1,444,3,15,0
1990,18,2,1,0,0,0,313,4,29,0
1990,73,1,0,0,0,0,453,5,0,0
1990,67,2,0,0,0,0,14,5,0,0
1990,49,2,0,0,0,1,21,5,45,0
1990,70,1,0,0,0,1,4,6,20,0
1990,57,1,0,3,0,0,364,6,40,0
1990,56,2,0,0,0,0,0,0,0,0
1990,27,1,1,0,2,1,783,4,40,0
1990,55,2,3,0,0,1,0,0,0,0
1990,60,1,3,0,0,0,785,3,0,0
1990,42,2,3,1,0,1,234,6,40,0
1990,31,2,2,0,0,0,276,3,0,0
1990,46,2,3,0,0,1,379,6,40,0
1990,42,1,0,0,0,1,22,4,48,1
1990,43,2,0,0,0,1,318,4,25,0
1990,68,2,3,0,0,0,0,0,0,0
1990,78,2,3,0,0,0,0,0,0,0
1990,36,2,2,1,0,0,644,6,40,0
1990,30,1,0,0,0,1,7,4,40,0
1990,25,2,0,0,0,1,27,4,40,0
1990,28,1,0,0,0,0,887,3,40,0
1990,23,2,0,0,0,0,385,6,40,0
1990,34,2,2,0,0,1,748,5,36,0
1990,54,1,0,0,0,1,243,3,10,0
1990,55,2,0,0,0,1,95,5,40,0
1990,20,2,1,0,0,1,467,5,36,0
1990,30,2,0,0,0,1,23,4,45,0
1990,31,1,0,0,0,1,883,2,0,0
1990,42,1,0,0,0,1,785,1,40,0
1990,40,2,0,0,0,1,25,3,45,0
1990,35,1,0,0,0,1,18,4,50,0
1990,34,2,0,0,0,1,18,0,40,0
1990,30,1,0,0,0,0,274,3,45,0
1990,28,2,0,0,0,0,389,4,40,0
1990,38,1,0,0,0,0,259,1,40,0
1990,33,2,0,0,0,0,0,0,0,0
1990,27,1,0,0,0,1,785,1,51,0
1990,29,2,0,0,0,1,443,3,30,0
1990,65,1,0,0,0,0,703,1,40,0
1990,53,2,0,0,0,1,0,0,0,0
1990,26,1,1,0,0,0,365,3,40,0
1990,29,2,2,0,0,0,348,1,40,0
1990,33,1,0,0,0,1,59,6,50,0
1990,38,2,0,0,0,1,313,5,40,0
1990,28,1,0,0,0,0,575,5,40,0
1990,27,2,0,0,0,0,313,5,40,0
1990,38,2,0,0,0,1,207,5,40,0
1990,34,1,0,0,0,0,486,0,40,0
1990,42,1,3,1,0,0,453,4,0,0
1990,31,1,1,0,0,0,0,0,0,0
1990,43,1,0,0,0,0,796,1,45,0
1990,42,2,0,0,0,0,808,5,22,0
1990,74,2,3,0,0,0,0,0,0,0
1990,63,1,0,0,0,0,789,4,20,0
1990,62,2,0,0,0,1,384,5,0,0
1990,37,1,0,0,0,1,17,3,40,0
1990,36,2,0,0,0,1,274,3,40,0
1990,41,1,2,0,0,1,164,5,45,0
1990,28,2,1,0,0,1,25,5,56,0
1990,36,1,0,0,0,1,508,2,40,0
1990,32,2,0,0,0,1,23,4,40,0
1990,71,1,0,0,0,1,23,5,15,0
1990,64,2,0,0,2,0,446,5,0,0
1990,50,1,0,0,0,0,345,4,40,0
1990,50,2,0,0,0,0,313,1,40,0
1990,58,1,0,0,0,0,5,6,40,0
1990,55,2,0,0,0,1,303,4,40,0
1990,49,2,2,0,0,1,389,4,40,0
1990,44,1,0,0,0,1,23,3,40,0
1990,43,2,0,0,0,1,266,3,32,0
1990,18,1,1,0,0,0,436,3,20,0
1990,31,1,0,0,0,1,235,5,60,0
1990,28,2,0,0,0,1,466,5,20,0
1990,21,2,1,0,0,1,427,5,30,0
1990,20,2,1,3,0,1,313,0,15,0
1990,19,1,1,0,0,1,875,0,60,0
1990,19,2,1,0,0,1,427,5,40,0
1990,19,2,1,0,0,1,313,4,25,0
1990,25,2,1,3,3,1,217,5,45,0
1990,35,2,1,0,0,1,22,2,40,0
1990,40,1,0,3,0,1,869,0,40,0
1990,31,2,0,0,0,1,95,5,32,0
1990,36,1,0,2,0,0,785,1,40,0
1990,33,2,0,0,0,0,18,4,0,0
1990,29,1,3,0,0,0,563,0,40,0
1990,25,1,0,0,0,1,213,1,40,0
1990,23,2,0,0,0,0,337,5,40,0
1990,36,1,0,0,0,0,18,4,40,0
1990,35,2,0,0,0,0,18,4,40,0
1990,18,1,1,0,0,0,449,5,30,0
1990,42,2,2,0,0,0,389,4,40,0
1990,22,2,2,0,0,1,357,4,50,0
1990,61,2,2,0,0,0,683,1,40,0
1990,46,1,0,0,0,1,255,4,40,0
1990,46,2,0,0,0,1,313,6,40,0
1990,21,1,1,0,0,1,427,6,40,0
1990,19,1,1,0,0,1,175,5,60,0
1990,50,1,0,0,0,1,5,6,45,0
1990,49,2,0,0,0,1,22,4,50,0
1990,47,1,0,0,0,1,525,4,40,0
1990,37,2,0,0,0,0,387,5,10,0
1990,40,1,0,0,0,1,634,1,40,1
1990,41,2,0,0,0,0,785,1,0,0
1990,20,2,1,0,0,1,445,5,40,0
1990,19,2,1,0,0,0,0,0,0,0
1990,42,1,0,0,0,1,508,6,40,0
1990,40,2,0,0,0,1,156,5,50,0
1990,19,1,1,0,0,0,734,1,40,0
1990,48,1,2,0,0,0,869,0,40,0
1990,55,2,3,0,0,0,435,3,50,0
1990,78,2,3,0,0,0,436,5,30,0
1990,64,1,0,0,0,0,0,0,0,0
1990,58,2,0,0,0,0,0,0,0,0
1990,47,1,0,0,0,0,804,0,35,0
1990,48,2,0,0,0,1,313,5,40,0
1990,19,2,1,0,0,0,276,3,30,0
1990,34,1,0,0,0,0,22,0,50,0
1990,33,2,0,0,0,0,447,5,35,0
1990,26,1,1,3,2,0,795,1,40,0
1990,38,1,0,0,0,1,904,6,70,0
1990,39,2,0,0,0,0,0,0,0,0
1990,19,2,1,0,0,0,276,3,0,0
1990,50,1,0,0,0,0,855,0,40,0
1990,50,2,0,0,0,1,379,5,40,0
1990,54,1,0,0,0,0,585,0,50,0
1990,55,2,0,0,0,0,207,5,40,0
1990,41,1,0,0,0,1,226,6,20,0
1990,43,2,0,3,0,1,389,6,40,0
1990,24,1,0,0,0,1,479,0,50,0
1990,22,2,0,3,0,1,0,0,0,0
1990,37,2,0,0,0,0,458,4,0,0
1990,40,1,0,0,0,1,849,3,44,0
1990,26,1,1,0,0,0,904,6,99,0
1990,18,1,1,0,0,0,228,6,30,0
1990,26,1,3,0,0,0,904,6,40,0
1990,19,1,1,2,1,0,904,6,40,0
1990,19,1,1,0,0,0,516,6,40,0
1990,34,1,0,3,0,1,8,6,40,0
1990,40,2,0,0,0,1,387,5,15,0
1990,44,1,0,0,0,1,558,0,50,0
1990,45,2,0,0,0,1,156,5,60,0
1990,65,2,3,0,0,0,0,0,0,0
1990,49,1,0,0,0,0,453,2,40,0
1990,49,2,0,0,0,0,383,4,40,0
1990,25,1,0,2,1,0,567,0,30,0
1990,26,2,0,2,1,0,0,0,0,0
1990,68,2,0,0,0,0,889,3,0,0
1990,55,1,0,0,0,0,889,3,0,0
1990,18,1,1,0,0,0,0,0,0,0
1990,37,1,0,0,0,0,696,1,70,0
1990,34,2,0,0,0,0,436,5,40,0
1990,33,1,0,0,0,1,417,6,56,0
1990,32,2,0,0,0,1,156,5,40,0
1990,46,1,0,0,0,0,22,2,40,0
1990,35,2,0,0,0,1,379,6,24,0
1990,47,1,0,0,0,0,259,1,50,0
1990,41,2,0,0,0,0,269,3,50,0
1990,19,1,1,0,0,1,269,3,0,0
1990,41,2,2,3,0,0,436,3,40,0
1990,29,1,0,0,0,0,783,1,40,0
1990,26,2,0,0,0,0,444,3,40,0
1990,55,1,0,0,0,0,777,1,40,0
1990,53,2,0,0,0,0,0,0,0,0
1990,33,1,0,0,0,1,176,5,80,0
1990,32,2,0,0,0,1,313,6,40,0
1990,68,2,3,0,0,0,336,1,40,0
1990,66,1,3,0,0,0,0,0,0,0
1990,59,1,0,0,0,0,0,0,0,0
1990,56,2,0,0,0,0,0,0,0,0
1990,20,1,3,0,0,0,0,0,0,0
1990,29,1,1,0,0,0,877,3,0,0
1990,57,1,0,0,0,0,573,0,48,0
1990,58,2,0,0,0,0,0,0,0,0
1990,72,1,0,0,0,0,0,0,0,0
1990,75,2,0,0,0,0,0,0,0,0
1990,72,1,0,0,0,0,0,0,0,0
1990,75,2,0,0,0,0,0,0,0,0
1990,68,1,0,0,0,0,0,0,0,0
1990,64,2,0,0,0,0,436,5,42,0
1990,77,1,3,0,0,0,0,0,0,0
1990,42,2,3,0,0,1,313,5,40,0
1990,61,1,0,0,0,0,176,5,40,0
1990,60,2,0,0,0,0,0,0,0,0
1990,70,1,0,0,0,0,0,0,0,0
1990,65,2,0,0,0,0,0,0,0,0
1990,69,1,0,0,0,0,0,0,0,0
1990,66,2,0,0,0,0,0,0,0,0
1990,34,1,0,0,2,1,417,6,48,0
1990,36,2,0,0,0,1,359,2,40,0
1990,34,1,3,0,0,1,263,3,50,0
1990,25,2,3,0,0,0,445,5,40,0
1990,73,2,3,0,0,1,0,0,0,0
1990,24,2,1,0,0,1,387,5,40,0
1990,80,2,3,0,0,0,0,0,0,0
1990,70,2,3,0,0,0,744,1,0,0
1990,77,2,3,0,0,0,0,0,0,0
1990,27,2,1,1,0,0,0,0,0,0
1990,39,1,0,0,0,1,199,5,50,0
1990,39,2,0,0,0,1,337,5,40,0
1990,18,2,1,0,0,0,155,5,20,0
1990,43,2,2,0,0,1,313,5,20,0
1990,26,2,0,0,0,0,453,4,32,0
1990,26,1,0,0,0,0,448,4,40,0
1990,36,1,3,0,0,0,869,0,40,0
1990,29,2,3,0,0,0,766,0,40,0
1990,53,1,0,0,0,1,479,0,60,0
1990,46,2,0,0,0,1,313,5,40,0
1990,69,1,0,0,0,0,243,3,94,0
1990,48,2,0,0,0,0,22,2,45,0
1990,18,2,1,0,0,0,435,3,24,0
1990,29,1,1,0,0,0,804,2,60,0
1990,74,2,3,0,0,0,0,0,0,0
1990,69,2,2,1,0,0,0,0,0,0
1990,55,1,2,0,0,0,486,0,8,0
1990,52,2,2,0,2,0,17,4,0,0
1990,48,1,1,0,0,0,0,0,0,0
1990,28,1,2,1,0,1,308,6,40,0
1990,27,1,0,0,0,1,27,6,60,0
1990,28,2,0,0,0,0,276,3,36,0
1990,60,1,0,0,0,1,5,6,40,0
1990,56,2,0,0,0,0,0,0,0,0
1990,22,1,1,1,0,0,459,6,60,0
1990,46,1,0,1,0,1,303,6,54,0
1990,42,2,0,1,0,0,889,6,0,0
1990,75,1,3,0,0,0,0,0,0,0
1990,70,1,0,0,0,1,269,3,40,0
1990,69,2,0,0,0,1,337,3,20,0
1990,20,1,0,3,0,0,888,3,40,0
1990,20,2,0,3,0,0,628,1,40,0
1990,33,2,2,1,0,1,335,5,35,0
1990,78,2,3,1,0,0,0,0,0,0
1990,57,1,0,0,0,0,176,5,40,0
1990,61,2,0,0,0,0,0,0,0,0
1990,38,1,0,3,0,1,303,6,60,0
1990,32,2,0,3,3,0,435,3,0,0
1990,53,1,0,0,0,1,523,5,40,0
1990,47,2,0,0,0,0,243,3,50,0
1990,29,1,2,0,2,0,824,0,0,0
1990,55,1,0,0,0,1,303,6,40,0
1990,47,2,0,0,0,1,27,6,40,0
1990,54,2,2,0,0,0,27,3,80,0
1990,30,1,1,0,0,0,22,3,30,0
1990,40,1,0,0,0,1,473,0,50,0
1990,39,2,0,0,0,1,313,5,40,0
1990,79,2,3,0,0,0,316,6,35,0
1990,47,2,3,0,0,1,316,6,40,0
1990,79,2,3,0,0,0,0,0,0,0
1990,78,1,3,0,0,0,0,0,0,0
1990,39,1,0,0,0,0,473,0,60,0
1990,37,2,0,0,0,0,0,0,0,0
1990,60,2,3,3,0,1,156,5,21,0
1990,32,2,3,3,0,0,889,1,40,0
1990,71,2,3,0,0,1,0,0,0,0
1990,42,1,2,0,0,1,0,0,0,0
1990,39,1,0,0,0,1,887,0,75,0
1990,34,2,0,0,0,0,243,3,35,0
1990,27,1,2,0,0,0,575,1,40,0
1990,42,1,0,0,0,0,529,2,40,0
1990,30,2,0,0,0,0,313,3,40,0
1990,21,2,2,0,0,0,686,3,0,0
1990,44,1,0,0,0,0,188,5,56,0
1990,41,2,0,0,0,1,426,3,65,0
1990,43,1,0,0,0,1,796,1,40,0
1990,43,2,0,0,0,1,156,5,44,0
1990,23,1,0,0,0,0,869,0,40,0
1990,24,2,0,0,2,1,0,0,0,0
1990,71,2,3,0,0,1,0,0,0,0
1990,36,1,2,0,0,1,156,5,50,0
1990,45,1,0,0,0,0,613,0,99,1
1990,39,2,0,0,0,0,0,0,0,0
1990,19,1,1,0,0,0,889,2,20,0
1990,53,1,0,0,0,0,243,4,50,0
1990,42,2,0,0,0,0,337,3,25,0
1990,40,1,0,0,0,0,224,1,48,0
1990,41,2,0,0,0,1,313,5,37,0
1990,21,1,1,0,0,1,479,0,40,0
1990,23,1,1,0,0,1,269,3,40,0
1990,46,2,0,0,0,0,0,0,0,0
1990,42,1,0,0,0,0,0,0,0,0
1990,42,1,0,0,0,1,157,5,55,0
1990,40,2,0,0,0,0,313,3,40,0
1990,25,1,1,0,0,1,22,3,50,1
1990,43,1,0,0,0,1,19,4,50,0
1990,42,2,0,0,0,1,154,5,40,0
1990,54,2,0,0,0,1,313,5,40,0
1990,59,1,0,0,0,0,259,3,50,0
1990,38,1,0,0,0,1,0,0,0,0
1990,37,2,0,0,0,1,378,6,12,0
1990,77,2,3,0,0,1,0,0,0,0
1990,23,1,0,0,0,1,208,5,48,0
1990,20,2,0,0,0,0,383,4,35,0
1990,57,1,0,0,0,1,503,3,50,0
1990,52,2,0,0,0,0,0,0,0,0
1990,28,1,1,0,0,0,0,0,0,0
1990,28,1,0,0,0,0,529,2,40,0
1990,28,2,0,3,0,0,277,3,13,0
1990,79,1,0,0,0,0,473,0,56,0
1990,78,2,0,0,0,0,0,0,0,0
1990,33,1,0,0,0,1,657,3,50,0
1990,30,2,0,0,0,1,313,4,40,0
1990,44,1,0,0,0,1,473,0,70,0
1990,43,2,0,0,0,1,313,5,40,0
1990,54,1,0,0,0,1,27,4,50,1
1990,41,2,0,0,0,0,0,0,0,0
1990,26,1,0,0,0,0,23,6,40,0
1990,21,2,0,0,0,0,0,0,0,0
1990,50,1,0,0,0,0,479,0,56,0
1990,48,2,0,0,0,1,303,4,0,0
1990,60,1,0,0,0,0,473,0,40,0
1990,56,2,0,0,0,1,5,6,40,0
1990,34,1,0,0,0,1,473,0,80,0
1990,35,2,0,0,0,1,156,5,0,0
1990,20,2,2,0,0,1,278,1,30,0
1990,25,1,0,0,0,0,268,3,52,0
1990,25,2,0,0,0,1,316,6,40,0
1990,62,1,0,0,0,0,475,0,40,1
1990,52,2,0,0,0,1,313,5,8,0
1990,26,1,1,0,0,1,475,0,84,1
1990,38,1,2,0,0,1,473,0,99,0
1990,52,1,0,0,0,0,804,3,40,0
1990,53,2,0,0,0,0,359,6,30,0
1990,51,1,0,0,0,1,418,6,40,0
1990,49,2,0,0,0,0,313,4,40,0
1990,27,1,0,0,0,0,869,6,40,0
1990,19,2,0,0,0,0,274,3,30,0
1990,28,1,1,0,0,1,0,0,0,0
1990,42,2,2,0,0,0,243,3,0,0
1990,21,1,1,0,0,0,206,5,40,0
1990,68,2,3,0,0,0,0,0,0,0
1990,39,2,3,0,0,0,0,0,0,0
1990,18,1,1,0,3,0,473,0,20,0
1990,22,1,1,0,0,1,389,1,40,0
1990,38,2,2,0,0,0,276,3,30,0
1990,54,1,2,0,0,0,567,0,0,0
1990,73,2,3,0,0,0,436,3,8,0
1990,27,1,0,0,0,1,744,3,40,0
1990,21,2,0,3,0,0,276,3,25,0
1990,43,2,2,3,0,0,447,5,40,0
1990,48,1,0,1,0,0,844,0,40,0
1990,40,2,0,1,0,0,155,5,40,0
1990,60,1,0,0,0,0,473,0,40,1
1990,61,2,0,0,0,1,22,3,0,0
1990,63,1,1,2,1,0,883,3,20,0
1990,45,1,0,0,0,1,475,0,80,0
1990,43,2,0,0,0,1,156,5,45,0
1990,18,2,1,0,0,0,0,0,0,0
1990,30,1,0,0,0,0,547,4,50,0
1990,28,2,0,0,0,0,316,6,50,0
1990,39,1,1,2,0,0,889,5,25,0
1990,38,1,3,0,0,1,243,3,50,0
1990,39,1,0,0,0,1,157,5,50,0
1990,36,2,0,0,0,1,156,5,36,0
1990,49,2,2,0,0,0,359,2,40,0
1990,67,2,3,0,0,0,436,5,20,1
1990,36,1,1,0,0,1,473,0,70,0
1990,63,1,2,0,0,0,877,1,0,0
1990,76,1,0,0,0,0,0,0,0,0
1990,77,2,0,0,0,0,0,0,0,0
1990,23,2,2,0,0,0,435,3,30,0
1990,38,1,0,0,0,1,479,0,60,0
1990,32,2,0,0,0,1,406,4,50,0
1990,64,1,0,0,0,0,869,0,40,0
1990,53,2,0,0,0,0,0,0,0,0
1990,63,1,0,0,0,1,0,0,0,0
1990,65,2,0,0,0,0,0,0,0,0
1990,77,2,3,0,0,0,0,0,0,0
1990,55,1,0,0,0,1,516,1,40,0
1990,58,2,0,0,0,1,97,5,0,0
1990,75,1,0,0,0,1,747,4,0,0
1990,77,2,0,0,0,1,0,0,0,0
1990,19,1,1,0,0,1,479,0,30,0
1990,42,1,0,2,1,0,889,0,40,0
1990,33,2,0,2,1,0,0,0,0,0
1990,60,2,3,0,2,0,0,0,0,0
1990,73,1,0,0,0,0,0,0,0,0
1990,71,2,0,0,0,0,0,0,0,0
1990,30,1,0,0,0,1,479,0,40,1
1990,26,2,0,0,0,1,156,5,40,0
1990,66,1,0,0,0,0,0,0,0,0
1990,62,2,0,0,0,0,453,3,21,0
1990,33,1,0,0,0,0,848,0,45,0
1990,30,2,0,0,0,0,447,5,40,0
1990,77,2,3,0,0,0,0,0,0,0
1990,77,1,0,0,0,0,0,0,0,0
1990,71,2,0,0,0,0,0,0,0,0
1990,29,1,1,1,0,1,683,1,30,0
1990,28,1,2,0,0,0,0,0,0,0
1990,71,2,3,0,0,1,0,0,0,0
1990,64,2,2,0,0,1,176,5,40,0
1990,65,2,3,0,0,0,313,4,0,0
1990,42,1,0,0,0,1,178,5,45,1
1990,38,2,0,0,0,1,313,5,6,0
1990,60,1,0,0,0,1,255,4,45,0
1990,60,2,0,0,0,1,779,3,15,0
1990,63,2,3,0,0,1,0,0,0,0
1990,58,1,0,0,0,0,453,5,40,0
1990,52,2,0,0,0,0,0,0,0,0
1990,45,1,0,0,0,1,79,0,40,0
1990,41,2,0,0,0,1,177,5,35,0
1990,65,2,1,0,0,1,154,5,0,0
1990,29,2,2,2,1,1,313,1,0,0
1990,46,2,3,0,0,0,379,0,40,0
1990,74,2,3,0,0,0,0,0,0,0
1990,77,2,3,0,0,0,0,0,0,0
1990,80,1,3,0,0,1,0,0,0,1
1990,38,1,0,0,1,1,243,3,40,0
1990,32,2,0,0,1,1,889,4,0,0
1990,52,1,2,0,0,0,0,0,0,0
1990,52,2,3,0,0,0,317,4,20,0
1990,56,1,2,0,0,0,563,0,40,0
1990,80,1,0,0,0,0,0,0,0,0
1990,41,1,0,0,0,1,259,3,40,0
1990,44,2,0,0,0,0,336,5,30,0
1990,66,2,0,0,0,0,0,0,0,0
1990,64,1,0,0,0,0,0,0,0,0
1990,26,1,0,0,0,0,727,1,84,0
1990,22,2,0,0,0,0,379,3,24,0
1990,33,2,0,3,0,1,799,1,40,0
1990,35,1,0,3,0,0,516,2,40,0
1990,37,1,1,0,0,0,727,1,40,0
1990,38,2,1,0,0,1,447,5,48,0
1990,35,1,1,0,0,0,766,1,40,0
1990,65,1,0,0,0,0,496,1,40,0
1990,59,2,0,0,0,0,159,5,40,0
1990,19,1,1,0,0,1,889,1,40,0
1990,18,2,1,0,0,1,468,1,40,0
1990,60,1,0,0,0,0,496,1,50,0
1990,43,2,0,0,0,1,163,5,40,0
1990,18,1,1,0,0,0,496,1,40,0
1990,18,2,1,0,0,0,453,4,40,0
1990,40,1,0,0,0,1,14,5,48,0
1990,39,2,0,0,0,1,185,3,5,0
1990,70,1,3,0,0,1,0,0,0,0
1990,72,1,0,0,0,0,0,0,0,0
1990,29,1,0,0,0,1,844,1,50,0
1990,26,2,0,0,0,0,315,0,45,0
1990,54,1,0,0,0,1,4,6,40,0
1990,54,2,0,0,0,0,16,2,40,0
1990,24,2,2,0,0,0,435,3,0,0
1990,33,1,2,0,0,0,479,0,40,0
1990,34,2,0,0,0,1,313,4,50,0
1990,25,1,0,0,0,1,869,0,0,0
1990,36,1,0,0,0,0,844,0,11,0
1990,29,2,0,0,0,0,909,6,0,0
1990,48,1,0,0,0,1,379,3,40,0
1990,46,2,0,0,0,1,337,0,40,0
1990,33,1,0,0,0,1,806,1,45,0
1990,28,2,0,0,0,0,0,0,0,0
1990,38,1,0,0,0,1,78,0,40,0
1990,38,2,0,0,0,1,0,0,0,0
1990,26,2,1,0,0,0,496,1,40,0
1990,37,1,0,0,0,0,628,1,38,0
1990,35,2,0,0,0,1,389,2,20,0
1990,39,1,0,0,0,0,549,1,50,0
1990,36,2,0,0,0,0,0,0,0,0
1990,29,1,0,0,0,0,856,0,40,0
1990,33,2,0,0,0,0,453,5,3,0
1990,52,2,2,0,0,1,263,3,10,0
1990,37,1,0,0,0,1,156,5,40,0
1990,35,2,0,0,0,1,808,2,60,0
1990,76,1,0,0,0,0,0,0,0,0
1990,72,2,0,0,0,0,0,0,0,0
1990,41,1,0,0,0,0,628,1,40,0
1990,39,2,0,0,0,1,95,5,30,0
1990,80,1,0,0,0,1,486,4,6,0
1990,63,2,0,0,0,1,0,0,0,0
1990,23,1,0,0,0,1,235,3,50,0
1990,21,2,0,0,0,1,373,3,20,0
1990,73,2,3,0,0,0,0,0,0,0
1990,36,1,1,0,0,1,243,3,70,0
1990,42,2,2,0,0,0,276,3,70,0
1990,50,1,0,0,0,1,479,0,60,0
1990,45,2,0,0,0,1,479,0,40,0
1990,79,2,3,0,0,0,488,3,40,0
1990,67,2,2,0,0,0,379,6,0,0
1990,18,1,1,0,0,0,754,1,40,0
1990,35,1,2,0,0,1,276,3,40,0
1990,38,2,2,0,0,1,426,3,20,0
1990,36,2,0,0,0,0,313,2,40,0
1990,38,1,0,0,0,1,22,1,60,1
1990,63,1,0,0,0,1,496,1,40,0
1990,61,2,0,0,0,0,0,0,0,0
1990,31,2,2,0,0,1,22,2,84,0
1990,37,2,0,0,0,1,308,4,50,0
1990,42,1,0,0,0,1,17,3,25,0
1990,26,1,1,0,0,0,436,3,40,0
1990,76,1,0,0,0,0,449,2,0,0
1990,80,2,0,0,0,0,0,0,0,0
1990,35,1,0,0,0,0,779,0,40,0
1990,34,2,0,0,0,0,436,3,36,0
1990,20,1,1,0,0,0,235,5,30,0
1990,22,2,1,0,0,1,447,5,30,0
1990,36,1,1,0,0,0,889,3,50,0
1990,46,2,2,0,0,1,95,5,32,0
1990,21,2,1,0,0,0,373,3,20,0
1990,48,1,2,0,0,0,567,0,40,0
1990,35,2,2,0,0,0,748,4,35,0
1990,47,1,0,0,0,0,259,3,40,1
1990,48,2,0,0,0,0,268,3,28,0
1990,79,2,3,0,0,0,0,0,0,0
1990,29,1,0,0,0,0,505,4,40,0
1990,28,2,0,3,0,0,486,0,0,0
1990,54,1,0,0,0,0,243,3,99,0
1990,54,2,0,0,0,0,327,2,40,0
1990,63,2,2,0,0,0,449,5,0,0
1990,29,2,0,0,0,1,185,3,40,0
1990,34,1,0,0,0,1,356,2,40,0
1990,49,2,2,0,0,1,313,1,40,0
1990,59,1,0,0,0,0,549,4,44,0
1990,47,2,0,0,0,0,21,5,50,0
1990,37,1,0,0,0,0,508,0,45,0
1990,34,2,0,0,0,0,0,0,0,0
1990,74,1,3,0,0,0,0,0,0,0
1990,37,1,0,0,0,1,856,2,40,0
1990,32,2,0,0,0,0,877,3,40,0
1990,76,1,0,0,0,0,0,0,0,0
1990,67,2,0,0,0,0,0,0,0,0
1990,28,1,0,3,0,0,779,1,40,0
1990,26,2,0,0,0,0,447,5,30,0
1990,71,1,2,0,0,1,0,0,0,0
1990,36,1,1,0,0,0,567,0,40,0
1990,47,1,0,0,0,1,156,5,40,0
1990,37,2,0,0,0,1,156,5,20,0
1990,37,2,1,0,0,0,354,2,40,0
1990,63,1,0,0,0,0,453,4,30,0
1990,54,2,0,0,0,0,436,3,40,0
1990,37,1,2,0,0,0,269,3,40,0
1990,57,1,0,0,0,1,804,1,40,0
1990,53,2,0,0,0,0,779,1,0,0
1990,70,2,3,0,0,0,5,6,4,0
1990,55,1,0,0,0,1,254,4,40,0
1990,58,2,0,0,0,1,0,0,0,0
1990,40,1,2,0,0,1,84,5,65,1
1990,25,1,0,0,0,1,33,1,50,0
1990,26,2,0,0,0,1,156,5,40,0
1990,37,1,3,0,0,1,544,1,55,0
1990,60,1,0,0,0,0,254,4,40,0
1990,59,2,0,0,0,1,0,0,0,0
1990,32,1,1,0,0,1,475,0,48,0
1990,71,1,0,0,0,0,637,1,40,0
1990,63,2,0,0,0,0,0,0,0,0
1990,23,2,1,0,0,0,799,3,0,0
1990,30,1,1,0,0,1,505,4,50,0
1990,79,1,0,0,0,0,479,0,60,1
1990,64,2,0,0,0,1,283,3,0,0
1990,73,2,0,0,0,0,0,0,0,0
1990,70,1,0,0,0,0,486,0,0,0
1990,21,1,1,0,0,0,728,1,60,0
1990,60,1,0,0,0,0,889,2,0,0
1990,57,2,0,0,0,0,0,0,0,0
1990,43,1,0,0,0,1,453,5,40,0
1990,30,2,0,0,0,0,406,4,10,0
1990,26,1,1,3,0,1,453,0,0,0
1990,28,1,0,3,0,0,486,6,0,0
1990,24,2,1,3,0,0,447,5,0,0
1990,24,2,1,3,0,0,453,6,0,0
1990,29,2,1,3,0,0,889,1,48,0
1990,29,2,0,3,0,1,185,3,40,0
1990,42,1,0,2,0,1,319,4,12,0
1990,38,2,0,0,0,0,337,4,25,0
1990,46,1,0,0,0,0,59,0,40,0
1990,49,2,0,0,0,0,0,0,0,0
1990,28,2,2,0,0,1,156,5,40,0
1990,66,2,3,0,0,1,473,0,10,0
1990,34,1,0,0,0,1,174,6,40,0
1990,26,2,0,0,0,0,5,2,40,0
1990,24,1,0,2,0,0,856,1,50,0
1990,25,2,0,2,0,0,0,0,0,0
1990,64,1,0,0,0,0,0,0,0,0
1990,65,2,0,0,0,0,733,1,0,0
1990,52,1,1,0,0,0,804,0,40,0
1990,76,2,3,0,0,0,0,0,0,0
1990,72,1,3,0,0,0,0,0,0,0
1990,31,1,1,0,0,0,505,3,40,0
1990,66,1,0,0,0,0,496,1,50,0
1990,53,2,0,0,0,0,89,5,40,0
1990,73,2,3,0,0,0,0,0,0,0
1990,48,1,0,0,0,1,503,2,55,0
1990,46,2,0,0,0,1,156,5,40,0
1990,41,1,0,0,0,0,804,2,60,0
1990,30,2,0,0,0,0,308,1,40,0
1990,38,2,2,0,0,1,22,5,52,0
1990,29,1,1,0,0,1,263,3,70,0
1990,55,1,0,0,0,1,154,5,99,0
1990,52,2,0,0,0,0,0,0,0,0
1990,32,2,3,0,0,1,243,3,40,0
1990,37,2,2,0,0,1,216,0,40,0
1990,20,2,1,3,0,0,276,3,25,0
1990,42,1,0,0,0,1,14,5,40,0
1990,40,2,0,0,0,1,154,5,50,0
1990,57,1,0,0,0,1,0,0,0,0
1990,40,2,0,0,0,1,799,1,40,0
1990,18,1,1,0,0,0,488,3,40,0
1990,63,2,3,0,0,0,5,6,20,0
1990,75,1,3,0,0,0,0,0,0,0
1990,68,1,0,0,0,0,0,0,0,0
1990,65,2,0,0,0,0,0,0,0,0
1990,72,1,0,0,0,0,473,0,70,0
1990,71,2,0,0,0,0,259,3,7,0
1990,60,1,0,0,0,1,48,2,40,1
1990,51,2,0,0,0,1,313,5,40,0
1990,60,1,0,0,0,0,804,2,55,0
1990,61,2,0,0,0,0,276,3,8,0
1990,60,1,0,0,0,0,727,1,45,0
1990,44,2,0,0,0,0,275,3,35,0
1990,46,1,0,0,0,0,479,0,40,0
1990,27,2,0,0,0,0,276,3,40,0
1990,45,1,0,0,0,0,878,1,40,0
1990,46,2,0,0,0,0,436,5,25,0
1990,29,1,0,0,0,1,157,5,50,0
1990,31,2,0,0,0,0,22,0,30,0
1990,63,1,0,0,0,0,473,0,40,0
1990,57,2,0,0,0,0,479,0,50,0
1990,43,2,2,0,0,1,434,3,40,0
1990,24,1,1,0,0,0,453,6,40,0
1990,54,1,0,0,0,1,22,2,70,0
1990,49,2,0,0,0,1,487,0,20,0
1990,78,2,0,0,0,1,0,0,0,0
1990,65,1,0,0,0,0,563,0,40,0
1990,62,2,0,0,0,0,0,0,0,0
1990,57,1,0,0,0,0,22,1,40,1
1990,56,2,0,0,0,0,0,0,0,0
1990,38,1,0,0,0,0,496,1,48,0
1990,37,2,0,0,0,0,156,5,8,0
1990,73,1,2,0,0,1,461,2,56,0
1990,47,1,0,0,0,1,243,3,75,0
1990,43,2,0,0,0,1,658,3,75,0
1990,37,1,0,0,0,1,473,0,60,1
1990,38,2,0,0,0,1,337,0,20,0
1990,60,1,0,0,0,0,436,3,30,0
1990,50,2,0,0,0,0,434,3,40,0
1990,54,1,0,0,0,1,0,0,0,0
1990,51,2,0,0,0,0,313,3,40,0
1990,39,1,0,0,0,1,418,6,40,0
1990,36,2,0,0,0,0,264,3,0,0
1990,61,1,0,0,0,0,628,1,40,0
1990,56,2,0,0,0,0,368,1,0,0
1990,24,1,1,0,0,1,59,1,40,0
1990,27,1,1,0,2,1,59,1,40,0
1990,29,1,1,0,2,1,156,5,50,0
1990,35,2,2,0,0,1,22,4,40,0
1990,36,1,2,0,0,1,505,4,45,0
1990,61,1,0,0,0,1,154,5,50,1
1990,63,2,0,0,0,1,379,5,0,0
1990,70,2,3,0,0,0,777,5,25,0
1990,70,1,1,0,0,0,486,3,20,0
1990,20,1,1,0,0,1,276,3,24,0
1990,21,1,1,0,0,0,276,5,23,0
1990,27,2,1,0,0,1,319,5,40,0
1990,21,2,1,0,0,1,439,3,20,0
1990,21,1,1,0,0,1,877,3,45,0
1990,20,2,1,0,0,1,265,3,30,0
1990,24,1,1,2,1,1,479,0,45,0
1990,57,1,0,0,0,1,154,5,36,1
1990,53,2,0,0,0,1,379,5,38,0
1990,22,2,1,0,0,1,436,3,30,0
1990,21,2,1,0,0,1,313,1,45,0
1990,28,1,0,0,0,1,487,5,20,0
1990,26,2,0,0,0,1,445,5,43,0
1990,20,1,1,0,0,1,904,6,40,0
1990,44,1,1,0,0,0,444,5,40,0
1990,37,1,0,0,0,1,75,1,40,0
1990,42,2,0,0,0,1,95,4,24,0
1990,74,1,3,0,0,0,303,6,0,0
1990,37,1,0,0,0,1,57,1,48,1
1990,35,2,0,0,0,1,0,0,0,0
1990,41,1,0,0,0,1,496,1,40,0
1990,35,2,0,0,0,1,687,1,40,0
1990,68,1,0,0,0,0,799,1,40,0
1990,67,2,0,0,0,0,0,0,0,0
1990,32,2,0,0,0,1,889,1,0,0
1990,32,1,0,0,0,1,796,1,50,0
1990,73,1,0,0,0,0,0,0,0,0
1990,65,2,0,0,0,0,473,0,36,0
1990,66,1,3,0,0,0,628,1,0,0
1990,40,1,2,0,0,0,484,0,50,0
1990,35,2,1,0,0,0,889,1,32,0
1990,39,1,0,0,0,1,549,1,52,1
1990,35,2,0,0,0,0,386,5,16,0
1990,43,1,0,0,0,1,505,4,18,0
1990,33,2,0,0,0,1,308,5,40,0
1990,63,1,2,3,0,1,45,6,40,1
1990,33,1,1,0,0,1,849,1,40,0
1990,31,2,2,0,0,1,216,1,0,0
1990,41,1,2,0,0,0,804,2,0,0
1990,42,1,0,0,0,1,496,1,50,1
1990,31,2,0,0,0,0,737,1,8,0
1990,29,1,0,0,0,0,637,1,40,0
1990,24,2,0,0,0,1,329,5,40,0
1990,42,1,0,0,0,1,154,5,45,0
1990,36,2,0,0,0,0,0,0,0,0
1990,27,1,1,0,0,0,595,0,40,0
1990,29,2,3,0,0,1,779,1,40,0
1990,31,2,2,0,0,1,315,5,40,0
1990,53,2,3,0,0,0,0,0,0,0
1990,25,1,0,0,0,1,495,0,40,0
1990,24,2,0,0,0,1,223,0,50,0
1990,33,1,0,0,0,1,495,0,45,0
1990,27,2,0,0,0,1,75,0,40,0
1990,78,1,0,0,0,1,0,0,0,0
1990,65,2,0,0,0,0,439,5,15,0
1990,32,1,0,0,0,1,174,5,40,0
1990,32,2,0,0,0,1,95,5,0,0
1990,34,1,0,0,0,1,496,1,50,0
1990,28,2,0,0,0,0,337,1,10,0
1990,78,2,3,0,0,0,0,0,0,0
1990,23,2,1,0,0,1,23,5,40,0
1990,44,1,0,0,0,1,157,5,60,0
1990,31,2,0,0,0,1,156,5,60,0
1990,53,2,3,0,0,0,426,4,38,0
1990,25,1,1,0,0,0,756,3,72,0
1990,19,1,1,0,0,1,436,3,20,0
1990,25,1,1,0,0,0,804,0,72,0
1990,59,1,0,0,0,1,486,0,36,0
1990,63,2,0,0,0,1,473,0,0,0
1990,47,1,3,0,0,1,503,3,45,1
1990,21,1,3,0,0,0,885,3,40,0
1990,44,2,3,0,0,0,335,5,40,0
1990,46,1,0,0,0,0,637,1,45,0
1990,44,2,0,0,0,0,435,3,15,0
1990,55,2,3,0,0,1,235,6,50,0
1990,42,1,0,0,0,1,176,5,40,0
1990,41,2,0,0,0,1,447,5,0,0
1990,70,2,3,0,0,0,407,4,0,0
1990,72,1,0,0,0,0,426,4,0,0
1990,66,2,0,0,0,0,628,1,25,0
1990,69,1,0,0,0,0,628,1,0,0
1990,70,2,0,0,0,0,0,0,0,0
1990,48,1,0,0,0,0,263,3,55,0
1990,37,2,0,0,0,0,0,0,0,0
1990,27,1,0,0,0,1,576,3,55,0
1990,28,2,0,0,0,1,276,3,29,0
1990,26,1,1,0,0,1,869,0,40,0
1990,31,1,3,0,0,0,496,1,50,0
1990,54,1,0,0,0,1,156,5,40,0
1990,54,2,0,0,0,1,156,5,40,0
1990,20,1,1,0,0,0,444,3,40,0
1990,31,1,2,0,0,1,243,3,40,0
1990,35,1,0,0,0,1,418,6,48,0
1990,37,2,0,0,0,0,445,5,16,0
1990,44,2,0,0,0,1,5,6,40,0
1990,53,1,0,0,0,0,866,0,20,0
1990,46,1,0,0,0,1,7,4,50,1
1990,46,2,0,0,0,1,22,0,40,0
1990,19,1,1,0,0,1,904,6,30,0
1990,32,2,3,0,0,1,458,3,0,0
1990,67,1,0,0,0,1,416,0,20,0
1990,64,2,0,0,0,1,0,0,0,0
1990,39,1,0,0,0,1,22,0,50,1
1990,34,2,0,0,0,1,156,5,40,0
1990,29,1,0,0,0,0,573,0,40,1
1990,24,2,0,0,0,0,376,4,40,0
1990,24,2,1,0,0,1,337,3,40,0
1990,56,2,2,0,0,0,0,0,0,0
1990,42,2,2,0,0,1,95,5,40,0
1990,69,1,0,0,0,1,909,6,0,0
1990,68,2,0,0,0,1,319,5,10,0
1990,42,1,2,3,0,1,496,1,80,0
1990,36,2,2,0,0,1,435,3,48,0
1990,77,1,0,0,0,1,0,0,0,0
1990,79,2,0,0,0,0,0,0,0,0
1990,43,1,1,0,0,0,434,3,35,0
1990,46,1,2,0,0,1,303,6,40,0
1990,78,1,0,0,0,0,0,0,0,0
1990,64,2,0,0,0,1,185,3,15,0
1990,18,2,1,0,0,0,439,3,35,0
1990,21,2,2,0,0,0,276,3,40,0
1990,30,1,1,0,0,0,449,1,50,0
1990,59,1,0,0,0,1,243,4,50,1
1990,56,2,0,0,0,1,313,4,15,0
1990,79,2,2,0,0,0,0,0,0,0
1990,35,1,1,0,0,0,856,1,50,0
1990,33,1,0,0,0,0,507,1,40,0
1990,28,2,0,0,0,1,0,0,0,0
1990,29,1,0,0,0,0,804,3,40,0
1990,28,2,0,0,0,0,453,4,0,0
1990,64,1,0,0,0,1,579,0,20,0
1990,50,2,0,3,0,0,0,0,0,0
1990,34,2,3,0,0,0,267,3,40,0
1990,51,1,0,0,0,0,22,0,40,1
1990,39,2,0,0,0,0,0,0,0,0
1990,18,2,1,0,0,0,469,3,10,0
1990,37,1,2,0,0,0,505,4,90,0
1990,24,2,1,0,0,0,0,0,0,0
1990,30,1,0,0,0,0,777,1,40,0
1990,27,2,0,0,0,0,449,4,0,0
1990,45,1,0,0,0,0,855,0,50,0
1990,47,2,0,0,0,0,869,0,50,0
1990,36,1,0,0,0,0,567,0,50,0
1990,31,2,0,0,0,0,387,5,30,0
1990,46,2,2,3,0,0,313,5,0,0
1990,18,1,1,3,0,0,889,2,20,0
1990,67,2,3,0,0,1,0,0,0,0
1990,40,1,0,0,0,1,26,4,45,0
1990,26,2,0,0,0,1,234,4,40,0
1990,51,1,0,0,0,0,779,1,0,0
1990,31,2,0,0,0,0,435,3,35,0
1990,63,2,0,3,0,0,0,0,0,0
1990,53,1,0,0,0,0,496,1,40,0
1990,43,1,1,3,0,0,804,2,70,0
1990,56,2,3,0,0,0,0,0,0,0
1990,68,1,0,0,0,1,0,0,0,0
1990,65,2,0,0,0,0,0,0,0,0
1990,67,1,0,0,0,1,255,4,60,0
1990,56,2,0,0,0,1,159,4,40,0
1990,39,1,2,0,0,1,684,1,30,0
1990,67,1,0,0,0,1,0,0,0,0
1990,61,2,0,0,0,0,0,0,0,0
1990,42,1,2,0,0,1,217,1,50,0
1990,36,2,2,0,0,0,447,5,0,0
1990,74,1,0,0,0,0,0,0,0,0
1990,72,2,0,0,0,0,0,0,0,0
1990,37,1,2,0,0,1,22,0,40,1
1990,55,1,0,0,0,0,479,0,80,0
1990,57,2,0,0,0,0,283,3,30,0
1990,78,1,0,0,0,0,549,4,15,0
1990,66,2,0,0,0,0,0,0,0,0
1990,41,1,0,0,0,0,554,0,30,0
1990,40,2,0,0,0,0,25,4,50,0
1990,52,1,0,0,0,0,804,2,60,0
1990,51,2,0,0,0,0,243,3,40,0
1990,25,1,1,0,0,0,264,3,30,0
1990,73,1,0,0,0,0,0,0,0,0
1990,70,2,0,0,0,0,0,0,0,0
1990,67,1,0,0,0,0,804,1,40,0
1990,64,2,0,0,0,0,0,0,0,0
1990,47,1,0,0,0,1,259,3,40,0
1990,47,2,0,0,0,0,303,4,40,0
1990,51,1,0,0,0,1,0,0,0,0
1990,50,2,0,0,0,0,0,0,0,0
1990,45,1,0,0,0,1,157,5,40,0
1990,43,2,0,0,0,1,156,5,50,0
1990,19,1,1,0,0,1,878,1,50,0
1990,42,2,0,0,0,0,389,0,30,0
1990,42,1,0,0,0,0,22,0,65,0
1990,55,2,2,0,0,0,337,3,45,1
1990,75,1,0,0,0,0,889,0,30,0
1990,66,2,0,0,0,1,0,0,0,0
1990,39,2,0,0,0,0,7,4,40,0
1990,50,1,0,0,0,1,176,5,40,0
1990,62,1,0,0,0,1,516,0,20,0
1990,57,2,0,0,0,1,5,6,8,0
1990,72,1,0,0,0,0,0,0,0,0
1990,64,2,0,0,0,0,0,0,0,0
1990,56,1,2,3,0,0,494,2,40,1
1990,30,2,2,0,0,0,23,4,30,1
1990,36,2,2,0,0,0,174,5,40,0
1990,60,1,0,0,0,0,22,3,0,0
1990,47,2,0,0,0,0,593,0,0,0
1990,62,1,0,0,0,1,486,5,40,0
1990,57,2,0,0,0,0,628,1,40,0
1990,45,2,3,0,2,1,17,3,40,0
1990,68,1,0,0,0,0,0,0,0,0
1990,68,2,0,0,0,1,0,0,0,0
1990,60,2,0,0,0,0,243,3,12,0
1990,63,1,0,0,0,0,417,6,40,0
1990,46,2,3,0,0,0,316,6,0,0
1990,20,1,1,0,0,0,856,0,40,0
1990,19,2,1,0,0,0,475,0,50,0
1990,64,1,1,0,0,1,0,0,0,0
1990,31,1,0,0,0,1,23,5,50,1
1990,47,2,0,0,0,1,156,5,20,0
1990,19,1,1,0,0,0,276,5,25,0
1990,65,1,0,0,0,0,804,0,0,0
1990,53,2,0,0,2,0,274,3,0,0
1990,53,1,0,0,0,0,804,2,40,0
1990,41,2,0,0,0,1,0,0,0,0
1990,51,1,0,0,0,0,804,1,60,0
1990,46,2,0,0,0,0,379,6,20,0
1990,51,1,0,0,0,1,486,0,40,0
1990,58,2,0,0,0,0,5,6,40,0
1990,37,2,0,0,0,0,449,5,40,0
1990,47,1,0,0,0,1,575,1,45,0
1990,49,1,0,0,0,0,804,2,50,0
1990,45,2,0,0,0,1,379,4,0,0
1990,26,2,1,0,0,1,154,5,40,0
1990,32,1,0,0,0,1,856,0,20,0
1990,32,2,0,0,0,1,0,0,0,0
1990,71,1,0,0,0,0,0,0,0,0
1990,64,2,0,0,0,0,18,4,40,0
1990,37,1,0,0,0,1,779,1,40,0
1990,35,2,0,0,0,1,243,3,40,0
1990,23,1,1,0,0,0,733,1,40,0
1990,56,1,0,0,0,0,628,1,54,0
1990,54,2,0,0,0,0,0,0,0,0
1990,30,2,2,0,0,0,453,5,40,0
1990,55,1,0,0,0,0,535,2,45,1
1990,45,2,0,0,0,1,95,5,40,0
1990,43,1,0,0,0,1,156,5,40,0
1990,42,2,0,0,0,1,313,4,40,0
1990,51,1,0,0,0,1,155,5,35,0
1990,47,2,0,0,2,1,467,5,40,0
1990,43,1,0,0,0,0,0,0,0,0
1990,41,2,0,0,0,1,706,1,0,0
1990,20,1,0,0,0,1,889,1,45,0
1990,20,2,0,0,0,1,313,4,40,0
1990,67,1,0,0,0,1,0,0,0,0
1990,73,2,0,0,0,0,0,0,0,0
1990,60,2,2,0,0,0,7,4,40,0
1990,30,1,0,0,0,1,216,5,60,0
1990,28,2,0,0,0,1,535,1,50,0
1990,22,1,1,0,0,0,479,0,40,0
1990,20,2,1,0,0,0,435,3,40,0
1990,32,1,0,0,0,0,856,1,45,0
1990,30,2,0,0,0,1,25,4,40,0
1990,19,1,1,0,0,0,889,1,40,0
1990,18,2,1,0,0,0,877,3,35,0
1990,78,2,2,0,0,0,0,0,0,0
1990,79,1,2,0,0,0,0,0,0,0
1990,42,1,0,0,0,1,473,0,98,0
1990,38,2,0,0,0,1,95,5,52,0
1990,41,1,2,0,0,1,33,0,50,0
1990,30,1,0,0,0,1,226,6,60,0
1990,34,2,0,0,0,1,0,0,0,0
1990,43,2,2,0,0,1,95,5,30,0
1990,23,1,1,0,0,1,268,3,37,0
1990,69,2,3,0,0,1,458,4,0,0
1990,44,1,0,0,0,1,183,5,44,0
1990,43,2,0,0,0,1,159,5,40,0
1990,79,2,3,0,0,1,0,0,0,0
1990,33,2,3,0,0,0,756,1,0,0
1990,18,1,1,0,0,0,829,6,55,0
1990,35,2,2,0,0,1,274,5,25,0
1990,73,2,3,0,0,0,0,0,0,0
1990,61,1,0,0,0,0,849,0,40,0
1990,57,2,0,0,0,0,385,4,25,0
1990,39,1,0,0,0,0,804,2,45,0
1990,47,2,0,0,0,1,16,2,40,0
1990,32,1,0,0,0,0,534,3,50,0
1990,25,2,0,0,0,0,435,3,14,0
1990,61,1,3,0,0,0,0,0,0,0
1990,59,1,0,0,0,1,494,0,70,0
1990,50,2,0,0,0,1,0,0,0,0
1990,23,2,1,0,0,1,156,5,50,0
1990,33,1,0,0,0,1,178,6,40,0
1990,33,2,0,0,0,1,23,3,40,0
1990,77,1,0,0,2,1,259,3,10,0
1990,67,2,0,0,2,0,0,0,0,0
1990,38,1,0,0,0,1,426,5,40,0
1990,37,2,0,0,0,1,445,5,0,0
1990,62,1,0,0,0,0,599,0,0,0
1990,49,2,0,0,0,0,316,4,40,0
1990,50,1,0,0,0,0,876,2,40,0
1990,36,2,0,0,0,1,386,5,30,1
1990,70,2,0,0,0,1,0,0,0,0
1990,77,1,0,0,0,1,0,0,0,0
1990,51,2,0,0,0,0,435,3,35,0
1990,45,1,0,0,0,0,444,3,36,0
1990,66,1,0,0,0,1,0,0,0,0
1990,65,2,0,0,0,1,0,0,0,0
1990,77,1,0,0,0,0,0,0,0,0
1990,71,2,0,0,0,0,0,0,0,0
1990,52,1,0,0,0,1,0,0,0,0
1990,49,2,0,0,0,1,156,5,20,0
1990,19,2,1,0,0,0,438,3,30,0
1990,50,1,1,0,0,0,889,4,15,0
1990,46,1,0,0,0,1,243,3,60,0
1990,48,2,0,0,1,1,337,3,30,0
1990,57,1,0,0,0,1,436,5,40,0
1990,39,2,0,0,0,0,17,3,40,0
1990,65,1,0,0,0,1,0,0,0,0
1990,62,2,0,0,2,1,0,0,0,0
1990,78,2,3,0,0,0,0,0,0,0
1990,53,1,0,0,0,1,22,0,40,0
1990,48,2,0,0,0,0,336,6,20,0
1990,37,2,2,0,0,0,888,1,0,0
1990,46,2,2,0,0,1,319,5,40,0
1990,23,2,1,0,0,1,276,3,30,0
1990,27,1,1,0,0,0,447,4,99,0
1990,30,1,1,0,0,1,447,5,20,0
1990,25,2,1,0,0,1,736,4,20,0
1990,61,2,3,0,0,1,313,5,32,0
1990,38,1,0,0,0,1,243,3,45,0
1990,36,2,0,0,0,1,95,5,36,0
1990,19,1,1,0,0,0,266,3,8,0
1990,20,1,1,0,0,0,243,3,35,0
1990,68,1,0,0,0,1,303,6,20,1
1990,67,2,0,0,0,1,0,0,0,0
1990,27,2,1,0,0,1,156,5,34,0
1990,49,1,0,0,0,1,253,4,60,1
1990,43,2,0,0,0,0,313,4,40,0
1990,68,2,3,0,0,0,0,0,0,0
1990,41,1,0,0,0,1,229,4,50,0
1990,30,2,0,3,0,1,157,5,50,0
1990,74,1,3,0,0,1,447,5,24,0
1990,57,2,3,0,0,0,17,4,40,0
1990,23,2,1,3,3,1,276,4,48,0
1990,18,2,1,0,0,1,406,4,25,0
1990,26,2,3,0,0,1,144,5,18,0
1990,28,2,1,0,2,1,144,5,17,0
1990,42,1,1,0,0,1,447,5,40,0
1990,35,1,0,3,0,1,363,3,40,0
1990,33,2,0,0,0,1,378,5,40,0
1990,35,1,1,1,0,1,25,4,40,0
1990,67,2,3,0,0,0,0,0,0,0
1990,29,1,1,0,0,1,174,5,40,0
1990,24,2,1,3,0,1,105,6,40,0
1990,56,2,2,0,0,0,0,0,0,0
1990,23,2,1,0,2,1,417,0,40,0
1990,23,2,1,0,0,1,887,1,20,0
1990,22,1,1,0,0,1,199,5,40,0
1990,37,1,0,0,0,1,476,0,40,0
1990,43,2,0,0,0,1,254,4,40,0
1990,27,1,1,0,0,1,229,1,20,0
1990,33,1,0,2,0,1,156,5,65,0
1990,30,2,0,0,2,1,446,5,25,0
1990,23,1,1,0,0,1,446,5,20,0
1990,21,1,1,0,0,1,509,3,0,0
1990,44,2,3,0,0,1,159,5,50,0
1990,21,1,1,0,2,1,453,3,16,0
1990,19,2,1,0,2,1,453,3,80,0
1990,33,2,0,0,0,1,243,1,0,0
1990,33,1,0,0,0,1,13,1,50,1
1990,43,1,0,0,0,1,243,3,60,0
1990,42,2,0,3,0,1,154,5,30,0
1990,62,1,0,0,0,1,323,4,40,0
1990,60,2,0,0,0,1,0,0,0,0
1990,71,2,0,0,0,0,0,0,0,0
1990,41,2,1,0,0,1,313,1,40,0
1990,25,1,0,0,0,1,385,5,40,0
1990,28,2,0,0,0,1,453,4,30,0
1990,70,2,3,0,0,0,264,3,15,0
1990,50,2,1,0,0,0,479,0,45,0
1990,38,1,0,0,0,1,364,3,40,0
1990,37,2,0,0,0,1,156,5,32,0
1990,64,1,0,0,0,0,804,2,50,0
1990,62,2,0,0,0,1,21,5,70,0
1990,66,2,2,0,0,0,0,0,0,0
1990,35,2,2,0,0,0,888,3,30,0
1990,72,2,3,0,0,1,0,0,0,0
1990,55,1,0,0,0,0,869,0,40,0
1990,58,2,0,0,0,0,406,4,40,0
1990,24,2,2,0,0,0,909,6,0,0
1990,53,1,0,0,0,0,243,3,40,1
1990,54,2,0,0,0,0,0,0,0,0
1990,27,1,1,0,0,0,889,1,40,0
1990,53,1,0,0,0,1,355,2,40,0
1990,51,2,0,0,0,1,253,4,30,0
1990,40,1,0,0,0,0,243,3,50,0
1990,32,2,0,0,0,0,487,0,40,0
1990,29,1,0,0,0,0,628,1,50,0
1990,39,2,0,2,1,0,889,0,0,0
1990,30,1,2,0,0,0,447,5,40,0
1990,46,1,0,0,0,1,22,2,45,1
1990,49,2,0,0,0,1,208,5,33,0
1990,20,1,1,0,0,1,235,3,20,0
1990,54,2,2,0,0,1,779,1,40,0
1990,42,1,0,0,0,1,22,2,45,1
1990,43,2,0,0,0,1,0,0,0,0
1990,63,1,0,0,0,1,13,3,40,0
1990,61,2,0,0,0,1,0,0,0,0
1990,43,1,0,0,0,1,0,0,0,0
1990,38,2,0,0,0,0,79,0,40,0
1990,71,2,3,0,0,0,0,0,0,0
1990,46,1,0,0,0,1,22,1,60,1
1990,39,2,0,0,0,0,379,5,36,0
1990,51,1,0,0,0,0,779,1,50,0
1990,47,2,0,0,0,0,0,0,0,0
1990,72,1,3,0,0,0,0,0,0,0
1990,25,1,1,0,0,0,274,3,52,0
1990,25,2,2,0,0,0,434,3,40,0
1990,38,1,0,0,0,0,779,1,40,0
1990,35,2,0,0,0,0,387,5,30,0
1990,47,2,2,0,0,1,379,5,40,0
1990,29,2,1,0,0,0,479,0,0,0
1990,38,1,1,0,0,0,567,0,40,0
1990,75,2,3,0,0,0,0,0,0,0
1990,52,2,0,0,0,0,436,3,38,0
1990,53,1,0,0,0,0,453,3,40,0
1990,45,1,0,0,0,0,727,1,40,0
1990,44,2,0,0,0,0,319,3,40,0
1990,24,1,0,0,0,1,274,3,46,0
1990,24,2,0,0,0,0,276,3,0,0
1990,42,1,0,0,0,0,869,0,99,0
1990,40,2,0,0,0,1,22,3,40,0
1990,53,2,0,0,0,1,254,4,40,0
1990,57,1,0,0,0,0,549,4,0,0
1990,44,1,0,0,0,0,269,3,40,0
1990,54,2,0,0,0,1,328,4,30,0
1990,37,1,0,0,0,1,216,6,40,0
1990,34,2,0,0,0,1,337,5,0,0
1990,56,2,3,0,0,1,0,0,0,0
1990,71,2,0,0,0,0,0,0,0,1
1990,74,1,0,0,0,0,0,0,0,0
1990,43,2,2,0,0,1,747,1,40,0
1990,25,1,2,0,0,1,779,1,40,0
1990,45,2,2,0,0,1,207,5,32,0
1990,56,1,0,0,0,1,14,5,40,0
1990,48,2,0,0,0,1,313,5,40,0
1990,30,2,0,0,0,1,445,5,45,0
1990,31,1,0,0,0,1,486,0,60,0
1990,56,1,0,0,0,0,529,2,45,0
1990,47,2,0,0,0,1,0,0,0,0
1990,21,2,1,0,0,1,276,3,40,0
1990,68,1,0,0,0,0,0,0,0,0
1990,66,2,0,0,0,0,0,0,0,0
1990,38,1,0,0,0,0,496,1,30,0
1990,34,2,0,0,0,0,0,0,0,0
1990,52,1,0,0,0,1,0,0,0,0
1990,42,2,0,0,0,1,0,0,0,0
1990,79,1,0,0,0,0,0,0,0,0
1990,79,2,0,0,0,1,0,0,0,0
1990,76,1,3,0,0,0,0,0,0,0
1990,80,2,3,0,0,0,0,0,0,0
1990,71,1,0,0,0,0,0,0,0,0
1990,63,2,0,0,0,0,0,0,0,0
1990,56,1,0,0,0,0,498,0,40,0
1990,45,2,0,0,0,0,313,1,0,0
1990,70,1,0,0,0,0,804,3,0,0
1990,64,2,0,0,0,0,0,0,0,0
1990,25,1,0,0,0,0,53,0,40,0
1990,24,2,0,0,0,0,276,3,25,0
1990,60,1,0,0,0,0,268,3,40,0
1990,54,2,0,0,0,0,666,3,40,0
1990,66,1,0,0,0,0,0,0,0,1
1990,62,2,0,0,0,0,0,0,0,0
1990,76,1,2,0,0,0,567,0,0,0
1990,76,1,0,0,0,1,0,0,0,0
1990,79,2,0,0,0,1,0,0,0,0
1990,76,2,3,0,0,0,0,0,0,0
1990,78,1,0,0,0,0,0,0,0,0
1990,75,2,0,0,0,0,0,0,0,0
1990,59,1,0,0,0,1,0,0,0,0
1990,56,2,0,0,0,1,156,5,0,0
1990,57,1,0,0,0,0,727,1,40,0
1990,57,2,0,0,0,0,0,0,0,0
1990,33,1,1,0,0,0,785,1,40,0
1990,51,1,0,0,0,0,799,1,40,0
1990,49,2,0,0,0,1,313,5,37,0
1990,34,1,0,0,0,1,243,3,60,0
1990,33,2,0,0,0,1,243,3,12,0
1990,29,2,2,0,0,0,385,4,40,0
1990,48,1,0,0,0,0,779,1,51,0
1990,46,2,0,0,0,1,804,2,20,0
1990,24,2,1,0,0,0,373,3,15,0
1990,21,1,1,0,0,0,889,1,40,0
1990,19,2,1,0,0,0,243,3,30,0
1990,64,2,2,0,0,1,95,5,0,0
1990,78,1,0,0,0,1,0,0,0,0
1990,74,2,0,0,0,0,0,0,0,0
1990,73,1,3,0,0,0,0,0,0,0
1990,18,2,1,0,0,0,276,3,30,0
1990,22,2,2,3,0,0,447,5,43,0
1990,26,1,1,0,1,1,495,0,40,0
1990,19,1,1,0,0,0,883,3,40,0
1990,74,1,3,0,0,0,0,0,0,0
1990,43,2,0,0,0,0,737,1,40,0
1990,44,1,0,0,0,1,844,0,40,0
1990,18,2,1,0,0,0,276,3,40,0
1990,18,1,1,0,0,0,885,3,10,0
1990,25,1,1,3,0,1,0,0,0,0
1990,19,2,1,0,0,1,276,3,15,0
1990,26,2,1,0,0,1,194,5,50,0
1990,38,1,0,0,0,1,268,3,45,0
1990,27,2,0,0,0,1,785,1,40,0
1990,40,2,2,0,0,0,317,4,40,0
1990,61,1,0,0,0,0,213,1,40,0
1990,58,2,0,3,0,0,447,6,0,0
1990,31,2,1,0,0,1,796,4,40,0
1990,24,1,0,0,0,0,243,3,55,0
1990,23,2,0,0,0,0,265,3,48,0
1990,78,1,3,0,0,0,0,0,0,0
1990,62,2,3,0,0,0,0,0,0,0
1990,35,1,0,0,0,1,253,4,50,0
1990,34,2,0,0,0,0,257,4,60,0
1990,48,2,2,0,0,0,22,5,45,0
1990,44,1,0,0,0,1,549,1,42,0
1990,29,2,0,0,0,0,319,4,30,0
1990,61,1,0,0,0,1,575,0,40,0
1990,56,2,0,0,0,1,0,0,0,0
1990,28,1,0,0,0,1,218,5,40,0
1990,28,2,0,0,0,1,89,5,0,0
1990,42,1,0,0,0,1,538,3,40,0
1990,36,2,0,0,0,1,0,0,0,0
1990,80,2,3,0,0,0,0,0,0,0
1990,47,1,0,0,0,1,15,5,50,1
1990,45,2,0,0,0,1,389,5,24,0
1990,19,2,1,0,0,0,579,0,15,0
1990,35,2,3,0,0,1,0,0,0,0
1990,35,1,1,0,0,1,154,5,0,0
1990,38,1,0,0,0,1,229,1,40,0
1990,36,2,0,0,0,1,445,5,11,0
1990,69,1,0,0,0,0,779,1,0,0
1990,66,2,0,0,0,0,335,3,0,0
1990,44,2,2,1,0,1,23,5,30,0
1990,45,2,2,0,0,1,174,5,50,0
1990,28,1,0,0,0,0,887,4,40,0
1990,20,2,0,0,0,0,785,1,20,0
1990,40,1,0,0,0,0,33,6,45,0
1990,37,2,0,0,0,0,466,5,60,0
1990,45,1,0,0,0,1,254,4,60,0
1990,52,1,0,0,0,1,726,1,55,0
1990,48,2,0,0,0,1,156,5,40,0
1990,21,1,3,0,0,0,588,0,45,0
1990,77,1,0,0,0,0,0,0,0,0
1990,77,2,0,0,0,0,0,0,0,0
1990,41,1,0,2,0,0,486,0,8,0
1990,38,2,0,0,0,1,459,4,40,0
1990,37,2,1,3,0,1,683,1,50,0
1990,43,1,0,0,0,1,23,5,40,0
1990,41,2,0,0,0,0,0,0,0,0
1990,18,2,1,0,0,0,438,3,0,0
1990,21,1,0,0,0,1,59,5,40,0
1990,22,2,0,0,0,0,785,1,0,0
1990,19,2,0,0,0,0,447,5,23,0
1990,21,1,0,0,0,0,885,3,40,0
1990,42,2,3,0,0,0,867,5,25,0
1990,21,1,1,0,0,0,505,3,40,0
1990,52,1,2,0,0,1,218,5,40,0
1990,61,1,0,0,0,0,628,1,40,1
1990,61,2,0,0,0,0,0,0,0,0
1990,71,1,0,0,0,0,0,0,0,0
1990,58,2,0,0,0,0,407,4,8,0
1990,28,1,0,0,0,1,308,3,40,0
1990,34,2,0,0,0,0,343,3,40,0
1990,63,1,0,0,0,0,185,1,40,0
1990,65,2,0,0,0,0,337,5,12,0
1990,24,2,1,0,0,0,469,3,20,0
1990,43,2,0,0,0,1,628,1,36,0
1990,39,1,0,0,0,1,628,1,36,0
1990,18,1,1,0,0,0,365,3,20,0
1990,23,1,1,2,1,0,486,6,42,0
1990,76,1,0,0,0,0,0,0,0,0
1990,78,2,0,0,0,0,0,0,0,0
1990,32,1,0,0,0,1,6,6,50,0
1990,30,2,0,0,0,1,0,0,0,0
1990,58,1,0,0,0,1,426,1,40,1
1990,35,2,0,0,0,0,447,5,40,0
1990,46,2,3,0,0,1,385,6,40,0
1990,18,1,1,0,0,1,885,3,40,0
1990,76,2,2,0,0,0,0,0,0,0
1990,78,1,3,0,0,0,0,0,0,0
1990,39,1,0,0,0,1,779,1,40,0
1990,30,2,0,0,0,1,156,5,40,0
1990,29,2,2,0,0,0,337,2,40,0
1990,20,2,1,0,3,1,21,5,25,0
1990,45,1,0,0,0,1,157,5,40,0
1990,38,2,0,0,0,1,329,5,30,0
1990,61,1,0,0,0,0,889,1,40,0
1990,55,2,0,0,0,1,157,5,40,0
1990,53,1,3,0,0,1,243,3,40,0
1990,31,1,0,0,0,0,727,1,50,0
1990,23,2,0,0,0,1,379,4,20,0
1990,58,1,0,0,0,1,547,0,55,1
1990,56,2,0,0,0,0,313,5,30,0
1990,52,2,0,0,0,1,809,5,40,0
1990,57,1,0,0,0,1,0,0,0,0
1990,26,1,1,0,0,0,447,5,60,0
1990,25,1,1,0,2,0,356,5,40,0
1990,67,1,1,0,0,0,0,0,0,0
1990,60,1,0,0,0,1,243,4,20,0
1990,50,2,0,0,0,1,796,1,15,0
1990,27,1,1,0,0,1,436,6,40,0
1990,35,2,2,0,0,1,418,6,40,0
1990,21,2,1,0,0,1,275,5,42,0
1990,21,2,1,0,0,1,197,5,25,0
1990,61,1,0,0,0,0,457,4,48,0
1990,55,2,0,0,0,0,458,4,48,0
1990,53,1,0,0,1,0,783,1,40,0
1990,47,2,0,0,1,0,436,3,0,0
1990,28,2,1,0,1,1,315,6,40,0
1990,27,2,1,0,1,1,313,6,40,0
1990,23,1,1,0,1,1,727,1,40,0
1990,21,1,1,0,0,1,37,3,40,0
1990,51,2,3,0,0,0,433,5,32,0
1990,18,1,1,0,0,0,904,6,40,0
1990,51,1,2,0,0,0,844,1,50,0
1990,67,2,2,0,0,1,458,4,40,0
1990,68,1,0,0,0,1,0,0,0,0
1990,63,2,0,0,0,1,0,0,0,0
1990,27,1,0,0,0,0,243,3,60,0
1990,24,2,0,0,0,1,159,3,0,0
1990,70,1,0,0,0,1,0,0,0,0
1990,64,2,0,0,0,0,0,0,0,0
1990,24,1,1,0,0,0,505,3,40,0
1990,80,1,0,0,0,1,22,1,0,0
1990,80,2,0,0,0,0,274,3,25,0
1990,66,2,0,0,0,1,0,0,0,0
1990,71,1,0,0,0,0,0,0,0,0
1990,26,1,0,0,0,1,64,0,40,0
1990,24,2,0,0,0,0,473,0,40,0
1990,75,1,1,0,0,0,0,0,0,0
1990,40,2,0,0,0,1,173,6,30,0
1990,40,1,0,0,0,1,8,4,45,0
1990,45,1,0,0,0,0,243,3,40,1
1990,45,2,0,0,0,1,276,3,0,0
1990,20,1,1,0,0,1,567,0,40,0
1990,46,2,2,0,0,1,467,5,37,0
1990,18,2,1,0,0,0,444,5,20,0
1990,28,2,2,0,0,0,159,5,2,0
1990,32,1,2,2,0,0,889,3,40,0
1990,28,1,0,0,0,1,769,1,40,0
1990,25,2,0,0,0,1,235,5,40,0
1990,55,1,0,0,0,0,804,3,40,0
1990,54,2,0,0,0,0,0,0,0,0
1990,69,2,3,0,0,1,0,0,0,0
1990,23,1,0,1,0,0,779,1,35,0
1990,19,2,0,0,0,0,628,1,40,0
1990,20,2,1,2,0,0,799,1,36,0
1990,21,1,2,2,1,0,484,0,40,0
1990,49,1,2,0,0,0,804,0,40,0
1990,20,1,1,0,0,0,486,0,40,0
1990,68,1,0,0,0,0,473,0,0,0
1990,61,2,0,0,0,0,0,0,0,0
1990,51,1,0,0,0,0,426,1,40,0
1990,46,2,0,0,0,0,796,3,40,0
1990,24,2,1,0,0,0,447,5,40,0
1990,63,1,0,0,0,0,853,0,40,0
1990,69,2,0,0,0,0,0,0,0,0
1990,78,2,3,0,0,0,529,2,0,0
1990,34,2,2,0,0,1,447,5,40,0
1990,48,1,0,0,0,0,889,2,40,0
1990,45,2,0,0,0,1,446,5,40,0
1990,25,2,1,0,0,1,447,5,40,0
1990,51,1,0,0,0,0,558,0,38,0
1990,50,2,0,0,0,1,337,4,6,0
1990,27,1,1,0,0,0,804,3,0,0
1990,61,1,0,0,0,0,284,3,50,0
1990,59,2,0,0,0,0,274,3,50,0
1990,78,1,0,0,0,0,0,0,0,0
1990,66,2,0,0,0,0,447,5,20,0
1990,64,1,0,0,0,1,888,1,56,0
1990,74,2,0,0,0,1,0,0,0,0
1990,47,2,2,0,0,1,345,1,42,0
1990,72,2,3,0,0,1,0,0,0,0
1990,30,2,2,0,0,0,889,1,40,0
1990,18,1,1,0,0,1,436,3,15,0
1990,71,1,0,0,0,0,804,1,99,0
1990,73,2,0,0,0,0,22,4,39,0
1990,68,1,3,0,0,0,727,1,0,0
1990,45,1,3,0,0,0,418,6,36,0
1990,40,1,2,0,0,1,804,3,0,0
1990,45,1,0,2,1,0,539,4,40,0
1990,48,2,0,0,0,0,379,6,40,0
1990,26,2,1,0,1,0,274,3,40,0
1990,36,1,0,0,0,0,567,3,50,0
1990,34,2,0,0,0,1,22,3,30,0
1990,47,1,0,0,0,1,98,5,46,0
1990,47,2,0,0,0,1,277,3,48,0
1990,19,1,1,0,0,0,869,0,45,0
1990,28,2,0,0,0,0,274,3,40,0
1990,27,1,0,0,0,0,453,6,40,0
1990,35,1,3,0,0,1,13,2,60,0
1990,37,1,2,0,0,0,558,0,13,0
1990,25,1,0,1,0,1,719,1,40,0
1990,24,2,0,0,0,1,157,5,10,0
1990,72,2,3,0,0,1,0,0,0,0
1990,39,2,2,0,0,1,235,5,40,0
1990,67,2,3,0,0,0,468,5,0,0
1990,45,1,1,0,0,1,796,5,40,0
1990,43,1,2,0,0,1,453,5,50,1
1990,63,2,1,0,0,1,22,5,40,0
1990,47,1,2,0,0,1,22,0,40,0
1990,19,1,1,0,0,0,783,1,40,0
1990,47,2,2,0,0,1,313,4,40,0
1990,41,1,2,0,0,1,243,3,45,0
1990,72,1,0,0,0,0,0,0,0,0
1990,66,2,0,0,0,1,0,0,0,0
1990,47,1,0,0,0,1,303,6,40,0
1990,46,2,0,0,0,1,164,5,40,0
1990,25,1,1,0,0,0,856,1,40,0
1990,26,2,2,0,0,0,0,0,0,0
1990,39,1,0,0,0,1,567,0,40,0
1990,36,2,0,0,0,1,276,3,20,0
1990,18,1,1,0,0,0,885,3,35,0
1990,28,1,1,0,0,0,469,5,14,0
1990,80,1,0,0,0,0,0,0,0,0
1990,76,2,0,0,0,0,0,0,0,0
1990,53,1,0,0,0,1,869,0,40,0
1990,50,2,0,0,0,1,23,5,40,0
1990,29,1,2,0,0,0,566,3,32,0
1990,33,1,0,0,0,0,64,3,43,0
1990,32,2,0,0,0,1,159,1,15,0
1990,42,2,0,3,0,1,22,6,40,0
1990,40,1,0,0,0,1,235,6,40,0
1990,33,2,2,0,0,1,458,4,30,0
1990,35,1,0,0,0,1,185,5,40,0
1990,31,2,0,0,0,1,318,5,0,0
1990,68,1,0,0,0,1,176,5,0,0
1990,68,2,0,0,0,1,159,5,0,0
1990,45,1,0,0,0,1,889,4,40,0
1990,40,2,0,0,0,1,313,3,16,0
1990,31,1,0,0,0,1,335,5,40,0
1990,26,2,0,0,0,0,276,3,38,0
1990,24,1,0,0,0,1,176,5,60,0
1990,24,2,0,0,0,1,25,4,40,0
1990,59,2,3,0,0,1,376,5,40,0
1990,65,1,0,0,0,1,783,0,3,0
1990,62,2,0,0,0,1,156,5,30,0
1990,21,2,1,0,0,1,243,3,40,0
1990,21,2,1,0,0,1,379,3,20,0
1990,29,2,0,1,0,0,458,4,15,0
1990,30,1,0,1,0,0,634,1,40,0
1990,44,1,0,0,0,1,694,2,40,0
1990,35,2,0,0,0,1,216,6,40,0
1990,42,1,0,0,0,0,783,4,55,0
1990,38,2,0,0,0,0,458,4,35,0
1990,77,1,0,0,0,0,0,0,0,0
1990,70,2,0,0,0,1,0,0,0,0
1990,70,1,0,0,0,0,0,0,0,0
1990,66,2,0,0,0,0,0,0,0,0
1990,41,1,0,0,0,1,216,1,80,0
1990,32,2,0,0,0,0,744,1,19,0
1990,32,2,2,0,0,1,208,0,40,0
1990,35,1,2,0,0,0,194,5,40,0
1990,77,2,0,0,0,0,436,5,0,0
1990,44,1,0,0,0,1,525,4,40,0
1990,41,2,0,0,0,1,337,2,40,0
1990,18,2,1,0,0,0,438,3,15,0
1990,38,2,2,0,0,1,183,5,45,0
1990,42,1,0,0,0,0,318,2,40,0
1990,39,2,0,0,0,1,33,1,40,0
1990,78,2,0,0,0,0,0,0,0,0
1990,75,2,3,0,0,0,0,0,0,0
1990,43,2,0,0,0,1,156,5,60,0
1990,45,1,0,0,0,1,156,5,50,0
1990,54,1,0,0,0,1,156,5,50,0
1990,46,2,0,0,0,1,156,5,40,0
1990,46,2,2,0,0,1,22,1,10,0
1990,57,2,3,3,0,0,435,3,70,0
1990,51,1,3,0,0,0,17,3,70,0
1990,19,2,1,0,0,0,436,3,20,0
1990,35,1,0,0,0,1,184,3,50,0
1990,35,2,0,0,0,1,0,0,0,0
1990,73,1,2,0,0,1,178,5,0,1
1990,29,2,1,0,0,1,25,4,45,0
1990,69,1,0,0,0,1,0,0,0,0
1990,67,2,0,0,0,1,0,0,0,0
1990,67,1,3,0,0,1,85,5,0,0
1990,34,2,2,0,0,1,677,3,40,0
1990,25,1,1,0,0,1,25,4,45,0
1990,69,1,0,0,0,1,243,3,45,1
1990,67,2,0,0,0,1,255,4,30,0
1990,33,1,1,0,0,1,473,0,40,0
1990,24,2,1,0,0,1,318,2,35,0
1990,41,2,3,0,0,0,313,3,40,0
1990,75,2,3,0,0,1,0,0,0,0
1990,29,1,0,0,0,1,64,1,60,0
1990,31,2,0,3,3,0,22,1,50,0
1990,61,2,3,0,0,1,313,3,40,0
1990,31,2,0,0,0,1,104,5,20,0
1990,32,1,0,0,0,1,259,3,50,1
1990,56,2,2,0,0,1,889,1,40,0
1990,37,1,2,0,0,1,653,1,40,0
1990,43,1,2,0,0,1,64,1,40,0
1990,18,2,1,0,0,0,177,5,99,0
1990,25,2,1,0,0,1,259,3,55,1
1990,23,1,1,0,2,1,505,4,25,0
1990,35,1,0,0,0,1,17,4,50,0
1990,37,2,0,0,0,0,466,5,50,0
1990,49,2,2,0,2,1,436,5,24,0
1990,30,1,1,0,0,1,64,3,40,0
1990,30,1,0,0,0,1,385,3,40,0
1990,29,2,0,0,0,1,313,5,39,0
1990,22,1,1,0,2,0,434,3,40,0
1990,23,2,3,0,0,0,435,3,35,0
1990,23,2,2,0,0,0,435,3,35,0
1990,59,1,2,0,0,1,257,0,40,0
1990,29,2,1,0,0,1,363,5,40,0
1990,32,2,1,0,0,1,64,1,16,0
1990,37,1,2,0,0,1,365,3,40,0
1990,21,2,1,0,0,0,276,3,41,0
1990,28,1,0,0,0,1,628,3,45,0
1990,30,2,0,0,0,1,21,5,30,0
1990,35,2,2,0,0,1,27,4,50,1
1990,65,1,0,0,0,1,22,2,0,1
1990,59,2,0,0,0,1,0,0,0,0
1990,57,1,0,0,0,1,154,5,40,1
1990,56,2,0,0,0,1,159,5,32,0
1990,42,2,3,3,3,1,435,3,17,0
1990,68,2,3,3,3,0,0,0,0,0
1990,30,1,0,0,0,1,26,5,60,1
1990,31,2,0,0,0,1,466,5,50,0
1990,37,1,0,0,0,1,22,1,40,0
1990,37,2,0,0,0,1,26,4,50,0
1990,55,1,0,0,0,1,255,4,40,1
1990,52,2,0,0,0,0,0,0,0,0
1990,60,1,2,0,0,1,6,6,40,0
1990,48,2,3,0,0,1,0,0,0,1
1990,18,1,1,0,0,0,159,5,12,0
1990,30,1,0,0,2,1,534,0,40,0
1990,29,2,0,0,0,1,257,1,40,0
1990,43,1,0,0,0,1,157,5,45,0
1990,43,2,0,0,0,1,337,5,38,0
1990,18,2,1,0,0,1,379,4,40,0
1990,41,1,0,0,0,1,0,0,0,0
1990,45,2,0,0,0,0,449,4,6,0
1990,52,1,0,0,0,0,259,3,40,0
1990,50,2,0,0,0,0,313,5,40,0
1990,24,2,1,0,0,1,319,5,80,0
1990,67,2,2,0,0,0,436,3,0,0
1990,26,1,0,1,0,1,453,5,40,0
1990,34,2,0,0,0,1,313,5,40,0
1990,67,1,0,0,0,0,453,4,50,0
1990,60,2,0,0,0,1,0,0,0,0
1990,50,1,0,0,0,1,22,1,50,1
1990,46,2,0,0,0,1,0,0,0,0
1990,19,1,1,0,0,1,283,5,50,0
1990,42,1,0,0,0,0,585,1,40,0
1990,43,2,0,0,0,0,466,5,50,0
1990,20,2,1,0,0,1,466,5,16,0
1990,18,2,1,0,0,0,335,3,8,0
1990,39,1,0,0,0,1,243,3,55,0
1990,39,2,0,0,0,1,466,5,40,0
1990,37,1,0,0,0,1,283,4,40,0
1990,37,2,0,0,0,1,95,5,40,0
1990,46,1,0,0,0,1,156,5,48,0
1990,42,2,0,0,0,1,8,4,50,0
1990,63,2,3,0,0,0,447,4,99,0
1990,63,2,2,0,0,0,0,0,0,0
1990,75,1,0,0,0,0,0,0,0,0
1990,68,2,0,3,0,0,0,0,0,0
1990,38,2,2,3,3,1,327,2,45,0
1990,43,1,0,0,0,1,259,1,40,0
1990,38,2,0,0,0,1,359,0,40,0
1990,42,1,0,0,0,1,22,0,60,1
1990,42,2,0,0,0,1,0,0,0,0
1990,50,2,0,0,2,1,243,3,40,0
1990,57,1,0,0,0,1,22,0,40,1
1990,67,1,0,0,0,1,643,5,0,0
1990,63,2,0,0,0,0,0,0,0,0
1990,33,1,0,3,0,1,853,0,50,0
1990,39,2,0,0,0,0,274,3,40,0
1990,49,1,0,0,0,0,779,2,40,0
1990,46,2,0,0,0,1,276,5,30,0
1990,58,1,0,0,0,1,0,0,0,0
1990,59,2,0,0,0,0,0,0,0,0
1990,33,1,1,0,0,1,0,0,0,0
1990,36,1,1,0,0,1,878,1,0,0
1990,30,1,1,0,0,0,453,5,30,0
1990,38,2,0,0,0,1,314,4,25,0
1990,30,1,0,0,0,1,23,6,40,0
1990,48,2,2,0,0,0,22,1,40,0
1990,27,1,1,0,0,0,0,0,0,0
1990,20,1,1,0,0,1,883,2,25,0
1990,37,1,0,0,0,1,64,4,40,0
1990,27,2,0,0,0,0,243,3,40,0
1990,35,1,3,0,0,1,27,5,40,0
1990,67,1,0,0,0,0,0,0,0,0
1990,62,2,0,0,0,0,379,1,40,0
1990,42,1,1,0,0,0,486,0,14,0
1990,18,1,1,0,0,1,276,3,40,0
1990,66,2,3,0,0,1,379,3,40,0
1990,75,1,0,0,0,0,0,0,0,0
1990,63,2,0,0,0,0,0,0,0,0
1990,35,1,0,0,0,1,176,5,50,0
1990,34,2,0,0,0,1,274,3,14,0
1990,34,2,1,0,0,0,338,2,40,0
1990,37,1,0,1,0,1,869,0,40,0
1990,45,2,2,0,0,1,319,6,40,0
1990,80,2,3,0,0,0,0,0,0,0
1990,39,1,0,3,0,0,593,0,40,0
1990,49,2,0,0,0,0,316,5,20,0
1990,19,1,1,0,0,0,389,3,24,0
1990,35,2,2,0,0,0,806,3,45,0
1990,72,2,2,0,0,1,207,5,25,0
1990,38,1,1,0,0,1,243,3,99,0
1990,57,1,0,0,0,0,575,4,40,0
1990,57,2,0,0,0,0,0,0,0,0
1990,25,1,1,0,0,1,243,4,55,0
1990,21,2,1,0,0,0,435,3,0,0
1990,47,1,1,0,0,0,259,1,45,0
1990,48,2,3,1,0,0,95,5,0,0
1990,24,1,1,3,0,1,376,4,0,0
1990,39,1,0,0,0,1,163,5,40,0
1990,36,2,0,0,0,1,243,3,55,0
1990,24,1,1,3,0,0,453,4,40,0
1990,64,1,0,0,0,0,37,1,40,0
1990,65,2,0,0,0,0,443,5,40,0
1990,79,2,2,0,0,0,0,0,0,0
1990,51,1,2,0,0,0,0,0,0,0
1990,37,1,2,0,0,1,156,5,60,0
1990,28,1,1,0,0,1,376,2,40,0
1990,29,2,2,0,0,1,163,5,50,0
1990,79,1,0,0,0,0,22,0,0,1
1990,77,2,0,0,0,0,0,0,0,0
1990,39,1,0,3,3,1,365,1,40,0
1990,24,2,0,3,3,0,379,5,0,0
1990,41,2,2,0,0,1,95,5,36,0
1990,29,1,0,0,0,1,883,2,40,0
1990,29,2,0,0,0,1,174,5,40,0
1990,41,2,0,0,0,1,156,5,55,0
1990,41,1,0,0,0,1,417,6,56,0
1990,67,1,3,0,0,1,0,0,0,0
1990,79,1,3,0,0,1,0,0,0,0
1990,40,2,0,0,3,0,22,3,40,0
1990,46,1,0,0,3,1,467,5,40,0
1990,22,2,1,0,3,1,276,3,40,0
1990,21,1,1,0,3,1,523,4,25,0
1990,28,2,2,0,0,0,276,3,40,0
1990,48,1,2,0,0,0,505,3,0,0
1990,24,1,1,0,0,1,804,0,40,0
1990,30,1,0,2,0,0,213,0,40,0
1990,42,2,0,0,0,0,274,5,40,0
1990,20,2,1,0,0,0,276,3,0,0
1990,23,1,1,2,0,0,595,0,40,0
1990,33,1,0,0,0,1,426,5,40,0
1990,29,2,0,0,0,1,435,3,35,0
1990,73,1,0,0,0,0,0,0,0,0
1990,50,2,0,0,0,1,337,1,36,0
1990,33,2,0,0,0,1,95,5,36,0
1990,44,1,0,0,0,1,98,5,32,0
1990,74,2,1,0,0,0,0,0,0,0
1990,77,2,3,0,0,1,0,0,0,0
1990,31,2,1,0,0,1,25,4,40,0
1990,43,1,0,1,0,1,856,2,50,0
1990,45,2,0,1,0,0,877,5,40,0
1990,18,1,1,1,0,0,885,3,0,0
1990,68,2,3,0,0,0,0,0,0,0
1990,75,1,0,1,0,0,0,0,0,0
1990,69,2,0,1,0,0,458,4,12,0
1990,24,2,1,0,0,1,257,5,40,0
1990,46,1,0,0,0,0,735,1,48,0
1990,43,2,0,0,0,0,188,1,32,0
1990,26,1,1,0,0,1,634,1,30,0
1990,72,1,0,0,2,1,216,5,45,0
1990,71,2,0,0,0,1,156,5,35,0
1990,77,2,0,0,0,1,0,0,0,0
1990,75,2,1,0,0,0,0,0,0,0
1990,52,2,1,0,0,1,156,5,37,0
1990,45,1,1,0,0,1,243,3,52,0
1990,64,2,3,0,0,0,0,0,0,0
1990,42,2,1,0,0,0,447,5,99,0
1990,42,2,2,0,0,1,25,3,40,0
1990,35,1,1,0,0,0,514,5,67,1
1990,71,1,3,0,0,0,809,3,8,0
1990,50,2,1,0,0,0,407,4,37,0
1990,43,1,1,0,0,1,683,1,40,0
1990,56,2,3,1,0,0,479,0,30,0
1990,20,2,1,1,0,0,0,0,0,0
1990,23,1,1,1,0,0,479,0,0,0
1990,33,1,0,0,0,1,579,0,50,0
1990,25,2,2,0,0,1,27,4,45,0
1990,33,1,1,0,0,1,889,1,0,0
1990,35,1,0,1,0,0,637,1,40,0
1990,41,2,0,1,0,1,888,1,48,0
1990,18,2,1,1,0,0,276,3,0,0
1990,48,1,2,0,0,1,22,1,40,0
1990,75,2,0,1,0,0,0,0,0,0
1990,79,1,0,1,0,0,0,0,0,0
1990,41,1,2,1,0,1,256,4,40,0
1990,34,2,1,1,0,0,0,0,0,0
1990,40,2,3,1,0,1,313,5,40,0
1990,69,1,0,0,0,1,26,4,0,0
1990,66,2,0,0,0,0,0,0,0,0
1990,23,2,1,0,0,1,453,4,40,0
1990,33,1,0,0,0,0,804,2,35,0
1990,27,2,0,0,0,0,265,3,0,0
1990,43,1,3,0,0,0,523,3,40,0
1990,24,1,0,0,0,0,439,3,35,0
1990,22,2,0,0,0,1,264,3,35,0
1990,35,1,1,0,0,0,453,4,40,0
1990,21,1,1,0,0,0,567,0,40,0
1990,31,2,3,1,0,0,435,3,10,0
1990,32,2,1,1,0,1,466,5,60,0
1990,52,1,0,0,0,0,364,1,45,0
1990,47,2,0,0,0,0,313,5,45,0
1990,76,2,3,0,0,0,0,0,0,0
1990,52,1,1,0,0,0,637,1,40,0
1990,75,2,2,0,0,1,354,2,40,0
1990,59,1,0,0,0,0,317,4,0,0
1990,44,2,0,0,0,1,0,0,0,0
1990,45,1,2,0,0,0,628,1,50,0
1990,42,1,0,0,0,1,43,6,40,0
1990,42,2,0,0,0,1,178,5,45,0
1990,38,2,0,0,0,1,65,1,40,0
1990,34,1,0,0,2,1,194,5,40,0
1990,19,2,1,0,0,1,443,3,45,0
1990,23,1,1,0,0,1,315,4,35,0
1990,27,1,1,0,0,1,756,3,40,0
1990,45,2,2,0,0,0,274,3,0,0
1990,32,2,1,1,0,0,438,3,32,0
1990,38,2,2,0,0,1,154,5,25,0
1990,40,1,2,1,0,1,308,6,40,0
1990,73,2,3,0,0,0,0,0,0,0
1990,39,1,2,0,0,1,0,0,0,0
1990,61,2,2,0,0,0,319,5,21,0
1990,51,2,3,0,0,1,426,4,0,0
1990,80,2,3,0,0,1,0,0,0,1
1990,43,1,2,0,0,0,785,1,30,0
1990,26,1,1,0,0,1,267,3,40,0
1990,22,2,1,0,0,1,234,5,40,0
1990,40,2,2,0,0,1,183,5,40,0
1990,34,1,2,0,0,1,84,5,50,1
1990,33,1,2,0,0,1,85,5,50,1
1990,28,1,0,0,0,0,888,2,42,0
1990,37,2,0,0,0,0,363,1,50,0
1990,48,1,0,0,0,0,883,2,80,0
1990,47,2,0,0,0,0,329,5,20,0
1990,32,1,0,0,0,1,22,1,40,0
1990,32,2,0,0,0,1,313,6,40,0
1990,61,1,0,0,0,1,259,3,40,0
1990,59,2,0,0,0,0,379,5,0,0
1990,59,1,0,0,0,1,785,1,65,1
1990,59,2,0,0,0,0,0,0,0,0
1990,24,1,1,0,0,0,785,1,40,0
1990,22,1,1,0,0,0,17,3,40,0
1990,66,1,0,0,0,0,0,0,0,0
1990,64,2,0,0,0,0,0,0,0,0
1990,42,2,2,0,0,1,167,5,40,0
1990,70,2,3,0,2,1,0,0,0,0
1990,37,2,2,0,0,0,253,4,37,0
1990,73,1,0,0,0,1,25,4,20,0
1990,71,2,0,0,0,1,274,3,25,0
1990,55,2,0,0,0,1,25,4,40,0
1990,58,1,0,0,0,1,255,4,40,1
1990,39,2,3,0,0,1,22,2,80,0
1990,46,1,0,1,0,0,505,2,40,0
1990,41,2,0,1,0,1,195,6,40,0
1990,41,1,3,1,0,1,869,0,40,0
1990,46,2,3,0,0,1,447,4,40,0
1990,23,1,1,0,0,0,447,5,99,0
1990,21,2,1,0,0,1,485,0,40,0
1990,40,2,1,0,0,1,156,5,40,0
1990,32,1,1,0,0,0,877,3,40,0
1990,29,1,1,0,0,0,259,3,40,0
1990,66,1,3,0,0,1,453,5,0,0
1990,63,1,0,0,0,0,768,1,40,0
1990,67,2,0,0,0,0,274,3,24,0
1990,75,2,3,0,0,0,0,0,0,0
1990,53,1,0,3,3,1,17,3,55,0
1990,49,2,0,3,3,0,276,3,35,0
1990,37,1,0,0,0,1,418,6,40,0
1990,34,2,0,3,3,1,97,5,8,0
1990,32,1,0,1,0,0,765,1,40,0
1990,41,2,0,1,0,1,363,1,48,0
1990,48,2,0,0,0,1,18,4,0,0
1990,54,1,0,0,0,0,585,5,70,0
1990,21,1,1,0,0,0,364,3,40,0
1990,31,1,1,0,0,1,436,3,40,0
1990,18,2,3,0,0,0,186,3,30,0
1990,23,1,1,0,0,0,856,3,99,0
1990,25,1,1,0,0,0,229,3,0,0
1990,66,2,3,0,0,1,475,0,45,1
1990,78,2,3,0,0,0,0,0,0,0
1990,36,1,1,0,0,0,475,0,15,0
1990,26,1,1,0,1,0,475,0,40,0
1990,51,1,0,0,0,0,804,0,45,0
1990,47,2,0,0,0,0,254,4,40,0
1990,22,1,1,0,0,1,257,0,40,0
1990,29,2,1,3,0,0,264,3,30,0
1990,75,2,2,0,0,0,0,0,0,1
1990,78,2,3,0,0,0,185,3,12,0
1990,49,1,0,0,0,1,85,5,54,1
1990,48,2,0,0,0,1,223,0,8,0
1990,25,1,1,0,0,1,206,5,40,0
1990,23,2,1,0,0,1,678,5,40,0
1990,41,1,0,0,0,1,22,0,60,1
1990,33,2,0,0,0,1,84,5,30,1
1990,31,2,1,0,0,1,276,3,0,0
1990,67,2,3,0,0,0,0,0,0,0
1990,47,1,0,0,0,1,22,2,50,0
1990,42,2,0,0,0,1,156,5,25,0
1990,18,2,1,0,0,0,435,3,25,0
1990,67,1,0,0,0,1,259,3,0,0
1990,54,2,0,0,0,1,156,5,0,0
1990,39,1,0,0,0,0,686,3,40,0
1990,37,2,0,0,0,0,678,5,40,0
1990,19,1,1,0,0,0,777,4,40,0
1990,47,1,2,0,0,0,595,0,0,0
1990,19,2,1,0,0,0,889,1,99,0
1990,45,2,1,0,0,0,0,0,0,0
1990,37,1,0,0,0,0,804,3,45,1
1990,38,2,0,0,0,1,449,4,30,0
1990,25,2,1,0,0,1,22,1,45,0
1990,73,1,0,0,0,1,567,0,0,1
1990,68,2,0,0,0,1,379,5,0,1
1990,45,1,0,0,0,1,567,0,50,1
1990,44,2,0,0,0,1,0,0,0,0
1990,30,1,1,0,0,1,507,4,40,0
1990,28,2,1,0,0,1,203,5,40,0
1990,31,1,0,0,0,0,567,0,45,0
1990,34,2,0,0,0,1,29,3,40,0
1990,34,2,2,3,3,0,303,4,20,0
1990,27,2,0,0,0,0,447,5,40,0
1990,25,1,0,0,0,0,263,3,51,0
1990,62,1,1,0,0,0,0,0,0,0
1990,53,1,0,0,0,1,518,1,60,0
1990,52,2,0,0,0,0,348,5,24,0
1990,26,1,0,3,3,1,734,1,37,0
1990,24,2,0,0,0,1,383,4,0,0
1990,29,1,0,0,0,0,804,4,30,0
1990,26,2,0,0,0,0,466,5,40,0
1990,27,2,1,0,0,1,243,3,60,0
1990,73,1,0,0,0,1,156,5,20,0
1990,55,2,0,0,0,0,0,0,0,0
1990,77,2,0,0,0,1,176,5,0,0
1990,47,1,0,0,0,1,274,3,40,0
1990,42,2,0,0,0,1,95,5,16,0
1990,19,1,1,0,0,0,443,4,18,0
1990,37,1,3,0,0,1,263,3,60,0
1990,41,1,0,0,0,1,505,4,50,0
1990,39,2,0,0,0,1,37,1,40,0
1990,33,1,0,0,0,1,585,0,40,1
1990,29,2,0,0,0,0,877,3,0,0
1990,47,2,2,0,0,0,749,1,35,0
1990,26,1,1,0,0,0,567,0,99,0
1990,55,1,0,0,0,0,6,6,0,0
1990,41,2,0,0,0,0,257,2,40,0
1990,40,2,3,0,0,1,25,0,40,0
1990,34,1,0,0,0,1,208,5,45,0
1990,32,2,0,0,0,1,208,5,16,0
1990,25,2,1,0,1,0,479,0,0,0
1990,23,1,1,0,0,0,779,1,40,0
1990,38,1,3,0,0,1,485,3,45,0
1990,41,1,0,0,0,1,157,5,40,0
1990,42,2,0,0,0,1,185,3,32,0
1990,31,2,2,0,0,1,337,3,40,0
1990,33,2,1,0,0,1,379,3,40,0
1990,65,2,3,0,0,0,0,0,0,0
1990,61,2,2,0,0,0,436,3,32,0
1990,24,1,0,0,0,1,156,5,35,0
1990,23,2,0,0,0,1,156,5,35,0
1990,47,1,0,0,0,1,453,2,40,0
1990,43,2,0,0,0,1,243,3,50,1
1990,20,2,1,0,0,1,0,0,0,0
1990,19,2,1,0,0,1,96,3,30,0
1990,43,1,0,0,0,0,804,2,42,0
1990,47,2,0,0,0,0,458,4,15,0
1990,61,1,0,0,2,1,243,4,40,0
1990,61,2,0,0,2,1,0,0,0,0
1990,38,1,1,0,0,0,0,0,0,0
1990,34,1,0,0,0,1,199,3,70,0
1990,30,2,0,0,0,1,207,5,10,0
1990,48,1,0,0,0,1,53,0,70,1
1990,44,2,0,0,0,1,337,5,0,0
1990,39,1,0,0,0,1,529,3,40,0
1990,34,2,0,0,0,1,375,4,40,0
1990,76,2,1,0,0,0,0,0,0,0
1990,68,1,0,0,0,1,15,5,0,0
1990,66,2,0,0,0,0,379,5,0,0
1990,39,1,2,0,0,1,22,1,40,0
1990,38,2,2,0,0,1,313,0,45,0
1990,38,1,0,0,0,1,525,4,40,0
1990,34,2,0,0,0,0,0,0,0,0
1990,34,1,1,0,0,0,365,1,40,1
1990,29,2,1,0,0,1,379,1,40,0
1990,52,1,0,0,0,0,503,4,50,0
1990,28,2,0,0,0,0,376,4,40,0
1990,66,1,0,0,0,0,0,0,0,0
1990,62,2,0,0,0,0,0,0,0,0
1990,44,1,0,0,0,1,473,0,70,1
1990,44,2,0,0,0,1,0,0,0,0
1990,40,2,1,0,0,1,385,4,32,0
1990,75,1,0,0,0,0,0,0,0,0
1990,68,2,0,0,0,0,0,0,0,0
1990,43,1,0,0,0,1,547,4,40,0
1990,44,2,0,0,0,1,0,0,0,0
1990,52,1,0,0,0,0,804,3,45,0
1990,52,2,0,0,0,0,0,0,0,0
1990,19,1,1,0,0,0,856,1,45,0
1990,72,1,0,0,0,1,486,0,0,0
1990,60,2,0,0,0,0,0,0,0,0
1990,42,1,0,0,0,0,473,0,60,0
1990,36,2,0,0,0,1,473,0,60,0
1990,51,1,0,0,0,0,6,6,0,0
1990,46,2,0,0,0,1,877,1,40,0
1990,32,2,2,0,0,0,435,3,0,0
1990,65,2,3,0,0,0,0,0,0,0
1990,54,1,0,0,0,0,389,1,20,0
1990,52,2,0,0,0,1,195,1,35,0
1990,20,2,1,0,0,1,449,4,40,0
1990,48,2,2,0,0,1,274,3,51,0
1990,24,2,1,0,0,0,449,4,9,0
1990,19,1,1,0,0,0,453,4,40,0
1990,57,1,2,0,0,0,628,1,40,0
1990,69,1,0,0,0,1,479,0,35,0
1990,69,2,0,0,0,1,486,0,0,0
1990,35,1,0,0,0,0,856,3,45,0
1990,39,2,0,0,0,1,154,5,40,0
1990,39,1,0,0,4,1,235,3,40,0
1990,22,2,0,0,4,0,869,0,30,0
1990,64,1,0,0,0,0,889,2,20,0
1990,51,2,0,0,0,0,785,1,40,0
1990,36,1,0,0,0,1,22,1,40,1
1990,34,2,0,0,0,1,95,4,40,0
1990,39,1,0,0,0,1,33,4,55,0
1990,39,2,0,0,0,1,254,4,40,0
1990,29,2,1,0,0,1,259,1,40,0
1990,40,1,1,0,0,1,426,2,48,1
1990,65,2,0,0,0,0,856,0,40,0
1990,54,1,0,0,0,0,436,5,40,0
1990,32,2,1,0,0,0,0,0,0,0
1990,46,1,0,0,0,0,448,4,40,0
1990,33,2,0,0,0,0,453,4,40,0
1990,42,1,0,0,0,1,22,1,40,1
1990,47,2,0,0,0,1,0,0,0,0
1990,42,2,0,0,0,1,157,5,40,0
1990,43,1,0,0,0,1,235,4,40,0
1990,51,1,2,0,0,1,167,5,70,0
1990,60,1,0,0,0,1,59,1,60,0
1990,60,2,0,0,0,1,0,0,0,0
1990,26,1,1,0,0,0,785,1,20,0
1990,29,1,0,0,0,1,375,4,40,0
1990,26,2,0,0,0,1,313,4,40,0
1990,25,2,1,0,0,1,184,1,40,0
1990,26,2,1,0,0,1,274,3,35,0
1990,46,2,2,2,1,0,447,5,40,0
1990,73,1,0,0,0,1,0,0,0,0
1990,64,2,0,0,0,0,0,0,0,0
1990,25,1,1,0,0,1,424,6,42,0
1990,40,1,0,0,0,1,22,2,45,0
1990,37,2,0,0,0,0,0,0,0,0
1990,63,1,0,0,0,0,376,2,0,0
1990,58,2,0,0,0,0,779,1,0,0
1990,72,1,0,0,0,1,17,3,30,0
1990,76,2,0,0,0,0,0,0,0,0
1990,37,1,0,0,0,1,176,5,40,0
1990,39,2,0,0,0,1,18,4,40,0
1990,48,1,0,0,0,1,259,3,40,0
1990,40,2,0,0,0,1,156,5,40,0
1990,48,1,0,0,0,1,22,1,55,1
1990,43,2,0,0,0,1,313,1,40,0
1990,69,2,3,0,0,1,0,0,0,0
1990,37,1,1,0,0,1,505,4,40,0
1990,34,2,1,0,0,1,156,5,30,0
1990,29,1,0,0,0,0,869,4,40,0
1990,39,2,0,0,0,0,436,3,40,0
1990,74,2,0,0,0,0,0,0,0,0
1990,77,1,0,0,0,0,426,4,32,0
1990,49,2,2,0,0,0,313,5,45,0
1990,22,1,1,0,0,0,186,5,40,0
1990,42,1,0,0,0,1,243,3,50,1
1990,36,2,0,0,0,0,376,4,40,0
1990,18,1,1,0,0,0,277,3,20,0
1990,44,2,2,0,0,1,22,5,55,0
1990,37,1,2,0,0,1,544,1,40,0
1990,36,2,2,0,0,0,389,3,40,0
1990,42,1,0,0,0,1,186,5,60,0
1990,41,2,0,0,0,0,348,2,0,0
1990,64,1,0,0,0,1,575,0,0,0
1990,55,2,0,0,0,0,348,2,0,0
1990,42,1,0,0,0,1,255,4,40,0
1990,36,2,0,0,0,1,339,1,40,0
1990,46,2,3,0,0,1,23,6,40,1
1990,42,1,0,0,0,1,22,1,50,0
1990,37,2,0,0,0,1,23,3,0,0
1990,75,1,0,0,0,0,0,0,0,0
1990,74,2,0,0,0,0,0,0,0,0
1990,58,1,0,0,0,0,547,4,30,0
1990,57,2,0,0,0,0,0,0,0,0
1990,37,1,0,0,0,1,376,1,45,0
1990,37,2,0,0,0,1,313,5,99,0
1990,32,1,2,0,0,0,777,1,48,0
1990,56,2,1,0,0,1,195,4,40,0
1990,48,2,1,3,3,1,666,3,40,0
1990,25,1,1,3,3,0,683,1,40,0
1990,21,1,1,3,3,1,0,0,0,0
1990,19,1,1,3,3,0,0,0,0,0
1990,40,1,0,0,0,1,588,0,40,0
1990,40,2,0,0,0,1,156,5,20,0
1990,39,1,3,1,0,1,804,2,40,0
1990,76,2,3,0,0,0,0,0,0,0
1990,40,1,2,0,0,1,806,3,40,0
1990,20,2,1,0,0,1,313,4,15,0
1990,23,2,3,0,0,0,449,4,0,0
1990,32,1,1,0,0,0,579,0,40,0
1990,57,1,0,0,0,0,844,0,3,0
1990,51,2,0,0,0,0,0,0,0,0
1990,50,1,0,0,0,0,365,1,72,0
1990,50,2,0,0,0,0,327,3,28,0
1990,24,1,1,0,0,1,229,1,40,0
1990,23,1,1,0,0,0,17,3,40,0
1990,22,2,1,0,0,0,433,3,40,0
1990,20,2,1,0,0,0,446,5,40,0
1990,37,1,0,0,0,0,696,5,40,0
1990,36,2,0,0,0,0,877,3,40,0
1990,30,2,2,1,0,0,436,5,40,0
1990,34,1,2,1,0,0,453,1,40,0
1990,19,1,1,0,0,1,486,0,40,0
1990,42,2,3,0,0,0,719,1,50,0
1990,22,2,1,0,0,0,436,3,0,0
1990,20,2,1,0,0,0,436,3,20,0
1990,23,1,2,0,0,0,579,0,40,0
1990,36,1,0,1,0,0,796,1,40,0
1990,32,2,0,1,0,1,447,5,40,0
1990,30,1,0,0,0,0,779,1,40,0
1990,30,2,0,0,0,0,628,1,40,0
1990,46,2,1,1,0,0,447,5,34,0
1990,27,1,1,1,0,0,909,6,0,0
1990,38,2,1,1,0,1,17,5,40,0
1990,20,1,1,1,0,1,27,6,50,0
1990,20,1,1,1,0,1,523,5,30,0
1990,27,2,3,0,0,0,0,0,0,0
1990,36,1,0,0,0,0,434,3,0,0
1990,35,2,0,0,0,0,274,3,0,0
1990,79,1,0,0,0,1,0,0,0,0
1990,79,2,0,0,0,1,0,0,0,0
1990,30,1,1,0,2,0,719,1,48,0
1990,30,1,2,0,2,0,719,1,48,0
1990,68,2,3,0,0,0,0,0,0,0
1990,42,2,2,0,0,1,243,3,45,0
1990,66,2,3,0,0,1,446,5,0,0
1990,67,2,0,0,0,0,313,5,0,0
1990,68,1,0,0,0,1,634,1,0,0
1990,57,1,0,0,0,0,777,1,0,0
1990,63,2,0,0,0,0,0,0,0,0
1990,48,1,0,0,0,1,174,5,40,0
1990,37,2,0,0,0,1,167,5,40,0
1990,40,1,0,0,0,1,523,5,40,0
1990,29,2,0,0,0,1,207,5,40,0
1990,36,1,1,0,0,1,365,1,40,0
1990,39,1,1,0,0,1,637,1,40,0
1990,62,1,0,0,0,0,754,1,40,0
1990,59,2,0,0,0,0,0,0,0,0
1990,34,1,1,0,0,0,379,5,35,0
1990,33,2,0,0,0,0,458,4,45,0
1990,36,1,0,0,0,0,22,1,50,0
1990,29,1,0,0,0,0,668,3,40,0
1990,26,2,0,0,0,0,95,5,64,0
1990,73,2,3,0,0,0,0,0,0,0
1990,28,1,1,0,0,1,579,0,40,0
1990,79,2,3,0,0,0,0,0,0,0
1990,41,1,0,0,0,1,156,5,37,0
1990,41,2,0,0,0,1,167,5,20,0
1990,40,1,0,0,0,1,13,1,40,0
1990,38,2,0,0,0,1,156,5,35,0
1990,66,2,0,0,0,0,479,0,70,0
1990,71,1,0,0,0,0,479,0,30,0
1990,42,1,0,0,0,0,505,4,44,0
1990,40,2,0,0,0,0,719,1,40,0
1990,18,1,1,0,0,0,0,0,0,0
1990,79,2,2,0,0,0,796,1,40,0
1990,18,1,1,0,0,0,0,0,0,0
1990,68,1,0,0,0,0,0,0,0,0
1990,62,2,0,0,0,0,16,2,40,0
1990,36,1,1,0,0,0,453,1,38,0
1990,58,1,0,0,0,0,709,1,45,0
1990,56,2,0,0,0,0,453,3,0,0
1990,37,1,0,0,0,0,869,0,50,0
1990,32,2,0,0,0,0,0,0,0,0
1990,74,2,3,0,0,0,0,0,0,0
1990,39,1,0,0,0,0,22,0,50,0
1990,41,2,0,0,0,0,376,4,40,0
1990,29,1,0,0,0,0,628,1,50,0
1990,29,2,0,0,0,0,0,0,0,0
1990,22,1,1,0,0,0,505,4,44,0
1990,35,2,2,0,0,1,95,5,40,0
1990,69,1,0,0,0,0,0,0,0,0
1990,68,2,0,0,0,0,0,0,0,0
1990,45,1,1,0,0,1,329,5,37,0
1990,37,1,0,0,0,1,22,0,40,0
1990,41,2,0,0,0,0,174,5,15,0
1990,63,2,3,0,0,0,0,0,0,0
1990,19,2,1,0,0,1,439,3,40,0
1990,49,1,0,0,0,1,179,6,40,1
1990,51,2,0,0,0,1,0,0,0,0
1990,22,2,1,0,0,1,274,3,20,0
1990,21,1,1,0,0,1,453,6,40,0
1990,48,1,0,0,0,0,797,1,40,0
1990,54,2,0,0,0,0,0,0,0,0
1990,25,1,1,0,0,0,779,1,50,0
1990,42,1,0,0,0,1,164,5,25,0
1990,35,2,0,0,0,1,354,2,40,0
1990,29,1,0,0,0,0,785,1,40,0
1990,22,2,0,0,0,0,376,1,35,0
1990,43,1,0,0,0,1,284,4,65,1
1990,43,2,0,0,0,1,156,5,25,0
1990,18,2,1,0,0,1,276,3,20,0
1990,24,2,0,0,0,0,447,5,52,0
1990,30,1,0,0,0,0,856,1,50,0
1990,42,1,0,0,0,1,355,2,40,0
1990,52,2,0,0,0,1,156,5,40,0
1990,23,1,1,0,0,0,518,1,54,0
1990,67,2,3,0,0,0,796,1,0,0
1990,62,1,0,0,0,1,55,1,70,1
1990,52,2,0,0,0,0,0,0,0,0
1990,38,1,0,0,0,0,274,3,70,0
1990,39,2,0,0,0,1,156,5,20,0
1990,72,1,0,0,0,0,0,0,0,0
1990,67,2,0,0,0,0,0,0,0,0
1990,37,1,0,0,0,1,217,1,40,0
1990,37,2,0,0,0,0,319,4,2,0
1990,54,1,0,0,0,0,473,0,90,0
1990,54,2,0,0,0,0,804,4,0,0
1990,21,2,1,0,0,0,435,3,35,0
1990,23,1,1,0,0,1,869,4,39,0
1990,35,1,3,0,0,0,243,3,50,0
1990,44,2,2,0,0,0,22,3,25,0
1990,31,1,0,0,0,0,538,4,42,0
1990,33,2,0,0,0,1,339,5,22,0
1990,38,2,2,0,0,0,263,3,46,0
1990,30,1,0,0,0,0,796,1,40,0
1990,29,2,0,0,0,1,336,6,25,0
1990,21,2,1,0,0,1,177,5,40,0
1990,23,1,1,0,0,1,276,5,30,0
1990,34,2,2,0,0,1,156,5,40,0
1990,39,1,1,0,0,1,156,5,15,0
1990,62,1,0,0,0,0,628,1,37,0
1990,60,2,0,0,0,0,276,4,37,0
1990,71,1,0,0,0,1,33,1,40,0
1990,76,2,0,0,0,1,0,0,0,0
1990,52,1,2,0,0,1,809,2,60,0
1990,42,2,2,0,0,1,95,5,40,0
1990,41,2,2,0,0,0,315,6,37,0
1990,30,2,1,3,0,1,159,5,60,0
1990,29,1,0,0,0,1,418,6,40,0
1990,29,2,0,0,0,0,0,0,0,0
1990,49,1,0,0,0,0,628,1,45,0
1990,44,2,0,0,0,1,95,5,20,0
1990,30,1,1,0,0,1,804,2,43,0
1990,72,2,3,0,0,0,0,0,0,0
1990,32,1,0,0,0,0,779,1,40,0
1990,31,2,0,0,0,0,283,3,0,0
1990,48,1,0,0,0,1,156,5,35,0
1990,45,2,0,0,0,1,15,5,50,0
1990,75,2,3,0,0,0,0,0,0,0
1990,39,1,0,0,0,0,783,1,40,0
1990,39,2,0,0,0,1,156,5,40,0
1990,30,1,0,0,0,0,785,1,40,0
1990,26,2,0,0,0,0,447,5,0,0
1990,38,1,2,0,0,1,156,5,35,0
1990,76,2,3,0,0,0,0,0,0,0
1990,34,1,0,0,0,0,617,0,40,0
1990,33,2,0,0,0,0,0,0,0,0
1990,64,1,0,0,0,0,0,0,0,0
1990,67,2,0,0,0,0,0,0,0,0
1990,36,2,1,0,0,0,207,5,40,0
1990,77,2,0,0,0,0,0,0,0,0
1990,32,1,0,0,0,0,617,0,40,0
1990,30,2,0,0,0,0,0,0,0,0
1990,33,1,0,0,0,0,889,0,60,0
1990,36,2,0,0,0,0,435,3,35,0
1990,35,1,0,0,0,0,717,1,42,0
1990,26,2,0,0,0,0,406,4,0,0
1990,62,2,3,0,0,0,0,0,0,0
1990,32,1,3,0,0,0,455,3,45,0
1990,38,1,0,0,0,0,613,0,48,1
1990,38,2,0,0,0,0,0,0,0,0
1990,32,2,2,0,0,0,877,3,40,0
1990,24,1,1,0,0,0,505,4,40,0
1990,41,1,0,0,0,1,154,5,40,1
1990,40,2,0,0,0,1,174,5,40,0
1990,51,1,0,0,0,0,785,1,40,0
1990,48,2,0,0,0,0,449,4,20,0
1990,19,2,1,0,0,0,315,5,37,0
1990,19,2,1,0,0,0,443,3,20,0
1990,21,1,1,0,0,1,887,5,35,0
1990,22,1,1,0,0,1,265,3,35,0
1990,74,2,1,0,0,1,0,0,0,0
1990,30,1,0,0,0,1,22,5,32,0
1990,27,2,0,0,0,0,15,5,40,0
1990,70,2,3,0,0,0,447,5,20,0
1990,70,1,0,0,0,0,0,0,0,0
1990,68,2,0,0,0,0,0,0,0,0
1990,41,1,0,0,0,1,14,5,37,0
1990,40,2,0,0,0,1,313,0,25,0
1990,61,1,2,0,0,0,875,0,40,0
1990,75,1,2,0,0,0,0,0,0,0
1990,30,1,0,0,0,0,27,0,40,0
1990,31,2,0,0,0,1,467,5,0,0
1990,72,2,3,0,0,0,579,4,6,0
1990,51,1,1,0,0,0,0,0,0,0
1990,49,1,1,0,0,0,0,0,0,0
1990,40,2,3,0,0,0,435,3,0,0
1990,26,2,1,0,0,1,157,5,40,0
1990,27,2,1,0,0,0,313,3,45,0
1990,30,2,1,0,0,1,27,5,35,0
1990,72,1,0,0,0,0,0,0,0,0
1990,68,2,0,0,0,0,748,4,0,0
1990,70,1,0,0,0,0,0,0,0,0
1990,63,2,0,0,0,0,436,3,22,0
1990,28,1,1,0,0,0,0,0,0,0
1990,42,1,0,0,0,0,505,3,40,0
1990,36,2,0,0,0,1,303,5,40,0
1990,68,2,1,0,0,0,0,0,0,0
1990,36,2,2,0,0,1,909,6,0,0
1990,46,1,0,0,0,1,534,3,49,0
1990,45,2,0,0,0,0,313,3,40,0
1990,78,2,3,0,0,0,0,0,0,0
1990,73,1,0,0,0,0,0,0,0,0
1990,72,2,0,0,0,0,0,0,0,0
1990,75,2,3,0,0,0,0,0,0,0
1990,25,1,0,0,0,0,785,1,40,0
1990,26,2,0,0,0,0,445,5,16,0
1990,79,2,3,0,0,0,0,0,0,0
1990,27,1,0,0,0,0,549,1,44,0
1990,24,2,0,0,0,0,0,0,0,0
1990,80,2,3,0,0,0,0,0,0,0
1990,60,1,0,0,0,0,0,0,0,0
1990,58,2,0,0,0,0,0,0,0,0
1990,71,2,3,0,0,1,444,5,0,0
1990,37,1,1,0,0,1,709,1,55,0
1990,46,1,0,0,0,1,243,3,48,0
1990,49,2,0,0,0,0,265,3,45,0
1990,23,1,1,0,0,1,156,5,25,0
1990,20,1,1,0,0,0,0,0,0,0
1990,56,1,0,0,0,0,869,0,37,0
1990,55,2,0,0,0,0,0,0,0,0
1990,57,1,0,0,0,0,844,0,45,0
1990,55,2,0,0,0,1,95,4,40,0
1990,60,2,3,0,0,0,765,1,40,0
1990,40,1,0,0,0,0,804,2,40,1
1990,41,2,0,0,0,1,274,3,0,0
1990,42,1,0,0,0,0,628,1,45,0
1990,38,2,0,0,0,0,277,3,0,0
1990,72,1,0,0,0,0,0,0,0,0
1990,76,2,0,0,0,0,0,0,0,0
1990,55,2,3,0,0,0,303,4,40,0
1990,28,2,1,0,0,0,17,3,55,0
1990,68,2,2,0,0,0,0,0,0,0
1990,79,1,0,0,0,0,0,0,0,0
1990,76,2,0,0,0,0,0,0,0,0
1990,59,2,3,0,0,0,337,3,10,0
1990,58,1,0,0,0,0,457,4,50,0
1990,63,2,0,0,0,0,0,0,0,0
1990,28,2,1,0,0,1,208,0,45,0
1990,30,1,0,0,0,0,725,1,40,0
1990,22,2,0,0,0,0,453,3,24,0
1990,46,1,3,0,0,0,709,1,40,0
1990,66,1,0,0,0,0,575,2,0,0
1990,67,2,0,0,0,0,0,0,0,0
1990,40,1,0,0,0,1,206,2,25,0
1990,39,2,0,0,0,1,447,5,40,0
1990,56,1,0,0,0,0,243,3,40,0
1990,55,2,0,0,0,0,0,0,0,0
1990,45,1,2,0,0,1,3,6,50,0
1990,20,2,1,0,0,1,885,3,20,0
1990,38,2,0,0,0,1,213,5,40,0
1990,37,1,0,0,0,1,644,1,60,0
1990,41,1,0,0,0,0,216,1,45,0
1990,39,2,0,0,0,0,207,5,44,0
1990,62,2,2,0,0,0,446,5,15,0
1990,46,2,2,0,0,0,779,1,40,0
1990,51,1,0,0,0,1,889,1,40,0
1990,49,2,0,0,0,0,796,1,40,0
1990,37,1,0,0,0,1,59,1,40,0
1990,39,2,0,0,0,0,243,3,40,0
1990,40,1,0,0,0,1,365,1,40,0
1990,39,2,0,0,0,1,909,6,0,0
1990,54,1,0,0,0,0,473,0,12,0
1990,50,2,0,0,0,0,808,2,10,0
1990,58,1,1,0,0,0,479,0,50,0
1990,30,2,1,0,0,0,479,0,10,0
1990,67,1,0,0,0,0,0,0,0,0
1990,64,2,0,0,0,0,0,0,0,0
1990,53,1,0,0,0,0,889,1,40,0
1990,48,2,0,0,0,0,436,5,30,0
1990,34,1,0,0,0,0,734,1,50,0
1990,33,2,0,0,0,0,339,1,45,0
1990,66,1,0,0,0,0,0,0,0,0
1990,66,2,0,0,0,0,0,0,0,0
1990,37,1,3,0,0,1,355,2,35,0
1990,68,2,3,0,0,0,0,0,0,0
1990,75,2,3,0,0,0,0,0,0,0
1990,43,2,3,0,0,0,447,5,20,0
1990,75,1,0,0,0,0,0,0,0,0
1990,70,2,0,0,0,0,0,0,0,0
1990,24,1,0,0,0,0,877,1,40,0
1990,19,2,0,0,0,0,313,1,30,0
1990,78,1,0,0,0,0,0,0,0,0
1990,72,2,0,0,0,0,0,0,0,0
1990,65,2,3,0,0,0,453,4,17,0
1990,40,1,2,0,0,1,27,5,40,0
1990,73,1,0,0,0,0,0,0,0,0
1990,64,2,0,0,0,0,276,5,17,0
1990,38,1,0,0,0,0,447,5,45,1
1990,33,2,0,0,0,1,206,5,8,0
1990,79,1,0,0,0,0,0,0,0,0
1990,68,2,0,0,0,0,0,0,0,0
1990,55,1,3,0,0,0,496,1,45,0
1990,46,1,0,0,0,0,849,1,40,0
1990,40,2,0,0,0,0,687,3,40,0
1990,77,2,3,0,0,0,254,4,20,0
1990,77,2,3,0,0,0,0,0,0,0
1990,19,2,1,0,0,0,379,5,7,0
1990,75,1,0,0,0,1,85,5,0,0
1990,73,2,0,0,0,1,0,0,0,0
1990,22,1,3,0,0,0,479,0,0,0
1990,59,1,0,0,0,0,686,3,0,0
1990,64,2,0,0,0,0,0,0,0,0
1990,55,1,0,0,0,0,558,1,50,0
1990,55,2,0,0,0,0,0,0,0,0
1990,40,1,0,0,0,1,567,0,50,0
1990,36,2,0,0,0,0,0,0,0,0
1990,18,2,1,0,0,0,439,3,20,0
1990,22,1,1,0,0,1,27,6,32,0
1990,39,2,3,0,0,0,0,0,0,0
1990,19,1,1,0,0,0,0,0,0,0
1990,35,2,2,0,0,0,683,1,40,0
1990,61,2,3,0,0,0,0,0,0,0
1990,18,2,1,0,0,0,276,3,20,0
1990,39,1,0,0,0,0,567,0,40,0
1990,38,2,0,0,0,0,229,3,40,0
1990,70,2,3,0,0,0,0,0,0,0
1990,54,1,1,0,0,1,156,5,60,0
1990,57,1,1,0,0,0,0,0,0,0
1990,37,1,2,0,0,0,505,3,40,0
1990,66,2,3,0,0,0,0,0,0,0
1990,63,1,0,0,0,0,453,1,40,0
1990,58,2,0,0,0,0,337,5,40,0
1990,69,1,3,0,0,0,804,2,0,0
1990,54,2,1,0,0,0,888,3,40,0
1990,40,2,1,0,0,0,385,3,40,0
1990,42,1,2,0,0,1,549,5,40,0
1990,63,1,0,0,0,0,269,3,0,0
1990,63,2,0,0,0,0,0,0,0,0
1990,34,1,0,0,0,1,653,1,45,0
1990,31,2,0,0,0,1,0,0,0,0
1990,50,1,0,3,0,0,0,0,0,0
1990,45,2,0,3,0,0,0,0,0,0
1990,35,1,0,0,0,1,224,1,50,0
1990,29,2,0,0,0,0,783,1,45,0
1990,36,1,0,0,0,0,22,0,65,0
1990,32,2,0,0,0,1,787,1,90,1
1990,52,1,0,0,0,0,675,1,40,0
1990,52,2,0,0,0,0,276,3,25,0
1990,19,1,1,0,0,1,675,1,0,0
1990,34,1,0,0,0,0,0,0,0,0
1990,34,2,0,0,0,0,0,0,0,0
1990,35,1,0,0,0,0,176,5,40,0
1990,35,2,0,0,0,0,0,0,0,0
1990,38,1,0,0,0,0,804,2,50,0
1990,38,2,0,0,0,1,368,3,37,0
1990,19,1,1,0,0,1,447,5,80,0
1990,28,1,0,0,0,0,865,4,80,0
1990,24,2,0,0,0,1,243,3,50,0
1990,74,2,1,0,0,0,0,0,0,0
1990,47,1,2,0,0,0,575,5,37,0
1990,19,1,1,0,0,0,435,3,12,0
1990,41,1,0,0,0,1,56,1,45,0
1990,37,2,0,0,0,1,156,5,40,0
1990,74,1,0,0,0,0,0,0,0,0
1990,72,2,0,0,0,0,0,0,0,0
1990,36,1,2,0,0,0,844,0,50,0
1990,56,1,1,0,0,1,708,1,40,0
1990,62,1,2,0,0,0,653,0,0,0
1990,61,2,3,0,0,0,174,6,0,0
1990,69,1,0,0,0,0,22,0,60,0
1990,63,2,0,0,0,0,313,0,40,0
1990,30,1,1,0,0,0,436,3,40,0
1990,80,2,3,0,0,0,0,0,0,0
1990,63,1,2,0,0,0,706,1,40,0
1990,32,1,0,0,0,1,424,6,40,0
1990,32,2,0,0,0,0,264,3,0,0
1990,24,2,0,0,0,1,95,5,40,0
1990,33,1,0,0,0,0,628,1,37,0
1990,36,1,0,0,0,0,259,3,40,0
1990,37,2,0,0,0,1,156,5,50,0
1990,33,2,0,0,0,0,436,3,40,0
1990,24,1,0,0,0,0,496,1,0,0
1990,70,1,3,0,0,0,0,0,0,0
1990,36,1,0,0,0,0,796,1,40,0
1990,38,2,0,3,0,1,0,0,0,0
1990,74,1,0,0,0,1,0,0,0,0
1990,70,2,0,0,0,0,0,0,0,0
1990,34,2,3,0,0,1,17,5,0,0
1990,38,1,1,0,0,1,197,1,45,0
1990,33,2,1,0,0,0,707,1,40,0
1990,32,2,3,0,0,0,436,3,25,0
1990,26,1,0,0,0,0,727,1,40,0
1990,22,2,0,0,0,0,274,3,25,0
1990,59,1,0,0,0,0,883,1,40,0
1990,57,2,0,0,0,0,436,3,0,0
1990,49,1,0,0,0,1,544,1,40,0
1990,46,2,0,0,0,0,375,4,32,0
1990,23,2,1,0,0,1,379,1,40,0
1990,21,2,1,0,0,1,373,3,22,0
1990,45,1,0,0,0,0,496,1,40,0
1990,45,2,0,0,0,0,779,1,40,0
1990,55,1,0,0,0,0,18,4,0,0
1990,52,2,0,0,0,0,0,0,0,0
1990,39,1,0,0,0,0,364,1,40,0
1990,32,2,0,0,0,0,567,0,35,0
1990,72,2,3,0,0,0,449,4,12,0
1990,51,1,3,0,0,1,243,3,40,0
1990,49,2,2,0,0,0,0,0,0,0
1990,25,1,1,0,0,0,796,4,40,0
1990,29,2,2,0,0,0,796,4,35,0
1990,66,2,3,0,0,0,725,1,0,0
1990,46,1,0,0,0,1,567,5,40,0
1990,50,2,0,0,0,1,447,5,44,0
1990,23,2,1,0,0,1,447,5,40,0
1990,31,1,0,0,0,0,889,3,40,0
1990,32,2,0,0,0,0,447,5,0,0
1990,61,2,3,0,0,0,449,5,40,0
1990,42,1,0,0,0,1,475,0,40,0
1990,38,2,0,0,0,1,0,0,0,0
1990,36,1,0,0,0,1,364,3,40,0
1990,29,2,0,0,0,0,337,4,0,0
1990,64,1,0,0,0,0,628,1,0,0
1990,51,2,0,0,0,0,436,5,0,0
1990,26,1,1,0,0,0,22,1,50,0
1990,22,1,1,0,0,0,779,1,0,0
1990,58,1,0,0,0,0,55,1,40,1
1990,59,2,0,0,0,1,95,5,40,0
1990,42,1,0,0,0,1,19,4,40,0
1990,39,2,0,0,0,1,0,0,0,0
1990,48,1,0,0,0,0,0,0,0,0
1990,18,1,1,0,0,0,869,0,40,0
1990,52,2,0,0,0,0,878,1,40,0
1990,29,1,0,0,0,1,727,1,45,0
1990,27,2,0,0,0,0,435,3,30,0
1990,80,2,3,0,0,0,465,5,40,0
1990,35,1,0,0,0,0,853,0,60,0
1990,30,2,0,0,0,0,755,1,40,0
1990,66,2,3,0,0,0,436,5,0,0
1990,50,1,2,0,0,0,796,1,40,0
1990,79,2,3,0,0,1,0,0,0,0
1990,20,2,1,0,0,1,313,2,40,0
1990,19,1,1,0,0,0,28,3,40,0
1990,48,1,0,0,0,0,364,1,40,0
1990,39,2,0,0,0,0,779,1,40,0
1990,46,1,2,0,0,0,17,3,70,0
1990,20,1,1,0,0,0,779,0,40,0
1990,49,2,3,0,0,0,337,6,30,0
1990,54,1,0,0,0,0,869,0,45,0
1990,54,2,0,0,0,0,0,0,0,0
1990,76,1,0,0,0,0,0,0,0,0
1990,76,2,0,0,0,0,0,0,0,0
1990,44,1,0,0,0,0,844,0,40,0
1990,41,2,0,0,0,0,785,1,40,0
1990,61,1,0,3,3,1,84,5,94,1
1990,37,2,0,0,0,1,95,5,8,0
1990,59,1,0,0,0,1,14,5,40,1
1990,56,2,0,0,0,0,0,0,0,0
1990,22,1,1,0,0,1,436,3,65,0
1990,20,1,1,0,0,1,486,4,25,0
1990,75,1,3,0,0,0,0,0,0,0
1990,41,2,2,0,0,0,785,1,42,0
1990,19,1,1,0,0,1,869,0,40,0
1990,40,1,0,0,0,1,259,3,40,0
1990,30,2,0,0,0,0,389,4,40,0
1990,21,1,1,0,0,0,687,1,50,0
1990,23,2,1,0,0,0,785,1,24,0
1990,47,1,0,0,0,1,503,4,72,0
1990,41,2,0,0,0,1,95,5,37,0
1990,75,1,0,0,0,0,0,0,0,0
1990,69,2,0,0,0,0,0,0,0,0
1990,30,1,0,0,0,1,213,3,40,0
1990,37,2,0,0,0,1,188,1,40,0
1990,61,1,0,0,0,0,475,0,75,0
1990,56,2,0,0,0,0,0,0,0,0
1990,71,1,0,0,0,0,479,0,40,0
1990,71,2,0,0,0,1,0,0,0,0
1990,42,1,1,0,0,0,473,0,40,0
1990,62,1,0,0,0,0,21,5,40,0
1990,61,2,0,0,0,1,314,5,0,0
1990,37,1,0,0,0,1,254,4,30,0
1990,36,2,0,0,0,1,319,5,40,0
1990,39,1,2,0,0,1,125,5,40,1
1990,18,2,1,0,0,1,313,5,30,0
1990,76,2,3,0,0,1,0,0,0,0
1990,53,1,1,0,0,0,0,0,0,0
1990,58,1,3,0,0,1,526,4,56,0
1990,19,1,1,0,0,1,444,3,13,0
1990,53,2,3,0,0,0,796,1,52,0
1990,70,1,0,0,0,0,365,1,0,0
1990,69,2,0,0,0,0,337,1,0,0
1990,41,1,2,0,0,0,799,1,42,0
1990,57,1,0,0,0,1,274,3,40,1
1990,58,2,0,0,0,1,387,5,30,0
1990,30,2,1,0,0,1,274,3,48,0
1990,65,2,1,0,0,0,0,0,0,0
1990,47,1,0,0,0,0,889,1,40,0
1990,41,2,0,0,0,1,207,5,40,0
1990,18,1,1,0,0,0,877,3,30,0
1990,40,1,0,0,0,1,453,4,45,0
1990,40,2,0,0,0,1,21,5,40,0
1990,74,2,1,0,0,0,337,0,8,0
1990,74,1,1,0,0,0,0,0,0,0
1990,56,1,0,0,0,1,22,1,50,0
1990,55,2,0,0,0,1,708,1,30,0
1990,59,1,0,0,0,0,804,1,48,0
1990,59,2,0,0,0,0,0,0,0,0
1990,31,2,1,0,0,0,0,0,0,0
1990,36,2,3,0,0,1,379,1,40,0
1990,36,1,3,0,0,0,779,1,40,0
1990,37,1,0,0,0,1,243,3,50,1
1990,43,2,0,0,0,1,36,6,15,0
1990,21,2,1,0,0,0,313,3,10,0
1990,77,1,0,0,0,0,0,0,0,0
1990,77,2,0,0,0,0,0,0,0,0
1990,67,2,3,0,0,0,0,0,0,0
1990,53,1,2,0,0,0,686,3,44,0
1990,55,1,0,0,0,0,22,1,50,0
1990,50,2,0,0,0,0,744,1,35,0
1990,26,1,2,0,0,0,17,4,60,0
1990,44,2,2,0,0,0,628,1,35,0
1990,20,2,1,0,0,1,443,3,40,0
1990,42,2,2,0,0,0,319,5,40,0
1990,18,1,1,0,0,0,877,3,10,0
1990,71,1,0,0,0,1,85,5,6,0
1990,72,2,0,0,0,0,0,0,0,0
1990,39,1,0,0,0,0,777,1,46,0
1990,40,2,0,0,0,0,0,0,0,0
1990,19,2,1,0,0,1,435,3,40,0
1990,39,1,0,0,0,1,14,5,40,1
1990,36,2,0,0,0,1,154,5,20,0
1990,76,2,3,0,0,0,0,0,0,0
1990,52,1,0,0,0,0,634,1,40,0
1990,57,2,0,0,0,0,15,5,40,0
1990,45,2,0,0,0,1,207,5,40,0
1990,55,1,0,0,0,1,779,1,40,0
1990,36,1,0,0,0,0,686,1,45,0
1990,30,2,0,0,0,0,479,0,8,0
1990,45,1,3,0,0,0,628,1,40,0
1990,38,1,0,0,0,0,804,1,60,0
1990,38,2,0,0,0,0,275,3,29,0
1990,18,1,1,0,0,0,486,1,40,0
1990,66,1,0,0,0,0,357,2,0,0
1990,69,2,0,0,0,0,0,0,0,0
1990,72,2,3,0,0,0,14,5,0,0
1990,27,1,0,0,0,1,533,0,40,0
1990,26,2,0,0,0,0,466,5,4,0
1990,62,1,0,0,0,0,824,2,40,0
1990,66,2,0,0,0,0,744,1,40,0
1990,42,1,0,0,0,1,256,4,30,0
1990,36,2,0,0,0,1,447,5,0,0
1990,56,1,0,0,0,0,473,0,0,0
1990,52,2,0,0,0,0,0,0,0,0
1990,32,1,3,0,0,0,0,0,0,0
1990,27,1,0,0,0,0,769,1,40,0
1990,28,2,0,0,0,0,683,1,40,0
1990,29,1,0,0,0,0,769,1,40,0
1990,25,2,0,0,0,0,313,3,0,0
1990,35,1,0,0,0,0,804,0,40,0
1990,29,2,0,0,0,0,313,5,37,0
1990,34,2,2,0,0,0,0,0,0,0
1990,74,1,0,0,0,0,0,0,0,0
1990,72,2,0,0,0,0,0,0,0,0
1990,58,1,0,0,0,0,453,5,40,0
1990,55,2,0,0,0,0,337,6,30,0
1990,40,2,3,0,0,0,447,5,28,0
1990,23,2,0,0,0,1,243,3,40,0
1990,45,1,0,0,0,1,156,5,40,0
1990,27,2,1,0,0,0,0,0,0,0
1990,55,1,0,0,0,1,176,5,60,0
1990,52,2,0,0,0,0,378,3,0,0
1990,62,1,0,0,0,0,628,1,40,0
1990,60,2,0,0,0,1,313,1,40,0
1990,67,2,1,0,0,0,0,0,0,0
1990,64,1,0,0,0,0,418,6,0,0
1990,57,2,0,0,0,0,808,5,0,0
1990,31,2,3,0,0,0,0,0,0,0
1990,60,1,0,0,0,1,157,5,55,0
1990,53,2,0,0,0,0,224,1,40,0
1990,66,1,3,0,0,0,505,4,30,0
1990,29,1,1,0,0,0,567,0,40,0
1990,30,1,0,0,0,0,628,1,40,0
1990,30,2,0,0,0,0,458,4,30,0
1990,45,1,0,0,0,0,308,3,40,0
1990,43,2,0,0,0,0,777,4,40,0
1990,18,2,1,0,0,1,365,1,30,0
1990,67,1,0,0,0,0,544,0,0,0
1990,61,2,0,0,0,0,0,0,0,0
1990,36,1,0,0,0,0,889,2,40,0
1990,29,2,0,0,0,0,486,1,24,0
1990,41,1,1,0,0,0,869,1,40,0
1990,64,2,3,0,0,0,0,0,0,0
1990,78,2,3,0,0,0,0,0,0,0
1990,76,2,3,0,0,0,0,0,0,0
1990,73,1,0,0,0,0,0,0,0,0
1990,65,2,0,0,0,1,0,0,0,0
1990,31,1,0,0,0,1,433,3,42,0
1990,30,2,0,0,0,0,435,3,75,0
1990,55,2,2,0,0,0,447,5,40,0
1990,25,1,0,0,0,0,426,4,43,0
1990,25,2,0,0,0,1,796,1,40,0
1990,34,1,3,0,0,1,686,1,40,0
1990,50,1,1,0,0,0,0,0,0,0
1990,77,2,3,0,0,0,0,0,0,0
1990,43,1,0,0,0,0,804,2,55,0
1990,42,2,0,0,0,1,283,3,20,0
1990,39,1,0,0,0,0,259,3,40,0
1990,39,2,0,0,0,1,15,5,30,0
1990,76,1,3,0,0,0,518,1,0,0
1990,63,2,2,0,0,0,744,1,40,0
1990,37,1,0,0,0,0,869,0,75,0
1990,36,2,0,0,0,0,808,2,15,0
1990,36,2,2,0,0,0,458,4,40,0
1990,24,1,2,0,0,0,558,0,40,0
1990,41,1,0,0,0,0,218,0,40,1
1990,38,2,0,0,0,1,95,5,40,0
1990,19,1,1,0,0,1,567,0,40,0
1990,78,2,3,0,0,1,0,0,0,0
1990,36,1,0,0,0,1,176,5,50,0
1990,33,2,0,0,0,0,0,0,0,0
1990,65,1,0,0,0,0,734,1,0,0
1990,62,2,0,0,0,0,0,0,0,0
1990,32,1,0,0,0,0,796,1,35,0
1990,36,2,0,0,0,1,169,5,40,0
1990,52,1,0,0,0,0,696,3,0,1
1990,50,2,0,0,0,0,243,3,15,0
1990,45,1,0,0,0,1,157,5,40,0
1990,45,2,0,0,0,1,156,5,20,0
1990,19,2,1,0,0,1,22,1,16,0
1990,52,1,0,0,0,0,243,3,50,1
1990,49,2,0,0,0,0,0,0,0,0
1990,26,1,1,0,0,1,29,3,40,0
1990,53,1,0,0,0,1,869,0,30,0
1990,50,2,0,0,0,0,278,1,12,0
1990,30,1,0,0,0,0,804,3,40,0
1990,30,2,0,0,0,0,447,5,24,0
1990,61,2,3,0,0,0,473,0,80,0
1990,31,1,1,0,0,0,473,0,80,0
1990,49,1,3,0,0,0,235,1,40,0
1990,26,1,1,0,0,0,769,0,42,0
1990,29,2,3,0,0,0,435,3,0,0
1990,29,1,0,0,0,1,253,4,50,0
1990,28,2,0,0,0,0,213,1,0,0
1990,69,2,3,0,0,0,0,0,0,0
1990,36,2,1,0,0,1,313,3,40,0
1990,32,1,0,0,0,1,269,3,48,0
1990,26,2,0,0,0,0,785,1,40,0
1990,50,2,2,0,0,0,436,3,72,0
1990,28,2,3,0,0,0,435,3,20,0
1990,43,1,2,0,0,0,473,0,84,0
1990,49,2,3,0,0,1,589,3,10,0
1990,52,1,0,0,0,0,555,0,40,0
1990,52,2,0,0,0,0,283,3,30,0
1990,18,2,1,0,0,1,159,5,15,0
1990,72,2,3,0,0,1,0,0,0,0
1990,41,1,0,0,0,1,103,5,45,0
1990,39,2,0,0,0,1,155,5,14,0
1990,77,2,3,0,0,0,0,0,0,0
1990,48,2,2,0,0,0,453,3,40,0
1990,45,1,0,0,0,0,13,1,40,1
1990,45,2,0,0,0,0,0,0,0,0
1990,28,1,1,0,0,1,64,4,40,0
1990,18,2,1,0,0,0,427,5,40,0
1990,52,1,0,0,0,1,22,4,40,0
1990,47,2,0,0,0,1,0,0,0,0
1990,22,2,1,0,0,1,315,5,40,0
1990,20,2,1,0,0,1,274,3,35,0
1990,47,2,3,0,0,0,0,0,0,0
1990,50,1,0,0,0,0,577,2,40,1
1990,50,2,0,0,0,0,313,5,35,0
1990,25,1,1,0,0,0,365,1,40,0
1990,76,1,1,0,0,0,0,0,0,0
1990,37,1,0,0,0,1,17,3,70,0
1990,39,2,0,0,0,1,17,3,50,0
1990,65,2,3,0,2,0,0,0,0,0
1990,76,1,0,0,0,0,0,0,0,0
1990,77,2,0,0,0,0,0,0,0,0
1990,43,1,0,0,0,0,518,6,40,0
1990,40,2,0,0,0,0,243,3,40,0
1990,20,2,1,0,0,1,447,5,12,0
1990,44,2,3,0,0,0,448,4,40,0
1990,19,1,1,0,0,1,337,3,40,0
1990,67,1,0,0,0,1,259,3,15,0
1990,68,2,0,0,0,0,277,4,10,0
1990,48,2,3,0,0,0,0,0,0,0
1990,19,2,1,0,0,1,274,5,7,0
1990,71,1,0,0,2,0,0,0,0,0
1990,66,2,0,0,0,0,0,0,0,0
1990,40,1,0,0,0,1,207,5,40,0
1990,36,2,0,0,0,0,207,5,24,0
1990,77,2,1,0,0,1,95,5,0,0
1990,70,2,3,0,0,0,0,0,0,0
1990,37,2,1,0,0,0,744,1,40,0
1990,34,2,1,0,0,0,276,3,40,0
1990,57,1,0,0,0,0,197,4,60,0
1990,56,2,0,0,0,0,274,3,25,0
1990,67,2,3,0,0,0,0,0,0,0
1990,33,2,1,0,0,0,458,4,40,0
1990,26,1,0,0,0,1,276,3,50,0
1990,23,2,0,0,0,1,337,0,2,0
1990,22,2,1,0,0,0,736,1,40,0
1990,26,1,0,0,0,1,17,3,60,0
1990,25,2,0,0,0,1,29,3,40,0
1990,25,2,0,0,0,1,197,5,0,0
1990,26,1,0,0,0,0,567,0,40,0
1990,46,2,2,0,0,0,384,4,37,0
1990,66,1,0,0,0,0,715,1,40,0
1990,71,2,0,0,0,0,747,1,40,0
1990,24,2,1,0,0,0,744,1,40,0
1990,27,2,2,0,0,0,436,3,46,0
1990,77,2,3,0,0,0,888,1,40,0
1990,21,1,0,0,0,1,13,5,40,0
1990,23,2,0,0,0,1,156,5,25,0
1990,55,1,0,0,0,0,418,6,40,0
1990,53,2,0,0,0,0,0,0,0,0
1990,54,1,0,0,0,0,628,1,40,0
1990,51,2,0,0,0,1,0,0,0,0
1990,42,2,2,0,0,1,24,4,0,0
1990,62,2,3,0,0,0,0,0,0,0
1990,30,2,1,0,0,0,0,0,0,0
1990,55,2,1,0,0,0,177,5,20,0
1990,38,1,0,0,0,1,84,5,60,1
1990,37,2,0,0,0,1,15,5,16,0
1990,40,1,0,0,0,1,22,1,50,1
1990,39,2,0,0,0,1,156,5,15,0
1990,36,1,0,0,0,1,17,3,50,0
1990,32,2,0,0,0,1,17,3,40,0
1990,52,1,1,0,0,1,694,2,40,0
1990,23,2,1,0,0,0,447,5,40,0
1990,34,2,1,0,0,0,458,4,30,0
1990,76,2,3,0,0,0,0,0,0,0
1990,78,2,2,0,0,0,0,0,0,0
1990,45,1,0,0,0,0,518,1,40,0
1990,41,2,0,0,0,0,207,5,40,0
1990,58,2,3,0,0,1,336,4,38,0
1990,34,1,0,0,2,1,518,6,60,0
1990,30,2,0,0,0,1,579,0,26,0
1990,30,1,0,0,0,1,883,2,40,0
1990,31,2,0,0,0,1,156,5,30,0
1990,28,1,0,0,0,0,364,3,20,0
1990,22,2,0,0,0,0,796,1,50,0
1990,67,1,0,0,0,0,0,0,0,0
1990,63,2,0,0,0,0,264,3,35,0
1990,38,1,1,0,0,0,8,3,40,0
1990,31,2,1,0,0,0,22,3,40,0
1990,58,1,0,0,0,0,796,1,40,0
1990,51,2,0,0,0,0,449,5,40,0
1990,65,2,3,0,0,1,315,6,37,0
1990,23,1,0,0,0,0,785,1,40,0
1990,22,2,0,0,0,0,385,3,40,0
1990,77,1,0,0,0,0,804,0,0,0
1990,67,2,0,0,0,1,185,3,0,0
1990,41,1,0,0,0,1,243,4,38,1
1990,41,2,0,0,0,0,313,5,35,0
1990,20,2,1,0,0,1,274,3,15,0
1990,19,1,1,0,0,1,436,3,25,0
1990,56,1,0,0,0,0,804,4,40,0
1990,54,2,0,0,0,0,436,4,40,0
1990,44,2,0,0,0,0,889,1,35,0
1990,47,1,0,0,0,0,453,3,40,0
1990,56,1,0,0,0,1,303,6,40,0
1990,54,2,0,0,0,0,0,0,0,0
1990,62,2,3,0,0,0,379,4,17,0
1990,37,1,1,0,0,1,253,4,40,0
1990,36,1,0,0,0,1,549,1,40,0
1990,35,2,0,0,0,1,156,5,40,0
1990,38,1,0,0,0,1,357,4,40,0
1990,37,2,0,0,0,0,313,2,30,0
1990,66,1,0,0,0,0,804,3,12,0
1990,63,2,0,0,0,1,0,0,0,0
1990,42,1,0,0,0,0,516,6,40,0
1990,38,2,0,0,0,0,315,2,40,0
1990,26,1,0,0,0,0,549,1,40,0
1990,26,2,0,0,0,0,356,1,40,0
1990,76,2,3,0,0,0,0,0,0,0
1990,52,1,1,0,0,1,274,3,40,0
1990,77,1,0,0,0,0,0,0,0,0
1990,70,2,0,0,0,0,0,0,0,0
1990,64,1,0,0,0,1,257,0,60,1
1990,64,2,0,0,0,0,0,0,0,0
1990,38,1,1,1,0,0,889,1,0,0
1990,33,1,1,0,0,1,243,3,40,0
1990,79,2,1,0,0,0,0,0,0,0
1990,71,1,0,0,0,1,0,0,0,0
1990,71,2,0,0,0,0,0,0,0,0
1990,35,1,0,0,0,0,709,1,45,0
1990,33,2,0,0,0,0,758,1,8,0
1990,30,1,0,0,0,0,185,0,10,0
1990,26,2,0,0,0,0,243,3,40,0
1990,42,1,0,0,0,1,518,3,50,0
1990,41,2,0,0,0,1,0,0,0,0
1990,18,1,1,0,0,0,813,5,80,0
1990,38,1,0,0,0,1,777,6,40,0
1990,37,2,0,0,0,1,156,5,40,0
1990,69,2,3,0,0,0,0,0,0,0
1990,38,2,1,0,0,0,315,6,37,0
1990,37,1,0,0,0,0,869,0,40,0
1990,41,2,0,0,0,1,234,5,35,0
1990,75,1,0,0,0,1,0,0,0,0
1990,77,2,0,0,0,1,0,0,0,0
1990,42,2,1,0,0,1,164,5,40,0
1990,42,1,0,0,2,1,22,1,50,1
1990,43,2,0,0,0,1,157,5,20,0
1990,37,1,0,0,0,1,22,2,60,0
1990,36,2,0,0,0,1,468,5,30,0
1990,66,2,3,0,0,0,785,1,40,0
1990,73,1,0,0,0,0,706,1,40,0
1990,65,2,0,0,0,0,744,1,0,0
1990,45,1,0,0,0,0,889,4,8,0
1990,43,2,0,0,0,0,744,1,20,0
1990,47,1,0,0,0,0,336,6,40,0
1990,46,2,0,0,0,1,0,0,0,0
1990,23,2,3,0,0,1,313,4,40,0
1990,20,1,1,0,0,0,804,2,0,0
1990,37,1,0,0,0,0,507,2,40,0
1990,36,2,0,0,0,0,0,0,0,0
1990,18,1,1,0,0,0,0,0,0,0
1990,41,2,2,0,0,0,0,0,0,0
1990,22,2,1,0,0,1,0,0,0,0
1990,18,1,1,0,0,0,0,0,0,0
1990,32,1,0,0,0,0,727,1,40,0
1990,32,2,0,0,0,1,155,5,24,0
1990,56,1,0,0,0,0,37,1,48,0
1990,53,2,0,0,0,0,0,0,0,0
1990,75,1,0,0,0,0,0,0,0,0
1990,71,2,0,0,0,0,348,2,0,0
1990,48,1,0,0,0,0,263,3,40,0
1990,46,2,0,0,0,0,203,5,40,0
1990,23,2,1,0,0,0,447,5,40,0
1990,66,1,0,0,0,0,0,0,0,0
1990,68,2,0,0,0,0,0,0,0,0
1990,53,1,0,0,0,0,869,0,45,1
1990,45,2,0,0,0,1,95,5,40,0
1990,19,1,1,0,0,1,777,1,25,0
1990,30,1,0,0,0,0,653,1,40,0
1990,30,2,0,0,0,0,0,0,0,0
1990,39,2,1,0,0,1,84,5,80,0
1990,79,2,3,0,0,0,0,0,0,0
1990,72,1,0,0,0,0,0,0,0,0
1990,71,2,0,0,0,0,387,5,0,0
1990,44,1,0,0,0,1,14,5,40,0
1990,38,2,0,0,0,1,375,4,37,0
1990,18,1,1,0,0,1,877,3,40,0
1990,71,2,3,0,0,0,0,0,0,0
1990,43,1,0,0,0,0,766,1,40,0
1990,47,2,0,0,0,0,628,1,42,0
1990,65,2,3,0,0,1,387,5,40,0
1990,37,1,1,0,0,0,883,2,30,0
1990,62,1,0,0,0,0,0,0,0,0
1990,62,2,0,0,0,0,329,5,0,0
1990,43,1,0,0,0,0,779,1,40,0
1990,30,2,0,0,0,1,435,3,50,0
1990,47,1,0,0,0,0,869,0,40,0
1990,45,2,0,0,0,0,779,1,35,0
1990,23,1,1,0,0,0,505,3,40,0
1990,22,2,1,0,0,0,274,3,25,0
1990,19,1,1,0,0,0,436,3,40,0
1990,21,1,1,0,0,1,156,5,40,0
1990,66,2,2,0,0,0,0,0,0,0
1990,73,1,0,0,0,0,0,0,0,0
1990,73,2,0,0,0,0,0,0,0,0
1990,66,2,3,0,0,0,453,4,0,0
1990,29,2,1,0,0,1,22,1,45,0
1990,80,2,0,0,0,0,0,0,0,0
1990,66,2,3,0,0,0,0,0,0,0
1990,27,1,2,0,0,0,804,3,48,0
1990,75,1,0,0,0,0,796,1,40,0
1990,73,2,0,0,0,0,0,0,0,0
1990,78,1,3,0,0,0,0,0,0,0
1990,41,1,0,0,0,0,453,4,35,0
1990,35,2,0,0,0,0,447,5,37,0
1990,21,1,1,0,0,0,436,3,40,0
1990,75,2,1,0,0,0,0,0,0,0
1990,54,2,1,0,0,0,379,4,37,0
1990,44,2,2,0,0,0,435,3,30,0
1990,25,2,3,0,0,0,435,3,30,0
1990,48,1,3,0,0,0,869,0,40,0
1990,27,1,0,0,0,0,503,4,40,0
1990,26,2,0,0,0,1,274,3,25,0
1990,44,1,0,0,0,1,243,3,60,0
1990,39,2,0,0,0,1,156,5,45,0
1990,38,1,0,0,0,0,804,1,44,0
1990,39,2,0,0,0,0,0,0,0,0
1990,65,1,0,0,0,0,783,1,22,0
1990,61,2,0,0,0,0,628,1,35,0
1990,49,2,2,0,0,1,738,1,50,0
1990,28,1,0,0,0,1,22,3,30,0
1990,24,2,0,0,0,1,313,5,40,0
1990,34,1,0,0,0,1,259,3,40,0
1990,34,2,0,0,0,1,206,5,40,0
1990,70,1,0,0,0,0,0,0,0,0
1990,63,2,0,0,0,1,274,3,20,0
1990,43,1,0,0,0,1,154,5,40,0
1990,46,2,0,0,0,1,185,3,48,0
1990,20,2,1,0,0,0,264,3,20,0
1990,62,1,2,0,0,0,0,0,0,0
1990,48,1,0,0,0,1,22,1,55,1
1990,46,2,0,0,0,1,0,0,0,0
1990,75,2,3,0,0,0,0,0,0,0
1990,36,1,0,0,0,1,88,5,40,1
1990,32,2,0,0,0,1,315,4,10,0
1990,44,1,0,0,0,0,17,3,65,0
1990,41,2,0,0,0,0,434,3,12,0
1990,67,2,1,0,0,1,0,0,0,0
1990,48,1,1,0,0,0,628,1,48,0
1990,40,2,1,0,0,0,453,1,0,0
1990,34,1,0,0,0,0,22,1,50,1
1990,22,2,0,0,0,0,276,3,0,0
1990,77,1,0,0,0,0,0,0,0,0
1990,75,2,0,0,0,0,0,0,0,0
1990,63,1,0,0,0,0,0,0,0,0
1990,62,2,0,0,0,0,754,1,6,0
1990,51,2,3,0,0,0,0,0,0,0
1990,39,1,0,0,2,0,417,6,40,0
1990,51,2,0,0,0,1,95,5,40,0
1990,79,2,3,0,0,0,0,0,0,0
1990,55,2,3,0,0,0,774,1,50,0
1990,24,1,1,0,0,1,359,2,45,0
1990,52,1,0,0,0,0,806,3,40,0
1990,48,2,0,0,0,1,207,5,24,0
1990,71,2,3,0,0,1,84,5,48,0
1990,34,1,0,0,0,1,503,3,40,0
1990,35,2,0,0,0,1,204,5,40,0
1990,39,2,2,0,0,1,95,5,44,0
1990,48,1,2,0,0,1,23,1,40,0
1990,18,2,1,0,0,1,264,3,16,0
1990,29,2,1,0,0,0,435,3,0,0
1990,57,1,0,0,0,0,804,2,40,0
1990,55,2,0,0,0,0,0,0,0,0
1990,24,1,1,0,0,0,877,3,0,0
1990,20,2,1,0,0,0,383,4,40,0
1990,42,2,3,0,0,0,276,3,40,0
1990,60,2,3,0,0,0,0,0,0,0
1990,23,1,1,0,0,0,0,0,0,0
1990,22,2,1,0,0,0,479,0,0,0
1990,58,2,1,0,0,0,0,0,0,0
1990,65,1,3,0,0,0,0,0,0,0
1990,36,2,1,0,0,0,276,3,30,0
1990,37,1,0,0,0,0,563,0,40,0
1990,33,2,0,0,0,0,276,3,30,0
1990,32,1,1,0,0,0,866,0,45,1
1990,80,1,0,0,0,0,0,0,0,0
1990,74,2,0,0,0,0,0,0,0,0
1990,52,2,2,0,0,0,0,0,0,0
1990,47,1,0,0,0,0,505,3,40,0
1990,39,2,0,0,0,0,339,3,40,0
1990,32,1,0,0,0,1,424,6,48,0
1990,31,2,0,0,0,0,276,3,0,0
1990,72,2,0,0,0,0,0,0,0,0
1990,28,1,0,0,0,0,486,0,48,0
1990,25,2,0,0,0,1,379,3,40,0
1990,72,1,0,0,0,1,274,3,0,0
1990,67,2,0,0,0,0,0,0,0,0
1990,78,2,3,0,0,0,0,0,0,0
1990,69,1,1,0,0,1,84,5,50,1
1990,62,1,0,0,0,0,549,5,40,0
1990,63,2,0,0,0,0,0,0,0,0
1990,40,1,0,0,2,0,789,1,40,0
1990,44,2,0,0,0,0,435,3,37,0
1990,18,2,1,0,0,0,486,0,30,0
1990,20,1,0,0,0,0,779,1,40,0
1990,27,2,0,0,0,0,319,4,16,0
1990,39,2,2,0,0,0,779,1,40,0
1990,19,1,1,0,0,0,443,3,20,0
1990,73,1,0,0,0,0,0,0,0,0
1990,67,2,0,0,0,0,0,0,0,0
1990,78,1,0,0,0,0,0,0,0,0
1990,79,2,0,0,0,0,0,0,0,0
1990,54,1,2,0,0,1,756,1,40,0
1990,42,1,0,0,0,1,19,4,50,0
1990,44,2,0,0,0,1,316,6,25,0
1990,42,2,2,0,0,1,779,1,40,0
1990,69,1,0,0,0,0,0,0,0,0
1990,68,2,0,0,0,0,0,0,0,0
1990,19,2,1,0,0,1,435,3,0,0
1990,63,1,0,0,0,0,357,2,0,0
1990,63,2,0,0,0,0,0,0,0,0
1990,44,1,2,0,0,0,0,0,0,0
1990,52,2,0,0,0,1,156,5,35,0
1990,59,1,0,0,0,0,585,1,40,0
1990,35,2,1,0,0,1,744,1,0,0
1990,75,1,0,0,0,0,0,0,0,0
1990,69,2,0,0,0,0,0,0,0,0
1990,30,1,0,0,0,1,243,3,50,0
1990,26,2,0,0,0,0,877,3,40,0
1990,75,1,0,0,0,0,0,0,0,0
1990,67,2,0,0,0,0,0,0,0,0
1990,47,1,0,0,0,0,777,1,40,0
1990,44,2,0,0,0,0,447,5,37,0
1990,42,1,0,0,0,0,473,0,80,0
1990,40,2,0,0,0,0,313,5,40,0
1990,21,2,1,0,0,1,313,5,40,0
1990,18,1,1,0,0,0,479,0,36,0
1990,61,1,0,0,0,0,804,1,40,0
1990,56,2,0,0,0,0,777,1,40,0
1990,35,1,0,0,0,1,27,4,38,0
1990,34,2,0,0,0,0,0,0,0,0
1990,55,1,3,0,0,0,549,1,40,0
1990,35,2,0,0,0,0,435,3,42,0
1990,30,1,0,0,0,1,64,1,54,0
1990,31,1,0,0,0,1,6,6,22,0
1990,29,2,0,0,2,1,156,5,40,0
1990,63,1,0,0,0,0,473,0,84,1
1990,59,2,0,0,0,0,479,0,25,0
1990,29,1,1,0,0,0,473,0,95,1
1990,54,2,3,0,0,1,243,3,40,0
1990,30,1,0,0,0,1,567,1,40,0
1990,28,2,0,0,0,0,754,1,40,0
1990,40,1,0,0,0,1,418,6,37,0
1990,41,2,0,0,0,0,379,1,40,0
1990,45,1,0,0,0,0,514,4,60,0
1990,47,2,0,0,0,0,0,0,0,0
1990,25,1,1,0,0,0,869,0,48,0
1990,38,1,0,0,0,0,628,1,40,0
1990,32,2,0,0,0,0,779,1,40,0
1990,76,1,0,0,0,0,0,0,0,0
1990,75,2,0,0,0,0,0,0,0,0
1990,35,1,0,0,0,1,869,0,50,0
1990,34,2,0,0,0,0,744,1,16,0
1990,41,1,0,0,0,1,156,5,56,0
1990,38,2,0,0,0,0,267,3,42,0
1990,75,1,0,0,0,1,0,0,0,0
1990,75,2,0,0,0,0,0,0,0,0
1990,23,1,0,0,0,0,436,6,40,0
1990,25,2,0,0,0,1,343,4,37,0
1990,65,2,0,0,0,0,0,0,0,0
1990,69,1,0,0,0,0,0,0,0,0
1990,70,1,0,0,0,0,0,0,0,0
1990,66,2,0,0,0,0,0,0,0,0
1990,57,1,0,0,0,0,696,1,45,0
1990,55,2,0,0,0,1,167,5,40,0
1990,46,1,1,0,0,0,889,1,44,0
1990,67,1,3,0,0,1,453,6,0,0
1990,58,1,0,0,0,0,785,1,45,0
1990,59,2,0,0,0,0,744,1,40,0
1990,23,1,1,0,0,0,759,1,40,0
1990,70,2,3,0,0,1,0,0,0,0
1990,50,1,0,0,0,0,375,4,40,0
1990,52,2,0,0,0,1,469,4,14,0
1990,20,1,1,0,0,0,514,3,40,0
1990,68,1,0,0,0,0,909,6,0,0
1990,70,2,0,0,0,0,796,1,40,0
1990,24,1,0,0,0,0,804,1,50,0
1990,21,2,0,0,0,0,744,1,40,0
1990,24,1,1,0,0,0,764,1,40,0
1990,41,1,0,0,0,1,313,0,48,0
1990,42,2,0,0,0,0,446,5,17,0
1990,19,2,1,0,0,0,468,5,32,0
1990,26,1,0,0,0,0,889,2,40,0
1990,25,2,0,0,0,0,436,3,40,0
1990,34,1,1,0,2,0,0,0,0,0
1990,20,2,1,0,0,1,387,5,5,0
1990,74,1,0,0,0,0,0,0,0,0
1990,69,2,0,0,0,0,0,0,0,0
1990,52,1,0,0,0,0,243,3,40,0
1990,52,2,0,0,0,0,458,4,20,0
1990,68,2,2,0,0,0,327,1,37,0
1990,69,1,0,0,0,0,0,0,0,0
1990,63,2,0,0,0,0,0,0,0,0
1990,59,1,0,0,0,1,354,2,40,0
1990,58,2,0,0,0,1,95,5,24,0
1990,40,1,0,0,0,1,307,2,40,0
1990,38,2,0,0,0,0,785,1,40,0
1990,39,1,0,0,0,0,243,3,55,0
1990,38,2,0,0,0,1,157,5,45,0
1990,43,1,0,0,0,1,529,2,40,0
1990,42,2,0,0,0,1,207,5,0,0
1990,20,1,1,0,0,1,783,3,40,0
1990,18,1,1,0,0,0,436,3,0,0
1990,63,1,0,0,0,0,0,0,0,0
1990,60,2,0,0,0,0,0,0,0,0
1990,30,1,0,0,0,0,599,0,50,0
1990,29,2,0,0,0,0,313,6,38,0
1990,26,1,0,0,0,0,783,0,40,0
1990,22,2,0,0,0,1,208,5,30,0
1990,20,1,0,0,0,0,869,0,72,0
1990,23,2,0,0,0,0,158,5,0,0
1990,46,1,0,0,0,0,804,3,50,0
1990,47,2,0,0,0,0,313,6,20,0
1990,19,1,1,0,0,1,883,2,20,0
1990,31,1,0,0,0,0,783,1,40,0
1990,32,2,0,0,0,0,385,4,0,0
1990,51,1,0,0,0,0,596,1,60,0
1990,48,2,0,0,0,0,229,3,60,0
1990,23,2,1,0,0,0,468,5,40,0
1990,26,2,1,0,0,0,407,4,0,0
1990,64,1,0,0,0,0,567,0,40,0
1990,58,2,0,0,0,0,386,6,40,0
1990,45,1,2,0,0,0,766,1,0,0
1990,31,2,1,0,0,0,453,0,40,0
1990,46,1,0,0,0,1,5,6,37,0
1990,42,2,0,0,0,0,158,5,3,0
1990,28,1,0,0,0,1,777,1,45,0
1990,35,2,0,0,0,1,95,5,28,0
1990,29,1,1,0,0,0,505,4,45,0
1990,24,2,1,0,0,0,738,1,40,0
1990,75,1,3,0,0,0,0,0,0,0
1990,74,2,2,0,0,0,0,0,0,0
1990,49,2,2,0,0,1,447,3,40,0
1990,50,1,0,0,0,0,709,1,40,0
1990,45,2,0,0,0,0,0,0,0,0
1990,26,2,1,0,0,0,447,5,40,0
1990,25,1,1,0,0,0,364,1,40,0
1990,52,1,0,0,0,1,688,1,40,0
1990,50,2,0,0,0,0,0,0,0,0
1990,50,2,1,0,0,0,0,0,0,0
1990,27,1,0,0,0,0,779,1,42,0
1990,23,2,0,0,0,0,744,1,40,0
1990,69,2,3,0,0,0,796,3,0,0
1990,53,1,0,0,0,0,844,0,42,0
1990,52,2,0,0,0,0,0,0,0,0
1990,19,1,1,0,0,0,505,3,40,0
1990,23,2,0,0,0,0,276,3,43,0
1990,35,1,0,3,0,0,235,3,60,0
1990,27,1,1,0,0,0,479,0,50,0
1990,29,1,2,0,0,0,844,1,60,0
1990,29,1,3,0,0,0,754,1,46,0
1990,21,1,0,0,0,1,13,3,45,0
1990,21,2,0,0,0,1,686,0,20,0
1990,70,2,3,0,0,0,744,1,38,0
1990,27,1,0,0,0,0,365,1,40,0
1990,23,2,0,0,0,0,769,1,40,0
1990,52,1,0,0,0,0,889,1,40,0
1990,51,2,0,0,0,0,0,0,0,0
1990,22,1,1,0,0,0,779,1,40,0
1990,28,2,3,0,0,0,313,2,40,0
1990,74,1,0,0,0,0,0,0,0,0
1990,73,2,0,0,0,0,0,0,0,1
1990,43,1,0,0,0,0,657,1,40,0
1990,45,2,0,0,0,0,407,4,0,0
1990,19,2,1,0,0,0,458,4,0,0
1990,18,1,1,0,0,0,727,1,40,0
1990,27,1,0,0,0,0,473,0,60,0
1990,27,2,0,0,0,0,889,1,40,0
1990,59,2,3,0,0,1,156,5,0,0
1990,78,2,3,0,0,0,0,0,0,0
1990,55,1,0,0,0,0,688,1,45,0
1990,50,2,0,0,0,0,0,0,0,0
1990,30,1,0,0,0,0,725,1,40,0
1990,27,2,0,0,0,0,0,0,0,0
1990,40,1,0,0,0,0,804,1,40,0
1990,34,2,0,0,0,0,447,5,35,0
1990,30,1,0,0,0,0,505,4,24,0
1990,26,2,0,0,0,0,736,1,40,0
1990,67,1,0,0,0,0,473,0,70,0
1990,69,2,0,0,0,0,0,0,0,0
1990,38,1,0,0,0,1,628,1,50,0
1990,32,2,0,0,0,0,319,5,0,0
1990,48,1,0,0,0,0,889,1,40,0
1990,44,2,0,0,0,0,313,5,18,0
1990,36,1,2,0,0,1,157,5,38,0
1990,60,1,0,0,0,0,473,0,60,1
1990,58,2,0,0,0,0,666,4,25,0
1990,29,1,1,0,0,0,496,1,50,0
1990,21,2,1,0,0,0,406,4,40,0
1990,20,2,1,0,0,0,407,4,40,0
1990,29,1,1,1,0,0,0,0,0,0
1990,44,2,1,0,0,0,449,0,40,0
1990,54,2,2,0,0,1,447,5,68,0
1990,29,1,0,0,0,0,473,0,30,0
1990,27,2,0,0,0,0,446,5,0,0
1990,55,1,0,0,0,0,567,0,60,0
1990,51,2,0,0,0,0,315,6,40,0
1990,19,2,1,0,1,1,313,4,40,0
1990,21,2,1,0,0,1,339,3,40,0
1990,22,2,1,0,0,1,385,1,35,0
1990,21,2,1,0,0,1,166,4,42,0
1990,22,2,1,0,0,1,22,4,0,0
1990,35,2,2,0,0,1,156,5,40,0
1990,54,2,3,0,0,0,263,3,40,0
1990,78,1,3,0,0,0,0,0,0,0
1990,77,1,0,0,0,0,0,0,0,0
1990,77,2,0,0,0,0,0,0,0,0
1990,69,2,3,0,0,1,276,3,45,0
1990,27,2,1,0,0,1,315,1,40,0
1990,29,1,1,0,0,0,628,1,48,0
1990,36,2,2,0,0,0,686,1,45,0
1990,26,1,0,0,0,1,889,1,40,0
1990,26,2,0,0,0,1,308,3,26,0
1990,34,1,2,0,0,0,453,5,40,0
1990,38,2,2,0,0,0,243,3,40,0
1990,64,1,0,0,0,0,637,1,0,0
1990,67,2,0,0,0,0,0,0,0,0
1990,70,2,3,0,0,0,0,0,0,0
1990,28,1,1,0,0,0,796,1,40,0
1990,28,1,0,0,0,0,744,1,40,0
1990,24,2,0,0,0,0,799,1,40,0
1990,28,1,0,0,0,0,243,3,46,0
1990,28,2,0,0,0,1,268,3,20,0
1990,59,2,0,0,0,0,0,0,0,0
1990,78,1,0,0,0,0,0,0,0,0
1990,38,1,1,0,0,0,505,4,0,0
1990,30,1,1,0,0,0,0,0,0,0
1990,27,2,3,0,0,0,449,4,40,0
1990,40,1,0,0,0,0,628,1,40,0
1990,40,2,0,0,0,1,155,5,35,0
1990,24,1,2,0,0,0,597,0,45,0
1990,24,2,2,0,0,0,785,1,70,0
1990,64,1,0,0,0,0,0,0,0,0
1990,54,2,0,0,0,0,243,3,48,0
1990,30,2,1,0,0,0,444,3,40,0
1990,20,2,1,0,0,0,0,0,0,0
1990,45,1,1,0,0,0,458,4,35,0
1990,66,2,3,0,0,0,0,0,0,0
1990,67,2,3,0,0,1,0,0,0,0
1990,75,1,0,0,0,0,0,0,0,0
1990,80,2,0,0,0,0,407,4,10,0
1990,49,1,0,0,0,0,749,1,40,0
1990,44,2,0,0,0,0,0,0,0,0
1990,43,1,2,0,0,0,224,1,50,0
1990,38,2,2,0,0,1,435,3,25,0
1990,73,1,0,0,0,0,0,0,0,0
1990,72,2,0,0,0,0,0,0,0,0
1990,57,1,0,0,0,0,804,1,50,0
1990,55,2,0,0,0,1,877,3,27,0
1990,54,2,0,0,0,1,163,5,45,0
1990,56,1,0,0,0,1,156,5,0,0
1990,28,2,1,0,0,0,444,3,11,0
1990,68,2,3,0,0,0,0,0,0,0
1990,64,2,3,0,0,0,0,0,0,0
1990,67,1,0,0,0,0,889,1,0,0
1990,73,2,0,0,0,0,0,0,0,0
1990,73,1,0,0,0,0,0,0,0,0
1990,61,2,0,0,0,0,744,1,40,0
1990,64,1,3,0,0,0,628,1,40,0
1990,37,2,1,0,0,0,308,6,40,0
1990,30,1,0,0,0,1,566,3,40,0
1990,28,2,0,0,0,1,744,1,40,0
1990,21,1,1,0,0,1,889,2,60,0
1990,19,2,1,0,0,1,444,3,6,0
1990,32,2,2,0,0,1,243,3,8,0
1990,62,1,0,0,0,0,0,0,0,0
1990,65,2,0,0,0,0,0,0,0,0
1990,46,2,2,0,0,0,435,3,0,0
1990,72,1,0,0,0,0,0,0,0,0
1990,69,2,0,0,0,0,0,0,0,0
1990,45,1,0,0,0,0,779,1,40,0
1990,44,2,0,0,0,0,628,1,40,0
1990,18,1,1,0,0,0,0,0,0,0
1990,42,1,0,0,0,1,157,5,35,0
1990,42,2,0,0,0,1,207,5,40,0
1990,31,1,0,0,0,0,22,0,45,1
1990,30,2,0,0,0,0,253,4,40,0
1990,68,2,3,0,0,0,0,0,0,0
1990,37,1,0,0,0,1,259,1,45,0
1990,27,2,0,0,0,0,276,3,40,0
1990,37,1,0,0,0,0,577,2,40,0
1990,37,2,0,0,0,0,264,3,18,0
1990,69,1,0,0,0,0,0,0,0,0
1990,66,2,0,0,0,0,0,0,0,0
1990,41,2,1,0,0,0,799,3,24,0
1990,31,1,0,0,0,1,64,3,45,0
1990,29,2,0,0,0,0,0,0,0,0
1990,37,1,0,0,0,1,777,0,40,0
1990,34,2,0,0,0,0,276,3,40,0
1990,79,2,3,0,0,1,159,5,12,0
1990,64,1,0,0,0,0,0,0,0,0
1990,54,2,0,0,0,0,156,5,8,0
1990,21,1,1,0,0,0,598,1,0,0
1990,80,1,0,0,0,0,0,0,0,0
1990,70,2,0,0,0,0,0,0,0,0
1990,39,1,0,0,0,0,268,3,48,0
1990,33,2,0,0,0,0,747,1,32,0
1990,44,1,0,0,0,0,804,3,16,0
1990,39,2,0,0,0,0,17,3,40,0
1990,67,1,0,0,0,0,0,0,0,0
1990,63,2,0,0,0,0,0,0,0,0
1990,32,1,1,0,0,0,453,4,40,0
1990,51,1,0,0,0,0,308,5,40,0
1990,51,2,0,0,0,0,888,3,40,0
1990,21,1,2,0,0,0,909,6,0,0
1990,23,2,2,0,0,0,0,0,0,0
1990,46,1,0,0,0,0,598,0,65,0
1990,45,2,0,0,0,0,453,5,20,0
1990,25,1,1,0,0,0,885,0,40,0
1990,19,1,1,0,0,0,887,4,30,0
1990,21,2,1,0,0,0,433,3,30,0
1990,65,2,3,0,0,0,436,5,30,0
1990,31,2,1,0,0,0,378,2,11,0
1990,34,1,0,0,0,0,573,0,40,0
1990,38,2,0,0,0,0,319,5,15,0
1990,34,2,2,0,0,0,379,6,37,0
1990,34,1,0,0,0,1,379,0,40,0
1990,32,2,0,0,0,1,0,0,0,0
1990,36,1,0,0,0,1,243,3,70,0
1990,34,2,0,0,0,0,276,3,8,0
1990,28,1,0,0,0,0,514,4,50,0
1990,24,2,0,0,0,0,0,0,0,0
1990,31,1,0,0,0,0,889,1,40,0
1990,19,2,0,0,0,0,744,1,40,0
1990,44,1,0,0,0,0,243,3,45,0
1990,30,2,0,0,0,1,156,5,40,0
1990,77,2,3,0,0,0,0,0,0,0
1990,80,1,0,0,0,0,0,0,0,0
1990,76,2,0,0,0,0,0,0,0,0
1990,74,1,0,0,0,0,0,0,0,0
1990,63,2,0,0,0,0,666,1,40,0
1990,42,1,0,0,0,0,855,0,40,0
1990,42,2,0,0,0,0,355,2,40,0
1990,21,2,1,0,0,1,313,2,40,0
1990,19,2,1,0,0,1,435,3,28,0
1990,73,1,0,0,0,0,0,0,0,0
1990,60,2,0,0,0,0,0,0,0,0
1990,30,2,1,0,0,0,18,4,40,0
1990,52,1,0,0,0,1,253,4,50,1
1990,51,2,0,0,0,1,319,4,40,0
1990,19,1,1,0,0,1,804,0,60,0
1990,41,2,3,0,0,1,447,5,40,0
1990,18,1,1,0,0,1,785,2,28,0
1990,41,1,2,0,0,1,424,6,40,0
1990,34,2,0,0,0,1,313,0,43,0
1990,37,1,0,0,0,1,19,4,50,0
1990,65,2,3,0,0,0,453,5,0,0
1990,32,1,2,0,0,0,505,3,40,0
1990,27,1,1,0,0,0,769,1,0,0
1990,30,2,2,0,0,0,744,1,40,0
1990,75,2,3,0,0,0,0,0,0,0
1990,42,1,2,0,0,0,22,0,55,0
1990,39,1,0,0,0,0,613,0,44,1
1990,37,2,0,0,0,0,0,0,0,0
1990,70,1,0,0,0,0,0,0,0,0
1990,74,2,0,0,0,0,0,0,0,0
1990,69,2,3,0,0,0,0,0,0,0
1990,54,1,0,0,0,1,274,3,50,0
1990,49,2,0,0,0,1,328,4,40,0
1990,36,1,0,0,0,0,804,2,50,1
1990,36,2,0,0,0,1,95,5,40,0
1990,55,1,0,0,0,0,253,4,35,0
1990,47,2,0,0,0,1,95,5,40,0
1990,20,1,1,0,0,1,48,1,30,0
1990,43,2,2,0,0,0,878,1,0,0
1990,19,1,1,0,0,0,427,5,40,0
1990,57,1,0,0,0,0,783,4,40,0
1990,58,2,0,0,0,0,449,5,40,0
1990,29,1,0,0,0,0,595,0,40,0
1990,20,2,0,0,0,0,14,5,0,0
1990,56,1,0,0,0,1,186,3,24,0
1990,48,2,0,0,0,0,628,1,40,0
1990,35,1,0,0,0,0,795,3,40,0
1990,32,2,0,0,0,0,17,3,40,0
1990,53,1,0,0,0,0,855,0,40,0
1990,41,2,0,0,0,1,319,0,0,0
1990,40,1,0,0,0,1,274,3,35,0
1990,37,2,0,0,0,0,274,3,8,0
1990,66,1,0,0,0,0,503,2,0,0
1990,61,2,0,0,0,0,0,0,0,0
1990,46,1,1,0,0,1,156,5,40,0
1990,73,2,3,0,0,0,0,0,0,0
1990,61,2,3,0,0,0,208,5,40,0
1990,72,1,0,0,0,0,0,0,0,0
1990,62,2,0,0,0,0,0,0,0,0
1990,35,1,3,0,0,0,808,2,40,0
1990,28,1,0,0,0,0,473,0,70,0
1990,27,2,0,0,0,0,0,0,0,0
1990,67,1,0,0,0,0,473,0,20,0
1990,63,2,0,0,0,0,0,0,0,0
1990,29,1,0,0,0,0,505,3,40,0
1990,28,2,0,0,0,1,313,5,35,0
1990,75,1,0,0,0,0,617,0,5,0
1990,67,2,0,0,0,1,313,0,2,0
1990,38,2,2,0,0,0,447,5,15,0
1990,60,1,1,0,0,0,0,0,0,0
1990,36,1,1,0,0,1,243,3,42,0
1990,47,1,0,0,0,0,823,2,0,0
1990,47,2,0,0,0,0,446,5,0,0
1990,20,2,1,0,0,0,0,0,0,0
1990,26,2,1,0,0,0,0,0,0,0
1990,47,1,0,0,0,0,243,3,0,0
1990,49,2,0,0,0,0,885,3,0,0
1990,23,1,1,0,0,1,885,3,0,0
1990,47,1,0,0,0,0,549,1,48,0
1990,47,2,0,0,0,1,95,5,30,0
1990,18,1,1,0,0,0,883,3,38,0
1990,21,2,1,0,0,1,467,5,25,0
1990,33,1,0,0,0,1,779,1,44,0
1990,33,2,0,0,0,1,303,4,40,0
1990,38,1,0,0,0,1,7,1,55,0
1990,36,2,0,0,0,0,264,3,40,0
1990,68,1,0,0,0,0,0,0,0,0
1990,62,2,0,0,0,1,155,5,40,0
1990,25,2,1,0,0,1,389,4,40,0
1990,28,2,1,0,0,1,229,3,40,0
1990,79,2,3,0,0,1,0,0,0,0
1990,30,1,0,0,0,1,78,6,45,0
1990,29,2,0,0,0,0,95,5,24,0
1990,36,1,3,0,0,1,447,5,40,0
1990,36,2,2,0,0,0,447,5,40,0
1990,18,1,1,0,0,0,0,0,0,0
1990,19,1,1,0,0,0,889,3,40,0
1990,24,1,0,0,0,0,883,1,40,0
1990,20,2,0,0,0,0,276,3,0,0
1990,26,1,0,0,0,0,365,3,35,0
1990,32,2,0,0,0,0,435,5,8,0
1990,73,2,2,0,0,0,313,1,0,0
1990,62,1,0,0,0,0,215,1,57,1
1990,64,2,0,0,0,1,0,0,0,0
1990,73,1,3,0,0,0,0,0,0,0
1990,32,1,0,0,0,1,5,6,35,0
1990,29,2,0,0,0,0,208,5,40,0
1990,47,1,0,0,0,1,0,0,0,0
1990,47,2,0,0,0,0,243,3,36,0
1990,26,2,1,0,2,0,208,5,40,0
1990,45,1,0,0,0,1,84,5,65,1
1990,42,2,0,0,0,1,0,0,0,0
1990,49,1,0,0,0,0,364,3,40,0
1990,43,2,0,0,0,0,354,2,40,0
1990,22,1,1,0,0,1,479,0,30,0
1990,49,1,0,0,0,0,22,2,60,0
1990,48,2,0,0,0,0,359,2,40,0
1990,74,1,3,0,0,0,0,0,0,0
1990,19,1,1,0,0,0,804,3,0,0
1990,76,2,3,0,0,0,0,0,0,0
1990,55,1,0,0,0,1,696,5,40,0
1990,56,2,0,0,0,1,0,0,0,0
1990,45,2,0,0,0,0,449,5,30,0
1990,43,1,0,0,0,0,253,4,40,0
1990,21,1,1,0,0,0,686,3,40,0
1990,19,1,1,0,0,0,657,1,50,0
1990,18,1,1,0,0,0,436,3,30,0
1990,45,1,2,0,0,0,804,2,25,0
1990,20,2,3,0,0,1,889,5,20,0
1990,48,2,3,0,0,0,22,3,45,0
1990,25,2,1,0,0,1,37,4,40,0
1990,19,2,1,0,0,1,154,5,30,0
1990,70,1,3,0,0,1,473,0,5,0
1990,73,2,0,0,0,0,0,0,0,0
1990,46,1,1,0,0,0,866,0,24,0
1990,59,1,0,0,0,0,719,1,40,0
1990,57,2,0,0,0,0,796,1,44,0
1990,51,1,0,0,0,0,804,2,40,0
1990,52,2,0,0,0,0,0,0,0,0
1990,25,1,1,0,0,0,804,2,40,0
1990,37,1,0,0,0,0,889,1,40,0
1990,40,2,0,0,0,1,796,3,0,0
1990,80,1,0,0,0,0,379,6,30,0
1990,77,2,0,0,0,0,0,0,0,0
1990,74,1,3,0,0,0,0,0,0,0
1990,29,2,1,0,0,0,449,5,40,0
1990,55,1,0,0,0,0,637,1,40,0
1990,43,2,0,0,0,0,0,0,0,0
1990,23,2,2,0,0,0,0,0,0,0
1990,30,1,3,0,0,0,0,0,0,0
1990,41,2,0,0,0,0,95,5,40,0
1990,38,1,0,0,0,0,856,1,40,0
1990,64,1,0,0,0,0,243,3,0,0
1990,65,2,0,0,0,0,0,0,0,0
1990,22,1,1,3,3,0,0,0,0,0
1990,20,2,1,0,0,1,323,5,15,0
1990,46,1,0,0,0,0,804,2,50,0
1990,43,2,0,0,0,1,313,3,20,0
1990,22,2,1,0,0,1,313,5,20,0
1990,19,1,1,0,0,1,435,3,20,0
1990,70,1,0,0,0,1,5,6,45,0
1990,67,2,0,0,0,0,0,0,0,0
1990,68,2,3,0,0,0,0,0,0,0
1990,47,1,3,0,0,0,0,0,0,0
1990,18,1,1,0,0,0,869,0,0,0
1990,28,2,2,0,0,1,458,4,40,0
1990,39,1,0,0,0,1,529,2,44,0
1990,36,2,0,0,0,1,156,5,37,0
1990,48,1,2,0,0,1,0,0,0,0
1990,38,2,3,0,0,0,95,5,24,0
1990,28,2,2,0,0,1,185,3,0,0
1990,70,2,3,0,0,0,0,0,0,0
1990,26,1,0,0,0,1,159,5,40,0
1990,25,1,0,0,0,1,159,5,40,0
1990,45,1,3,0,0,0,503,2,50,0
1990,44,1,0,0,0,0,804,4,37,0
1990,44,2,0,0,0,1,95,5,40,0
1990,46,2,2,0,0,1,156,5,37,0
1990,48,1,2,0,0,1,253,4,50,0
1990,24,1,0,0,0,0,577,0,45,0
1990,22,2,0,0,0,0,309,3,40,0
1990,45,1,2,0,0,1,257,2,40,0
1990,61,1,0,0,0,1,17,3,60,0
1990,60,2,0,0,0,0,17,3,40,0
1990,47,1,0,0,0,1,22,2,40,1
1990,43,2,0,0,0,1,337,3,44,0
1990,28,1,0,0,0,0,804,3,45,0
1990,31,2,0,0,0,0,439,3,0,0
1990,57,1,0,0,0,0,804,1,40,0
1990,55,2,0,0,0,0,0,0,0,0
1990,59,1,0,0,0,0,856,0,40,0
1990,62,2,0,0,0,0,0,0,0,0
1990,41,1,0,0,0,0,783,1,40,0
1990,37,2,0,0,0,0,363,3,40,0
1990,65,1,0,0,0,1,628,1,40,1
1990,59,2,0,0,0,0,379,1,0,0
1990,25,1,0,0,0,0,17,3,60,1
1990,24,2,0,0,0,0,17,3,60,1
1990,41,2,2,0,0,1,447,5,50,0
1990,35,1,2,0,0,0,479,0,40,0
1990,70,2,3,0,0,0,889,4,20,0
1990,30,2,1,0,0,0,747,4,26,0
1990,18,1,1,0,0,0,0,0,0,0
1990,76,1,0,0,0,0,0,0,0,0
1990,75,2,0,0,0,0,0,0,0,0
1990,42,2,2,0,0,0,207,5,40,0
1990,42,2,2,0,0,0,453,5,40,0
1990,67,1,0,0,0,0,0,0,0,0
1990,65,2,0,0,0,1,0,0,0,0
1990,57,1,0,0,0,0,783,1,40,0
1990,51,2,0,0,0,1,207,5,40,0
1990,47,1,0,0,0,0,22,2,40,0
1990,42,2,0,0,0,0,337,2,0,0
1990,24,2,1,0,0,1,274,3,40,0
1990,20,1,1,0,0,0,507,2,40,0
1990,20,1,1,0,0,0,804,2,40,0
1990,54,1,3,0,0,0,889,1,40,0
1990,57,2,3,0,0,0,485,3,40,0
1990,45,2,3,0,0,0,0,0,0,0
1990,38,1,0,0,0,1,514,4,60,0
1990,37,2,0,0,0,1,514,4,40,0
1990,38,1,0,0,0,0,706,1,48,0
1990,40,2,0,0,0,0,0,0,0,0
1990,19,1,1,0,0,0,436,3,40,0
1990,69,1,0,0,0,0,0,0,0,0
1990,68,2,0,0,0,1,95,5,0,0
1990,44,1,0,0,0,1,503,1,50,0
1990,43,2,0,0,0,0,174,6,37,0
1990,22,1,1,0,0,1,436,3,40,0
1990,20,1,1,0,0,0,444,3,0,0
1990,36,2,0,0,0,1,194,5,48,0
1990,39,1,0,0,0,1,9,3,49,0
1990,48,2,2,0,0,0,447,5,32,0
1990,25,2,1,0,0,1,207,5,16,0
1990,19,1,1,0,0,0,567,0,48,0
1990,65,1,0,0,0,0,783,1,0,0
1990,61,2,0,0,0,0,0,0,0,0
1990,52,1,0,0,0,1,669,1,50,0
1990,35,2,0,0,0,0,796,1,40,0
1990,24,1,1,1,0,0,436,3,0,0
1990,26,1,1,0,0,0,844,0,40,0
1990,21,1,1,0,0,0,436,3,25,0
1990,56,2,3,0,0,0,0,0,0,0
1990,65,1,1,0,0,0,0,0,0,0
1990,44,1,0,0,0,0,243,3,50,0
1990,33,2,0,0,0,0,263,3,50,0
1990,45,1,0,0,0,1,637,1,40,0
1990,45,2,0,0,0,0,276,3,32,0
1990,19,1,1,0,0,1,276,3,7,0
1990,66,1,0,0,0,1,16,2,40,0
1990,64,2,0,0,0,1,0,0,0,0
1990,27,1,0,0,0,1,715,1,40,0
1990,29,2,0,0,0,0,447,5,35,0
1990,69,2,3,0,0,0,0,0,0,0
1990,19,1,1,0,0,1,235,4,40,0
1990,24,1,0,2,0,0,436,3,40,0
1990,22,2,0,0,0,0,447,5,40,0
1990,26,1,0,0,0,0,869,0,45,0
1990,23,2,0,0,0,1,435,3,40,0
1990,23,2,1,0,0,1,436,3,0,0
1990,20,2,1,0,0,0,406,4,16,0
1990,55,1,0,0,0,1,256,1,40,0
1990,57,2,0,0,0,1,0,0,0,0
1990,80,2,3,0,0,0,0,0,0,0
1990,22,1,0,0,0,0,889,1,40,0
1990,22,2,0,0,0,0,435,3,30,0
1990,39,2,0,0,0,0,447,5,40,0
1990,39,1,0,0,0,0,505,3,40,0
1990,72,1,0,0,0,1,157,5,37,0
1990,60,2,0,0,0,1,85,6,37,0
1990,38,1,1,0,0,1,23,5,25,0
1990,52,1,0,0,0,0,779,1,40,0
1990,45,2,0,0,0,0,368,1,44,0
1990,39,1,0,0,0,0,889,1,40,0
1990,35,2,0,0,0,0,276,3,35,0
1990,63,1,2,0,0,0,0,0,0,0
1990,80,2,0,0,0,0,0,0,0,0
1990,46,1,0,0,0,1,263,3,48,0
1990,39,2,0,0,0,0,313,3,20,0
1990,35,1,0,0,0,1,448,1,40,0
1990,35,2,0,0,0,0,0,0,0,0
1990,37,1,0,0,0,1,849,1,50,0
1990,36,2,0,0,0,0,435,3,32,0
1990,61,1,0,0,0,0,0,0,0,0
1990,58,2,0,0,0,0,379,3,40,0
1990,60,2,3,1,0,0,453,5,40,0
1990,50,1,0,0,0,1,224,1,40,0
1990,47,2,0,0,0,1,313,4,28,0
1990,70,1,0,0,0,1,0,0,0,0
1990,70,2,0,0,0,1,0,0,0,0
1990,72,2,3,0,0,0,379,2,0,0
1990,56,1,0,0,0,1,25,4,60,1
1990,53,2,0,0,0,1,877,3,40,0
1990,24,2,1,0,0,1,379,4,40,0
1990,57,2,3,0,0,0,435,5,24,0
1990,36,1,0,0,0,0,844,0,40,0
1990,32,2,0,0,0,1,98,5,24,0
1990,64,1,0,0,0,1,243,3,45,0
1990,57,2,0,0,0,1,274,3,8,0
1990,35,1,0,0,0,1,418,6,44,0
1990,33,2,0,0,0,0,337,1,0,0
1990,52,2,2,0,0,1,207,5,40,0
1990,25,1,2,0,0,1,637,1,60,0
1990,54,1,0,0,0,1,259,1,40,0
1990,52,2,0,0,0,0,27,3,40,0
1990,52,2,0,0,2,1,217,5,40,0
1990,60,1,0,0,2,1,637,1,40,0
1990,32,1,1,0,0,1,259,1,50,1
1990,34,1,3,1,0,1,216,5,40,0
1990,78,1,0,0,0,0,0,0,0,0
1990,67,2,0,0,0,0,0,0,0,0
1990,68,1,0,0,0,0,486,0,20,0
1990,65,2,0,0,0,1,313,2,18,0
1990,32,1,0,0,0,1,13,3,50,0
1990,35,2,0,0,0,1,105,4,40,0
1990,42,1,0,0,0,1,259,3,40,1
1990,45,2,0,0,0,0,337,5,10,0
1990,38,2,2,0,0,0,436,3,20,0
1990,25,1,3,0,0,0,243,3,35,0
1990,47,1,0,0,0,1,0,0,0,0
1990,48,2,0,0,0,1,407,4,20,0
1990,40,1,0,0,0,0,22,0,0,0
1990,41,2,0,0,0,1,0,0,0,0
1990,27,1,0,0,0,1,567,0,50,0
1990,27,2,0,0,0,0,389,4,40,0
1990,29,2,0,0,0,1,99,5,40,0
1990,27,1,0,0,0,0,257,0,40,0
1990,69,1,0,0,0,0,363,1,0,0
1990,71,2,0,0,0,0,0,0,0,0
1990,60,2,3,0,0,0,5,6,40,0
1990,65,1,0,0,0,0,804,2,48,0
1990,64,2,0,0,0,0,439,3,20,0
1990,69,2,3,0,0,0,0,0,0,0
1990,39,2,2,0,0,1,458,3,20,0
1990,77,1,0,0,2,0,849,1,0,0
1990,75,2,0,0,4,0,0,0,0,0
1990,38,2,2,1,0,0,0,0,0,0
1990,19,1,1,1,0,0,889,3,48,0
1990,32,2,1,0,0,1,313,1,37,0
1990,59,1,0,0,0,0,806,3,0,0
1990,65,2,0,0,0,0,0,0,0,0
1990,28,2,1,0,0,0,304,4,50,0
1990,62,1,0,0,0,0,563,1,40,0
1990,59,2,0,0,0,1,207,5,40,0
1990,32,1,1,0,0,0,217,5,0,0
1990,36,1,0,0,0,1,25,4,45,0
1990,33,2,0,0,0,1,95,5,20,0
1990,43,1,0,0,0,1,255,4,43,0
1990,37,2,0,0,0,1,95,5,40,0
1990,72,2,3,0,0,0,379,4,0,0
1990,52,1,0,0,0,1,45,1,43,0
1990,52,2,0,0,0,0,186,5,0,0
1990,43,1,2,0,0,1,217,1,40,1
1990,45,1,0,0,0,1,22,5,45,1
1990,43,2,0,0,0,1,22,5,45,0
1990,25,2,1,0,0,1,313,5,37,0
1990,25,2,1,0,0,1,433,3,12,0
1990,72,2,3,0,0,0,0,0,0,0
1990,32,1,1,0,0,1,27,6,40,0
1990,28,1,1,0,0,0,436,3,50,0
1990,56,2,2,1,0,0,447,5,38,0
1990,40,1,3,1,0,1,55,2,40,0
1990,47,1,3,1,0,1,418,6,40,0
1990,48,2,2,1,0,0,436,5,30,0
1990,52,1,0,0,0,1,533,2,55,0
1990,49,2,0,0,0,1,313,5,40,0
1990,23,2,1,0,0,1,438,3,15,0
1990,21,2,1,0,0,1,436,3,10,0
1990,25,2,1,0,0,0,888,3,40,0
1990,30,1,0,0,0,1,534,3,40,0
1990,34,2,0,0,0,0,0,0,0,0
1990,72,1,0,0,0,0,0,0,0,0
1990,66,2,0,0,0,0,0,0,0,0
1990,32,1,1,0,0,1,243,3,54,0
1990,80,1,1,0,0,0,0,0,0,0
1990,62,1,0,0,0,0,0,0,0,0
1990,58,2,0,0,0,0,748,4,40,0
1990,61,1,0,0,0,1,426,4,40,0
1990,49,2,0,0,0,0,435,3,36,0
1990,63,1,0,0,0,1,804,3,40,0
1990,68,2,0,0,0,0,313,5,40,0
1990,36,1,1,0,0,0,567,0,20,0
1990,45,1,0,0,0,0,505,2,40,0
1990,44,2,0,0,0,0,313,5,37,0
1990,23,1,1,0,0,1,303,3,35,0
1990,20,1,1,0,0,1,877,3,40,0
1990,28,1,0,0,0,1,105,5,40,0
1990,29,2,0,0,0,1,234,4,40,0
1990,75,1,3,0,0,0,0,0,0,0
1990,60,1,0,0,0,0,804,3,20,0
1990,53,2,0,0,0,0,379,4,10,0
1990,26,1,1,0,0,0,599,0,40,0
1990,80,2,3,0,0,0,0,0,0,0
1990,73,1,0,0,0,0,0,0,0,0
1990,72,2,0,0,0,0,0,0,0,0
1990,32,1,0,0,0,1,844,0,40,0
1990,33,2,0,0,0,1,434,5,30,0
1990,54,1,0,0,0,0,808,2,28,0
1990,48,2,0,0,0,1,389,5,40,0
1990,70,1,0,0,0,0,0,0,0,0
1990,67,2,0,0,0,0,406,4,0,0
1990,52,1,0,0,0,1,174,5,40,0
1990,57,2,0,0,0,0,436,3,30,0
1990,25,2,1,0,0,0,436,3,40,0
1990,26,1,0,0,0,0,243,3,40,0
1990,25,2,0,0,0,0,375,4,14,0
1990,69,1,0,0,0,0,0,0,0,0
1990,73,2,0,0,0,0,0,0,0,0
1990,68,1,0,0,0,1,0,0,0,0
1990,68,2,0,0,0,1,0,0,0,0
1990,70,1,0,0,0,1,0,0,0,0
1990,70,2,0,0,0,0,0,0,0,0
1990,75,1,0,0,0,0,0,0,0,0
1990,77,2,0,0,0,1,0,0,0,0
1990,69,1,0,0,0,0,0,0,0,0
1990,65,2,0,0,0,0,0,0,0,0
1990,46,2,2,0,0,1,447,5,50,0
1990,70,1,1,0,2,0,0,0,0,0
1990,61,1,2,0,0,1,628,4,45,0
1990,71,1,0,0,0,0,0,0,0,0
1990,70,2,0,0,0,0,0,0,0,0
1990,43,1,0,0,0,1,213,1,40,0
1990,43,2,0,0,0,0,0,0,0,0
1990,27,2,0,0,0,0,435,3,0,0
1990,29,1,0,0,0,0,547,3,60,0
1990,63,2,1,0,0,0,338,1,40,0
1990,69,2,0,0,0,0,0,0,0,0
1990,65,1,0,0,0,0,535,3,40,0
1990,36,1,0,0,0,1,856,3,42,0
1990,41,2,0,0,0,0,468,5,0,0
1990,54,1,0,0,0,1,628,0,40,0
1990,61,2,0,0,0,1,466,5,40,0
1990,63,2,3,0,0,0,264,3,40,0
1990,77,2,3,0,0,0,0,0,0,0
1990,62,2,1,1,0,1,0,0,0,0
1990,20,2,1,1,0,1,0,0,0,0
1990,60,1,0,0,0,0,796,1,0,0
1990,59,2,0,0,0,0,503,2,0,0
1990,52,2,2,0,0,0,799,1,32,0
1990,20,1,1,0,0,0,17,3,12,0
1990,72,2,3,0,0,0,0,0,0,0
1990,80,2,3,0,0,1,0,0,0,0
1990,48,2,0,0,0,0,467,5,40,0
1990,46,1,0,0,0,0,804,3,45,0
1990,20,2,1,0,0,0,467,5,40,0
1990,71,2,3,0,0,0,0,0,0,0
1990,80,1,0,0,0,0,0,0,0,0
1990,69,2,0,0,0,0,426,3,20,0
1990,41,1,0,0,0,1,418,6,40,0
1990,41,2,0,0,0,0,22,4,28,0
1990,48,1,0,0,0,1,22,0,50,0
1990,40,2,0,0,0,1,95,5,45,0
1990,21,1,1,0,0,0,567,0,40,0
1990,29,1,0,0,0,1,889,5,40,0
1990,26,2,0,0,0,0,253,4,40,0
1990,63,1,1,0,0,0,889,6,0,0
1990,46,1,0,0,0,1,178,5,50,1
1990,46,2,0,0,0,1,185,4,40,1
1990,36,1,0,0,0,1,259,3,40,1
1990,32,2,0,0,0,1,144,5,40,0
1990,75,1,0,0,0,1,259,3,44,1
1990,71,2,0,0,0,1,0,0,0,0
1990,35,2,1,0,0,1,354,2,40,0
1990,45,1,0,0,0,1,156,5,50,0
1990,44,2,0,0,0,1,164,5,40,1
1990,59,1,1,0,0,1,0,0,0,0
1990,44,1,1,0,0,1,186,5,7,0
1990,41,1,0,0,0,1,178,5,40,1
1990,42,2,0,0,0,1,156,5,40,0
1990,76,1,0,0,0,0,0,0,0,0
1990,75,2,0,0,2,1,0,0,0,0
1990,71,1,3,0,0,0,0,0,0,0
1990,57,2,3,0,0,1,313,4,40,0
1990,68,1,0,0,0,0,0,0,0,0
1990,62,2,0,0,0,0,0,0,0,0
1990,33,1,3,0,0,1,22,1,60,0
1990,77,1,3,0,0,1,24,4,25,0
1990,60,2,2,0,0,0,348,2,40,0
1990,38,1,0,0,0,1,96,5,40,0
1990,34,2,0,0,0,1,95,5,24,0
1990,46,2,3,0,0,1,7,4,38,0
1990,67,2,0,0,0,0,503,2,40,0
1990,22,2,1,0,0,0,208,5,40,0
1990,25,1,0,0,0,0,359,3,40,0
1990,32,2,0,0,0,0,435,3,14,0
1990,26,1,0,0,0,1,567,1,40,0
1990,27,2,0,0,0,1,505,4,40,0
1990,66,1,0,0,0,1,0,0,0,0
1990,65,2,0,0,0,0,0,0,0,0
1990,72,1,0,0,0,1,0,0,0,0
1990,72,2,0,0,0,0,0,0,0,0
1990,72,2,3,0,0,0,0,0,0,0
1990,30,1,1,0,0,1,534,0,40,0
1990,29,1,1,0,0,1,243,3,40,0
1990,28,1,0,0,0,1,22,1,45,1
1990,30,2,0,0,0,1,313,1,0,0
1990,21,2,1,0,0,1,328,4,40,0
1990,27,1,0,0,0,1,243,3,60,0
1990,28,2,0,0,0,1,22,4,40,0
1990,40,1,0,0,0,1,157,5,40,0
1990,40,2,0,0,0,1,274,3,20,0
1990,19,2,1,0,0,1,313,5,40,0
1990,61,1,0,0,0,1,22,1,0,0
1990,61,2,0,0,0,0,0,0,0,0
1990,20,1,1,0,0,1,436,3,30,0
1990,55,1,1,0,0,1,434,3,20,0
1990,51,1,0,0,0,0,585,0,60,1
1990,48,2,0,0,0,1,159,5,35,0
1990,18,2,1,0,0,0,264,3,15,0
1990,77,2,3,0,0,0,0,0,0,0
1990,63,1,0,0,0,1,26,5,21,1
1990,69,2,0,0,0,0,0,0,0,0
1990,43,1,0,0,0,1,96,3,47,0
1990,42,2,0,0,0,1,156,5,40,0
1990,50,1,0,0,0,1,303,4,40,0
1990,44,2,0,0,0,1,274,3,25,0
1990,21,2,1,0,0,1,274,3,20,0
1990,47,2,0,0,1,1,254,4,16,0
1990,51,1,0,3,3,1,22,4,45,1
1990,37,1,0,0,0,1,355,2,40,0
1990,43,2,0,0,0,1,37,5,40,0
1990,64,1,0,0,0,0,216,5,0,0
1990,60,2,0,0,0,1,313,1,40,0
1990,64,2,3,0,0,0,494,1,40,0
1990,60,1,0,0,0,1,53,3,40,1
1990,59,2,0,0,0,0,0,0,0,0
1990,76,1,0,0,0,0,0,0,0,0
1990,74,2,0,0,0,0,0,0,0,0
1990,72,1,1,0,0,0,0,0,0,0
1990,21,1,1,0,0,0,265,3,32,0
1990,20,1,1,0,0,1,505,4,20,0
1990,37,1,0,0,0,1,25,4,40,0
1990,36,2,0,0,0,1,734,1,0,0
1990,58,1,0,0,0,0,675,1,40,0
1990,65,2,0,0,0,0,0,0,0,0
1990,74,1,0,0,0,0,0,0,0,1
1990,73,2,0,0,0,0,0,0,0,0
1990,64,1,0,0,0,0,0,0,0,0
1990,45,2,0,0,0,0,348,5,32,0
1990,19,1,1,0,0,0,877,3,30,0
1990,18,2,1,0,0,0,264,3,8,0
1990,64,1,0,0,0,0,0,0,0,0
1990,63,2,0,0,0,1,0,0,0,0
1990,47,1,0,0,0,0,217,5,45,0
1990,46,2,0,0,0,0,385,4,30,0
1990,20,2,1,0,0,0,486,5,40,0
1990,18,2,1,0,0,0,274,3,30,0
1990,59,2,3,0,0,0,0,0,0,0
1990,45,1,0,0,0,0,637,1,48,0
1990,28,2,0,0,0,0,426,4,0,0
1990,55,1,0,0,0,0,558,0,42,1
1990,51,2,0,0,0,0,0,0,0,0
1990,44,1,0,0,2,1,22,0,60,1
1990,43,2,0,0,0,1,364,2,40,0
1990,22,2,1,0,0,1,319,3,25,0
1990,40,1,0,0,0,1,229,0,40,0
1990,34,2,0,0,0,1,156,5,0,0
1990,44,1,0,0,0,1,259,1,40,0
1990,43,2,0,0,0,0,449,4,24,0
1990,21,1,1,0,0,1,365,3,40,0
1990,19,2,1,0,0,0,0,0,0,0
1990,23,2,0,0,2,1,208,5,30,0
1990,23,1,0,0,3,1,22,4,50,0
1990,19,1,1,0,3,1,0,0,0,0
1990,48,1,0,0,2,1,303,2,40,0
1990,36,2,0,0,0,1,313,4,40,0
1990,70,1,0,0,0,1,0,0,0,0
1990,67,2,0,0,0,0,436,5,30,0
1990,38,1,0,0,0,1,22,1,50,0
1990,35,2,0,0,0,1,95,5,8,0
1990,27,2,1,0,2,1,463,2,40,0
1990,25,2,1,0,0,1,163,5,40,0
1990,75,1,0,0,0,0,0,0,0,0
1990,72,2,0,0,0,0,0,0,0,0
1990,36,2,0,0,0,1,157,5,49,0
1990,35,1,0,0,0,1,157,5,40,0
1990,31,2,2,0,0,1,379,4,40,0
1990,40,1,0,1,0,0,505,4,50,0
1990,38,2,0,1,0,1,95,5,40,0
1990,20,1,1,1,0,0,456,5,35,0
1990,43,1,0,0,0,1,13,1,40,1
1990,43,2,0,0,0,1,319,4,0,0
1990,18,2,1,0,0,1,276,3,25,0
1990,77,2,3,0,0,0,748,4,28,0
1990,36,2,2,0,0,1,389,3,50,0
1990,26,2,0,0,0,0,313,3,0,0
1990,29,1,0,0,0,0,889,2,0,0
1990,56,1,0,0,0,1,14,5,40,0
1990,56,2,0,0,0,0,0,0,0,0
1990,78,2,3,0,0,0,0,0,0,0
1990,69,1,0,0,0,0,0,0,0,0
1990,65,2,0,0,0,0,0,0,0,0
1990,24,2,0,1,0,0,0,0,0,0
1990,26,1,0,1,0,0,0,0,0,0
1990,66,2,2,0,0,0,468,5,0,0
1990,42,1,0,0,0,1,686,3,20,0
1990,36,2,0,0,0,0,0,0,0,0
1990,65,1,0,0,0,1,0,0,0,0
1990,60,2,0,0,0,0,0,0,0,0
1990,38,1,0,0,0,1,22,0,60,0
1990,36,2,0,0,0,1,375,4,50,0
1990,64,2,2,0,2,0,666,3,40,0
1990,76,1,0,0,0,0,0,0,0,0
1990,72,2,0,0,0,0,0,0,0,0
1990,37,1,2,0,0,1,22,1,60,0
1990,25,2,1,0,0,0,683,1,40,0
1990,59,1,0,0,0,0,407,4,45,0
1990,60,2,0,0,0,0,785,1,20,0
1990,62,1,0,0,0,0,453,3,35,0
1990,59,2,0,0,0,0,276,3,35,0
1990,80,2,3,0,0,0,0,0,0,0
1990,77,2,3,0,0,0,747,4,0,0
1990,28,1,0,0,2,1,208,4,40,0
1990,28,2,0,0,0,1,313,5,40,0
1990,60,1,0,0,0,1,157,5,35,0
1990,56,2,0,0,0,1,0,0,0,0
1990,75,1,0,0,0,0,804,1,0,0
1990,67,2,0,0,0,0,0,0,0,0
1990,30,1,0,0,0,1,78,5,65,0
1990,43,2,0,0,1,1,235,5,65,0
1990,74,2,3,0,0,0,0,0,0,0
1990,51,1,1,0,0,0,447,5,45,0
1990,63,2,3,0,0,0,0,0,0,0
1990,34,2,2,0,0,1,156,5,40,0
1990,36,2,1,0,0,1,389,4,40,0
1990,56,2,3,0,0,0,313,4,40,0
1990,29,2,1,0,0,1,313,5,40,0
1990,26,2,1,0,0,1,23,5,40,0
1990,27,2,1,0,0,1,95,5,45,0
1990,26,2,3,0,0,1,203,5,40,0
1990,35,1,0,0,0,1,7,2,45,0
1990,37,2,0,0,0,1,13,3,40,0
1990,55,1,0,0,0,0,889,1,40,0
1990,40,2,0,0,0,0,0,0,0,0
1990,76,2,3,0,0,0,0,0,0,0
1990,37,1,0,0,0,1,575,0,40,0
1990,39,2,0,0,0,0,0,0,0,0
1990,40,1,0,0,0,0,686,3,50,0
1990,37,2,0,0,0,0,0,0,0,0
1990,25,2,1,0,0,1,23,3,50,1
1990,74,2,3,0,0,0,0,0,0,0
1990,78,2,1,0,0,0,0,0,0,0
1990,69,1,0,0,0,0,669,1,24,0
1990,62,2,0,0,0,0,274,3,12,0
1990,69,2,3,0,0,0,379,5,8,0
1990,75,2,0,0,0,1,0,0,0,0
1990,48,2,1,0,0,1,313,4,40,0
1990,57,1,1,0,0,0,274,3,30,0
1990,57,1,0,0,2,1,176,5,48,0
1990,48,2,0,0,2,1,0,0,0,0
1990,29,1,1,0,0,1,785,1,60,0
1990,79,2,3,0,0,0,0,0,0,0
1990,68,1,0,0,0,0,153,5,15,0
1990,66,2,0,0,0,0,0,0,0,0
1990,41,2,2,0,0,1,29,3,40,0
1990,41,1,0,0,0,1,558,5,40,0
1990,43,2,0,0,0,1,0,0,0,0
1990,42,1,0,0,0,1,85,5,34,1
1990,42,2,0,0,0,1,0,0,0,0
1990,74,2,3,0,0,0,0,0,0,0
1990,46,1,0,0,0,1,156,5,40,0
1990,40,2,0,0,0,1,156,5,40,0
1990,23,1,1,0,0,1,318,2,40,0
1990,33,1,0,0,0,1,23,1,55,1
1990,33,2,0,0,0,1,23,1,0,0
1990,42,1,0,0,0,1,804,3,40,0
1990,38,2,0,0,0,0,274,3,30,0
1990,37,2,2,0,0,1,25,4,50,0
1990,41,2,0,0,0,1,313,6,40,0
1990,42,1,0,0,0,1,25,1,40,1
1990,78,2,3,0,0,0,0,0,0,0
1990,66,2,3,0,0,0,0,0,0,0
1990,57,1,0,0,0,1,7,5,50,1
1990,52,2,0,0,0,1,313,5,40,0
1990,24,1,1,0,0,1,23,5,40,0
1990,38,1,0,0,0,1,166,1,45,0
1990,39,2,0,0,0,1,59,1,45,0
1990,70,1,3,0,0,0,0,0,0,0
1990,53,1,0,0,0,1,14,5,35,1
1990,44,2,0,0,0,0,375,4,40,0
1990,23,1,1,0,0,1,17,3,40,0
1990,66,2,3,0,0,0,0,0,0,0
1990,48,2,2,0,0,1,156,5,40,1
1990,35,1,0,0,0,1,197,5,50,0
1990,35,2,0,0,0,1,277,5,20,0
1990,63,1,0,0,0,0,0,0,0,0
1990,60,2,0,0,0,0,0,0,0,0
1990,55,2,1,0,0,1,174,5,40,0
1990,35,1,0,0,0,1,856,2,45,0
1990,35,2,0,0,0,1,95,5,45,0
1990,47,1,0,0,0,1,259,3,40,0
1990,46,2,0,0,0,0,354,2,38,0
1990,23,1,1,0,0,1,259,3,35,0
1990,20,1,1,0,0,1,889,0,20,0
1990,43,2,0,0,0,1,0,0,0,0
1990,45,1,0,0,0,1,15,5,50,1
1990,57,1,0,0,0,0,436,3,49,0
1990,52,2,0,0,0,1,154,5,40,1
1990,42,1,0,0,0,1,22,4,50,0
1990,39,2,0,0,0,1,21,5,0,0
1990,48,1,0,0,0,0,563,0,8,0
1990,44,2,0,0,0,0,687,6,27,0
1990,26,1,1,0,0,1,804,3,0,0
1990,67,1,0,0,0,0,0,0,0,0
1990,65,2,0,0,0,0,0,0,0,0
1990,52,1,0,0,0,0,889,1,40,0
1990,52,2,0,0,0,1,103,5,40,0
1990,27,1,1,0,0,0,417,6,40,0
1990,63,1,0,0,0,0,909,6,0,0
1990,44,2,0,0,0,0,444,5,15,0
1990,46,1,0,0,0,0,339,2,40,0
1990,32,2,0,0,0,0,0,0,0,0
1990,70,2,3,0,0,1,313,1,0,0
1990,64,2,3,0,0,0,313,5,40,0
1990,48,1,0,0,0,1,26,5,40,0
1990,48,2,0,0,0,0,313,4,24,0
1990,44,1,0,0,0,0,57,1,40,0
1990,46,2,0,0,0,0,0,0,0,0
1990,18,2,1,0,0,1,316,5,40,0
1990,50,1,0,0,0,0,503,2,40,1
1990,49,2,0,0,0,0,25,4,35,0
1990,71,2,1,0,0,0,0,0,0,0
1990,32,1,0,0,0,0,567,0,40,0
1990,28,2,0,0,0,1,779,3,40,0
1990,42,1,0,0,0,0,709,1,48,0
1990,40,2,0,0,0,1,313,3,37,0
1990,22,2,0,0,0,1,208,5,40,0
1990,23,1,0,0,0,1,337,2,40,0
1990,33,2,0,0,0,1,208,5,40,0
1990,35,1,0,0,0,1,737,1,40,0
1990,71,1,0,0,0,0,0,0,0,0
1990,64,2,0,0,0,0,0,0,0,0
1990,25,1,0,0,0,1,13,2,55,1
1990,26,2,0,0,0,1,95,5,40,0
1990,43,1,0,0,0,0,628,1,40,0
1990,37,2,0,0,0,1,204,5,13,0
1990,38,1,0,0,0,0,834,0,40,0
1990,39,2,0,0,0,0,243,3,30,0
1990,27,1,0,0,0,0,355,2,60,0
1990,24,2,0,0,0,0,797,1,40,0
1990,49,1,0,0,0,0,734,1,40,0
1990,45,2,0,0,0,0,275,3,25,0
1990,24,1,1,0,0,0,889,1,60,0
1990,50,1,0,0,0,0,243,5,35,0
1990,47,2,0,0,0,0,337,3,35,0
1990,20,1,1,0,0,0,0,0,0,0
1990,18,1,1,0,0,0,278,3,5,0
1990,51,1,0,0,0,0,25,5,40,0
1990,52,2,0,0,0,0,313,2,21,0
1990,43,1,0,0,0,1,243,3,50,0
1990,38,2,0,0,0,0,339,5,40,0
1990,33,1,0,0,0,1,373,6,40,0
1990,35,2,0,0,0,1,155,5,35,0
1990,41,1,0,0,0,1,22,4,40,0
1990,31,2,0,0,0,1,188,5,40,0
1990,66,2,0,0,0,0,0,0,0,0
1990,67,1,0,0,0,1,269,3,44,0
1990,64,1,3,0,0,1,486,4,20,0
1990,75,1,0,0,0,0,0,0,0,0
1990,73,2,0,0,0,0,0,0,0,0
1990,55,1,0,0,0,0,823,2,60,1
1990,54,2,0,0,0,0,0,0,0,0
1990,79,1,0,0,0,0,0,0,0,0
1990,70,2,0,0,0,0,0,0,0,0
1990,29,2,3,0,0,0,686,3,0,0
1990,35,1,0,0,0,1,774,1,47,0
1990,30,2,0,0,0,1,189,4,42,0
1990,65,2,3,0,0,1,329,5,8,0
1990,58,2,3,0,0,1,157,5,40,0
1990,19,2,1,0,0,1,96,3,40,0
1990,76,2,3,0,0,0,0,0,0,0
1990,43,1,1,0,0,1,558,0,0,0
1990,77,2,1,0,0,1,156,5,30,0
1990,23,2,1,0,0,1,96,3,40,0
1990,59,2,3,0,0,0,0,0,0,1
1990,22,1,1,0,0,1,259,1,40,1
1990,49,1,0,3,3,1,128,5,20,0
1990,46,2,0,3,3,0,444,3,20,0
1990,19,2,1,3,3,1,0,0,0,0
1990,70,2,1,1,0,0,785,1,0,0
1990,29,1,0,1,0,0,426,4,0,0
1990,22,2,0,1,0,0,0,0,0,0
1990,34,2,1,1,0,1,208,5,40,0
1990,30,1,1,1,0,0,0,0,0,0
1990,72,2,1,1,0,0,444,5,0,0
1990,66,2,1,1,0,0,0,0,0,0
1990,25,2,1,0,0,1,257,4,40,0
1990,32,2,2,0,0,0,637,1,40,0
1990,29,2,1,0,0,1,785,1,0,0
1990,40,2,2,0,0,0,379,4,40,0
1990,18,2,1,0,0,0,276,3,28,0
1990,42,2,2,0,0,0,453,4,40,0
1990,18,2,1,0,0,0,276,3,25,0
1990,58,1,0,0,0,0,0,0,0,0
1990,48,2,0,0,0,0,276,3,6,0
1990,25,2,1,0,0,0,274,3,35,0
1990,53,1,0,1,0,0,355,2,40,0
1990,58,2,0,1,0,1,0,0,0,0
1990,36,1,0,0,0,0,585,3,60,0
1990,33,2,0,0,0,0,64,6,40,0
1990,21,1,1,0,0,0,514,4,40,0
1990,40,2,3,0,0,1,0,0,0,0
1990,18,2,1,0,0,0,256,1,35,0
1990,79,2,3,0,0,0,0,0,0,0
1990,48,1,0,0,0,0,418,6,40,0
1990,48,2,0,0,0,0,379,5,35,0
1990,23,1,1,0,0,0,365,3,32,0
1990,23,1,1,0,0,1,22,6,0,0
1990,67,1,0,0,2,1,22,1,40,0
1990,60,2,0,0,0,1,22,5,40,0
1990,31,2,0,0,0,1,25,4,45,0
1990,30,1,0,0,0,1,178,5,60,1
1990,27,1,1,0,0,1,178,6,45,0
1990,29,1,0,0,0,1,95,5,40,0
1990,27,2,0,0,0,1,95,5,50,0
1990,30,2,0,0,0,1,22,5,45,0
1990,33,1,0,0,0,1,229,4,45,0
1990,60,1,1,0,0,1,0,0,0,1
1990,57,2,3,0,0,0,461,5,40,0
1990,53,2,3,0,0,0,315,5,40,0
1990,29,1,1,0,0,1,376,3,30,0
1990,62,1,3,0,2,0,558,0,0,0
1990,34,2,1,0,0,1,95,5,40,0
1990,40,1,1,0,0,0,426,4,32,0
1990,62,2,3,0,0,0,337,5,18,0
1990,29,1,0,0,0,0,585,0,30,0
1990,28,2,0,0,0,0,319,5,40,0
1990,27,1,2,0,0,1,267,3,55,0
1990,50,2,0,0,0,0,0,0,0,0
1990,56,1,0,0,0,0,683,1,40,0
1990,28,1,1,0,0,0,505,3,40,0
1990,24,2,1,0,0,0,275,4,30,0
1990,21,2,1,0,0,0,477,0,40,0
1990,20,1,1,0,0,0,444,3,0,0
1990,37,1,0,0,0,1,783,1,45,0
1990,34,2,0,0,0,0,208,5,40,0
1990,63,1,1,0,0,1,276,3,45,0
1990,59,2,1,0,0,1,184,5,50,0
1990,59,2,2,0,2,0,337,4,50,0
1990,39,1,1,0,0,1,434,3,60,0
1990,32,1,3,1,0,0,783,4,40,0
1990,59,2,3,1,0,0,447,5,16,0
1990,42,1,0,1,0,1,379,5,40,0
1990,41,2,0,1,0,1,463,2,40,0
1990,29,2,1,1,0,0,379,5,60,0
1990,68,2,3,0,0,0,0,0,0,0
1990,43,2,3,1,0,0,507,2,40,0
1990,46,2,2,1,0,1,458,4,40,0
1990,64,2,2,1,0,0,443,5,20,0
1990,52,1,0,1,0,0,417,6,42,0
1990,50,2,0,1,0,0,23,4,50,0
1990,22,2,1,0,0,1,184,4,8,0
1990,19,2,1,0,0,0,379,5,15,0
1990,23,1,1,0,0,1,43,5,40,0
1990,23,1,1,0,0,1,217,5,45,0
1990,23,1,1,0,0,1,43,5,10,0
1990,68,2,1,0,0,1,195,1,40,1
1990,47,2,2,1,0,0,0,0,0,0
1990,26,2,1,1,0,0,447,5,0,0
1990,71,2,3,0,0,1,14,5,40,1
1990,59,1,0,0,0,1,43,5,40,0
1990,60,2,0,0,0,1,166,3,30,0
1990,20,1,1,0,0,0,22,1,35,0
1990,41,1,0,0,0,1,99,5,48,0
1990,41,2,0,0,0,1,167,5,40,0
1990,29,1,0,0,0,1,255,4,40,0
1990,26,2,0,0,0,1,259,3,60,0
1990,77,1,0,0,0,0,0,0,0,0
1990,74,2,0,0,0,0,0,0,0,0
1990,31,2,3,0,0,0,449,5,0,0
1990,34,1,0,0,0,1,214,1,40,0
1990,32,2,0,0,0,1,234,4,40,0
1990,21,1,0,0,0,0,22,0,40,1
1990,68,2,0,0,0,0,0,0,0,0
1990,32,1,0,0,0,0,22,2,70,0
1990,27,2,0,0,0,0,435,3,0,0
1990,37,2,3,0,0,0,0,0,0,0
1990,26,2,1,0,0,1,229,4,41,0
1990,77,1,0,1,0,0,453,1,30,0
1990,70,2,0,1,0,0,444,3,0,0
1990,73,2,2,1,0,0,453,4,2,0
1990,78,2,3,1,0,0,447,4,40,0
1990,71,2,1,1,0,0,0,0,0,0
1990,27,1,2,0,0,0,804,2,0,0
1990,24,2,2,0,0,1,268,3,57,0
1990,20,1,1,0,0,1,426,4,24,0
1990,20,1,1,0,0,1,0,0,0,0
1990,36,1,2,0,0,0,436,3,40,0
1990,33,2,1,0,0,1,0,0,0,0
1990,68,2,3,0,0,0,0,0,0,0
1990,28,1,1,0,0,0,505,4,40,0
1990,79,1,0,0,0,0,0,0,0,0
1990,78,2,0,0,0,0,0,0,0,0
1990,73,2,1,0,0,0,0,0,0,0
1990,55,2,3,0,0,0,335,6,37,0
1990,27,1,1,0,0,1,106,5,40,0
1990,23,1,1,0,0,1,486,5,30,0
1990,79,2,3,0,0,0,0,0,0,0
1990,72,1,0,0,0,0,0,0,0,0
1990,61,2,0,0,0,0,0,0,0,0
1990,32,1,0,0,0,1,23,5,50,0
1990,33,2,0,0,0,1,337,3,26,0
1990,28,1,3,3,3,1,78,5,40,0
1990,48,2,3,0,3,0,0,0,0,0
1990,24,2,3,0,3,1,0,0,0,0
1990,72,2,2,0,0,0,459,5,0,0
1990,23,1,0,0,0,0,785,1,40,0
1990,22,2,0,0,0,0,378,4,37,0
1990,23,1,0,0,0,0,277,3,40,0
1990,22,2,0,0,0,0,303,5,40,0
1990,22,2,1,0,0,0,0,0,0,0
1990,30,1,1,0,0,0,434,3,40,0
1990,74,2,3,0,0,0,0,0,0,0
1990,33,2,3,0,0,0,447,5,40,0
1990,29,1,1,0,0,0,856,3,45,0
1990,74,1,0,0,0,0,274,3,55,0
1990,61,2,0,0,0,1,259,3,50,0
1990,23,2,0,0,0,0,0,0,0,0
1990,48,1,0,0,0,0,0,0,0,0
1990,64,1,0,0,0,0,22,0,0,0
1990,60,2,0,0,0,0,0,0,0,0
1990,30,1,1,0,0,1,127,5,45,0
1990,57,1,0,0,0,1,257,1,20,0
1990,75,2,0,0,0,1,267,3,0,0
1990,25,1,0,0,0,0,567,0,30,0
1990,19,2,0,0,0,0,447,5,40,0
1990,37,2,1,0,0,0,313,5,40,0
1990,54,1,3,0,0,0,885,3,60,0
1990,47,1,0,0,0,1,22,0,50,0
1990,39,2,0,0,0,0,95,5,40,0
1990,19,1,1,0,0,1,443,5,40,0
1990,30,1,0,0,0,1,22,3,44,0
1990,30,2,0,0,0,1,156,5,5,0
1990,32,1,0,0,0,0,889,2,65,0
1990,34,2,0,0,0,0,253,4,38,0
1990,53,1,0,0,0,0,766,1,80,0
1990,52,2,0,0,0,0,0,0,0,0
1990,20,1,1,0,0,0,889,1,40,0
1990,56,1,0,0,0,0,628,0,48,0
1990,49,2,0,0,0,0,338,0,40,0
1990,58,1,3,0,0,1,0,0,0,0
1990,80,1,3,0,0,0,0,0,0,0
1990,29,2,1,0,0,0,0,0,0,0
1990,34,1,2,0,0,0,567,0,40,0
1990,56,2,3,0,0,0,617,0,40,0
1990,26,1,1,0,0,0,0,0,0,0
1990,37,1,0,0,0,1,103,5,55,1
1990,35,2,0,0,0,1,0,0,0,0
1990,33,2,2,0,0,0,804,3,30,0
1990,34,1,3,0,0,0,505,3,40,0
1990,60,1,0,0,0,0,0,0,0,0
1990,57,2,0,0,0,0,0,0,0,0
1990,29,1,2,0,0,0,208,2,40,0
1990,53,1,0,0,0,0,779,3,45,0
1990,45,2,0,0,0,0,0,0,0,0
1990,22,2,1,0,0,0,446,5,20,0
1990,20,1,1,0,0,0,385,5,36,0
1990,63,2,3,0,0,0,0,0,0,0
1990,69,2,3,0,0,0,0,0,0,0
1990,34,1,0,0,0,1,634,1,50,1
1990,32,2,0,0,0,0,0,0,0,0
1990,67,1,0,0,0,0,0,0,0,0
1990,60,2,0,0,0,0,337,1,40,0
1990,38,1,0,0,0,0,785,1,40,0
1990,33,2,0,0,0,1,458,4,30,0
1990,74,2,0,0,0,0,0,0,0,0
1990,64,1,1,0,0,0,0,0,0,0
1990,32,1,0,0,0,0,765,1,40,0
1990,28,2,0,0,0,0,276,3,26,0
1990,50,1,2,0,0,1,156,5,42,0
1990,24,2,1,0,0,1,435,3,35,0
1990,22,1,1,0,0,0,777,1,0,0
1990,39,1,0,0,0,0,883,3,0,0
1990,42,2,0,0,0,0,0,0,0,0
1990,35,1,0,0,0,0,637,1,20,0
1990,32,2,0,0,0,1,313,4,20,0
1990,54,1,3,0,0,0,22,4,50,1
1990,74,2,3,0,0,0,0,0,0,0
1990,65,1,0,0,0,0,22,2,40,0
1990,65,2,0,0,0,0,339,3,25,0
1990,51,1,0,0,0,0,766,1,64,0
1990,48,2,0,0,0,0,447,5,40,0
1990,23,2,1,0,0,1,765,1,40,0
1990,68,1,0,0,0,0,0,0,0,0
1990,66,2,0,0,0,0,0,0,0,0
1990,50,1,3,0,0,1,796,1,40,0
1990,24,2,1,0,0,1,0,0,0,0
1990,66,2,2,0,0,1,0,0,0,0
1990,29,2,3,0,0,1,436,3,45,0
1990,67,1,0,0,0,0,0,0,0,0
1990,61,2,0,0,0,0,447,5,40,0
1990,71,1,0,0,0,0,0,0,0,0
1990,60,2,0,0,0,0,313,5,40,0
1990,33,1,0,0,0,1,514,2,40,0
1990,27,2,0,0,0,0,0,0,0,0
1990,40,1,0,0,0,1,505,4,50,0
1990,41,2,0,0,0,1,174,5,40,0
1990,54,1,0,0,0,0,453,3,40,0
1990,51,2,0,0,0,0,389,1,18,0
1990,26,2,1,0,0,1,95,5,40,0
1990,22,2,1,0,0,1,95,5,40,0
1990,20,1,1,0,0,1,869,0,40,0
1990,38,1,0,0,0,0,0,0,0,0
1990,35,2,0,0,0,0,268,3,5,0
1990,79,2,3,0,0,0,0,0,0,0
1990,78,2,0,0,0,0,0,0,0,0
1990,79,2,3,0,0,0,0,0,0,0
1990,68,1,0,0,0,1,0,0,0,0
1990,60,2,0,0,0,1,95,5,45,0
1990,44,1,0,0,0,0,505,3,40,0
1990,41,2,0,0,0,0,343,3,40,0
1990,18,2,1,0,0,0,747,3,15,0
1990,73,2,0,0,0,1,0,0,0,0
1990,75,1,0,0,0,1,0,0,0,0
1990,64,1,0,0,0,0,274,5,8,0
1990,63,2,0,0,0,0,0,0,0,0
1990,44,1,0,0,0,1,176,5,80,0
1990,41,2,0,0,0,1,313,5,40,0
1990,41,1,0,0,0,0,579,0,40,0
1990,41,2,0,0,0,0,0,0,0,0
1990,61,2,3,0,0,0,0,0,0,0
1990,34,1,0,0,0,0,877,3,40,0
1990,33,2,0,0,0,1,207,5,40,0
1990,70,1,0,0,0,0,0,0,0,0
1990,66,2,0,0,0,0,0,0,0,0
1990,68,1,0,0,0,0,0,0,0,0
1990,67,2,0,0,0,0,0,0,0,0
1990,30,1,0,0,0,0,366,2,40,0
1990,29,2,0,0,0,0,0,0,0,0
1990,35,1,0,0,0,0,595,0,40,0
1990,32,2,0,0,0,0,453,4,40,0
1990,59,2,3,0,0,0,0,0,0,0
1990,32,2,1,0,0,0,0,0,0,0
1990,48,1,0,0,0,0,453,3,40,0
1990,43,2,0,0,0,0,385,5,40,0
1990,78,1,3,0,0,0,0,0,0,0
1990,66,1,0,0,0,0,0,0,0,0
1990,55,2,0,0,0,0,744,1,35,0
1990,61,1,0,0,0,0,243,3,48,0
1990,55,2,0,0,0,0,379,5,37,0
1990,25,1,1,0,0,1,154,5,35,0
1990,55,1,0,0,0,1,0,0,0,0
1990,50,2,0,0,0,0,383,4,40,0
1990,23,1,1,0,0,1,22,3,36,0
1990,18,2,1,0,0,0,365,4,42,0
1990,79,1,0,0,0,0,869,0,27,0
1990,62,2,0,0,0,0,0,0,0,0
1990,31,1,0,0,0,1,687,3,43,0
1990,28,2,0,0,0,0,0,0,0,0
1990,25,1,0,0,0,1,25,3,40,0
1990,25,2,0,0,0,1,156,5,40,0
1990,50,1,0,0,0,0,518,3,40,0
1990,47,2,0,0,0,0,436,3,24,0
1990,61,2,0,0,0,0,0,0,0,0
1990,63,1,0,0,0,1,255,4,40,0
1990,76,2,3,0,0,0,0,0,0,0
1990,71,1,0,0,0,1,0,0,0,0
1990,72,2,0,0,0,0,0,0,0,0
1990,30,2,2,0,0,1,313,3,40,0
1990,64,1,0,0,0,0,544,1,0,0
1990,59,2,0,0,0,0,443,5,0,0
1990,47,1,0,0,0,0,769,1,40,0
1990,46,2,0,0,0,1,313,5,37,0
1990,26,1,1,0,0,1,766,1,40,0
1990,24,2,1,0,0,0,313,1,40,0
1990,72,1,0,0,0,0,0,0,0,0
1990,73,2,0,0,0,0,0,0,0,0
1990,65,1,2,0,0,0,889,1,0,0
1990,35,2,2,0,0,0,744,1,0,0
1990,61,1,0,0,0,0,227,6,40,0
1990,57,2,0,0,0,0,378,4,33,0
1990,19,2,1,0,0,0,274,3,37,0
1990,49,1,0,0,0,0,804,2,52,0
1990,43,2,0,0,0,1,37,3,40,0
1990,23,2,1,0,0,1,447,5,40,0
1990,73,1,0,0,0,0,0,0,0,0
1990,64,2,0,0,0,0,0,0,0,0
1990,35,1,0,0,0,1,243,3,65,0
1990,38,2,0,0,0,1,13,3,16,0
1990,18,1,1,0,0,0,257,4,16,0
1990,78,1,0,0,0,1,13,1,40,0
1990,46,2,1,0,0,1,337,5,40,0
1990,80,1,0,0,0,1,0,0,0,0
1990,55,1,0,0,0,0,558,0,40,0
1990,48,2,0,0,0,0,355,2,40,0
1990,35,1,0,0,0,0,704,1,56,0
1990,26,2,0,0,0,1,435,3,0,0
1990,48,1,0,0,0,0,355,2,40,0
1990,45,2,0,0,0,0,376,4,40,0
1990,25,2,1,0,0,0,27,4,40,0
1990,18,1,1,0,0,0,159,5,30,0
1990,41,1,0,0,0,0,544,1,40,0
1990,42,2,0,0,0,1,683,1,24,0
1990,53,2,0,0,0,0,444,3,8,0
1990,55,1,0,0,0,0,653,1,40,0
1990,67,2,3,0,2,0,0,0,0,0
1990,71,1,3,0,0,0,0,0,0,0
1990,35,2,3,0,0,0,435,3,40,0
1990,35,1,2,0,0,0,469,4,43,0
1990,32,2,0,0,0,0,359,2,40,0
1990,42,1,0,0,0,0,359,2,60,0
1990,45,1,0,0,0,0,518,4,46,0
1990,52,2,0,0,0,0,435,3,32,0
1990,20,2,1,0,0,1,435,3,16,0
1990,47,1,0,0,0,1,218,0,40,0
1990,45,2,0,0,0,1,156,5,40,0
1990,39,1,3,0,0,1,779,1,40,0
1990,31,2,2,0,0,0,779,1,40,0
1990,35,2,2,0,0,0,316,6,30,0
1990,67,1,3,0,0,0,804,3,0,0
1990,65,2,3,0,0,0,449,5,0,0
1990,38,1,0,0,0,1,628,1,40,0
1990,33,2,0,0,0,0,339,5,40,0
1990,53,1,0,0,0,0,536,4,40,0
1990,52,2,0,0,0,0,323,3,45,0
1990,41,1,0,0,0,1,355,2,40,0
1990,43,2,0,0,0,1,156,5,12,0
1990,65,1,0,0,0,0,549,2,40,0
1990,65,2,0,0,0,0,438,3,40,0
1990,67,1,0,0,0,0,0,0,0,0
1990,62,2,0,0,0,0,23,5,30,0
1990,75,1,0,0,0,0,0,0,0,0
1990,72,2,0,0,0,0,0,0,0,0
1990,67,2,3,0,0,1,0,0,0,0
1990,69,2,3,0,0,0,0,0,0,0
1990,64,1,0,0,0,0,804,1,0,0
1990,62,2,0,0,0,0,453,5,0,0
1990,41,1,0,0,0,1,156,5,39,0
1990,39,2,0,0,0,1,37,4,42,0
1990,49,2,3,0,0,1,364,1,50,0
1990,77,1,0,0,0,0,0,0,0,0
1990,61,2,0,0,0,0,0,0,0,0
1990,34,2,2,0,0,1,95,5,40,0
1990,41,1,0,0,0,1,308,5,40,1
1990,39,2,0,0,0,1,308,5,40,0
1990,44,1,1,0,0,1,59,5,40,0
1990,54,1,0,0,0,0,855,0,45,0
1990,53,2,0,0,0,0,447,5,40,0
1990,40,1,0,0,0,1,157,5,40,0
1990,38,2,0,0,0,1,157,5,45,0
1990,33,1,3,0,0,1,156,5,40,0
1990,33,1,0,0,0,1,889,1,40,0
1990,33,2,0,0,0,1,24,4,40,0
1990,34,1,0,0,0,1,305,4,50,0
1990,27,2,0,0,0,1,389,4,40,0
1990,46,1,0,0,0,0,567,0,0,0
1990,44,2,0,0,2,0,274,3,15,0
1990,20,1,1,0,0,1,435,3,32,0
1990,34,1,0,0,0,1,259,1,45,0
1990,33,2,0,0,0,0,0,0,0,0
1990,57,1,0,0,0,0,217,0,48,0
1990,59,2,0,0,0,0,0,0,0,0
1990,73,2,2,0,0,0,458,4,0,0
1990,77,1,1,0,0,0,0,0,0,0
1990,54,1,0,0,0,0,779,1,40,0
1990,52,2,0,3,3,0,484,0,48,0
1990,23,1,1,0,0,0,208,5,40,0
1990,45,1,0,0,0,1,865,3,40,0
1990,46,2,0,0,0,1,354,2,40,0
1990,54,1,0,0,0,0,783,1,40,0
1990,56,2,0,0,0,0,0,0,0,0
1990,22,1,1,0,0,0,597,0,40,0
1990,21,2,1,0,0,1,385,1,40,0
1990,59,1,0,0,0,0,779,1,40,0
1990,53,2,0,0,0,0,0,0,0,0
1990,31,1,2,0,0,0,766,1,40,0
1990,77,1,0,0,0,0,0,0,0,0
1990,73,2,0,0,0,0,0,0,0,0
1990,70,1,0,0,0,0,0,0,0,0
1990,65,2,0,0,0,1,0,0,0,0
1990,37,2,3,0,0,0,744,1,40,0
1990,18,2,1,0,0,0,276,3,28,0
1990,40,2,0,0,0,0,0,0,0,0
1990,42,1,0,0,0,0,473,0,52,0
1990,37,1,0,0,0,1,203,5,35,0
1990,34,2,0,0,0,1,95,5,20,0
1990,64,2,3,0,0,0,0,0,0,0
1990,18,1,1,0,0,0,459,5,0,0
1990,33,1,0,0,0,0,885,2,38,0
1990,36,2,0,0,0,1,0,0,0,0
1990,56,1,0,0,0,0,869,0,15,0
1990,53,2,0,0,2,1,0,0,0,0
1990,70,2,3,0,0,0,0,0,0,0
1990,45,1,0,0,0,0,253,4,35,0
1990,50,2,0,0,0,0,308,3,40,0
1990,18,2,1,0,0,0,446,5,15,0
1990,64,2,3,0,0,1,243,3,50,0
1990,33,1,0,0,0,0,804,3,58,0
1990,24,2,0,0,0,1,313,5,38,0
1990,66,1,0,0,0,0,0,0,0,0
1990,64,2,0,0,0,0,0,0,0,0
1990,23,1,1,0,0,0,218,0,20,0
1990,27,1,1,0,0,0,567,0,32,0
1990,39,1,2,0,0,0,855,0,40,0
1990,70,1,0,0,0,0,0,0,0,0
1990,65,2,0,0,0,0,0,0,0,0
1990,45,1,0,0,0,0,507,3,52,0
1990,42,2,0,0,0,0,29,3,24,0
1990,20,1,1,0,0,0,547,3,45,0
1990,72,2,3,0,0,0,0,0,0,0
1990,38,2,3,0,0,0,453,1,45,0
1990,20,1,1,0,0,0,27,6,40,0
1990,21,1,1,0,0,0,479,0,40,0
1990,19,1,1,0,0,0,595,0,40,0
1990,48,1,0,0,0,0,365,0,40,0
1990,52,2,0,0,0,0,174,5,40,0
1990,19,2,1,0,0,0,0,0,0,0
1990,48,1,2,0,0,0,364,1,40,0
1990,48,1,0,0,0,0,558,0,47,0
1990,47,2,0,0,0,0,276,3,32,0
1990,24,1,1,0,0,0,715,0,42,0
1990,71,2,3,0,0,0,274,3,21,0
1990,32,1,1,0,0,0,22,4,40,0
1990,51,1,0,0,0,0,243,3,0,0
1990,51,2,0,0,0,0,453,4,32,0
1990,69,1,0,0,0,0,0,0,0,0
1990,64,2,0,0,0,1,156,5,37,0
1990,63,1,0,0,0,0,628,2,0,0
1990,61,2,0,0,0,0,0,0,0,0
1990,27,1,1,0,0,0,783,2,40,0
1990,71,1,0,0,0,0,783,1,0,0
1990,73,2,0,0,0,0,769,1,0,0
1990,54,2,3,0,0,0,449,4,0,0
1990,26,1,1,0,0,0,653,1,40,0
1990,68,1,0,0,0,1,0,0,0,0
1990,65,2,0,0,0,0,0,0,0,0
1990,31,1,1,0,0,1,269,3,45,0
1990,20,2,1,1,0,1,329,5,40,0
1990,40,1,0,0,0,0,567,0,60,0
1990,40,2,0,0,0,0,308,5,40,0
1990,43,1,0,0,0,1,157,5,60,0
1990,50,2,0,3,3,1,274,3,20,0
1990,76,2,3,0,0,0,0,0,0,0
1990,29,2,2,0,0,0,0,0,0,0
1990,65,2,3,0,0,1,0,0,0,0
1990,27,1,0,1,0,0,17,3,41,0
1990,31,2,0,1,0,1,313,5,37,0
1990,19,1,3,0,0,0,274,3,40,0
1990,32,1,0,0,0,0,669,1,40,0
1990,31,2,0,0,0,0,0,0,0,0
1990,73,2,1,0,0,0,0,0,0,0
1990,31,1,1,0,0,0,567,0,40,0
1990,33,2,2,0,0,0,744,1,40,0
1990,71,1,3,0,0,1,0,0,0,0
1990,61,1,2,0,0,0,0,0,0,0
1990,69,1,0,0,0,0,0,0,0,0
1990,66,2,0,0,0,0,0,0,0,0
1990,19,1,1,0,0,0,883,1,40,0
1990,39,1,0,0,0,0,885,3,40,0
1990,41,2,0,0,0,0,0,0,0,0
1990,28,1,1,0,0,0,599,0,40,0
1990,26,2,1,0,0,0,435,3,25,0
1990,34,1,1,0,0,0,436,3,40,0
1990,27,1,2,0,0,0,575,3,40,0
1990,27,2,2,0,0,0,435,3,15,0
1990,59,1,0,0,0,1,386,2,45,0
1990,52,2,0,0,0,1,467,5,30,0
1990,22,1,1,0,0,0,784,1,40,0
1990,58,2,3,0,0,0,877,3,30,0
1990,34,1,1,0,0,0,579,5,40,0
1990,32,2,0,0,0,0,308,1,40,0
1990,37,1,0,0,0,0,496,1,25,0
1990,38,1,2,0,0,0,869,0,32,0
1990,28,2,2,0,0,0,426,5,10,0
1990,62,1,0,0,0,0,888,1,40,0
1990,60,2,0,0,0,0,0,0,0,0
1990,29,1,0,0,0,1,383,4,40,0
1990,29,2,0,0,0,1,16,2,40,0
1990,71,1,0,0,0,0,0,0,0,0
1990,65,2,0,0,0,0,0,0,0,0
1990,26,1,0,0,0,0,785,1,60,0
1990,25,2,0,0,0,0,0,0,0,0
1990,33,1,0,0,0,0,307,5,40,0
1990,32,2,0,0,0,1,274,3,35,0
1990,32,1,0,0,0,0,804,2,40,0
1990,30,2,0,0,0,0,808,2,20,0
1990,39,1,0,0,0,0,357,2,43,0
1990,35,2,0,0,0,0,0,0,0,0
1990,32,1,0,0,0,0,575,5,40,0
1990,29,2,0,0,0,0,0,0,0,0
1990,54,1,0,0,0,1,229,5,40,0
1990,58,2,0,0,0,1,154,5,30,0
1990,24,1,1,0,0,1,436,3,25,0
1990,25,2,1,0,0,1,23,6,37,0
1990,52,2,2,0,0,1,0,0,0,0
1990,55,1,0,0,0,0,804,2,40,0
1990,52,2,0,0,0,0,0,0,0,0
1990,25,1,1,0,0,0,889,1,0,0
1990,54,1,1,0,0,1,0,0,0,0
1990,58,1,1,0,0,1,0,0,0,0
1990,40,1,1,0,0,1,17,3,50,1
1990,53,1,3,0,0,1,473,0,4,1
1990,26,1,1,0,0,1,23,5,40,0
1990,48,2,3,0,0,1,313,5,60,0
1990,69,2,3,0,0,1,218,5,0,0
1990,22,1,1,0,0,1,486,0,40,0
1990,21,2,1,0,0,1,313,4,40,0
1990,23,1,1,3,3,1,229,3,40,0
1990,20,1,1,0,0,1,387,5,40,0
1990,18,2,1,0,0,1,337,3,40,0
1990,18,1,1,0,0,1,255,4,20,0
1990,19,1,1,0,0,1,435,3,25,0
1990,19,1,1,0,0,1,0,0,0,0
1990,21,1,1,0,0,1,473,0,20,0
1990,21,1,1,0,0,1,243,3,50,0
1990,21,1,1,0,0,1,35,0,40,0
1990,24,1,1,0,0,1,18,4,40,0
1990,22,1,1,0,0,1,436,3,40,0
1990,24,1,1,0,0,1,427,5,30,0
1990,33,1,3,0,0,1,229,1,40,1
1990,43,1,0,0,0,1,226,2,50,1
1990,43,2,0,0,0,1,22,4,60,0
1990,21,2,1,0,0,1,439,3,15,0
1990,60,1,0,0,0,1,154,5,55,1
1990,55,2,0,0,0,1,186,5,4,0
1990,29,1,0,3,3,1,0,0,0,0
1990,30,2,0,3,3,1,156,5,35,0
1990,28,1,1,3,3,1,323,5,40,0
1990,23,1,1,0,0,1,265,3,45,0
1990,22,1,1,0,2,1,276,4,40,0
1990,66,1,0,0,0,1,14,5,45,1
1990,46,2,0,0,1,1,154,5,0,0
1990,67,1,0,0,0,1,25,5,24,0
1990,62,2,0,0,0,0,319,5,16,0
1990,37,1,0,0,0,0,804,0,40,0
1990,35,2,0,0,0,0,753,1,40,0
1990,49,1,0,0,0,0,276,3,55,0
1990,40,2,0,0,0,0,276,3,20,0
1990,74,1,0,0,0,0,0,0,0,0
1990,71,2,0,0,0,0,327,3,20,0
1990,45,1,0,0,0,1,22,1,40,0
1990,43,2,0,0,0,1,23,1,40,0
1990,19,1,1,0,0,0,869,0,40,0
1990,38,1,0,0,0,0,888,3,85,0
1990,42,2,0,0,0,0,479,0,60,0
1990,43,1,0,0,0,0,804,2,40,0
1990,41,2,0,0,0,0,29,3,40,0
1990,20,1,1,0,0,0,365,3,40,0
1990,30,1,0,0,0,0,453,5,40,0
1990,28,2,0,0,0,0,447,5,4,0
1990,21,2,1,0,0,1,207,5,32,0
1990,29,2,1,0,0,1,207,5,40,0
1990,37,1,0,0,0,0,709,1,45,0
1990,33,2,0,0,0,0,383,4,40,0
1990,48,1,0,0,0,1,558,2,40,0
1990,43,2,0,0,0,1,95,5,32,0
1990,61,1,0,0,0,0,874,1,40,0
1990,57,2,0,0,0,0,0,0,0,0
1990,42,1,2,0,0,0,447,5,40,0
1990,47,1,0,0,0,0,473,0,70,0
1990,46,2,0,0,0,0,337,0,30,0
1990,61,2,3,0,0,0,804,6,42,0
1990,30,1,1,0,0,0,314,5,40,0
1990,36,1,0,0,0,0,22,4,50,0
1990,35,2,0,0,0,0,447,5,35,0
1990,56,1,0,0,0,0,253,4,40,0
1990,50,2,0,0,0,0,156,5,30,0
1990,29,2,2,0,0,1,15,5,38,0
1990,59,1,1,0,0,1,176,5,60,0
1990,70,1,0,0,0,0,0,0,0,0
1990,69,2,0,0,0,0,0,0,0,0
1990,69,1,3,0,0,0,0,0,0,0
1990,48,1,0,0,0,0,585,0,40,0
1990,42,2,0,0,0,0,0,0,0,0
1990,35,1,0,0,0,1,355,2,40,0
1990,32,2,0,0,0,1,95,5,40,0
1990,78,1,0,0,0,0,0,0,0,0
1990,51,2,3,0,0,0,447,5,16,0
1990,29,1,0,0,0,0,888,1,40,0
1990,31,2,0,0,0,0,385,4,32,0
1990,73,2,3,0,0,0,0,0,0,0
1990,59,1,0,0,0,0,889,1,0,0
1990,46,2,0,0,0,0,453,5,0,0
1990,20,1,1,0,0,1,567,0,40,0
1990,77,2,3,0,0,0,0,0,0,0
1990,43,1,0,0,0,1,508,2,50,0
1990,45,2,0,0,0,0,0,0,0,0
1990,35,1,0,0,0,1,19,4,40,0
1990,32,2,0,0,0,0,0,0,0,0
1990,51,1,0,0,0,0,616,0,35,0
1990,52,2,0,0,0,0,0,0,0,0
1990,29,1,0,0,0,0,579,1,40,0
1990,27,2,0,0,0,0,0,0,0,0
1990,50,1,0,0,0,1,549,1,48,0
1990,49,2,0,0,0,1,376,4,28,0
1990,39,1,0,0,0,1,796,1,40,0
1990,36,2,0,0,0,0,458,4,15,0
1990,61,1,0,0,0,0,575,6,0,0
1990,61,2,0,0,0,0,888,1,40,0
1990,72,2,2,0,0,1,0,0,0,0
1990,46,1,0,0,0,0,13,1,37,0
1990,46,2,0,0,0,0,739,1,40,0
1990,21,1,1,0,0,0,883,1,40,0
1990,48,1,0,0,0,0,505,3,40,0
1990,41,2,0,0,0,0,0,0,0,0
1990,63,1,3,0,0,0,426,4,0,0
1990,24,2,1,0,0,1,267,3,0,0
1990,50,2,2,0,0,0,754,3,40,0
1990,78,1,0,0,0,0,0,0,0,0
1990,62,1,3,0,0,0,637,1,0,0
1990,45,2,2,0,0,0,313,5,40,0
1990,39,1,2,0,0,0,316,5,40,0
1990,29,1,0,0,0,0,779,1,40,0
1990,30,2,0,0,0,0,877,3,20,0
1990,37,1,0,0,0,1,424,6,60,0
1990,33,2,0,0,0,0,0,0,0,0
1990,32,1,0,0,0,0,804,0,54,0
1990,31,2,0,0,0,0,383,4,40,0
1990,53,1,0,0,0,0,804,3,65,0
1990,51,2,0,0,0,0,744,1,40,0
1990,39,1,0,0,0,0,804,2,60,0
1990,40,2,0,0,0,0,447,5,40,0
1990,62,2,3,0,0,0,748,5,35,0
1990,71,1,1,0,0,0,634,1,0,0
1990,58,2,2,0,0,0,207,5,40,0
1990,54,1,0,0,0,0,889,1,40,0
1990,53,2,0,0,0,0,0,0,0,0
1990,36,1,0,0,0,1,23,0,40,0
1990,30,2,0,0,0,1,313,2,16,0
1990,32,1,0,0,0,0,355,2,40,0
1990,32,2,0,0,0,0,319,5,30,0
1990,28,1,0,0,0,0,889,2,40,0
1990,25,2,0,0,0,1,308,5,0,0
1990,69,2,3,0,0,0,765,1,40,0
1990,21,1,0,0,0,1,13,1,40,0
1990,24,2,0,0,0,1,95,5,40,0
1990,67,1,0,0,0,0,567,1,0,0
1990,63,2,0,0,0,0,0,0,0,0
1990,65,2,1,0,0,0,407,4,25,0
1990,65,1,3,0,0,0,779,1,40,0
1990,46,1,0,0,0,0,518,1,50,0
1990,45,2,0,0,0,0,22,1,45,0
1990,51,1,0,0,0,1,17,3,59,1
1990,52,2,0,0,0,1,433,3,59,0
1990,21,2,1,0,0,0,449,4,0,0
1990,52,1,0,0,0,0,883,5,40,0
1990,51,2,0,0,0,0,25,4,7,0
1990,21,1,1,0,0,0,567,4,40,0
1990,37,1,0,0,0,0,18,4,40,0
1990,31,2,0,0,0,1,95,5,40,0
1990,58,2,0,0,0,1,5,6,40,0
1990,58,1,0,0,0,1,479,0,30,0
1990,77,2,3,0,0,1,95,5,16,0
1990,35,1,2,0,0,0,567,0,40,0
1990,47,2,3,0,0,1,95,5,25,0
1990,18,2,1,0,0,0,436,3,24,0
1990,56,1,1,0,0,0,235,1,45,0
1990,76,1,0,0,0,0,0,0,0,0
1990,57,2,0,0,0,0,436,3,35,0
1990,28,1,0,0,0,0,485,0,35,0
1990,27,2,0,0,0,1,18,4,40,0
1990,40,1,0,0,0,0,365,5,40,0
1990,37,2,0,0,0,1,206,5,24,0
1990,64,1,1,1,0,1,154,5,50,1
1990,79,2,3,0,0,0,0,0,0,0
1990,25,1,1,0,0,1,243,4,55,1
1990,62,2,1,0,0,1,207,5,40,0
1990,20,1,1,0,0,1,274,5,40,0
1990,80,1,1,0,0,0,0,0,0,0
1990,64,1,0,0,0,1,159,5,0,1
1990,68,2,0,0,0,1,0,0,0,0
1990,30,2,1,0,0,1,174,5,46,0
1990,35,2,2,0,0,1,27,5,40,0
1990,46,1,0,0,0,0,259,1,40,0
1990,42,2,0,0,0,0,407,4,32,0
1990,41,1,0,0,0,1,229,2,40,0
1990,46,2,0,0,0,0,0,0,0,0
1990,61,1,0,0,0,0,263,3,35,0
1990,61,2,0,0,0,1,628,1,0,0
1990,38,1,0,0,0,0,737,1,37,0
1990,37,2,0,0,0,0,889,2,40,0
1990,18,2,1,0,0,0,436,3,20,0
1990,27,1,0,0,0,1,783,3,48,0
1990,25,2,0,0,0,1,313,5,40,0
1990,51,1,0,0,0,1,473,0,60,0
1990,51,2,0,0,0,0,447,5,37,0
1990,26,2,1,0,0,1,156,5,48,0
1990,69,1,1,0,0,0,473,0,40,0
1990,29,1,0,0,0,0,243,3,40,0
1990,28,2,0,0,0,0,747,1,40,0
1990,34,1,0,0,0,0,783,1,40,0
1990,33,2,0,0,0,1,163,2,20,0
1990,34,2,3,0,0,0,799,1,20,0
1990,49,2,3,0,0,1,207,5,40,0
1990,32,1,0,0,0,0,844,1,62,0
1990,32,2,0,0,0,0,628,1,40,0
1990,44,1,0,0,0,0,418,6,45,0
1990,41,2,0,0,0,0,208,3,20,0
1990,66,1,1,0,0,0,216,1,0,0
1990,60,2,3,0,0,0,436,3,30,0
1990,38,1,1,0,0,0,0,0,0,0
1990,66,1,0,0,0,0,0,0,0,0
1990,62,2,0,0,0,0,0,0,0,0
1990,74,2,1,0,0,0,0,0,0,0
1990,72,1,1,0,0,0,0,0,0,0
1990,78,2,3,0,0,0,0,0,0,0
1990,73,2,3,0,0,0,0,0,0,0
1990,57,2,3,0,0,0,0,0,0,0
1990,55,1,0,0,0,0,783,3,0,0
1990,44,2,0,0,0,0,877,3,40,0
1990,78,1,0,0,0,0,0,0,0,0
1990,72,2,0,0,0,0,0,0,0,0
1990,71,2,3,0,0,0,335,5,30,0
1990,32,1,0,0,0,0,185,3,40,0
1990,37,2,0,0,0,0,458,4,35,0
1990,52,2,2,0,0,0,796,1,40,0
1990,31,1,0,0,0,0,505,4,40,0
1990,31,2,0,0,0,0,22,3,40,0
1990,65,2,3,0,0,0,0,0,0,0
1990,43,2,1,0,0,1,0,0,0,0
1990,33,1,0,0,0,0,785,1,40,0
1990,33,2,0,0,0,0,744,1,25,0
1990,67,1,3,0,0,0,0,0,0,0
1990,67,1,0,0,0,0,505,4,0,0
1990,59,2,0,0,0,0,744,1,0,0
1990,45,1,0,0,0,0,889,1,40,0
1990,46,2,0,0,0,0,744,1,40,0
1990,71,1,3,0,0,1,0,0,0,0
1990,74,2,3,0,0,0,0,0,0,0
1990,75,1,0,0,0,0,0,0,0,0
1990,75,2,0,0,0,0,0,0,0,0
1990,71,2,3,0,0,0,0,0,0,0
1990,80,2,3,0,0,0,0,0,0,0
1990,59,1,1,0,0,0,0,0,0,0
1990,60,2,1,0,0,0,0,0,0,0
1990,43,1,0,0,0,0,616,0,35,0
1990,41,2,0,0,0,1,364,1,40,0
1990,71,2,3,0,0,0,0,0,0,0
1990,28,2,1,0,0,1,337,5,40,0
1990,62,1,0,0,0,0,853,0,9,0
1990,61,2,0,0,0,0,0,0,0,0
1990,35,1,0,0,0,0,844,0,42,0
1990,33,2,0,0,0,0,808,4,3,0
1990,71,2,3,0,0,0,0,0,0,0
1990,71,1,0,0,0,0,453,5,40,0
1990,50,2,0,0,0,0,674,1,40,0
1990,20,2,1,0,0,1,166,3,18,0
1990,69,1,0,0,0,0,0,0,0,0
1990,64,2,0,0,0,0,777,1,20,0
1990,26,1,0,0,0,0,783,0,50,0
1990,30,2,0,0,0,1,259,3,45,0
1990,58,2,3,0,0,0,0,0,0,0
1990,71,1,0,0,0,0,0,0,0,0
1990,73,2,0,0,0,0,0,0,0,0
1990,38,1,0,0,0,1,804,2,70,0
1990,29,2,0,0,0,0,0,0,0,0
1990,63,1,1,0,0,0,0,0,0,0
1990,63,2,1,0,0,0,0,0,0,0
1990,42,1,1,0,0,0,453,3,16,0
1990,26,1,1,0,0,0,883,1,45,0
1990,30,1,0,0,0,0,706,1,40,0
1990,27,2,0,0,0,0,0,0,0,0
1990,34,1,0,0,0,0,804,0,35,0
1990,32,2,0,0,0,0,744,1,30,0
1990,44,1,0,0,0,0,686,3,44,0
1990,43,2,0,0,0,0,436,5,25,0
1990,19,1,1,0,0,1,0,0,0,0
1990,26,1,0,0,0,1,856,1,40,0
1990,29,2,0,0,0,0,313,4,0,0
1990,61,1,0,0,0,0,0,0,0,0
1990,64,2,0,0,0,0,744,1,0,0
1990,28,1,1,0,0,1,628,1,46,0
1990,26,1,1,0,0,1,744,1,46,0
1990,21,2,0,0,0,1,744,1,0,0
1990,23,1,0,0,0,0,743,1,40,0
1990,25,2,1,0,0,0,888,1,40,0
1990,54,1,0,0,0,0,616,0,0,0
1990,53,2,0,0,0,0,17,3,80,0
1990,73,1,0,0,0,1,156,5,16,0
1990,68,2,0,0,0,0,0,0,0,0
1990,24,1,0,0,0,0,739,1,40,0
1990,23,2,0,0,0,0,744,1,30,0
1990,69,2,3,0,0,0,0,0,0,0
1990,68,1,1,0,0,0,769,1,0,0
1990,57,1,0,0,0,0,804,2,40,0
1990,54,2,0,0,0,0,0,0,0,0
1990,22,1,1,0,0,0,269,3,40,0
1990,76,1,0,0,0,0,0,0,0,0
1990,74,2,0,0,0,0,0,0,0,0
1990,56,1,0,0,0,0,889,1,45,0
1990,54,2,0,0,0,0,0,0,0,0
1990,23,2,2,0,0,0,435,3,40,0
1990,24,1,2,0,0,0,783,1,40,0
1990,77,2,3,0,0,0,0,0,0,0
1990,37,1,1,0,0,0,783,0,40,0
1990,24,2,1,0,0,0,888,1,40,0
1990,30,1,0,0,0,0,355,2,40,0
1990,34,2,0,0,0,0,313,3,21,0
1990,33,2,3,0,0,0,878,1,40,0
1990,26,1,2,0,0,0,889,1,40,0
1990,76,2,3,0,2,0,0,0,0,0
1990,40,1,2,0,0,0,804,3,50,0
1990,32,1,0,0,0,1,57,1,40,0
1990,25,2,0,0,0,1,185,3,52,0
1990,69,1,0,0,0,1,0,0,0,0
1990,64,2,0,0,0,0,0,0,0,0
1990,29,1,0,0,0,1,174,6,40,0
1990,29,2,0,0,0,0,313,5,40,0
1990,54,1,0,0,0,0,853,0,40,0
1990,51,2,0,0,0,0,0,0,0,0
1990,72,2,1,0,0,0,0,0,0,0
1990,44,1,0,0,0,0,376,2,40,0
1990,35,2,0,0,0,0,0,0,0,0
1990,27,2,1,0,0,1,449,4,45,0
1990,43,1,2,0,0,1,229,1,40,0
1990,20,1,1,0,0,1,883,2,20,0
1990,37,2,1,1,0,1,174,5,40,0
1990,19,2,1,0,0,0,276,3,0,0
1990,32,1,0,0,0,0,804,5,40,0
1990,31,2,0,0,0,1,8,6,40,0
1990,60,2,3,0,0,0,785,1,0,0
1990,25,1,0,0,0,0,804,2,40,0
1990,34,2,0,0,0,0,188,5,30,0
1990,75,2,3,0,0,0,407,4,10,0
1990,47,1,1,0,0,0,706,1,40,0
1990,41,2,1,0,0,1,785,1,40,0
1990,36,1,0,0,0,1,243,3,40,0
1990,33,2,0,0,0,1,389,4,30,0
1990,32,1,1,0,0,1,376,4,40,0
1990,59,1,1,0,0,1,0,0,0,0
1990,59,2,2,0,0,0,379,3,40,0
1990,64,2,1,0,0,0,795,1,40,0
1990,43,1,2,0,0,1,22,5,50,0
1990,20,1,1,0,0,1,889,1,50,0
1990,41,1,0,0,0,1,5,6,40,1
1990,42,2,0,0,0,1,156,5,40,0
1990,57,2,0,0,0,0,443,3,6,0
1990,56,1,0,0,0,0,486,6,8,0
1990,76,1,0,0,0,1,0,0,0,0
1990,68,2,0,0,0,0,0,0,0,0
1990,77,2,3,0,0,0,385,4,40,0
1990,30,2,3,0,0,0,754,4,10,0
1990,33,1,2,0,0,0,503,3,53,0
1990,37,1,3,0,0,0,473,0,60,0
1990,47,1,3,0,0,0,628,2,40,0
1990,24,1,1,0,0,0,486,0,24,0
1990,67,1,0,0,0,0,0,0,0,0
1990,70,2,0,0,0,0,0,0,0,0
1990,79,2,3,0,0,0,0,0,0,0
1990,52,1,0,0,0,1,57,1,40,0
1990,48,2,0,0,0,0,313,5,35,0
1990,23,1,1,0,0,1,174,5,20,0
1990,40,1,0,0,0,1,355,2,40,0
1990,36,2,0,0,0,1,0,0,0,0
1990,27,1,1,0,0,1,487,0,15,0
1990,27,2,1,0,0,1,17,3,45,0
1990,62,1,0,0,0,0,735,1,35,0
1990,61,2,0,0,0,0,0,0,0,0
1990,44,1,0,0,2,0,307,4,45,0
1990,40,2,0,0,0,1,385,3,40,0
1990,38,1,1,0,0,1,64,4,40,0
1990,30,1,0,0,0,0,683,1,40,0
1990,30,2,0,0,0,0,636,1,30,0
1990,33,1,0,0,0,0,243,1,47,0
1990,27,2,0,0,0,0,306,2,37,0
1990,29,1,0,0,0,1,804,2,50,0
1990,26,2,0,0,0,1,383,4,40,0
1990,76,2,3,0,0,0,0,0,0,0
1990,58,1,0,0,0,0,856,2,40,0
1990,57,2,0,0,0,0,274,3,20,0
1990,73,1,0,0,0,1,177,5,20,0
1990,69,2,0,0,0,1,243,3,20,0
1990,41,1,0,0,0,0,48,1,40,0
1990,42,2,0,0,0,0,796,3,22,0
1990,19,2,1,0,0,1,0,0,0,0
1990,71,1,1,0,0,1,167,5,55,0
1990,53,1,0,0,0,0,365,1,45,0
1990,51,2,0,0,0,0,0,0,0,0
1990,23,2,1,0,0,0,453,4,40,0
1990,58,1,0,0,0,0,727,3,40,0
1990,53,2,0,0,0,0,666,5,40,0
1990,28,1,0,0,0,1,176,5,50,0
1990,27,2,0,0,0,1,313,4,0,0
1990,68,1,0,0,0,0,0,0,0,0
1990,73,2,0,0,0,0,0,0,0,0
1990,52,1,0,0,0,0,724,1,40,0
1990,49,2,0,0,0,0,889,1,40,0
1990,29,1,1,0,0,1,89,5,55,1
1990,25,2,1,0,0,1,185,1,40,0
1990,53,1,0,0,0,0,713,1,40,0
1990,52,2,0,0,0,0,313,6,40,0
1990,70,1,0,0,0,1,0,0,0,0
1990,63,2,0,0,0,0,744,1,40,0
1990,25,1,1,1,0,1,904,6,84,0
1990,67,1,1,0,0,0,0,0,0,0
1990,45,1,0,0,0,0,804,2,70,0
1990,44,2,0,0,0,0,374,3,40,0
1990,80,2,3,0,0,0,0,0,0,0
1990,57,1,0,0,0,1,774,4,40,0
1990,47,2,0,0,0,1,313,4,15,0
1990,57,1,0,0,0,1,48,1,60,0
1990,51,2,0,0,0,0,379,5,18,0
1990,25,2,1,0,0,1,235,2,0,0
1990,23,2,1,0,0,0,467,5,40,0
1990,18,2,1,0,0,0,407,4,20,0
1990,79,2,3,0,0,1,0,0,0,0
1990,62,1,0,0,0,0,22,1,40,1
1990,52,2,0,0,0,0,274,3,20,0
1990,58,1,0,0,0,1,21,5,0,0
1990,54,2,0,0,0,1,156,5,32,0
1990,26,2,0,0,0,1,178,5,40,0
1990,32,1,0,0,0,1,229,1,40,1
1990,29,2,1,0,0,0,313,3,40,0
1990,75,1,0,0,0,0,0,0,0,0
1990,78,2,0,0,2,0,0,0,0,0
1990,25,1,1,1,0,0,444,5,0,0
1990,39,1,0,0,0,0,783,1,40,0
1990,38,2,0,0,0,0,313,4,0,0
1990,73,1,3,0,0,0,0,0,0,0
1990,34,2,1,1,0,1,33,1,55,0
1990,49,1,0,0,0,1,73,1,46,1
1990,50,2,0,0,0,1,164,5,21,0
1990,23,1,1,0,0,1,73,2,50,0
1990,22,1,1,0,0,1,317,4,30,0
1990,72,1,0,0,0,0,0,0,0,0
1990,72,2,0,0,0,0,0,0,0,0
1990,74,2,3,0,0,1,0,0,0,0
1990,28,2,1,0,0,1,23,3,50,0
1990,47,1,0,0,0,1,22,1,45,1
1990,46,2,0,0,0,1,445,5,32,0
1990,70,2,3,0,0,0,25,4,16,0
1990,22,1,1,0,0,0,22,1,40,0
1990,70,1,0,0,0,0,0,0,0,0
1990,67,2,0,0,0,0,0,0,0,0
1990,31,1,0,0,0,1,303,4,55,0
1990,31,2,0,0,0,1,159,5,36,0
1990,72,2,3,0,0,0,0,0,0,0
1990,25,1,0,0,0,1,503,3,60,0
1990,25,2,0,0,0,0,458,4,36,0
1990,27,1,0,0,0,1,22,3,65,1
1990,26,2,0,0,0,0,159,5,50,0
1990,58,1,0,0,0,1,96,3,42,1
1990,51,2,0,0,0,0,0,0,0,0
1990,27,1,1,0,0,1,259,1,50,0
1990,53,1,0,0,0,1,22,1,40,1
1990,48,2,0,0,0,1,253,4,40,0
1990,34,1,0,1,0,1,29,3,50,0
1990,28,2,0,0,0,0,385,3,30,0
1990,29,1,0,3,3,1,59,5,50,0
1990,30,2,0,3,3,1,23,1,50,0
1990,39,2,1,2,0,0,0,0,0,0
1990,41,1,0,0,0,0,354,2,40,0
1990,42,2,0,0,0,0,0,0,0,0
1990,74,1,0,0,0,0,0,0,0,0
1990,69,2,0,0,0,0,0,0,0,0
1990,79,2,3,0,0,1,0,0,0,0
1990,27,2,1,0,0,0,889,0,20,0
1990,19,1,1,0,0,0,558,0,35,0
1990,79,1,0,0,0,0,0,0,0,0
1990,71,2,0,0,0,0,0,0,0,0
1990,23,1,3,0,0,0,364,1,40,0
1990,31,2,2,0,0,1,154,5,35,0
1990,18,1,1,0,0,1,308,4,14,0
1990,40,1,0,0,0,1,163,5,45,0
1990,39,2,0,0,0,1,156,5,40,0
1990,30,1,0,0,0,1,804,6,45,0
1990,26,2,0,0,0,0,313,3,40,0
1990,41,1,0,0,0,0,599,0,37,0
1990,36,2,0,0,0,0,436,3,0,0
1990,32,1,0,1,1,0,877,3,40,0
1990,23,2,0,1,1,0,447,5,40,0
1990,48,1,0,0,0,1,48,1,48,0
1990,46,2,0,0,0,0,274,3,0,0
1990,22,2,1,0,0,0,736,1,37,0
1990,19,1,1,0,0,0,785,1,40,0
1990,45,1,0,1,0,0,56,1,37,0
1990,42,2,0,1,0,1,308,4,40,0
1990,20,1,0,1,0,0,885,3,40,0
1990,19,2,0,1,0,0,777,1,6,0
1990,31,1,2,0,0,1,844,0,40,0
1990,23,2,1,0,0,1,379,4,35,0
1990,24,2,1,0,0,1,313,1,0,0
1990,27,2,1,0,0,0,379,1,0,0
1990,58,1,0,0,0,1,22,1,50,1
1990,48,2,0,0,0,0,677,3,40,0
1990,38,1,0,0,0,1,23,1,48,0
1990,35,2,0,0,0,0,385,4,15,0
1990,54,1,2,0,0,0,575,5,40,0
1990,44,1,0,0,0,0,424,6,40,0
1990,43,2,0,0,0,0,453,5,20,0
1990,60,1,3,0,0,0,823,2,48,1
1990,59,1,3,0,0,0,558,0,60,1
1990,57,1,0,0,0,0,22,1,50,0
1990,58,2,0,0,0,0,628,1,55,0
1990,66,1,0,0,2,0,0,0,0,0
1990,66,2,0,0,0,0,458,4,20,0
1990,31,1,1,0,0,0,444,3,30,0
1990,27,2,1,0,0,0,257,2,40,0
1990,67,1,0,0,0,0,0,0,0,0
1990,66,2,0,0,0,0,0,0,0,0
1990,43,2,1,0,0,0,747,1,35,0
1990,66,1,0,0,0,0,0,0,0,0
1990,61,2,0,0,0,0,0,0,0,0
1990,38,1,1,0,0,0,785,3,40,0
1990,26,1,1,0,0,0,785,1,40,0
1990,42,2,3,0,0,1,95,5,35,0
1990,30,1,2,0,0,1,457,4,45,0
1990,75,1,0,0,0,0,0,0,0,0
1990,72,2,0,0,0,0,0,0,0,0
1990,51,1,0,0,0,0,686,3,40,0
1990,49,2,0,0,0,0,0,0,0,0
1990,51,1,0,0,0,1,22,1,40,0
1990,47,2,0,0,0,1,156,5,35,0
1990,20,1,1,0,0,1,885,4,35,0
1990,40,1,0,0,0,1,503,2,46,0
1990,40,2,0,0,0,1,55,2,0,0
1990,59,1,0,0,0,0,453,4,40,0
1990,53,2,0,0,0,0,0,0,0,0
1990,37,1,1,0,0,1,177,5,50,0
1990,42,1,0,0,0,1,157,5,35,0
1990,42,2,0,0,0,0,274,3,0,0
1990,21,2,1,0,0,0,243,3,45,0
1990,18,1,1,0,0,0,0,0,0,0
1990,51,1,0,0,0,0,257,4,50,1
1990,42,2,0,0,0,0,445,5,0,0
1990,46,1,0,0,0,0,823,1,40,1
1990,42,2,0,0,0,0,453,4,20,0
1990,47,2,1,0,0,0,453,5,40,0
1990,30,1,0,0,0,0,479,0,55,0
1990,31,2,0,0,0,1,329,5,35,0
1990,53,1,0,0,0,1,176,5,40,0
1990,47,2,0,0,0,1,164,5,37,0
1990,22,2,1,0,0,1,313,6,40,0
1990,19,1,1,0,0,1,866,0,45,0
1990,36,1,0,0,0,0,637,1,45,0
1990,34,2,0,0,0,0,319,5,40,0
1990,34,1,1,0,0,1,23,6,37,0
1990,57,1,0,0,0,0,453,5,0,0
1990,65,2,0,0,0,1,447,5,0,0
1990,40,2,2,0,0,0,23,5,40,0
1990,58,1,0,0,0,0,585,4,40,1
1990,58,2,0,0,0,1,379,4,0,0
1990,50,1,0,0,0,0,889,1,40,0
1990,46,2,0,0,0,0,383,4,48,0
1990,65,1,0,3,3,1,22,2,40,1
1990,63,2,0,3,0,1,22,2,40,1
1990,48,1,0,0,0,0,883,1,40,0
1990,49,2,0,0,0,0,0,0,0,0
1990,61,1,0,0,0,0,859,1,48,0
1990,56,2,0,0,0,0,436,5,20,0
1990,32,2,1,0,0,0,313,1,40,0
1990,55,1,0,0,0,1,628,2,40,0
1990,52,2,0,0,0,0,889,2,40,0
1990,66,1,0,0,0,1,389,1,48,0
1990,61,2,0,0,0,0,264,3,20,0
1990,65,2,3,0,0,0,744,1,35,0
1990,59,2,0,0,0,1,163,5,10,0
1990,60,1,0,0,0,1,22,1,40,1
1990,40,2,0,0,0,1,155,5,22,0
1990,38,1,0,0,0,1,23,5,50,1
1990,62,1,1,0,0,0,418,6,0,0
1990,30,1,2,0,0,0,883,3,40,0
1990,73,2,3,0,0,0,0,0,0,0
1990,53,1,0,0,0,0,0,0,0,0
1990,40,2,0,0,0,0,274,3,40,0
1990,31,1,1,2,1,1,686,1,46,0
1990,31,1,3,0,0,0,883,0,10,0
1990,70,2,3,0,0,0,0,0,0,0
1990,24,2,0,0,0,1,157,5,40,0
1990,24,1,0,0,0,1,243,3,40,0
1990,42,1,0,0,0,0,904,6,40,0
1990,39,2,0,0,0,0,754,1,40,0
1990,21,2,1,0,0,0,877,3,30,0
1990,19,2,1,0,0,0,379,5,25,0
1990,21,2,3,0,0,0,458,4,32,0
1990,55,2,0,0,2,1,447,5,40,1
1990,52,1,0,0,0,0,804,2,60,0
1990,45,1,0,0,2,0,585,0,40,0
1990,40,2,0,0,0,0,748,5,40,0
1990,30,1,1,0,0,1,308,5,40,0
1990,67,2,1,0,0,0,433,5,0,0
1990,75,2,3,0,0,0,0,0,0,0
1990,54,1,0,0,0,0,549,5,45,0
1990,46,2,0,0,0,0,276,5,17,0
1990,48,2,3,0,0,0,383,4,40,0
1990,19,2,1,0,0,1,427,5,30,0
1990,63,2,3,0,0,0,744,1,0,0
1990,44,1,0,0,0,1,157,5,40,0
1990,45,2,0,0,0,1,156,5,40,0
1990,22,1,1,0,0,1,889,1,40,0
1990,46,1,0,0,0,0,834,6,37,0
1990,42,2,0,0,0,1,156,5,45,0
1990,71,1,0,0,0,0,518,5,0,0
1990,68,2,0,0,0,0,0,0,0,0
1990,38,2,1,0,0,0,744,1,40,0
1990,32,2,1,0,0,1,744,1,40,0
1990,54,1,0,0,0,0,844,0,40,0
1990,52,2,0,0,0,0,889,1,40,0
1990,22,1,1,0,0,0,889,1,15,0
1990,80,2,3,0,0,0,744,1,40,0
1990,76,2,0,0,0,0,0,0,0,0
1990,77,1,0,0,0,0,0,0,0,0
1990,27,1,0,0,0,0,779,1,40,0
1990,23,2,0,0,0,1,319,5,40,0
1990,51,1,0,0,0,1,389,1,52,0
1990,40,2,0,0,1,1,159,5,0,0
1990,40,1,0,0,0,1,22,4,45,0
1990,35,2,0,0,0,0,379,5,32,0
1990,19,2,1,0,0,1,274,3,50,0
1990,18,2,1,0,0,0,327,4,20,0
1990,70,1,0,0,0,1,0,0,0,0
1990,62,2,0,0,0,1,0,0,0,0
1990,48,1,1,0,0,0,706,1,40,0
1990,44,1,3,0,0,0,335,6,0,0
1990,33,1,0,0,0,1,254,4,45,0
1990,30,2,0,0,0,0,313,1,40,0
1990,47,1,0,0,0,1,22,0,45,1
1990,45,2,0,0,0,0,313,1,16,0
1990,20,1,1,0,0,0,376,5,30,0
1990,19,2,1,0,0,0,453,1,5,0
1990,27,1,0,0,0,0,22,2,45,0
1990,26,2,0,0,0,0,458,4,0,0
1990,58,1,0,0,0,0,804,0,40,0
1990,54,2,0,0,0,0,744,1,40,0
1990,71,1,0,0,0,0,0,0,0,0
1990,67,2,0,0,0,0,0,0,0,0
1990,65,2,0,0,0,1,156,5,0,0
1990,64,1,0,0,0,1,809,2,30,0
1990,36,1,0,0,0,1,375,4,40,0
1990,37,2,0,0,0,1,159,5,35,0
1990,39,1,0,0,0,1,5,6,40,0
1990,30,2,0,3,3,1,444,3,32,0
1990,64,1,0,0,0,0,17,3,30,0
1990,62,2,0,0,0,0,17,3,0,0
1990,65,2,3,0,3,1,22,5,0,0
1990,24,1,0,0,0,0,444,3,40,0
1990,26,2,0,0,0,0,328,6,40,0
1990,38,1,0,0,0,0,243,3,55,0
1990,36,2,0,0,0,0,744,1,30,0
1990,18,2,1,0,0,0,793,3,40,0
1990,63,1,0,0,0,1,373,6,0,0
1990,58,2,0,0,0,0,26,6,0,0
1990,77,2,3,0,0,0,0,0,0,0
1990,69,1,0,0,0,1,0,0,0,0
1990,61,2,0,0,0,0,359,6,40,0
1990,40,1,0,0,0,1,8,0,45,0
1990,35,2,0,0,0,0,313,5,35,0
1990,66,2,3,0,0,0,468,5,0,0
1990,54,2,2,0,0,0,874,1,40,0
1990,30,1,1,0,0,0,453,3,40,0
1990,59,1,0,0,0,1,379,1,50,1
1990,55,2,0,0,0,0,0,0,0,0
1990,79,1,0,0,0,0,0,0,0,0
1990,77,2,0,0,0,0,0,0,0,0
1990,22,1,1,0,0,1,198,2,15,0
1990,71,2,3,0,0,0,0,0,0,0
1990,27,1,0,0,0,0,567,0,50,0
1990,27,2,0,0,0,0,276,3,25,0
1990,46,2,3,1,0,0,743,1,30,0
1990,48,1,0,0,0,0,637,1,45,0
1990,45,2,0,0,0,0,433,3,37,0
1990,19,2,1,0,0,0,383,4,40,0
1990,25,1,0,0,0,0,585,0,48,0
1990,23,2,0,0,0,0,313,4,40,0
1990,56,2,3,0,0,0,436,3,40,0
1990,26,2,3,0,0,0,436,3,6,0
1990,56,2,3,0,0,0,435,1,40,0
1990,19,2,1,0,0,0,435,5,17,0
1990,38,1,0,0,0,0,636,1,45,0
1990,38,2,0,0,0,0,0,0,0,0
1990,37,2,2,0,0,0,444,5,40,0
1990,19,2,1,0,0,1,0,0,0,0
1990,46,1,0,0,0,0,783,1,40,0
1990,45,2,0,0,0,0,453,5,40,0
1990,72,1,0,0,0,0,0,0,0,0
1990,68,2,0,0,0,0,0,0,0,0
1990,25,1,0,0,0,1,567,0,40,0
1990,22,2,0,0,0,0,313,1,40,0
1990,72,2,3,0,0,0,264,3,0,0
1990,47,1,0,0,0,1,22,1,45,0
1990,43,2,0,0,0,0,0,0,0,0
1990,22,1,1,0,0,0,356,1,40,0
1990,29,1,0,0,0,0,22,0,40,0
1990,29,2,0,0,0,0,308,1,40,0
1990,39,1,0,0,0,1,473,0,60,0
1990,39,2,0,0,0,0,804,2,10,0
1990,57,1,0,0,0,1,14,5,45,1
1990,54,2,0,0,0,0,379,5,0,0
1990,68,2,3,0,0,0,0,0,0,0
1990,76,1,1,0,0,0,0,0,0,0
1990,23,1,0,0,0,1,243,3,35,0
1990,23,2,0,0,0,0,337,3,40,0
1990,36,1,0,0,0,0,724,1,48,0
1990,33,2,0,0,0,0,869,0,40,0
1990,32,1,0,0,0,0,628,1,48,0
1990,35,2,0,0,0,1,95,5,25,0
1990,59,1,0,0,0,0,804,1,40,0
1990,55,2,0,0,0,0,458,4,29,0
1990,42,2,3,0,0,1,156,5,35,0
1990,50,1,2,0,0,0,486,3,45,0
1990,34,2,3,0,0,0,469,4,96,0
1990,38,1,0,0,0,1,424,6,40,0
1990,38,2,0,0,0,0,444,5,20,0
1990,38,1,0,0,0,0,804,0,60,0
1990,27,2,0,0,0,0,447,5,40,0
1990,33,1,0,0,0,0,507,2,40,0
1990,27,2,0,0,0,0,804,2,30,0
1990,48,1,0,0,0,1,55,2,47,0
1990,46,2,0,0,0,1,156,5,20,0
1990,32,1,2,0,0,1,22,3,40,0
1990,78,2,3,0,0,0,0,0,0,0
1990,39,1,0,0,0,0,259,3,45,0
1990,34,2,0,0,0,1,0,0,0,0
1990,25,1,0,0,0,0,263,3,65,1
1990,26,2,0,0,0,0,0,0,0,0
1990,65,1,0,0,0,0,453,4,25,0
1990,68,2,0,0,0,0,0,0,0,0
1990,35,1,2,0,0,1,22,1,40,0
1990,33,2,2,0,0,0,0,0,0,0
1990,40,1,2,0,0,0,263,3,52,0
1990,32,2,1,0,0,1,21,5,40,0
1990,58,1,0,0,0,0,303,3,37,0
1990,57,2,0,0,0,0,628,1,40,0
1990,23,1,1,0,0,0,27,3,24,0
1990,40,1,2,0,0,0,505,4,70,0
1990,33,2,2,0,0,0,0,0,0,0
1990,56,1,2,0,0,0,549,0,40,0
1990,56,2,2,0,0,0,313,6,38,0
1990,52,1,0,0,0,0,364,1,40,0
1990,50,2,0,0,0,0,744,1,40,0
1990,41,1,0,0,0,0,453,1,0,0
1990,42,2,0,0,0,0,889,1,40,0
1990,34,1,1,0,0,0,217,5,40,0
1990,36,1,0,0,0,1,166,3,50,0
1990,33,2,0,0,0,0,307,1,40,0
1990,36,1,0,0,0,1,226,2,40,1
1990,40,2,0,0,3,0,0,0,0,0
1990,20,1,1,0,0,1,276,3,10,0
1990,35,2,1,0,0,1,195,5,40,0
1990,55,1,0,0,0,0,14,5,40,0
1990,53,2,0,0,0,0,0,0,0,0
1990,47,1,0,0,0,1,257,4,60,0
1990,47,2,0,0,0,0,276,3,40,0
1990,51,1,0,0,0,1,304,5,40,1
1990,51,2,0,3,0,1,156,5,40,0
1990,26,2,3,0,0,0,185,3,40,0
1990,56,1,0,0,0,0,278,1,40,0
1990,45,2,0,0,0,0,278,1,60,0
1990,24,1,1,0,0,0,856,1,20,0
1990,20,2,1,0,0,1,878,1,40,0
1990,23,2,3,0,0,0,737,1,40,0
1990,19,1,1,0,0,0,278,1,0,0
1990,39,2,1,0,0,0,379,6,40,0
1990,47,2,2,0,0,0,276,3,35,0
1990,70,2,3,0,0,0,0,0,0,0
1990,35,1,0,0,0,1,22,1,40,1
1990,33,2,0,0,0,1,458,4,35,0
1990,75,1,3,0,0,0,473,0,40,0
1990,37,1,0,0,0,0,453,1,40,0
1990,32,2,0,0,0,0,435,3,0,0
1990,28,2,1,0,0,0,744,1,60,0
1990,32,1,2,0,0,0,869,0,40,0
1990,33,1,0,0,0,0,844,0,40,1
1990,32,2,0,0,0,0,337,0,40,0
1990,30,1,0,0,0,0,567,0,40,0
1990,28,2,0,0,0,0,434,3,40,0
1990,29,1,0,0,0,0,877,1,45,0
1990,26,2,0,0,0,0,0,0,0,0
1990,42,2,2,0,0,0,785,1,40,0
1990,21,2,1,0,0,1,319,5,30,0
1990,39,1,0,0,0,0,628,1,50,0
1990,40,2,0,0,0,0,447,5,32,0
1990,21,1,0,0,0,0,706,1,40,0
1990,31,1,0,0,0,0,637,1,40,0
1990,26,2,0,0,0,0,265,3,0,0
1990,47,1,2,0,0,0,844,0,50,0
1990,52,1,0,0,0,0,473,0,70,0
1990,52,2,0,0,0,0,0,0,0,0
1990,46,1,0,0,0,0,637,1,40,0
1990,50,2,0,0,0,0,796,1,40,0
1990,74,2,3,0,0,0,0,0,0,0
1990,43,1,0,0,0,1,567,0,40,0
1990,39,2,0,0,0,0,383,4,52,0
1990,29,1,1,0,0,0,744,1,35,0
1990,34,2,2,0,0,0,888,1,40,0
1990,39,1,0,0,0,1,156,5,40,0
1990,37,2,0,0,0,1,389,6,37,0
1990,34,1,0,0,0,0,505,4,45,0
1990,30,2,0,0,0,1,376,1,45,0
1990,35,1,0,0,0,0,426,3,15,0
1990,30,2,0,0,0,0,777,1,40,0
1990,65,2,0,0,0,0,313,0,33,0
1990,59,1,0,0,0,0,22,0,45,0
1990,30,1,0,0,0,0,785,1,40,0
1990,27,2,0,0,0,0,313,4,0,0
1990,52,1,0,0,0,1,33,6,40,0
1990,43,2,0,0,0,1,156,5,40,0
1990,32,1,0,0,0,0,804,3,32,0
1990,27,2,0,0,0,0,0,0,0,0
1990,71,1,0,0,0,0,804,6,30,0
1990,67,2,0,0,0,0,0,0,0,0
1990,32,1,0,0,0,0,637,1,45,0
1990,29,2,0,0,0,1,445,5,37,0
1990,38,2,2,1,0,1,889,1,40,0
1990,62,1,0,0,0,0,843,2,24,0
1990,57,2,0,0,0,0,744,1,2,0
1990,24,1,1,0,0,0,637,1,40,0
1990,23,2,1,0,0,0,458,4,40,0
1990,67,2,3,0,0,0,447,5,40,0
1990,68,1,0,0,0,0,0,0,0,0
1990,67,2,0,0,0,0,0,0,0,0
1990,31,2,1,0,0,0,339,1,40,0
1990,46,1,0,0,0,0,636,1,40,0
1990,42,2,0,0,0,0,466,5,12,0
1990,45,1,0,0,0,0,514,4,40,1
1990,45,2,0,0,0,1,458,4,20,0
1990,23,2,1,0,0,1,315,4,35,0
1990,46,1,0,0,0,0,869,0,50,0
1990,48,2,0,0,0,0,748,4,40,0
1990,25,1,1,0,0,1,869,0,40,0
1990,51,1,0,0,0,0,547,6,40,0
1990,60,2,0,0,0,0,0,0,0,0
1990,59,1,0,0,0,0,57,6,60,0
1990,55,2,0,0,0,0,276,3,80,0
1990,53,1,0,0,0,0,0,0,0,0
1990,42,2,0,0,0,0,0,0,0,0
1990,33,1,0,0,0,0,475,0,80,0
1990,27,2,0,0,0,1,313,5,40,0
1990,51,1,0,0,0,0,253,4,60,0
1990,44,2,0,0,0,1,253,4,60,0
1990,32,1,0,0,0,0,575,0,40,0
1990,29,2,0,0,0,0,436,3,40,0
1990,26,1,0,0,0,0,783,1,50,0
1990,24,2,0,0,0,0,458,4,20,0
1990,45,1,0,0,0,0,784,1,40,0
1990,42,2,0,0,0,0,804,2,30,0
1990,19,1,1,0,0,1,0,0,0,0
1990,54,2,3,0,0,0,779,1,40,0
1990,57,1,2,0,0,0,455,4,60,0
1990,53,2,2,0,0,0,337,4,40,0
1990,36,1,0,0,0,0,696,1,40,0
1990,36,2,0,0,0,0,319,3,40,0
1990,40,2,0,0,0,1,257,2,0,0
1990,37,1,0,0,0,0,588,0,0,0
1990,19,1,1,0,0,0,877,3,40,0
1990,72,2,3,0,0,0,447,5,0,0
1990,35,1,0,0,0,1,156,5,40,0
1990,34,2,0,0,0,1,95,5,37,0
1990,36,1,0,0,0,0,783,0,40,0
1990,31,2,0,0,0,0,479,0,0,0
1990,44,1,0,0,0,0,808,2,40,0
1990,45,2,0,0,0,0,808,5,60,1
1990,24,1,1,0,0,0,769,1,42,0
1990,59,1,0,0,0,0,579,0,40,0
1990,53,2,0,0,0,0,277,3,9,0
1990,19,1,1,0,0,0,869,0,40,0
1990,39,1,0,0,0,1,769,1,40,0
1990,39,2,0,0,0,1,156,5,30,0
1990,71,2,3,0,0,1,0,0,0,0
1990,57,2,3,0,0,0,435,3,0,0
1990,28,1,0,0,0,1,87,5,40,1
1990,23,2,0,0,0,1,95,5,40,0
1990,76,2,3,0,0,0,0,0,0,0
1990,76,1,1,0,0,0,0,0,0,0
1990,36,1,0,0,0,0,259,3,40,0
1990,37,2,0,0,0,0,383,4,37,0
1990,34,1,2,0,0,0,869,0,60,0
1990,27,2,1,0,0,0,436,3,0,0
1990,22,2,3,0,0,0,315,4,40,0
1990,79,2,3,0,0,1,0,0,0,0
1990,78,2,3,0,0,0,0,0,0,0
1990,67,1,0,0,0,0,253,4,60,0
1990,59,2,0,0,0,0,0,0,0,0
1990,77,2,3,0,0,1,473,0,14,0
1990,78,2,3,0,0,0,669,1,15,0
1990,61,1,0,0,0,0,199,5,20,0
1990,61,2,0,0,0,0,348,3,31,0
1990,43,1,0,0,0,0,686,3,40,0
1990,43,2,0,0,0,0,0,0,0,0
1990,19,1,1,0,0,0,785,3,32,0
1990,21,1,0,0,0,1,883,2,20,0
1990,22,2,0,0,0,0,337,5,40,0
1990,29,1,0,0,0,1,156,5,37,0
1990,25,2,0,0,0,1,264,3,30,0
1990,61,1,0,0,0,0,473,0,17,0
1990,60,2,0,0,0,0,473,0,30,0
1990,65,1,0,0,2,1,154,5,0,0
1990,56,2,0,0,0,1,183,5,24,0
1990,70,2,3,0,0,1,0,0,0,0
1990,47,1,0,0,0,0,869,0,40,0
1990,21,2,0,0,0,0,436,3,30,0
1990,63,2,0,0,0,0,22,1,40,0
1990,64,1,0,0,0,0,22,1,0,0
1990,46,1,0,0,0,1,628,1,50,1
1990,46,2,0,0,0,1,167,5,50,0
1990,22,1,1,0,0,1,447,5,40,0
1990,20,2,1,0,0,1,447,5,12,0
1990,19,2,1,0,0,1,447,5,37,0
1990,71,2,3,0,0,0,0,0,0,0
1990,32,2,1,0,0,1,84,5,40,0
1990,71,1,0,0,0,0,259,1,25,0
1990,69,2,0,0,0,0,0,0,0,0
1990,33,1,0,0,0,0,783,1,40,0
1990,32,2,0,0,0,0,0,0,0,0
1990,52,2,2,0,0,0,0,0,0,0
1990,18,1,1,0,0,1,436,3,0,0
1990,55,2,2,0,0,0,789,1,40,0
1990,40,1,0,0,0,1,167,5,46,0
1990,39,2,0,0,0,1,156,5,40,0
1990,57,2,3,0,0,0,779,1,40,0
1990,73,1,0,0,0,1,337,3,14,0
1990,72,2,0,0,0,1,0,0,0,0
1990,18,1,0,0,0,0,0,0,0,0
1990,70,2,0,0,0,1,0,0,0,0
1990,54,1,0,0,0,0,418,6,40,0
1990,52,2,0,0,0,0,277,3,30,0
1990,21,1,1,0,0,1,207,5,40,0
1990,33,1,0,0,0,0,774,1,45,0
1990,40,2,0,0,0,0,0,0,0,0
1990,29,2,1,0,0,0,883,1,40,0
1990,20,1,1,0,0,0,869,0,50,0
1990,54,2,0,0,0,0,0,0,0,0
1990,58,1,0,0,0,0,0,0,0,0
1990,55,1,0,0,0,1,307,1,40,0
1990,52,2,0,0,0,1,808,5,40,0
1990,59,1,0,0,0,1,23,1,45,0
1990,57,2,0,0,0,0,276,5,15,0
1990,50,1,0,0,0,1,156,5,35,0
1990,42,2,0,0,0,0,253,4,40,0
1990,20,2,1,0,0,0,435,3,30,0
1990,67,1,0,0,0,0,0,0,0,0
1990,62,2,0,0,0,0,274,3,36,0
1990,23,1,1,0,0,0,575,0,40,0
1990,65,1,0,0,0,0,804,1,40,0
1990,64,2,0,0,0,0,779,1,50,0
1990,59,1,0,0,0,0,765,1,40,0
1990,56,2,0,0,0,0,0,0,0,0
1990,72,1,0,0,2,1,22,1,15,1
1990,71,2,0,0,2,0,0,0,0,0
1990,70,1,0,0,0,0,0,0,0,0
1990,70,2,0,0,0,0,0,0,0,0
1990,33,1,0,0,0,1,22,1,45,1
1990,27,2,0,0,0,1,447,5,11,0
1990,32,1,0,0,0,1,599,0,40,0
1990,31,2,0,0,0,1,0,0,0,0
1990,39,1,0,0,0,0,585,1,50,0
1990,33,2,0,0,0,0,276,5,30,0
1990,31,1,0,0,0,0,779,1,42,0
1990,27,2,0,0,0,0,376,4,15,0
1990,42,2,2,0,0,0,796,1,40,0
1990,67,1,1,0,0,1,22,4,7,0
1990,63,1,0,0,0,1,637,1,0,0
1990,64,2,0,0,0,0,0,0,0,0
1990,55,1,0,0,0,1,859,1,40,0
1990,52,2,0,0,0,0,274,3,20,0
1990,67,2,3,0,0,0,436,3,40,0
1990,26,1,1,0,0,0,804,2,60,0
1990,29,2,3,3,3,1,379,3,80,0
1990,68,2,0,0,0,1,0,0,0,0
1990,47,2,3,0,0,0,276,3,0,0
1990,38,1,0,0,0,0,275,5,80,0
1990,35,2,0,0,0,0,435,5,20,0
1990,37,2,2,0,0,1,204,5,36,0
1990,41,2,1,0,0,0,426,1,40,0
1990,43,1,0,0,0,0,567,0,45,0
1990,38,2,0,0,0,0,328,3,40,0
1990,18,2,1,0,0,1,259,1,30,0
1990,65,2,3,0,0,0,0,0,0,0
1990,67,1,0,0,0,0,0,0,0,0
1990,65,2,0,0,0,0,365,3,0,0
1990,58,2,3,0,0,0,0,0,0,0
1990,21,1,1,0,0,1,737,1,40,0
1990,53,1,0,0,0,1,365,1,40,0
1990,51,2,0,0,0,1,156,5,18,0
1990,19,1,1,0,0,1,869,0,37,0
1990,19,1,1,0,0,1,804,3,30,0
1990,18,1,1,0,0,1,276,3,30,0
1990,46,2,0,0,0,1,156,5,40,0
1990,50,1,0,0,0,0,22,0,50,0
1990,22,2,1,0,0,1,7,4,40,0
1990,26,1,0,0,0,0,804,3,40,0
1990,22,2,0,0,0,0,276,3,28,0
1990,25,1,0,0,0,0,878,1,40,0
1990,22,2,0,0,0,0,889,3,39,0
1990,37,1,0,0,0,0,376,1,47,0
1990,34,2,0,0,0,0,379,2,24,0
1990,50,1,0,0,0,0,734,1,40,0
1990,49,2,0,0,0,0,749,1,35,0
1990,30,1,1,0,0,0,783,1,40,0
1990,29,1,1,0,0,0,783,1,40,0
1990,34,1,0,0,0,0,785,1,50,0
1990,25,2,0,0,0,0,859,1,6,0
1990,33,1,0,0,0,0,686,3,66,0
1990,29,2,0,0,0,0,466,5,45,0
1990,33,1,1,0,0,0,518,1,45,0
1990,33,2,1,0,0,0,376,4,40,0
1990,45,1,0,0,0,1,47,0,48,0
1990,43,2,0,0,0,0,877,3,40,0
1990,32,2,3,0,0,1,355,2,25,0
1990,62,2,3,0,0,0,0,0,0,0
1990,43,2,2,0,0,1,0,0,0,0
1990,47,1,0,0,0,0,859,1,56,0
1990,47,2,0,0,0,0,17,3,0,0
1990,20,1,1,0,0,0,523,0,40,0
1990,68,1,0,0,0,0,0,0,0,0
1990,69,2,0,0,0,0,0,0,0,0
1990,39,2,2,0,0,0,777,1,54,0
1990,33,2,2,0,0,0,785,1,40,0
1990,45,1,0,0,0,1,156,5,40,0
1990,45,2,0,0,0,1,156,5,40,0
1990,36,1,0,0,0,0,637,1,47,0
1990,35,2,0,0,0,1,433,3,5,0
1990,58,1,2,0,0,0,505,4,50,0
1990,79,2,3,0,0,0,0,0,0,0
1990,44,1,0,0,0,1,13,1,40,1
1990,45,2,0,0,0,1,389,1,40,0
1990,21,2,1,0,0,1,318,2,35,0
1990,34,2,1,0,0,0,22,4,40,0
1990,38,1,0,0,0,0,364,1,40,0
1990,38,2,0,0,0,0,0,0,0,0
1990,26,1,0,0,0,0,759,1,40,0
1990,22,2,0,0,0,0,436,3,40,0
1990,29,2,3,0,0,0,447,5,40,0
1990,55,1,0,0,2,0,436,3,70,0
1990,51,2,0,0,2,0,436,3,50,0
1990,25,1,3,0,2,0,436,3,50,0
1990,77,1,0,0,0,0,0,0,0,0
1990,75,2,0,0,0,0,0,0,0,0
1990,26,2,1,0,0,0,259,1,40,0
1990,33,1,2,0,0,0,889,1,40,0
1990,26,1,1,0,0,0,719,1,40,0
1990,38,1,0,1,0,1,363,5,0,0
1990,41,2,0,1,0,1,389,1,40,0
1990,24,1,1,0,0,0,739,1,42,0
1990,26,2,1,0,0,0,379,4,40,0
1990,44,1,0,0,0,1,84,5,60,1
1990,44,2,0,0,0,1,163,5,0,0
1990,51,1,1,2,0,0,357,1,40,0
1990,23,1,0,0,0,0,544,3,40,0
1990,29,2,0,0,0,1,159,5,35,0
1990,25,2,1,0,0,0,385,3,40,0
1990,24,1,0,0,0,0,22,4,75,1
1990,24,2,0,0,0,0,435,3,0,0
1990,19,1,0,0,0,1,883,3,36,0
1990,18,2,0,0,0,0,276,3,20,0
1990,48,2,1,1,0,0,888,3,0,0
1990,26,2,3,1,0,1,435,3,40,0
1990,42,1,2,3,3,1,779,1,40,0
1990,32,2,2,0,0,0,274,3,40,0
1990,40,1,0,0,0,1,176,5,50,0
1990,41,2,0,0,0,1,276,3,20,0
1990,48,1,0,0,0,1,243,3,46,0
1990,45,2,0,0,0,0,313,3,36,0
1990,19,1,1,0,0,0,364,3,40,0
1990,28,1,3,0,0,1,253,4,60,1
1990,29,1,0,0,0,0,796,3,40,0
1990,29,2,0,0,0,0,25,3,40,0
1990,59,2,2,0,0,0,804,4,40,0
1990,65,1,0,0,0,1,88,5,50,1
1990,49,2,0,0,0,0,15,5,0,0
1990,47,1,0,0,0,0,22,1,40,0
1990,31,2,0,0,0,0,319,2,55,0
1990,33,1,0,0,0,0,637,1,40,0
1990,32,2,0,0,0,0,25,6,10,0
1990,27,2,2,0,0,0,434,3,40,0
1990,52,1,0,0,0,1,65,4,40,0
1990,49,2,0,0,0,0,0,0,0,0
1990,25,1,1,0,0,0,567,0,40,0
1990,53,1,0,0,0,0,844,0,40,0
1990,46,2,0,0,0,0,458,4,28,0
1990,57,1,0,0,0,0,0,0,0,0
1990,55,2,0,0,0,0,0,0,0,0
1990,32,1,1,0,0,0,485,0,40,0
1990,61,1,0,0,0,0,35,6,37,0
1990,59,2,0,0,0,0,373,4,0,0
1990,71,1,0,0,0,0,276,3,40,0
1990,69,2,0,0,0,1,313,3,40,0
1990,70,1,0,0,0,0,243,3,18,0
1990,61,2,0,0,0,0,0,0,0,0
1990,41,1,3,0,0,0,804,1,40,0
1990,36,2,1,0,0,0,0,0,0,0
1990,67,1,3,0,0,0,436,3,25,0
1990,76,2,1,0,0,0,0,0,0,0
1990,72,2,1,0,0,0,0,0,0,0
1990,29,2,1,0,0,1,235,5,50,0
1990,62,1,0,0,0,1,25,4,50,1
1990,39,2,0,0,0,1,0,0,0,0
1990,44,1,0,0,0,1,178,5,25,1
1990,42,2,0,0,0,1,187,5,40,0
1990,23,1,1,0,0,1,165,5,20,0
1990,76,1,0,0,0,1,178,5,50,1
1990,54,2,0,0,0,1,178,5,50,1
1990,36,1,1,0,0,1,194,3,33,0
1990,74,2,0,0,0,1,185,3,35,0
1990,59,2,3,1,0,0,0,0,0,0
1990,34,2,1,1,0,1,0,0,0,0
1990,75,2,0,1,0,0,449,4,16,0
1990,32,1,1,0,0,1,183,5,40,0
1990,36,1,0,0,0,1,243,3,40,1
1990,33,2,0,0,0,1,154,5,40,0
1990,45,2,1,0,0,0,385,5,35,0
1990,34,1,0,3,3,0,435,3,0,0
1990,30,2,0,3,3,0,0,0,0,0
1990,69,2,3,1,0,0,0,0,0,0
1990,39,1,1,1,0,0,453,3,0,0
1990,21,1,1,1,0,0,444,3,0,0
1990,33,1,1,1,0,0,889,1,40,0
1990,79,2,3,1,0,0,0,0,0,0
1990,27,1,1,1,0,0,453,1,40,0
1990,28,2,1,1,0,0,335,6,0,0
1990,42,2,2,0,0,0,22,2,40,0
1990,45,1,0,0,0,0,549,1,40,0
1990,45,2,0,0,0,0,0,0,0,0
1990,18,1,1,0,0,0,436,3,0,0
1990,23,1,1,0,0,0,774,5,40,0
1990,72,1,0,0,0,0,669,4,36,0
1990,69,2,0,0,0,0,0,0,0,0
1990,76,1,0,0,2,0,0,0,0,0
1990,73,2,0,0,2,0,0,0,0,0
1990,36,1,3,1,0,1,159,6,40,0
1990,59,1,1,1,0,1,0,0,0,0
1990,27,2,1,0,0,1,313,4,43,0
1990,25,1,1,0,0,0,734,3,40,0
1990,76,2,3,1,0,0,0,0,0,0
1990,31,2,1,1,0,0,0,0,0,0
1990,70,2,3,0,0,0,0,0,0,0
1990,18,1,1,0,0,1,0,0,0,0
1990,34,1,1,0,0,0,439,3,32,0
1990,33,1,1,0,0,0,436,3,35,0
1990,23,1,1,1,0,0,378,3,40,0
1990,32,2,3,0,0,0,7,4,40,0
1990,20,1,1,0,0,1,356,4,37,0
1990,77,2,3,0,0,0,208,5,40,0
1990,52,1,0,0,0,0,585,0,45,0
1990,48,2,0,0,0,0,383,4,24,0
1990,24,2,1,0,0,0,313,5,40,0
1990,22,1,1,0,0,1,576,0,40,0
1990,20,2,1,0,0,0,335,4,40,0
1990,76,2,3,0,0,0,0,0,0,0
1990,66,1,0,0,0,0,687,3,21,0
1990,62,2,0,0,0,0,0,0,0,0
1990,45,1,3,1,0,0,804,3,40,0
1990,34,2,1,1,0,0,469,4,40,0
1990,67,1,0,0,0,0,804,2,0,0
1990,52,2,0,0,0,0,0,0,0,0
1990,30,1,3,0,0,0,804,3,40,0
1990,23,1,1,0,0,0,0,0,0,0
1990,18,2,1,0,0,0,319,5,0,0
1990,48,1,0,0,0,0,783,1,40,0
1990,48,2,0,0,0,0,337,2,40,0
1990,26,2,2,0,0,0,0,0,0,0
1990,43,1,0,0,0,0,337,4,52,0
1990,45,2,0,0,0,0,0,0,0,0
1990,21,2,1,0,0,0,462,5,20,0
1990,19,2,1,0,0,0,462,5,20,0
1990,69,2,3,0,0,0,0,0,0,0
1990,67,1,0,0,0,0,0,0,0,0
1990,65,2,0,0,0,0,0,0,0,0
1990,65,1,0,0,0,0,156,5,20,0
1990,62,2,0,0,0,1,0,0,0,0
1990,30,1,1,0,0,1,178,5,55,1
1990,21,1,1,0,0,1,904,6,50,0
1990,34,1,0,0,0,1,8,6,40,0
1990,39,2,0,0,0,1,26,6,40,0
1990,45,1,1,0,0,0,585,1,40,0
1990,58,2,2,0,0,0,0,0,0,0
1990,31,2,3,0,0,0,435,3,37,0
1990,38,1,2,2,0,0,436,3,40,0
1990,34,1,2,0,0,1,7,4,37,0
1990,50,1,1,0,0,0,447,5,40,0
1990,44,2,2,0,0,0,17,3,45,0
1990,22,1,1,0,0,0,575,0,40,0
1990,20,1,1,0,0,0,426,3,37,0
1990,56,2,2,1,0,0,375,4,44,0
1990,26,2,0,0,0,0,313,4,37,0
1990,23,1,0,0,0,0,869,0,40,0
1990,26,1,0,0,0,0,549,1,40,0
1990,29,2,0,0,0,0,335,3,40,0
1990,55,2,2,1,0,1,156,5,35,0
1990,31,2,2,1,0,1,447,5,40,0
1990,43,2,3,1,0,1,303,2,40,0
1990,24,1,1,1,0,1,436,3,40,0
1990,38,1,1,1,0,0,449,0,8,0
1990,32,1,0,1,0,1,356,4,45,0
1990,31,2,0,1,0,1,335,4,37,0
1990,41,1,0,1,0,0,303,2,40,0
1990,42,2,0,1,0,1,303,6,40,0
1990,22,1,1,1,0,0,443,3,40,0
1990,68,1,0,0,0,0,575,0,0,0
1990,66,2,0,0,0,0,0,0,0,0
1990,34,1,0,0,0,1,203,5,70,0
1990,33,2,0,0,0,1,13,1,40,0
1990,43,2,3,1,0,1,313,4,37,0
1990,20,1,1,1,0,1,277,3,40,0
1990,28,1,1,1,1,0,436,3,40,0
1990,33,1,3,1,1,0,505,4,60,0
1990,68,1,0,3,0,0,0,0,0,0
1990,73,2,0,3,0,0,0,0,0,0
1990,38,2,1,3,0,0,0,0,0,0
1990,40,2,1,1,1,0,447,5,30,0
1990,57,2,3,1,1,0,0,0,0,0
1990,18,2,1,1,1,0,229,4,12,0
1990,58,1,0,1,0,0,307,2,40,0
1990,61,2,0,1,0,0,0,0,0,0
1990,75,2,0,1,0,0,458,4,40,0
1990,30,1,3,1,1,0,449,5,40,0
1990,25,2,1,0,0,1,444,3,40,0
1990,19,1,1,0,0,1,363,6,40,0
1990,70,2,1,0,0,1,0,0,0,0
1990,21,2,1,0,0,1,323,2,0,0
1990,20,2,1,0,0,1,348,2,35,0
1990,20,2,1,0,0,1,175,5,40,0
1990,20,2,1,0,0,1,313,4,30,0
1990,21,2,1,0,0,0,435,3,40,0
1990,68,2,1,0,0,0,0,0,0,0
1990,18,1,1,0,0,1,379,5,0,0
1990,72,1,0,1,0,0,0,0,0,0
1990,67,2,0,1,0,0,0,0,0,0
1990,21,2,1,1,0,0,276,3,40,0
1990,48,2,1,1,0,0,335,5,40,0
1990,26,2,1,1,0,1,276,3,44,0
1990,58,2,1,1,0,0,0,0,0,0
1990,78,1,3,1,0,0,457,4,25,0
1990,75,2,3,1,0,0,0,0,0,0
1990,36,2,1,1,0,0,319,6,40,0
1990,18,1,1,1,0,0,37,5,20,0
1990,38,1,2,1,0,0,0,0,0,0
1990,25,1,0,0,0,0,514,4,40,0
1990,27,2,0,0,0,0,435,3,24,0
1990,33,1,0,3,3,1,154,5,40,0
1990,30,2,0,3,3,1,363,1,40,0
1990,67,2,3,3,3,0,0,0,0,0
1990,44,1,0,1,0,0,235,5,40,0
1990,41,2,0,1,0,0,463,2,25,0
1990,61,1,0,1,0,0,263,3,50,0
1990,58,2,0,1,0,0,447,5,0,0
1990,65,1,0,1,0,0,18,4,40,0
1990,64,2,0,1,0,1,14,5,0,0
1990,55,2,3,1,0,0,0,0,0,0
1990,73,2,2,1,0,1,0,0,0,0
1990,54,2,1,1,0,0,0,0,0,0
1990,26,2,1,1,0,0,276,0,0,0
1990,20,2,1,1,0,0,213,3,0,0
1990,23,1,1,1,0,0,0,0,0,0
1990,31,2,1,0,0,0,435,3,40,0
1990,72,2,3,1,0,0,0,0,0,0
1990,25,1,0,1,0,0,804,1,40,0
1990,28,2,0,1,0,1,777,1,40,0
1990,44,2,2,1,0,0,0,0,0,0
1990,21,2,1,1,0,1,0,0,0,0
1990,40,2,3,0,0,0,379,5,40,0
1990,40,2,2,0,0,1,163,5,0,0
1990,20,1,1,0,0,1,486,0,8,0
1990,36,1,0,1,1,1,555,1,48,0
1990,35,2,0,1,1,1,444,5,40,0
1990,72,1,0,0,0,0,269,3,0,0
1990,71,2,0,0,0,0,0,0,0,0
1990,50,1,1,0,0,1,0,0,0,0
1990,47,1,2,1,0,1,257,0,40,0
1990,38,2,1,1,0,1,73,1,40,0
1990,70,2,3,1,0,0,156,5,25,1
1990,52,1,3,1,0,0,22,2,40,0
1990,24,1,3,1,0,0,877,3,40,0
1990,22,2,1,1,0,0,0,0,0,0
1990,46,1,2,1,0,0,558,0,50,0
1990,35,1,1,1,0,1,694,6,40,0
1990,61,2,0,1,0,0,447,5,40,0
1990,72,1,0,1,0,0,889,2,35,0
1990,47,2,2,1,0,0,0,0,0,0
1990,25,2,1,1,0,0,447,5,0,0
1990,23,2,1,1,0,0,0,0,0,0
1990,49,1,1,1,0,0,804,2,47,0
1990,44,1,3,1,0,0,313,6,40,0
1990,39,2,3,1,0,1,354,2,40,0
1990,63,1,3,1,0,0,0,0,0,0
1990,29,2,1,1,0,0,373,3,40,0
1990,28,2,1,1,0,0,276,3,8,0
1990,75,2,3,0,0,0,0,0,0,0
1990,35,2,1,0,0,0,435,3,0,0
1990,52,1,0,1,0,0,174,5,40,1
1990,51,2,0,1,0,0,469,4,40,0
1990,27,2,2,1,0,1,418,6,40,0
1990,25,2,1,1,2,1,17,3,12,0
1990,24,1,1,1,2,1,808,2,60,0
1990,28,2,1,1,0,0,447,5,40,0
1990,63,1,3,1,0,0,265,3,0,0
1990,24,1,1,1,0,0,453,4,20,0
1990,32,2,1,1,0,0,449,5,0,0
1990,66,1,1,1,0,0,785,1,24,0
1990,35,1,1,2,0,0,0,0,0,0
1990,40,2,1,1,0,0,383,4,40,0
1990,26,2,1,1,0,0,447,4,0,0
1990,46,1,1,1,0,0,0,0,0,0
1990,53,2,3,1,0,0,0,0,0,0
1990,65,2,3,1,0,0,174,5,40,0
1990,20,2,1,1,0,0,0,0,0,0
1990,22,1,1,1,0,0,447,5,40,0
1990,18,1,1,1,0,0,0,0,0,0
1990,67,1,2,1,0,0,0,0,0,0
1990,26,2,1,0,0,1,0,0,0,0
1990,73,2,3,2,0,0,0,0,0,0
1990,76,2,3,2,0,0,0,0,0,0
1990,80,1,0,0,0,0,0,0,0,0
1990,23,2,1,0,0,0,0,0,0,0
1990,25,2,1,0,0,1,23,5,37,0
1990,24,1,1,0,0,1,276,3,32,0
1990,56,1,0,3,3,0,0,0,0,0
1990,51,2,0,3,3,0,0,0,0,0
1990,21,1,1,3,3,0,0,0,0,0
1990,19,1,1,3,3,0,0,0,0,0
1990,56,2,0,1,0,0,0,0,0,0
1990,63,1,0,1,0,0,0,0,0,0
1990,54,1,3,0,0,0,0,0,0,0
1990,57,2,3,0,0,0,0,0,0,0
1990,72,1,0,0,0,0,0,0,0,0
1990,57,2,0,0,0,1,319,5,40,0
1990,33,1,1,0,0,1,785,1,40,0
1990,24,1,0,0,0,0,0,0,0,0
1990,65,2,0,0,0,0,0,0,0,0
1990,71,2,3,0,0,0,0,0,0,0
1990,45,1,0,0,0,1,856,2,40,0
1990,37,2,0,0,0,0,37,5,20,0
1990,44,1,0,0,0,0,263,3,65,0
1990,43,2,0,0,0,0,313,5,45,0
1990,20,1,1,0,0,0,336,5,45,0
1990,22,2,1,0,0,0,435,3,30,0
1990,47,1,1,0,0,0,0,0,0,0
1990,39,2,3,2,0,0,0,0,0,0
1990,19,1,1,2,0,0,453,4,0,0
1990,24,1,0,2,0,0,785,1,40,0
1990,29,2,0,2,0,1,683,1,40,0
1990,30,2,3,2,0,0,0,0,0,0
1990,56,2,2,0,0,0,744,1,40,0
1990,21,2,1,0,0,1,447,5,44,0
1990,35,2,1,1,0,1,337,4,40,0
1990,68,2,3,0,0,0,0,0,0,0
1990,42,1,0,0,2,1,57,0,24,0
1990,36,2,0,0,2,1,84,5,32,0
1990,59,2,1,0,0,0,796,1,40,0
1990,42,1,0,0,0,1,308,4,40,0
1990,41,2,0,0,0,0,313,5,35,0
1990,18,1,1,0,0,0,0,0,0,0
1990,61,1,0,0,0,0,796,1,40,0
1990,60,2,0,0,0,0,796,1,0,0
1990,75,2,3,0,0,0,0,0,0,0
1990,41,1,0,0,0,0,257,2,40,0
1990,30,2,0,0,0,0,0,0,0,0
1990,77,2,1,0,0,0,0,0,0,0
1990,45,2,2,0,2,1,73,5,40,0
1990,46,1,0,0,0,0,418,6,40,0
1990,44,2,0,0,0,0,313,5,35,0
1990,24,1,1,0,0,0,575,0,40,0
1990,19,1,1,0,0,0,436,3,40,0
1990,31,1,1,0,0,0,354,2,40,0
1990,80,2,1,0,0,0,0,0,0,0
1990,80,2,3,0,0,0,0,0,0,0
1990,45,2,2,0,0,0,313,4,40,0
1990,45,1,0,0,0,0,417,6,42,0
1990,43,2,0,0,0,0,253,4,37,0
1990,23,2,1,0,0,1,343,4,37,0
1990,19,1,1,0,0,1,217,5,40,0
1990,36,2,2,0,0,1,243,3,40,0
1990,37,1,1,2,0,0,668,4,40,0
1990,53,2,1,0,0,0,0,0,0,0
1990,44,1,0,0,0,1,22,0,60,1
1990,35,2,0,0,0,0,243,3,40,0
1990,79,2,3,0,0,0,0,0,0,0
1990,54,1,0,1,0,1,84,5,60,0
1990,50,2,0,1,0,1,156,5,27,0
1990,41,2,1,0,0,1,21,5,50,0
1990,60,1,0,0,0,1,154,5,52,1
1990,61,2,0,0,0,1,21,5,0,0
1990,53,2,2,0,0,1,339,5,35,0
1990,39,1,3,0,0,0,485,0,40,0
1990,75,2,3,1,0,0,0,0,0,0
1990,69,1,2,1,0,0,0,0,0,0
1990,64,2,2,1,0,0,0,0,0,0
1990,50,2,3,1,0,0,877,3,37,0
1990,73,2,1,1,0,0,0,0,0,0
1990,31,2,1,1,0,1,389,6,40,0
1990,27,1,1,1,0,0,433,3,60,0
1990,25,1,1,1,0,0,439,5,48,0
1990,23,1,1,1,0,0,523,2,40,0
1990,21,1,1,1,0,0,686,3,0,0
1990,40,2,3,1,0,0,155,5,20,0
1990,68,2,3,1,0,0,0,0,0,0
1990,49,1,3,1,0,0,849,1,45,0
1990,24,2,1,1,0,1,23,6,40,0
1990,60,2,0,1,0,1,95,4,60,0
1990,48,1,0,1,0,0,22,0,40,0
1990,45,1,1,1,0,0,443,4,40,0
1990,72,2,3,1,0,0,0,0,0,0
1990,64,2,3,1,0,0,0,0,0,0
1990,36,2,1,1,0,0,0,0,0,0
1990,20,1,1,1,0,0,909,6,0,0
1990,69,2,3,1,0,0,379,6,0,0
1990,42,1,0,1,0,1,585,0,40,0
1990,48,2,0,1,0,1,167,5,40,0
1990,36,1,3,1,0,1,503,2,40,0
1990,41,2,0,1,1,1,754,1,40,0
1990,24,2,1,1,1,0,319,4,40,0
1990,21,1,1,1,1,0,785,1,40,0
1990,69,1,0,1,0,0,558,0,20,0
1990,65,2,0,1,0,0,683,1,0,0
1990,43,1,2,1,0,0,303,0,50,0
1990,20,1,1,1,0,0,0,0,0,0
1990,72,2,3,0,0,1,156,5,45,0
1990,59,1,0,1,0,0,449,5,40,0
1990,49,2,0,1,0,0,303,4,40,0
1990,47,1,0,1,0,0,785,1,40,0
1990,49,2,0,1,0,0,447,5,37,0
1990,23,1,1,1,0,0,356,1,40,0
1990,36,2,0,1,0,0,315,5,40,0
1990,37,1,0,1,0,0,595,0,8,0
1990,25,1,0,1,0,0,453,0,40,0
1990,26,2,0,1,1,0,447,5,40,0
1990,72,2,3,1,0,0,338,3,37,0
1990,34,1,2,1,0,0,889,4,40,0
1990,58,2,1,0,0,0,0,0,0,0
1990,73,1,0,0,0,1,55,3,0,0
1990,74,2,0,0,0,1,337,3,7,0
1990,34,1,0,1,0,0,359,4,60,0
1990,46,2,0,1,0,0,337,3,40,0
1990,19,1,1,1,0,0,379,5,40,0
1990,64,1,0,0,0,0,22,5,6,0
1990,61,2,0,0,0,0,274,3,18,0
1990,40,2,2,1,0,0,447,5,37,0
1990,43,2,3,1,0,1,387,5,8,0
1990,24,2,1,1,0,1,356,6,40,0
1990,60,1,0,1,0,0,783,1,40,0
1990,49,2,0,1,0,0,164,5,40,0
1990,21,2,1,1,0,0,0,0,0,0
1990,19,1,1,1,0,0,0,0,0,0
1990,67,1,3,1,0,0,0,0,0,0
1990,31,2,1,1,0,0,0,0,0,0
1990,34,1,0,1,0,0,777,1,40,0
1990,39,2,0,1,0,0,174,5,0,0
1990,52,2,3,1,0,0,0,0,0,0
1990,41,2,2,1,0,0,356,4,40,0
1990,22,1,1,1,0,0,356,4,40,0
1990,23,2,1,1,0,1,447,5,0,0
1990,30,1,1,1,0,0,796,2,40,0
1990,36,1,1,1,0,1,208,5,40,0
1990,71,1,0,0,0,1,0,0,0,0
1990,67,2,0,0,0,0,0,0,0,0
1990,37,1,1,0,0,1,327,3,40,0
1990,32,1,1,0,0,0,364,1,40,0
1990,29,1,0,1,0,0,453,4,40,0
1990,24,2,0,1,0,0,174,6,40,0
1990,65,1,0,0,0,0,809,2,15,0
1990,60,2,0,0,2,0,337,1,3,0
1990,70,2,3,0,0,0,453,5,30,0
1990,40,1,0,3,3,0,888,1,20,0
1990,37,2,0,3,3,0,754,1,40,0
1990,19,1,1,3,3,0,637,1,40,0
1990,36,2,0,0,2,0,744,1,40,0
1990,61,1,0,0,2,0,436,3,18,0
1990,40,1,0,0,2,1,17,3,93,0
1990,41,2,0,0,2,0,436,3,50,0
1990,26,2,2,1,0,0,418,6,40,0
1990,70,2,2,0,0,0,0,0,0,0
1990,43,2,1,0,0,1,0,0,0,0
1990,37,2,3,0,0,1,27,5,40,0
1990,26,1,0,0,0,0,785,1,40,0
1990,22,2,0,0,0,0,909,6,0,0
1990,69,2,3,0,0,0,0,0,0,0
1990,29,2,0,0,0,0,303,4,37,0
1990,32,1,0,0,0,0,577,2,40,0
1990,76,2,3,0,0,0,0,0,0,0
1990,70,2,3,0,0,0,0,0,0,0
1990,78,2,3,0,0,0,0,0,0,0
1990,42,1,0,0,0,0,869,0,40,0
1990,43,2,0,0,0,0,278,3,5,0
1990,34,1,1,0,0,1,243,3,40,0
1990,42,1,2,0,0,0,888,1,40,0
1990,34,1,0,0,0,0,883,1,40,0
1990,31,2,0,0,0,0,274,3,0,0
1990,56,1,0,3,3,0,17,3,40,0
1990,58,2,0,3,3,0,435,3,20,0
1990,24,2,1,3,0,1,64,1,40,0
1990,64,2,0,0,0,0,274,3,40,0
1990,66,1,0,0,0,0,259,3,30,0
1990,34,2,1,0,0,0,315,0,40,0
1990,53,2,2,0,2,0,448,4,40,0
1990,29,2,2,0,0,0,0,0,0,0
1990,64,2,3,0,0,0,458,4,0,0
1990,48,2,2,0,0,0,22,1,25,0
1990,21,2,1,0,0,1,22,3,40,0
1990,71,2,3,0,0,0,0,0,0,0
1990,70,2,3,0,0,0,379,4,0,0
1990,37,2,2,0,0,0,17,3,50,0
1990,19,2,1,0,0,1,253,4,20,0
1990,64,2,3,0,0,1,0,0,0,0
1990,52,1,0,0,2,0,486,0,40,0
1990,50,2,0,0,2,0,0,0,0,0
1990,31,2,2,0,0,0,313,1,38,0
1990,70,1,3,0,0,0,0,0,0,0
1990,66,1,0,0,0,0,355,2,0,0
1990,50,2,0,0,0,0,307,2,45,1
1990,22,2,1,0,0,1,174,5,40,0
1990,44,1,1,0,0,1,174,6,40,0
1990,37,2,2,0,0,0,243,3,34,0
1990,79,2,1,0,0,0,0,0,0,0
1990,35,1,0,0,0,0,646,1,40,0
1990,33,2,0,0,0,0,385,3,30,0
1990,40,2,0,1,0,0,436,3,40,0
1990,40,1,0,1,0,0,759,4,40,0
1990,50,2,2,0,2,1,159,5,0,0
1990,61,1,0,0,2,0,667,3,38,0
1990,57,2,0,0,2,0,0,0,0,0
1990,34,1,2,0,2,0,676,1,40,0
1990,57,1,0,0,0,0,567,5,48,0
1990,60,2,0,0,0,0,446,5,40,0
1990,75,2,1,0,0,0,276,3,0,0
1990,60,1,1,0,0,0,0,0,0,0
1990,55,1,0,0,0,0,769,1,40,0
1990,52,2,0,0,0,0,0,0,0,0
1990,26,1,1,0,0,0,769,1,40,0
1990,22,2,1,0,0,0,433,3,32,0
1990,75,2,3,0,0,0,0,0,0,0
1990,56,1,3,0,0,0,804,2,40,0
1990,62,1,0,0,0,0,549,1,40,0
1990,62,2,0,0,0,0,0,0,0,0
1990,35,2,2,0,0,0,387,5,32,0
1990,63,1,0,0,0,0,426,3,12,0
1990,63,2,0,0,0,0,0,0,0,0
1990,32,1,1,0,0,0,756,3,24,0
1990,43,1,2,0,0,0,253,4,30,0
1990,67,2,3,0,0,0,0,0,0,0
1990,71,1,0,0,0,0,0,0,0,0
1990,71,2,0,0,2,0,0,0,0,0
1990,73,2,3,0,0,0,0,0,0,0
1990,42,1,0,0,0,1,22,6,40,0
1990,40,2,0,0,0,0,337,3,40,0
1990,19,2,1,0,0,1,467,5,20,0
1990,59,1,0,0,2,0,667,3,60,0
1990,54,2,0,0,2,0,0,0,0,0
1990,20,1,1,0,0,1,365,3,40,0
1990,42,1,0,0,0,1,53,0,40,1
1990,41,2,0,0,0,1,253,4,40,0
1990,33,1,0,0,0,0,505,6,40,0
1990,29,2,0,0,0,0,276,3,27,0
1990,59,2,3,0,0,1,313,3,35,0
1990,37,1,0,0,0,1,53,5,40,1
1990,36,2,0,0,0,0,0,0,0,0
1990,74,1,0,0,0,0,0,0,0,0
1990,69,2,0,0,0,0,0,0,0,0
1990,35,1,3,0,0,0,804,3,0,0
1990,45,1,2,0,0,0,274,3,40,0
1990,33,2,2,0,0,1,319,4,25,0
1990,60,2,3,0,0,1,266,3,40,0
1990,61,2,2,0,0,0,779,1,40,0
1990,22,1,1,0,0,0,435,3,40,0
1990,47,2,0,1,0,1,203,5,36,0
1990,52,1,0,1,0,1,777,4,40,0
1990,76,1,0,0,0,1,17,3,0,0
1990,68,2,0,0,0,0,338,1,0,0
1990,75,1,0,0,0,0,0,0,0,1
1990,72,2,0,0,0,0,0,0,0,0
1990,64,1,1,0,0,0,0,0,0,0
1990,80,2,0,0,0,0,0,0,0,0
1990,33,2,3,1,0,1,375,4,40,0
1990,39,1,2,1,0,1,73,1,50,0
1990,27,1,1,1,0,1,509,2,40,0
1990,54,1,0,0,0,0,804,2,47,0
1990,47,2,0,0,0,0,328,5,40,0
1990,19,1,1,0,0,0,277,0,16,0
1990,46,1,0,0,0,0,418,6,40,0
1990,43,2,0,0,0,0,0,0,0,0
1990,19,1,1,0,0,0,0,0,0,0
1990,18,1,1,0,0,0,0,0,0,0
1990,73,1,0,0,0,0,0,0,0,0
1990,73,2,0,0,0,0,0,0,0,0
1990,42,1,1,0,0,1,23,3,44,0
1990,77,2,3,0,0,0,0,0,0,0
1990,48,1,0,0,0,0,22,2,40,0
1990,49,2,0,0,0,0,276,2,40,0
1990,29,2,1,0,0,1,95,5,60,0
1990,54,1,0,0,0,1,229,0,37,1
1990,50,2,0,0,0,1,275,3,50,0
1990,18,2,1,0,0,1,427,4,40,0
1990,67,1,0,0,0,1,21,5,37,0
1990,66,2,0,0,0,0,0,0,0,0
1990,38,2,1,0,0,1,164,5,40,0
1990,38,1,0,3,0,1,235,5,40,0
1990,28,2,0,1,0,1,909,6,0,0
1990,72,2,3,0,0,0,0,0,0,0
1990,36,2,3,0,3,1,276,3,0,0
1990,35,1,0,0,0,1,22,4,65,0
1990,34,2,0,0,0,1,243,3,69,0
1990,27,2,1,0,0,0,255,4,45,0
1990,75,2,3,0,0,0,0,0,0,0
1990,38,1,0,0,0,0,424,6,80,0
1990,35,2,0,0,0,1,7,6,45,0
1990,41,1,0,0,0,1,213,2,40,0
1990,40,2,0,0,0,1,95,5,16,0
1990,47,2,3,0,0,0,666,3,37,0
1990,25,1,1,0,0,1,65,4,40,0
1990,22,1,1,0,0,1,183,0,40,0
1990,71,2,3,0,0,0,407,4,0,0
1990,50,2,0,0,0,0,285,3,25,0
1990,43,1,0,0,0,0,777,1,40,0
1990,18,1,1,0,0,0,505,3,20,0
1990,59,1,0,0,0,0,558,0,40,0
1990,51,2,0,0,0,0,453,1,37,0
1990,66,2,3,0,0,0,22,5,0,0
1990,78,1,0,3,3,0,0,0,0,0
1990,70,2,0,0,0,0,17,5,0,0
1990,25,2,1,2,0,1,0,0,0,0
1990,75,1,0,0,0,0,0,0,0,0
1990,78,2,0,0,0,1,0,0,0,0
1990,57,1,0,0,0,0,303,1,40,0
1990,53,2,0,0,0,0,337,1,40,0
1990,79,2,3,0,0,0,0,0,0,0
1990,43,1,0,0,0,0,557,0,44,1
1990,45,2,0,0,0,0,447,5,24,0
1990,21,1,1,0,0,1,359,6,40,0
1990,35,1,0,0,0,1,628,1,60,0
1990,30,2,0,0,0,1,785,1,25,0
1990,68,1,0,0,0,0,785,1,0,0
1990,66,2,0,0,0,0,0,0,0,0
1990,46,1,2,0,0,0,243,3,60,0
1990,66,1,0,0,0,0,253,4,10,0
1990,64,2,0,0,0,0,796,1,0,0
1990,22,1,1,0,0,1,303,3,40,0
1990,57,2,2,0,0,0,883,3,40,0
1990,77,2,3,0,0,0,0,0,0,0
1990,41,1,0,0,0,1,22,1,45,1
1990,42,2,0,0,0,0,0,0,0,0
1990,18,1,1,0,0,0,0,0,0,0
1990,34,1,0,0,0,1,156,5,75,0
1990,32,2,0,0,0,1,156,5,40,0
1990,25,1,0,0,0,0,785,1,45,0
1990,28,2,0,0,0,0,804,2,8,0
1990,41,1,0,0,0,1,453,3,45,0
1990,35,2,0,0,0,1,97,4,48,0
1990,55,1,0,0,0,0,804,2,68,0
1990,46,2,0,0,0,0,754,1,40,0
1990,25,1,1,0,0,1,796,1,40,0
1990,69,2,3,0,0,0,313,5,20,0
1990,42,2,1,0,0,0,458,4,40,0
1990,51,1,0,0,0,0,804,0,40,0
1990,50,2,0,0,0,0,486,3,40,0
1990,59,1,0,0,0,0,696,1,45,1
1990,39,2,0,0,0,0,0,0,0,0
1990,34,1,0,0,0,0,343,0,45,1
1990,35,2,0,0,0,0,785,1,20,1
1990,41,1,0,0,0,1,22,4,35,0
1990,41,2,0,0,0,0,0,0,0,0
1990,46,1,0,0,0,1,27,4,62,1
1990,43,2,0,0,0,1,337,5,40,0
1990,75,1,2,0,0,1,0,0,0,0
1990,73,2,3,0,0,1,0,0,0,0
1990,38,1,1,0,0,1,243,3,70,0
1990,40,1,1,0,0,1,243,3,60,0
1990,32,1,1,0,0,1,185,4,50,0
1990,34,1,1,0,0,1,274,3,50,0
1990,45,1,1,0,0,1,628,1,40,1
1990,44,2,1,0,0,0,17,3,40,0
1990,25,1,0,0,0,0,634,1,52,0
1990,23,2,0,0,0,0,887,4,40,0
1990,48,2,3,0,0,1,274,3,45,0
1990,51,1,0,0,0,1,22,1,55,1
1990,50,2,0,0,0,1,95,5,15,0
1990,24,1,1,1,0,0,436,3,45,0
1990,39,1,0,0,0,1,243,3,40,1
1990,35,2,0,0,0,0,243,3,40,0
1990,41,1,0,0,0,1,84,5,50,1
1990,40,2,0,0,0,0,687,3,40,0
1990,28,1,1,0,0,0,529,2,40,0
1990,29,2,3,0,0,0,447,5,40,0
1990,36,1,0,0,0,1,505,3,45,0
1990,33,2,0,0,0,0,313,1,0,0
1990,25,2,1,0,0,1,274,3,40,0
1990,28,1,1,0,0,1,567,0,60,0
1990,25,1,1,0,0,1,308,1,58,0
1990,65,1,0,0,0,0,704,6,0,0
1990,62,2,0,0,0,0,706,0,0,0
1990,46,1,2,0,0,1,167,5,40,0
1990,41,1,0,0,0,1,156,5,36,1
1990,33,2,0,0,0,1,156,5,0,0
1990,35,1,0,0,0,1,869,0,32,0
1990,35,2,0,0,0,1,453,5,2,0
1990,55,1,2,0,0,1,73,5,60,0
1990,52,1,0,0,2,1,22,1,40,1
1990,52,2,0,0,0,1,65,5,38,0
1990,23,2,1,0,0,1,165,5,12,0
1990,48,2,2,0,0,0,909,6,0,0
1990,18,2,1,0,0,0,323,4,52,0
1990,43,1,0,0,0,1,243,3,55,1
1990,43,2,0,0,0,0,909,6,0,0
1990,65,1,0,0,0,0,0,0,0,0
1990,19,1,1,0,0,0,865,0,43,0
1990,65,2,0,0,0,0,0,0,0,0
1990,54,2,0,0,0,0,313,5,40,0
1990,53,1,0,0,0,0,567,0,40,0
1990,39,1,0,0,0,0,796,1,40,0
1990,38,2,0,0,0,1,365,2,40,0
1990,33,1,0,0,0,1,889,2,90,0
1990,32,2,0,0,0,1,383,4,40,0
1990,61,1,0,0,0,0,889,3,46,0
1990,63,2,0,0,0,0,37,6,37,0
1990,32,2,0,0,0,1,22,3,40,1
1990,30,1,0,0,0,1,22,5,48,1
1990,45,1,0,0,0,1,36,6,40,0
1990,43,2,0,0,0,0,22,1,37,0
1990,18,2,1,0,0,1,264,3,16,0
1990,36,1,0,0,0,1,7,4,45,0
1990,34,2,0,0,0,1,313,4,0,0
1990,66,1,0,0,0,1,628,1,40,0
1990,65,2,0,0,0,1,274,3,0,0
1990,74,2,0,0,0,1,0,0,0,0
1990,37,1,0,0,0,1,628,5,40,0
1990,41,2,0,0,0,1,0,0,0,0
1990,54,2,3,0,0,0,448,4,40,0
1990,20,1,1,0,0,0,486,4,8,0
1990,23,1,0,0,2,1,217,0,40,0
1990,66,2,0,0,2,0,276,3,40,0
1990,30,1,0,0,0,0,573,0,50,0
1990,24,2,0,0,0,1,319,5,40,0
1990,43,1,0,0,0,1,259,3,40,0
1990,35,2,0,0,0,1,7,4,50,1
1990,65,1,0,0,0,0,0,0,0,0
1990,64,2,0,0,0,0,0,0,0,0
1990,65,1,0,0,0,0,634,1,8,0
1990,66,2,0,0,0,0,0,0,0,0
1990,63,2,3,0,0,0,423,6,45,0
1990,27,2,1,0,0,1,376,4,40,0
1990,30,1,1,0,0,1,599,3,30,0
1990,31,1,1,0,0,1,22,3,40,0
1990,31,1,0,0,0,1,259,3,45,0
1990,32,2,0,0,0,0,303,4,40,0
1990,57,1,0,0,0,0,637,1,48,0
1990,53,2,0,0,0,0,683,1,40,0
1990,29,1,2,0,0,0,704,1,40,0
1990,43,1,0,0,0,0,8,6,40,0
1990,40,2,0,0,0,0,313,3,28,0
1990,18,1,1,0,0,0,276,3,40,0
1990,43,1,0,0,0,1,7,1,40,1
1990,41,2,0,0,0,0,0,0,0,0
1990,18,2,1,0,0,0,436,3,30,0
1990,32,1,0,0,0,1,904,6,70,0
1990,31,2,0,0,0,1,7,4,40,0
1990,32,1,0,0,0,1,23,5,55,1
1990,31,2,0,0,0,1,95,5,0,0
1990,55,1,0,0,0,0,549,3,45,0
1990,49,2,0,0,0,0,736,1,40,0
1990,43,1,0,0,0,1,154,5,40,0
1990,43,2,0,0,0,1,156,5,7,0
1990,21,2,1,0,0,1,327,3,40,0
1990,46,1,0,0,0,1,274,3,35,0
1990,44,2,0,0,0,0,356,4,40,0
1990,53,2,2,0,0,1,447,5,50,0
1990,47,1,0,0,0,1,259,3,55,1
1990,44,2,0,0,0,1,313,5,32,0
1990,47,1,0,0,0,1,25,0,50,1
1990,43,2,0,0,0,0,383,4,0,0
1990,55,1,0,0,0,1,27,1,45,0
1990,44,2,0,0,0,1,65,1,50,0
1990,56,1,0,0,0,1,73,3,38,0
1990,53,2,0,0,0,0,313,5,40,0
1990,28,1,0,0,0,1,17,3,40,1
1990,27,2,0,0,0,1,23,3,40,0
1990,36,1,0,0,0,1,243,3,50,0
1990,34,2,0,0,0,1,0,0,0,0
1990,43,1,0,3,3,1,243,3,40,0
1990,40,2,0,3,3,1,276,3,40,0
1990,35,2,1,0,0,1,174,5,35,0
1990,55,2,3,0,0,0,335,5,21,0
1990,36,1,3,0,0,1,27,6,40,0
1990,48,1,2,0,0,1,22,4,46,1
1990,69,1,0,0,0,1,22,2,75,0
1990,70,2,0,0,0,1,318,2,0,0
1990,33,2,1,0,0,1,67,1,35,0
1990,48,2,1,0,0,1,95,5,0,0
1990,39,1,0,3,3,0,734,1,37,0
1990,32,2,0,3,3,0,734,1,40,0
1990,57,1,0,0,0,1,425,6,25,0
1990,54,2,0,0,0,0,387,5,12,0
1990,47,1,0,0,0,0,573,0,40,0
1990,42,2,0,0,0,0,337,1,32,0
1990,20,2,1,0,0,0,445,5,30,0
1990,46,1,0,0,0,1,22,1,60,0
1990,30,2,0,0,0,0,435,3,35,0
1990,41,2,2,0,0,0,276,5,40,0
1990,20,2,1,0,0,0,785,1,38,0
1990,18,2,1,0,0,1,276,1,12,0
1990,44,2,2,0,0,0,458,5,60,0
1990,21,2,1,0,0,1,319,2,40,0
1990,66,1,0,0,0,0,567,0,0,0
1990,62,2,0,0,0,0,0,0,0,0
1990,47,1,0,0,0,1,36,6,40,0
1990,43,2,0,0,0,1,376,4,35,0
1990,19,2,1,0,0,1,363,5,9,0
1990,50,1,0,0,0,0,804,3,40,0
1990,49,2,0,0,0,0,436,5,27,0
1990,28,1,1,0,0,0,783,1,40,0
1990,27,1,1,0,0,1,259,3,50,0
1990,23,2,1,0,0,1,156,5,40,0
1990,29,1,0,0,0,0,575,5,40,1
1990,25,2,0,0,0,0,274,3,0,0
1990,27,1,0,0,0,0,215,1,40,0
1990,30,2,0,0,0,1,319,5,20,0
1990,49,1,2,0,0,0,694,2,40,0
1990,70,1,0,0,0,0,96,3,5,0
1990,61,2,0,0,0,0,389,6,40,0
1990,36,1,0,0,0,0,804,4,45,0
1990,32,2,0,0,0,0,313,4,0,0
1990,76,1,3,0,0,0,0,0,0,0
1990,32,1,1,0,0,0,357,2,46,0
1990,46,1,0,0,0,0,189,1,45,0
1990,42,2,0,0,0,0,356,3,0,0
1990,19,1,1,0,0,0,567,0,8,0
1990,19,2,1,0,0,0,313,1,40,0
1990,57,2,1,0,0,0,777,3,40,0
1990,60,2,3,0,0,0,243,5,40,0
1990,45,2,3,0,0,1,274,3,36,0
1990,69,1,0,0,0,0,0,0,0,0
1990,65,2,0,0,0,0,313,3,0,0
1990,29,1,0,0,0,0,637,1,40,0
1990,26,2,0,0,0,1,23,6,35,0
1990,62,1,0,0,0,0,274,5,40,0
1990,57,2,0,0,0,0,0,0,0,0
1990,47,2,2,0,0,0,33,1,40,0
1990,59,1,0,0,0,1,157,5,40,0
1990,57,2,0,0,0,0,313,5,18,0
1990,48,1,0,0,0,0,694,6,40,0
1990,39,2,0,0,0,0,909,6,0,0
1990,70,2,3,0,0,0,0,0,0,0
1990,46,1,1,0,0,1,36,6,37,0
1990,30,1,1,0,0,0,889,2,40,0
1990,39,2,0,0,2,1,337,6,35,0
1990,41,1,0,0,0,1,26,4,45,1
1990,19,1,1,0,0,0,356,5,40,0
1990,18,1,1,0,0,0,866,0,25,0
1990,74,1,3,0,0,1,0,0,0,0
1990,36,2,2,0,0,1,313,5,40,0
1990,46,1,2,0,0,1,55,1,40,0
1990,21,1,1,0,0,0,486,0,40,0
1990,19,2,1,0,0,1,319,2,28,0
1990,46,1,2,0,0,0,503,5,40,0
1990,38,2,2,0,0,1,243,4,45,0
1990,69,1,0,0,0,1,25,4,40,0
1990,63,2,0,0,0,0,0,0,0,0
1990,58,1,0,0,0,0,453,5,40,0
1990,55,2,0,0,0,1,0,0,0,0
1990,35,1,1,0,0,0,426,4,40,0
1990,29,1,1,0,0,0,804,2,45,0
1990,41,1,1,0,0,1,387,5,40,0
1990,43,1,0,0,3,1,243,3,40,0
1990,39,2,0,0,3,1,0,0,0,0
1990,72,1,0,0,0,1,254,4,40,1
1990,61,2,0,0,0,1,313,4,20,1
1990,53,1,2,1,0,0,217,1,40,0
1990,38,2,1,1,0,1,683,1,40,0
1990,23,1,1,1,0,0,314,5,40,0
1990,35,2,3,0,0,0,0,0,0,0
1990,34,1,0,0,0,1,178,5,55,1
1990,33,2,0,0,0,1,467,5,6,0
1990,28,1,0,0,0,1,23,1,50,0
1990,25,2,0,0,0,0,337,1,40,0
1990,73,1,1,0,2,1,0,0,0,0
1990,59,2,1,0,0,1,73,6,40,0
1990,61,1,2,0,0,1,254,4,40,0
1990,35,2,1,0,0,1,338,1,40,0
1990,68,1,0,0,0,0,696,1,0,0
1990,67,2,0,0,0,0,0,0,0,0
1990,39,1,0,0,0,1,167,5,40,1
1990,36,2,0,0,0,1,157,5,40,0
1990,60,2,0,0,2,1,447,5,0,0
1990,66,1,0,0,0,1,22,1,50,1
1990,25,1,0,0,0,1,203,5,16,0
1990,24,2,0,0,0,1,95,5,40,0
1990,70,1,0,0,0,1,796,5,18,0
1990,69,2,0,0,0,1,0,0,0,0
1990,49,1,2,0,0,1,95,5,32,0
1990,20,1,1,0,0,1,579,0,40,0
1990,61,1,0,3,3,0,17,3,58,0
1990,52,2,0,3,4,1,313,5,25,0
1990,80,2,3,3,4,0,0,0,0,0
1990,37,2,2,0,0,1,83,5,40,1
1990,59,2,2,1,0,1,163,5,40,0
1990,34,2,1,1,0,1,164,5,40,0
1990,18,2,1,0,0,1,777,5,40,0
1990,70,1,0,0,0,1,0,0,0,0
1990,66,2,0,0,0,1,156,5,0,0
1990,46,1,0,0,0,1,27,3,0,0
1990,46,2,0,0,0,0,435,3,0,0
1990,18,2,1,0,0,0,878,4,12,0
1990,22,1,1,0,1,1,229,5,27,0
1990,72,1,3,0,0,0,0,0,0,0
1990,29,1,2,0,0,1,24,4,37,0
1990,35,1,0,0,0,0,22,1,50,1
1990,35,2,0,0,0,1,337,3,12,0
1990,65,2,0,0,0,1,796,1,40,1
1990,59,1,0,0,0,1,0,0,0,0
1990,28,1,1,0,0,1,597,0,40,0
1990,24,2,1,0,0,1,379,5,40,0
1990,29,1,1,0,0,1,43,5,45,0
1990,26,1,1,0,0,1,22,1,45,0
1990,26,1,1,0,0,1,258,3,55,1
1990,64,2,3,0,0,0,467,5,25,0
1990,74,2,3,0,0,0,0,0,0,0
1990,56,1,0,0,0,1,23,6,60,1
1990,59,2,0,0,0,1,156,5,30,0
1990,66,1,0,0,0,1,59,5,40,1
1990,65,2,0,0,0,0,33,1,0,0
1990,39,2,2,0,0,1,389,5,36,0
1990,28,1,0,0,0,1,657,1,40,0
1990,26,2,0,0,0,0,174,5,20,0
1990,61,1,0,0,0,1,628,2,40,1
1990,59,2,0,0,0,0,186,5,5,0
1990,30,1,1,0,0,1,243,3,46,0
1990,59,2,0,0,0,1,243,3,30,1
1990,55,1,0,0,0,0,243,3,65,1
1990,26,1,1,0,0,1,379,1,55,0
1990,25,1,1,0,0,1,628,1,55,0
1990,23,2,1,0,0,1,185,1,25,0
1990,34,1,0,0,0,1,243,3,65,1
1990,33,2,0,0,0,1,467,5,6,0
1990,39,1,0,0,0,1,804,2,48,0
1990,34,2,0,0,0,1,453,5,25,0
1990,30,1,0,0,0,1,869,0,40,0
1990,24,2,0,0,0,1,203,5,40,0
1990,43,2,3,0,0,0,0,0,0,0
1990,19,1,1,0,0,0,436,3,40,0
1990,72,2,3,0,0,1,337,5,12,0
1990,42,1,1,0,0,0,783,0,40,0
1990,57,1,0,0,0,0,628,1,60,1
1990,53,2,0,0,0,1,379,1,40,0
1990,54,1,2,0,0,1,796,2,40,0
1990,55,1,0,0,2,1,634,1,40,1
1990,52,2,0,0,4,1,335,1,40,0
1990,28,2,1,0,2,0,355,2,40,0
1990,68,1,0,0,0,1,53,0,20,0
1990,68,2,0,0,0,1,23,3,16,0
1990,32,1,0,0,0,1,434,3,46,0
1990,28,2,0,0,0,0,379,4,37,0
1990,44,1,0,0,0,1,253,4,50,0
1990,40,2,0,0,0,0,435,3,0,0
1990,29,1,1,0,0,1,305,3,55,0
1990,36,1,0,0,0,1,22,2,0,0
1990,33,2,0,0,0,1,0,0,0,0
1990,35,1,0,0,0,1,263,3,45,0
1990,30,2,0,0,0,1,313,5,20,0
1990,25,1,1,0,0,1,199,5,30,0
1990,63,2,3,0,0,0,0,0,0,0
1990,53,1,0,3,3,1,55,1,40,0
1990,45,2,0,3,3,1,25,5,40,0
1990,64,1,0,1,0,0,567,0,40,0
1990,55,2,0,1,0,0,888,1,45,0
1990,44,2,3,0,0,1,13,2,80,0
1990,48,1,2,0,0,1,22,5,30,0
1990,29,1,0,0,0,1,686,1,36,0
1990,31,2,0,0,0,1,95,5,42,0
1990,54,1,0,3,3,0,0,0,0,0
1990,49,2,0,3,3,0,754,1,40,0
1990,23,1,1,3,3,1,0,0,0,0
1990,21,1,1,3,3,1,683,1,40,0
1990,79,2,3,0,0,0,0,0,0,0
1990,78,2,1,0,0,0,0,0,0,0
1990,42,2,0,3,3,1,25,4,50,1
1990,43,1,0,0,0,1,178,3,50,1
1990,64,2,0,0,0,0,337,5,48,0
1990,67,1,0,0,0,1,243,3,40,0
1990,32,2,1,0,0,1,156,5,40,0
1990,37,1,0,0,0,1,253,4,45,1
1990,36,2,0,0,0,1,253,4,0,0
1990,31,1,0,0,0,1,467,5,0,0
1990,32,2,0,0,0,1,389,4,55,1
1990,71,1,0,0,0,1,0,0,0,1
1990,65,2,0,0,0,0,0,0,0,0
1990,53,1,0,0,0,1,157,5,55,0
1990,45,2,0,0,0,1,0,0,0,0
1990,25,1,0,0,0,0,505,3,40,0
1990,21,2,0,0,0,0,313,4,40,0
1990,76,1,3,0,0,1,178,1,40,1
1990,33,1,0,0,0,0,575,5,40,0
1990,31,2,0,0,0,0,458,4,30,0
1990,41,1,0,0,0,1,13,1,40,0
1990,40,2,0,0,0,1,156,5,40,0
1990,65,1,0,0,0,0,263,3,60,1
1990,50,2,0,0,0,0,0,0,0,0
1990,56,1,1,0,0,1,804,2,52,0
1990,48,1,0,0,0,0,538,3,40,0
1990,48,2,0,0,0,1,319,5,22,0
1990,30,1,0,0,0,1,558,0,40,0
1990,28,2,0,0,1,0,96,3,20,0
1990,76,1,0,0,0,0,0,0,0,0
1990,74,2,0,0,0,0,0,0,0,0
1990,75,1,3,0,0,0,0,0,0,0
1990,63,1,0,0,0,0,575,0,0,0
1990,65,2,0,0,0,0,313,6,37,0
1990,26,2,1,0,0,0,229,1,40,0
1990,54,2,3,1,0,0,453,4,0,0
1990,27,2,1,1,0,0,447,5,40,0
1990,66,1,0,0,0,0,505,4,0,0
1990,65,2,0,0,0,0,157,5,0,0
1990,34,2,1,0,0,0,0,0,0,0
1990,69,1,0,0,0,1,0,0,0,0
1990,55,2,0,0,0,0,385,5,40,0
1990,66,2,3,0,0,1,808,2,25,0
1990,74,2,3,0,0,0,386,3,25,0
1990,61,1,0,0,0,0,426,5,40,0
1990,57,2,0,0,0,0,313,5,35,0
1990,27,1,0,0,0,0,696,4,40,0
1990,31,2,0,0,0,1,435,3,40,0
1990,24,1,1,0,0,1,25,4,40,0
1990,23,1,1,0,0,1,24,4,20,0
1990,48,1,0,0,0,0,0,0,0,0
1990,46,2,0,0,0,0,313,5,40,0
1990,79,1,3,1,0,0,0,0,0,0
1990,49,1,0,0,0,1,243,3,50,1
1990,47,2,0,0,0,1,156,5,40,0
1990,64,2,1,0,0,1,177,5,0,0
1990,60,1,0,0,0,1,22,3,50,1
1990,55,2,0,0,0,1,197,3,6,0
1990,33,2,1,0,0,1,628,1,45,1
1990,80,2,3,0,0,0,0,0,0,0
1990,22,2,1,0,0,1,185,3,43,0
1990,57,1,2,0,0,1,7,0,40,0
1990,20,1,1,0,0,1,485,0,40,0
1990,40,1,0,0,1,1,43,0,50,0
1990,40,2,0,0,1,1,156,5,40,0
1990,49,1,0,0,0,1,78,5,65,1
1990,50,2,0,0,0,1,84,5,70,1
1990,64,2,0,0,0,1,274,3,14,0
1990,69,1,0,0,0,1,0,0,0,0
1990,67,1,0,0,0,1,26,5,0,1
1990,59,2,0,0,0,1,163,5,55,0
1990,22,1,1,0,0,1,65,5,50,0
1990,46,2,2,0,0,1,116,5,45,0
1990,39,1,0,0,0,1,178,4,50,1
1990,38,2,0,0,0,1,97,5,15,0
1990,63,1,1,1,0,0,449,4,20,0
1990,48,1,1,0,0,1,22,2,45,1
1990,47,1,1,0,0,0,266,3,45,0
1990,79,1,0,0,0,1,0,0,0,1
1990,78,2,0,0,0,0,0,0,0,0
1990,40,1,1,0,0,1,178,5,50,1
1990,26,2,0,1,0,1,64,1,40,0
1990,26,1,0,1,0,1,64,4,40,0
1990,61,2,2,0,0,0,213,1,40,0
1990,35,2,3,0,0,0,785,1,40,0
1990,35,1,0,0,0,1,195,1,55,0
1990,36,2,0,0,0,1,156,5,33,0
1990,68,2,1,0,0,0,22,4,35,0
1990,24,2,1,0,0,1,59,5,40,0
1990,32,1,0,0,0,1,259,1,50,0
1990,30,2,0,0,0,1,804,2,0,0
1990,48,1,0,3,3,0,505,4,72,0
1990,49,2,0,3,3,0,0,0,0,0
1990,18,1,1,3,3,0,774,3,0,0
1990,40,1,0,0,0,0,567,0,55,1
1990,41,2,0,0,0,1,27,5,28,0
1990,37,1,2,0,0,0,55,1,40,1
1990,36,2,2,0,0,1,154,5,35,0
1990,27,2,0,3,3,1,73,1,45,0
1990,29,1,0,0,0,1,235,1,45,0
1990,21,2,1,0,0,0,313,2,25,0
1990,46,2,1,0,0,1,13,1,45,1
1990,71,2,2,2,0,0,0,0,0,0
1990,53,1,0,0,0,0,804,1,46,0
1990,48,2,0,0,0,1,628,1,40,0
1990,55,1,0,0,0,1,157,5,40,0
1990,43,2,0,0,0,1,157,5,40,0
1990,40,1,0,0,0,1,73,1,40,0
1990,39,2,0,0,0,1,0,0,0,0
1990,62,1,0,0,0,0,518,1,40,0
1990,62,2,0,0,0,1,95,1,50,0
1990,24,1,0,0,0,0,734,1,40,0
1990,29,2,0,0,0,0,808,2,60,0
1990,74,2,3,0,0,0,0,0,0,0
1990,60,1,0,0,0,0,804,2,40,0
1990,57,2,0,0,0,0,0,0,0,0
1990,79,1,3,0,0,1,17,4,0,0
1990,62,1,0,0,0,0,259,3,40,0
1990,61,2,0,0,0,0,313,4,35,0
1990,41,1,0,0,0,1,8,4,50,1
1990,37,2,0,0,0,0,329,5,3,0
1990,47,1,0,0,0,1,55,1,50,1
1990,48,2,0,0,0,1,5,6,0,0
1990,18,1,1,0,0,0,444,5,15,0
1990,26,1,0,1,0,1,177,5,30,0
1990,25,2,0,1,0,1,64,2,40,0
1990,36,2,1,0,0,1,254,4,46,1
1990,80,2,3,0,0,0,0,0,0,0
1990,44,1,0,0,0,1,243,3,60,0
1990,41,2,0,0,0,0,383,4,26,0
1990,44,1,0,0,0,1,235,4,94,1
1990,47,2,0,0,0,0,469,4,96,1
1990,40,2,3,0,0,0,859,0,0,0
1990,42,1,0,0,0,0,235,1,40,0
1990,40,2,0,0,0,0,319,5,40,0
1990,19,2,1,0,0,0,319,4,40,0
1990,42,1,0,0,0,1,785,1,40,0
1990,37,2,0,0,0,0,313,1,40,0
1990,70,1,0,0,0,1,26,5,40,0
1990,70,2,0,0,0,1,0,0,0,0
1990,43,1,0,0,0,1,185,1,55,1
1990,43,2,0,0,0,1,156,5,50,0
1990,56,1,0,0,0,1,823,1,40,1
1990,55,2,0,0,0,0,338,1,40,0
1990,37,1,0,0,0,1,877,3,40,0
1990,37,2,0,0,0,0,748,4,6,0
1990,26,2,1,0,0,1,64,1,40,0
1990,37,2,1,0,0,1,313,1,40,0
1990,31,1,0,0,0,0,505,3,45,0
1990,31,2,0,0,0,1,17,3,60,0
1990,47,1,0,0,0,1,22,3,45,1
1990,47,2,0,0,0,0,243,3,19,0
1990,31,1,0,0,0,1,637,1,40,0
1990,26,2,0,0,0,1,337,1,40,0
1990,30,1,0,0,0,1,276,2,50,0
1990,30,2,0,0,0,1,447,4,24,0
1990,27,1,3,0,0,0,779,3,45,0
1990,25,2,3,0,0,0,336,4,40,0
1990,24,2,1,0,0,1,7,4,40,0
1990,26,1,1,0,0,1,424,6,50,0
1990,21,2,1,0,0,0,216,5,48,0
1990,50,1,2,0,0,0,303,4,45,0
1990,73,1,0,0,0,0,0,0,0,0
1990,69,2,0,0,0,0,744,1,30,0
1990,56,1,0,0,0,1,217,5,45,1
1990,57,2,0,0,0,0,243,3,32,0
1990,64,2,3,0,0,1,379,6,52,0
1990,30,1,0,0,0,1,585,0,9,0
1990,31,2,0,0,0,1,229,3,50,0
1990,72,1,0,0,0,0,804,2,7,0
1990,73,2,0,0,0,0,0,0,0,0
1990,52,1,2,0,0,0,453,1,0,0
1990,78,2,3,0,0,0,0,0,0,0
1990,26,1,0,0,0,1,243,3,50,0
1990,31,2,0,0,0,0,29,3,45,0
1990,74,2,3,0,0,0,0,0,0,0
1990,23,2,0,0,0,0,276,3,50,0
1990,24,1,0,0,0,0,573,0,40,0
1990,80,2,3,0,0,1,0,0,0,0
1990,44,1,0,0,0,0,354,2,20,0
1990,41,2,0,0,0,0,313,1,40,0
1990,18,1,1,0,0,0,276,3,20,0
1990,63,1,0,0,0,1,22,4,5,0
1990,56,2,0,0,0,0,13,4,45,0
1990,21,2,1,0,0,1,439,3,15,0
1990,77,2,1,0,0,0,0,0,0,0
1990,58,1,3,0,0,0,156,5,40,0
1990,26,2,1,0,0,1,313,1,37,0
1990,42,1,0,0,0,1,453,4,79,1
1990,40,2,0,0,0,0,274,3,40,0
1990,19,2,1,0,0,0,274,3,50,0
1990,39,1,1,1,0,0,686,1,0,0
1990,22,1,1,1,0,0,734,1,0,0
1990,51,1,0,0,0,0,243,3,50,0
1990,47,2,0,0,0,1,313,5,40,0
1990,72,1,0,0,0,1,266,3,45,0
1990,66,2,0,0,0,1,266,3,45,0
1990,68,1,0,0,0,0,0,0,0,0
1990,68,2,0,0,0,0,0,0,0,0
1990,33,2,2,0,0,1,22,5,40,0
1990,72,1,3,0,0,0,0,0,0,0
1990,60,1,0,0,0,0,389,6,16,0
1990,58,2,0,0,0,0,389,6,40,0
1990,41,1,1,0,0,1,436,3,40,0
1990,65,2,0,0,0,0,0,0,0,0
1990,66,1,0,0,0,0,0,0,0,0
1990,51,1,3,1,0,0,549,4,50,0
1990,47,1,2,0,0,1,22,4,40,0
1990,30,2,2,0,0,1,318,2,40,0
1990,55,2,0,0,0,1,188,5,91,0
1990,61,1,0,0,0,0,259,3,40,0
1990,40,1,0,0,0,1,558,0,50,0
1990,30,2,0,0,2,1,579,0,40,0
1990,33,1,1,0,0,0,777,1,48,0
1990,29,2,1,0,0,1,33,1,40,0
1990,58,1,0,0,0,0,355,2,20,0
1990,54,2,0,0,0,0,744,1,40,0
1990,32,1,0,3,0,0,518,1,50,0
1990,35,2,0,0,0,0,314,4,40,0
1990,63,1,0,0,0,0,736,1,40,0
1990,59,2,0,0,0,0,0,0,0,0
1990,33,1,0,0,0,1,22,1,50,0
1990,34,2,0,0,0,1,95,5,40,0
1990,40,1,0,0,0,0,804,2,55,0
1990,32,2,0,0,0,1,445,5,0,0
1990,30,1,0,0,0,0,583,0,40,0
1990,28,2,0,0,0,0,447,5,0,0
1990,26,1,1,0,0,0,567,0,40,0
1990,58,1,2,0,2,0,567,0,32,0
1990,36,1,0,0,0,0,22,1,46,0
1990,34,2,0,0,0,0,363,1,36,0
1990,26,1,0,0,0,0,485,0,60,1
1990,30,2,0,0,0,0,29,3,40,0
1990,53,2,0,0,0,1,204,5,32,0
1990,65,1,0,0,0,0,22,0,40,0
1990,65,2,3,0,0,0,313,5,35,1
1990,26,1,1,0,0,1,7,4,45,0
1990,28,1,1,0,0,1,229,3,45,0
1990,43,1,0,0,0,1,257,1,40,1
1990,42,2,0,0,0,1,0,0,0,0
1990,44,1,0,0,0,1,145,5,60,1
1990,37,2,0,0,0,1,178,5,24,0
1990,53,2,2,0,0,1,13,0,40,0
1990,69,2,0,0,0,0,389,1,0,0
1990,67,1,0,0,0,0,653,1,0,0
1990,50,1,0,0,0,0,355,2,0,0
1990,45,2,0,0,0,1,313,5,30,0
1990,29,1,0,0,0,1,156,5,56,0
1990,28,2,0,0,0,1,315,4,5,0
1990,20,2,1,0,0,1,435,3,35,0
1990,38,2,1,1,0,0,0,0,0,0
1990,71,2,2,0,0,0,274,5,25,0
1990,69,1,0,0,0,0,0,0,0,0
1990,69,2,0,0,0,0,453,4,30,0
1990,35,1,1,0,0,0,453,6,40,0
1990,50,1,0,0,0,0,263,3,45,0
1990,50,2,0,0,0,0,0,0,0,0
1990,23,2,1,0,0,1,29,3,37,0
1990,43,1,0,0,0,0,22,1,60,1
1990,44,2,0,0,0,0,0,0,0,0
1990,18,1,1,0,0,0,486,4,16,0
1990,65,2,1,0,0,1,143,5,0,0
1990,44,1,0,0,0,1,22,2,40,1
1990,35,2,0,0,0,1,463,2,54,0
1990,45,1,0,0,0,1,13,1,45,1
1990,45,2,0,0,0,1,95,5,24,0
1990,19,1,1,0,0,0,885,3,12,0
1990,33,2,0,0,0,1,183,5,55,1
1990,41,1,0,0,0,1,22,3,60,1
1990,77,2,3,0,0,0,0,0,0,0
1990,68,1,0,0,0,1,567,5,0,0
1990,70,2,0,0,0,0,335,3,40,0
1990,35,1,0,0,0,1,176,5,65,0
1990,34,2,0,0,0,1,0,0,0,0
1990,25,1,1,0,0,1,66,5,35,0
1990,26,2,1,0,0,1,27,5,48,0
1990,53,1,0,0,2,1,156,5,50,0
1990,47,2,0,0,2,1,156,5,0,0
1990,39,1,0,0,0,1,7,4,45,1
1990,39,2,0,0,0,1,337,1,45,0
1990,54,1,0,0,0,0,243,3,48,0
1990,45,2,0,0,0,1,156,5,40,0
1990,77,2,3,0,0,1,0,0,0,0
1990,52,1,0,0,0,1,22,2,60,1
1990,45,2,0,0,0,1,22,3,0,0
1990,22,1,1,0,0,1,444,3,70,0
1990,40,1,0,0,0,1,23,6,40,1
1990,40,2,0,0,0,1,156,5,40,0
1990,63,1,3,0,0,0,0,0,0,0
1990,28,1,0,0,0,1,308,1,40,0
1990,28,2,0,0,0,1,206,5,24,0
1990,46,1,2,0,0,0,275,4,60,0
1990,70,2,3,0,0,0,0,0,0,0
1990,27,1,0,0,0,1,22,3,40,0
1990,30,2,0,0,0,1,7,3,40,0
1990,72,1,0,1,0,0,0,0,0,0
1990,53,2,0,1,0,0,468,5,37,0
1990,28,1,1,1,0,0,436,3,40,0
1990,28,1,1,1,0,0,436,5,40,0
1990,34,2,1,1,0,0,449,4,0,0
1990,37,1,2,1,0,0,426,5,40,0
1990,56,1,0,0,0,1,259,1,50,0
1990,53,2,0,0,0,0,436,3,24,0
1990,26,2,2,0,0,0,335,3,35,0
1990,45,1,1,0,0,1,143,5,40,1
1990,66,1,0,0,0,0,809,3,30,0
1990,62,2,0,0,0,0,877,3,33,0
1990,42,1,0,0,0,1,303,4,50,1
1990,42,2,0,0,0,1,315,4,40,0
1990,53,1,0,0,0,1,22,2,56,1
1990,53,2,0,0,0,0,0,0,0,0
1990,26,2,1,0,0,1,313,1,37,0
1990,23,2,1,0,0,1,95,5,40,0
1990,42,1,0,0,0,1,22,1,50,1
1990,42,2,0,0,0,1,467,5,24,0
1990,39,2,2,0,0,1,14,5,55,0
1990,55,2,0,0,0,1,303,4,0,0
1990,64,1,0,0,0,1,796,2,45,0
1990,73,2,3,0,0,1,266,3,24,0
1990,46,1,0,0,0,1,22,4,40,0
1990,46,2,0,0,0,1,0,0,0,0
1990,42,1,0,0,0,1,259,1,40,0
1990,40,2,0,0,0,1,5,6,32,0
1990,64,2,1,0,2,0,0,0,0,0
1990,38,2,2,0,0,0,243,3,47,0
1990,42,2,1,0,0,1,276,3,40,0
1990,32,1,0,0,0,1,76,5,45,0
1990,26,2,0,0,0,1,159,5,15,0
1990,29,2,0,0,0,1,453,4,55,0
1990,29,1,0,0,0,1,263,3,40,0
1990,28,1,0,0,0,1,213,2,40,0
1990,27,2,0,0,0,1,23,1,40,0
1990,35,1,0,0,0,1,567,0,50,0
1990,30,2,0,0,0,1,335,5,50,0
1990,33,1,0,0,0,1,243,3,45,0
1990,32,2,0,0,0,1,156,5,0,0
1990,20,1,1,0,0,1,759,1,48,0
1990,22,2,1,0,0,0,14,5,15,0
1990,24,1,0,0,0,1,235,3,40,0
1990,25,2,0,0,0,1,435,3,0,0
1990,47,2,3,0,0,1,254,0,40,0
1990,31,2,2,0,0,0,435,3,35,0
1990,55,1,0,0,0,0,558,0,40,1
1990,53,2,0,0,0,0,0,0,0,0
1990,24,1,1,0,0,1,22,0,40,0
1990,23,2,1,0,0,1,156,5,32,0
1990,19,1,1,0,0,0,0,0,0,0
1990,65,1,0,0,0,0,243,3,0,0
1990,56,2,0,0,0,0,17,3,50,0
1990,42,1,0,0,0,0,549,4,40,0
1990,35,2,0,0,0,1,203,5,0,0
1990,25,1,0,0,0,0,889,1,40,0
1990,21,2,0,0,0,0,313,1,3,0
1990,26,2,2,0,0,0,435,3,35,0
1990,35,1,3,0,0,0,686,3,40,0
1990,32,1,0,0,0,0,804,2,40,0
1990,30,2,0,0,0,0,808,2,23,0
1990,54,1,0,0,0,1,22,2,60,1
1990,54,2,0,0,0,0,274,3,0,0
1990,20,2,2,0,0,1,266,3,35,0
1990,24,1,1,0,0,1,243,3,40,0
1990,55,1,0,0,0,0,217,4,40,0
1990,52,2,0,0,0,0,0,0,0,0
1990,28,1,1,0,0,0,22,0,14,0
1990,70,1,0,0,0,1,166,1,0,0
1990,53,2,0,0,0,1,475,0,60,0
1990,60,1,0,0,0,0,883,1,0,0
1990,76,2,0,0,0,0,0,0,0,0
1990,37,1,0,1,0,1,628,1,45,0
1990,37,2,0,1,0,1,447,5,31,0
1990,19,1,1,1,0,1,453,5,40,0
1990,47,2,3,0,0,1,207,5,40,0
1990,54,1,0,2,0,0,494,0,60,0
1990,50,2,0,0,0,0,274,3,40,0
1990,46,1,0,0,0,1,243,3,50,1
1990,46,2,0,0,0,0,0,0,0,0
1990,33,1,2,0,0,1,22,1,45,0
1990,43,1,0,0,0,1,185,1,40,0
1990,39,2,0,0,0,1,14,5,40,0
1990,44,1,0,0,0,1,156,5,50,0
1990,35,2,0,0,0,1,337,0,25,0
1990,72,1,0,0,0,1,0,0,0,0
1990,74,2,0,0,0,0,0,0,0,0
1990,51,1,0,0,0,0,503,1,40,0
1990,49,2,0,0,0,0,449,4,0,0
1990,35,1,0,0,0,1,549,3,50,1
1990,34,2,0,0,0,0,0,0,0,0
1990,41,1,0,0,0,1,255,4,70,1
1990,38,2,0,0,0,1,909,6,0,0
1990,63,1,0,0,0,0,575,0,16,0
1990,60,2,0,0,0,0,0,0,0,0
1990,71,2,3,0,0,0,0,0,0,0
1990,44,1,3,0,0,0,575,1,42,0
1990,57,1,0,0,0,0,549,3,40,0
1990,52,2,0,0,0,0,436,3,20,0
1990,60,1,3,0,0,0,274,3,30,0
1990,66,1,0,0,0,0,473,0,92,0
1990,67,2,0,0,0,0,468,0,92,0
1990,28,2,1,0,0,0,337,4,50,0
1990,39,1,0,0,0,0,505,4,50,0
1990,39,2,0,0,0,1,379,5,32,0
1990,42,2,2,0,0,0,8,3,40,0
1990,21,1,1,0,0,0,558,0,40,0
1990,18,2,1,0,0,0,0,0,0,0
1990,24,1,0,0,0,1,628,1,48,0
1990,27,2,0,0,0,1,313,5,20,0
1990,35,1,0,0,0,0,785,1,40,0
1990,36,2,0,0,0,0,0,0,0,0
1990,44,1,0,0,0,0,36,6,40,0
1990,42,2,0,0,0,0,156,5,40,0
1990,21,2,1,0,0,0,274,3,30,0
1990,34,2,3,1,0,0,449,5,40,0
1990,42,1,0,0,0,0,796,1,46,0
1990,36,2,0,0,0,0,808,1,40,0
1990,36,1,0,0,0,0,338,3,55,0
1990,33,2,0,0,0,0,0,0,0,0
1990,76,2,3,0,0,1,0,0,0,0
1990,30,2,1,1,0,0,477,0,40,0
1990,34,1,1,1,0,0,769,1,40,0
1990,63,1,2,0,0,0,448,4,0,0
1990,62,1,0,1,0,0,0,0,0,0
1990,55,2,0,1,0,0,0,0,0,0
1990,22,1,1,1,0,0,804,1,40,0
1990,31,2,3,0,0,0,276,3,24,0
1990,78,2,3,0,0,0,0,0,0,0
1990,29,1,0,0,0,0,143,5,32,0
1990,27,2,0,0,0,0,453,4,0,0
1990,42,2,1,0,0,1,65,6,40,0
1990,59,1,0,0,0,0,579,0,44,1
1990,54,2,0,0,0,1,254,4,40,0
1990,20,1,1,0,0,1,0,0,0,0
1990,56,1,0,0,0,0,637,1,60,1
1990,52,2,0,0,0,0,274,3,50,1
1990,68,2,1,0,0,0,888,1,0,0
1990,36,1,0,0,0,0,553,0,40,0
1990,35,2,0,0,0,0,444,3,20,0
1990,58,1,2,0,0,1,9,6,40,0
1990,34,2,0,0,0,1,206,5,40,0
1990,35,1,0,0,0,0,567,0,40,1
1990,48,1,3,0,0,0,637,1,53,0
1990,24,1,1,0,0,1,22,3,53,0
1990,21,1,1,0,0,1,53,0,40,0
1990,32,1,0,0,0,1,243,3,42,0
1990,27,2,0,0,0,0,243,3,45,0
1990,68,2,3,0,0,0,22,1,0,0
1990,22,2,1,0,0,1,385,3,8,0
1990,34,1,0,0,0,0,566,0,30,1
1990,33,2,0,0,0,0,785,1,0,0
1990,65,1,0,0,0,1,267,3,0,0
1990,64,2,0,0,0,1,0,0,0,0
1990,37,2,3,0,0,1,877,3,0,0
1990,39,2,0,1,0,0,467,5,6,0
1990,39,1,0,1,0,0,889,3,20,0
1990,18,1,1,1,0,0,0,0,0,0
1990,39,2,3,1,0,0,253,4,36,0
1990,44,1,1,0,2,0,575,1,40,0
1990,25,1,1,0,0,0,593,0,40,0
1990,18,2,1,0,0,0,447,5,40,0
1990,19,1,1,0,0,0,887,4,25,0
1990,67,1,0,0,0,0,0,0,0,0
1990,65,2,0,0,0,0,303,6,0,0
1990,76,1,3,0,0,0,0,0,0,0
1990,79,2,3,0,0,0,0,0,0,0
1990,68,2,3,1,0,0,0,0,0,0
1990,45,2,3,0,0,1,23,6,37,0
1990,29,2,1,1,0,0,0,0,0,0
1990,39,1,1,1,0,1,167,5,28,0
1990,30,1,0,0,0,1,567,0,40,0
1990,28,2,0,0,0,1,779,1,40,0
1990,79,2,3,0,0,0,0,0,0,0
1990,57,1,2,0,0,0,434,3,20,0
1990,42,1,0,0,0,0,507,2,40,0
1990,39,2,0,0,0,1,379,5,37,0
1990,39,2,1,1,0,0,207,5,40,0
1990,20,2,1,1,0,1,276,3,25,0
1990,31,1,0,0,0,0,753,1,40,0
1990,27,2,0,0,0,0,447,5,75,0
1990,34,2,3,0,0,0,0,0,0,0
1990,40,1,0,0,0,0,777,1,40,0
1990,34,2,0,0,0,0,313,5,40,0
1990,62,1,0,0,0,0,0,0,0,0
1990,62,2,0,0,0,1,0,0,0,0
1990,40,1,0,3,3,1,33,1,50,0
1990,35,2,0,3,4,1,744,1,32,0
1990,21,1,0,0,0,0,505,3,40,0
1990,21,2,0,0,0,0,313,5,40,0
1990,44,2,2,0,0,0,276,3,10,0
1990,35,1,0,0,0,1,84,5,60,0
1990,28,2,0,0,0,1,105,5,0,0
1990,73,2,0,0,0,0,0,0,0,0
1990,76,1,0,0,0,0,0,0,0,0
1990,79,1,0,0,0,0,0,0,0,0
1990,38,1,1,0,0,0,779,1,40,0
1990,24,1,1,0,0,0,364,1,40,0
1990,54,1,0,0,0,0,0,0,0,0
1990,47,2,0,0,0,1,254,4,60,0
1990,43,1,0,0,0,1,23,5,40,0
1990,37,2,0,0,0,1,178,6,45,1
1990,49,1,0,0,0,1,156,5,40,1
1990,44,2,0,0,0,0,154,5,15,0
1990,20,2,1,0,0,1,276,1,20,0
1990,64,1,0,0,0,0,806,1,0,0
1990,68,2,0,0,0,0,0,0,0,0
1990,30,1,1,0,0,1,96,3,30,0
1990,24,1,1,0,0,0,486,0,50,0
1990,23,2,1,0,0,1,435,3,30,0
1990,25,1,1,0,0,1,243,3,45,0
1990,32,1,0,0,0,1,259,1,40,0
1990,30,2,0,0,0,0,337,4,15,0
1990,31,1,0,0,0,0,505,3,40,0
1990,30,2,0,0,0,0,435,3,0,0
1990,61,1,0,0,0,0,337,3,52,0
1990,61,2,0,0,0,0,909,6,0,0
1990,60,1,0,0,0,0,243,3,40,1
1990,57,2,0,0,0,0,0,0,0,0
1990,69,1,0,0,0,1,418,6,0,0
1990,69,2,0,0,0,0,0,0,0,0
1990,35,1,1,0,0,1,156,5,30,0
1990,33,1,2,0,0,1,804,2,20,0
1990,69,1,0,0,0,1,303,6,0,0
1990,68,2,0,0,0,1,267,3,20,0
1990,56,2,2,0,0,0,469,5,40,0
1990,32,1,1,0,0,1,98,5,60,0
1990,30,2,1,0,0,0,23,5,40,0
1990,55,1,0,0,0,1,154,5,40,1
1990,54,2,0,0,0,0,337,3,25,0
1990,42,1,0,0,0,1,178,5,48,1
1990,39,2,0,0,0,1,234,5,40,0
1990,28,1,0,1,0,1,103,5,40,0
1990,27,2,0,0,0,1,103,5,40,0
1990,49,1,0,1,0,1,22,5,40,1
1990,48,2,0,1,0,1,235,5,40,0
1990,38,1,0,0,0,0,883,3,40,0
1990,37,2,0,0,0,0,376,4,0,0
1990,75,2,3,0,0,0,313,6,0,0
1990,59,2,1,0,0,0,683,1,40,0
1990,31,1,0,0,0,1,585,0,40,0
1990,32,2,0,0,0,1,203,5,12,0
1990,31,1,0,0,0,0,355,2,40,0
1990,30,2,0,0,0,0,313,5,0,0
1990,19,1,1,0,0,1,0,0,0,0
1990,42,2,0,0,0,1,156,5,20,0
1990,47,1,0,0,0,1,154,5,60,1
1990,32,2,0,1,0,1,313,4,37,0
1990,43,1,0,1,0,0,885,3,40,0
1990,39,1,0,0,0,0,22,1,40,0
1990,38,2,0,0,0,0,378,5,20,0
1990,30,1,0,0,0,1,84,5,45,0
1990,36,2,0,0,0,1,95,5,32,0
1990,48,1,0,0,0,1,257,4,40,1
1990,46,2,0,0,0,0,313,3,7,0
1990,21,1,1,0,0,1,378,4,20,0
1990,20,2,1,0,0,0,387,5,30,0
1990,73,1,0,0,0,1,0,0,0,0
1990,69,2,0,0,0,0,0,0,0,0
1990,32,2,0,0,0,1,156,5,40,0
1990,34,1,0,0,0,1,157,5,40,0
1990,67,2,3,0,0,0,17,4,0,0
1990,25,2,1,0,0,1,375,4,40,0
1990,78,1,0,0,0,0,459,5,8,0
1990,75,2,0,0,0,0,0,0,0,0
1990,29,2,3,1,0,1,435,5,0,0
1990,73,1,0,0,0,0,0,0,0,0
1990,73,2,0,0,0,0,0,0,0,0
1990,32,1,0,0,0,0,243,3,43,0
1990,31,2,0,0,0,1,274,3,16,0
1990,50,2,0,0,0,0,337,6,45,0
1990,59,1,0,0,0,1,13,0,56,0
1990,25,2,1,1,4,1,0,0,0,0
1990,23,1,1,1,4,1,0,0,0,0
1990,24,1,1,1,4,1,0,0,0,0
1990,51,1,0,0,0,0,637,1,40,0
1990,49,2,0,0,0,0,407,4,8,0
1990,39,1,0,0,0,0,796,1,40,0
1990,36,2,0,0,0,1,878,3,24,0
1990,39,1,0,0,0,0,426,1,40,0
1990,36,2,0,0,0,1,95,5,40,0
1990,51,1,2,0,0,0,426,5,40,0
1990,46,1,0,0,0,0,628,1,60,1
1990,42,2,0,0,0,0,889,2,38,0
1990,48,1,0,0,0,1,308,4,40,0
1990,47,2,0,0,0,0,243,3,40,0
1990,20,1,1,0,0,1,383,4,10,0
1990,78,2,3,0,0,0,435,3,12,0
1990,46,1,0,0,0,0,307,3,40,0
1990,37,2,0,0,0,0,466,5,0,0
1990,23,2,1,0,0,0,313,1,40,0
1990,21,2,1,0,0,0,319,1,40,0
1990,49,1,0,0,0,1,259,3,40,0
1990,45,2,0,0,0,0,376,4,37,0
1990,34,1,0,0,0,1,22,1,50,1
1990,31,2,0,0,0,0,0,0,0,0
1990,34,2,3,3,3,1,276,3,30,0
1990,37,1,3,3,3,1,22,1,56,0
1990,25,2,1,0,0,1,243,4,60,0
1990,23,2,1,0,0,1,436,3,25,0
1990,73,1,3,0,0,0,0,0,0,0
1990,30,1,1,0,0,0,444,5,30,0
1990,29,1,1,0,0,0,785,5,40,0
1990,20,1,1,0,0,0,0,0,0,0
1990,74,1,1,0,2,0,0,0,0,0
1990,42,1,0,0,0,0,22,1,50,0
1990,40,2,0,0,0,1,337,3,0,0
1990,19,2,1,0,0,0,447,5,15,0
1990,47,1,0,0,0,1,22,2,40,1
1990,47,2,0,0,0,0,307,4,40,0
1990,51,1,0,0,0,1,174,5,40,0
1990,54,2,0,0,0,0,335,1,40,0
1990,68,2,2,0,0,0,0,0,0,0
1990,25,2,1,0,0,0,523,2,45,0
1990,25,2,1,0,0,0,303,4,48,0
1990,29,1,0,0,0,1,22,3,40,1
1990,31,2,0,0,0,1,22,4,40,0
1990,43,1,0,0,0,1,22,1,40,1
1990,41,2,0,0,0,1,313,1,14,0
1990,29,2,0,0,0,1,208,5,20,0
1990,26,1,0,0,2,0,243,3,50,0
1990,62,1,0,0,0,0,5,6,35,0
1990,57,2,0,0,0,0,337,3,40,0
1990,43,1,0,0,0,0,458,4,50,0
1990,43,2,0,0,0,0,17,3,30,0
1990,22,2,1,0,0,1,447,5,0,0
1990,20,1,1,0,0,0,0,0,0,0
1990,56,1,0,0,4,0,365,3,50,0
1990,56,2,0,0,0,0,337,4,0,0
1990,49,1,0,0,0,1,163,5,39,1
1990,51,2,0,0,0,0,264,3,30,0
1990,34,1,1,0,0,0,438,5,10,0
1990,50,2,0,0,2,0,748,5,40,0
1990,57,1,0,0,2,0,453,5,40,0
1990,23,1,1,0,2,1,275,4,30,0
1990,19,2,1,0,0,1,329,5,35,0
1990,24,1,1,0,0,0,0,0,0,0
1990,31,1,0,0,0,1,23,2,70,0
1990,32,2,0,0,0,1,7,4,50,0
1990,49,1,0,0,0,1,55,2,40,1
1990,46,2,0,0,0,1,207,5,55,0
1990,53,1,0,0,0,1,256,4,35,1
1990,52,2,0,0,0,1,0,0,0,0
1990,49,1,0,0,0,1,376,3,40,0
1990,48,2,0,0,1,1,447,5,36,0
1990,25,2,1,0,0,1,21,5,45,0
1990,47,1,0,0,2,1,783,2,40,0
1990,43,2,0,0,2,0,674,3,40,0
1990,19,2,1,0,2,0,774,3,30,0
1990,56,1,1,0,0,0,276,3,45,0
1990,58,2,1,0,0,0,313,5,35,0
1990,64,2,1,0,0,0,0,0,0,0
1990,62,1,0,0,0,1,7,0,40,1
1990,61,2,0,0,0,0,303,5,20,0
1990,25,2,1,0,0,1,259,3,40,0
1990,48,1,0,0,0,1,13,2,45,1
1990,39,2,0,0,0,1,95,5,24,0
1990,80,2,3,0,2,0,0,0,0,0
1990,58,1,0,0,0,0,584,0,40,0
1990,56,2,0,0,0,0,313,0,20,0
1990,27,1,1,0,0,1,584,0,40,0
1990,20,2,1,0,0,1,435,3,20,0
1990,55,1,1,0,0,0,683,2,40,0
1990,64,1,0,0,0,1,22,1,40,1
1990,60,2,0,0,0,1,0,0,0,0
1990,22,1,1,0,0,1,274,3,40,0
1990,18,2,1,0,0,0,264,3,20,0
1990,55,2,3,0,0,1,0,0,0,0
1990,18,1,1,0,0,1,509,2,20,0
1990,46,1,0,0,0,1,243,3,40,1
1990,40,2,0,0,0,1,14,5,35,0
1990,37,1,0,0,0,1,22,4,55,1
1990,37,2,0,0,0,1,0,0,0,0
1990,45,1,2,0,0,1,33,1,40,0
1990,24,1,1,0,0,1,22,0,40,0
1990,21,1,1,0,0,1,259,3,25,0
1990,42,1,0,0,2,1,22,4,50,1
1990,37,2,0,0,0,1,156,5,25,0
1990,70,2,3,0,0,1,156,5,63,0
1990,37,1,0,0,0,1,96,3,45,1
1990,39,2,0,0,0,1,95,5,32,0
1990,65,1,3,1,0,0,17,3,35,0
1990,42,1,0,0,0,1,566,0,50,0
1990,40,2,0,0,0,1,447,5,35,0
1990,19,1,1,0,0,0,904,6,50,0
1990,37,1,0,0,0,0,869,0,40,0
1990,32,2,0,0,0,0,276,3,0,0
1990,53,1,0,0,0,0,804,2,70,0
1990,55,2,0,0,0,0,95,5,0,0
1990,69,1,0,0,0,0,0,0,0,0
1990,66,2,0,0,0,0,313,5,40,0
1990,72,2,2,0,0,1,0,0,0,0
1990,20,1,0,0,0,1,255,4,45,1
1990,30,2,0,0,0,1,95,5,45,0
1990,68,2,3,0,0,0,0,0,0,0
1990,37,1,0,0,0,0,263,3,45,0
1990,27,2,0,0,0,0,313,1,40,0
1990,42,1,0,0,0,1,243,3,60,0
1990,39,2,0,0,0,1,379,3,20,0
1990,43,1,0,0,0,1,22,1,40,0
1990,42,2,0,0,0,0,0,0,0,0
1990,35,1,0,0,0,0,676,5,50,0
1990,35,2,0,0,0,0,387,5,10,0
1990,67,1,0,0,0,0,877,3,20,0
1990,63,2,0,0,0,0,338,1,6,0
1990,43,1,0,0,0,1,22,1,50,0
1990,42,2,0,0,0,1,155,5,12,0
1990,63,2,0,0,0,0,0,0,0,0
1990,66,1,0,0,0,0,796,2,45,0
1990,56,1,0,0,0,1,85,5,38,1
1990,57,2,0,0,0,1,14,2,37,0
1990,38,1,0,0,0,1,22,1,40,0
1990,36,2,0,0,0,1,337,1,30,0
1990,61,2,2,0,0,0,14,5,0,0
1990,59,1,1,0,0,0,453,3,40,0
1990,73,1,0,0,0,0,0,0,0,0
1990,75,2,0,0,0,0,0,0,0,0
1990,60,1,0,0,0,0,628,5,45,0
1990,52,2,0,0,0,1,444,5,30,0
1990,27,1,1,0,0,1,53,0,40,0
1990,52,1,0,0,0,1,804,3,45,0
1990,54,2,0,0,0,0,364,3,20,0
1990,24,2,1,0,0,1,95,5,20,0
1990,21,1,1,0,0,0,363,3,40,0
1990,18,1,1,0,0,0,637,1,40,0
1990,62,2,1,0,0,0,375,4,37,0
1990,57,2,3,1,0,0,444,5,0,0
1990,31,2,2,1,0,0,447,5,32,0
1990,45,1,2,0,0,1,354,2,40,0
1990,20,2,1,0,0,0,313,5,55,0
1990,29,1,1,0,0,0,254,4,40,0
1990,77,1,0,0,0,0,0,0,0,0
1990,77,2,0,0,0,0,0,0,0,0
1990,37,1,0,0,0,0,557,0,65,1
1990,36,2,0,0,0,0,379,3,35,0
1990,52,1,0,0,0,0,426,4,40,0
1990,53,2,0,0,0,0,888,1,40,0
1990,31,1,0,0,0,0,22,1,45,0
1990,33,2,0,0,0,1,313,3,25,0
1990,67,2,3,0,0,0,787,1,0,0
1990,26,2,0,0,0,0,327,2,40,0
1990,21,1,0,0,0,0,549,4,40,0
1990,63,1,2,0,0,0,0,0,0,0
1990,62,1,1,0,0,0,473,0,60,0
1990,22,1,0,2,1,0,0,0,0,0
1990,30,2,0,0,0,0,0,0,0,0
1990,47,2,1,0,0,0,313,1,40,0
1990,43,2,2,0,0,0,17,3,40,0
1990,66,1,0,0,0,0,0,0,0,0
1990,64,2,0,0,0,0,0,0,0,0
1990,40,1,0,0,0,0,518,1,40,0
1990,36,2,0,0,0,0,276,3,8,0
1990,18,2,1,3,3,1,443,5,20,0
1990,67,1,0,0,0,1,0,0,0,1
1990,67,2,0,0,0,0,0,0,0,0
1990,52,1,0,0,0,0,756,1,40,0
1990,48,2,0,0,0,0,0,0,0,0
1990,32,2,3,0,0,0,744,1,37,0
1990,25,1,0,0,0,1,859,1,40,0
1990,23,2,0,0,0,0,467,5,40,0
1990,33,2,1,1,0,0,95,5,40,0
1990,41,2,0,2,1,0,22,4,16,0
1990,51,1,0,2,1,1,628,1,0,0
1990,49,1,2,2,0,0,0,0,0,0
1990,35,2,2,1,1,0,444,5,40,0
1990,80,1,3,0,0,0,0,0,0,0
1990,38,1,0,0,0,0,804,2,84,0
1990,34,2,0,0,0,0,0,0,0,0
1990,79,1,0,0,0,0,0,0,0,0
1990,30,2,3,0,0,0,385,6,40,0
1990,74,2,3,0,0,1,0,0,0,0
1990,46,1,0,0,0,1,22,5,45,0
1990,47,2,0,0,0,1,157,5,40,0
1990,72,1,0,0,0,0,0,0,0,0
1990,69,2,0,0,0,0,0,0,0,0
1990,59,2,3,0,0,0,264,3,40,0
1990,40,2,0,0,0,0,436,3,6,0
1990,38,1,0,0,0,1,188,1,40,0
1990,34,1,0,0,0,0,523,4,40,0
1990,31,2,0,0,0,1,13,3,25,0
1990,44,1,0,0,0,0,277,3,45,0
1990,43,2,0,0,0,0,206,5,20,0
1990,26,1,2,0,0,0,853,0,40,0
1990,19,2,1,0,0,0,779,3,40,0
1990,42,1,0,0,2,1,883,2,45,0
1990,44,2,0,0,0,1,95,5,40,0
1990,33,1,0,0,0,1,55,4,42,0
1990,28,2,0,0,0,1,315,4,35,0
1990,40,1,0,0,0,0,534,3,40,0
1990,32,2,0,0,0,1,666,3,24,0
1990,18,1,1,0,0,0,17,3,20,0
1990,45,1,0,0,0,0,719,1,40,0
1990,44,2,0,0,0,0,744,1,40,0
1990,37,1,0,0,0,1,379,5,40,0
1990,35,2,0,0,0,1,797,5,0,0
1990,27,1,1,0,0,0,694,5,90,0
1990,27,1,0,0,0,1,5,6,40,0
1990,28,2,0,0,0,1,277,3,4,0
1990,35,1,0,0,0,1,176,5,50,0
1990,31,2,0,0,0,0,313,5,90,0
1990,65,1,0,0,0,0,766,5,0,0
1990,66,2,0,0,0,0,0,0,0,0
1990,22,2,1,0,0,0,447,5,40,0
1990,36,1,0,0,0,1,785,1,40,0
1990,33,2,0,0,0,1,435,3,15,0
1990,41,1,1,0,0,0,364,1,50,0
1990,27,1,0,0,0,0,505,3,53,0
1990,23,2,0,0,0,0,243,3,40,0
1990,76,1,0,0,0,0,0,0,0,0
1990,74,2,0,0,0,0,0,0,0,0
1990,47,1,0,0,0,0,364,1,48,0
1990,47,2,0,0,0,0,754,3,40,0
1990,70,2,3,0,0,0,744,1,21,0
1990,64,1,0,0,2,0,67,1,0,0
1990,74,2,0,0,0,0,0,0,0,0
1990,40,1,0,0,0,0,22,0,55,0
1990,37,2,0,0,0,0,205,5,16,0
1990,43,1,0,0,0,0,558,0,0,0
1990,30,2,0,0,0,0,439,3,20,0
1990,79,2,3,0,0,0,744,1,12,0
1990,38,1,2,0,0,0,719,1,40,0
1990,27,2,3,0,0,0,0,0,0,0
1990,42,2,1,1,0,1,338,1,40,0
1990,64,1,0,0,0,0,756,1,0,0
1990,61,2,0,0,0,0,387,5,12,0
1990,35,1,2,0,0,0,783,1,40,0
1990,42,1,0,0,0,0,22,0,45,0
1990,39,2,0,0,0,0,687,1,40,0
1990,21,1,1,0,0,0,22,0,40,0
1990,68,1,0,0,0,0,869,0,60,0
1990,68,2,0,0,0,0,0,0,0,0
1990,42,2,0,0,0,1,157,5,40,0
1990,38,1,0,0,0,0,0,0,0,0
1990,42,1,0,0,0,0,558,0,40,0
1990,41,2,0,0,0,0,276,3,0,0
1990,21,1,1,0,0,0,869,0,40,0
1990,31,1,0,0,0,1,259,1,40,1
1990,30,2,0,0,0,0,303,0,0,0
1990,26,1,0,0,0,0,734,1,40,0
1990,25,2,0,0,0,0,447,5,24,0
1990,39,2,0,0,0,1,436,3,60,0
1990,51,1,0,0,0,0,686,3,70,0
1990,67,1,0,0,0,0,567,5,12,0
1990,62,2,0,0,0,0,378,4,7,0
1990,32,1,3,0,0,0,514,3,65,0
1990,18,2,1,0,0,0,774,4,30,0
1990,38,2,3,0,0,0,276,3,0,0
1990,37,1,0,0,0,0,734,1,40,0
1990,39,2,0,0,0,0,0,0,0,0
1990,19,1,1,0,0,0,779,1,40,0
1990,45,1,0,0,0,0,779,1,40,0
1990,43,2,0,0,0,0,0,0,0,0
1990,45,1,2,0,0,1,463,2,35,1
1990,80,1,0,0,0,0,0,0,0,0
1990,68,2,0,0,0,0,0,0,0,0
1990,43,1,0,0,0,0,529,2,0,0
1990,42,2,0,0,0,1,313,5,40,0
1990,31,1,0,0,0,0,849,1,40,0
1990,30,2,0,0,0,0,243,3,30,0
1990,46,1,0,0,0,0,804,1,40,0
1990,42,2,0,0,0,0,888,3,46,0
1990,22,1,1,0,0,0,804,3,40,0
1990,47,1,2,0,0,1,777,1,52,0
1990,26,1,0,0,0,0,567,0,40,0
1990,25,2,0,0,0,0,785,1,40,0
1990,30,1,0,0,0,0,628,1,50,0
1990,29,2,0,0,0,0,365,1,0,0
1990,70,2,3,0,0,0,439,5,0,0
1990,38,1,0,0,0,1,804,2,45,0
1990,39,2,0,0,0,1,435,3,25,0
1990,37,2,1,0,0,0,389,4,32,0
1990,27,2,1,0,0,0,389,4,47,0
1990,65,2,3,0,0,0,0,0,0,0
1990,57,1,0,0,0,0,766,1,0,0
1990,54,2,0,0,0,0,379,5,40,0
1990,18,1,1,0,0,1,276,3,25,0
1990,19,2,1,0,0,1,274,3,10,0
1990,28,2,2,0,0,0,785,1,40,0
1990,71,1,0,0,0,1,0,0,0,0
1990,65,2,0,0,0,0,0,0,0,0
1990,77,1,0,0,0,0,0,0,0,0
1990,70,2,0,0,0,0,0,0,0,0
1990,37,1,1,0,0,1,85,5,40,0
1990,29,2,1,0,0,0,445,5,40,0
1990,43,1,3,0,0,1,185,1,40,0
1990,34,1,0,0,0,1,22,4,50,1
1990,37,2,0,0,0,1,95,5,0,0
1990,46,1,0,0,0,0,804,2,40,0
1990,47,2,0,0,0,0,744,1,35,0
1990,41,1,2,0,0,1,156,5,40,0
1990,46,1,0,0,0,0,647,1,40,0
1990,41,2,0,0,0,0,0,0,0,0
1990,35,1,0,0,0,0,27,1,40,0
1990,37,2,0,0,0,1,387,5,20,0
1990,79,2,3,0,0,0,0,0,0,0
1990,33,1,0,0,0,1,23,3,45,1
1990,33,2,0,0,0,1,0,0,0,0
1990,37,1,1,0,0,0,804,3,52,0
1990,76,1,0,0,0,0,0,0,0,0
1990,75,2,0,0,0,0,0,0,0,0
1990,74,1,3,0,0,0,849,3,50,0
1990,34,1,0,0,0,0,22,6,40,0
1990,56,2,0,0,0,0,744,1,0,0
1990,72,1,3,0,0,0,0,0,0,0
1990,60,1,3,0,0,0,22,1,60,1
1990,55,1,0,0,0,0,516,2,40,0
1990,56,2,0,0,0,0,439,3,38,0
1990,34,2,2,0,0,1,276,3,35,0
1990,23,2,1,0,0,0,256,4,40,0
1990,33,2,2,0,0,1,315,4,40,0
1990,57,1,0,0,0,0,516,0,40,0
1990,54,2,0,0,0,0,446,5,32,0
1990,77,2,3,0,0,0,447,5,0,0
1990,65,2,3,0,0,0,0,0,0,0
1990,50,2,2,0,0,0,803,2,37,0
1990,46,1,3,0,0,0,804,2,40,0
1990,44,1,0,0,0,0,804,3,40,0
1990,35,2,0,0,0,0,777,1,35,0
1990,67,1,0,0,0,1,0,0,0,0
1990,64,2,0,0,0,1,0,0,0,0
1990,62,2,2,0,0,1,174,5,40,0
1990,29,1,2,0,0,0,486,4,8,0
1990,18,2,1,0,0,1,274,3,15,0
1990,75,1,0,0,0,1,0,0,0,0
1990,67,2,0,0,0,1,154,5,48,0
1990,39,1,0,0,0,0,634,1,40,0
1990,38,2,0,0,0,1,445,5,0,0
1990,57,1,0,0,0,1,585,1,40,0
1990,49,2,0,0,0,0,276,3,40,0
1990,19,2,1,0,0,1,276,3,32,0
1990,35,1,0,0,0,0,235,4,40,0
1990,32,2,0,0,0,0,337,4,40,0
1990,39,1,1,0,0,0,65,4,40,0
1990,32,1,3,0,0,1,9,6,40,0
1990,52,1,0,0,0,0,254,4,40,1
1990,47,2,0,0,2,0,0,0,0,0
1990,58,1,0,0,0,1,14,5,50,1
1990,59,2,0,0,0,1,0,0,0,0
1990,71,1,0,0,0,0,0,0,0,0
1990,73,2,0,0,0,0,0,0,0,0
1990,39,1,2,0,0,0,889,3,40,0
1990,28,2,3,0,0,1,407,4,0,0
1990,26,1,0,0,0,0,585,0,48,0
1990,20,2,0,0,0,0,313,6,40,0
1990,50,1,0,0,0,1,55,2,40,0
1990,42,2,0,0,0,1,443,5,20,0
1990,59,1,1,0,0,0,365,3,29,0
1990,53,1,0,0,0,0,575,0,0,0
1990,50,2,0,0,0,1,0,0,0,0
1990,27,2,3,0,0,0,268,3,40,0
1990,53,1,0,2,0,0,813,4,50,0
1990,39,2,0,2,1,0,449,4,45,0
1990,27,1,0,0,0,0,889,6,40,0
1990,36,2,0,0,0,1,156,5,35,0
1990,37,1,0,0,0,0,804,2,60,0
1990,31,2,0,0,0,1,435,3,40,0
1990,76,2,3,0,0,0,0,0,0,0
1990,72,1,0,0,0,1,0,0,0,0
1990,66,2,0,0,0,0,0,0,0,0
1990,36,1,0,0,0,0,567,0,40,0
1990,34,2,0,0,0,0,337,5,0,0
1990,39,1,0,1,0,1,243,3,30,0
1990,33,2,0,1,0,0,27,5,40,0
1990,47,2,1,0,0,0,628,1,50,0
1990,34,1,0,0,0,1,804,3,40,1
1990,30,2,0,0,0,0,453,5,25,0
1990,67,1,0,0,0,0,486,4,40,0
1990,72,2,0,0,0,0,0,0,0,0
1990,42,1,0,0,0,1,418,6,40,1
1990,31,2,0,0,0,0,0,0,0,0
1990,62,1,0,0,0,0,804,2,40,0
1990,50,2,0,0,0,0,0,0,0,0
1990,46,1,1,0,0,0,804,2,50,0
1990,22,1,1,0,0,0,804,2,40,0
1990,42,2,2,0,0,0,449,4,15,0
1990,20,2,1,0,0,0,274,3,15,0
1990,64,2,1,0,0,0,0,0,0,0
1990,78,1,0,0,0,1,274,3,65,1
1990,74,2,0,0,0,1,313,2,0,0
1990,40,1,0,0,0,1,217,1,40,0
1990,35,2,0,0,0,1,23,5,16,0
1990,52,1,0,0,0,0,434,4,45,0
1990,52,2,0,0,0,1,376,4,40,0
1990,28,2,0,0,0,1,86,0,60,0
1990,29,1,0,0,0,1,308,4,40,0
1990,39,1,0,0,0,1,869,0,40,0
1990,36,2,0,0,0,1,274,3,8,0
1990,41,1,3,0,0,0,734,1,48,0
1990,39,2,2,0,0,0,0,0,0,0
1990,43,2,2,0,0,1,156,5,0,0
1990,67,1,0,0,0,1,22,1,0,0
1990,62,2,0,0,0,1,316,6,0,0
1990,37,2,0,0,0,1,234,5,0,0
1990,47,1,0,0,0,1,22,5,80,1
1990,18,1,1,0,0,0,0,0,0,0
1990,36,2,1,0,0,1,174,5,38,0
1990,33,1,2,0,0,0,844,0,40,0
1990,64,2,0,0,0,0,0,0,0,0
1990,65,1,0,0,0,1,18,4,0,0
1990,26,1,1,0,0,0,869,0,35,0
1990,26,2,2,0,0,0,747,4,0,0
1990,36,1,3,1,1,0,443,4,40,0
1990,27,2,2,0,0,1,447,5,28,0
1990,49,1,0,0,0,0,0,0,0,0
1990,42,2,0,0,0,0,666,3,0,0
1990,54,1,2,0,0,1,486,0,40,0
1990,47,1,0,0,0,1,634,1,40,0
1990,45,2,0,0,0,0,444,5,17,0
1990,24,2,1,0,0,1,22,0,40,0
1990,46,2,1,0,0,0,22,1,0,0
1990,26,1,0,0,0,0,804,0,50,0
1990,25,2,0,0,0,0,804,3,40,0
1990,61,1,0,0,0,0,736,1,40,0
1990,56,2,0,0,0,0,0,0,0,0
1990,47,1,2,0,0,0,453,4,40,0
1990,19,1,1,0,0,0,486,0,0,0
1990,35,1,0,0,0,0,426,4,45,0
1990,33,2,0,0,0,1,379,5,40,0
1990,28,1,0,0,0,0,364,3,40,0
1990,26,2,0,0,0,0,274,3,40,0
1990,21,2,1,0,0,0,459,5,40,0
1990,70,1,0,0,0,0,453,0,14,0
1990,60,2,0,0,0,0,22,5,15,0
1990,27,1,3,0,0,0,253,4,50,0
1990,37,1,0,0,0,0,514,4,50,0
1990,35,2,0,0,0,0,365,1,40,0
1990,72,2,3,0,0,0,466,5,0,0
1990,25,1,1,1,0,1,875,6,8,0
1990,43,1,0,0,0,0,844,6,37,0
1990,42,2,0,0,0,1,18,4,37,0
1990,60,1,0,0,0,1,316,6,40,0
1990,57,2,0,0,0,1,433,3,40,0
1990,43,1,2,0,0,0,696,4,40,0
1990,20,2,2,0,0,0,243,3,44,0
1990,63,1,0,0,0,1,505,5,50,0
1990,55,2,0,0,0,0,243,3,40,0
1990,37,2,0,0,0,1,0,0,0,0
1990,42,1,0,0,0,1,217,1,41,0
1990,29,1,0,0,0,0,628,1,50,0
1990,29,2,0,0,0,1,383,4,20,0
1990,41,1,1,0,0,1,796,1,40,0
1990,59,1,0,0,0,0,885,3,40,0
1990,52,2,0,0,0,0,313,4,40,0
1990,26,1,1,0,0,0,869,0,40,0
1990,21,1,1,0,0,1,885,0,15,0
1990,21,2,1,0,0,0,458,4,28,0
1990,48,1,0,0,0,0,874,1,40,0
1990,31,2,0,0,0,0,785,1,40,0
1990,33,1,0,0,0,0,889,2,40,0
1990,30,2,0,0,0,0,435,3,30,0
1990,59,1,0,0,0,1,22,4,10,0
1990,52,2,0,0,0,0,313,5,40,0
1990,33,1,1,0,0,1,23,4,0,0
1990,74,2,3,0,0,0,0,0,0,0
1990,38,1,0,0,0,1,156,5,40,0
1990,38,2,0,0,0,1,0,0,0,0
1990,56,1,0,0,0,0,869,0,8,0
1990,54,2,0,0,0,0,364,1,48,0
1990,72,2,3,0,0,0,453,5,10,0
1990,44,2,3,0,0,0,0,0,0,0
1990,23,1,2,0,0,0,883,3,40,0
1990,34,1,0,0,0,0,567,0,40,0
1990,24,2,0,0,0,0,889,4,0,0
1990,42,1,0,0,0,1,527,2,40,0
1990,42,2,0,0,2,1,313,1,40,0
1990,78,1,0,0,0,0,0,0,0,0
1990,61,2,0,0,0,0,0,0,0,0
1990,52,1,1,0,0,0,229,1,40,0
1990,69,2,3,0,0,0,276,3,22,0
1990,38,1,0,0,0,1,243,3,50,0
1990,34,2,0,0,0,1,303,4,0,0
1990,59,2,3,0,0,0,0,0,0,0
1990,65,2,3,0,0,0,337,1,0,0
1990,44,1,2,0,0,1,184,1,40,1
1990,19,1,1,0,0,1,877,3,20,0
1990,32,1,0,0,0,1,389,1,40,0
1990,31,2,0,0,0,1,274,3,12,0
1990,42,2,2,0,0,0,356,5,40,0
1990,68,1,0,0,0,0,637,1,0,0
1990,65,2,0,0,0,0,0,0,0,0
1990,62,1,0,0,0,1,33,1,20,0
1990,51,2,0,0,0,0,0,0,0,0
1990,28,2,1,0,0,0,435,3,24,0
1990,65,1,0,0,0,0,354,2,0,0
1990,61,2,0,0,0,0,0,0,0,0
1990,56,1,0,0,0,1,178,5,48,1
1990,52,2,0,0,0,1,156,5,37,0
1990,36,2,2,0,0,0,888,3,40,0
1990,30,1,0,0,0,0,243,3,40,0
1990,40,2,0,0,0,0,37,5,40,0
1990,19,2,1,0,0,0,438,3,17,0
1990,28,2,1,0,0,1,26,5,40,0
1990,34,1,1,0,0,0,486,0,40,0
1990,26,2,1,0,0,1,458,4,27,0
1990,67,1,2,0,0,0,0,0,0,0
1990,30,1,0,0,0,0,579,1,40,0
1990,28,2,0,0,0,0,0,0,0,0
1990,53,2,2,0,2,1,0,0,0,0
1990,27,1,2,0,0,1,59,1,46,0
1990,69,2,3,0,0,0,0,0,0,0
1990,47,1,0,0,0,1,418,6,40,0
1990,45,2,0,0,0,0,0,0,0,0
1990,23,1,1,0,0,0,235,6,40,0
1990,22,2,1,0,0,1,313,2,40,0
1990,48,1,0,0,0,1,423,6,37,0
1990,48,2,0,0,0,1,0,0,0,0
1990,22,2,1,0,0,1,264,3,0,0
1990,20,1,1,0,0,1,355,2,25,0
1990,19,1,1,0,0,1,889,2,40,0
1990,73,1,0,0,0,0,0,0,0,0
1990,72,2,0,0,0,0,0,0,0,0
1990,32,1,0,0,0,0,779,1,40,0
1990,37,2,0,0,0,0,216,5,40,0
1990,55,1,0,0,0,0,533,2,40,0
1990,52,2,0,0,0,0,0,0,0,0
1990,53,1,3,0,0,0,785,1,40,0
1990,45,1,3,0,0,1,766,1,40,0
1990,48,1,0,0,0,1,217,5,40,0
1990,42,2,0,0,0,1,156,5,16,0
1990,78,1,0,0,2,0,0,0,0,0
1990,77,2,0,0,0,0,0,0,0,0
1990,42,2,0,0,0,0,376,4,40,0
1990,46,1,0,0,0,0,573,0,40,0
1990,19,2,1,0,0,0,435,3,0,0
1990,76,1,0,0,0,0,0,0,0,0
1990,72,2,0,0,0,0,0,0,0,0
1990,31,2,3,0,0,0,277,3,0,0
1990,80,2,3,0,0,0,0,0,0,0
1990,46,1,0,0,0,1,588,0,40,0
1990,44,2,0,0,0,0,22,3,40,0
1990,22,2,1,0,0,1,385,3,40,0
1990,75,1,0,0,0,0,0,0,0,0
1990,71,2,0,0,0,0,0,0,0,0
1990,28,1,0,0,0,1,505,4,60,0
1990,25,2,0,0,0,1,453,4,37,0
1990,44,1,0,0,0,0,263,3,58,0
1990,42,2,0,0,0,1,25,4,40,0
1990,46,1,0,0,0,0,21,5,48,0
1990,36,2,0,0,0,1,319,2,20,0
1990,18,1,1,0,0,0,373,3,36,0
1990,37,2,1,0,0,1,203,3,40,0
1990,65,1,0,0,0,0,0,0,0,0
1990,63,2,0,0,0,0,0,0,0,0
1990,59,1,0,0,0,0,777,3,30,0
1990,59,2,0,0,0,0,777,3,40,0
1990,57,1,0,0,0,0,844,0,0,0
1990,53,2,0,0,0,0,264,3,25,0
1990,24,1,1,0,0,0,634,1,40,0
1990,39,2,2,0,0,0,313,5,35,0
1990,76,2,3,0,2,0,0,0,0,0
1990,35,1,1,0,0,1,0,0,0,0
1990,39,1,0,0,0,1,57,1,40,0
1990,34,2,0,0,0,0,468,5,10,0
1990,35,1,0,0,0,0,889,1,44,0
1990,33,2,0,0,0,1,207,5,40,0
1990,71,2,3,0,0,0,0,0,0,0
1990,42,1,0,0,0,0,0,0,0,0
1990,31,2,0,0,0,1,446,5,35,0
1990,18,1,1,0,0,0,0,0,0,0
1990,38,1,0,0,0,1,585,0,40,0
1990,35,2,0,0,0,1,447,5,30,0
1990,18,1,1,0,0,0,904,6,30,0
1990,68,1,0,0,0,1,809,2,8,0
1990,67,2,0,0,0,0,0,0,0,0
1990,25,1,0,0,0,1,577,2,40,0
1990,29,2,0,0,0,0,877,3,10,0
1990,72,1,0,0,0,0,0,0,0,0
1990,61,2,0,0,0,0,0,0,0,0
1990,19,1,1,0,0,0,435,3,40,0
1990,40,1,1,0,0,1,379,2,40,0
1990,79,1,2,0,0,0,0,0,0,0
1990,65,2,3,0,0,0,0,0,0,0
1990,48,1,0,0,0,0,0,0,0,0
1990,42,2,0,0,0,1,364,1,40,0
1990,52,1,0,0,0,0,657,1,40,0
1990,47,2,0,0,0,1,789,1,0,0
1990,74,1,0,0,0,0,389,4,10,0
1990,73,2,0,0,0,0,0,0,0,0
1990,27,2,3,0,0,0,736,1,0,0
1990,37,1,3,0,0,0,566,0,40,0
1990,59,1,0,0,0,0,198,2,23,0
1990,58,2,0,0,0,0,909,6,0,0
1990,38,2,1,0,0,1,338,5,0,0
1990,43,1,0,0,0,0,804,2,70,0
1990,50,2,0,0,0,0,0,0,0,0
1990,50,1,2,0,0,0,0,0,0,0
1990,70,1,0,0,0,0,0,0,0,0
1990,69,2,0,0,0,0,0,0,0,0
1990,57,1,0,0,0,0,909,6,0,0
1990,36,2,0,0,0,0,27,3,32,0
1990,48,1,0,0,0,0,804,2,50,1
1990,44,2,0,0,0,0,0,0,0,0
1990,59,1,0,0,0,0,0,0,0,1
1990,45,2,0,0,0,0,0,0,0,0
1990,30,1,0,0,0,0,637,1,40,0
1990,30,2,0,0,0,1,327,3,40,0
1990,33,1,0,0,0,0,268,3,50,0
1990,35,2,0,0,0,0,446,5,40,0
1990,56,1,0,0,0,0,518,1,40,0
1990,47,2,0,0,0,0,0,0,0,0
1990,26,1,0,0,0,0,779,1,40,0
1990,26,2,0,0,0,0,205,5,40,0
1990,19,1,1,0,0,1,175,5,26,0
1990,40,1,0,0,0,1,235,1,40,0
1990,40,2,0,0,0,0,313,1,40,0
1990,58,1,1,0,0,0,0,0,0,0
1990,61,1,0,0,0,0,268,3,40,0
1990,67,2,0,0,0,0,0,0,0,0
1990,30,1,2,0,0,1,269,3,40,0
1990,68,1,0,0,0,0,0,0,0,0
1990,69,2,0,0,0,1,0,0,0,0
1990,68,1,0,0,0,0,0,0,0,0
1990,66,2,0,0,0,0,0,0,0,0
1990,39,1,0,0,0,1,43,0,40,0
1990,39,2,0,0,0,1,0,0,0,0
1990,32,1,0,0,0,0,874,1,40,0
1990,29,2,0,0,0,0,444,3,16,0
1990,56,1,0,0,0,0,785,1,40,0
1990,50,2,0,0,0,0,436,3,27,0
1990,30,2,1,0,0,0,435,3,0,0
1990,25,2,1,0,0,0,869,0,40,0
1990,65,1,0,0,0,0,0,0,0,0
1990,60,2,0,0,0,0,373,3,30,0
1990,52,1,1,0,0,0,889,0,0,0
1990,41,1,0,0,0,0,616,0,0,0
1990,37,2,0,0,0,0,447,5,40,0
1990,69,1,0,0,0,0,0,0,0,0
1990,65,2,0,0,0,0,0,0,0,0
1990,33,2,0,0,0,1,313,4,40,0
1990,39,1,0,0,0,1,157,5,55,0
1990,71,2,3,0,0,0,436,0,0,0
1990,29,1,0,0,0,1,21,5,40,0
1990,36,2,0,0,0,1,446,5,40,0
1990,38,1,0,0,0,0,804,0,40,0
1990,37,2,0,0,0,0,435,4,34,0
1990,54,1,2,0,0,0,159,4,3,0
1990,49,1,0,0,0,1,577,2,40,0
1990,47,2,0,0,0,1,84,5,40,1
1990,75,1,0,0,0,0,503,4,0,0
1990,71,2,0,0,0,0,0,0,0,0
1990,72,1,0,0,0,0,0,0,0,0
1990,69,2,0,0,0,1,0,0,0,0
1990,76,1,0,0,0,0,0,0,0,0
1990,74,2,0,0,0,0,0,0,0,0
1990,44,1,0,0,0,1,503,4,40,1
1990,40,2,0,0,0,0,337,5,10,0
1990,39,1,0,0,0,0,694,2,40,0
1990,37,2,0,0,0,0,458,4,14,0
1990,26,2,0,0,0,1,385,1,40,0
1990,28,1,0,0,0,0,567,0,40,0
1990,64,2,3,0,0,0,0,0,0,0
1990,46,1,1,0,0,0,0,0,0,0
1990,31,1,0,0,0,0,617,0,50,0
1990,34,2,0,0,0,0,744,1,0,0
1990,52,2,3,0,0,0,0,0,0,0
1990,77,1,0,0,0,0,0,0,0,0
1990,75,2,0,0,0,0,0,0,0,0
1990,72,2,3,0,0,0,0,0,0,0
1990,72,2,3,0,0,0,0,0,0,0
1990,61,2,3,0,0,0,22,1,40,0
1990,40,1,0,0,0,0,779,1,40,0
1990,37,2,0,0,0,0,207,5,40,0
1990,67,1,0,0,0,0,0,0,0,0
1990,70,2,0,0,0,0,0,0,0,0
1990,63,2,3,0,0,0,449,4,32,0
1990,65,1,0,0,0,0,469,4,35,0
1990,60,2,0,0,0,0,0,0,0,0
1990,70,1,0,0,0,0,0,0,0,0
1990,68,2,0,0,0,0,0,0,0,0
1990,45,1,2,0,0,1,7,4,45,0
1990,58,1,0,0,0,0,754,1,40,0
1990,50,2,0,0,0,0,379,1,40,0
1990,26,1,0,0,0,0,804,2,50,0
1990,19,2,0,0,0,0,383,4,35,0
1990,35,1,0,0,0,1,804,2,60,0
1990,34,2,0,0,0,1,206,5,40,0
1990,47,1,0,0,0,0,785,1,0,0
1990,46,2,0,0,0,0,744,1,40,0
1990,21,1,1,0,0,0,599,4,40,0
1990,43,1,0,0,0,1,337,5,45,0
1990,43,2,0,0,0,0,0,0,0,0
1990,19,2,1,0,0,0,164,5,10,0
1990,29,2,2,0,0,0,313,5,42,0
1990,22,1,3,0,0,0,889,3,45,0
1990,56,1,0,0,0,0,0,0,0,0
1990,52,2,0,0,0,0,0,0,0,0
1990,25,1,0,0,0,1,308,4,41,0
1990,22,2,0,0,0,0,313,5,40,0
1990,70,1,3,0,0,0,0,0,0,0
1990,22,2,1,0,0,0,207,5,40,0
1990,45,1,0,0,0,0,885,3,42,0
1990,44,2,0,0,0,0,0,0,0,0
1990,22,2,1,0,0,0,315,3,35,0
1990,56,1,3,0,0,0,567,0,70,0
1990,50,2,3,0,0,0,27,5,48,0
1990,45,1,0,0,0,0,0,0,0,0
1990,49,2,0,0,0,1,207,5,40,0
1990,75,2,1,0,0,1,0,0,0,0
1990,71,2,3,0,0,1,0,0,0,0
1990,80,2,3,0,0,0,0,0,0,0
1990,43,2,1,0,0,0,319,6,40,0
1990,37,1,0,0,0,0,599,0,40,0
1990,35,2,0,0,0,0,383,4,38,0
1990,74,2,3,0,0,0,0,0,0,0
1990,32,2,0,0,0,0,283,3,0,0
1990,29,1,0,0,0,0,485,0,52,0
1990,46,2,2,0,0,0,785,1,48,0
1990,22,2,1,0,0,1,17,3,40,0
1990,44,1,0,0,0,0,259,1,45,0
1990,44,2,0,0,0,1,95,5,45,0
1990,32,2,1,0,0,0,365,3,20,0
1990,44,1,0,0,0,1,18,4,50,0
1990,39,2,0,0,0,1,95,5,30,0
1990,73,1,3,0,0,0,0,0,0,0
1990,71,2,3,0,0,0,0,0,0,0
1990,77,2,3,0,0,0,0,0,0,0
1990,73,2,0,0,0,0,0,0,0,0
1990,40,1,0,0,0,1,869,0,40,0
1990,37,2,0,0,0,0,0,0,0,0
1990,18,1,1,0,0,0,804,3,16,0
1990,28,1,0,0,0,0,269,3,40,0
1990,26,2,0,0,0,0,744,1,12,0
1990,45,1,0,0,0,0,496,1,68,0
1990,43,2,0,0,0,0,337,3,15,0
1990,65,2,3,0,0,0,0,0,0,0
1990,64,2,3,0,0,0,337,3,0,0
1990,40,1,3,0,0,0,804,2,55,0
1990,19,1,1,0,0,0,785,1,45,0
1990,74,2,3,0,0,0,0,0,0,0
1990,46,1,0,0,0,0,563,0,20,0
1990,47,2,0,0,0,0,0,0,0,0
1990,23,1,1,0,0,0,804,3,40,0
1990,62,2,1,0,0,0,0,0,0,0
1990,77,2,3,0,0,0,0,0,0,0
1990,60,1,0,0,0,1,157,5,40,0
1990,59,2,0,0,0,1,95,6,40,0
1990,22,1,1,0,0,1,56,1,40,0
1990,71,1,0,0,0,0,0,0,0,0
1990,67,2,0,0,0,1,0,0,0,0
1990,72,1,1,0,0,1,0,0,0,0
1990,75,1,0,0,0,0,0,0,0,0
1990,73,2,0,0,0,0,0,0,0,0
1990,44,1,0,0,0,1,424,6,40,0
1990,43,2,0,0,0,0,0,0,0,0
1990,18,1,1,0,0,0,0,0,0,0
1990,52,1,0,0,0,0,558,0,40,0
1990,46,2,0,0,0,0,0,0,0,0
1990,48,2,1,0,0,0,754,1,40,0
1990,71,1,1,0,0,0,0,0,0,0
1990,78,1,1,0,0,0,0,0,0,0
1990,28,1,0,0,0,0,804,2,40,0
1990,24,2,0,0,0,0,744,1,0,0
1990,77,1,0,0,0,0,783,0,36,0
1990,78,2,0,0,0,0,0,0,0,0
1990,75,2,0,0,0,0,0,0,0,0
1990,42,2,1,0,0,0,453,5,40,0
1990,34,1,0,0,0,0,566,0,50,0
1990,33,2,0,0,0,0,253,4,40,0
1990,71,1,0,0,0,0,0,0,0,0
1990,62,2,0,0,0,0,0,0,0,0
1990,39,1,0,0,0,1,274,3,60,0
1990,36,2,0,0,0,1,274,3,60,0
1990,55,1,0,0,0,0,22,0,0,0
1990,53,2,0,0,0,0,0,0,0,0
1990,20,2,0,0,0,0,313,5,37,0
1990,18,1,0,0,0,0,804,3,40,0
1990,39,2,2,0,0,0,234,6,35,0
1990,61,2,3,0,0,1,313,2,40,0
1990,77,2,3,0,0,0,0,0,0,0
1990,53,1,0,0,0,0,628,1,50,0
1990,49,2,0,0,0,0,0,0,0,0
1990,26,2,1,0,0,1,303,4,40,0
1990,24,1,1,0,0,0,259,3,0,0
1990,69,2,3,0,0,0,0,0,0,0
1990,24,1,1,0,0,0,869,0,40,0
1990,48,2,2,0,0,0,628,5,40,0
1990,26,2,3,0,0,0,22,5,40,0
1990,63,1,0,0,0,0,0,0,0,0
1990,57,2,0,0,0,0,0,0,0,0
1990,37,1,0,0,0,0,878,0,48,0
1990,31,2,0,0,0,0,0,0,0,0
1990,73,1,0,0,0,1,0,0,0,0
1990,74,2,0,0,0,0,0,0,0,0
1990,28,1,1,0,0,0,447,5,40,0
1990,45,1,0,0,0,0,268,3,40,0
1990,49,2,0,0,0,0,466,5,40,0
1990,32,2,2,0,0,0,203,0,30,0
1990,44,1,0,0,0,0,418,6,40,0
1990,41,2,0,0,0,0,276,3,18,0
1990,73,2,3,1,0,0,0,0,0,0
1990,77,1,0,0,0,0,0,0,0,0
1990,73,2,0,0,0,0,0,0,0,0
1990,62,1,0,0,0,0,303,6,40,0
1990,56,2,0,0,0,0,0,0,0,0
1990,21,2,1,0,0,1,427,4,45,0
1990,21,2,1,0,0,1,459,5,45,0
1990,31,1,0,0,0,0,734,1,40,0
1990,30,2,0,0,0,0,0,0,0,0
1990,23,1,1,0,0,0,889,3,40,0
1990,27,2,1,0,0,1,22,3,40,0
1990,61,1,0,0,0,0,0,0,0,0
1990,55,2,0,0,0,0,0,0,0,0
1990,44,1,3,0,0,0,22,0,40,0
1990,78,1,0,0,0,0,0,0,0,0
1990,71,2,0,0,0,0,0,0,0,0
1990,33,1,1,0,0,0,0,0,0,0
1990,52,1,3,0,0,0,533,4,40,0
1990,60,1,0,0,0,0,354,2,40,0
1990,56,2,0,0,0,0,315,1,0,0
1990,57,2,2,0,0,0,0,0,0,0
1990,31,1,1,0,0,0,594,0,40,0
1990,74,1,0,0,0,0,0,0,0,0
1990,70,2,0,0,0,0,0,0,0,0
1990,43,1,2,0,0,0,889,1,40,0
1990,23,1,1,0,0,1,335,5,40,0
1990,45,1,0,0,0,0,779,1,40,0
1990,53,2,0,0,0,0,889,1,40,0
1990,20,2,1,0,0,0,313,3,40,0
1990,41,1,0,0,0,1,24,4,40,0
1990,42,2,0,0,0,1,254,4,10,0
1990,69,1,0,0,0,1,0,0,0,0
1990,63,2,0,0,0,0,0,0,0,0
1990,35,2,1,0,0,0,0,0,0,0
1990,29,1,0,0,0,1,27,2,40,0
1990,25,2,0,0,0,1,435,3,16,0
1990,44,1,0,0,0,1,255,4,40,1
1990,33,2,0,0,0,1,156,5,45,0
1990,54,1,0,0,0,0,518,1,40,0
1990,49,2,0,0,0,0,0,0,0,0
1990,47,1,2,0,0,1,684,1,0,0
1990,61,1,0,0,0,0,779,1,0,0
1990,61,2,0,0,0,1,203,5,40,0
1990,47,1,0,0,0,0,516,2,40,0
1990,45,2,0,0,0,0,0,0,0,0
1990,23,2,1,0,0,1,435,5,35,0
1990,30,1,0,0,0,0,485,0,45,0
1990,30,2,0,0,0,0,337,4,40,0
1990,41,1,0,0,0,1,36,4,40,0
1990,35,2,0,0,0,1,313,5,40,0
1990,30,1,0,0,0,1,217,0,40,0
1990,30,2,0,0,0,1,677,3,25,0
1990,34,1,2,0,0,1,255,4,45,0
1990,41,1,0,0,0,1,176,5,50,0
1990,41,2,0,0,0,1,255,4,10,0
1990,22,2,1,3,3,1,154,5,40,0
1990,22,1,1,3,0,1,462,5,12,0
1990,20,2,1,0,0,1,435,3,0,0
1990,29,1,0,0,0,1,86,0,65,0
1990,31,2,0,0,0,1,22,5,40,0
1990,39,2,1,0,0,1,737,1,50,0
1990,37,2,1,0,0,0,856,1,53,0
1990,22,1,1,0,0,1,436,3,40,0
1990,54,2,2,0,0,0,315,5,40,0
1990,22,1,1,0,0,0,579,0,50,0
1990,42,1,2,0,0,1,22,0,45,1
1990,59,2,2,0,0,1,163,5,40,0
1990,18,1,1,0,0,0,159,5,20,0
1990,33,2,3,2,0,0,319,5,40,0
1990,19,2,1,2,0,0,0,0,0,0
1990,37,2,1,2,0,0,889,4,40,0
1990,44,1,1,2,0,0,779,1,0,0
1990,72,1,0,0,0,0,0,0,0,0
1990,69,2,0,0,0,0,0,0,0,0
1990,21,2,3,0,0,0,888,1,40,0
1990,72,1,0,0,0,0,0,0,0,0
1990,71,2,0,0,0,0,0,0,0,0
1990,62,2,2,0,0,0,785,1,0,0
1990,78,1,0,0,2,0,0,0,0,0
1990,59,2,0,0,2,0,0,0,0,0
1990,30,1,0,0,0,0,243,3,45,0
1990,29,2,0,0,0,1,305,3,40,0
1990,55,1,0,0,2,1,178,5,55,1
1990,45,2,0,0,2,0,453,4,12,0
1990,26,1,3,0,0,0,567,0,45,0
1990,47,1,0,0,0,1,33,1,47,0
1990,44,2,0,0,0,1,376,5,28,0
1990,18,1,1,0,0,0,426,5,0,0
1990,51,1,0,0,0,0,453,5,40,0
1990,50,2,0,0,0,0,877,3,26,0
1990,68,1,0,0,0,0,0,0,0,0
1990,72,2,0,0,0,1,0,0,0,0
1990,77,1,0,0,0,1,29,3,20,1
1990,75,2,0,0,0,0,0,0,0,0
1990,42,2,2,0,0,1,407,4,30,0
1990,69,1,3,0,0,0,804,1,0,0
1990,57,2,2,0,0,0,364,1,47,0
1990,61,1,0,0,0,1,22,1,0,0
1990,61,2,0,0,0,0,0,0,0,0
1990,79,1,0,0,0,1,0,0,0,0
1990,78,2,0,0,0,0,0,0,0,0
1990,30,1,1,0,0,1,167,5,40,0
1990,25,1,1,0,0,1,225,5,40,0
1990,25,1,1,0,0,1,157,5,40,0
1990,24,2,3,0,0,1,243,3,30,0
1990,45,1,0,0,0,1,22,4,60,1
1990,42,2,0,0,0,1,379,4,30,0
1990,19,2,1,0,0,1,348,4,40,0
1990,18,2,1,0,0,1,163,5,30,0
1990,39,2,1,0,0,1,376,4,40,0
1990,36,2,1,0,0,1,484,3,43,0
1990,64,1,0,0,0,0,453,1,37,0
1990,66,2,0,0,0,0,0,0,0,0
1990,68,2,3,0,0,0,0,0,0,0
1990,68,2,3,0,0,0,0,0,0,0
1990,68,1,0,0,0,0,706,1,0,0
1990,64,2,0,0,0,0,887,3,12,0
1990,42,1,0,0,0,0,453,5,37,0
1990,38,2,0,0,0,0,447,5,20,0
1990,29,1,0,0,0,0,213,6,40,0
1990,28,2,0,0,0,0,379,4,40,0
1990,62,1,0,0,0,1,154,5,40,0
1990,60,2,0,0,2,1,164,5,20,0
1990,67,1,3,0,4,1,154,5,0,0
1990,33,1,0,0,0,0,448,1,40,0
1990,29,2,0,0,0,0,453,1,20,0
1990,69,1,0,0,0,1,0,0,0,0
1990,67,2,0,0,0,0,0,0,0,0
1990,40,2,1,0,0,0,0,0,0,0
1990,69,1,0,0,0,0,0,0,0,0
1990,69,2,0,0,0,0,0,0,0,0
1990,34,1,0,0,0,0,634,1,40,0
1990,30,2,0,0,0,0,439,3,20,0
1990,24,1,0,0,0,0,779,0,48,0
1990,22,2,0,0,0,0,435,5,40,0
1990,50,2,2,0,0,0,796,1,40,0
1990,39,1,2,0,0,1,22,0,60,0
1990,30,1,3,0,0,0,22,0,30,0
1990,18,2,1,0,0,0,765,1,40,0
1990,32,1,1,0,0,0,785,1,30,0
1990,34,1,0,0,0,0,479,0,90,0
1990,35,2,0,0,0,0,479,0,50,0
1990,30,1,0,0,0,1,59,1,40,0
1990,32,2,0,0,0,0,0,0,0,0
1990,48,1,0,0,0,1,628,1,40,0
1990,49,2,0,0,0,0,275,4,17,0
1990,30,1,1,0,0,0,885,4,0,0
1990,22,2,1,0,0,0,796,1,0,0
1990,44,1,0,0,0,0,523,2,40,0
1990,38,2,0,0,0,1,17,3,46,0
1990,79,1,0,0,0,1,0,0,0,0
1990,39,1,0,0,0,0,577,2,40,0
1990,35,2,0,0,0,1,156,5,20,0
1990,27,2,0,0,0,0,683,1,40,0
1990,27,1,0,0,0,0,883,1,40,0
1990,54,1,0,0,0,1,628,1,40,0
1990,51,2,0,0,0,1,95,5,40,0
1990,80,2,3,0,0,0,0,0,0,0
1990,75,1,3,0,0,0,0,0,0,0
1990,52,1,1,0,0,0,889,1,40,0
1990,36,2,0,0,0,0,808,2,30,0
1990,28,1,0,0,0,1,156,5,37,0
1990,18,2,1,0,0,0,313,5,20,0
1990,45,1,0,0,0,0,869,6,40,0
1990,45,2,0,0,0,0,155,5,9,0
1990,19,1,1,0,0,0,686,0,40,0
1990,29,1,0,2,0,0,447,5,0,0
1990,26,2,0,2,0,0,0,0,0,0
1990,37,1,0,0,0,1,688,1,48,0
1990,34,2,0,0,0,0,447,4,18,0
1990,60,1,0,0,0,1,167,5,40,0
1990,31,2,0,0,0,0,435,3,30,0
1990,52,1,0,0,0,0,869,0,50,0
1990,38,2,0,0,0,1,387,5,0,0
1990,59,1,0,0,0,0,365,1,40,0
1990,55,2,0,0,0,0,0,0,0,0
1990,61,1,0,0,0,0,259,3,50,0
1990,60,2,0,0,0,0,679,1,40,0
1990,38,1,0,0,0,1,13,4,60,1
1990,31,2,0,0,0,1,13,4,55,1
1990,30,1,0,0,0,1,695,2,40,0
1990,31,2,0,0,0,1,95,5,8,0
1990,74,1,0,0,0,0,804,3,0,0
1990,73,2,0,0,0,1,0,0,0,0
1990,80,1,0,0,0,0,0,0,0,0
1990,80,2,0,0,0,0,0,0,0,0
1990,44,1,0,0,0,1,628,1,50,0
1990,44,2,0,0,0,0,257,1,40,0
1990,36,1,0,0,0,0,13,1,70,0
1990,35,2,0,0,0,1,266,3,30,0
1990,40,1,0,0,0,0,844,0,43,0
1990,38,2,0,0,0,0,276,3,0,0
1990,27,1,1,0,0,0,779,0,40,0
1990,24,2,1,0,0,1,156,5,50,0
1990,77,2,3,0,0,0,435,3,15,0
1990,34,1,0,0,0,1,25,4,37,0
1990,31,2,0,0,0,1,877,3,35,0
1990,79,2,2,0,0,0,0,0,0,0
1990,40,1,0,0,0,0,55,2,40,0
1990,40,2,0,0,0,0,503,2,40,0
1990,18,1,1,0,0,0,436,5,16,0
1990,27,1,0,0,0,0,615,0,50,0
1990,29,2,0,0,0,0,754,1,40,0
1990,56,1,0,0,0,0,224,1,45,0
1990,54,2,0,0,0,0,744,1,42,0
1990,74,1,3,0,0,0,567,0,0,0
1990,20,1,0,0,0,0,595,0,50,0
1990,26,2,0,0,0,0,744,1,40,0
1990,22,1,1,0,0,0,856,0,40,0
1990,57,1,0,0,0,1,259,3,40,0
1990,57,2,0,0,0,0,0,0,0,0
1990,79,1,0,0,0,0,0,0,0,0
1990,78,2,0,0,0,0,666,4,6,0
1990,54,1,0,0,0,0,804,0,45,0
1990,48,2,0,0,0,0,436,5,30,0
1990,19,1,1,0,0,0,844,0,45,0
1990,61,1,0,0,0,1,56,1,44,0
1990,62,2,0,0,0,0,765,1,35,0
1990,36,1,1,0,0,0,769,1,42,0
1990,41,1,0,0,0,0,549,1,48,0
1990,42,2,0,0,0,1,167,5,37,0
1990,28,2,2,0,0,0,888,1,37,0
1990,63,1,0,0,0,0,804,3,40,0
1990,61,2,0,0,0,0,785,1,30,0
1990,51,1,0,0,0,0,804,3,50,0
1990,50,2,0,0,0,0,316,4,41,0
1990,22,2,1,0,0,0,376,4,40,0
1990,55,1,0,0,0,0,637,1,45,1
1990,51,2,0,0,0,0,877,3,25,0
1990,28,1,0,0,0,0,479,0,45,0
1990,26,2,0,0,0,0,0,0,0,0
1990,31,1,0,0,0,0,804,1,55,0
1990,29,2,0,0,0,0,435,3,10,0
1990,68,1,0,0,0,0,804,2,15,0
1990,63,2,0,0,0,0,748,4,25,0
1990,29,1,0,0,0,0,785,1,50,0
1990,25,2,0,0,0,0,379,1,0,0
1990,31,1,0,0,0,0,473,0,65,0
1990,31,2,0,0,0,0,185,4,50,0
1990,27,1,0,0,0,0,779,1,37,0
1990,28,2,0,0,0,1,25,1,40,0
1990,43,1,0,0,0,0,373,4,40,0
1990,43,2,0,0,0,0,337,3,5,0
1990,21,2,1,0,0,0,385,1,40,0
1990,69,1,0,0,0,0,449,4,20,0
1990,64,2,0,0,0,0,337,3,22,0
1990,65,1,3,0,0,1,779,1,48,0
1990,65,2,1,0,0,0,313,3,40,0
1990,39,1,0,0,0,0,777,1,40,0
1990,38,2,0,0,0,0,0,0,0,0
1990,20,1,1,0,0,0,869,0,40,0
1990,72,2,3,0,0,0,0,0,0,0
1990,23,1,0,0,0,0,567,0,50,0
1990,23,2,0,0,0,0,0,0,0,0
1990,50,1,0,0,0,0,22,2,40,0
1990,46,2,0,0,0,0,467,4,0,0
1990,52,1,0,0,0,0,259,1,60,0
1990,49,2,0,0,0,1,313,5,40,0
1990,46,2,2,0,0,1,22,1,57,1
1990,69,2,3,0,0,0,0,0,0,0
1990,30,2,3,0,0,1,313,5,40,0
1990,31,1,1,0,0,0,529,2,40,0
1990,38,1,1,0,0,0,458,4,40,0
1990,38,1,1,0,0,1,458,4,25,0
1990,31,1,0,3,3,1,783,1,40,0
1990,24,2,0,3,3,0,785,1,40,0
1990,38,2,2,1,0,0,253,4,35,0
1990,64,2,3,0,0,0,95,5,0,0
1990,25,1,1,1,0,1,376,6,40,0
1990,34,1,1,1,0,1,869,0,40,0
1990,29,2,1,0,0,0,6,6,40,0
1990,64,2,2,2,0,0,0,0,0,0
1990,30,2,1,1,0,0,888,1,40,0
1990,74,1,1,0,0,0,0,0,0,0
1990,70,2,3,0,0,0,0,0,0,0
1990,35,2,1,1,0,0,453,4,0,0
1990,18,1,1,1,0,0,883,3,48,0
1990,34,1,0,0,0,0,243,3,50,0
1990,32,2,0,0,0,0,5,6,50,0
1990,60,2,2,0,0,1,376,6,37,0
1990,53,1,2,0,0,1,154,5,50,0
1990,57,1,0,0,0,1,176,5,40,0
1990,56,2,0,0,0,1,207,5,40,0
1990,31,2,2,0,0,1,315,4,50,0
1990,62,1,0,0,0,1,22,3,20,1
1990,63,2,0,0,0,1,389,5,37,0
1990,79,2,1,0,0,1,0,0,0,0
1990,57,2,1,0,0,1,157,5,40,0
1990,50,1,0,0,0,1,505,4,40,1
1990,49,2,0,0,0,0,337,0,12,0
1990,29,1,2,0,0,1,243,3,40,0
1990,67,1,0,0,0,1,55,6,37,1
1990,67,2,0,0,0,0,0,0,0,0
1990,67,1,0,0,0,0,0,0,0,0
1990,68,2,0,0,0,0,0,0,0,0
1990,74,1,0,0,0,0,0,0,0,0
1990,69,2,0,0,0,0,0,0,0,0
1990,59,1,0,3,0,0,756,3,40,0
1990,53,2,0,3,2,0,436,3,8,0
1990,45,1,0,1,0,1,308,5,37,0
1990,45,2,0,1,0,1,447,5,37,0
1990,21,2,1,1,0,1,0,0,0,0
1990,42,1,0,0,0,1,64,6,37,0
1990,41,2,0,0,0,0,0,0,0,0
1990,30,1,1,0,0,1,22,5,40,1
1990,46,1,0,0,0,0,843,1,40,0
1990,47,2,0,0,0,1,5,6,37,0
1990,19,2,1,0,0,1,317,4,40,0
1990,19,1,0,0,0,0,417,6,99,0
1990,20,2,0,0,0,0,276,3,40,0
1990,80,2,3,0,0,0,0,0,0,0
1990,39,2,2,0,0,1,14,5,60,0
1990,37,1,0,0,0,1,856,6,40,0
1990,34,2,0,0,0,0,315,4,10,0
1990,34,2,1,0,0,1,435,3,25,0
1990,29,1,1,0,0,1,804,3,45,0
1990,30,1,0,0,0,1,525,5,40,0
1990,28,2,0,0,0,0,29,3,40,0
1990,29,1,3,0,0,1,418,6,48,0
1990,70,1,3,0,0,0,0,0,0,0
1990,39,1,0,0,0,1,53,1,42,0
1990,40,2,0,0,0,1,0,0,0,0
1990,54,2,2,0,0,0,503,2,40,0
1990,31,1,1,0,0,0,804,2,0,0
1990,30,1,1,0,0,0,859,0,60,0
1990,63,1,0,0,0,0,453,5,0,0
1990,65,2,0,0,0,0,21,5,40,0
1990,42,1,0,0,0,1,178,5,70,1
1990,30,2,0,0,0,1,259,3,40,0
1990,40,1,0,0,0,1,267,3,60,1
1990,39,2,0,0,0,1,0,0,0,0
1990,34,1,0,0,0,1,69,2,45,1
1990,40,2,0,0,0,1,558,2,40,1
1990,35,2,3,0,0,0,447,5,40,0
1990,78,2,3,0,0,0,313,6,40,0
1990,27,1,0,0,0,0,687,0,50,0
1990,31,2,0,0,0,0,274,3,36,0
1990,65,1,0,0,0,0,0,0,0,0
1990,64,2,0,0,0,0,0,0,0,0
1990,62,2,3,0,0,0,669,1,40,0
1990,39,1,1,0,0,0,424,6,40,0
1990,43,1,2,0,0,0,567,1,40,0
1990,66,2,3,0,0,0,0,0,0,0
1990,58,1,0,0,0,0,634,1,40,0
1990,54,2,0,0,0,0,744,1,40,0
1990,43,2,2,0,0,1,17,3,52,0
1990,52,2,3,0,0,0,17,3,50,0
1990,72,1,0,0,0,1,453,5,40,0
1990,70,2,0,0,0,0,0,0,0,0
1990,78,2,3,0,0,0,0,0,0,0
1990,33,1,0,0,0,0,549,3,40,0
1990,31,2,0,0,0,1,458,4,40,0
1990,46,1,0,0,0,0,804,1,0,0
1990,41,2,0,0,0,1,276,3,25,0
1990,62,1,0,0,0,0,766,1,48,0
1990,56,2,0,0,0,0,0,0,0,0
1990,33,1,1,0,0,0,889,1,40,0
1990,23,1,1,0,0,1,23,5,50,0
1990,80,1,3,0,0,0,0,0,0,0
1990,67,2,1,0,0,0,0,0,0,0
1990,68,1,1,0,0,0,0,0,0,0
1990,57,1,1,0,0,0,28,3,60,1
1990,64,1,0,0,0,0,785,1,0,0
1990,59,2,0,0,0,0,0,0,0,0
1990,75,2,3,0,0,0,0,0,0,0
1990,52,2,1,0,0,0,313,6,37,0
1990,39,1,0,0,0,1,156,5,35,0
1990,38,2,0,0,0,0,313,1,0,0
1990,40,1,0,0,0,0,628,1,48,0
1990,39,2,0,0,0,0,447,5,22,0
1990,68,2,3,0,0,0,339,1,37,0
1990,22,1,1,1,0,1,55,5,40,0
1990,25,1,1,0,0,1,83,5,40,0
1990,27,1,1,0,0,0,779,1,55,0
1990,62,1,2,0,0,0,0,0,0,0
1990,35,1,0,0,0,0,804,1,40,0
1990,29,2,0,0,0,0,466,5,40,0
1990,57,1,0,0,0,0,355,2,40,0
1990,56,2,0,0,0,0,0,0,0,0
1990,26,2,2,0,0,1,313,6,37,0
1990,25,2,1,0,0,0,25,4,40,0
1990,35,1,0,0,0,0,356,6,37,0
1990,37,2,0,0,0,0,379,6,37,0
1990,18,1,1,0,0,0,453,5,40,0
1990,70,2,3,0,0,0,0,0,0,0
1990,64,1,0,0,0,0,808,5,20,0
1990,59,2,0,0,0,0,808,5,38,0
1990,28,1,0,0,0,0,706,1,40,0
1990,25,2,0,0,0,0,37,4,37,0
1990,42,1,0,0,0,1,156,5,45,0
1990,38,2,0,0,0,1,156,5,45,0
1990,19,2,1,0,0,1,379,5,40,0
1990,27,1,0,0,0,0,523,3,40,0
1990,30,2,0,0,0,0,213,3,40,0
1990,67,2,2,0,0,0,383,4,0,0
1990,69,1,0,0,0,0,0,0,0,0
1990,65,2,0,0,0,0,0,0,0,0
1990,63,1,0,0,0,0,364,3,0,0
1990,58,2,0,0,0,0,0,0,0,0
1990,55,1,0,0,0,0,567,0,40,1
1990,50,2,0,0,0,0,313,4,21,0
1990,24,2,1,0,0,1,188,1,40,0
1990,44,1,0,0,0,0,856,1,40,0
1990,35,2,0,0,0,0,433,3,35,0
1990,43,1,0,0,0,1,303,6,40,0
1990,43,2,0,0,0,1,379,6,40,0
1990,74,1,0,0,0,0,0,0,0,0
1990,69,2,0,0,0,0,769,1,40,0
1990,49,1,0,0,0,1,307,6,40,0
1990,44,2,0,0,0,0,0,0,0,0
1990,80,2,0,0,0,0,0,0,0,0
1990,29,2,1,0,0,1,375,4,40,0
1990,18,2,1,0,0,1,715,3,40,0
1990,67,1,0,0,0,1,357,4,20,0
1990,65,2,0,0,0,0,0,0,0,0
1990,38,1,0,0,0,1,178,6,40,1
1990,27,2,0,0,0,1,363,6,40,0
1990,29,1,0,0,0,1,856,4,40,0
1990,29,2,0,0,0,0,889,1,40,0
1990,59,2,1,0,0,0,0,0,0,0
1990,31,1,0,0,0,0,567,0,40,0
1990,31,2,0,0,0,0,319,4,40,0
1990,34,1,0,0,0,0,804,2,25,0
1990,41,2,0,0,0,0,808,2,20,0
1990,19,2,1,0,0,0,313,0,38,0
1990,34,1,0,0,0,0,446,5,40,0
1990,32,2,0,0,0,1,447,5,40,0
1990,44,1,0,0,0,1,363,1,40,0
1990,40,2,0,0,0,0,313,5,40,0
1990,38,1,0,0,0,1,36,6,90,0
1990,35,2,0,0,0,0,785,1,24,0
1990,59,1,0,0,0,0,473,0,40,0
1990,56,2,0,0,0,0,0,0,0,0
1990,27,1,2,0,0,1,723,1,48,0
1990,33,2,3,0,0,1,445,5,25,0
1990,55,1,2,0,0,0,869,1,40,0
1990,23,1,1,0,0,0,486,5,40,0
1990,21,1,1,0,0,0,276,3,40,0
1990,18,2,1,0,0,0,0,0,0,0
1990,29,1,1,0,0,0,364,3,40,0
1990,54,1,0,0,0,0,889,1,40,0
1990,51,2,0,0,0,0,878,1,40,0
1990,68,2,3,0,0,0,0,0,0,0
1990,34,1,1,0,0,0,877,3,40,0
1990,32,2,1,0,0,0,745,1,40,0
1990,26,1,0,0,0,0,567,0,40,0
1990,22,2,0,0,0,0,406,4,40,0
1990,18,2,1,0,0,1,276,3,30,0
1990,19,1,1,0,0,1,443,3,20,0
1990,25,2,0,0,0,1,203,5,40,0
1990,35,1,0,0,0,1,426,4,40,0
1990,57,1,0,0,0,1,453,6,0,0
1990,54,2,0,0,0,0,356,6,40,0
1990,69,2,3,0,0,0,0,0,0,0
1990,31,1,1,0,0,1,674,1,40,0
1990,28,2,3,0,0,0,315,5,40,0
1990,27,1,0,0,0,1,64,6,40,0
1990,26,2,0,0,0,0,64,6,16,0
1990,70,1,0,0,0,0,808,5,0,0
1990,69,2,0,0,0,0,315,4,15,0
1990,61,1,0,0,0,1,27,5,40,0
1990,58,2,0,0,0,0,274,3,25,0
1990,76,2,3,0,0,0,0,0,0,0
1990,78,1,1,0,0,0,0,0,0,0
1990,71,2,3,0,0,1,447,5,70,0
1990,41,1,1,0,2,0,0,0,0,0
1990,41,1,0,0,0,1,22,6,40,0
1990,39,2,0,0,0,1,736,1,36,0
1990,37,1,0,0,0,0,243,3,50,0
1990,38,2,0,0,0,1,313,3,20,0
1990,40,2,3,0,0,0,529,2,37,0
1990,68,1,0,0,0,0,278,1,40,0
1990,64,2,0,0,0,0,0,0,0,0
1990,32,2,2,0,0,1,257,2,40,0
1990,32,1,1,0,0,1,29,3,45,0
1990,36,1,1,0,0,0,243,3,50,0
1990,78,1,0,0,0,1,0,0,0,0
1990,77,2,0,0,0,0,0,0,0,0
1990,25,1,1,1,0,0,877,3,0,0
1990,29,1,0,0,0,1,22,4,60,0
1990,28,2,0,0,0,0,303,1,40,0
1990,79,2,3,0,0,0,0,0,0,0
1990,31,1,1,0,0,1,303,6,37,0
1990,75,1,0,0,0,1,23,3,20,0
1990,78,2,0,0,0,1,0,0,0,0
1990,42,2,3,0,0,0,313,5,48,0
1990,18,1,1,0,0,0,436,3,20,0
1990,65,2,3,0,0,0,259,3,48,0
1990,23,2,2,0,0,0,375,4,36,0
1990,29,2,0,0,0,0,326,4,37,0
1990,25,1,0,0,0,0,507,0,45,0
1990,31,2,1,0,0,0,449,5,40,0
1990,46,1,3,0,0,0,0,0,0,0
1990,26,1,0,0,0,0,573,1,40,0
1990,21,2,0,0,0,0,436,3,32,0
1990,40,1,0,0,0,0,357,4,40,0
1990,32,2,0,0,0,0,389,4,40,0
1990,53,1,0,0,0,0,517,3,40,0
1990,46,2,0,0,0,0,379,4,35,0
1990,19,1,1,0,0,0,0,0,0,0
1990,44,1,0,0,0,0,565,3,40,0
1990,40,2,0,0,0,0,335,5,40,0
1990,19,2,1,0,0,0,264,3,40,0
1990,63,1,0,0,0,0,473,0,40,0
1990,59,2,0,0,0,0,0,0,0,0
1990,50,1,0,0,0,0,426,6,40,0
1990,50,2,0,0,0,0,744,1,35,0
1990,76,2,1,0,0,0,0,0,0,0
1990,35,1,0,0,0,1,783,2,56,0
1990,31,2,0,0,0,1,445,5,16,0
1990,22,1,0,0,0,1,785,1,45,0
1990,20,2,0,0,0,1,253,4,37,0
1990,28,2,2,0,0,0,313,6,40,0
1990,38,2,1,0,0,0,338,5,40,0
1990,50,2,1,0,0,0,313,5,40,0
1990,32,1,0,0,0,1,883,2,20,0
1990,36,2,0,0,0,0,313,6,37,0
1990,80,2,3,0,0,0,0,0,0,0
1990,43,1,0,0,0,1,23,6,40,0
1990,39,2,0,0,0,0,315,6,37,0
1990,52,1,0,0,0,0,567,2,40,0
1990,51,2,0,0,0,0,0,0,0,0
1990,30,2,0,0,0,0,856,6,40,0
1990,37,1,0,0,0,1,217,5,40,0
1990,60,1,0,0,0,0,479,0,50,0
1990,55,2,0,0,0,0,436,5,35,0
1990,55,1,0,0,0,0,779,2,40,0
1990,56,2,0,0,0,0,0,0,0,0
1990,21,2,1,0,0,0,7,3,40,0
1990,43,1,0,0,0,0,303,6,40,0
1990,43,2,0,0,0,1,95,5,40,0
1990,19,2,1,0,0,1,373,3,11,0
1990,52,1,0,0,0,0,516,0,8,0
1990,50,2,0,0,0,1,156,5,50,0
1990,19,2,1,0,0,1,889,5,60,0
1990,46,1,0,0,0,0,473,0,45,0
1990,45,2,0,0,0,0,0,0,0,0
1990,21,2,1,0,0,0,687,3,40,0
1990,73,1,0,0,0,0,0,0,0,0
1990,72,2,0,0,0,0,0,0,0,0
1990,68,1,0,0,0,0,505,3,40,0
1990,64,2,0,0,0,0,0,0,0,0
1990,71,1,0,0,0,0,0,0,0,0
1990,64,2,0,0,0,0,0,0,0,0
1990,44,1,0,0,0,1,89,5,40,1
1990,35,2,0,0,0,1,337,3,40,0
1990,42,1,0,0,0,0,804,2,40,0
1990,38,2,0,0,0,0,447,5,0,0
1990,56,2,2,0,0,0,0,0,0,0
1990,42,1,0,0,0,1,53,0,40,0
1990,43,2,0,0,0,1,313,5,0,0
1990,68,2,3,0,0,0,97,5,0,0
1990,69,1,3,0,0,0,0,0,0,0
1990,37,1,0,0,0,0,534,5,40,0
1990,36,2,0,0,0,1,277,3,0,0
1990,49,2,2,0,0,0,435,3,0,0
1990,56,1,2,0,0,1,55,3,0,0
1990,71,1,0,0,0,0,0,0,0,0
1990,69,2,0,0,0,0,444,5,9,0
1990,36,1,0,0,0,0,856,1,50,0
1990,35,2,0,0,0,0,436,3,6,0
1990,64,1,0,0,0,1,243,3,0,0
1990,48,2,0,0,0,0,0,0,0,0
1990,47,1,0,0,0,1,869,0,40,0
1990,37,2,0,0,0,0,434,5,40,0
1990,63,1,0,0,0,0,0,0,0,0
1990,62,2,0,0,0,1,95,5,40,0
1990,38,1,1,0,0,1,257,4,45,1
1990,35,2,3,0,0,0,446,5,40,0
1990,78,2,0,0,2,0,0,0,0,0
1990,64,2,1,0,0,0,339,2,40,0
1990,46,2,1,0,0,1,383,4,37,0
1990,73,2,3,0,0,0,0,0,0,0
1990,71,1,0,0,0,0,0,0,0,0
1990,70,2,0,0,0,0,0,0,0,0
1990,35,1,1,0,0,1,22,4,45,0
1990,52,2,2,0,0,0,227,6,40,0
1990,32,1,0,0,0,0,883,0,40,0
1990,30,2,0,0,0,1,0,0,0,0
1990,26,1,0,0,0,1,33,0,40,0
1990,26,2,0,0,0,1,163,5,50,0
1990,27,1,1,0,0,1,276,3,40,0
1990,56,1,0,0,0,0,808,2,40,0
1990,55,2,0,0,0,0,0,0,0,0
1990,38,1,0,0,0,1,418,6,43,0
1990,33,2,0,0,0,1,418,6,16,0
1990,61,1,0,0,0,0,556,0,40,1
1990,59,2,0,0,0,0,0,0,0,0
1990,32,2,2,0,0,0,435,3,40,0
1990,45,2,1,0,0,0,303,6,37,0
1990,53,2,2,0,0,1,174,5,37,0
1990,24,1,1,0,0,0,0,0,0,0
1990,46,1,1,0,0,0,0,0,0,0
1990,35,1,1,0,0,0,0,0,0,0
1990,20,1,1,0,0,1,869,0,30,0
1990,69,2,3,0,0,0,0,0,0,0
1990,24,1,1,0,0,1,259,3,54,0
1990,52,1,0,0,0,0,699,1,40,0
1990,51,2,0,0,0,0,0,0,0,0
1990,76,1,0,0,0,0,0,0,0,0
1990,70,2,0,0,0,0,0,0,0,0
1990,47,1,0,0,0,0,385,3,60,1
1990,43,2,0,0,0,1,95,5,20,0
1990,20,1,1,0,0,0,575,6,32,0
1990,18,1,1,0,0,0,0,0,0,0
1990,63,2,3,0,0,0,0,0,0,0
1990,25,2,1,0,0,0,276,3,0,0
1990,60,2,3,0,0,0,446,3,40,0
1990,25,2,1,0,0,1,23,5,40,0
1990,72,1,0,0,0,0,0,0,0,0
1990,73,2,0,0,0,0,0,0,0,0
1990,38,1,0,0,0,1,389,4,60,0
1990,39,2,0,0,0,1,319,5,40,0
1990,63,1,0,0,0,0,689,2,0,0
1990,59,2,0,0,0,0,683,1,40,0
1990,34,2,2,0,0,0,883,2,30,0
1990,28,1,2,0,0,1,856,1,40,0
1990,34,1,2,0,0,1,23,0,45,0
1990,40,1,0,0,0,1,22,1,70,0
1990,40,2,0,0,0,1,313,2,40,0
1990,18,1,1,0,0,0,779,1,32,0
1990,58,1,0,0,0,0,243,3,98,0
1990,56,2,0,0,0,0,877,3,98,0
1990,30,1,1,0,0,1,58,2,40,0
1990,55,2,3,0,0,0,174,5,40,0
1990,23,2,1,0,0,0,276,3,32,0
1990,70,1,3,0,0,0,0,0,0,0
1990,37,1,3,0,0,0,447,5,6,0
1990,43,2,3,0,0,1,375,4,40,0
1990,45,2,3,0,0,0,207,5,0,0
1990,73,2,0,0,2,0,0,0,0,0
1990,33,1,0,0,0,0,514,3,40,0
1990,27,2,0,0,0,0,0,0,0,0
1990,62,1,2,0,0,0,453,4,20,0
1990,60,1,0,0,0,0,909,6,0,0
1990,59,2,0,0,0,0,0,0,0,0
1990,26,1,1,0,0,0,759,3,40,0
1990,66,1,0,0,0,0,575,2,0,0
1990,59,2,0,0,0,0,365,3,0,0
1990,50,2,1,1,0,1,0,0,0,0
1990,44,2,3,1,0,0,276,3,0,0
1990,64,1,0,0,0,0,338,1,0,0
1990,62,2,0,0,0,0,25,4,25,0
1990,58,1,0,0,0,1,157,5,40,0
1990,57,2,0,0,0,0,0,0,0,0
1990,30,1,0,0,0,0,834,0,48,0
1990,25,2,0,0,0,0,274,3,0,0
1990,66,1,2,0,0,0,505,3,20,0
1990,44,1,0,0,0,1,354,2,40,0
1990,41,2,0,0,0,0,208,5,40,0
1990,58,1,0,0,0,0,276,3,44,0
1990,37,2,0,0,0,0,313,5,40,0
1990,51,1,0,0,0,0,889,2,40,0
1990,59,2,0,0,0,0,0,0,0,0
1990,31,1,0,0,0,0,505,4,40,0
1990,30,2,0,0,0,0,379,6,37,0
1990,33,1,0,0,0,0,877,3,40,0
1990,26,2,0,0,0,0,436,3,45,0
1990,35,2,2,0,0,1,307,1,40,0
1990,40,1,1,0,0,0,804,2,40,0
1990,39,1,0,0,0,0,444,3,35,0
1990,40,2,0,0,0,1,163,6,40,0
1990,27,1,0,0,0,0,709,1,40,0
1990,28,2,0,0,0,0,354,2,40,0
1990,30,2,1,0,0,1,313,3,40,0
1990,53,1,3,0,0,1,496,0,25,0
1990,61,1,0,0,0,0,909,6,0,0
1990,56,2,0,0,0,0,308,3,40,0
1990,73,1,0,0,0,0,804,3,16,0
1990,73,2,0,0,0,0,0,0,0,0
1990,22,2,1,0,0,1,779,1,55,0
1990,36,1,0,0,0,0,653,1,45,0
1990,33,2,0,0,0,0,0,0,0,0
1990,65,1,0,0,0,0,889,1,0,0
1990,71,2,0,0,0,0,0,0,0,0
1990,62,1,0,0,0,0,364,1,40,0
1990,58,2,0,0,0,0,313,1,50,0
1990,47,1,0,0,0,1,426,5,40,0
1990,47,2,0,0,0,1,95,5,0,0
1990,23,2,1,0,0,1,256,5,27,0
1990,54,1,0,0,0,0,22,1,45,0
1990,50,2,0,0,0,0,23,3,42,0
1990,18,1,1,2,0,0,0,0,0,0
1990,32,2,0,0,0,0,276,3,20,0
1990,32,1,0,0,0,0,593,0,0,0
1990,35,2,0,0,0,1,274,3,16,0
1990,40,1,0,0,0,0,889,2,40,0
1990,64,1,0,0,0,0,0,0,0,0
1990,64,2,0,0,0,0,0,0,0,0
1990,38,2,2,0,0,0,458,4,48,0
1990,59,2,3,0,0,0,243,3,40,0
1990,32,1,0,0,0,0,447,5,40,0
1990,28,2,0,0,0,0,0,0,0,0
1990,41,1,0,0,0,1,505,3,0,0
1990,42,2,0,0,0,0,877,3,25,0
1990,18,2,1,0,0,0,315,4,40,0
1990,76,1,3,0,0,0,453,5,38,0
1990,63,1,0,0,0,0,475,0,14,0
1990,57,2,0,0,0,1,0,0,0,0
1990,74,1,0,0,0,1,84,5,40,1
1990,48,2,0,0,0,1,0,0,0,0
1990,72,2,3,0,0,0,0,0,0,0
1990,35,1,0,0,0,0,849,1,40,0
1990,33,2,0,0,0,0,0,0,0,0
1990,41,1,0,0,0,0,355,2,40,0
1990,41,2,0,0,0,0,5,6,40,0
1990,21,2,1,0,0,1,319,5,32,0
1990,74,1,0,0,0,0,0,0,0,0
1990,69,2,0,0,0,0,0,0,0,0
1990,41,2,1,0,0,0,466,5,0,0
1990,35,2,3,0,0,0,0,0,0,0
1990,34,1,0,0,0,0,684,1,40,0
1990,33,2,0,0,0,1,95,5,16,0
1990,38,1,2,0,0,0,514,4,40,0
1990,34,1,0,0,0,0,883,1,40,0
1990,19,2,0,0,0,0,449,4,25,0
1990,34,1,0,0,0,1,276,3,40,0
1990,34,2,0,0,0,1,95,5,40,0
1990,70,2,3,0,0,0,0,0,0,0
1990,37,1,0,0,0,0,889,1,0,0
1990,29,2,0,0,0,0,458,4,40,0
1990,38,1,0,0,0,1,889,3,40,0
1990,33,2,0,0,0,0,0,0,0,0
1990,31,1,0,0,0,0,446,5,37,0
1990,33,2,0,0,0,0,0,0,0,0
1990,46,1,0,0,0,0,514,4,48,0
1990,41,2,0,0,0,0,0,0,0,0
1990,19,2,1,0,0,1,259,3,40,0
1990,74,2,3,0,0,0,0,0,0,0
1990,46,2,1,0,0,1,0,0,0,0
1990,57,2,3,0,0,0,313,4,23,0
1990,73,1,0,0,0,0,0,0,0,0
1990,69,2,0,0,0,0,0,0,0,0
1990,33,1,0,0,0,1,523,1,40,0
1990,33,2,0,0,0,1,185,4,50,0
1990,34,1,0,0,0,1,256,4,46,0
1990,35,2,0,0,0,1,313,0,40,0
1990,33,1,0,0,0,0,588,0,40,0
1990,28,2,0,0,0,0,0,0,0,0
1990,52,1,2,0,0,0,804,3,60,0
1990,72,2,3,0,0,0,0,0,0,0
1990,49,1,0,0,0,0,637,1,40,0
1990,49,2,0,0,0,0,453,5,40,0
1990,27,1,0,0,0,1,653,3,45,0
1990,30,2,0,0,0,0,243,4,40,0
1990,49,1,0,0,0,0,575,1,44,1
1990,44,2,0,0,0,0,18,4,40,0
1990,60,1,0,0,0,0,785,1,72,0
1990,39,2,0,0,0,0,0,0,0,0
1990,39,1,0,0,0,0,365,1,48,0
1990,25,2,0,0,0,0,436,3,40,0
1990,27,2,1,0,0,1,229,4,40,0
1990,48,2,1,0,0,0,318,2,40,0
1990,37,1,0,0,0,1,243,3,40,1
1990,38,2,0,0,0,1,0,0,0,0
1990,65,2,0,0,0,0,23,1,0,0
1990,64,1,0,0,0,0,503,0,0,0
1990,30,1,0,0,0,0,616,0,40,0
1990,28,2,0,0,0,0,777,3,0,0
1990,80,2,3,0,0,0,0,0,0,0
1990,75,1,0,0,0,0,0,0,0,0
1990,74,2,0,0,0,0,0,0,0,0
1990,35,1,2,0,0,0,859,1,40,0
1990,46,1,0,0,0,1,418,6,40,0
1990,46,2,0,0,0,1,95,5,40,0
1990,19,2,1,0,0,0,438,3,35,0
1990,36,1,0,0,0,0,848,0,48,0
1990,35,2,0,0,0,1,0,0,0,0
1990,35,1,0,0,0,0,628,1,45,0
1990,31,2,0,0,0,1,203,5,24,0
1990,56,1,0,0,0,1,59,5,40,1
1990,42,2,0,0,0,0,479,0,70,0
1990,48,1,0,0,0,0,675,1,40,0
1990,47,2,0,0,0,0,0,0,0,0
1990,21,1,1,0,0,1,885,3,25,0
1990,34,1,0,0,0,1,243,3,80,0
1990,35,2,0,0,0,1,313,6,32,0
1990,53,1,0,0,0,1,529,2,40,0
1990,47,2,0,0,0,0,406,4,18,0
1990,62,1,0,0,0,0,779,5,64,0
1990,56,2,0,0,0,0,877,3,64,0
1990,45,1,0,0,0,0,613,0,40,1
1990,44,2,0,0,0,0,383,4,25,0
1990,20,1,1,0,0,0,779,1,40,0
1990,39,1,0,0,0,0,549,3,30,0
1990,40,2,0,0,0,1,95,5,42,0
1990,33,1,0,0,0,0,505,3,40,0
1990,31,2,0,0,0,0,0,0,0,0
1990,49,1,0,0,0,0,783,2,40,0
1990,50,2,0,0,0,0,357,5,24,0
1990,27,1,1,0,0,0,804,2,50,0
1990,20,2,1,0,0,1,435,4,0,0
1990,80,2,3,0,0,0,0,0,0,0
1990,80,1,2,0,0,0,0,0,0,0
1990,75,2,0,0,0,0,0,0,0,0
1990,33,1,0,0,0,0,869,5,45,0
1990,26,2,0,0,0,0,435,3,0,0
1990,40,1,0,0,2,1,869,0,40,0
1990,49,2,0,0,2,1,0,0,0,0
1990,73,2,3,0,0,0,0,0,0,0
1990,32,1,1,0,0,0,804,3,40,0
1990,43,2,0,0,0,0,274,3,20,0
1990,38,1,0,0,0,0,0,0,0,0
1990,37,2,0,0,0,1,303,3,40,0
1990,39,1,0,0,0,0,804,1,40,0
1990,18,1,1,0,0,0,877,3,15,0
1990,68,2,3,0,0,0,0,0,0,0
1990,69,1,0,0,0,0,0,0,0,0
1990,62,2,0,0,0,1,95,5,40,0
1990,34,1,0,0,0,0,779,1,40,0
1990,32,2,0,0,0,0,433,3,42,0
1990,70,1,0,0,0,0,0,0,0,0
1990,66,2,0,0,0,0,0,0,0,0
1990,57,2,2,0,2,0,744,1,35,0
1990,69,1,0,0,0,1,0,0,0,0
1990,69,2,0,0,0,0,0,0,0,0
1990,35,1,0,0,0,1,628,3,45,0
1990,32,2,0,0,0,0,433,3,14,0
1990,61,1,0,0,0,0,7,4,0,0
1990,64,2,0,0,0,0,313,4,10,0
1990,72,1,0,0,0,1,0,0,0,0
1990,69,2,0,0,0,1,0,0,0,0
1990,32,1,1,0,0,1,154,5,50,0
1990,30,1,0,0,0,1,505,1,0,0
1990,33,2,0,0,0,1,313,5,37,0
1990,49,1,0,0,0,1,195,1,40,1
1990,48,2,0,0,0,0,22,4,24,0
1990,43,1,0,0,0,0,754,1,40,0
1990,41,2,0,0,0,0,383,4,25,0
1990,18,1,1,0,0,0,444,3,25,0
1990,62,1,0,0,0,0,0,0,0,0
1990,55,2,0,0,0,0,447,5,0,0
1990,37,1,0,0,0,1,558,0,40,0
1990,35,2,0,0,0,1,156,5,40,0
1990,21,1,1,0,0,1,308,5,40,0
1990,20,2,1,0,0,1,435,3,30,0
1990,23,2,1,0,0,1,154,5,20,0
1990,24,2,1,0,0,1,154,5,20,0
1990,36,1,0,0,0,0,885,3,20,0
1990,32,2,0,0,0,0,0,0,0,0
1990,62,2,3,0,0,0,0,0,0,0
1990,36,1,0,0,0,1,785,1,40,0
1990,36,2,0,0,0,0,379,2,40,0
1990,74,2,3,0,0,0,0,0,0,0
1990,44,2,3,0,0,0,276,3,40,0
1990,20,1,1,0,0,0,514,4,40,0
1990,65,1,0,0,0,0,707,1,0,0
1990,62,2,0,0,0,0,0,0,0,0
1990,43,1,2,0,0,0,783,0,50,1
1990,72,1,3,0,0,0,0,0,0,0
1990,30,1,1,0,0,1,25,4,40,0
1990,43,1,0,1,0,0,539,1,40,0
1990,36,2,0,1,0,0,0,0,0,0
1990,63,2,3,0,0,0,0,0,0,0
1990,24,2,3,0,0,0,308,1,52,0
1990,33,1,1,0,0,1,453,2,45,0
1990,72,1,0,0,0,0,0,0,0,0
1990,63,2,0,0,0,0,0,0,0,0
1990,36,1,2,0,0,1,567,0,45,0
1990,23,1,1,0,0,1,436,6,50,0
1990,31,1,0,2,1,0,518,1,40,0
1990,24,2,0,2,0,0,313,4,40,0
1990,37,1,0,0,0,1,25,4,50,0
1990,36,2,0,0,0,1,0,0,0,0
1990,60,2,3,1,0,0,0,0,0,0
1990,28,2,2,3,3,0,0,0,0,0
1990,26,1,1,3,3,0,709,1,40,0
1990,25,1,1,3,3,0,783,1,40,0
1990,60,2,3,1,0,0,446,5,40,0
1990,25,2,1,1,0,0,0,0,0,0
1990,32,1,1,1,0,0,719,1,0,0
1990,23,2,1,1,0,0,453,5,99,0
1990,26,1,1,1,0,0,804,0,40,0
1990,28,1,1,1,0,0,505,4,99,0
1990,63,1,0,2,1,0,449,4,0,0
1990,54,2,0,2,1,0,796,1,40,0
1990,29,2,1,2,1,1,274,3,35,0
1990,74,2,3,1,0,0,0,0,0,0
1990,43,1,1,0,0,1,318,2,50,0
1990,40,1,1,0,0,1,375,4,20,0
1990,61,2,1,0,0,0,0,0,0,0
1990,71,2,1,0,0,0,0,0,0,0
1990,36,1,2,0,0,0,766,1,40,0
1990,30,2,1,0,0,0,804,3,45,0
1990,26,1,2,0,0,0,0,0,0,0
1990,48,2,3,0,0,0,774,4,40,0
1990,58,2,3,0,0,0,375,4,40,0
1990,33,2,3,1,1,0,889,1,0,0
1990,18,1,1,1,1,0,0,0,0,0
1990,30,2,1,0,0,1,376,5,20,0
1990,30,2,1,0,0,1,187,5,30,0
1990,63,1,0,3,0,0,647,1,0,0
1990,62,2,0,3,0,1,207,5,40,0
1990,27,1,1,3,0,1,783,0,58,0
1990,22,1,1,3,0,0,453,4,0,0
1990,70,2,3,1,0,0,447,5,0,0
1990,20,2,1,0,0,0,628,1,40,0
1990,21,2,1,0,0,0,447,5,40,0
1990,34,2,3,0,0,1,0,0,0,0
1990,80,2,2,0,0,0,0,0,0,0
1990,20,2,1,2,0,0,0,0,0,0
1990,34,1,0,3,3,0,779,1,40,0
1990,35,2,0,3,3,0,785,1,40,0
1990,67,1,0,0,0,0,185,1,40,0
1990,66,2,0,0,0,0,425,6,0,0
1990,74,1,0,0,0,0,0,0,0,0
1990,74,2,0,0,0,0,444,6,0,0
1990,60,2,0,0,2,0,436,5,30,0
1990,46,1,0,0,2,0,887,1,40,0
1990,25,1,1,0,0,0,0,0,0,0
1990,27,1,0,2,0,0,723,1,40,0
1990,31,2,0,1,1,0,738,1,40,0
1990,28,2,1,1,1,0,0,0,0,0
1990,32,2,3,1,1,0,0,0,0,0
1990,47,1,3,1,1,0,909,6,0,0
1990,32,1,1,0,0,0,779,1,40,0
1990,36,1,0,0,0,1,186,5,40,0
1990,33,2,0,0,0,1,185,4,40,0
1990,59,1,0,0,0,0,0,0,0,0
1990,59,2,0,0,0,0,785,1,37,0
1990,45,2,3,0,0,1,156,5,40,0
1990,38,1,0,0,0,1,308,1,40,0
1990,34,2,0,0,0,1,376,1,40,0
1990,64,2,3,0,0,0,647,1,44,0
1990,29,2,1,0,0,1,385,4,35,0
1990,39,1,0,0,0,0,647,1,40,0
1990,37,2,0,0,0,0,405,4,8,0
1990,19,1,1,0,0,0,436,3,8,0
1990,61,2,3,1,0,0,799,5,40,0
1990,21,2,1,1,0,1,313,5,40,0
1990,35,2,3,1,0,0,159,5,35,0
1990,30,1,1,0,0,1,357,2,46,0
1990,73,1,0,0,0,0,0,0,0,0
1990,72,2,0,0,0,0,0,0,0,0
1990,54,1,0,0,0,0,647,1,40,0
1990,48,2,0,0,0,0,754,1,40,0
1990,26,2,1,0,0,0,276,3,25,0
1990,72,1,0,0,0,0,637,1,20,0
1990,72,2,0,0,0,0,373,3,0,0
1990,39,2,3,1,0,0,23,5,40,0
1990,23,2,1,1,0,0,276,3,48,0
1990,29,1,0,0,2,1,154,5,20,0
1990,23,2,0,0,2,0,0,0,0,0
1990,78,1,0,0,0,0,274,3,20,0
1990,79,2,0,0,0,0,313,5,0,0
1990,44,1,1,0,0,0,177,5,30,0
1990,67,2,1,0,0,1,163,5,15,0
1990,30,1,1,0,0,0,505,3,40,0
1990,66,2,3,0,2,1,84,5,45,1
1990,28,1,1,0,3,1,22,1,45,0
1990,19,2,1,0,0,1,444,3,7,0
1990,20,1,1,1,0,1,276,3,40,0
1990,19,2,1,2,0,1,313,4,10,0
1990,18,1,1,0,0,1,467,5,5,0
1990,20,1,1,3,3,1,166,4,0,0
1990,20,1,1,0,1,1,174,5,8,0
1990,58,2,2,0,0,1,21,5,35,0
1990,36,1,0,1,0,1,585,1,40,0
1990,29,2,0,1,0,0,0,0,0,0
1990,34,2,1,0,0,0,0,0,0,0
1990,70,2,1,0,0,0,0,0,0,0
1990,60,1,2,0,0,0,518,1,42,0
1990,23,2,1,0,0,0,315,1,0,0
1990,39,2,3,0,0,0,785,1,40,0
1990,53,1,0,2,1,0,777,1,40,0
1990,47,2,0,2,1,0,785,1,40,0
1990,19,2,1,2,1,0,319,4,40,0
1990,28,1,0,0,0,1,22,4,35,0
1990,28,2,0,0,2,1,383,4,32,0
1990,80,1,0,0,0,0,0,0,0,0
1990,78,2,0,0,0,0,0,0,0,0
1990,29,1,0,0,0,1,13,1,60,1
1990,29,2,0,0,0,1,156,5,35,0
1990,28,1,0,0,0,1,17,3,50,0
1990,28,2,0,0,0,1,385,5,16,0
1990,25,2,2,0,0,1,808,2,30,0
1990,45,1,0,0,0,1,213,6,40,0
1990,45,2,0,0,0,1,0,0,0,0
1990,26,1,1,0,0,0,777,1,40,0
1990,21,1,1,0,0,1,647,1,40,0
1990,19,1,1,0,0,0,0,0,0,0
1990,22,1,0,0,1,1,785,1,40,0
1990,22,2,0,0,2,0,754,1,0,0
1990,47,1,0,0,0,0,256,1,37,0
1990,46,2,0,0,0,0,0,0,0,0
1990,72,1,0,0,0,0,0,0,0,0
1990,69,2,0,0,0,0,0,0,0,0
1990,44,1,1,0,0,0,348,2,40,1
1990,43,1,0,0,0,1,243,3,40,0
1990,38,2,0,0,0,1,327,2,20,0
1990,67,1,0,0,0,0,0,0,0,0
1990,67,2,0,0,0,0,313,5,0,0
1990,43,1,0,0,0,1,243,3,50,1
1990,38,2,0,0,0,1,385,1,25,0
1990,76,1,0,0,0,0,463,2,30,0
1990,74,2,0,0,0,0,0,0,0,0
1990,44,2,1,0,0,1,188,1,43,0
1990,67,1,1,0,0,0,0,0,0,0
1990,47,1,0,0,0,0,453,5,40,0
1990,46,2,0,0,0,0,447,5,0,0
1990,71,1,0,0,0,0,804,4,28,0
1990,68,2,0,0,0,0,313,5,30,0
1990,50,1,2,0,0,1,733,1,40,0
1990,25,1,1,0,0,0,519,1,40,0
1990,33,1,0,0,0,0,748,4,55,0
1990,26,2,0,0,0,0,174,5,30,0
1990,25,2,3,0,0,0,313,6,32,0
1990,26,1,0,0,0,0,687,1,40,0
1990,32,2,0,0,0,0,0,0,0,0
1990,74,1,0,0,0,0,0,0,0,0
1990,72,2,0,0,0,0,0,0,0,0
1990,23,2,0,0,0,0,276,3,0,0
1990,26,1,0,0,0,0,585,0,50,0
1990,28,2,2,2,0,0,159,3,40,0
1990,31,1,0,0,0,0,589,3,40,0
1990,30,2,0,0,0,0,783,1,24,0
1990,61,1,0,0,0,0,453,1,45,0
1990,62,2,0,0,0,0,785,5,35,0
1990,54,1,3,0,0,0,447,5,0,0
1990,61,1,0,0,0,0,453,5,40,0
1990,62,2,0,0,0,0,0,0,0,0
1990,33,1,1,0,0,0,735,1,43,0
1990,70,2,3,0,0,0,0,0,0,0
1990,50,1,0,0,0,0,0,0,0,0
1990,48,2,0,0,0,0,207,5,0,0
1990,43,1,0,0,0,0,457,4,60,0
1990,40,2,0,0,0,0,447,5,24,0
1990,43,1,0,0,0,0,15,5,40,0
1990,34,2,0,0,0,0,467,5,50,0
1990,78,2,2,0,0,0,0,0,0,0
1990,55,2,3,0,0,0,889,1,40,0
1990,31,1,1,0,0,0,595,0,40,0
1990,27,1,1,0,0,0,315,6,40,0
1990,26,2,1,0,0,0,308,4,40,0
1990,36,1,0,0,0,1,22,1,40,1
1990,34,2,0,0,0,1,736,1,0,0
1990,38,1,0,0,0,0,804,0,40,0
1990,38,2,0,0,0,0,747,4,35,0
1990,65,1,0,0,0,0,243,3,45,0
1990,64,2,0,0,0,1,18,4,0,0
1990,47,1,0,0,0,0,417,6,48,0
1990,46,2,0,0,0,0,235,5,20,0
1990,22,2,1,0,0,0,487,0,32,0
1990,21,2,1,0,0,0,383,4,30,0
1990,39,2,2,0,0,1,156,5,40,0
1990,29,2,1,0,0,1,159,5,12,0
1990,67,1,3,0,0,0,259,3,44,0
1990,30,1,0,0,2,0,337,5,40,0
1990,35,2,0,0,2,0,779,1,40,0
1990,35,1,2,0,4,1,243,3,54,0
1990,45,1,2,0,0,1,558,0,40,0
1990,47,1,3,0,0,0,433,3,40,0
1990,30,2,1,0,0,0,274,3,20,0
1990,41,1,2,0,0,1,27,4,40,0
1990,37,1,1,0,0,1,8,5,45,0
1990,57,2,3,0,0,1,378,1,42,0
1990,60,1,0,0,0,1,243,4,32,0
1990,55,2,0,0,0,0,0,0,0,0
1990,54,1,0,0,0,1,13,4,40,0
1990,52,2,0,0,2,0,436,5,35,0
1990,26,1,1,0,0,1,25,4,40,0
1990,46,1,0,0,0,1,154,5,40,0
1990,47,2,0,0,0,1,0,0,0,0
1990,23,1,1,0,0,1,253,4,0,0
1990,30,2,0,0,0,1,338,5,42,0
1990,36,1,0,0,0,1,809,5,48,0
1990,77,2,0,0,0,1,379,3,40,0
1990,78,1,3,0,0,0,634,1,30,1
1990,35,1,2,0,2,0,567,0,0,0
1990,39,1,2,0,0,1,0,0,0,0
1990,64,1,0,0,0,1,0,0,0,0
1990,61,2,0,0,0,1,156,5,50,0
1990,34,1,0,0,0,1,66,4,37,0
1990,34,2,0,0,0,1,229,4,35,0
1990,68,1,3,0,0,1,85,5,0,1
1990,77,1,0,0,0,1,0,0,0,0
1990,69,2,0,0,0,0,0,0,0,0
1990,72,1,0,0,0,0,0,0,0,0
1990,66,2,0,0,0,1,0,0,0,0
1990,28,1,1,1,2,1,443,1,40,0
1990,29,1,1,1,2,1,784,1,40,0
1990,75,2,3,0,4,0,0,0,0,0
1990,74,1,0,0,0,1,0,0,0,0
1990,73,2,0,0,0,1,0,0,0,0
1990,43,1,0,0,0,0,558,0,50,0
1990,41,2,0,0,0,0,628,1,40,0
1990,22,1,1,0,0,0,514,4,40,0
1990,44,2,2,0,0,1,174,5,35,0
1990,18,2,1,0,0,0,263,3,0,0
1990,55,1,0,0,0,0,498,0,40,1
1990,42,2,0,0,0,0,777,1,40,0
1990,33,1,0,0,0,0,785,1,40,0
1990,33,2,0,0,0,1,203,5,32,0
1990,56,1,0,0,0,0,505,5,40,0
1990,57,2,0,0,0,0,435,3,45,0
1990,26,1,3,0,0,0,376,4,45,0
1990,68,1,0,0,0,0,486,0,40,0
1990,53,2,0,0,0,0,0,0,0,0
1990,65,2,1,0,0,0,785,1,0,0
1990,61,2,1,0,0,0,688,1,30,0
1990,63,2,3,0,0,0,647,1,40,0
1990,33,1,1,0,0,1,446,5,40,0
1990,74,2,3,0,2,0,0,0,0,0
1990,51,2,2,0,0,1,156,5,30,0
1990,72,1,0,0,0,0,0,0,0,0
1990,71,2,0,0,0,0,0,0,0,0
1990,65,1,0,0,0,0,436,5,20,0
1990,60,2,0,0,0,0,647,3,20,0
1990,31,2,0,0,0,1,159,5,7,0
1990,30,1,0,0,0,1,259,1,50,1
1990,55,1,0,0,0,0,554,0,40,0
1990,53,2,0,0,0,0,0,0,0,0
1990,23,1,1,0,0,0,567,0,40,0
1990,49,1,0,0,0,1,644,1,50,0
1990,46,2,0,0,0,0,337,5,35,0
1990,22,1,1,0,0,1,439,3,45,0
1990,44,1,1,0,0,0,676,1,50,0
1990,19,2,1,0,0,1,785,4,40,0
1990,41,2,1,0,0,1,95,5,40,0
1990,78,1,0,0,0,0,0,0,0,0
1990,76,2,0,0,0,1,0,0,0,0
1990,55,1,0,0,0,0,22,2,50,0
1990,56,2,0,0,0,0,0,0,0,0
1990,24,2,1,0,0,1,0,0,0,0
1990,20,2,1,0,0,0,0,0,0,0
1990,64,2,3,0,0,0,313,4,0,0
1990,70,1,3,0,0,1,637,1,40,0
1990,53,1,0,0,0,1,259,3,40,0
1990,52,2,0,0,0,1,274,4,14,0
1990,37,1,0,0,0,1,375,4,35,0
1990,36,2,0,0,0,1,373,3,17,0
1990,27,1,1,0,0,1,268,3,40,0
1990,33,2,2,0,0,1,274,3,40,0
1990,25,1,0,0,0,0,447,5,40,0
1990,33,2,0,0,0,1,15,5,40,0
1990,30,1,0,0,0,0,804,3,35,0
1990,26,2,0,0,2,0,777,1,0,0
1990,33,1,0,0,0,1,804,2,45,0
1990,32,2,0,0,0,1,203,5,32,0
1990,69,1,0,0,0,0,15,5,0,0
1990,67,2,0,0,0,0,313,5,0,0
1990,31,1,0,0,0,0,505,0,48,0
1990,36,2,0,0,0,0,276,3,0,0
1990,71,1,0,0,0,0,453,5,12,0
1990,70,2,0,0,0,0,0,0,0,0
1990,54,1,0,0,0,1,22,1,52,1
1990,53,2,0,0,0,0,0,0,0,0
1990,38,1,0,0,0,0,303,6,40,0
1990,39,2,0,0,0,1,447,5,0,0
1990,24,2,0,0,0,1,95,5,40,0
1990,25,1,0,0,0,0,575,2,40,0
1990,74,1,0,0,0,1,253,4,12,0
1990,74,2,0,0,0,0,0,0,0,0
1990,32,2,2,0,0,0,375,4,40,0
1990,60,1,0,0,0,0,628,1,0,0
1990,58,2,0,0,0,0,356,5,40,0
1990,31,1,0,1,0,1,178,5,60,0
1990,29,2,0,1,0,1,65,4,40,0
1990,51,1,0,0,0,0,417,6,0,0
1990,51,2,0,0,0,0,347,4,40,0
1990,35,1,2,0,0,0,496,1,27,0
1990,30,2,1,0,0,0,37,4,40,0
1990,43,1,0,0,0,1,254,4,40,0
1990,38,2,0,0,0,1,159,5,35,0
1990,62,1,0,0,0,1,243,4,45,1
1990,54,2,0,0,0,0,319,5,20,0
1990,58,1,0,0,0,0,0,0,0,0
1990,58,2,0,0,0,0,0,0,0,0
1990,20,2,1,0,0,0,0,0,0,0
1990,48,1,0,0,0,0,0,0,0,0
1990,47,2,0,0,0,0,447,5,50,0
1990,19,1,1,0,0,0,276,3,20,0
1990,67,1,0,0,0,0,185,5,40,0
1990,62,2,0,0,0,0,337,3,40,0
1990,38,1,0,0,0,1,414,6,60,1
1990,36,2,0,0,0,1,22,1,28,0
1990,32,1,0,0,0,0,498,0,40,0
1990,32,2,0,0,0,1,95,5,24,0
1990,21,1,1,0,0,1,563,0,40,0
1990,62,1,0,0,0,0,22,1,48,0
1990,61,2,0,0,0,0,315,4,22,0
1990,33,2,0,0,0,1,95,5,16,0
1990,35,1,0,0,0,1,156,5,35,0
1990,43,1,0,0,0,1,65,6,42,0
1990,40,2,0,0,0,1,156,5,40,0
1990,23,1,1,0,0,0,228,6,50,0
1990,29,1,0,0,0,1,518,6,44,0
1990,36,2,0,0,0,1,27,4,40,0
1990,64,2,0,0,0,1,337,5,3,0
1990,68,1,0,0,2,0,628,1,20,0
1990,53,2,3,0,0,0,22,5,40,0
1990,71,2,3,0,0,1,0,0,0,0
1990,64,1,0,0,0,1,167,5,35,1
1990,55,2,0,0,0,1,0,0,0,0
1990,52,1,0,0,0,1,95,5,80,1
1990,47,2,0,0,0,0,447,5,40,0
1990,20,1,1,0,0,0,774,1,40,0
1990,51,1,0,0,0,1,259,3,71,1
1990,49,2,0,0,0,1,95,5,35,0
1990,22,2,1,0,0,1,17,3,40,0
1990,31,1,0,0,0,0,646,1,52,0
1990,26,2,0,0,0,1,439,3,0,0
1990,59,2,3,0,0,0,0,0,0,0
1990,32,2,1,0,0,1,303,4,40,0
1990,58,2,0,0,0,1,313,3,37,0
1990,62,1,0,0,0,1,53,0,40,1
1990,52,2,1,0,0,1,0,0,0,0
1990,35,1,0,0,0,1,55,1,50,1
1990,32,2,0,0,0,1,156,5,0,0
1990,22,2,1,0,2,1,449,4,40,0
1990,36,1,0,0,0,0,783,1,40,0
1990,32,2,0,0,0,0,379,5,35,0
1990,35,2,2,0,0,1,95,5,40,0
1990,52,1,0,0,0,0,809,4,38,1
1990,53,2,0,0,0,0,447,5,0,0
1990,45,1,0,0,2,0,889,1,40,0
1990,41,2,0,0,2,0,779,1,0,0
1990,45,1,0,0,2,0,779,1,40,0
1990,41,2,0,0,2,0,744,1,40,0
1990,76,1,0,0,2,0,0,0,0,0
1990,67,2,0,0,2,0,0,0,0,0
1990,79,2,3,0,0,0,0,0,0,0
1990,33,1,1,0,0,1,13,1,50,0
1990,41,2,2,0,0,1,95,5,40,0
1990,44,1,0,0,0,1,22,6,84,1
1990,45,2,0,0,0,0,458,4,40,0
1990,59,1,0,0,0,1,217,5,50,1
1990,59,2,0,0,0,1,329,5,20,0
1990,45,1,0,0,0,0,699,5,40,0
1990,45,2,0,0,0,0,313,5,20,0
1990,41,1,0,0,0,1,258,1,85,0
1990,47,2,0,0,0,1,65,5,75,0
1990,34,2,0,0,0,1,255,4,37,0
1990,37,1,0,0,0,1,376,1,40,0
1990,46,1,2,0,0,1,59,5,40,0
1990,39,1,1,1,0,0,378,2,40,0
1990,35,2,1,1,0,0,0,0,0,0
1990,30,1,0,0,0,1,23,3,40,0
1990,30,2,0,0,0,1,319,5,16,0
1990,44,1,2,0,0,1,595,0,40,0
1990,38,2,3,0,0,0,436,3,40,0
1990,52,1,1,0,0,1,434,5,40,0
1990,60,1,0,0,2,0,453,4,45,0
1990,71,2,0,0,2,0,465,5,99,0
1990,27,2,1,0,0,1,156,5,72,0
1990,36,2,1,0,0,1,5,6,40,0
1990,23,1,1,0,0,1,646,6,40,0
1990,25,2,0,0,0,0,458,4,15,0
1990,26,1,0,0,0,0,498,5,40,0
1990,74,2,3,0,0,0,0,0,0,0
1990,47,1,0,0,0,1,22,1,55,0
1990,47,2,0,0,0,0,313,4,20,0
1990,22,1,1,0,0,0,217,0,40,0
1990,20,1,1,0,0,0,514,4,40,0
1990,40,2,0,0,0,1,0,0,0,0
1990,43,1,0,0,0,1,243,3,40,1
1990,54,1,2,0,0,1,22,0,60,0
1990,48,2,2,0,2,1,889,4,15,0
1990,38,1,0,0,0,0,505,4,45,0
1990,37,2,0,0,0,0,808,2,32,0
1990,18,2,1,0,0,0,449,4,13,0
1990,42,2,0,0,0,1,156,5,30,0
1990,42,1,0,0,0,1,22,6,40,0
1990,58,2,3,0,0,0,449,5,32,0
1990,32,2,1,0,0,0,366,2,40,0
1990,37,2,1,0,0,0,0,0,0,0
1990,59,2,3,0,0,0,754,1,40,0
1990,23,1,1,0,0,0,804,0,40,0
1990,18,2,1,0,0,0,0,0,0,0
1990,75,1,0,0,0,1,0,0,0,0
1990,74,2,0,0,0,1,0,0,0,0
1990,74,1,0,0,0,0,0,0,0,0
1990,75,2,0,0,0,0,0,0,0,0
1990,79,2,3,0,0,0,0,0,0,0
1990,40,2,0,0,0,1,316,6,42,0
1990,59,1,0,0,0,0,869,0,0,0
1990,74,1,0,0,0,1,0,0,0,0
1990,47,2,0,0,0,0,0,0,0,0
1990,31,1,0,0,0,0,486,0,40,0
1990,29,2,0,0,0,1,779,1,20,0
1990,43,1,0,0,0,1,73,1,40,0
1990,43,2,0,0,0,1,204,5,40,0
1990,32,1,0,0,0,0,453,0,40,0
1990,31,2,0,0,0,0,453,5,40,0
1990,49,1,0,0,0,1,53,0,40,1
1990,38,2,0,0,0,0,313,6,39,0
1990,67,1,0,0,0,1,0,0,0,0
1990,67,2,0,0,0,0,158,5,0,0
1990,63,1,0,0,0,0,22,5,0,1
1990,62,2,0,0,0,0,0,0,0,0
1990,80,2,3,0,0,1,156,5,0,0
1990,68,1,0,0,0,1,0,0,0,0
1990,66,2,0,0,0,1,156,5,0,0
1990,67,1,0,0,2,0,22,0,35,0
1990,57,2,0,0,2,0,0,0,0,0
1990,27,1,1,0,0,1,558,0,80,0
1990,69,2,3,0,0,1,0,0,0,0
1990,39,2,1,0,0,1,447,5,20,0
1990,39,2,1,0,0,1,154,5,40,0
1990,40,1,0,0,0,1,22,1,40,0
1990,37,2,0,0,0,1,156,5,20,0
1990,20,1,1,0,0,1,628,1,40,0
1990,27,2,1,1,0,1,276,3,40,0
1990,30,1,1,0,0,1,375,4,40,0
1990,25,1,1,0,0,1,159,5,40,0
1990,63,1,0,0,0,0,453,6,20,0
1990,58,2,0,3,3,0,0,0,0,0
1990,46,1,0,0,0,0,505,3,40,0
1990,43,2,0,0,0,0,379,5,40,0
1990,25,1,0,0,0,0,453,5,50,0
1990,21,2,0,0,0,0,385,4,37,0
1990,59,1,0,0,0,1,243,3,45,1
1990,51,2,0,0,0,1,804,2,20,0
1990,27,1,1,0,0,1,647,1,38,0
1990,20,1,1,0,0,1,436,3,35,0
1990,63,1,0,0,0,0,505,3,40,0
1990,63,2,0,0,2,0,0,0,0,0
1990,70,1,0,0,0,1,0,0,0,0
1990,53,2,0,3,3,1,235,1,40,0
1990,26,1,1,3,3,0,0,0,0,0
1990,18,1,1,0,0,1,365,3,20,0
1990,19,1,1,0,0,1,804,3,25,0
1990,19,1,1,3,0,0,274,3,40,0
1990,36,2,2,0,0,1,154,5,80,0
1990,42,2,2,0,0,0,97,5,0,0
1990,38,1,0,0,3,1,243,3,75,0
1990,38,2,0,0,3,1,276,3,20,0
1990,59,2,1,0,0,1,156,5,35,0
1990,56,2,1,0,0,1,22,5,40,1
1990,29,1,0,0,0,1,229,4,35,0
1990,26,2,0,0,0,1,27,5,40,0
1990,75,2,1,0,0,1,313,5,0,0
1990,47,1,0,0,0,1,254,4,40,0
1990,45,2,0,0,0,0,337,1,8,0
1990,29,1,0,0,0,1,213,1,45,0
1990,27,2,0,0,0,0,243,1,9,0
1990,30,1,0,0,0,1,235,3,55,0
1990,32,2,0,0,0,1,274,3,24,0
1990,60,1,0,0,0,0,549,5,35,0
1990,61,2,0,0,0,0,315,4,15,0
1990,51,1,1,0,0,0,0,0,0,0
1990,18,1,1,0,0,1,0,0,0,0
1990,21,1,1,0,0,1,338,5,40,0
1990,46,2,2,0,0,0,243,3,48,0
1990,26,1,1,0,0,0,379,3,40,0
1990,49,1,2,0,0,0,579,0,40,0
1990,27,1,0,0,0,0,856,3,40,0
1990,26,2,0,0,0,0,789,1,0,0
1990,21,1,1,0,0,0,364,3,40,0
1990,47,1,0,0,0,1,254,4,40,0
1990,45,2,0,0,0,1,95,5,40,0
1990,21,2,1,0,0,1,274,3,40,0
1990,53,1,0,0,2,1,22,1,45,1
1990,52,2,0,0,0,0,327,1,40,0
1990,22,1,0,0,0,0,779,1,40,0
1990,21,2,0,0,0,0,379,4,52,0
1990,51,1,0,0,0,0,804,0,40,0
1990,49,2,0,0,0,0,276,3,29,0
1990,21,1,1,0,0,1,889,3,40,0
1990,59,1,0,0,0,0,0,0,0,0
1990,55,2,0,0,0,0,796,1,40,0
1990,34,1,0,0,0,0,719,1,45,0
1990,35,2,0,0,0,0,808,2,20,0
1990,65,1,1,0,0,0,0,0,0,0
1990,67,2,3,0,0,0,0,0,0,0
1990,40,2,3,0,0,0,676,1,40,0
1990,43,1,0,0,0,1,258,3,50,1
1990,42,2,0,0,0,1,354,2,40,0
1990,22,2,0,0,0,0,447,5,40,0
1990,26,1,0,0,0,0,796,1,48,0
1990,37,2,0,0,0,0,0,0,0,0
1990,40,1,0,0,0,1,178,5,35,1
1990,36,1,0,0,0,0,785,1,40,0
1990,30,2,0,0,0,1,23,5,40,0
1990,36,1,0,0,0,1,188,5,40,0
1990,37,2,0,0,0,1,156,5,35,0
1990,65,1,0,0,0,0,779,1,40,0
1990,59,2,0,0,0,0,0,0,0,0
1990,37,1,2,0,0,0,379,6,48,0
1990,29,2,0,0,0,0,435,3,35,0
1990,28,2,1,0,0,0,315,5,37,0
1990,25,1,1,0,0,0,888,4,30,0
1990,28,1,0,0,0,0,804,2,40,0
1990,37,1,2,0,0,0,785,1,40,0
1990,37,1,0,0,0,0,453,5,40,0
1990,28,2,0,0,0,1,156,5,20,0
1990,80,2,0,0,0,0,0,0,0,0
1990,47,2,3,3,3,1,385,4,40,0
1990,64,2,3,0,0,0,447,5,7,0
1990,68,2,3,0,0,1,174,6,0,1
1990,53,1,0,0,0,0,598,0,45,0
1990,48,2,0,0,0,0,328,3,40,0
1990,27,2,1,0,0,0,379,4,40,0
1990,25,1,1,0,0,0,598,0,40,0
1990,42,1,0,0,0,1,22,1,42,1
1990,42,2,0,0,0,1,0,0,0,0
1990,67,1,0,0,0,0,0,0,0,0
1990,68,2,0,0,0,0,0,0,0,0
1990,78,2,3,0,0,0,0,0,0,0
1990,30,1,1,0,0,0,829,2,50,0
1990,55,2,0,0,0,0,277,3,30,0
1990,52,1,0,0,0,0,368,1,40,0
1990,79,2,0,0,0,0,0,0,0,0
1990,33,2,1,0,0,1,0,0,0,0
1990,33,1,0,0,2,0,869,3,40,0
1990,30,2,0,0,0,1,156,5,40,0
1990,52,1,0,0,2,0,779,1,40,0
1990,50,2,0,0,2,0,796,1,40,0
1990,21,2,1,2,1,0,777,3,40,0
1990,47,1,0,0,0,1,15,5,44,1
1990,46,2,0,0,0,1,303,1,40,0
1990,18,2,1,0,0,0,446,5,16,0
1990,73,1,3,3,3,0,17,3,20,0
1990,53,1,1,3,3,0,436,3,40,0
1990,60,2,3,0,0,0,379,5,35,0
1990,72,2,0,0,0,0,0,0,0,0
1990,76,1,0,0,0,0,0,0,0,0
1990,46,1,2,0,0,0,259,3,52,0
1990,22,1,1,0,0,0,783,1,50,0
1990,19,2,1,0,0,0,385,3,40,0
1990,33,2,2,0,0,1,26,4,47,0
1990,56,1,0,0,0,0,453,5,60,0
1990,51,2,0,0,0,0,785,1,40,0
1990,29,1,1,0,0,0,505,3,40,0
1990,39,2,1,0,0,0,379,3,45,0
1990,42,1,0,2,0,0,777,1,45,0
1990,31,2,0,2,0,0,859,1,40,0
1990,32,1,1,0,2,0,634,1,40,0
1990,27,2,1,0,0,0,266,3,40,0
1990,19,2,1,0,0,0,276,3,40,0
1990,28,1,1,0,0,0,364,1,8,0
1990,52,1,1,0,0,0,573,0,30,0
1990,53,1,1,0,0,0,573,0,30,0
1990,80,2,1,0,0,0,0,0,0,0
1990,66,1,1,0,0,0,596,1,0,0
1990,65,2,3,0,0,0,0,0,0,0
1990,75,1,0,0,0,0,0,0,0,0
1990,77,2,0,0,0,0,0,0,0,0
1990,71,2,3,0,0,0,0,0,0,0
1990,56,1,3,0,0,0,795,1,40,0
1990,26,2,2,0,0,0,22,5,40,0
1990,51,2,2,0,0,0,458,4,35,0
1990,24,1,1,0,0,1,23,5,0,0
1990,47,1,0,0,0,1,315,4,50,0
1990,40,2,0,0,0,0,387,5,40,0
1990,18,2,1,0,0,1,264,3,25,0
1990,25,2,2,0,0,0,435,3,0,0
1990,20,1,1,0,0,0,628,3,40,0
1990,36,2,1,0,0,1,156,5,40,0
1990,32,1,0,0,0,1,176,5,50,0
1990,30,2,0,0,0,1,95,5,24,0
1990,75,2,3,0,0,0,0,0,0,0
1990,44,2,2,0,0,0,798,1,40,0
1990,19,2,1,0,0,0,785,1,40,0
1990,31,1,0,0,0,1,417,6,60,0
1990,29,2,0,0,0,1,23,5,25,0
1990,48,1,0,0,0,0,806,4,40,0
1990,36,2,0,0,0,0,315,5,40,0
1990,78,2,3,0,0,0,785,1,0,0
1990,63,2,1,0,0,1,0,0,0,0
1990,35,2,0,0,0,0,779,1,40,0
1990,32,1,0,0,0,0,844,0,40,0
1990,39,1,0,0,0,0,453,2,45,0
1990,36,2,0,0,0,0,328,2,40,0
1990,31,2,0,0,0,0,177,5,20,0
1990,34,1,0,0,0,0,549,1,40,0
1990,28,1,0,0,0,0,783,0,40,0
1990,25,2,0,0,0,1,313,1,40,0
1990,53,1,2,0,0,1,385,1,48,0
1990,29,1,0,0,0,1,579,5,40,0
1990,28,2,0,0,0,1,156,5,40,0
1990,26,1,2,0,0,0,595,0,40,0
1990,25,2,2,0,0,0,435,3,60,0
1990,47,1,0,0,3,1,84,5,70,1
1990,46,2,0,0,0,1,157,5,20,0
1990,45,1,0,0,0,1,154,5,45,0
1990,40,2,0,0,0,1,154,5,50,0
1990,57,2,2,0,0,1,376,1,40,0
1990,38,1,0,0,0,0,759,4,35,0
1990,35,2,0,0,0,0,453,2,0,0
1990,55,1,0,0,0,1,364,1,40,0
1990,52,2,0,0,2,0,486,0,20,0
1990,74,1,0,0,0,0,243,3,54,1
1990,67,2,0,0,0,0,0,0,0,0
1990,24,1,0,0,0,0,575,0,40,1
1990,27,2,0,0,0,1,379,5,40,0
1990,42,1,0,1,0,0,889,1,40,0
1990,47,2,0,1,0,0,744,1,35,0
1990,41,2,1,0,0,1,253,4,40,0
1990,47,2,1,0,0,1,0,0,0,0
1990,43,2,1,0,0,0,0,0,0,0
1990,27,2,1,0,0,1,8,3,44,0
1990,39,1,0,0,0,1,558,0,30,0
1990,37,2,0,0,0,1,137,4,6,0
1990,36,1,2,0,0,0,343,1,48,0
1990,41,2,0,0,0,0,796,1,48,0
1990,37,1,0,0,0,0,518,1,48,0
1990,18,1,1,0,0,0,0,0,0,0
1990,42,2,3,0,0,1,14,5,37,0
1990,20,1,1,0,0,1,869,0,40,0
1990,30,1,0,0,0,1,307,1,42,0
1990,26,2,0,3,1,1,315,5,40,0
1990,68,1,0,0,0,0,426,6,30,0
1990,62,2,0,0,0,0,808,5,24,0
1990,43,1,2,0,0,1,643,3,40,0
1990,24,1,0,0,0,1,703,1,55,0
1990,24,2,0,0,0,0,744,1,40,0
1990,61,2,3,0,0,1,243,3,35,0
1990,32,1,0,0,0,0,235,3,40,0
1990,25,2,0,0,0,0,0,0,0,0
1990,63,1,0,0,0,0,426,4,21,0
1990,61,2,0,0,0,0,0,0,0,0
1990,41,2,1,1,0,0,739,1,48,0
1990,23,2,1,1,0,1,315,2,40,0
1990,18,1,1,1,0,0,436,3,30,0
1990,25,1,0,0,0,1,229,4,40,0
1990,23,2,0,0,0,1,383,4,0,0
1990,29,1,0,0,0,0,628,0,40,0
1990,30,2,0,0,0,0,274,3,25,0
1990,35,1,2,0,0,0,739,1,40,0
1990,50,1,0,0,0,1,235,1,40,0
1990,45,2,0,0,0,0,264,3,24,0
1990,33,1,0,0,0,0,243,3,45,0
1990,31,2,0,0,0,0,18,4,20,0
1990,47,1,0,0,0,1,185,1,40,1
1990,29,2,0,0,0,1,17,3,50,0
1990,55,1,0,0,0,1,159,5,7,0
1990,63,2,0,0,0,1,379,6,0,0
1990,23,2,1,0,0,0,438,3,40,0
1990,28,1,0,0,0,0,709,1,48,0
1990,29,2,0,0,0,1,208,5,40,0
1990,39,1,0,0,0,0,518,1,56,0
1990,37,2,0,0,0,1,23,1,40,0
1990,72,1,0,0,0,0,0,0,0,0
1990,69,2,0,0,0,0,436,3,12,0
1990,23,2,1,0,0,1,359,6,40,0
1990,28,1,0,0,0,0,637,1,44,0
1990,28,2,0,0,0,1,0,0,0,0
1990,19,1,1,0,0,1,283,3,25,0
1990,76,1,0,0,0,1,259,1,50,0
1990,62,2,0,0,0,1,274,3,10,0
1990,19,1,1,0,0,1,217,5,25,0
1990,20,2,1,0,0,1,313,3,40,0
1990,18,2,1,0,0,1,435,3,40,0
1990,22,2,1,0,0,1,274,3,8,0
1990,21,1,1,0,0,1,804,5,38,0
1990,49,1,0,0,0,1,14,5,60,1
1990,49,2,0,0,0,1,275,3,20,0
1990,20,2,1,0,0,1,469,3,20,0
1990,50,1,0,0,0,1,22,3,50,1
1990,41,2,0,0,0,1,243,3,50,0
1990,53,2,3,0,0,0,739,1,42,0
1990,49,1,0,0,0,1,21,5,50,0
1990,47,2,0,0,0,1,14,5,9,0
1990,25,2,1,0,0,1,159,5,40,0
1990,23,1,1,0,0,1,804,3,30,0
1990,20,1,1,0,0,1,804,3,30,0
1990,31,1,0,0,0,1,22,2,45,0
1990,28,2,0,0,0,1,22,5,32,0
1990,43,1,0,1,0,0,637,1,40,0
1990,46,2,0,1,0,0,458,4,2,0
1990,43,1,0,0,0,1,22,1,50,1
1990,40,2,0,0,0,1,156,5,16,0
1990,72,2,0,0,0,1,0,0,0,0
1990,69,1,0,0,0,1,176,5,40,0
1990,66,2,0,0,0,0,0,0,0,0
1990,46,1,0,1,0,1,157,5,50,0
1990,47,2,0,1,0,1,156,5,8,0
1990,19,2,1,1,0,0,436,3,0,0
1990,34,2,1,1,0,1,777,1,40,0
1990,70,1,0,0,0,0,779,1,0,0
1990,67,2,0,0,0,0,779,1,0,0
1990,63,1,2,0,0,1,263,3,80,0
1990,68,1,0,0,0,0,274,3,40,0
1990,67,2,0,0,0,0,0,0,0,0
1990,44,1,0,0,0,1,389,1,40,1
1990,46,2,0,0,0,1,185,3,32,0
1990,22,1,1,0,0,1,869,0,45,0
1990,66,1,0,0,0,1,254,4,40,0
1990,66,2,0,0,0,0,156,5,30,0
1990,53,1,0,0,0,0,785,1,40,0
1990,50,2,0,0,0,0,889,3,24,0
1990,53,1,0,0,0,1,628,1,40,0
1990,52,2,0,0,0,0,796,1,40,0
1990,58,1,2,0,0,0,0,0,0,0
1990,51,1,0,0,0,0,355,2,40,0
1990,47,2,0,0,0,0,909,6,0,0
1990,19,2,2,0,0,0,276,3,0,0
1990,30,1,0,0,0,0,505,4,40,0
1990,28,2,0,0,0,0,207,5,40,0
1990,61,2,3,0,0,0,0,0,0,0
1990,58,1,0,0,0,0,22,0,60,0
1990,54,2,0,0,0,0,0,0,0,0
1990,19,2,1,0,0,0,274,5,28,0
1990,78,2,3,0,0,0,0,0,0,0
1990,25,1,1,0,0,1,904,6,0,0
1990,31,1,0,0,0,0,188,1,40,0
1990,31,2,0,0,2,1,22,1,50,0
1990,36,2,1,1,0,0,276,3,36,0
1990,72,2,3,1,0,1,0,0,0,0
1990,46,1,1,1,0,1,174,6,40,0
1990,55,1,0,0,0,0,243,3,44,0
1990,53,2,0,0,0,0,337,5,10,0
1990,52,2,3,1,0,0,869,1,40,0
1990,20,2,1,1,0,0,683,1,0,0
1990,67,2,3,0,0,0,337,3,0,0
1990,65,1,0,0,0,0,0,0,0,0
1990,65,2,0,0,0,1,25,3,20,0
1990,57,1,1,0,2,0,579,0,0,0
1990,78,2,1,0,0,0,0,0,0,0
1990,21,2,1,0,0,1,313,5,50,0
1990,20,1,1,0,0,1,269,3,0,0
1990,57,2,1,0,0,1,97,5,43,0
1990,28,1,0,1,0,0,785,1,40,0
1990,26,2,0,1,0,0,375,4,40,0
1990,61,1,0,1,0,0,453,1,42,0
1990,55,2,0,1,0,0,796,1,36,0
1990,79,1,0,0,0,0,26,5,12,0
1990,71,2,0,0,0,0,0,0,0,0
1990,60,1,1,0,0,1,254,4,30,0
1990,28,1,1,0,0,1,433,3,55,0
1990,28,1,1,0,0,1,436,3,40,0
1990,57,2,1,1,0,1,156,5,8,0
1990,36,1,0,0,0,1,57,0,40,1
1990,33,2,0,0,0,1,177,5,20,0
1990,31,1,0,0,0,1,53,3,60,0
1990,32,2,0,0,0,1,274,3,20,0
1990,49,2,0,0,0,0,796,1,48,0
1990,48,1,0,0,0,0,453,3,40,0
1990,19,1,1,0,0,0,444,1,60,0
1990,30,2,1,0,0,1,23,4,40,0
1990,24,2,1,0,0,0,266,3,40,0
1990,28,2,1,0,0,0,549,1,40,0
1990,21,1,1,0,0,1,275,4,40,0
1990,18,2,1,0,0,1,376,4,12,0
1990,69,1,0,0,0,0,0,0,0,0
1990,68,2,0,0,0,1,0,0,0,0
1990,42,1,0,0,0,0,628,1,40,0
1990,40,2,0,0,0,0,254,4,40,0
1990,67,1,0,0,0,1,22,0,25,0
1990,63,2,0,0,0,1,257,0,35,0
1990,29,1,1,0,0,1,308,0,40,0
1990,52,2,1,0,0,1,95,5,40,0
1990,75,2,3,0,0,0,0,0,0,0
1990,70,2,0,0,0,0,447,1,16,0
1990,80,1,0,0,0,1,0,0,0,0
1990,40,1,0,0,0,1,235,1,50,0
1990,40,2,0,0,0,0,785,1,40,0
1990,18,2,1,0,0,0,0,0,0,0
1990,59,1,0,1,0,1,156,5,0,0
1990,55,2,0,1,0,1,95,5,45,0
1990,72,1,0,0,0,0,575,1,25,0
1990,70,2,0,0,0,0,0,0,0,0
1990,31,2,1,1,0,1,453,5,20,0
1990,77,1,0,0,0,0,0,0,0,0
1990,76,2,0,0,0,0,0,0,0,0
1990,61,1,0,0,0,0,6,6,40,0
1990,58,2,0,0,0,1,328,1,40,0
1990,24,1,1,1,0,1,243,3,40,0
1990,24,2,3,0,0,1,364,3,40,0
1990,28,2,3,0,0,0,579,4,37,0
1990,61,1,0,0,0,0,363,1,40,0
1990,64,2,0,0,0,0,799,1,40,0
1990,27,1,0,0,0,0,779,1,40,0
1990,32,2,0,0,0,0,744,1,0,0
1990,73,2,3,0,0,0,0,0,0,0
1990,27,1,0,0,0,0,869,0,40,0
1990,21,2,0,0,0,0,779,1,0,0
1990,64,1,0,0,0,1,549,3,30,0
1990,44,2,0,0,0,0,347,0,40,0
1990,24,2,1,1,0,0,276,3,30,0
1990,37,1,0,0,0,0,243,3,60,0
1990,37,2,0,0,0,1,0,0,0,0
1990,46,2,3,1,0,1,18,4,35,0
1990,67,2,1,0,0,1,0,0,0,0
1990,71,1,0,0,0,1,0,0,0,0
1990,68,2,0,3,0,1,0,0,0,0
1990,57,1,0,0,0,0,885,3,40,0
1990,52,2,0,0,0,0,628,1,44,0
1990,32,1,2,0,0,0,889,1,40,0
1990,68,1,0,0,0,0,0,0,0,0
1990,41,2,0,0,0,1,379,1,40,0
1990,39,1,0,0,0,1,243,3,43,1
1990,43,2,0,0,0,0,0,0,0,0
1990,79,1,3,0,0,0,453,4,0,0
1990,34,2,0,0,0,1,95,5,20,0
1990,33,1,0,0,0,1,95,5,40,0
1990,64,2,0,0,0,0,888,1,40,0
1990,68,1,0,0,0,0,567,0,0,0
1990,29,2,3,0,0,1,53,5,40,0
1990,23,2,1,0,0,0,18,4,40,0
1990,55,1,0,0,0,1,59,5,45,1
1990,57,2,0,0,0,0,0,0,0,0
1990,45,1,0,0,0,0,189,2,48,0
1990,41,2,0,0,0,1,95,5,48,0
1990,20,2,1,0,0,0,435,3,40,0
1990,73,1,3,0,0,1,0,0,0,1
1990,36,1,0,0,0,1,57,5,40,1
1990,37,2,0,0,0,1,0,0,0,0
1990,40,1,2,0,0,1,558,0,45,1
1990,37,1,0,0,0,0,856,1,40,0
1990,38,2,0,0,0,0,783,1,40,0
1990,41,1,0,0,0,0,507,3,45,0
1990,37,2,0,0,0,1,0,0,0,0
1990,36,1,2,0,0,1,22,3,45,0
1990,27,1,1,1,0,0,588,0,0,0
1990,62,1,0,1,0,0,0,0,0,0
1990,57,2,0,1,0,0,436,5,40,0
1990,27,1,1,1,0,0,449,1,60,0
1990,34,2,2,1,0,0,785,1,40,0
1990,65,1,0,0,0,0,16,2,20,0
1990,62,2,0,0,0,0,0,0,0,0
1990,45,2,0,0,0,0,796,1,40,0
1990,48,1,0,0,0,0,585,2,50,0
1990,20,2,1,0,0,1,335,5,16,0
1990,40,1,0,0,0,0,695,2,44,0
1990,39,2,0,0,0,0,0,0,0,0
1990,20,1,1,0,0,0,0,0,0,0
1990,62,2,3,0,0,0,738,1,0,0
1990,42,1,1,0,0,1,243,3,50,0
1990,22,2,3,0,0,0,435,3,30,0
1990,64,1,0,0,0,1,364,1,40,0
1990,65,2,0,0,0,0,744,1,0,0
1990,39,1,3,1,0,0,549,1,40,0
1990,33,1,1,0,0,1,856,1,40,0
1990,63,1,0,0,0,1,307,2,0,0
1990,62,2,0,0,0,0,379,4,40,0
1990,39,2,3,0,0,1,315,4,40,0
1990,49,1,3,0,0,1,22,1,50,1
1990,49,2,1,0,0,0,243,3,55,0
1990,67,1,2,0,0,0,518,1,27,0
1990,70,2,3,0,0,0,243,3,40,0
1990,53,2,3,0,0,0,276,3,0,0
1990,22,1,1,1,0,1,804,3,40,0
1990,26,2,2,1,0,0,467,5,32,0
1990,64,1,0,0,0,0,779,5,0,0
1990,56,2,0,0,0,0,436,4,0,0
1990,34,1,2,0,0,0,738,1,40,0
1990,65,1,0,0,0,0,0,0,0,0
1990,63,2,0,0,0,1,327,3,40,0
1990,40,2,2,0,0,0,0,0,0,0
1990,31,2,3,0,0,0,796,2,8,0
1990,53,1,0,0,0,1,278,1,40,1
1990,49,2,0,0,0,0,276,3,40,0
1990,41,1,0,0,0,0,739,1,40,0
1990,41,2,0,0,0,0,754,4,40,0
1990,19,1,1,0,0,0,684,1,40,0
1990,18,1,1,0,0,0,717,1,35,0
1990,51,1,0,0,0,1,178,3,50,1
1990,46,2,0,0,0,1,0,0,0,0
1990,75,1,1,0,0,1,0,0,0,0
1990,19,2,1,0,0,1,264,3,8,0
1990,40,2,2,1,0,1,159,5,20,0
1990,78,1,3,0,0,0,0,0,0,0
1990,39,1,2,0,0,0,825,2,40,0
1990,51,1,0,1,0,1,628,1,40,0
1990,50,2,0,1,0,1,889,3,40,0
1990,24,2,1,1,0,0,327,3,40,0
1990,38,1,2,1,0,0,777,1,56,0
1990,65,1,0,0,0,0,243,3,53,0
1990,63,2,0,0,0,0,0,0,0,0
1990,42,1,0,1,0,0,706,1,40,0
1990,43,2,0,1,0,0,744,1,40,0
1990,56,2,3,1,0,0,453,4,46,0
1990,35,1,1,1,0,0,563,0,0,0
1990,31,1,1,1,0,0,0,0,0,0
1990,25,1,1,1,0,0,0,0,0,0
1990,55,2,3,1,0,0,628,1,57,0
1990,27,2,1,1,0,1,23,3,42,0
1990,76,1,0,1,0,0,0,0,0,0
1990,69,2,0,1,0,0,0,0,0,0
1990,34,2,3,0,0,0,0,0,0,0
1990,48,1,0,0,0,0,17,3,60,0
1990,47,2,0,0,0,0,379,0,38,0
1990,38,2,0,0,0,1,156,5,30,0
1990,38,1,0,0,0,1,207,5,55,1
1990,37,2,2,0,0,1,156,5,45,0
1990,35,2,3,1,0,1,796,1,40,0
1990,41,1,1,0,2,1,258,1,43,0
1990,30,2,3,0,0,1,235,3,40,0
1990,31,2,3,0,0,0,0,0,0,0
1990,29,1,0,0,0,0,883,1,40,0
1990,25,1,1,0,0,1,889,1,40,0
1990,23,1,1,0,0,1,22,3,40,0
1990,23,1,1,0,0,1,308,1,40,0
1990,28,1,1,1,0,1,577,2,40,0
1990,35,1,0,0,0,0,783,0,40,0
1990,33,2,0,0,0,1,379,1,45,0
1990,33,1,0,0,0,0,507,3,40,0
1990,40,2,0,0,0,0,447,5,40,0
1990,76,1,3,1,0,0,0,0,0,0
1990,27,1,0,3,3,0,785,1,40,0
1990,30,2,0,3,3,0,754,4,40,0
1990,50,2,2,0,0,0,224,1,40,0
1990,31,2,0,0,0,0,316,4,0,0
1990,34,1,0,0,0,0,804,2,70,0
1990,44,1,0,0,0,0,518,1,36,0
1990,45,2,0,0,0,0,276,3,0,0
1990,23,1,1,0,0,0,777,3,45,0
1990,25,1,0,0,0,0,749,1,60,0
1990,25,2,0,0,0,0,754,1,40,0
1990,37,1,2,0,0,1,186,3,40,0
1990,43,2,3,0,0,1,95,5,30,0
1990,36,2,2,0,0,0,224,1,40,0
1990,39,1,0,1,0,0,869,0,40,0
1990,42,2,0,1,0,0,0,0,0,0
1990,20,2,1,1,0,1,276,3,40,0
1990,34,1,0,0,0,1,567,0,40,0
1990,30,2,0,0,0,0,486,0,0,0
1990,27,1,0,0,0,0,759,1,40,0
1990,27,2,0,0,0,0,744,1,40,0
1990,72,1,0,0,0,1,0,0,0,0
1990,79,2,0,0,0,0,313,5,40,0
1990,66,1,0,0,0,0,57,1,0,0
1990,65,2,0,0,0,0,0,0,0,0
1990,47,1,0,0,0,0,544,1,48,0
1990,45,2,0,0,0,1,207,1,40,0
1990,19,1,1,0,0,0,759,4,30,0
1990,45,1,0,0,0,0,804,2,37,0
1990,44,2,0,0,0,0,254,4,8,0
1990,22,1,1,0,0,1,357,6,40,0
1990,20,2,1,0,0,1,208,3,15,0
1990,32,1,2,0,0,1,364,1,44,0
1990,53,1,0,0,0,1,628,1,40,0
1990,53,2,0,0,0,1,0,0,0,0
1990,60,2,0,1,0,1,156,5,15,0
1990,67,1,0,1,0,0,0,0,0,0
1990,73,1,0,0,0,1,0,0,0,0
1990,71,2,0,0,0,1,0,0,0,0
1990,76,2,3,1,0,0,0,0,0,0
1990,67,1,0,0,0,1,0,0,0,0
1990,66,2,0,0,0,0,0,0,0,0
1990,58,1,0,0,0,0,235,4,32,0
1990,53,2,0,0,0,0,779,1,46,0
1990,29,1,1,0,0,0,213,4,40,0
1990,69,1,0,0,0,0,796,1,0,0
1990,68,2,0,0,0,0,796,1,0,0
1990,36,1,1,0,0,0,869,0,40,0
1990,60,2,3,1,0,0,447,5,0,0
1990,19,1,1,1,0,0,444,3,40,0
1990,32,1,0,0,0,1,804,2,43,0
1990,30,2,0,0,0,1,95,5,40,0
1990,75,2,3,1,0,0,0,0,0,0
1990,64,1,0,0,0,1,18,4,0,0
1990,63,2,0,0,0,1,313,4,0,0
1990,39,1,0,0,0,1,259,1,60,0
1990,36,2,0,0,0,0,22,1,45,0
1990,19,1,1,0,0,0,777,1,48,0
1990,26,2,1,0,0,0,666,3,0,0
1990,70,1,0,0,0,0,473,0,8,0
1990,70,2,0,0,0,0,0,0,0,0
1990,42,1,0,1,0,0,547,5,40,0
1990,40,2,0,1,0,1,365,1,40,0
1990,42,1,2,1,0,0,804,1,40,0
1990,24,1,2,0,0,0,575,1,40,0
1990,20,2,1,0,0,0,276,3,40,0
1990,68,1,2,0,0,0,327,3,19,0
1990,32,1,3,0,0,0,303,6,65,0
1990,64,1,3,0,0,0,804,3,32,0
1990,69,1,0,0,0,0,0,0,0,0
1990,71,2,0,0,0,0,0,0,0,0
1990,31,1,2,0,0,0,453,5,40,0
1990,38,1,0,1,0,0,744,1,40,0
1990,36,2,0,1,0,0,453,1,40,0
1990,55,2,2,0,0,0,447,5,40,0
1990,64,1,0,0,0,0,519,1,0,0
1990,61,2,0,0,2,0,444,5,30,0
1990,78,1,0,0,0,0,0,0,0,0
1990,75,2,0,0,0,0,0,0,0,0
1990,63,1,0,0,0,0,263,3,20,0
1990,59,2,0,0,0,0,348,2,40,0
1990,68,1,0,1,0,1,473,0,30,0
1990,58,2,0,1,0,0,0,0,0,0
1990,18,1,1,1,0,0,436,5,40,0
1990,35,2,2,1,0,0,447,5,36,0
1990,24,1,0,0,0,0,243,3,45,0
1990,22,2,0,0,0,1,319,5,0,0
1990,75,2,3,1,0,0,0,0,0,0
1990,60,2,3,1,0,1,157,5,40,0
1990,34,1,0,0,0,0,243,3,50,0
1990,31,2,0,0,0,1,243,3,40,0
1990,49,1,0,1,0,1,749,1,40,0
1990,43,2,0,1,0,1,156,5,7,0
1990,65,1,0,0,0,1,22,1,40,0
1990,64,2,0,0,0,1,313,1,0,0
1990,65,2,2,0,0,0,749,1,30,0
1990,20,1,0,1,0,0,744,1,40,0
1990,19,2,0,1,0,0,276,3,30,0
1990,57,1,0,0,0,0,33,1,50,0
1990,59,2,0,0,0,0,709,1,32,0
1990,30,1,0,0,0,1,737,1,40,0
1990,36,2,0,0,0,1,95,5,41,0
1990,44,1,0,0,0,0,585,0,40,0
1990,47,2,0,0,0,0,744,1,40,0
1990,20,1,1,0,0,0,243,3,15,0
1990,68,2,3,1,0,0,0,0,0,0
1990,45,2,3,1,0,0,447,5,40,0
1990,34,1,0,0,0,0,224,1,48,0
1990,34,2,0,0,0,0,628,1,40,0
1990,49,1,0,0,0,0,804,0,40,0
1990,45,2,0,0,0,0,505,4,40,0
1990,22,2,1,0,0,0,779,1,40,0
1990,80,1,0,0,0,0,0,0,0,0
1990,76,2,0,0,0,0,379,4,37,0
1990,30,2,3,1,0,0,0,0,0,0
1990,63,2,3,1,0,0,0,0,0,0
1990,35,1,1,1,0,0,496,1,40,0
1990,26,1,2,0,0,1,749,1,40,0
1990,51,2,2,0,0,0,436,3,27,0
1990,74,1,0,0,0,0,0,0,0,0
1990,58,2,0,0,0,0,0,0,0,0
1990,69,2,3,0,0,0,748,3,16,0
1990,49,2,1,0,0,0,0,0,0,0
1990,23,1,1,0,0,0,235,0,40,0
1990,67,1,0,0,0,0,628,1,0,0
1990,67,2,0,0,0,0,0,0,0,0
1990,21,2,0,1,0,0,765,1,40,0
1990,31,1,0,1,0,0,883,2,40,0
1990,38,1,0,0,0,1,243,3,50,0
1990,24,2,0,0,0,1,739,1,40,0
1990,55,1,3,1,0,0,766,1,40,0
1990,33,2,1,1,0,0,785,1,40,0
1990,32,2,1,1,0,0,447,5,33,0
1990,31,2,1,1,0,0,276,3,30,0
1990,23,2,1,1,0,0,444,1,40,0
1990,21,2,1,0,0,0,435,3,40,0
1990,23,1,1,0,0,1,64,1,45,0
1990,49,1,0,0,0,1,418,6,40,0
1990,44,2,0,0,0,0,313,1,37,0
1990,18,1,1,0,0,1,274,5,33,0
1990,68,2,0,0,0,1,0,0,0,0
1990,72,1,0,0,0,0,0,0,0,0
1990,41,1,0,0,0,1,53,5,40,0
1990,37,2,0,0,0,1,13,3,45,0
1990,68,2,1,1,1,0,407,4,0,0
1990,35,1,0,0,0,0,558,0,60,1
1990,33,2,0,0,0,0,458,4,20,0
1990,52,1,0,0,0,1,259,3,50,1
1990,45,2,0,0,0,0,274,3,18,0
1990,24,1,1,0,0,1,243,3,40,0
1990,37,1,0,0,0,0,505,4,40,0
1990,32,2,0,0,0,0,276,4,15,0
1990,37,1,0,0,0,1,549,1,40,0
1990,39,2,0,0,0,1,379,2,0,0
1990,49,1,0,0,0,0,216,1,40,0
1990,46,2,0,0,0,1,313,6,35,0
1990,56,1,0,0,0,1,518,1,48,0
1990,53,2,0,0,0,0,0,0,0,0
1990,20,2,1,0,0,1,17,5,40,0
1990,25,1,0,0,0,0,887,4,40,0
1990,24,2,0,0,0,0,276,3,0,0
1990,51,1,0,1,0,0,869,0,40,0
1990,38,2,0,1,0,1,167,5,40,0
1990,37,1,2,0,0,1,259,3,50,1
1990,30,2,1,0,0,0,379,2,38,0
1990,77,1,0,0,0,0,473,0,30,1
1990,77,2,0,0,0,0,0,0,0,0
1990,29,1,2,0,0,0,779,6,0,0
1990,29,2,0,0,0,1,447,5,32,0
1990,30,1,0,0,0,1,575,2,41,0
1990,24,1,1,0,0,0,593,0,60,0
1990,50,2,2,0,0,1,23,5,50,0
1990,46,1,0,0,0,1,255,4,35,0
1990,43,2,0,0,0,1,313,3,40,0
1990,19,2,1,0,0,1,687,3,20,0
1990,31,2,2,0,0,0,17,3,30,0
1990,37,1,2,0,0,1,549,0,40,0
1990,27,1,0,0,0,0,17,3,50,0
1990,25,2,0,0,0,0,885,3,45,0
1990,37,1,2,0,0,0,785,1,45,0
1990,55,1,0,0,0,0,878,1,0,0
1990,32,2,0,0,0,0,337,0,0,0
1990,32,2,2,0,0,0,856,1,48,0
1990,32,1,0,0,0,1,243,3,44,0
1990,26,2,0,0,0,1,243,3,42,0
1990,40,1,0,0,0,1,259,1,40,1
1990,32,2,0,0,0,1,389,4,40,0
1990,62,1,0,0,0,1,179,6,30,0
1990,59,2,0,0,2,0,0,0,0,0
1990,71,1,0,0,0,0,0,0,0,0
1990,61,2,0,0,0,0,0,0,0,0
1990,35,1,1,0,0,0,523,2,45,0
1990,32,1,0,0,0,1,628,1,45,0
1990,31,2,0,0,2,1,628,1,40,0
1990,68,1,0,0,0,0,856,1,0,0
1990,58,2,0,0,0,0,887,1,40,0
1990,49,2,3,0,0,0,777,1,16,0
1990,49,1,2,0,0,0,734,1,40,0
1990,30,1,3,0,0,0,783,1,40,0
1990,27,1,0,0,0,1,13,4,40,0
1990,27,2,0,0,0,1,25,4,40,0
1990,54,2,1,1,0,0,738,1,40,0
1990,38,2,1,1,0,1,449,4,35,0
1990,73,2,3,1,0,0,0,0,0,0
1990,28,1,2,1,0,1,385,3,40,0
1990,37,1,0,1,0,0,218,5,40,0
1990,37,2,0,1,0,0,744,1,32,0
1990,19,2,1,0,0,1,159,5,2,0
1990,43,2,2,0,0,1,95,5,37,0
1990,56,1,0,0,0,1,243,4,40,1
1990,56,2,0,0,0,1,0,0,0,0
1990,67,2,3,0,0,0,0,0,0,0
1990,70,1,0,0,0,0,494,1,2,0
1990,63,2,0,0,0,0,337,1,0,0
1990,68,1,3,0,0,0,0,0,0,0
1990,29,2,2,0,0,1,22,4,40,0
1990,33,1,0,0,0,0,563,0,34,0
1990,25,2,0,0,0,0,0,0,0,0
1990,39,1,0,0,0,0,744,1,40,0
1990,34,2,0,0,0,0,379,3,32,0
1990,28,1,0,0,0,1,156,5,65,0
1990,25,2,0,0,0,1,337,5,40,0
1990,70,2,3,0,0,1,0,0,0,0
1990,33,1,0,1,0,1,777,1,40,0
1990,28,2,0,1,0,1,593,0,40,0
1990,80,2,3,1,0,0,0,0,0,0
1990,52,2,3,1,0,0,407,4,48,0
1990,24,1,1,1,0,0,856,3,35,0
1990,23,1,1,1,0,0,875,2,0,0
1990,40,1,0,0,0,0,567,0,50,0
1990,31,2,0,0,0,1,0,0,0,0
1990,39,1,0,0,0,0,266,3,45,0
1990,37,2,0,0,0,0,313,3,40,0
1990,43,2,0,0,0,0,0,0,0,0
1990,70,1,0,0,0,0,0,0,0,0
1990,72,2,3,0,0,0,0,0,0,0
1990,60,1,1,1,0,0,0,0,0,0
1990,49,1,0,0,0,1,176,5,60,0
1990,46,2,0,0,0,1,156,5,0,0
1990,18,2,1,0,0,0,435,3,10,0
1990,79,2,3,0,0,0,0,0,0,0
1990,60,1,3,1,0,0,0,0,0,0
1990,22,1,0,0,0,0,235,1,44,0
1990,23,2,0,0,0,0,276,3,32,0
1990,23,2,0,0,0,0,313,4,40,0
1990,23,1,0,0,0,0,259,3,55,0
1990,52,1,2,0,0,0,457,4,20,0
1990,34,1,1,0,0,1,56,1,50,0
1990,65,1,0,0,0,1,243,3,30,0
1990,65,2,0,0,0,1,156,5,0,0
1990,28,2,1,0,0,1,156,5,40,0
1990,32,1,1,1,0,1,549,1,40,0
1990,30,2,3,1,0,0,877,0,40,0
1990,34,1,0,1,0,1,549,1,40,0
1990,34,2,0,1,0,1,365,1,40,0
1990,27,1,0,0,0,1,766,1,40,0
1990,24,2,0,0,0,0,185,3,40,0
1990,55,1,0,0,0,0,505,5,45,0
1990,55,2,0,3,0,0,799,3,40,0
1990,61,1,0,0,0,1,473,0,50,0
1990,56,2,0,0,0,1,337,0,15,0
1990,45,2,1,1,0,0,0,0,0,0
1990,53,1,0,0,0,0,806,1,60,0
1990,52,2,0,0,0,0,0,0,0,0
1990,31,1,1,0,0,0,766,1,60,0
1990,21,2,1,0,0,1,274,3,25,0
1990,48,1,1,0,0,0,0,0,0,0
1990,60,1,0,0,0,0,0,0,0,0
1990,62,2,0,0,0,0,0,0,0,0
1990,33,1,0,0,0,0,726,1,40,0
1990,34,2,0,0,0,1,363,1,40,0
1990,52,2,3,0,0,0,303,6,40,0
1990,32,1,3,0,0,1,783,0,60,0
1990,24,2,1,1,0,0,686,1,40,0
1990,73,1,0,0,1,1,84,5,40,1
1990,62,2,0,0,0,1,95,5,0,0
1990,22,1,1,0,0,1,0,0,0,0
1990,20,2,1,0,0,1,0,0,0,0
1990,48,2,2,1,0,0,747,1,40,0
1990,26,1,1,1,0,0,0,0,0,0
1990,32,1,0,0,0,1,628,1,48,0
1990,34,2,0,0,0,0,785,1,40,0
1990,56,1,0,0,0,1,22,1,50,1
1990,55,2,0,0,0,1,156,5,48,0
1990,44,1,0,0,0,1,157,5,42,0
1990,42,2,0,0,0,1,156,5,40,0
1990,65,2,0,1,0,0,0,0,0,0
1990,63,1,0,1,0,0,365,2,40,0
1990,36,2,1,1,0,0,738,1,40,0
1990,64,1,1,1,0,0,0,0,0,0
1990,69,1,0,0,0,1,253,4,30,0
1990,64,2,0,0,0,0,313,4,20,0
1990,54,1,0,1,0,0,473,0,45,0
1990,53,2,0,1,0,0,447,5,40,0
1990,65,1,0,0,0,1,8,1,40,0
1990,66,2,0,0,0,0,0,0,0,0
1990,18,1,1,0,0,0,877,3,8,0
1990,60,2,3,0,0,0,436,3,40,0
1990,26,2,1,0,0,1,744,1,48,0
1990,25,1,1,0,0,0,744,1,48,0
1990,61,1,2,0,0,0,0,0,0,0
1990,72,1,0,0,0,1,59,5,10,1
1990,72,2,0,0,0,0,0,0,0,0
1990,76,1,3,1,0,0,0,0,0,0
1990,42,2,0,1,0,0,449,4,40,0
1990,44,1,0,1,0,0,804,1,45,0
1990,23,1,1,1,0,0,808,5,40,0
1990,21,1,0,1,0,0,486,4,42,0
1990,42,2,0,1,0,0,909,6,0,0
1990,51,2,3,1,0,0,449,4,30,0
1990,24,2,1,1,0,1,449,6,40,0
1990,50,1,3,0,0,0,628,1,40,0
1990,29,2,3,0,0,1,243,3,40,0
1990,27,2,3,1,0,0,436,3,35,0
1990,69,2,3,1,0,0,0,0,0,0
1990,79,2,3,1,0,1,0,0,0,0
1990,39,2,1,1,0,1,308,4,0,0
1990,20,1,1,1,0,1,878,1,25,0
1990,41,2,2,1,0,1,156,5,38,1
1990,80,2,0,0,0,1,0,0,0,0
1990,70,1,0,1,0,0,0,0,0,0
1990,69,2,0,1,0,0,0,0,0,0
1990,69,2,1,1,0,0,0,0,0,0
1990,52,2,3,1,0,0,0,0,0,0
1990,23,2,3,1,0,1,744,1,40,0
1990,50,1,0,1,0,0,447,5,42,0
1990,47,2,0,1,0,0,796,1,40,0
1990,19,2,1,1,0,0,274,3,5,0
1990,69,2,3,0,0,0,0,0,0,0
1990,31,2,0,0,0,0,447,5,40,0
1990,30,1,0,0,0,0,779,1,48,0
1990,68,2,3,1,0,0,0,0,0,0
1990,52,1,0,0,0,0,855,0,40,0
1990,48,2,0,0,0,1,95,6,37,0
1990,19,1,1,0,0,1,274,3,40,0
1990,46,2,3,0,0,0,744,1,40,0
1990,75,2,0,0,0,0,0,0,0,0
1990,33,2,0,0,0,1,156,5,40,0
1990,40,1,0,0,0,0,243,3,50,0
1990,60,1,0,0,0,1,475,0,50,0
1990,58,2,0,0,0,0,0,0,0,0
1990,57,1,0,1,0,0,744,1,40,0
1990,57,2,0,1,0,0,796,1,40,0
1990,28,1,0,0,0,1,59,1,40,0
1990,28,2,0,0,0,0,313,1,40,0
1990,22,1,0,0,0,0,744,1,40,0
1990,22,2,0,0,0,0,308,1,40,0
1990,39,1,0,0,0,0,779,1,40,0
1990,27,2,0,0,0,1,316,5,40,0
1990,66,1,1,0,0,0,0,0,0,0
1990,27,2,1,0,0,0,0,0,0,0
1990,65,1,0,0,0,0,0,0,0,0
1990,60,2,0,0,0,0,0,0,0,0
1990,29,2,1,1,0,0,479,0,80,0
1990,35,1,0,0,0,1,243,3,40,0
1990,36,2,0,0,0,1,337,5,0,0
1990,61,2,3,1,0,0,0,0,0,0
1990,34,2,2,1,0,0,796,1,40,0
1990,33,1,1,1,0,0,708,1,40,0
1990,70,1,0,0,0,0,0,0,0,0
1990,62,2,0,0,0,0,0,0,0,0
1990,58,2,3,0,0,1,95,5,40,0
1990,72,2,3,1,0,1,0,0,0,0
1990,26,1,0,0,0,0,558,0,50,0
1990,25,2,0,0,0,1,95,5,40,0
1990,72,2,3,1,0,0,0,0,0,0
1990,49,1,1,1,0,0,567,0,40,0
1990,30,1,1,1,0,0,0,0,0,0
1990,20,2,1,1,0,0,744,1,40,0
1990,50,1,0,0,0,1,628,1,60,0
1990,43,2,0,0,0,0,313,4,35,0
1990,19,1,1,0,0,1,329,5,15,0
1990,48,1,0,0,0,1,25,4,40,0
1990,46,2,0,0,0,1,0,0,0,0
1990,44,1,0,0,0,1,389,2,40,0
1990,44,2,0,0,0,0,458,3,20,0
1990,21,2,1,0,0,1,22,4,0,0
1990,19,2,1,0,0,0,323,4,24,0
1990,50,1,0,0,0,0,22,2,40,0
1990,47,2,0,0,0,0,22,2,32,0
1990,36,1,0,0,0,1,269,3,50,0
1990,28,2,0,0,0,0,336,4,45,0
1990,67,1,0,0,0,0,453,5,30,0
1990,56,2,0,0,0,0,243,3,66,0
1990,48,1,0,0,0,1,518,1,40,0
1990,45,2,0,0,0,0,313,5,40,0
1990,23,1,1,0,0,1,364,0,30,0
1990,76,2,3,0,0,0,0,0,0,0
1990,63,2,0,1,0,0,174,5,0,0
1990,73,1,0,1,0,0,0,0,0,0
1990,29,1,0,0,0,1,95,5,50,0
1990,27,2,0,0,0,0,466,5,0,0
1990,77,2,2,0,0,0,406,4,40,0
1990,42,1,3,1,0,0,783,1,0,0
1990,34,1,0,1,0,0,883,1,38,0
1990,35,2,0,1,0,0,436,3,40,0
1990,52,1,0,0,0,0,683,1,40,0
1990,42,2,0,0,0,0,319,5,40,0
1990,19,2,1,0,0,1,379,4,37,0
1990,28,1,0,0,0,0,783,1,45,0
1990,26,2,0,0,0,0,276,4,40,0
1990,40,2,3,1,0,0,22,5,40,0
1990,52,2,3,0,0,0,709,1,40,0
1990,22,1,1,0,0,0,0,0,0,0
1990,41,1,2,1,0,0,479,0,8,0
1990,57,1,0,0,0,1,22,1,47,0
1990,54,2,0,0,0,1,157,5,45,0
1990,25,1,1,0,0,1,869,0,35,0
1990,32,2,3,0,0,1,424,6,0,0
1990,32,1,0,0,0,0,518,1,40,0
1990,33,2,0,0,0,0,744,1,40,0
1990,45,2,1,0,0,0,313,5,40,0
1990,68,2,3,0,0,0,0,0,0,0
1990,44,1,1,0,0,0,783,1,30,0
1990,64,2,3,1,0,0,0,0,0,0
1990,23,2,1,1,0,0,276,3,0,0
1990,31,2,1,1,0,0,0,0,0,0
1990,48,1,0,0,0,0,243,4,45,0
1990,43,2,0,0,0,0,259,3,40,0
1990,22,1,1,0,0,0,259,3,50,0
1990,52,1,0,0,0,0,235,3,40,0
1990,37,2,0,0,0,0,436,3,40,0
1990,44,1,0,0,0,1,22,0,60,0
1990,45,2,0,0,0,1,379,1,37,0
1990,21,2,1,0,0,0,379,4,30,0
1990,33,1,0,0,0,0,783,1,40,0
1990,29,2,0,0,0,0,433,5,30,0
1990,67,1,3,0,0,0,0,0,0,0
1990,73,2,3,0,0,0,0,0,0,0
1990,30,1,0,0,0,1,424,6,40,0
1990,29,2,0,0,0,1,156,5,50,0
1990,70,2,3,1,0,0,0,0,0,0
1990,32,1,3,1,0,1,744,1,0,0
1990,29,2,1,1,0,1,386,4,40,0
1990,26,1,1,1,0,1,453,5,45,0
1990,45,2,0,1,0,0,436,3,40,0
1990,45,1,0,1,0,0,0,0,0,0
1990,28,1,3,1,0,0,777,1,0,0
1990,21,1,3,0,0,1,547,6,10,0
1990,73,2,3,0,0,0,276,3,20,0
1990,25,2,1,0,0,1,253,4,37,0
1990,71,2,3,0,0,1,0,0,0,0
1990,76,2,3,0,0,1,0,0,0,0
1990,40,1,0,0,0,1,418,6,86,0
1990,40,2,0,0,0,0,308,5,50,0
1990,19,1,1,0,0,1,479,0,60,0
1990,39,2,3,1,0,0,449,4,40,0
1990,57,1,0,1,0,0,563,0,35,0
1990,50,2,0,1,0,0,744,1,40,0
1990,35,1,0,0,0,1,22,1,60,1
1990,31,2,0,0,0,1,364,6,0,0
1990,66,2,3,0,0,0,0,0,0,0
1990,39,1,2,0,0,0,507,5,32,0
1990,46,1,2,0,0,0,567,0,42,0
1990,35,1,0,0,0,1,23,3,60,0
1990,33,2,0,0,0,0,466,5,40,0
1990,62,2,3,1,0,0,436,4,30,0
1990,23,1,1,1,0,0,804,2,40,0
1990,20,2,1,1,0,0,348,4,30,0
1990,69,1,0,0,0,1,0,0,0,0
1990,68,2,0,0,0,0,0,0,0,0
1990,39,1,0,0,0,1,22,5,50,1
1990,31,2,0,0,0,1,0,0,0,0
1990,71,1,0,0,0,0,6,6,0,0
1990,69,2,0,0,0,0,0,0,0,0
1990,23,1,1,1,0,0,33,4,40,0
1990,21,2,1,1,0,0,436,3,0,0
1990,66,1,0,0,0,1,459,5,30,0
1990,63,2,0,0,0,0,461,2,35,0
1990,28,2,1,1,0,0,156,5,0,0
1990,46,2,2,0,0,0,435,3,25,0
1990,19,2,3,0,0,0,276,3,40,0
1990,27,1,2,0,0,1,427,5,50,0
1990,22,2,2,0,0,1,276,3,20,0
1990,41,1,1,0,0,1,453,4,48,0
1990,34,2,1,0,0,0,447,5,40,0
1990,35,1,3,0,2,1,84,6,80,1
1990,37,1,0,1,0,1,27,6,0,0
1990,33,2,0,1,0,0,383,4,0,0
1990,24,1,0,0,0,1,523,6,40,0
1990,22,2,0,0,0,1,438,3,35,0
1990,25,2,3,0,0,0,434,3,40,0
1990,29,1,1,0,0,0,567,4,40,0
1990,25,2,1,0,0,0,308,6,40,0
1990,23,2,1,3,0,0,308,6,40,0
1990,35,2,2,0,0,1,154,5,45,0
1990,38,1,2,0,0,1,243,3,60,0
1990,68,1,0,0,0,1,274,3,10,0
1990,64,2,0,0,0,1,0,0,0,0
1990,65,1,0,0,0,1,808,2,40,0
1990,61,2,0,0,0,1,0,0,0,0
1990,24,1,1,0,0,0,877,3,18,0
1990,32,1,3,3,0,0,17,4,90,0
1990,75,2,3,0,0,0,439,3,9,0
1990,30,1,2,0,0,1,243,4,42,0
1990,39,1,0,0,0,1,883,6,40,0
1990,40,2,0,0,0,1,243,3,36,0
1990,58,2,2,1,0,1,387,5,60,0
1990,21,2,1,1,0,1,785,5,4,0
1990,76,1,3,1,0,0,0,0,0,0
1990,74,2,0,0,0,0,0,0,0,0
1990,72,1,0,0,0,0,0,0,0,0
1990,65,2,0,0,0,1,0,0,0,0
1990,73,1,0,0,0,1,84,5,0,1
1990,57,1,0,0,0,0,453,5,0,0
1990,54,2,0,0,0,0,276,3,70,0
1990,68,2,3,1,0,0,475,0,35,0
1990,36,1,1,1,0,0,254,4,40,0
1990,29,2,0,1,0,0,449,4,40,0
1990,29,1,0,1,0,0,505,3,30,0
1990,31,1,1,0,0,1,575,4,70,0
1990,21,2,1,1,0,0,449,4,30,0
1990,45,1,1,1,0,1,157,5,40,0
1990,18,1,1,0,0,0,0,0,0,0
1990,68,1,0,0,0,0,0,0,0,0
1990,66,2,0,0,0,0,335,4,26,0
1990,22,1,1,1,0,0,785,1,0,0
1990,53,1,0,0,0,1,473,0,20,0
1990,52,2,0,0,0,1,156,5,0,0
1990,24,2,1,0,0,1,337,2,40,0
1990,68,2,0,0,0,0,0,0,0,0
1990,71,1,0,0,0,0,0,0,0,0
1990,40,1,0,0,0,1,157,5,50,0
1990,36,2,0,0,0,1,95,5,16,0
1990,40,2,3,1,0,0,0,0,0,0
1990,20,2,1,1,0,0,0,0,0,0
1990,19,1,1,1,0,0,0,0,0,0
1990,35,1,0,0,0,0,644,1,40,0
1990,30,2,0,0,0,0,0,0,0,0
1990,68,2,3,0,0,0,744,1,40,0
1990,60,2,3,1,0,0,0,0,0,0
1990,29,2,1,1,0,0,909,6,0,0
1990,70,1,0,0,0,0,783,0,0,0
1990,59,2,0,0,0,0,435,3,0,0
1990,72,1,0,0,0,0,709,0,30,0
1990,68,2,0,0,0,0,0,0,0,0
1990,26,1,0,1,0,1,804,3,36,0
1990,25,2,0,1,0,1,156,5,24,0
1990,58,1,3,1,0,0,0,0,0,0
1990,42,1,0,0,0,1,22,4,60,1
1990,36,2,0,0,0,1,167,5,50,0
1990,62,1,0,1,0,0,503,1,40,0
1990,56,2,0,1,0,0,739,1,40,0
1990,36,1,0,0,0,1,628,1,40,0
1990,32,2,0,0,0,0,313,1,40,0
1990,71,2,3,1,0,0,0,0,0,0
1990,33,2,1,1,0,0,744,1,40,0
1990,46,2,3,1,0,0,785,1,40,0
1990,25,1,1,1,0,0,436,3,40,0
1990,30,2,2,1,0,0,0,0,0,0
1990,60,1,0,1,0,0,558,0,40,0
1990,58,2,0,1,0,0,407,4,40,0
1990,26,1,1,1,0,0,667,1,40,0
1990,33,2,2,1,0,0,744,1,40,0
1990,59,2,3,1,0,0,0,0,0,0
1990,26,1,1,1,0,0,0,0,0,0
1990,35,1,0,1,0,0,804,3,40,0
1990,35,2,0,1,0,0,744,1,40,0
1990,57,1,0,0,0,0,766,1,40,1
1990,52,2,0,0,0,0,0,0,0,0
1990,22,2,1,0,0,0,447,5,40,0
1990,43,2,2,0,0,0,276,3,0,0
1990,21,2,2,0,0,0,435,3,40,0
1990,31,1,1,1,0,0,436,3,40,0
1990,36,1,1,1,0,1,709,1,48,0
1990,36,2,3,0,0,0,749,1,40,0
1990,35,1,0,0,0,0,544,1,40,0
1990,30,2,0,0,0,1,263,3,20,0
1990,36,1,0,0,0,1,243,3,49,0
1990,38,2,0,0,0,1,185,3,45,0
1990,38,1,0,0,0,1,95,5,60,1
1990,29,2,0,0,0,0,274,3,0,0
1990,28,1,0,0,0,1,243,3,40,0
1990,24,2,0,0,0,1,434,2,25,0
1990,75,1,2,0,0,1,567,0,30,0
1990,42,2,1,0,0,1,13,1,50,1
1990,37,1,0,0,0,1,22,0,45,0
1990,33,2,0,0,0,1,7,4,40,0
1990,42,1,0,1,0,0,496,1,40,0
1990,36,2,0,1,0,0,744,1,36,0
1990,45,1,0,0,0,0,473,0,40,0
1990,45,2,0,0,0,0,266,3,40,0
1990,56,1,0,0,0,1,364,2,45,0
1990,57,2,0,0,0,1,379,6,38,0
1990,30,1,1,0,0,0,0,0,0,0
1990,61,2,2,1,0,0,0,0,0,0
1990,43,1,0,1,0,1,754,1,40,0
1990,40,2,0,1,0,0,276,3,40,0
1990,66,1,0,0,0,0,804,2,0,0
1990,69,2,0,0,0,0,0,0,0,0
1990,32,1,0,0,0,0,628,1,40,0
1990,26,2,0,0,0,1,156,5,35,0
1990,22,1,1,0,0,0,453,6,40,0
1990,42,1,0,0,0,1,828,6,60,1
1990,42,2,0,0,0,0,0,0,0,0
1990,19,1,1,0,0,0,444,3,16,0
1990,41,2,2,0,0,0,806,3,40,0
1990,34,1,1,0,0,0,567,0,40,0
1990,68,2,3,0,0,0,0,0,0,0
1990,76,1,0,0,0,0,0,0,0,0
1990,75,2,0,0,0,0,0,0,0,0
1990,50,1,0,0,0,1,555,6,55,1
1990,46,2,0,0,0,1,0,0,0,0
1990,65,2,3,1,0,0,0,0,0,0
1990,34,1,2,1,0,0,599,0,40,0
1990,30,1,1,0,0,1,477,0,50,0
1990,45,1,0,0,0,1,779,6,45,0
1990,47,2,0,0,0,1,348,3,20,0
1990,57,1,0,0,0,1,35,6,40,0
1990,54,2,0,0,0,0,274,3,0,0
1990,58,1,0,0,0,1,154,5,0,0
1990,53,2,0,0,0,0,0,0,0,0
1990,39,1,2,0,0,1,22,0,60,0
1990,42,1,0,0,0,0,507,2,45,0
1990,37,2,0,0,0,0,383,4,40,0
1990,18,2,1,0,0,0,0,0,0,0
1990,45,1,0,0,0,1,23,5,70,0
1990,47,2,0,0,0,0,278,1,12,0
1990,38,1,2,0,0,1,869,0,60,0
1990,34,1,0,0,0,1,22,0,50,0
1990,37,2,0,0,0,0,313,5,0,0
1990,62,1,0,0,0,0,804,2,50,1
1990,64,2,0,0,0,0,0,0,0,0
1990,77,2,3,0,0,0,0,0,0,0
1990,27,1,1,0,0,0,804,5,40,0
1990,26,2,1,1,0,1,423,6,50,0
1990,22,2,1,1,0,0,575,1,40,0
1990,27,1,1,1,0,0,585,0,40,0
1990,55,1,0,0,0,1,56,0,40,0
1990,51,2,0,0,0,1,23,1,40,0
1990,69,1,0,0,0,0,0,0,0,0
1990,65,2,0,0,0,0,0,0,0,0
1990,66,1,0,0,0,0,22,0,50,0
1990,62,2,0,0,0,0,337,0,0,0
1990,56,1,0,1,0,0,0,0,0,0
1990,52,2,0,1,0,0,407,4,20,0
1990,34,1,2,1,0,0,567,0,50,0
1990,25,1,1,1,0,0,364,1,40,0
1990,46,2,2,1,0,0,0,0,0,0
1990,56,1,0,0,0,1,453,5,40,0
1990,53,2,0,0,0,0,436,1,16,0
1990,31,1,2,0,0,1,229,4,40,0
1990,39,2,2,0,0,1,447,5,0,0
1990,31,1,2,0,0,1,687,3,50,0
1990,56,1,0,1,0,0,453,3,20,0
1990,50,2,0,1,0,0,453,5,40,0
1990,25,1,1,1,0,1,443,4,30,0
1990,27,1,1,1,0,0,453,3,16,0
1990,41,1,0,0,0,1,549,6,55,0
1990,35,2,0,0,0,1,313,5,40,0
1990,27,2,1,1,0,1,276,3,40,0
1990,46,1,0,0,0,0,785,1,40,0
1990,42,2,0,0,0,1,155,5,40,0
1990,18,2,1,0,0,1,337,3,40,0
1990,41,1,0,0,0,0,508,6,40,0
1990,41,2,0,0,0,1,363,5,40,0
1990,54,1,0,0,0,0,243,3,40,0
1990,50,2,0,0,0,0,0,0,0,0
1990,31,1,3,0,0,0,573,0,40,0
1990,29,1,1,0,0,0,573,0,40,0
1990,27,2,1,0,0,0,453,4,25,0
1990,24,2,1,0,0,0,243,5,30,0
1990,32,1,1,0,0,1,176,6,50,1
1990,24,2,0,0,0,1,217,0,0,0
1990,26,1,0,0,0,0,833,6,50,0
1990,47,1,0,0,0,0,595,0,60,0
1990,30,2,0,0,0,0,22,1,50,0
1990,30,1,0,0,0,0,22,0,60,0
1990,31,2,0,0,0,1,243,3,48,0
1990,57,2,3,0,0,0,0,0,0,0
1990,51,1,0,0,0,0,503,4,40,0
1990,51,2,0,0,0,0,0,0,0,0
1990,32,1,0,0,0,1,228,6,60,0
1990,30,2,0,0,0,1,445,5,40,0
1990,23,1,0,0,0,1,503,3,45,0
1990,22,2,0,0,0,0,268,3,40,0
1990,20,1,0,0,0,0,534,3,40,0
1990,20,2,0,0,0,1,379,3,40,0
1990,48,1,0,3,3,1,17,3,50,1
1990,43,2,0,0,0,0,889,3,30,0
1990,27,1,1,0,0,0,21,5,30,0
1990,35,1,0,0,0,0,365,6,50,0
1990,33,2,0,0,0,1,0,0,0,0
1990,27,1,0,0,0,1,833,6,60,0
1990,30,2,0,0,0,0,365,5,60,0
1990,42,1,3,3,3,1,365,6,40,0
1990,63,1,2,0,0,0,777,1,40,0
1990,24,2,2,0,0,0,354,2,40,0
1990,28,1,0,1,0,0,597,0,40,0
1990,28,2,0,1,0,0,808,5,40,0
1990,27,1,0,0,0,0,889,1,50,0
1990,25,2,0,0,0,1,447,5,20,0
1990,44,2,2,0,0,0,0,0,0,0
1990,55,1,0,3,0,0,18,4,48,0
1990,50,2,0,0,2,0,449,5,40,0
1990,22,1,0,0,0,0,523,6,40,0
1990,20,2,0,0,0,1,276,3,30,0
1990,30,1,0,0,0,1,637,1,40,0
1990,24,2,0,0,0,0,337,5,40,0
1990,35,1,0,0,0,0,579,0,45,0
1990,36,2,0,0,0,0,22,4,40,0
1990,41,1,1,1,0,0,453,5,40,0
1990,27,1,0,1,0,1,833,6,40,0
1990,27,2,0,1,0,1,313,3,40,0
1990,36,2,2,0,0,1,313,4,40,0
1990,28,1,0,1,0,1,904,6,40,0
1990,34,2,0,1,0,1,228,6,0,0
1990,80,1,0,0,0,0,0,0,0,0
1990,76,2,0,0,0,0,0,0,0,0
1990,25,1,0,0,0,0,575,1,80,0
1990,23,2,0,0,0,0,453,4,20,0
1990,19,1,1,0,0,0,904,6,40,0
1990,26,1,0,1,0,0,379,6,99,0
1990,24,2,0,1,0,0,276,3,30,0
1990,64,1,1,0,0,0,696,1,0,0
1990,42,2,3,1,0,0,436,3,40,0
1990,59,1,0,0,0,0,22,0,40,0
1990,59,2,0,0,0,0,0,0,0,0
1990,25,2,3,1,0,0,734,1,0,0
1990,60,1,2,0,0,0,505,3,45,0
1990,72,1,0,0,0,0,783,0,32,0
1990,59,2,0,0,0,0,0,0,0,0
1990,75,1,0,0,0,0,0,0,0,0
1990,71,2,0,0,0,0,0,0,0,0
1990,65,2,0,0,0,0,0,0,0,0
1990,66,1,0,0,0,0,0,0,0,0
1990,44,1,1,0,0,0,0,0,0,0
1990,33,2,1,0,0,1,0,0,0,0
1990,23,1,3,0,0,1,575,6,60,0
1990,26,1,3,0,0,1,243,6,99,0
1990,22,1,1,0,0,0,274,6,22,0
1990,25,1,1,0,0,1,328,6,11,0
1990,22,1,1,0,0,1,829,6,60,0
1990,30,1,1,1,0,0,453,4,40,0
1990,75,1,0,1,0,0,889,1,27,0
1990,65,2,0,1,0,0,0,0,0,0
1990,29,1,1,1,0,0,364,1,0,0
1990,23,2,1,1,0,1,197,4,40,0
1990,25,2,1,1,0,1,23,1,40,0
1990,75,1,0,0,2,1,84,5,60,1
1990,80,2,0,0,2,1,0,0,0,0
1990,46,2,2,0,0,1,313,4,30,0
1990,18,1,1,0,0,1,436,3,30,0
1990,21,2,1,1,0,1,435,3,25,0
1990,41,2,1,0,0,1,156,5,45,0
1990,35,2,1,1,0,1,785,1,20,0
1990,19,2,1,1,0,1,0,0,0,0
1990,24,2,3,1,0,0,449,4,40,0
1990,51,1,1,0,0,0,0,0,0,0
1990,30,2,2,1,0,1,317,4,32,0
1990,21,2,1,1,0,1,276,3,30,0
1990,18,1,1,0,0,1,22,5,30,0
1990,19,1,1,0,2,1,903,6,30,0
1990,79,2,3,0,0,0,0,0,0,0
1990,47,1,0,0,0,1,796,1,40,0
1990,48,2,0,0,0,1,304,6,40,0
1990,62,2,3,0,0,1,328,6,40,0
1990,48,1,0,0,0,0,458,4,30,0
1990,40,1,0,0,0,0,579,3,40,0
1990,23,1,0,0,0,1,213,6,40,0
1990,25,2,0,0,0,1,18,4,40,0
1990,26,2,0,0,0,1,229,0,40,0
1990,26,1,0,0,0,1,95,5,25,0
1990,54,2,3,0,0,0,17,3,50,0
1990,23,1,1,0,0,0,435,3,50,0
1990,29,1,0,1,0,1,724,1,40,0
1990,25,2,0,1,0,1,264,3,32,0
1990,45,1,1,1,0,1,22,1,48,0
1990,39,2,3,0,0,1,204,5,42,0
1990,47,2,3,1,0,0,15,5,40,0
1990,21,1,1,1,0,0,889,4,40,0
1990,65,1,0,0,0,1,95,5,0,0
1990,65,2,0,0,0,1,0,0,0,0
1990,74,2,3,1,0,0,0,0,0,0
1990,35,2,2,0,0,0,313,0,40,0
1990,31,1,1,0,0,1,178,6,40,0
1990,28,2,1,0,0,1,315,5,20,0
1990,40,1,0,0,0,1,253,4,40,0
1990,39,2,0,0,0,1,337,3,40,0
1990,37,1,0,1,0,0,505,4,8,0
1990,35,2,0,1,0,1,329,5,40,0
1990,65,2,0,0,0,1,0,0,0,0
1990,67,1,0,0,0,1,22,1,0,0
1990,64,1,0,1,0,0,869,0,40,0
1990,62,2,0,1,0,0,467,5,40,0
1990,33,2,1,1,0,0,254,4,40,0
1990,20,2,1,1,0,0,808,5,30,0
1990,63,2,1,1,0,0,0,0,0,0
1990,30,2,1,1,0,0,436,5,0,0
1990,60,2,3,1,0,0,436,3,0,0
1990,51,2,1,1,0,0,748,5,0,0
1990,20,1,0,0,0,0,496,1,55,0
1990,21,2,0,0,0,0,264,3,40,0
1990,61,1,3,1,0,0,0,0,0,0
1990,46,1,0,0,0,1,595,0,40,0
1990,42,2,0,0,0,1,156,5,38,0
1990,36,1,2,0,0,1,89,5,20,0
1990,78,2,3,1,0,0,0,0,0,0
1990,33,1,1,1,0,0,529,2,40,0
1990,46,1,0,0,0,1,83,5,50,1
1990,44,2,0,0,0,1,156,5,20,0
1990,32,2,2,0,0,0,458,4,40,0
1990,64,1,2,0,0,1,274,3,20,0
1990,30,1,0,0,0,1,508,2,40,0
1990,29,2,0,0,0,1,95,5,40,0
1990,42,2,3,1,0,1,387,5,13,0
1990,62,1,0,0,0,1,133,5,55,1
1990,65,2,0,0,0,1,0,0,0,0
1990,27,1,1,0,0,1,336,1,20,0
1990,45,2,2,0,0,1,243,3,40,0
1990,42,1,0,0,0,0,735,1,40,0
1990,37,2,0,0,0,0,387,5,30,0
1990,71,2,3,0,0,0,0,0,0,0
1990,29,1,2,0,0,1,84,5,70,1
1990,38,1,0,1,0,0,875,2,40,0
1990,32,2,0,1,0,0,313,5,20,0
1990,29,1,0,1,0,0,455,4,40,0
1990,27,2,0,1,0,0,0,0,0,0
1990,20,1,1,1,0,0,785,1,40,0
1990,43,1,2,1,0,0,0,0,0,0
1990,33,1,0,0,0,0,549,1,40,0
1990,31,2,0,0,0,0,804,2,40,0
1990,32,2,1,0,0,1,628,1,40,0
1990,39,1,0,0,0,1,696,5,40,0
1990,38,2,0,0,0,0,313,5,40,0
1990,18,1,1,0,0,0,887,4,20,0
1990,42,2,1,0,4,1,84,5,50,0
1990,66,1,0,0,0,0,0,0,0,0
1990,65,2,0,0,0,0,0,0,0,0
1990,52,2,2,0,0,0,95,4,72,0
1990,79,2,3,0,3,1,0,0,0,0
1990,67,2,3,0,0,0,0,0,0,0
1990,23,1,0,0,0,0,505,3,40,0
1990,21,2,0,0,0,1,315,4,40,0
1990,55,1,0,0,0,1,0,0,0,0
1990,50,2,0,0,0,0,278,1,50,0
1990,62,1,0,0,0,0,558,0,25,0
1990,64,2,0,0,0,0,0,0,0,0
1990,64,1,3,1,0,1,22,5,0,0
1990,45,2,0,0,0,1,458,4,20,0
1990,47,1,0,0,0,1,547,2,40,0
1990,78,2,3,0,0,0,0,0,0,0
1990,21,1,1,0,0,0,883,1,45,0
1990,20,1,1,0,0,0,743,1,40,0
1990,36,1,0,1,0,1,307,1,40,0
1990,35,2,0,1,0,1,387,5,35,0
1990,70,1,0,0,0,0,503,6,0,0
1990,71,2,0,0,0,0,0,0,0,0
1990,62,1,0,0,2,0,676,2,55,0
1990,65,2,0,0,2,0,365,1,58,0
1990,26,1,1,1,0,0,417,6,48,0
1990,72,1,0,0,0,0,0,0,0,0
1990,71,2,0,0,2,1,95,5,0,0
1990,31,1,0,0,0,1,18,4,45,0
1990,29,2,0,0,0,1,65,4,40,1
1990,37,2,2,1,0,0,453,4,8,0
1990,19,1,1,1,0,0,486,5,40,0
1990,18,2,1,1,0,0,0,0,0,0
1990,44,1,0,0,0,0,22,6,40,0
1990,43,2,0,0,0,0,5,6,40,0
1990,62,2,3,0,0,0,467,5,30,0
1990,23,1,1,0,0,1,274,3,40,0
1990,18,1,1,0,0,0,889,3,15,0
1990,33,1,0,0,0,1,197,6,48,0
1990,33,2,0,0,0,1,95,5,44,0
1990,25,1,1,1,0,1,505,6,45,0
1990,33,2,2,1,0,1,503,6,40,0
1990,31,2,2,0,0,1,95,5,0,0
1990,26,1,2,0,0,1,27,6,55,0
1990,18,1,1,0,0,0,904,6,30,0
1990,20,1,1,0,0,0,523,6,40,0
1990,19,1,1,0,0,0,904,6,99,0
1990,20,1,2,0,0,0,905,6,50,0
1990,25,1,3,0,0,1,547,6,50,0
1990,56,2,3,0,0,1,0,0,0,0
1990,66,1,0,0,2,1,0,0,0,1
1990,68,2,0,0,0,1,0,0,0,0
1990,63,1,0,0,2,0,0,0,0,0
1990,67,2,0,0,0,0,0,0,0,0
1990,46,1,2,1,0,1,159,5,45,0
1990,40,2,2,0,0,1,234,5,40,0
1990,65,1,0,0,0,1,217,1,55,0
1990,60,2,0,0,0,0,0,0,0,0
1990,35,1,0,1,0,0,785,4,40,0
1990,39,2,0,1,0,1,315,5,40,0
1990,19,1,1,1,0,1,877,3,40,0
1990,18,1,1,1,0,0,877,3,40,0
1990,70,1,0,0,0,1,0,0,0,1
1990,69,2,0,0,0,1,0,0,0,0
1990,34,1,1,0,0,1,436,4,45,0
1990,77,1,0,0,0,1,796,4,18,0
1990,77,2,0,0,0,1,0,0,0,0
1990,76,1,0,0,0,1,0,0,0,1
1990,74,2,0,0,0,1,0,0,0,1
1990,58,1,0,0,0,1,276,3,41,0
1990,44,2,0,0,0,1,22,1,41,0
1990,58,1,0,0,0,1,23,3,40,1
1990,56,2,0,0,0,0,276,3,40,0
1990,45,1,2,0,0,1,567,0,70,0
1990,21,2,1,0,0,0,777,3,50,0
1990,67,2,3,1,0,0,449,5,40,0
1990,43,1,1,1,0,0,0,0,0,0
1990,24,1,1,1,0,0,866,0,40,0
1990,27,1,1,1,0,1,595,0,0,0
1990,24,2,1,0,0,1,156,5,40,0
1990,74,2,0,0,0,0,0,0,0,0
1990,80,1,0,0,0,0,0,0,0,0
1990,18,1,1,1,0,0,567,0,10,0
1990,71,1,0,0,0,0,0,0,0,0
1990,60,2,0,0,0,0,0,0,0,0
1990,30,1,0,0,0,0,308,1,40,0
1990,21,2,0,0,0,0,0,0,0,0
1990,40,2,3,1,0,0,738,1,0,0
1990,19,2,1,1,0,0,0,0,0,0
1990,65,1,3,1,0,0,0,0,0,0
1990,31,1,1,1,0,0,859,1,40,0
1990,61,1,0,0,0,0,59,6,60,0
1990,72,2,0,0,0,0,0,0,0,0
1990,48,1,0,0,0,0,756,1,40,0
1990,62,2,0,0,0,0,276,3,0,0
1990,44,1,0,0,0,1,22,6,45,0
1990,32,2,0,0,0,0,313,4,0,0
1990,58,1,0,0,0,0,754,1,40,0
1990,55,2,0,0,0,0,0,0,0,0
1990,69,1,0,0,0,0,0,0,0,0
1990,67,2,0,0,0,0,0,0,0,0
1990,36,2,1,1,0,0,636,1,40,0
1990,76,1,0,0,0,0,0,0,0,0
1990,75,2,0,0,0,0,0,0,0,0
1990,30,2,1,1,0,0,0,0,0,0
1990,53,1,1,0,0,0,856,0,50,0
1990,47,1,3,1,0,0,579,0,0,0
1990,27,2,1,1,0,0,453,4,0,0
1990,58,1,0,1,0,0,505,3,7,0
1990,55,2,0,1,0,0,744,1,40,0
1990,19,1,1,1,0,0,0,0,0,0
1990,65,2,0,1,0,0,449,4,40,0
1990,67,1,0,1,0,0,436,5,10,0
1990,43,2,1,1,0,0,0,0,0,0
1990,67,2,1,1,0,0,0,0,0,0
1990,28,1,1,1,0,0,785,1,40,0
1990,19,2,1,1,0,0,359,6,25,0
1990,59,1,0,0,0,1,473,0,50,0
1990,46,2,0,0,0,1,379,4,40,0
1990,18,2,1,0,0,0,435,3,30,0
1990,21,2,1,0,0,0,435,3,50,0
1990,24,2,0,0,0,0,509,1,40,0
1990,29,1,0,0,0,1,856,2,40,0
1990,57,2,0,1,0,0,744,1,40,0
1990,60,1,0,1,0,0,883,1,40,0
1990,28,1,1,1,0,1,453,1,40,0
1990,64,1,0,1,0,0,426,1,30,0
1990,60,2,0,1,0,0,0,0,0,0
1990,35,1,0,1,0,0,567,0,50,0
1990,30,2,0,1,0,0,796,1,40,0
1990,28,1,0,1,0,0,373,1,40,0
1990,24,2,0,1,0,0,744,1,30,0
1990,19,2,1,1,0,0,785,1,40,0
1990,32,2,0,0,0,1,348,2,37,0
1990,30,1,0,0,0,0,567,1,45,0
1990,28,2,1,0,0,0,0,0,0,0
1990,47,1,0,1,0,1,715,1,40,0
1990,46,2,0,1,0,1,14,5,35,0
1990,55,2,3,1,0,0,407,4,60,0
1990,29,1,1,1,0,0,453,1,65,0
1990,28,1,1,1,0,0,0,0,0,0
1990,27,1,1,1,0,0,479,0,40,0
1990,68,1,2,0,0,1,178,5,0,0
1990,38,2,0,1,0,1,157,5,40,0
1990,45,1,0,1,0,1,17,3,50,0
1990,61,1,0,0,0,1,274,3,40,0
1990,57,2,0,0,0,1,338,6,20,0
1990,30,2,1,1,0,0,0,0,0,0
1990,37,1,2,1,0,0,804,0,0,0
1990,19,2,1,1,0,0,276,3,25,0
1990,49,1,2,1,0,0,453,5,40,0
1990,34,1,0,0,0,1,243,3,45,0
1990,32,2,0,0,2,1,156,5,45,0
1990,74,1,0,0,0,0,0,0,0,0
1990,64,2,0,0,0,0,888,1,40,0
1990,52,2,3,1,0,1,449,5,40,0
1990,29,2,1,1,0,0,453,1,40,0
1990,27,1,3,1,0,0,785,1,45,0
1990,57,2,3,1,0,0,453,6,40,0
1990,27,1,3,1,0,1,628,1,40,0
1990,29,2,3,1,0,1,885,3,45,0
1990,62,2,3,0,0,0,277,3,25,0
1990,37,1,0,0,0,0,567,0,40,0
1990,27,2,0,0,0,0,744,1,40,0
1990,75,1,0,0,0,0,0,0,0,0
1990,75,2,0,0,0,0,0,0,0,0
1990,29,2,1,1,0,1,628,1,0,0
1990,24,1,1,1,0,0,366,2,40,0
1990,65,2,1,0,0,1,458,4,40,0
1990,65,1,0,0,0,0,359,6,48,0
1990,60,2,0,0,0,0,0,0,0,0
1990,66,1,0,0,0,1,84,5,0,0
1990,60,2,0,0,0,1,22,5,0,0
1990,72,2,3,0,0,0,467,5,24,0
1990,47,1,3,1,0,0,777,1,40,0
1990,74,1,0,0,0,0,475,0,0,0
1990,72,2,0,0,0,0,0,0,0,0
1990,41,2,2,1,0,1,329,5,28,0
1990,29,2,0,1,0,1,227,6,40,0
1990,28,1,0,1,0,1,904,6,45,0
1990,43,2,1,0,0,1,313,3,40,0
1990,43,1,0,1,0,0,779,1,40,0
1990,45,2,0,1,0,0,779,1,40,0
1990,18,2,1,1,0,0,436,3,18,0
1990,28,1,0,0,0,1,226,6,40,0
1990,32,2,0,0,2,1,103,5,40,0
1990,56,2,1,1,0,1,159,6,20,0
1990,41,1,3,0,0,1,226,6,45,1
1990,40,1,3,0,0,0,547,6,40,0
1990,31,1,3,0,0,1,365,6,40,0
1990,34,1,3,0,0,1,503,6,45,0
1990,33,2,2,0,0,1,22,6,45,0
1990,37,1,0,1,0,0,904,6,40,0
1990,36,2,0,1,0,0,0,0,0,0
1990,56,2,2,1,0,0,407,4,36,0
1990,66,1,0,1,0,0,0,0,0,0
1990,76,2,0,1,0,0,0,0,0,0
1990,55,2,0,0,0,0,313,1,40,0
1990,59,1,0,0,0,0,779,1,40,0
1990,50,1,0,0,0,1,417,6,80,0
1990,43,2,0,0,0,1,337,4,40,0
1990,50,2,1,1,0,0,0,0,0,0
1990,26,2,1,1,0,1,0,0,0,0
1990,27,1,0,0,0,1,106,5,60,0
1990,26,2,0,0,0,1,159,5,0,0
1990,48,2,1,1,0,0,156,5,25,0
1990,31,2,2,0,0,0,744,1,61,0
1990,47,1,2,0,0,0,567,0,40,0
1990,31,1,0,1,0,0,783,1,40,0
1990,28,2,0,1,0,0,0,0,0,0
1990,29,1,0,1,0,0,595,0,50,0
1990,26,2,0,1,0,0,0,0,0,0
1990,38,2,1,1,0,0,468,5,40,0
1990,20,2,1,1,0,1,276,3,20,0
1990,38,1,0,3,0,1,804,3,50,0
1990,29,2,0,0,0,1,95,5,36,0
1990,50,2,2,0,0,0,276,5,38,0
1990,18,2,1,0,0,0,276,3,40,0
1990,32,2,1,1,0,1,174,6,0,0
1990,68,2,2,1,0,0,0,0,0,0
1990,37,1,0,1,0,0,785,1,40,0
1990,37,2,0,1,0,0,777,3,40,0
1990,31,1,0,0,0,0,869,0,40,0
1990,27,2,0,0,0,0,436,3,27,0
1990,42,1,0,0,0,0,243,3,48,0
1990,42,2,0,0,0,0,0,0,0,0
1990,42,1,3,0,0,1,208,2,40,0
1990,18,1,1,0,0,0,276,3,40,0
1990,43,1,1,1,0,0,869,0,40,0
1990,40,1,0,1,0,1,804,2,60,0
1990,29,2,0,1,0,1,156,5,40,0
1990,57,1,0,1,0,0,448,4,99,0
1990,57,2,0,1,0,0,0,0,0,0
1990,27,1,1,1,0,0,453,5,40,0
1990,33,1,0,1,0,1,599,0,40,0
1990,33,2,0,1,0,1,378,6,37,0
1990,41,1,0,1,0,0,783,0,40,0
1990,38,2,0,1,0,1,336,4,40,0
1990,19,1,1,1,0,0,486,0,4,0
1990,47,1,2,1,0,0,573,1,40,0
1990,77,2,3,0,0,0,0,0,0,0
1990,21,2,1,1,0,1,227,6,10,0
1990,37,1,0,1,0,1,575,0,40,0
1990,30,2,0,1,0,1,453,4,40,0
1990,30,1,0,0,0,1,418,6,50,0
1990,29,2,0,0,0,1,313,6,37,0
1990,74,2,3,0,0,1,0,0,0,0
1990,20,2,1,1,0,1,276,3,30,0
1990,67,1,3,1,0,0,0,0,0,0
1990,67,2,3,1,0,0,407,4,0,0
1990,34,1,1,1,0,0,687,6,40,0
1990,41,1,3,0,0,1,453,6,42,0
1990,76,2,3,0,0,1,0,0,0,0
1990,20,1,1,0,0,1,266,3,40,0
1990,20,2,1,0,0,1,379,5,40,0
1990,41,1,0,1,0,0,567,0,40,0
1990,39,2,0,0,0,0,466,5,0,0
1990,48,2,0,0,0,1,156,5,40,0
1990,53,1,0,0,4,1,253,4,50,1
1990,21,2,1,0,0,1,225,5,6,0
1990,23,2,1,0,0,1,406,4,40,0
1990,44,2,0,0,0,1,276,3,25,0
1990,50,1,0,0,0,1,254,4,50,1
1990,26,1,0,0,0,1,22,0,45,0
1990,26,2,0,0,0,1,86,0,45,0
1990,35,2,3,1,0,1,313,4,35,0
1990,69,1,0,0,0,0,0,0,0,0
1990,65,2,0,0,0,0,0,0,0,0
1990,26,1,2,0,0,0,549,6,40,1
1990,44,2,1,0,0,1,167,5,40,0
1990,35,1,0,0,0,1,154,5,50,1
1990,37,2,0,0,0,1,7,4,40,1
1990,22,2,1,0,0,0,0,0,0,0
1990,29,1,1,0,0,1,514,4,43,0
1990,32,2,1,1,0,1,23,5,37,0
1990,28,1,3,1,0,1,869,0,40,0
1990,57,1,0,1,0,0,426,4,45,0
1990,43,2,0,1,0,1,25,4,40,0
1990,21,1,1,1,0,1,0,0,0,0
1990,59,2,3,1,0,0,207,5,72,0
1990,50,1,0,1,0,1,379,5,40,0
1990,48,2,0,1,0,0,276,3,40,0
1990,23,1,1,1,0,1,354,2,0,0
1990,21,1,1,1,0,1,0,0,0,0
1990,32,2,1,1,0,0,458,4,40,0
1990,61,2,3,1,0,1,14,5,0,0
1990,42,1,2,1,0,0,453,0,40,0
1990,56,1,0,0,0,1,0,0,0,0
1990,55,2,0,0,0,1,447,5,40,0
1990,71,1,0,0,0,1,185,1,30,0
1990,68,2,0,0,0,0,458,4,15,0
1990,41,1,0,0,0,0,869,0,60,0
1990,40,2,0,0,0,0,356,4,20,0
1990,56,1,3,0,0,0,19,4,60,0
1990,65,1,0,0,0,1,154,5,0,0
1990,65,2,0,0,0,1,0,0,0,0
1990,34,1,0,1,0,0,804,2,40,0
1990,33,2,0,1,0,0,447,6,40,0
1990,68,2,2,0,0,0,164,5,8,0
1990,54,1,0,0,0,0,159,6,60,0
1990,48,2,0,0,0,0,243,3,60,0
1990,25,2,2,0,0,0,0,0,0,0
1990,20,1,1,2,0,1,225,6,40,0
1990,19,1,1,2,0,1,505,6,14,0
1990,20,1,1,1,0,0,379,6,7,0
1990,18,1,1,1,0,0,523,6,40,0
1990,23,2,3,0,0,1,905,6,40,0
1990,28,1,0,1,0,1,418,6,56,0
1990,24,2,0,0,0,1,313,5,0,0
1990,28,1,0,0,0,0,453,4,40,0
1990,30,2,0,0,0,0,7,4,40,0
1990,65,1,2,0,0,0,0,0,0,0
1990,41,1,0,0,2,1,485,5,40,0
1990,41,2,0,0,2,1,155,5,30,0
1990,39,2,2,1,0,1,24,3,40,0
1990,29,1,1,0,0,0,235,4,40,0
1990,69,2,3,0,0,0,909,6,0,0
1990,29,1,1,1,0,0,869,0,42,0
1990,59,1,0,0,0,1,696,1,0,0
1990,55,2,0,0,0,0,0,0,0,0
1990,24,1,1,0,0,0,263,3,20,0
1990,33,1,0,1,0,0,803,1,40,0
1990,31,2,0,1,0,0,156,5,40,0
1990,30,2,2,0,0,0,744,1,40,0
1990,62,2,3,1,0,1,164,5,0,0
1990,33,1,2,1,0,0,786,1,40,0
1990,32,1,0,0,0,1,433,3,55,0
1990,32,2,0,0,0,1,275,4,40,0
1990,45,1,0,0,0,1,56,1,40,1
1990,30,2,0,0,0,0,243,3,0,0
1990,25,1,1,0,0,1,23,2,40,0
1990,22,1,1,0,0,1,259,1,41,0
1990,51,1,2,0,0,0,22,0,65,0
1990,31,1,0,0,0,0,17,3,60,0
1990,29,2,0,0,0,0,155,5,40,0
1990,49,1,0,3,3,1,73,1,50,0
1990,50,2,0,3,3,1,23,3,40,0
1990,19,2,1,3,0,0,235,5,8,0
1990,35,2,2,0,0,0,466,5,50,0
1990,58,1,3,0,0,1,0,0,0,0
1990,44,1,0,0,0,1,21,5,60,1
1990,37,2,0,0,0,0,235,5,20,0
1990,32,1,0,0,0,1,65,4,40,0
1990,28,2,0,0,0,0,22,3,45,0
1990,43,2,2,0,0,1,22,5,37,0
1990,30,1,0,1,0,0,486,0,40,0
1990,31,2,0,1,0,1,203,5,40,0
1990,28,2,3,1,0,0,444,5,20,0
1990,36,1,0,1,0,1,308,4,40,0
1990,37,2,0,1,0,1,348,2,38,0
1990,39,1,0,0,0,1,156,5,43,0
1990,44,2,0,0,0,1,156,5,20,0
1990,36,1,2,0,0,1,486,5,0,0
1990,27,2,3,1,0,1,37,5,40,0
1990,31,1,0,1,0,0,547,5,52,0
1990,31,2,0,1,0,1,67,5,52,0
1990,29,1,3,1,0,1,0,0,0,0
1990,37,2,3,0,0,0,439,6,48,0
1990,30,1,3,0,0,0,875,2,0,0
1990,71,2,3,0,0,1,305,0,0,0
1990,62,1,0,0,0,0,514,3,40,0
1990,49,2,0,0,0,0,364,3,40,0
1990,57,1,0,0,0,0,473,0,50,1
1990,55,2,0,0,0,0,313,5,36,0
1990,48,1,0,0,0,0,0,0,0,0
1990,40,2,0,0,0,0,0,0,0,0
1990,31,1,0,0,0,0,217,1,40,0
1990,31,2,0,0,0,0,313,5,40,0
1990,33,1,0,0,0,0,869,0,40,0
1990,33,2,0,0,0,1,313,5,40,0
1990,75,1,0,0,0,0,0,0,0,0
1990,70,2,0,0,0,0,0,0,0,0
1990,27,1,0,0,0,0,585,1,50,0
1990,21,2,0,0,0,0,407,4,0,0
1990,49,1,0,0,0,0,418,6,65,0
1990,36,2,0,0,0,0,313,4,40,0
1990,55,2,2,0,0,0,276,4,40,0
1990,35,1,0,0,0,1,159,1,40,0
1990,33,2,0,0,0,1,156,5,40,0
1990,49,1,2,0,0,0,567,0,45,0
1990,40,1,0,0,0,0,534,3,40,0
1990,42,2,0,0,0,0,357,2,0,0
1990,54,2,3,0,0,0,335,5,0,0
1990,41,1,0,0,0,1,96,3,42,0
1990,25,2,0,0,0,0,327,3,0,0
1990,23,1,0,0,0,0,575,0,40,0
1990,23,2,0,0,0,1,435,3,25,0
1990,29,1,0,0,0,0,223,3,40,0
1990,27,2,0,0,0,0,17,3,50,0
1990,47,2,2,0,0,1,22,5,70,1
1990,40,1,0,0,0,1,25,5,45,1
1990,42,2,0,0,0,1,387,5,12,0
1990,68,1,0,0,0,0,418,6,40,0
1990,66,2,0,0,0,0,0,0,0,0
1990,71,2,1,0,0,0,0,0,0,0
1990,44,1,2,0,0,0,0,0,0,0
1990,29,1,1,0,0,0,0,0,0,0
1990,22,2,1,0,0,0,739,1,40,0
1990,19,2,1,0,0,0,0,0,0,0
1990,38,1,0,0,0,1,57,5,45,1
1990,34,2,0,0,0,1,57,1,40,0
1990,38,1,0,0,0,1,189,4,50,1
1990,37,2,0,0,0,1,22,4,40,0
1990,32,2,2,0,0,1,18,4,12,0
1990,47,1,0,0,0,1,178,5,50,0
1990,40,2,0,0,0,1,95,5,40,0
1990,67,1,0,0,0,0,579,0,0,0
1990,73,2,0,0,0,1,0,0,0,0
1990,35,2,2,0,0,1,277,5,40,0
1990,45,1,0,0,0,0,668,3,40,0
1990,43,2,0,0,0,0,383,4,38,0
1990,19,1,1,0,0,0,759,4,20,0
1990,23,2,2,0,0,0,276,3,43,0
1990,33,1,2,0,0,0,303,3,43,0
1990,67,2,1,1,0,0,0,0,0,0
1990,33,1,0,0,0,0,473,0,75,0
1990,33,2,0,0,0,1,156,5,35,0
1990,72,2,3,0,0,0,0,0,0,0
1990,69,1,0,0,0,0,0,0,0,0
1990,71,2,0,0,0,1,0,0,0,0
1990,63,1,0,0,0,0,885,3,27,0
1990,59,2,0,0,0,0,467,5,40,0
1990,57,1,0,0,0,1,243,3,45,0
1990,55,2,0,0,0,0,313,5,37,0
1990,26,1,2,0,0,0,543,3,40,0
1990,24,2,2,0,0,0,389,4,37,0
1990,57,2,3,0,0,0,485,3,8,0
1990,27,2,1,1,0,1,889,2,40,0
1990,47,2,3,1,0,0,0,0,0,0
1990,49,2,2,0,0,0,487,0,42,0
1990,53,1,2,0,0,0,825,2,40,0
1990,75,1,0,0,0,0,0,0,0,0
1990,79,2,0,0,0,0,0,0,0,0
1990,64,1,0,0,0,0,0,0,0,0
1990,58,2,0,0,0,0,0,0,0,0
1990,72,1,0,0,0,0,318,2,20,0
1990,65,2,0,0,0,0,337,4,16,0
1990,42,1,0,0,0,1,243,3,50,0
1990,33,2,0,0,0,1,0,0,0,0
1990,60,2,3,0,0,1,243,3,35,1
1990,62,1,2,0,0,0,327,2,40,0
1990,58,2,1,0,0,0,446,5,40,0
1990,39,1,0,0,0,0,25,4,40,0
1990,40,2,0,0,0,0,376,4,40,0
1990,46,1,0,0,0,1,48,1,40,1
1990,44,2,0,0,0,1,155,5,20,0
1990,63,2,3,0,0,0,785,1,45,0
1990,72,1,0,0,0,0,0,0,0,0
1990,32,2,0,0,0,0,276,3,40,0
1990,43,1,3,0,0,0,885,3,40,0
1990,19,2,1,0,0,0,274,5,17,0
1990,38,2,3,1,0,0,0,0,0,0
1990,18,1,1,1,0,0,486,0,8,0
1990,72,1,3,0,0,0,0,0,0,0
1990,41,1,2,0,0,1,0,0,0,0
1990,45,1,0,0,0,0,274,3,40,0
1990,38,2,0,0,0,0,22,3,40,0
1990,43,1,0,0,0,1,29,3,40,0
1990,38,2,0,0,0,1,337,3,40,1
1990,41,1,0,0,0,0,22,2,40,0
1990,39,2,0,0,0,1,467,5,40,0
1990,34,1,0,0,0,1,575,1,56,0
1990,33,2,0,0,0,1,0,0,0,0
1990,72,1,0,0,0,0,0,0,0,0
1990,64,2,0,0,0,0,739,1,36,0
1990,47,1,0,0,0,0,783,1,40,0
1990,46,2,0,0,0,0,207,5,20,0
1990,51,1,0,0,0,1,243,4,50,0
1990,45,2,0,0,0,1,95,5,50,0
1990,44,1,3,0,0,1,567,0,60,0
1990,21,2,1,0,0,0,436,3,20,0
1990,53,2,2,0,0,0,313,1,37,0
1990,41,1,0,0,0,1,84,5,60,1
1990,33,2,0,0,0,1,0,0,0,0
1990,35,1,1,0,0,1,243,3,50,0
1990,47,2,3,1,0,0,889,1,52,0
1990,37,1,0,1,0,0,785,1,40,0
1990,36,2,0,1,0,0,644,1,40,0
1990,52,2,2,0,0,0,337,5,40,0
1990,79,2,3,0,2,0,467,5,40,0
1990,31,2,1,0,0,1,163,5,40,0
1990,33,1,0,0,0,0,695,2,48,0
1990,30,2,0,0,0,0,458,4,48,0
1990,36,1,0,0,0,1,56,1,40,1
1990,34,2,0,0,0,0,435,5,25,0
1990,78,2,3,1,0,0,0,0,0,0
1990,48,1,0,0,0,0,259,3,40,0
1990,43,2,0,0,0,0,315,5,40,0
1990,62,2,3,0,0,0,243,3,0,0
1990,21,2,1,0,0,0,155,5,0,0
1990,56,1,2,0,0,1,176,6,37,0
1990,22,1,0,0,0,0,505,4,40,0
1990,28,2,0,0,0,0,276,3,40,0
1990,18,1,0,0,0,0,567,0,40,0
1990,49,1,0,1,0,0,777,1,42,0
1990,44,2,0,1,0,0,264,3,32,0
1990,19,2,1,1,0,0,438,3,20,0
1990,59,1,0,0,0,1,235,1,40,1
1990,51,2,0,0,0,1,0,0,0,0
1990,60,2,2,0,0,1,447,5,44,0
1990,31,1,0,0,0,0,447,5,30,0
1990,28,2,0,0,0,0,877,5,40,0
1990,62,1,0,1,0,0,856,6,80,0
1990,46,2,0,1,0,0,407,4,4,0
1990,67,1,0,0,0,1,84,5,18,0
1990,67,2,0,0,0,0,22,5,18,0
1990,32,2,1,0,0,1,547,3,40,0
1990,27,2,1,0,0,1,364,2,60,0
1990,60,2,3,0,0,1,95,5,40,0
1990,21,2,3,0,0,0,435,3,40,0
1990,19,1,1,0,0,0,438,6,0,0
1990,22,2,1,0,0,0,435,3,40,0
1990,67,1,0,0,0,0,0,0,0,0
1990,62,2,0,0,0,0,0,0,0,0
1990,38,2,2,0,0,0,856,1,0,0
1990,38,1,0,0,0,0,79,0,45,0
1990,35,2,0,0,0,0,308,5,30,0
1990,64,2,0,0,0,0,0,0,0,0
1990,66,1,0,0,0,1,313,4,20,0
1990,53,1,0,0,0,0,738,1,40,0
1990,46,2,0,0,0,0,799,1,0,0
1990,19,1,1,0,0,0,0,0,0,0
1990,43,1,2,0,0,0,756,1,40,0
1990,28,1,0,0,0,1,799,1,40,0
1990,25,2,0,0,0,0,315,6,40,0
1990,72,1,0,0,0,0,0,0,0,0
1990,19,2,0,0,0,0,0,0,0,0
1990,48,1,3,1,0,0,756,1,48,0
1990,33,2,1,1,0,0,739,1,48,0
1990,55,2,2,0,0,1,157,5,37,0
1990,25,1,1,0,0,1,779,1,40,0
1990,21,2,1,0,0,1,276,3,18,0
1990,37,1,0,0,0,0,585,0,60,0
1990,38,2,0,0,0,0,316,5,40,0
1990,48,1,3,1,0,0,496,1,40,0
1990,59,1,0,1,0,0,779,1,40,0
1990,54,2,0,1,0,1,159,6,37,0
1990,31,2,0,0,0,1,243,3,40,0
1990,34,1,0,0,0,1,185,6,45,0
1990,32,2,1,1,0,0,453,4,0,0
1990,76,2,3,0,0,0,0,0,0,0
1990,34,1,0,0,0,0,567,0,40,0
1990,34,2,0,0,0,0,243,3,40,0
1990,71,1,1,0,0,1,533,1,40,1
1990,23,1,0,0,0,0,567,0,30,0
1990,19,2,0,0,0,0,276,3,35,0
1990,38,2,2,0,0,0,796,1,40,0
1990,70,1,0,0,0,0,0,0,0,0
1990,65,2,0,0,0,0,0,0,0,0
1990,36,2,1,0,0,0,739,1,48,0
1990,40,2,1,0,0,0,0,0,0,0
1990,40,1,0,1,0,0,804,2,48,0
1990,39,2,0,1,0,0,0,0,0,0
1990,20,1,1,1,0,0,888,1,48,0
1990,79,2,3,0,0,0,0,0,0,0
1990,49,1,0,0,0,0,575,1,40,0
1990,44,2,0,0,0,0,744,1,24,0
1990,40,1,0,1,0,1,628,1,46,0
1990,38,2,0,1,0,1,158,5,40,0
1990,41,1,0,1,0,0,518,1,46,0
1990,39,2,0,1,0,0,749,1,46,0
1990,22,2,1,1,0,1,785,1,15,0
1990,74,1,0,0,0,0,796,1,76,0
1990,71,2,0,0,0,0,447,5,40,0
1990,75,2,3,0,0,0,0,0,0,0
1990,19,2,1,0,0,1,164,5,20,0
1990,49,1,0,0,0,0,804,2,60,0
1990,48,2,0,0,0,0,749,1,40,0
1990,68,1,0,0,0,1,0,0,0,0
1990,65,2,0,0,0,1,157,5,0,0
1990,75,2,0,0,0,0,0,0,0,0
1990,36,1,1,0,0,1,243,3,40,0
1990,64,2,3,0,0,0,887,1,0,0
1990,78,1,3,1,0,0,0,0,0,0
1990,57,2,3,1,0,0,0,0,0,0
1990,52,2,1,1,0,0,0,0,0,0
1990,31,2,1,1,0,0,744,1,35,0
1990,55,1,0,0,0,0,254,4,40,0
1990,52,2,0,0,0,0,0,0,0,0
1990,33,2,1,0,0,1,208,2,40,0
1990,42,1,0,0,0,0,529,3,48,0
1990,42,2,0,0,0,0,407,4,0,0
1990,18,2,1,0,0,0,0,0,0,0
1990,33,2,3,1,0,0,436,0,40,0
1990,43,1,0,1,0,1,777,1,40,0
1990,43,2,0,1,0,0,744,1,40,0
1990,21,2,1,1,0,1,95,5,40,0
1990,18,1,1,1,0,0,379,2,40,0
1990,36,2,1,0,0,0,777,5,16,0
1990,21,2,1,0,0,0,754,1,32,0
1990,44,1,0,0,0,0,668,4,40,0
1990,48,2,0,0,0,0,668,4,30,0
1990,42,1,0,1,0,0,575,0,40,0
1990,42,2,0,1,0,0,785,1,40,0
1990,19,1,1,1,0,0,777,1,40,0
1990,49,1,0,0,0,1,36,6,37,0
1990,39,2,0,0,0,1,0,0,0,0
1990,70,1,0,0,0,0,19,4,48,0
1990,59,2,0,0,0,0,337,3,0,0
1990,40,1,0,1,0,0,738,1,40,0
1990,40,2,0,1,0,0,749,1,40,0
1990,40,1,2,0,0,0,518,1,50,0
1990,78,1,0,0,0,0,0,0,0,0
1990,78,2,0,0,0,0,0,0,0,0
1990,32,2,3,1,0,0,796,1,40,0
1990,62,2,3,0,0,0,458,4,45,0
1990,22,1,1,0,0,0,877,3,45,0
1990,61,2,3,0,0,0,0,0,0,0
1990,44,1,0,0,0,1,64,1,45,1
1990,45,2,0,0,0,0,336,5,40,0
1990,20,1,1,0,0,1,268,3,48,0
1990,18,2,1,0,0,0,276,3,40,0
1990,38,2,1,1,0,1,378,5,38,0
1990,32,1,2,1,0,0,869,0,40,0
1990,48,1,3,0,0,0,22,4,0,0
1990,80,1,0,0,0,1,0,0,0,1
1990,76,2,0,0,0,1,0,0,0,0
1990,42,1,0,1,0,1,823,2,40,0
1990,50,2,0,1,0,0,666,4,40,0
1990,22,2,1,0,0,0,337,3,40,0
1990,21,1,1,0,0,0,628,1,40,0
1990,19,2,1,0,0,1,275,5,15,0
1990,79,1,3,1,0,0,0,0,0,0
1990,53,2,3,1,0,0,407,4,30,0
1990,37,1,0,0,0,1,269,3,60,0
1990,36,2,0,0,0,1,156,5,40,0
1990,68,1,2,0,0,0,0,0,0,0
1990,67,1,0,0,0,0,666,3,60,0
1990,72,2,0,0,0,0,0,0,0,0
1990,67,2,2,0,0,0,749,1,0,0
1990,57,2,3,0,0,0,799,1,40,0
1990,76,2,3,0,0,0,0,0,0,0
1990,24,1,0,0,0,1,378,1,45,0
1990,21,2,0,0,0,1,264,3,20,0
1990,63,2,3,0,0,0,327,3,40,0
1990,65,1,0,1,0,0,475,0,30,0
1990,64,2,0,1,0,0,0,0,0,0
1990,47,1,0,0,0,0,355,2,46,0
1990,42,2,0,0,0,0,155,5,0,0
1990,76,2,3,1,0,0,0,0,0,0
1990,55,2,1,1,0,0,447,5,30,0
1990,34,1,1,1,0,1,593,0,40,0
1990,30,1,3,1,0,1,507,6,40,0
1990,23,1,1,0,0,0,844,0,0,0
1990,77,2,1,1,0,0,405,4,32,0
1990,35,1,1,1,0,0,0,0,0,0
1990,47,1,2,0,0,1,418,6,40,0
1990,52,1,2,0,0,0,426,5,40,0
1990,76,2,3,0,0,0,0,0,0,0
1990,30,1,1,0,0,1,243,3,40,0
1990,65,1,0,0,0,1,176,5,40,0
1990,55,2,0,0,0,1,383,4,40,0
1990,27,1,1,0,0,1,43,5,40,0
1990,77,1,0,0,0,0,0,0,0,0
1990,71,2,0,0,0,0,0,0,0,0
1990,33,1,0,0,0,0,744,1,40,0
1990,33,2,0,0,0,0,436,3,20,0
1990,45,1,0,0,0,1,22,0,40,0
1990,39,2,0,0,0,0,25,4,40,0
1990,62,1,0,0,0,0,0,0,0,0
1990,61,2,0,0,0,0,453,4,40,0
1990,63,1,0,0,0,0,503,1,56,0
1990,62,2,0,0,0,0,738,1,40,0
1990,22,2,1,0,0,1,575,1,48,0
1990,45,1,0,0,0,1,518,1,40,0
1990,46,2,0,0,0,0,547,1,40,0
1990,39,1,0,0,0,0,534,1,60,0
1990,28,2,0,0,0,1,17,3,40,0
1990,32,1,0,0,0,1,567,0,60,0
1990,37,2,0,0,0,1,156,5,40,0
1990,76,2,3,0,0,0,0,0,0,0
1990,37,1,3,0,0,0,567,0,30,0
1990,37,2,1,0,0,0,313,5,40,0
1990,79,1,0,0,0,0,0,0,0,0
1990,77,2,0,0,0,0,0,0,0,0
1990,34,1,0,0,0,1,104,5,40,0
1990,33,2,0,0,0,1,156,5,40,0
1990,75,2,2,0,0,0,0,0,0,0
1990,49,1,0,0,0,1,253,4,40,0
1990,43,2,0,0,0,0,253,4,30,0
1990,19,2,1,0,0,1,274,3,18,0
1990,60,2,3,0,0,0,744,1,40,0
1990,25,2,2,0,0,0,744,1,40,0
1990,64,1,0,0,0,0,686,3,72,1
1990,60,2,0,0,0,0,686,1,72,0
1990,63,1,0,0,0,0,796,1,0,0
1990,62,2,0,0,0,0,779,1,0,0
1990,26,1,2,0,0,0,738,1,40,0
1990,70,2,3,1,0,0,0,0,0,0
1990,60,1,0,0,0,0,653,1,40,0
1990,59,2,0,0,0,0,0,0,0,0
1990,27,1,0,0,0,0,418,6,40,0
1990,26,2,0,0,0,0,739,1,40,0
1990,44,1,0,0,0,0,777,1,48,0
1990,50,2,0,0,0,0,738,1,48,0
1990,70,2,2,1,0,0,0,0,0,0
1990,41,1,0,0,0,1,558,0,48,0
1990,37,2,0,0,0,1,156,5,40,0
1990,61,2,1,0,0,1,337,5,40,0
1990,75,1,0,0,0,0,0,0,0,0
1990,71,2,0,0,0,1,0,0,0,0
1990,44,2,2,0,0,1,95,5,40,0
1990,20,2,1,0,0,1,525,1,40,0
1990,27,2,0,0,0,1,13,4,47,0
1990,30,1,0,0,0,1,255,4,40,0
1990,62,1,0,1,0,0,804,2,0,0
1990,75,2,0,1,0,0,0,0,0,0
1990,32,1,0,0,0,0,883,1,40,0
1990,29,2,0,0,0,0,738,1,40,0
1990,35,2,1,0,0,1,889,2,50,0
1990,20,2,0,0,0,0,155,5,40,0
1990,22,1,0,0,0,0,887,3,40,0
1990,38,1,0,0,0,1,73,1,50,0
1990,49,2,0,0,0,1,159,4,15,0
1990,80,2,3,0,0,0,0,0,0,0
1990,50,1,2,0,0,0,779,1,40,0
1990,44,2,2,0,0,0,22,1,40,0
1990,38,1,0,0,0,1,7,3,40,1
1990,39,2,0,0,0,1,465,5,40,0
1990,45,2,3,0,0,0,22,1,60,0
1990,80,2,0,0,0,1,0,0,0,0
1990,39,1,0,0,0,1,628,0,65,0
1990,38,2,0,3,0,1,337,5,10,0
1990,46,1,0,0,0,1,579,0,40,0
1990,41,2,0,0,0,0,0,0,0,0
1990,18,2,1,0,0,1,313,5,10,0
1990,75,2,3,0,0,0,0,0,0,0
1990,54,2,3,0,0,0,336,5,0,0
1990,31,1,0,0,0,1,503,6,40,0
1990,29,2,0,0,0,1,628,6,40,0
1990,42,1,2,0,0,1,903,6,40,1
1990,31,2,2,0,0,1,435,3,30,0
1990,56,1,0,0,0,1,243,3,40,0
1990,42,2,0,0,4,0,449,5,40,0
1990,41,2,1,0,0,1,207,5,40,0
1990,21,2,1,0,0,1,696,2,20,0
1990,22,2,1,0,0,1,319,5,18,0
1990,77,2,0,0,0,1,0,0,0,0
1990,39,1,2,0,0,1,5,6,40,0
1990,67,1,0,0,0,0,804,0,40,0
1990,64,2,0,0,0,0,337,5,5,0
1990,45,2,3,0,0,0,274,3,40,0
1990,23,2,1,0,0,0,436,5,32,0
1990,32,1,1,0,0,1,435,3,45,0
1990,35,1,1,0,0,1,156,5,40,0
1990,42,1,2,0,0,0,486,3,30,0
1990,73,1,1,0,0,0,473,0,30,0
1990,19,2,1,0,0,0,379,6,40,0
1990,44,1,0,0,0,1,356,1,40,0
1990,42,2,0,0,0,1,503,2,40,1
1990,75,2,3,0,0,0,0,0,0,0
1990,67,1,0,0,0,0,22,1,40,0
1990,66,2,0,0,0,1,22,1,0,0
1990,29,2,2,0,0,1,316,6,72,0
1990,66,1,3,0,0,1,23,5,40,0
1990,36,1,0,0,0,1,22,0,40,0
1990,36,2,0,0,0,1,379,1,16,0
1990,54,1,0,0,0,1,616,0,40,0
1990,52,2,0,0,0,0,466,5,40,0
1990,49,1,0,0,0,1,459,5,50,0
1990,43,2,0,0,0,1,22,5,35,0
1990,60,1,0,0,0,1,253,4,99,1
1990,69,2,0,0,0,1,164,5,40,0
1990,50,1,0,0,0,0,516,0,40,0
1990,43,2,0,0,0,0,276,3,20,0
1990,21,1,0,0,0,0,417,6,70,0
1990,30,2,2,0,4,1,523,5,40,0
1990,34,1,2,0,0,1,523,5,65,0
1990,32,2,2,0,0,1,17,4,40,0
1990,35,1,0,0,0,0,496,1,50,0
1990,20,2,0,0,0,0,438,3,37,0
1990,47,1,0,0,0,0,473,0,45,0
1990,47,2,0,0,0,1,77,3,45,0
1990,69,1,3,0,0,0,479,0,40,0
1990,62,1,0,0,0,0,479,0,60,0
1990,56,2,0,0,0,0,274,3,20,0
1990,70,1,1,0,0,1,337,5,20,1
1990,51,2,3,0,0,0,435,3,32,0
1990,43,1,0,0,0,1,243,3,54,0
1990,44,2,0,0,0,1,23,3,35,0
1990,63,2,0,0,0,1,389,5,42,0
1990,68,1,0,0,0,0,0,0,0,0
1990,74,2,3,0,0,0,0,0,0,0
1990,79,2,0,0,0,0,0,0,0,0
1990,40,1,0,3,0,1,157,5,40,0
1990,37,2,0,3,0,1,157,5,40,0
1990,64,1,3,0,0,0,473,0,11,0
1990,80,1,0,0,0,0,783,3,2,1
1990,64,2,0,0,0,1,195,1,3,0
1990,46,1,0,0,0,1,473,0,50,0
1990,43,2,0,0,0,1,156,5,52,0
1990,19,1,1,0,0,1,427,5,12,0
1990,34,1,0,0,0,1,804,0,50,0
1990,34,2,0,0,0,1,156,5,40,0
1990,31,1,0,0,0,1,479,0,70,0
1990,29,2,0,0,0,1,337,3,15,0
1990,69,1,2,3,0,0,567,5,40,0
1990,73,1,0,0,0,0,473,0,50,0
1990,73,2,0,0,0,1,0,0,0,0
1990,34,1,0,0,0,1,885,3,72,0
1990,30,2,0,0,0,0,266,3,1,0
1990,41,1,0,0,0,1,473,0,40,0
1990,37,2,0,0,0,1,473,0,40,0
1990,26,2,1,0,0,1,156,5,45,0
1990,20,1,0,0,0,0,436,3,42,0
1990,58,1,0,0,0,1,53,6,40,0
1990,51,2,0,0,0,1,37,6,40,0
1990,37,1,0,0,0,1,25,4,48,0
1990,32,2,0,0,0,0,466,5,45,0
1990,26,1,0,0,0,1,156,5,40,0
1990,26,2,0,0,0,1,156,5,24,0
1990,35,2,3,3,0,0,436,5,0,0
1990,35,1,1,3,0,0,595,0,40,0
1990,63,2,0,0,0,0,276,3,3,0
1990,79,1,0,0,0,0,473,0,0,0
1990,73,1,0,0,0,1,177,5,24,0
1990,71,2,0,0,0,0,0,0,0,0
1990,46,1,0,0,0,1,869,0,45,0
1990,35,2,0,0,0,0,274,3,10,0
1990,30,1,0,0,0,1,558,0,40,0
1990,31,2,0,0,0,1,315,5,37,0
1990,77,1,0,0,0,0,473,0,50,0
1990,56,1,0,0,0,0,628,2,50,0
1990,48,2,0,0,0,0,243,3,40,0
1990,56,1,0,0,0,1,253,4,70,0
1990,48,2,0,0,0,1,383,4,40,0
1990,72,2,3,0,0,0,0,0,0,0
1990,51,1,0,0,0,1,22,5,52,0
1990,42,2,0,0,0,1,159,4,40,0
1990,24,2,1,0,0,1,435,5,10,0
1990,27,1,1,0,0,0,424,6,39,0
1990,30,1,0,0,0,0,22,3,56,0
1990,29,2,0,0,0,1,389,1,5,0
1990,28,1,0,0,0,1,376,6,40,0
1990,27,2,0,0,0,1,156,5,30,0
1990,69,1,3,0,0,0,804,2,0,0
1990,69,1,0,0,0,0,28,3,25,0
1990,66,2,0,0,0,1,0,0,0,0
1990,19,2,1,0,0,1,229,2,15,0
1990,26,1,1,0,0,1,159,5,50,0
1990,22,2,1,0,0,1,174,5,30,0
1990,48,1,0,0,0,0,567,0,45,0
1990,39,2,0,0,0,0,337,0,40,0
1990,21,2,1,0,0,0,276,3,32,0
1990,43,1,0,0,0,0,479,0,55,0
1990,42,2,0,0,0,1,785,1,40,0
1990,57,1,0,0,0,1,56,5,45,1
1990,49,2,0,0,0,1,243,3,50,0
1990,74,2,3,0,0,0,436,5,47,0
1990,26,1,0,0,0,0,475,0,60,0
1990,23,2,0,0,0,1,156,5,45,0
1990,31,2,1,0,0,1,313,5,30,0
1990,34,1,0,0,0,1,475,0,0,0
1990,31,2,0,0,0,1,406,4,0,0
1990,37,1,2,0,0,0,269,3,54,0
1990,78,2,3,0,0,0,479,0,40,0
1990,74,1,0,0,0,0,473,0,20,0
1990,73,2,0,0,0,1,0,0,0,0
1990,68,1,0,0,0,1,77,5,20,0
1990,64,2,0,0,0,0,337,5,15,0
1990,69,1,0,0,0,0,473,0,40,0
1990,67,2,0,0,0,0,0,0,0,0
1990,64,1,0,0,0,1,473,0,90,0
1990,62,2,0,0,0,1,0,0,0,0
1990,63,1,0,0,0,0,473,0,60,0
1990,57,2,0,0,0,0,0,0,0,0
1990,34,1,0,0,0,1,16,2,47,0
1990,32,2,0,0,0,0,319,5,18,0
1990,61,1,0,0,0,0,479,0,70,0
1990,60,2,0,0,0,0,0,0,0,0
1990,80,1,0,0,0,0,0,0,0,0
1990,79,2,0,0,0,0,0,0,0,0
1990,42,1,0,0,0,1,5,2,40,0
1990,41,2,0,0,0,1,487,0,20,0
1990,51,1,0,0,0,1,156,5,40,0
1990,50,2,0,0,0,1,95,5,24,0
1990,62,1,1,0,0,1,156,5,24,0
1990,62,2,3,0,0,1,799,3,34,0
1990,28,1,0,0,0,1,22,1,40,0
1990,26,2,0,0,0,1,156,5,40,0
1990,52,1,0,0,0,0,734,1,48,0
1990,46,2,0,0,0,1,16,2,40,0
1990,33,1,0,0,0,1,637,1,40,0
1990,31,2,0,0,0,1,436,3,0,0
1990,71,1,1,0,0,0,577,2,50,0
1990,49,1,2,0,0,1,637,1,60,0
1990,55,2,1,0,0,1,156,5,50,0
1990,59,2,3,0,0,0,473,0,40,0
1990,70,2,3,3,0,0,159,5,0,0
1990,48,2,2,3,0,0,0,0,0,0
1990,55,1,0,0,0,0,453,5,48,0
1990,51,2,0,0,0,0,468,4,45,0
1990,20,1,1,0,0,0,804,0,50,0
1990,50,1,2,0,0,1,503,1,48,0
1990,79,2,0,0,0,0,0,0,0,0
1990,25,1,1,3,0,0,877,3,17,0
1990,34,1,0,0,0,0,446,5,40,0
1990,32,2,0,0,0,0,274,3,36,0
1990,33,2,0,0,0,1,104,5,50,0
1990,35,1,0,0,0,1,683,1,55,0
1990,21,1,1,0,0,0,276,3,29,0
1990,20,1,1,0,0,0,585,0,44,0
1990,52,2,3,0,0,0,243,3,35,0
1990,45,1,0,0,0,1,176,5,60,0
1990,41,2,0,0,0,0,313,5,6,0
1990,18,1,1,0,0,0,0,0,0,0
1990,37,1,0,0,0,1,84,5,12,0
1990,38,2,0,0,0,1,156,5,0,0
1990,29,1,0,0,0,0,783,4,45,0
1990,26,2,0,0,0,0,734,1,40,0
1990,24,1,1,0,0,1,57,1,20,0
1990,41,1,0,0,0,1,473,0,65,0
1990,37,2,0,0,0,1,156,5,0,0
1990,69,1,0,0,0,0,0,0,0,0
1990,63,2,0,0,0,0,0,0,0,0
1990,34,1,0,0,0,0,473,0,66,0
1990,33,2,0,0,0,1,157,5,40,0
1990,78,2,2,0,0,1,0,0,0,0
1990,42,1,0,0,0,1,473,0,50,1
1990,41,2,0,0,0,1,243,3,40,0
1990,20,2,1,0,0,1,443,3,40,0
1990,57,1,0,0,0,1,473,0,60,0
1990,58,2,0,0,0,0,469,5,0,0
1990,29,2,2,0,0,0,434,3,30,0
1990,57,1,2,0,0,0,479,0,12,0
1990,73,2,0,0,0,0,0,0,0,0
1990,80,2,3,0,0,1,0,0,0,0
1990,43,1,0,0,0,0,518,4,40,0
1990,40,2,0,0,0,0,56,4,40,0
1990,18,1,1,0,0,0,888,4,38,0
1990,25,2,1,0,0,1,5,6,40,0
1990,32,1,2,0,0,0,593,0,40,0
1990,32,2,2,0,0,0,436,3,37,0
1990,80,2,3,0,0,0,407,4,3,0
1990,69,1,0,0,0,0,473,0,40,0
1990,68,2,0,0,0,0,0,0,0,0
1990,38,1,0,0,0,0,783,1,40,0
1990,36,2,0,0,0,0,785,1,40,0
1990,58,1,0,0,0,0,473,0,78,0
1990,54,2,0,0,0,0,185,3,58,0
1990,26,1,0,0,0,0,869,3,40,0
1990,30,2,0,0,0,0,447,5,36,0
1990,26,1,0,0,0,1,6,6,50,0
1990,22,2,0,0,0,1,337,4,40,0
1990,63,1,0,0,0,0,453,3,60,0
1990,55,2,0,0,0,0,447,4,24,0
1990,35,1,2,0,0,1,709,3,50,0
1990,65,1,0,0,0,0,804,3,20,0
1990,60,2,0,0,0,1,337,3,20,0
1990,25,1,0,0,0,1,804,0,80,0
1990,23,2,0,0,0,1,337,1,30,0
1990,31,1,0,0,0,1,274,3,45,0
1990,30,2,0,0,0,0,266,3,30,0
1990,33,1,1,0,0,1,156,5,50,0
1990,28,1,2,0,0,1,365,1,48,0
1990,30,1,0,0,0,1,229,4,40,0
1990,31,2,0,0,0,0,466,5,53,0
1990,65,1,0,0,0,0,844,0,50,0
1990,58,2,0,0,0,0,274,3,0,0
1990,42,1,0,0,0,0,473,0,40,0
1990,42,2,0,0,0,1,253,4,40,0
1990,20,2,1,0,0,1,274,3,12,0
1990,40,1,0,0,0,1,176,5,55,0
1990,40,2,0,0,0,1,159,5,35,0
1990,34,1,1,0,0,1,176,5,40,0
1990,67,1,0,0,2,1,909,6,0,0
1990,69,2,0,0,0,1,156,5,12,0
1990,38,1,0,0,0,1,354,2,40,0
1990,37,2,0,0,0,1,0,0,0,0
1990,53,1,0,0,0,1,157,5,40,0
1990,59,2,0,0,0,0,259,3,32,0
1990,34,2,1,0,0,1,748,4,40,0
1990,34,2,2,0,0,0,889,1,40,0
1990,21,2,1,0,0,0,888,1,40,0
1990,79,1,0,0,0,0,0,0,0,0
1990,72,2,0,0,0,0,0,0,0,0
1990,58,1,0,0,0,0,259,1,40,0
1990,50,2,0,0,0,1,25,4,30,0
1990,18,1,1,0,0,0,686,1,40,0
1990,65,1,2,0,0,1,0,0,0,0
1990,65,2,3,0,0,0,21,5,12,0
1990,45,1,0,0,0,1,354,2,40,0
1990,41,2,0,0,0,0,444,3,26,0
1990,19,1,1,0,0,0,436,3,30,0
1990,26,2,1,0,0,1,313,1,40,0
1990,27,2,1,0,0,1,156,5,40,0
1990,74,1,0,0,0,0,0,0,0,0
1990,71,2,0,0,0,0,0,0,0,0
1990,33,1,0,0,0,0,786,1,35,0
1990,27,2,0,0,0,0,0,0,0,0
1990,45,1,0,0,0,1,809,4,44,0
1990,43,2,0,0,0,1,14,5,45,0
1990,23,1,1,0,0,1,187,2,40,0
1990,36,1,0,0,0,1,538,3,48,0
1990,32,2,0,0,0,0,0,0,0,0
1990,44,1,0,0,0,0,22,3,55,0
1990,44,2,0,0,0,0,435,3,0,0
1990,19,1,1,0,0,0,563,0,40,0
1990,33,1,0,0,0,1,84,5,50,1
1990,33,2,0,0,0,1,95,5,20,0
1990,38,1,0,0,0,1,22,2,40,0
1990,39,2,0,0,0,1,207,5,30,0
1990,41,1,0,0,0,0,804,2,50,0
1990,36,2,0,0,0,0,313,0,41,0
1990,18,1,1,0,0,0,877,3,15,0
1990,30,1,3,0,0,1,159,5,42,0
1990,37,2,2,0,0,1,95,5,24,0
1990,37,1,0,0,0,1,255,4,40,1
1990,36,2,0,0,0,1,303,4,20,0
1990,71,2,3,0,0,0,0,0,0,0
1990,19,1,1,0,0,0,453,5,36,0
1990,75,2,3,0,0,0,0,0,0,0
1990,69,2,1,0,0,1,0,0,0,0
1990,72,1,1,0,0,1,0,0,0,0
1990,67,2,3,0,0,1,274,3,54,0
1990,36,1,2,0,0,1,17,4,40,0
1990,21,1,3,0,0,1,217,6,50,0
1990,21,2,3,0,0,0,276,3,22,0
1990,62,2,3,0,0,0,274,3,0,0
1990,37,1,2,0,0,1,453,2,34,0
1990,21,1,1,0,0,1,566,3,84,0
1990,21,1,1,0,0,1,566,3,40,0
1990,21,1,1,0,0,1,479,0,60,0
1990,34,1,0,0,0,0,473,0,70,0
1990,31,2,0,0,0,1,208,5,32,0
1990,77,1,0,0,0,0,479,0,0,0
1990,76,2,0,0,0,0,0,0,0,0
1990,40,1,1,0,0,0,473,0,99,0
1990,74,2,3,0,0,0,0,0,0,0
1990,78,2,3,0,0,0,0,0,0,0
1990,72,1,0,0,0,0,473,0,8,0
1990,73,2,0,0,0,1,274,3,0,0
1990,27,1,0,0,0,1,379,0,40,0
1990,26,2,0,0,0,1,313,5,24,0
1990,69,2,3,0,0,0,274,3,54,0
1990,38,1,0,0,0,1,686,1,40,0
1990,35,2,0,0,0,1,379,3,50,0
1990,18,2,1,0,0,0,308,3,15,0
1990,36,1,1,0,0,0,473,0,60,0
1990,60,2,3,0,0,0,435,3,30,0
1990,59,1,0,0,0,1,243,4,50,0
1990,55,2,0,0,0,0,466,5,40,0
1990,31,2,1,0,0,0,0,0,0,0
1990,40,1,0,0,0,1,55,1,60,0
1990,39,2,0,0,0,1,735,3,60,0
1990,62,1,0,0,0,1,869,0,44,0
1990,61,2,0,0,0,1,313,3,20,0
1990,28,1,2,0,0,1,549,1,40,0
1990,25,2,1,0,0,0,749,1,40,0
1990,45,1,1,3,0,1,585,0,40,0
1990,33,1,0,0,0,0,779,1,50,0
1990,29,2,0,0,0,1,744,1,40,0
1990,36,2,3,0,0,0,434,3,42,0
1990,32,1,0,0,0,1,779,1,40,0
1990,31,2,0,0,0,0,888,1,40,0
1990,29,1,2,0,0,0,804,2,80,1
1990,27,2,2,0,0,0,313,2,80,0
1990,55,1,0,0,0,0,804,2,50,0
1990,53,2,0,0,0,0,277,3,16,0
1990,43,2,2,3,0,0,909,6,0,0
1990,24,1,1,3,0,0,0,0,0,0
1990,20,1,1,3,0,0,0,0,0,0
1990,42,1,2,3,0,0,558,0,0,0
1990,72,2,3,0,0,0,0,0,0,0
1990,64,2,1,0,0,0,0,0,0,0
1990,56,2,1,0,0,0,274,3,40,0
1990,51,2,1,0,0,1,166,3,40,1
1990,38,1,0,0,0,0,243,3,50,0
1990,46,2,0,0,0,0,326,1,40,0
1990,18,2,1,0,0,1,433,3,15,0
1990,36,1,0,0,0,1,55,1,40,1
1990,35,2,0,0,0,1,95,5,0,0
1990,29,2,1,0,0,0,7,5,40,0
1990,34,1,1,0,0,1,505,3,40,0
1990,19,1,1,0,0,0,724,1,50,0
1990,72,1,3,0,0,0,0,0,0,0
1990,32,1,0,0,0,0,779,1,40,0
1990,28,2,0,0,0,0,0,0,0,0
1990,65,1,0,0,0,0,19,4,60,0
1990,63,2,0,0,0,0,379,3,40,0
1990,75,2,3,0,0,0,0,0,0,0
1990,65,2,0,0,0,0,0,0,0,0
1990,56,1,2,0,0,1,523,3,40,0
1990,56,2,2,0,0,0,453,4,40,0
1990,56,1,1,0,0,0,0,0,0,0
1990,68,2,3,0,0,0,243,3,0,0
1990,67,1,0,0,0,1,213,6,0,0
1990,61,2,0,0,0,1,0,0,0,0
1990,57,1,0,0,0,0,417,6,0,0
1990,52,2,0,0,0,0,447,5,40,0
1990,21,2,1,0,0,1,0,0,0,0
1990,21,1,1,0,0,0,269,3,40,0
1990,30,2,1,0,0,1,23,4,60,0
1990,52,1,0,0,0,1,257,2,70,0
1990,51,2,0,0,0,1,274,3,40,0
1990,60,1,0,0,0,0,777,1,40,0
1990,51,2,0,0,0,0,319,1,40,0
1990,23,2,1,0,0,1,159,1,8,0
1990,26,1,0,0,0,1,26,5,45,0
1990,26,2,0,0,0,1,22,5,40,0
1990,25,1,0,0,0,0,594,0,40,0
1990,31,2,0,0,0,0,453,4,40,0
1990,63,1,0,0,0,0,0,0,0,0
1990,63,2,0,0,0,0,453,4,0,0
1990,35,1,1,0,0,0,804,2,37,0
1990,32,2,1,0,0,0,789,4,0,0
1990,33,1,0,0,0,0,365,1,42,0
1990,33,2,0,0,0,0,253,4,40,0
1990,20,1,1,0,0,1,274,3,32,0
1990,48,1,0,0,0,1,628,1,40,0
1990,48,2,0,0,0,0,95,5,40,0
1990,20,1,1,0,0,0,785,1,40,0
1990,19,1,1,0,0,0,567,3,20,0
1990,46,1,2,0,0,1,337,1,40,1
1990,20,1,1,0,0,1,447,5,24,0
1990,35,1,0,0,0,0,677,1,40,0
1990,34,2,0,0,0,0,344,4,39,0
1990,50,1,0,0,0,0,668,4,40,0
1990,50,2,0,0,0,0,0,0,0,0
1990,19,1,1,0,0,0,877,3,40,0
1990,57,1,0,0,0,1,243,3,0,0
1990,57,2,0,0,0,1,378,5,0,0
1990,43,1,0,0,0,1,418,6,40,0
1990,42,2,0,0,0,0,313,4,25,0
1990,23,1,0,0,0,0,505,4,12,0
1990,24,2,0,0,0,1,313,0,0,0
1990,50,2,2,0,0,0,13,1,50,0
1990,69,2,3,0,0,0,0,0,0,0
1990,43,1,2,0,0,1,505,4,0,0
1990,21,2,1,0,0,1,243,3,40,0
1990,26,2,1,0,0,1,453,5,10,0
1990,67,2,3,0,0,0,0,0,0,0
1990,44,2,2,0,0,0,449,4,0,0
1990,57,1,0,0,0,0,549,1,40,0
1990,59,2,0,0,0,0,0,0,0,0
1990,25,2,1,0,0,1,379,5,40,0
1990,63,1,0,0,0,0,809,2,60,0
1990,65,2,0,0,0,0,0,0,0,0
1990,42,1,0,0,0,0,889,3,40,0
1990,44,2,0,0,0,0,458,4,45,0
1990,18,2,1,0,0,0,447,5,44,0
1990,33,1,0,0,0,0,22,3,55,0
1990,33,2,0,0,2,1,0,0,0,0
1990,52,1,0,0,0,1,22,5,55,1
1990,51,2,0,0,0,1,156,5,50,0
1990,24,1,1,0,0,1,208,3,20,0
1990,42,1,2,0,0,1,575,0,50,0
1990,30,1,0,0,0,1,628,1,50,0
1990,19,2,0,0,0,0,276,3,40,0
1990,77,2,3,0,0,0,0,0,0,0
1990,24,1,0,0,0,0,779,1,40,0
1990,20,2,0,0,0,0,785,1,40,0
1990,38,1,0,0,0,0,889,1,40,0
1990,37,2,0,0,0,0,98,5,40,0
1990,39,1,0,0,0,1,473,0,60,1
1990,38,2,0,0,0,0,0,0,0,0
1990,21,2,1,0,0,1,357,5,22,0
1990,35,1,0,0,0,0,0,0,0,0
1990,32,2,0,0,0,0,0,0,0,0
1990,26,1,0,0,0,0,507,4,40,0
1990,22,2,0,0,0,0,387,5,5,0
1990,25,1,0,0,0,0,653,0,40,0
1990,23,2,0,0,0,0,276,3,25,0
1990,56,2,3,0,0,0,683,1,40,0
1990,20,1,0,0,0,0,365,2,40,0
1990,45,1,2,0,0,0,567,0,32,0
1990,62,2,2,0,0,1,796,2,40,0
1990,32,1,2,0,0,0,4,6,55,0
1990,55,1,0,0,0,0,554,0,40,0
1990,54,2,0,0,0,0,435,5,0,0
1990,56,2,3,0,0,0,683,1,40,0
1990,39,1,0,0,0,1,137,5,40,0
1990,38,2,0,0,0,1,329,5,20,0
1990,45,1,0,0,0,1,734,1,48,0
1990,37,2,0,0,0,1,95,5,40,0
1990,36,1,1,0,0,0,796,4,39,0
1990,29,2,2,0,0,0,385,3,45,0
1990,43,1,0,0,0,0,594,0,40,0
1990,40,2,0,0,0,0,0,0,0,0
1990,62,2,3,0,0,0,274,3,18,0
1990,75,2,2,0,0,0,0,0,0,0
1990,27,1,1,0,0,0,885,4,35,0
1990,30,2,0,0,0,0,426,4,40,0
1990,30,1,0,0,0,0,734,1,36,0
1990,63,1,0,0,0,1,355,2,48,1
1990,66,2,0,0,0,1,0,0,0,0
1990,35,2,2,0,0,0,777,1,40,0
1990,40,2,3,0,0,0,0,0,0,0
1990,58,1,0,0,0,0,796,1,40,0
1990,52,2,0,0,0,0,0,0,0,0
1990,63,2,3,0,0,0,479,0,40,0
1990,67,2,3,0,0,0,0,0,0,0
1990,46,1,1,0,0,0,0,0,0,0
1990,49,1,0,0,0,0,779,1,40,0
1990,52,2,0,0,0,1,777,1,40,0
1990,63,1,0,0,0,0,475,0,45,0
1990,65,2,0,0,0,0,0,0,0,0
1990,34,1,0,0,0,0,486,0,30,0
1990,33,2,0,0,0,0,738,1,0,0
1990,64,1,0,0,0,0,657,3,40,0
1990,69,2,0,0,0,1,0,0,0,0
1990,73,1,0,0,0,1,0,0,0,0
1990,60,2,0,0,0,1,0,0,0,0
1990,25,1,0,0,0,0,274,3,40,0
1990,27,2,0,0,0,0,744,1,40,0
1990,64,1,0,0,0,0,0,0,0,0
1990,63,2,0,0,0,0,0,0,0,0
1990,73,1,0,0,0,0,733,1,16,0
1990,76,2,0,0,0,0,0,0,0,0
1990,55,1,0,0,0,0,785,1,40,0
1990,51,2,0,0,0,0,0,0,0,0
1990,37,2,2,0,0,1,156,5,40,0
1990,74,1,0,0,0,0,0,0,0,0
1990,71,2,0,0,0,0,0,0,0,0
1990,69,1,1,0,0,0,0,0,0,0
1990,64,1,1,0,0,0,0,0,0,0
1990,80,1,3,0,0,1,0,0,0,0
1990,70,1,3,0,0,1,0,0,0,0
1990,34,1,0,0,0,0,823,2,70,0
1990,32,2,0,0,0,0,0,0,0,0
1990,42,2,2,0,0,1,208,5,40,0
1990,57,1,0,0,0,0,785,1,40,0
1990,51,2,0,0,0,0,0,0,0,0
1990,33,1,2,0,0,0,579,0,40,0
1990,22,1,1,1,0,0,436,3,30,0
1990,25,1,0,0,0,0,888,1,40,0
1990,21,2,0,0,0,0,276,3,28,0
1990,75,1,0,0,0,0,0,0,0,0
1990,70,2,0,0,0,0,749,1,0,0
1990,56,1,0,0,0,1,64,6,40,0
1990,54,2,0,0,0,0,0,0,0,0
1990,18,2,1,0,0,0,0,0,0,0
1990,26,2,1,1,0,1,154,5,40,0
1990,32,1,0,1,0,0,22,1,40,0
1990,32,2,0,1,0,1,5,6,40,0
1990,54,1,0,0,0,1,257,0,40,0
1990,57,2,0,0,0,0,0,0,0,0
1990,25,2,1,0,0,1,203,5,40,0
1990,31,1,0,0,0,0,599,0,40,0
1990,32,2,0,0,0,0,436,3,20,0
1990,41,2,2,0,0,0,313,5,43,0
1990,40,1,0,0,0,1,73,1,40,0
1990,38,2,0,0,0,0,579,1,40,0
1990,19,1,1,0,0,0,0,0,0,0
1990,47,1,0,0,0,1,73,3,50,0
1990,45,2,0,0,2,1,0,0,0,0
1990,22,1,1,0,0,1,269,3,30,0
1990,18,2,1,0,0,0,274,3,16,0
1990,53,2,3,0,0,1,159,3,22,0
1990,20,1,1,0,0,0,436,3,40,0
1990,70,1,3,0,0,0,0,0,0,0
1990,64,2,3,0,0,0,453,0,40,0
1990,30,1,1,0,0,0,426,4,36,0
1990,41,1,0,0,0,0,365,1,40,0
1990,41,2,0,0,0,0,446,6,40,0
1990,34,1,2,0,0,1,756,1,60,0
1990,45,1,0,0,0,1,48,1,40,0
1990,44,2,0,0,0,1,313,5,25,0
1990,21,1,0,0,0,0,266,3,35,0
1990,22,2,0,0,0,0,274,3,30,0
1990,55,1,2,0,0,1,779,1,40,0
1990,51,1,0,0,0,1,153,5,45,0
1990,38,2,0,0,0,0,313,3,40,0
1990,35,1,0,0,0,1,637,1,55,0
1990,32,2,0,0,0,0,436,5,38,0
1990,57,2,3,0,0,0,888,1,40,0
1990,30,1,1,0,0,0,667,1,40,0
1990,67,2,2,0,0,1,316,6,0,0
1990,50,2,0,0,0,0,785,4,35,0
1990,37,1,0,0,0,0,777,1,40,0
1990,22,2,2,0,0,1,458,4,24,0
1990,19,2,1,0,0,0,744,1,32,0
1990,51,1,0,0,0,1,176,5,60,0
1990,49,2,0,0,0,0,0,0,0,0
1990,57,1,0,0,0,0,0,0,0,0
1990,53,2,0,0,0,0,0,0,0,0
1990,70,1,0,0,0,0,359,2,0,0
1990,68,2,0,0,0,0,266,3,0,0
1990,80,2,3,0,0,1,0,0,0,1
1990,42,2,1,0,0,1,14,5,48,0
1990,24,1,1,0,0,0,549,1,99,0
1990,48,1,0,0,0,1,154,5,40,1
1990,41,2,0,0,0,1,21,5,30,0
1990,19,2,1,0,0,1,435,3,20,0
1990,70,2,3,0,0,1,0,0,0,0
1990,20,2,1,1,0,1,276,3,40,0
1990,22,1,1,0,0,1,276,3,8,0
1990,63,1,0,0,0,1,84,5,72,1
1990,59,2,0,0,0,1,22,0,40,1
1990,64,2,0,0,0,1,224,1,0,0
1990,72,1,0,0,0,0,855,0,0,0
1990,76,2,3,0,0,0,0,0,0,0
1990,41,1,2,0,0,0,567,0,40,0
1990,75,1,0,0,0,0,354,2,0,0
1990,68,2,0,0,0,0,0,0,0,0
1990,76,2,3,0,0,0,436,3,99,0
1990,35,2,1,0,0,0,447,5,35,0
1990,32,2,2,0,0,0,0,0,0,0
1990,50,1,0,0,0,0,804,3,40,0
1990,46,2,0,0,0,0,466,5,20,0
1990,26,1,0,0,2,0,785,1,49,0
1990,24,2,0,0,0,0,313,4,35,0
1990,35,1,2,0,0,1,727,1,50,0
1990,47,1,0,0,0,0,22,1,48,0
1990,48,2,0,0,0,0,25,4,45,0
1990,75,1,3,0,0,0,0,0,0,0
1990,74,2,3,0,0,0,0,0,0,0
1990,43,1,0,0,0,0,628,1,40,0
1990,32,2,0,0,0,0,447,5,40,0
1990,41,1,0,0,0,0,274,3,90,0
1990,42,2,0,0,0,0,0,0,0,0
1990,20,2,1,0,0,1,195,1,20,0
1990,18,2,1,0,0,0,348,1,8,0
1990,45,1,0,0,0,0,253,4,40,0
1990,40,2,0,0,0,0,744,1,0,0
1990,19,1,1,0,0,1,376,5,20,0
1990,74,2,2,0,0,0,0,0,0,0
1990,56,2,3,0,0,0,0,0,0,0
1990,28,1,0,0,0,0,575,0,52,0
1990,30,2,0,0,0,0,744,1,0,0
1990,66,2,3,0,0,0,0,0,0,0
1990,23,2,1,0,0,1,17,6,22,0
1990,77,1,2,0,0,0,0,0,0,0
1990,33,1,0,0,0,0,779,1,40,0
1990,27,2,0,0,0,0,785,1,40,0
1990,41,2,2,0,0,1,156,5,40,0
1990,74,2,0,0,0,0,0,0,0,0
1990,45,1,0,0,0,0,0,0,0,0
1990,54,2,0,0,0,0,789,1,50,0
1990,34,1,0,0,0,0,486,4,5,0
1990,33,2,0,0,0,0,274,3,12,0
1990,53,1,0,0,0,0,473,0,50,0
1990,52,2,0,0,0,0,319,6,35,0
1990,22,1,1,0,0,0,473,0,50,0
1990,44,2,3,0,0,0,628,1,40,0
1990,65,1,0,0,0,0,453,4,12,0
1990,63,2,0,0,0,0,0,0,0,0
1990,25,1,1,0,0,1,194,5,40,0
1990,37,1,0,0,0,0,777,1,45,0
1990,35,2,0,0,0,0,744,1,36,0
1990,29,1,2,0,0,0,856,3,40,0
1990,45,2,2,0,0,0,683,1,40,0
1990,31,2,2,0,0,0,744,1,0,0
1990,56,1,0,0,0,0,0,0,0,0
1990,49,2,0,0,0,0,0,0,0,0
1990,26,1,0,3,0,0,567,0,40,0
1990,21,2,0,0,0,0,549,1,30,0
1990,53,1,1,0,0,0,453,4,40,0
1990,24,1,3,0,0,0,514,4,40,0
1990,56,1,2,0,0,0,479,0,36,0
1990,45,1,0,0,0,1,177,5,80,0
1990,45,2,0,0,0,0,466,5,52,0
1990,18,2,1,0,0,0,467,5,52,0
1990,65,1,2,0,0,0,0,0,0,0
1990,42,1,2,0,0,1,22,5,60,1
1990,51,1,0,0,0,0,869,5,40,0
1990,37,2,0,0,0,0,97,5,45,0
1990,42,1,0,0,0,0,473,0,40,0
1990,38,2,0,0,0,1,23,0,0,0
1990,67,1,0,0,0,1,379,4,25,0
1990,47,2,0,0,0,0,449,4,5,0
1990,71,1,0,0,0,0,22,1,0,0
1990,73,2,0,0,0,0,0,0,0,0
1990,27,1,0,0,0,0,516,0,40,0
1990,23,2,0,0,0,0,683,1,40,0
1990,73,2,3,0,0,0,0,0,0,0
1990,48,1,0,0,0,0,579,2,40,0
1990,47,2,0,0,0,0,777,1,40,0
1990,21,1,1,0,0,1,783,0,40,0
1990,31,1,1,0,0,0,17,3,48,0
1990,75,2,3,0,0,0,0,0,0,0
1990,60,1,1,0,0,0,0,0,0,0
1990,50,1,0,0,0,1,73,5,40,1
1990,52,2,0,0,0,1,22,5,45,0
1990,18,1,1,0,0,0,885,4,30,0
1990,29,1,0,0,0,0,575,0,40,0
1990,26,2,0,0,0,0,0,0,0,0
1990,45,1,0,0,0,0,453,1,40,0
1990,42,2,0,0,0,0,796,1,40,0
1990,65,1,0,0,0,0,0,0,0,0
1990,61,2,0,0,0,0,0,0,0,0
1990,33,1,1,0,0,1,159,5,37,0
1990,27,2,1,0,0,1,389,5,37,0
1990,18,1,1,0,0,1,459,5,0,0
1990,35,1,0,0,0,1,213,2,40,0
1990,35,2,0,0,0,1,365,2,40,0
1990,18,2,1,0,0,0,0,0,0,0
1990,55,1,0,0,0,0,266,3,70,0
1990,52,2,0,0,0,0,266,3,0,0
1990,27,1,1,0,0,0,889,3,25,0
1990,24,1,0,0,0,0,804,2,40,0
1990,21,2,0,0,0,0,0,0,0,0
1990,57,1,0,0,0,1,213,1,48,0
1990,54,2,0,0,0,1,22,6,37,0
1990,66,2,1,0,0,1,407,4,99,0
1990,28,1,0,0,0,0,804,0,40,0
1990,30,2,0,0,0,1,628,1,40,0
1990,35,1,0,0,0,0,637,1,40,0
1990,31,2,0,0,0,1,337,1,40,0
1990,45,1,0,0,0,0,597,0,40,0
1990,44,2,0,0,0,0,475,0,25,0
1990,63,1,0,0,0,0,577,2,0,0
1990,58,2,0,0,0,0,0,0,0,0
1990,30,1,0,0,0,0,218,5,40,0
1990,26,2,0,0,0,0,313,5,40,0
1990,71,1,0,0,0,0,0,0,0,0
1990,69,2,0,0,0,0,0,0,0,0
1990,33,1,0,0,0,1,585,0,40,0
1990,25,2,0,0,0,1,315,5,40,0
1990,41,1,0,0,0,0,22,2,40,0
1990,35,2,0,0,0,1,744,1,40,0
1990,32,1,0,0,0,0,824,2,48,0
1990,31,2,0,0,0,0,808,5,40,0
1990,74,2,0,0,0,0,0,0,0,0
1990,74,1,0,0,0,0,0,0,0,0
1990,69,2,3,0,0,0,744,1,0,0
1990,67,2,3,0,0,0,0,0,0,0
1990,41,1,0,0,0,0,889,1,40,0
1990,40,2,0,0,0,0,0,0,0,0
1990,80,2,0,0,0,0,0,0,0,0
1990,68,1,0,0,0,0,0,0,0,0
1990,54,1,0,0,0,0,563,1,40,0
1990,47,2,0,0,0,0,316,6,40,0
1990,27,2,1,0,0,0,579,0,40,0
1990,62,2,3,0,0,0,883,1,0,0
1990,52,1,0,0,0,0,644,1,40,1
1990,48,2,0,0,0,0,768,1,44,0
1990,18,1,1,0,0,0,0,0,0,0
1990,73,2,3,0,0,0,0,0,0,0
1990,54,1,0,0,0,0,567,0,40,0
1990,46,2,0,0,0,0,444,5,40,0
1990,19,2,1,0,0,0,785,1,40,0
1990,71,1,0,0,0,0,0,0,0,0
1990,64,2,0,0,0,0,0,0,0,0
1990,73,2,3,0,0,0,0,0,0,0
1990,44,1,2,0,0,0,855,0,40,0
1990,34,1,0,0,0,0,505,3,40,0
1990,26,2,0,0,0,0,744,1,30,0
1990,37,1,1,0,0,0,434,3,40,0
1990,70,2,3,0,0,0,0,0,0,0
1990,63,1,0,0,0,0,16,2,0,0
1990,63,2,0,0,0,1,0,0,0,0
1990,47,1,0,0,0,0,804,0,0,0
1990,34,2,0,0,0,0,0,0,0,0
1990,80,2,3,0,0,0,0,0,0,0
1990,24,2,0,0,0,0,22,1,50,0
1990,23,1,0,0,0,0,217,0,40,0
1990,45,1,0,0,0,0,259,3,40,1
1990,42,2,0,0,0,0,337,3,0,0
1990,19,1,1,0,0,0,783,1,40,0
1990,33,1,2,0,0,0,744,1,40,0
1990,33,1,0,0,0,0,869,0,40,0
1990,29,2,0,0,0,0,0,0,0,0
1990,76,1,0,0,0,0,0,0,0,0
1990,60,2,0,0,0,0,447,5,40,0
1990,37,2,1,0,0,0,0,0,0,0
1990,31,1,0,0,0,0,453,5,40,0
1990,24,2,0,0,0,0,444,5,37,0
1990,46,2,2,0,0,0,0,0,0,0
1990,79,2,1,0,0,0,0,0,0,0
1990,47,2,2,0,0,1,207,5,40,0
1990,47,1,0,0,0,0,699,1,40,0
1990,54,2,0,0,0,0,5,6,40,0
1990,39,1,2,0,0,0,804,2,70,0
1990,47,1,0,0,0,0,364,0,42,0
1990,41,2,0,0,0,0,785,1,42,0
1990,35,1,0,0,0,0,36,4,50,1
1990,36,2,0,0,0,0,0,0,0,0
1990,40,2,3,0,0,0,0,0,0,0
1990,54,1,0,0,0,0,0,0,0,0
1990,55,2,0,0,0,0,379,4,40,0
1990,67,1,0,0,0,0,22,1,0,0
1990,67,2,0,0,2,0,264,3,0,0
1990,39,1,0,0,0,0,268,3,40,0
1990,50,2,0,0,0,0,383,4,40,0
1990,80,1,3,1,0,0,0,0,0,0
1990,42,2,2,1,0,1,114,5,37,0
1990,47,2,2,0,0,0,337,3,24,1
1990,66,1,0,0,0,0,544,1,48,1
1990,60,2,0,0,0,0,0,0,0,0
1990,36,1,1,0,0,1,364,3,40,0
1990,65,2,2,3,0,0,667,3,0,0
1990,46,1,2,3,0,0,0,0,0,0
1990,58,2,2,0,0,0,313,4,0,0
1990,28,2,1,0,0,0,274,3,40,0
1990,25,1,2,0,0,0,563,0,40,0
1990,26,1,2,0,0,0,599,0,40,0
1990,61,1,0,0,0,0,756,0,30,0
1990,60,2,0,0,0,0,95,5,0,0
1990,28,1,0,0,0,0,274,3,55,0
1990,26,2,0,0,0,0,313,5,35,0
1990,60,1,0,0,0,0,0,0,0,0
1990,56,2,0,0,0,0,449,4,38,0
1990,26,1,3,0,0,0,804,2,40,0
1990,20,1,1,0,0,0,449,4,24,0
1990,36,1,0,0,0,1,195,1,40,0
1990,26,2,0,0,0,1,319,5,40,0
1990,24,1,0,0,0,1,159,5,50,0
1990,22,2,0,0,0,0,313,5,38,0
1990,27,1,0,0,0,0,803,2,50,0
1990,26,2,0,0,0,1,95,5,0,0
1990,30,2,3,1,0,0,327,3,40,0
1990,36,1,0,1,0,0,453,6,40,0
1990,39,2,0,1,0,0,458,3,40,0
1990,18,1,1,1,0,0,444,5,6,0
1990,50,2,2,1,0,0,717,1,40,0
1990,42,2,1,1,0,0,0,0,0,0
1990,68,2,3,0,0,0,95,5,0,0
1990,41,1,2,0,0,0,637,1,50,0
1990,73,2,3,0,0,1,0,0,0,0
1990,43,1,0,0,0,0,567,0,50,0
1990,40,2,0,0,0,0,313,1,0,0
1990,21,2,1,0,0,0,0,0,0,0
1990,30,1,0,0,0,0,566,3,65,0
1990,29,2,0,0,0,0,384,1,0,0
1990,34,1,1,1,0,1,159,5,40,0
1990,54,1,1,1,0,0,628,1,0,0
1990,27,2,1,0,0,1,744,1,36,0
1990,64,1,0,1,0,1,154,5,40,1
1990,62,2,0,1,0,1,154,5,40,0
1990,69,2,3,0,0,0,0,0,0,0
1990,47,2,3,0,0,0,276,3,40,0
1990,26,2,1,0,0,0,436,3,37,0
1990,52,1,0,1,0,0,706,1,0,0
1990,58,2,0,1,0,0,407,4,40,0
1990,21,1,1,1,0,1,379,5,25,0
1990,19,2,1,1,0,1,379,5,35,0
1990,69,2,3,0,0,0,0,0,0,0
1990,31,2,3,0,0,1,17,3,65,0
1990,52,2,1,0,0,1,155,5,15,0
1990,68,2,3,1,0,0,0,0,0,0
1990,66,1,0,0,0,0,785,1,0,0
1990,62,2,0,0,0,0,666,5,0,0
1990,42,1,3,1,0,0,486,0,40,0
1990,28,1,0,1,0,0,804,3,60,0
1990,28,2,0,1,0,1,315,5,40,0
1990,33,2,2,0,0,1,313,5,40,0
1990,25,2,1,0,0,0,0,0,0,0
1990,53,1,0,1,0,0,453,5,40,0
1990,45,2,0,1,0,0,319,5,40,0
1990,22,1,1,1,0,1,889,3,25,0
1990,31,1,3,1,0,0,448,4,8,0
1990,40,1,1,0,0,0,563,0,40,0
1990,75,1,0,1,0,0,588,0,0,0
1990,75,2,0,1,0,0,0,0,0,0
1990,45,1,0,1,0,0,447,5,40,0
1990,44,2,0,1,0,0,318,2,0,0
1990,60,2,1,0,0,0,888,1,0,0
1990,20,2,1,1,0,1,265,3,40,0
1990,35,2,3,1,0,1,327,2,40,0
1990,33,1,3,1,0,0,426,3,45,0
1990,23,2,1,0,0,0,186,1,40,0
1990,49,1,3,0,0,0,0,0,0,0
1990,42,2,1,0,0,1,178,6,60,1
1990,64,2,3,1,0,0,0,0,0,0
1990,80,1,3,0,0,0,0,0,0,0
1990,77,1,1,1,0,0,0,0,0,0
1990,20,1,1,0,0,1,435,3,40,0
1990,19,1,1,0,0,0,313,5,38,0
1990,52,1,2,0,2,1,153,5,40,0
1990,32,1,1,0,0,1,154,5,45,0
1990,27,1,1,0,0,1,23,4,40,0
1990,26,1,1,0,0,1,25,4,45,0
1990,65,1,0,1,0,1,825,2,0,0
1990,70,2,0,1,0,0,0,0,0,0
1990,35,1,2,1,0,1,883,1,40,0
1990,28,1,1,0,0,1,84,5,45,0
1990,29,1,1,0,0,1,84,5,50,0
1990,74,1,0,1,0,0,877,3,0,0
1990,69,2,0,1,0,0,447,5,0,0
1990,21,1,0,0,0,0,364,2,40,0
1990,23,2,0,0,0,0,259,3,40,0
1990,70,1,0,0,0,0,0,0,0,0
1990,58,2,0,0,0,0,283,3,24,0
1990,37,1,1,1,0,1,0,0,0,0
1990,20,1,3,1,0,0,436,3,28,0
1990,58,2,3,0,0,0,756,3,30,0
1990,35,1,1,0,0,0,579,0,45,0
1990,66,2,3,0,0,0,744,1,40,0
1990,78,2,3,0,0,0,0,0,0,0
1990,44,1,1,0,0,1,277,5,25,0
1990,39,1,0,0,0,1,213,2,60,0
1990,39,2,0,0,0,1,195,5,40,0
1990,40,1,0,0,0,0,785,1,40,0
1990,35,2,0,0,0,1,95,5,36,0
1990,52,1,2,0,0,1,207,5,60,0
1990,21,2,1,0,0,1,383,4,25,0
1990,29,1,0,0,0,1,23,1,50,0
1990,29,2,0,0,0,1,95,5,16,0
1990,36,1,3,0,0,1,364,3,40,0
1990,75,1,0,0,0,0,0,0,0,0
1990,77,2,0,0,0,1,0,0,0,0
1990,25,1,3,0,0,1,0,0,0,0
1990,31,1,0,1,0,1,567,0,40,0
1990,35,2,0,0,0,1,0,0,0,0
1990,36,1,3,0,0,1,0,0,0,0
1990,46,1,0,0,0,1,259,3,50,1
1990,38,2,0,0,0,1,22,4,40,1
1990,30,1,0,0,0,1,84,5,40,0
1990,27,2,0,0,0,1,185,4,50,0
1990,77,2,3,0,0,0,0,0,0,0
1990,46,2,1,0,0,0,356,2,40,0
1990,41,1,2,0,0,0,188,4,48,0
1990,63,2,3,0,0,1,154,5,40,0
1990,34,1,1,0,0,1,424,6,40,0
1990,33,1,1,0,0,1,96,3,37,0
1990,35,1,0,0,0,1,53,0,40,0
1990,33,2,0,0,0,1,156,5,40,0
1990,66,2,3,0,0,1,313,5,0,0
1990,63,1,0,0,0,0,505,3,20,0
1990,57,2,0,0,0,0,0,0,0,0
1990,39,1,0,0,0,1,56,1,42,1
1990,41,2,0,0,0,1,313,5,30,0
1990,54,2,2,0,0,1,315,6,40,0
1990,35,2,1,0,0,1,259,3,50,0
1990,39,2,1,0,0,1,229,1,50,0
1990,57,2,2,0,0,1,313,5,40,0
1990,48,1,0,0,0,1,154,5,50,1
1990,47,2,0,0,0,1,164,5,20,0
1990,53,1,0,0,0,1,259,3,47,1
1990,54,2,0,0,0,1,313,5,40,0
1990,41,1,0,1,0,0,783,1,45,0
1990,35,2,0,1,0,1,65,6,37,0
1990,30,2,2,0,0,0,308,4,45,0
1990,33,1,2,0,0,0,628,1,60,0
1990,45,2,0,0,0,0,458,4,40,0
1990,49,1,0,0,0,1,696,1,40,0
1990,37,1,0,0,0,0,213,2,40,0
1990,36,2,0,0,0,0,313,3,40,0
1990,42,2,3,1,0,1,365,3,50,0
1990,31,2,1,1,0,1,27,1,50,0
1990,49,2,2,0,0,0,276,3,40,0
1990,36,1,1,0,0,1,189,1,40,0
1990,60,2,2,0,0,0,436,3,7,0
1990,20,2,1,0,0,0,754,1,30,0
1990,20,2,1,0,0,0,453,4,27,0
1990,23,1,1,0,0,1,255,4,40,0
1990,35,1,0,0,0,1,178,5,60,0
1990,29,2,0,3,3,1,435,3,45,0
1990,35,1,0,1,0,1,23,6,40,0
1990,36,2,0,1,0,1,22,5,40,0
1990,48,1,0,0,0,1,804,2,45,0
1990,42,2,0,0,0,0,466,5,60,0
1990,20,1,1,0,0,1,436,3,36,0
1990,54,2,3,0,0,1,379,5,40,0
1990,76,1,0,0,0,1,0,0,0,1
1990,70,2,0,0,0,0,0,0,0,0
1990,20,2,1,0,0,1,379,5,28,0
1990,20,2,1,0,0,1,337,4,40,0
1990,25,1,0,0,0,0,186,4,40,0
1990,35,2,0,0,0,0,348,2,40,0
1990,62,2,2,0,0,0,466,5,40,0
1990,39,2,3,0,0,0,337,3,40,0
1990,28,2,2,0,0,1,0,0,0,0
1990,62,1,0,0,0,0,453,1,60,0
1990,62,2,0,0,0,0,737,1,0,0
1990,23,2,1,0,0,0,883,1,37,0
1990,72,2,3,1,0,0,0,0,0,0
1990,48,2,2,0,0,1,22,4,40,0
1990,21,1,1,0,0,0,435,3,25,0
1990,32,1,0,0,0,1,64,1,40,0
1990,33,2,0,0,0,1,207,5,99,0
1990,38,1,2,0,0,1,217,1,50,0
1990,27,2,1,0,0,1,327,5,40,0
1990,33,1,0,0,0,1,216,0,40,0
1990,32,2,0,0,0,1,207,5,44,0
1990,78,2,3,0,0,0,0,0,0,0
1990,44,1,0,0,0,0,804,3,40,0
1990,34,2,0,0,0,0,687,3,50,0
1990,18,1,1,0,0,0,426,4,16,0
1990,48,2,3,1,0,0,449,4,40,0
1990,42,1,0,0,0,1,17,3,50,0
1990,44,2,0,0,0,0,243,3,40,0
1990,56,2,3,0,0,0,208,5,65,0
1990,29,2,1,0,0,1,447,5,44,0
1990,65,2,2,0,0,0,327,2,40,0
1990,34,1,0,0,0,1,503,3,50,1
1990,31,2,0,0,0,1,375,4,40,0
1990,58,1,0,0,0,0,804,2,50,1
1990,60,2,0,0,0,1,0,0,0,0
1990,47,1,0,0,0,1,525,4,40,0
1990,45,2,0,0,0,1,337,3,16,0
1990,20,2,2,0,0,1,308,5,30,0
1990,55,2,0,0,0,1,337,5,20,0
1990,57,1,0,0,0,1,216,5,45,0
1990,65,1,0,0,0,0,804,2,0,0
1990,53,2,0,0,0,0,13,3,40,0
1990,27,2,1,0,0,1,78,5,40,0
1990,39,1,0,0,0,1,253,4,40,0
1990,36,2,0,0,0,1,375,4,40,0
1990,48,2,1,0,0,1,0,0,0,0
1990,61,2,3,0,0,0,683,3,40,0
1990,54,1,2,0,0,1,449,4,40,0
1990,31,1,2,0,0,0,804,2,40,0
1990,23,1,1,0,3,1,0,0,0,0
1990,25,1,1,0,3,1,426,4,0,0
1990,64,1,0,0,0,1,243,3,50,0
1990,60,2,0,0,0,0,0,0,0,0
1990,19,1,1,0,0,1,444,5,17,0
1990,29,2,2,0,0,0,785,1,40,0
1990,45,1,0,1,0,0,709,1,40,0
1990,49,2,0,1,0,1,449,5,10,0
1990,30,1,0,0,0,0,777,1,45,0
1990,29,2,0,0,0,1,276,3,30,0
1990,62,1,0,0,0,0,686,3,40,0
1990,49,2,0,0,0,1,276,2,37,0
1990,30,1,0,0,0,0,558,0,40,0
1990,33,2,0,0,0,0,889,1,40,0
1990,64,1,0,0,0,0,0,0,0,0
1990,67,2,0,0,0,0,745,1,0,0
1990,21,1,1,0,0,1,276,3,16,0
1990,32,1,0,0,0,0,783,1,45,0
1990,32,2,0,0,0,0,385,0,40,0
1990,74,2,1,0,0,0,0,0,0,0
1990,60,2,3,0,0,1,95,5,40,0
1990,59,1,3,0,0,1,13,3,0,0
1990,36,1,1,0,0,0,777,1,40,0
1990,36,1,3,0,0,0,263,3,40,0
1990,62,2,1,0,0,0,0,0,0,0
1990,21,2,1,0,0,1,379,5,28,0
1990,38,1,2,0,0,1,22,0,50,0
1990,68,1,3,0,0,0,0,0,0,0
1990,77,1,3,0,0,0,0,0,0,0
1990,69,2,3,0,0,0,0,0,0,0
1990,69,1,2,0,0,0,0,0,0,0
1990,38,1,0,0,0,0,856,3,40,0
1990,23,2,0,0,0,0,348,4,40,0
1990,26,1,0,0,0,0,786,0,20,0
1990,24,2,0,0,0,1,315,4,12,0
1990,34,2,0,0,0,1,95,5,18,0
1990,33,1,0,0,0,0,22,0,50,0
1990,73,1,3,3,0,0,0,0,0,0
1990,69,1,0,0,0,0,453,5,28,0
1990,69,2,0,0,0,0,0,0,0,0
1990,42,1,0,3,3,1,628,1,50,0
1990,39,2,0,3,3,0,0,0,0,0
1990,52,1,0,0,0,1,274,3,60,0
1990,50,2,0,0,0,1,336,1,10,0
1990,21,1,1,0,0,1,509,4,40,0
1990,40,2,2,0,0,1,164,5,21,0
1990,43,1,0,0,0,0,514,4,40,0
1990,39,2,0,0,0,0,389,3,20,0
1990,63,1,0,0,0,0,883,1,40,0
1990,58,2,0,0,0,0,0,0,0,0
1990,40,1,0,0,0,0,563,0,40,0
1990,40,2,0,0,0,0,447,4,0,0
1990,19,1,1,0,0,0,436,1,52,0
1990,52,1,0,0,0,0,567,0,40,0
1990,49,2,0,0,0,1,158,5,40,0
1990,35,1,0,0,0,0,804,2,0,0
1990,35,2,0,0,0,0,188,1,0,0
1990,32,1,0,0,0,0,869,0,40,0
1990,38,2,0,0,0,0,877,3,35,0
1990,21,1,1,0,0,1,64,4,30,0
1990,73,2,3,0,0,0,0,0,0,0
1990,51,1,0,0,0,0,274,5,0,0
1990,45,2,0,0,0,1,207,5,72,0
1990,76,1,0,0,0,0,567,1,0,0
1990,72,2,0,0,0,0,0,0,0,0
1990,52,1,0,0,0,0,57,1,40,1
1990,46,2,0,0,0,1,207,5,30,0
1990,25,2,1,0,0,0,313,5,40,0
1990,21,2,1,0,0,0,888,3,30,0
1990,25,1,0,0,0,0,785,1,40,0
1990,26,2,0,0,0,0,389,5,40,0
1990,37,1,0,0,0,1,55,0,40,1
1990,36,2,0,0,0,1,313,2,40,0
1990,40,1,0,0,0,0,734,1,40,0
1990,37,2,0,0,0,0,276,3,40,0
1990,43,1,0,0,0,0,53,5,40,0
1990,40,2,0,0,0,1,14,5,40,0
1990,23,1,0,0,0,0,567,1,40,0
1990,18,2,0,0,0,0,436,3,40,0
1990,33,1,0,0,0,1,195,5,40,0
1990,31,2,0,0,0,1,628,3,39,0
1990,52,1,0,0,0,0,567,0,40,0
1990,57,2,0,0,0,0,449,4,40,0
1990,31,1,0,0,0,0,567,0,40,0
1990,28,2,0,0,0,0,738,1,40,0
1990,43,1,0,0,0,0,176,5,50,0
1990,41,2,0,0,0,0,0,0,0,0
1990,23,1,1,0,0,1,0,0,0,0
1990,20,1,1,0,0,0,567,0,3,0
1990,37,2,1,1,0,0,453,6,0,0
1990,60,1,0,0,0,1,337,3,50,0
1990,56,2,0,0,0,1,156,5,44,0
1990,23,1,1,0,0,1,337,4,40,0
1990,20,1,1,0,0,0,888,1,40,0
1990,19,2,1,0,0,0,744,1,40,0
1990,26,1,0,0,0,0,418,6,48,0
1990,26,2,0,0,0,1,383,4,40,0
1990,67,1,0,0,0,0,453,4,40,0
1990,53,2,0,0,0,0,748,4,40,0
1990,65,2,2,0,0,1,313,5,0,0
1990,37,1,2,0,2,1,194,5,0,0
1990,56,2,3,0,0,1,407,4,72,0
1990,48,1,0,0,0,0,567,0,50,0
1990,46,2,0,0,0,0,0,0,0,0
1990,59,1,0,0,0,1,473,0,50,0
1990,59,2,0,0,0,1,308,4,37,0
1990,25,1,0,0,0,0,806,1,57,0
1990,24,2,0,0,0,1,174,5,0,0
1990,45,1,0,0,0,1,156,5,60,0
1990,45,2,0,0,0,1,14,5,60,0
1990,19,2,1,0,0,0,383,4,32,0
1990,33,1,0,0,0,1,595,3,40,0
1990,32,2,0,0,0,1,337,5,40,0
1990,40,1,0,0,0,0,779,1,40,0
1990,40,2,0,0,0,1,36,4,38,0
1990,50,1,2,0,0,0,275,5,40,0
1990,80,1,0,0,0,0,0,0,0,0
1990,77,2,0,0,0,1,0,0,0,0
1990,21,1,0,0,0,0,869,0,8,0
1990,18,2,0,0,0,0,276,3,40,0
1990,47,1,0,0,0,0,667,1,40,0
1990,45,2,0,0,0,0,744,1,40,0
1990,24,2,1,0,0,1,157,5,20,0
1990,73,2,3,0,0,0,0,0,0,0
1990,30,1,0,0,0,0,567,0,30,0
1990,28,2,0,0,0,0,796,1,24,0
1990,47,1,0,0,0,0,0,0,0,0
1990,49,2,0,0,0,0,0,0,0,0
1990,20,2,1,0,0,1,308,3,28,0
1990,42,1,0,0,0,0,453,1,40,0
1990,26,2,0,0,0,0,0,0,0,0
1990,62,1,0,0,0,1,13,1,40,1
1990,60,2,0,0,0,1,0,0,0,0
1990,48,2,2,0,0,0,0,0,0,0
1990,35,1,1,0,0,1,418,6,40,0
1990,80,2,3,0,0,0,0,0,0,0
1990,43,1,0,0,0,0,0,0,0,0
1990,37,2,0,0,0,0,449,4,40,0
1990,53,1,1,0,0,0,453,5,40,0
1990,46,1,0,0,0,0,889,1,40,0
1990,44,2,0,0,0,0,744,1,35,0
1990,38,1,0,0,0,0,734,1,40,0
1990,38,2,0,0,0,1,207,5,20,0
1990,36,1,0,0,0,1,628,1,20,0
1990,26,2,0,0,0,1,174,5,45,0
1990,60,2,3,0,0,1,264,3,10,0
1990,28,1,0,0,0,0,709,1,40,0
1990,28,2,0,0,0,0,738,1,40,0
1990,45,2,2,1,0,0,453,2,40,0
1990,23,1,0,0,0,1,22,5,40,0
1990,22,2,0,0,2,1,354,2,45,0
1990,64,1,0,0,0,1,128,5,40,0
1990,63,2,0,0,0,1,0,0,0,0
1990,69,1,0,0,0,0,453,4,6,0
1990,66,2,0,0,0,0,453,4,15,0
1990,38,1,0,0,0,0,723,1,46,0
1990,29,2,0,0,0,1,156,5,35,0
1990,29,2,2,1,0,0,779,1,0,0
1990,40,2,1,0,0,1,439,3,40,0
1990,30,1,0,0,0,1,176,5,50,0
1990,29,2,0,0,0,1,313,5,0,0
1990,31,1,2,0,0,0,637,1,40,0
1990,59,1,0,0,0,0,453,5,40,0
1990,57,2,0,0,0,0,436,3,40,0
1990,22,1,1,0,0,0,453,5,0,0
1990,24,2,1,0,0,0,436,3,0,0
1990,48,2,2,0,0,1,156,5,40,0
1990,40,1,0,0,0,0,777,1,40,0
1990,36,2,0,0,0,0,744,1,0,0
1990,78,1,0,0,0,0,0,0,0,0
1990,79,2,0,0,0,1,0,0,0,0
1990,71,2,3,0,0,0,0,0,0,0
1990,58,1,0,0,0,0,457,4,40,0
1990,54,2,0,0,0,0,785,1,40,0
1990,31,1,0,0,0,0,598,5,45,0
1990,26,2,0,0,0,1,734,3,40,0
1990,26,1,3,0,0,0,567,0,0,0
1990,74,1,0,0,0,0,0,0,0,0
1990,74,2,0,0,0,0,0,0,0,0
1990,26,1,0,0,0,1,637,1,40,0
1990,24,2,0,0,0,1,303,4,40,0
1990,19,2,1,0,0,1,207,5,40,0
1990,61,1,0,0,0,0,359,2,40,0
1990,59,2,0,0,0,0,0,0,0,0
1990,31,1,1,0,0,1,866,4,40,0
1990,36,2,1,0,0,0,0,0,0,0
1990,38,2,2,0,3,0,744,1,0,0
1990,46,2,1,1,0,0,757,1,40,0
1990,25,1,1,1,0,1,486,0,40,0
1990,27,1,2,0,0,1,804,2,50,0
1990,28,1,2,0,0,0,856,3,0,0
1990,38,1,1,0,0,0,486,5,15,0
1990,66,2,3,1,0,0,207,5,65,0
1990,27,1,1,1,0,1,453,5,40,0
1990,23,1,2,1,0,1,447,6,40,0
1990,80,2,3,1,0,0,0,0,0,0
1990,32,1,0,0,0,1,213,5,40,0
1990,34,2,0,0,0,0,243,3,40,0
1990,19,2,1,0,0,0,156,5,15,0
1990,18,1,1,0,0,1,877,3,25,0
1990,22,1,1,3,3,1,34,5,20,0
1990,19,1,1,0,0,1,317,4,7,0
1990,20,1,1,0,0,0,435,3,40,0
1990,21,1,1,0,0,1,426,5,25,0
1990,19,1,1,0,0,0,22,0,15,0
1990,20,1,1,0,0,1,264,3,30,0
1990,19,1,1,1,0,1,389,5,24,0
1990,73,1,0,1,0,0,0,0,0,0
1990,69,2,0,1,0,0,407,4,0,0
1990,45,1,2,1,0,0,804,2,0,0
1990,39,1,3,1,0,0,0,0,0,0
1990,53,1,0,0,0,0,453,4,0,0
1990,32,2,0,0,0,1,23,1,55,0
1990,50,1,2,0,0,0,549,4,40,0
1990,27,2,1,0,0,1,337,5,45,0
1990,62,1,0,0,0,0,516,2,40,0
1990,57,2,0,0,0,0,0,0,0,0
1990,54,2,3,0,0,1,308,2,40,0
1990,20,2,1,0,0,0,276,3,40,0
1990,77,2,3,0,0,0,0,0,0,0
1990,31,1,0,0,0,0,735,1,50,0
1990,28,2,0,0,0,0,0,0,0,0
1990,32,1,0,0,0,0,883,2,30,0
1990,31,2,0,0,0,0,744,1,40,0
1990,62,1,3,3,0,0,453,3,40,0
1990,32,2,1,1,0,0,447,5,40,0
1990,36,2,0,1,0,1,379,5,37,0
1990,33,1,0,1,0,0,777,1,0,0
1990,76,2,3,0,0,0,0,0,0,0
1990,51,1,0,0,0,0,887,4,60,0
1990,47,2,0,0,0,0,0,0,0,0
1990,78,1,0,0,0,0,0,0,0,0
1990,78,2,0,0,0,0,164,3,0,0
1990,72,1,0,0,0,0,0,0,0,0
1990,65,2,0,0,0,0,276,3,0,0
1990,36,1,2,0,0,1,17,3,35,0
1990,56,2,3,0,0,0,449,4,0,0
1990,33,1,0,0,0,0,683,1,40,0
1990,26,2,0,0,0,0,453,4,25,0
1990,30,1,0,0,0,0,507,3,40,0
1990,29,2,0,0,0,1,22,5,45,0
1990,75,2,3,1,0,0,0,0,0,0
1990,67,2,3,1,0,0,0,0,0,0
1990,51,2,2,1,0,0,0,0,0,0
1990,26,1,1,1,0,0,909,6,0,0
1990,23,2,1,1,0,0,0,0,0,0
1990,31,1,1,0,0,1,259,3,40,1
1990,40,1,3,0,0,1,156,5,40,0
1990,51,2,1,0,0,0,0,0,0,0
1990,44,1,2,0,0,0,484,3,0,0
1990,43,2,2,0,0,1,167,5,40,0
1990,26,1,0,0,0,0,804,2,45,0
1990,27,2,0,0,0,1,216,0,24,0
1990,69,1,1,0,0,0,0,0,0,0
1990,37,2,0,0,0,1,197,5,5,0
1990,37,1,0,0,0,1,804,3,30,0
1990,38,1,0,3,3,1,56,1,40,0
1990,30,2,0,0,0,1,0,0,0,0
1990,64,1,3,3,3,0,0,0,0,0
1990,22,2,1,0,0,1,23,1,40,0
1990,68,1,0,0,0,0,875,6,0,0
1990,55,2,0,0,0,0,313,5,40,0
1990,60,1,0,0,0,0,22,3,40,0
1990,50,2,0,0,0,1,95,5,0,0
1990,20,1,1,0,0,0,364,3,40,0
1990,25,2,1,0,0,1,447,5,24,0
1990,73,2,3,0,0,0,0,0,0,0
1990,26,1,0,0,0,1,243,3,40,0
1990,26,2,0,0,0,1,95,5,40,0
1990,42,2,2,0,0,1,267,3,40,0
1990,19,2,1,0,0,0,274,3,15,0
1990,46,2,2,0,0,0,337,5,0,0
1990,24,1,0,0,0,1,57,1,45,0
1990,24,2,0,0,0,1,276,3,20,0
1990,48,2,2,0,0,1,234,5,40,0
1990,33,2,1,0,0,1,156,5,50,0
1990,34,1,0,0,0,1,259,3,50,0
1990,31,2,0,0,0,1,0,0,0,0
1990,31,2,0,0,2,1,154,5,10,0
1990,25,1,0,0,0,1,64,5,20,0
1990,45,1,0,0,0,1,628,1,40,0
1990,34,2,0,0,0,0,458,4,40,0
1990,24,2,2,0,0,0,688,3,40,0
1990,42,1,0,0,0,1,804,2,45,0
1990,42,2,0,0,0,0,313,1,30,0
1990,66,1,0,0,0,1,59,5,40,1
1990,65,2,0,0,0,1,0,0,0,0
1990,31,2,1,0,0,1,22,5,5,0
1990,67,2,1,0,0,1,337,5,0,0
1990,71,1,0,0,0,1,0,0,0,0
1990,70,2,0,0,0,1,313,5,0,0
1990,25,2,2,0,0,1,17,4,40,0
1990,23,1,1,0,0,1,464,4,20,0
1990,42,2,2,0,0,1,156,5,20,0
1990,21,2,3,0,0,1,276,3,30,0
1990,44,2,2,0,0,1,205,3,40,0
1990,37,2,2,0,0,0,25,4,45,0
1990,29,1,0,0,0,1,53,5,40,0
1990,29,2,0,0,0,1,229,4,0,0
1990,66,2,3,0,0,1,329,5,0,0
1990,21,1,1,0,0,0,436,3,50,0
1990,64,1,0,0,0,1,303,6,0,0
1990,52,2,0,0,0,0,796,1,0,0
1990,24,2,2,0,0,0,383,4,40,0
1990,26,1,0,0,0,1,15,5,40,0
1990,25,2,0,0,0,1,7,4,37,0
1990,31,1,0,0,0,0,804,2,45,0
1990,32,2,0,0,0,0,276,3,16,0
1990,23,1,0,0,0,0,883,3,40,0
1990,22,2,0,0,0,0,744,1,45,0
1990,36,1,0,0,0,0,514,3,50,0
1990,35,2,0,0,0,0,157,5,25,0
1990,29,1,1,0,0,0,217,4,40,0
1990,43,1,0,0,0,1,849,1,40,0
1990,51,2,0,0,0,0,276,1,18,0
1990,48,2,0,0,0,1,0,0,0,1
1990,62,1,0,0,2,1,257,2,7,0
1990,38,1,0,0,0,1,96,3,42,0
1990,35,2,0,0,0,1,95,5,50,0
1990,37,1,0,0,0,1,243,3,45,1
1990,36,2,0,0,0,1,0,0,0,0
1990,42,1,0,0,0,1,65,1,60,0
1990,36,2,0,0,0,1,218,5,20,0
1990,54,2,2,0,0,1,314,5,40,0
1990,52,1,0,0,0,1,59,3,60,1
1990,50,2,0,0,0,1,266,3,0,0
1990,41,1,0,0,0,1,22,5,45,1
1990,41,2,0,0,0,1,155,5,25,0
1990,47,1,0,0,0,1,84,5,70,1
1990,45,2,0,0,0,1,337,5,5,0
1990,20,1,1,0,0,1,275,5,20,0
1990,18,1,1,0,0,0,436,3,20,0
1990,48,1,0,0,0,1,267,3,45,1
1990,41,2,0,0,0,1,379,5,40,0
1990,19,2,1,0,0,0,877,3,20,0
1990,20,2,1,0,0,1,336,5,40,0
1990,76,1,3,0,0,0,0,0,0,0
1990,28,1,0,0,0,1,75,5,35,0
1990,27,2,0,0,0,1,73,5,40,0
1990,58,1,0,0,0,1,534,2,40,0
1990,57,2,0,0,0,0,458,3,30,0
1990,37,1,0,0,0,1,243,3,50,0
1990,31,2,0,0,0,0,677,3,0,0
1990,27,1,0,0,0,1,23,5,50,0
1990,24,2,0,0,0,1,379,5,0,0
1990,46,1,2,0,0,0,355,2,45,0
1990,22,1,1,0,0,1,189,5,15,0
1990,20,2,1,0,0,1,159,5,15,0
1990,40,1,0,0,0,1,22,1,45,1
1990,41,2,0,0,0,0,0,0,0,0
1990,40,1,2,0,0,1,243,3,50,1
1990,27,2,2,0,0,1,243,3,40,0
1990,49,2,2,0,0,0,385,5,40,0
1990,63,1,0,0,0,0,0,0,0,0
1990,66,2,0,0,0,0,744,1,40,0
1990,40,1,0,0,0,1,243,3,40,0
1990,39,2,0,0,0,0,243,3,25,0
1990,20,1,3,0,0,0,804,3,40,0
1990,75,1,0,0,0,0,0,0,0,0
1990,74,2,0,0,0,0,0,0,0,0
1990,57,1,0,0,0,0,243,3,50,0
1990,59,2,0,0,0,0,337,3,40,0
1990,60,1,3,0,0,0,0,0,0,0
1990,36,1,2,0,0,0,567,0,20,0
1990,80,2,3,0,0,0,0,0,0,0
1990,50,2,2,0,0,0,313,6,40,0
1990,18,1,1,0,0,0,276,3,25,0
1990,28,2,1,0,0,1,259,3,40,0
1990,30,1,1,0,0,0,558,0,40,0
1990,65,2,3,0,0,0,883,1,40,0
1990,43,1,2,0,0,0,579,0,0,0
1990,29,1,1,0,0,0,878,1,40,0
1990,24,1,1,0,0,0,567,1,99,0
1990,22,2,3,0,0,0,275,4,99,0
1990,31,1,0,0,0,0,27,1,50,0
1990,28,2,0,0,0,0,877,3,40,0
1990,46,1,0,0,0,1,25,4,30,0
1990,42,2,0,0,0,0,337,3,40,0
1990,45,1,0,0,0,1,259,0,60,0
1990,44,2,0,0,0,1,243,3,0,0
1990,67,1,0,0,0,1,269,3,38,0
1990,64,2,0,0,0,0,0,0,0,0
1990,33,1,0,0,0,0,853,0,50,0
1990,29,2,0,0,0,0,744,1,40,0
1990,75,1,0,0,0,1,0,0,0,1
1990,73,2,0,0,0,1,0,0,0,0
1990,37,1,2,0,0,1,575,2,40,0
1990,36,1,0,0,0,0,643,0,50,0
1990,34,2,0,0,0,0,666,4,40,0
1990,28,1,0,0,0,0,853,5,48,0
1990,35,2,0,0,0,0,628,1,40,0
1990,26,1,0,0,0,0,785,1,40,0
1990,23,2,0,0,0,0,0,0,0,0
1990,78,2,3,0,0,0,0,0,0,0
1990,31,1,2,0,0,0,453,5,35,0
1990,22,1,1,0,0,0,453,1,54,0
1990,60,1,0,0,0,0,889,6,40,0
1990,64,2,0,0,0,0,739,1,0,0
1990,68,1,0,0,0,0,0,0,0,0
1990,67,2,0,0,0,0,0,0,0,0
1990,78,2,3,0,0,0,0,0,0,0
1990,65,2,3,0,0,1,156,5,0,0
1990,42,2,3,0,0,0,687,1,48,0
1990,22,1,1,0,0,0,628,1,48,0
1990,29,2,2,0,0,0,339,5,40,0
1990,25,1,2,0,0,0,565,0,40,0
1990,50,1,2,0,0,1,337,5,55,0
1990,62,1,0,0,0,0,877,1,40,0
1990,58,2,0,0,0,0,276,3,40,0
1990,54,1,0,0,0,0,176,5,50,0
1990,47,2,0,0,0,0,0,0,0,0
1990,22,1,0,0,0,1,479,0,50,0
1990,20,2,0,0,0,0,348,5,40,0
1990,68,2,3,0,0,0,0,0,0,0
1990,47,1,1,0,0,0,0,0,0,0
1990,62,1,0,0,0,0,567,0,0,0
1990,62,2,0,0,0,0,8,4,0,0
1990,46,2,0,0,0,0,407,4,40,0
1990,56,1,0,0,0,0,844,0,40,0
1990,30,2,2,0,0,1,313,6,60,0
1990,75,1,0,0,0,0,0,0,0,0
1990,70,2,0,0,0,0,0,0,0,0
1990,26,1,0,0,0,0,579,0,40,0
1990,38,2,0,0,0,0,276,3,35,0
1990,23,1,0,0,0,0,785,1,40,0
1990,21,2,0,0,0,0,276,3,38,0
1990,24,1,0,0,0,0,486,0,40,0
1990,23,2,0,0,0,0,796,1,0,0
1990,35,1,2,0,0,0,436,3,32,0
1990,55,2,3,0,0,0,0,0,0,0
1990,79,2,2,0,0,0,0,0,0,0
1990,37,1,0,0,0,0,0,0,0,0
1990,37,2,0,0,0,0,0,0,0,0
1990,28,1,2,0,0,1,585,6,40,0
1990,27,2,1,0,0,1,22,0,40,0
1990,30,2,2,0,0,0,796,1,8,0
1990,32,1,1,0,0,0,889,1,40,0
1990,80,2,3,0,0,1,0,0,0,0
1990,42,1,0,0,0,0,505,4,40,0
1990,39,2,0,0,0,0,0,0,0,0
1990,36,1,0,0,0,0,779,1,56,0
1990,32,2,0,0,0,1,379,6,40,0
1990,57,1,0,0,0,0,779,1,48,0
1990,49,2,0,0,0,0,796,1,0,0
1990,32,2,0,0,0,0,276,3,40,0
1990,33,1,0,0,0,0,866,2,40,0
1990,36,1,1,0,0,0,0,0,0,0
1990,35,1,0,0,0,0,516,0,40,0
1990,33,2,0,0,0,0,0,0,0,0
1990,28,1,0,0,0,0,628,1,40,0
1990,25,2,0,0,0,0,888,1,40,0
1990,50,1,0,0,0,1,274,4,84,1
1990,51,2,0,0,0,1,274,3,0,0
1990,37,1,0,0,0,0,453,4,40,0
1990,45,2,0,0,2,1,15,5,18,0
1990,21,1,0,1,0,0,785,0,40,0
1990,22,2,0,1,0,0,785,1,0,0
1990,34,1,1,0,0,0,744,1,40,0
1990,31,1,0,0,0,1,678,5,40,0
1990,30,2,0,0,0,0,458,4,32,0
1990,27,1,0,0,0,1,595,0,45,0
1990,25,2,0,0,0,1,156,5,40,0
1990,26,2,2,0,0,0,308,1,40,0
1990,26,1,0,0,0,0,759,1,40,0
1990,26,2,0,0,0,0,769,1,40,0
1990,73,2,3,0,0,0,449,4,0,0
1990,29,2,1,0,0,1,243,3,40,0
1990,23,2,2,0,0,0,744,1,40,0
1990,26,1,2,0,0,0,595,0,40,0
1990,53,1,0,0,0,0,526,3,40,0
1990,45,2,0,0,0,0,444,5,40,0
1990,21,1,1,0,0,0,453,1,20,0
1990,31,1,0,0,0,0,505,4,40,0
1990,36,2,0,0,0,0,777,1,48,0
1990,65,1,0,0,0,0,0,0,0,0
1990,58,2,0,0,0,0,0,0,0,0
1990,50,1,0,0,0,0,755,1,40,0
1990,49,2,0,0,0,0,0,0,0,0
1990,59,2,2,1,0,0,689,1,40,0
1990,50,1,0,0,0,1,534,4,50,0
1990,48,2,0,0,0,1,365,1,40,0
1990,21,2,1,0,0,1,155,5,15,0
1990,42,1,0,0,0,0,766,1,40,0
1990,39,2,0,0,0,0,887,4,35,0
1990,68,1,0,0,0,0,473,0,7,0
1990,65,2,0,0,0,0,0,0,0,0
1990,65,1,0,0,0,0,575,2,0,0
1990,47,2,0,0,0,0,744,1,40,0
1990,39,1,0,0,0,1,22,4,50,0
1990,34,2,0,0,0,1,25,5,20,0
1990,45,1,0,0,2,0,503,3,45,0
1990,45,2,0,0,2,0,458,4,26,0
1990,19,2,1,0,2,0,0,0,0,0
1990,61,1,0,0,0,0,628,1,40,0
1990,54,2,0,0,0,0,0,0,0,0
1990,74,1,0,0,0,0,0,0,0,0
1990,74,2,0,0,0,0,0,0,0,0
1990,32,1,0,0,0,1,637,1,45,0
1990,26,2,0,0,0,1,174,5,40,0
1990,43,1,0,0,0,1,22,1,40,0
1990,41,2,0,0,0,1,337,1,40,0
1990,66,2,1,0,0,0,0,0,0,0
1990,43,1,0,0,0,1,13,1,45,0
1990,41,2,0,0,0,1,7,4,45,0
1990,26,2,0,0,0,1,243,3,40,0
1990,31,1,0,0,0,1,259,3,50,0
1990,66,1,0,0,0,1,59,1,40,0
1990,56,2,0,0,0,0,5,6,25,0
1990,34,1,0,0,0,1,5,6,40,0
1990,31,2,0,0,2,0,337,5,40,0
1990,37,1,0,0,0,1,783,1,60,0
1990,35,2,0,0,0,0,0,0,0,0
1990,50,1,0,0,0,0,779,1,32,0
1990,51,2,0,0,0,0,447,5,40,0
1990,19,1,1,0,0,0,804,1,60,0
1990,24,1,1,0,0,0,0,0,0,0
1990,26,1,0,0,0,0,769,1,40,0
1990,25,2,0,0,0,0,878,1,45,0
1990,44,1,0,0,0,0,575,1,40,0
1990,41,2,0,0,0,0,335,1,40,0
1990,22,2,1,0,0,1,274,3,20,0
1990,29,1,0,0,0,0,796,1,50,0
1990,29,2,0,0,0,0,443,5,0,0
1990,34,1,0,0,0,1,22,4,50,1
1990,33,2,0,0,0,1,154,5,4,0
1990,33,1,1,0,0,1,22,5,40,0
1990,30,2,1,0,0,0,259,1,40,0
1990,37,2,2,0,0,0,375,4,40,0
1990,26,2,1,0,0,0,436,3,0,0
1990,60,2,3,0,0,0,0,0,0,0
1990,30,2,0,0,0,0,0,0,0,0
1990,47,1,0,0,0,0,883,3,40,0
1990,51,1,1,0,0,0,0,0,0,0
1990,22,2,1,1,0,0,0,0,0,0
1990,77,2,3,1,0,0,0,0,0,0
1990,23,2,1,0,0,1,22,5,40,0
1990,24,2,1,0,0,1,157,5,40,0
1990,22,1,0,0,0,0,585,0,40,0
1990,21,2,0,0,0,0,344,4,30,0
1990,61,1,1,0,0,1,22,4,40,0
1990,70,1,0,0,0,1,0,0,0,0
1990,59,2,0,0,0,0,0,0,0,0
1990,35,2,2,1,0,1,328,4,37,0
1990,18,2,1,1,0,1,443,3,0,0
1990,37,1,1,1,0,0,885,4,40,0
1990,46,2,2,0,0,1,22,5,37,0
1990,33,1,1,0,0,0,426,4,42,0
1990,20,2,1,1,0,0,449,4,0,0
1990,45,2,1,1,0,0,208,5,25,0
1990,22,2,1,1,0,0,447,5,40,0
1990,26,2,1,1,0,0,889,1,40,0
1990,71,2,3,1,0,0,0,0,0,0
1990,69,1,1,1,0,0,0,0,0,0
1990,52,1,0,0,0,0,0,0,0,0
1990,44,2,0,0,0,0,744,1,40,0
1990,47,2,2,0,0,0,22,4,40,0
1990,20,1,1,0,0,0,889,1,0,0
1990,25,2,2,1,0,1,447,5,60,0
1990,70,2,2,0,0,1,159,5,8,0
1990,21,2,2,0,0,0,435,3,0,0
1990,50,2,2,0,0,1,174,0,37,0
1990,34,1,2,0,0,0,754,1,40,0
1990,30,2,2,0,0,0,779,1,0,0
1990,70,2,2,0,0,0,0,0,0,0
1990,39,2,1,0,0,1,95,5,40,0
1990,35,1,0,0,0,1,278,1,23,0
1990,32,2,0,0,0,1,439,3,0,0
1990,56,1,0,1,0,0,785,1,40,0
1990,57,2,0,1,0,1,156,5,40,0
1990,41,1,2,1,0,1,17,3,60,0
1990,66,2,3,0,0,0,243,3,0,0
1990,50,1,2,0,0,1,156,5,50,0
1990,78,1,0,0,0,1,0,0,0,0
1990,73,2,0,0,0,1,0,0,0,0
1990,60,2,2,0,0,0,314,4,40,0
1990,36,1,0,0,0,0,354,2,40,0
1990,31,2,0,0,0,1,276,3,20,0
1990,68,1,0,0,0,0,213,2,40,0
1990,54,2,0,0,0,1,449,5,18,0
1990,77,2,3,0,0,0,0,0,0,0
1990,46,1,2,0,0,1,243,3,55,0
1990,19,2,1,0,0,1,276,3,30,0
1990,33,2,1,0,0,1,178,4,40,0
1990,31,1,1,0,0,1,803,2,45,0
1990,33,1,0,0,0,1,549,1,50,0
1990,31,2,0,0,0,1,486,0,25,0
1990,54,2,3,0,0,1,166,5,0,0
1990,72,1,0,0,0,0,0,0,0,0
1990,71,2,0,0,0,0,0,0,0,0
1990,30,1,0,0,0,1,23,1,40,0
1990,28,2,0,0,0,1,259,3,40,0
1990,56,1,2,1,0,1,174,5,37,0
1990,35,1,2,1,0,1,426,3,40,0
1990,69,1,0,0,0,1,389,4,40,0
1990,72,2,0,0,0,0,0,0,0,0
1990,56,2,2,0,0,0,317,4,40,0
1990,32,1,1,0,0,0,577,2,40,0
1990,33,2,2,0,0,0,154,5,40,0
1990,25,2,1,0,0,1,257,2,40,0
1990,43,1,2,0,0,1,22,2,40,0
1990,48,1,2,0,0,0,5,6,40,0
1990,42,1,0,0,0,1,259,3,40,0
1990,36,2,0,0,0,1,157,5,40,0
1990,64,2,3,1,0,0,0,0,0,0
1990,45,1,0,0,0,0,628,2,40,0
1990,44,2,0,0,0,1,869,1,32,0
1990,20,2,1,0,0,1,379,5,20,0
1990,43,1,0,0,0,0,354,2,40,0
1990,43,2,0,0,0,0,274,3,25,0
1990,19,1,1,0,0,1,547,5,30,0
1990,43,1,0,0,0,0,849,0,50,0
1990,42,2,0,0,0,0,377,5,50,0
1990,18,2,1,0,0,0,276,3,18,0
1990,65,1,0,0,0,0,269,3,40,1
1990,61,2,0,0,0,1,95,5,3,0
1990,27,1,0,0,0,1,274,3,50,0
1990,27,2,0,0,0,1,156,5,40,0
1990,28,1,0,0,0,1,59,1,40,0
1990,27,2,0,0,0,1,315,1,40,0
1990,41,1,0,0,0,0,588,0,0,0
1990,36,2,0,0,0,0,447,5,37,0
1990,53,1,0,0,0,0,156,5,40,0
1990,49,2,0,0,0,0,443,5,17,0
1990,28,1,2,0,0,0,889,1,40,0
1990,71,2,3,0,0,0,343,3,20,0
1990,49,2,2,0,0,0,276,3,40,0
1990,30,1,2,0,0,0,679,1,32,0
1990,48,1,0,0,0,0,769,1,40,0
1990,45,2,0,0,0,0,447,5,40,0
1990,44,1,0,0,0,1,22,1,40,0
1990,43,2,0,0,0,1,747,1,0,0
1990,19,2,1,0,0,1,379,3,20,0
1990,23,1,0,0,0,1,13,4,50,0
1990,22,2,0,0,0,1,337,5,40,0
1990,61,2,0,0,0,1,0,0,0,0
1990,65,1,0,0,0,1,25,4,44,1
1990,38,2,2,0,0,1,163,2,40,0
1990,26,1,0,0,0,1,577,2,40,0
1990,23,2,0,0,0,1,379,1,0,0
1990,71,1,0,0,0,0,455,4,0,0
1990,72,2,0,0,0,0,0,0,0,0
1990,40,1,0,0,0,1,257,1,45,0
1990,30,2,0,0,0,1,337,5,40,0
1990,41,1,0,0,0,1,253,4,50,1
1990,40,2,0,0,0,1,0,0,0,0
1990,50,1,0,0,0,1,505,4,54,0
1990,43,2,0,0,0,0,435,3,41,0
1990,18,1,1,0,0,0,22,5,30,0
1990,36,1,0,0,0,1,22,5,45,0
1990,35,2,0,0,0,1,95,5,0,0
1990,22,1,2,0,0,0,563,0,40,0
1990,40,1,1,0,0,1,376,4,40,0
1990,43,1,2,0,0,1,55,2,16,0
1990,21,2,1,0,0,1,313,2,40,0
1990,28,1,1,0,0,1,22,4,50,0
1990,36,1,0,0,0,0,567,0,35,0
1990,32,2,0,0,0,0,0,0,0,0
1990,80,2,3,0,0,0,155,5,40,0
1990,38,2,0,0,0,1,0,0,0,0
1990,37,1,0,0,0,1,22,2,60,1
1990,45,1,0,0,0,1,389,2,40,0
1990,35,2,0,0,0,0,338,6,40,0
1990,31,2,1,0,0,1,314,4,50,1
1990,73,2,3,0,0,0,0,0,0,0
1990,34,1,0,0,0,1,274,3,50,0
1990,34,2,0,0,1,1,313,5,0,0
1990,75,1,0,0,0,0,535,1,0,0
1990,71,2,0,0,0,1,313,6,0,0
1990,30,2,2,0,0,0,435,3,35,0
1990,49,2,3,0,0,0,308,4,16,0
1990,21,1,1,0,0,1,563,0,40,0
1990,46,1,2,0,0,1,756,1,40,0
1990,47,1,0,0,0,1,26,5,50,1
1990,41,2,0,0,0,1,185,4,15,0
1990,46,1,0,0,0,1,259,3,45,0
1990,41,2,0,0,0,1,156,5,20,0
1990,19,1,1,0,0,1,265,3,25,0
1990,33,1,0,0,0,0,777,1,40,0
1990,31,2,0,0,0,0,744,1,40,0
1990,77,1,1,0,0,0,0,0,0,0
1990,53,1,0,0,0,1,785,3,41,0
1990,54,2,0,0,0,1,339,1,40,0
1990,26,1,1,0,0,1,877,1,40,0
1990,20,2,1,0,0,1,383,4,40,0
1990,25,1,0,0,0,1,36,4,40,0
1990,24,2,0,0,0,1,7,4,30,0
1990,71,1,3,0,0,0,473,0,20,0
1990,42,2,2,0,0,0,436,3,40,0
1990,44,1,0,0,0,0,355,2,40,0
1990,43,2,0,0,0,0,744,1,40,0
1990,33,1,0,0,0,0,17,3,60,0
1990,30,2,0,0,0,1,785,1,40,0
1990,59,1,0,0,0,0,0,0,0,0
1990,38,2,0,0,0,0,0,0,0,0
1990,28,1,0,0,0,1,717,1,40,0
1990,25,2,0,0,0,1,274,3,20,0
1990,65,1,0,0,0,0,575,0,18,0
1990,59,2,0,0,0,0,0,0,0,0
1990,62,2,3,0,0,0,0,0,0,0
1990,66,1,0,0,0,0,486,4,20,0
1990,68,2,0,0,0,0,0,0,0,0
1990,40,1,2,0,0,0,567,0,36,0
1990,27,1,0,0,0,0,486,0,40,0
1990,28,2,0,0,0,0,747,1,40,0
1990,30,1,0,0,0,0,796,1,50,0
1990,28,2,0,0,0,0,744,1,40,0
1990,71,2,3,0,0,0,0,0,0,0
1990,29,2,1,0,0,1,185,3,40,0
1990,46,1,0,0,0,1,694,2,40,0
1990,57,2,0,0,0,1,216,1,40,0
1990,67,1,2,0,0,0,0,0,0,0
1990,62,1,0,0,0,0,785,3,30,0
1990,59,2,0,0,0,0,0,0,0,0
1990,34,1,0,0,0,0,628,1,40,0
1990,31,2,0,0,0,1,313,5,40,0
1990,33,2,0,0,0,1,14,5,50,0
1990,34,1,0,0,0,1,154,5,50,0
1990,70,2,3,0,0,1,0,0,0,0
1990,47,1,0,0,0,0,637,6,40,0
1990,47,2,0,0,0,0,27,6,37,0
1990,20,2,1,0,0,0,0,0,0,0
1990,18,2,3,0,0,0,274,3,20,0
1990,38,1,0,0,0,1,156,5,50,0
1990,36,2,0,0,0,1,156,5,45,0
1990,33,1,0,0,0,0,889,1,40,0
1990,28,2,0,0,0,0,308,1,40,0
1990,37,1,0,0,0,0,769,3,40,0
1990,35,2,0,0,0,0,744,1,40,0
1990,25,2,1,0,0,0,458,3,38,0
1990,20,2,1,0,0,0,458,3,38,0
1990,31,1,0,0,0,1,579,5,45,0
1990,32,2,0,0,0,1,313,1,40,0
1990,51,1,0,0,0,0,453,5,40,0
1990,23,2,0,0,0,0,0,0,0,0
1990,20,1,1,0,0,0,563,0,40,0
1990,21,1,0,0,0,0,785,1,72,0
1990,21,2,0,0,0,0,337,3,40,0
1990,44,1,0,0,0,1,796,1,48,1
1990,41,2,0,0,0,0,156,5,35,0
1990,21,1,1,0,0,1,365,3,35,0
1990,20,2,1,0,0,0,337,3,40,0
1990,49,1,0,0,0,0,804,0,40,0
1990,47,2,0,0,0,0,0,0,0,0
1990,31,1,0,0,0,0,453,5,37,0
1990,23,2,0,0,0,0,628,1,40,0
1990,28,1,0,0,0,0,266,3,40,0
1990,25,2,0,0,0,1,223,0,40,0
1990,46,1,0,0,0,0,473,0,80,0
1990,46,2,0,0,0,0,473,0,60,0
1990,22,1,1,0,0,0,785,1,40,0
1990,80,2,3,0,0,1,0,0,0,0
1990,61,1,0,0,0,0,804,0,40,0
1990,54,2,0,0,0,0,529,2,0,0
1990,30,1,1,0,0,0,855,0,0,0
1990,59,1,0,0,0,0,657,3,0,0
1990,50,2,0,0,0,1,376,4,30,0
1990,49,1,0,0,0,0,549,1,50,0
1990,47,2,0,0,0,0,888,1,38,0
1990,76,1,0,0,0,0,457,4,36,0
1990,57,2,0,0,0,0,779,1,44,0
1990,42,1,0,0,0,0,208,2,48,0
1990,40,2,0,0,0,0,207,5,0,0
1990,44,1,0,0,0,0,575,1,50,0
1990,42,2,0,0,0,0,0,0,0,0
1990,22,1,1,0,0,0,575,0,40,0
1990,66,2,2,0,0,0,889,1,0,0
1990,29,1,0,0,0,1,567,1,40,0
1990,22,2,0,0,0,0,275,5,0,0
1990,40,1,0,0,0,1,22,2,55,0
1990,40,2,0,0,0,1,0,0,0,0
1990,22,2,2,0,0,1,376,4,38,0
1990,52,1,1,0,0,0,0,0,0,0
1990,77,2,3,0,0,0,0,0,0,0
1990,34,1,2,0,0,1,747,1,37,0
1990,40,1,0,0,0,1,796,4,40,0
1990,35,2,0,0,0,1,0,0,0,0
1990,50,1,0,0,0,1,448,1,50,0
1990,46,2,0,0,0,0,185,4,15,0
1990,24,1,1,0,0,0,567,0,40,0
1990,34,2,2,0,0,0,276,3,0,0
1990,67,2,3,0,0,0,0,0,0,0
1990,80,1,0,0,0,0,0,0,0,0
1990,74,2,0,0,0,0,0,0,0,0
1990,45,1,0,0,0,0,534,3,0,0
1990,35,2,0,0,0,0,364,3,30,0
1990,56,2,1,1,0,0,796,1,40,0
1990,34,1,1,1,0,0,769,1,0,0
1990,42,1,0,0,0,0,217,1,40,0
1990,39,2,0,0,0,0,276,3,25,0
1990,19,2,2,0,0,0,383,4,30,0
1990,59,1,3,0,0,1,796,1,59,0
1990,30,1,0,0,0,0,243,3,60,0
1990,25,2,0,0,0,0,313,3,40,0
1990,34,2,0,0,0,0,785,1,40,0
1990,30,1,0,0,0,0,599,1,45,0
1990,43,2,1,0,0,1,156,5,45,0
1990,79,2,3,0,0,0,0,0,0,0
1990,47,1,0,0,0,1,164,5,45,0
1990,52,2,0,0,0,0,313,3,40,0
1990,67,1,0,0,0,1,14,5,99,1
1990,68,2,0,0,0,1,156,5,40,0
1990,35,1,0,0,0,1,156,5,40,0
1990,33,2,0,0,0,1,313,5,0,0
1990,40,1,0,0,0,1,198,2,50,0
1990,33,2,0,0,0,1,178,4,30,0
1990,63,1,0,0,0,1,57,1,40,0
1990,62,2,0,0,0,0,0,0,0,0
1990,37,1,0,0,0,1,843,1,45,0
1990,37,2,0,0,0,1,156,5,40,0
1990,19,2,1,0,0,1,276,3,14,0
1990,56,1,0,0,0,0,575,0,40,0
1990,52,2,0,0,0,0,453,5,30,0
1990,58,1,0,0,0,0,856,2,40,0
1990,55,2,0,0,0,0,736,1,40,0
1990,23,1,0,0,2,1,365,3,47,0
1990,25,2,0,0,0,1,157,5,40,0
1990,35,1,0,0,0,0,877,3,45,0
1990,34,2,0,0,0,0,777,1,40,0
1990,32,1,1,0,0,0,804,2,50,0
1990,59,1,0,0,0,0,855,1,0,0
1990,52,2,0,0,0,0,0,0,0,0
1990,29,1,0,0,0,1,558,0,40,0
1990,28,2,0,0,0,1,313,5,40,0
1990,59,1,2,0,0,0,796,1,40,0
1990,74,2,3,0,0,0,0,0,0,0
1990,54,2,3,0,0,0,453,4,0,0
1990,31,1,1,0,0,0,804,1,40,0
1990,43,2,2,0,0,0,465,5,40,0
1990,31,1,1,0,0,1,549,1,40,0
1990,26,2,2,0,0,1,719,1,40,0
1990,58,1,0,0,0,0,855,0,40,0
1990,55,2,0,0,0,0,785,1,40,0
1990,27,1,2,0,0,0,785,1,40,0
1990,55,1,0,0,0,0,0,0,0,0
1990,58,2,0,0,0,0,0,0,0,0
1990,51,1,0,0,0,0,777,1,72,0
1990,44,2,0,0,0,0,748,5,50,0
1990,27,1,0,0,0,0,696,2,42,0
1990,33,2,0,0,0,1,745,1,40,0
1990,64,1,3,0,0,0,259,1,40,0
1990,30,1,0,0,0,0,479,0,50,0
1990,24,2,0,0,0,0,745,1,40,0
1990,39,2,3,0,0,0,745,1,40,0
1990,64,2,3,0,0,0,0,0,0,0
1990,38,1,0,0,0,1,56,1,40,0
1990,24,2,0,0,0,0,784,1,40,0
1990,20,2,1,0,0,0,719,1,40,0
1990,71,2,3,0,0,0,458,4,16,0
1990,29,1,1,0,0,1,628,1,40,0
1990,64,1,0,0,0,0,479,0,0,0
1990,60,2,0,0,0,0,0,0,0,0
1990,76,2,3,0,0,0,0,0,0,0
1990,48,1,0,0,0,0,496,1,40,0
1990,47,2,0,0,0,0,796,1,40,0
1990,39,2,2,1,0,0,27,1,40,0
1990,20,2,1,1,0,0,785,1,40,0
1990,70,2,3,0,0,0,0,0,0,0
1990,61,2,1,0,0,1,156,5,45,0
1990,77,2,1,0,0,0,0,0,0,0
1990,45,1,2,0,0,0,856,1,40,0
1990,55,2,2,0,0,0,0,0,0,0
1990,75,2,3,0,0,0,0,0,0,0
1990,54,1,0,0,0,0,503,1,48,0
1990,52,2,0,0,0,0,785,1,0,0
1990,31,1,0,0,0,1,577,2,40,0
1990,30,2,0,0,0,0,383,4,24,0
1990,41,1,0,0,0,1,637,1,45,1
1990,38,2,0,0,0,1,156,5,40,0
1990,79,2,3,0,0,0,0,0,0,0
1990,27,1,0,0,0,0,727,1,40,0
1990,23,2,0,0,0,0,447,5,40,0
1990,68,1,0,1,0,0,889,1,0,0
1990,68,2,0,1,0,0,0,0,0,0
1990,63,1,0,0,0,0,473,0,50,0
1990,63,2,0,0,0,0,0,0,0,0
1990,68,2,3,0,0,0,0,0,0,0
1990,53,2,3,0,0,0,207,5,48,0
1990,30,1,1,0,0,1,496,1,40,0
1990,19,1,1,0,0,0,748,4,40,0
1990,25,2,1,0,0,1,23,4,40,0
1990,73,1,0,0,0,0,0,0,0,0
1990,69,2,0,0,0,0,0,0,0,0
1990,61,2,3,0,0,0,669,1,40,0
1990,56,1,0,0,0,1,22,1,50,1
1990,54,2,0,0,0,1,0,0,0,0
1990,62,1,0,0,0,0,479,0,40,0
1990,52,2,0,0,0,0,479,0,21,0
1990,79,1,0,0,0,0,0,0,0,0
1990,73,2,0,0,0,0,785,1,0,0
1990,41,1,0,0,0,1,628,1,45,0
1990,40,2,0,0,0,1,387,5,0,0
1990,26,2,2,0,0,0,744,1,40,0
1990,34,1,0,0,0,0,694,2,40,0
1990,38,2,0,0,0,0,22,3,40,0
1990,29,1,0,0,0,0,706,1,40,0
1990,27,2,0,0,0,0,783,1,40,0
1990,43,1,2,0,0,1,597,0,40,0
1990,31,2,3,0,0,1,435,3,37,0
1990,39,1,0,0,0,0,498,4,60,0
1990,33,2,0,0,0,0,313,0,0,0
1990,79,2,3,0,0,0,0,0,0,0
1990,48,1,1,0,0,0,0,0,0,0
1990,59,2,0,0,0,0,889,1,40,0
1990,59,1,0,0,0,0,0,0,0,0
1990,80,1,3,0,0,0,0,0,0,0
1990,76,1,0,0,0,0,0,0,0,0
1990,65,2,0,0,0,0,365,1,3,0
1990,63,1,0,0,0,0,808,5,30,0
1990,56,2,0,0,0,0,0,0,0,0
1990,25,1,1,0,0,0,505,4,40,0
1990,24,2,3,0,0,0,276,3,42,0
1990,42,2,0,0,0,0,435,3,0,0
1990,32,1,0,0,0,0,0,0,0,0
1990,19,1,0,0,0,0,496,1,40,0
1990,19,2,0,0,0,0,744,1,40,0
1990,42,2,2,0,0,0,447,5,40,0
1990,43,2,2,0,0,0,276,3,40,0
1990,18,1,1,0,0,0,877,3,18,0
1990,39,2,2,0,0,0,744,1,40,0
1990,79,1,0,0,0,0,0,0,0,0
1990,75,2,0,0,0,0,0,0,0,0
1990,70,1,0,0,0,0,475,0,30,1
1990,72,2,0,0,0,0,469,3,40,0
1990,69,2,0,0,0,0,0,0,0,0
1990,34,2,0,0,0,0,447,5,40,0
1990,33,1,0,0,0,0,804,2,50,0
1990,70,1,2,0,0,0,0,0,0,0
1990,35,1,0,0,0,0,418,6,40,0
1990,35,2,0,0,0,0,0,0,0,0
1990,55,1,0,0,0,0,804,1,40,0
1990,53,2,0,0,0,0,744,1,0,0
1990,25,1,0,0,0,0,798,1,40,0
1990,24,2,0,0,0,0,276,3,26,0
1990,80,2,0,0,0,0,0,0,0,0
1990,55,1,0,0,0,0,479,0,40,0
1990,53,2,0,0,0,0,0,0,0,0
1990,18,1,1,0,0,0,0,0,0,0
1990,60,2,3,0,0,0,0,0,0,0
1990,30,1,0,0,0,0,243,3,60,1
1990,25,2,0,0,0,1,337,3,35,0
1990,68,2,1,0,0,0,0,0,0,0
1990,24,1,2,0,0,0,804,3,40,0
1990,34,2,2,0,0,0,769,1,40,0
1990,34,2,2,0,0,0,779,1,40,0
1990,24,1,0,0,0,0,518,1,40,0
1990,24,2,0,0,0,0,769,1,40,0
1990,58,1,0,0,0,0,0,0,0,0
1990,43,2,0,0,0,0,0,0,0,0
1990,24,1,1,0,0,0,0,0,0,0
1990,64,1,0,0,0,0,877,3,30,0
1990,56,2,0,0,0,0,435,3,32,0
1990,80,2,3,0,0,0,0,0,0,0
1990,20,1,1,0,0,0,706,1,40,0
1990,68,1,0,0,0,0,356,2,48,0
1990,50,2,0,0,0,0,253,4,40,0
1990,52,2,1,1,0,0,0,0,0,0
1990,53,1,2,0,0,1,869,0,0,0
1990,34,1,0,0,0,1,274,3,0,0
1990,28,2,0,0,0,1,274,3,0,0
1990,59,1,0,0,0,1,585,0,40,0
1990,58,2,0,0,0,1,303,6,40,0
1990,52,1,0,0,0,0,235,1,40,1
1990,47,2,0,0,0,0,22,1,48,0
1990,20,2,1,0,0,0,677,3,40,0
1990,29,2,3,0,0,0,313,1,40,0
1990,20,1,1,0,0,1,426,5,30,0
1990,45,1,2,0,0,1,259,3,40,1
1990,47,2,1,1,0,0,447,5,0,0
1990,61,1,0,1,0,0,496,1,0,0
1990,64,2,0,1,0,0,453,1,0,0
1990,63,1,0,0,0,0,0,0,0,0
1990,59,2,0,0,0,0,447,5,16,0
1990,64,2,3,0,0,0,0,0,0,0
1990,80,2,3,0,0,0,0,0,0,0
1990,33,1,0,0,0,1,747,1,40,0
1990,32,2,0,0,0,1,337,5,37,0
1990,49,1,0,0,0,1,259,3,40,0
1990,40,2,0,0,0,0,649,4,0,0
1990,75,2,3,0,0,1,0,0,0,0
1990,53,1,2,0,0,0,597,0,0,0
1990,27,1,0,0,0,0,518,1,50,0
1990,24,2,0,0,0,0,744,1,40,0
1990,59,2,2,0,0,0,22,1,50,0
1990,38,1,1,0,0,1,243,3,50,0
1990,65,1,0,0,0,1,36,6,20,0
1990,58,2,0,0,0,0,0,0,0,0
1990,63,1,0,0,0,0,0,0,0,0
1990,54,2,0,0,0,0,22,3,37,0
1990,24,1,1,0,0,0,804,2,50,0
1990,77,2,3,0,0,0,447,5,0,0
1990,50,1,2,0,0,0,0,0,0,0
1990,18,2,1,0,0,0,257,4,12,0
1990,51,2,2,0,0,0,436,3,0,0
1990,60,1,0,0,0,0,21,5,35,0
1990,56,2,0,0,0,1,0,0,0,0
1990,35,1,0,0,2,1,628,1,45,1
1990,34,2,0,0,0,1,274,3,16,0
1990,29,2,2,0,0,0,0,0,0,0
1990,42,1,2,1,0,1,33,1,48,0
1990,20,2,1,1,0,1,276,3,40,0
1990,80,2,0,0,0,0,0,0,0,0
1990,68,1,0,0,0,1,16,2,40,0
1990,65,2,0,0,0,0,355,2,46,0
1990,73,1,0,0,0,0,0,0,0,0
1990,68,2,0,0,0,0,0,0,0,0
1990,32,1,2,0,0,0,628,1,40,0
1990,28,2,1,0,0,0,889,1,40,0
1990,34,2,2,1,0,0,796,1,32,0
1990,40,1,0,0,0,1,25,4,50,0
1990,38,2,0,0,0,0,313,5,40,0
1990,54,1,0,0,0,0,364,1,40,0
1990,49,2,0,0,0,0,777,1,40,0
1990,25,1,0,0,0,1,235,1,40,0
1990,20,2,0,0,0,1,445,5,40,0
1990,28,1,0,1,0,0,725,1,40,0
1990,27,2,0,1,0,0,0,0,0,0
1990,48,1,0,0,0,0,176,5,0,0
1990,47,2,0,0,0,0,0,0,0,0
1990,76,1,0,0,0,0,0,0,0,0
1990,71,2,0,0,0,0,0,0,0,0
1990,65,1,0,1,0,0,453,3,7,0
1990,60,2,0,1,0,0,0,0,0,0
1990,22,1,1,1,0,0,885,3,40,0
1990,49,1,0,0,0,0,579,0,40,0
1990,48,2,0,0,0,0,785,1,40,0
1990,27,1,1,0,0,0,785,1,40,0
1990,53,1,0,0,0,0,0,0,0,0
1990,40,2,0,0,0,1,254,4,80,1
1990,39,1,0,0,0,0,199,0,40,0
1990,33,2,0,0,0,1,164,5,36,0
1990,65,1,0,0,0,0,878,1,0,0
1990,64,2,0,0,0,0,785,1,0,0
1990,38,1,0,0,0,0,779,1,40,0
1990,36,2,0,0,0,0,745,1,40,0
1990,42,1,0,0,0,0,785,1,0,0
1990,32,2,0,0,0,0,266,3,40,0
1990,63,1,0,0,0,1,22,1,40,0
1990,61,2,0,0,0,0,379,3,32,0
1990,67,1,1,0,0,0,579,1,32,0
1990,78,2,3,0,0,0,0,0,0,0
1990,23,1,1,0,0,1,435,4,30,0
1990,23,1,1,0,0,1,276,3,25,0
1990,62,2,3,1,0,1,458,4,10,0
1990,32,2,3,1,0,0,453,5,40,0
1990,37,1,0,1,0,0,777,1,40,0
1990,38,2,0,1,0,0,785,1,40,0
1990,32,1,1,1,0,0,856,1,40,0
1990,25,2,1,1,0,0,449,5,40,0
1990,31,2,2,3,0,1,373,3,0,0
1990,28,1,3,0,0,1,558,0,12,0
1990,26,1,0,0,0,1,243,3,42,0
1990,26,2,0,0,0,1,313,4,40,0
1990,59,1,0,0,0,0,856,0,58,0
1990,55,2,0,0,0,1,0,0,0,0
1990,31,2,0,0,0,1,157,5,37,0
1990,26,1,0,0,0,0,417,0,37,0
1990,27,1,0,0,0,0,303,6,40,0
1990,26,2,0,0,0,0,785,1,40,0
1990,36,2,3,1,0,1,447,5,48,0
1990,25,1,3,0,0,0,0,0,0,0
1990,39,2,2,0,0,1,348,2,40,0
1990,65,1,2,0,0,1,22,4,0,0
1990,60,1,0,0,0,0,869,0,40,0
1990,50,2,0,0,0,0,808,5,10,0
1990,43,1,2,0,0,0,804,2,40,0
1990,18,1,1,0,0,0,889,0,50,0
1990,34,2,2,0,0,0,796,1,40,0
1990,49,2,3,0,0,0,779,1,50,0
1990,50,2,2,1,0,0,436,1,30,0
1990,36,1,0,0,0,1,518,1,40,0
1990,35,2,0,0,0,0,779,1,46,0
1990,45,1,0,0,0,0,804,2,60,0
1990,42,2,0,0,0,0,313,3,45,0
1990,24,1,2,0,0,0,885,3,40,0
1990,37,1,0,0,0,0,579,0,8,0
1990,19,2,0,0,0,0,0,0,0,0
1990,39,2,2,1,0,1,319,5,43,0
1990,21,1,1,1,0,0,874,1,40,0
1990,19,1,1,1,0,0,779,1,40,0
1990,27,1,0,0,0,0,804,2,40,0
1990,25,2,0,0,0,0,337,3,40,0
1990,74,1,0,1,0,0,0,0,0,0
1990,80,2,0,1,0,0,0,0,0,0
1990,33,2,2,0,0,0,208,3,32,0
1990,34,1,0,0,0,1,473,0,50,1
1990,33,2,0,0,0,0,156,5,30,0
1990,47,1,0,0,0,0,479,0,40,0
1990,44,2,0,0,0,1,174,6,40,0
1990,47,1,0,0,0,1,558,0,40,0
1990,46,2,0,0,0,0,313,5,25,0
1990,23,1,1,0,0,0,579,0,40,0
1990,60,1,0,0,0,0,0,0,0,0
1990,58,2,0,0,0,0,389,5,40,0
1990,24,1,0,1,0,0,744,1,40,0
1990,22,2,0,1,0,0,243,3,40,0
1990,73,2,3,0,0,0,0,0,0,0
1990,30,2,1,0,0,0,888,1,40,0
1990,36,1,1,1,0,0,0,0,0,0
1990,21,1,1,1,0,0,766,2,40,0
1990,19,1,1,1,0,0,486,0,8,0
1990,70,1,3,1,0,0,0,0,0,0
1990,61,2,3,1,0,0,0,0,0,0
1990,29,2,1,1,0,0,447,5,0,0
1990,27,1,0,0,0,0,507,1,40,0
1990,26,2,0,0,0,0,319,3,0,0
1990,61,1,2,0,0,0,0,0,0,0
1990,43,1,0,0,0,1,159,4,50,0
1990,43,2,0,0,0,1,22,5,40,0
1990,42,2,0,1,0,0,203,5,40,0
1990,42,1,0,1,0,0,804,3,40,0
1990,22,1,1,1,0,0,453,5,40,0
1990,45,1,2,0,0,0,508,2,40,0
1990,40,1,1,0,0,0,364,2,40,0
1990,40,2,1,1,0,0,0,0,0,0
1990,32,1,3,1,0,0,785,1,40,0
1990,22,2,1,1,0,0,435,3,40,0
1990,64,2,3,1,0,0,479,0,40,0
1990,26,2,1,1,0,1,785,1,40,0
1990,21,1,1,1,0,0,475,0,40,0
1990,50,1,0,0,0,1,22,4,30,0
1990,52,2,0,0,0,1,276,3,30,1
1990,29,1,1,0,0,1,84,5,99,0
1990,52,2,3,1,0,0,27,6,37,0
1990,25,1,0,1,0,0,779,1,40,0
1990,29,2,0,1,0,0,0,0,0,0
1990,60,1,3,0,0,0,365,3,40,0
1990,53,2,2,1,0,0,0,0,0,0
1990,78,1,0,1,0,0,0,0,0,0
1990,66,2,0,1,0,0,0,0,0,0
1990,56,1,3,1,0,0,799,1,40,0
1990,35,1,2,1,0,0,549,5,0,0
1990,33,1,1,1,0,0,426,4,20,0
1990,26,1,1,1,0,0,579,4,0,0
1990,26,1,1,1,0,0,869,4,30,0
1990,19,2,1,1,0,0,0,0,0,0
1990,35,2,2,0,0,1,445,5,30,0
1990,27,2,2,1,0,0,426,4,40,0
1990,23,1,1,1,0,0,276,1,40,0
1990,46,1,3,1,0,1,696,1,40,0
1990,73,2,3,1,0,0,0,0,0,0
1990,69,1,0,0,0,0,243,3,20,0
1990,58,2,0,0,0,0,314,2,40,0
1990,36,2,2,0,0,1,359,1,40,0
1990,57,1,0,0,0,0,505,4,40,0
1990,58,2,0,0,0,0,207,5,40,0
1990,39,1,0,1,0,0,889,6,40,0
1990,35,2,0,1,0,0,385,3,30,0
1990,20,2,1,1,0,0,0,0,0,0
1990,19,2,1,0,0,1,274,3,9,0
1990,66,2,2,0,0,1,22,4,24,0
1990,27,2,1,0,0,1,376,5,37,0
1990,71,1,0,1,0,0,0,0,0,0
1990,64,2,0,1,0,0,0,0,0,0
1990,21,2,1,1,0,0,385,4,35,0
1990,43,2,3,1,0,0,0,0,0,0
1990,30,2,1,1,0,0,744,1,40,0
1990,67,1,0,0,0,0,0,0,0,0
1990,64,2,0,0,0,0,0,0,0,0
1990,64,2,3,0,0,0,458,3,40,0
1990,62,2,2,0,0,0,24,4,40,0
1990,28,1,0,0,0,0,275,3,40,0
1990,23,2,0,0,0,1,338,3,40,0
1990,29,2,1,1,0,0,0,0,0,0
1990,71,1,0,0,0,0,0,0,0,0
1990,70,2,0,0,0,0,0,0,0,0
1990,27,1,1,0,0,1,37,5,60,0
1990,26,1,1,0,0,1,185,4,50,0
1990,77,2,3,0,0,0,0,0,0,0
1990,43,2,2,1,0,0,365,5,0,0
1990,25,2,1,0,0,1,27,4,43,0
1990,24,2,1,0,0,1,174,5,40,0
1990,26,2,1,0,0,1,318,2,40,0
1990,65,1,2,0,0,1,804,2,30,0
1990,53,2,2,0,0,1,104,5,50,0
1990,37,1,0,0,0,1,7,1,55,1
1990,37,2,0,0,0,1,274,3,0,0
1990,25,1,1,1,0,0,595,0,40,0
1990,24,2,1,1,0,0,276,5,40,0
1990,35,1,3,1,0,1,157,5,0,0
1990,36,1,3,0,0,0,0,0,0,0
1990,59,2,2,1,0,0,0,0,0,0
1990,21,1,3,1,0,0,779,1,0,0
1990,70,1,2,1,0,1,0,0,0,0
1990,56,1,0,0,0,0,473,0,40,0
1990,47,2,0,0,0,0,0,0,0,0
1990,18,2,3,0,0,1,0,0,0,0
1990,32,2,1,1,0,0,276,3,0,0
1990,24,2,1,1,0,1,276,3,17,0
1990,75,1,0,1,0,1,0,0,0,0
1990,74,2,0,1,0,0,0,0,0,0
1990,25,2,1,1,0,0,453,5,40,0
1990,36,1,0,1,0,0,749,1,40,0
1990,35,2,0,1,0,0,748,4,40,0
1990,18,2,1,1,0,0,0,0,0,0
1990,80,2,3,1,0,0,0,0,0,0
1990,27,2,1,1,0,1,435,3,40,0
1990,56,1,0,1,0,0,0,0,0,0
1990,56,2,0,1,0,0,0,0,0,0
1990,56,1,2,1,0,0,588,0,35,0
1990,50,1,0,1,0,0,379,3,40,0
1990,44,2,0,1,0,1,387,5,20,0
1990,33,2,3,1,0,1,308,6,37,0
1990,76,2,3,1,0,0,0,0,0,0
1990,53,1,2,1,0,0,567,0,40,0
1990,40,1,3,1,0,1,22,2,40,1
1990,43,2,2,1,0,1,303,5,40,0
1990,26,1,1,1,0,0,436,3,40,0
1990,25,2,1,1,0,1,264,3,24,0
1990,23,2,1,1,0,0,335,3,40,0
1990,43,1,2,1,0,0,0,0,0,0
1990,69,2,3,1,0,0,0,0,0,0
1990,59,2,3,1,0,0,447,5,40,0
1990,21,2,1,1,0,1,436,3,0,0
1990,25,1,1,0,0,1,364,2,38,0
1990,25,1,1,0,0,1,804,4,20,0
1990,27,2,1,1,0,1,385,2,40,0
1990,19,2,1,0,0,1,435,3,20,0
1990,19,2,1,0,0,1,185,3,40,0
1990,21,2,1,3,0,1,804,3,35,0
1990,20,1,1,0,0,1,443,3,40,0
1990,43,1,2,0,0,0,7,3,45,0
1990,63,1,0,1,0,0,869,0,48,0
1990,42,2,0,1,0,0,449,4,40,0
1990,27,1,1,1,0,0,444,4,0,0
1990,24,2,1,1,0,0,687,1,22,0
1990,22,2,1,1,0,0,276,3,40,0
1990,21,2,1,1,0,0,276,3,41,0
1990,69,2,3,1,0,0,0,0,0,0
1990,48,2,3,1,0,0,888,1,40,0
1990,56,1,2,1,0,0,804,1,40,0
1990,25,1,1,0,0,1,166,4,65,0
1990,49,1,0,0,0,1,22,1,60,1
1990,46,2,0,0,0,1,163,5,40,0
1990,23,1,0,0,0,1,154,5,20,0
1990,24,2,0,0,2,1,274,3,30,0
1990,40,1,0,0,0,1,154,5,40,1
1990,40,2,0,0,0,1,185,5,44,0
1990,23,2,1,0,0,1,21,5,50,0
1990,44,2,2,0,0,0,444,3,35,0
1990,20,2,2,0,0,1,276,3,20,0
1990,53,2,3,1,0,0,0,0,0,0
1990,30,2,1,1,0,0,0,0,0,0
1990,49,1,0,1,0,0,804,0,40,0
1990,44,2,0,1,0,0,0,0,0,0
1990,61,1,0,1,0,0,799,1,40,0
1990,61,2,0,1,0,0,0,0,0,0
1990,43,1,0,1,0,1,307,2,40,0
1990,42,2,0,1,0,1,266,3,32,0
1990,21,1,1,1,0,1,276,5,30,0
1990,78,2,3,0,0,0,0,0,0,0
1990,47,2,3,1,0,0,407,4,30,0
1990,73,1,0,0,0,0,0,0,0,0
1990,71,2,0,0,0,1,0,0,0,0
1990,40,2,2,1,0,1,447,5,52,0
1990,51,1,0,1,0,1,0,0,0,0
1990,41,2,0,1,0,0,446,5,40,0
1990,50,2,3,1,0,0,97,5,40,0
1990,20,2,1,1,0,0,796,1,35,0
1990,25,1,1,1,0,1,734,1,45,0
1990,36,2,1,1,0,0,453,5,40,0
1990,46,1,0,0,0,1,243,3,60,1
1990,42,2,0,0,0,1,0,0,0,1
1990,69,1,0,0,0,1,254,4,0,0
1990,67,2,0,0,0,1,0,0,0,1
1990,76,1,0,0,0,1,0,0,0,1
1990,72,2,0,0,0,1,0,0,0,1
1990,28,1,0,0,0,1,869,0,40,0
1990,19,2,0,0,0,0,313,0,40,0
1990,40,1,1,0,0,0,579,0,35,1
1990,62,2,3,0,0,0,0,0,0,0
1990,38,1,1,2,1,0,869,0,30,0
1990,30,1,3,2,1,0,563,0,20,0
1990,28,2,2,0,0,1,95,5,40,0
1990,24,1,1,0,0,0,567,0,85,0
1990,23,2,1,0,0,0,343,3,40,0
1990,34,1,0,0,0,1,259,3,45,0
1990,34,2,0,0,0,1,13,3,45,1
1990,67,2,3,0,0,0,379,3,38,0
1990,65,2,2,0,0,1,337,5,40,0
1990,80,1,0,0,0,0,0,0,0,0
1990,76,2,0,0,0,1,0,0,0,0
1990,69,2,3,0,0,1,97,3,0,0
1990,64,2,0,0,0,1,274,3,20,0
1990,70,1,0,0,0,1,29,3,20,0
1990,25,1,0,0,0,0,599,4,48,0
1990,24,2,0,0,0,0,378,4,30,0
1990,50,1,0,0,0,0,856,1,40,0
1990,48,2,0,0,0,0,0,0,0,0
1990,20,1,1,0,0,1,435,3,25,0
1990,26,1,0,1,0,1,447,5,37,0
1990,24,2,0,1,0,1,447,5,25,0
1990,62,1,0,0,0,1,0,0,0,0
1990,61,2,0,0,0,1,0,0,0,0
1990,32,2,0,0,0,1,184,5,40,0
1990,27,1,0,0,0,1,357,2,30,0
1990,28,1,0,1,0,0,883,2,40,0
1990,26,2,0,1,0,0,185,1,40,0
1990,32,1,0,1,0,0,628,1,40,0
1990,28,2,0,1,0,1,22,5,40,0
1990,37,1,0,1,0,1,355,2,40,0
1990,35,2,0,1,0,1,354,2,40,0
1990,38,1,0,1,0,1,354,2,40,0
1990,43,2,0,1,0,0,379,5,40,0
1990,73,1,3,0,0,0,0,0,0,0
1990,32,2,0,1,0,0,734,1,50,0
1990,37,1,0,1,0,0,777,1,40,0
1990,18,2,1,1,0,0,276,3,20,0
1990,42,2,2,1,0,1,156,5,35,0
1990,57,1,0,0,0,1,253,4,60,0
1990,57,2,0,0,0,1,337,4,50,0
1990,45,2,2,1,0,1,203,5,40,0
1990,23,1,1,1,0,1,265,3,25,0
1990,20,1,1,1,0,1,447,2,40,0
1990,50,1,3,1,0,0,687,1,20,0
1990,28,2,1,1,0,0,276,3,0,0
1990,19,1,1,1,0,0,486,5,40,0
1990,70,2,3,1,0,0,0,0,0,0
1990,21,1,1,1,0,1,453,4,0,0
1990,30,1,0,1,0,1,423,6,40,0
1990,29,2,0,1,0,0,436,3,40,0
1990,40,2,2,1,0,1,95,5,40,0
1990,57,1,0,0,0,0,508,2,40,0
1990,52,2,0,0,0,0,276,3,0,0
1990,47,2,2,1,0,1,0,0,0,0
1990,18,1,1,1,0,0,0,0,0,0
1990,46,1,0,1,0,1,777,1,40,0
1990,43,2,0,1,0,1,243,3,40,0
1990,59,2,0,1,0,0,453,5,37,0
1990,34,2,1,1,0,0,453,2,40,0
1990,24,2,3,1,0,0,449,4,32,0
1990,39,1,0,1,0,0,804,2,40,0
1990,40,2,0,1,0,1,744,1,27,0
1990,61,2,3,1,0,0,0,0,0,0
1990,36,2,3,0,0,0,313,1,40,0
1990,77,1,0,0,0,0,0,0,0,0
1990,76,2,0,0,0,0,0,0,0,0
1990,46,1,3,1,0,0,779,1,40,0
1990,24,2,1,1,0,0,313,1,40,0
1990,21,1,1,1,0,0,877,3,40,0
1990,43,1,2,1,0,0,453,4,40,0
1990,18,1,1,1,0,0,426,4,40,0
1990,38,1,2,0,0,1,343,3,40,0
1990,34,2,2,0,0,1,435,3,48,0
1990,55,2,2,0,0,0,0,0,0,0
1990,25,2,1,1,0,1,308,6,40,0
1990,27,1,0,1,0,1,436,3,20,0
1990,26,2,0,1,0,1,313,2,40,0
1990,42,1,0,1,0,1,777,1,40,0
1990,41,2,0,1,0,1,313,5,40,0
1990,33,1,1,1,0,1,203,5,40,0
1990,30,2,2,1,0,1,785,1,40,0
1990,66,1,0,0,0,0,0,0,0,0
1990,66,2,0,0,0,0,0,0,0,0
1990,25,2,0,1,0,1,354,2,40,0
1990,39,1,0,1,0,1,357,2,30,0
1990,41,1,0,0,0,0,515,2,40,0
1990,32,2,0,0,0,0,319,4,4,0
1990,35,1,2,0,0,1,276,3,40,0
1990,65,1,0,0,0,1,22,3,40,1
1990,67,2,0,0,0,1,0,0,0,0
1990,56,2,1,0,0,0,313,3,36,0
1990,43,2,0,0,0,1,22,0,40,0
1990,54,1,0,0,0,1,679,1,50,0
1990,47,1,0,0,0,1,549,1,40,0
1990,48,2,0,0,0,0,467,5,10,0
1990,19,1,1,0,0,1,435,3,37,0
1990,60,2,3,0,0,0,0,0,0,0
1990,22,2,1,0,0,1,313,2,40,0
1990,30,1,0,1,0,1,418,6,38,0
1990,28,2,0,1,0,1,243,3,45,0
1990,34,1,0,0,0,1,883,2,48,0
1990,35,2,0,0,0,0,313,4,0,0
1990,26,1,1,0,0,1,188,5,40,0
1990,70,1,0,0,0,1,0,0,0,0
1990,70,2,0,0,0,1,0,0,0,0
1990,25,2,1,1,0,0,315,6,40,0
1990,43,2,2,1,0,0,207,5,40,0
1990,46,1,0,0,0,1,257,0,40,0
1990,49,2,0,0,0,1,313,3,40,0
1990,63,1,0,0,0,0,22,1,40,0
1990,57,2,0,0,0,0,337,5,40,0
1990,78,2,3,0,0,0,319,4,40,0
1990,49,1,0,0,0,0,274,3,40,0
1990,48,2,0,0,0,1,95,0,24,0
1990,21,1,1,0,0,0,307,3,40,0
1990,23,1,1,0,0,1,98,5,48,0
1990,28,1,2,0,0,1,98,5,40,0
1990,48,1,0,0,0,1,363,2,43,0
1990,47,2,0,0,0,0,379,6,40,0
1990,65,1,3,0,0,1,0,0,0,0
1990,26,1,0,1,0,1,27,6,40,0
1990,29,2,0,1,1,1,155,5,40,0
1990,80,1,3,0,0,1,0,0,0,0
1990,30,1,0,0,0,1,255,4,55,0
1990,25,2,0,0,0,1,307,3,45,0
1990,56,2,2,0,0,1,22,5,40,0
1990,22,1,1,0,0,1,199,5,30,0
1990,22,1,1,0,0,1,308,1,40,0
1990,66,1,0,0,0,1,243,3,40,1
1990,62,2,0,0,0,0,0,0,0,0
1990,30,1,0,1,0,0,22,1,40,0
1990,27,2,0,1,0,0,207,5,40,0
1990,32,1,0,1,0,1,243,3,55,0
1990,34,2,0,1,0,1,379,4,60,0
1990,31,2,1,1,0,0,888,1,40,0
1990,67,1,2,0,0,0,579,0,40,0
1990,49,2,2,0,0,0,276,3,99,0
1990,63,1,0,0,0,1,22,0,45,0
1990,58,2,0,0,0,0,259,3,37,0
1990,45,1,0,0,0,1,22,0,60,1
1990,38,2,0,0,0,1,558,0,15,0
1990,19,1,1,0,0,1,515,6,50,0
1990,21,2,1,0,0,1,523,6,68,0
1990,24,1,1,0,0,0,418,6,40,0
1990,18,1,1,0,0,0,523,6,60,0
1990,18,1,1,1,0,0,227,6,38,0
1990,43,1,0,0,0,1,579,0,40,0
1990,39,2,0,0,0,1,95,5,20,0
1990,45,1,0,0,0,0,637,1,55,0
1990,45,2,0,0,0,1,18,4,50,0
1990,73,1,3,0,0,0,0,0,0,0
1990,21,1,0,0,0,1,317,4,45,0
1990,19,2,0,0,0,0,257,4,38,0
1990,79,2,3,1,0,0,0,0,0,0
1990,39,1,0,0,0,1,426,6,50,0
1990,38,2,0,0,0,1,313,6,0,0
1990,36,1,0,1,0,0,456,5,40,0
1990,33,2,0,1,0,0,379,5,20,0
1990,47,1,0,0,0,1,257,1,52,1
1990,31,2,0,0,0,0,376,1,40,0
1990,43,1,0,0,0,1,154,5,48,0
1990,38,2,0,0,0,1,95,5,50,0
1990,36,2,3,0,0,0,315,3,40,0
1990,67,1,0,0,0,0,0,0,0,0
1990,63,2,0,0,0,0,0,0,0,0
1990,42,1,0,0,0,1,804,2,40,0
1990,29,2,0,0,0,1,185,1,40,0
1990,51,1,2,0,0,1,197,3,55,0
1990,36,1,2,0,0,1,15,5,40,0
1990,39,1,2,0,0,1,22,1,40,0
1990,37,1,0,0,0,1,22,3,60,0
1990,37,2,0,0,0,1,337,3,25,0
1990,43,2,2,0,0,1,266,3,45,0
1990,55,1,0,0,0,1,257,1,45,0
1990,53,2,0,0,0,1,22,5,40,0
1990,36,2,0,0,0,1,95,5,0,0
1990,33,1,0,0,0,1,84,5,60,1
1990,50,1,0,1,0,1,156,5,45,1
1990,44,2,0,1,0,1,156,5,45,0
1990,38,1,0,0,0,1,163,5,40,0
1990,37,2,0,0,0,1,157,5,40,0
1990,19,2,1,0,0,0,0,0,0,0
1990,45,2,1,0,0,1,229,4,40,0
1990,48,1,0,0,0,1,227,6,40,1
1990,43,2,0,0,0,0,22,4,36,0
1990,31,1,0,0,0,1,525,2,40,0
1990,36,2,0,0,0,0,22,5,40,0
1990,49,1,0,0,0,0,754,6,40,0
1990,52,2,0,0,2,0,0,0,0,0
1990,27,2,2,0,2,0,803,3,40,0
1990,58,1,0,0,0,0,804,2,20,0
1990,58,2,0,0,0,0,0,0,0,0
1990,34,2,0,0,0,1,458,4,38,0
1990,36,1,0,0,0,1,547,3,40,0
1990,68,1,0,0,0,0,0,0,0,0
1990,63,2,0,0,0,0,0,0,0,0
1990,42,2,1,0,0,0,308,1,40,0
1990,56,1,0,0,0,1,22,1,55,1
1990,56,2,0,0,0,0,0,0,0,0
1990,30,1,2,0,0,0,883,1,45,0
1990,18,2,1,0,0,0,435,3,6,0
1990,30,1,0,0,0,1,27,2,55,1
1990,30,2,0,0,0,1,22,4,25,0
1990,32,1,0,0,0,1,255,4,50,1
1990,32,2,0,0,0,1,318,2,0,0
1990,37,1,0,0,0,1,364,2,40,0
1990,34,2,0,0,0,1,0,0,0,0
1990,32,2,2,0,0,1,23,4,55,1
1990,62,1,0,0,0,1,154,5,35,1
1990,61,2,0,0,0,1,28,4,40,0
1990,44,1,0,0,0,1,213,2,40,0
1990,39,2,0,0,0,0,379,2,37,0
1990,51,1,2,0,0,0,514,4,20,0
1990,52,2,3,1,0,1,156,5,35,0
1990,24,1,1,0,0,1,785,2,56,0
1990,24,1,1,0,0,1,636,2,56,0
1990,24,1,1,0,0,1,515,2,56,0
1990,29,1,1,0,0,1,57,1,40,0
1990,53,1,0,0,0,1,583,0,25,0
1990,51,2,0,0,0,0,17,3,15,0
1990,29,2,1,0,0,0,328,6,44,0
1990,26,1,1,0,0,0,869,0,25,0
1990,27,2,1,0,0,1,22,1,40,0
1990,28,2,1,0,0,1,433,5,40,0
1990,52,1,0,0,0,1,567,0,60,0
1990,29,2,0,0,0,0,365,3,40,0
1990,33,1,0,0,0,1,804,2,50,0
1990,30,2,0,0,0,0,453,4,8,0
1990,33,1,0,0,0,1,889,2,40,0
1990,34,2,0,0,0,1,365,3,0,0
1990,33,1,0,0,0,1,779,2,40,0
1990,29,2,0,0,0,0,276,3,0,0
1990,38,1,0,0,0,0,243,3,75,0
1990,42,2,0,0,0,1,95,5,60,0
1990,19,1,2,0,0,0,566,0,40,0
1990,23,1,0,0,0,1,22,1,47,0
1990,22,2,0,0,0,1,23,4,40,0
1990,60,1,0,0,0,1,95,5,50,1
1990,57,2,0,0,0,0,0,0,0,0
1990,23,1,1,0,0,1,364,1,42,0
1990,29,2,1,1,0,0,453,6,32,0
1990,29,1,0,0,0,0,274,3,44,0
1990,31,2,0,0,0,1,253,4,10,0
1990,32,1,0,0,0,0,518,1,48,0
1990,32,2,0,0,0,0,785,1,40,0
1990,69,1,0,0,0,0,423,6,21,0
1990,69,2,0,0,0,0,447,5,30,0
1990,39,1,0,0,0,0,307,2,60,0
1990,36,2,0,0,0,0,276,3,0,0
1990,19,2,1,0,0,1,313,5,40,0
1990,43,1,0,0,0,0,889,1,40,0
1990,41,2,0,0,0,0,0,0,0,0
1990,19,2,1,0,0,0,0,0,0,0
1990,32,1,2,0,0,0,783,1,40,0
1990,20,2,1,0,0,0,719,1,40,0
1990,22,1,1,0,0,1,378,3,30,0
1990,65,2,3,0,0,0,447,5,0,0
1990,41,1,0,0,0,1,596,0,50,0
1990,38,2,0,0,0,1,243,3,30,0
1990,41,1,0,0,0,0,885,1,48,0
1990,39,2,0,0,0,0,0,0,0,0
1990,20,1,1,0,0,0,748,4,40,0
1990,18,1,1,0,0,0,567,0,40,0
1990,71,1,0,0,0,0,0,0,0,0
1990,72,2,0,0,0,0,0,0,0,0
1990,48,1,0,0,0,1,343,5,55,1
1990,46,2,0,0,0,1,156,5,2,0
1990,41,1,0,0,0,0,699,1,40,0
1990,45,2,0,0,0,0,22,4,0,0
1990,23,1,0,0,0,1,804,1,40,0
1990,22,2,0,0,0,0,0,0,0,0
1990,33,1,0,0,0,1,57,1,50,0
1990,36,2,0,0,0,1,677,3,32,0
1990,51,1,2,0,0,0,779,1,40,0
1990,29,1,1,1,0,0,804,2,40,0
1990,64,2,3,1,0,0,0,0,0,0
1990,57,2,3,0,0,1,337,0,40,0
1990,33,1,1,0,0,1,178,5,72,0
1990,52,1,0,0,0,0,804,2,40,0
1990,45,2,0,0,0,0,337,2,45,0
1990,28,1,0,0,0,0,473,0,55,0
1990,26,2,0,0,0,0,0,0,0,0
1990,41,2,2,0,0,0,796,1,35,0
1990,72,1,0,0,0,0,0,0,0,0
1990,73,2,0,0,0,0,0,0,0,0
1990,35,1,0,0,0,0,479,0,75,0
1990,33,2,0,0,0,0,0,0,0,0
1990,40,1,0,0,0,0,243,3,40,0
1990,48,2,0,0,0,0,744,1,40,0
1990,50,1,0,0,0,0,567,0,40,0
1990,50,2,0,0,0,0,0,0,0,0
1990,18,1,1,0,0,0,567,0,32,0
1990,39,2,2,0,0,0,777,1,0,0
1990,76,1,0,0,0,0,0,0,0,0
1990,70,2,0,0,0,0,0,0,0,0
1990,34,1,0,0,0,0,229,1,40,0
1990,34,2,0,0,0,0,888,1,40,0
1990,21,1,0,0,0,1,889,3,50,0
1990,23,2,0,0,0,1,785,1,40,0
1990,56,2,3,1,0,0,0,0,0,0
1990,18,1,1,1,0,0,754,1,50,0
1990,39,1,0,0,0,0,643,2,60,0
1990,38,2,0,0,0,0,274,5,35,0
1990,58,1,0,1,0,0,0,0,0,0
1990,54,2,0,1,0,0,0,0,0,0
1990,31,2,2,1,0,0,0,0,0,0
1990,36,1,0,1,0,0,727,1,40,0
1990,45,2,0,0,0,1,525,1,0,0
1990,65,2,2,0,0,0,407,4,20,0
1990,36,2,2,0,0,0,744,1,40,0
1990,28,2,3,0,0,0,368,3,40,0
1990,32,1,0,0,0,0,628,1,40,0
1990,31,2,0,0,0,0,339,3,0,0
1990,60,1,2,0,0,0,479,0,30,0
1990,26,1,0,0,0,1,276,3,40,0
1990,25,2,0,0,0,1,379,1,40,0
1990,23,1,0,0,0,0,727,1,40,0
1990,25,2,0,0,0,0,435,3,40,0
1990,65,1,1,1,0,0,0,0,0,0
1990,74,2,3,0,0,0,0,0,0,0
1990,39,2,2,0,0,0,745,1,35,0
1990,80,2,2,0,0,0,0,0,0,0
1990,19,1,0,0,0,0,783,1,40,0
1990,18,2,0,0,0,0,0,0,0,0
1990,76,1,0,0,0,0,0,0,0,0
1990,74,2,0,0,0,0,0,0,0,0
1990,30,1,0,1,0,0,756,3,40,0
1990,27,2,0,1,0,0,744,1,40,0
1990,67,1,0,0,0,0,0,0,0,0
1990,58,2,0,0,0,1,0,0,0,0
1990,30,1,1,0,0,1,706,1,40,0
1990,38,1,1,0,0,0,0,0,0,0
1990,27,1,0,1,0,0,783,1,50,0
1990,26,2,0,1,0,1,888,1,34,0
1990,50,2,2,0,0,0,0,0,0,0
1990,21,2,1,0,0,0,0,0,0,0
1990,25,1,3,0,0,0,366,2,24,0
1990,69,1,2,0,0,0,0,0,0,0
1990,56,1,0,0,0,1,796,3,45,1
1990,53,2,0,0,0,0,0,0,0,0
1990,58,2,3,0,0,0,447,4,0,0
1990,38,1,0,0,0,1,503,2,42,0
1990,33,2,0,0,0,0,264,3,12,0
1990,75,2,3,0,0,0,0,0,0,0
1990,30,1,0,0,0,0,473,0,72,0
1990,28,2,0,0,0,1,313,3,60,0
1990,27,1,0,0,0,0,779,1,40,0
1990,26,2,0,0,0,0,185,1,40,0
1990,78,1,0,0,0,0,0,0,0,0
1990,79,2,0,0,0,0,0,0,0,0
1990,34,1,0,1,0,0,889,3,40,0
1990,23,2,0,1,0,1,447,5,40,0
1990,18,2,1,1,0,1,436,3,40,0
1990,72,1,3,0,0,0,599,0,0,0
1990,78,1,0,0,0,0,575,5,30,0
1990,73,2,0,0,0,0,0,0,0,0
1990,35,1,2,0,0,1,534,5,40,0
1990,70,1,0,0,0,0,473,0,50,0
1990,67,2,0,0,0,0,337,0,30,0
1990,77,2,3,0,0,0,0,0,0,0
1990,48,1,0,0,0,0,509,4,25,0
1990,45,2,0,0,0,0,744,1,40,0
1990,67,1,0,0,0,0,783,1,40,0
1990,67,2,0,0,0,1,0,0,0,0
1990,18,1,1,0,0,0,0,0,0,0
1990,73,1,0,0,0,0,0,0,0,0
1990,75,2,0,0,0,0,0,0,0,0
1990,73,2,3,0,0,0,0,0,0,0
1990,75,2,3,0,0,0,0,0,0,0
1990,66,1,0,0,0,0,473,0,45,0
1990,59,2,0,0,0,0,0,0,0,0
1990,27,1,0,0,0,1,176,5,50,0
1990,25,2,0,0,0,1,313,4,0,0
1990,41,1,3,0,0,0,518,1,40,0
1990,47,1,0,0,0,0,505,6,40,0
1990,48,2,0,0,0,0,379,0,0,0
1990,19,2,1,1,0,0,379,6,20,0
1990,33,1,0,0,0,1,228,6,70,0
1990,34,2,0,0,0,1,466,5,0,0
1990,19,1,1,1,0,0,235,6,30,0
1990,20,1,1,0,0,0,904,6,10,0
1990,34,1,0,0,0,1,213,1,40,0
1990,32,2,0,0,0,1,0,0,0,0
1990,26,1,0,0,0,1,263,3,55,0
1990,25,2,0,0,0,1,313,3,0,0
1990,63,1,0,0,0,0,243,3,12,0
1990,61,2,0,0,0,1,0,0,0,0
1990,40,1,1,0,0,0,0,0,0,0
1990,58,1,0,0,0,0,263,3,60,0
1990,57,2,0,0,0,0,0,0,0,0
1990,37,1,0,0,0,1,15,6,50,0
1990,27,2,0,0,0,0,0,0,0,0
1990,31,1,2,0,0,0,889,1,40,0
1990,34,2,1,0,0,0,734,1,50,0
1990,40,1,2,0,0,1,15,5,70,1
1990,24,1,0,0,0,1,529,6,40,0
1990,21,2,0,0,0,0,276,3,0,0
1990,36,1,0,0,0,1,889,1,40,0
1990,33,2,0,0,0,0,313,6,40,0
1990,61,1,0,0,0,0,18,4,56,0
1990,65,2,0,0,0,0,0,0,0,0
1990,32,1,2,0,0,1,253,4,40,0
1990,27,2,1,0,0,1,65,4,45,0
1990,27,1,1,0,0,1,804,3,40,0
1990,73,1,0,0,0,1,84,5,40,1
1990,70,2,0,0,0,1,0,0,0,0
1990,23,1,0,1,0,1,549,6,75,0
1990,24,2,0,1,0,1,904,6,45,0
1990,34,1,0,0,0,1,178,5,67,1
1990,30,2,0,0,0,1,0,0,0,0
1990,27,1,1,1,0,0,453,3,8,0
1990,40,2,2,0,0,1,156,5,52,0
1990,27,1,1,0,0,1,414,6,40,0
1990,21,1,1,0,0,1,486,0,40,0
1990,25,1,0,0,0,0,804,3,40,0
1990,24,2,0,0,0,0,877,3,40,0
1990,52,2,2,0,0,0,0,0,0,0
1990,27,2,0,0,0,0,276,3,30,0
1990,28,1,0,0,0,0,869,0,30,0
1990,23,1,0,0,0,0,507,6,40,0
1990,31,2,0,0,0,1,95,5,40,0
1990,30,1,0,0,0,1,903,6,55,0
1990,20,2,0,0,0,0,387,5,35,0
1990,26,1,0,0,0,1,44,6,55,0
1990,25,2,0,0,0,0,319,3,30,0
1990,30,2,2,1,0,1,365,6,37,0
1990,45,1,0,0,0,1,473,0,60,0
1990,43,2,0,0,0,1,473,0,40,0
1990,62,1,0,0,0,0,804,2,50,0
1990,58,2,0,0,0,0,22,1,0,0
1990,30,1,1,0,0,1,378,4,40,0
1990,28,1,2,1,0,0,675,1,40,0
1990,28,2,2,1,0,0,0,0,0,0
1990,64,1,0,0,0,0,479,0,50,0
1990,63,2,0,0,0,0,488,0,60,0
1990,18,2,1,0,0,0,0,0,0,0
1990,36,1,0,0,0,1,254,4,60,0
1990,33,2,0,0,0,1,364,1,40,0
1990,61,2,3,0,0,1,259,3,45,0
1990,66,1,0,1,0,0,0,0,0,0
1990,53,2,0,1,0,0,888,1,0,0
1990,44,2,2,0,0,0,785,1,40,0
1990,38,1,0,0,0,1,389,1,40,0
1990,29,2,0,0,0,1,156,5,40,0
1990,73,1,0,0,0,1,473,0,25,0
1990,69,2,0,0,0,0,0,0,0,0
1990,49,1,0,0,0,0,259,3,40,1
1990,45,2,0,0,0,0,259,1,40,0
1990,20,1,1,0,0,0,274,3,8,0
1990,29,1,2,0,0,0,779,1,40,0
1990,33,1,0,0,0,1,889,2,45,0
1990,42,2,0,0,0,0,337,1,40,0
1990,18,1,1,0,0,0,436,3,29,0
1990,55,1,0,0,0,1,737,1,40,0
1990,53,2,0,0,0,0,243,3,60,0
1990,33,1,0,0,0,0,243,3,40,0
1990,29,2,0,0,0,0,337,5,45,0
1990,65,2,3,0,0,0,274,3,27,0
1990,45,1,0,0,0,0,189,4,50,0
1990,41,2,0,0,0,0,379,1,40,0
1990,21,1,1,0,0,0,434,3,35,0
1990,20,2,1,0,0,1,385,2,40,0
1990,37,1,2,0,0,0,549,3,45,0
1990,35,2,2,0,0,0,368,3,45,0
1990,61,1,0,0,0,0,496,1,40,0
1990,56,2,0,0,0,0,887,1,40,0
1990,41,1,2,0,0,1,804,2,40,0
1990,61,2,2,0,0,1,447,5,64,0
1990,24,2,1,0,0,1,267,3,40,0
1990,30,1,0,0,0,1,98,5,40,0
1990,26,2,0,0,0,1,95,5,24,0
1990,64,2,0,0,0,0,0,0,0,0
1990,64,1,0,0,0,0,804,2,0,0
1990,30,1,0,0,0,0,699,2,60,1
1990,35,2,0,0,0,1,156,5,0,0
1990,37,1,0,0,0,0,844,0,43,0
1990,42,2,0,0,0,0,243,3,0,0
1990,48,1,0,0,0,0,276,3,40,0
1990,48,2,0,0,0,0,769,1,40,0
1990,77,2,0,0,0,0,0,0,0,0
1990,43,1,3,0,0,1,417,6,72,0
1990,38,2,3,0,0,0,0,0,0,0
1990,76,1,0,0,0,0,263,3,0,0
1990,72,2,0,0,0,0,0,0,0,0
1990,28,2,1,0,0,1,446,5,45,0
1990,40,1,0,0,0,0,636,1,40,0
1990,39,2,0,0,0,0,877,5,40,0
1990,23,1,0,0,0,0,424,6,40,0
1990,20,2,0,0,0,0,887,4,0,0
1990,34,1,0,0,0,1,417,6,72,0
1990,32,2,0,0,0,0,337,5,0,0
1990,29,2,2,0,0,1,197,4,45,0
1990,61,2,1,0,0,0,0,0,0,0
1990,68,1,0,0,0,1,523,4,14,0
1990,76,2,0,0,0,0,0,0,0,0
1990,20,1,0,0,0,0,73,1,62,0
1990,19,2,0,0,0,0,313,0,40,0
1990,61,2,3,0,0,0,0,0,0,0
1990,37,1,0,0,0,0,385,5,40,0
1990,35,2,0,0,0,0,355,2,24,0
1990,55,1,0,0,0,0,263,3,48,0
1990,50,2,0,0,0,1,0,0,0,0
1990,68,2,1,0,0,1,0,0,0,0
1990,61,2,3,0,0,0,689,1,40,0
1990,69,2,3,0,0,1,0,0,0,0
1990,55,1,0,0,0,1,254,4,40,0
1990,50,2,0,0,0,1,95,5,44,0
1990,23,1,1,0,0,1,154,5,0,0
1990,19,2,1,0,0,1,208,5,12,0
1990,78,1,0,1,0,0,0,0,0,0
1990,73,2,0,1,0,0,0,0,0,0
1990,46,1,0,0,0,0,448,4,55,0
1990,33,2,0,0,0,1,449,4,55,0
1990,63,2,2,1,0,0,404,4,0,0
1990,34,1,1,1,0,0,486,0,0,0
1990,42,2,1,1,0,1,303,2,37,0
1990,55,1,0,0,0,0,475,0,40,0
1990,48,2,0,0,0,0,717,3,40,0
1990,18,1,1,0,0,0,883,1,0,0
1990,29,1,0,0,0,0,598,0,48,0
1990,18,2,0,0,0,0,435,3,0,0
1990,45,1,0,0,0,0,507,2,40,0
1990,32,2,0,0,0,0,274,3,40,0
1990,67,2,2,0,0,0,447,5,36,0
1990,43,1,0,0,0,1,525,1,40,0
1990,41,2,0,0,0,1,22,4,40,0
1990,21,2,1,0,0,1,29,3,40,0
1990,18,2,2,0,0,0,373,3,25,0
1990,43,1,0,0,0,1,274,3,70,1
1990,41,2,0,0,0,0,0,0,0,0
1990,18,2,1,0,0,0,379,5,30,0
1990,45,1,0,0,0,1,35,0,48,0
1990,41,2,0,0,0,0,25,4,40,0
1990,20,1,1,0,0,0,366,2,40,0
1990,23,2,1,0,0,1,373,3,20,0
1990,42,1,0,0,0,1,7,4,50,1
1990,41,2,0,0,0,1,315,4,40,0
1990,40,1,0,0,0,0,628,2,40,0
1990,39,2,0,0,0,0,376,1,40,0
1990,18,1,1,0,0,0,436,3,20,0
1990,31,1,0,0,0,0,804,4,40,0
1990,28,2,0,0,0,0,446,5,22,0
1990,62,1,0,0,0,0,0,0,0,0
1990,55,2,0,0,0,0,0,0,0,0
1990,30,2,1,0,0,0,0,0,0,0
1990,31,1,3,0,0,0,0,0,0,0
1990,41,2,0,0,0,0,22,2,40,0
1990,43,1,0,0,0,0,785,1,40,0
1990,18,1,1,0,0,0,436,3,20,0
1990,33,1,0,0,0,0,738,1,40,0
1990,33,2,0,0,0,0,313,3,12,0
1990,66,2,3,0,0,0,0,0,0,0
1990,29,1,0,0,0,0,365,2,40,0
1990,39,2,0,0,0,0,785,2,40,0
1990,50,1,0,0,0,0,598,0,40,0
1990,47,2,0,0,0,0,473,0,50,0
1990,40,2,2,0,0,1,313,4,40,0
1990,31,1,0,1,0,1,628,1,55,0
1990,29,2,0,1,0,0,804,1,43,0
1990,51,1,2,0,0,1,7,1,45,1
1990,72,2,3,0,0,0,0,0,0,0
1990,21,2,1,0,0,1,445,5,20,0
1990,22,1,1,0,0,0,453,4,40,0
1990,44,1,0,0,0,1,316,6,52,1
1990,44,2,0,0,0,1,159,5,15,0
1990,47,1,0,0,0,1,23,4,55,1
1990,42,2,0,0,0,1,274,3,10,0
1990,41,2,0,0,0,1,274,3,20,0
1990,47,1,0,0,0,1,187,2,40,0
1990,22,1,1,0,0,1,435,3,15,0
1990,19,1,1,0,0,1,889,0,20,0
1990,59,1,0,0,0,1,254,4,35,0
1990,63,2,0,0,0,1,319,4,42,0
1990,68,1,0,0,0,0,0,0,0,0
1990,67,2,0,0,0,0,0,0,0,0
1990,47,2,2,0,0,1,73,5,50,0
1990,58,1,3,0,0,0,17,3,80,1
1990,43,1,0,0,0,1,473,0,55,0
1990,41,2,0,0,0,0,337,0,0,0
1990,22,2,1,0,0,1,23,0,40,0
1990,67,2,3,0,0,0,0,0,0,0
1990,39,1,0,0,0,0,509,3,55,0
1990,34,2,0,0,0,0,387,5,35,0
1990,36,1,0,0,0,1,259,3,40,0
1990,33,2,0,0,0,0,18,4,40,0
1990,80,1,0,0,0,0,0,0,0,0
1990,76,2,0,0,0,0,0,0,0,0
1990,44,2,0,0,0,1,796,1,45,0
1990,43,1,0,0,0,1,254,4,40,0
1990,22,2,1,0,0,1,319,5,35,0
1990,18,2,1,0,0,0,436,3,15,0
1990,28,1,0,0,0,1,22,3,50,1
1990,27,2,0,0,0,0,313,1,40,0
1990,46,1,0,0,0,1,189,2,40,0
1990,45,2,0,0,0,1,313,4,40,0
1990,46,2,2,0,0,1,274,5,40,0
1990,19,1,1,0,0,0,13,1,40,0
1990,38,2,3,0,0,0,266,3,28,0
1990,40,1,0,0,0,1,59,6,37,0
1990,39,2,0,0,0,1,26,5,10,0
1990,40,1,0,0,0,0,866,0,35,0
1990,37,2,0,0,0,0,677,3,48,0
1990,53,1,0,0,0,0,25,3,40,0
1990,47,2,0,0,0,0,379,3,40,0
1990,38,1,0,0,0,1,235,3,40,0
1990,54,2,0,0,0,0,689,3,0,0
1990,52,1,0,0,0,1,259,3,60,1
1990,53,2,0,0,0,1,156,5,45,0
1990,42,1,0,0,0,1,154,5,40,0
1990,42,2,0,0,0,1,154,5,45,0
1990,38,1,0,0,0,1,558,0,50,0
1990,37,2,0,0,0,1,305,5,50,0
1990,76,2,3,0,0,1,156,5,14,0
1990,36,1,0,0,0,0,804,2,60,0
1990,36,2,0,0,0,0,785,1,40,0
1990,53,1,0,0,0,0,567,0,40,0
1990,57,2,0,0,0,0,276,3,32,0
1990,57,1,0,0,0,0,856,3,40,0
1990,50,2,0,0,0,0,37,2,40,0
1990,41,1,0,0,0,1,777,1,40,0
1990,36,2,0,0,0,0,453,4,6,0
1990,47,1,0,0,0,1,22,1,40,1
1990,42,2,0,0,0,1,0,0,0,0
1990,57,1,3,0,0,0,0,0,0,0
1990,43,1,0,0,0,1,22,4,50,1
1990,40,2,0,0,0,1,379,5,0,0
1990,47,1,1,1,0,0,777,1,40,0
1990,44,1,2,1,0,0,808,2,40,0
1990,35,2,1,1,0,0,0,0,0,0
1990,46,1,0,0,0,0,436,1,40,0
1990,40,2,0,0,0,1,207,5,0,0
1990,18,2,0,0,0,0,904,6,40,0
1990,21,1,0,0,0,1,274,6,40,0
1990,62,1,0,0,0,0,779,1,48,0
1990,57,2,0,0,0,1,377,5,40,0
1990,53,1,0,0,0,0,808,5,55,0
1990,47,2,0,0,0,0,319,4,50,0
1990,32,2,2,0,0,0,785,1,40,0
1990,28,2,1,0,0,1,375,4,37,0
1990,23,1,0,0,0,1,634,1,65,0
1990,22,2,0,0,0,0,37,4,38,0
1990,43,1,0,0,0,1,253,4,40,1
1990,34,2,0,0,0,1,253,4,40,0
1990,35,1,0,0,0,0,575,2,48,0
1990,32,2,0,0,0,1,23,1,40,0
1990,69,1,1,0,0,0,0,0,0,0
1990,47,1,0,0,0,1,22,5,40,1
1990,42,2,0,0,2,1,796,5,40,0
1990,18,2,1,0,0,1,877,3,15,0
1990,37,1,1,3,3,1,505,1,40,0
1990,38,1,0,0,0,0,22,0,75,0
1990,37,2,0,0,0,0,276,3,32,0
1990,23,2,1,0,0,1,385,5,30,0
1990,24,2,1,0,0,1,313,4,40,0
1990,18,1,1,0,0,1,877,3,30,0
1990,20,1,1,0,0,1,276,3,30,0
1990,38,1,0,1,0,1,755,1,42,0
1990,35,2,0,1,0,1,379,6,40,0
1990,34,1,1,1,0,0,208,5,20,0
1990,71,2,2,1,0,0,436,5,0,0
1990,27,1,1,1,0,0,17,3,40,0
1990,59,1,0,0,0,0,357,4,40,0
1990,59,2,0,0,0,0,447,1,40,0
1990,60,2,3,0,0,0,796,1,40,0
1990,70,2,2,1,0,1,0,0,0,0
1990,72,1,3,1,0,0,0,0,0,0
1990,19,2,1,0,0,1,319,5,24,0
1990,25,2,2,0,0,0,379,2,40,0
1990,23,1,0,0,0,0,514,3,40,0
1990,21,2,0,0,0,0,466,5,0,0
1990,80,2,3,1,0,0,0,0,0,0
1990,70,2,3,0,0,0,185,3,37,0
1990,44,1,0,0,0,1,518,1,40,0
1990,39,2,0,0,0,0,777,1,40,0
1990,18,2,1,0,0,0,435,3,20,0
1990,44,1,0,0,0,0,507,2,40,1
1990,38,2,0,0,0,0,319,1,40,0
1990,19,1,1,0,0,0,637,1,40,0
1990,46,1,0,0,0,1,636,1,50,0
1990,48,2,0,0,0,0,449,4,36,0
1990,34,2,1,0,0,0,224,1,45,0
1990,37,1,0,0,0,1,218,5,45,0
1990,36,2,0,0,0,1,316,6,10,0
1990,33,1,0,1,0,0,804,3,40,0
1990,29,2,0,1,0,1,688,3,35,0
1990,30,1,0,0,0,1,243,3,40,0
1990,26,2,0,0,0,1,7,4,40,0
1990,35,1,0,0,0,1,27,4,45,0
1990,31,2,0,0,0,1,22,4,45,0
1990,54,1,0,0,0,0,579,0,40,0
1990,51,2,0,0,0,1,243,3,44,0
1990,52,1,0,0,0,0,22,1,50,0
1990,48,2,0,0,0,0,365,3,50,0
1990,33,1,0,1,0,0,22,6,40,0
1990,31,2,0,1,0,1,308,5,40,0
1990,29,1,3,0,0,0,364,5,45,0
1990,57,2,2,0,0,0,447,5,35,0
1990,26,1,1,0,0,0,566,3,30,0
1990,50,1,0,0,0,1,176,5,48,0
1990,46,2,0,0,0,0,444,3,48,0
1990,19,1,1,0,0,0,766,1,40,0
1990,56,1,0,0,0,0,708,1,40,0
1990,46,2,0,0,0,0,797,1,40,0
1990,20,1,1,0,0,0,453,1,40,0
1990,69,2,3,0,0,0,0,0,0,0
1990,32,1,0,0,0,1,634,1,40,0
1990,29,2,0,0,0,1,274,3,30,0
1990,48,1,0,0,0,1,634,1,41,0
1990,50,2,0,0,0,1,378,1,40,0
1990,66,1,0,0,0,0,0,0,0,0
1990,61,2,0,0,0,1,0,0,0,0
1990,34,2,2,0,0,0,785,1,40,0
1990,51,1,0,0,0,0,22,1,50,1
1990,42,2,0,0,0,1,185,3,10,0
1990,18,1,1,0,0,0,438,3,0,0
1990,73,2,0,0,0,0,447,5,0,0
1990,64,1,0,0,0,0,0,0,0,0
1990,63,2,0,0,0,0,0,0,0,0
1990,58,1,0,0,0,0,779,5,40,0
1990,58,2,0,0,0,1,796,1,40,0
1990,80,1,0,0,0,0,0,0,0,0
1990,80,2,0,0,0,0,0,0,0,0
1990,33,1,0,0,0,0,883,0,45,0
1990,26,2,0,0,0,0,0,0,0,0
1990,53,2,3,0,0,0,754,1,40,0
1990,71,1,0,0,0,0,0,0,0,0
1990,75,2,0,0,0,0,0,0,0,0
1990,39,1,0,0,0,0,796,1,40,0
1990,37,2,0,0,0,1,156,5,40,0
1990,54,2,2,0,0,1,22,2,40,0
1990,26,1,2,0,0,0,693,2,50,0
1990,21,1,1,0,0,0,783,4,40,0
1990,71,1,0,0,0,0,0,0,0,0
1990,60,2,0,0,0,0,0,0,0,0
1990,78,2,3,0,0,0,0,0,0,0
1990,33,2,1,1,0,0,0,0,0,0
1990,33,1,2,1,0,1,783,4,50,0
1990,42,1,0,0,0,0,363,1,40,0
1990,35,2,0,0,0,0,647,3,40,0
1990,18,1,1,0,0,0,595,0,40,0
1990,21,2,0,0,0,0,744,1,40,0
1990,23,1,0,0,0,0,473,0,40,0
1990,30,1,0,0,0,0,597,0,40,0
1990,25,2,0,0,0,0,17,3,40,0
1990,58,2,2,0,0,0,0,0,0,0
1990,28,1,0,0,0,0,637,1,48,0
1990,28,2,0,0,0,1,95,5,40,0
1990,36,1,0,0,0,0,785,1,40,0
1990,36,2,0,0,0,0,436,3,35,0
1990,25,1,0,0,0,0,844,0,40,0
1990,24,2,0,0,0,1,327,2,40,0
1990,59,2,0,0,0,0,0,0,0,0
1990,67,1,0,0,0,0,18,2,0,0
1990,52,1,0,0,0,0,844,0,40,0
1990,48,2,0,0,0,0,277,3,5,0
1990,26,2,2,0,0,1,235,1,40,0
1990,27,1,2,0,0,0,769,1,40,0
1990,35,2,2,0,0,0,744,1,30,0
1990,38,1,0,0,0,0,505,1,50,0
1990,32,2,0,0,0,0,274,3,40,0
1990,64,1,0,0,0,0,0,0,0,0
1990,63,2,0,0,0,0,0,0,0,0
1990,58,1,0,0,0,0,727,1,40,0
1990,43,2,0,0,0,0,744,1,40,0
1990,34,1,0,0,0,0,423,6,45,0
1990,34,2,0,0,0,0,785,1,0,0
1990,58,2,3,0,0,0,0,0,0,0
1990,50,1,0,0,0,0,479,0,60,0
1990,47,2,0,0,0,0,883,1,40,0
1990,19,1,1,0,0,0,0,0,0,0
1990,39,2,2,0,0,0,796,1,0,0
1990,50,1,0,0,0,0,473,0,40,0
1990,49,2,0,0,0,0,744,1,50,0
1990,28,1,1,0,0,1,877,1,40,0
1990,31,1,0,0,0,0,785,1,40,0
1990,36,2,0,0,0,0,406,4,50,0
1990,80,1,0,0,0,0,0,0,0,0
1990,76,2,0,0,0,0,0,0,0,0
1990,25,1,1,0,0,0,889,3,8,0
1990,60,1,0,0,0,0,769,1,40,1
1990,54,2,0,0,0,0,176,5,8,0
1990,59,2,1,0,0,0,744,1,40,0
1990,55,2,1,0,0,0,453,1,40,0
1990,70,2,3,0,0,0,744,1,40,0
1990,51,1,0,0,0,0,503,2,60,0
1990,47,2,0,0,0,1,16,2,40,0
1990,21,1,1,0,0,1,319,5,12,0
1990,20,2,1,0,0,1,0,0,0,0
1990,41,1,0,0,0,0,567,5,40,0
1990,35,2,0,0,0,0,745,1,40,0
1990,22,2,1,0,0,1,276,3,40,0
1990,26,2,1,0,0,1,243,3,40,0
1990,62,1,0,0,0,0,22,0,70,1
1990,61,2,0,0,0,0,0,0,0,0
1990,77,1,0,0,0,0,0,0,0,0
1990,77,2,0,0,0,0,0,0,0,0
1990,32,1,0,0,0,0,575,1,40,0
1990,30,2,0,0,0,0,628,1,40,0
1990,49,1,0,0,0,0,544,1,40,0
1990,44,2,0,0,0,0,0,0,0,0
1990,53,1,0,0,0,0,364,4,40,0
1990,49,2,0,0,0,1,95,6,37,0
1990,23,1,1,0,0,1,229,4,40,0
1990,46,1,0,0,0,0,783,1,50,0
1990,45,2,0,0,0,0,276,3,45,0
1990,34,1,1,0,0,0,758,1,38,0
1990,40,2,2,0,0,0,313,2,45,0
1990,18,2,1,0,0,0,435,3,40,0
1990,62,2,2,0,0,0,799,3,40,0
1990,60,1,2,0,0,0,0,0,0,0
1990,23,1,0,0,0,0,667,1,38,0
1990,26,2,0,0,0,0,744,1,38,0
1990,23,1,0,0,0,0,785,1,40,0
1990,23,2,0,0,0,0,276,3,36,0
1990,51,1,0,0,0,0,804,2,40,0
1990,46,2,0,0,0,0,779,1,40,0
1990,28,1,0,0,0,0,796,1,40,0
1990,25,2,0,0,0,0,779,3,40,0
1990,45,1,0,0,0,0,453,4,50,0
1990,48,2,0,0,0,0,453,4,10,0
1990,23,2,3,0,0,0,276,3,40,0
1990,63,2,3,0,0,1,0,0,0,0
1990,75,1,0,0,0,1,0,0,0,0
1990,68,2,0,0,0,1,0,0,0,0
1990,31,2,1,0,0,1,156,5,40,0
1990,55,1,0,0,0,0,567,0,40,0
1990,53,2,0,0,0,0,373,3,30,0
1990,44,1,0,0,0,1,86,0,40,0
1990,47,2,0,0,0,1,156,5,32,0
1990,30,1,0,0,0,1,785,1,40,0
1990,27,2,0,0,0,0,276,3,40,0
1990,71,1,3,0,0,0,0,0,0,0
1990,50,1,0,0,0,0,856,1,40,0
1990,43,2,0,0,0,0,744,4,50,0
1990,35,2,1,0,0,1,85,5,44,0
1990,39,1,2,0,0,0,804,3,40,0
1990,68,2,3,0,0,0,0,0,0,0
1990,74,2,0,0,0,0,0,0,0,0
1990,49,1,0,0,0,0,783,1,40,0
1990,48,2,0,0,0,0,744,1,32,0
1990,24,2,0,0,0,0,276,3,40,0
1990,36,1,0,0,0,0,785,1,40,0
1990,32,1,0,0,0,1,284,4,30,0
1990,25,2,0,0,0,1,446,5,40,0
1990,58,1,0,0,0,0,804,5,0,0
1990,58,2,0,0,0,0,0,0,0,0
1990,55,1,0,0,0,0,259,3,45,0
1990,53,2,0,0,0,1,0,0,0,0
1990,27,1,1,0,0,0,733,3,40,0
1990,22,1,1,0,0,1,364,3,22,0
1990,19,2,1,0,0,1,276,3,40,0
1990,53,1,0,0,0,1,187,2,44,0
1990,46,2,0,0,0,0,339,3,40,0
1990,25,1,1,0,0,1,23,3,40,0
1990,21,1,1,0,0,1,276,3,15,0
1990,19,2,1,0,0,1,435,3,6,0
1990,20,2,1,0,0,1,323,5,35,0
1990,53,1,0,0,0,1,229,4,40,0
1990,53,2,0,0,0,1,376,1,40,0
1990,60,1,0,0,0,0,0,0,0,0
1990,52,2,0,0,0,0,785,1,40,0
1990,34,1,0,0,0,0,804,3,40,0
1990,32,2,0,0,2,0,744,1,40,0
1990,51,1,0,0,0,0,243,3,60,0
1990,49,2,0,0,0,0,777,1,40,0
1990,28,1,0,0,0,0,657,1,40,0
1990,27,2,0,0,0,0,0,0,0,0
1990,23,1,0,0,0,0,637,1,50,0
1990,23,2,0,0,0,1,337,1,40,0
1990,66,2,2,0,0,0,0,0,0,0
1990,31,2,0,0,0,0,744,1,40,0
1990,31,1,0,0,0,0,484,3,40,0
1990,59,1,0,0,0,0,553,0,40,0
1990,55,2,0,0,0,0,22,0,40,0
1990,32,1,2,0,0,0,563,0,24,0
1990,24,1,1,2,0,0,563,3,40,0
1990,37,1,0,0,0,1,156,5,70,0
1990,33,2,0,0,0,1,156,5,40,0
1990,23,1,1,0,0,1,469,5,20,0
1990,76,1,0,0,0,0,473,0,30,0
1990,73,2,0,0,0,0,0,0,0,0
1990,30,2,3,0,0,1,379,4,0,0
1990,34,1,2,0,0,0,804,3,50,0
1990,60,1,0,0,0,0,259,1,40,0
1990,43,2,0,0,0,1,274,3,40,0
1990,47,2,2,0,0,1,274,3,40,0
1990,30,2,0,0,0,0,647,3,30,0
1990,31,1,0,0,0,1,579,0,40,0
1990,21,1,1,0,0,0,549,5,7,0
1990,58,1,0,0,0,1,157,5,20,0
1990,56,2,0,0,0,1,156,5,20,0
1990,40,1,0,0,0,1,22,0,48,0
1990,38,2,0,0,0,1,313,4,40,0
1990,48,1,0,0,0,0,804,3,70,0
1990,43,2,0,0,0,0,804,3,70,0
1990,24,2,3,0,0,0,436,3,20,0
1990,32,1,0,0,0,0,549,4,60,0
1990,39,2,0,0,2,0,549,4,0,0
1990,20,1,0,0,0,0,889,3,40,0
1990,21,2,0,0,0,0,276,3,30,0
1990,36,2,1,0,0,1,274,3,47,0
1990,67,2,3,0,0,1,436,5,0,0
1990,49,1,0,0,0,1,423,6,42,1
1990,50,2,0,0,2,0,0,0,0,0
1990,52,2,3,0,0,1,21,5,40,0
1990,55,2,3,0,0,0,466,5,72,0
1990,32,2,2,0,0,1,95,5,31,0
1990,37,1,0,2,1,0,243,3,0,0
1990,37,2,0,2,1,0,0,0,0,0
1990,67,2,2,0,0,1,785,4,0,0
1990,44,2,2,0,0,0,453,5,23,0
1990,30,1,3,0,0,0,589,3,40,0
1990,38,1,0,0,0,1,585,0,55,0
1990,38,2,0,0,0,1,21,5,40,0
1990,22,2,1,0,0,1,313,4,40,0
1990,62,1,3,0,0,0,0,0,0,0
1990,51,1,2,0,0,0,549,1,40,0
1990,25,1,2,0,0,0,259,1,50,0
1990,38,1,0,0,0,1,579,0,30,0
1990,26,2,0,0,0,0,276,3,25,0
1990,30,2,1,0,0,0,435,3,30,0
1990,43,1,2,1,0,0,595,0,40,0
1990,33,1,0,0,0,0,808,2,40,0
1990,36,2,0,0,0,1,466,5,75,0
1990,64,1,2,0,0,0,486,0,0,0
1990,37,1,0,0,0,0,579,0,30,0
1990,35,2,0,0,0,0,274,3,40,0
1990,19,1,1,0,0,0,783,4,50,0
1990,22,2,0,0,0,0,458,4,0,0
1990,28,1,0,0,0,0,523,2,40,0
1990,25,2,2,0,0,1,0,0,0,0
1990,49,2,3,0,0,0,804,2,99,0
1990,19,1,1,0,0,0,443,4,0,0
1990,59,1,0,0,0,0,637,3,40,0
1990,65,2,0,0,0,0,274,3,0,0
1990,55,2,3,1,0,0,687,3,20,0
1990,36,1,0,0,0,1,268,3,40,0
1990,33,2,0,0,0,1,95,5,32,0
1990,24,2,1,0,0,1,449,5,40,0
1990,45,1,0,0,0,1,544,1,40,0
1990,52,2,0,0,0,0,579,0,60,0
1990,63,1,0,0,0,0,22,6,40,1
1990,62,2,0,0,0,1,156,5,0,0
1990,72,2,3,0,0,1,0,0,0,0
1990,26,1,0,0,0,0,777,1,42,0
1990,22,2,0,0,0,0,377,5,40,0
1990,66,1,0,0,0,1,555,0,50,1
1990,65,2,0,0,0,1,313,2,40,0
1990,24,1,1,2,0,0,22,4,40,0
1990,25,2,3,2,0,0,276,3,38,0
1990,19,2,1,0,0,0,276,3,0,0
1990,19,1,2,2,0,0,887,3,40,0
1990,66,1,0,0,0,1,0,0,0,0
1990,66,2,0,0,0,1,0,0,0,0
1990,58,1,2,0,0,1,558,0,42,0
1990,29,1,0,0,0,0,218,5,40,0
1990,44,2,0,0,0,0,436,3,30,0
1990,69,2,3,0,0,0,0,0,0,0
1990,32,1,2,0,0,0,269,3,40,0
1990,33,1,1,0,0,1,337,5,50,0
1990,25,1,0,0,0,1,243,3,45,0
1990,22,2,0,0,0,1,389,3,40,0
1990,40,1,0,0,0,1,628,1,40,0
1990,40,2,0,0,0,1,274,3,40,0
1990,55,1,0,0,0,1,227,6,40,1
1990,51,2,0,0,0,1,319,4,40,0
1990,26,2,1,1,0,1,804,2,46,0
1990,65,1,0,0,0,1,0,0,0,0
1990,61,2,0,0,0,1,0,0,0,0
1990,37,1,0,0,0,1,96,3,44,0
1990,38,2,0,0,0,0,458,4,28,0
1990,18,2,1,0,0,1,435,3,12,0
1990,43,1,0,0,0,1,57,0,40,0
1990,35,2,0,0,0,1,436,5,0,0
1990,69,1,0,0,0,0,0,0,0,0
1990,65,2,0,0,0,0,0,0,0,0
1990,31,1,0,0,0,0,588,0,40,0
1990,27,2,0,0,0,0,313,4,0,0
1990,61,1,0,0,0,1,455,0,35,0
1990,60,2,0,0,0,1,156,5,45,0
1990,32,1,1,0,0,1,455,4,25,0
1990,55,1,0,0,0,0,804,2,60,0
1990,42,2,0,0,0,0,385,3,0,0
1990,59,1,0,0,0,0,28,3,60,0
1990,60,2,0,0,0,1,389,5,40,0
1990,29,1,0,0,0,1,6,6,40,0
1990,29,2,0,0,0,1,95,5,40,0
1990,50,1,0,0,0,0,22,3,60,0
1990,46,2,0,0,0,0,385,5,40,0
1990,65,1,0,0,0,1,57,0,40,0
1990,50,2,0,0,0,1,379,0,40,0
1990,46,1,0,2,0,0,479,0,40,0
1990,30,2,0,2,1,0,0,0,0,0
1990,63,1,2,0,0,1,259,3,0,0
1990,74,2,3,0,0,0,319,1,0,0
1990,32,1,0,2,1,0,686,1,40,0
1990,28,2,0,2,0,0,439,3,32,0
1990,43,2,2,0,0,1,579,4,55,0
1990,40,2,3,1,0,0,468,5,40,0
1990,20,2,1,1,0,1,0,0,0,0
1990,25,2,3,1,0,0,686,1,0,0
1990,30,1,0,0,0,0,479,0,70,0
1990,33,2,0,0,0,0,435,3,38,0
1990,67,1,2,0,0,0,804,0,20,0
1990,20,2,1,0,0,1,17,3,30,0
1990,59,1,0,0,0,0,734,1,40,0
1990,55,2,0,0,0,0,313,1,40,1
1990,76,1,0,0,0,0,0,0,0,0
1990,73,2,0,0,0,0,0,0,0,0
1990,33,1,0,0,0,1,274,3,54,0
1990,29,2,0,0,0,0,155,5,12,0
1990,29,1,2,0,0,1,595,0,78,0
1990,64,1,0,0,0,0,855,0,48,0
1990,61,2,0,0,0,1,0,0,0,0
1990,40,1,0,0,0,1,789,4,40,0
1990,40,2,0,0,0,1,259,3,40,0
1990,20,1,1,0,0,1,804,3,35,0
1990,26,2,2,0,0,0,348,5,0,0
1990,20,2,1,2,0,0,446,5,40,0
1990,71,2,3,1,0,0,0,0,0,0
1990,76,1,3,0,0,1,268,3,0,0
1990,33,1,2,0,0,0,889,1,0,0
1990,23,1,1,1,1,0,599,0,72,0
1990,29,1,1,0,0,1,157,5,38,0
1990,58,1,0,0,0,0,567,0,40,0
1990,58,2,0,0,0,0,337,5,8,0
1990,59,1,2,0,0,0,628,1,44,0
1990,54,1,0,2,1,0,479,0,40,0
1990,46,2,0,2,1,0,479,0,60,0
1990,72,1,0,0,0,0,473,0,50,0
1990,71,2,0,0,0,1,0,0,0,0
1990,76,1,0,0,0,0,22,4,60,0
1990,72,2,0,0,0,0,0,0,0,0
1990,42,1,1,0,0,1,473,0,50,0
1990,72,1,0,0,0,0,473,0,20,0
1990,72,2,0,0,0,0,479,0,45,0
1990,62,1,3,0,0,0,479,0,65,0
1990,30,1,0,0,0,1,22,2,40,1
1990,29,2,0,0,0,0,313,0,0,0
1990,45,1,3,0,0,0,585,0,40,0
1990,40,2,2,0,0,0,435,3,30,0
1990,61,2,3,0,0,0,379,2,40,0
1990,21,1,1,0,0,1,426,5,20,0
1990,33,1,0,0,0,0,844,0,40,0
1990,40,2,0,0,0,0,466,5,40,0
1990,18,2,1,0,0,0,435,3,23,0
1990,71,1,0,0,0,0,473,0,0,0
1990,76,2,0,0,0,1,0,0,0,0
1990,33,1,0,0,0,1,473,0,60,1
1990,33,2,0,0,0,1,0,0,0,0
1990,31,1,0,0,0,0,505,3,65,1
1990,28,2,0,0,0,0,337,4,0,0
1990,35,1,1,2,0,0,365,3,40,0
1990,63,1,0,0,0,0,473,0,40,0
1990,51,2,0,0,0,0,435,3,0,0
1990,31,1,0,0,0,1,243,3,45,0
1990,28,2,0,0,0,1,877,3,4,0
1990,80,1,3,0,0,0,479,0,84,0
1990,75,2,3,0,1,0,0,0,0,0
1990,42,1,1,0,0,0,453,0,96,0
1990,37,2,2,0,0,0,274,3,30,0
1990,34,1,0,0,0,1,458,4,40,0
1990,28,2,0,0,0,1,22,4,40,0
1990,58,1,0,0,0,0,558,0,40,0
1990,55,2,0,0,0,0,243,3,40,0
1990,33,2,2,0,0,1,164,5,40,0
1990,34,2,1,0,0,1,203,5,50,0
1990,40,1,0,0,0,1,479,0,40,0
1990,40,2,0,0,0,1,157,5,0,0
1990,63,2,1,0,0,0,403,4,40,0
1990,48,1,0,0,0,0,355,2,40,0
1990,48,2,0,0,0,1,156,5,28,0
1990,79,2,0,0,0,0,0,0,0,0
1990,50,1,0,0,0,1,176,5,50,0
1990,33,2,0,0,0,0,0,0,0,0
1990,35,1,0,0,0,1,585,0,48,0
1990,33,2,0,0,0,1,207,5,40,0
1990,40,1,0,0,0,1,159,6,60,0
1990,37,2,0,0,0,1,473,0,20,1
1990,30,1,0,0,0,0,6,6,48,0
1990,38,2,0,0,0,0,276,3,40,0
1990,45,2,2,0,0,0,337,0,50,0
1990,43,1,0,0,0,0,434,3,70,0
1990,42,2,0,0,0,1,26,5,40,0
1990,78,2,3,0,0,0,447,5,8,0
1990,77,1,0,0,0,0,533,3,0,0
1990,71,2,0,0,0,0,0,0,0,0
1990,43,1,0,0,0,1,558,0,40,1
1990,45,2,0,0,0,0,318,2,40,0
1990,32,1,2,0,0,1,48,1,40,0
1990,36,1,2,0,0,1,734,1,40,0
1990,52,1,0,0,0,0,386,1,40,1
1990,53,2,0,0,0,1,0,0,0,0
1990,80,1,3,0,0,0,0,0,0,0
1990,58,1,0,0,0,1,14,5,50,1
1990,55,2,0,0,0,1,156,5,40,0
1990,32,1,2,0,0,0,276,3,40,0
1990,31,1,2,0,0,1,243,3,60,0
1990,69,2,3,0,0,0,579,0,6,0
1990,65,2,3,0,0,0,0,0,0,0
1990,35,1,0,0,0,1,22,2,40,0
1990,33,2,0,0,0,0,0,0,0,0
1990,63,1,0,2,0,0,426,2,0,0
1990,62,2,0,2,0,0,0,0,0,0
1990,35,1,1,2,0,0,856,0,40,0
1990,31,1,0,0,0,1,516,0,60,0
1990,29,2,0,0,0,0,95,4,42,0
1990,51,1,0,0,0,0,327,2,40,0
1990,46,2,0,0,0,0,359,6,0,0
1990,18,1,1,0,0,0,0,0,0,0
1990,74,2,3,0,0,0,0,0,0,0
1990,41,1,0,0,0,0,806,1,55,0
1990,38,2,0,0,0,0,364,3,40,0
1990,18,1,1,0,0,0,686,3,30,0
1990,61,2,3,2,0,0,0,0,0,0
1990,80,2,3,0,0,0,0,0,0,0
1990,33,1,0,0,0,1,575,0,65,0
1990,32,2,0,0,0,1,0,0,0,0
1990,46,1,0,0,0,0,599,0,40,0
1990,41,2,0,0,0,1,338,3,52,0
1990,20,1,1,0,0,0,637,3,40,0
1990,58,1,0,0,0,0,599,0,70,0
1990,57,2,0,0,0,0,0,0,0,0
1990,61,1,0,0,0,0,599,0,40,0
1990,56,2,0,0,0,0,337,4,40,0
1990,36,1,0,0,0,0,617,0,44,0
1990,35,2,0,0,0,1,453,5,15,0
1990,38,1,0,0,0,0,783,0,60,0
1990,35,2,0,0,0,0,313,4,40,0
1990,27,2,2,0,0,0,17,3,40,0
1990,34,1,2,0,0,0,507,3,40,0
1990,70,2,3,0,0,0,0,0,0,0
1990,68,2,3,0,0,0,0,0,0,0
1990,68,1,0,0,0,0,804,2,20,0
1990,61,2,0,0,0,0,337,3,40,0
1990,64,2,3,0,0,0,0,0,0,0
1990,74,1,0,0,0,0,0,0,0,0
1990,70,2,0,0,0,0,0,0,0,0
1990,56,1,0,0,0,1,14,5,40,0
1990,55,2,0,0,0,1,0,0,0,0
1990,70,1,3,0,0,0,0,0,0,0
1990,36,2,3,0,0,1,466,5,60,0
1990,78,1,3,0,0,1,0,0,0,0
1990,19,1,1,0,0,1,869,0,45,0
1990,20,1,1,0,0,1,585,5,40,0
1990,18,2,1,0,0,1,276,3,14,0
1990,20,2,1,0,0,1,335,3,20,0
1990,22,1,1,0,0,1,719,1,40,0
1990,26,2,3,2,0,0,0,0,0,0
1990,31,1,0,0,0,0,436,3,40,0
1990,76,1,3,0,0,0,426,1,0,1
1990,25,2,2,0,0,0,0,0,0,0
1990,22,1,1,0,0,1,426,4,40,0
1990,61,2,0,0,0,0,754,3,35,0
1990,62,1,0,0,0,0,585,0,0,0
1990,47,1,0,0,0,1,9,1,48,1
1990,45,2,0,0,0,1,336,5,50,0
1990,22,2,1,0,0,1,435,3,50,0
1990,36,2,0,2,0,0,319,2,40,0
1990,38,1,0,2,0,0,566,3,40,0
1990,19,2,2,2,0,0,435,3,0,0
1990,19,1,1,2,0,0,453,1,40,0
1990,59,1,3,0,0,0,259,3,60,0
1990,31,1,1,0,0,0,447,4,35,0
1990,55,1,0,0,0,1,243,3,40,0
1990,54,2,0,0,0,1,159,6,50,0
1990,27,1,0,0,0,1,505,1,40,0
1990,31,2,0,0,0,1,467,5,38,0
1990,31,2,3,0,0,1,274,5,36,0
1990,22,1,1,0,0,1,189,1,27,0
1990,23,1,1,0,0,1,203,5,10,0
1990,28,2,2,0,0,1,447,5,40,0
1990,75,2,3,0,0,0,0,0,0,0
1990,35,1,2,0,0,0,263,3,34,0
1990,56,1,0,0,0,1,259,3,43,0
1990,51,2,0,0,0,1,337,4,40,0
1990,20,2,1,0,0,1,466,5,24,0
1990,33,2,3,0,0,0,467,5,40,0
1990,24,1,0,0,0,1,217,0,40,0
1990,26,2,0,0,0,0,17,3,40,0
1990,56,1,0,0,0,1,259,3,40,1
1990,55,2,0,0,0,1,277,3,10,0
1990,69,2,3,0,0,0,0,0,0,0
1990,36,1,0,0,0,1,889,2,40,1
1990,36,2,0,0,0,1,315,4,80,0
1990,38,1,0,0,0,1,505,4,50,0
1990,35,2,0,0,0,0,407,4,80,0
1990,63,2,3,0,0,0,436,5,20,0
1990,22,1,0,0,0,0,885,3,55,0
1990,23,2,0,0,0,1,103,5,40,0
1990,70,1,0,0,0,1,526,4,20,0
1990,68,2,0,0,0,0,337,4,40,0
1990,48,2,2,0,0,0,379,6,40,0
1990,25,2,1,0,0,1,195,5,30,0
1990,21,1,1,0,0,1,804,3,40,0
1990,79,2,3,0,0,0,0,0,0,0
1990,32,2,2,0,0,0,98,5,40,0
1990,69,1,3,0,0,0,473,0,0,0
1990,36,1,0,0,0,1,473,0,48,0
1990,34,2,0,0,0,0,379,4,26,0
1990,51,1,0,2,4,0,479,0,40,0
1990,52,2,0,2,1,0,479,0,48,0
1990,64,2,3,0,0,0,327,3,39,0
1990,24,1,2,0,0,0,508,6,40,0
1990,78,2,3,0,0,0,453,2,0,0
1990,52,1,0,0,0,1,257,2,48,0
1990,64,2,0,0,0,0,0,0,0,0
1990,31,1,0,0,0,0,505,4,48,0
1990,30,2,0,0,0,0,444,5,37,0
1990,35,1,0,2,0,0,804,2,40,0
1990,34,2,0,2,0,1,0,0,0,0
1990,60,2,3,2,0,0,744,1,40,0
1990,73,2,3,0,0,0,0,0,0,0
1990,29,1,1,2,0,1,453,1,40,0
1990,62,2,3,2,0,0,466,5,40,0
1990,47,1,2,0,0,1,595,0,40,0
1990,37,1,0,1,0,0,783,1,40,0
1990,34,2,0,1,0,0,36,6,40,0
1990,18,1,1,1,0,0,276,3,20,0
1990,71,1,0,0,0,0,0,0,0,0
1990,58,2,0,0,0,0,0,0,0,0
1990,36,1,3,0,0,0,844,0,0,0
1990,30,1,0,1,0,1,365,5,40,0
1990,35,2,0,1,0,0,447,5,40,0
1990,25,1,0,0,0,1,337,3,35,0
1990,25,2,0,0,0,1,7,4,40,0
1990,31,1,0,0,0,0,585,0,40,0
1990,28,2,0,0,0,1,436,5,15,0
1990,50,2,0,0,0,1,274,3,16,0
1990,53,1,0,0,0,0,274,3,40,0
1990,68,2,0,0,0,0,0,0,0,0
1990,46,2,2,0,0,1,186,5,3,0
1990,36,1,0,1,4,1,116,5,40,0
1990,33,2,0,1,4,1,95,5,40,0
1990,69,2,3,1,4,0,0,0,0,0
1990,55,1,0,2,1,0,869,0,0,0
1990,56,2,0,2,1,0,0,0,0,0
1990,28,2,2,2,0,0,22,3,40,0
1990,41,1,0,0,0,1,558,0,50,0
1990,40,2,0,0,0,1,0,0,0,0
1990,40,1,0,0,0,1,23,5,50,1
1990,39,2,0,0,0,1,157,5,40,0
1990,59,1,0,0,0,1,243,3,50,0
1990,57,2,0,0,0,0,0,0,0,0
1990,48,1,0,0,0,1,176,5,40,0
1990,46,2,0,0,0,0,0,0,0,0
1990,26,1,0,2,0,0,889,3,50,0
1990,25,2,0,2,0,0,17,3,37,0
1990,56,2,2,0,0,1,475,0,20,0
1990,54,1,0,0,0,0,453,5,40,0
1990,47,2,0,0,0,0,453,5,40,0
1990,28,1,2,0,0,0,17,0,60,0
1990,35,1,0,1,0,0,617,0,99,0
1990,30,2,0,1,0,1,467,5,0,0
1990,25,1,0,0,0,0,475,0,45,0
1990,23,2,0,0,0,0,276,3,0,0
1990,58,1,0,0,0,1,77,6,40,0
1990,53,2,0,0,0,1,313,5,17,0
1990,35,1,0,0,0,1,33,0,60,0
1990,33,2,0,0,0,1,156,5,40,0
1990,72,1,0,0,0,0,475,0,20,0
1990,68,2,0,0,0,0,355,2,99,0
1990,30,1,0,0,0,1,614,0,40,0
1990,30,2,0,0,0,0,156,5,15,0
1990,35,1,0,2,0,0,783,4,56,0
1990,34,2,0,2,0,0,0,0,0,0
1990,74,1,0,0,0,0,473,0,8,0
1990,71,2,0,0,0,0,0,0,0,0
1990,34,2,2,0,0,1,359,6,40,0
1990,55,1,0,0,0,0,628,1,40,0
1990,54,2,0,0,0,0,467,5,40,0
1990,66,1,0,0,0,1,777,3,20,0
1990,66,2,0,0,0,1,156,5,35,0
1990,42,1,0,0,0,0,269,3,99,0
1990,33,2,0,0,0,1,95,5,0,0
1990,54,1,0,0,0,0,855,6,40,0
1990,54,2,0,0,0,0,0,0,0,0
1990,80,1,1,1,0,0,0,0,0,0
1990,62,1,0,0,0,0,473,0,6,0
1990,57,2,0,0,0,1,379,5,40,0
1990,41,1,0,2,0,0,855,0,40,0
1990,46,2,0,2,0,1,95,5,40,0
1990,56,1,0,0,0,0,5,6,40,0
1990,54,2,0,0,0,0,467,5,15,0
1990,42,1,0,0,0,0,614,3,40,0
1990,40,2,0,0,0,0,447,5,0,0
1990,20,2,1,0,0,0,379,5,40,0
1990,29,1,0,0,0,1,22,4,45,0
1990,31,2,0,0,0,1,95,5,40,0
1990,63,1,0,2,0,0,507,0,45,0
1990,58,2,0,2,0,0,0,0,0,0
1990,21,1,1,2,0,0,877,3,20,0
1990,19,2,1,2,0,0,0,0,0,0
1990,60,1,0,0,0,0,507,3,40,0
1990,57,2,0,0,0,0,0,0,0,0
1990,23,2,1,0,0,1,319,4,0,0
1990,22,1,1,0,0,1,507,3,0,0
1990,34,1,0,0,0,1,503,5,50,1
1990,36,2,0,0,0,1,0,0,0,0
1990,27,1,0,0,0,1,529,2,40,0
1990,25,2,0,0,2,0,909,6,0,0
1990,61,1,3,2,0,0,0,0,0,0
1990,74,1,0,0,0,0,479,0,0,0
1990,75,2,0,0,0,0,0,0,0,0
1990,38,2,2,0,0,1,389,2,42,0
1990,20,1,1,0,0,0,844,0,40,0
1990,31,1,0,0,0,1,507,3,40,0
1990,23,2,0,0,0,0,243,3,40,0
1990,54,2,2,0,0,0,313,4,40,0
1990,23,1,1,0,0,0,856,3,40,0
1990,69,2,3,0,0,0,0,0,0,0
1990,40,1,0,0,0,1,174,5,60,0
1990,29,2,0,0,0,1,313,5,40,0
1990,39,1,0,2,0,0,754,1,40,0
1990,32,2,0,2,0,0,0,0,0,0
1990,28,1,0,0,0,1,785,2,60,0
1990,32,2,0,0,0,0,319,0,42,0
1990,71,1,0,0,0,1,473,0,10,0
1990,65,2,0,0,0,1,0,0,0,0
1990,59,1,3,0,0,1,259,3,30,0
1990,49,1,2,0,0,1,253,4,80,0
1990,60,2,2,0,0,0,337,3,99,0
1990,38,1,2,2,0,0,453,5,0,0
1990,36,2,3,2,0,0,274,3,40,0
1990,46,1,0,0,0,1,804,0,40,0
1990,41,2,0,0,0,0,447,5,45,0
1990,32,1,0,0,0,1,473,0,50,1
1990,35,2,0,0,0,1,313,3,10,0
1990,41,1,0,2,1,0,479,0,60,0
1990,41,2,0,2,1,0,466,5,48,0
1990,18,2,1,2,0,0,479,0,50,0
1990,54,1,0,0,0,0,804,3,60,0
1990,36,2,0,0,0,0,0,0,0,0
1990,51,1,0,0,0,0,804,2,70,0
1990,50,2,0,0,0,0,436,3,40,0
1990,34,1,1,2,0,0,777,1,45,0
1990,64,1,0,0,0,0,473,0,0,0
1990,64,2,0,0,0,1,95,5,40,0
1990,74,2,3,0,0,0,404,4,40,0
1990,20,1,0,0,0,0,479,0,49,0
1990,19,2,0,0,0,0,337,3,49,0
1990,33,1,0,0,0,1,13,1,40,0
1990,37,2,0,0,0,1,337,6,40,0
1990,43,1,0,0,0,1,473,0,50,0
1990,41,2,0,0,0,0,468,5,40,0
1990,71,2,3,0,0,0,0,0,0,0
1990,37,1,0,0,0,1,473,0,65,0
1990,38,2,0,0,0,1,22,0,36,0
1990,59,1,1,0,0,1,159,5,38,0
1990,32,2,3,0,1,0,436,3,35,0
1990,64,1,0,0,0,0,479,0,40,0
1990,58,2,0,0,0,0,0,0,0,0
1990,24,1,2,0,0,1,473,0,10,0
1990,19,2,1,0,0,1,0,0,0,0
1990,61,1,0,0,0,1,473,0,60,0
1990,53,2,0,0,0,0,274,3,15,0
1990,59,1,0,1,0,0,479,0,40,0
1990,60,2,0,1,0,0,453,5,22,0
1990,30,1,0,0,0,0,804,2,45,0
1990,22,2,0,0,0,0,796,3,0,0
1990,42,1,0,0,0,0,516,3,60,0
1990,42,2,0,0,0,1,174,5,40,0
1990,19,2,1,0,0,1,406,4,40,0
1990,63,1,2,0,0,1,157,5,99,0
1990,80,1,0,0,0,1,0,0,0,0
1990,75,2,0,0,0,1,0,0,0,0
1990,74,1,3,0,0,0,0,0,0,0
1990,73,2,3,0,0,1,0,0,0,0
1990,61,1,2,0,0,0,426,1,70,0
1990,21,1,1,0,0,1,515,6,30,0
1990,18,1,1,0,0,1,515,6,35,0
1990,25,2,1,1,0,1,379,6,35,0
1990,27,1,0,0,0,1,208,6,40,0
1990,25,2,0,0,0,0,319,5,0,0
1990,36,2,2,0,0,0,453,6,34,0
1990,59,1,0,0,0,1,354,2,40,0
1990,53,2,0,0,0,0,274,3,35,0
1990,61,1,0,0,0,1,0,0,0,0
1990,60,2,0,0,0,1,254,4,40,0
1990,78,2,3,0,0,0,0,0,0,0
1990,37,1,0,0,0,0,783,0,60,0
1990,35,2,0,0,0,0,156,5,14,0
1990,27,1,3,0,0,1,0,0,0,0
1990,25,1,0,0,0,1,417,6,75,0
1990,22,2,0,0,0,0,276,5,0,0
1990,65,1,3,0,0,0,486,5,40,0
1990,46,2,2,3,3,0,769,1,40,0
1990,79,2,0,1,0,1,0,0,0,0
1990,61,2,0,0,0,0,0,0,0,0
1990,68,1,0,0,0,1,0,0,0,0
1990,33,1,2,0,0,0,486,4,12,0
1990,33,1,0,0,0,1,259,1,40,0
1990,40,2,0,0,0,0,466,5,0,0
1990,35,1,2,0,0,0,595,0,40,0
1990,37,2,2,0,0,0,453,4,0,0
1990,46,2,3,1,0,0,449,5,0,0
1990,24,1,1,0,0,0,453,4,40,0
1990,29,2,2,0,0,0,276,3,40,0
1990,46,1,0,0,2,1,637,4,40,0
1990,39,2,0,0,0,0,185,3,0,0
1990,60,1,0,0,0,0,176,5,40,0
1990,58,2,0,0,0,0,0,0,0,0
1990,39,2,1,0,0,0,446,5,99,0
1990,67,1,0,0,0,0,259,1,40,1
1990,59,2,0,0,0,0,0,0,0,0
1990,24,1,1,0,0,1,156,5,40,0
1990,27,1,1,0,0,1,17,3,25,0
1990,22,2,1,0,0,1,434,3,35,0
1990,27,1,0,0,0,1,195,2,50,0
1990,25,2,0,0,0,1,438,3,30,0
1990,22,1,1,0,0,1,883,1,40,0
1990,37,1,0,0,0,1,738,1,58,0
1990,35,2,0,0,0,0,263,3,70,0
1990,27,1,0,0,0,1,243,3,48,0
1990,32,2,0,0,0,0,313,4,40,0
1990,33,2,1,0,0,1,95,5,40,0
1990,69,1,0,0,0,1,785,1,60,0
1990,64,2,0,0,0,0,0,0,0,0
1990,32,1,0,0,0,1,379,6,50,0
1990,32,2,0,0,0,0,387,5,25,0
1990,66,2,3,0,0,0,259,3,40,0
1990,39,1,0,0,0,0,869,0,40,0
1990,34,2,0,0,0,0,377,5,40,0
1990,56,1,0,0,0,0,588,0,40,0
1990,51,2,0,0,0,0,0,0,0,0
1990,32,1,2,0,0,0,558,0,42,0
1990,40,2,2,0,0,1,453,5,4,0
1990,33,1,0,0,0,1,243,3,60,0
1990,33,2,0,0,0,1,313,0,15,0
1990,42,1,0,0,0,0,22,6,80,0
1990,39,2,0,0,0,0,436,6,45,0
1990,72,2,2,0,0,0,0,0,0,0
1990,43,1,0,0,0,1,178,5,50,1
1990,41,2,0,0,0,0,0,0,0,0
1990,36,2,2,0,0,0,785,1,40,0
1990,33,2,2,0,0,0,436,3,24,0
1990,29,1,2,0,1,0,479,0,30,0
1990,66,1,0,0,0,0,613,0,0,0
1990,65,2,0,0,0,0,0,0,0,0
1990,77,1,0,0,0,0,0,0,0,0
1990,74,2,0,0,0,0,0,0,0,0
1990,37,1,0,0,0,0,243,3,45,0
1990,35,2,0,0,0,1,447,5,40,0
1990,50,1,1,0,0,0,785,1,70,0
1990,70,2,3,0,0,0,407,4,0,0
1990,53,2,3,0,0,1,22,5,60,0
1990,25,2,2,0,0,0,447,5,40,0
1990,60,1,0,0,0,0,473,0,7,0
1990,59,2,0,0,0,1,444,5,14,0
1990,50,1,0,0,0,1,418,6,40,0
1990,45,2,0,0,0,0,458,4,32,0
1990,49,1,0,0,0,1,883,3,24,0
1990,48,2,0,0,0,0,387,5,0,0
1990,24,2,1,0,0,1,447,5,32,0
1990,23,1,1,0,0,0,875,2,44,0
1990,20,2,1,0,0,1,208,2,32,0
1990,21,1,1,0,0,0,479,0,75,0
1990,76,1,0,0,0,0,804,0,25,0
1990,73,2,0,0,0,0,0,0,0,0
1990,80,2,3,0,0,0,0,0,0,0
1990,33,1,0,0,0,1,804,0,40,0
1990,23,2,0,0,0,0,276,3,40,0
1990,68,1,0,0,0,0,804,2,40,0
1990,64,2,0,0,0,0,436,5,0,0
1990,42,2,2,0,0,0,447,5,40,0
1990,63,1,0,0,0,0,889,1,40,0
1990,60,2,0,0,0,0,264,3,37,0
1990,32,2,1,0,0,1,313,5,40,0
1990,27,1,1,0,0,0,274,3,99,0
1990,53,1,0,0,0,0,28,3,15,0
1990,50,2,0,0,0,0,264,3,99,0
1990,18,2,1,0,0,1,436,3,20,0
1990,49,1,0,0,0,0,479,0,50,0
1990,45,2,0,0,0,0,447,5,32,0
1990,28,1,0,0,0,1,473,0,60,0
1990,28,2,0,0,0,1,213,5,60,0
1990,68,2,3,0,0,0,0,0,0,0
1990,47,1,3,0,0,1,509,4,25,0
1990,37,1,0,2,1,0,558,0,50,1
1990,34,2,0,0,0,0,379,0,20,0
1990,76,2,3,0,0,0,0,0,0,0
1990,72,1,0,0,0,0,473,0,30,0
1990,69,2,0,0,0,0,0,0,0,0
1990,51,1,0,0,0,0,745,1,34,0
1990,49,2,0,0,0,0,628,1,40,0
1990,19,1,1,0,0,1,856,1,20,0
1990,31,1,0,0,0,0,779,1,40,0
1990,30,2,0,0,0,0,744,1,40,0
1990,78,1,0,0,0,0,486,5,36,0
1990,71,2,0,0,0,0,0,0,0,0
1990,78,2,0,0,0,0,447,5,0,0
1990,43,2,2,0,0,1,447,4,32,0
1990,37,2,2,0,0,0,434,3,40,0
1990,19,1,1,0,0,0,505,4,40,0
1990,28,1,0,0,0,1,709,1,40,0
1990,27,2,0,0,0,1,383,4,40,0
1990,55,2,2,0,0,0,435,3,40,0
1990,20,1,1,0,0,1,804,3,40,0
1990,52,1,2,0,0,0,22,2,99,0
1990,53,1,0,0,0,0,0,0,0,0
1990,42,2,0,0,0,0,458,4,40,0
1990,37,1,0,0,0,1,637,1,45,0
1990,35,2,0,0,0,0,375,4,35,0
1990,61,1,3,0,0,0,809,5,0,0
1990,39,2,1,0,0,1,466,5,60,0
1990,50,1,0,0,0,0,515,2,45,0
1990,50,2,0,0,0,0,0,0,0,0
1990,25,2,0,0,0,1,0,0,0,0
1990,30,1,0,0,0,1,316,6,70,0
1990,68,2,3,0,0,0,0,0,0,0
1990,62,1,0,0,0,1,22,0,40,0
1990,60,2,0,0,0,0,22,0,20,0
1990,70,2,3,0,0,0,0,0,0,0
1990,66,1,0,0,0,0,563,0,8,0
1990,55,2,0,0,0,0,0,0,0,0
1990,34,1,0,0,0,0,453,4,20,0
1990,31,2,0,0,0,0,337,5,8,0
1990,45,1,2,0,0,1,479,0,40,0
1990,50,2,1,0,0,0,785,3,40,0
1990,80,2,3,0,0,1,154,5,40,1
1990,62,1,0,0,0,0,877,3,40,0
1990,57,2,0,0,0,0,453,1,42,0
1990,32,1,2,0,0,0,22,3,40,0
1990,58,2,1,0,0,0,447,4,20,0
1990,52,2,1,0,0,0,0,0,0,0
1990,58,2,3,0,0,0,0,0,0,0
1990,41,1,3,0,0,1,53,0,45,0
1990,25,1,0,0,0,0,505,4,40,0
1990,23,2,0,0,0,0,155,5,40,0
1990,45,1,0,0,0,0,503,3,45,0
1990,41,2,0,0,0,0,435,4,40,0
1990,24,1,3,0,0,0,595,0,44,0
1990,27,1,0,0,0,1,628,1,40,0
1990,24,2,0,0,0,1,447,5,40,0
1990,39,1,0,0,0,0,475,0,70,1
1990,40,2,0,0,0,1,0,0,0,0
1990,45,1,0,0,0,0,259,3,40,0
1990,46,2,0,0,0,1,156,5,40,0
1990,30,1,0,0,0,0,848,0,40,0
1990,26,2,0,0,0,0,796,1,40,0
1990,69,1,0,0,0,1,199,5,40,0
1990,64,2,0,0,0,1,0,0,0,0
1990,38,1,0,0,0,1,696,4,45,0
1990,38,2,0,0,0,1,27,4,40,0
1990,73,1,0,0,0,0,473,0,40,0
1990,70,2,0,0,0,0,0,0,0,0
1990,35,2,1,0,0,1,95,5,40,0
1990,76,1,0,0,0,1,243,3,50,0
1990,76,2,0,0,0,1,458,4,30,0
1990,80,1,3,0,1,0,0,0,0,0
1990,48,1,0,0,0,0,505,4,44,0
1990,43,2,0,0,0,0,0,0,0,0
1990,21,1,1,0,0,0,865,4,45,0
1990,64,1,0,0,0,0,507,3,45,0
1990,72,2,0,0,0,0,0,0,0,0
1990,23,2,3,0,0,0,888,1,40,0
1990,23,1,3,0,0,0,888,1,37,0
1990,33,1,0,0,2,0,869,0,40,0
1990,31,2,0,0,0,0,447,4,0,0
1990,48,2,1,1,0,0,447,5,4,0
1990,74,1,3,0,0,0,0,0,0,0
1990,30,2,0,0,0,0,744,1,0,0
1990,28,1,0,0,0,0,804,2,60,0
1990,68,1,0,0,0,0,354,2,40,0
1990,68,2,0,0,0,1,23,5,0,0
1990,66,2,3,0,0,0,435,3,10,0
1990,42,1,2,0,0,0,579,0,40,0
1990,46,2,2,0,0,1,313,5,9,0
1990,21,1,1,0,0,1,159,3,40,0
1990,53,1,0,0,0,1,628,1,45,1
1990,51,2,0,0,0,1,313,1,0,0
1990,34,1,0,0,0,1,516,0,85,1
1990,34,2,0,0,0,0,337,5,0,0
1990,27,1,0,0,0,0,538,3,40,0
1990,25,2,0,0,0,0,383,4,40,0
1990,51,1,0,0,0,0,307,2,40,0
1990,33,2,0,0,0,1,0,0,0,0
1990,22,2,1,2,0,1,337,2,36,0
1990,19,2,1,2,0,1,313,5,15,0
1990,79,1,3,0,0,1,0,0,0,0
1990,80,2,3,0,0,1,0,0,0,0
1990,51,1,0,0,0,1,426,4,40,1
1990,50,2,0,0,0,1,348,2,40,0
1990,23,1,1,0,0,0,0,0,0,0
1990,34,1,0,0,0,1,766,1,60,0
1990,33,2,0,0,0,1,95,5,24,0
1990,42,1,0,0,0,1,176,5,50,0
1990,42,2,0,0,0,0,0,0,0,0
1990,19,1,1,0,0,0,453,5,40,0
1990,35,1,0,0,0,0,268,3,59,0
1990,30,2,0,0,0,0,0,0,0,0
1990,80,2,3,0,0,0,0,0,0,0
1990,34,1,0,0,0,0,783,1,45,0
1990,34,2,0,0,0,1,785,1,0,0
1990,34,1,0,0,0,0,364,1,40,0
1990,33,2,0,0,0,0,653,1,40,0
1990,32,2,0,0,0,0,337,3,60,0
1990,30,1,0,3,0,0,243,3,40,0
1990,55,1,2,3,0,0,0,0,0,0
1990,35,1,0,0,0,0,579,5,40,0
1990,33,2,0,0,0,1,313,1,40,0
1990,45,1,0,0,0,0,268,3,45,0
1990,41,2,0,0,0,0,243,3,0,0
1990,65,1,0,0,0,0,0,0,0,0
1990,67,2,0,0,0,0,0,0,0,0
1990,29,1,0,0,0,0,595,0,60,0
1990,23,2,0,0,0,0,426,5,11,0
1990,34,1,1,0,0,1,385,3,20,0
1990,74,2,3,0,0,0,0,0,0,0
1990,66,1,0,0,0,0,453,4,40,0
1990,66,2,0,0,0,0,0,0,0,0
1990,78,1,0,0,0,0,18,4,45,0
1990,56,2,0,0,0,1,458,4,15,0
1990,78,2,3,0,0,0,0,0,0,0
1990,30,1,0,0,0,1,55,1,40,0
1990,29,2,0,0,0,1,7,5,42,0
1990,25,2,1,0,0,1,777,1,40,0
1990,35,1,0,0,0,0,453,3,40,0
1990,32,2,0,0,0,1,253,4,45,0
1990,64,1,0,0,0,0,889,1,37,0
1990,66,2,0,0,0,0,274,3,10,0
1990,48,2,2,0,0,0,254,4,45,0
1990,57,1,0,0,0,1,453,5,40,0
1990,61,2,0,0,0,0,779,1,0,0
1990,69,1,0,0,0,1,22,1,0,0
1990,58,2,0,0,0,1,379,4,0,0
1990,34,2,2,0,0,1,208,5,40,0
1990,28,2,1,0,0,0,785,0,40,0
1990,73,1,0,0,0,0,595,0,20,0
1990,70,2,0,0,0,0,0,0,0,0
1990,26,2,3,0,0,1,375,4,40,0
1990,40,1,0,0,0,1,213,1,99,0
1990,38,2,0,0,0,1,313,1,40,0
1990,19,2,1,0,0,1,265,3,20,0
1990,77,2,0,0,0,0,0,0,0,0
1990,75,2,2,0,0,0,0,0,0,0
1990,39,1,0,0,0,1,417,6,56,0
1990,37,2,0,0,0,1,376,4,40,0
1990,74,1,0,0,0,0,479,0,30,0
1990,73,2,0,0,0,0,0,0,0,0
1990,35,1,0,0,0,1,22,2,70,0
1990,25,2,0,0,0,1,95,5,44,0
1990,77,2,3,0,0,1,156,5,0,0
1990,64,1,1,0,0,0,307,1,50,0
1990,72,2,3,0,0,0,0,0,0,0
1990,20,1,2,0,0,0,878,1,30,0
1990,21,1,1,0,0,0,783,0,32,0
1990,68,1,0,0,0,0,433,5,45,0
1990,61,2,0,0,0,0,276,3,0,0
1990,73,2,3,0,0,0,0,0,0,0
1990,28,1,0,0,0,1,23,2,40,0
1990,29,2,0,0,0,1,156,5,45,0
1990,77,2,2,0,0,1,0,0,0,0
1990,75,2,2,0,0,0,0,0,0,0
1990,63,1,0,0,0,0,473,0,15,0
1990,57,2,0,0,0,0,0,0,0,0
1990,24,1,0,0,0,0,595,0,30,0
1990,69,2,2,0,0,1,0,0,0,0
1990,59,1,0,0,0,0,503,2,40,0
1990,55,2,0,0,0,0,0,0,0,0
1990,34,2,3,0,0,0,276,3,40,0
1990,50,1,0,0,0,1,154,5,40,0
1990,45,2,0,0,0,1,0,0,0,0
1990,39,1,0,1,0,1,628,2,40,0
1990,37,2,0,1,0,1,744,1,40,0
1990,22,1,1,1,0,0,888,4,40,0
1990,65,2,2,0,0,0,313,5,40,0
1990,28,1,0,0,0,1,856,1,40,0
1990,28,2,0,0,0,0,385,4,40,0
1990,67,2,3,0,0,1,447,4,40,0
1990,75,1,0,0,0,1,0,0,0,0
1990,76,2,0,0,0,0,0,0,0,0
1990,64,1,0,0,0,1,418,6,20,0
1990,60,2,0,0,0,1,156,5,0,0
1990,19,2,1,0,0,1,313,5,15,0
1990,42,2,2,2,0,0,276,3,40,0
1990,22,2,1,2,0,1,0,0,0,0
1990,67,1,0,0,0,0,243,3,0,0
1990,64,2,0,0,0,0,243,3,32,0
1990,39,1,2,0,0,0,567,0,20,0
1990,32,1,1,0,0,0,889,1,8,0
1990,61,2,3,1,0,0,0,0,0,0
1990,18,1,1,0,0,0,444,4,40,0
1990,77,2,2,0,0,0,0,0,0,0
1990,43,1,0,0,0,1,7,4,50,1
1990,40,2,0,0,0,1,157,5,42,0
1990,22,1,1,0,0,1,383,4,40,0
1990,47,1,0,0,0,0,628,1,45,0
1990,45,2,0,0,0,0,22,3,0,0
1990,59,1,0,0,0,0,0,0,0,0
1990,56,2,0,0,0,0,744,1,40,0
1990,46,2,2,1,0,0,447,4,20,0
1990,23,1,1,1,0,0,444,3,0,0
1990,37,1,0,0,0,0,505,4,40,0
1990,34,2,0,0,0,0,436,3,30,0
1990,47,2,0,0,0,0,447,5,32,0
1990,48,1,0,0,0,0,549,1,40,0
1990,35,1,0,0,0,1,253,4,45,0
1990,33,2,0,0,0,1,156,5,40,0
1990,69,1,0,0,0,0,475,0,5,0
1990,60,2,0,0,0,0,264,3,33,0
1990,74,2,0,0,0,0,0,0,0,0
1990,26,2,2,0,0,1,473,0,99,0
1990,75,1,3,0,0,0,0,0,0,0
1990,78,1,3,0,0,1,0,0,0,1
1990,63,1,1,1,0,0,0,0,0,0
1990,72,2,3,0,0,0,0,0,0,0
1990,26,1,1,1,0,0,733,1,50,0
1990,78,1,0,0,0,1,0,0,0,0
1990,74,2,0,0,0,1,0,0,0,0
1990,46,2,0,0,0,1,179,6,45,0
1990,39,1,0,0,0,1,15,5,50,1
1990,74,2,3,0,0,1,0,0,0,0
1990,44,1,1,0,0,0,473,0,60,0
1990,37,1,0,0,0,0,779,1,40,0
1990,33,2,0,0,0,0,447,5,40,0
1990,59,1,3,0,0,0,0,0,0,0
1990,34,1,0,0,0,1,23,5,10,0
1990,30,2,0,0,0,1,315,5,25,0
1990,73,2,3,0,0,0,0,0,0,0
1990,79,1,0,0,0,0,0,0,0,0
1990,71,2,0,0,0,0,0,0,0,0
1990,33,1,0,0,0,1,777,1,44,0
1990,30,2,0,0,0,1,274,3,46,0
1990,67,1,0,0,0,0,806,0,0,0
1990,51,2,0,2,0,0,436,3,40,0
1990,59,1,0,0,0,0,426,1,40,0
1990,57,2,0,0,0,0,319,1,0,0
1990,74,1,3,0,0,1,268,3,0,0
1990,52,1,0,0,0,0,844,0,0,0
1990,50,2,0,0,0,0,313,5,40,0
1990,79,1,0,1,0,0,453,4,12,0
1990,77,2,0,1,0,0,0,0,0,0
1990,28,1,0,0,0,0,473,0,60,1
1990,29,2,0,0,0,0,379,2,20,0
1990,54,1,3,0,0,0,276,3,40,0
1990,34,2,1,0,0,0,0,0,0,0
1990,57,1,0,0,0,0,364,3,40,0
1990,53,2,0,0,0,0,25,3,40,0
1990,27,2,1,0,0,1,157,5,40,0
1990,32,1,2,0,0,1,696,2,40,1
1990,80,2,3,0,0,0,0,0,0,0
1990,69,1,0,0,0,0,0,0,0,0
1990,66,2,0,0,0,0,0,0,0,0
1990,67,1,2,0,0,0,0,0,0,0
1990,44,1,0,0,0,0,869,0,40,0
1990,37,2,0,0,0,1,217,0,40,0
1990,32,1,0,0,0,1,17,3,55,0
1990,33,2,0,0,0,1,264,3,44,0
1990,76,1,0,0,0,0,0,0,0,0
1990,72,2,0,0,0,0,0,0,0,0
1990,40,2,3,0,0,0,436,5,0,0
1990,20,1,3,0,0,0,595,0,40,0
1990,34,1,3,0,0,1,855,1,40,0
1990,42,1,0,0,0,1,503,2,40,0
1990,34,2,0,0,0,1,156,5,40,0
1990,39,1,0,0,0,1,84,5,60,0
1990,35,2,0,0,0,1,436,3,0,0
1990,72,2,3,0,0,0,0,0,0,0
1990,71,1,0,1,0,0,0,0,0,0
1990,63,2,0,1,0,0,407,4,25,0
1990,67,2,1,1,0,0,407,4,2,0
1990,21,2,1,1,0,0,449,5,40,0
1990,42,1,1,2,0,0,869,0,45,0
1990,38,2,2,0,0,0,744,1,0,0
1990,77,2,1,0,0,0,0,0,0,0
1990,65,2,1,0,0,0,0,0,0,0
1990,80,2,3,0,0,0,0,0,0,0
1990,39,2,2,0,0,0,276,3,58,0
1990,65,1,0,1,0,0,779,1,0,0
1990,64,2,0,1,0,0,447,5,50,0
1990,64,1,0,0,0,0,869,0,15,0
1990,57,2,0,0,0,1,0,0,0,0
1990,34,2,1,0,0,0,0,0,0,0
1990,25,1,3,0,0,0,804,3,40,0
1990,78,1,0,0,0,1,0,0,0,0
1990,73,2,0,0,0,0,0,0,0,0
1990,80,1,0,0,0,0,0,0,0,0
1990,74,2,0,0,0,0,0,0,0,0
1990,37,1,0,0,0,1,176,5,80,0
1990,38,2,0,0,0,1,156,5,40,0
1990,66,1,0,1,0,0,0,0,0,0
1990,60,2,0,1,0,0,628,1,40,0
1990,33,1,3,1,0,0,453,5,40,0
1990,74,2,3,1,0,0,0,0,0,0
1990,42,2,1,1,0,0,447,5,0,0
1990,52,1,0,1,0,0,448,4,40,0
1990,51,2,0,1,0,0,449,5,40,0
1990,38,1,0,0,0,0,243,3,40,0
1990,38,2,0,0,0,0,274,3,0,0
1990,70,1,0,0,0,1,507,2,0,0
1990,68,2,0,0,0,0,0,0,0,0
1990,57,2,3,1,0,0,453,4,40,0
1990,33,1,1,1,0,0,889,1,40,0
1990,27,1,1,1,0,0,889,4,9,0
1990,47,1,0,0,0,1,156,5,40,1
1990,44,2,0,0,0,1,26,5,60,1
1990,23,1,1,0,0,1,243,3,40,0
1990,20,1,1,0,0,1,22,1,65,0
1990,38,2,0,1,0,0,379,4,40,0
1990,39,1,0,1,0,1,887,4,40,0
1990,33,1,0,1,0,1,779,1,40,1
1990,31,2,0,1,0,1,779,1,40,0
1990,69,2,3,0,0,0,337,3,20,0
1990,26,1,0,0,0,0,777,1,37,0
1990,23,2,0,0,0,0,453,5,0,0
1990,34,1,1,0,0,0,744,1,40,0
1990,56,2,3,0,0,0,355,2,44,0
1990,21,1,1,0,0,0,426,4,5,0
1990,42,2,2,1,0,0,453,4,40,0
1990,24,2,1,1,0,0,779,6,40,0
1990,77,1,0,0,0,0,0,0,0,0
1990,74,2,0,0,0,0,0,0,0,0
1990,25,1,1,0,0,0,486,0,40,0
1990,25,2,1,3,0,0,435,3,40,0
1990,71,1,0,0,0,0,254,4,40,0
1990,64,2,0,0,0,0,0,0,0,0
1990,60,1,3,0,0,0,804,2,18,1
1990,49,1,0,0,0,0,22,0,40,1
1990,44,2,0,0,0,1,523,6,40,0
1990,21,1,1,0,0,1,883,2,20,0
1990,19,1,1,0,0,1,877,3,99,0
1990,32,1,0,0,0,0,516,6,40,0
1990,24,2,0,0,0,0,0,0,0,0
1990,29,1,0,0,0,0,509,4,40,0
1990,25,2,0,0,0,0,277,3,30,0
1990,55,2,2,0,0,0,0,0,0,0
1990,51,1,1,0,0,0,689,3,0,0
1990,47,2,1,0,0,0,0,0,0,0
1990,63,1,0,0,0,0,479,0,24,0
1990,61,2,0,0,0,1,0,0,0,0
1990,73,1,0,0,0,0,0,0,0,0
1990,64,2,0,0,0,0,274,3,18,0
1990,39,1,0,0,0,1,22,1,40,0
1990,35,2,0,0,0,1,156,5,8,0
1990,36,1,0,0,0,0,494,1,40,0
1990,30,2,0,0,0,0,0,0,0,0
1990,58,2,3,1,0,0,407,4,8,0
1990,18,2,1,1,0,0,453,5,0,0
1990,36,1,3,1,0,0,505,4,3,0
1990,42,1,1,1,0,0,0,0,0,0
1990,73,1,0,0,0,0,0,0,0,0
1990,65,2,0,0,0,0,0,0,0,0
1990,42,1,0,1,0,1,516,0,40,0
1990,39,2,0,1,0,0,447,5,24,0
1990,23,1,1,1,0,1,885,3,40,0
1990,55,1,0,0,0,0,804,0,40,0
1990,51,2,0,0,0,0,383,4,40,0
1990,29,1,1,0,0,1,157,5,40,0
1990,33,1,2,0,0,1,866,0,44,0
1990,28,2,3,0,0,1,435,3,99,0
1990,73,2,3,0,0,1,0,0,0,0
1990,63,2,3,0,0,0,0,0,0,0
1990,77,2,3,0,0,0,0,0,0,0
1990,39,1,0,0,0,1,495,0,28,0
1990,30,2,0,0,0,1,495,0,20,0
1990,40,1,2,0,0,1,36,4,40,0
1990,58,2,2,1,0,0,95,5,40,0
1990,54,1,0,0,0,1,575,6,40,0
1990,58,2,0,0,0,0,458,4,12,0
1990,76,2,0,0,0,0,0,0,0,0
1990,75,1,0,0,0,0,0,0,0,0
1990,50,1,0,0,0,0,777,1,8,0
1990,48,2,0,3,0,0,379,0,0,0
1990,39,1,0,0,0,1,176,5,50,0
1990,34,2,0,0,0,1,103,5,30,0
1990,34,2,1,0,0,1,156,5,11,0
1990,25,1,0,0,0,0,575,0,40,0
1990,21,2,0,0,0,0,313,4,12,0
1990,79,1,0,0,0,0,176,5,3,0
1990,76,2,0,0,0,0,0,0,0,0
1990,64,1,1,0,0,0,0,0,0,0
1990,76,1,0,0,0,0,0,0,0,0
1990,27,2,0,0,0,0,0,0,0,0
1990,64,2,3,1,0,0,0,0,0,0
1990,40,1,2,1,0,0,0,0,0,0
1990,24,2,2,0,0,1,387,5,40,0
1990,78,1,2,0,0,0,0,0,0,0
1990,27,2,2,0,0,1,95,5,40,0
1990,64,2,3,0,0,0,0,0,0,0
1990,33,1,3,0,0,0,779,6,40,0
1990,18,2,1,0,0,0,276,3,35,0
1990,59,1,0,0,0,0,22,1,42,1
1990,55,2,0,0,0,0,0,0,0,0
1990,33,2,2,0,0,1,318,2,50,0
1990,28,1,2,0,0,1,417,6,85,0
1990,41,1,0,0,0,0,859,0,40,0
1990,40,2,0,0,0,0,0,0,0,0
1990,20,1,1,0,0,0,444,3,40,0
1990,73,2,3,0,0,0,0,0,0,0
1990,50,1,0,0,0,0,185,1,40,0
1990,46,2,0,0,0,0,744,1,0,0
1990,19,2,1,0,0,0,435,3,20,0
1990,29,2,0,0,0,1,785,1,40,0
1990,29,1,0,0,0,0,579,0,40,0
1990,51,1,0,0,0,1,13,3,12,0
1990,43,2,0,0,0,1,23,0,40,0
1990,34,2,2,0,0,0,208,3,30,0
1990,50,1,2,0,0,0,457,4,14,0
1990,32,1,0,0,0,1,22,2,40,0
1990,33,2,0,0,0,1,385,4,12,0
1990,49,1,3,0,0,1,486,5,40,0
1990,75,1,0,0,0,0,0,0,0,0
1990,76,2,0,0,0,0,0,0,0,0
1990,70,2,3,0,0,0,0,0,0,0
1990,70,2,3,1,0,0,0,0,0,0
1990,25,2,1,1,0,1,379,5,40,0
1990,40,1,0,0,0,1,176,5,75,0
1990,34,2,0,0,0,1,444,5,30,0
1990,76,1,0,0,0,0,0,0,0,0
1990,71,2,0,0,0,0,0,0,0,0
1990,45,2,2,0,0,0,259,1,40,0
1990,65,1,0,0,0,0,579,0,0,0
1990,62,2,0,0,0,0,0,0,0,0
1990,18,1,1,0,0,0,875,5,32,0
1990,28,2,0,0,0,0,243,3,0,0
1990,34,1,0,0,0,0,18,4,50,0
1990,77,2,0,0,0,0,0,0,0,0
1990,31,1,0,0,0,1,534,0,45,0
1990,29,2,0,0,0,1,156,5,40,0
1990,56,1,0,0,0,0,696,6,40,1
1990,52,2,0,0,0,0,458,4,40,0
1990,47,1,0,1,0,0,777,1,40,0
1990,42,2,0,1,0,0,744,1,40,0
1990,19,1,1,1,0,0,0,0,0,0
1990,68,2,2,0,0,0,0,0,0,0
1990,37,1,2,0,0,0,804,0,40,0
1990,18,2,1,0,0,0,747,4,16,0
1990,71,1,0,0,0,1,516,2,15,1
1990,66,2,0,0,0,1,0,0,0,0
1990,65,2,3,0,0,0,0,0,0,0
1990,23,1,0,0,0,0,686,3,40,0
1990,22,2,0,0,0,1,379,4,40,0
1990,73,1,0,0,0,0,0,0,0,0
1990,74,2,0,0,0,0,0,0,0,0
1990,46,2,2,0,0,1,174,5,35,0
1990,20,1,1,0,0,1,22,1,40,0
1990,26,1,0,0,0,0,453,1,0,0
1990,25,2,0,0,0,1,889,3,40,0
1990,32,1,0,0,0,0,804,3,48,0
1990,24,2,0,0,0,1,276,3,0,0
1990,30,1,0,0,0,0,849,0,40,0
1990,29,2,0,0,0,0,453,5,40,0
1990,70,1,0,0,0,1,22,3,20,1
1990,69,2,0,0,0,0,0,0,0,0
1990,46,1,0,0,0,1,628,1,60,1
1990,46,2,0,0,1,1,156,5,35,0
1990,23,1,0,0,0,0,595,0,40,0
1990,21,2,0,0,0,1,315,4,20,0
1990,68,1,0,0,0,0,26,5,48,0
1990,63,2,0,0,0,1,329,5,21,0
1990,47,1,0,0,0,1,339,2,0,0
1990,42,2,0,0,0,1,447,5,35,0
1990,32,2,0,1,0,1,327,2,40,0
1990,35,1,0,1,0,1,259,3,40,0
1990,24,1,0,0,0,1,637,1,40,0
1990,21,2,0,0,0,0,885,3,46,0
1990,38,1,0,0,0,0,558,0,0,0
1990,31,2,0,0,0,1,436,3,20,0
1990,73,2,3,1,0,0,0,0,0,0
1990,46,1,3,1,0,0,799,1,40,0
1990,51,2,3,1,0,0,447,5,40,0
1990,30,1,1,1,0,1,889,3,40,0
1990,29,2,1,1,0,1,889,1,99,0
1990,21,1,1,0,0,1,379,2,25,0
1990,48,1,0,0,0,0,479,0,30,0
1990,48,2,0,0,0,0,748,5,40,0
1990,62,1,0,0,0,0,0,0,0,0
1990,51,2,0,0,0,0,354,2,40,0
1990,23,2,1,1,0,0,449,5,0,0
1990,33,1,0,0,2,0,22,2,40,1
1990,32,2,0,0,0,1,445,5,40,0
1990,28,1,0,0,0,1,616,0,60,0
1990,26,2,0,0,0,0,313,0,40,0
1990,53,1,0,0,0,0,0,0,0,0
1990,51,2,0,0,0,0,737,1,20,0
1990,25,1,2,0,0,0,585,4,45,0
1990,59,1,0,0,0,0,585,0,40,0
1990,58,2,0,0,0,0,0,0,0,0
1990,71,1,1,1,0,0,0,0,0,0
1990,18,1,1,0,0,1,225,5,25,0
1990,29,1,1,1,0,0,185,1,40,0
1990,20,1,1,0,0,0,0,0,0,0
1990,80,1,0,0,0,0,689,2,40,0
1990,73,2,0,0,0,0,0,0,0,0
1990,58,2,2,0,0,0,447,4,40,0
1990,50,1,0,0,0,0,235,1,40,0
1990,49,2,0,0,0,1,0,0,0,0
1990,31,1,0,0,0,0,549,0,40,0
1990,30,2,0,0,0,0,0,0,0,0
1990,62,2,3,0,0,0,17,5,40,0
1990,60,1,0,0,0,1,259,1,50,0
1990,54,2,0,0,0,0,383,4,40,0
1990,38,2,2,0,0,1,274,3,0,0
1990,72,2,1,0,0,0,0,0,0,0
1990,28,1,0,0,0,0,35,4,45,0
1990,23,2,0,0,0,1,376,4,40,0
1990,36,1,0,0,2,0,243,3,40,0
1990,35,2,0,3,0,0,259,3,30,0
1990,27,2,1,0,0,1,274,3,24,0
1990,31,1,0,0,0,0,359,2,40,0
1990,30,2,0,0,0,1,468,5,15,0
1990,34,1,0,0,0,0,558,4,50,0
1990,46,2,0,1,0,0,447,5,40,0
1990,20,1,1,1,0,0,453,4,40,0
1990,33,1,0,0,0,0,365,1,50,0
1990,33,2,0,0,0,0,355,2,9,0
1990,41,1,0,1,0,0,558,0,0,0
1990,32,2,0,1,0,1,447,5,40,0
1990,38,2,2,0,0,0,37,4,40,0
1990,18,1,1,0,0,0,436,3,20,0
1990,80,2,3,0,0,0,0,0,0,0
1990,28,2,2,1,0,0,447,5,8,0
1990,72,2,3,0,0,1,274,3,40,0
1990,46,1,0,1,0,0,436,3,40,0
1990,31,2,0,1,0,0,5,6,20,0
1990,48,2,1,1,0,0,0,0,0,0
1990,37,2,3,1,0,0,0,0,0,0
1990,43,1,0,0,0,0,509,0,50,0
1990,42,2,0,0,0,0,0,0,0,0
1990,20,1,1,0,0,0,617,0,50,0
1990,53,1,0,0,0,1,529,2,40,0
1990,51,2,0,0,0,0,0,0,0,0
1990,71,2,3,0,0,0,336,6,40,0
1990,40,1,0,0,0,1,453,4,40,0
1990,41,2,0,0,0,1,467,5,0,0
1990,27,1,0,0,0,1,186,5,40,0
1990,26,2,0,0,0,1,313,5,40,0
1990,51,1,2,0,0,1,48,1,55,0
1990,52,1,0,0,0,1,22,2,40,0
1990,47,2,0,0,0,1,313,5,11,0
1990,52,1,0,0,0,0,25,4,40,0
1990,52,2,0,0,0,0,323,4,25,0
1990,20,2,1,0,0,1,257,4,25,0
1990,52,1,0,1,0,0,533,1,35,0
1990,44,2,0,1,0,0,449,4,16,0
1990,19,1,1,1,0,0,443,3,18,0
1990,66,2,2,0,0,1,23,2,48,0
1990,33,1,2,0,1,1,22,3,50,0
1990,32,2,2,0,0,1,156,5,40,0
1990,71,1,0,0,0,1,5,6,40,1
1990,69,2,0,0,0,1,254,4,35,0
1990,38,1,0,0,0,1,7,4,40,1
1990,41,2,0,0,0,1,203,5,40,0
1990,35,1,0,0,0,0,577,2,40,0
1990,38,2,0,0,0,1,313,5,38,0
1990,80,2,3,0,0,0,0,0,0,0
1990,48,1,0,0,0,1,154,5,45,0
1990,46,2,0,0,0,1,156,5,50,0
1990,31,1,0,0,0,1,575,0,45,0
1990,32,2,0,0,0,1,313,5,40,0
1990,44,2,2,0,0,1,154,5,50,0
1990,65,1,0,0,0,0,514,4,0,0
1990,51,2,0,0,0,0,453,6,20,0
1990,28,1,0,0,0,1,243,3,55,0
1990,29,2,0,0,0,1,17,3,40,0
1990,79,1,0,0,0,0,0,0,0,0
1990,78,2,0,0,0,0,0,0,0,0
1990,40,1,0,1,0,0,766,3,40,0
1990,42,2,0,1,0,0,407,4,8,0
1990,21,1,1,1,0,0,877,3,0,0
1990,20,1,1,1,0,0,443,3,0,0
1990,19,1,1,0,2,0,444,4,12,0
1990,30,2,3,0,0,0,444,5,0,0
1990,54,2,2,0,0,1,23,2,44,0
1990,21,1,1,0,0,1,507,4,60,0
1990,70,1,0,0,0,1,0,0,0,0
1990,67,2,0,0,0,1,0,0,0,0
1990,55,1,0,0,0,0,518,1,40,0
1990,43,2,0,0,0,0,458,4,40,0
1990,23,1,1,2,0,1,364,4,40,0
1990,62,2,3,0,0,1,348,4,40,0
1990,31,1,0,1,0,1,804,2,99,0
1990,31,2,0,1,0,1,338,3,28,0
1990,32,1,0,0,0,1,417,6,80,0
1990,33,2,0,0,0,0,359,3,50,0
1990,72,2,1,0,0,1,276,3,30,0
1990,31,1,0,0,0,0,426,5,40,0
1990,30,2,0,0,0,1,208,5,40,0
1990,65,2,2,0,0,0,0,0,0,0
1990,36,1,0,0,0,1,22,1,48,0
1990,44,2,0,0,0,1,458,4,35,0
1990,18,1,1,0,0,0,389,5,25,0
1990,43,1,0,0,0,0,0,0,0,0
1990,35,2,0,0,0,0,785,0,40,0
1990,41,1,0,0,0,0,514,4,40,0
1990,33,2,0,0,0,0,276,3,0,0
1990,56,2,3,0,2,0,447,5,40,0
1990,66,1,0,0,0,0,259,3,0,0
1990,60,2,0,0,0,0,0,0,0,0
1990,64,2,0,0,0,0,0,0,0,0
1990,62,1,0,0,0,0,878,1,40,0
1990,32,1,1,1,0,1,159,5,50,0
1990,45,2,2,0,0,1,23,5,37,0
1990,30,1,0,0,0,1,259,1,60,0
1990,28,2,0,0,0,1,313,0,40,0
1990,37,1,0,0,0,1,243,3,50,1
1990,36,2,0,0,0,0,0,0,0,0
1990,70,2,3,1,0,0,404,4,0,0
1990,53,1,0,1,0,1,808,5,45,0
1990,43,2,0,1,0,1,808,5,45,0
1990,32,1,0,0,0,1,804,2,40,0
1990,30,2,0,0,0,0,744,1,0,0
1990,36,1,0,0,0,1,84,5,48,1
1990,37,2,0,0,0,1,0,0,0,0
1990,41,1,0,0,0,1,368,0,52,0
1990,40,2,0,0,0,1,156,5,40,0
1990,54,2,2,0,0,1,18,4,80,0
1990,24,1,0,0,0,1,155,5,30,0
1990,24,2,0,0,0,1,243,3,60,0
1990,29,1,0,0,0,0,613,0,84,0
1990,30,2,0,0,0,1,337,3,40,0
1990,44,1,0,1,0,1,217,1,40,0
1990,39,2,0,1,0,1,313,5,40,0
1990,77,2,0,0,0,0,0,0,0,0
1990,33,1,0,0,0,1,804,2,40,0
1990,29,2,0,0,0,1,308,1,40,0
1990,45,2,2,1,0,1,95,5,40,0
1990,46,1,0,0,0,0,22,0,40,0
1990,47,2,0,0,0,0,373,1,40,0
1990,43,2,2,1,0,0,0,0,0,0
1990,54,2,3,1,0,0,449,4,40,0
1990,60,2,3,1,0,0,449,5,40,0
1990,55,1,0,2,1,0,486,5,40,0
1990,55,2,0,2,1,0,0,0,0,0
1990,20,1,1,2,0,0,723,3,40,0
1990,28,1,3,2,1,0,887,1,0,0
1990,34,1,0,2,1,0,883,0,40,0
1990,34,2,0,2,1,0,405,4,25,0
1990,37,2,2,0,0,1,447,5,40,0
1990,36,1,3,1,0,1,97,5,45,0
1990,21,2,1,0,0,1,467,5,0,0
1990,34,2,3,0,0,0,276,3,40,0
1990,50,1,0,0,0,0,243,3,50,0
1990,49,2,0,0,0,1,95,0,32,0
1990,69,2,2,0,0,1,276,5,40,0
1990,70,2,3,0,0,0,0,0,0,0
1990,49,1,0,0,0,1,78,5,40,0
1990,47,2,0,0,0,0,313,5,40,0
1990,58,1,0,0,0,1,154,5,40,0
1990,53,2,0,0,0,1,447,5,20,0
1990,61,2,3,0,0,1,313,4,38,0
1990,24,1,0,0,0,1,259,3,50,0
1990,22,2,0,0,0,1,257,2,0,0
1990,42,2,2,0,0,1,234,5,40,1
1990,67,1,0,0,0,1,156,5,0,0
1990,63,2,0,0,0,1,163,5,40,0
1990,68,1,0,0,0,0,176,5,20,0
1990,72,2,0,0,0,0,0,0,0,0
1990,24,1,0,0,0,0,783,0,45,0
1990,23,2,0,0,0,0,438,3,40,0
1990,71,1,0,0,0,1,0,0,0,0
1990,55,2,0,0,0,1,185,4,0,0
1990,48,1,0,0,0,0,263,3,65,0
1990,49,2,0,0,0,0,338,3,40,0
1990,18,1,1,0,0,1,274,3,18,0
1990,21,1,1,0,0,0,567,1,40,0
1990,57,1,0,0,0,1,263,3,10,0
1990,56,2,0,0,0,1,313,3,99,0
1990,30,2,1,1,0,0,436,5,0,0
1990,40,2,2,1,0,0,449,5,40,0
1990,56,1,0,0,0,0,243,3,48,0
1990,53,2,0,0,2,0,276,3,48,0
1990,55,1,0,0,0,1,22,4,50,0
1990,51,2,0,0,0,0,389,5,30,0
1990,38,2,2,1,0,0,785,1,99,0
1990,19,2,1,1,0,0,276,3,0,0
1990,50,2,2,0,0,1,313,3,40,0
1990,66,1,0,0,0,0,0,0,0,0
1990,58,2,0,0,0,0,274,3,30,0
1990,20,1,0,0,0,0,628,1,50,0
1990,36,1,0,0,0,1,473,0,60,0
1990,33,2,0,0,0,1,163,5,40,0
1990,29,1,2,0,0,0,889,3,0,0
1990,54,1,0,0,0,1,423,6,40,0
1990,55,2,0,0,0,0,313,5,40,0
1990,69,1,0,0,0,1,0,0,0,0
1990,67,2,0,0,0,0,0,0,0,0
1990,76,1,1,0,0,1,179,6,50,0
1990,70,2,1,0,0,0,405,4,35,0
1990,74,2,3,0,0,0,0,0,0,0
1990,37,1,0,0,0,1,89,5,50,1
1990,38,2,0,0,0,1,447,5,40,0
1990,42,1,3,1,0,0,869,0,40,0
1990,20,2,1,1,0,0,436,3,0,0
1990,69,1,0,0,0,1,156,5,0,0
1990,67,2,0,0,0,1,313,5,0,0
1990,50,1,0,0,0,1,17,3,11,1
1990,48,2,0,0,0,0,17,3,10,0
1990,51,1,0,0,0,1,33,1,45,0
1990,45,2,0,0,0,0,18,4,40,0
1990,42,1,0,0,0,0,804,1,50,0
1990,41,2,0,0,0,1,22,5,45,0
1990,18,2,1,0,0,1,264,3,15,0
1990,20,2,2,0,0,1,319,4,40,0
1990,39,1,0,0,0,0,804,2,50,0
1990,35,2,0,0,0,0,579,3,40,0
1990,63,2,2,0,0,1,0,0,0,0
1990,33,1,0,2,1,0,22,2,40,0
1990,26,2,0,2,1,0,407,4,0,0
1990,56,1,0,0,0,0,549,2,40,0
1990,58,2,0,0,0,1,0,0,0,0
1990,24,1,1,0,0,1,213,3,40,0
1990,43,1,0,0,0,1,699,0,40,0
1990,43,2,0,0,0,1,223,5,0,0
1990,50,1,0,0,0,1,785,1,40,0
1990,40,2,0,0,0,1,156,5,98,0
1990,32,2,3,1,0,0,785,1,20,0
1990,40,1,0,2,1,0,475,0,40,0
1990,39,2,0,2,1,0,484,0,40,0
1990,19,2,1,2,1,0,877,3,10,0
1990,46,1,3,2,1,0,484,0,40,0
1990,57,1,0,0,0,0,859,0,54,0
1990,42,2,0,0,0,0,0,0,0,0
1990,19,2,1,0,0,1,435,3,16,0
1990,54,1,0,1,0,0,777,1,0,0
1990,57,2,0,1,0,0,447,4,8,0
1990,29,1,0,0,0,0,783,0,40,0
1990,23,2,0,0,0,0,435,3,0,0
1990,32,1,0,0,0,0,516,0,55,0
1990,27,2,0,0,0,0,453,5,0,0
1990,27,2,2,0,0,1,435,3,35,0
1990,40,1,3,2,1,0,479,0,50,0
1990,29,1,1,0,0,1,178,5,40,0
1990,67,1,0,0,0,1,379,5,0,0
1990,67,2,0,0,0,1,154,5,0,0
1990,37,2,1,0,0,1,156,5,40,0
1990,45,1,0,0,0,1,303,6,40,0
1990,45,2,0,0,0,0,487,0,40,0
1990,20,2,1,0,0,1,348,5,25,0
1990,75,1,0,1,0,0,0,0,0,0
1990,68,2,0,1,0,1,0,0,0,0
1990,46,1,0,0,0,0,577,2,40,0
1990,45,2,0,0,0,1,889,3,30,0
1990,31,1,0,1,0,0,469,2,40,0
1990,26,2,0,1,0,0,888,1,0,0
1990,66,1,2,0,0,0,804,2,45,0
1990,45,1,0,0,0,1,473,0,80,1
1990,43,2,0,0,0,1,156,5,50,0
1990,68,1,0,0,0,0,0,0,0,0
1990,69,2,0,0,0,0,447,5,32,0
1990,63,2,2,0,0,1,154,5,8,0
1990,59,1,0,0,0,0,0,0,0,0
1990,50,2,0,0,0,0,0,0,0,0
1990,26,1,1,1,0,1,0,0,0,0
1990,30,1,2,2,4,1,0,0,0,0
1990,46,1,0,0,0,0,57,0,84,1
1990,38,2,0,0,0,0,313,1,40,0
1990,27,2,1,0,2,1,424,6,40,0
1990,41,1,0,0,0,0,0,0,0,0
1990,40,2,0,0,0,0,156,5,40,0
1990,36,1,2,0,0,0,889,1,40,0
1990,39,1,0,0,0,1,804,0,44,0
1990,30,2,0,0,1,0,444,3,0,0
1990,21,1,3,0,0,0,768,1,45,0
1990,60,1,0,0,0,0,804,2,0,0
1990,60,2,0,0,0,0,744,1,40,0
1990,41,1,0,3,0,1,53,0,56,0
1990,30,2,0,0,0,0,777,1,0,0
1990,34,1,0,0,0,1,156,5,40,0
1990,33,2,0,0,0,1,159,5,40,0
1990,64,1,0,0,0,0,889,4,0,0
1990,69,2,0,0,0,0,467,5,40,0
1990,80,1,0,0,0,0,748,4,30,0
1990,77,2,0,0,0,0,0,0,0,0
1990,43,1,0,0,0,1,22,4,40,0
1990,43,2,0,0,0,0,744,1,35,0
1990,56,1,2,0,0,0,355,2,40,0
1990,29,1,0,0,0,0,368,3,45,0
1990,29,2,0,0,0,0,385,1,40,0
1990,41,2,2,0,0,0,278,1,35,0
1990,30,1,2,0,0,0,278,1,35,0
1990,69,1,3,0,0,0,307,1,40,0
1990,19,2,1,0,0,0,379,2,40,0
1990,36,2,0,0,0,1,313,5,37,0
1990,31,1,0,0,0,1,458,4,40,0
1990,73,1,0,0,0,1,178,5,40,0
1990,67,2,0,0,0,0,0,0,0,0
1990,50,2,1,0,0,1,23,5,45,0
1990,66,2,3,0,0,0,0,0,0,0
1990,71,1,0,0,0,1,0,0,0,0
1990,69,2,0,0,0,0,0,0,0,0
1990,65,1,0,0,0,1,23,1,0,0
1990,63,2,0,0,0,1,95,5,0,0
1990,75,2,3,0,0,0,0,0,0,0
1990,45,1,2,0,0,1,22,1,45,0
1990,21,2,1,0,0,0,447,5,40,0
1990,42,2,2,0,0,1,156,5,60,0
1990,76,1,0,0,0,0,0,0,0,0
1990,67,2,3,0,0,0,0,0,0,0
1990,32,1,0,0,0,1,447,5,40,0
1990,28,2,0,0,0,0,383,4,40,0
1990,45,1,0,0,0,0,365,5,40,0
1990,45,2,0,0,0,0,337,0,40,0
1990,27,1,2,0,0,0,889,3,40,0
1990,69,1,0,0,0,1,0,0,0,0
1990,66,2,0,0,0,0,329,5,0,0
1990,36,1,0,0,0,1,558,0,40,0
1990,29,2,0,0,0,0,264,3,20,0
1990,37,1,0,0,0,0,804,2,60,0
1990,35,2,0,0,0,0,155,5,30,0
1990,78,2,3,0,0,1,0,0,0,1
1990,21,1,1,0,0,0,844,0,40,0
1990,40,1,3,0,0,0,379,0,0,0
1990,67,1,0,0,0,1,526,3,0,0
1990,66,2,0,0,0,1,0,0,0,0
1990,49,1,0,0,0,0,877,3,45,0
1990,47,2,0,0,0,0,257,2,40,0
1990,26,1,1,0,0,0,364,3,40,0
1990,20,1,1,0,0,0,804,3,45,0
1990,47,1,0,0,0,0,785,3,60,0
1990,45,2,0,0,0,1,207,5,40,0
1990,43,1,0,0,0,1,25,4,45,0
1990,41,2,0,0,0,1,253,4,40,0
1990,57,2,1,1,0,1,436,5,24,0
1990,37,1,2,1,0,0,453,5,8,0
1990,19,1,1,1,0,1,889,1,20,0
1990,73,2,0,0,0,1,0,0,0,0
1990,70,1,0,0,0,0,558,1,0,0
1990,63,2,0,0,0,0,0,0,0,0
1990,33,1,0,0,0,1,657,1,40,0
1990,29,2,0,0,0,0,889,3,40,0
1990,40,2,0,0,0,1,473,0,35,0
1990,36,1,0,0,0,0,804,3,40,0
1990,54,1,0,0,0,0,243,3,84,1
1990,54,2,0,0,0,0,313,3,0,0
1990,27,1,0,0,0,1,503,3,40,0
1990,26,2,0,0,0,1,407,4,0,0
1990,50,2,3,0,0,1,467,5,0,0
1990,21,1,1,0,0,1,383,4,23,0
1990,45,1,0,0,0,1,22,0,60,0
1990,45,2,0,0,0,1,23,0,40,0
1990,43,1,0,0,0,1,156,5,60,0
1990,41,2,0,0,0,1,134,5,50,0
1990,25,1,0,0,0,0,866,4,40,0
1990,27,2,0,0,0,0,155,5,17,0
1990,33,1,0,0,0,1,585,0,50,0
1990,33,2,0,0,0,1,37,5,45,0
1990,48,1,0,0,0,1,33,2,40,0
1990,52,2,0,0,0,0,445,5,40,0
1990,20,2,2,0,0,0,806,1,30,0
1990,26,1,0,0,0,1,73,3,40,0
1990,23,2,0,0,0,0,274,3,0,0
1990,55,1,0,0,0,1,44,1,40,1
1990,47,2,0,0,0,0,0,0,0,0
1990,20,1,1,0,0,0,505,3,40,0
1990,80,1,0,0,0,0,0,0,0,0
1990,76,2,0,0,0,0,0,0,0,0
1990,33,1,0,0,0,1,243,3,45,0
1990,30,2,0,0,0,0,337,3,40,0
1990,63,2,2,0,0,0,0,0,0,0
1990,23,2,2,0,0,1,23,1,40,0
1990,75,1,3,0,0,0,473,0,48,0
1990,45,2,2,0,0,1,348,2,40,0
1990,71,1,0,0,0,0,0,0,0,0
1990,69,2,0,0,0,0,0,0,0,0
1990,46,1,0,0,0,0,207,5,40,0
1990,44,2,0,0,0,1,447,5,48,0
1990,26,1,3,0,0,0,505,3,40,0
1990,41,1,0,0,0,1,734,1,40,0
1990,35,2,0,0,0,0,737,1,0,0
1990,18,1,1,0,0,0,257,1,80,0
1990,47,1,0,0,0,0,174,6,40,0
1990,45,2,0,0,0,0,385,1,40,0
1990,24,1,1,0,0,1,156,5,24,0
1990,36,1,0,0,1,0,779,1,40,0
1990,33,2,0,0,1,0,785,4,40,0
1990,34,1,3,2,1,0,785,1,40,0
1990,45,1,1,2,1,0,889,5,40,0
1990,30,1,1,2,1,0,869,0,40,0
1990,38,1,3,2,1,0,869,0,40,0
1990,65,2,3,0,0,0,323,5,20,0
1990,44,2,3,0,0,0,197,4,40,0
1990,71,2,3,0,0,0,473,0,25,0
1990,78,1,1,0,0,0,877,3,0,0
1990,37,1,0,0,0,0,554,0,0,0
1990,35,2,0,0,0,0,243,3,0,0
1990,41,1,0,0,0,1,257,4,60,0
1990,36,2,0,0,0,1,37,4,55,0
1990,31,1,0,0,0,0,628,1,43,0
1990,29,2,0,0,0,1,22,1,41,0
1990,43,2,0,0,0,0,243,3,45,0
1990,42,1,0,0,0,1,375,4,45,0
1990,34,1,0,0,0,1,267,3,40,0
1990,42,2,0,0,0,1,243,3,99,0
1990,37,1,0,0,3,1,628,1,84,0
1990,32,2,0,0,3,1,313,1,20,0
1990,46,1,0,0,0,1,216,1,40,0
1990,43,2,0,0,0,1,156,5,40,0
1990,80,2,3,0,0,0,0,0,0,0
1990,75,2,3,0,0,0,0,0,0,0
1990,26,1,0,3,3,0,449,5,40,0
1990,19,2,0,0,0,0,447,5,20,0
1990,77,2,3,0,0,0,0,0,0,0
1990,35,1,0,0,0,0,523,2,40,0
1990,28,2,0,0,0,0,313,5,40,0
1990,39,1,0,0,0,1,575,1,40,0
1990,28,2,0,0,0,0,23,3,40,0
1990,66,2,3,0,0,0,444,5,40,0
1990,29,1,1,0,0,0,599,3,40,0
1990,30,2,2,0,0,0,804,3,0,0
1990,34,1,0,0,0,0,567,0,40,0
1990,41,2,0,3,0,0,447,5,40,0
1990,49,1,0,0,0,0,243,3,70,0
1990,47,2,0,0,0,0,337,3,60,0
1990,19,2,1,0,0,1,0,0,0,0
1990,44,1,0,0,0,1,307,5,99,1
1990,39,2,0,0,0,1,0,0,0,0
1990,32,1,3,1,0,0,486,5,40,0
1990,43,1,0,0,3,1,84,5,40,1
1990,39,2,0,0,3,1,0,0,0,0
1990,18,1,1,0,3,0,274,3,30,0
1990,20,1,1,0,3,1,883,3,25,0
1990,23,2,1,0,3,0,5,6,37,0
1990,63,2,3,0,3,1,95,5,40,0
1990,42,1,0,0,0,0,779,1,40,1
1990,35,2,0,0,0,1,0,0,0,0
1990,46,1,0,0,0,0,804,2,40,0
1990,45,2,0,0,0,0,0,0,0,0
1990,18,1,1,0,0,0,657,1,24,0
1990,46,1,0,0,0,1,518,1,40,0
1990,46,2,0,0,0,1,234,5,40,0
1990,19,1,0,0,0,0,779,1,40,0
1990,21,2,0,0,0,0,889,5,40,0
1990,36,2,2,0,0,1,505,3,20,0
1990,41,1,0,0,0,1,35,0,40,0
1990,32,2,0,0,0,1,95,5,40,0
1990,28,2,2,0,0,0,336,4,40,0
1990,37,1,0,0,0,0,54,1,46,0
1990,41,2,0,0,0,0,155,5,15,0
1990,19,1,1,0,0,0,887,4,15,0
1990,18,2,1,0,0,0,433,3,15,0
1990,54,1,0,0,0,0,13,1,40,1
1990,52,2,0,0,0,0,313,6,0,0
1990,27,1,0,0,0,0,675,1,40,0
1990,29,2,0,0,0,1,95,5,0,0
1990,34,1,0,0,0,1,889,3,40,0
1990,21,2,0,0,0,1,243,3,40,0
1990,28,1,0,0,0,0,243,3,44,0
1990,29,2,0,0,0,1,276,3,40,0
1990,34,1,3,0,0,1,856,3,40,0
1990,24,2,2,1,0,0,447,5,40,0
1990,35,2,2,0,0,1,265,3,40,0
1990,54,2,1,0,0,0,0,0,0,0
1990,28,1,0,0,0,0,856,1,40,0
1990,25,2,0,0,0,1,0,0,0,0
1990,60,2,3,0,0,1,274,3,40,0
1990,34,1,0,0,0,1,426,2,40,0
1990,33,2,0,0,0,1,0,0,0,0
1990,42,2,3,1,0,0,466,5,32,0
1990,37,2,2,1,0,0,447,4,20,0
1990,22,1,1,1,0,0,869,0,0,0
1990,61,1,0,0,0,0,276,3,50,0
1990,57,2,0,0,0,0,337,1,40,0
1990,39,1,0,0,0,0,423,6,40,0
1990,29,2,0,0,0,0,243,3,40,0
1990,28,1,0,0,0,0,769,1,42,0
1990,23,2,0,0,0,0,385,5,35,0
1990,65,1,3,0,0,1,156,5,16,0
1990,68,2,3,0,0,0,447,5,40,0
1990,70,1,0,0,0,0,0,0,0,0
1990,64,2,0,0,0,1,156,5,0,0
1990,70,2,3,0,0,1,22,4,35,0
1990,55,1,2,1,0,0,0,0,0,0
1990,80,2,2,1,0,0,0,0,0,0
1990,56,1,3,0,0,0,516,0,0,0
1990,24,1,0,0,0,0,518,1,40,0
1990,22,2,0,0,0,0,276,3,36,0
1990,80,1,2,0,0,0,0,0,0,0
1990,75,2,3,0,0,1,0,0,0,0
1990,30,1,0,2,0,0,475,0,30,0
1990,36,2,2,2,0,0,785,1,40,0
1990,42,1,0,0,0,1,534,3,45,0
1990,35,2,0,0,0,1,387,5,35,0
1990,30,1,3,1,0,0,796,2,40,0
1990,27,2,3,1,0,1,95,5,40,0
1990,78,2,3,1,0,0,0,0,0,0
1990,63,2,3,0,0,0,458,4,0,0
1990,34,1,0,1,0,1,436,4,0,0
1990,33,2,0,2,0,0,406,4,9,0
1990,67,1,0,0,0,0,473,0,30,0
1990,67,2,0,0,0,0,436,5,32,0
1990,74,1,0,2,0,0,0,0,0,0
1990,75,2,0,2,1,0,0,0,0,0
1990,51,1,0,0,0,1,529,2,40,0
1990,52,2,0,0,0,0,0,0,0,0
1990,26,1,0,0,0,1,779,1,0,0
1990,26,2,0,0,0,1,313,5,0,0
1990,30,1,0,0,0,0,703,1,40,0
1990,30,2,0,0,0,0,744,1,40,0
1990,53,1,0,0,0,0,22,0,40,0
1990,52,2,0,0,0,1,95,5,40,0
1990,18,1,1,0,0,0,0,0,0,0
1990,65,1,0,0,0,0,263,3,0,0
1990,65,2,0,0,0,0,0,0,0,0
1990,76,1,3,0,0,0,0,0,0,0
1990,73,1,0,0,0,0,0,0,0,1
1990,70,2,0,0,0,1,0,0,0,0
1990,71,2,3,1,0,0,407,4,16,0
1990,80,1,0,0,0,0,0,0,0,0
1990,78,2,0,0,0,0,0,0,0,0
1990,77,2,3,0,0,0,0,0,0,0
1990,46,1,0,1,0,0,507,5,40,0
1990,39,2,0,1,0,1,785,1,40,0
1990,65,2,1,0,0,1,156,5,0,0
1990,80,1,1,0,0,0,473,0,0,0
1990,36,1,0,0,0,0,505,6,40,0
1990,32,2,0,0,0,1,276,3,0,0
1990,24,1,1,0,0,0,436,3,40,0
1990,59,1,0,0,0,0,0,0,0,0
1990,58,2,0,0,0,0,0,0,0,0
1990,79,2,3,0,0,0,0,0,0,0
1990,73,2,1,0,0,0,0,0,0,0
1990,50,1,0,0,0,0,804,1,99,0
1990,38,2,0,0,0,1,808,2,0,0
1990,19,1,1,3,0,0,436,3,18,0
1990,60,1,0,0,0,1,14,5,20,0
1990,66,2,0,0,0,0,0,0,0,0
1990,50,1,0,1,0,0,549,1,40,0
1990,49,2,0,1,0,0,0,0,0,0
1990,38,2,1,0,0,0,276,3,54,0
1990,30,1,2,0,0,0,617,0,40,0
1990,66,2,0,0,0,0,435,3,0,0
1990,69,1,0,0,0,1,479,0,50,0
1990,62,2,3,1,0,0,407,4,18,0
1990,34,1,2,0,1,0,889,2,48,0
1990,28,2,2,0,1,0,0,0,0,0
1990,35,2,2,0,1,0,436,3,7,0
1990,58,2,3,0,0,0,22,4,50,0
1990,40,1,0,0,0,1,156,5,40,0
1990,40,2,0,0,0,1,479,0,40,0
1990,74,1,0,0,0,0,0,0,0,0
1990,72,2,0,0,0,0,0,0,0,0
1990,36,1,0,0,0,1,505,4,45,0
1990,32,2,0,0,0,1,44,1,40,0
1990,80,2,3,0,0,0,0,0,0,0
1990,75,1,0,0,0,0,0,0,0,0
1990,67,2,0,0,0,0,25,4,0,0
1990,31,2,0,0,0,0,385,4,40,0
1990,29,1,0,0,0,1,804,2,10,0
1990,36,1,0,0,0,1,503,1,55,0
1990,36,2,0,0,0,1,313,5,36,0
1990,50,1,0,0,0,0,856,1,40,0
1990,47,2,0,0,0,0,436,5,30,0
1990,27,2,2,0,0,1,467,5,45,0
1990,22,2,1,0,0,1,445,5,40,0
1990,20,2,1,0,0,1,505,3,40,0
1990,27,1,0,0,0,1,637,1,40,0
1990,27,2,0,0,0,1,379,5,35,0
1990,76,2,3,0,0,0,0,0,0,0
1990,64,1,0,0,0,0,22,0,40,0
1990,55,2,0,0,0,0,313,3,15,0
1990,62,2,3,0,0,0,0,0,0,0
1990,31,1,0,0,0,0,689,2,40,0
1990,36,2,0,0,0,1,0,0,0,0
1990,40,1,0,0,0,1,175,6,60,0
1990,39,2,0,0,0,1,365,1,40,0
1990,46,2,2,0,0,1,313,2,40,0
1990,24,1,0,0,0,0,653,2,50,0
1990,28,2,0,0,0,0,318,2,40,0
1990,28,1,0,0,0,1,22,0,0,0
1990,22,2,0,0,0,1,103,5,0,0
1990,60,2,2,0,0,0,436,3,40,0
1990,70,2,3,0,0,0,453,4,0,0
1990,41,2,3,0,0,1,95,5,40,0
1990,54,1,0,0,0,0,516,2,40,0
1990,51,2,0,0,0,0,447,5,0,0
1990,31,2,3,0,0,0,435,3,20,0
1990,39,2,2,0,0,0,435,3,25,0
1990,78,2,2,1,0,0,0,0,0,0
1990,66,1,0,0,0,1,0,0,0,0
1990,55,2,0,0,0,1,175,5,0,0
1990,53,1,0,0,0,1,628,1,40,1
1990,49,2,0,0,0,1,0,0,0,0
1990,24,2,1,0,0,1,383,4,25,0
1990,20,2,1,0,0,0,804,3,0,0
1990,69,1,0,0,0,1,0,0,0,0
1990,68,2,0,0,0,1,0,0,0,0
1990,37,2,3,0,0,1,0,0,0,0
1990,74,2,3,0,0,0,0,0,0,0
1990,39,1,0,0,0,1,22,5,50,0
1990,40,2,0,0,0,1,385,5,20,0
1990,58,1,0,0,0,0,22,2,40,0
1990,51,2,0,0,0,0,313,5,40,0
1990,22,1,1,0,0,0,856,3,40,0
1990,22,1,1,0,0,0,477,0,40,0
1990,35,1,0,0,0,0,709,1,44,0
1990,36,2,0,0,0,0,487,0,30,0
1990,18,1,1,0,0,0,877,3,30,0
1990,20,2,1,0,0,0,313,3,40,0
1990,20,2,1,0,0,1,174,5,20,0
1990,18,2,1,0,0,0,883,4,16,0
1990,19,2,1,0,0,0,274,3,0,0
1990,19,1,1,0,0,0,877,3,30,0
1990,25,2,1,0,0,1,186,5,40,0
1990,53,1,0,2,0,0,426,1,40,0
1990,34,2,0,2,1,0,744,1,40,0
1990,30,1,1,2,1,1,496,0,40,0
1990,25,1,1,2,1,0,486,0,40,0
1990,72,2,3,1,0,0,0,0,0,0
1990,44,2,1,1,0,0,95,5,40,0
1990,20,2,1,1,0,0,276,3,39,0
1990,80,2,2,0,0,0,0,0,0,0
1990,40,1,2,0,0,0,567,0,45,0
1990,46,2,0,0,0,0,313,3,40,0
1990,54,1,0,0,0,1,0,0,0,0
1990,42,1,1,1,0,1,643,1,99,0
1990,25,2,3,1,0,1,276,3,15,0
1990,31,2,2,1,0,1,436,3,99,0
1990,79,2,0,0,0,0,0,0,0,0
1990,71,2,3,1,0,0,407,4,0,0
1990,80,2,3,0,0,0,0,0,0,0
1990,78,1,0,1,0,0,0,0,0,0
1990,66,2,0,1,0,0,0,0,0,0
1990,50,2,1,1,0,0,683,1,40,0
1990,45,1,1,1,0,0,0,0,0,0
1990,26,1,1,1,0,1,785,1,40,0
1990,35,1,2,0,0,0,507,3,40,0
1990,23,1,3,0,0,0,734,1,40,0
1990,74,1,1,0,0,0,0,0,0,0
1990,28,2,3,1,0,1,453,3,20,0
1990,44,1,0,0,0,1,259,3,30,0
1990,44,2,0,0,0,1,0,0,0,0
1990,71,2,3,0,0,0,0,0,0,0
1990,25,2,1,0,0,1,335,4,15,0
1990,67,1,3,0,0,0,0,0,0,0
1990,49,1,0,0,0,0,566,0,24,0
1990,51,2,0,0,0,0,435,3,55,0
1990,20,2,1,0,0,1,274,3,39,0
1990,19,2,1,2,0,0,276,3,39,0
1990,69,2,3,0,0,1,313,4,40,0
1990,57,1,0,0,0,1,263,3,45,0
1990,50,2,0,0,0,1,21,5,40,0
1990,67,2,3,0,0,0,313,5,40,0
1990,56,1,0,0,0,0,589,0,50,0
1990,54,2,0,0,0,0,274,3,16,0
1990,49,1,0,0,0,1,263,3,50,1
1990,49,2,0,0,0,0,314,6,40,0
1990,20,2,1,0,0,1,379,5,28,0
1990,78,1,0,0,0,1,337,1,40,1
1990,70,2,0,0,0,0,337,4,35,1
1990,70,1,0,0,0,1,699,0,40,0
1990,69,2,0,0,0,1,0,0,0,0
1990,78,2,0,0,0,0,0,0,0,0
1990,70,1,0,0,0,1,243,3,50,0
1990,65,2,0,0,0,0,0,0,0,0
1990,62,1,0,0,0,0,29,3,0,0
1990,62,2,0,0,0,0,0,0,0,0
1990,24,2,1,1,0,0,276,3,35,0
1990,31,1,0,2,1,0,518,1,50,0
1990,41,2,0,2,0,0,313,4,40,0
1990,21,2,1,2,0,0,235,5,30,0
1990,39,1,0,1,0,0,577,2,40,0
1990,36,2,0,1,0,1,313,2,40,0
1990,19,2,1,1,0,1,276,3,15,0
1990,25,2,3,0,0,1,95,5,32,0
1990,36,1,0,0,0,0,28,3,99,0
1990,38,2,0,0,0,1,23,1,40,0
1990,22,1,0,0,0,0,779,6,40,0
1990,21,2,0,0,0,0,156,5,40,0
1990,47,1,2,0,0,0,567,0,40,1
1990,23,1,1,0,0,1,567,0,20,0
1990,20,2,1,1,0,1,779,5,20,0
1990,70,1,0,0,0,0,0,0,0,0
1990,70,2,0,0,0,0,0,0,0,0
1990,64,1,0,0,0,1,628,1,40,0
1990,62,2,0,0,0,1,389,6,40,0
1990,33,1,1,0,0,1,889,6,0,0
1990,50,1,0,0,0,1,378,1,40,1
1990,43,2,0,0,0,0,785,1,40,0
1990,35,1,2,0,0,1,636,1,40,0
1990,31,1,2,0,0,1,363,1,38,0
1990,34,1,0,0,0,0,628,1,45,0
1990,21,2,0,0,0,0,328,3,40,0
1990,36,1,0,0,0,1,214,0,42,0
1990,34,2,0,0,0,1,156,5,40,0
1990,33,1,0,0,0,1,869,0,80,0
1990,33,2,0,0,0,1,0,0,0,0
1990,55,1,0,0,0,1,243,1,70,0
1990,53,2,0,0,0,0,0,0,0,0
1990,30,1,0,0,0,0,804,3,0,0
1990,22,2,0,0,0,0,447,5,40,0
1990,28,1,0,0,0,0,694,2,40,0
1990,28,2,0,0,0,0,243,3,50,0
1990,52,1,0,0,0,1,13,1,44,1
1990,48,2,0,0,2,0,0,0,0,0
1990,53,1,0,0,0,1,226,2,70,0
1990,50,2,0,0,0,1,0,0,0,0
1990,52,1,0,0,0,1,7,4,45,0
1990,52,2,0,0,0,1,197,4,45,0
1990,19,2,1,0,0,1,274,3,20,0
1990,35,1,0,0,0,0,503,3,75,1
1990,34,2,0,0,0,1,243,1,30,0
1990,65,2,3,0,0,0,25,3,0,0
1990,40,2,1,0,0,0,0,0,0,0
1990,46,1,0,0,0,0,677,3,60,0
1990,32,2,0,0,0,1,677,3,40,0
1990,35,1,2,0,0,1,55,1,40,0
1990,71,1,0,0,0,0,0,0,0,0
1990,66,2,0,0,0,0,0,0,0,0
1990,27,1,0,0,0,1,889,6,40,0
1990,24,2,0,3,0,0,449,4,40,0
1990,39,1,0,0,0,1,243,1,44,0
1990,32,2,0,0,2,0,64,4,0,0
1990,78,1,0,0,0,0,0,0,0,0
1990,78,2,0,0,0,0,0,0,0,0
1990,57,2,3,1,0,1,175,5,8,0
1990,67,2,0,0,0,0,444,5,0,0
1990,68,1,0,0,0,1,84,5,40,1
1990,67,2,0,0,0,1,0,0,0,0
1990,30,1,0,0,0,1,503,0,45,1
1990,29,2,0,0,0,1,154,5,40,0
1990,57,1,0,0,0,0,628,1,55,0
1990,46,2,0,0,0,0,436,5,30,0
1990,54,1,0,0,0,1,243,1,60,0
1990,45,2,0,0,0,1,156,5,40,0
1990,18,2,2,0,0,1,319,5,40,0
1990,22,2,1,0,0,1,463,2,40,0
1990,41,2,2,0,0,1,95,5,27,0
1990,22,1,0,0,0,0,479,0,40,0
1990,21,2,0,0,0,0,447,5,40,0
1990,45,1,0,0,0,1,77,6,40,1
1990,44,2,0,0,0,1,313,5,40,0
1990,18,2,1,0,0,1,435,3,22,0
1990,71,1,0,0,0,0,0,0,0,0
1990,66,2,0,0,0,0,0,0,0,0
1990,67,1,2,0,0,1,0,0,0,0
1990,43,1,0,0,0,0,22,0,46,1
1990,45,2,0,0,0,0,313,6,45,0
1990,62,1,0,0,0,0,453,4,0,0
1990,62,2,0,0,0,1,303,3,40,0
1990,46,1,0,0,0,1,59,2,45,0
1990,39,2,0,0,0,0,337,1,40,0
1990,48,1,0,0,0,0,637,1,60,0
1990,47,2,0,0,0,0,785,1,40,0
1990,35,1,0,0,0,0,22,3,46,0
1990,36,2,0,0,0,0,243,3,40,0
1990,77,2,3,0,0,0,0,0,0,0
1990,49,1,0,0,0,1,55,2,40,1
1990,43,2,0,0,0,1,503,2,40,0
1990,68,1,0,0,0,0,0,0,0,0
1990,64,2,0,0,0,1,0,0,0,0
1990,60,1,0,0,0,1,176,5,60,0
1990,56,2,0,0,0,1,156,5,40,0
1990,59,1,0,0,0,1,575,1,40,0
1990,54,2,0,0,0,0,337,3,40,0
1990,75,1,3,0,0,0,0,0,0,0
1990,35,1,0,0,0,0,779,1,40,0
1990,33,2,0,0,0,0,0,0,0,0
1990,46,1,0,0,0,0,577,2,40,1
1990,38,2,0,0,0,1,458,4,65,0
1990,76,2,3,0,0,0,0,0,0,0
1990,54,1,0,0,0,1,534,4,45,0
1990,52,2,0,0,0,0,379,4,0,0
1990,62,2,3,2,0,0,0,0,0,0
1990,41,1,2,2,0,1,22,6,40,0
1990,28,1,0,0,0,0,889,1,50,0
1990,24,2,0,0,0,1,433,3,50,0
1990,67,2,2,0,0,0,466,5,40,0
1990,74,2,1,0,0,0,0,0,0,0
1990,31,2,2,0,0,0,276,3,40,0
1990,23,1,1,0,0,0,514,4,40,0
1990,78,1,3,0,0,0,869,0,0,0
1990,69,2,2,0,0,0,447,5,20,0
1990,46,1,0,0,0,0,417,6,60,1
1990,67,2,0,0,0,1,276,4,50,0
1990,68,1,3,0,0,0,0,0,0,0
1990,65,2,3,0,0,0,0,0,0,0
1990,52,1,1,0,0,1,22,2,40,1
1990,43,2,0,0,0,1,254,4,40,0
1990,47,1,0,0,0,1,22,0,60,1
1990,18,2,1,0,0,0,0,0,0,0
1990,23,1,1,0,0,1,259,0,40,0
1990,28,1,0,0,0,0,749,1,40,0
1990,24,2,0,0,0,0,377,5,40,0
1990,51,1,0,0,0,1,44,1,45,1
1990,42,2,0,0,0,0,0,0,0,0
1990,28,1,0,0,1,0,877,3,99,0
1990,25,2,0,0,1,0,733,1,40,0
1990,65,2,3,0,0,0,0,0,0,0
1990,67,1,0,0,0,0,806,1,16,0
1990,65,2,0,0,0,0,348,3,40,0
1990,57,1,0,0,0,1,14,5,50,0
1990,57,2,0,0,0,1,156,5,20,0
1990,20,2,0,0,0,0,449,4,30,0
1990,24,1,0,0,0,0,374,3,40,0
1990,74,2,3,0,0,0,0,0,0,0
1990,40,1,0,2,1,0,637,0,36,0
1990,38,2,0,2,1,0,444,5,10,0
1990,31,1,0,0,0,0,748,4,45,0
1990,31,2,0,0,0,1,748,4,50,0
1990,30,1,1,0,0,0,747,4,40,0
1990,39,2,0,0,0,0,308,5,40,0
1990,40,1,0,0,0,0,804,2,40,0
1990,19,1,1,0,0,0,567,0,30,0
1990,71,2,3,0,0,0,0,0,0,0
1990,53,1,0,0,0,0,675,1,75,0
1990,47,2,0,0,0,0,0,0,0,0
1990,71,2,3,0,0,0,0,0,0,0
1990,45,1,0,0,0,0,628,4,50,0
1990,57,2,0,0,0,0,666,4,40,0
1990,20,1,0,0,0,0,464,4,40,0
1990,28,2,0,0,0,1,318,2,40,0
1990,31,1,3,0,0,0,567,0,60,0
1990,40,2,3,0,2,0,777,1,0,0
1990,64,1,0,0,0,0,473,0,25,0
1990,57,2,0,0,0,1,313,0,45,0
1990,64,2,2,1,0,0,447,4,40,0
1990,77,2,0,1,0,0,0,0,0,0
1990,78,1,0,1,0,0,804,0,4,0
1990,24,1,1,0,0,1,889,5,70,0
1990,31,2,1,0,0,0,804,3,40,0
1990,49,1,2,2,0,0,889,1,40,0
1990,72,1,0,0,0,1,22,3,44,0
1990,69,2,0,0,0,0,274,3,0,0
1990,36,1,0,0,0,0,263,3,40,0
1990,23,2,0,0,0,0,0,0,0,0
1990,70,1,2,1,0,0,0,0,0,0
1990,50,1,0,0,0,0,779,1,40,0
1990,49,2,0,0,0,0,466,5,12,0
1990,20,2,1,0,0,0,877,3,28,0
1990,33,2,3,0,0,1,217,3,40,0
1990,54,1,0,0,0,0,505,4,40,0
1990,44,2,0,0,0,0,0,0,0,0
1990,31,1,1,1,0,0,567,4,40,0
1990,40,1,0,1,0,1,575,1,45,0
1990,45,2,0,1,0,1,156,5,35,0
1990,21,1,1,1,0,1,453,1,48,0
1990,30,1,0,0,1,1,176,5,40,0
1990,25,2,0,0,0,1,0,0,0,0
1990,80,2,0,0,0,0,0,0,0,0
1990,37,2,1,0,0,1,26,5,40,0
1990,47,1,0,0,0,1,22,2,60,1
1990,44,2,0,0,0,0,23,1,30,0
1990,37,1,0,0,0,1,234,4,40,0
1990,34,2,0,0,0,1,158,5,40,0
1990,26,1,0,2,1,0,785,1,40,0
1990,23,2,0,2,1,0,436,5,18,0
1990,36,2,3,1,0,1,316,5,40,0
1990,18,2,1,1,0,0,27,5,0,0
1990,20,1,0,2,0,0,313,3,40,0
1990,21,2,0,2,0,0,636,3,40,0
1990,22,2,1,2,0,0,383,4,40,0
1990,20,1,1,2,0,0,33,1,35,0
1990,36,1,0,0,0,1,308,2,40,1
1990,45,2,0,0,0,1,313,4,45,0
1990,30,1,0,0,0,0,453,4,40,0
1990,25,2,0,0,0,0,449,5,0,0
1990,32,1,1,0,3,1,453,0,40,0
1990,26,2,2,0,0,0,435,3,40,0
1990,28,2,1,0,2,1,167,5,50,0
1990,61,1,0,0,0,0,424,6,40,0
1990,58,2,0,0,0,1,378,6,0,0
1990,34,2,2,0,0,1,156,5,50,0
1990,21,1,0,0,0,1,434,3,50,0
1990,21,2,0,0,0,0,198,3,30,0
1990,47,2,2,3,0,1,167,5,50,1
1990,39,1,2,0,0,1,243,3,40,0
1990,45,1,0,0,0,0,486,4,50,0
1990,26,2,0,0,0,0,719,1,40,0
1990,28,1,0,2,1,0,677,1,40,0
1990,30,2,0,2,0,0,779,1,40,0
1990,69,1,0,0,0,0,226,2,0,0
1990,66,2,0,0,0,0,0,0,0,0
1990,43,1,1,0,0,0,0,0,0,0
1990,37,1,1,0,0,1,447,4,8,0
1990,30,2,2,0,0,0,856,6,14,0
1990,26,1,0,0,0,0,856,2,40,0
1990,25,2,0,0,0,0,463,2,30,0
1990,27,1,0,0,0,0,804,3,50,0
1990,39,2,0,0,0,1,445,5,55,0
1990,28,1,0,0,0,1,549,3,60,0
1990,27,2,0,0,0,0,265,3,35,0
1990,71,2,3,1,0,0,0,0,0,0
1990,73,2,3,1,0,0,0,0,0,0
1990,29,1,0,0,1,0,563,0,40,0
1990,26,2,0,0,1,0,0,0,0,0
1990,39,1,3,1,0,0,0,0,0,0
1990,21,2,1,1,0,0,449,5,40,0
1990,59,1,0,1,0,0,588,0,99,0
1990,52,2,0,1,0,1,95,5,0,0
1990,48,1,0,1,0,1,785,1,40,0
1990,46,2,0,1,0,1,98,5,40,0
1990,61,1,2,1,0,1,785,3,25,0
1990,27,2,1,1,0,0,447,5,40,0
1990,55,1,3,1,0,0,449,5,40,0
1990,29,1,1,1,0,0,785,3,40,0
1990,22,1,1,1,0,0,276,3,40,0
1990,62,2,3,1,0,0,667,4,47,0
1990,78,2,3,1,0,0,0,0,0,0
1990,50,1,2,1,0,0,307,1,50,0
1990,68,2,3,0,0,1,155,5,10,0
1990,69,1,0,0,0,1,159,2,40,0
1990,65,2,0,0,0,0,274,3,40,0
1990,25,2,2,0,0,1,18,4,40,0
1990,40,1,0,0,0,1,779,1,40,0
1990,39,2,0,0,0,1,27,6,40,0
1990,26,1,0,0,0,1,256,1,60,0
1990,26,2,0,0,0,1,156,5,48,0
1990,37,2,0,0,0,1,337,6,40,0
1990,43,1,0,0,0,1,424,6,40,0
1990,42,1,0,0,0,0,25,4,40,0
1990,35,2,0,0,0,0,234,5,45,0
1990,54,1,0,0,0,1,22,2,40,0
1990,50,2,0,0,0,1,95,5,20,0
1990,24,1,1,0,0,1,274,3,40,0
1990,25,1,0,0,0,0,539,6,50,0
1990,23,2,0,0,0,1,406,4,22,0
1990,75,1,0,0,0,0,0,0,0,0
1990,70,2,0,0,0,0,436,5,40,0
1990,45,1,3,0,0,0,217,5,0,0
1990,58,1,0,0,0,1,375,4,50,0
1990,51,2,0,0,0,1,376,4,40,0
1990,54,1,0,1,0,0,804,3,46,0
1990,55,2,0,1,0,0,276,3,0,0
1990,31,2,1,0,0,1,303,4,40,0
1990,31,2,2,0,0,1,453,1,40,0
1990,32,2,1,0,0,1,313,0,40,0
1990,20,2,1,0,0,0,0,0,0,0
1990,18,2,1,0,0,1,159,5,10,0
1990,41,1,0,0,0,1,22,0,40,1
1990,43,2,0,0,0,1,243,1,40,1
1990,43,2,3,0,0,1,379,5,40,0
1990,26,2,3,1,0,1,243,3,40,0
1990,44,1,0,0,0,0,585,2,40,0
1990,40,2,0,0,0,0,203,3,0,0
1990,73,1,3,0,0,0,0,0,0,0
1990,22,1,1,0,0,0,883,3,40,0
1990,29,2,1,0,0,0,434,3,38,0
1990,28,1,1,1,0,1,889,2,45,0
1990,24,2,1,1,0,0,904,6,40,0
1990,28,1,0,1,0,1,335,6,40,0
1990,24,2,0,1,0,1,37,0,40,0
1990,68,1,0,0,0,1,243,3,25,0
1990,68,2,0,0,0,1,327,0,20,0
1990,44,1,3,2,1,0,869,0,40,0
1990,28,1,1,2,1,0,869,0,40,0
1990,44,1,3,2,1,0,869,0,40,0
1990,18,1,1,2,1,0,877,3,0,0
1990,60,2,3,0,0,1,183,5,0,0
1990,72,1,0,0,0,1,869,0,40,0
1990,69,2,0,0,0,0,187,5,36,0
1990,31,1,0,0,0,1,22,1,40,0
1990,30,2,0,0,0,1,156,5,0,0
1990,65,1,0,0,0,1,257,5,48,0
1990,61,2,0,0,0,1,22,1,60,1
1990,47,1,0,0,0,0,243,3,50,0
1990,51,2,0,0,0,0,313,5,40,0
1990,25,1,0,0,0,0,869,0,30,0
1990,23,2,0,0,1,1,0,0,0,0
1990,42,1,0,0,0,1,166,5,45,0
1990,32,2,0,0,2,0,466,5,10,0
1990,38,1,2,0,0,1,13,3,50,1
1990,35,2,2,0,0,0,319,0,40,0
1990,30,1,0,0,0,1,57,5,40,1
1990,30,2,0,0,0,1,313,4,0,0
1990,20,1,1,0,0,1,254,4,40,0
1990,18,2,1,0,0,0,435,3,35,0
1990,21,2,1,0,0,1,435,3,40,0
1990,19,2,1,0,0,1,435,3,30,0
1990,56,1,2,0,0,0,243,3,55,1
1990,36,2,2,0,0,1,23,6,50,0
1990,47,1,2,0,0,1,308,6,40,0
1990,48,1,0,0,0,1,65,0,50,1
1990,46,2,0,0,0,0,313,5,40,0
1990,18,1,1,0,0,0,274,3,20,0
1990,39,1,0,0,0,1,253,4,37,1
1990,39,2,0,0,0,1,379,4,30,0
1990,24,2,3,1,0,1,385,6,40,0
1990,32,1,0,0,0,0,869,0,50,0
1990,34,2,0,0,0,1,243,3,40,0
1990,65,1,0,0,0,0,0,0,0,0
1990,63,2,0,0,0,0,379,3,30,0
1990,55,1,0,1,0,1,628,1,43,0
1990,51,2,0,1,0,0,796,1,40,0
1990,28,1,2,1,0,0,17,4,40,0
1990,33,2,3,1,0,0,407,4,0,0
1990,52,1,0,0,0,0,779,1,60,0
1990,54,2,0,0,0,0,668,4,40,0
1990,29,2,2,0,0,1,376,2,40,0
1990,34,1,0,0,0,1,844,0,48,0
1990,36,2,0,0,0,1,447,5,36,0
1990,41,1,0,0,0,1,327,3,50,0
1990,42,2,0,0,0,0,313,1,40,0
1990,45,1,0,0,0,1,355,2,40,1
1990,42,2,0,0,0,1,379,4,40,0
1990,20,1,1,0,0,1,883,2,20,0
1990,20,2,3,0,0,1,267,3,40,0
1990,38,1,0,0,0,1,503,6,40,0
1990,46,2,0,0,0,0,458,4,0,0
1990,18,1,1,0,0,0,877,3,20,0
1990,55,1,0,0,1,0,486,0,0,0
1990,49,2,0,0,1,0,0,0,0,0
1990,22,1,1,0,1,0,779,1,40,0
1990,36,1,0,2,0,1,878,1,40,0
1990,35,2,0,0,0,1,339,3,40,0
1990,48,2,2,0,0,1,7,4,40,0
1990,26,2,3,0,0,1,156,5,40,0
1990,22,2,1,0,0,1,264,3,40,0
1990,19,1,1,0,0,1,259,3,40,0
1990,46,1,2,0,0,1,8,2,40,1
1990,20,1,1,0,0,1,888,3,35,0
1990,80,2,3,0,0,0,0,0,0,0
1990,27,1,1,2,0,0,628,1,56,0
1990,50,2,2,2,0,0,449,4,40,0
1990,26,2,2,2,0,0,443,3,20,0
1990,40,1,0,2,1,0,779,1,40,0
1990,37,2,0,2,0,0,17,3,40,0
1990,18,2,1,2,0,0,335,4,20,0
1990,23,1,1,0,0,0,567,0,40,0
1990,32,1,1,0,4,0,17,4,65,0
1990,48,2,0,0,0,0,407,4,47,0
1990,43,1,0,0,0,0,779,1,45,0
1990,56,1,0,0,0,0,804,2,80,0
1990,58,2,0,0,0,0,274,3,35,0
1990,29,1,0,0,0,0,563,0,21,0
1990,28,2,0,0,0,0,365,3,0,0
1990,54,1,3,0,0,0,505,4,44,0
1990,42,2,2,2,0,0,174,6,40,0
1990,21,1,0,2,1,0,436,1,99,0
1990,19,2,0,2,1,0,0,0,0,0
1990,35,1,2,0,0,1,453,6,72,0
1990,69,2,3,1,0,0,0,0,0,0
1990,74,2,3,0,0,0,0,0,0,0
1990,45,2,3,0,0,1,157,5,50,0
1990,33,2,2,0,0,0,327,4,40,0
1990,73,1,0,0,0,1,159,5,16,0
1990,68,2,0,0,0,0,0,0,0,0
1990,57,1,0,0,0,0,628,1,40,0
1990,51,2,0,0,0,0,22,1,40,1
1990,34,1,3,2,0,0,785,1,40,0
1990,36,2,2,0,0,1,315,0,40,0
1990,39,1,2,0,0,0,573,0,35,0
1990,69,2,3,0,0,0,0,0,0,0
1990,39,1,0,0,0,0,689,1,40,0
1990,39,2,0,0,0,0,67,1,40,0
1990,56,1,0,0,0,1,22,1,45,0
1990,54,2,0,0,0,0,889,3,24,0
1990,23,1,1,0,0,1,385,1,43,0
1990,22,1,1,0,0,1,254,0,40,0
1990,32,2,2,0,0,1,27,5,40,0
1990,32,1,0,0,0,1,243,3,40,0
1990,28,2,0,0,0,0,313,1,40,0
1990,77,2,3,0,0,0,0,0,0,0
1990,46,2,2,0,0,0,26,5,0,0
1990,20,2,1,0,0,0,0,0,0,0
1990,54,2,2,0,0,0,356,5,99,0
1990,35,1,2,0,0,1,785,1,40,0
1990,24,1,0,0,0,0,783,0,45,0
1990,24,2,0,0,0,1,458,4,38,0
1990,62,1,0,0,0,1,313,4,45,1
1990,59,2,0,0,0,1,22,5,21,0
1990,53,1,0,0,0,1,22,5,50,0
1990,52,2,0,0,2,0,22,5,20,0
1990,41,1,0,0,0,0,198,2,30,1
1990,42,2,0,0,0,0,0,0,0,0
1990,29,1,1,0,0,1,869,0,40,0
1990,31,1,2,0,1,0,869,0,40,0
1990,53,1,0,0,0,1,7,5,40,1
1990,59,2,0,0,0,1,276,3,99,0
1990,29,1,0,0,0,0,844,0,50,0
1990,32,2,0,0,0,1,337,5,50,0
1990,27,1,0,0,1,1,464,4,38,0
1990,28,2,0,0,0,0,856,3,40,0
1990,65,1,0,0,0,1,178,5,40,0
1990,63,2,0,0,0,1,0,0,0,1
1990,77,2,3,0,0,0,0,0,0,0
1990,32,1,0,0,0,0,536,4,45,0
1990,32,2,0,0,0,1,257,0,45,0
1990,28,2,0,2,1,0,754,1,40,0
1990,19,1,3,2,1,0,449,4,40,0
1990,28,1,0,2,1,0,869,0,40,0
1990,22,2,1,2,1,0,449,4,40,0
1990,19,2,3,2,1,0,449,4,40,0
1990,26,2,1,1,4,1,0,0,0,0
1990,29,1,1,1,4,1,0,0,0,0
1990,35,1,0,0,0,1,717,1,40,0
1990,27,2,0,0,0,1,385,5,40,0
1990,25,2,1,0,0,0,753,1,0,0
1990,21,1,1,0,0,0,753,1,8,0
1990,20,2,1,0,0,0,753,1,0,0
1990,22,1,1,0,0,0,753,1,8,0
1990,24,2,0,0,0,0,449,4,30,0
1990,33,1,0,0,0,0,597,0,0,0
1990,21,1,1,0,0,0,22,0,50,0
1990,28,2,1,0,0,1,23,5,40,0
1990,25,1,1,0,0,1,144,5,30,0
1990,21,2,1,0,0,1,313,5,20,0
1990,19,1,1,0,0,1,869,0,40,0
1990,21,1,1,0,0,1,877,3,60,0
1990,19,2,1,0,0,1,276,3,40,0
1990,57,1,0,0,0,1,156,5,48,0
1990,51,2,0,0,0,1,433,5,40,0
1990,25,2,1,0,0,1,95,5,40,0
1990,34,1,0,0,2,1,159,5,6,0
1990,35,2,0,0,0,1,156,5,40,0
1990,57,1,0,0,0,0,508,6,40,0
1990,54,2,0,0,0,0,0,0,0,0
1990,22,1,1,0,0,1,335,5,20,0
1990,19,2,1,0,0,1,264,3,0,0
1990,64,2,3,0,0,1,254,4,45,1
1990,36,1,0,3,3,1,243,3,50,0
1990,32,2,0,3,3,1,259,3,45,0
1990,61,2,3,3,3,0,0,0,0,0
1990,39,1,0,0,0,1,637,1,45,0
1990,39,2,0,0,0,1,0,0,0,0
1990,35,1,0,2,0,0,804,2,12,1
1990,35,2,0,2,0,1,0,0,0,0
1990,61,1,0,0,0,0,657,3,40,0
1990,57,2,0,0,0,1,785,1,25,0
1990,35,1,0,0,0,0,904,6,45,0
1990,33,2,0,0,0,0,257,1,30,0
1990,28,1,0,0,0,1,197,6,40,0
1990,27,2,0,0,0,1,337,6,40,0
1990,45,1,2,0,0,1,22,1,40,0
1990,50,2,0,0,0,0,23,6,40,0
1990,53,1,0,0,0,0,464,2,40,0
1990,27,1,0,0,0,1,34,5,42,0
1990,25,2,0,0,0,1,156,5,40,0
1990,72,1,0,0,0,0,0,0,0,0
1990,70,2,0,0,0,0,0,0,0,0
1990,43,1,2,0,0,1,259,3,40,1
1990,19,2,1,0,0,0,274,3,32,0
1990,43,1,0,0,0,1,22,3,60,1
1990,32,2,0,0,0,1,0,0,0,0
1990,33,1,0,1,0,0,637,2,45,0
1990,31,2,0,0,0,1,234,5,50,0
1990,56,1,2,0,0,0,689,2,40,0
1990,22,1,1,0,0,0,653,2,40,0
1990,46,1,0,0,0,1,368,1,40,0
1990,40,2,0,0,0,1,376,5,35,0
1990,43,1,0,0,0,1,22,2,45,1
1990,43,2,0,0,0,1,8,2,0,0
1990,39,1,0,0,0,1,628,1,45,1
1990,33,2,0,0,0,1,156,5,0,0
1990,36,1,0,0,0,1,235,3,50,1
1990,35,2,0,0,0,1,203,5,40,0
1990,48,1,0,0,0,0,365,1,40,0
1990,48,2,0,0,0,0,283,3,0,0
1990,25,2,1,0,0,0,354,2,40,0
1990,36,1,0,0,0,1,59,6,60,0
1990,37,2,0,0,0,1,25,3,45,1
1990,48,1,0,0,0,1,176,5,50,0
1990,45,2,0,0,0,1,156,5,0,0
1990,38,1,0,0,0,1,257,4,65,0
1990,34,2,0,0,0,1,319,5,25,0
1990,36,2,2,0,0,1,387,5,20,0
1990,36,1,0,0,0,1,783,1,48,1
1990,36,2,0,0,0,0,646,1,40,0
1990,29,1,0,0,0,1,25,4,45,0
1990,40,2,0,0,0,0,274,3,40,0
1990,18,2,1,0,0,0,406,4,0,0
1990,49,1,3,0,0,0,804,1,60,0
1990,34,1,0,0,0,1,243,3,55,0
1990,26,2,0,0,0,1,337,3,42,0
1990,23,1,1,0,0,1,636,1,40,0
1990,21,2,1,0,0,1,319,0,40,0
1990,29,2,1,1,0,1,385,4,40,0
1990,28,1,0,0,0,0,22,4,40,0
1990,25,2,0,0,0,1,18,4,40,0
1990,40,1,0,0,0,1,5,6,40,1
1990,38,2,0,0,0,1,0,0,0,0
1990,40,1,0,0,0,1,22,4,50,1
1990,38,2,0,0,0,1,313,5,20,0
1990,45,1,0,0,0,1,213,1,40,0
1990,40,2,0,0,0,0,0,0,0,0
1990,46,1,0,0,0,1,274,3,40,0
1990,45,2,0,0,0,1,155,5,24,0
1990,34,1,0,0,0,1,733,1,45,0
1990,32,2,0,0,0,1,97,5,40,0
1990,29,2,2,0,0,1,18,4,40,0
1990,23,2,1,0,0,1,37,4,40,0
1990,22,2,1,0,0,1,435,3,20,0
1990,40,1,0,0,0,1,22,2,40,1
1990,45,2,0,0,0,1,37,4,40,0
1990,18,2,1,0,0,0,0,0,0,0
1990,57,2,0,0,0,0,0,0,0,0
1990,61,1,0,0,0,0,579,1,0,0
1990,38,1,0,0,0,1,84,5,40,1
1990,50,2,0,0,0,0,318,2,40,0
1990,26,2,1,0,0,1,385,4,25,0
1990,66,1,0,0,0,0,453,4,0,0
1990,67,2,0,0,0,0,0,0,0,0
1990,32,1,1,0,0,1,59,1,40,0
1990,30,1,1,0,0,1,889,5,40,0
1990,28,1,0,0,0,1,194,5,60,0
1990,27,2,0,0,0,1,486,0,40,0
1990,31,2,2,0,0,1,159,1,50,0
1990,28,1,3,0,0,0,637,1,40,0
1990,59,1,2,0,0,0,453,4,40,0
1990,30,1,0,0,0,1,585,0,55,0
1990,30,2,0,0,0,0,0,0,0,0
1990,24,1,1,0,1,0,759,4,40,0
1990,23,1,1,0,1,0,486,0,0,0
1990,21,2,1,0,1,0,0,0,0,0
1990,61,2,3,0,1,0,0,0,0,0
1990,28,1,1,0,0,1,508,2,50,0
1990,55,2,2,0,0,1,45,5,40,0
1990,38,2,2,0,0,0,303,5,40,0
1990,35,1,0,0,0,1,628,2,40,0
1990,38,2,0,3,3,1,95,5,32,0
1990,45,1,0,0,0,1,363,1,45,0
1990,43,2,0,0,0,0,785,1,40,0
1990,19,2,1,0,0,1,265,3,20,0
1990,42,2,2,0,0,1,307,4,50,1
1990,52,1,0,0,0,0,585,0,25,0
1990,51,2,0,0,0,0,0,0,0,0
1990,31,2,0,0,0,0,435,5,30,0
1990,34,1,0,0,0,0,313,3,40,0
1990,43,1,0,0,0,1,23,2,60,0
1990,40,2,0,0,0,1,158,5,50,0
1990,54,1,0,0,0,1,84,5,55,1
1990,46,2,0,0,0,1,95,5,50,0
1990,61,1,0,0,0,0,274,3,50,0
1990,55,2,0,0,0,0,785,3,0,0
1990,38,1,0,0,0,1,229,4,60,0
1990,41,2,0,0,0,1,22,5,45,0
1990,21,1,1,0,0,1,348,4,40,0
1990,27,1,1,0,0,1,353,4,40,0
1990,36,1,0,0,0,1,216,3,40,0
1990,35,2,0,0,0,1,235,1,39,0
1990,72,1,0,0,0,1,0,0,0,0
1990,68,2,0,0,0,0,0,0,0,0
1990,25,2,1,0,0,1,0,0,0,0
1990,45,1,0,0,0,1,156,5,40,0
1990,41,2,0,0,0,1,156,5,40,0
1990,57,1,2,0,2,1,47,0,40,0
1990,37,1,0,0,0,1,243,3,50,0
1990,36,2,0,0,0,1,188,5,20,0
1990,58,1,0,0,0,0,825,2,40,0
1990,44,2,0,0,0,0,453,4,0,0
1990,19,2,1,0,0,1,276,3,20,0
1990,18,1,1,0,0,0,453,3,24,0
1990,48,2,2,0,0,1,383,4,50,0
1990,37,1,0,0,0,1,23,4,37,0
1990,39,2,0,0,0,1,337,3,37,0
1990,20,1,1,0,0,0,856,3,40,0
1990,46,2,3,0,0,0,185,4,40,0
1990,27,1,0,0,0,1,53,1,40,0
1990,27,2,0,0,0,1,22,1,40,0
1990,31,2,2,0,0,1,22,4,45,0
1990,43,1,0,0,0,1,243,3,50,1
1990,42,2,0,0,0,1,243,4,40,0
1990,32,2,1,0,0,1,18,3,55,1
1990,46,1,0,0,0,0,364,2,40,0
1990,33,2,0,0,0,0,275,4,40,0
1990,54,1,0,0,0,1,628,1,40,0
1990,42,2,0,0,0,1,14,5,40,0
1990,20,1,1,0,0,1,0,0,0,0
1990,47,1,0,0,0,1,13,4,45,1
1990,45,2,0,0,0,1,22,4,40,0
1990,46,1,0,0,0,1,25,1,50,1
1990,37,2,0,0,0,1,234,4,40,0
1990,35,1,0,0,0,1,243,4,45,1
1990,33,2,0,0,0,0,313,3,0,0
1990,31,1,0,0,0,1,327,2,40,0
1990,30,2,0,0,0,1,33,4,40,0
1990,39,1,3,0,0,1,86,0,72,1
1990,41,1,3,3,0,0,257,0,40,0
1990,24,1,0,0,0,0,505,4,50,0
1990,23,2,0,0,0,1,313,4,50,0
1990,46,1,0,0,0,1,575,0,56,1
1990,47,2,0,0,0,1,95,5,48,0
1990,20,2,1,0,0,0,357,4,35,0
1990,28,1,0,0,0,1,243,3,65,0
1990,23,2,0,0,0,0,337,3,45,0
1990,64,1,0,0,0,1,0,0,0,0
1990,50,2,0,0,0,1,753,3,10,0
1990,55,1,0,0,0,0,505,1,40,0
1990,54,2,0,0,0,0,276,3,0,0
1990,26,1,0,0,0,0,185,1,40,0
1990,22,2,0,0,0,1,467,5,15,0
1990,24,1,3,2,1,0,588,0,80,0
1990,28,1,1,2,1,0,869,0,80,0
1990,36,1,3,2,1,0,588,0,64,0
1990,31,1,0,2,0,1,263,3,99,0
1990,31,2,0,2,0,1,0,0,0,0
1990,66,2,2,0,0,0,313,6,40,0
1990,80,2,0,0,0,0,0,0,0,0
1990,51,1,0,0,0,0,567,0,0,0
1990,49,2,0,0,0,0,796,3,40,0
1990,26,1,2,0,0,0,505,3,0,0
1990,35,2,1,0,0,0,22,0,50,0
1990,33,1,1,0,0,1,257,0,50,0
1990,33,1,0,0,0,1,235,1,40,0
1990,33,2,0,0,0,0,23,4,40,0
1990,79,1,0,0,0,0,0,0,0,0
1990,72,2,0,0,0,0,337,3,12,0
1990,40,1,0,0,0,1,22,2,45,1
1990,40,2,0,0,0,1,683,1,60,0
1990,35,1,0,0,0,1,22,2,45,0
1990,33,2,0,0,0,1,377,5,31,0
1990,45,1,0,0,0,1,426,5,40,0
1990,38,2,0,0,0,0,796,1,25,0
1990,20,2,1,0,0,0,748,5,40,0
1990,18,2,1,0,0,0,433,3,30,0
1990,38,1,1,3,4,0,777,1,40,0
1990,30,2,1,3,4,0,683,1,40,0
1990,77,1,0,0,0,0,0,0,0,0
1990,76,2,0,0,0,0,0,0,0,0
1990,49,1,0,0,0,0,804,2,57,0
1990,45,2,0,0,0,0,453,4,40,0
1990,47,1,0,0,0,1,389,1,40,0
1990,47,2,0,0,0,0,327,2,40,0
1990,21,1,1,0,0,1,243,1,15,0
1990,45,2,2,0,0,0,458,4,48,0
1990,21,1,1,0,0,0,318,2,40,0
1990,70,2,3,0,0,0,0,0,0,0
1990,34,1,1,0,0,1,263,3,40,0
1990,65,1,0,0,0,0,0,0,0,0
1990,66,2,0,0,0,0,213,1,0,0
1990,60,1,0,0,0,1,243,4,45,0
1990,66,2,0,0,0,1,0,0,0,0
1990,68,2,3,0,0,0,666,3,0,0
1990,70,1,0,0,0,1,534,4,0,0
1990,69,2,0,0,0,0,0,0,0,0
1990,44,1,0,0,0,1,243,3,60,0
1990,42,2,0,0,0,0,319,5,40,0
1990,22,1,1,0,0,1,0,0,0,0
1990,18,1,1,0,0,0,276,3,30,0
1990,28,1,0,0,0,0,804,2,40,0
1990,23,2,0,0,0,0,0,0,0,0
1990,32,1,2,0,0,1,195,1,50,0
1990,35,2,2,0,0,1,95,5,40,0
1990,35,1,2,0,0,1,567,0,40,0
1990,36,1,0,0,0,1,27,4,45,0
1990,36,2,0,0,0,1,0,0,0,0
1990,32,1,0,0,0,1,213,1,40,0
1990,26,2,0,0,0,1,203,5,40,0
1990,42,1,0,1,0,0,759,1,40,0
1990,31,2,0,1,0,1,243,4,40,0
1990,58,1,2,0,0,1,479,0,30,0
1990,66,1,0,0,0,1,178,5,40,0
1990,62,2,0,0,0,1,95,5,0,0
1990,58,1,2,0,0,0,628,1,50,1
1990,54,1,0,0,0,1,36,6,40,0
1990,50,2,0,0,0,1,339,5,37,0
1990,35,1,0,0,0,1,505,4,54,0
1990,30,2,0,0,0,0,315,1,0,0
1990,43,2,0,0,0,0,407,4,1,0
1990,44,1,0,0,0,0,689,3,44,0
1990,24,1,0,0,0,0,426,0,40,0
1990,23,2,0,0,0,1,156,5,40,0
1990,50,1,0,0,0,0,585,0,40,0
1990,42,2,0,0,0,0,259,1,40,0
1990,64,1,0,0,0,0,636,1,0,0
1990,67,2,0,0,0,0,0,0,0,0
1990,32,1,1,0,0,0,595,0,20,0
1990,28,1,1,0,0,0,595,0,40,0
1990,45,1,2,0,0,1,22,4,40,0
1990,65,2,3,0,0,1,254,4,30,0
1990,65,1,2,0,0,1,116,5,40,1
1990,20,2,1,0,0,1,264,3,12,0
1990,46,1,0,3,0,1,22,3,55,0
1990,30,2,0,0,0,0,243,3,0,0
1990,37,1,0,0,0,0,804,2,45,0
1990,36,2,0,0,0,0,466,5,60,0
1990,31,1,0,0,0,1,227,6,40,0
1990,29,2,0,0,0,1,274,3,18,0
1990,40,1,1,0,0,0,22,1,40,0
1990,50,2,1,0,0,0,689,1,48,0
1990,45,1,0,0,0,0,444,3,75,0
1990,41,2,0,0,0,1,23,5,55,0
1990,21,1,2,0,0,1,23,5,50,0
1990,55,1,0,0,0,0,37,1,45,0
1990,52,2,0,0,0,0,0,0,0,0
1990,29,2,2,0,0,1,303,4,40,0
1990,41,1,0,0,0,1,229,4,46,0
1990,40,2,0,0,0,0,0,0,0,0
1990,65,2,0,0,0,0,339,1,0,0
1990,69,1,0,0,0,0,869,0,0,0
1990,21,1,1,0,0,0,563,3,40,0
1990,39,1,0,0,0,1,503,1,47,0
1990,39,2,0,0,0,0,808,5,20,0
1990,18,1,1,0,0,0,889,1,36,0
1990,41,1,0,0,0,0,628,1,50,0
1990,43,2,0,0,0,0,0,0,0,0
1990,40,1,0,0,0,1,567,0,30,0
1990,40,2,0,0,0,1,356,2,0,0
1990,32,1,1,0,0,1,53,5,45,0
1990,34,1,0,0,2,1,64,1,50,0
1990,33,2,0,0,0,1,0,0,0,0
1990,75,2,3,0,0,0,0,0,0,0
1990,51,2,2,0,0,0,254,4,0,0
1990,47,1,0,0,0,1,56,1,40,0
1990,43,2,0,0,0,1,95,5,40,0
1990,39,1,0,0,0,0,507,4,40,0
1990,32,2,0,0,0,0,0,0,0,0
1990,33,1,1,0,0,1,268,3,55,0
1990,39,1,0,2,0,1,274,5,40,0
1990,30,2,0,0,0,1,313,5,0,0
1990,60,1,0,2,0,0,783,1,40,1
1990,42,2,0,3,3,0,0,0,0,0
1990,51,1,0,0,0,1,22,4,40,1
1990,48,2,0,0,0,1,458,4,40,0
1990,27,2,2,0,0,1,318,2,40,0
1990,20,2,1,0,0,1,313,3,40,0
1990,60,2,2,1,0,0,0,0,0,0
1990,29,2,1,1,0,0,677,3,40,0
1990,41,2,0,0,0,0,0,0,0,0
1990,45,1,0,0,0,0,547,0,50,0
1990,50,2,3,0,0,0,276,3,40,0
1990,48,1,2,0,0,0,486,0,40,0
1990,27,1,0,0,0,1,229,1,45,0
1990,24,2,0,0,0,0,466,5,36,0
1990,58,1,0,0,0,1,354,2,40,0
1990,52,2,0,0,0,1,264,3,20,0
1990,19,1,1,0,0,1,264,3,37,0
1990,29,1,0,0,0,0,804,3,45,0
1990,29,2,0,0,0,1,167,5,16,0
1990,53,1,0,0,0,1,354,2,41,0
1990,46,2,0,0,0,0,0,0,0,0
1990,23,2,1,0,0,1,64,3,40,0
1990,43,2,2,0,0,0,313,5,40,0
1990,31,1,0,0,0,1,56,1,40,0
1990,33,2,0,0,0,1,156,5,15,0
1990,62,1,0,0,0,0,585,2,0,0
1990,73,2,0,0,0,0,0,0,0,0
1990,54,1,0,1,0,1,53,6,40,1
1990,52,2,0,1,0,1,0,0,0,0
1990,21,1,1,1,0,1,379,4,20,0
1990,69,1,0,0,0,1,15,5,50,0
1990,67,2,0,0,0,1,313,5,40,0
1990,20,1,3,0,0,0,856,2,37,0
1990,63,1,3,0,0,0,0,0,0,0
1990,47,1,0,1,0,0,426,2,40,0
1990,42,2,0,1,0,0,744,1,40,0
1990,43,1,0,1,0,1,785,1,40,0
1990,41,2,0,1,0,1,389,2,40,0
1990,21,1,1,1,0,1,364,2,20,0
1990,20,2,1,1,0,0,0,0,0,0
1990,60,1,0,0,0,0,804,0,40,0
1990,55,2,0,0,0,0,426,4,40,0
1990,68,1,0,0,0,1,0,0,0,0
1990,67,2,0,0,0,0,0,0,0,0
1990,47,1,0,0,0,1,303,2,60,0
1990,36,2,0,0,0,0,22,5,40,0
1990,51,1,0,0,0,0,243,3,50,0
1990,51,2,0,0,0,0,313,3,50,0
1990,37,1,0,0,0,1,259,3,55,0
1990,30,2,0,0,0,0,677,3,37,0
1990,28,1,0,1,0,1,57,1,40,1
1990,29,2,0,1,0,1,257,2,40,0
1990,24,1,0,0,0,1,365,3,40,0
1990,19,2,0,0,0,0,435,3,45,0
1990,33,1,0,0,0,1,259,1,40,1
1990,35,2,0,0,0,1,95,5,32,0
1990,30,1,1,0,0,0,308,1,30,0
1990,37,1,0,0,0,1,5,6,50,0
1990,36,2,0,0,0,1,313,1,42,0
1990,49,1,0,0,0,1,187,0,45,0
1990,40,2,0,0,0,0,185,4,40,0
1990,31,1,0,0,0,1,55,1,99,0
1990,29,2,0,0,1,1,378,4,40,0
1990,44,1,0,1,0,1,22,4,60,1
1990,38,2,0,1,0,1,257,4,60,1
1990,70,2,0,0,0,1,323,6,30,0
1990,74,1,0,0,0,1,514,4,40,0
1990,37,1,0,0,0,0,13,4,40,0
1990,33,2,0,0,0,0,0,0,0,0
1990,36,1,0,0,0,1,628,1,45,0
1990,34,2,0,0,0,1,0,0,0,0
1990,65,2,3,0,0,0,323,4,40,0
1990,32,1,0,0,0,0,585,0,40,0
1990,34,2,0,0,0,0,313,4,15,0
1990,50,2,2,0,0,0,313,1,0,0
1990,23,1,1,0,0,1,0,0,0,0
1990,47,1,2,0,0,0,257,4,40,0
1990,41,1,0,3,3,1,55,1,40,0
1990,37,2,0,3,4,1,785,1,20,0
1990,72,1,3,3,3,1,0,0,0,0
1990,59,1,3,0,0,0,828,2,40,0
1990,51,1,0,0,0,1,254,4,50,1
1990,26,2,0,0,0,1,379,6,40,0
1990,51,1,2,0,0,1,23,1,42,0
1990,46,1,2,0,0,0,859,4,40,0
1990,54,1,0,0,1,1,23,0,45,1
1990,53,2,0,0,1,0,389,4,0,0
1990,37,1,0,0,0,1,22,0,55,1
1990,30,2,0,0,0,1,7,4,40,0
1990,30,2,2,0,0,1,37,3,40,0
1990,33,2,0,0,2,1,64,5,55,0
1990,36,1,0,0,0,1,25,4,55,1
1990,60,1,0,0,0,1,27,6,40,1
1990,49,2,0,0,0,0,0,0,0,0
1990,34,1,0,0,0,1,55,1,60,1
1990,33,2,0,0,0,1,22,4,40,0
1990,63,1,0,0,0,1,243,3,44,1
1990,59,2,0,0,0,1,313,4,0,0
1990,27,1,0,0,0,1,57,1,40,0
1990,26,2,0,0,0,1,257,1,40,0
1990,71,2,3,0,0,1,0,0,0,0
1990,56,2,1,0,0,0,0,0,0,0
1990,61,1,3,0,0,0,567,0,60,0
1990,24,1,1,0,0,1,567,0,40,0
1990,38,2,1,0,0,1,188,1,60,0
1990,78,2,2,0,0,1,274,3,99,1
1990,34,1,0,0,0,1,55,1,45,0
1990,30,2,0,0,0,1,877,2,24,0
1990,71,2,1,0,0,0,458,4,40,0
1990,52,1,0,0,0,1,156,5,40,0
1990,49,2,0,0,0,0,274,3,28,0
1990,19,1,1,0,0,1,307,3,45,0
1990,43,1,0,0,0,0,263,3,75,0
1990,48,2,0,0,0,0,747,4,45,0
1990,69,1,0,0,0,1,22,4,20,0
1990,63,2,0,0,0,1,22,4,10,0
1990,58,1,0,0,0,0,505,4,40,0
1990,58,2,0,0,0,0,276,3,50,0
1990,47,1,0,0,0,0,259,3,40,0
1990,40,2,0,0,0,1,37,5,40,0
1990,76,2,3,0,0,0,0,0,0,0
1990,74,2,3,0,0,1,0,0,0,0
1990,75,1,0,0,0,0,259,3,20,0
1990,69,2,0,0,0,0,0,0,0,0
1990,57,2,2,0,0,1,257,1,40,0
1990,79,2,3,0,0,1,0,0,0,0
1990,48,1,0,0,0,1,254,4,30,0
1990,46,2,0,0,0,1,23,1,45,0
1990,44,1,0,0,0,1,64,4,20,1
1990,41,2,0,0,0,0,337,3,40,0
1990,34,2,2,0,0,0,9,3,40,0
1990,62,1,0,0,0,0,0,0,0,0
1990,63,2,0,0,0,0,5,6,40,1
1990,52,1,0,0,0,1,259,1,40,1
1990,51,2,0,0,0,1,23,4,40,0
1990,25,1,1,0,0,1,243,3,40,0
1990,38,1,0,0,0,1,22,4,40,0
1990,37,2,0,0,0,1,259,3,60,1
1990,40,1,1,3,3,1,213,4,35,0
1990,73,1,3,3,3,1,0,0,0,0
1990,35,2,3,3,3,1,0,0,0,0
1990,40,1,3,0,2,1,235,1,35,0
1990,51,1,1,0,2,1,444,3,10,0
1990,45,2,2,0,0,0,274,3,60,0
1990,69,2,3,0,0,0,407,4,0,0
1990,18,1,1,0,0,0,704,1,40,0
1990,32,1,1,0,0,0,647,3,45,0
1990,45,1,2,0,0,1,263,3,82,0
1990,66,1,3,0,0,0,0,0,0,0
1990,63,2,2,0,0,0,337,1,40,0
1990,52,1,0,0,0,1,177,5,60,0
1990,62,2,0,0,0,1,156,5,20,0
1990,21,1,1,0,0,1,486,0,0,0
1990,60,1,3,0,0,0,423,6,40,0
1990,34,2,3,1,0,1,708,1,40,0
1990,19,2,1,0,0,1,266,3,35,0
1990,31,2,1,0,0,0,668,4,30,0
1990,23,1,1,0,0,0,538,4,45,0
1990,24,1,1,0,0,1,154,5,20,0
1990,22,2,1,1,0,1,418,6,20,0
1990,50,2,2,0,0,1,159,5,50,0
1990,61,1,3,0,0,1,26,5,20,1
1990,18,2,1,0,0,1,276,5,35,0
1990,19,1,1,1,0,1,804,3,30,0
1990,20,2,1,1,0,1,274,3,25,0
1990,25,1,1,0,0,1,154,5,20,0
1990,26,1,1,0,0,1,154,5,22,0
1990,21,2,1,0,0,1,308,4,24,0
1990,46,1,0,0,0,1,26,5,50,1
1990,41,2,0,0,0,0,22,5,0,0
1990,22,1,1,0,0,1,186,5,10,0
1990,23,1,0,2,0,1,169,5,40,0
1990,21,2,0,0,0,1,174,5,40,0
1990,30,2,1,0,0,0,0,0,0,0
1990,61,2,3,0,0,1,878,3,27,0
1990,18,1,1,0,0,0,486,0,30,0
1990,75,1,0,0,0,0,0,0,0,0
1990,78,2,0,0,0,0,0,0,0,0
1990,30,1,0,0,0,1,426,4,60,0
1990,30,2,0,0,0,1,243,3,40,0
1990,46,1,0,0,0,0,453,2,40,0
1990,35,2,0,3,3,0,274,3,40,0
1990,55,1,3,0,0,1,533,1,40,0
1990,35,1,0,0,0,1,22,4,50,0
1990,34,2,0,0,0,1,22,2,25,0
1990,34,1,0,0,0,1,628,1,40,0
1990,32,2,0,0,0,0,337,3,40,0
1990,45,1,0,0,0,1,183,5,50,1
1990,43,2,0,0,0,1,327,2,40,0
1990,43,1,0,0,0,1,259,1,40,0
1990,47,2,0,0,0,1,25,3,0,0
1990,50,1,0,0,0,1,44,1,40,1
1990,48,2,0,0,0,0,37,4,20,0
1990,22,1,0,0,0,0,466,5,50,0
1990,20,2,0,0,0,0,856,0,65,0
1990,30,2,1,0,0,1,337,4,40,0
1990,29,2,1,0,0,0,23,3,99,0
1990,25,2,1,0,0,1,525,3,50,0
1990,54,1,0,0,0,0,519,3,40,0
1990,51,2,0,0,0,0,0,0,0,0
1990,46,2,2,0,0,1,313,5,37,0
1990,39,1,0,0,0,1,22,0,45,1
1990,38,2,0,0,0,1,0,0,0,0
1990,23,1,0,0,0,0,779,1,40,0
1990,24,2,0,0,0,0,683,1,40,0
1990,39,1,0,0,0,0,785,1,40,0
1990,36,2,0,0,0,0,0,0,0,0
1990,60,1,0,0,0,1,453,5,55,0
1990,56,2,0,0,0,0,467,5,19,0
1990,25,1,0,0,0,0,785,1,40,0
1990,21,2,0,0,0,0,234,5,40,0
1990,79,2,3,0,0,0,0,0,0,0
1990,67,1,0,0,0,0,567,0,20,0
1990,67,2,0,0,0,0,274,3,27,0
1990,72,1,0,0,0,0,644,4,15,0
1990,75,2,0,0,0,0,0,0,0,0
1990,38,2,2,0,0,0,303,3,40,0
1990,18,2,1,0,0,0,467,5,15,0
1990,76,1,0,0,0,0,0,0,0,0
1990,67,2,0,0,0,0,0,0,0,0
1990,34,1,0,0,0,1,259,3,60,0
1990,34,2,0,0,0,1,156,5,40,0
1990,35,1,0,0,0,1,243,3,80,1
1990,34,2,0,0,0,1,266,3,50,0
1990,50,1,0,0,0,0,806,1,35,0
1990,40,2,0,0,0,1,22,3,40,0
1990,46,1,0,0,0,1,386,3,40,0
1990,45,2,0,0,0,0,379,4,40,0
1990,19,2,1,0,0,1,164,5,15,0
1990,43,2,2,0,0,0,203,5,0,0
1990,18,2,1,0,0,0,407,4,15,0
1990,19,1,1,0,0,1,379,4,32,0
1990,32,1,0,2,1,0,22,0,40,1
1990,27,2,0,2,0,0,0,0,0,0
1990,60,1,0,0,0,0,22,1,0,0
1990,61,2,0,0,0,0,305,1,0,0
1990,51,1,0,0,0,0,22,2,45,1
1990,50,2,0,0,0,0,379,6,40,0
1990,63,1,0,0,0,0,558,0,0,0
1990,55,2,0,0,0,0,447,5,40,0
1990,65,1,0,0,0,0,485,3,50,0
1990,65,2,0,0,0,1,889,3,0,0
1990,75,2,3,0,0,0,0,0,0,0
1990,77,2,3,0,0,0,466,5,8,0
1990,43,1,2,0,0,1,453,1,40,0
1990,33,1,2,0,0,0,269,3,40,0
1990,53,1,0,0,0,0,558,0,40,0
1990,43,2,0,0,0,0,683,1,48,0
1990,48,1,0,0,0,0,213,3,40,0
1990,50,2,0,0,0,1,313,1,36,0
1990,27,1,1,0,0,1,777,1,48,0
1990,24,2,2,0,0,0,337,4,40,0
1990,30,1,2,0,0,0,505,3,39,0
1990,22,2,1,0,0,0,276,3,0,0
1990,65,1,0,0,0,1,503,6,44,0
1990,59,2,0,0,0,1,23,5,40,0
1990,38,1,0,0,0,1,259,3,45,0
1990,32,2,0,0,0,0,313,3,40,0
1990,39,1,0,0,0,0,22,1,45,0
1990,39,2,0,0,0,0,22,3,45,0
1990,45,1,0,0,0,1,85,5,99,1
1990,46,2,0,0,0,1,0,0,0,0
1990,51,1,0,0,0,1,64,3,40,1
1990,47,2,0,0,0,0,433,5,38,0
1990,30,1,0,0,0,1,25,4,50,0
1990,30,2,0,0,0,1,435,3,20,0
1990,32,1,0,0,0,1,64,1,45,0
1990,31,2,0,0,0,1,229,1,40,0
1990,26,1,1,0,0,1,55,4,40,0
1990,47,1,0,0,0,1,259,3,40,1
1990,40,2,0,0,0,1,257,4,40,0
1990,30,1,1,0,0,1,178,5,50,1
1990,37,1,0,0,0,1,22,4,45,0
1990,25,2,0,0,2,1,178,5,40,0
1990,31,1,0,0,0,1,259,3,48,0
1990,30,2,0,0,0,1,95,5,44,0
1990,25,1,1,0,0,1,27,3,40,0
1990,26,2,1,0,0,1,29,3,40,0
1990,47,1,0,0,0,1,23,0,40,1
1990,31,2,0,0,3,1,66,5,40,0
1990,47,1,0,0,0,0,374,1,50,0
1990,42,2,0,0,0,0,466,5,50,0
1990,28,1,0,0,0,1,17,3,48,1
1990,28,2,0,0,0,0,433,3,0,0
1990,48,1,0,0,0,1,23,1,40,0
1990,45,2,0,0,0,0,0,0,0,0
1990,19,2,1,0,0,1,313,0,40,0
1990,44,1,0,0,0,1,178,5,50,1
1990,45,2,0,0,0,1,254,4,40,0
1990,39,1,0,0,0,1,229,0,50,1
1990,39,2,0,0,0,1,7,1,0,0
1990,32,1,0,0,1,0,443,0,40,0
1990,28,2,0,0,4,0,0,0,0,0
1990,18,2,1,0,1,0,453,4,0,0
1990,38,1,0,0,0,0,266,3,60,1
1990,36,2,0,0,0,0,379,3,40,0
1990,19,2,1,0,0,1,253,4,40,0
1990,46,1,0,0,2,0,243,3,58,0
1990,59,2,0,0,0,1,339,3,40,0
1990,52,1,0,0,0,1,243,4,36,1
1990,49,2,0,0,0,1,0,0,0,0
1990,63,1,0,0,0,0,453,4,6,0
1990,48,2,0,0,0,1,64,5,60,0
1990,21,2,1,0,0,1,0,0,0,0
1990,36,1,0,0,0,1,14,1,42,1
1990,37,2,0,0,0,1,0,0,0,0
1990,43,1,0,0,0,1,13,4,50,1
1990,39,2,0,0,0,1,467,5,15,0
1990,57,1,0,0,0,1,257,1,48,1
1990,54,2,0,0,0,1,18,4,52,0
1990,46,1,0,0,0,1,213,1,40,0
1990,43,2,0,0,0,1,65,1,40,0
1990,42,1,0,0,0,1,235,0,40,1
1990,43,2,0,0,0,1,274,3,20,0
1990,52,2,2,0,0,0,337,2,40,0
1990,56,1,0,0,0,1,22,4,40,1
1990,46,2,0,0,0,1,205,5,40,0
1990,18,1,1,0,3,0,436,3,10,0
1990,18,1,1,0,3,0,0,0,0,0
1990,51,1,0,0,0,1,259,3,45,1
1990,45,2,0,0,0,0,313,5,40,0
1990,19,1,1,0,0,1,438,3,10,0
1990,35,1,1,0,0,1,185,1,40,0
1990,29,1,3,0,0,1,628,1,40,0
1990,31,2,2,0,0,1,37,4,40,0
1990,47,1,0,0,0,1,26,5,40,1
1990,43,2,0,0,0,1,156,5,40,0
1990,57,1,0,0,0,1,259,1,40,1
1990,43,2,0,0,0,1,164,5,40,0
1990,36,1,0,0,0,1,613,0,50,1
1990,34,2,0,0,0,1,95,5,30,0
1990,46,1,0,0,0,1,37,1,45,0
1990,44,2,0,0,0,0,335,4,0,0
1990,32,1,2,0,0,1,22,0,55,0
1990,32,1,1,0,0,0,267,3,40,0
1990,25,1,0,0,0,1,55,1,42,0
1990,30,2,0,0,0,1,376,5,40,0
1990,36,1,0,0,0,1,259,3,60,1
1990,34,2,0,0,0,1,185,4,25,0
1990,32,1,0,0,0,1,23,0,40,0
1990,32,2,0,0,0,1,379,3,60,0
1990,65,2,2,0,0,0,379,2,45,0
1990,50,1,0,0,0,1,259,1,40,0
1990,49,2,0,0,0,1,163,5,40,0
1990,47,1,0,0,0,1,22,1,70,1
1990,46,2,0,0,0,0,23,4,50,0
1990,24,2,2,0,0,1,379,0,40,0
1990,54,1,0,0,0,1,13,1,40,1
1990,47,2,0,0,0,1,156,5,40,0
1990,24,1,0,2,0,0,33,0,55,0
1990,26,2,0,2,0,0,447,5,0,0
1990,29,1,0,0,0,1,22,4,60,0
1990,26,2,0,0,0,1,313,4,40,0
1990,43,1,0,0,0,1,55,2,44,0
1990,41,2,0,0,0,1,319,4,25,0
1990,28,1,0,0,0,0,567,0,44,0
1990,23,2,0,0,0,0,315,5,40,0
1990,19,2,1,0,0,1,194,5,40,0
1990,20,2,1,0,0,0,438,3,35,0
1990,38,1,0,0,0,1,13,0,40,1
1990,38,2,0,0,0,0,33,1,40,0
1990,72,1,1,1,0,0,0,0,0,0
1990,20,1,1,3,0,0,628,1,35,0
1990,32,1,1,2,1,0,579,0,40,0
1990,75,2,0,0,1,0,0,0,0,0
1990,21,1,1,0,1,0,709,1,40,0
1990,58,1,3,0,0,0,909,6,0,0
1990,58,1,3,0,1,0,769,1,15,0
1990,43,1,3,0,1,0,869,0,0,0
1990,68,2,3,1,0,0,407,4,0,0
1990,40,1,2,1,0,0,866,0,61,0
1990,27,2,1,1,0,1,389,2,40,0
1990,60,2,3,1,0,0,0,0,0,0
1990,35,1,0,1,0,1,235,5,40,0
1990,31,2,0,1,0,1,243,3,0,0
1990,60,1,1,1,0,0,0,0,0,0
1990,40,2,1,1,0,0,376,4,40,0
1990,20,1,1,1,0,1,883,3,20,0
1990,26,2,1,0,0,0,407,4,40,0
1990,31,2,1,0,0,0,453,4,40,0
1990,22,1,1,1,0,0,804,3,40,0
1990,40,1,2,1,0,1,883,1,40,0
1990,23,1,3,0,0,0,883,2,25,0
1990,23,1,1,0,0,1,307,3,50,0
1990,45,1,0,0,0,1,22,2,45,1
1990,45,2,0,0,0,1,223,1,0,0
1990,79,2,3,0,0,1,0,0,0,0
1990,24,1,3,1,0,0,889,3,50,0
1990,18,2,1,1,0,0,0,0,0,0
1990,32,2,3,1,0,0,259,3,11,0
1990,20,2,1,1,0,0,785,1,40,0
1990,28,1,3,2,1,1,567,0,35,0
1990,28,1,1,2,1,0,597,0,40,0
1990,28,1,1,2,1,0,597,0,35,0
1990,25,1,1,2,1,0,567,0,42,0
1990,37,2,2,3,0,0,777,1,40,0
1990,57,1,0,1,0,1,355,2,40,0
1990,50,2,0,1,0,1,386,3,40,0
1990,25,2,1,1,2,1,379,5,40,0
1990,52,1,2,1,0,1,0,0,0,0
1990,23,2,2,1,0,0,0,0,0,0
1990,34,1,1,0,1,0,509,4,40,0
1990,80,1,0,1,0,0,0,0,0,0
1990,62,2,0,1,0,0,264,3,0,0
1990,47,2,3,2,0,0,439,3,40,0
1990,76,2,1,2,1,0,0,0,0,0
1990,20,2,1,2,0,0,308,2,0,0
1990,32,2,2,1,0,1,276,6,40,0
1990,65,1,2,1,0,0,594,0,0,0
1990,56,2,2,1,0,1,389,5,40,0
1990,38,1,0,0,0,1,803,4,40,0
1990,37,2,0,0,0,1,804,2,0,0
1990,45,1,3,2,1,0,579,4,40,0
1990,75,2,3,2,0,0,0,0,0,0
1990,46,1,2,0,0,1,255,4,60,1
1990,61,1,1,2,0,1,63,2,40,0
1990,48,1,0,0,4,0,453,5,33,0
1990,43,2,0,0,0,0,0,0,0,0
1990,21,1,1,0,0,0,579,0,0,0
1990,20,1,1,0,0,1,0,0,0,0
1990,41,1,0,0,0,1,55,1,42,0
1990,36,2,0,0,0,1,22,4,40,0
1990,29,1,1,3,1,0,436,3,45,0
1990,34,1,0,3,1,0,486,0,40,0
1990,26,1,0,3,1,0,453,0,40,0
1990,38,2,2,1,0,1,447,5,0,0
1990,56,2,2,0,0,0,207,5,34,0
1990,21,1,1,0,0,0,869,0,40,0
1990,38,1,0,0,0,0,259,1,40,0
1990,39,2,0,0,1,0,444,3,0,0
1990,44,1,0,2,4,0,585,0,36,0
1990,44,2,0,2,0,0,453,4,18,0
1990,32,1,0,0,1,0,588,0,25,0
1990,30,2,0,0,1,0,877,4,40,0
1990,42,2,3,0,1,0,453,5,0,0
1990,29,1,1,0,0,0,885,4,40,0
1990,19,1,1,0,0,0,486,0,40,0
1990,29,1,1,2,0,0,8,3,40,0
1990,61,2,1,1,0,0,0,0,0,0
1990,45,1,0,2,1,0,365,1,47,0
1990,43,2,0,2,1,0,0,0,0,0
1990,22,1,3,2,1,0,869,0,40,0
1990,22,2,3,2,1,0,779,0,43,0
1990,20,1,1,2,1,0,436,3,43,0
1990,26,1,1,2,1,0,595,0,20,0
1990,21,1,1,2,1,0,0,0,0,0
1990,45,2,3,0,1,0,744,1,40,0
1990,19,1,1,0,1,0,376,2,40,0
1990,23,2,0,0,1,0,448,4,23,0
1990,25,1,0,0,1,0,579,1,40,0
1990,71,2,2,1,0,0,407,4,0,0
1990,31,2,2,1,0,1,467,5,99,0
1990,44,1,2,3,3,0,784,3,40,0
1990,53,2,2,3,3,0,779,3,40,0
1990,32,1,1,0,0,1,229,4,45,0
1990,28,2,1,0,0,1,315,4,40,0
1990,28,1,1,0,0,1,447,5,30,0
1990,32,1,1,0,0,1,23,5,40,0
1990,32,1,1,0,0,1,777,1,44,0
1990,34,2,1,0,0,1,384,1,40,0
1990,31,1,1,0,0,1,22,1,48,0
1990,26,2,1,0,0,1,186,5,15,0
1990,22,1,1,0,0,1,804,3,40,0
1990,34,1,0,0,0,1,178,4,55,1
1990,33,2,0,0,0,1,234,5,40,0
1990,62,2,3,0,0,0,274,3,0,0
1990,28,2,1,1,0,0,277,3,40,0
1990,40,2,3,1,0,0,889,3,0,0
1990,21,2,1,1,0,0,337,3,8,0
1990,65,2,2,0,0,0,0,0,0,0
1990,30,2,1,0,0,1,313,4,40,0
1990,42,2,0,0,0,0,375,4,40,0
1990,49,1,0,0,0,0,567,0,30,0
1990,19,1,1,0,0,0,356,4,40,0
1990,23,2,0,2,1,0,754,1,40,0
1990,26,1,0,2,1,1,17,3,43,0
1990,46,2,3,2,1,0,453,5,40,0
1990,20,2,2,2,1,0,449,4,20,0
1990,64,2,3,1,0,0,449,4,0,0
1990,47,1,2,1,0,1,73,1,40,0
1990,52,1,0,1,0,0,804,2,40,0
1990,34,2,0,1,0,1,468,5,40,0
1990,49,2,3,1,0,0,433,3,30,0
1990,34,2,3,1,0,0,0,0,0,0
1990,36,2,1,1,0,0,888,1,40,0
1990,41,1,1,1,0,0,909,6,0,0
1990,29,1,3,1,0,0,877,1,40,0
1990,64,1,3,1,0,0,356,4,40,0
1990,30,1,3,1,0,0,426,4,0,0
1990,29,2,1,1,0,0,0,0,0,0
1990,67,2,0,1,0,0,453,5,0,0
1990,59,1,0,1,0,0,508,1,40,0
1990,51,2,3,1,0,0,276,5,32,0
1990,26,1,1,0,0,0,585,3,28,0
1990,22,2,1,0,0,0,438,3,0,0
1990,39,1,0,0,0,0,796,2,40,0
1990,37,2,0,0,0,0,0,0,0,0
1990,80,2,0,0,0,0,0,0,0,0
1990,43,1,0,2,1,0,453,4,40,0
1990,37,2,0,2,1,0,449,4,12,0
1990,19,1,1,2,1,0,435,3,0,0
1990,43,1,0,0,0,1,486,0,20,0
1990,56,2,0,2,1,0,754,1,40,0
1990,24,1,1,2,1,0,883,1,40,0
1990,57,1,0,0,0,1,55,1,40,1
1990,53,2,0,0,0,0,0,0,0,0
1990,27,1,2,2,1,0,783,1,40,0
1990,22,2,1,2,1,0,785,1,40,0
1990,23,2,1,2,1,0,0,0,0,0
1990,71,2,3,0,0,0,0,0,0,0
1990,49,1,0,1,0,0,449,3,40,0
1990,55,2,0,1,0,0,0,0,0,0
1990,52,1,0,0,0,1,259,3,40,0
1990,41,2,0,0,0,1,0,0,0,0
1990,57,1,0,0,0,0,575,0,40,0
1990,51,2,0,0,0,0,0,0,0,0
1990,31,2,2,0,0,0,274,3,40,0
1990,25,1,0,1,0,1,389,4,40,0
1990,25,2,0,1,0,1,156,5,40,0
1990,37,2,2,0,0,0,313,5,40,0
1990,43,1,0,0,0,1,348,2,30,0
1990,39,2,0,0,0,1,427,5,40,0
1990,36,1,1,1,0,1,308,1,40,0
1990,40,1,1,0,0,1,229,4,40,0
1990,51,2,2,1,0,1,98,5,40,0
1990,24,1,1,1,0,1,365,6,0,0
1990,25,1,1,1,0,0,813,4,40,0
1990,28,1,3,1,0,1,507,2,40,0
1990,50,1,2,1,0,0,505,4,48,0
1990,38,1,1,1,4,1,809,2,28,0
1990,23,1,0,0,0,1,785,1,40,0
1990,24,2,0,0,0,1,889,4,20,0
1990,25,1,3,1,0,1,785,3,38,0
1990,58,1,0,0,0,0,526,3,40,0
1990,48,2,0,0,0,1,889,3,40,0
1990,20,2,1,0,0,1,264,3,40,0
1990,62,1,1,0,0,1,579,4,30,0
1990,43,1,1,0,0,1,253,4,50,1
1990,28,1,1,0,0,1,525,4,45,0
1990,75,2,0,0,0,1,0,0,0,0
1990,24,1,1,0,2,1,769,1,0,0
1990,24,2,2,0,0,1,364,2,50,0
1990,26,2,1,0,0,1,178,5,99,0
1990,26,2,1,0,0,1,166,5,50,1
1990,22,2,1,0,0,1,463,2,40,0
1990,23,2,1,0,0,1,463,2,40,0
1990,35,1,1,0,0,1,255,4,40,1
1990,34,1,0,0,0,1,22,4,60,1
1990,30,2,0,0,0,1,197,5,25,1
1990,65,1,1,0,0,1,226,2,0,0
1990,40,1,0,0,0,0,354,2,40,0
1990,37,2,0,0,0,0,276,3,40,0
1990,26,1,1,2,0,1,55,5,40,0
1990,73,2,3,0,0,1,95,5,10,0
1990,31,2,1,0,0,1,159,5,40,0
1990,80,1,0,0,0,1,85,5,30,1
1990,74,2,0,0,0,1,0,0,0,0
1990,36,1,0,0,0,1,178,5,40,1
1990,35,2,0,0,0,1,0,0,0,0
1990,33,2,1,0,0,1,313,5,40,0
1990,70,1,0,0,0,1,259,3,99,1
1990,71,2,0,0,0,1,0,0,0,0
1990,37,1,0,0,0,1,55,2,40,0
1990,38,2,0,0,0,1,235,2,40,0
1990,30,2,1,1,0,1,385,2,7,0
1990,30,1,1,1,0,0,453,1,0,0
1990,38,1,0,0,0,1,234,4,40,1
1990,36,2,0,0,0,1,0,0,0,0
1990,18,2,1,1,0,0,363,6,20,0
1990,26,2,1,1,0,1,385,2,40,0
1990,58,1,1,0,0,0,734,2,40,0
1990,36,2,2,1,0,0,736,1,40,0
1990,47,2,3,1,0,0,0,0,0,0
1990,21,2,1,1,0,0,317,4,40,0
1990,28,2,1,1,0,0,0,0,0,0
1990,77,1,0,0,0,0,0,0,0,0
1990,69,2,0,0,0,0,0,0,0,0
1990,72,1,0,0,0,1,0,0,0,0
1990,69,2,0,0,0,1,283,4,16,0
1990,32,1,0,0,0,0,774,1,50,0
1990,29,2,0,0,0,1,314,4,50,0
1990,19,2,0,0,0,1,274,3,0,0
1990,71,1,0,0,0,0,0,0,0,0
1990,58,1,0,0,0,0,0,0,0,0
1990,55,2,0,0,0,0,313,5,40,0
1990,28,1,0,0,0,0,783,1,40,0
1990,30,2,0,1,0,1,389,2,40,0
1990,36,2,2,2,1,1,156,5,40,0
1990,57,1,0,0,0,1,243,4,40,0
1990,53,2,0,0,0,1,156,5,40,0
1990,22,2,1,0,0,1,23,3,45,0
1990,27,2,1,0,2,1,259,3,47,0
1990,27,2,2,0,0,1,256,2,40,0
1990,60,2,1,0,0,1,65,4,40,0
1990,24,2,1,1,0,1,375,4,40,0
1990,27,1,1,1,0,1,365,3,40,0
1990,25,1,1,1,0,0,436,3,60,0
1990,40,1,0,0,0,1,13,4,55,1
1990,39,2,0,0,0,0,313,5,20,0
1990,24,1,2,0,0,0,486,0,40,0
1990,45,2,1,0,0,0,313,1,60,0
1990,25,1,0,0,0,1,479,0,0,0
1990,26,2,0,0,0,1,95,5,40,0
1990,35,1,0,0,0,1,305,2,50,0
1990,33,2,0,0,0,1,744,4,10,0
1990,38,1,0,0,0,1,229,5,40,0
1990,38,2,0,0,0,1,203,5,40,0
1990,27,2,3,0,0,0,254,4,40,0
1990,25,1,2,0,0,1,229,1,50,0
1990,30,1,2,0,0,1,23,5,0,0
1990,72,1,0,0,0,0,0,0,0,0
1990,65,2,0,0,0,0,373,1,0,0
1990,35,1,0,0,0,1,243,3,45,1
1990,34,2,0,0,0,1,23,5,45,0
1990,19,2,1,0,2,0,466,5,30,0
1990,30,1,0,1,0,0,487,5,40,0
1990,32,2,0,1,0,1,235,5,40,0
1990,75,2,3,0,0,0,0,0,0,0
1990,50,2,1,0,0,0,22,4,39,0
1990,27,2,0,1,0,0,747,4,35,0
1990,31,1,0,1,4,0,747,4,40,0
1990,64,1,2,0,0,1,259,1,99,0
1990,38,2,3,1,0,0,308,4,40,0
1990,34,2,0,0,0,0,313,1,40,0
1990,67,1,0,0,0,1,47,3,0,0
1990,41,1,2,0,0,1,22,0,59,0
1990,50,2,2,0,0,1,348,4,30,0
1990,54,1,0,0,0,0,734,1,40,0
1990,55,2,0,0,0,0,447,5,40,0
1990,26,1,1,0,0,1,508,2,40,0
1990,33,2,0,0,0,1,319,5,45,0
1990,34,1,0,0,0,0,909,6,0,0
1990,50,1,0,0,0,0,355,2,40,0
1990,46,2,0,0,0,1,379,5,40,0
1990,20,2,1,0,0,1,385,5,20,0
1990,42,1,0,0,0,0,22,0,40,0
1990,23,2,0,0,0,0,0,0,0,0
1990,57,1,0,0,0,0,804,1,40,0
1990,52,2,0,0,0,0,376,4,40,0
1990,60,1,0,0,0,1,529,2,20,0
1990,59,2,0,0,0,0,754,1,40,0
1990,39,1,2,2,0,1,5,6,40,0
1990,48,1,2,0,0,1,37,1,45,0
1990,34,1,2,0,0,1,254,4,60,0
1990,43,2,2,0,0,1,254,4,50,0
1990,54,2,3,0,0,1,22,4,99,0
1990,39,1,0,0,0,1,43,5,50,1
1990,37,2,0,0,0,1,18,4,30,1
1990,39,1,0,0,0,1,84,5,50,1
1990,40,2,0,0,0,1,343,5,30,0
1990,33,1,0,0,0,1,195,1,40,0
1990,31,2,0,0,0,1,277,5,25,0
1990,28,2,1,0,0,1,7,4,40,0
1990,25,2,3,0,0,1,463,2,40,0
1990,55,1,0,0,0,1,217,4,50,1
1990,56,2,0,0,0,1,254,4,50,0
1990,45,1,1,0,0,1,73,3,40,0
1990,58,1,0,0,0,1,23,5,50,0
1990,63,2,0,0,0,0,319,4,37,0
1990,23,1,1,0,0,0,434,3,20,0
1990,32,2,1,0,0,1,259,1,45,0
1990,53,1,0,0,0,1,226,2,30,1
1990,41,2,0,0,0,1,0,0,0,0
1990,76,2,3,0,0,0,0,0,0,0
1990,35,1,0,2,0,0,486,4,0,0
1990,35,2,0,2,1,1,23,1,40,0
1990,32,1,0,0,0,1,13,1,60,1
1990,29,2,0,0,0,1,165,5,40,0
1990,78,1,0,1,0,0,0,0,0,0
1990,63,2,0,1,0,0,407,4,0,0
1990,40,1,1,1,0,1,444,3,40,0
1990,19,1,1,1,0,0,0,0,0,0
1990,53,2,3,0,0,0,0,0,0,0
1990,30,2,2,0,0,0,283,4,40,0
1990,53,2,2,2,0,0,777,1,40,0
1990,29,1,2,2,0,0,889,4,40,0
1990,27,1,0,0,1,0,435,4,99,0
1990,25,2,0,0,1,0,435,4,0,0
1990,19,1,1,0,1,0,0,0,0,0
1990,24,1,1,2,0,1,774,4,47,0
1990,35,1,2,3,0,0,809,2,99,0
1990,60,2,3,3,4,1,337,5,40,0
1990,52,2,1,0,0,1,14,5,60,0
1990,49,1,0,2,0,1,13,4,40,0
1990,45,2,0,2,0,0,313,2,40,0
1990,42,1,0,0,0,1,417,6,53,0
1990,42,2,0,0,2,0,337,4,40,0
1990,28,1,0,0,0,1,254,4,45,0
1990,27,2,0,0,0,1,55,1,40,0
1990,55,2,2,0,0,1,315,1,99,0
1990,34,1,0,0,2,0,804,2,60,0
1990,29,2,0,0,0,1,435,3,30,0
1990,25,1,1,2,1,0,436,3,40,0
1990,30,1,3,2,4,0,436,3,40,0
1990,26,2,1,2,4,0,447,5,30,0
1990,45,2,2,0,0,1,14,5,50,0
1990,56,1,0,0,0,1,265,3,48,0
1990,55,2,0,0,0,1,264,3,40,0
1990,77,1,0,0,0,0,243,3,40,0
1990,74,2,0,0,0,0,185,1,0,0
1990,57,1,0,0,0,1,234,3,40,1
1990,51,2,0,0,0,1,463,2,40,0
1990,39,1,0,0,0,1,156,5,40,0
1990,38,2,0,0,0,1,164,5,40,0
1990,63,2,2,0,0,1,22,4,40,0
1990,70,2,3,2,0,0,0,0,0,0
1990,33,1,1,2,0,0,0,0,0,0
1990,55,1,2,2,1,0,449,4,40,0
1990,49,1,3,2,1,0,514,4,40,0
1990,45,1,3,2,1,0,444,3,40,0
1990,50,2,3,1,0,0,453,4,40,0
1990,60,1,0,2,1,0,426,1,40,0
1990,40,2,0,2,1,0,877,1,40,0
1990,26,1,1,2,0,1,676,1,36,0
1990,36,2,3,2,1,0,744,1,40,0
1990,34,1,3,2,1,0,889,1,50,0
1990,71,2,3,2,1,0,0,0,0,0
1990,51,2,2,1,0,0,443,5,28,0
1990,20,1,1,1,0,1,365,3,8,0
1990,54,1,0,1,0,0,22,5,40,0
1990,50,2,0,1,0,0,407,4,30,0
1990,22,2,3,1,0,0,0,0,0,0
1990,18,1,1,1,0,0,0,0,0,0
1990,60,2,3,1,0,0,449,5,0,0
1990,34,2,1,1,0,0,458,4,0,0
1990,31,2,1,1,0,0,683,1,40,0
1990,68,1,0,0,3,0,567,0,0,0
1990,67,2,0,0,3,0,407,4,0,0
1990,61,2,3,0,0,0,0,0,0,0
1990,25,2,1,0,0,1,95,5,44,0
1990,24,2,1,0,0,1,156,5,40,0
1990,59,1,2,0,0,0,628,1,50,0
1990,53,2,2,1,0,1,385,2,40,0
1990,68,1,0,1,0,0,486,3,0,0
1990,56,2,0,1,0,1,95,2,48,0
1990,30,2,1,1,0,1,385,4,40,0
1990,40,1,0,1,0,0,869,2,40,0
1990,40,2,0,1,0,1,313,3,40,0
1990,41,1,0,1,0,1,33,5,40,0
1990,37,2,0,1,0,1,356,5,40,0
1990,38,1,0,1,0,1,365,1,40,0
1990,31,2,0,1,0,1,156,5,40,0
1990,72,1,0,0,0,0,0,0,0,0
1990,73,2,0,0,0,1,0,0,0,0
1990,48,1,2,0,0,0,734,1,40,0
1990,20,1,1,0,0,0,754,1,40,0
1990,42,1,0,1,0,1,823,1,40,0
1990,47,2,0,1,0,1,213,1,40,0
1990,19,1,1,1,0,1,365,3,40,0
1990,60,1,0,1,0,1,14,5,40,0
1990,49,2,0,1,0,1,22,6,40,0
1990,45,1,1,1,0,0,0,0,0,0
1990,41,1,0,1,0,1,84,6,40,0
1990,40,2,0,1,0,1,379,4,40,0
1990,43,1,0,1,0,1,436,5,40,0
1990,42,2,0,1,0,1,22,1,46,0
1990,57,2,2,1,0,1,157,5,11,0
1990,39,2,2,1,0,1,156,5,40,0
1990,33,2,3,0,0,1,27,6,55,0
1990,80,1,0,0,0,0,0,0,0,0
1990,67,2,0,0,0,0,0,0,0,0
1990,42,1,0,1,0,0,575,4,40,0
1990,42,2,0,1,0,1,326,4,40,0
1990,22,1,1,1,0,0,687,3,40,0
1990,23,2,0,1,0,1,385,4,20,0
1990,25,1,0,1,0,0,585,1,40,0
1990,22,1,1,2,1,0,436,1,40,0
1990,19,1,1,2,1,0,436,1,40,0
1990,35,1,0,1,0,1,44,1,0,0
1990,32,2,0,1,0,0,438,3,0,0
1990,79,2,3,0,0,0,0,0,0,0
1990,49,1,0,0,0,0,0,0,0,0
1990,45,2,0,0,0,0,453,5,40,0
1990,48,1,0,2,1,0,565,0,0,0
1990,44,2,0,2,1,0,744,1,40,0
1990,23,1,1,2,1,0,486,0,0,0
1990,19,1,1,2,1,0,0,0,0,0
1990,18,2,1,2,0,0,0,0,0,0
1990,39,1,0,2,0,0,505,4,40,0
1990,34,2,0,2,1,1,276,3,28,0
1990,21,2,3,2,1,0,796,1,40,0
1990,60,2,3,2,0,0,406,4,40,0
1990,32,1,1,2,4,0,844,0,40,0
1990,37,2,2,2,1,0,785,1,40,0
1990,45,2,2,1,0,1,313,5,40,0
1990,66,1,1,1,0,0,0,0,0,0
1990,64,2,2,1,0,0,436,3,96,0
1990,31,1,0,1,0,1,779,3,40,0
1990,25,2,0,1,0,0,379,6,40,0
1990,51,1,0,1,0,1,159,5,50,0
1990,49,2,0,1,0,1,157,5,50,0
1990,19,2,1,1,0,1,0,0,0,0
1990,48,1,0,1,0,1,783,1,40,0
1990,44,2,0,1,0,1,447,5,40,0
1990,33,1,0,0,0,1,22,2,0,0
1990,32,2,0,0,0,1,313,2,0,0
1990,61,2,3,1,0,0,466,5,8,0
1990,28,1,1,1,0,0,579,0,40,0
1990,52,1,0,1,0,1,843,1,40,1
1990,51,2,0,1,0,1,389,6,40,0
1990,79,2,3,0,0,0,0,0,0,0
1990,38,1,0,2,1,0,567,0,40,0
1990,30,2,0,2,1,0,0,0,0,0
1990,58,1,0,0,0,0,216,5,40,0
1990,54,2,0,3,0,0,264,3,20,0
1990,46,2,2,0,0,0,313,3,40,0
1990,45,1,1,2,0,1,903,6,0,0
1990,32,1,0,2,1,0,804,3,45,0
1990,33,2,0,2,1,0,185,3,40,0
1990,33,1,0,1,0,1,22,4,40,0
1990,30,2,0,1,0,0,387,5,40,0
1990,64,1,0,0,0,0,188,1,40,0
1990,60,2,0,0,0,1,734,4,40,0
1990,62,2,2,1,0,0,0,0,0,0
1990,40,1,0,3,3,1,647,3,40,0
1990,32,2,0,3,3,1,213,1,50,0
1990,31,2,1,1,0,1,313,4,40,0
1990,25,1,1,0,0,0,785,1,35,0
1990,43,2,2,0,0,1,313,5,50,0
1990,49,2,2,0,0,1,22,3,40,0
1990,34,1,0,1,0,1,335,5,40,0
1990,30,2,0,0,0,0,315,4,40,0
1990,43,1,0,0,0,1,7,4,40,1
1990,42,2,0,0,0,1,0,0,0,0
1990,39,1,1,0,0,1,18,4,0,0
1990,49,2,0,0,0,1,9,2,40,1
1990,51,1,0,0,0,0,637,1,40,0
1990,61,1,0,0,0,1,43,5,40,1
1990,53,2,0,0,0,0,0,0,0,0
1990,43,1,1,0,0,1,178,5,60,1
1990,65,2,3,0,0,1,274,3,40,0
1990,47,2,2,0,1,1,95,5,80,0
1990,52,1,0,0,0,1,22,5,70,1
1990,50,2,0,0,0,1,156,5,9,0
1990,57,1,2,0,0,0,454,4,40,0
1990,67,1,0,0,2,1,217,0,60,0
1990,41,2,0,0,2,1,24,4,40,0
1990,18,2,1,0,2,0,259,1,23,0
1990,38,1,0,0,0,1,64,4,40,0
1990,36,2,0,0,0,1,22,5,50,1
1990,33,2,3,0,0,1,204,5,0,0
1990,37,1,0,0,0,1,22,3,14,1
1990,35,2,0,0,0,1,0,0,0,0
1990,40,1,0,0,0,1,178,5,50,1
1990,40,2,0,0,0,1,254,4,40,0
1990,74,1,0,0,0,1,183,5,40,1
1990,68,2,0,0,0,0,0,0,0,0
1990,28,2,2,0,0,1,95,5,24,0
1990,36,1,0,0,0,1,22,0,72,1
1990,47,2,0,0,0,0,0,0,0,0
1990,58,1,0,0,0,0,253,4,40,1
1990,55,2,0,0,0,0,185,4,10,0
1990,27,1,1,1,0,0,877,3,40,0
1990,25,2,2,1,0,0,276,3,40,0
1990,43,1,0,0,0,0,375,4,40,0
1990,36,2,0,0,0,0,803,3,40,0
1990,30,1,0,0,0,1,22,1,45,1
1990,27,2,0,0,0,1,22,5,40,0
1990,47,1,0,0,3,1,84,5,70,1
1990,46,2,0,0,3,1,379,5,15,0
1990,21,2,1,0,0,1,319,3,35,0
1990,42,2,2,0,0,1,29,3,50,0
1990,47,1,2,0,0,1,259,1,50,0
1990,21,1,1,0,0,1,889,1,40,0
1990,31,1,0,0,0,1,485,5,40,0
1990,28,2,0,0,0,1,257,4,40,0
1990,24,1,1,0,0,1,628,4,35,0
1990,75,2,3,0,0,0,444,5,99,0
1990,30,1,3,1,0,0,887,4,40,0
1990,26,2,3,1,0,0,0,0,0,0
1990,40,1,2,0,0,0,507,2,40,0
1990,37,1,0,0,0,1,195,1,47,1
1990,35,2,0,0,0,1,95,5,47,0
1990,43,1,0,0,0,1,243,3,40,1
1990,44,2,0,0,0,1,0,0,0,0
1990,60,1,0,0,0,1,268,3,10,0
1990,60,2,0,0,0,1,313,4,42,0
1990,37,1,2,0,0,0,444,3,40,0
1990,61,1,3,0,0,0,267,3,40,0
1990,37,2,1,0,0,1,29,3,40,0
1990,41,2,2,0,0,0,313,4,37,0
1990,54,1,0,0,0,1,22,3,40,1
1990,60,2,0,0,0,1,313,4,0,0
1990,34,2,0,0,0,1,389,5,40,0
1990,35,1,0,0,0,1,7,5,40,0
1990,42,2,3,0,0,1,253,4,70,0
1990,28,1,2,0,0,1,259,1,45,0
1990,25,1,0,0,0,1,365,3,45,0
1990,22,2,0,0,0,1,319,5,40,0
1990,55,1,0,0,0,0,235,4,40,0
1990,55,2,0,0,0,0,313,4,37,0
1990,52,1,0,0,0,0,8,5,48,0
1990,50,2,0,0,0,0,327,3,40,0
1990,55,1,0,0,0,1,177,5,50,0
1990,50,2,0,0,0,1,176,5,10,0
1990,21,2,1,0,0,1,387,5,10,0
1990,67,2,2,0,0,0,447,5,0,0
1990,53,1,0,0,0,0,804,3,0,0
1990,53,2,0,0,0,0,313,3,40,0
1990,57,2,3,0,0,0,0,0,0,0
1990,64,2,2,0,0,0,313,4,40,0
1990,46,1,2,0,0,1,274,3,30,0
1990,66,1,2,0,0,1,64,0,40,0
1990,33,1,0,0,0,1,177,5,40,0
1990,32,2,0,0,0,1,177,5,0,0
1990,34,2,2,2,0,1,796,1,40,0
1990,56,2,3,2,1,0,0,0,0,0
1990,41,1,0,0,0,1,22,1,40,1
1990,42,2,0,0,0,1,337,1,45,0
1990,18,2,1,0,0,1,0,0,0,0
1990,21,1,1,0,0,1,785,1,40,0
1990,45,1,2,0,0,1,259,1,50,0
1990,56,1,0,0,0,1,804,2,50,0
1990,53,2,0,0,0,1,319,5,40,0
1990,73,2,3,0,0,0,276,3,0,0
1990,31,2,2,0,0,1,445,5,40,0
1990,46,1,0,0,0,1,156,5,40,0
1990,46,2,0,0,0,1,156,5,40,0
1990,22,1,1,0,0,0,889,0,40,0
1990,27,1,2,0,0,1,29,3,60,0
1990,26,1,1,0,0,0,869,0,45,0
1990,37,1,0,0,0,1,44,1,40,0
1990,32,2,0,0,0,1,22,5,45,0
1990,62,2,2,0,0,1,275,3,0,0
1990,32,1,1,0,0,0,0,0,0,0
1990,21,2,1,0,0,0,337,3,48,0
1990,21,1,3,0,0,0,386,3,70,0
1990,21,1,1,1,0,0,186,5,30,0
1990,53,1,0,0,0,1,13,1,50,1
1990,51,2,0,0,0,0,327,3,24,0
1990,47,1,0,0,0,1,22,2,0,0
1990,46,2,0,0,0,1,389,3,40,0
1990,19,2,1,0,0,0,883,5,15,0
1990,23,2,1,0,1,0,407,4,0,0
1990,40,1,0,0,0,1,37,4,45,0
1990,39,2,0,0,0,1,337,4,20,0
1990,66,2,3,1,0,0,0,0,0,0
1990,42,1,0,0,0,1,243,3,55,0
1990,41,2,0,0,0,1,313,1,40,0
1990,18,1,1,0,0,0,436,3,9,0
1990,65,2,3,0,0,1,274,3,0,0
1990,35,2,2,0,0,1,234,5,60,0
1990,50,1,2,3,0,0,457,4,60,0
1990,20,1,1,0,0,0,889,3,30,0
1990,20,1,1,0,0,0,889,2,30,0
1990,19,2,1,0,0,0,276,3,35,0
1990,34,1,2,0,0,1,59,4,99,1
1990,36,2,2,0,3,1,23,3,45,0
1990,32,1,1,0,0,1,263,3,50,0
1990,23,2,1,0,0,1,195,2,15,0
1990,22,2,1,0,0,1,159,5,20,0
1990,34,1,0,0,0,1,22,1,50,0
1990,28,2,0,0,0,1,22,4,50,1
1990,31,1,1,1,0,1,64,0,40,0
1990,35,1,2,0,0,1,235,5,40,0
1990,25,2,1,0,0,1,203,5,2,0
1990,26,1,1,0,0,1,22,2,60,0
1990,35,2,1,0,0,1,313,4,40,0
1990,33,2,2,0,0,1,206,5,40,0
1990,38,1,0,0,0,1,23,5,50,1
1990,37,2,0,0,0,1,274,3,52,0
1990,40,2,1,0,0,1,466,5,50,0
1990,43,1,2,0,0,1,243,3,55,0
1990,29,2,0,1,0,0,754,1,0,0
1990,35,1,0,1,0,0,453,3,40,0
1990,45,2,2,0,0,0,313,0,40,0
1990,18,1,1,0,0,0,323,4,8,0
1990,64,1,0,0,0,1,84,5,30,1
1990,47,2,0,0,0,0,0,0,0,1
1990,32,1,0,0,0,1,243,3,55,1
1990,30,2,0,0,0,1,315,4,15,0
1990,23,1,2,0,0,0,889,1,40,0
1990,31,1,0,0,0,1,65,4,45,0
1990,27,2,0,0,0,1,229,2,40,0
1990,30,1,1,0,0,1,259,1,60,0
1990,37,1,0,1,4,1,17,3,65,0
1990,30,2,0,1,4,1,95,5,45,0
1990,21,1,0,2,0,0,0,0,0,0
1990,22,2,0,2,0,0,444,4,0,0
1990,48,1,0,0,0,0,373,1,40,0
1990,47,2,0,0,0,0,253,4,40,0
1990,19,2,1,0,0,0,259,3,30,0
1990,22,1,1,0,0,1,257,2,50,0
1990,59,1,0,0,0,1,303,1,40,0
1990,55,2,0,0,0,0,337,0,0,0
1990,23,1,0,0,0,1,585,0,40,0
1990,23,2,0,0,0,0,735,1,40,0
1990,47,1,2,0,0,1,25,4,60,0
1990,48,2,2,0,0,1,313,4,40,0
1990,24,1,0,0,0,0,889,1,40,0
1990,28,2,0,0,0,0,337,4,60,0
1990,53,1,0,0,0,1,13,2,40,1
1990,44,2,0,0,0,1,16,2,40,1
1990,33,1,0,0,0,1,558,0,60,0
1990,33,2,0,0,0,1,313,0,40,0
1990,37,1,0,0,0,1,373,3,50,0
1990,28,2,0,0,0,0,628,1,45,0
1990,37,2,1,0,0,1,95,5,65,1
1990,58,1,0,0,0,0,759,1,40,0
1990,46,2,0,0,0,0,8,0,50,0
1990,47,1,0,0,0,1,35,6,40,0
1990,50,2,0,0,0,0,315,4,42,0
1990,26,2,0,0,1,0,436,3,35,0
1990,29,1,0,0,1,1,709,1,40,0
1990,80,2,3,0,0,0,0,0,0,0
1990,32,1,3,2,1,0,505,4,45,0
1990,21,2,1,0,0,0,276,3,40,0
1990,35,1,0,2,1,1,505,3,40,0
1990,34,2,0,2,1,1,779,1,60,0
1990,30,2,2,2,1,1,779,1,60,0
1990,36,2,2,0,0,0,668,1,55,0
1990,18,2,1,0,0,0,313,1,40,0
1990,34,1,0,0,0,0,308,4,45,0
1990,51,2,0,3,3,0,449,4,40,0
1990,36,1,0,0,0,0,637,1,40,0
1990,32,2,0,0,0,1,337,1,40,0
1990,70,2,3,0,0,1,0,0,0,0
1990,72,2,3,0,0,1,0,0,0,0
1990,31,1,0,0,0,1,22,5,70,1
1990,30,2,0,0,0,1,157,5,0,0
1990,25,1,2,0,0,0,889,3,0,0
1990,31,2,2,0,0,1,96,3,50,1
1990,33,1,0,0,0,1,418,6,50,0
1990,33,2,0,0,0,1,348,6,0,0
1990,53,1,0,3,3,1,447,5,40,0
1990,53,2,0,0,0,1,95,5,55,0
1990,31,1,0,2,1,0,804,3,50,0
1990,29,2,0,2,1,0,0,0,0,0
1990,53,2,0,0,0,0,0,0,0,0
1990,53,1,0,0,0,0,785,1,48,0
1990,33,1,0,0,0,1,177,5,55,0
1990,32,2,0,0,0,0,0,0,0,0
1990,71,1,0,0,0,1,22,0,30,1
1990,69,2,0,0,0,0,0,0,0,0
1990,36,1,0,1,0,1,804,2,40,0
1990,36,2,0,1,0,1,55,4,40,0
1990,41,1,0,0,0,0,783,4,40,0
1990,39,2,0,0,0,0,453,5,40,0
1990,19,2,1,0,0,0,155,5,40,0
1990,49,2,2,0,0,0,365,3,50,0
1990,28,2,2,0,0,1,308,5,37,0
1990,39,2,2,0,0,1,216,3,40,0
1990,66,1,0,0,0,0,505,1,24,0
1990,62,2,0,0,0,0,313,5,40,0
1990,24,1,0,0,0,1,453,4,30,0
1990,22,2,0,0,0,1,208,5,35,0
1990,49,1,0,0,0,0,277,3,70,0
1990,47,2,0,0,0,0,808,5,15,0
1990,23,1,0,0,0,0,759,4,40,0
1990,19,2,0,0,0,0,389,6,40,0
1990,25,2,3,0,0,1,447,5,40,0
1990,53,1,0,0,0,0,257,5,99,0
1990,45,2,0,0,0,0,338,5,40,0
1990,19,1,1,0,0,1,257,2,40,0
1990,37,1,0,0,0,1,264,3,99,0
1990,35,2,0,0,0,1,243,3,99,0
1990,32,1,0,0,0,1,22,1,50,1
1990,41,2,0,0,0,0,0,0,0,0
1990,18,2,3,0,0,0,469,3,20,0
1990,28,1,1,0,0,1,55,1,20,0
1990,43,1,0,0,0,1,24,4,37,0
1990,43,2,0,0,0,1,22,1,55,0
1990,37,1,2,0,0,0,825,2,40,1
1990,64,2,0,0,0,1,0,0,0,0
1990,65,1,0,0,0,0,22,5,20,0
1990,58,1,0,0,0,0,213,4,15,0
1990,49,2,0,0,0,0,259,3,35,0
1990,56,1,0,0,0,1,677,3,50,1
1990,51,2,0,0,0,1,0,0,0,0
1990,21,1,1,0,0,1,335,5,12,0
1990,28,1,0,0,0,0,734,3,40,0
1990,29,2,0,0,0,0,447,5,40,0
1990,42,1,0,2,0,1,364,3,40,0
1990,40,2,0,2,0,0,375,4,40,0
1990,19,2,1,2,0,1,467,5,15,0
1990,33,1,0,0,0,1,518,1,48,0
1990,34,2,0,0,0,0,319,5,44,0
1990,28,1,0,0,0,0,779,1,48,0
1990,27,2,0,0,4,1,487,0,44,0
1990,54,1,0,0,0,1,5,6,40,0
1990,51,2,0,0,0,1,308,5,46,0
1990,48,1,0,0,0,0,436,3,70,0
1990,52,2,0,0,0,1,436,3,40,0
1990,40,1,0,0,0,1,259,1,45,0
1990,36,2,0,0,0,0,243,3,48,0
1990,21,1,1,2,0,0,579,0,54,0
1990,20,2,1,2,1,0,0,0,0,0
1990,37,2,2,2,0,0,447,5,40,0
1990,34,1,0,0,0,0,364,1,50,0
1990,32,2,0,0,0,1,434,4,40,0
1990,61,1,0,0,0,1,628,1,40,1
1990,61,2,0,0,0,1,0,0,0,0
1990,58,1,0,0,0,1,856,1,40,0
1990,55,2,0,0,0,1,23,5,50,0
1990,22,1,1,0,0,0,869,0,20,0
1990,32,2,2,0,0,0,385,4,40,0
1990,54,2,3,0,0,0,0,0,0,0
1990,23,2,1,0,0,0,438,3,0,0
1990,21,1,1,0,0,0,804,1,40,0
1990,51,1,0,1,0,0,783,1,40,0
1990,53,2,0,1,0,0,274,3,34,0
1990,25,2,1,1,0,1,337,3,40,0
1990,30,1,1,1,0,0,453,2,40,0
1990,30,1,1,1,0,0,444,3,40,0
1990,64,1,0,0,0,1,22,1,40,0
1990,59,2,0,0,0,0,0,0,0,0
1990,58,1,0,0,0,0,56,1,40,1
1990,53,2,0,0,0,0,313,4,40,0
1990,22,1,1,0,0,0,365,1,40,0
1990,19,2,1,0,0,1,267,3,32,0
1990,68,1,0,0,0,0,503,2,0,0
1990,64,2,0,0,0,0,0,0,0,0
1990,39,1,0,0,0,1,308,6,40,0
1990,32,2,0,0,0,0,364,3,40,0
1990,22,1,1,0,0,1,595,0,60,0
1990,61,2,2,0,0,0,386,3,0,0
1990,75,2,0,0,0,0,0,0,0,0
1990,30,1,0,0,0,0,235,4,52,0
1990,36,2,0,0,0,0,13,4,30,0
1990,32,1,0,0,0,1,159,5,40,0
1990,31,2,0,0,1,1,319,3,0,0
1990,41,1,0,0,0,1,5,6,60,0
1990,40,2,0,0,0,1,313,4,40,0
1990,60,1,0,0,0,0,213,1,40,0
1990,56,2,0,0,0,1,0,0,0,0
1990,59,1,0,0,0,0,345,1,40,1
1990,59,2,0,0,0,1,163,5,42,1
1990,28,1,1,0,0,0,724,1,40,0
1990,61,1,0,0,0,1,426,4,34,1
1990,57,2,0,0,0,1,0,0,0,0
1990,21,2,2,0,0,0,319,0,0,0
1990,36,1,3,0,0,0,259,3,40,0
1990,52,2,0,0,0,0,276,3,37,0
1990,49,1,0,0,0,0,477,0,0,0
1990,73,1,1,0,0,0,0,0,0,0
1990,80,1,1,0,0,0,0,0,0,0
1990,49,1,0,0,0,1,305,3,45,0
1990,45,2,0,0,0,0,313,3,35,0
1990,35,1,2,0,0,1,515,2,46,1
1990,45,2,2,1,0,1,308,4,40,0
1990,37,1,0,0,0,1,178,5,45,1
1990,33,2,0,0,0,1,185,4,25,1
1990,55,2,2,0,0,1,315,4,40,0
1990,25,2,3,0,1,0,407,4,40,0
1990,61,2,0,0,0,0,335,4,40,0
1990,54,1,0,0,0,0,335,3,40,0
1990,54,1,0,0,0,0,507,3,40,0
1990,53,2,0,0,0,1,337,4,40,0
1990,28,2,1,0,0,1,98,5,40,0
1990,54,2,2,1,0,1,276,3,56,0
1990,25,1,1,0,0,0,579,0,38,0
1990,20,2,1,0,0,1,23,3,0,0
1990,26,1,1,0,0,1,269,3,70,0
1990,23,1,0,1,0,1,883,4,40,0
1990,21,2,0,1,0,1,276,3,40,0
1990,30,1,0,0,0,1,59,1,45,0
1990,28,2,0,0,0,0,22,1,40,0
1990,34,2,3,1,0,0,444,4,40,0
1990,25,1,1,1,0,0,874,1,40,0
1990,25,2,1,0,0,1,313,4,40,0
1990,41,1,0,0,0,1,166,3,50,1
1990,39,2,0,0,0,1,64,1,40,0
1990,30,1,1,3,0,1,508,1,40,0
1990,55,1,0,0,0,1,259,3,40,1
1990,46,2,0,0,0,1,259,3,45,0
1990,38,2,2,0,0,1,174,5,30,0
1990,26,1,3,0,0,1,337,4,25,0
1990,56,1,0,0,0,1,25,4,60,1
1990,55,2,0,0,0,1,0,0,0,0
1990,57,1,0,0,0,1,85,5,28,1
1990,58,2,0,0,0,1,319,3,50,0
1990,30,1,3,0,0,1,105,5,40,0
1990,23,2,3,0,2,1,243,3,48,0
1990,31,1,0,0,0,0,243,3,56,0
1990,31,2,0,0,0,0,243,3,41,0
1990,37,1,2,0,0,1,734,1,50,0
1990,58,1,0,0,0,0,0,0,0,0
1990,53,2,0,0,0,1,95,5,60,1
1990,80,1,3,0,0,0,0,0,0,0
1990,49,1,0,0,0,1,25,4,40,1
1990,46,2,0,0,0,1,129,5,40,0
1990,49,2,3,0,0,1,313,4,40,0
1990,69,2,3,0,0,1,0,0,0,1
1990,54,2,3,0,0,1,243,3,40,1
1990,49,1,0,0,0,0,804,2,40,0
1990,58,2,0,0,0,0,243,3,0,0
1990,32,1,1,3,0,1,25,3,40,0
1990,29,1,0,0,0,0,243,1,40,1
1990,27,2,0,0,0,0,757,1,48,0
1990,23,1,0,0,0,1,243,3,40,0
1990,24,2,0,0,0,1,243,3,40,0
1990,48,1,0,0,0,1,389,5,40,1
1990,47,2,0,0,0,1,156,5,0,0
1990,21,1,1,0,0,1,269,3,42,0
1990,40,1,0,0,0,1,59,3,45,0
1990,37,2,0,0,0,1,22,6,40,0
1990,42,1,0,0,0,1,22,0,40,1
1990,41,2,0,0,0,1,95,5,40,0
1990,50,1,0,0,0,1,22,0,50,1
1990,50,2,0,0,0,0,313,3,25,0
1990,44,2,2,0,0,1,156,5,45,0
1990,53,1,2,0,0,1,29,3,90,1
1990,31,2,1,0,0,1,25,4,40,0
1990,36,1,0,0,0,1,259,3,45,0
1990,35,2,0,0,0,1,243,3,40,0
1990,40,1,0,0,0,0,22,2,40,0
1990,50,2,0,0,0,0,254,4,20,0
1990,20,1,1,0,0,0,198,2,20,0
1990,38,2,0,0,0,0,313,6,40,0
1990,40,1,0,0,0,1,56,2,45,0
1990,73,2,3,0,0,0,0,0,0,0
1990,65,1,0,0,0,0,518,0,8,0
1990,62,2,0,0,0,0,188,5,32,0
1990,43,1,0,0,0,1,354,2,40,0
1990,41,2,0,0,0,1,155,5,10,0
1990,57,2,3,0,0,0,213,1,40,0
1990,70,2,3,0,0,0,0,0,0,0
1990,51,1,0,0,0,1,22,1,40,0
1990,47,2,0,0,0,1,337,3,40,0
1990,19,1,1,0,0,1,869,4,20,0
1990,34,1,0,0,0,0,804,2,40,0
1990,29,2,0,0,0,1,14,5,45,0
1990,67,2,2,0,0,1,796,1,0,0
1990,66,1,2,0,0,0,453,3,0,0
1990,42,1,0,0,3,1,64,4,50,1
1990,37,2,0,0,0,1,274,3,40,0
1990,37,1,2,1,0,1,64,4,40,1
1990,56,2,2,0,0,1,156,5,40,0
1990,66,1,0,0,0,1,213,1,0,1
1990,57,2,0,0,0,1,385,3,40,0
1990,58,2,3,0,0,1,37,5,12,0
1990,69,1,0,0,0,1,47,0,40,0
1990,59,2,0,0,0,1,0,0,0,0
1990,27,1,1,0,0,1,547,2,25,0
1990,69,1,0,0,0,1,25,1,0,0
1990,69,2,0,0,0,0,0,0,0,0
1990,42,1,0,0,0,1,59,0,40,0
1990,35,2,0,0,0,0,274,3,32,0
1990,47,1,0,0,0,0,22,1,40,1
1990,47,2,0,0,0,1,33,1,0,0
1990,55,1,0,0,0,0,637,1,40,0
1990,52,2,0,0,0,0,0,0,0,0
1990,24,1,1,0,0,0,804,3,40,0
1990,38,1,2,0,1,1,159,6,25,0
1990,67,1,0,0,0,0,575,0,45,0
1990,63,2,0,0,0,0,0,0,0,0
1990,47,1,3,0,0,1,327,4,0,0
1990,28,1,0,0,0,1,22,4,30,0
1990,23,2,0,0,0,0,323,3,20,0
1990,36,1,0,0,0,1,56,1,45,0
1990,36,2,0,0,0,1,0,0,0,0
1990,45,1,2,0,0,0,808,2,50,0
1990,23,2,1,0,0,1,193,3,40,0
1990,51,1,0,0,0,1,753,1,48,0
1990,40,2,0,0,0,0,308,2,40,0
1990,21,2,1,0,0,0,319,2,40,0
1990,46,1,0,0,0,1,254,4,45,0
1990,40,2,0,0,0,1,259,3,60,0
1990,18,1,1,0,0,0,804,2,10,0
1990,19,2,1,0,0,1,313,4,14,0
1990,18,1,1,2,0,0,379,5,20,0
1990,25,2,1,0,0,1,166,4,50,0
1990,26,2,1,0,0,1,234,5,40,0
1990,57,1,0,0,0,1,253,4,45,0
1990,54,2,0,0,0,1,313,5,40,0
1990,69,2,1,0,0,1,183,5,0,0
1990,31,1,0,0,0,1,259,3,45,0
1990,32,2,0,0,0,1,22,4,45,0
1990,29,1,1,0,0,1,804,2,50,0
1990,39,1,0,0,0,1,263,3,40,0
1990,31,2,0,0,0,1,274,3,40,0
1990,27,1,0,0,0,0,585,0,60,0
1990,27,2,0,0,0,1,243,3,40,0
1990,22,1,1,0,0,1,434,3,40,0
1990,44,2,2,0,0,1,156,5,48,0
1990,29,1,0,0,0,1,178,5,60,1
1990,31,2,0,0,0,1,315,6,0,0
1990,59,1,0,0,1,0,25,4,0,0
1990,59,2,0,0,1,0,0,0,0,0
1990,27,1,1,0,0,0,804,2,50,0
1990,41,1,0,0,0,1,376,3,45,0
1990,39,2,0,0,0,1,467,5,10,0
1990,44,1,2,0,0,1,385,4,40,0
1990,52,1,0,0,0,0,856,1,40,0
1990,40,2,0,0,0,0,276,3,60,0
1990,27,1,0,0,0,1,33,1,50,0
1990,29,2,0,0,0,1,276,3,40,0
1990,75,2,2,0,0,0,447,4,48,0
1990,32,1,0,0,0,0,22,0,45,0
1990,30,2,0,0,0,0,365,3,40,0
1990,28,2,1,0,0,1,156,5,65,0
1990,51,1,0,0,0,1,259,3,50,1
1990,49,2,0,0,0,0,22,3,40,0
1990,46,1,0,0,0,1,628,2,50,0
1990,42,2,0,0,0,1,447,5,50,0
1990,40,1,0,0,0,1,417,6,80,1
1990,41,2,0,0,0,0,385,0,50,0
1990,36,1,0,0,0,1,13,5,40,0
1990,35,2,0,0,0,1,22,2,40,0
1990,80,1,3,0,0,0,0,0,0,0
1990,34,1,0,1,0,0,426,5,40,0
1990,26,2,0,1,0,0,447,5,25,0
1990,54,2,2,0,0,1,189,4,30,0
1990,33,2,2,0,0,0,337,3,47,0
1990,53,1,0,0,0,1,389,5,50,0
1990,43,2,0,0,0,1,379,5,40,0
1990,20,2,1,0,0,1,387,5,99,0
1990,46,1,0,0,0,0,558,0,40,0
1990,44,2,0,0,0,0,785,1,40,0
1990,26,1,2,0,0,0,579,0,45,0
1990,23,1,0,0,0,1,389,4,40,0
1990,19,2,0,0,0,1,313,3,30,0
1990,36,1,0,0,0,1,274,3,40,0
1990,22,2,0,0,0,1,447,5,45,0
1990,29,1,0,1,0,1,217,6,40,0
1990,32,2,0,1,0,0,155,5,0,0
1990,18,1,1,0,0,0,547,6,40,0
1990,28,1,0,0,0,1,417,6,72,0
1990,26,2,0,0,0,0,435,3,15,0
1990,31,1,0,0,0,0,486,0,40,0
1990,39,2,0,0,0,0,0,0,0,0
1990,35,1,0,0,0,0,617,0,50,0
1990,36,2,0,0,0,0,313,1,40,0
1990,28,1,0,0,0,1,17,3,55,0
1990,23,2,0,0,0,0,157,5,35,0
1990,59,1,0,0,0,0,505,4,40,0
1990,69,2,0,0,0,0,447,5,15,0
1990,68,2,0,0,0,0,0,0,0,0
1990,46,1,0,0,0,0,804,2,80,0
1990,40,2,0,0,0,1,473,0,12,0
1990,18,1,1,0,0,0,479,0,20,0
1990,69,1,0,0,0,0,505,3,0,0
1990,69,2,0,0,0,0,447,5,0,0
1990,19,2,1,0,0,1,319,5,20,0
1990,36,1,0,0,0,1,157,5,40,0
1990,36,2,0,0,0,1,467,5,14,0
1990,79,1,0,0,0,1,0,0,0,0
1990,76,2,0,0,0,1,154,5,14,0
1990,30,2,3,0,0,0,276,3,40,0
1990,60,1,0,0,1,0,779,1,39,0
1990,56,2,0,0,1,0,0,0,0,0
1990,21,2,1,0,1,0,0,0,0,0
1990,35,1,0,0,0,1,804,2,40,0
1990,35,2,0,0,0,0,313,3,44,0
1990,55,2,3,0,0,0,0,0,0,0
1990,46,2,3,0,0,0,407,4,30,0
1990,29,1,0,0,0,0,486,0,40,0
1990,51,2,0,3,3,1,0,0,0,0
1990,29,2,2,0,0,0,323,2,0,0
1990,46,2,2,2,0,0,0,0,0,0
1990,20,2,1,0,0,1,274,3,30,0
1990,21,2,1,0,0,1,439,3,20,0
1990,21,2,1,0,0,1,379,5,25,0
1990,27,2,0,0,0,0,383,4,38,0
1990,29,1,0,0,0,0,804,3,65,0
1990,75,2,3,0,0,0,0,0,0,0
1990,22,1,0,0,0,1,435,3,40,0
1990,19,2,0,0,0,0,264,3,32,0
1990,35,1,0,0,0,0,503,4,45,0
1990,36,2,0,0,0,1,185,3,40,0
1990,46,1,0,0,0,0,389,1,40,0
1990,27,2,0,0,0,0,0,0,0,0
1990,44,1,0,2,0,0,505,1,42,0
1990,45,2,0,2,0,0,0,0,0,0
1990,18,1,1,2,0,0,877,3,25,0
1990,68,1,0,0,0,1,337,2,40,0
1990,65,2,0,0,0,0,243,3,40,0
1990,20,1,1,2,0,1,163,5,12,0
1990,74,1,1,0,0,1,475,0,12,1
1990,50,1,0,0,0,0,628,1,48,0
1990,43,2,0,0,0,0,0,0,0,0
1990,37,1,0,0,0,0,354,2,40,0
1990,39,2,0,0,0,0,436,5,30,0
1990,36,2,1,0,0,0,203,5,20,0
1990,32,1,0,0,2,1,85,5,40,1
1990,29,2,0,0,0,1,0,0,0,0
1990,41,1,0,0,0,1,418,6,40,0
1990,41,2,0,0,0,1,276,6,40,0
1990,18,1,1,0,0,1,505,3,40,0
1990,59,2,3,1,0,1,447,5,40,0
1990,38,2,2,1,0,1,436,1,40,0
1990,18,1,1,1,2,0,453,5,20,0
1990,26,1,3,1,0,0,883,2,40,0
1990,33,1,0,0,0,1,157,5,66,0
1990,32,2,0,0,0,1,159,5,2,0
1990,32,1,0,0,1,0,473,0,40,0
1990,29,2,0,0,0,0,436,3,48,0
1990,45,1,0,0,0,0,804,2,44,0
1990,44,2,0,0,0,0,479,0,56,0
1990,66,1,2,0,0,1,877,3,0,0
1990,53,2,3,0,0,1,313,4,40,0
1990,63,1,0,0,0,1,0,0,0,0
1990,53,2,0,0,0,0,0,0,0,0
1990,33,1,0,2,1,0,479,0,94,0
1990,32,2,0,2,1,0,479,0,50,0
1990,49,1,3,2,0,0,479,0,40,0
1990,19,2,1,2,0,0,0,0,0,0
1990,21,1,0,2,0,0,366,2,40,0
1990,21,2,0,2,0,0,453,6,40,0
1990,49,2,2,0,0,0,22,3,38,0
1990,80,2,3,0,0,1,0,0,0,0
1990,45,1,0,0,1,0,885,3,40,0
1990,40,2,0,0,0,0,276,3,40,0
1990,25,2,1,0,1,0,0,0,0,0
1990,34,1,0,0,0,1,14,5,40,0
1990,34,2,0,0,0,1,156,5,40,0
1990,46,1,0,0,0,1,14,5,50,0
1990,43,2,0,0,0,1,163,5,50,0
1990,62,2,2,0,0,0,0,0,0,0
1990,22,1,0,2,0,0,208,5,40,0
1990,69,2,0,2,0,0,447,5,0,0
1990,29,1,3,0,0,0,579,4,40,0
1990,31,1,0,0,0,0,585,1,65,0
1990,26,2,0,0,0,0,436,3,45,0
1990,64,1,0,0,0,0,259,3,0,0
1990,61,2,0,0,0,0,0,0,0,0
1990,34,2,1,0,0,0,0,0,0,0
1990,24,1,0,0,0,1,577,2,40,0
1990,22,2,0,0,0,1,313,4,50,0
1990,37,2,2,2,0,0,368,1,40,0
1990,73,2,3,2,4,0,0,0,0,0
1990,73,1,0,0,0,0,0,0,0,0
1990,61,2,0,0,0,0,0,0,0,0
1990,76,2,3,0,0,0,0,0,0,0
1990,36,2,0,0,0,1,156,5,0,0
1990,27,1,0,0,0,1,5,6,40,0
1990,28,1,0,0,0,0,889,0,44,0
1990,26,2,0,0,0,1,337,2,0,0
1990,70,2,3,0,0,0,0,0,0,0
1990,46,2,3,0,0,0,0,0,0,0
1990,18,2,1,0,0,0,0,0,0,0
1990,47,1,0,0,0,1,526,3,40,0
1990,47,2,0,0,0,1,337,4,40,0
1990,25,1,1,0,0,0,599,0,50,0
1990,52,2,1,0,0,0,0,0,0,0
1990,42,2,3,0,0,0,0,0,0,0
1990,57,1,0,0,0,0,859,0,70,0
1990,53,2,0,0,0,0,313,0,40,0
1990,51,2,3,1,0,0,0,0,0,0
1990,26,1,1,1,0,0,453,5,0,0
1990,25,2,1,1,0,0,0,0,0,0
1990,31,1,1,1,0,0,614,0,40,0
1990,39,2,2,0,0,0,473,0,50,0
1990,32,1,0,0,0,1,473,0,55,0
1990,39,2,0,0,0,1,313,5,24,0
1990,48,1,0,0,0,1,796,6,40,0
1990,45,2,0,0,0,1,313,0,0,0
1990,40,1,0,0,0,1,189,4,60,0
1990,40,2,0,0,0,1,157,5,50,0
1990,79,1,3,0,0,0,0,0,0,0
1990,53,1,0,2,0,0,366,2,40,0
1990,54,2,0,2,0,0,436,5,21,0
1990,24,1,3,0,3,0,424,6,65,0
1990,43,1,0,2,0,0,0,0,0,0
1990,41,2,0,2,0,0,0,0,0,0
1990,35,1,0,2,0,0,517,0,40,0
1990,34,2,0,2,0,0,447,5,99,0
1990,37,1,0,0,0,0,79,0,50,0
1990,32,2,0,0,0,0,0,0,0,0
1990,79,2,3,0,0,0,405,4,25,0
1990,75,1,0,0,0,0,0,0,0,0
1990,73,2,0,0,0,0,0,0,0,0
1990,53,1,0,0,0,0,256,2,60,0
1990,52,2,0,0,0,1,95,5,40,0
1990,74,1,0,0,0,0,577,2,40,0
1990,73,2,0,0,0,0,0,0,0,0
1990,55,1,0,0,0,1,156,5,0,0
1990,52,2,0,0,0,1,156,5,50,0
1990,61,1,2,0,0,0,473,0,60,0
1990,40,2,3,2,0,0,0,0,0,0
1990,22,1,0,2,0,0,869,0,40,0
1990,33,1,1,2,0,0,869,0,40,0
1990,65,1,0,0,0,0,783,4,40,1
1990,63,2,0,0,0,0,0,0,0,0
1990,48,2,3,0,0,0,744,1,0,0
1990,21,1,1,0,0,1,453,5,0,0
1990,37,1,2,0,0,1,475,0,40,1
1990,45,1,2,0,0,0,436,3,30,0
1990,34,1,3,2,1,0,473,0,0,0
1990,30,1,3,2,1,0,473,0,0,0
1990,35,1,0,0,0,1,628,1,50,0
1990,33,2,0,0,0,1,385,5,50,0
1990,78,2,3,0,0,1,0,0,0,0
1990,34,1,0,0,0,0,505,4,70,0
1990,25,2,0,0,0,0,466,5,30,0
1990,58,1,0,0,0,0,0,0,0,0
1990,50,2,0,0,0,0,439,3,40,0
1990,33,1,2,0,0,1,723,1,40,0
1990,34,1,0,0,0,1,229,4,60,1
1990,33,2,0,0,0,1,243,3,40,0
1990,53,1,0,0,0,0,869,0,40,0
1990,51,2,0,0,0,0,264,3,30,0
1990,67,1,0,0,0,0,804,1,56,0
1990,64,2,0,0,0,0,0,0,0,0
1990,50,1,3,0,1,0,885,3,0,0
1990,46,1,3,0,1,0,479,0,0,0
1990,43,1,3,0,1,0,479,0,0,0
1990,50,1,3,0,1,0,479,0,0,0
1990,64,1,3,0,1,0,479,0,0,0
1990,37,1,3,0,1,0,486,4,0,0
1990,57,1,0,0,0,0,22,0,0,0
1990,58,2,0,0,0,1,337,3,35,0
1990,75,2,3,0,0,0,0,0,0,0
1990,80,2,1,0,0,1,0,0,0,0
1990,71,2,3,0,0,1,0,0,0,0
1990,32,1,3,0,0,1,804,3,0,0
1990,33,2,3,0,0,1,243,3,0,0
1990,35,1,0,0,0,0,505,4,40,0
1990,45,2,0,0,0,0,337,1,40,0
1990,23,2,1,0,0,0,785,1,40,0
1990,74,1,0,0,0,0,0,0,0,1
1990,77,2,0,0,0,1,0,0,0,0
1990,28,1,0,0,0,0,869,0,45,0
1990,29,2,0,0,0,1,274,3,20,0
1990,28,1,0,0,0,0,268,3,44,0
1990,30,2,0,0,0,0,313,4,0,0
1990,72,1,0,3,0,1,0,0,0,0
1990,65,2,0,0,2,0,319,5,40,0
1990,67,1,3,0,0,0,0,0,0,0
1990,46,1,0,0,0,1,355,2,40,0
1990,45,2,0,0,0,1,243,3,40,0
1990,41,2,3,0,0,0,683,1,0,0
1990,76,1,0,0,0,1,0,0,0,0
1990,64,2,0,0,0,1,0,0,0,0
1990,57,1,2,0,0,1,22,0,40,0
1990,63,1,2,0,0,0,473,0,40,0
1990,79,2,3,0,0,0,0,0,0,0
1990,35,1,0,0,0,1,73,0,60,0
1990,30,2,0,0,0,0,337,4,40,0
1990,64,2,3,0,0,0,243,4,0,0
1990,74,1,3,0,0,0,0,0,0,0
1990,61,2,3,0,0,0,447,5,0,0
1990,56,1,0,0,0,0,516,0,40,0
1990,62,2,0,0,0,0,0,0,0,0
1990,66,2,3,0,0,0,436,5,20,0
1990,36,1,0,0,0,1,505,4,50,0
1990,43,2,0,0,0,0,475,0,40,0
1990,63,1,3,0,0,0,0,0,0,0
1990,65,1,0,0,0,0,479,0,40,0
1990,61,2,0,0,0,0,0,0,0,0
1990,35,1,0,0,0,0,855,0,40,0
1990,31,2,0,0,0,0,344,4,40,0
1990,42,2,2,0,0,1,338,2,40,0
1990,29,1,0,0,0,0,585,0,45,0
1990,24,2,0,0,0,0,337,4,40,0
1990,52,1,0,0,0,0,567,0,70,0
1990,57,2,0,0,0,1,17,4,0,0
1990,80,2,3,0,0,0,0,0,0,0
1990,76,1,0,0,0,0,0,0,0,0
1990,71,2,0,0,0,0,0,0,0,0
1990,71,2,3,0,0,1,0,0,0,0
1990,38,1,0,0,0,0,199,5,40,0
1990,38,2,0,0,0,0,875,2,7,0
1990,60,1,0,0,0,0,479,0,10,0
1990,63,2,0,0,0,0,276,3,30,0
1990,38,1,1,0,0,1,473,0,99,0
1990,21,2,1,0,0,0,435,3,40,0
1990,43,1,0,0,0,0,709,1,40,0
1990,38,2,0,0,0,0,436,3,24,0
1990,18,2,1,0,0,0,436,3,12,0
1990,67,1,0,0,0,0,614,0,0,0
1990,67,2,0,0,0,0,0,0,0,0
1990,58,1,0,0,0,1,637,1,40,0
1990,55,2,0,0,0,0,304,4,40,0
1990,68,1,3,2,0,0,733,1,0,0
1990,37,1,0,2,1,0,599,0,24,0
1990,25,2,0,2,0,0,446,5,21,0
1990,77,1,0,0,0,0,0,0,0,0
1990,71,2,0,0,0,0,0,0,0,0
1990,75,2,3,0,0,0,0,0,0,0
1990,36,1,0,0,0,1,159,5,60,0
1990,33,2,0,0,0,1,156,5,40,0
1990,72,1,0,0,0,0,0,0,0,0
1990,65,2,0,0,0,0,0,0,0,0
1990,70,1,0,0,0,0,783,0,70,0
1990,69,2,0,0,0,0,0,0,0,0
1990,56,1,0,2,0,0,804,2,40,0
1990,34,2,0,2,0,0,0,0,0,0
1990,26,2,1,2,0,0,268,3,40,0
1990,20,1,1,0,0,0,889,3,30,0
1990,18,1,1,0,0,0,365,3,40,0
1990,57,1,0,0,0,0,804,2,40,0
1990,55,2,0,0,0,0,885,3,40,0
1990,34,2,0,0,0,1,363,1,40,0
1990,34,1,0,0,0,1,229,1,20,0
1990,34,1,0,0,0,0,804,2,40,0
1990,29,2,0,0,0,0,435,3,30,0
1990,46,1,0,1,0,0,259,3,40,0
1990,41,2,0,1,0,1,447,5,50,0
1990,44,1,0,0,0,1,176,5,50,0
1990,37,2,0,0,0,1,337,3,0,0
1990,54,1,0,0,1,0,217,0,60,0
1990,52,2,0,0,0,0,436,5,0,0
1990,34,1,0,0,0,1,89,5,0,0
1990,32,2,0,0,0,1,313,5,40,0
1990,29,1,0,0,0,1,453,4,25,0
1990,23,2,0,0,0,0,435,3,20,0
1990,46,2,3,0,0,0,444,3,0,0
1990,22,1,2,0,0,0,889,3,0,0
1990,30,2,3,0,0,0,373,3,0,0
1990,40,2,0,0,0,0,447,4,40,0
1990,48,1,0,0,0,0,804,2,70,0
1990,63,1,0,0,0,0,804,3,0,0
1990,58,2,0,0,0,0,0,0,0,0
1990,25,1,1,0,0,0,0,0,0,0
1990,34,1,0,0,0,1,883,2,25,0
1990,32,2,0,0,0,0,0,0,0,0
1990,77,2,3,2,1,0,0,0,0,0
1990,47,1,0,0,1,0,617,0,99,0
1990,44,2,0,0,1,0,785,1,99,0
1990,59,2,2,0,0,1,306,2,84,0
1990,80,2,2,0,0,0,0,0,0,0
1990,20,1,0,0,1,0,17,3,40,0
1990,19,2,0,0,0,0,436,3,35,0
1990,65,1,0,0,0,1,266,3,40,0
1990,64,2,0,0,0,0,747,4,40,0
1990,40,1,3,0,0,1,263,3,50,0
1990,65,2,3,2,0,0,0,0,0,0
1990,44,1,0,2,0,0,516,0,50,0
1990,41,2,0,2,1,0,0,0,0,0
1990,18,2,1,2,0,0,274,3,20,0
1990,23,1,1,0,0,1,243,3,65,0
1990,38,1,0,1,0,0,859,2,80,0
1990,28,2,0,1,0,0,0,0,0,0
1990,77,2,3,0,0,1,187,5,36,1
1990,39,2,2,0,0,1,159,6,40,0
1990,53,1,0,0,0,0,0,0,0,0
1990,49,2,0,0,0,0,365,1,40,0
1990,75,2,3,0,0,0,0,0,0,0
1990,47,2,2,2,1,0,796,1,40,0
1990,32,1,3,0,0,0,357,1,2,0
1990,31,1,1,0,0,1,628,1,44,0
1990,32,1,2,0,0,1,22,5,40,0
1990,29,1,1,0,0,1,259,3,60,1
1990,31,1,1,0,0,1,22,1,75,0
1990,37,2,2,0,0,0,435,3,60,0
1990,40,1,0,2,1,0,453,5,40,0
1990,36,2,0,2,1,1,449,5,40,0
1990,41,1,0,0,0,1,75,0,55,0
1990,36,2,0,0,0,0,487,0,40,0
1990,52,1,0,0,0,0,453,4,50,0
1990,52,2,0,0,0,0,0,0,0,0
1990,59,1,0,0,0,1,6,6,40,0
1990,56,2,0,0,0,1,0,0,0,0
1990,41,2,2,1,0,1,156,5,40,0
1990,37,1,0,0,0,1,579,0,44,0
1990,34,2,0,0,0,1,337,3,40,0
1990,59,1,0,0,0,1,243,3,48,0
1990,56,2,0,0,0,1,159,5,20,0
1990,39,2,2,0,0,1,337,5,40,0
1990,58,1,0,0,0,1,22,4,45,0
1990,53,2,0,0,0,0,313,5,40,0
1990,29,1,0,0,0,1,213,0,55,0
1990,29,2,0,2,0,0,276,3,35,0
1990,45,1,0,2,0,1,64,0,40,1
1990,45,2,0,2,0,0,0,0,0,0
1990,19,2,1,2,0,0,276,4,20,0
1990,25,1,0,0,0,1,243,3,70,0
1990,24,2,0,0,0,1,313,3,40,0
1990,27,2,2,0,0,0,335,3,37,0
1990,42,1,2,0,1,0,364,3,40,0
1990,65,1,0,0,0,1,356,0,25,0
1990,62,2,0,0,0,0,356,0,25,0
1990,61,1,0,0,0,1,75,5,0,0
1990,60,2,0,0,0,1,337,4,15,0
1990,66,1,2,0,0,1,22,0,40,1
1990,34,1,0,0,0,1,18,0,50,1
1990,31,2,0,0,0,1,0,0,0,0
1990,68,2,3,0,0,0,354,2,0,0
1990,38,1,0,0,0,0,29,3,40,0
1990,35,2,0,0,0,1,0,0,0,0
1990,20,1,1,0,0,1,263,3,40,0
1990,48,1,0,3,0,1,96,6,40,0
1990,48,2,0,0,0,0,468,5,20,0
1990,30,2,2,0,0,1,447,5,8,0
1990,26,1,0,2,0,0,804,2,9,0
1990,33,2,0,2,0,0,313,4,24,0
1990,21,1,0,0,0,0,885,3,30,0
1990,18,2,0,2,0,0,0,0,0,0
1990,40,1,0,2,0,0,613,0,60,0
1990,37,2,0,2,0,0,243,3,40,0
1990,19,2,1,2,0,0,323,4,0,0
1990,60,1,0,0,0,0,558,0,40,0
1990,62,2,0,0,1,0,0,0,0,0
1990,59,2,3,0,1,0,436,3,26,0
1990,51,1,0,0,0,1,5,6,50,1
1990,44,2,0,0,0,0,265,3,40,0
1990,18,2,1,0,0,1,0,0,0,0
1990,49,1,0,0,0,1,418,6,40,0
1990,31,2,0,0,0,1,418,6,40,0
1990,34,2,2,0,0,0,0,0,0,0
1990,50,2,2,0,0,1,313,1,6,0
1990,35,1,0,0,0,1,475,0,80,0
1990,32,2,0,0,2,1,22,4,50,0
1990,57,2,3,0,0,0,468,5,80,0
1990,42,1,2,0,0,1,17,3,48,1
1990,45,1,0,0,0,1,558,0,40,0
1990,38,2,0,0,0,0,467,5,30,0
1990,19,1,1,0,0,0,453,3,40,0
1990,20,1,1,0,0,0,877,3,0,0
1990,70,1,0,0,0,0,0,0,0,0
1990,64,2,0,0,0,0,0,0,0,0
1990,43,1,2,0,0,0,0,0,0,0
1990,38,1,0,2,0,0,567,0,45,0
1990,29,2,0,2,0,0,0,0,0,0
1990,38,1,0,0,1,1,95,5,40,0
1990,33,2,0,0,1,0,449,4,30,0
1990,56,1,2,1,0,0,486,0,32,0
1990,61,2,2,0,0,0,379,5,42,0
1990,61,2,3,0,0,0,0,0,0,0
1990,59,1,0,0,0,0,453,5,40,0
1990,65,2,0,0,0,0,0,0,0,0
1990,78,1,0,0,0,0,0,0,0,0
1990,69,2,0,0,0,0,0,0,0,0
1990,36,2,2,0,1,0,0,0,0,0
1990,69,1,3,2,0,0,0,0,0,0
1990,35,1,0,0,0,1,22,2,60,1
1990,35,2,0,0,0,1,313,2,0,0
1990,51,1,0,0,0,1,7,4,50,0
1990,52,2,0,0,0,1,55,2,0,0
1990,21,1,1,0,0,1,383,4,30,0
1990,75,1,0,0,0,1,176,5,15,0
1990,75,2,0,0,0,1,95,5,0,0
1990,19,2,1,0,0,1,276,3,40,0
1990,18,2,1,0,0,1,427,5,32,0
1990,40,1,0,0,0,1,263,3,45,0
1990,39,2,0,0,0,1,7,4,45,0
1990,64,1,0,0,0,0,307,3,0,0
1990,65,2,0,0,0,0,373,3,0,0
1990,72,2,3,0,0,0,313,4,40,0
1990,29,1,2,0,0,1,159,6,35,0
1990,25,1,0,1,0,1,426,6,45,0
1990,24,2,0,1,0,1,276,3,30,0
1990,21,2,3,0,0,0,905,6,40,0
1990,23,2,1,0,0,1,804,3,30,0
1990,54,1,0,0,0,1,567,0,40,1
1990,54,2,0,0,0,0,444,5,6,0
1990,54,1,0,0,0,0,473,0,60,0
1990,52,2,0,0,0,0,274,3,8,0
1990,28,1,0,0,0,1,516,4,65,0
1990,25,2,0,0,0,0,449,4,0,0
1990,41,2,2,0,0,0,447,5,26,0
1990,18,1,1,0,0,0,453,5,30,0
1990,65,2,3,0,0,0,0,0,0,1
1990,67,2,0,0,0,0,0,0,0,0
1990,64,1,0,2,0,0,473,0,20,0
1990,63,2,0,2,0,0,17,3,60,1
1990,52,1,0,0,0,0,855,6,45,0
1990,50,2,0,0,0,0,17,3,48,0
1990,70,1,0,0,0,1,0,0,0,0
1990,68,2,0,0,0,0,0,0,0,0
1990,40,2,3,0,0,1,95,5,40,0
1990,20,1,1,0,0,0,567,0,50,0
1990,18,1,1,0,0,0,436,3,0,0
1990,41,2,2,0,0,0,449,4,8,0
1990,20,1,3,0,0,0,436,3,40,0
1990,68,2,3,0,0,0,0,0,0,0
1990,55,2,2,0,0,1,208,5,0,0
1990,40,1,0,0,0,1,808,5,50,0
1990,38,2,0,0,0,1,156,5,40,0
1990,27,1,0,0,0,1,479,0,60,0
1990,27,2,0,0,0,1,0,0,0,0
1990,72,1,0,0,0,1,176,5,70,0
1990,77,2,0,0,0,1,313,5,0,0
1990,61,1,2,0,0,0,0,0,0,0
1990,26,1,0,0,0,0,855,0,40,0
1990,32,2,0,0,0,0,447,5,25,0
1990,30,2,1,0,0,0,443,3,40,0
1990,26,2,1,0,0,0,466,5,40,0
1990,38,1,2,0,0,1,473,0,60,0
1990,40,1,3,2,4,0,479,0,40,0
1990,58,1,0,2,0,0,877,1,42,0
1990,62,2,0,2,0,0,0,0,0,0
1990,38,1,0,0,0,1,503,2,40,0
1990,36,2,0,0,0,0,313,4,40,0
1990,30,1,0,0,0,0,686,3,60,0
1990,24,2,0,0,0,0,877,3,22,0
1990,74,1,0,0,0,0,22,5,70,0
1990,70,2,0,0,0,0,22,2,0,0
1990,37,1,0,2,0,0,589,3,40,0
1990,30,2,0,2,1,0,276,3,40,0
1990,23,1,0,0,2,0,436,3,40,0
1990,74,1,0,0,0,1,33,2,0,0
1990,62,2,0,0,0,0,303,4,0,0
1990,64,1,1,0,0,0,453,4,0,0
1990,26,1,0,0,0,0,518,3,55,0
1990,22,2,0,0,0,1,207,5,32,0
1990,26,2,3,0,0,0,887,3,12,0
1990,54,1,0,0,0,0,859,0,40,0
1990,48,2,0,0,0,0,274,3,40,0
1990,18,1,0,0,0,0,507,0,35,0
1990,21,2,0,0,0,0,159,5,4,0
1990,36,1,0,0,0,0,577,2,40,0
1990,35,2,0,0,1,1,473,0,40,0
1990,38,1,0,2,1,0,653,0,40,0
1990,31,2,0,2,1,0,0,0,0,0
1990,32,1,2,0,0,0,614,0,40,0
1990,41,1,0,2,0,0,804,2,40,0
1990,36,2,0,2,0,0,276,3,0,0
1990,26,1,0,0,0,0,274,3,40,0
1990,23,2,0,0,0,0,276,3,0,0
1990,57,2,3,0,0,1,156,5,40,0
1990,47,2,3,2,1,0,0,0,0,0
1990,51,1,0,0,0,1,507,2,55,0
1990,46,2,0,0,0,1,386,4,55,0
1990,46,1,0,0,1,0,869,0,60,0
1990,42,2,0,0,1,0,449,4,30,0
1990,52,1,0,0,0,0,453,5,40,0
1990,44,2,0,0,0,0,468,5,37,0
1990,40,1,0,0,0,1,804,2,41,0
1990,37,2,0,0,0,0,313,3,40,0
1990,50,1,0,0,0,1,243,3,40,0
1990,50,2,0,0,0,1,313,3,0,0
1990,53,1,0,0,0,0,18,4,60,0
1990,36,2,0,0,2,0,156,5,0,0
1990,36,2,3,0,0,1,159,6,40,0
1990,42,2,2,0,0,1,154,5,40,0
1990,63,2,2,0,0,1,156,5,0,0
1990,29,1,1,0,0,1,23,6,40,0
1990,46,1,0,0,0,0,22,2,80,0
1990,43,2,0,0,0,0,0,0,0,0
1990,23,2,1,0,0,0,433,3,40,0
1990,22,1,1,0,0,0,595,0,92,0
1990,20,1,0,0,0,0,804,0,84,0
1990,19,2,0,0,0,0,438,3,0,0
1990,30,1,0,0,0,0,479,0,40,0
1990,28,2,0,0,0,0,354,2,4,0
1990,23,1,1,0,0,0,558,0,40,0
1990,25,1,1,2,0,0,567,0,40,0
1990,20,2,1,2,0,0,468,4,0,0
1990,62,1,0,0,0,0,0,0,0,0
1990,55,2,0,0,0,0,5,6,40,0
1990,33,1,1,0,0,1,263,3,40,0
1990,27,2,0,0,0,1,23,1,45,0
1990,30,1,0,0,0,0,783,4,50,0
1990,72,2,3,1,0,0,0,0,0,0
1990,67,1,3,0,0,0,8,0,40,1
1990,59,2,3,0,0,0,264,3,40,0
1990,77,1,0,0,0,1,0,0,0,0
1990,64,2,0,0,0,1,118,5,0,0
1990,60,1,0,0,0,0,0,0,0,0
1990,64,2,0,0,0,1,909,6,0,0
1990,63,1,0,0,0,0,355,2,40,0
1990,62,2,0,0,1,1,888,3,40,0
1990,60,2,2,0,0,1,315,3,40,1
1990,58,1,2,0,0,0,0,0,0,0
1990,39,2,2,0,0,1,194,3,20,0
1990,57,2,3,0,1,1,95,5,0,0
1990,30,2,2,0,0,1,156,5,40,0
1990,25,1,0,0,1,1,453,4,40,0
1990,20,2,0,0,0,1,385,3,40,0
1990,28,1,0,0,0,1,255,4,45,0
1990,28,2,0,0,0,1,197,4,35,0
1990,21,1,1,0,0,1,22,1,30,0
1990,22,1,1,0,0,0,365,2,40,0
1990,37,1,0,0,0,1,13,2,40,1
1990,30,2,0,0,0,0,458,4,45,0
1990,46,1,1,0,0,1,243,3,55,0
1990,66,1,0,0,0,0,22,4,45,1
1990,60,2,0,0,0,1,0,0,0,0
1990,42,1,0,3,3,1,889,0,40,0
1990,37,2,0,3,3,0,0,0,0,0
1990,54,1,2,0,0,1,628,2,42,1
1990,58,2,2,3,3,0,25,1,43,0
1990,60,2,1,2,0,0,379,4,36,0
1990,60,2,1,2,0,0,909,6,0,0
1990,46,1,0,2,1,0,747,1,40,0
1990,44,2,0,2,1,0,444,5,40,0
1990,58,1,0,0,1,0,669,3,40,0
1990,45,2,0,0,1,0,745,1,40,0
1990,79,2,3,0,0,1,0,0,0,0
1990,57,2,3,2,0,0,796,1,40,0
1990,19,2,1,2,0,0,276,3,0,0
1990,33,1,1,2,0,0,585,0,20,0
1990,70,1,0,0,0,0,0,0,0,0
1990,65,2,0,0,0,0,0,0,0,0
1990,32,1,1,0,0,0,434,3,40,0
1990,70,1,0,2,0,0,373,3,20,0
1990,68,2,0,2,1,0,0,0,0,0
1990,22,1,1,2,0,1,264,3,30,0
1990,33,1,1,2,1,0,259,3,0,0
1990,35,1,2,2,1,0,529,2,48,0
1990,59,2,3,2,0,0,628,1,40,0
1990,35,1,1,2,0,0,783,0,40,0
1990,65,1,0,0,0,1,0,0,0,0
1990,64,2,0,0,0,1,0,0,0,0
1990,23,2,3,0,0,1,313,5,40,0
1990,51,1,0,0,0,0,29,3,60,0
1990,52,2,0,0,0,0,0,0,0,0
1990,27,1,1,0,0,0,318,2,80,0
1990,44,1,0,0,0,0,453,1,40,0
1990,45,2,0,0,1,0,754,1,40,0
1990,18,1,3,0,1,0,0,0,0,0
1990,62,1,0,0,0,1,185,4,44,0
1990,49,2,0,0,0,0,796,1,40,0
1990,73,2,1,0,0,0,379,5,32,0
1990,78,2,3,0,1,0,0,0,0,0
1990,43,1,0,0,1,0,686,1,40,0
1990,31,2,0,0,1,0,0,0,0,0
1990,45,2,0,2,0,0,436,3,40,0
1990,19,2,1,2,0,0,208,5,40,0
1990,40,1,1,2,0,0,0,0,0,0
1990,60,1,0,0,0,1,549,4,40,0
1990,59,2,0,0,0,1,313,5,30,0
1990,74,1,2,0,0,0,883,1,10,0
1990,37,1,3,1,0,0,486,0,40,0
1990,23,1,1,1,0,0,276,3,0,0
1990,28,2,3,0,1,0,744,1,40,0
1990,31,1,0,2,0,1,26,4,50,0
1990,28,2,0,2,1,0,458,4,36,0
1990,50,2,3,0,1,0,744,1,40,0
1990,24,1,0,0,0,0,804,1,30,0
1990,23,1,3,0,0,0,0,0,0,0
1990,26,2,0,0,0,1,313,5,40,0
1990,42,2,2,0,0,0,319,5,50,0
1990,38,1,0,0,0,0,304,5,40,0
1990,34,2,0,0,1,0,653,1,40,0
1990,18,2,1,0,1,0,0,0,0,0
1990,22,2,1,0,0,0,0,0,0,0
1990,42,1,0,2,1,0,229,4,40,0
1990,42,2,0,0,0,0,29,3,0,0
1990,20,2,1,0,0,1,0,0,0,0
1990,31,1,2,0,1,0,22,2,40,0
1990,55,1,0,0,0,0,804,1,70,0
1990,43,2,0,0,1,0,444,3,20,0
1990,61,1,0,0,0,0,0,0,0,0
1990,43,2,0,0,0,0,0,0,0,0
1990,34,1,0,0,1,0,909,6,0,0
1990,32,2,0,0,1,0,683,1,40,0
1990,58,1,0,0,1,0,567,1,40,0
1990,53,2,0,0,1,0,744,1,40,0
1990,26,2,1,0,0,1,185,3,40,0
1990,25,1,2,0,0,1,64,6,40,0
1990,59,1,0,0,0,0,453,5,40,0
1990,60,2,0,0,0,0,0,0,0,0
1990,22,1,1,0,0,1,804,3,25,0
1990,66,1,0,0,1,0,869,0,0,0
1990,65,2,0,0,1,0,0,0,0,0
1990,71,1,3,1,0,1,0,0,0,0
1990,66,1,0,0,1,0,0,0,0,0
1990,67,2,0,0,1,0,0,0,0,0
1990,36,2,2,0,0,0,435,3,25,0
1990,76,1,0,2,1,0,0,0,0,0
1990,75,2,0,2,1,0,0,0,0,0
1990,29,1,0,2,1,0,453,1,40,0
1990,28,2,0,2,0,0,0,0,0,0
1990,57,2,2,0,0,0,337,3,40,0
1990,63,2,2,0,0,0,319,1,0,0
1990,27,1,2,0,0,0,345,4,46,0
1990,28,2,2,0,0,1,337,4,40,0
1990,50,1,0,1,0,1,213,6,50,1
1990,48,2,0,1,0,1,313,5,40,0
1990,37,1,0,0,0,1,217,0,40,0
1990,33,2,0,0,0,1,7,4,40,0
1990,43,1,2,0,0,0,453,4,40,0
1990,41,2,2,0,0,1,308,5,40,0
1990,42,1,0,1,0,1,453,5,40,0
1990,39,2,0,1,0,1,383,4,40,0
1990,19,1,0,0,0,0,877,3,32,0
1990,19,2,0,0,0,0,438,3,0,0
1990,19,2,0,0,0,0,379,3,20,0
1990,22,1,0,0,0,0,904,6,40,0
1990,42,1,0,0,0,1,904,6,40,0
1990,40,2,0,0,0,0,0,0,0,0
1990,25,1,0,2,0,1,593,0,40,0
1990,21,2,0,2,0,0,373,3,40,0
1990,35,1,0,1,0,1,0,0,0,0
1990,35,2,0,0,2,0,433,3,40,0
1990,18,2,1,0,2,0,436,3,30,0
1990,37,1,0,0,0,0,575,2,40,0
1990,32,2,0,0,0,0,0,0,0,0
1990,40,1,0,0,1,1,514,3,40,0
1990,55,2,0,0,0,0,0,0,0,0
1990,52,1,0,0,0,0,17,3,50,0
1990,50,2,0,0,0,0,0,0,0,0
1990,25,1,1,0,0,0,426,5,40,0
1990,37,1,0,1,0,1,203,5,55,0
1990,42,2,0,1,0,1,904,6,46,0
1990,48,1,2,1,0,0,0,0,0,0
1990,49,1,0,0,0,1,156,5,50,0
1990,51,2,0,0,0,0,337,0,40,0
1990,24,1,1,0,0,1,217,3,19,0
1990,21,1,1,0,0,1,276,3,12,0
1990,20,2,3,0,1,0,468,5,30,0
1990,20,1,1,1,0,1,904,6,40,0
1990,38,1,0,0,0,1,903,6,60,0
1990,30,2,0,0,0,1,769,3,0,0
1990,42,2,2,0,1,0,458,4,40,0
1990,22,2,1,0,0,1,0,0,0,0
1990,41,1,0,2,4,1,461,5,0,0
1990,32,1,0,0,1,0,563,0,40,0
1990,26,2,0,0,1,0,0,0,0,0
1990,26,1,3,0,1,0,0,0,0,0
1990,49,2,2,2,0,1,156,5,40,0
1990,43,1,2,2,0,1,156,5,40,0
1990,53,1,0,0,0,1,36,6,40,0
1990,52,2,0,0,0,0,379,5,0,0
1990,21,1,1,0,0,1,154,5,25,0
1990,19,1,1,0,0,1,22,5,15,0
1990,28,1,0,0,1,1,95,5,40,0
1990,26,2,0,0,0,1,0,0,0,0
1990,27,1,0,0,0,0,844,6,40,0
1990,25,2,0,0,0,0,466,5,20,0
1990,39,1,0,0,0,1,523,2,40,0
1990,39,2,0,0,0,1,0,0,0,0
1990,30,1,1,0,0,0,878,1,40,0
1990,32,2,2,0,1,0,877,3,28,0
1990,24,1,0,3,0,1,229,1,40,0
1990,21,2,0,2,0,1,23,4,40,0
1990,23,2,2,2,0,0,787,1,40,0
1990,58,2,3,2,0,0,0,0,0,0
1990,41,1,0,0,0,1,243,3,40,1
1990,39,2,0,0,0,0,387,5,30,0
1990,36,1,2,0,0,1,525,3,40,0
1990,71,1,0,0,0,1,0,0,0,0
1990,60,2,0,0,0,1,0,0,0,0
1990,19,1,1,0,0,1,0,0,0,0
1990,38,2,1,0,1,0,744,1,40,0
1990,36,2,2,0,0,0,0,0,0,0
1990,18,1,1,0,0,0,869,0,40,0
1990,43,2,2,0,1,0,769,1,40,0
1990,21,1,1,0,0,0,769,1,40,0
1990,44,2,3,0,0,1,5,6,40,0
1990,28,2,3,0,0,0,0,0,0,0
1990,37,1,2,0,0,0,585,0,40,0
1990,70,2,3,2,0,0,0,0,0,0
1990,41,1,0,0,1,1,455,4,50,0
1990,34,2,0,0,0,0,909,6,0,0
1990,24,1,0,0,0,1,243,3,35,0
1990,24,2,0,0,0,1,276,3,25,0
1990,78,1,0,0,0,0,0,0,0,0
1990,62,2,0,0,1,0,0,0,0,0
1990,24,2,1,0,1,0,796,1,40,0
1990,22,1,1,0,1,0,274,3,20,0
1990,37,1,3,2,1,1,365,6,40,0
1990,22,2,1,2,0,0,877,3,20,0
1990,49,1,0,0,1,0,567,4,40,0
1990,45,2,0,0,1,0,0,0,0,0
1990,19,2,1,0,1,0,389,4,30,0
1990,69,1,0,0,0,0,853,0,40,0
1990,59,2,0,0,1,0,0,0,0,0
1990,19,1,1,0,0,0,0,0,0,0
1990,45,2,2,2,1,0,909,6,0,0
1990,45,1,0,0,0,0,686,3,40,0
1990,48,2,0,0,0,0,436,5,35,0
1990,56,1,0,0,0,1,22,6,40,0
1990,55,2,0,0,1,0,0,0,0,0
1990,26,1,1,0,0,1,804,1,0,0
1990,18,1,1,0,0,0,804,3,0,0
1990,35,1,0,0,1,1,505,4,80,0
1990,33,2,0,0,0,1,253,4,40,0
1990,56,1,0,0,0,1,18,4,20,1
1990,39,2,0,0,0,1,254,4,50,1
1990,38,1,2,2,0,1,856,6,40,0
1990,42,2,3,0,0,1,156,5,40,0
1990,47,1,0,0,2,1,153,6,41,0
1990,41,2,0,0,2,1,0,0,0,0
1990,37,2,3,2,1,0,0,0,0,0
1990,76,1,3,0,0,1,176,5,9,1
1990,38,1,3,0,0,1,84,6,45,1
1990,31,2,2,1,0,1,174,5,40,0
1990,46,1,2,2,0,1,909,6,0,0
1990,37,1,0,0,0,1,22,1,55,1
1990,31,2,0,0,0,1,254,4,30,0
1990,23,1,1,0,1,1,0,0,0,0
1990,21,1,1,0,1,1,0,0,0,0
1990,38,1,0,0,1,1,8,3,48,0
1990,32,2,0,0,0,1,203,5,40,0
1990,25,1,3,0,0,0,804,2,40,0
1990,37,1,0,0,0,1,27,6,90,0
1990,39,2,0,0,0,1,0,0,0,0
1990,36,1,0,2,0,1,156,5,55,0
1990,35,2,0,2,0,1,159,5,0,0
1990,34,1,2,0,0,0,723,1,0,0
1990,34,1,0,0,0,1,759,4,77,0
1990,33,2,0,0,0,1,18,0,0,0
1990,45,1,0,0,0,0,22,5,54,0
1990,37,2,0,0,0,1,308,5,45,0
1990,18,1,1,0,0,0,856,5,16,0
1990,57,1,0,2,0,0,436,5,0,0
1990,47,2,0,2,1,0,0,0,0,0
1990,50,1,0,0,0,1,22,4,0,1
1990,26,2,0,0,0,1,368,2,0,1
1990,44,1,0,2,1,0,783,4,40,0
1990,43,2,0,2,1,0,779,1,0,0
1990,18,2,1,2,1,0,444,3,23,0
1990,27,2,2,2,0,0,0,0,0,0
1990,29,1,0,0,1,0,22,0,40,0
1990,26,2,0,0,0,0,337,5,40,0
1990,53,2,3,0,1,0,0,0,0,0
1990,22,2,2,0,1,0,276,3,40,0
1990,45,2,2,0,1,0,453,4,40,0
1990,20,1,1,0,0,0,0,0,0,0
1990,18,1,1,0,0,0,0,0,0,0
1990,49,2,3,0,1,0,796,1,36,0
1990,24,1,1,0,1,0,0,0,0,0
1990,22,1,1,0,1,1,0,0,0,0
1990,50,1,3,0,4,0,554,0,40,0
1990,62,2,3,0,1,0,0,0,0,0
1990,33,1,0,0,0,0,505,4,8,0
1990,29,2,0,2,0,1,447,5,32,0
1990,35,2,2,0,0,0,0,0,0,0
1990,50,1,0,0,4,1,558,0,42,0
1990,44,2,0,0,0,0,458,4,14,0
1990,26,2,1,0,0,1,99,5,40,0
1990,28,1,0,2,0,1,243,3,60,0
1990,25,2,0,2,0,1,389,5,0,0
1990,49,2,2,0,0,1,458,4,49,0
1990,25,1,1,0,0,0,435,3,30,0
1990,25,1,0,0,0,1,903,6,60,0
1990,27,2,0,0,0,0,0,0,0,0
1990,18,1,1,0,0,0,904,6,55,0
1990,21,1,1,0,2,0,904,6,40,0
1990,20,1,1,0,0,1,904,6,40,0
1990,28,1,0,1,0,1,549,6,40,0
1990,28,2,0,1,0,1,447,5,40,0
1990,59,1,2,0,0,0,779,3,40,0
1990,36,1,0,0,1,0,509,4,30,0
1990,36,2,0,0,1,0,0,0,0,0
1990,19,1,1,0,0,1,877,3,99,0
1990,37,1,0,0,0,1,156,5,35,0
1990,37,2,0,0,0,1,156,5,35,0
1990,38,2,0,2,1,0,888,1,35,0
1990,37,1,0,2,1,0,479,0,40,0
1990,39,1,0,0,1,0,579,0,50,0
1990,33,2,0,0,1,0,449,5,0,0
1990,39,2,3,0,1,0,744,1,32,0
1990,18,1,1,0,0,0,877,1,70,0
1990,67,1,0,2,1,0,0,0,0,0
1990,61,2,0,2,1,0,0,0,0,0
1990,42,2,2,2,1,0,744,1,30,0
1990,21,2,1,2,1,0,744,1,40,0
1990,27,2,1,2,1,0,276,3,0,0
1990,25,1,1,2,1,0,0,0,0,0
1990,20,2,1,2,0,0,383,4,29,0
1990,70,1,0,0,1,0,223,0,0,0
1990,54,2,0,0,0,0,0,0,0,0
1990,19,1,1,0,0,0,0,0,0,0
1990,70,2,2,0,0,1,337,0,0,0
1990,67,2,3,0,0,1,0,0,0,0
1990,45,1,0,0,0,0,29,3,30,0
1990,42,2,0,3,3,0,435,3,40,0
1990,49,1,0,0,0,0,243,3,48,0
1990,47,2,0,0,0,1,15,5,40,0
1990,57,2,2,0,0,0,0,0,0,0
1990,34,1,0,2,0,0,869,0,40,0
1990,40,2,0,2,1,0,0,0,0,0
1990,20,2,1,2,0,0,0,0,0,0
1990,60,1,2,0,0,0,0,0,0,0
1990,22,2,1,0,0,1,276,3,40,0
1990,77,2,3,0,0,0,0,0,0,0
1990,54,2,2,2,0,0,453,6,0,0
1990,36,1,1,1,0,0,486,6,20,0
1990,55,1,0,0,0,1,156,5,50,0
1990,54,2,0,0,0,0,379,6,40,0
1990,20,2,1,0,0,1,276,3,25,0
1990,48,2,2,0,1,0,785,1,40,0
1990,27,2,2,0,1,0,744,1,40,0
1990,24,2,0,0,1,0,667,1,40,0
1990,31,1,0,0,1,1,579,0,30,0
1990,45,1,0,0,0,0,259,3,10,0
1990,41,2,0,0,1,0,479,0,12,0
1990,18,2,1,0,0,1,479,0,40,0
1990,68,2,3,0,1,0,0,0,0,0
1990,53,1,0,2,0,1,558,0,50,0
1990,46,2,0,2,1,0,0,0,0,0
1990,51,1,0,0,0,0,617,0,48,0
1990,40,2,0,0,0,0,435,3,60,0
1990,34,2,2,0,1,0,453,4,24,0
1990,25,2,0,0,0,1,777,4,28,0
1990,26,1,0,0,0,1,226,6,45,0
1990,76,2,3,0,0,0,0,0,0,0
1990,59,1,0,0,0,0,0,0,0,0
1990,36,2,0,0,0,0,447,5,26,0
1990,18,1,1,0,0,0,0,0,0,0
1990,42,2,2,0,0,1,156,5,60,0
1990,80,2,3,0,0,0,0,0,0,0
1990,66,2,3,0,1,0,0,0,0,0
1990,47,1,1,0,1,0,479,0,40,0
1990,28,2,2,0,1,0,436,3,35,0
1990,41,1,2,0,0,1,156,5,65,0
1990,80,2,3,0,0,0,0,0,0,0
1990,37,1,2,0,0,1,243,3,40,0
1990,47,1,0,0,0,0,889,2,40,0
1990,49,2,0,0,0,0,436,5,40,0
1990,22,2,1,0,0,0,796,1,40,0
1990,20,1,1,0,0,0,0,0,0,0
1990,46,1,0,0,0,0,694,2,40,0
1990,43,2,0,0,0,0,447,5,15,0
1990,21,2,1,0,0,0,329,5,32,0
1990,29,1,0,0,0,0,475,0,40,0
1990,34,2,0,0,0,1,156,5,16,0
1990,51,1,0,2,0,0,21,5,50,0
1990,51,2,0,2,0,0,337,5,40,0
1990,20,1,0,0,0,0,203,5,40,0
1990,21,2,0,0,0,0,435,3,0,0
1990,24,1,0,0,0,0,479,0,40,0
1990,21,2,0,0,0,0,447,5,40,0
1990,54,1,0,0,0,1,585,0,40,0
1990,52,2,0,0,0,1,95,5,40,0
1990,55,2,3,2,1,0,0,0,0,0
1990,18,1,1,2,1,0,276,3,0,0
1990,65,1,0,0,1,0,0,0,0,0
1990,69,2,0,0,1,0,0,0,0,0
1990,25,2,3,0,0,0,0,0,0,0
1990,69,1,0,2,0,0,453,5,40,0
1990,65,2,0,2,0,0,0,0,0,0
1990,28,1,1,2,0,0,479,0,40,0
1990,32,1,0,2,0,0,848,0,96,0
1990,31,2,0,2,0,0,22,4,40,0
1990,50,2,3,2,1,0,466,5,40,0
1990,48,1,1,2,1,0,0,0,0,0
1990,44,2,1,2,0,0,877,3,0,0
1990,52,1,0,0,1,0,853,0,40,0
1990,42,2,0,0,0,0,479,0,48,0
1990,21,1,3,0,0,0,357,1,99,0
1990,20,1,1,0,0,0,479,0,48,0
1990,50,1,0,2,1,0,856,3,0,0
1990,49,2,0,2,1,0,0,0,0,0
1990,45,1,0,2,1,0,599,0,40,0
1990,40,2,0,2,1,0,0,0,0,0
1990,50,1,1,0,0,1,174,6,45,0
1990,60,2,3,0,0,1,156,5,40,0
1990,19,1,1,0,1,0,0,0,0,0
1990,29,1,0,2,0,1,156,5,40,0
1990,27,2,0,2,0,1,313,4,40,0
1990,22,1,1,0,0,0,436,3,0,0
1990,28,1,0,0,0,1,22,0,40,0
1990,27,2,0,0,0,0,22,0,30,0
1990,21,1,0,2,0,0,436,3,40,0
1990,19,2,0,2,0,0,0,0,0,0
1990,18,1,1,2,0,0,0,0,0,0
1990,67,2,3,0,0,0,274,3,0,0
1990,20,1,1,0,0,0,723,1,8,0
1990,59,1,0,0,0,0,0,0,0,0
1990,60,2,0,0,0,0,379,4,40,0
1990,30,1,0,2,1,0,888,3,40,0
1990,33,2,0,2,1,0,274,3,35,0
1990,40,2,1,2,1,1,804,3,40,0
1990,43,1,3,2,1,0,479,0,40,0
1990,56,2,1,0,0,0,383,4,40,0
1990,71,2,3,0,0,0,0,0,0,0
1990,33,2,2,0,0,0,17,3,40,0
1990,33,1,0,0,1,0,313,2,40,0
1990,32,2,0,0,1,1,435,3,30,0
1990,61,2,3,0,1,0,0,0,0,0
1990,66,1,0,0,1,0,0,0,0,0
1990,63,2,0,0,0,1,387,5,35,0
1990,61,1,0,2,1,1,259,3,44,0
1990,55,2,0,2,0,0,274,3,40,0
1990,33,1,0,0,0,1,337,3,40,0
1990,35,2,0,0,0,1,22,2,45,0
1990,49,1,0,0,1,1,505,4,40,0
1990,35,2,0,0,1,0,387,5,32,0
1990,75,1,0,0,1,0,779,1,8,0
1990,65,2,0,0,0,0,0,0,0,0
1990,23,1,0,0,0,0,804,2,40,0
1990,23,2,0,0,0,0,0,0,0,0
1990,46,2,3,0,0,1,274,5,30,0
1990,63,2,1,2,1,0,469,4,25,0
1990,21,2,1,2,0,1,276,3,6,0
1990,72,1,3,2,0,0,0,0,0,0
1990,26,1,1,0,0,1,274,3,5,0
1990,63,1,0,2,0,0,426,5,10,0
1990,59,2,0,2,0,0,453,5,99,0
1990,45,1,0,2,1,0,809,3,40,0
1990,43,2,0,2,1,0,274,3,40,0
1990,22,1,1,2,0,1,208,3,25,0
1990,19,1,1,2,0,0,436,3,13,0
1990,48,2,3,0,1,1,23,6,40,0
1990,24,2,1,0,1,1,174,6,40,0
1990,26,1,1,0,0,1,243,3,40,0
1990,47,2,3,0,0,1,18,0,40,0
1990,25,2,1,0,0,1,364,2,48,0
1990,29,1,0,0,0,1,423,6,40,0
1990,26,2,0,3,3,0,276,3,0,0
1990,63,1,0,0,0,0,0,0,0,0
1990,56,2,0,0,0,0,0,0,0,0
1990,48,1,0,0,0,0,567,0,8,0
1990,49,2,0,0,0,0,406,4,9,0
1990,26,1,2,0,0,0,579,0,16,0
1990,55,1,0,2,0,0,479,0,40,0
1990,51,2,0,2,0,0,889,2,10,0
1990,51,1,0,0,0,0,806,1,66,0
1990,49,2,0,0,0,0,449,5,0,0
1990,18,2,1,0,0,0,0,0,0,0
1990,26,1,0,0,0,1,156,5,40,0
1990,24,2,0,0,0,1,156,5,40,0
1990,34,2,1,0,0,0,628,1,40,0
1990,30,1,3,0,0,1,744,1,40,0
1990,58,1,0,0,0,1,5,6,40,0
1990,57,2,0,0,0,0,0,0,0,0
1990,22,1,0,0,0,0,475,0,40,0
1990,18,2,0,0,0,0,0,0,0,0
1990,26,1,0,0,0,0,379,5,25,0
1990,28,2,0,0,0,0,276,3,0,0
1990,52,1,0,0,0,0,628,1,40,0
1990,53,2,0,0,1,0,276,1,21,0
1990,23,2,1,2,0,1,308,5,15,0
1990,48,1,0,0,0,1,157,5,40,0
1990,44,2,0,0,0,1,154,5,40,0
1990,24,1,1,0,0,1,343,4,50,0
1990,21,2,1,0,0,1,157,5,40,0
1990,54,1,0,0,0,1,154,5,40,0
1990,52,2,0,0,0,1,156,5,40,0
1990,44,1,0,2,0,0,809,6,40,0
1990,44,2,0,2,0,1,385,5,40,0
1990,63,2,3,0,0,1,156,5,0,0
1990,64,2,3,0,0,0,0,0,0,0
1990,69,2,3,0,0,0,0,0,0,0
1990,35,2,1,0,0,0,407,4,37,0
1990,39,1,0,0,0,1,276,3,50,0
1990,36,2,0,0,0,1,17,3,35,0
1990,32,1,0,0,0,0,575,0,75,0
1990,33,2,0,0,0,0,156,5,0,0
1990,54,1,0,0,0,0,216,0,45,1
1990,52,2,0,0,0,1,0,0,0,0
1990,24,1,1,0,0,0,505,4,50,0
1990,24,1,0,2,0,0,909,6,0,0
1990,23,2,0,2,0,0,0,0,0,0
1990,31,1,0,2,0,1,783,5,40,0
1990,31,2,0,2,0,0,447,5,30,0
1990,57,2,3,0,0,0,0,0,0,0
1990,67,2,1,0,0,0,447,5,40,0
1990,53,1,2,0,0,1,696,3,40,0
1990,24,1,1,0,0,0,595,0,65,0
1990,40,2,2,0,0,0,217,5,37,0
1990,64,1,0,0,0,0,0,0,0,0
1990,63,2,0,0,0,0,0,0,0,0
1990,78,2,0,0,0,0,0,0,0,0
1990,52,1,0,0,0,0,225,0,40,0
1990,42,2,0,0,0,0,0,0,0,0
1990,19,1,1,0,0,1,0,0,0,0
1990,29,1,0,0,0,0,22,0,0,0
1990,21,2,0,0,0,0,0,0,0,0
1990,50,1,0,0,0,1,686,5,40,0
1990,46,2,0,0,1,0,909,6,0,0
1990,24,1,1,0,0,1,216,5,20,0
1990,23,1,1,0,0,1,453,5,20,0
1990,20,2,3,0,0,1,264,3,20,0
1990,40,1,0,0,0,1,207,5,45,0
1990,44,2,0,2,0,0,447,5,40,0
1990,79,1,3,0,0,0,0,0,0,0
1990,76,1,0,0,0,0,0,0,0,0
1990,73,2,0,0,0,0,0,0,0,0
1990,36,1,0,0,0,0,364,0,40,0
1990,32,2,0,0,1,0,799,3,32,0
1990,38,2,3,0,0,0,434,5,50,0
1990,39,1,0,0,0,1,414,6,40,0
1990,38,2,0,0,0,1,29,3,90,0
1990,70,1,0,2,0,0,0,0,0,0
1990,66,2,0,2,0,0,0,0,0,0
1990,38,1,1,2,0,0,0,0,0,0
1990,36,1,0,2,0,1,199,5,40,0
1990,31,2,0,0,0,0,155,5,99,0
1990,34,1,0,2,1,0,567,0,40,0
1990,29,2,0,2,1,0,479,0,40,0
1990,25,1,0,2,0,0,523,4,40,0
1990,24,2,0,2,0,0,447,5,50,0
1990,31,2,3,2,0,0,243,1,40,0
1990,59,2,3,0,0,0,479,0,40,0
1990,67,1,0,0,0,0,0,0,0,0
1990,24,1,1,0,1,0,436,3,0,0
1990,24,1,1,0,0,0,883,3,48,0
1990,65,1,0,0,0,0,479,0,40,0
1990,60,2,0,0,0,0,0,0,0,0
1990,41,2,1,0,0,0,365,5,40,0
1990,24,1,1,0,0,1,315,5,30,0
1990,41,1,2,0,1,0,885,3,0,0
1990,41,1,0,0,1,1,885,4,0,0
1990,30,2,0,0,1,1,0,0,0,0
1990,54,2,3,0,0,0,0,0,0,0
1990,41,2,1,0,0,1,95,5,40,1
1990,36,2,1,0,0,1,22,5,30,0
1990,34,1,0,0,0,0,856,1,40,0
1990,30,2,0,0,0,0,157,5,40,0
1990,56,1,0,0,0,0,486,0,18,0
1990,54,2,0,0,1,0,0,0,0,0
1990,29,2,1,0,0,1,313,4,44,0
1990,24,1,1,0,0,0,486,0,35,0
1990,24,2,1,0,0,0,379,5,48,0
1990,66,1,0,0,0,1,0,0,0,0
1990,58,2,0,0,0,0,0,0,0,0
1990,42,1,0,0,0,1,779,1,40,0
1990,30,2,0,0,0,0,22,4,45,0
1990,38,1,1,0,0,0,804,2,50,0
1990,42,1,0,0,0,0,263,3,60,0
1990,40,2,0,0,0,1,156,5,0,0
1990,19,2,0,0,0,1,0,0,0,0
1990,25,1,0,0,0,0,785,3,40,0
1990,30,1,0,0,0,0,808,5,8,0
1990,31,2,0,0,0,1,804,2,40,0
1990,30,1,0,0,0,1,577,2,30,0
1990,38,2,0,0,0,1,156,5,40,0
1990,62,1,0,0,1,0,453,3,32,0
1990,56,2,0,0,1,0,0,0,0,0
1990,51,1,0,2,1,0,436,3,50,0
1990,47,2,0,2,1,0,243,3,52,0
1990,29,1,3,2,1,0,756,3,16,0
1990,26,1,0,2,1,0,785,1,40,0
1990,20,2,0,2,0,0,734,1,40,0
1990,38,2,3,2,1,0,436,3,0,0
1990,19,1,1,2,1,0,869,2,40,0
1990,28,1,0,0,1,0,614,0,80,0
1990,27,2,0,0,1,0,156,5,35,0
1990,35,2,3,0,0,0,0,0,0,0
1990,75,1,0,0,1,0,473,0,40,0
1990,69,2,0,0,0,0,0,0,0,0
1990,64,2,3,0,1,0,0,0,0,0
1990,52,1,0,2,0,0,259,3,40,0
1990,53,2,0,2,0,0,479,0,65,0
1990,23,1,3,2,0,0,628,1,25,0
1990,25,2,3,2,0,0,0,0,0,0
1990,27,1,0,2,0,1,274,3,40,0
1990,25,2,0,2,0,1,313,5,40,0
1990,80,1,3,0,1,1,303,2,50,0
1990,29,1,1,0,0,1,276,3,20,0
1990,75,1,3,0,0,0,628,1,0,0
1990,34,2,1,0,1,0,407,4,84,0
1990,41,1,2,0,0,0,274,3,28,0
1990,37,1,1,0,0,0,883,3,40,0
1990,48,2,2,0,0,0,253,4,40,0
1990,38,1,0,0,1,0,777,3,50,0
1990,39,2,0,0,1,0,0,0,0,0
1990,19,2,1,0,1,1,348,3,12,0
1990,18,2,1,0,1,0,0,0,0,0
1990,37,2,2,0,0,1,156,5,40,0
1990,23,1,3,0,0,0,18,4,60,0
1990,70,1,0,0,0,1,7,4,50,1
1990,70,2,0,0,0,1,0,0,0,0
1990,35,1,0,0,0,0,694,2,40,0
1990,35,2,0,0,1,0,888,1,40,0
1990,47,1,0,0,0,1,176,5,48,0
1990,41,2,0,0,0,1,21,5,30,0
1990,39,1,0,2,1,0,453,4,99,0
1990,43,2,0,2,1,0,0,0,0,0
1990,34,1,1,0,0,0,0,0,0,0
1990,31,2,2,0,0,1,156,5,40,0
1990,28,1,2,0,0,1,364,0,45,0
1990,28,1,0,0,1,0,785,1,0,0
1990,33,2,0,0,0,0,243,3,40,0
1990,67,1,0,0,1,0,486,0,0,0
1990,55,2,0,0,1,0,207,4,15,0
1990,30,1,1,0,0,0,558,0,30,0
1990,29,1,0,0,0,0,869,0,40,0
1990,34,2,0,0,0,0,909,6,0,0
1990,67,2,3,0,0,0,666,3,24,0
1990,47,2,2,0,1,0,27,3,30,0
1990,37,1,0,2,1,0,479,0,38,0
1990,32,2,0,2,1,0,473,0,40,0
1990,80,2,3,0,0,0,0,0,0,0
1990,51,1,2,0,0,1,0,0,0,0
1990,70,1,3,0,1,0,0,0,0,0
1990,41,2,1,0,0,0,796,1,40,0
1990,33,1,0,0,1,0,856,2,40,0
1990,27,2,0,0,0,0,744,1,50,0
1990,33,1,0,0,1,0,875,2,52,0
1990,42,2,0,0,0,0,0,0,0,0
1990,24,1,0,0,1,0,505,4,40,0
1990,28,2,0,0,1,0,744,1,40,0
1990,56,1,0,0,0,1,243,3,48,0
1990,54,2,0,0,0,1,254,4,40,0
1990,70,1,0,0,0,0,909,6,0,0
1990,72,2,0,0,4,0,0,0,0,0
1990,74,2,3,0,0,0,909,6,0,0
1990,60,1,0,0,0,1,534,4,40,0
1990,48,2,0,0,1,0,389,5,40,0
1990,23,1,1,0,0,1,909,6,0,0
1990,18,1,1,0,0,0,809,5,20,0
1990,38,1,0,0,0,1,257,0,52,0
1990,27,2,0,0,0,1,313,1,0,0
1990,26,1,0,0,0,1,259,3,40,0
1990,25,2,0,0,0,1,156,5,40,0
1990,62,1,0,0,1,0,479,0,40,0
1990,57,2,0,0,1,0,479,0,40,0
1990,36,2,0,0,1,1,736,1,40,0
1990,35,1,0,0,1,1,387,5,40,0
1990,31,1,0,0,0,0,453,4,40,0
1990,29,2,0,0,0,1,155,5,40,0
1990,66,2,3,0,0,0,0,0,0,0
1990,30,2,2,0,1,0,0,0,0,0
1990,51,1,0,0,1,0,479,0,60,0
1990,51,2,0,0,1,0,473,0,5,0
1990,20,1,1,0,0,0,0,0,0,0
1990,19,2,1,0,0,0,0,0,0,0
1990,44,1,0,0,0,0,529,2,40,0
1990,39,2,0,0,0,0,0,0,0,0
1990,18,1,1,0,0,0,877,3,10,0
1990,36,1,0,0,0,0,22,0,50,1
1990,35,2,0,0,0,1,0,0,0,0
1990,40,2,1,0,1,0,0,0,0,0
1990,42,1,0,0,0,0,889,4,40,0
1990,31,2,0,0,1,0,769,1,43,0
1990,18,2,1,0,0,0,365,5,17,0
1990,51,1,0,0,1,0,856,3,35,0
1990,49,2,0,0,0,1,254,4,30,0
1990,22,1,1,0,0,1,36,6,40,0
1990,21,1,1,0,0,1,274,3,10,0
1990,41,1,0,0,0,0,754,1,0,0
1990,36,2,0,0,0,0,479,0,40,0
1990,48,1,0,2,1,0,436,5,0,0
1990,49,2,0,2,1,0,276,3,20,0
1990,20,1,1,2,1,1,373,3,30,0
1990,19,1,1,2,0,1,359,6,0,0
1990,28,1,0,0,0,1,174,6,58,0
1990,27,2,0,0,0,1,337,6,40,0
1990,49,2,3,0,1,0,407,4,40,0
1990,34,1,0,0,0,1,259,3,45,0
1990,32,2,0,0,0,1,467,5,40,0
1990,40,1,0,2,1,0,808,5,25,0
1990,40,2,0,2,1,0,479,0,0,0
1990,18,1,1,2,0,1,453,5,20,0
1990,43,1,0,0,0,0,436,5,48,0
1990,42,2,0,0,0,0,17,5,40,0
1990,41,1,0,0,0,0,0,0,0,0
1990,40,2,0,0,1,0,0,0,0,0
1990,19,2,1,0,0,1,157,5,40,0
1990,18,2,1,0,0,0,443,3,40,0
1990,19,1,1,0,0,0,885,3,40,0
1990,37,1,3,0,0,0,733,1,40,0
1990,40,1,0,0,1,0,567,3,40,0
1990,35,2,0,0,1,0,628,1,40,0
1990,61,1,0,0,1,0,433,3,40,0
1990,51,2,0,0,0,0,453,4,40,0
1990,28,1,1,0,0,0,217,0,40,0
1990,20,2,1,0,0,0,276,3,40,0
1990,18,2,1,0,0,0,0,0,0,0
1990,43,1,0,0,0,1,579,0,40,0
1990,40,2,0,0,0,0,379,5,40,0
1990,23,1,1,0,0,1,436,3,0,0
1990,24,1,0,0,0,0,364,3,40,0
1990,23,2,0,0,0,0,379,4,40,0
1990,58,1,0,0,1,0,498,0,99,0
1990,52,2,0,0,1,0,0,0,0,0
1990,49,2,1,0,0,0,785,1,40,0
1990,26,2,1,0,0,0,458,4,45,0
1990,41,2,2,2,0,0,0,0,0,0
1990,20,2,1,2,0,0,276,3,6,0
1990,30,2,1,2,0,0,0,0,0,0
1990,29,2,1,2,0,0,274,3,32,0
1990,32,2,2,0,0,1,337,0,40,0
1990,44,1,0,2,1,0,785,1,40,0
1990,41,2,0,2,1,0,386,3,0,0
1990,26,2,0,0,0,0,438,3,0,0
1990,24,1,0,0,0,0,683,1,40,0
1990,58,2,3,0,1,0,0,0,0,0
1990,47,2,3,0,1,0,0,0,0,0
1990,24,2,1,0,1,1,889,1,20,0
1990,18,2,1,0,1,0,0,0,0,0
1990,52,2,0,0,0,1,23,5,55,0
1990,57,1,0,0,0,1,365,1,99,0
1990,56,1,0,2,0,1,243,3,48,0
1990,52,2,0,2,1,0,0,0,0,0
1990,27,1,1,2,0,1,22,4,65,0
1990,19,1,1,2,0,0,0,0,0,0
1990,47,1,0,0,0,0,877,3,30,0
1990,43,2,0,0,0,0,0,0,0,0
1990,25,1,0,0,0,0,909,6,0,0
1990,22,2,0,2,1,0,0,0,0,0
1990,43,1,0,0,0,0,0,0,0,0
1990,45,2,0,0,0,0,0,0,0,0
1990,23,1,1,0,0,0,0,0,0,0
1990,22,1,0,0,0,0,686,3,40,0
1990,20,1,0,0,0,0,365,3,40,0
1990,21,2,1,0,0,0,0,0,0,0
1990,24,1,1,0,1,0,453,4,40,0
1990,18,2,1,0,1,0,0,0,0,0
1990,33,1,0,2,0,0,759,1,0,0
1990,27,2,0,2,0,0,379,3,40,0
1990,34,1,0,0,1,0,567,0,0,0
1990,32,2,0,0,1,0,744,1,40,0
1990,50,1,0,0,1,0,274,3,48,0
1990,50,2,0,0,1,0,274,3,48,0
1990,28,1,1,0,1,1,479,0,0,0
1990,25,1,1,0,1,0,276,3,45,0
1990,78,2,3,0,0,0,0,0,0,0
1990,65,1,2,0,0,0,486,5,40,0
1990,53,1,0,0,1,0,0,0,0,0
1990,53,2,0,0,1,0,0,0,0,0
1990,30,2,1,0,1,0,628,3,0,0
1990,19,2,1,0,0,0,22,0,0,0
1990,66,2,3,0,0,0,0,0,0,0
1990,68,1,0,0,0,1,0,0,0,0
1990,47,2,0,0,0,1,156,5,40,0
1990,20,1,0,2,1,0,869,0,0,0
1990,32,2,0,2,4,1,453,3,24,0
1990,39,1,0,0,1,0,555,0,50,0
1990,37,2,0,0,0,0,744,1,50,0
1990,76,1,0,0,0,1,0,0,0,0
1990,69,2,0,0,0,0,0,0,0,0
1990,34,1,0,2,0,1,208,5,54,0
1990,34,2,0,2,0,0,205,5,44,0
1990,62,2,3,0,1,0,628,1,0,0
1990,70,2,3,0,0,0,383,4,0,0
1990,50,1,0,0,0,0,259,0,50,1
1990,47,2,0,0,0,1,95,5,50,0
1990,24,2,1,0,0,1,264,3,40,0
1990,21,2,1,0,0,1,243,3,40,0
1990,63,1,0,0,0,1,473,0,10,0
1990,61,2,0,0,0,0,387,5,32,0
1990,53,1,0,0,0,0,389,6,40,0
1990,48,2,0,0,0,1,64,4,36,0
1990,21,2,1,0,0,1,276,3,40,0
1990,18,2,1,0,0,0,453,4,15,0
1990,36,1,0,0,0,0,804,2,52,0
1990,33,2,0,0,0,0,308,1,40,0
1990,40,1,0,0,0,1,23,4,45,1
1990,38,2,0,0,0,1,95,5,30,0
1990,70,1,0,0,0,1,18,4,35,1
1990,67,2,0,0,0,1,0,0,0,0
1990,42,1,0,0,1,0,808,2,80,0
1990,40,2,0,0,0,0,0,0,0,0
1990,24,1,1,0,0,0,174,5,80,0
1990,19,1,1,0,0,1,436,3,20,0
1990,18,1,1,0,0,0,264,3,40,0
1990,36,1,0,2,1,1,555,0,60,0
1990,26,2,0,2,0,0,313,5,40,0
1990,69,2,3,0,0,1,274,3,0,0
1990,62,1,0,0,0,0,22,0,40,0
1990,56,2,0,0,1,0,0,0,0,0
1990,42,1,0,0,0,1,174,6,36,0
1990,41,2,0,0,1,1,206,5,40,0
1990,24,1,1,0,1,0,486,0,40,0
1990,71,2,3,0,0,1,0,0,0,0
1990,39,1,0,0,1,0,453,0,40,0
1990,36,2,0,0,1,0,479,0,30,0
1990,66,1,0,0,0,0,856,0,0,0
1990,63,2,0,0,0,0,777,1,0,0
1990,61,1,0,0,0,0,473,0,40,0
1990,57,2,0,0,0,0,0,0,0,0
1990,25,1,2,0,0,0,426,4,40,0
1990,80,2,3,0,0,1,0,0,0,0
1990,46,1,1,0,0,1,575,0,0,0
1990,29,1,0,0,0,0,17,3,40,0
1990,28,2,0,0,0,0,185,3,20,0
1990,80,1,0,0,1,0,479,0,0,0
1990,61,2,0,0,1,0,407,4,25,0
1990,21,2,1,0,1,0,405,4,40,0
1990,43,1,0,0,0,0,748,5,40,0
1990,31,2,0,0,0,0,869,1,35,0
1990,65,1,0,0,0,0,505,1,0,0
1990,65,2,0,0,0,0,14,5,0,0
1990,63,1,0,0,0,1,0,0,0,0
1990,60,2,0,0,0,1,313,6,0,0
1990,21,1,0,0,0,0,22,3,0,0
1990,66,1,0,2,0,0,869,0,40,0
1990,56,2,0,2,1,0,479,0,35,0
1990,28,2,1,2,0,0,473,0,35,0
1990,19,2,1,2,0,0,479,0,55,0
1990,29,1,0,0,1,0,475,0,99,0
1990,23,2,0,0,4,0,0,0,0,0
1990,70,1,0,0,0,0,257,4,0,0
1990,35,2,0,0,1,0,744,1,40,0
1990,33,1,0,0,0,1,18,4,50,0
1990,42,2,0,0,0,0,22,4,40,0
1990,31,2,3,0,1,0,435,5,0,0
1990,64,1,0,0,0,0,22,1,50,1
1990,65,2,0,0,0,0,259,1,50,0
1990,67,1,0,0,0,0,0,0,0,0
1990,66,2,0,0,0,0,0,0,0,0
1990,60,1,3,0,0,1,156,5,30,0
1990,36,1,0,0,0,1,22,2,40,0
1990,34,2,0,0,0,1,22,2,40,0
1990,73,1,3,0,0,0,0,0,0,0
1990,66,1,0,0,0,0,567,0,8,0
1990,62,2,0,0,0,0,0,0,0,0
1990,47,1,2,0,0,0,259,1,50,0
1990,28,1,0,0,0,0,744,1,48,0
1990,27,2,0,0,0,0,744,1,0,0
1990,46,2,3,0,0,1,21,5,40,0
1990,22,1,1,0,0,1,276,3,30,0
1990,36,1,1,0,0,1,337,1,0,0
1990,63,2,1,0,0,0,0,0,0,0
1990,39,1,0,0,0,0,0,0,0,0
1990,33,2,0,0,0,0,687,1,35,0
1990,25,1,0,0,0,1,243,3,36,0
1990,24,2,0,0,0,1,313,5,40,0
1990,37,1,0,0,1,0,677,1,44,0
1990,36,2,0,0,1,0,274,3,40,0
1990,63,1,3,0,1,0,479,0,40,0
1990,61,2,3,0,0,0,0,0,0,0
1990,47,1,0,0,1,0,498,0,15,0
1990,41,2,0,0,1,0,0,0,0,0
1990,22,1,1,0,0,1,786,0,10,0
1990,21,2,0,0,0,0,878,1,0,0
1990,24,1,0,0,1,0,779,0,0,0
1990,29,1,0,0,1,0,889,1,50,0
1990,33,2,0,0,1,0,744,1,40,0
1990,28,1,0,0,1,0,628,1,40,0
1990,27,2,0,0,1,0,0,0,0,0
1990,25,1,1,2,4,0,243,3,40,0
1990,49,1,0,0,0,0,585,0,50,0
1990,47,2,0,0,0,0,0,0,0,0
1990,38,1,0,2,0,0,856,1,40,0
1990,38,2,0,2,1,0,628,1,32,0
1990,35,1,0,0,0,1,823,2,40,0
1990,32,2,0,0,0,1,337,3,40,0
1990,40,2,2,0,0,0,156,5,45,0
1990,46,2,2,2,0,0,435,3,24,0
1990,24,1,1,2,0,0,438,3,0,0
1990,56,2,1,0,2,1,337,4,40,0
1990,78,2,1,0,2,1,0,0,0,0
1990,54,1,0,0,0,0,453,1,45,0
1990,58,2,0,0,0,0,448,5,40,0
1990,19,1,1,0,0,0,0,0,0,0
1990,55,2,1,0,0,0,446,5,40,0
1990,39,1,0,2,0,0,453,5,40,0
1990,37,2,0,2,0,0,453,5,40,0
1990,50,1,0,0,0,0,22,1,40,0
1990,53,2,0,0,0,0,0,0,0,0
1990,43,1,0,2,0,0,783,1,40,0
1990,44,2,0,2,0,0,467,5,50,0
1990,19,1,1,2,0,0,888,1,40,0
1990,79,1,0,2,1,0,0,0,0,0
1990,73,2,0,2,1,0,0,0,0,0
1990,42,2,2,2,0,0,337,3,40,0
1990,20,1,1,2,0,0,887,4,40,0
1990,20,1,1,2,0,0,719,1,40,0
1990,30,1,0,2,1,0,856,1,40,0
1990,40,2,0,2,0,0,22,3,40,0
1990,36,1,0,2,1,0,579,0,0,0
1990,36,2,0,2,0,0,0,0,0,0
1990,41,1,0,2,0,0,453,4,40,0
1990,31,2,0,2,1,0,0,0,0,0
1990,41,1,1,0,0,0,0,0,0,0
1990,73,1,0,0,0,1,0,0,0,0
1990,71,2,0,0,0,1,0,0,0,0
1990,33,1,0,2,0,0,259,1,40,0
1990,31,2,0,2,0,0,276,3,40,0
1990,70,1,0,0,1,0,785,1,0,0
1990,64,2,0,0,1,0,0,0,0,0
1990,23,2,1,0,1,1,95,5,40,0
1990,56,1,0,0,0,0,453,5,40,0
1990,46,2,0,0,0,0,444,3,40,0
1990,55,2,1,0,0,0,0,0,0,0
1990,20,1,0,0,0,0,0,0,0,0
1990,45,2,3,0,0,0,0,0,0,0
1990,23,1,1,2,0,0,883,2,0,0
1990,48,1,0,0,0,0,583,0,15,0
1990,45,2,0,0,0,0,447,5,28,0
1990,18,1,1,0,0,0,257,4,10,0
1990,77,1,0,0,0,0,0,0,0,0
1990,53,2,0,0,1,0,0,0,0,0
1990,23,1,1,0,0,0,885,3,0,0
1990,44,1,0,0,1,0,804,2,40,0
1990,42,2,0,0,1,0,436,3,40,0
1990,45,2,2,0,0,0,436,3,20,0
1990,20,1,2,0,0,0,444,3,0,0
1990,45,1,1,0,1,0,514,1,35,0
1990,33,2,2,2,0,0,313,6,40,0
1990,29,1,3,2,0,0,558,0,40,0
1990,34,1,0,0,0,0,869,0,20,0
1990,39,2,0,0,0,0,385,6,20,0
1990,61,1,0,2,0,0,453,4,26,0
1990,41,2,0,2,0,0,0,0,0,0
1990,23,2,2,2,0,0,276,3,40,0
1990,37,1,1,0,0,0,365,5,40,0
1990,27,2,2,0,0,0,0,0,0,0
1990,43,1,0,0,0,0,567,0,60,0
1990,38,2,0,0,0,1,23,4,45,0
1990,45,2,3,0,0,0,337,3,40,0
1990,21,2,1,0,0,1,264,3,30,0
1990,58,1,0,0,0,0,515,2,40,0
1990,53,2,0,0,0,1,5,6,40,0
1990,23,2,1,0,0,1,203,5,30,0
1990,50,1,0,0,0,0,748,4,40,0
1990,46,2,0,0,0,0,458,4,40,0
1990,22,2,1,0,0,0,18,4,0,0
1990,44,1,0,0,0,0,567,0,40,0
1990,43,2,0,0,0,0,0,0,0,0
1990,21,1,1,0,0,0,795,4,40,0
1990,21,1,1,0,0,0,734,1,40,0
1990,18,1,1,0,0,0,686,0,30,0
1990,23,1,1,0,0,0,22,6,60,0
1990,55,1,0,2,0,0,453,3,0,0
1990,54,2,0,2,0,1,156,5,40,0
1990,20,2,1,2,0,1,313,3,40,0
1990,69,1,0,0,0,1,337,3,15,0
1990,62,2,0,0,0,0,337,5,10,0
1990,31,1,1,0,0,1,363,5,20,0
1990,58,2,0,0,0,1,188,5,20,0
1990,62,1,0,0,0,1,318,2,50,0
1990,61,2,3,0,0,0,0,0,0,0
1990,33,1,0,0,0,0,567,0,99,0
1990,29,2,0,0,0,1,208,5,40,0
1990,66,1,0,0,0,0,0,0,0,0
1990,63,2,0,0,0,0,0,0,0,0
1990,21,2,2,0,0,0,458,2,5,0
1990,43,1,0,0,0,1,754,6,40,0
1990,29,2,0,0,0,1,316,5,40,0
1990,66,2,3,0,0,0,0,0,0,0
1990,49,1,0,0,0,0,699,1,40,0
1990,43,2,0,0,0,0,348,2,40,0
1990,19,1,1,0,0,1,276,3,24,0
1990,74,1,3,0,0,0,0,0,0,0
1990,33,1,1,0,0,1,29,3,0,0
1990,72,1,0,0,0,1,22,4,40,1
1990,74,2,0,0,0,1,0,0,0,0
1990,40,2,3,0,0,1,256,1,40,0
1990,22,1,1,0,0,0,575,6,8,0
1990,45,1,0,0,0,1,828,4,40,0
1990,32,2,0,0,0,0,383,4,40,0
1990,71,1,0,0,0,0,22,4,40,1
1990,56,2,0,0,0,1,13,4,40,0
1990,68,2,0,0,0,1,0,0,0,0
1990,68,1,0,0,0,1,0,0,0,0
1990,41,2,3,0,0,0,379,4,40,0
1990,18,1,1,0,0,0,0,0,0,0
1990,27,2,1,0,0,1,434,3,30,0
1990,30,1,1,0,0,1,636,6,40,0
1990,49,1,0,0,0,1,206,5,40,0
1990,37,2,0,0,0,0,389,4,40,0
1990,36,1,1,0,0,1,259,0,55,0
1990,48,1,0,2,0,0,804,0,45,0
1990,44,2,0,2,0,0,447,5,40,0
1990,78,2,1,2,1,0,0,0,0,0
1990,40,1,3,2,0,0,869,0,40,0
1990,33,1,0,2,0,0,643,1,60,0
1990,32,2,0,2,0,0,744,1,40,0
1990,58,2,2,2,0,0,17,5,40,0
1990,45,1,2,2,0,0,0,0,0,0
1990,51,1,0,0,0,1,22,1,60,0
1990,46,2,0,0,0,1,185,1,55,0
1990,30,1,2,0,0,1,243,2,40,0
1990,46,1,0,2,0,0,869,0,0,0
1990,51,2,0,2,0,0,407,4,20,0
1990,71,2,3,0,0,0,407,4,10,0
1990,26,2,3,0,0,1,277,3,2,0
1990,26,1,3,2,0,0,599,0,35,0
1990,41,2,1,1,0,1,17,3,35,0
1990,19,1,1,1,0,0,0,0,0,0
1990,47,1,2,0,0,0,426,4,40,0
1990,27,1,0,2,0,0,804,3,40,0
1990,24,2,0,2,0,1,0,0,0,0
1990,30,1,2,2,0,0,243,3,55,0
1990,27,1,0,0,0,0,804,4,40,0
1990,30,2,0,0,0,0,319,5,40,0
1990,66,1,0,0,0,1,823,2,0,0
1990,62,2,0,0,0,1,276,4,0,0
1990,27,2,1,0,0,1,313,6,40,0
1990,45,1,0,0,0,1,653,1,40,0
1990,50,2,0,0,0,0,453,5,37,0
1990,19,1,1,0,0,0,874,3,40,0
1990,48,1,0,0,0,1,253,4,40,1
1990,47,2,0,0,0,1,234,5,40,0
1990,21,2,1,0,0,0,259,0,3,0
1990,33,1,0,0,0,1,57,1,45,0
1990,25,2,0,0,0,0,274,3,40,0
1990,48,1,0,0,0,0,65,6,40,0
1990,39,2,0,0,0,0,453,5,50,0
1990,66,1,3,0,0,0,0,0,0,0
1990,37,1,0,0,0,0,549,3,60,0
1990,32,2,0,0,0,0,318,2,40,0
1990,30,1,1,0,0,1,226,6,50,0
1990,49,1,0,0,0,1,558,0,60,1
1990,30,2,0,0,0,0,22,4,30,0
1990,48,1,0,0,0,0,17,3,87,0
1990,48,2,0,0,0,0,27,3,40,0
1990,18,1,1,0,0,0,436,3,20,0
1990,27,2,2,0,0,1,18,4,40,0
1990,43,1,0,0,0,1,174,6,40,0
1990,43,2,0,0,0,1,207,6,40,0
1990,18,2,1,0,0,0,0,0,0,0
1990,36,1,0,0,0,1,226,6,40,0
1990,33,2,0,0,0,1,458,4,18,0
1990,77,1,3,0,0,0,0,0,0,0
1990,47,2,2,0,0,0,275,4,33,0
1990,46,2,2,0,0,0,313,5,54,0
1990,21,1,1,0,0,1,883,2,15,0
1990,25,1,0,0,0,0,777,3,12,0
1990,19,2,0,0,0,0,275,4,40,0
1990,53,2,2,2,0,0,0,0,0,0
1990,30,1,2,0,0,1,436,3,40,0
1990,20,2,0,0,0,1,276,3,40,0
1990,20,1,0,0,0,0,869,0,40,0
1990,42,2,2,0,0,0,445,5,36,0
1990,36,1,0,0,0,1,314,4,50,0
1990,33,2,0,0,0,1,314,4,50,0
1990,42,1,0,0,0,1,57,6,40,0
1990,46,2,0,0,0,0,256,2,40,0
1990,37,2,2,1,0,0,468,5,40,0
1990,28,1,1,2,0,0,426,3,40,0
1990,67,2,3,2,0,0,0,0,0,0
1990,46,2,2,2,0,0,0,0,0,0
1990,53,1,0,2,0,0,804,3,99,0
1990,21,2,0,2,0,0,0,0,0,0
1990,29,1,2,1,0,1,17,4,0,0
1990,19,1,1,3,3,0,444,3,40,0
1990,33,1,0,0,0,0,808,2,40,0
1990,24,2,0,0,0,1,0,0,0,0
1990,43,1,0,0,1,0,585,0,40,0
1990,40,2,0,0,1,0,0,0,0,0
1990,20,2,1,0,0,0,0,0,0,0
1990,19,1,1,0,0,0,866,0,40,0
1990,70,2,3,0,0,0,274,3,40,0
1990,39,1,0,0,1,0,476,0,30,0
1990,36,2,0,0,1,0,407,4,40,0
1990,51,1,0,0,0,0,813,4,8,0
1990,52,2,0,0,0,0,909,6,0,0
1990,23,1,0,0,1,0,869,0,40,0
1990,18,2,0,0,1,0,0,0,0,0
1990,62,2,2,1,0,0,447,5,43,0
1990,25,2,2,1,0,0,447,5,40,0
1990,52,1,0,0,0,0,276,3,40,0
1990,50,2,0,0,0,0,276,3,16,0
1990,54,1,0,0,1,1,508,6,40,0
1990,47,2,0,0,1,0,0,0,0,0
1990,41,1,0,2,0,0,259,3,40,0
1990,41,2,0,2,0,0,686,3,30,0
1990,39,2,1,0,0,1,156,5,40,0
1990,65,1,0,0,0,1,0,0,0,0
1990,57,2,0,0,0,0,0,0,0,0
1990,29,1,0,0,1,0,888,1,40,0
1990,28,2,0,0,1,0,0,0,0,0
1990,40,1,0,2,0,1,883,1,35,0
1990,37,2,0,2,0,1,315,5,40,0
1990,30,2,1,2,0,0,315,1,42,0
1990,68,1,1,0,0,0,0,0,0,0
1990,51,1,2,0,0,0,689,3,40,0
1990,28,2,3,2,0,0,649,1,0,0
1990,50,1,0,0,0,0,783,1,45,0
1990,50,2,0,0,0,0,0,0,0,0
1990,30,1,1,0,0,0,783,1,45,0
1990,27,1,3,0,0,0,514,4,45,0
1990,43,1,0,0,1,0,869,0,0,0
1990,37,2,0,0,1,0,0,0,0,0
1990,19,2,1,0,0,0,0,0,0,0
1990,52,2,2,1,0,0,407,4,40,0
1990,57,1,1,0,0,1,338,2,40,0
1990,32,2,1,2,0,1,657,3,40,0
1990,68,1,0,0,0,1,0,0,0,0
1990,63,2,0,0,0,0,447,5,40,0
1990,26,1,1,0,0,0,549,4,40,0
1990,25,1,0,0,0,1,423,6,40,0
1990,28,2,0,0,0,0,385,2,24,0
1990,30,2,3,0,0,0,444,3,0,0
1990,27,1,1,0,0,0,779,5,5,0
1990,67,1,0,0,0,0,389,3,0,0
1990,62,2,0,0,0,0,276,5,0,0
1990,66,1,0,0,0,1,379,6,0,0
1990,66,2,0,0,0,0,0,0,0,0
1990,64,2,1,0,0,0,0,0,0,0
1990,68,1,0,0,0,1,0,0,0,0
1990,68,2,0,0,0,0,0,0,0,0
1990,39,2,2,0,0,1,23,0,40,0
1990,55,1,3,0,0,0,453,5,40,0
1990,27,1,2,0,0,0,453,3,14,0
1990,23,1,0,0,0,0,243,3,40,0
1990,24,2,0,0,0,0,185,3,35,0
1990,76,2,0,0,0,0,0,0,0,0
1990,57,1,0,2,0,0,426,4,73,0
1990,56,2,0,2,0,0,0,0,0,0
1990,25,2,2,2,0,0,268,3,30,0
1990,79,1,0,0,0,0,0,0,0,0
1990,32,1,0,0,0,0,804,3,40,0
1990,25,2,0,0,0,0,276,3,0,0
1990,63,1,0,2,0,0,486,4,0,0
1990,56,2,0,2,0,0,265,3,0,0
1990,69,1,0,0,0,0,0,0,0,0
1990,67,2,0,0,1,0,0,0,0,0
1990,60,1,1,0,0,0,0,0,0,0
1990,74,2,3,0,0,0,0,0,0,0
1990,53,1,2,0,0,0,687,3,0,0
1990,29,1,1,0,0,0,216,5,40,0
1990,50,1,2,0,0,1,885,3,40,0
1990,71,1,0,2,0,0,0,0,0,0
1990,69,2,0,2,0,0,0,0,0,0
1990,35,1,3,2,0,0,567,1,50,0
1990,30,2,2,2,0,0,468,5,0,0
1990,58,1,1,2,0,0,0,0,0,0
1990,63,1,0,1,0,0,889,2,0,0
1990,60,2,0,1,0,0,0,0,0,0
1990,35,1,2,1,0,0,0,0,0,0
1990,61,1,0,0,0,0,413,6,56,1
1990,61,2,0,0,0,0,687,1,40,0
1990,32,1,0,0,0,0,567,0,40,0
1990,29,2,0,0,0,0,313,5,40,0
1990,35,1,0,0,0,0,796,2,40,0
1990,32,2,0,0,0,0,435,3,26,0
1990,45,1,0,0,0,1,276,3,50,0
1990,39,2,0,0,0,0,313,5,40,0
1990,25,1,0,2,0,0,505,3,99,0
1990,24,2,0,0,0,1,17,3,99,0
1990,27,2,0,2,0,0,268,3,50,0
1990,27,1,0,0,0,0,637,6,40,0
1990,60,1,0,0,0,1,243,3,55,0
1990,57,2,0,0,0,1,22,3,30,0
1990,31,2,1,0,0,1,95,5,30,0
1990,30,1,0,0,1,1,176,5,20,0
1990,34,2,0,0,1,1,313,4,40,0
1990,41,1,0,0,1,0,558,0,40,0
1990,41,2,0,0,0,0,0,0,0,0
1990,18,1,0,0,0,0,869,0,32,0
1990,19,2,0,0,0,0,436,3,0,0
1990,61,2,2,0,0,0,447,5,30,0
1990,38,1,2,0,0,0,687,3,40,0
1990,72,1,3,0,0,0,0,0,0,0
1990,41,1,0,0,0,1,383,4,48,0
1990,41,2,0,0,0,1,156,5,38,0
1990,45,1,0,2,0,1,274,3,50,0
1990,43,2,0,2,1,1,0,0,0,0
1990,18,2,1,2,0,0,435,3,26,0
1990,27,1,0,0,0,1,505,3,40,0
1990,30,2,0,0,0,1,313,5,20,0
1990,28,1,0,0,0,0,849,0,40,0
1990,29,2,0,0,2,0,379,1,40,0
1990,20,1,1,1,0,0,785,1,0,0
1990,33,2,2,0,0,1,174,5,20,0
1990,32,2,3,0,0,0,436,3,35,0
1990,57,1,1,0,1,0,869,0,35,0
1990,22,1,1,0,0,1,389,6,45,0
1990,18,2,1,1,0,0,436,6,0,0
1990,38,1,3,0,0,1,905,6,48,0
1990,31,1,0,0,0,1,95,5,45,0
1990,42,2,0,0,0,1,318,6,40,0
1990,19,1,1,0,0,1,486,5,36,0
1990,35,1,1,2,1,0,869,0,35,0
1990,32,2,1,2,1,0,0,0,0,0
1990,49,1,0,0,0,1,259,3,40,0
1990,48,2,0,0,0,0,313,5,40,0
1990,23,1,1,0,0,1,589,0,20,0
1990,20,1,1,0,0,1,567,0,40,0
1990,71,2,3,0,0,0,0,0,0,0
1990,30,2,3,0,0,0,447,5,35,0
1990,38,1,2,2,0,0,505,3,0,0
1990,78,1,0,0,0,1,0,0,0,0
1990,69,2,0,0,0,0,0,0,0,0
1990,41,1,0,0,0,1,785,1,40,0
1990,27,2,0,2,0,1,337,4,40,0
1990,46,1,0,0,0,1,85,5,45,1
1990,43,2,0,0,0,1,0,0,0,0
1990,39,2,1,2,1,0,407,4,45,0
1990,23,1,0,0,0,0,759,3,40,0
1990,23,2,0,0,0,0,467,5,0,0
1990,65,1,0,0,0,0,23,5,45,1
1990,53,2,0,0,0,1,274,3,30,0
1990,70,2,3,0,0,1,0,0,0,1
1990,29,1,0,1,0,1,856,1,40,0
1990,28,2,0,1,0,1,447,5,40,0
1990,32,1,1,1,0,0,444,5,40,0
1990,39,1,2,0,0,0,885,3,50,0
1990,60,2,2,1,0,0,95,5,7,0
1990,26,2,1,1,0,0,0,0,0,0
1990,20,2,1,1,0,0,0,0,0,0
1990,19,2,1,1,0,0,447,5,0,0
1990,59,2,2,1,0,0,469,5,40,0
1990,25,1,2,1,0,0,866,0,0,0
1990,58,2,3,1,0,1,447,5,0,0
1990,33,1,3,1,0,0,0,0,0,0
1990,62,2,3,0,4,1,156,5,40,0
1990,64,1,0,0,0,1,159,6,40,0
1990,59,2,0,0,0,0,754,1,40,0
1990,29,2,0,1,0,1,389,4,50,0
1990,27,1,0,1,0,0,804,1,55,0
1990,31,1,3,0,0,0,185,4,40,0
1990,18,2,1,3,0,0,276,3,10,0
1990,22,1,1,0,0,1,73,5,28,0
1990,33,1,0,0,0,1,178,5,50,0
1990,27,2,0,0,0,1,375,4,38,0
1990,65,1,0,0,0,0,567,1,40,1
1990,64,2,0,0,0,0,0,0,0,0
1990,51,1,1,0,0,1,18,4,20,0
1990,49,2,2,0,0,0,17,3,40,0
1990,19,2,1,0,0,1,135,5,10,0
1990,34,2,2,2,0,0,365,5,40,0
1990,28,2,1,0,0,1,174,6,40,0
1990,32,1,0,0,0,1,22,3,58,0
1990,27,2,0,0,2,1,365,3,30,0
1990,62,1,2,0,0,0,27,1,24,0
1990,19,2,1,0,0,0,276,3,30,0
1990,28,1,0,0,0,0,734,3,40,0
1990,35,1,0,0,0,0,579,0,40,0
1990,34,2,0,0,0,0,744,1,40,0
1990,18,1,1,0,0,0,443,3,20,0
1990,34,1,0,2,0,1,579,4,40,0
1990,32,2,0,2,0,1,315,4,40,0
1990,44,1,0,2,1,0,549,4,0,0
1990,41,2,0,2,1,0,0,0,0,0
1990,51,1,0,0,0,1,303,6,40,0
1990,46,2,0,0,0,0,313,5,40,0
1990,21,1,1,0,0,1,274,3,38,0
1990,55,2,2,2,0,1,207,5,40,0
1990,24,2,1,2,0,0,0,0,0,0
1990,67,2,3,0,0,1,0,0,0,0
1990,39,2,1,0,0,1,308,4,50,1
1990,48,1,3,0,1,1,5,6,20,1
1990,35,1,0,2,0,1,207,5,40,0
1990,32,2,0,2,0,1,313,5,40,0
1990,27,1,0,0,0,1,243,3,0,0
1990,24,2,0,0,0,1,276,3,0,0
1990,64,1,0,0,0,0,689,3,40,0
1990,60,2,0,0,0,0,796,3,20,0
1990,21,2,1,0,0,0,785,6,40,0
1990,23,1,1,0,0,0,505,3,40,0
1990,65,1,0,0,0,0,804,0,45,0
1990,51,2,0,0,0,0,0,0,0,0
1990,69,1,0,0,0,0,0,0,0,0
1990,69,2,0,0,1,0,0,0,0,0
1990,29,1,1,0,0,0,883,6,40,0
1990,40,2,2,0,0,0,0,0,0,0
1990,54,1,1,0,0,0,869,0,20,0
1990,57,2,3,0,0,0,0,0,0,0
1990,62,1,0,0,0,0,783,3,40,0
1990,56,2,0,0,1,0,0,0,0,0
1990,18,2,1,0,0,0,0,0,0,0
1990,29,1,3,0,0,0,235,2,40,0
1990,21,2,3,0,0,1,274,3,0,0
1990,65,1,0,2,0,0,0,0,0,0
1990,52,2,0,2,0,0,436,5,8,0
1990,21,1,3,2,0,0,426,5,40,0
1990,44,1,0,0,0,0,514,3,40,0
1990,39,2,0,0,0,0,8,4,48,0
1990,71,2,1,0,1,0,0,0,0,0
1990,52,2,1,0,0,0,373,3,37,0
1990,77,1,3,0,0,0,0,0,0,0
1990,35,2,2,0,0,0,443,3,38,0
1990,37,1,3,1,0,0,486,0,40,0
1990,43,1,0,2,1,0,869,0,99,0
1990,40,2,0,2,1,0,407,4,32,0
1990,28,1,0,0,0,1,84,5,60,0
1990,27,2,0,0,0,1,95,5,40,0
1990,51,1,0,0,0,1,7,3,40,0
1990,50,2,0,0,0,0,343,4,37,0
1990,26,1,0,3,0,0,853,2,40,0
1990,23,2,0,3,0,0,744,1,40,0
1990,38,1,0,0,0,0,579,0,0,0
1990,50,2,0,0,0,0,449,4,0,0
1990,24,2,1,0,0,0,438,3,25,0
1990,32,1,1,0,0,0,777,3,40,0
1990,39,1,0,0,0,0,804,0,70,0
1990,45,2,0,0,0,1,0,0,0,0
1990,64,2,3,0,0,0,909,6,0,0
1990,54,1,0,0,0,1,25,4,0,0
1990,51,2,0,0,0,1,337,5,40,0
1990,20,2,1,0,0,0,0,0,0,0
1990,20,1,1,0,0,0,686,3,35,0
1990,46,2,2,0,0,1,22,6,40,0
1990,19,2,1,0,0,0,406,4,0,0
1990,56,1,0,2,0,0,809,2,40,0
1990,51,2,0,2,0,0,319,5,60,0
1990,26,1,1,2,0,0,505,4,40,0
1990,19,2,1,2,0,1,0,0,0,0
1990,35,2,2,0,0,1,14,5,50,0
1990,58,1,0,0,0,1,14,5,40,1
1990,58,2,0,0,0,1,0,0,0,0
1990,24,2,1,0,4,1,329,5,40,0
1990,31,1,1,0,0,0,0,0,0,0
1990,29,1,0,0,0,1,549,2,40,0
1990,30,2,0,0,0,1,313,5,40,0
1990,38,1,0,2,0,0,508,6,40,0
1990,38,2,0,2,0,0,0,0,0,0
1990,29,2,2,0,0,0,447,4,40,0
1990,62,2,0,0,0,0,467,4,20,0
1990,62,1,0,0,0,0,667,3,0,0
1990,50,1,0,1,0,1,64,6,40,0
1990,50,2,0,1,0,0,185,3,0,0
1990,28,2,1,1,0,1,313,6,40,0
1990,44,1,0,0,0,1,355,2,20,0
1990,36,2,0,0,2,1,277,3,35,0
1990,36,1,0,0,0,1,22,0,60,0
1990,35,2,0,0,0,0,337,5,40,0
1990,26,1,0,1,0,0,505,1,0,0
1990,24,2,0,1,0,0,0,0,0,0
1990,32,1,0,0,2,1,213,5,40,0
1990,28,2,0,0,0,1,313,4,40,0
1990,29,1,1,2,0,1,243,3,40,0
1990,28,2,2,2,0,0,243,3,40,0
1990,53,2,2,2,1,1,203,5,40,0
1990,23,1,1,2,0,1,385,5,35,0
1990,33,2,1,0,0,1,154,5,40,0
1990,38,1,0,0,0,1,354,2,48,0
1990,30,2,0,0,0,0,337,4,40,0
1990,35,1,0,0,0,1,785,3,40,0
1990,32,2,0,0,0,0,313,4,40,0
1990,25,2,3,2,2,0,364,6,36,0
1990,38,1,0,0,1,0,453,4,40,0
1990,32,2,0,0,1,0,0,0,0,0
1990,65,2,3,0,0,0,0,0,0,0
1990,29,1,0,0,0,0,13,4,50,0
1990,26,2,0,0,0,0,335,4,40,0
1990,53,1,0,0,0,1,243,6,40,0
1990,55,2,0,0,0,0,785,1,0,0
1990,31,2,2,0,0,1,313,6,40,0
1990,25,1,0,0,0,1,453,4,40,0
1990,19,2,0,0,1,0,313,1,8,0
1990,26,1,0,0,0,0,687,3,40,0
1990,27,2,0,0,0,0,0,0,0,0
1990,37,1,2,0,0,1,453,0,20,0
1990,73,1,0,0,0,0,0,0,0,0
1990,71,2,0,0,0,0,0,0,0,0
1990,27,1,0,0,0,1,579,0,75,0
1990,27,2,0,0,0,1,204,5,40,0
1990,62,2,3,0,0,1,337,5,20,0
1990,35,2,0,0,0,1,73,1,45,0
1990,35,1,0,0,0,1,218,4,40,0
1990,30,1,2,0,0,1,523,6,40,0
1990,80,2,3,0,0,0,0,0,0,0
1990,51,1,0,0,0,1,22,2,40,1
1990,52,2,0,0,0,0,0,0,0,0
1990,53,2,2,0,0,1,259,3,46,0
1990,30,1,0,0,0,0,243,3,40,0
1990,29,2,0,0,0,0,313,5,0,0
1990,48,1,3,0,1,1,15,5,40,1
1990,40,1,0,0,0,0,436,3,40,0
1990,35,2,0,3,3,1,22,3,40,0
1990,57,2,3,3,3,0,0,0,0,0
1990,22,1,1,1,0,1,253,4,40,0
1990,33,1,0,0,0,1,259,3,60,1
1990,32,2,0,0,0,1,178,4,60,1
1990,72,1,0,0,0,1,734,1,8,0
1990,74,2,0,0,0,1,0,0,0,0
1990,72,1,0,0,0,0,0,0,0,0
1990,72,2,0,0,0,0,0,0,0,0
1990,74,2,2,0,0,1,0,0,0,0
1990,39,2,1,0,0,0,785,5,30,0
1990,22,2,1,1,0,0,785,5,30,0
1990,29,2,1,3,0,1,229,4,38,0
1990,31,2,1,3,0,1,547,5,60,0
1990,54,2,2,0,0,1,156,5,99,0
1990,24,2,1,0,0,1,159,5,40,0
1990,19,2,1,0,0,1,276,3,25,0
1990,22,2,1,0,0,1,276,3,12,0
1990,49,1,0,0,0,1,53,0,55,1
1990,47,2,0,0,0,1,0,0,0,0
1990,21,2,1,0,0,1,185,3,15,0
1990,28,2,1,0,0,0,335,4,99,0
1990,53,1,0,0,0,1,84,5,60,1
1990,51,2,0,0,0,1,0,0,0,0
1990,50,1,0,0,0,1,25,5,40,1
1990,43,2,0,0,0,1,22,4,40,0
1990,19,1,0,0,2,1,22,4,20,1
1990,70,2,0,0,2,0,0,0,0,0
1990,48,1,0,0,0,1,86,0,60,0
1990,33,2,0,0,0,1,86,0,40,0
1990,35,1,1,3,0,1,253,4,60,0
1990,28,2,1,1,0,1,95,5,80,0
1990,26,2,1,0,0,1,313,5,45,0
1990,24,2,0,0,0,1,313,5,40,0
1990,25,1,0,0,0,1,453,5,40,0
1990,31,2,2,0,0,0,7,5,40,0
1990,30,1,0,0,0,1,7,5,40,0
1990,28,2,0,0,0,1,243,4,40,0
1990,37,1,2,0,0,1,549,5,40,0
1990,36,2,2,0,0,1,154,5,40,0
1990,28,2,1,0,0,1,21,5,40,0
1990,49,2,2,0,0,1,37,5,48,0
1990,40,2,1,2,0,1,22,5,40,0
1990,27,2,1,2,0,0,308,3,40,0
1990,37,1,0,0,0,1,9,0,40,0
1990,40,2,0,0,0,1,315,5,40,0
1990,78,1,0,0,0,0,5,6,40,0
1990,75,2,0,0,0,1,0,0,0,0
1990,40,1,0,0,0,0,889,2,50,0
1990,32,2,0,0,0,0,375,4,45,0
1990,18,2,1,0,0,1,379,3,40,0
1990,45,1,2,0,0,1,7,4,0,0
1990,34,2,2,0,0,0,37,5,50,0
1990,29,2,1,0,0,0,18,4,50,0
1990,38,1,0,0,0,1,176,5,45,0
1990,38,2,0,0,0,1,0,0,0,0
1990,61,1,0,0,1,1,259,3,45,1
1990,52,2,0,0,2,0,0,0,0,0
1990,20,2,1,0,1,1,175,4,72,0
1990,39,1,0,0,0,1,558,0,50,0
1990,37,2,0,0,0,1,22,2,50,1
1990,64,2,3,0,2,0,0,0,0,0
1990,47,2,0,0,0,1,229,4,40,1
1990,46,1,0,0,0,1,64,4,40,1
1990,24,2,1,0,0,1,156,5,40,0
1990,25,2,1,0,0,1,185,3,40,0
1990,42,1,0,0,0,1,808,2,40,0
1990,34,2,0,0,0,1,187,5,40,0
1990,40,2,1,0,0,1,15,5,55,0
1990,37,1,0,0,0,1,877,3,40,0
1990,33,2,0,0,0,1,22,6,40,0
1990,41,1,0,0,0,1,903,6,45,0
1990,40,2,0,0,0,1,159,4,15,0
1990,43,1,0,0,0,1,13,4,40,1
1990,40,2,0,0,1,1,0,0,0,0
1990,70,1,0,0,0,0,29,3,30,0
1990,68,2,0,0,0,0,0,0,0,0
1990,25,1,0,2,0,1,883,2,55,0
1990,23,2,0,2,0,0,313,5,40,0
1990,62,2,0,0,0,0,0,0,0,0
1990,64,1,0,0,0,1,22,3,0,0
1990,52,1,0,0,0,1,7,4,40,0
1990,46,2,0,0,0,1,313,5,30,0
1990,43,2,0,0,0,1,95,5,56,1
1990,52,1,0,0,0,0,263,3,60,0
1990,79,2,3,0,0,0,804,2,15,0
1990,21,2,1,0,0,0,435,3,24,0
1990,20,2,1,0,0,1,447,5,35,0
1990,52,1,0,0,0,1,22,2,50,1
1990,48,2,0,0,0,1,0,0,0,0
1990,21,2,1,0,0,1,461,5,20,0
1990,25,2,1,3,3,1,64,6,40,0
1990,47,2,1,2,0,0,95,5,40,0
1990,33,2,1,0,0,1,156,5,40,0
1990,44,1,0,0,0,1,243,3,59,0
1990,43,2,0,0,0,0,337,3,30,0
1990,18,1,1,0,0,0,0,0,0,0
1990,26,2,1,0,0,0,888,4,0,0
1990,30,1,0,0,0,1,27,1,60,0
1990,31,2,0,0,0,1,0,0,0,0
1990,71,2,0,0,2,0,313,5,40,0
1990,62,2,3,0,0,1,22,5,40,0
1990,70,2,3,0,0,0,0,0,0,0
1990,30,1,0,0,0,1,575,2,40,0
1990,28,2,0,0,0,1,204,5,35,0
1990,33,1,0,0,0,0,549,2,40,0
1990,32,2,0,0,0,1,259,3,35,0
1990,68,2,3,0,0,0,365,5,40,0
1990,31,1,0,0,0,0,17,4,60,0
1990,24,2,0,0,0,1,379,5,25,0
1990,56,1,0,0,0,1,355,2,40,0
1990,54,2,0,0,0,1,347,3,0,0
1990,51,1,0,0,0,1,178,5,60,1
1990,45,2,0,0,0,1,159,3,40,0
1990,43,2,1,0,0,1,156,5,12,0
1990,58,2,0,0,0,1,163,5,0,0
1990,21,2,1,0,0,0,276,3,35,0
1990,27,2,3,0,0,0,276,3,40,0
1990,21,1,1,0,0,0,436,3,40,0
1990,28,2,0,0,0,1,23,4,45,0
1990,27,1,0,0,0,0,505,4,40,0
1990,27,2,2,0,0,1,243,3,20,0
1990,58,2,3,0,0,1,254,4,48,1
1990,47,1,3,0,0,1,259,0,40,0
1990,25,1,1,0,0,1,23,5,45,0
1990,25,2,1,0,0,0,383,4,40,0
1990,31,1,0,0,0,1,7,4,40,1
1990,31,2,0,0,0,1,178,5,0,0
1990,63,1,2,0,0,1,0,0,0,0
1990,51,1,3,0,0,1,243,3,45,0
1990,48,2,3,1,0,1,163,5,40,0
1990,27,2,1,0,0,0,313,5,40,0
1990,65,1,0,0,0,0,235,2,20,0
1990,68,2,0,0,0,1,447,5,40,0
1990,34,1,1,0,0,1,255,4,60,0
1990,42,1,0,0,0,1,167,5,99,1
1990,43,2,0,0,0,1,313,5,0,0
1990,42,1,0,0,0,1,178,5,55,1
1990,42,2,0,0,0,1,23,5,15,0
1990,18,1,1,0,0,0,547,6,40,0
1990,20,1,1,0,0,1,27,6,16,0
1990,21,1,1,0,0,1,904,6,45,0
1990,24,1,1,3,3,1,446,6,50,0
1990,18,1,3,0,0,0,844,6,20,0
1990,21,1,0,1,0,1,338,6,50,0
1990,22,2,0,1,0,1,313,5,40,0
1990,22,1,1,0,0,1,169,6,45,0
1990,36,1,0,0,2,1,22,6,65,0
1990,41,2,0,0,0,1,306,6,45,0
1990,23,2,1,0,0,0,458,4,45,0
1990,19,2,1,0,0,1,337,2,20,0
1990,48,1,0,0,0,1,8,6,60,1
1990,47,2,0,0,0,1,0,0,0,0
1990,46,1,0,0,0,1,254,4,40,0
1990,45,2,0,0,0,1,37,4,0,0
1990,45,1,0,0,0,1,243,3,45,0
1990,46,2,0,0,0,0,365,3,40,0
1990,23,1,1,0,0,0,889,3,40,0
1990,47,1,0,0,3,0,235,4,80,0
1990,43,2,0,0,0,1,95,5,32,0
1990,28,1,0,0,0,0,869,2,40,0
1990,29,2,0,0,0,0,335,4,0,0
1990,47,1,0,0,0,0,26,3,40,0
1990,46,2,0,0,0,1,466,5,20,0
1990,48,1,0,0,0,1,844,6,60,1
1990,37,2,0,0,0,1,315,4,0,0
1990,49,1,1,2,0,0,507,3,40,0
1990,54,1,0,2,0,0,475,0,10,0
1990,51,2,0,2,0,0,0,0,0,0
1990,21,2,1,2,0,0,435,3,40,0
1990,35,1,0,0,0,1,423,6,40,0
1990,34,2,0,0,0,1,156,5,0,0
1990,46,1,0,0,0,0,477,0,40,0
1990,46,2,0,0,0,0,436,5,40,0
1990,20,2,1,0,0,1,406,4,0,0
1990,38,1,2,0,0,0,479,0,12,0
1990,79,1,0,0,0,0,0,0,0,0
1990,68,2,0,0,0,0,0,0,0,0
1990,23,1,0,0,0,1,453,6,40,0
1990,21,2,0,0,0,1,0,0,0,0
1990,48,2,3,0,0,0,0,0,0,0
1990,29,1,1,0,0,0,0,0,0,0
1990,41,2,2,0,0,1,163,5,40,0
1990,56,1,0,0,0,0,243,3,24,0
1990,54,2,0,0,0,0,14,5,40,0
1990,62,1,0,0,0,1,36,6,40,0
1990,52,2,0,0,0,0,26,1,40,0
1990,29,1,0,0,0,1,379,6,40,0
1990,26,2,0,0,0,0,274,3,40,0
1990,32,1,2,0,0,1,267,3,52,0
1990,40,2,3,0,0,0,243,3,50,0
1990,31,2,1,0,2,1,365,3,30,0
1990,20,1,1,0,0,1,335,3,30,0
1990,70,1,0,0,0,1,0,0,0,1
1990,64,2,0,0,0,1,0,0,0,0
1990,41,1,0,3,0,1,174,5,45,0
1990,42,2,0,3,3,0,796,1,50,0
1990,72,2,3,3,3,0,0,0,0,0
1990,43,1,0,0,0,1,208,5,40,0
1990,44,2,0,0,0,1,25,6,40,0
1990,23,1,1,0,2,0,869,0,0,0
1990,57,1,0,0,0,1,354,2,40,0
1990,52,2,0,0,0,1,337,3,16,0
1990,30,1,0,0,0,0,43,0,30,0
1990,30,2,0,0,0,0,0,0,0,0
1990,27,1,2,0,0,0,486,0,20,0
1990,35,2,1,1,0,0,426,4,40,0
1990,68,1,0,0,0,1,64,6,0,0
1990,69,2,0,0,0,1,0,0,0,0
1990,31,1,0,0,0,0,796,0,45,0
1990,26,2,0,0,0,0,337,1,40,0
1990,38,1,0,1,0,1,23,3,46,0
1990,37,2,0,1,0,0,29,3,0,0
1990,40,1,2,0,0,0,503,3,40,0
1990,57,2,3,0,0,0,313,5,40,0
1990,40,2,0,0,0,0,313,2,40,0
1990,33,1,0,0,0,0,505,3,45,0
1990,30,1,0,0,0,1,153,6,40,0
1990,28,2,0,0,0,1,0,0,0,0
1990,42,1,2,3,0,1,137,5,60,0
1990,54,1,1,0,0,1,64,6,40,0
1990,54,1,0,0,0,1,154,5,40,1
1990,51,2,0,0,0,1,0,0,0,0
1990,26,1,1,0,0,1,329,1,40,0
1990,32,2,1,0,0,0,313,5,40,0
1990,39,1,2,0,0,0,257,0,40,0
1990,42,1,0,0,0,1,213,1,0,0
1990,32,2,0,0,0,0,449,4,33,0
1990,42,1,1,0,0,1,257,1,0,0
1990,61,1,0,0,0,0,877,1,0,0
1990,57,2,0,0,0,1,473,0,35,0
1990,64,2,3,0,0,1,0,0,0,0
1990,27,1,1,0,0,1,226,6,70,0
1990,25,1,0,0,0,1,303,6,50,0
1990,19,2,0,0,0,0,313,6,40,0
1990,26,1,0,2,0,0,508,6,40,0
1990,28,2,0,2,0,1,95,5,0,0
1990,55,1,0,0,0,1,355,2,40,0
1990,45,2,0,0,0,0,808,5,20,0
1990,54,1,0,0,0,1,549,6,40,0
1990,55,2,0,0,0,1,14,5,0,0
1990,55,1,3,0,0,1,64,6,40,0
1990,18,2,1,0,0,0,0,0,0,0
1990,75,2,3,0,0,1,0,0,0,0
1990,38,2,2,0,0,1,328,2,40,0
1990,26,1,0,0,0,0,486,4,40,0
1990,34,2,0,0,0,0,436,3,0,0
1990,48,1,0,0,0,1,22,4,55,0
1990,35,2,0,0,0,1,174,5,40,0
1990,22,1,1,0,3,1,268,3,35,0
1990,19,2,1,0,0,1,274,3,30,0
1990,67,2,3,2,0,0,0,0,0,0
1990,23,2,1,2,0,0,0,0,0,0
1990,21,1,1,2,0,0,259,3,25,0
1990,27,1,1,2,0,0,486,0,40,0
1990,30,1,1,2,0,0,567,0,10,0
1990,26,1,1,2,0,0,436,3,0,0
1990,53,1,0,0,0,1,64,6,43,0
1990,47,2,0,0,0,0,156,5,20,0
1990,43,2,2,0,0,0,313,1,40,0
1990,22,2,1,0,0,0,466,5,30,0
1990,34,1,0,0,0,1,23,5,40,1
1990,30,2,0,0,0,1,205,5,24,0
1990,28,1,1,0,0,1,154,5,40,0
1990,29,2,1,0,0,1,389,1,40,0
1990,53,1,0,0,0,1,25,4,40,0
1990,44,2,0,0,0,0,27,4,45,0
1990,45,2,0,0,0,0,337,4,38,0
1990,57,1,0,0,0,1,243,3,60,0
1990,24,1,1,0,0,1,615,0,40,0
1990,19,1,1,0,0,0,866,0,40,0
1990,41,1,0,0,0,1,83,5,60,1
1990,47,2,0,0,0,1,0,0,0,0
1990,44,1,0,0,0,1,22,0,50,0
1990,45,2,0,0,0,1,156,5,40,0
1990,50,1,0,0,0,1,0,0,0,0
1990,34,2,0,0,0,1,0,0,0,0
1990,18,2,1,0,0,1,0,0,0,0
1990,43,1,0,0,0,1,417,6,56,0
1990,37,2,0,0,0,1,313,5,40,0
1990,25,1,0,0,0,0,853,0,50,0
1990,25,2,0,0,1,1,313,5,40,0
1990,61,1,0,0,0,0,585,1,12,0
1990,59,2,0,0,0,0,0,0,0,0
1990,37,1,0,0,0,1,869,2,40,0
1990,36,2,0,0,0,1,25,4,50,0
1990,26,1,0,0,0,1,243,3,75,0
1990,27,2,0,0,0,0,0,0,0,0
1990,55,1,0,0,0,1,25,4,16,0
1990,52,2,0,0,0,1,33,5,40,0
1990,41,2,1,0,0,1,156,5,99,0
1990,42,2,2,0,0,0,313,1,40,0
1990,61,1,0,0,0,0,0,0,0,0
1990,55,2,0,0,0,0,0,0,0,0
1990,32,1,1,0,0,1,64,1,40,0
1990,73,1,0,0,0,0,856,1,40,0
1990,67,2,0,0,0,0,0,0,0,0
1990,43,2,2,0,0,1,313,1,40,0
1990,47,1,0,0,0,1,86,0,60,0
1990,45,2,0,0,0,1,156,5,35,0
1990,47,2,2,0,0,1,95,5,40,0
1990,51,1,2,0,0,1,259,1,50,0
1990,61,1,0,0,0,1,0,0,0,1
1990,53,2,0,0,0,1,0,0,0,0
1990,23,2,1,0,0,1,155,5,8,0
1990,45,1,3,2,1,0,486,0,48,0
1990,75,2,3,0,0,1,0,0,0,0
1990,52,1,0,0,0,0,276,3,72,0
1990,41,2,0,0,0,0,276,3,60,0
1990,28,2,2,0,0,1,276,3,40,0
1990,33,1,2,2,0,1,453,0,40,0
1990,58,1,0,0,0,0,355,2,50,0
1990,53,2,0,0,0,0,337,5,20,0
1990,33,1,0,1,0,1,477,0,40,0
1990,30,2,0,0,0,0,337,5,35,0
1990,41,1,1,2,0,1,263,3,30,0
1990,32,2,0,0,0,1,0,0,0,0
1990,32,1,0,0,0,1,824,0,40,0
1990,54,1,0,0,0,0,507,4,0,0
1990,52,2,0,0,0,0,0,0,0,0
1990,46,1,0,0,0,1,259,3,45,1
1990,43,2,0,0,0,1,487,0,40,0
1990,32,1,0,2,0,1,547,6,40,0
1990,32,2,0,2,0,1,156,5,40,0
1990,66,2,3,0,0,0,0,0,0,0
1990,26,1,1,0,0,0,869,0,40,0
1990,20,1,3,0,1,0,628,1,84,0
1990,26,2,1,0,1,0,436,3,32,0
1990,21,2,1,0,4,0,337,3,37,0
1990,66,1,2,0,0,0,757,1,0,0
1990,41,2,3,0,0,0,909,6,0,0
1990,55,1,0,2,0,0,453,1,55,0
1990,58,2,0,2,0,0,453,4,99,0
1990,37,2,2,0,0,0,754,0,30,0
1990,58,2,3,0,1,0,0,0,0,0
1990,32,1,0,0,1,0,479,0,30,0
1990,74,2,3,0,0,1,0,0,0,0
1990,49,1,1,0,0,1,178,5,40,1
1990,70,2,3,1,0,0,0,0,0,0
1990,34,1,0,1,0,0,779,1,48,0
1990,41,2,0,1,0,1,418,6,40,0
1990,44,1,2,0,0,1,387,5,40,0
1990,29,1,1,0,0,0,22,3,60,0
1990,75,1,0,0,0,0,0,0,0,0
1990,76,2,0,0,0,0,0,0,0,0
1990,24,1,0,0,0,0,744,1,40,0
1990,24,2,0,0,0,1,337,1,40,0
1990,57,1,0,0,0,1,194,5,24,0
1990,53,2,0,0,0,1,313,5,20,0
1990,24,1,1,0,0,1,317,4,40,0
1990,32,1,0,0,0,0,804,1,30,0
1990,32,2,0,0,0,0,447,5,40,0
1990,62,2,2,0,0,0,447,4,30,0
1990,37,1,0,0,0,0,647,1,40,0
1990,36,2,0,0,0,1,407,4,45,0
1990,36,1,1,0,0,1,129,5,40,0
1990,35,1,1,0,0,1,156,5,40,0
1990,29,2,2,0,0,0,785,1,0,0
1990,29,1,2,0,0,0,887,3,70,0
1990,27,2,1,0,0,0,449,4,0,0
1990,61,2,3,0,0,1,467,5,1,0
1990,38,2,2,0,0,0,909,6,0,0
1990,27,1,0,0,0,0,804,3,80,0
1990,26,2,0,0,0,0,22,1,45,0
1990,38,1,0,1,0,1,216,6,40,0
1990,37,2,0,1,0,1,328,6,40,0
1990,29,2,1,1,0,0,453,5,0,0
1990,60,1,0,0,0,0,453,5,32,0
1990,47,2,0,0,0,1,134,5,40,0
1990,19,2,1,0,2,0,456,5,38,0
1990,50,2,3,0,0,0,17,5,36,0
1990,32,2,2,2,0,0,453,1,30,0
1990,33,1,0,0,0,0,22,3,45,0
1990,36,2,0,0,0,0,337,5,43,0
1990,18,2,1,0,0,0,276,5,30,0
1990,69,1,0,0,0,0,426,4,0,0
1990,56,2,0,3,3,1,744,1,0,0
1990,48,1,2,0,0,1,44,1,55,1
1990,36,1,0,0,0,1,783,0,40,0
1990,30,2,0,0,0,1,473,0,20,0
1990,35,2,3,0,0,1,444,5,33,0
1990,61,1,0,0,0,1,178,6,50,1
1990,58,2,0,0,0,1,264,3,0,0
1990,49,1,0,0,0,1,584,0,52,0
1990,42,2,0,0,0,0,0,0,0,0
1990,21,1,0,0,0,1,475,0,99,0
1990,21,2,0,0,0,1,479,0,99,0
1990,29,1,1,0,0,0,486,0,40,0
1990,35,1,0,0,0,1,89,5,80,1
1990,34,2,0,0,0,1,22,5,0,0
1990,70,1,0,0,0,0,473,0,10,0
1990,65,2,0,0,0,0,474,0,0,0
1990,50,1,0,0,1,0,869,0,0,0
1990,51,2,0,0,0,1,436,6,0,0
1990,22,1,1,0,0,1,359,6,38,0
1990,20,1,1,0,0,1,359,6,40,0
1990,70,2,3,0,1,0,407,4,32,0
1990,39,2,3,2,0,0,447,5,32,0
1990,18,2,1,2,0,0,0,0,0,0
1990,47,1,0,2,0,0,479,0,32,0
1990,48,2,0,2,0,0,0,0,0,0
1990,40,1,0,0,0,1,505,3,50,0
1990,37,2,0,0,0,0,449,4,25,0
1990,73,1,0,0,0,0,174,6,0,0
1990,70,2,0,0,0,0,0,0,0,0
1990,29,1,0,0,0,0,804,1,52,0
1990,30,2,0,0,0,0,444,3,8,0
1990,55,2,2,0,0,0,436,3,99,0
1990,21,1,1,0,0,0,779,1,9,0
1990,18,1,1,0,0,0,0,0,0,0
1990,42,1,3,0,1,0,453,5,40,0
1990,54,2,2,0,0,1,313,3,40,0
1990,59,1,0,0,0,0,518,1,40,0
1990,57,2,0,0,0,0,0,0,0,0
1990,45,1,0,0,0,0,848,0,20,0
1990,43,2,0,0,0,0,436,3,20,0
1990,56,1,0,0,0,1,156,5,40,0
1990,48,2,0,0,0,0,319,2,40,0
1990,41,1,0,0,0,0,695,2,99,0
1990,34,2,0,0,0,0,475,0,99,0
1990,34,1,0,0,0,0,303,2,40,0
1990,33,2,0,0,0,0,313,0,40,0
1990,63,1,0,0,0,1,328,6,20,0
1990,59,2,0,0,0,0,274,3,0,0
1990,37,1,0,0,0,0,567,0,0,0
1990,32,2,0,0,0,0,0,0,0,0
1990,72,2,3,0,1,0,0,0,0,0
1990,78,2,3,0,0,0,0,0,0,0
1990,49,1,0,0,0,0,453,4,0,0
1990,51,2,0,0,0,0,405,4,0,0
1990,24,1,3,0,0,0,804,0,72,0
1990,21,2,3,0,0,0,453,3,0,0
1990,23,1,1,0,0,0,579,4,50,0
1990,43,2,3,2,0,0,276,3,40,0
1990,26,1,1,2,0,1,22,6,40,0
1990,21,1,1,2,0,1,885,3,15,0
1990,57,1,0,0,0,1,355,2,40,0
1990,74,2,0,0,0,0,0,0,0,0
1990,71,1,0,0,0,0,0,0,0,0
1990,65,2,2,0,0,1,0,0,0,0
1990,43,1,0,0,0,1,84,5,50,1
1990,42,2,0,0,0,1,0,0,0,0
1990,62,1,3,0,0,1,179,6,45,1
1990,74,2,3,0,0,0,0,0,0,0
1990,35,2,2,0,0,1,22,5,40,0
1990,49,1,0,0,0,1,177,5,70,0
1990,42,2,0,0,0,0,337,5,70,0
1990,48,2,3,0,0,0,475,0,48,0
1990,68,1,0,0,0,1,47,0,48,1
1990,66,2,0,0,0,1,479,0,0,0
1990,32,1,0,0,0,0,446,5,40,0
1990,31,2,0,0,0,1,21,5,30,0
1990,47,1,0,0,0,1,259,1,40,0
1990,43,2,0,0,0,0,253,4,0,0
1990,63,2,3,0,0,0,0,0,0,0
1990,55,1,0,0,0,1,243,4,40,0
1990,40,2,0,2,0,1,389,5,40,0
1990,31,2,3,2,1,0,447,5,40,0
1990,66,1,0,0,0,0,0,0,0,0
1990,63,2,0,0,0,0,339,2,0,0
1990,34,1,0,0,0,1,418,6,40,1
1990,28,2,0,0,0,0,197,4,40,0
1990,61,1,0,0,0,0,855,3,40,0
1990,53,2,0,0,0,0,155,5,20,0
1990,63,1,0,0,0,0,567,0,40,0
1990,59,2,0,0,0,0,748,4,50,0
1990,44,2,3,0,0,0,453,5,20,0
1990,32,1,0,0,0,0,17,4,30,0
1990,30,2,0,0,0,1,449,4,40,0
1990,64,1,0,0,0,0,303,6,0,0
1990,58,2,0,0,0,1,274,3,15,0
1990,51,1,0,0,0,1,84,5,40,1
1990,48,2,0,0,0,1,26,5,5,0
1990,63,2,2,0,0,1,253,4,0,0
1990,44,1,2,0,0,1,485,1,40,0
1990,63,2,3,0,0,0,0,0,0,0
1990,76,1,0,0,0,1,276,3,0,0
1990,74,2,0,0,0,1,0,0,0,0
1990,43,1,0,2,1,0,567,6,42,0
1990,46,2,0,2,1,0,479,0,40,0
1990,18,1,1,2,1,0,0,0,0,0
1990,73,1,0,0,0,0,479,0,40,0
1990,63,2,0,0,0,0,0,0,0,0
1990,68,2,3,0,0,0,207,5,0,0
1990,66,2,2,0,0,1,254,4,40,0
1990,67,2,2,0,0,0,8,3,40,0
1990,47,1,3,0,0,1,253,4,50,0
1990,33,1,0,0,0,1,226,6,60,0
1990,31,2,0,0,0,1,383,4,40,0
1990,51,2,3,0,0,1,275,3,40,0
1990,42,1,0,0,0,0,22,4,60,0
1990,36,2,0,0,0,1,313,4,60,0
1990,18,2,1,0,0,0,308,4,20,0
1990,47,1,0,0,0,0,889,3,45,0
1990,42,2,0,0,0,0,0,0,0,0
1990,19,1,1,0,0,0,498,0,60,0
1990,34,1,0,0,1,0,585,0,40,0
1990,36,2,0,0,0,1,0,0,0,0
1990,36,1,0,0,0,0,885,3,40,0
1990,32,2,0,0,0,1,447,5,0,0
1990,48,1,2,0,0,0,616,0,45,0
1990,65,1,0,0,0,0,473,0,8,0
1990,61,2,0,0,0,0,277,3,40,0
1990,38,1,0,2,0,0,754,1,48,0
1990,44,2,0,2,0,0,444,5,36,0
1990,44,2,3,2,0,0,447,5,0,0
1990,20,1,0,0,0,0,473,0,0,0
1990,19,2,0,0,0,0,0,0,0,0
1990,49,1,0,0,0,0,844,0,40,0
1990,48,2,0,0,0,0,0,0,0,0
1990,20,1,1,0,0,0,869,0,20,0
1990,19,1,1,0,0,0,0,0,0,0
1990,26,2,3,0,0,1,385,5,0,0
1990,36,1,0,2,0,1,479,0,30,0
1990,38,2,0,2,0,1,447,5,24,0
1990,18,2,1,2,0,0,0,0,0,0
1990,41,1,0,2,0,0,804,3,40,0
1990,43,2,0,2,0,0,266,3,40,0
1990,28,1,1,0,0,0,567,0,40,0
1990,23,2,1,0,0,0,435,3,0,0
1990,58,1,0,0,0,0,345,4,46,0
1990,52,2,0,0,2,0,0,0,0,0
1990,33,1,0,0,0,1,224,1,48,0
1990,32,2,0,0,0,1,316,6,8,0
1990,64,2,2,2,0,0,744,4,18,0
1990,54,1,0,0,0,1,534,3,40,0
1990,61,2,0,0,0,0,0,0,0,0
1990,19,2,1,0,0,1,276,4,10,0
1990,25,1,1,0,0,0,0,0,0,0
1990,27,2,1,0,0,1,385,5,40,0
1990,28,1,1,0,0,1,45,1,55,0
1990,26,2,1,0,0,1,379,5,0,0
1990,35,1,1,0,0,0,0,0,0,0
1990,32,2,3,0,0,0,467,5,0,0
1990,31,1,3,0,0,0,909,6,0,0
1990,64,1,0,0,0,1,473,0,50,0
1990,53,2,0,0,0,1,0,0,0,0
1990,38,1,0,0,0,1,159,6,50,0
1990,38,2,0,0,0,1,156,5,0,0
1990,74,1,0,0,0,0,0,0,0,0
1990,70,2,0,0,0,0,0,0,0,0
1990,39,1,0,0,0,1,516,0,40,0
1990,35,2,0,0,0,1,476,0,40,0
1990,45,1,0,0,0,1,0,0,0,0
1990,49,2,0,0,0,1,156,5,40,0
1990,19,1,1,0,0,1,436,3,32,0
1990,30,1,0,0,0,0,453,2,40,0
1990,24,2,0,0,0,0,303,4,0,0
1990,45,2,0,2,0,0,274,3,35,0
1990,37,1,0,2,0,1,516,2,40,0
1990,38,2,3,0,0,1,458,4,30,0
1990,18,1,1,0,0,0,0,0,0,0
1990,73,1,0,0,0,0,479,0,35,0
1990,70,2,0,0,0,0,0,0,0,0
1990,63,1,2,0,0,0,505,4,0,0
1990,23,1,0,0,0,0,517,0,40,0
1990,21,2,0,0,0,0,467,5,0,0
1990,69,1,0,0,0,1,0,0,0,0
1990,68,2,0,0,0,1,0,0,0,0
1990,44,1,2,0,0,1,498,0,25,0
1990,36,2,2,0,0,0,434,3,0,0
1990,45,2,3,3,3,0,444,3,26,0
1990,18,1,1,3,3,0,0,0,0,0
1990,51,1,3,1,0,0,486,4,40,0
1990,40,1,0,0,0,1,84,5,60,1
1990,39,2,0,0,2,1,84,5,60,1
1990,59,1,0,0,0,1,337,2,45,0
1990,60,2,0,0,0,1,313,5,40,0
1990,33,2,2,0,0,1,13,3,40,0
1990,32,1,0,2,1,1,176,5,60,0
1990,29,2,0,2,0,1,95,5,40,0
1990,42,2,2,0,0,1,156,5,40,0
1990,40,2,1,0,0,1,313,5,60,0
1990,32,1,1,0,0,1,386,1,40,0
1990,26,1,1,2,0,1,37,5,30,0
1990,69,2,2,0,0,1,207,4,0,0
1990,30,1,1,0,0,1,235,5,25,0
1990,30,1,0,0,0,1,174,5,40,0
1990,29,2,0,0,0,1,335,4,18,0
1990,39,1,1,0,0,1,165,5,40,0
1990,26,2,2,0,0,1,313,5,40,0
1990,69,1,0,0,0,1,84,4,0,0
1990,62,2,0,0,0,1,0,0,0,0
1990,21,1,2,2,0,1,268,3,50,0
1990,21,2,2,0,0,0,435,3,40,0
1990,36,1,0,0,0,1,157,5,40,0
1990,34,2,0,0,0,1,188,3,20,0
1990,28,1,1,0,0,1,17,4,40,0
1990,64,2,2,1,0,0,303,5,40,0
1990,34,1,0,1,0,0,486,0,15,0
1990,34,2,0,2,0,0,436,3,0,0
1990,22,2,1,0,0,1,335,1,30,0
1990,60,2,3,0,0,1,804,5,20,0
1990,58,1,0,0,0,1,514,4,99,0
1990,59,2,0,0,0,0,23,6,16,0
1990,36,1,1,1,4,1,243,3,40,0
1990,31,1,0,0,0,1,177,5,60,0
1990,35,2,0,0,0,1,197,5,60,0
1990,40,1,0,0,0,1,549,5,45,0
1990,40,2,0,0,0,0,315,5,0,0
1990,31,1,0,0,0,1,154,5,60,0
1990,24,2,0,0,0,1,73,5,45,0
1990,29,1,1,0,0,1,434,3,30,0
1990,29,2,1,0,0,1,435,3,30,0
1990,63,1,0,0,0,1,53,0,40,1
1990,55,2,0,0,0,1,5,6,40,0
1990,32,1,0,0,0,1,257,4,52,0
1990,29,2,0,0,2,1,199,4,40,0
1990,35,1,0,0,0,0,22,2,60,0
1990,31,2,0,0,0,1,213,1,45,0
1990,42,2,2,0,0,0,435,4,40,0
1990,64,2,3,0,0,0,385,6,40,0
1990,50,2,3,1,0,1,389,3,40,0
1990,21,1,1,1,0,1,785,1,40,0
1990,33,2,0,0,0,1,257,4,40,0
1990,29,1,0,2,2,1,34,5,20,0
1990,36,1,0,1,0,1,448,6,40,0
1990,38,2,0,1,0,1,5,6,40,0
1990,40,1,2,0,0,1,243,5,40,0
1990,68,1,1,0,0,1,0,0,0,0
1990,34,1,0,0,0,1,208,2,60,0
1990,39,2,0,0,0,1,217,2,0,0
1990,29,2,1,1,0,0,444,5,0,0
1990,28,1,0,2,0,1,257,4,40,0
1990,30,2,0,2,0,1,379,6,56,0
1990,21,1,1,0,0,0,417,6,72,0
1990,21,2,1,0,0,1,319,5,30,0
1990,32,1,0,0,0,1,213,4,40,0
1990,29,2,0,0,0,0,447,5,40,0
1990,66,2,3,1,0,1,0,0,0,0
1990,33,2,3,1,0,1,354,2,40,0
1990,35,1,0,1,0,1,368,6,40,0
1990,31,2,0,1,4,1,375,4,40,0
1990,24,1,1,2,0,1,96,5,40,0
1990,25,1,1,0,0,1,435,3,20,0
1990,27,1,1,0,0,1,888,6,40,0
1990,27,1,1,0,0,0,449,4,40,0
1990,36,1,0,2,0,1,176,5,40,0
1990,36,2,0,0,0,1,315,4,30,0
1990,32,1,3,0,0,0,614,0,40,0
1990,71,1,3,0,0,0,748,4,0,0
1990,34,2,3,0,0,0,447,5,0,0
1990,39,1,3,0,0,0,0,0,0,0
1990,43,1,0,0,0,0,804,3,45,0
1990,40,2,0,0,0,1,447,5,40,0
1990,29,1,0,3,3,1,154,5,20,0
1990,27,2,0,3,3,1,177,5,99,0
1990,42,2,2,0,0,1,336,6,40,0
1990,74,2,2,0,0,1,0,0,0,0
1990,22,2,1,0,0,0,435,3,40,0
1990,21,2,1,0,0,0,426,4,40,0
1990,19,2,1,0,0,0,276,3,30,0
1990,21,2,3,0,0,1,243,1,40,0
1990,30,1,0,0,0,1,436,3,65,0
1990,26,2,0,0,0,1,435,4,40,0
1990,70,2,3,0,0,0,0,0,0,0
1990,42,1,1,0,0,1,808,2,40,0
1990,54,1,1,0,0,0,389,5,4,0
1990,26,1,0,2,0,1,208,6,48,0
1990,23,2,0,2,0,0,274,3,40,0
1990,55,2,3,1,0,1,453,4,20,0
1990,31,1,1,1,0,1,458,4,0,0
1990,41,2,1,1,0,0,436,3,40,0
1990,55,2,3,1,0,0,444,5,0,0
1990,73,2,3,1,0,1,0,0,0,0
1990,70,1,0,1,0,0,359,0,0,0
1990,60,2,0,1,0,1,95,5,0,0
1990,26,2,2,1,0,0,313,5,40,0
1990,24,1,0,1,0,0,883,3,30,0
1990,23,2,0,1,0,1,243,3,44,0
1990,23,2,2,0,0,1,436,3,40,0
1990,26,2,1,0,0,0,0,0,0,0
1990,27,1,2,2,1,0,683,1,45,0
1990,18,1,0,2,1,0,436,3,10,0
1990,19,2,0,2,1,0,748,4,20,0
1990,25,1,0,0,0,1,229,5,40,0
1990,24,2,0,0,0,1,96,5,0,0
1990,22,1,1,0,0,1,479,0,70,0
1990,21,2,1,0,3,1,22,5,40,0
1990,23,1,1,3,3,1,0,0,0,0
1990,40,2,2,0,0,1,208,5,45,0
1990,21,2,1,0,0,1,159,5,40,0
1990,35,1,0,0,0,1,453,4,50,0
1990,33,2,0,0,0,1,15,5,40,0
1990,36,2,3,2,1,0,449,4,15,0
1990,36,1,0,2,1,0,453,5,40,0
1990,31,2,0,2,1,0,453,5,40,0
1990,26,2,1,0,0,1,313,6,40,0
1990,29,1,0,3,3,1,55,1,40,0
1990,21,2,0,3,3,0,468,5,40,0
1990,29,1,0,0,0,1,178,5,50,1
1990,27,2,0,0,0,1,23,5,45,0
1990,26,2,1,0,0,1,154,5,20,0
1990,27,1,1,0,0,1,385,6,20,0
1990,28,1,0,3,3,1,154,5,20,0
1990,27,2,0,3,3,1,0,0,0,0
1990,65,1,0,0,0,0,813,4,0,0
1990,63,2,0,0,0,0,7,4,0,0
1990,33,1,0,0,0,1,53,6,40,0
1990,37,2,0,0,0,1,385,6,40,0
1990,18,2,1,0,0,0,438,3,30,0
1990,42,1,0,0,0,1,114,5,45,0
1990,46,2,0,0,0,1,315,4,8,0
1990,47,2,3,0,0,1,336,5,40,0
1990,22,2,1,0,0,0,436,3,30,0
1990,42,1,1,0,0,1,22,4,40,0
1990,45,1,0,0,0,0,699,1,40,0
1990,36,2,0,0,0,0,468,5,13,0
1990,57,1,0,1,0,1,14,5,40,1
1990,55,2,0,1,0,1,14,5,40,0
1990,73,2,3,1,0,0,0,0,0,0
1990,34,1,0,0,0,1,13,4,50,1
1990,34,2,0,0,0,0,0,0,0,0
1990,42,2,3,0,0,0,22,4,40,0
1990,53,1,0,0,0,1,22,1,48,1
1990,48,2,0,0,0,1,0,0,0,0
1990,24,1,0,0,0,0,796,1,40,0
1990,30,2,0,0,0,0,313,5,40,0
1990,28,1,1,0,0,1,689,1,40,0
1990,32,2,2,0,0,0,683,1,40,0
1990,55,2,2,0,0,0,313,1,40,0
1990,72,2,3,0,0,0,0,0,0,0
1990,36,2,2,0,0,1,234,5,40,0
1990,38,1,0,0,0,1,84,5,40,1
1990,36,2,0,0,0,1,0,0,0,0
1990,27,2,1,0,0,1,256,1,38,0
1990,28,1,1,0,0,1,435,3,0,0
1990,36,1,2,0,0,1,213,5,40,0
1990,31,2,3,0,0,1,376,5,30,0
1990,20,2,1,0,0,0,259,1,0,0
1990,71,1,0,0,0,0,0,0,0,0
1990,63,2,0,0,0,0,337,3,32,0
1990,49,2,0,0,0,1,14,5,40,0
1990,49,1,0,0,0,0,779,5,40,0
1990,31,1,0,0,0,0,529,2,40,0
1990,37,2,0,0,0,1,328,4,40,0
1990,24,2,1,0,0,1,264,3,45,0
1990,39,1,0,0,0,1,167,6,40,0
1990,38,2,0,0,0,1,95,5,40,0
1990,36,1,0,0,0,1,22,4,99,0
1990,36,2,0,2,0,1,156,5,35,0
1990,63,1,0,0,0,1,243,3,55,1
1990,60,2,0,0,0,1,0,0,0,0
1990,77,1,0,0,0,1,0,0,0,0
1990,69,2,0,0,0,1,0,0,0,0
1990,31,1,1,3,3,1,17,3,55,0
1990,55,1,0,0,0,1,264,3,42,1
1990,55,2,0,0,0,1,166,3,20,0
1990,26,1,0,0,0,1,575,1,40,0
1990,26,2,0,0,0,0,447,5,60,0
1990,26,1,0,0,0,0,448,4,40,0
1990,22,2,0,0,0,0,0,0,0,0
1990,21,2,1,0,0,1,319,5,40,0
1990,19,1,1,0,0,1,0,0,0,0
1990,18,2,1,0,0,1,276,3,20,0
1990,18,1,1,0,0,1,154,5,20,0
1990,20,1,1,2,0,1,462,5,30,0
1990,23,1,1,0,0,1,154,5,25,0
1990,20,1,1,0,0,1,804,3,9,0
1990,20,1,1,0,0,1,435,3,0,0
1990,19,1,1,0,0,1,383,4,40,0
1990,20,1,1,0,0,1,229,6,35,0
1990,20,1,1,0,0,1,435,3,32,0
1990,20,2,1,0,0,1,313,1,40,0
1990,20,1,1,0,0,1,436,4,63,0
1990,70,2,3,0,0,0,25,4,0,0
1990,44,2,1,0,0,1,154,5,41,0
1990,33,1,1,0,0,1,22,5,40,0
1990,30,1,1,2,0,1,243,3,40,0
1990,66,2,3,0,0,1,95,5,15,0
1990,53,1,2,0,0,1,766,6,42,0
1990,52,1,0,0,2,1,154,5,50,0
1990,52,2,0,0,0,1,154,5,50,0
1990,25,1,1,0,0,1,804,2,25,0
1990,58,1,0,0,2,1,154,5,30,0
1990,56,2,0,0,2,1,157,5,40,0
1990,78,1,0,0,0,1,178,5,20,1
1990,60,2,0,0,0,1,165,5,15,0
1990,39,1,0,0,0,1,43,5,45,1
1990,32,2,0,0,0,1,18,4,40,0
1990,33,1,1,0,2,1,194,5,20,0
1990,33,1,1,0,0,1,178,5,40,0
1990,40,2,3,0,0,1,22,5,40,0
1990,58,2,2,0,0,1,313,4,40,0
1990,50,1,2,0,0,1,167,5,55,1
1990,19,1,3,0,0,1,467,5,20,0
1990,29,2,1,0,0,1,447,5,25,0
1990,63,1,0,0,0,1,22,3,50,0
1990,56,2,0,0,0,1,319,5,40,0
1990,46,2,2,0,0,0,243,3,16,0
1990,28,1,0,0,0,1,22,3,60,0
1990,27,2,0,0,0,1,22,1,50,0
1990,25,1,1,0,0,1,259,3,50,0
1990,31,1,1,0,0,0,243,4,40,1
1990,34,1,2,0,0,1,22,2,45,0
1990,35,1,1,0,0,1,254,4,60,0
1990,49,1,0,0,0,1,276,3,40,0
1990,47,2,0,0,0,1,308,5,40,0
1990,23,1,1,0,0,0,436,3,35,0
1990,33,1,1,0,0,1,157,5,20,0
1990,31,2,3,0,0,1,178,5,0,1
1990,41,2,1,0,0,1,22,4,45,0
1990,43,2,1,0,0,1,22,5,50,1
1990,41,1,0,0,0,1,22,3,50,0
1990,38,2,0,0,0,1,166,4,40,0
1990,26,1,0,0,0,1,254,4,60,0
1990,25,2,0,0,0,1,259,1,40,0
1990,43,1,0,0,0,1,22,0,40,0
1990,36,2,0,0,0,1,204,5,24,0
1990,39,2,2,0,0,0,467,5,40,0
1990,31,1,0,0,0,0,275,4,0,0
1990,59,1,0,0,0,0,503,2,99,1
1990,58,2,0,0,0,0,319,4,20,0
1990,36,1,0,0,0,1,14,5,50,0
1990,35,2,0,0,0,1,159,5,5,0
1990,50,2,2,0,0,0,37,5,40,0
1990,36,1,2,0,0,1,653,1,40,0
1990,44,1,0,0,0,1,64,5,60,1
1990,39,2,0,0,0,1,303,5,40,0
1990,19,2,1,0,0,1,443,3,0,0
1990,58,1,0,0,0,1,178,4,0,0
1990,58,2,0,0,0,1,0,0,0,0
1990,38,1,1,0,1,1,217,5,45,0
1990,36,1,1,0,0,1,417,6,56,0
1990,79,2,3,0,0,1,0,0,0,0
1990,62,1,0,0,0,0,0,0,0,0
1990,58,2,0,0,0,0,0,0,0,0
1990,80,2,3,0,0,0,0,0,0,0
1990,31,1,0,0,0,1,628,1,40,0
1990,28,2,0,0,0,0,208,0,40,0
1990,32,1,0,0,0,1,797,1,40,0
1990,34,2,0,0,0,1,779,1,0,0
1990,42,1,0,0,0,1,176,5,55,0
1990,41,2,0,0,0,1,156,5,40,0
1990,18,1,1,0,0,0,379,5,40,0
1990,42,2,1,0,0,1,22,0,40,0
1990,43,1,0,0,0,1,64,4,60,1
1990,39,2,0,0,0,1,26,5,55,0
1990,23,1,1,0,0,0,235,1,70,0
1990,33,1,0,0,0,1,25,4,50,1
1990,29,2,0,0,0,1,206,5,40,0
1990,70,1,0,0,0,1,0,0,0,0
1990,69,2,0,0,0,0,0,0,0,0
1990,64,1,0,0,0,1,22,0,65,1
1990,48,2,0,0,0,1,22,4,55,0
1990,42,2,2,0,0,1,154,5,40,0
1990,61,1,0,0,0,1,255,4,40,0
1990,61,2,0,0,0,0,0,0,0,0
1990,63,1,0,0,0,0,303,6,50,0
1990,57,2,0,0,0,0,243,3,50,0
1990,38,1,0,0,0,1,56,6,60,0
1990,34,2,0,0,0,1,25,6,40,0
1990,38,2,0,0,0,1,167,5,25,0
1990,41,1,0,0,0,1,276,3,40,1
1990,27,2,1,0,0,1,27,3,50,0
1990,37,2,2,0,0,1,22,4,44,1
1990,43,1,0,0,0,1,7,3,40,0
1990,43,2,0,0,0,1,157,5,30,0
1990,36,1,2,0,0,1,523,1,45,1
1990,67,1,0,0,0,0,0,0,0,0
1990,63,2,0,0,0,0,0,0,0,0
1990,35,1,2,0,0,1,785,4,40,0
1990,33,1,1,0,0,0,523,4,40,0
1990,76,1,0,0,0,0,579,0,0,0
1990,73,2,0,0,0,0,687,1,40,0
1990,47,1,3,0,0,1,579,0,0,0
1990,27,1,0,0,0,0,274,3,48,0
1990,30,2,0,0,0,0,276,3,41,0
1990,43,1,0,0,0,0,585,4,43,0
1990,39,2,0,0,0,1,313,1,41,0
1990,50,1,0,0,0,1,243,3,70,0
1990,45,2,0,0,0,1,22,4,60,0
1990,18,1,1,0,0,0,804,3,5,0
1990,37,1,0,0,0,1,567,0,50,0
1990,33,2,0,0,2,0,313,6,80,0
1990,31,2,3,1,0,0,407,4,20,0
1990,31,1,3,1,0,0,883,2,72,0
1990,56,2,1,0,0,1,163,5,0,0
1990,53,2,1,1,0,1,154,5,16,1
1990,31,1,0,0,0,1,804,2,30,0
1990,31,2,0,0,0,0,379,6,0,0
1990,40,1,0,0,0,0,779,2,0,0
1990,38,2,0,0,0,1,243,4,40,0
1990,36,2,0,0,0,0,336,4,40,0
1990,33,1,0,0,0,1,0,0,0,0
1990,71,1,0,0,0,1,159,5,0,0
1990,53,2,0,0,0,1,257,4,5,0
1990,27,2,0,0,0,1,229,1,30,0
1990,27,1,0,0,0,1,229,1,40,0
1990,43,2,2,0,0,1,379,6,40,0
1990,23,1,1,0,0,0,575,0,20,0
1990,33,1,0,0,0,1,22,1,50,1
1990,32,2,0,0,0,0,313,1,40,0
1990,29,2,2,0,0,1,229,1,40,0
1990,25,2,3,0,0,0,784,1,40,0
1990,24,1,1,0,0,0,887,1,0,0
1990,46,1,0,0,0,1,274,3,30,0
1990,32,2,0,0,0,1,0,0,0,0
1990,31,1,1,0,0,1,57,3,44,1
1990,31,1,1,0,0,1,254,4,40,0
1990,31,1,0,0,0,1,13,1,50,1
1990,30,2,0,0,1,1,313,4,40,0
1990,42,2,2,0,0,1,22,4,40,1
1990,54,1,0,0,0,1,218,0,40,0
1990,35,2,0,0,0,1,337,3,40,0
1990,41,1,0,0,2,1,375,4,50,0
1990,41,2,0,0,0,1,174,6,40,0
1990,43,1,2,0,0,0,505,3,45,0
1990,40,1,0,0,0,1,229,1,45,1
1990,39,2,0,0,0,1,23,5,45,0
1990,20,1,1,0,0,1,276,3,15,0
1990,25,2,1,2,0,1,18,4,40,0
1990,21,2,1,0,0,1,276,3,12,0
1990,30,1,2,3,0,0,579,0,45,0
1990,72,2,3,0,0,0,0,0,0,0
1990,37,1,0,0,0,1,414,6,50,0
1990,31,2,0,0,0,1,423,6,40,0
1990,45,1,0,0,0,0,448,4,40,0
1990,43,2,0,0,0,0,737,1,40,0
1990,18,1,1,0,0,0,276,3,18,0
1990,40,1,0,0,0,1,243,3,50,0
1990,38,2,0,0,0,1,468,5,37,0
1990,18,1,1,0,0,0,877,3,35,0
1990,65,1,0,0,0,1,0,0,0,0
1990,62,2,0,0,0,0,17,3,30,0
1990,45,1,0,0,0,1,22,0,48,0
1990,39,2,0,0,0,1,313,0,16,0
1990,34,1,0,0,0,1,176,5,60,0
1990,34,2,0,0,0,1,0,0,0,0
1990,63,1,0,0,0,1,22,6,40,0
1990,61,2,0,0,0,1,0,0,0,0
1990,47,1,0,0,0,0,22,1,43,1
1990,48,2,0,0,0,1,0,0,0,0
1990,22,1,1,0,0,1,276,3,35,0
1990,77,1,0,0,0,1,0,0,0,0
1990,80,2,0,0,0,0,0,0,0,0
1990,55,1,0,0,0,0,17,3,50,0
1990,47,2,0,0,0,1,343,4,40,0
1990,24,1,0,0,0,0,804,1,30,0
1990,22,2,0,0,0,1,436,5,40,0
1990,58,1,0,0,0,0,558,0,40,0
1990,55,2,0,0,0,0,449,4,10,0
1990,32,2,1,0,0,1,628,1,40,0
1990,48,1,3,0,0,1,213,1,40,0
1990,59,1,2,0,0,0,804,1,50,0
1990,24,1,1,0,0,0,856,0,40,0
1990,20,2,1,0,0,0,383,4,40,0
1990,38,1,0,0,0,1,305,1,55,0
1990,36,2,0,0,0,1,313,4,38,0
1990,35,1,0,0,0,1,22,0,40,0
1990,32,2,0,0,0,1,315,4,15,0
1990,45,1,0,0,0,0,599,4,40,0
1990,35,2,0,0,0,0,448,5,40,0
1990,20,1,1,0,0,0,877,3,40,0
1990,24,2,0,0,0,1,243,3,40,0
1990,29,1,0,0,0,1,216,2,40,0
1990,23,2,1,0,0,1,67,3,40,0
1990,25,2,0,0,0,1,22,4,40,0
1990,27,1,0,0,0,1,779,1,46,0
1990,19,1,0,0,0,1,426,3,40,0
1990,19,2,0,0,0,0,0,0,0,0
1990,40,1,0,0,0,1,257,4,40,0
1990,33,2,0,0,0,0,376,6,40,0
1990,52,1,0,0,0,0,479,0,12,0
1990,42,2,0,0,0,0,436,3,48,0
1990,21,1,1,0,0,0,479,0,40,0
1990,31,1,0,0,0,1,505,3,40,1
1990,34,2,0,0,0,1,445,5,40,0
1990,55,1,0,0,0,1,503,0,40,0
1990,50,2,0,0,0,0,744,1,0,0
1990,67,1,0,0,0,0,473,0,60,0
1990,64,2,0,0,0,0,435,3,40,0
1990,55,2,2,0,0,0,447,5,40,0
1990,31,2,1,0,0,0,0,0,0,0
1990,27,1,0,0,0,1,7,4,50,0
1990,27,2,0,0,0,1,156,5,40,0
1990,79,2,3,0,0,0,243,3,0,0
1990,35,1,0,1,0,0,715,1,40,0
1990,39,2,0,1,0,0,683,1,40,0
1990,20,1,1,1,0,0,754,1,40,0
1990,29,1,0,0,0,0,567,0,40,0
1990,22,2,0,0,0,0,276,3,31,0
1990,30,1,0,0,0,1,418,6,72,0
1990,28,2,0,0,0,0,383,4,40,0
1990,70,2,3,0,0,1,0,0,0,0
1990,67,2,3,0,0,0,277,3,10,0
1990,26,1,1,0,0,1,253,4,40,0
1990,39,1,0,0,0,1,567,0,40,0
1990,36,2,0,0,0,1,7,4,0,0
1990,38,2,3,0,0,1,64,4,55,0
1990,20,2,1,0,0,0,438,3,35,0
1990,30,1,0,0,0,1,503,5,50,0
1990,23,2,0,0,0,0,235,4,40,0
1990,40,1,0,0,0,1,243,3,65,0
1990,35,2,0,0,0,1,23,5,48,0
1990,18,1,1,0,0,1,164,5,20,0
1990,56,1,0,0,0,0,213,1,0,0
1990,57,2,0,0,0,1,313,5,17,0
1990,75,2,3,0,0,0,0,0,0,0
1990,68,2,3,1,0,0,453,3,0,0
1990,46,1,1,1,0,0,0,0,0,0
1990,38,2,3,0,0,0,385,6,40,0
1990,18,2,1,0,0,0,254,4,25,0
1990,52,2,3,1,0,0,436,5,30,0
1990,53,1,3,1,0,0,567,0,40,0
1990,36,1,0,0,0,1,243,3,80,0
1990,32,2,0,0,0,1,0,0,0,0
1990,38,1,0,0,0,0,783,1,40,0
1990,42,2,0,0,0,0,276,3,35,0
1990,60,2,1,1,0,0,0,0,0,0
1990,65,1,0,1,0,0,0,0,0,0
1990,68,2,0,1,0,0,0,0,0,0
1990,45,2,2,0,0,0,468,6,0,0
1990,20,2,1,0,0,0,243,3,40,0
1990,19,2,1,0,0,1,313,4,40,0
1990,75,2,3,0,0,0,29,3,30,0
1990,61,2,1,0,0,0,274,3,48,0
1990,33,1,0,0,0,1,364,1,40,0
1990,33,2,0,0,0,1,185,3,32,0
1990,61,2,3,0,0,0,303,6,40,0
1990,21,2,1,0,0,1,479,0,40,0
1990,64,1,1,0,0,0,479,0,24,0
1990,65,1,0,0,0,0,0,0,0,0
1990,57,2,0,0,0,0,488,0,40,0
1990,20,1,1,0,0,0,785,1,40,0
1990,29,1,0,0,0,1,383,4,40,0
1990,28,2,0,0,0,0,389,5,40,0
1990,75,1,0,0,0,0,0,0,0,0
1990,58,2,0,0,0,0,407,4,27,0
1990,41,1,1,0,1,0,883,1,40,0
1990,38,2,0,0,1,0,883,1,40,0
1990,39,1,0,0,0,0,505,3,45,0
1990,35,2,0,0,0,0,435,3,45,0
1990,18,1,1,0,0,0,889,3,30,0
1990,77,2,3,0,0,0,436,5,0,0
1990,26,2,2,0,0,1,637,1,16,0
1990,30,1,3,2,1,0,479,0,40,0
1990,19,2,1,0,0,1,443,3,20,0
1990,19,2,1,0,0,1,275,5,40,0
1990,25,1,0,0,0,1,185,4,40,0
1990,26,2,0,0,0,1,174,5,40,0
1990,19,2,1,2,0,1,335,3,40,0
1990,23,1,1,0,0,1,883,2,40,0
1990,21,2,1,0,0,1,276,4,35,0
1990,71,1,0,0,0,0,804,3,48,0
1990,64,2,0,0,0,0,0,0,0,0
1990,79,1,0,0,0,0,0,0,0,0
1990,80,2,0,0,0,1,0,0,0,0
1990,42,2,2,1,0,0,453,5,40,0
1990,23,1,1,1,0,0,447,5,40,0
1990,21,2,1,1,0,0,443,5,16,0
1990,18,1,1,1,0,0,889,3,25,0
1990,79,2,0,0,0,0,0,0,0,0
1990,55,2,0,0,0,0,0,0,0,0
1990,62,1,0,0,0,0,804,3,40,0
1990,56,1,0,0,0,1,598,0,40,0
1990,50,2,0,0,0,0,7,4,40,0
1990,21,2,1,0,0,1,274,3,25,0
1990,33,1,0,0,3,1,59,5,40,0
1990,32,2,0,0,0,1,22,2,40,0
1990,61,1,0,0,0,1,259,3,0,0
1990,60,2,0,0,0,1,0,0,0,0
1990,38,1,0,0,0,1,486,0,40,0
1990,37,2,0,0,3,0,435,3,0,0
1990,46,2,0,0,1,0,447,5,40,0
1990,40,1,0,0,1,0,844,0,40,0
1990,38,1,2,0,0,1,18,4,50,0
1990,60,1,0,0,0,1,75,0,48,1
1990,59,2,0,0,0,0,0,0,0,0
1990,78,2,3,0,0,1,0,0,0,0
1990,39,1,0,0,0,0,628,4,40,0
1990,35,2,0,0,0,0,23,6,40,0
1990,41,1,0,0,0,1,29,3,50,0
1990,34,2,0,0,0,1,379,4,45,0
1990,46,1,0,0,0,1,253,4,99,0
1990,40,2,0,0,0,1,276,3,99,0
1990,18,2,1,0,0,1,254,4,0,0
1990,39,1,0,0,0,1,5,6,45,1
1990,36,2,0,0,0,1,155,5,0,0
1990,36,1,0,0,0,0,575,3,50,0
1990,36,2,0,0,0,0,313,5,48,0
1990,32,1,0,2,0,0,566,0,70,0
1990,31,2,0,2,0,1,375,4,40,0
1990,36,1,2,0,0,1,453,4,0,0
1990,46,1,0,2,0,0,804,0,45,0
1990,45,2,0,2,1,0,804,5,20,0
1990,20,1,1,2,0,0,869,0,45,0
1990,40,1,0,0,0,0,423,6,45,0
1990,29,2,0,0,0,0,0,0,0,0
1990,46,1,0,1,0,0,783,1,40,0
1990,46,2,0,1,0,0,744,1,40,0
1990,77,2,1,1,0,0,0,0,0,0
1990,24,1,1,1,0,0,22,3,40,0
1990,23,2,1,1,0,0,276,3,36,0
1990,18,1,1,1,0,0,276,3,38,0
1990,35,1,0,0,0,0,503,3,48,0
1990,33,2,0,0,0,0,387,5,40,0
1990,72,1,3,2,0,0,453,5,28,0
1990,34,1,0,0,0,0,243,3,50,0
1990,30,2,0,0,0,0,243,3,50,0
1990,29,1,0,0,0,0,567,1,40,0
1990,30,2,0,0,0,0,0,0,0,0
1990,20,1,1,1,0,0,436,3,40,0
1990,33,2,0,0,0,1,103,5,25,0
1990,35,1,0,0,1,1,263,3,55,0
1990,76,1,0,0,0,0,473,0,0,0
1990,62,2,0,0,0,0,5,6,40,0
1990,24,2,1,0,0,1,157,5,40,0
1990,54,1,0,0,0,1,679,1,40,0
1990,54,2,0,0,0,0,0,0,0,0
1990,76,2,0,0,0,0,0,0,0,0
1990,57,1,0,1,0,0,859,0,40,0
1990,56,2,0,1,0,0,436,5,40,0
1990,71,1,3,1,0,0,0,0,0,0
1990,63,2,3,0,0,0,274,3,20,0
1990,38,2,1,0,0,0,0,0,0,0
1990,31,1,3,0,0,0,567,0,40,0
1990,40,1,0,0,0,0,766,1,40,0
1990,37,2,0,0,0,0,0,0,0,0
1990,64,1,2,0,0,0,473,0,20,1
1990,44,1,0,2,0,0,554,0,40,0
1990,25,2,0,0,0,0,313,4,42,0
1990,78,1,0,0,0,0,0,0,0,0
1990,68,1,0,0,0,0,479,0,20,0
1990,63,2,0,0,0,0,473,0,23,0
1990,69,1,0,1,0,0,475,0,5,0
1990,65,2,0,1,0,0,0,0,0,0
1990,69,1,0,0,0,1,0,0,0,0
1990,69,2,0,0,0,0,0,0,0,0
1990,61,1,0,0,0,1,5,6,20,0
1990,58,2,0,0,0,1,0,0,0,0
1990,60,1,3,0,0,0,477,0,0,0
1990,74,1,0,0,0,0,549,0,40,0
1990,70,2,0,0,0,0,0,0,0,0
1990,72,2,3,0,0,0,0,0,0,0
1990,71,1,0,0,0,0,453,5,8,0
1990,71,2,0,0,0,1,0,0,0,0
1990,62,2,2,0,0,1,276,3,0,0
1990,37,1,2,0,0,1,22,5,75,0
1990,53,1,0,0,0,0,547,4,40,0
1990,63,2,0,0,0,0,447,5,16,0
1990,22,1,1,1,0,0,0,0,0,0
1990,48,2,3,1,0,0,453,4,0,0
1990,38,2,3,1,0,1,453,4,0,0
1990,73,1,0,0,0,0,0,0,0,0
1990,74,2,0,0,0,0,0,0,0,0
1990,52,1,1,0,0,0,0,0,0,0
1990,21,2,2,0,0,0,877,3,0,0
1990,45,1,0,0,0,0,567,0,40,0
1990,46,2,0,0,0,0,796,1,40,0
1990,26,1,1,0,0,0,567,0,40,0
1990,71,1,3,0,0,1,0,0,0,0
1990,65,2,3,0,0,0,0,0,0,0
1990,20,1,1,0,0,0,904,6,40,0
1990,22,2,1,1,0,1,328,6,60,0
1990,20,1,1,0,0,0,516,6,30,0
1990,19,1,1,0,0,0,844,6,9,0
1990,24,2,3,1,0,0,348,6,50,0
1990,20,2,1,1,0,0,505,6,32,0
1990,18,1,3,2,1,0,637,6,40,0
1990,20,1,1,0,0,1,328,6,40,0
1990,23,1,0,1,0,0,844,6,50,0
1990,19,2,0,0,0,0,276,3,19,0
1990,32,1,0,1,0,1,22,6,40,0
1990,26,2,0,1,0,1,185,3,10,0
1990,54,1,0,0,0,0,759,1,90,0
1990,52,2,0,0,0,0,436,5,60,0
1990,33,1,2,0,0,0,875,5,0,0
1990,29,1,2,0,0,0,243,3,50,0
1990,73,2,0,0,0,0,0,0,0,0
1990,76,1,0,0,0,0,0,0,0,0
1990,44,2,3,0,0,0,436,3,45,0
1990,72,2,0,0,0,0,0,0,0,0
1990,63,1,3,0,0,0,0,0,0,0
1990,46,2,2,0,0,0,243,3,40,0
1990,41,1,0,0,0,1,195,1,40,0
1990,38,2,0,0,0,1,178,5,0,0
1990,38,2,1,0,0,1,337,2,40,0
1990,46,2,2,0,0,1,355,2,30,0
1990,55,2,2,0,0,0,313,5,40,0
1990,30,1,2,0,3,0,383,4,40,0
1990,74,2,3,0,0,0,0,0,0,0
1990,78,2,2,0,0,0,0,0,0,0
1990,63,1,0,0,0,1,22,5,40,1
1990,60,2,0,0,0,1,95,5,0,0
1990,60,2,2,0,0,0,95,5,84,0
1990,37,1,0,2,0,0,22,1,60,0
1990,27,2,0,0,0,0,274,3,28,0
1990,19,1,1,0,0,1,885,3,70,0
1990,19,2,1,0,0,0,364,6,48,0
1990,77,1,3,0,0,1,57,5,18,0
1990,27,1,0,1,0,1,904,6,60,0
1990,30,2,0,1,0,0,447,5,16,0
1990,30,1,0,0,0,0,365,6,40,0
1990,28,2,0,0,0,0,435,3,32,0
1990,45,1,0,0,0,1,436,3,99,0
1990,39,2,0,0,0,0,17,3,99,0
1990,19,1,1,0,0,0,804,3,99,0
1990,32,2,0,1,0,1,27,6,40,0
1990,38,1,0,2,0,1,197,6,40,0
1990,40,1,0,0,2,1,308,1,40,0
1990,37,2,0,0,0,0,243,3,60,0
1990,21,1,1,0,0,0,458,4,40,0
1990,43,1,2,0,0,0,806,1,50,0
1990,65,1,0,0,0,0,0,0,0,0
1990,62,2,0,0,0,0,0,0,0,0
1990,73,1,3,0,0,0,869,0,0,0
1990,60,1,0,0,0,1,769,1,48,0
1990,53,2,0,0,0,1,0,0,0,0
1990,27,1,1,0,0,0,806,1,40,0
1990,35,1,0,0,0,1,804,2,40,0
1990,31,2,0,0,0,1,319,5,40,0
1990,30,1,0,1,0,0,779,1,40,0
1990,26,2,0,1,0,1,21,5,30,0
1990,18,2,1,0,0,0,276,3,20,0
1990,78,1,0,0,0,1,0,0,0,1
1990,79,2,0,0,0,0,0,0,0,0
1990,24,1,0,0,0,0,628,1,40,0
1990,25,2,0,0,0,1,385,5,40,0
1990,29,1,0,0,0,1,436,3,55,0
1990,31,2,0,0,0,1,314,5,45,0
1990,64,1,0,0,0,0,614,0,0,0
1990,58,2,0,0,0,0,274,3,36,0
1990,43,1,0,0,0,1,253,4,48,0
1990,42,2,0,0,0,1,313,4,38,0
1990,21,2,3,0,0,1,276,3,35,0
1990,26,1,1,0,0,1,156,5,60,0
1990,62,1,3,0,0,0,479,0,40,0
1990,58,2,2,0,0,0,194,3,40,0
1990,31,1,0,0,0,0,479,0,70,0
1990,46,2,0,0,0,0,447,5,0,0
1990,59,1,0,0,0,1,243,3,40,0
1990,60,2,0,0,0,0,95,5,40,0
1990,61,1,0,0,0,0,213,0,0,0
1990,64,2,0,0,0,1,0,0,0,0
1990,55,1,0,0,0,1,855,0,40,0
1990,50,2,0,0,0,1,185,3,24,0
1990,75,2,3,0,0,1,156,5,40,0
1990,76,2,3,0,0,1,0,0,0,0
1990,35,1,0,0,0,0,759,1,40,0
1990,33,2,0,0,0,0,447,5,35,0
1990,60,1,0,0,0,1,263,3,40,0
1990,57,2,0,0,0,1,274,3,30,0
1990,47,1,0,0,0,1,473,0,84,0
1990,46,2,0,0,0,0,0,0,0,0
1990,21,1,1,0,0,0,859,0,40,0
1990,54,1,0,0,0,0,35,0,40,0
1990,47,2,0,0,0,1,313,5,15,0
1990,22,1,1,0,0,1,175,4,40,0
1990,51,1,0,0,1,0,479,0,30,0
1990,49,2,0,0,1,0,754,3,10,0
1990,24,1,1,0,1,0,636,1,40,0
1990,45,2,1,0,1,0,0,0,0,0
1990,21,1,1,0,0,0,883,1,40,0
1990,27,1,1,0,1,0,719,1,40,0
1990,43,1,0,0,0,0,259,0,40,0
1990,44,2,0,0,0,1,259,3,45,0
1990,36,1,0,0,0,0,355,2,40,0
1990,32,2,0,0,0,0,424,6,40,0
1990,60,1,1,0,0,0,475,0,0,0
1990,72,1,0,0,0,0,473,0,20,0
1990,61,2,0,0,0,0,243,3,24,0
1990,71,2,3,0,0,0,0,0,0,0
1990,47,1,0,0,0,1,658,3,50,0
1990,49,2,0,0,0,1,95,5,50,0
1990,60,2,3,0,0,0,337,3,40,0
1990,45,1,0,0,0,0,813,4,40,0
1990,42,2,0,0,0,0,0,0,0,0
1990,60,1,0,0,0,0,628,1,40,0
1990,52,2,0,0,0,1,276,3,4,0
1990,38,1,0,0,0,1,56,1,45,0
1990,36,2,0,0,0,0,0,0,0,0
1990,51,1,0,0,0,1,426,2,40,0
1990,53,2,0,0,0,1,337,6,40,0
1990,29,1,0,0,0,1,518,1,55,0
1990,27,2,0,0,0,1,328,6,40,0
1990,68,1,0,0,0,0,0,0,0,0
1990,70,2,0,0,0,0,0,0,0,0
1990,63,1,3,0,0,0,889,4,25,0
1990,71,2,3,0,0,0,0,0,0,0
1990,35,1,0,0,0,0,549,3,45,0
1990,28,2,0,0,0,0,0,0,0,0
1990,32,1,0,2,0,1,229,6,50,0
1990,25,2,0,2,0,1,337,4,20,0
1990,46,1,0,0,0,1,269,3,46,0
1990,22,2,0,0,0,1,458,4,25,0
1990,35,1,0,0,0,1,159,6,40,0
1990,33,2,0,0,0,1,95,5,40,0
1990,25,2,2,3,3,1,278,1,62,0
1990,33,1,0,0,0,1,904,6,60,0
1990,29,2,0,0,0,0,877,3,40,0
1990,38,1,0,0,0,0,503,6,60,0
1990,39,2,0,3,3,0,666,1,35,0
1990,22,1,1,0,0,0,208,6,60,0
1990,23,1,3,0,0,0,904,6,45,0
1990,18,1,1,0,0,0,904,6,60,0
1990,19,1,1,1,0,0,228,6,50,0
1990,18,1,1,1,0,0,516,6,40,0
1990,23,1,0,0,0,1,809,6,45,0
1990,23,2,0,0,0,1,319,3,30,0
1990,22,1,0,3,0,0,519,6,40,0
1990,22,2,0,3,0,0,265,3,60,0
1990,54,1,0,0,0,0,355,2,40,0
1990,52,2,0,0,0,0,387,5,40,0
1990,32,1,2,0,0,0,694,2,40,0
1990,43,1,0,0,0,0,553,0,40,1
1990,40,2,0,0,0,0,0,0,0,0
1990,58,1,0,0,0,0,628,2,40,0
1990,53,2,0,0,0,0,16,2,40,0
1990,57,1,0,0,0,0,27,4,0,0
1990,53,2,0,0,0,0,666,4,40,0
1990,67,1,0,0,0,0,453,5,99,0
1990,56,2,0,0,0,0,207,5,16,0
1990,32,1,0,0,0,1,26,6,40,0
1990,30,2,0,0,0,1,736,1,0,0
1990,63,1,0,0,0,0,505,3,40,0
1990,64,2,0,0,0,0,243,3,0,0
1990,73,1,1,0,0,0,0,0,0,0
1990,47,1,0,2,0,0,783,1,40,0
1990,55,2,0,2,1,0,466,5,40,0
1990,63,1,2,0,0,1,0,0,0,0
1990,70,2,3,0,0,1,0,0,0,0
1990,40,2,1,0,0,1,453,4,30,0
1990,58,1,0,1,0,0,549,3,24,0
1990,50,2,0,1,0,0,0,0,0,0
1990,26,1,3,1,0,0,436,3,30,0
1990,22,1,1,1,0,0,0,0,0,0
1990,45,1,0,0,0,1,7,4,45,1
1990,44,2,0,0,0,1,156,5,40,0
1990,54,2,2,0,0,1,0,0,0,0
1990,66,1,0,0,0,1,253,4,32,1
1990,63,2,0,0,0,1,0,0,0,0
1990,24,1,2,0,0,1,426,3,40,0
1990,75,1,3,0,0,1,804,5,12,0
1990,33,1,1,0,0,0,317,4,40,0
1990,63,1,0,0,0,0,889,6,0,0
1990,64,2,0,0,0,0,0,0,0,0
1990,35,1,0,0,0,1,567,0,45,0
1990,27,2,0,0,2,0,435,3,34,0
1990,48,2,0,0,0,1,7,5,40,0
1990,53,1,0,0,0,1,21,5,40,0
1990,74,2,1,0,0,0,315,6,25,0
1990,40,1,0,0,0,0,505,3,40,0
1990,37,2,0,0,0,0,156,5,38,0
1990,63,1,0,0,0,1,0,0,0,0
1990,67,2,0,0,2,0,0,0,0,0
1990,20,2,1,2,0,0,276,3,35,0
1990,28,1,0,0,0,1,226,6,50,0
1990,27,2,0,0,0,0,264,3,0,0
1990,29,1,0,1,0,0,549,6,50,0
1990,25,2,0,1,0,0,276,3,40,0
1990,37,1,0,0,0,1,156,5,45,0
1990,36,2,0,0,0,1,0,0,0,0
1990,24,1,0,0,0,1,26,6,50,0
1990,23,2,0,0,0,1,276,3,30,0
1990,37,1,0,0,0,0,904,6,65,0
1990,31,2,0,0,0,0,22,3,38,0
1990,78,1,0,0,0,0,0,0,0,0
1990,65,2,0,0,2,1,17,5,0,0
1990,26,2,0,0,0,1,418,6,40,0
1990,26,1,0,0,0,1,268,3,55,0
1990,21,1,0,1,0,1,505,6,45,0
1990,25,2,0,1,0,1,637,1,40,0
1990,51,1,0,0,0,1,426,5,40,0
1990,50,2,0,0,0,1,0,0,0,0
1990,61,1,3,1,0,0,447,5,40,0
1990,42,1,0,0,0,1,22,6,70,0
1990,34,2,0,0,3,1,0,0,0,0
1990,31,1,0,0,0,1,25,4,45,0
1990,31,2,0,0,0,1,276,1,50,0
1990,20,2,1,1,0,1,163,5,20,0
1990,22,2,1,1,0,1,329,5,40,0
1990,22,1,0,2,1,0,869,0,50,0
1990,22,2,0,2,1,0,276,3,27,0
1990,63,1,0,0,0,0,22,3,30,1
1990,59,2,0,0,0,1,0,0,0,0
1990,65,1,0,0,0,0,889,4,40,0
1990,66,2,0,0,0,0,0,0,0,0
1990,29,2,0,0,0,1,156,5,45,0
1990,35,1,0,0,0,1,5,6,45,0
1990,47,1,0,0,0,1,804,1,40,0
1990,36,2,0,0,0,0,337,3,40,0
1990,62,2,2,0,0,0,157,5,40,0
1990,80,2,3,0,0,0,0,0,0,0
1990,19,1,1,0,0,1,276,3,6,0
1990,37,1,0,0,0,1,637,1,44,0
1990,37,2,0,0,0,1,313,5,25,0
1990,28,1,0,0,0,0,637,1,48,0
1990,22,2,0,0,0,0,447,5,28,0
1990,45,1,0,0,0,1,84,5,60,1
1990,44,2,0,0,0,1,22,3,40,0
1990,78,1,0,0,0,0,473,0,25,0
1990,76,2,0,0,0,0,0,0,0,0
1990,25,1,0,0,0,0,869,0,40,0
1990,25,2,0,0,0,1,313,4,40,0
1990,35,2,0,0,0,0,22,4,40,0
1990,38,1,0,0,0,1,579,0,50,0
1990,46,1,0,0,0,0,686,3,40,0
1990,46,2,0,0,0,1,435,3,0,0
1990,68,2,3,1,0,0,0,0,0,0
1990,19,1,1,1,0,1,276,3,32,0
1990,30,1,0,0,0,0,856,1,50,0
1990,32,2,0,0,0,0,276,3,40,0
1990,77,2,0,0,0,0,0,0,0,0
1990,23,1,1,0,0,0,509,0,40,0
1990,23,1,1,0,0,0,518,4,40,0
1990,36,1,0,0,0,1,254,4,60,0
1990,31,2,0,0,0,1,254,4,0,0
1990,23,1,0,0,0,0,17,3,40,0
1990,22,2,0,0,0,0,436,3,30,0
1990,64,1,0,0,0,0,0,0,0,0
1990,58,2,0,0,0,0,0,0,0,0
1990,72,2,3,1,0,0,407,4,0,0
1990,41,1,3,1,0,0,0,0,0,0
1990,31,1,2,2,0,0,0,0,0,0
1990,36,1,1,0,0,1,86,0,40,0
1990,39,1,2,0,0,1,254,4,0,0
1990,73,1,0,1,0,0,479,0,0,0
1990,70,2,0,1,0,0,0,0,0,0
1990,39,1,1,1,0,0,0,0,0,0
1990,34,1,1,1,0,0,0,0,0,0
1990,34,1,1,1,0,0,0,0,0,0
1990,58,1,0,1,0,1,808,2,20,0
1990,52,2,0,1,0,0,379,5,40,0
1990,24,1,1,1,0,1,424,6,40,0
1990,27,1,1,1,0,0,424,6,40,0
1990,55,1,1,0,0,0,0,0,0,0
1990,54,1,0,0,0,0,558,0,40,0
1990,53,2,0,0,0,1,156,5,40,0
1990,24,1,1,0,0,1,274,3,25,0
1990,24,2,1,1,0,0,436,5,40,0
1990,55,1,0,1,0,0,588,0,40,0
1990,56,2,0,1,0,0,436,5,40,0
1990,76,2,3,0,0,0,0,0,0,0
1990,22,1,1,0,0,1,185,5,40,0
1990,79,2,3,0,0,0,0,0,0,0
1990,50,1,1,0,0,0,243,3,0,0
1990,47,1,0,0,0,1,156,5,40,0
1990,40,2,0,0,0,1,157,5,40,0
1990,80,2,3,1,0,0,0,0,0,0
1990,69,2,3,1,0,0,0,0,0,0
1990,62,1,0,0,0,0,0,0,0,0
1990,62,2,0,0,0,0,0,0,0,0
1990,35,1,0,0,0,0,853,4,40,0
1990,33,2,0,0,0,0,458,4,40,0
1990,26,1,0,0,0,1,878,1,40,0
1990,26,2,0,0,0,1,337,3,0,0
1990,26,1,0,2,1,0,486,0,35,0
1990,24,2,0,2,1,0,784,1,40,0
1990,33,1,0,0,0,1,637,1,50,0
1990,51,2,0,0,0,0,267,3,12,0
1990,31,2,1,0,0,1,338,3,40,0
1990,33,2,1,0,0,1,156,5,40,0
1990,37,1,0,0,0,0,643,1,40,0
1990,36,2,0,0,0,0,274,3,37,0
1990,18,2,1,0,0,0,264,3,32,0
1990,42,1,0,0,0,0,759,4,50,0
1990,27,2,0,0,0,1,453,5,36,0
1990,20,1,1,0,0,0,883,1,40,0
1990,61,1,0,0,0,0,534,1,40,0
1990,57,2,0,0,0,0,0,0,0,0
1990,24,2,1,0,0,1,313,5,40,0
1990,45,1,0,0,0,0,637,1,40,0
1990,40,2,0,0,0,1,364,1,40,0
1990,41,1,0,0,0,1,15,5,40,1
1990,41,2,0,0,0,0,447,5,16,0
1990,65,1,3,0,0,0,159,2,0,0
1990,47,1,2,0,0,1,889,1,60,0
1990,45,1,0,0,0,0,18,0,40,1
1990,37,2,0,0,0,1,15,5,40,0
1990,37,1,0,0,0,1,757,1,40,1
1990,37,2,0,0,0,0,379,4,40,0
1990,60,1,1,1,0,1,156,5,40,0
1990,67,1,0,0,0,1,0,0,0,0
1990,68,2,0,0,0,0,0,0,0,0
1990,42,1,0,0,0,1,22,2,40,1
1990,41,2,0,0,0,1,177,5,30,0
1990,18,1,1,0,0,1,877,3,0,0
1990,78,2,3,1,0,0,0,0,0,0
1990,33,1,3,1,0,0,579,0,0,1
1990,25,2,2,0,0,1,809,5,97,0
1990,21,1,1,0,0,1,475,0,40,0
1990,25,1,2,2,0,0,486,0,40,0
1990,21,1,1,0,0,1,426,3,0,0
1990,23,2,1,0,0,1,436,3,15,0
1990,44,1,0,0,0,1,489,0,48,0
1990,34,2,0,0,0,0,315,6,40,0
1990,20,2,1,0,0,1,313,0,20,0
1990,24,2,1,0,0,1,243,3,28,0
1990,22,2,1,0,0,1,276,3,30,0
1990,40,1,0,0,0,0,516,0,35,0
1990,31,2,0,2,0,1,447,5,40,0
1990,76,1,0,0,0,0,0,0,0,0
1990,73,2,0,0,0,1,0,0,0,0
1990,42,1,0,0,0,0,869,0,40,1
1990,41,2,0,0,0,0,337,4,40,0
1990,31,1,1,1,0,0,779,1,0,0
1990,22,1,0,0,0,1,22,1,40,0
1990,20,2,0,0,0,1,406,4,40,0
1990,32,1,0,0,0,0,869,0,40,0
1990,32,2,0,0,0,1,769,1,40,0
1990,38,2,3,1,0,0,779,1,40,0
1990,21,1,1,1,0,1,435,6,0,0
1990,25,1,1,0,0,1,869,2,40,0
1990,30,2,2,0,0,0,447,5,40,0
1990,63,2,3,0,0,0,447,5,40,0
1990,29,2,3,0,0,0,0,0,0,0
1990,80,1,0,0,0,0,0,0,0,0
1990,67,2,0,0,0,0,0,0,0,0
1990,61,1,0,0,0,1,804,4,48,0
1990,52,2,0,0,0,1,424,6,40,0
1990,34,1,1,0,0,0,479,0,40,0
1990,42,1,0,0,0,0,503,6,40,0
1990,40,2,0,0,0,0,27,6,40,0
1990,28,1,0,0,0,0,804,2,40,0
1990,28,2,0,0,0,0,0,0,0,0
1990,20,1,1,0,0,0,418,6,40,0
1990,45,2,2,0,0,0,337,5,40,0
1990,30,1,0,0,0,0,657,4,40,0
1990,23,2,0,0,0,0,155,5,50,0
1990,58,2,3,0,0,1,95,6,40,0
1990,74,2,0,0,0,1,335,6,40,0
1990,80,1,0,0,0,1,243,3,12,0
1990,41,1,0,3,0,0,496,1,0,0
1990,31,2,0,1,0,1,0,0,0,0
1990,30,1,1,1,0,0,436,6,40,0
1990,27,1,0,1,0,1,418,6,40,0
1990,21,2,0,1,0,1,447,5,40,0
1990,27,1,0,1,0,0,453,5,0,0
1990,23,2,0,1,0,0,0,0,0,0
1990,34,1,0,0,0,0,804,2,40,0
1990,33,2,0,0,0,0,658,1,40,0
1990,45,1,0,0,0,1,96,3,50,1
1990,43,2,0,0,0,1,29,3,25,0
1990,23,2,3,1,0,0,436,4,0,0
1990,24,1,0,0,0,0,175,6,60,0
1990,26,2,0,0,0,0,447,5,45,0
1990,36,1,0,0,0,0,577,5,42,0
1990,33,2,0,0,0,0,276,3,40,0
1990,38,2,2,1,0,0,0,0,0,0
1990,23,1,3,2,0,0,444,3,30,0
1990,28,1,0,0,0,0,748,4,40,0
1990,21,2,0,0,0,0,185,3,30,0
1990,54,2,3,0,0,0,276,3,27,0
1990,19,2,0,0,0,0,319,3,4,0
1990,22,1,0,0,0,0,869,2,0,0
1990,19,2,1,0,0,0,319,3,4,0
1990,48,2,2,1,0,0,909,6,0,0
1990,48,1,0,0,0,0,547,4,50,0
1990,46,2,0,0,0,0,29,3,36,0
1990,51,1,0,0,0,1,417,6,48,0
1990,48,2,0,0,0,0,0,0,0,0
1990,44,1,0,0,0,1,527,2,40,0
1990,43,2,0,0,0,1,354,2,40,0
1990,29,1,0,0,0,0,869,0,20,0
1990,24,2,2,0,0,0,274,3,0,0
1990,65,1,0,0,0,1,628,3,48,0
1990,62,2,0,0,0,0,274,3,48,0
1990,54,1,0,0,0,1,14,5,50,0
1990,49,2,0,0,0,1,313,5,40,0
1990,62,1,0,0,0,0,804,4,50,0
1990,58,2,0,0,0,0,0,0,0,0
1990,48,1,0,0,0,0,783,0,40,1
1990,44,2,0,0,0,0,0,0,0,0
1990,26,1,2,0,0,0,555,0,40,0
1990,24,2,1,0,0,1,313,3,40,0
1990,43,1,0,0,0,1,558,0,40,0
1990,32,2,0,0,0,0,0,0,0,0
1990,61,1,0,0,0,1,22,1,55,0
1990,59,2,0,0,0,1,0,0,0,0
1990,77,2,3,1,0,0,0,0,0,0
1990,47,1,0,0,0,0,869,0,0,0
1990,40,2,0,0,0,0,313,2,40,0
1990,19,2,1,0,0,0,877,3,36,0
1990,63,1,0,0,0,1,157,5,40,0
1990,52,2,0,0,0,0,436,3,30,0
1990,27,1,2,0,0,1,365,3,40,0
1990,26,1,3,0,0,1,365,3,40,0
1990,57,1,0,0,0,0,17,3,0,0
1990,53,2,0,0,0,0,325,1,40,0
1990,26,1,1,0,0,1,883,3,46,0
1990,39,1,0,0,0,1,22,0,40,0
1990,30,2,0,0,0,1,458,4,40,0
1990,75,1,3,0,0,0,18,4,0,0
1990,58,2,3,0,0,1,197,5,40,0
1990,39,2,3,0,0,0,29,3,42,0
1990,32,1,2,0,0,1,243,3,40,0
1990,22,2,1,0,0,1,436,3,32,0
1990,22,2,1,0,0,1,255,4,40,0
1990,20,2,1,0,0,1,427,5,40,0
1990,20,2,1,0,0,1,22,5,32,0
1990,24,2,1,1,0,1,276,3,30,0
1990,40,1,0,0,0,1,783,4,40,0
1990,35,2,0,0,0,1,628,1,45,0
1990,73,1,0,0,0,0,0,0,0,0
1990,67,2,0,0,0,0,0,0,0,0
1990,65,1,2,1,0,0,269,3,0,0
1990,21,1,1,0,2,1,174,5,25,0
1990,30,1,2,0,0,1,174,5,40,0
1990,64,2,0,0,0,0,22,1,45,1
1990,69,1,0,0,0,0,22,1,0,0
1990,75,2,3,1,0,0,0,0,0,0
1990,77,1,0,1,0,0,0,0,0,0
1990,75,2,0,1,0,0,0,0,0,0
1990,34,1,0,2,1,0,717,1,48,0
1990,30,2,0,2,1,0,889,3,40,0
1990,31,2,3,1,0,0,686,1,40,0
1990,34,1,1,1,0,0,709,1,50,0
1990,33,1,1,1,0,0,0,0,0,0
1990,59,2,3,1,0,0,0,0,0,0
1990,25,1,1,1,0,1,777,1,20,0
1990,76,2,3,0,0,1,0,0,0,1
1990,57,1,0,0,0,1,25,4,35,0
1990,51,2,0,0,0,1,156,5,35,0
1990,43,1,0,0,0,1,18,0,50,0
1990,40,2,0,0,0,1,156,5,40,0
1990,22,1,0,0,0,0,709,1,40,0
1990,25,2,0,0,0,1,194,5,40,0
1990,60,1,3,0,0,0,0,0,0,0
1990,36,1,0,0,0,0,259,3,45,1
1990,29,2,0,0,0,1,0,0,0,0
1990,39,1,0,0,0,1,407,4,30,0
1990,31,2,0,0,0,1,223,0,25,0
1990,39,1,0,0,0,1,733,3,60,0
1990,35,2,0,0,0,1,156,5,40,0
1990,28,2,1,0,0,1,486,0,40,0
1990,31,2,2,0,0,1,235,2,50,0
1990,51,1,0,0,0,1,29,3,40,0
1990,46,2,0,0,0,1,0,0,0,0
1990,18,2,1,0,0,1,0,0,0,0
1990,24,1,1,0,0,0,785,5,10,0
1990,47,1,0,0,0,0,563,1,40,0
1990,43,2,0,0,0,0,436,5,40,0
1990,19,1,1,0,0,0,426,5,20,0
1990,25,1,0,0,0,0,766,1,40,0
1990,25,2,0,2,0,0,337,4,40,0
1990,43,1,0,0,0,0,518,1,40,0
1990,42,2,0,0,0,0,379,3,45,0
1990,22,1,1,0,0,0,719,1,40,0
1990,21,2,0,0,0,1,354,2,20,0
1990,39,2,2,0,0,1,206,5,24,0
1990,35,2,1,0,0,1,206,5,24,0
1990,73,1,0,0,0,0,0,0,0,0
1990,69,2,0,0,0,0,0,0,0,0
1990,44,1,0,0,0,0,726,1,40,0
1990,40,2,0,0,0,1,208,5,60,0
1990,36,1,0,2,0,0,883,1,40,0
1990,31,2,0,2,1,0,467,5,0,0
1990,52,1,0,0,0,0,558,0,40,0
1990,49,2,0,0,0,1,313,0,20,0
1990,24,2,1,0,0,1,383,4,42,0
1990,27,1,0,0,0,1,253,4,40,0
1990,21,2,0,0,0,0,276,3,30,0
1990,54,2,2,0,0,0,785,1,0,0
1990,44,1,0,1,0,0,0,0,0,0
1990,40,2,0,1,0,0,686,3,35,0
1990,21,2,1,1,0,0,0,0,0,0
1990,65,1,0,0,0,0,567,0,24,0
1990,70,2,0,0,0,0,0,0,0,0
1990,75,2,0,0,0,1,0,0,0,0
1990,29,1,0,0,0,0,516,2,50,0
1990,27,2,0,0,0,0,243,3,15,0
1990,71,2,3,0,0,0,0,0,0,1
1990,76,2,3,0,0,1,0,0,0,0
1990,43,2,2,0,0,1,243,3,40,0
1990,47,1,0,0,0,0,544,1,99,0
1990,39,2,0,0,0,1,156,5,40,0
1990,34,1,0,0,0,1,263,3,48,0
1990,58,2,3,0,0,0,276,3,40,0
1990,79,2,3,0,0,0,0,0,0,0
1990,60,1,2,0,0,0,686,3,0,0
1990,33,1,2,0,0,0,889,0,30,0
1990,38,1,0,0,0,1,543,4,40,0
1990,36,2,0,0,0,1,303,6,55,0
1990,45,1,0,0,0,0,563,0,36,0
1990,40,2,0,0,0,0,563,0,36,0
1990,27,1,0,0,0,0,613,0,45,0
1990,26,2,0,0,0,0,0,0,0,0
1990,42,1,0,0,0,0,243,3,55,0
1990,38,2,0,0,0,1,387,5,70,0
1990,56,1,0,0,0,0,496,1,42,0
1990,52,2,0,0,0,0,449,5,20,0
1990,60,2,3,1,0,0,0,0,0,0
1990,47,1,2,0,0,1,18,4,26,0
1990,45,1,0,0,0,1,156,5,60,0
1990,26,2,0,0,0,0,878,1,0,0
1990,42,1,0,1,0,0,804,3,50,0
1990,41,2,0,1,0,0,447,5,40,0
1990,18,1,1,1,0,0,0,0,0,0
1990,19,1,1,1,0,0,0,0,0,0
1990,75,2,3,0,0,0,0,0,0,0
1990,36,1,0,0,0,1,136,5,20,0
1990,39,2,0,0,0,0,485,0,30,0
1990,80,2,3,1,0,0,0,0,0,0
1990,43,1,0,0,0,0,628,1,51,0
1990,44,2,0,0,0,0,0,0,0,0
1990,23,1,1,0,0,0,727,1,0,0
1990,20,1,1,0,0,0,0,0,0,0
1990,43,1,0,0,0,0,715,1,42,0
1990,40,2,0,0,0,0,0,0,0,0
1990,20,2,1,0,0,0,0,0,0,0
1990,55,2,2,0,0,0,0,0,0,0
1990,43,1,0,0,0,0,365,1,40,0
1990,43,2,0,0,0,0,313,3,0,0
1990,20,1,1,0,0,1,547,3,40,0
1990,69,1,0,0,2,0,523,1,40,0
1990,52,2,0,0,0,0,436,3,32,0
1990,39,1,0,0,0,0,804,2,40,0
1990,39,2,0,0,0,0,0,0,0,0
1990,48,1,0,0,0,0,496,1,50,0
1990,45,2,0,0,0,0,0,0,0,0
1990,18,2,1,0,0,0,0,0,0,0
1990,42,2,2,1,0,0,0,0,0,0
1990,35,1,0,0,0,1,518,0,91,0
1990,45,2,0,0,0,0,17,3,40,0
1990,73,1,0,0,0,0,567,5,0,0
1990,69,2,0,0,0,0,0,0,0,0
1990,35,2,0,3,0,0,687,3,30,0
1990,37,1,0,3,0,1,516,2,40,0
1990,34,1,0,0,0,1,85,5,40,0
1990,39,2,0,0,0,1,445,5,0,0
1990,70,1,0,1,0,0,0,0,0,0
1990,66,2,0,1,0,0,0,0,0,0
1990,40,2,2,0,0,1,174,6,40,0
1990,55,1,0,0,0,1,225,1,40,1
1990,53,2,0,0,0,1,174,5,10,0
1990,65,1,0,0,0,0,22,1,0,0
1990,65,2,0,0,0,0,0,0,0,0
1990,64,1,2,0,0,1,0,0,0,0
1990,42,1,0,0,0,1,257,4,50,0
1990,35,2,0,0,0,0,808,5,50,0
1990,28,1,0,0,0,1,25,4,45,0
1990,27,2,0,0,0,1,178,5,40,0
1990,69,2,3,0,0,0,274,3,16,0
1990,73,2,3,0,0,0,0,0,0,0
1990,73,1,0,0,0,0,243,4,35,1
1990,65,2,0,0,0,0,0,0,0,0
1990,39,2,0,1,0,0,447,5,40,0
1990,61,1,0,1,0,0,449,4,25,0
1990,23,2,1,1,0,0,444,5,0,0
1990,19,1,1,1,0,0,0,0,0,0
1990,62,2,3,0,0,0,0,0,0,0
1990,40,1,0,0,0,1,257,0,40,0
1990,36,2,0,0,0,0,337,0,20,0
1990,20,1,1,0,0,0,453,3,40,0
1990,40,2,1,0,0,1,243,3,48,0
1990,32,1,0,0,0,1,253,4,40,1
1990,33,2,0,0,0,0,22,2,40,0
1990,51,1,0,0,0,0,274,3,50,0
1990,40,2,0,0,0,0,436,3,15,0
1990,47,1,3,0,0,0,259,0,0,0
1990,36,1,0,0,0,1,268,3,46,0
1990,31,2,0,0,0,0,188,1,40,0
1990,32,1,0,1,0,1,47,2,60,1
1990,28,2,0,1,0,1,243,4,50,0
1990,56,2,3,1,0,0,0,0,0,0
1990,41,2,2,0,0,1,22,5,40,0
1990,33,1,0,2,1,0,889,4,40,0
1990,31,2,0,2,1,0,407,4,40,0
1990,44,2,1,0,0,1,177,5,50,0
1990,35,2,2,0,0,0,208,5,40,0
1990,69,2,3,0,0,0,0,0,0,0
1990,39,1,0,0,0,0,889,3,60,0
1990,22,2,0,0,0,0,389,1,0,0
1990,30,1,0,1,0,1,887,3,8,0
1990,33,2,0,1,0,1,803,3,30,0
1990,31,2,1,1,0,0,909,6,0,0
1990,30,1,1,0,0,1,156,5,20,0
1990,35,2,2,1,0,0,243,3,40,0
1990,26,1,0,0,3,1,385,5,20,0
1990,32,2,0,3,3,1,95,5,42,0
1990,44,2,3,0,0,1,156,5,99,0
1990,18,2,1,0,0,0,276,3,25,0
1990,34,1,0,0,0,1,23,2,40,1
1990,35,2,0,0,0,1,435,3,20,0
1990,47,2,1,0,0,0,0,0,0,0
1990,29,2,2,1,0,1,319,4,40,0
1990,72,2,3,1,0,0,407,4,0,0
1990,51,2,3,1,0,0,453,5,40,0
1990,23,1,1,1,0,0,887,3,0,0
1990,42,2,2,1,0,1,207,5,40,0
1990,18,2,1,1,0,0,0,0,0,0
1990,32,1,1,1,0,0,486,0,8,0
1990,52,1,0,1,0,0,567,1,40,0
1990,45,2,0,1,0,0,0,0,0,0
1990,22,2,1,1,0,0,379,5,20,0
1990,74,2,3,1,0,0,0,0,0,0
1990,50,2,2,1,0,0,447,5,0,0
1990,27,2,3,1,0,0,436,1,6,0
1990,33,2,1,1,0,0,0,0,0,0
1990,30,1,1,1,0,0,909,6,0,0
1990,32,1,0,0,0,0,869,1,48,0
1990,34,2,0,0,0,1,0,0,0,0
1990,35,1,2,1,0,1,783,2,40,0
1990,45,1,2,0,0,1,355,2,20,0
1990,18,2,1,0,0,0,435,3,40,0
1990,45,1,2,0,0,0,756,1,40,0
1990,64,1,0,0,0,0,27,1,0,0
1990,61,2,0,0,0,0,0,0,0,0
1990,30,1,0,0,0,1,575,0,65,1
1990,30,2,0,0,0,1,313,5,10,0
1990,35,1,2,0,0,0,479,0,40,0
1990,47,2,2,0,0,0,313,2,40,0
1990,74,2,3,0,0,0,0,0,0,0
1990,40,2,3,1,0,1,747,4,40,0
1990,18,1,1,1,0,1,438,3,0,0
1990,66,1,2,1,0,0,453,4,0,0
1990,69,1,0,1,0,1,0,0,0,0
1990,64,2,0,1,0,0,156,5,99,0
1990,79,1,0,1,0,1,0,0,0,0
1990,60,2,0,1,0,0,0,0,0,0
1990,32,1,3,1,0,0,549,4,40,0
1990,72,1,0,1,0,0,0,0,0,0
1990,63,2,0,1,0,0,407,4,25,0
1990,35,1,1,1,0,0,869,0,50,0
1990,33,1,1,1,0,0,594,0,40,0
1990,66,1,0,0,0,0,0,0,0,0
1990,67,2,0,0,0,0,0,0,0,0
1990,40,1,0,2,1,0,866,0,40,0
1990,26,2,0,2,0,0,748,5,40,0
1990,27,1,0,0,0,0,518,2,91,0
1990,28,2,0,0,0,1,363,2,40,0
1990,18,2,3,1,0,0,0,0,0,0
1990,20,2,1,0,0,0,276,3,40,0
1990,41,1,0,0,0,1,17,3,99,1
1990,39,2,0,0,0,1,305,3,50,0
1990,55,1,0,0,0,1,22,4,40,1
1990,53,2,0,0,0,1,379,4,40,0
1990,22,1,1,0,0,1,274,3,20,0
1990,20,2,1,0,0,1,335,4,20,0
1990,42,1,0,0,0,0,575,0,70,0
1990,43,2,0,0,0,0,443,3,0,0
1990,68,1,0,0,0,0,0,0,0,0
1990,66,2,0,0,0,0,0,0,0,0
1990,38,1,1,0,0,0,887,4,20,0
1990,27,1,1,0,0,0,628,1,40,0
1990,61,1,0,0,0,1,783,1,0,0
1990,61,2,0,0,0,1,385,3,0,0
1990,66,2,3,0,0,0,0,0,0,0
1990,28,2,1,0,0,0,458,4,40,0
1990,37,1,0,0,0,0,806,1,76,0
1990,35,2,0,0,0,0,276,3,30,0
1990,49,1,0,0,0,0,614,0,50,0
1990,39,2,0,0,0,0,257,2,24,0
1990,66,1,0,0,0,1,0,0,0,0
1990,67,2,0,0,0,1,0,0,0,0
1990,78,2,3,0,0,1,0,0,0,0
1990,52,1,0,0,0,1,48,1,50,1
1990,48,2,0,0,0,1,156,5,40,0
1990,27,2,1,0,0,1,5,6,40,0
1990,40,1,0,0,0,1,575,1,40,1
1990,38,2,0,0,0,0,0,0,0,0
1990,60,1,3,0,0,0,216,1,0,0
1990,70,2,2,0,0,0,274,3,99,0
1990,65,1,0,0,1,0,509,1,99,0
1990,30,2,0,0,1,1,0,0,0,0
1990,60,2,3,0,0,0,359,4,0,0
1990,27,2,1,0,2,1,95,5,40,0
1990,38,2,2,0,0,1,308,5,20,0
1990,32,2,1,1,0,0,469,5,13,0
1990,65,2,3,1,0,0,447,5,0,0
1990,26,1,1,1,0,0,869,0,40,0
1990,31,1,0,0,0,0,218,5,40,0
1990,32,2,0,0,0,0,0,0,0,0
1990,48,1,0,0,0,0,856,3,50,0
1990,47,2,0,0,0,0,387,5,40,0
1990,23,1,1,0,0,1,585,0,40,0
1990,19,2,1,0,0,0,435,3,20,0
1990,75,2,3,0,0,0,0,0,0,0
1990,42,1,3,0,0,1,22,4,50,0
1990,62,2,3,0,0,0,0,0,0,0
1990,48,2,2,0,0,1,383,4,75,0
1990,55,1,2,0,0,1,599,0,84,0
1990,35,1,1,0,0,1,27,0,40,1
1990,33,1,0,0,0,0,804,2,40,0
1990,29,2,0,0,0,0,0,0,0,0
1990,75,2,3,0,0,1,0,0,0,0
1990,27,2,0,0,0,1,156,5,40,0
1990,28,1,0,0,0,1,6,5,40,0
1990,74,2,3,0,0,0,447,5,48,0
1990,68,1,0,0,0,0,243,3,0,0
1990,64,2,0,0,0,0,0,0,0,0
1990,25,1,1,0,0,0,783,1,40,0
1990,26,1,0,0,0,0,558,0,40,0
1990,26,2,0,0,0,0,337,3,40,0
1990,56,1,0,0,0,0,436,3,16,0
1990,42,2,0,0,0,0,17,3,50,0
1990,29,1,0,0,0,1,804,2,40,0
1990,31,2,0,0,0,0,877,3,0,0
1990,57,1,0,0,0,0,276,3,50,0
1990,40,2,0,0,0,1,159,5,0,0
1990,19,1,1,0,0,0,904,6,40,1
1990,26,2,2,0,0,0,276,3,30,0
1990,22,1,0,0,0,1,523,3,48,0
1990,22,2,0,0,0,1,23,3,40,0
1990,29,1,0,0,0,0,869,0,40,0
1990,28,2,0,0,0,0,0,0,0,0
1990,77,2,3,0,0,0,0,0,0,0
1990,39,2,2,0,0,0,276,3,40,0
1990,18,2,1,0,0,0,468,5,40,0
1990,19,1,1,0,0,0,869,0,0,0
1990,64,2,0,0,0,1,156,5,40,0
1990,80,1,0,0,0,0,0,0,0,0
1990,44,1,2,0,0,1,0,0,0,0
1990,20,2,1,0,0,1,267,3,20,0
1990,40,1,0,0,0,0,783,0,40,0
1990,30,2,0,0,0,0,0,0,0,0
1990,68,1,0,0,0,0,567,0,0,0
1990,67,2,0,0,0,1,0,0,0,0
1990,57,2,3,0,0,0,0,0,0,0
1990,75,2,3,0,0,0,0,0,0,0
1990,46,1,1,0,0,0,0,0,0,0
1990,73,1,0,0,0,0,0,0,0,0
1990,61,2,0,0,0,0,909,6,0,0
1990,52,1,0,0,0,0,558,0,40,0
1990,49,2,0,0,0,0,0,0,0,0
1990,37,1,0,0,0,0,29,3,50,0
1990,37,2,0,0,0,0,359,3,40,0
1990,61,1,0,0,0,0,243,3,70,0
1990,55,2,0,0,0,0,0,0,0,0
1990,25,1,0,0,0,1,259,3,40,0
1990,24,2,0,0,0,0,337,5,0,0
1990,41,1,0,0,0,0,505,4,40,0
1990,46,2,0,0,0,0,313,5,38,0
1990,20,2,1,0,0,1,0,0,0,0
1990,38,1,0,1,0,0,825,2,60,0
1990,36,2,0,1,0,0,276,3,40,0
1990,45,1,0,0,0,0,637,1,42,1
1990,43,2,0,0,0,1,253,4,28,0
1990,20,1,0,0,0,0,229,4,40,0
1990,20,2,0,0,0,0,267,3,20,0
1990,27,1,0,0,0,1,889,2,40,0
1990,27,2,0,0,0,1,337,5,15,0
1990,37,1,0,0,0,0,734,1,48,0
1990,34,2,0,0,0,0,22,3,35,0
1990,65,2,2,0,0,1,303,6,0,0
1990,39,1,2,0,0,0,877,3,40,0
1990,31,2,2,0,0,1,256,2,0,0
1990,61,1,0,0,0,0,213,0,0,0
1990,43,2,0,0,0,0,796,4,48,0
1990,43,1,0,0,0,0,783,1,40,0
1990,34,2,0,0,0,0,37,5,36,0
1990,48,2,2,0,0,1,458,4,32,0
1990,25,1,1,0,0,0,174,5,0,0
1990,40,1,0,0,0,1,156,5,50,0
1990,38,2,0,0,0,1,157,5,40,0
1990,20,1,1,0,0,1,0,0,0,0
1990,46,1,0,0,0,1,259,1,50,1
1990,37,2,0,0,0,1,0,0,0,0
1990,26,1,1,0,0,0,257,4,55,0
1990,49,1,0,0,0,1,257,4,40,1
1990,30,2,0,0,0,1,0,0,0,0
1990,70,2,2,0,0,1,379,4,9,0
1990,46,1,0,0,0,1,22,0,60,0
1990,47,2,0,0,0,1,254,4,50,0
1990,47,1,0,0,0,1,14,5,40,1
1990,34,2,0,0,0,1,277,3,40,0
1990,49,1,0,0,0,1,33,0,45,0
1990,40,2,0,0,0,1,23,4,40,0
1990,21,1,1,0,0,1,433,6,30,0
1990,35,1,1,0,0,1,435,3,30,0
1990,32,1,0,0,0,1,804,3,45,0
1990,31,2,0,0,0,0,37,5,0,0
1990,63,1,3,0,0,0,543,3,40,0
1990,58,2,2,0,0,0,348,5,40,0
1990,38,1,0,0,0,1,18,4,62,1
1990,37,2,0,0,0,1,313,4,20,0
1990,34,1,0,0,0,1,259,3,50,0
1990,32,2,0,0,0,1,155,5,20,0
1990,75,1,0,0,0,1,0,0,0,0
1990,75,2,0,0,0,0,0,0,0,0
1990,26,2,1,3,0,1,254,4,40,0
1990,22,1,1,3,0,1,436,3,75,0
1990,27,1,1,0,0,1,17,3,60,0
1990,45,1,0,0,0,1,699,0,40,1
1990,42,2,0,0,0,1,157,5,40,0
1990,47,1,0,0,0,0,22,3,50,1
1990,47,2,0,0,0,1,337,2,20,0
1990,63,1,0,0,0,0,0,0,0,0
1990,61,2,0,0,0,0,0,0,0,0
1990,64,2,2,0,0,0,869,3,40,0
1990,53,1,0,0,0,1,0,0,0,0
1990,54,2,0,0,0,1,156,5,99,0
1990,50,1,0,0,0,1,166,5,32,0
1990,46,2,0,0,0,1,354,2,40,0
1990,25,2,1,0,0,1,276,5,20,0
1990,18,2,1,0,0,1,458,4,20,0
1990,46,2,2,0,0,1,156,5,40,0
1990,34,1,2,0,0,1,806,1,50,0
1990,29,1,0,0,0,0,628,1,55,0
1990,30,2,0,0,0,1,313,1,32,0
1990,30,1,0,0,0,0,565,0,40,0
1990,29,2,0,0,0,0,0,0,0,0
1990,78,2,3,0,0,0,0,0,0,0
1990,68,1,3,1,0,0,804,2,0,0
1990,35,2,3,1,0,0,379,5,0,0
1990,52,1,0,0,0,1,22,0,50,1
1990,50,2,0,0,0,1,254,4,52,0
1990,37,1,0,0,0,0,567,0,76,0
1990,33,2,0,0,0,0,0,0,0,0
1990,21,1,0,0,0,0,804,0,40,0
1990,22,2,0,0,0,0,277,3,0,0
1990,71,1,0,0,0,0,0,0,0,0
1990,70,2,0,0,0,0,359,2,4,0
1990,39,1,0,0,0,1,106,5,35,0
1990,29,2,0,0,0,1,208,5,40,0
1990,52,2,2,0,4,1,313,4,40,0
1990,21,1,1,0,4,1,508,2,40,0
1990,58,1,0,0,0,1,558,0,40,0
1990,55,2,0,0,0,0,0,0,0,0
1990,62,1,1,0,0,0,643,2,40,0
1990,30,1,0,0,0,0,825,2,40,0
1990,29,2,0,0,0,0,156,5,24,0
1990,38,1,0,0,0,1,418,6,40,0
1990,34,2,0,0,0,1,387,5,40,0
1990,47,1,0,0,0,1,505,2,40,0
1990,46,2,0,0,0,0,207,5,24,0
1990,21,1,1,0,0,0,259,1,24,0
1990,40,1,0,0,0,0,213,1,50,0
1990,41,2,0,0,0,0,466,5,0,0
1990,29,1,0,0,0,0,558,0,46,0
1990,26,2,0,0,0,0,313,4,0,0
1990,59,2,3,0,0,0,276,3,40,0
1990,32,2,2,0,0,0,276,3,40,0
1990,42,1,1,0,0,0,875,5,35,0
1990,39,1,1,0,0,0,875,5,40,0
1990,38,1,0,0,0,1,7,1,30,0
1990,35,2,0,0,0,0,0,0,0,0
1990,18,1,1,0,0,0,877,3,15,0
1990,70,1,0,0,0,0,426,4,29,0
1990,68,2,0,0,0,0,0,0,0,0
1990,38,1,0,0,0,0,628,1,48,0
1990,39,2,0,0,0,0,389,1,44,0
1990,35,1,2,0,0,0,804,2,48,0
1990,31,1,0,0,0,0,567,0,40,0
1990,28,2,0,0,0,0,276,3,0,0
1990,56,1,0,0,0,1,256,4,0,0
1990,54,2,0,0,0,0,877,3,0,0
1990,29,1,1,0,0,1,256,4,40,0
1990,39,1,0,0,0,1,21,5,40,0
1990,36,2,0,0,0,1,156,5,40,0
1990,37,1,0,0,0,0,276,3,45,0
1990,33,2,0,0,0,1,313,6,40,0
1990,73,2,3,0,0,0,0,0,0,0
1990,24,2,1,0,0,0,0,0,0,0
1990,23,1,1,0,0,0,804,1,40,0
1990,21,2,2,0,0,0,0,0,0,0
1990,34,1,0,0,2,1,637,1,40,0
1990,35,2,0,0,0,0,175,4,40,0
1990,34,2,0,0,0,1,373,3,30,0
1990,42,1,0,0,0,1,165,5,55,1
1990,69,1,2,0,0,0,0,0,0,0
1990,69,1,0,0,0,0,0,0,0,0
1990,61,2,0,0,2,1,0,0,0,0
1990,36,1,1,0,0,0,828,0,56,0
1990,77,1,0,0,0,0,0,0,0,0
1990,54,2,0,0,0,0,0,0,0,0
1990,34,2,1,0,0,0,0,0,0,0
1990,51,1,3,0,0,0,783,1,40,0
1990,25,2,2,0,0,0,264,3,40,0
1990,32,1,0,0,0,1,176,5,50,0
1990,32,2,0,0,0,1,156,5,30,0
1990,38,2,2,1,0,1,458,4,40,0
1990,18,1,1,1,0,0,365,3,20,0
1990,33,1,0,0,0,0,765,1,40,0
1990,36,2,0,0,0,1,313,5,0,0
1990,55,2,2,1,0,0,457,4,40,0
1990,66,2,2,0,0,0,426,4,40,0
1990,40,2,2,0,0,0,804,2,40,0
1990,73,1,0,0,0,0,0,0,0,0
1990,70,2,0,0,0,1,137,5,18,0
1990,37,1,0,0,0,1,22,1,40,1
1990,38,2,0,0,0,1,22,4,20,0
1990,18,2,1,0,0,0,276,3,20,0
1990,30,1,3,0,0,1,0,0,0,0
1990,23,2,1,0,0,1,435,3,40,0
1990,66,1,2,0,0,1,0,0,0,0
1990,78,1,0,0,0,0,0,0,0,0
1990,76,2,0,0,0,0,0,0,0,0
1990,29,1,1,1,0,0,436,4,0,0
1990,58,2,2,1,0,0,449,5,35,0
1990,73,1,3,0,0,1,0,0,0,0
1990,38,2,1,0,0,1,379,4,40,0
1990,70,2,1,0,0,0,0,0,0,0
1990,19,2,1,0,0,0,469,4,35,0
1990,21,2,1,0,0,0,458,4,40,0
1990,48,1,2,0,0,0,876,2,99,0
1990,30,1,1,0,0,1,208,5,55,0
1990,61,1,0,3,3,0,379,4,40,0
1990,51,2,0,3,3,0,379,5,40,0
1990,29,1,1,3,3,1,53,0,40,0
1990,71,1,1,0,0,0,0,0,0,0
1990,61,1,2,0,0,0,585,0,48,0
1990,54,2,2,0,0,0,0,0,0,0
1990,29,1,0,0,0,1,417,6,50,0
1990,29,2,0,0,0,1,0,0,0,0
1990,30,1,0,0,0,1,195,1,40,0
1990,30,2,0,0,0,1,313,5,15,0
1990,55,1,0,0,0,1,75,5,40,0
1990,56,2,0,0,0,1,174,5,40,0
1990,33,1,0,0,0,1,8,1,45,0
1990,34,2,0,0,0,1,379,6,40,0
1990,23,1,1,0,0,0,426,4,50,0
1990,29,2,1,0,0,1,313,5,40,0
1990,25,1,1,0,0,0,566,3,40,0
1990,58,1,0,0,0,1,426,5,0,0
1990,51,2,0,0,0,1,95,5,40,1
1990,27,2,1,0,0,0,438,3,20,0
1990,27,2,1,0,0,1,447,5,16,0
1990,75,1,0,0,0,1,268,3,25,0
1990,69,2,0,0,0,0,274,3,40,0
1990,33,1,0,0,0,0,756,1,60,1
1990,35,2,0,0,0,0,0,0,0,0
1990,19,2,1,0,0,1,274,3,25,0
1990,27,1,1,0,0,1,64,4,40,0
1990,32,1,1,0,0,1,59,5,40,0
1990,39,1,1,0,2,1,26,5,40,0
1990,49,1,0,0,0,0,263,3,55,0
1990,48,2,0,0,0,0,379,1,99,0
1990,49,2,2,0,0,0,453,5,40,0
1990,30,1,2,0,0,0,585,0,40,0
1990,26,2,2,0,0,1,435,3,0,0
1990,41,2,2,0,0,1,337,5,30,0
1990,28,1,1,0,0,0,0,0,0,0
1990,34,1,0,0,0,1,95,5,40,0
1990,34,2,0,0,0,0,0,0,0,0
1990,24,1,0,0,0,0,547,5,50,0
1990,24,2,0,0,0,0,774,4,40,0
1990,27,2,2,0,0,0,426,4,40,0
1990,65,1,0,0,0,0,22,2,0,0
1990,65,2,0,0,0,0,458,4,0,0
1990,25,1,0,0,0,0,757,1,40,0
1990,23,2,0,0,0,1,337,5,40,0
1990,62,1,0,0,0,1,243,1,40,1
1990,63,2,0,0,0,1,0,0,0,0
1990,36,1,0,0,0,1,686,2,80,1
1990,35,2,0,0,0,1,313,4,57,0
1990,40,1,3,0,0,0,434,3,40,0
1990,63,1,0,0,0,1,17,5,20,0
1990,51,2,0,0,0,0,276,3,0,0
1990,33,1,3,0,0,0,759,4,40,0
1990,52,1,0,0,0,0,363,1,40,1
1990,50,2,0,0,0,1,22,5,40,0
1990,22,1,1,0,0,1,308,1,40,0
1990,37,1,0,0,0,1,23,4,60,0
1990,34,2,0,0,0,1,313,0,40,0
1990,68,1,1,0,0,0,0,0,0,0
1990,37,1,1,0,0,0,804,2,60,0
1990,49,1,0,0,0,1,22,3,40,1
1990,48,2,0,0,0,1,22,3,40,0
1990,22,2,1,0,0,1,379,3,25,0
1990,19,1,1,0,0,1,379,3,30,0
1990,25,2,2,0,0,1,0,0,0,0
1990,44,2,3,0,0,0,95,4,99,0
1990,40,1,0,0,0,1,156,5,45,0
1990,36,2,0,0,0,1,156,5,45,0
1990,27,1,0,0,0,0,777,1,42,0
1990,24,2,0,0,0,1,434,3,30,0
1990,48,1,0,0,0,1,23,5,40,0
1990,49,2,0,0,0,1,73,5,40,0
1990,36,1,0,0,0,0,709,1,40,0
1990,33,2,0,0,0,0,466,5,40,0
1990,59,2,3,0,0,0,385,3,40,0
1990,38,1,0,0,1,0,779,1,48,0
1990,40,2,0,0,1,1,467,5,20,0
1990,50,1,3,0,0,1,804,0,40,0
1990,38,1,0,0,0,0,307,6,60,0
1990,49,2,0,0,0,0,0,0,0,0
1990,29,2,2,0,0,0,796,1,60,0
1990,49,1,0,0,0,1,188,1,40,0
1990,49,2,0,0,0,1,0,0,0,0
1990,20,1,1,0,0,1,0,0,0,0
1990,75,2,3,0,0,0,0,0,0,0
1990,53,1,0,0,0,1,154,5,99,0
1990,51,2,0,0,0,1,348,4,40,0
1990,28,2,1,0,0,1,313,5,99,0
1990,26,1,0,0,0,1,653,0,40,0
1990,27,2,0,0,0,0,0,0,0,0
1990,62,2,3,0,0,1,447,5,70,0
1990,27,2,1,0,3,1,337,4,30,0
1990,29,1,0,0,0,1,376,2,40,0
1990,26,2,0,0,0,1,184,1,40,0
1990,26,1,0,0,0,1,418,6,40,0
1990,26,2,0,0,0,1,308,6,40,0
1990,35,1,2,0,0,0,217,0,40,0
1990,28,2,2,0,0,1,313,0,6,1
1990,36,1,0,0,0,1,224,1,48,1
1990,36,2,0,0,2,1,95,5,24,0
1990,22,1,0,0,0,1,23,0,40,0
1990,22,2,0,0,0,0,18,4,40,0
1990,40,2,2,0,0,1,243,4,40,0
1990,26,1,3,0,0,1,235,5,45,0
1990,51,1,0,0,0,1,87,5,40,1
1990,54,2,0,0,0,1,677,3,30,0
1990,18,1,1,0,0,0,447,5,20,0
1990,80,2,3,0,0,0,0,0,0,0
1990,56,1,0,0,0,0,637,1,50,0
1990,46,2,0,0,0,0,407,4,8,0
1990,35,1,1,1,0,0,866,0,0,0
1990,58,1,2,1,0,0,567,6,0,0
1990,36,1,0,0,0,1,424,6,40,0
1990,36,2,0,0,0,0,356,6,0,0
1990,35,1,1,0,0,1,439,6,55,0
1990,27,1,1,1,0,0,276,5,40,0
1990,53,1,0,0,0,1,235,5,43,1
1990,51,2,0,0,0,1,0,0,0,0
1990,31,1,0,0,0,1,628,0,40,0
1990,27,2,0,0,0,0,453,4,0,0
1990,77,2,3,0,0,0,0,0,0,0
1990,39,1,0,0,0,1,585,1,99,0
1990,40,2,0,0,0,1,435,3,15,0
1990,60,1,0,0,0,1,585,0,40,0
1990,59,2,0,0,0,0,276,3,40,0
1990,31,1,2,0,0,0,797,1,60,1
1990,36,1,0,0,0,1,86,0,60,1
1990,26,2,0,0,0,0,22,0,0,0
1990,53,1,0,0,0,0,558,0,40,1
1990,49,2,0,0,0,0,29,3,0,0
1990,29,1,1,0,0,1,558,0,60,0
1990,48,2,3,0,0,0,0,0,0,0
1990,67,2,0,0,0,0,0,0,0,0
1990,78,1,0,0,0,0,0,0,0,0
1990,60,1,0,0,0,0,777,1,0,0
1990,49,2,0,0,0,0,337,3,35,0
1990,42,1,0,0,0,1,859,0,60,0
1990,38,2,0,0,0,0,278,3,8,0
1990,50,1,0,0,0,1,628,1,45,1
1990,47,2,0,0,0,1,313,5,20,0
1990,52,1,0,1,0,0,453,5,40,0
1990,49,2,0,1,0,0,453,4,30,0
1990,24,2,1,1,0,0,785,1,0,0
1990,39,1,0,0,0,1,49,2,50,0
1990,37,2,0,0,0,0,445,5,32,0
1990,50,1,0,0,0,0,766,1,40,0
1990,46,2,0,0,0,0,203,5,28,0
1990,46,1,0,0,0,1,503,1,40,0
1990,44,2,0,0,0,0,376,6,40,0
1990,19,2,1,0,0,1,373,3,30,0
1990,26,1,1,1,0,1,486,5,32,0
1990,77,2,3,0,0,0,0,0,0,0
1990,43,1,0,0,0,0,804,6,40,0
1990,40,2,0,0,0,1,453,5,40,0
1990,35,1,0,0,0,0,534,0,40,0
1990,39,2,0,0,0,0,313,1,40,0
1990,59,1,0,0,0,0,486,0,0,0
1990,57,2,0,0,0,0,0,0,0,0
1990,33,1,0,0,0,1,178,5,40,1
1990,33,2,0,0,0,1,23,4,40,0
1990,45,1,0,0,0,1,243,1,40,1
1990,43,2,0,0,0,1,22,5,40,0
1990,36,1,0,0,0,1,48,1,40,1
1990,36,2,0,0,0,1,224,1,40,0
1990,43,1,0,0,0,1,22,1,58,1
1990,42,2,0,0,0,1,0,0,0,0
1990,20,1,1,0,0,1,216,5,40,0
1990,18,1,1,0,0,1,486,5,40,0
1990,33,1,0,0,0,0,555,3,50,0
1990,32,2,0,0,0,0,0,0,0,0
1990,51,1,0,0,0,0,426,1,40,1
1990,41,2,0,0,0,0,22,2,0,0
1990,51,2,0,0,0,0,436,5,32,0
1990,47,1,0,0,0,1,253,4,50,0
1990,30,1,0,0,0,1,779,1,40,0
1990,28,2,0,0,0,1,313,4,35,0
1990,60,2,2,0,0,1,418,6,40,0
1990,27,1,2,0,0,0,579,3,40,0
1990,18,1,1,0,0,0,453,4,14,0
1990,19,2,3,0,0,0,276,3,40,0
1990,30,1,1,0,0,0,754,1,40,0
1990,33,1,0,0,0,0,597,0,40,0
1990,31,2,0,0,0,1,783,0,10,0
1990,29,1,2,2,0,0,804,0,55,0
1990,51,2,2,2,0,0,453,4,0,0
1990,49,1,2,2,0,0,355,2,50,0
1990,29,1,0,0,0,1,215,5,99,0
1990,26,2,0,0,0,1,376,4,40,0
1990,42,1,0,2,0,1,95,5,40,0
1990,46,2,0,2,1,1,95,5,40,0
1990,47,2,3,1,0,0,207,5,40,0
1990,22,2,1,1,0,1,159,5,40,0
1990,21,2,1,1,0,1,467,5,24,1
1990,52,1,3,1,0,1,804,2,40,0
1990,46,1,0,0,0,0,523,4,60,0
1990,45,2,0,0,0,0,335,4,50,0
1990,21,1,0,0,0,0,803,3,52,0
1990,20,2,0,0,0,0,435,3,30,0
1990,40,1,0,0,0,1,22,1,40,1
1990,38,2,0,0,0,1,22,1,40,0
1990,28,2,2,0,0,1,337,1,40,0
1990,32,1,3,1,0,1,668,3,0,0
1990,29,1,1,1,0,0,588,0,0,0
1990,26,1,0,1,0,0,804,0,40,0
1990,25,2,0,1,0,0,95,4,0,0
1990,55,1,0,1,0,0,278,1,24,0
1990,42,2,0,1,0,0,243,3,37,0
1990,39,1,0,0,0,1,259,3,99,1
1990,35,2,0,0,0,0,155,5,12,0
1990,40,1,0,0,0,1,156,5,40,0
1990,45,2,0,0,0,1,156,5,40,0
1990,41,2,2,0,0,1,22,5,30,0
1990,35,1,0,0,3,1,809,2,99,0
1990,31,2,0,0,0,1,23,4,44,0
1990,39,1,1,0,0,0,274,3,25,0
1990,70,2,3,0,2,0,0,0,0,0
1990,45,1,2,0,0,1,15,5,40,1
1990,28,1,0,0,0,0,866,0,40,0
1990,31,2,0,0,0,0,379,0,40,0
1990,30,1,0,2,0,0,547,0,40,0
1990,38,2,0,2,0,0,447,5,0,0
1990,18,1,1,2,0,0,444,3,0,0
1990,23,2,2,2,0,0,276,3,30,0
1990,20,1,1,0,0,0,0,0,0,0
1990,42,1,0,0,0,1,22,4,60,1
1990,39,2,0,0,0,1,0,0,0,0
1990,25,1,0,1,0,1,869,0,40,0
1990,28,2,0,1,0,0,276,3,0,0
1990,33,1,0,0,0,1,253,4,40,0
1990,28,2,0,0,0,1,103,5,40,0
1990,69,2,2,0,0,0,0,0,0,0
1990,47,1,0,0,0,0,505,4,61,0
1990,47,2,0,0,0,0,313,2,40,0
1990,28,1,0,2,0,0,804,3,40,0
1990,25,2,0,2,0,1,337,1,40,0
1990,56,2,3,0,0,1,156,5,50,0
1990,35,1,0,0,0,1,415,4,50,0
1990,37,2,0,0,0,0,667,4,50,0
1990,62,1,0,0,0,0,855,6,45,0
1990,61,2,0,0,0,0,443,3,40,0
1990,67,2,2,0,0,0,335,1,10,0
1990,41,2,1,2,0,0,197,0,40,0
1990,24,1,0,0,0,0,22,0,40,0
1990,30,2,0,0,0,0,323,1,0,0
1990,40,1,0,0,0,0,628,1,99,0
1990,46,2,0,0,0,0,759,1,40,0
1990,34,1,0,2,0,0,777,1,45,0
1990,35,2,0,2,0,0,328,4,40,0
1990,27,1,0,0,0,0,567,0,40,0
1990,29,2,0,0,0,0,276,3,40,0
1990,75,1,0,0,1,0,829,2,0,0
1990,64,2,0,0,2,0,0,0,0,0
1990,69,1,1,0,0,0,0,0,0,0
1990,29,1,0,1,0,1,418,6,50,0
1990,27,2,0,3,0,1,317,4,0,0
1990,33,2,0,1,0,0,466,5,40,0
1990,33,1,0,1,0,1,804,2,40,0
1990,63,1,0,1,0,0,885,3,30,0
1990,57,2,0,1,0,1,433,3,37,0
1990,30,1,3,1,0,1,774,4,40,0
1990,62,1,0,0,0,1,59,0,45,0
1990,62,2,0,0,0,1,313,4,0,0
1990,35,1,0,0,0,1,389,0,50,1
1990,38,2,0,0,0,1,0,0,0,0
1990,32,2,3,1,0,0,243,3,7,0
1990,36,2,0,1,0,1,313,5,37,0
1990,32,1,0,1,0,0,378,3,45,0
1990,62,1,0,0,0,1,163,4,40,0
1990,61,2,0,0,0,1,264,3,32,0
1990,39,1,0,1,0,1,255,4,50,0
1990,39,2,0,1,0,1,313,1,40,0
1990,32,1,0,1,0,1,426,1,40,0
1990,34,2,0,1,0,1,385,5,40,0
1990,38,2,3,0,1,0,453,5,40,0
1990,36,1,1,0,1,1,22,1,50,0
1990,34,1,0,0,1,0,486,5,40,0
1990,47,1,0,0,1,1,59,2,45,1
1990,38,2,0,0,0,1,156,5,40,0
1990,45,2,1,0,1,0,406,4,40,0
1990,43,1,0,0,1,1,217,0,40,0
1990,40,2,0,0,1,1,97,5,24,0
1990,41,1,0,0,0,1,17,3,75,1
1990,42,2,0,0,0,1,319,0,18,0
1990,43,1,0,1,0,1,525,1,40,0
1990,45,2,0,1,0,1,156,5,50,0
1990,32,1,1,2,0,1,423,6,44,0
1990,41,2,2,0,0,1,23,3,40,0
1990,33,2,0,1,0,1,318,2,40,0
1990,35,1,0,1,0,1,234,2,40,0
1990,33,1,0,0,0,1,22,4,50,1
1990,33,2,0,0,0,1,0,0,0,0
1990,33,1,0,0,0,1,22,5,40,0
1990,27,2,0,0,0,1,313,5,40,0
1990,50,2,1,1,1,1,313,1,40,0
1990,41,1,0,3,3,1,696,4,40,0
1990,42,2,0,3,3,1,22,4,35,1
1990,41,1,2,0,0,1,18,4,60,1
1990,37,2,1,0,0,1,156,5,45,0
1990,30,2,1,0,0,1,156,5,45,0
1990,61,1,0,3,3,1,354,2,40,0
1990,32,2,0,3,3,1,95,5,40,1
1990,31,1,0,0,0,0,549,4,40,0
1990,28,2,0,0,0,0,319,4,0,0
1990,44,1,0,0,0,1,22,5,40,1
1990,34,2,0,0,0,0,14,5,40,0
1990,37,1,0,3,3,1,785,1,40,0
1990,37,2,0,3,3,0,785,4,40,0
1990,33,1,0,0,0,1,355,2,55,0
1990,35,2,0,0,0,0,243,3,50,1
1990,19,1,1,0,0,0,877,3,40,0
1990,43,1,0,0,0,1,414,6,40,0
1990,41,2,0,0,0,1,234,6,0,0
1990,37,1,2,1,0,0,338,4,40,0
1990,22,1,1,0,0,0,573,0,40,0
1990,23,1,1,0,0,0,263,3,40,0
1990,30,1,3,1,0,0,579,0,80,0
1990,32,1,2,1,0,0,473,0,0,0
1990,38,1,0,1,0,0,549,0,40,0
1990,30,2,0,1,0,0,447,4,40,0
1990,60,1,0,1,0,0,0,0,0,0
1990,45,2,0,1,0,0,407,4,50,0
1990,22,2,1,1,0,0,0,0,0,0
1990,69,2,2,1,0,0,0,0,0,0
1990,42,1,3,1,0,0,0,0,0,0
1990,72,1,0,1,0,1,0,0,0,0
1990,69,2,0,1,0,0,0,0,0,0
1990,32,1,3,1,0,0,804,2,40,0
1990,27,1,0,1,0,0,0,0,0,0
1990,21,2,0,1,0,0,274,3,0,0
1990,27,1,0,0,0,0,365,1,40,0
1990,26,2,0,0,0,0,276,3,30,0
1990,35,1,1,2,1,0,909,6,0,0
1990,29,2,1,2,1,0,0,0,0,0
1990,50,1,0,0,0,0,883,1,40,0
1990,45,2,0,0,0,0,313,5,40,0
1990,19,2,1,0,0,0,319,4,25,0
1990,18,2,1,0,0,0,276,3,0,0
1990,40,1,1,2,1,0,486,0,40,0
1990,34,2,1,2,1,0,0,0,0,0
1990,46,2,2,2,0,0,0,0,0,0
1990,33,2,3,2,1,0,467,5,22,0
1990,60,1,0,2,1,0,783,1,40,0
1990,58,2,0,2,0,0,0,0,0,0
1990,24,2,0,2,1,1,313,4,40,0
1990,28,1,0,2,1,0,785,1,40,0
1990,48,2,2,0,0,0,806,2,40,0
1990,45,1,0,2,0,0,549,4,60,0
1990,28,2,0,2,1,0,0,0,0,0
1990,60,1,0,0,0,0,259,3,80,0
1990,56,2,0,0,0,0,0,0,0,0
1990,26,2,0,2,1,0,588,0,0,0
1990,24,1,0,2,0,0,319,1,0,0
1990,33,1,0,2,1,0,869,0,48,0
1990,36,2,0,2,1,0,0,0,0,0
1990,42,1,1,0,1,0,779,1,40,0
1990,25,1,1,0,1,0,567,0,45,0
1990,34,1,1,0,1,0,869,0,40,0
1990,24,2,1,0,1,0,406,4,40,0
1990,27,1,1,0,1,0,0,0,0,0
1990,27,1,0,2,1,0,759,3,32,0
1990,25,2,0,2,1,0,276,3,35,0
1990,33,1,0,2,1,0,567,0,40,0
1990,40,2,0,2,1,0,0,0,0,0
1990,19,1,1,2,1,0,0,0,0,0
1990,18,2,1,2,0,0,0,0,0,0
1990,29,1,3,0,0,0,684,1,50,0
1990,55,2,3,2,0,0,276,3,40,0
1990,26,1,2,2,0,0,889,3,40,0
1990,45,1,0,0,0,0,547,3,44,0
1990,37,2,0,0,1,0,276,5,15,0
1990,38,1,1,0,0,0,453,2,0,0
1990,63,1,0,2,0,0,453,4,50,0
1990,62,2,0,2,0,0,0,0,0,0
1990,28,1,3,2,0,1,426,4,10,0
1990,20,2,3,2,0,0,877,3,40,0
1990,52,1,0,2,1,0,449,5,40,0
1990,48,2,0,2,1,0,276,5,10,0
1990,22,2,1,2,0,1,156,5,40,0
1990,48,1,0,0,1,0,486,0,6,0
1990,47,2,0,0,1,0,0,0,0,0
1990,40,1,3,0,4,0,707,1,40,0
1990,52,2,2,1,0,0,385,2,40,0
1990,26,2,1,1,0,0,458,4,40,0
1990,52,2,3,1,0,1,156,5,40,0
1990,29,1,1,1,0,1,156,5,40,0
1990,79,2,3,1,0,0,0,0,0,0
1990,77,2,3,1,0,1,804,4,40,0
1990,32,1,3,1,0,0,748,5,32,0
1990,37,2,1,1,0,0,0,0,0,0
1990,20,1,1,1,0,0,0,0,0,0
1990,47,1,0,1,0,0,804,2,40,0
1990,35,2,0,1,0,0,0,0,0,0
1990,35,1,3,1,0,0,554,0,40,0
1990,38,2,2,1,0,0,379,5,40,0
1990,21,2,1,1,0,0,276,3,0,0
1990,18,1,1,1,0,0,0,0,0,0
1990,77,2,3,1,0,0,21,5,0,0
1990,71,1,0,1,0,0,0,0,0,0
1990,68,2,0,1,0,0,0,0,0,0
1990,63,1,0,1,0,0,0,0,0,0
1990,60,2,0,1,0,1,407,4,30,0
1990,21,1,1,1,0,0,268,3,40,0
1990,48,2,3,0,0,0,405,4,56,0
1990,22,2,0,2,0,0,0,0,0,0
1990,29,1,0,2,1,0,486,0,20,0
1990,65,1,1,2,0,0,0,0,0,0
1990,44,1,1,2,0,0,869,0,0,0
1990,52,2,3,1,0,0,276,3,40,0
1990,37,2,1,1,0,0,888,5,0,0
1990,19,2,1,1,0,0,0,0,0,0
1990,32,2,2,1,0,0,363,4,40,0
1990,35,1,1,1,0,0,869,0,40,0
1990,36,1,0,0,0,0,889,3,56,0
1990,26,2,0,0,0,0,277,4,0,0
1990,59,2,3,1,0,0,436,5,40,0
1990,25,1,0,0,0,0,887,4,40,0
1990,24,2,0,0,0,0,379,4,40,0
1990,31,1,0,0,0,0,453,5,40,0
1990,27,2,0,0,1,0,0,0,0,0
1990,21,1,0,2,0,0,804,0,40,0
1990,20,2,0,2,0,0,335,1,20,0
1990,36,1,3,0,0,0,243,3,50,0
1990,72,1,1,1,0,0,869,0,0,0
1990,22,1,0,0,1,0,889,3,54,0
1990,19,2,0,0,1,0,0,0,0,0
1990,46,1,0,1,0,1,22,2,40,0
1990,43,2,0,1,0,1,157,5,40,0
1990,23,1,1,1,0,1,503,4,40,0
1990,28,2,2,1,0,1,385,4,7,0
1990,64,2,0,1,0,0,453,4,40,0
1990,62,1,0,1,0,0,486,0,0,0
1990,55,1,0,0,0,1,23,0,45,1
1990,55,2,0,0,0,1,65,3,50,0
1990,44,1,0,0,1,0,453,3,40,0
1990,33,2,0,0,1,0,425,5,0,0
1990,43,2,2,0,0,1,17,3,40,0
1990,25,1,1,0,0,1,195,5,40,0
1990,30,2,2,0,0,1,319,4,40,0
1990,30,1,1,0,0,1,21,5,35,0
1990,26,1,2,2,1,0,514,4,40,0
1990,22,2,2,2,0,0,329,5,0,0
1990,79,2,3,0,0,0,274,3,0,0
1990,35,2,2,0,0,0,313,6,40,0
1990,24,1,1,0,1,0,435,3,40,0
1990,36,1,0,0,0,0,796,1,50,0
1990,34,2,0,0,0,0,0,0,0,0
1990,53,2,3,0,0,0,0,0,0,0
1990,33,1,1,0,0,1,389,2,40,0
1990,41,1,1,0,0,0,376,4,40,0
1990,50,1,2,0,0,1,43,5,50,0
1990,18,2,1,0,0,0,276,3,20,0
1990,35,1,0,2,0,0,783,4,35,0
1990,40,2,0,2,0,0,385,2,30,0
1990,19,1,1,2,0,0,877,3,25,0
1990,21,1,1,0,0,1,65,1,50,0
1990,25,1,1,0,0,1,55,1,15,0
1990,24,1,1,0,0,1,55,1,40,0
1990,39,1,1,2,0,1,549,5,40,0
1990,52,2,2,0,0,0,313,5,40,0
1990,23,1,1,0,0,0,783,1,40,0
1990,30,2,3,0,0,1,154,5,5,0
1990,36,1,1,0,1,0,875,2,40,0
1990,19,1,1,0,1,0,888,1,40,0
1990,25,1,1,0,1,0,888,1,40,0
1990,34,2,1,0,1,0,785,3,40,0
1990,21,2,1,0,1,0,274,3,0,0
1990,28,1,3,0,1,0,567,0,0,0
1990,39,1,1,0,0,1,95,5,60,0
1990,31,1,1,0,0,0,435,4,0,0
1990,50,1,1,0,0,1,267,3,45,0
1990,19,2,1,0,0,1,373,3,40,0
1990,22,1,1,0,0,0,803,4,60,0
1990,76,2,0,0,0,1,0,0,0,0
1990,22,1,1,0,0,0,806,3,40,0
1990,50,1,2,0,0,0,21,5,84,0
1990,43,1,2,0,0,1,85,5,38,1
1990,45,1,0,0,0,1,254,4,40,0
1990,37,2,0,0,0,1,254,4,0,0
1990,39,1,0,0,0,1,26,5,50,0
1990,42,2,0,0,0,1,254,4,50,1
1990,20,1,1,0,0,1,159,5,20,0
1990,26,2,1,0,0,1,463,2,40,0
1990,47,1,0,0,0,1,254,4,50,1
1990,37,2,0,0,0,1,0,0,0,0
1990,21,1,1,0,0,1,809,6,20,0
1990,77,1,0,0,0,0,0,0,0,0
1990,71,2,0,0,0,0,379,5,40,0
1990,33,2,1,0,0,1,157,5,30,0
1990,30,1,1,0,0,1,7,3,55,1
1990,69,1,0,0,0,1,25,4,50,1
1990,61,2,0,0,1,1,0,0,0,0
1990,77,1,3,0,0,1,22,0,50,0
1990,23,1,1,0,0,1,435,3,30,0
1990,52,1,2,0,0,0,486,0,40,0
1990,25,1,1,0,0,1,357,5,40,0
1990,29,1,1,0,0,1,13,5,20,0
1990,35,2,1,0,0,1,37,0,60,0
1990,43,1,0,0,0,1,18,4,45,1
1990,41,2,0,0,0,1,156,5,20,0
1990,27,1,0,2,1,0,486,0,40,0
1990,26,2,0,2,1,0,469,4,40,0
1990,62,1,0,0,0,1,176,5,0,0
1990,61,2,0,0,0,0,37,4,40,0
1990,45,2,2,0,0,1,254,4,40,0
1990,49,2,2,0,2,1,23,5,50,0
1990,29,2,0,0,0,1,55,3,40,0
1990,29,1,0,0,0,1,166,0,40,1
1990,38,1,1,0,0,1,464,4,40,0
1990,38,1,1,0,0,1,804,2,60,0
1990,37,2,1,0,0,1,313,1,37,0
1990,31,1,0,2,1,0,439,3,40,0
1990,32,2,0,2,1,0,436,3,24,0
1990,29,1,1,2,1,0,486,0,40,0
1990,22,1,1,2,1,1,436,3,40,0
1990,47,1,0,2,4,0,869,0,40,0
1990,45,2,0,2,4,0,407,4,35,0
1990,28,1,1,2,4,1,217,1,40,0
1990,23,1,0,2,4,0,22,5,38,0
1990,21,1,1,2,4,0,567,0,0,0
1990,26,2,1,2,4,0,453,4,0,0
1990,20,2,0,2,4,0,276,3,20,0
1990,37,2,0,0,4,1,0,0,0,0
1990,49,1,0,0,4,0,354,2,45,0
1990,70,2,3,0,4,0,0,0,0,0
1990,69,1,3,0,4,0,0,0,0,0
1990,33,1,1,2,1,0,883,2,40,0
1990,37,2,3,2,1,0,449,4,40,0
1990,28,1,1,0,0,1,628,1,40,0
1990,80,1,2,0,0,0,0,0,0,0
1990,39,2,1,0,0,1,313,4,40,0
1990,22,2,1,0,0,1,379,5,35,0
1990,35,1,0,1,4,1,809,2,75,0
1990,26,2,0,1,0,0,447,5,40,0
1990,28,2,1,1,4,0,447,5,24,0
1990,20,1,1,1,4,0,276,3,40,0
1990,28,1,1,0,3,0,439,4,52,0
1990,58,2,3,0,3,0,0,0,0,0
1990,31,1,1,0,3,0,389,4,40,0
1990,52,1,3,0,0,1,243,3,40,0
1990,22,1,0,0,0,0,869,0,40,0
1990,35,1,1,0,3,1,813,4,32,0
1990,25,1,1,0,0,1,177,5,60,0
1990,39,1,0,0,0,1,178,4,60,1
1990,38,2,0,0,0,1,14,5,50,0
1990,29,2,0,0,1,0,534,3,47,0
1990,30,1,0,0,1,0,554,0,40,0
1990,21,1,0,0,1,0,777,1,40,0
1990,18,2,0,0,1,0,0,0,0,0
1990,65,1,0,0,0,1,156,5,21,0
1990,64,2,0,0,0,1,23,4,30,0
1990,29,1,0,2,1,0,777,1,40,0
1990,24,2,0,2,1,0,0,0,0,0
1990,60,2,2,0,0,0,189,4,44,0
1990,33,1,0,0,0,0,259,3,50,1
1990,31,2,0,0,0,1,276,3,40,0
1990,45,1,2,0,0,1,159,5,40,1
1990,64,1,0,0,0,1,217,5,45,0
1990,61,2,0,0,0,0,0,0,0,0
1990,33,1,2,0,0,1,259,3,44,0
1990,47,2,2,0,0,0,337,1,50,0
1990,46,2,3,0,1,0,407,4,40,0
1990,20,1,1,0,1,0,866,0,28,0
1990,23,1,1,0,1,0,0,0,0,0
1990,26,2,1,0,0,0,0,0,0,0
1990,42,1,1,0,0,1,337,3,40,0
1990,31,1,0,0,0,0,449,5,40,0
1990,35,2,0,0,0,0,0,0,0,0
1990,38,1,0,2,0,1,23,0,40,0
1990,38,2,0,2,0,0,387,5,40,0
1990,20,2,1,2,0,1,335,4,20,0
1990,18,2,1,2,0,1,274,3,20,0
1990,53,1,0,0,0,1,526,2,40,0
1990,52,2,0,0,0,0,467,5,11,0
1990,26,1,1,0,0,0,453,3,40,0
1990,22,2,0,0,1,0,0,0,0,0
1990,26,1,0,2,0,0,505,4,40,0
1990,33,1,1,0,0,1,696,4,40,0
1990,54,2,2,0,0,0,769,1,0,0
1990,40,1,0,0,0,0,453,5,40,0
1990,43,2,0,0,0,0,909,6,0,0
1990,40,1,2,0,0,1,259,3,40,0
1990,19,2,1,0,0,0,33,1,0,0
1990,23,1,0,0,0,0,853,2,40,0
1990,22,2,0,0,0,0,319,4,40,0
1990,28,1,1,0,0,1,166,4,40,0
1990,58,1,0,0,0,1,22,1,30,0
1990,56,2,0,0,0,1,0,0,0,0
1990,23,1,1,0,0,1,48,1,50,0
1990,54,1,0,1,0,1,547,5,40,0
1990,53,2,0,1,0,1,156,5,36,0
1990,22,2,1,1,0,1,354,2,30,0
1990,25,1,0,2,1,0,686,3,38,0
1990,24,2,0,2,0,0,276,3,0,0
1990,57,1,0,1,0,0,453,5,40,0
1990,55,2,0,1,0,1,156,5,40,0
1990,48,1,0,0,0,1,22,0,40,1
1990,46,2,0,0,0,1,0,0,0,0
1990,78,2,2,1,0,0,436,3,40,0
1990,64,1,1,1,0,0,887,4,0,0
1990,56,1,0,0,0,1,86,0,40,1
1990,56,2,0,0,0,0,0,0,0,0
1990,53,1,3,0,0,0,783,0,40,0
1990,36,2,2,0,0,0,744,1,40,0
1990,35,1,0,2,1,0,783,1,45,0
1990,28,2,0,2,1,0,0,0,0,0
1990,46,1,2,0,0,0,637,1,50,1
1990,44,1,0,1,0,1,379,4,40,0
1990,42,2,0,1,0,0,0,0,0,0
1990,20,2,1,1,0,1,208,4,20,0
1990,45,2,1,1,0,1,465,5,0,0
1990,43,1,0,1,0,1,216,1,40,0
1990,38,2,0,1,0,0,276,2,40,0
1990,36,1,0,0,0,0,704,0,50,1
1990,31,2,0,0,0,0,0,0,0,0
1990,63,2,3,0,0,0,379,3,40,0
1990,61,1,2,0,0,1,0,0,0,1
1990,33,2,3,1,0,0,313,5,40,0
1990,19,1,1,1,0,0,889,1,0,0
1990,20,1,1,1,0,0,0,0,0,0
1990,35,2,2,3,3,1,234,5,40,0
1990,79,2,3,1,0,0,0,0,0,0
1990,32,2,2,1,0,1,253,4,40,0
1990,36,2,1,1,0,0,335,1,16,0
1990,30,1,0,2,1,0,579,0,40,0
1990,30,2,0,2,1,0,0,0,0,0
1990,46,2,2,1,0,1,95,5,41,0
1990,19,1,1,1,0,0,386,2,40,0
1990,20,2,1,0,0,0,276,3,0,0
1990,24,2,2,0,1,0,276,3,0,0
1990,36,1,1,2,0,0,505,4,40,0
1990,33,2,1,0,1,0,407,4,40,0
1990,24,2,0,0,0,1,185,4,40,0
1990,25,1,0,2,1,0,435,3,40,0
1990,23,1,1,2,0,1,418,6,50,0
1990,23,2,1,2,0,1,318,2,40,0
1990,46,1,1,1,0,1,595,0,20,0
1990,58,1,0,1,0,0,243,3,40,0
1990,50,2,0,1,0,0,0,0,0,0
1990,22,1,1,1,0,0,0,0,0,0
1990,41,2,2,1,0,1,317,4,40,0
1990,22,2,1,1,0,0,315,5,30,0
1990,21,2,1,1,0,0,335,5,30,0
1990,18,1,1,1,0,0,308,5,30,0
1990,45,2,2,1,0,0,379,6,40,0
1990,35,1,3,1,0,1,354,2,40,0
1990,19,2,1,1,0,1,469,6,30,0
1990,73,1,0,1,0,0,0,0,0,0
1990,75,2,0,1,0,0,0,0,0,0
1990,37,1,1,1,0,1,96,3,40,0
1990,18,2,1,1,0,0,433,3,20,0
1990,33,1,0,1,0,1,23,0,42,0
1990,35,2,0,1,0,1,447,5,40,0
1990,38,2,3,1,0,1,458,4,50,0
1990,47,1,1,0,0,0,0,0,0,0
1990,51,2,3,1,0,1,379,5,0,0
1990,27,1,1,1,0,0,21,5,40,0
1990,20,2,1,1,0,0,0,0,0,0
1990,31,2,3,1,0,0,0,0,0,0
1990,64,1,3,1,0,0,0,0,0,0
1990,26,1,0,1,0,0,22,5,45,0
1990,26,2,0,1,0,0,364,4,40,0
1990,29,1,1,0,0,1,376,4,38,0
1990,27,1,2,0,0,1,734,1,38,0
1990,37,1,1,0,0,1,303,4,50,0
1990,27,2,1,0,0,1,379,4,15,0
1990,41,1,1,0,0,1,17,3,40,0
1990,40,1,0,2,1,0,435,4,40,0
1990,36,2,0,2,1,0,453,3,40,0
1990,38,1,0,0,0,1,76,2,48,0
1990,37,2,0,0,0,1,156,5,30,0
1990,26,1,0,0,0,1,255,4,50,0
1990,27,2,0,0,0,1,755,5,10,0
1990,28,1,1,3,3,1,14,5,20,0
1990,54,2,2,0,0,1,174,5,44,0
1990,25,1,1,0,0,1,208,5,0,0
1990,25,1,1,0,0,1,0,0,0,0
1990,34,1,1,0,0,1,613,0,50,1
1990,18,2,1,0,0,1,0,0,0,0
1990,20,1,1,0,0,1,856,3,50,0
1990,53,1,0,0,0,1,127,5,50,1
1990,43,2,0,0,0,1,628,1,55,1
1990,48,1,0,0,0,1,178,5,50,1
1990,48,2,0,0,0,1,313,5,20,1
1990,34,1,2,0,0,1,677,3,40,0
1990,33,1,0,0,0,1,575,0,40,0
1990,34,2,0,2,0,0,337,5,45,0
1990,69,1,0,0,0,1,316,5,0,0
1990,68,2,0,0,0,1,0,0,0,0
1990,77,1,0,0,0,0,0,0,0,0
1990,75,2,0,0,0,1,0,0,0,1
1990,39,2,1,1,0,0,889,2,40,0
1990,64,1,0,0,0,1,134,5,40,1
1990,48,2,0,3,4,1,185,3,48,0
1990,22,1,1,3,4,1,203,5,15,0
1990,19,1,1,3,0,0,0,0,0,0
1990,32,1,0,0,0,1,178,5,60,1
1990,30,2,0,0,0,1,0,0,0,0
1990,63,1,0,1,0,0,22,2,0,0
1990,58,2,0,1,0,0,405,4,24,0
1990,32,1,1,1,0,0,877,3,40,0
1990,29,2,1,1,0,0,203,5,40,0
1990,69,1,3,1,0,0,0,0,0,0
1990,36,1,0,0,0,0,853,0,40,0
1990,26,2,0,0,0,0,243,3,17,0
1990,46,2,3,1,0,0,276,3,40,0
1990,30,1,3,1,0,0,556,0,0,0
1990,27,1,1,1,0,0,486,0,0,0
1990,25,2,3,1,0,0,276,3,30,0
1990,57,2,2,1,0,0,407,4,24,0
1990,24,2,1,1,0,1,276,5,40,0
1990,26,1,1,1,0,0,0,0,0,0
1990,46,2,2,1,0,0,22,1,45,0
1990,55,2,0,1,0,0,436,5,40,0
1990,59,1,0,1,0,0,804,2,0,0
1990,20,1,1,1,0,0,505,4,40,0
1990,31,1,1,1,0,0,909,6,0,0
1990,68,1,3,1,0,0,0,0,0,0
1990,45,1,1,1,0,0,567,0,0,0
1990,74,2,3,1,0,0,0,0,0,0
1990,38,2,3,1,0,0,804,2,40,0
1990,20,2,3,1,0,1,275,4,40,0
1990,48,2,1,2,1,0,449,5,40,0
1990,26,2,1,2,1,1,276,3,40,0
1990,24,2,1,2,1,1,888,3,40,0
1990,51,1,0,0,0,0,243,2,40,1
1990,54,2,0,0,0,1,337,2,40,0
1990,61,2,3,1,0,0,365,3,40,0
1990,34,1,1,1,0,0,883,3,0,0
1990,33,2,1,1,0,1,889,1,20,0
1990,47,1,0,1,0,1,547,1,40,0
1990,46,2,0,1,0,1,303,5,40,0
1990,70,2,3,3,3,0,0,0,0,0
1990,44,2,0,1,0,0,466,5,0,0
1990,45,1,0,1,0,0,889,1,40,0
1990,54,1,0,1,0,0,423,6,40,0
1990,51,2,0,1,0,0,5,6,40,0
1990,67,2,3,1,0,0,436,5,0,0
1990,39,1,1,1,0,0,804,4,30,0
1990,44,2,2,1,0,1,809,2,15,0
1990,26,1,1,1,0,0,869,0,40,0
1990,50,2,3,1,0,1,156,5,9,0
1990,53,1,0,2,0,0,505,4,40,0
1990,43,2,0,3,0,0,276,3,28,0
1990,19,2,1,2,0,0,435,3,32,0
1990,27,1,0,0,0,1,17,3,60,0
1990,27,2,0,0,0,1,736,1,40,0
1990,46,2,2,0,0,1,243,4,40,0
1990,43,1,2,0,0,1,677,3,72,0
1990,76,2,3,0,0,0,0,0,0,0
1990,53,2,2,0,0,0,0,0,0,0
1990,67,1,3,0,0,0,268,3,4,0
1990,20,1,0,0,2,0,505,4,65,0
1990,22,2,0,0,0,1,155,5,40,0
1990,55,2,2,0,0,0,337,4,40,0
1990,65,1,2,0,0,1,59,6,0,0
1990,36,1,1,0,0,1,595,0,20,0
1990,41,2,0,0,0,0,337,4,40,0
1990,44,1,0,0,0,0,264,3,40,0
1990,30,2,2,1,0,1,173,6,40,0
1990,59,1,0,0,0,1,178,5,40,1
1990,58,2,0,0,0,0,337,4,20,0
1990,55,1,0,0,0,1,637,5,40,0
1990,58,2,0,0,0,0,503,2,40,0
1990,18,1,1,0,0,0,877,3,0,0
1990,25,2,1,1,0,1,338,5,25,0
1990,30,1,1,1,0,1,447,5,30,0
1990,54,1,0,0,0,1,22,4,50,1
1990,47,2,0,0,0,1,379,5,40,0
1990,20,1,1,0,0,1,267,3,40,0
1990,49,1,0,0,0,0,22,0,52,0
1990,48,2,0,0,0,0,0,0,0,0
1990,66,1,0,0,0,1,26,3,2,0
1990,71,2,0,0,0,1,335,0,13,0
1990,28,1,0,0,0,0,22,0,48,0
1990,26,2,0,0,0,0,253,4,40,0
1990,38,1,2,0,0,1,133,5,40,1
1990,41,1,0,0,3,1,22,1,55,1
1990,40,2,0,0,3,1,335,5,30,0
1990,65,2,3,0,0,0,0,0,0,0
1990,31,2,1,1,0,0,385,2,40,0
1990,25,2,3,1,0,1,336,5,40,0
1990,39,1,3,1,0,1,637,1,50,0
1990,50,1,0,0,0,1,22,6,40,1
1990,47,2,0,0,0,0,319,5,40,0
1990,23,1,1,0,0,1,199,5,2,0
1990,18,1,1,0,0,0,174,5,30,0
1990,36,1,0,1,0,1,213,5,40,0
1990,31,2,0,1,0,1,373,5,40,0
1990,22,2,3,3,0,0,194,5,40,0
1990,45,1,2,0,0,0,378,4,40,0
1990,40,1,1,0,0,0,365,3,40,0
1990,28,1,1,0,0,0,436,3,25,0
1990,51,1,2,0,0,1,259,3,45,0
1990,43,1,0,1,0,0,825,2,48,1
1990,41,2,0,1,0,1,274,3,16,0
1990,60,1,0,0,0,1,7,1,60,1
1990,54,2,0,0,0,0,0,0,0,0
1990,49,1,0,0,0,1,257,0,40,0
1990,47,2,0,0,0,0,0,0,0,0
1990,26,1,0,0,0,1,33,0,40,0
1990,25,2,0,0,0,1,156,5,40,0
1990,41,1,0,0,0,1,259,0,40,0
1990,46,2,0,0,0,1,256,4,50,0
1990,24,1,0,0,0,1,23,4,40,0
1990,23,2,0,0,0,1,13,4,45,0
1990,54,1,1,0,0,1,48,0,40,1
1990,45,1,0,1,0,0,364,1,8,0
1990,47,2,0,1,0,0,364,4,25,0
1990,41,1,0,0,0,1,22,4,40,1
1990,41,2,0,0,0,1,22,1,35,0
1990,24,1,1,0,0,1,47,0,40,0
1990,49,1,2,0,0,1,869,0,50,0
1990,58,1,0,0,0,1,26,5,50,1
1990,54,2,0,0,0,0,0,0,0,0
1990,51,1,0,0,0,1,178,5,50,1
1990,60,2,0,0,0,1,167,5,30,0
1990,54,2,2,0,0,1,0,0,0,0
1990,29,1,3,0,1,0,386,4,40,0
1990,31,2,2,0,0,1,27,4,99,1
1990,37,1,2,0,0,1,26,0,40,0
1990,52,2,2,0,0,1,264,3,38,0
1990,51,1,0,0,0,1,59,5,40,1
1990,50,2,0,0,0,1,446,5,6,0
1990,31,1,0,0,0,0,804,3,15,0
1990,33,2,0,3,3,1,335,6,0,0
1990,27,1,1,0,0,1,213,3,45,0
1990,24,1,0,3,1,0,436,3,40,0
1990,27,2,0,3,3,1,407,4,40,0
1990,29,1,3,2,1,1,453,4,48,0
1990,68,1,0,0,0,1,26,1,0,0
1990,62,2,0,0,0,1,0,0,0,0
1990,34,1,0,0,0,1,259,3,40,0
1990,35,2,0,0,0,1,445,5,35,0
1990,29,2,1,1,0,0,22,2,40,0
1990,23,1,1,0,1,0,436,3,35,0
1990,29,2,1,1,4,1,467,5,50,0
1990,78,2,3,0,0,0,0,0,0,0
1990,79,2,3,0,0,0,0,0,0,0
1990,33,1,0,0,0,1,95,5,0,0
1990,30,2,0,0,0,1,95,5,45,0
1990,33,1,0,0,0,0,534,0,50,0
1990,32,2,0,0,0,0,313,6,40,0
1990,45,2,3,0,2,0,37,0,40,0
1990,25,2,1,0,2,1,435,3,35,0
1990,20,1,1,0,0,0,484,0,30,0
1990,48,1,0,0,0,0,243,3,50,0
1990,47,2,0,0,0,0,468,5,30,0
1990,21,2,1,0,0,1,319,4,50,0
1990,30,1,0,2,0,1,417,6,40,0
1990,29,2,0,2,0,1,95,5,40,0
1990,44,1,0,0,1,0,599,0,60,0
1990,40,2,0,0,1,0,0,0,0,0
1990,22,1,0,0,1,0,865,0,30,0
1990,23,2,0,0,1,0,0,0,0,0
1990,40,1,2,0,0,1,307,4,60,0
1990,49,2,2,1,0,0,355,2,40,0
1990,19,1,1,1,0,0,877,3,12,0
1990,70,1,0,0,0,0,0,0,0,0
1990,73,2,0,0,0,0,0,0,0,0
1990,48,1,0,0,0,0,628,1,40,0
1990,44,2,0,0,0,0,0,0,0,0
1990,27,2,1,0,0,0,189,1,40,0
1990,34,1,1,3,3,1,59,2,50,0
1990,62,1,0,0,0,1,457,4,20,0
1990,63,2,0,0,0,1,444,5,20,0
1990,54,1,0,0,0,1,35,0,40,0
1990,48,2,0,0,0,1,467,5,20,0
1990,20,1,1,0,0,0,874,1,30,0
1990,60,1,0,0,0,1,363,1,55,0
1990,53,2,0,0,0,0,313,1,40,0
1990,62,1,0,0,0,0,544,1,60,0
1990,69,2,0,0,0,0,0,0,0,0
1990,39,2,2,0,0,0,37,2,40,0
1990,20,1,3,0,0,0,883,2,40,0
1990,41,1,2,1,0,0,804,2,40,0
1990,33,1,0,0,2,1,22,5,70,1
1990,30,2,0,0,2,1,0,0,0,0
1990,29,1,3,0,0,1,229,3,40,0
1990,72,1,0,0,0,0,0,0,0,0
1990,72,2,0,0,0,0,0,0,0,0
1990,48,1,0,0,0,1,804,2,25,0
1990,47,2,0,0,0,1,0,0,0,0
1990,40,1,0,0,0,1,753,0,40,0
1990,34,2,0,0,0,1,313,5,40,0
1990,62,1,0,0,0,0,243,3,50,0
1990,57,2,0,0,0,0,0,0,0,0
1990,27,1,0,2,0,1,575,0,40,0
1990,23,2,0,0,0,1,313,1,40,0
1990,53,1,0,0,0,1,22,1,99,1
1990,52,2,0,0,0,1,0,0,0,0
1990,19,2,1,0,0,0,433,3,0,0
1990,42,1,0,3,3,1,22,1,50,1
1990,40,2,0,3,3,1,0,0,0,0
1990,71,2,3,3,3,1,0,0,0,0
1990,28,1,2,0,0,0,218,5,45,0
1990,37,2,2,0,0,0,313,3,0,0
1990,51,1,0,0,0,1,243,3,40,0
1990,37,2,0,0,0,1,197,4,20,0
1990,18,1,1,0,0,0,276,3,20,0
1990,47,2,3,0,0,1,217,0,40,0
1990,26,1,1,0,0,1,227,6,40,0
1990,26,1,1,0,0,1,308,4,40,0
1990,48,2,0,0,0,0,313,5,40,0
1990,52,1,0,0,0,1,416,6,40,0
1990,37,1,0,0,0,0,243,3,40,0
1990,34,2,0,0,0,1,22,1,40,0
1990,68,2,3,0,0,0,0,0,0,0
1990,61,1,0,0,0,1,22,0,70,0
1990,61,2,0,0,0,0,313,3,15,0
1990,62,2,1,0,0,0,37,5,0,0
1990,33,1,0,1,0,1,274,3,40,0
1990,32,2,0,1,0,1,523,0,40,0
1990,45,2,3,0,0,0,265,3,68,0
1990,66,2,3,0,0,0,0,0,0,0
1990,41,1,0,1,0,1,178,5,40,0
1990,41,2,0,1,0,1,376,5,40,0
1990,52,1,0,1,0,0,588,0,0,0
1990,54,2,0,1,0,0,447,4,0,0
1990,34,1,0,1,0,0,453,5,70,0
1990,27,2,0,1,0,0,447,5,0,0
1990,71,2,2,0,0,0,0,0,0,0
1990,43,2,1,0,0,1,95,5,40,0
1990,68,2,3,0,0,0,0,0,0,0
1990,26,2,1,0,0,1,467,5,40,0
1990,48,2,3,0,4,0,0,0,0,0
1990,38,2,1,0,4,0,407,4,0,0
1990,22,1,1,0,4,0,567,0,0,0
1990,18,1,1,0,4,0,595,0,25,0
1990,61,1,0,0,0,0,686,3,40,0
1990,54,2,0,0,0,1,336,5,40,0
1990,37,1,3,1,4,1,84,5,40,0
1990,35,1,3,1,4,1,436,3,35,0
1990,32,1,0,1,0,0,829,2,40,0
1990,32,2,0,0,0,0,379,4,0,0
1990,50,1,0,0,0,1,22,1,60,0
1990,51,2,0,0,0,1,156,5,40,0
1990,22,1,0,0,0,1,856,2,40,0
1990,20,2,0,0,0,1,435,5,0,0
1990,37,1,0,0,0,1,33,2,40,0
1990,35,2,0,0,0,0,0,0,0,0
1990,27,1,1,2,1,0,514,4,40,0
1990,45,1,0,0,0,0,318,2,40,0
1990,42,2,0,0,0,0,23,4,40,0
1990,24,1,1,2,1,0,869,0,45,0
1990,35,2,3,0,0,0,385,3,45,0
1990,32,2,1,0,0,0,22,2,40,0
1990,60,2,3,0,0,1,22,3,40,0
1990,41,1,0,0,0,1,694,2,56,0
1990,36,2,0,0,0,1,274,3,15,0
1990,18,1,1,0,0,0,0,0,0,0
1990,23,1,0,0,0,0,699,1,40,0
1990,26,2,0,0,0,0,347,4,40,0
1990,47,1,0,0,0,1,593,0,40,0
1990,54,2,0,0,0,0,0,0,0,0
1990,53,2,2,0,0,1,156,5,45,0
1990,18,1,1,0,0,0,266,3,20,0
1990,41,1,0,3,3,0,785,1,40,0
1990,48,2,0,3,3,0,785,1,10,0
1990,78,1,3,3,3,0,0,0,0,0
1990,42,2,3,3,4,1,888,1,16,0
1990,53,1,2,0,0,1,178,5,40,0
1990,39,2,2,0,0,1,313,5,40,0
1990,18,1,1,0,0,1,487,0,40,0
1990,59,2,2,0,0,1,256,1,65,1
1990,24,1,1,0,0,1,308,4,40,0
1990,19,1,1,0,0,0,264,3,20,0
1990,45,2,2,0,0,1,64,5,40,0
1990,51,1,3,0,0,0,283,5,40,0
1990,47,1,0,0,0,1,257,2,40,1
1990,40,2,0,0,0,1,259,1,40,0
1990,22,1,1,0,0,1,218,6,40,0
1990,22,1,1,1,0,0,436,3,40,0
1990,22,1,1,1,0,0,637,1,40,0
1990,32,2,2,0,0,1,337,4,40,0
1990,35,1,2,0,0,0,505,4,40,0
1990,46,1,0,0,0,1,22,1,40,1
1990,46,2,0,0,0,1,95,5,40,0
1990,43,1,0,1,0,0,853,0,40,0
1990,38,2,0,1,0,0,909,6,0,0
1990,45,2,2,0,0,1,318,2,40,0
1990,41,1,2,0,0,1,17,3,70,0
1990,32,1,1,1,0,1,433,3,47,0
1990,34,2,2,0,0,1,257,2,40,0
1990,54,1,0,0,0,1,75,0,45,1
1990,54,2,0,0,0,1,217,5,0,0
1990,28,1,1,0,0,1,679,1,40,0
1990,37,2,0,1,0,0,95,5,37,0
1990,30,1,0,1,1,1,0,0,0,0
1990,33,1,2,0,0,1,243,3,40,0
1990,50,2,2,0,0,1,328,3,40,0
1990,32,1,0,0,0,1,23,5,40,0
1990,30,2,0,0,0,1,95,3,40,0
1990,26,1,1,1,0,1,243,3,40,0
1990,34,2,3,2,0,1,313,0,40,0
1990,64,1,0,0,0,1,22,0,40,1
1990,62,2,0,0,0,1,0,0,0,0
1990,39,1,0,0,0,1,22,4,50,1
1990,39,2,0,0,0,1,313,5,25,0
1990,43,1,0,3,3,1,259,3,40,1
1990,40,2,0,3,3,1,95,5,20,0
1990,31,1,0,0,0,1,22,0,40,1
1990,32,2,0,0,0,1,266,3,0,0
1990,49,1,2,0,0,1,22,4,45,1
1990,46,2,2,0,0,1,313,5,99,0
1990,34,1,0,0,0,1,159,4,7,0
1990,35,2,0,0,0,1,95,5,41,0
1990,30,1,0,1,0,0,0,0,0,0
1990,32,2,0,1,0,0,0,0,0,0
1990,22,1,3,1,0,1,785,1,25,0
1990,50,1,2,1,0,0,0,0,0,0
1990,43,2,2,1,0,0,458,4,40,0
1990,47,1,0,1,0,0,869,0,40,0
1990,42,2,0,1,0,0,444,5,32,0
1990,22,1,1,1,0,0,889,3,32,0
1990,19,1,1,1,0,0,865,3,20,0
1990,39,1,1,1,0,1,628,3,85,1
1990,24,2,0,0,0,0,467,5,40,0
1990,25,1,0,0,0,1,505,3,60,0
1990,75,2,0,0,0,0,0,0,0,0
1990,79,1,0,0,0,0,0,0,0,0
1990,29,2,2,0,0,0,385,2,40,0
1990,52,1,0,0,0,0,583,0,46,0
1990,50,2,0,0,0,0,0,0,0,0
1990,52,1,1,1,0,1,157,5,40,0
1990,55,1,2,1,0,1,379,6,40,0
1990,53,1,0,1,0,0,804,2,40,0
1990,48,2,0,1,0,0,365,3,40,0
1990,26,2,1,1,0,0,458,4,40,0
1990,55,1,0,1,0,0,364,2,40,0
1990,53,2,0,1,0,1,95,5,40,1
1990,27,2,1,1,0,1,458,4,28,0
1990,71,1,3,1,0,0,0,0,0,0
1990,25,1,0,2,0,0,485,0,40,0
1990,23,2,0,2,0,0,458,4,0,0
1990,20,1,1,2,0,0,435,3,0,0
1990,35,1,0,0,0,0,534,3,40,0
1990,35,2,0,0,0,1,313,5,40,0
1990,29,1,0,0,0,0,708,1,40,0
1990,30,2,0,0,0,0,276,3,40,0
1990,35,2,3,1,0,0,0,0,0,0
1990,18,2,1,1,0,0,0,0,0,0
1990,44,1,0,0,0,0,507,3,44,0
1990,35,2,0,0,0,0,18,4,40,0
1990,27,1,0,1,0,1,418,6,40,0
1990,24,2,0,1,0,1,95,5,40,0
1990,50,2,2,1,0,0,436,5,40,0
1990,40,1,0,0,0,1,379,1,40,1
1990,40,2,0,0,0,0,387,5,40,0
1990,20,1,1,0,0,1,687,3,20,0
1990,31,1,2,1,0,0,549,4,40,0
1990,26,2,1,1,0,0,447,5,0,0
1990,30,1,0,2,1,0,783,0,0,0
1990,29,2,0,2,1,0,0,0,0,0
1990,49,1,0,0,1,1,579,0,40,0
1990,43,2,0,0,1,0,274,3,20,0
1990,22,1,1,0,1,1,25,4,40,0
1990,21,1,1,0,0,0,573,0,40,0
1990,20,2,1,0,1,0,337,3,40,0
1990,74,2,3,0,1,0,0,0,0,0
1990,36,1,3,0,0,1,418,6,15,0
1990,30,1,0,0,0,0,783,1,40,0
1990,27,2,0,0,0,0,276,3,0,0
1990,78,1,0,0,0,0,0,0,0,0
1990,70,2,0,0,0,1,0,0,0,0
1990,50,1,0,0,0,1,96,3,40,1
1990,40,2,0,0,0,1,316,6,4,0
1990,23,1,1,1,1,0,259,1,36,0
1990,37,2,2,0,0,1,337,5,40,0
1990,36,1,0,0,0,1,43,5,50,1
1990,35,2,0,0,0,1,157,5,40,0
1990,57,2,3,0,0,0,0,0,0,0
1990,37,1,3,3,3,1,364,3,40,0
1990,25,1,1,3,3,1,354,2,40,0
1990,24,2,3,3,3,1,276,3,40,0
1990,37,2,1,3,3,1,385,2,0,0
1990,44,1,0,3,3,1,59,5,50,1
1990,45,2,0,3,4,0,0,0,0,0
1990,25,1,1,3,3,1,797,1,40,0
1990,39,2,2,1,0,1,909,6,0,0
1990,58,1,0,0,0,1,22,5,40,0
1990,54,2,0,0,0,1,95,5,40,0
1990,37,1,0,3,3,1,229,3,40,0
1990,29,2,0,3,3,1,254,4,32,0
1990,36,2,2,1,0,0,276,3,33,0
1990,22,2,1,0,0,0,253,4,40,0
1990,25,1,1,0,0,1,264,3,40,0
1990,35,1,3,2,1,0,243,4,50,0
1990,18,1,1,2,1,0,453,4,0,0
1990,27,1,2,0,0,0,533,3,45,0
1990,29,2,2,0,0,1,23,3,40,0
1990,29,1,0,1,0,1,3,6,40,0
1990,27,2,0,1,0,1,174,6,40,0
1990,38,2,1,0,0,1,156,5,50,0
1990,26,1,1,1,0,1,274,3,40,0
1990,45,2,0,3,3,1,8,1,80,0
1990,41,1,0,3,4,1,628,1,75,0
1990,29,1,2,0,0,1,185,0,45,0
1990,29,2,1,0,0,0,318,2,40,0
1990,65,1,0,0,0,1,167,5,25,0
1990,64,2,0,0,0,1,14,5,40,0
1990,37,2,2,0,0,1,178,5,40,1
1990,58,1,0,0,0,1,22,4,60,0
1990,46,2,0,0,0,1,463,2,40,0
1990,59,1,0,0,0,0,257,0,30,0
1990,59,2,0,0,0,0,274,3,36,0
1990,30,1,1,0,0,0,268,3,99,0
1990,78,1,3,0,0,0,0,0,0,0
1990,34,1,0,2,1,0,755,1,40,0
1990,32,2,0,2,1,0,779,1,40,0
1990,29,2,3,0,0,0,276,3,55,0
1990,40,1,2,0,3,1,263,3,70,0
1990,23,1,0,0,1,0,567,0,48,0
1990,20,1,0,0,1,0,567,1,84,0
1990,20,2,0,0,1,0,488,3,0,0
1990,28,1,0,0,0,0,303,6,40,0
1990,29,2,0,0,0,0,259,3,40,0
1990,30,1,3,0,4,1,195,5,6,0
1990,21,1,0,0,0,0,585,0,40,0
1990,20,2,0,0,0,0,468,5,25,0
1990,61,1,0,2,1,0,486,5,45,0
1990,59,2,0,2,1,0,0,0,0,0
1990,19,2,3,2,1,0,265,3,5,0
1990,25,1,3,2,1,0,364,0,35,0
1990,26,1,0,0,0,0,585,0,50,0
1990,18,2,0,0,0,0,0,0,0,0
1990,35,2,2,0,0,0,796,4,40,0
1990,36,1,3,0,0,1,435,3,35,0
1990,22,2,1,0,0,0,435,3,40,0
1990,80,1,0,0,0,0,0,0,0,0
1990,73,2,0,0,0,0,0,0,0,0
1990,65,2,3,0,0,1,22,1,8,0
1990,40,1,0,0,0,1,508,2,80,0
1990,33,2,0,0,0,0,313,5,35,0
1990,33,1,0,0,0,0,777,1,43,0
1990,26,2,0,0,0,1,519,0,0,0
1990,36,1,2,0,0,0,759,1,50,0
1990,75,2,3,0,0,0,0,0,0,0
1990,24,1,0,2,0,0,579,0,33,0
1990,21,2,0,2,0,0,438,3,40,0
1990,25,2,3,2,0,0,276,3,25,0
1990,35,2,3,0,0,0,389,1,40,0
1990,27,1,0,0,0,1,699,1,50,0
1990,24,2,0,0,0,1,313,2,44,0
1990,57,1,0,0,0,1,253,4,40,0
1990,52,2,0,0,0,1,156,5,40,0
1990,31,1,1,0,0,0,0,0,0,0
1990,34,1,0,0,0,0,628,1,99,0
1990,34,2,0,0,0,1,197,5,99,0
1990,31,2,1,0,0,1,95,5,99,0
1990,53,1,0,0,0,1,197,6,52,1
1990,52,2,0,0,0,1,206,5,40,0
1990,29,1,0,0,0,1,259,3,50,0
1990,30,2,0,0,0,1,23,5,40,1
1990,46,1,3,0,0,0,567,1,45,0
1990,21,1,0,0,0,0,585,1,55,0
1990,22,2,0,0,0,0,439,3,0,0
1990,51,2,0,0,1,0,276,3,0,0
1990,50,1,0,0,0,0,436,3,40,0
1990,72,2,3,0,1,0,0,0,0,0
1990,33,1,0,0,3,1,156,5,50,0
1990,30,2,0,0,0,1,186,5,30,0
1990,65,1,0,0,0,0,503,6,0,0
1990,57,2,0,0,0,0,0,0,0,0
1990,33,1,0,0,0,1,216,3,48,0
1990,34,2,0,0,0,0,29,3,0,0
1990,51,2,0,0,0,1,364,1,40,0
1990,41,1,0,0,0,0,453,6,40,0
1990,36,1,0,0,0,1,779,1,40,0
1990,35,2,0,0,0,0,808,5,33,0
1990,31,2,2,0,0,1,364,1,43,0
1990,47,1,2,1,0,0,453,4,44,0
1990,70,1,0,0,0,0,549,1,40,0
1990,68,2,0,0,0,0,0,0,0,0
1990,38,1,0,0,0,1,224,1,44,1
1990,33,2,0,0,0,1,736,1,0,0
1990,53,2,0,0,0,1,447,5,0,0
1990,53,1,0,0,0,1,14,5,42,0
1990,79,2,3,0,0,1,25,4,40,0
1990,57,2,2,0,0,1,426,4,30,0
1990,55,2,0,0,0,0,283,3,40,0
1990,67,1,0,0,0,0,257,0,30,0
1990,29,1,0,0,0,1,389,1,40,0
1990,31,2,0,0,0,1,385,1,40,0
1990,23,2,3,0,0,0,313,1,40,0
1990,44,1,0,0,0,1,22,3,60,1
1990,44,2,0,0,0,1,666,4,15,0
1990,18,2,1,0,0,0,469,3,24,0
1990,54,1,0,0,0,0,567,1,40,0
1990,44,2,0,0,0,1,95,5,40,1
1990,27,1,1,0,0,1,435,3,30,0
1990,33,1,0,0,0,0,243,3,40,0
1990,25,2,0,0,0,0,467,5,32,0
1990,56,1,0,0,0,1,22,1,50,1
1990,52,2,0,0,0,0,319,5,12,0
1990,34,1,0,0,0,0,224,1,99,0
1990,30,2,0,0,0,1,313,0,0,0
1990,36,1,0,0,0,0,796,1,50,1
1990,35,2,0,1,0,0,389,6,40,0
1990,42,2,2,0,0,1,156,5,40,0
1990,70,1,0,0,0,1,0,0,0,0
1990,68,2,0,0,0,1,0,0,0,0
1990,35,1,0,0,0,1,0,0,0,0
1990,35,2,0,0,0,1,276,3,0,0
1990,71,1,0,0,0,1,18,4,20,0
1990,68,2,0,0,0,1,0,0,0,0
1990,79,1,3,1,0,0,0,0,0,0
1990,28,2,3,0,0,0,257,2,40,0
1990,20,1,0,0,0,1,17,3,70,0
1990,18,2,0,0,0,0,435,3,30,0
1990,34,2,1,2,0,0,155,5,25,0
1990,37,1,0,2,0,0,628,1,40,1
1990,36,2,0,2,0,0,313,1,40,0
1990,42,1,1,1,0,0,516,2,40,0
1990,38,1,0,0,0,1,22,0,40,0
1990,40,2,0,0,0,1,364,1,40,0
1990,18,1,1,0,0,0,566,3,15,0
1990,33,1,0,0,0,0,637,3,40,0
1990,35,2,0,0,0,0,379,2,40,0
1990,33,1,0,2,0,0,628,1,43,0
1990,32,2,0,2,0,0,0,0,0,0
1990,74,1,0,0,0,0,0,0,0,0
1990,66,2,0,0,0,1,156,5,40,0
1990,46,1,0,0,0,0,243,4,40,1
1990,42,2,0,0,0,0,313,4,32,0
1990,21,1,1,0,0,1,217,4,40,0
1990,30,1,0,2,0,1,23,0,40,0
1990,35,2,0,0,0,1,313,0,40,0
1990,30,1,0,0,0,1,157,5,50,0
1990,30,2,0,0,0,0,243,3,0,0
1990,39,1,0,0,0,1,558,0,40,0
1990,37,2,0,0,3,0,0,0,0,0
1990,39,1,3,0,0,0,224,1,54,1
1990,18,2,1,0,0,0,0,0,0,0
1990,48,1,0,0,0,1,22,0,45,1
1990,45,2,0,0,0,1,156,5,16,0
1990,23,1,1,0,0,1,461,0,45,0
1990,75,2,3,0,0,0,0,0,0,0
1990,48,1,0,0,0,1,257,2,50,0
1990,46,2,0,0,0,1,204,5,40,0
1990,52,1,0,0,0,1,418,6,0,0
1990,50,2,0,0,0,1,243,3,0,0
1990,43,1,2,0,0,1,103,5,50,0
1990,68,1,0,0,0,0,0,0,0,0
1990,70,2,0,0,0,0,0,0,0,0
1990,31,1,1,0,0,1,47,0,50,1
1990,43,1,3,0,0,1,23,3,40,1
1990,28,1,0,0,0,1,55,1,45,0
1990,31,2,0,0,0,0,319,3,0,0
1990,48,1,2,0,0,1,308,1,40,1
1990,25,2,1,0,0,1,317,4,40,0
1990,23,1,0,0,4,0,869,0,40,0
1990,23,2,0,0,0,0,276,3,40,0
1990,51,1,0,0,0,0,22,0,40,0
1990,49,2,0,0,0,0,337,0,15,0
1990,38,1,0,0,0,1,523,2,40,0
1990,37,2,0,0,0,0,375,4,37,0
1990,33,1,0,0,0,1,555,0,40,0
1990,29,2,0,0,0,1,355,2,0,0
1990,38,1,0,0,0,1,418,6,54,1
1990,28,2,0,0,0,1,156,5,40,0
1990,57,1,0,0,0,1,22,3,45,0
1990,36,2,0,0,0,1,313,4,40,0
1990,29,1,0,0,0,0,243,3,72,0
1990,33,2,0,0,0,0,0,0,0,0
1990,23,1,0,2,0,1,486,0,90,0
1990,23,2,0,2,0,1,7,0,20,0
1990,35,2,1,0,0,1,22,5,40,0
1990,27,1,0,0,0,0,804,2,60,0
1990,32,2,0,0,0,1,23,5,40,0
1990,40,1,0,0,0,0,453,4,50,0
1990,25,2,0,0,0,0,375,4,50,0
1990,42,1,0,0,0,1,75,5,45,1
1990,41,2,0,0,0,1,95,5,48,0
1990,45,1,0,0,0,1,259,3,60,1
1990,44,2,0,0,0,1,866,0,35,0
1990,20,1,1,0,0,1,505,3,30,0
1990,34,2,2,0,0,1,22,2,65,0
1990,24,1,0,0,0,0,486,0,45,0
1990,23,2,0,0,0,0,319,4,40,0
1990,57,1,2,0,0,0,274,3,60,0
1990,55,2,3,0,0,0,194,3,60,0
1990,48,1,0,0,0,0,22,1,40,1
1990,45,2,0,0,0,1,23,1,40,0
1990,27,1,0,0,0,0,686,3,40,0
1990,25,2,0,0,0,0,461,5,40,0
1990,31,1,3,0,0,0,589,3,0,0
1990,38,1,0,0,0,1,156,5,60,0
1990,37,2,0,0,0,0,313,5,45,0
1990,19,2,1,0,0,0,276,3,30,0
1990,28,2,3,0,0,0,888,3,40,0
1990,29,1,2,0,0,0,804,2,99,0
1990,46,1,0,0,0,1,628,1,40,1
1990,45,2,0,0,0,1,467,5,12,0
1990,18,1,1,0,0,1,197,4,37,0
1990,29,1,0,0,0,1,418,6,40,0
1990,32,2,0,3,0,1,174,5,40,0
1990,39,1,0,0,0,1,243,3,50,1
1990,40,2,0,0,0,0,888,3,35,0
1990,56,1,0,0,0,1,235,3,40,0
1990,49,2,0,0,0,0,337,2,40,0
1990,41,2,1,1,0,0,354,2,40,0
1990,34,1,0,0,0,1,804,3,40,0
1990,39,2,0,0,0,1,95,5,45,0
1990,53,1,0,0,0,0,453,4,40,0
1990,48,2,0,0,0,1,276,3,40,0
1990,26,1,1,0,0,0,828,2,99,0
1990,27,1,3,0,0,0,0,0,0,0
1990,51,1,0,0,0,0,804,2,40,0
1990,44,2,0,0,0,0,436,3,16,0
1990,39,1,0,1,0,0,804,2,40,1
1990,29,2,0,1,0,1,259,0,40,0
1990,29,1,1,0,0,1,86,0,40,0
1990,38,1,0,0,0,1,308,1,48,0
1990,38,2,0,0,0,1,156,5,9,0
1990,29,2,0,1,0,0,466,5,40,0
1990,41,1,0,1,0,0,804,3,40,0
1990,65,2,3,1,0,1,0,0,0,0
1990,31,1,0,0,0,1,17,3,60,0
1990,21,2,0,0,0,1,436,3,30,0
1990,53,1,0,0,0,0,637,1,40,1
1990,51,2,0,0,0,0,0,0,0,0
1990,29,1,0,0,0,1,183,5,40,0
1990,31,2,0,0,2,1,154,5,10,0
1990,33,1,3,0,0,0,22,1,50,0
1990,30,2,2,0,0,1,305,1,55,0
1990,42,1,0,0,0,0,503,2,40,1
1990,43,2,0,0,0,0,337,3,32,0
1990,24,1,0,0,0,0,549,4,40,0
1990,22,2,0,0,0,0,0,0,0,0
1990,46,1,0,0,0,0,689,0,50,0
1990,42,2,0,0,0,0,804,2,38,0
1990,18,2,1,0,0,0,264,3,25,0
1990,35,1,3,1,0,1,243,3,40,0
1990,41,1,0,1,0,1,255,4,80,0
1990,39,2,0,1,0,1,103,5,40,0
1990,41,1,0,0,0,1,547,1,40,0
1990,39,2,0,0,0,1,318,2,40,1
1990,18,1,1,0,0,1,0,0,0,0
1990,40,1,1,1,0,0,0,0,0,0
1990,33,1,0,0,0,0,455,4,40,0
1990,35,2,0,0,0,1,313,1,40,0
1990,69,2,3,0,0,1,164,5,40,0
1990,32,1,0,0,0,0,709,1,40,0
1990,29,2,0,0,4,0,0,0,0,0
1990,40,1,0,0,1,0,567,0,40,0
1990,43,2,0,0,4,0,453,4,40,0
1990,38,1,0,2,1,0,567,0,40,0
1990,35,2,0,2,1,0,453,4,0,0
1990,44,1,0,2,1,0,889,1,40,0
1990,37,2,0,2,1,0,453,5,20,0
1990,40,1,3,2,1,0,563,0,40,0
1990,41,1,0,2,1,0,889,1,40,0
1990,58,2,0,2,0,0,426,1,40,0
1990,30,2,3,2,0,0,445,5,40,0
1990,27,1,0,2,1,0,883,3,40,0
1990,24,2,0,2,1,0,799,3,0,0
1990,46,1,0,2,0,1,808,2,45,0
1990,42,2,0,2,0,0,0,0,0,0
1990,41,2,3,0,0,0,0,0,0,0
1990,43,1,2,0,0,0,447,4,0,0
1990,40,1,0,0,0,0,637,1,40,0
1990,35,2,0,0,0,0,385,1,40,0
1990,22,1,1,0,0,0,585,1,40,0
1990,60,1,0,0,2,1,65,1,25,0
1990,42,2,0,2,1,1,0,0,0,0
1990,26,1,0,0,0,0,435,3,45,0
1990,20,2,0,0,0,0,318,2,40,0
1990,33,1,0,2,1,0,453,4,40,0
1990,24,2,0,2,1,0,453,4,40,0
1990,20,1,1,2,1,0,453,4,40,0
1990,20,1,1,2,1,0,453,4,40,0
1990,18,2,1,2,1,0,0,0,0,0
1990,52,1,0,0,0,1,796,0,40,0
1990,44,2,0,0,0,0,0,0,0,0
1990,24,2,1,0,0,0,376,4,40,0
1990,21,2,1,0,0,0,804,3,40,0
1990,41,1,0,0,0,1,637,1,40,0
1990,28,2,0,0,0,0,264,3,40,0
1990,74,2,3,0,0,0,317,4,3,0
1990,36,1,0,3,3,1,47,0,52,0
1990,33,2,0,3,3,1,373,3,20,0
1990,50,2,3,0,0,0,435,3,50,0
1990,30,2,1,0,0,1,243,3,40,0
1990,57,2,2,0,0,1,313,6,40,0
1990,65,1,0,0,0,0,453,6,40,0
1990,66,2,0,0,0,0,0,0,0,0
1990,36,1,1,0,0,0,453,3,40,0
1990,30,1,1,0,0,0,505,3,40,0
1990,40,1,0,2,1,0,764,1,55,0
1990,38,2,0,2,1,0,0,0,0,0
1990,29,2,0,0,0,0,385,3,40,0
1990,46,1,0,1,0,0,909,6,0,0
1990,32,1,0,0,0,1,373,3,40,0
1990,36,2,0,0,0,1,22,3,40,0
1990,40,2,3,1,0,1,445,5,40,0
1990,20,1,1,1,0,0,276,3,30,0
1990,44,1,0,0,0,1,23,4,50,0
1990,40,2,0,0,0,1,163,5,40,0
1990,25,1,0,3,0,0,509,2,40,0
1990,26,2,0,3,0,0,337,2,40,0
1990,33,1,0,0,1,0,637,1,40,0
1990,33,2,0,0,1,0,0,0,0,0
1990,57,1,1,0,0,0,869,6,40,0
1990,61,2,3,0,0,0,0,0,0,0
1990,45,2,2,0,0,0,254,4,35,0
1990,54,1,2,0,0,1,257,0,55,0
1990,64,1,0,0,0,1,22,4,40,1
1990,48,2,0,0,2,1,264,3,0,0
1990,32,1,0,0,0,1,276,3,40,0
1990,31,2,0,0,0,0,364,3,40,0
1990,20,1,0,0,0,1,274,3,40,0
1990,28,2,0,0,0,0,443,3,10,0
1990,48,2,2,0,0,1,157,5,40,0
1990,21,1,1,0,0,1,345,0,40,0
1990,26,1,1,0,0,1,507,2,40,0
1990,33,1,0,0,0,1,257,5,40,0
1990,34,2,0,0,0,1,95,5,40,0
1990,45,2,3,0,0,0,435,3,40,0
1990,26,1,1,2,1,0,453,3,15,0
1990,22,2,1,1,1,0,276,3,40,0
1990,31,1,1,1,0,1,355,2,48,0
1990,42,2,2,1,0,1,156,5,40,0
1990,59,1,2,0,0,0,217,0,40,0
1990,39,2,0,1,0,0,463,2,20,0
1990,36,1,0,1,0,0,796,6,99,0
1990,46,1,0,0,0,1,23,0,43,1
1990,41,2,0,0,0,1,23,1,25,0
1990,78,2,3,0,0,0,0,0,0,0
1990,57,1,0,0,0,1,0,0,0,0
1990,49,2,0,0,0,1,13,3,50,1
1990,70,1,0,0,0,0,0,0,0,0
1990,73,2,0,0,0,0,0,0,0,0
1990,38,2,2,0,0,1,14,5,50,0
1990,34,1,0,0,0,1,27,0,50,0
1990,28,2,0,0,0,0,303,2,40,0
1990,60,1,0,0,0,1,17,3,60,1
1990,49,2,0,3,3,1,909,6,0,0
1990,32,2,1,0,0,1,313,4,99,0
1990,41,1,0,3,3,0,243,3,50,0
1990,32,2,0,3,4,0,276,3,40,0
1990,57,1,0,0,0,0,579,0,32,0
1990,53,2,0,0,0,0,337,3,40,0
1990,33,1,0,0,0,1,208,5,12,0
1990,36,2,0,0,0,1,156,5,40,0
1990,30,1,0,0,0,1,485,5,40,0
1990,30,2,0,0,0,1,365,3,40,0
1990,32,1,2,0,0,1,336,4,40,0
1990,37,1,2,0,0,0,0,0,0,0
1990,26,1,0,0,0,0,567,0,45,0
1990,31,2,0,0,0,0,0,0,0,0
1990,28,1,0,0,0,1,686,3,40,0
1990,27,2,0,0,0,1,308,4,40,0
1990,34,1,0,3,3,1,59,2,40,0
1990,32,2,0,3,3,1,23,2,40,0
1990,29,1,0,0,0,1,26,1,50,1
1990,27,2,0,0,0,1,274,3,50,1
1990,61,1,0,0,0,0,785,1,40,0
1990,62,2,0,0,0,0,628,1,37,0
1990,51,1,0,0,0,1,23,3,40,0
1990,38,2,0,0,0,1,23,5,40,0
1990,33,2,2,0,0,1,338,4,40,0
1990,40,2,2,0,0,1,23,3,40,0
1990,78,1,0,0,0,1,0,0,0,0
1990,75,2,0,0,0,0,0,0,0,0
1990,46,1,0,0,0,1,22,5,40,0
1990,44,2,0,0,0,1,22,5,40,0
1990,22,2,1,0,0,0,0,0,0,0
1990,27,1,0,0,0,0,365,3,48,0
1990,27,2,0,0,0,1,95,5,16,0
1990,62,1,0,0,0,0,379,3,40,1
1990,64,2,0,0,0,0,0,0,0,0
1990,36,2,1,0,0,1,75,0,0,0
1990,35,1,0,0,0,0,243,3,58,1
1990,45,2,0,0,0,0,365,1,20,0
1990,26,1,3,0,0,1,263,3,40,0
1990,32,1,0,0,0,1,22,0,50,0
1990,35,2,0,0,0,1,0,0,0,0
1990,38,1,0,0,0,1,22,2,40,0
1990,36,2,0,0,0,1,243,3,0,0
1990,61,1,3,0,0,1,22,0,0,1
1990,77,1,0,0,0,1,156,5,14,0
1990,73,2,0,0,0,0,0,0,0,0
1990,34,1,1,0,0,1,213,3,40,0
1990,33,2,1,3,0,0,285,4,40,0
1990,42,1,0,0,0,1,259,3,40,0
1990,40,2,0,0,0,1,14,5,65,0
1990,34,1,0,0,0,1,213,1,40,0
1990,32,2,0,0,0,1,379,3,40,0
1990,30,1,0,0,0,1,274,3,40,0
1990,28,2,0,0,0,1,159,5,0,0
1990,49,1,0,3,3,1,84,5,70,1
1990,47,2,0,3,3,1,0,0,0,0
1990,47,1,0,0,0,1,13,0,50,0
1990,42,2,0,0,0,0,447,5,40,0
1990,18,1,1,0,0,0,276,3,25,0
1990,47,1,0,0,0,1,277,3,40,0
1990,39,2,0,0,0,1,167,5,40,0
1990,33,1,0,0,0,1,22,3,40,0
1990,30,2,0,0,0,1,466,5,0,0
1990,45,2,0,0,2,1,22,1,60,1
1990,60,1,0,0,2,1,257,5,45,1
1990,33,1,0,0,0,1,23,0,40,0
1990,32,2,0,0,0,1,375,4,40,0
1990,36,1,0,0,0,1,64,3,45,1
1990,35,2,0,0,2,0,274,3,40,0
1990,34,2,0,0,0,1,313,5,50,0
1990,36,1,0,0,0,1,783,1,40,0
1990,26,2,1,0,0,1,23,3,60,0
1990,30,1,2,0,0,1,806,2,68,0
1990,35,1,0,0,0,1,17,3,55,1
1990,26,2,0,0,0,1,0,0,0,0
1990,44,1,0,0,0,1,22,5,50,1
1990,44,2,0,0,0,1,156,5,30,0
1990,32,1,0,0,3,1,53,0,40,1
1990,28,2,0,0,0,1,313,1,40,0
1990,43,1,1,0,0,1,13,1,40,0
1990,79,1,0,0,0,0,547,2,30,0
1990,70,2,0,0,0,0,0,0,0,0
1990,42,1,2,0,0,1,259,1,50,0
1990,42,1,0,1,0,0,909,6,0,0
1990,40,2,0,1,0,0,376,4,40,0
1990,18,2,1,1,0,0,447,4,40,0
1990,45,2,1,0,0,1,337,0,40,0
1990,46,1,2,2,0,1,549,4,0,0
1990,40,1,2,0,0,1,259,3,40,0
1990,20,2,1,0,0,1,315,4,30,0
1990,34,2,0,0,0,0,0,0,0,0
1990,40,1,0,0,0,0,804,3,82,0
1990,18,1,1,0,0,0,579,0,99,0
1990,61,1,0,0,0,1,43,5,45,1
1990,57,2,0,0,0,0,0,0,0,0
1990,35,2,1,0,0,1,73,0,40,0
1990,30,1,3,0,0,0,804,1,45,0
1990,32,2,2,0,0,0,259,3,40,0
1990,34,2,1,1,0,1,355,2,40,0
1990,35,1,0,1,4,1,75,0,40,0
1990,31,2,0,1,4,1,17,5,36,0
1990,45,1,0,2,0,0,686,3,40,0
1990,48,2,0,2,0,0,276,3,40,0
1990,62,1,0,0,0,1,37,0,0,0
1990,59,2,0,0,0,0,0,0,0,0
1990,56,1,2,0,0,1,23,3,40,0
1990,23,1,1,0,0,1,59,3,20,0
1990,38,1,3,1,0,0,637,0,40,0
1990,39,2,2,1,0,1,796,1,40,0
1990,39,1,0,0,0,1,75,2,42,1
1990,38,2,0,0,0,1,22,1,0,0
1990,37,1,0,0,0,1,579,0,40,0
1990,35,2,0,0,0,1,313,0,40,0
1990,31,1,0,0,0,1,243,3,55,1
1990,31,2,0,0,0,1,445,5,0,0
1990,47,1,0,0,0,0,525,4,40,0
1990,45,2,0,0,0,0,337,1,40,0
1990,19,1,1,0,0,0,889,3,20,0
1990,35,1,0,0,0,1,18,0,50,1
1990,27,2,0,0,0,1,27,4,45,0
1990,58,1,0,3,3,1,55,2,40,1
1990,47,2,0,3,3,0,243,3,48,0
1990,25,1,1,3,3,1,154,5,20,0
1990,38,1,0,0,0,1,22,2,60,1
1990,39,2,0,0,0,1,0,0,0,1
1990,69,1,0,0,0,1,178,5,16,0
1990,68,2,0,0,0,0,628,4,23,0
1990,31,2,2,0,0,1,313,5,40,0
1990,38,1,0,0,0,1,375,4,40,0
1990,35,2,0,0,0,1,467,5,15,0
1990,37,1,0,0,0,1,47,0,40,1
1990,35,2,0,0,0,0,276,5,20,0
1990,75,2,3,0,0,0,0,0,0,0
1990,54,1,0,0,0,1,359,0,40,0
1990,53,2,0,0,0,1,319,3,40,0
1990,34,1,0,0,0,1,22,3,70,1
1990,36,2,0,0,0,0,259,3,0,0
1990,18,1,1,0,0,0,365,3,40,0
1990,42,1,0,0,0,1,84,5,55,1
1990,41,2,0,0,0,1,0,0,0,0
1990,24,1,0,0,0,1,14,5,40,0
1990,30,2,0,0,0,1,167,5,50,0
1990,40,1,0,0,0,1,305,2,45,1
1990,40,2,0,0,0,1,26,5,35,1
1990,66,1,0,0,0,1,259,1,0,0
1990,66,2,0,0,0,1,22,5,0,0
1990,76,1,0,0,0,0,0,0,0,0
1990,74,2,0,0,0,0,0,0,0,0
1990,52,1,0,0,0,1,9,4,55,1
1990,51,2,0,0,0,1,0,0,0,0
1990,34,1,0,0,1,0,856,1,40,0
1990,26,2,0,0,1,0,0,0,0,0
1990,40,1,0,0,0,1,22,2,40,1
1990,38,2,0,0,0,1,354,2,20,0
1990,35,1,0,0,0,1,208,6,40,0
1990,30,2,0,0,0,1,445,5,5,0
1990,36,1,2,0,0,1,257,0,55,1
1990,33,1,2,0,0,1,59,1,50,0
1990,37,1,0,0,0,1,75,0,40,0
1990,32,2,0,0,0,1,243,3,45,0
1990,66,1,3,0,0,1,796,4,40,0
1990,69,1,0,0,0,1,0,0,0,0
1990,61,2,0,0,0,1,0,0,0,0
1990,49,1,0,2,1,0,505,4,48,0
1990,49,2,0,2,1,0,323,4,0,0
1990,21,2,1,2,1,0,0,0,0,0
1990,25,2,1,2,1,0,313,4,43,0
1990,23,1,1,2,1,0,486,0,0,0
1990,22,2,1,2,0,0,323,4,40,0
1990,54,1,0,0,0,0,426,4,40,0
1990,25,2,1,0,0,1,427,5,0,0
1990,28,2,1,0,0,1,203,5,0,0
1990,27,1,1,0,0,1,229,5,50,0
1990,25,2,1,0,0,1,375,4,99,0
1990,32,1,0,0,0,1,305,1,50,0
1990,25,2,0,0,0,1,157,5,55,0
1990,37,2,2,0,0,1,156,5,40,0
1990,35,1,0,1,0,0,755,1,40,0
1990,34,2,0,1,0,1,22,4,40,0
1990,33,1,1,1,0,0,447,5,38,0
1990,50,2,2,0,0,1,156,5,40,0
1990,30,1,0,0,0,1,48,1,40,0
1990,33,2,0,0,0,1,95,5,24,0
1990,40,1,0,0,0,1,23,1,40,1
1990,32,2,0,0,0,1,229,2,0,0
1990,26,1,1,0,0,0,216,2,55,0
1990,30,2,0,0,0,1,319,5,15,0
1990,28,1,0,0,0,1,55,1,40,0
1990,27,1,0,2,1,0,869,0,50,0
1990,19,2,0,2,1,0,0,0,0,0
1990,51,2,2,0,0,1,389,1,40,0
1990,30,1,0,0,0,0,365,1,40,0
1990,32,2,0,0,0,0,159,5,40,0
1990,38,1,0,0,0,1,48,1,40,1
1990,44,2,0,0,0,0,319,4,0,0
1990,26,2,1,0,0,1,435,4,30,0
1990,43,2,2,0,0,1,435,3,35,0
1990,46,1,0,0,0,1,21,5,65,0
1990,42,2,0,0,0,1,337,5,40,0
1990,19,1,1,0,0,1,443,3,14,0
1990,40,1,0,3,3,1,53,0,40,0
1990,40,2,0,3,3,1,17,3,0,0
1990,69,2,3,3,3,0,0,0,0,0
1990,30,1,1,0,0,1,22,4,50,0
1990,32,1,1,1,0,1,243,4,45,0
1990,24,2,3,0,0,1,48,1,40,0
1990,36,1,1,0,0,1,389,6,40,0
1990,30,1,2,0,0,1,197,6,40,0
1990,32,1,0,0,1,1,55,1,46,0
1990,29,2,0,0,1,1,467,5,40,0
1990,21,2,1,0,1,0,313,3,0,0
1990,52,1,2,1,0,1,98,5,24,0
1990,28,1,2,0,0,1,268,3,44,0
1990,71,1,0,0,0,0,567,0,0,0
1990,59,2,0,0,0,0,337,5,0,0
1990,19,2,1,1,0,0,438,3,0,0
1990,68,2,3,2,1,0,0,0,0,0
1990,39,1,1,2,0,0,0,0,0,0
1990,77,2,1,2,1,0,0,0,0,0
1990,31,2,1,1,0,0,453,5,40,0
1990,72,2,3,0,0,0,0,0,0,0
1990,47,1,0,0,0,0,479,0,75,0
1990,41,2,0,0,0,0,0,0,0,0
1990,20,1,1,0,0,0,889,3,35,0
1990,60,2,3,0,0,0,274,3,30,0
1990,41,1,0,0,0,0,585,0,50,0
1990,31,2,0,0,0,0,337,0,40,0
1990,18,2,1,1,0,0,0,0,0,0
1990,73,1,0,1,0,0,479,0,40,0
1990,73,2,0,1,0,0,0,0,0,0
1990,73,2,1,0,0,1,0,0,0,0
1990,48,1,0,0,0,0,804,3,45,0
1990,47,2,0,0,0,0,387,5,7,0
1990,75,1,0,0,0,1,0,0,0,0
1990,77,2,0,0,0,1,0,0,0,0
1990,63,2,3,0,0,0,0,0,0,0
1990,56,1,0,0,0,0,0,0,0,0
1990,52,2,0,0,0,0,0,0,0,0
1990,32,1,2,0,0,0,0,0,0,0
1990,23,1,0,1,0,1,869,0,40,0
1990,23,2,0,1,0,1,426,4,48,0
1990,63,2,3,2,0,0,436,5,0,0
1990,20,1,1,2,0,0,449,4,15,0
1990,37,1,0,0,0,1,473,0,85,0
1990,26,2,0,0,0,1,473,0,40,0
1990,49,1,0,0,0,0,637,0,40,0
1990,45,2,0,0,0,1,313,5,40,0
1990,71,1,3,1,0,0,0,0,0,0
1990,40,1,0,0,0,1,22,4,99,0
1990,39,2,0,0,0,1,174,6,99,0
1990,66,1,0,0,0,0,0,0,0,0
1990,63,2,0,0,0,0,337,3,40,0
1990,47,1,0,0,0,0,579,0,60,0
1990,43,2,0,0,0,0,156,5,8,0
1990,23,2,1,0,0,1,243,3,40,0
1990,46,1,0,0,0,1,22,1,45,1
1990,46,2,0,0,0,0,303,1,40,0
1990,21,1,1,0,0,1,33,1,32,0
1990,19,1,1,0,0,0,874,1,20,0
1990,50,1,0,0,0,0,637,1,50,0
1990,40,2,0,0,0,0,313,1,45,0
1990,24,1,0,2,1,0,754,1,40,0
1990,20,2,0,2,1,0,744,1,40,0
1990,24,1,0,0,0,0,567,0,40,0
1990,19,2,0,0,0,1,276,3,30,0
1990,38,1,0,0,0,1,479,0,50,0
1990,32,2,0,0,0,1,313,5,20,0
1990,55,2,3,0,0,0,17,3,0,0
1990,43,1,0,1,0,0,795,1,40,0
1990,40,2,0,1,0,0,809,5,40,0
1990,20,2,1,1,0,0,447,5,40,0
1990,18,2,1,1,0,0,276,3,20,0
1990,61,1,0,0,0,0,804,3,99,0
1990,55,2,0,0,0,0,579,4,6,0
1990,80,2,3,0,0,0,0,0,0,0
1990,65,1,0,0,0,0,0,0,0,0
1990,49,2,0,0,0,0,436,5,35,0
1990,32,2,1,0,0,1,383,4,40,0
1990,35,2,2,0,0,1,313,6,40,0
1990,38,1,0,0,0,1,613,0,40,0
1990,50,2,0,0,0,0,0,0,0,0
1990,18,2,1,0,0,0,407,4,4,0
1990,25,2,0,0,0,0,796,1,50,0
1990,29,1,0,0,0,0,783,1,32,0
1990,38,1,0,3,3,1,48,1,40,1
1990,36,2,0,3,3,0,0,0,0,0
1990,67,2,3,0,0,0,0,0,0,0
1990,67,2,3,0,0,0,435,3,48,0
1990,27,1,0,0,0,0,585,4,40,0
1990,27,2,0,0,0,0,0,0,0,0
1990,66,1,0,0,0,0,709,0,0,0
1990,61,2,0,0,0,0,0,0,0,0
1990,68,1,0,0,0,1,159,1,0,0
1990,66,2,0,0,0,0,0,0,0,0
1990,41,1,0,0,1,0,593,1,30,0
1990,37,2,0,0,0,1,436,5,37,0
1990,35,1,0,0,0,0,887,0,55,0
1990,28,2,0,0,0,0,0,0,0,0
1990,31,2,0,0,0,0,567,5,40,0
1990,31,1,0,0,4,0,447,4,0,0
1990,33,2,2,0,0,0,253,4,55,0
1990,35,1,2,0,0,0,563,0,42,0
1990,55,1,0,0,0,1,74,6,40,1
1990,53,2,0,0,0,1,5,6,40,1
1990,60,1,0,0,0,1,87,3,40,1
1990,50,2,0,0,0,1,0,0,0,0
1990,32,1,0,2,1,1,779,1,0,0
1990,36,2,0,0,0,1,156,5,40,0
1990,68,1,0,0,0,1,22,3,12,0
1990,57,2,0,0,0,1,313,3,0,0
1990,64,1,2,0,0,1,36,6,50,0
1990,41,1,0,2,1,0,498,0,40,0
1990,28,2,0,2,1,0,0,0,0,0
1990,39,1,0,2,1,0,498,0,40,0
1990,20,1,1,2,1,0,498,0,40,0
1990,38,2,0,0,1,0,0,0,0,0
1990,19,1,1,0,1,0,498,0,40,0
1990,75,2,3,2,0,0,0,0,0,0
1990,41,1,0,0,0,1,86,0,40,1
1990,32,2,0,0,0,0,313,0,40,0
1990,74,2,3,0,0,0,276,3,0,0
1990,49,2,1,1,0,0,453,5,4,0
1990,24,1,1,1,0,0,0,0,0,0
1990,20,2,1,1,0,0,0,0,0,0
1990,19,1,1,1,0,0,0,0,0,0
1990,44,1,1,1,0,0,453,5,4,0
1990,56,1,0,0,0,0,567,0,30,0
1990,57,2,0,0,0,0,379,4,30,0
1990,62,1,2,0,0,0,855,0,0,0
1990,30,2,2,0,0,0,686,1,9,0
1990,62,2,0,0,0,0,274,3,12,0
1990,68,1,0,0,0,1,0,0,0,0
1990,30,1,0,0,0,0,804,3,70,0
1990,30,2,0,0,0,0,783,1,40,0
1990,53,1,0,0,0,0,859,0,45,0
1990,66,2,0,0,0,0,458,4,0,0
1990,27,1,0,0,0,0,259,1,40,0
1990,24,2,0,0,0,0,458,4,40,0
1990,77,1,0,0,0,0,0,0,0,0
1990,69,1,0,0,0,1,0,0,0,0
1990,61,2,0,0,0,0,434,3,20,0
1990,41,1,0,0,0,0,243,3,55,0
1990,37,2,0,0,0,1,156,5,70,0
1990,80,2,0,0,0,0,0,0,0,0
1990,66,2,3,0,0,0,0,0,0,0
1990,44,1,1,0,0,0,759,1,40,0
1990,29,2,2,0,0,0,785,1,35,0
1990,31,1,0,0,0,1,243,3,47,0
1990,22,2,0,0,0,1,339,4,37,0
1990,65,2,3,0,0,0,0,0,0,0
1990,41,1,1,1,0,0,804,0,40,0
1990,80,2,3,0,0,0,0,0,0,0
1990,23,2,1,0,0,0,435,3,0,0
1990,42,1,0,0,0,1,174,5,45,0
1990,36,2,0,0,0,0,253,4,40,0
1990,52,1,0,0,0,0,436,0,60,0
1990,50,2,0,0,0,0,447,5,42,0
1990,57,2,3,0,0,0,0,0,0,0
1990,72,2,1,0,0,0,0,0,0,0
1990,66,2,2,1,0,0,0,0,0,0
1990,37,2,3,0,0,0,0,0,0,0
1990,52,2,2,0,0,0,0,0,0,0
1990,35,1,0,1,0,0,373,1,40,0
1990,27,2,0,1,0,0,447,5,40,0
1990,64,1,0,2,0,0,0,0,0,0
1990,55,2,0,2,1,0,449,4,30,0
1990,20,1,1,2,0,0,0,0,0,0
1990,53,1,0,0,0,0,55,1,40,0
1990,51,2,0,0,0,0,889,1,40,0
1990,23,1,1,0,0,1,869,0,40,0
1990,68,1,1,0,0,0,327,3,0,0
1990,58,1,0,0,0,0,473,0,11,0
1990,53,2,0,0,0,0,243,3,10,0
1990,32,1,1,0,0,1,575,0,99,0
1990,80,1,0,0,1,0,0,0,0,0
1990,78,2,0,0,0,0,0,0,0,0
1990,35,1,0,0,0,0,628,3,70,0
1990,33,2,0,0,0,1,383,4,40,0
1990,64,1,3,1,0,0,486,0,12,0
1990,57,2,2,1,0,0,447,5,0,0
1990,55,1,0,0,0,0,585,1,40,0
1990,45,2,0,0,0,1,338,1,40,0
1990,21,1,1,0,0,0,505,4,40,0
1990,59,1,0,1,0,0,748,4,40,0
1990,57,2,0,1,0,1,453,4,0,0
1990,27,1,1,1,0,0,486,4,40,0
1990,24,2,3,1,0,0,274,3,40,0
1990,35,1,0,0,0,0,355,2,43,0
1990,36,2,0,0,0,0,449,5,40,0
1990,78,1,0,0,0,1,0,0,0,0
1990,77,2,0,0,0,1,0,0,0,0
1990,33,2,2,0,0,0,18,4,40,0
1990,54,1,2,0,0,0,433,3,48,0
1990,34,1,1,2,0,0,686,3,0,0
1990,38,2,2,0,0,0,317,4,40,0
1990,42,1,0,0,0,1,22,4,40,0
1990,44,2,0,0,0,1,274,3,40,0
1990,57,1,0,0,0,1,48,1,45,1
1990,57,2,0,0,0,1,379,5,30,0
1990,20,1,1,0,0,1,486,0,15,0
1990,47,1,0,0,0,1,157,5,50,0
1990,34,2,0,0,1,0,376,4,40,0
1990,76,1,0,0,0,0,628,1,40,0
1990,64,2,0,0,0,0,0,0,0,0
1990,22,1,1,0,0,1,308,5,30,0
1990,27,1,0,0,0,1,156,5,30,0
1990,23,2,0,0,0,1,276,3,20,0
1990,40,1,2,0,0,0,783,1,40,0
1990,72,1,2,0,0,0,0,0,0,0
1990,26,1,0,0,0,0,268,3,45,0
1990,23,2,0,0,0,0,356,4,40,0
1990,20,2,1,0,0,1,276,3,30,0
1990,19,2,1,0,0,1,276,3,30,0
1990,19,2,1,0,0,1,235,5,20,1
1990,21,2,1,0,0,1,435,3,25,0
1990,56,1,0,0,0,1,86,0,60,1
1990,53,2,0,0,0,1,313,5,0,0
1990,20,1,1,0,0,1,329,5,18,0
1990,43,1,0,0,0,1,78,5,70,0
1990,40,2,0,0,1,1,174,6,0,0
1990,54,2,2,0,0,0,323,2,40,0
1990,59,2,3,1,0,0,348,2,40,0
1990,40,1,1,1,0,1,0,0,0,0
1990,21,1,1,0,0,0,585,1,40,0
1990,22,2,1,0,0,1,313,5,40,0
1990,38,2,3,2,0,0,453,5,12,0
1990,47,1,2,0,0,0,486,6,35,0
1990,24,2,0,0,0,0,337,4,40,0
1990,27,1,0,0,0,1,243,3,50,0
1990,20,1,1,0,0,1,243,3,40,0
1990,21,1,1,0,0,1,534,5,15,0
1990,75,1,3,0,0,0,77,6,40,0
1990,69,2,3,0,0,0,337,5,20,0
1990,78,2,3,0,0,1,449,4,0,0
1990,59,1,0,3,0,0,503,6,40,0
1990,61,2,0,0,0,0,487,0,56,0
1990,55,1,0,0,0,1,229,2,45,1
1990,54,2,0,0,0,1,315,4,30,0
1990,27,1,1,0,4,1,154,5,20,0
1990,26,1,1,0,3,1,0,0,0,0
1990,23,1,1,0,0,1,549,5,45,0
1990,21,1,1,0,0,1,434,3,25,0
1990,22,1,1,0,0,1,44,1,45,0
1990,20,2,1,0,0,0,319,5,20,0
1990,66,1,0,3,3,1,436,3,72,0
1990,56,2,0,3,3,0,378,3,72,0
1990,26,1,1,3,3,1,515,1,40,0
1990,31,2,1,1,0,0,354,2,40,0
1990,19,1,1,0,0,1,435,5,45,0
1990,28,1,0,3,3,1,55,1,45,0
1990,24,2,0,3,3,1,0,0,0,0
1990,25,1,1,0,0,1,804,3,0,0
1990,18,2,1,0,0,1,438,3,24,0
1990,22,2,1,0,0,1,329,5,25,0
1990,20,2,1,0,0,1,435,3,40,0
1990,18,1,1,0,0,0,0,0,0,0
1990,18,2,1,0,0,1,443,3,0,0
1990,20,2,1,0,0,1,688,3,0,0
1990,18,2,1,0,0,1,274,3,0,0
1990,64,1,0,0,0,1,259,3,45,0
1990,57,2,0,0,0,1,313,5,40,0
1990,19,2,1,0,0,1,155,5,40,0
1990,19,2,1,0,0,1,459,5,9,0
1990,20,1,1,0,1,1,869,0,65,0
1990,18,1,1,0,0,1,447,5,30,0
1990,21,1,1,0,0,1,365,3,40,0
1990,20,2,1,0,0,1,313,3,0,0
1990,19,2,1,0,0,1,435,3,30,0
1990,27,1,0,0,0,1,225,5,40,0
1990,27,2,0,0,0,1,53,6,40,0
1990,35,2,0,0,0,0,305,5,40,0
1990,35,1,0,0,0,0,558,0,40,0
1990,35,1,0,2,0,1,37,3,40,0
1990,41,2,0,2,0,0,387,5,40,0
1990,28,2,1,0,0,1,337,4,60,0
1990,42,1,0,0,0,1,243,3,65,1
1990,40,2,0,0,0,1,0,0,0,0
1990,32,1,0,0,0,1,243,3,50,1
1990,32,2,0,0,0,1,0,0,0,0
1990,78,2,3,0,0,0,0,0,0,0
1990,38,1,0,0,0,1,185,5,40,0
1990,38,2,0,0,0,1,23,3,40,0
1990,27,2,3,3,0,0,785,1,20,0
1990,46,1,0,0,0,1,36,6,40,0
1990,43,2,0,0,0,0,315,6,40,0
1990,21,1,1,0,0,0,436,3,40,0
1990,33,1,0,0,0,1,505,4,50,0
1990,30,2,0,0,0,1,156,5,40,0
1990,22,1,1,0,0,1,25,3,30,0
1990,23,1,1,0,0,1,365,4,25,0
1990,43,2,1,0,0,1,156,5,38,0
1990,30,1,0,0,0,1,518,1,40,0
1990,29,2,0,0,0,1,156,5,15,0
1990,21,1,1,0,0,1,276,3,38,0
1990,62,1,0,0,0,1,154,5,55,1
1990,58,2,0,0,0,1,0,0,0,0
1990,21,1,1,3,3,1,435,3,0,0
1990,19,1,1,3,3,1,0,0,0,0
1990,31,2,2,0,4,1,188,5,40,0
1990,27,1,2,0,0,1,17,3,60,0
1990,18,2,1,3,2,0,774,1,30,0
1990,28,1,1,0,0,0,433,3,65,0
1990,36,1,0,0,0,1,235,0,35,0
1990,36,2,0,0,0,0,0,0,0,0
1990,42,1,0,0,0,1,53,6,50,1
1990,39,2,0,0,0,1,466,5,40,0
1990,25,1,0,0,0,1,235,5,40,0
1990,25,2,0,0,0,1,487,0,35,0
1990,74,2,3,0,0,0,0,0,0,0
1990,34,1,0,0,0,0,777,1,40,0
1990,34,2,0,0,0,0,376,1,40,0
1990,24,2,2,0,0,1,0,0,0,0
1990,56,2,3,0,0,1,407,4,0,0
1990,72,1,0,0,0,0,473,0,30,0
1990,70,2,0,0,0,0,0,0,0,0
1990,43,1,1,0,0,1,473,0,50,0
1990,50,1,0,0,0,0,637,2,60,0
1990,42,2,0,0,0,0,436,5,25,0
1990,76,2,3,0,0,0,0,0,0,0
1990,27,1,0,0,0,0,856,1,40,0
1990,23,2,0,0,0,0,313,1,40,0
1990,42,1,0,0,0,1,318,2,40,0
1990,43,2,0,0,0,1,156,5,15,0
1990,28,1,1,0,0,1,503,3,55,0
1990,55,1,0,0,0,1,154,5,48,0
1990,52,2,0,0,0,1,174,5,40,0
1990,76,2,3,0,0,1,0,0,0,0
1990,69,1,0,0,0,0,453,5,10,0
1990,64,2,0,0,0,0,335,5,0,0
1990,48,1,0,0,0,1,216,1,40,0
1990,44,2,0,0,0,0,804,2,40,0
1990,50,1,0,0,0,0,804,0,48,0
1990,40,2,0,0,0,1,25,4,48,0
1990,25,1,0,0,0,1,185,4,40,0
1990,32,2,0,0,0,1,195,5,40,0
1990,42,1,0,0,0,1,64,6,40,0
1990,42,2,0,0,0,1,0,0,0,0
1990,20,1,1,0,0,0,856,1,48,0
1990,38,1,0,0,0,0,473,0,84,0
1990,39,2,0,0,0,0,785,1,40,0
1990,33,1,0,0,0,0,889,1,48,0
1990,33,2,0,0,0,1,0,0,0,0
1990,38,1,0,0,0,1,473,0,60,0
1990,37,2,0,0,0,1,436,5,30,0
1990,36,1,0,0,0,1,558,0,60,0
1990,34,2,0,0,0,1,0,0,0,0
1990,55,2,3,0,0,0,0,0,0,1
1990,80,2,3,0,0,1,0,0,0,0
1990,42,2,2,0,0,1,0,0,0,0
1990,30,1,0,0,0,1,213,5,30,0
1990,25,2,0,0,2,1,0,0,0,0
1990,71,1,0,0,0,0,0,0,0,0
1990,70,2,0,0,0,0,0,0,0,0
1990,44,1,0,0,0,1,43,5,40,0
1990,44,2,0,0,0,1,156,5,0,0
1990,21,1,1,0,0,1,779,1,0,0
1990,25,1,0,0,0,1,473,0,80,0
1990,24,2,0,0,0,1,23,6,40,0
1990,26,1,0,0,0,1,26,3,50,0
1990,26,2,0,0,0,0,274,3,6,0
1990,42,1,0,0,0,1,385,6,60,0
1990,40,2,0,0,0,1,22,4,40,0
1990,52,2,2,0,0,0,8,0,40,0
1990,21,1,1,0,0,0,799,3,40,0
1990,68,1,0,0,0,0,473,0,15,0
1990,67,2,0,0,0,0,0,0,0,0
1990,36,1,0,0,0,0,563,0,70,1
1990,40,2,0,0,0,1,456,4,12,0
1990,42,1,0,0,0,1,243,4,40,1
1990,42,2,0,0,0,1,0,0,0,0
1990,19,1,1,0,0,1,459,5,20,0
1990,39,2,2,0,0,0,276,3,40,0
1990,59,2,3,0,0,0,0,0,0,0
1990,29,1,0,0,0,0,453,5,40,0
1990,25,2,0,0,0,0,0,0,0,0
1990,68,1,0,0,0,1,0,0,0,0
1990,63,2,0,0,0,0,0,0,0,0
1990,73,2,3,0,0,0,0,0,0,0
1990,37,1,2,0,0,1,229,2,44,0
1990,68,1,0,0,0,1,0,0,0,0
1990,66,2,0,0,0,0,283,3,16,0
1990,23,1,0,0,0,1,315,6,30,0
1990,20,2,0,0,0,0,315,4,0,0
1990,22,1,1,0,0,0,783,1,40,0
1990,45,1,2,1,0,0,453,5,40,0
1990,59,1,1,0,0,0,479,0,0,0
1990,43,1,0,0,0,1,5,6,55,1
1990,39,2,0,0,0,1,406,4,12,0
1990,72,1,0,0,0,1,0,0,0,0
1990,70,2,0,0,0,0,0,0,0,0
1990,69,1,1,0,0,1,0,0,0,0
1990,29,1,1,0,0,1,44,1,45,0
1990,23,1,0,0,0,1,453,3,40,0
1990,20,2,0,0,0,1,274,3,38,0
1990,26,1,0,0,0,1,23,6,50,0
1990,38,2,0,0,0,1,23,6,40,0
1990,59,1,0,0,0,0,22,0,55,0
1990,58,2,0,0,0,1,386,6,40,0
1990,20,2,1,0,0,1,356,6,0,0
1990,60,1,0,0,0,1,17,4,45,0
1990,61,2,0,0,0,1,313,4,45,0
1990,58,1,0,0,0,1,453,4,45,0
1990,56,2,0,0,0,1,453,4,45,0
1990,52,1,0,0,0,1,22,6,40,0
1990,44,2,0,0,0,0,21,5,99,0
1990,45,1,0,0,0,1,22,3,60,0
1990,40,2,0,0,0,1,156,5,20,0
1990,21,1,1,0,0,1,909,6,0,0
1990,20,1,1,0,0,1,874,1,40,0
1990,18,2,1,0,0,0,438,3,15,0
1990,36,1,0,0,0,1,785,1,40,0
1990,35,2,0,0,0,1,0,0,0,0
1990,62,1,0,0,0,0,453,5,40,0
1990,60,2,0,0,0,1,276,3,8,0
1990,27,1,1,0,0,1,64,3,40,0
1990,41,1,0,0,0,1,213,1,40,0
1990,43,2,0,0,0,1,436,5,26,0
1990,70,1,0,0,0,1,0,0,0,0
1990,70,2,0,0,0,1,0,0,0,0
1990,74,1,0,0,0,1,0,0,0,0
1990,68,2,0,0,0,1,0,0,0,0
1990,73,2,3,0,0,0,0,0,0,0
1990,72,1,0,0,0,1,0,0,0,0
1990,73,2,0,0,0,0,0,0,0,0
1990,79,2,3,0,0,0,207,5,50,0
1990,26,1,0,0,0,0,263,3,65,0
1990,28,2,0,0,0,1,338,3,25,0
1990,65,1,0,0,0,1,185,3,40,1
1990,60,2,0,0,0,0,0,0,0,0
1990,41,2,0,0,0,1,156,5,20,0
1990,31,1,0,0,4,1,157,5,40,0
1990,55,1,0,0,0,1,55,1,40,0
1990,59,2,0,0,0,0,436,5,8,0
1990,68,1,0,0,0,1,883,1,20,0
1990,62,2,0,0,0,0,436,5,12,0
1990,32,1,0,0,0,0,417,4,16,0
1990,33,2,0,0,0,1,0,0,0,0
1990,35,1,0,0,0,1,174,6,40,0
1990,32,2,0,0,0,1,23,6,40,0
1990,31,1,0,0,0,1,64,1,40,0
1990,30,2,0,0,0,1,18,4,30,0
1990,37,1,0,0,0,1,48,0,60,0
1990,35,2,0,0,0,1,0,0,0,0
1990,57,2,0,0,0,0,376,3,20,0
1990,57,1,0,0,0,1,518,1,40,0
1990,39,1,0,0,0,1,905,6,56,0
1990,42,2,0,3,3,0,436,4,40,0
1990,58,1,0,0,0,1,877,6,0,0
1990,57,2,0,0,0,1,0,0,0,0
1990,32,1,3,0,0,0,567,0,40,0
1990,29,2,2,0,0,1,435,3,99,0
1990,20,1,1,2,0,0,444,3,40,0
1990,38,1,0,0,0,1,73,1,50,0
1990,37,2,0,0,0,1,95,5,30,0
1990,29,1,1,0,0,1,903,6,55,0
1990,23,2,1,0,0,1,436,3,40,0
1990,42,1,0,0,0,1,628,2,40,0
1990,43,2,0,0,0,1,379,6,32,0
1990,19,2,1,0,0,1,264,3,39,0
1990,37,2,2,0,0,0,208,5,40,0
1990,40,1,0,0,0,1,243,3,40,0
1990,37,2,0,0,0,1,267,3,36,0
1990,66,1,0,0,0,0,637,1,0,0
1990,59,2,0,0,2,0,0,0,0,0
1990,48,2,0,0,0,1,14,4,0,0
1990,50,1,0,0,0,1,255,4,99,0
1990,25,2,2,0,0,1,199,5,20,0
1990,57,1,0,0,0,1,628,2,99,0
1990,52,2,0,0,0,1,243,3,60,0
1990,27,2,2,0,0,0,316,1,40,0
1990,31,1,0,0,0,1,567,5,40,0
1990,26,2,0,0,0,1,0,0,0,0
1990,79,2,0,0,0,0,0,0,0,0
1990,23,1,1,0,0,1,417,6,45,0
1990,23,1,0,0,0,1,547,6,50,0
1990,22,2,0,3,3,1,467,5,34,0
1990,66,1,0,0,0,0,0,0,0,0
1990,74,2,0,0,0,0,0,0,0,0
1990,35,1,2,0,0,0,628,1,40,0
1990,25,1,1,0,0,1,779,1,40,0
1990,50,2,1,0,0,1,27,4,40,0
1990,34,1,1,0,0,1,36,6,24,0
1990,26,2,1,0,3,1,313,6,40,0
1990,36,1,0,0,0,0,653,0,40,0
1990,22,2,0,0,0,1,507,6,30,0
1990,42,2,2,0,0,0,804,2,0,0
1990,29,1,0,0,0,1,508,6,50,0
1990,32,2,0,0,0,0,385,6,18,0
1990,44,2,3,0,0,0,365,3,20,0
1990,65,1,0,0,0,1,184,5,36,1
1990,59,2,0,0,0,1,156,5,40,0
1990,25,1,0,0,0,1,216,5,40,0
1990,22,2,0,0,0,1,274,3,20,0
1990,50,1,0,0,0,1,23,5,45,0
1990,44,2,0,0,0,1,156,5,40,0
1990,21,1,1,0,0,1,229,5,0,0
1990,19,2,1,0,0,1,257,2,8,0
1990,35,2,1,0,0,1,458,4,50,0
1990,47,1,0,0,0,1,259,3,45,0
1990,42,2,0,0,0,1,23,2,24,0
1990,19,1,1,0,0,1,274,3,15,0
1990,77,1,0,0,0,1,0,0,0,0
1990,66,2,0,0,0,0,0,0,0,0
1990,37,1,0,0,0,0,547,3,40,0
1990,34,2,0,0,0,0,473,0,48,0
1990,44,1,0,0,0,1,23,5,40,0
1990,40,2,0,0,0,1,23,2,40,0
1990,47,2,0,0,0,1,0,0,0,0
1990,47,1,0,0,0,1,253,4,45,1
1990,56,2,2,0,0,1,337,5,40,0
1990,72,1,0,0,0,1,23,6,40,0
1990,67,2,0,0,0,1,303,6,40,0
1990,32,1,0,0,0,1,276,3,40,0
1990,29,2,0,0,0,1,276,3,30,0
1990,63,2,3,0,2,0,449,4,20,0
1990,27,1,0,2,1,0,436,1,40,0
1990,27,2,0,2,1,0,449,4,40,0
1990,60,1,0,0,0,1,904,6,16,0
1990,52,2,0,0,0,1,379,5,34,0
1990,37,1,0,0,0,0,505,6,40,0
1990,28,2,0,0,0,0,549,4,40,0
1990,48,2,2,0,0,0,453,4,40,0
1990,25,1,1,0,0,0,705,1,40,0
1990,18,1,1,1,1,1,277,5,35,0
1990,58,2,0,0,0,1,313,5,40,0
1990,55,1,0,0,0,1,22,3,50,0
1990,37,1,2,0,0,0,475,0,40,0
1990,45,1,0,0,0,1,686,3,60,1
1990,45,2,0,0,0,0,159,5,15,0
1990,22,1,1,0,0,1,804,3,30,0
1990,20,2,1,0,0,1,313,3,5,0
1990,43,1,2,0,0,1,418,6,40,0
1990,19,2,1,0,0,0,22,3,40,0
1990,27,2,1,0,0,0,379,3,40,0
1990,28,1,2,0,0,1,259,3,50,0
1990,29,1,0,0,0,1,217,5,42,0
1990,28,2,0,0,0,1,0,0,0,0
1990,47,1,0,0,0,1,8,6,43,0
1990,44,2,0,0,0,1,15,5,44,0
1990,20,1,1,0,0,1,567,0,42,0
1990,18,1,1,0,0,0,887,4,15,0
1990,77,1,0,0,0,0,0,0,0,0
1990,70,2,0,0,0,0,164,4,20,0
1990,73,1,0,0,0,0,0,0,0,0
1990,69,2,0,0,0,0,449,5,24,0
1990,33,1,0,0,0,1,96,3,26,0
1990,31,2,0,0,0,1,156,5,40,0
1990,48,1,0,0,0,0,503,0,45,0
1990,47,2,0,0,0,0,313,0,0,0
1990,27,1,1,0,0,0,365,5,40,0
1990,19,1,1,0,0,0,274,3,25,0
1990,39,1,0,0,0,1,56,1,45,1
1990,39,2,0,0,0,1,0,0,0,0
1990,30,1,0,0,0,0,453,5,99,0
1990,30,2,0,0,0,0,22,2,99,0
1990,32,1,0,0,0,1,636,1,40,0
1990,29,2,0,0,0,0,785,5,40,0
1990,36,1,0,0,0,1,734,1,50,0
1990,33,2,0,0,0,0,628,1,10,0
1990,40,1,0,0,0,0,558,0,40,0
1990,39,2,0,0,0,0,779,1,0,0
1990,29,1,0,3,4,0,348,4,40,0
1990,26,2,0,3,4,0,744,1,0,0
1990,36,2,2,0,0,1,234,5,40,0
1990,39,2,3,0,0,1,0,0,0,0
1990,27,1,0,0,0,0,804,3,40,0
1990,28,2,0,0,0,0,375,4,40,0
1990,57,1,3,0,0,0,687,1,48,0
1990,25,2,3,0,0,1,22,4,45,0
1990,77,2,3,0,0,0,0,0,0,0
1990,78,2,3,0,0,1,0,0,0,0
1990,33,1,0,0,0,1,178,5,40,0
1990,30,2,0,0,0,1,178,5,40,0
1990,49,2,1,0,0,1,97,5,50,0
1990,23,1,1,0,0,1,274,3,50,0
1990,24,1,1,0,0,1,575,5,30,0
1990,24,2,1,0,0,1,427,5,18,0
1990,22,2,1,0,0,1,784,1,30,0
1990,23,1,1,3,0,1,189,4,50,0
1990,80,2,3,0,0,1,0,0,0,0
1990,23,2,1,0,0,1,447,5,40,0
1990,25,1,1,0,0,0,485,0,45,0
1990,25,1,1,3,0,0,628,3,40,0
1990,29,2,1,3,0,0,453,5,0,0
1990,73,1,0,0,0,1,0,0,0,0
1990,67,2,0,0,0,0,0,0,0,0
1990,33,2,0,1,0,1,785,1,40,0
1990,21,1,0,1,0,0,785,1,40,0
1990,62,2,2,0,0,1,0,0,0,0
1990,74,1,0,0,0,0,0,0,0,1
1990,70,2,0,0,0,0,0,0,0,0
1990,75,1,0,0,2,0,0,0,0,0
1990,75,2,0,0,0,0,0,0,0,0
1990,30,2,1,0,0,0,785,1,30,0
1990,35,1,2,0,0,0,486,0,10,0
1990,28,1,0,0,0,1,433,3,60,0
1990,30,2,0,0,0,1,195,2,40,0
1990,77,2,3,0,0,1,0,0,0,0
1990,43,1,0,0,0,1,696,4,50,0
1990,45,2,0,0,0,1,207,5,36,0
1990,44,2,3,0,0,1,156,5,40,0
1990,22,1,1,0,0,1,434,3,20,0
1990,18,2,1,0,0,0,444,3,20,0
1990,31,1,0,0,0,1,243,3,40,0
1990,30,2,0,0,0,1,203,5,45,0
1990,27,2,0,0,0,1,95,5,40,0
1990,34,1,0,0,0,1,485,0,20,0
1990,78,2,3,0,0,0,0,0,0,0
1990,36,1,0,0,0,1,166,1,42,0
1990,35,2,0,0,0,1,234,5,40,0
1990,56,2,2,0,0,0,0,0,0,0
1990,41,1,0,0,0,1,178,5,40,0
1990,44,2,0,0,0,1,567,4,10,0
1990,58,1,0,0,0,1,254,4,22,1
1990,57,2,0,0,0,1,255,4,40,0
1990,23,1,1,0,0,1,547,3,10,0
1990,21,2,1,0,0,1,274,3,30,0
1990,30,1,0,0,0,1,55,2,40,0
1990,37,2,0,0,0,0,327,2,40,0
1990,79,2,3,0,0,0,0,0,0,0
1990,46,1,2,0,0,1,503,2,40,1
1990,28,1,0,0,0,1,255,4,38,0
1990,33,2,0,0,0,1,203,5,30,0
1990,50,1,2,0,0,0,505,3,35,0
1990,46,1,2,0,0,0,505,3,40,0
1990,50,1,0,0,0,1,85,5,40,1
1990,36,2,0,0,0,1,274,3,0,0
1990,41,1,0,0,0,1,214,1,45,0
1990,41,2,0,0,0,1,307,4,50,0
1990,18,2,1,0,0,1,467,5,10,0
1990,74,1,0,0,0,1,0,0,0,0
1990,79,2,0,0,0,0,0,0,0,0
1990,56,1,0,0,0,1,22,2,40,1
1990,55,2,0,0,0,1,243,3,0,0
1990,71,1,0,0,0,1,533,4,45,0
1990,67,2,0,0,0,0,377,5,40,0
1990,50,1,0,0,2,1,84,5,40,1
1990,50,2,0,0,2,1,379,5,40,0
1990,30,1,0,2,3,1,22,1,60,1
1990,28,2,0,0,0,1,95,5,36,0
1990,66,1,0,0,0,1,36,6,50,1
1990,63,2,0,0,0,0,0,0,0,0
1990,33,1,0,0,0,1,177,5,40,0
1990,23,2,0,0,0,1,315,4,20,0
1990,70,1,0,0,0,0,0,0,0,0
1990,71,2,0,0,3,1,0,0,0,0
1990,74,1,0,0,0,1,263,3,30,0
1990,67,2,0,0,0,0,313,5,0,0
1990,56,1,0,0,0,1,44,1,50,1
1990,50,2,0,0,0,1,204,5,40,0
1990,19,2,1,0,0,1,0,0,0,0
1990,62,1,0,0,0,1,22,1,40,1
1990,63,2,0,0,0,1,426,0,20,0
1990,24,2,1,0,0,1,95,5,36,0
1990,40,1,1,0,0,1,567,0,25,0
1990,55,1,0,0,0,1,359,2,40,0
1990,52,2,0,0,0,0,319,3,40,0
1990,56,2,0,0,0,1,447,5,40,0
1990,54,1,0,0,0,1,22,4,60,0
1990,31,2,1,0,0,1,95,5,40,0
1990,54,1,0,0,0,1,22,4,50,1
1990,53,2,0,0,0,1,95,6,45,0
1990,67,1,0,0,0,1,84,5,0,0
1990,70,2,0,0,0,1,0,0,0,0
1990,30,2,2,0,0,1,313,4,40,0
1990,37,1,3,0,0,1,469,5,40,0
1990,61,1,0,0,2,0,0,0,0,0
1990,50,2,0,0,2,0,337,1,40,0
1990,19,1,1,0,0,0,0,0,0,0
1990,57,2,2,0,0,1,375,4,40,0
1990,28,1,0,0,0,1,208,5,70,0
1990,27,2,0,0,0,1,25,5,40,0
1990,37,1,0,0,0,1,558,0,50,1
1990,35,2,0,0,0,1,264,3,20,0
1990,42,2,2,1,1,1,156,5,40,0
1990,64,2,1,0,0,1,156,5,20,1
1990,66,1,1,0,1,0,243,3,0,0
1990,67,2,2,0,0,0,208,5,2,0
1990,51,1,0,0,0,1,303,6,50,0
1990,40,2,0,0,2,0,313,1,40,0
1990,20,2,1,0,0,1,274,3,20,0
1990,67,2,3,0,0,0,0,0,0,0
1990,63,1,0,0,0,0,473,0,0,0
1990,63,2,0,0,0,0,327,0,10,0
1990,37,2,1,0,0,1,8,5,60,0
1990,54,1,0,0,0,1,6,6,50,1
1990,50,2,0,0,0,0,458,4,48,0
1990,24,1,1,0,0,0,856,1,40,0
1990,19,2,1,0,0,0,435,3,16,0
1990,29,2,3,0,0,1,25,3,43,0
1990,58,1,0,0,0,1,167,5,40,0
1990,58,2,0,0,0,0,785,1,0,0
1990,27,1,1,0,0,0,683,1,40,0
1990,39,1,0,0,0,1,176,5,48,0
1990,39,2,0,0,0,1,37,5,40,0
1990,18,1,1,0,0,0,444,3,40,0
1990,33,1,0,0,0,0,22,0,40,0
1990,32,2,0,0,0,1,305,5,40,0
1990,29,1,0,0,0,1,23,3,40,0
1990,29,2,0,0,0,1,213,4,44,0
1990,26,1,3,0,1,0,883,1,40,0
1990,27,1,1,0,1,0,484,0,40,0
1990,19,1,1,0,1,0,453,3,40,0
1990,42,1,3,0,1,0,686,3,40,0
1990,49,1,0,0,0,1,21,5,50,0
1990,44,2,0,0,0,1,336,5,40,0
1990,32,1,0,0,0,1,597,1,40,0
1990,31,2,0,2,0,1,234,1,40,0
1990,27,2,1,1,0,1,449,4,40,0
1990,23,2,1,0,0,1,376,4,50,0
1990,28,1,1,0,0,0,796,1,40,0
1990,26,1,1,0,0,0,785,1,40,0
1990,26,1,1,0,0,1,628,1,60,0
1990,26,1,1,0,0,0,759,4,60,0
1990,28,2,0,0,0,1,25,2,40,0
1990,31,1,0,0,0,1,253,4,60,0
1990,41,1,0,0,0,1,22,1,60,1
1990,37,2,0,0,0,0,313,1,20,0
1990,30,1,0,0,0,0,266,3,45,0
1990,31,2,0,0,0,0,156,5,9,0
1990,49,1,2,0,0,0,804,2,40,0
1990,41,1,0,0,0,1,55,1,40,0
1990,39,2,0,0,0,1,156,5,30,0
1990,34,1,0,0,0,1,18,4,60,0
1990,31,2,0,0,0,1,0,0,0,0
1990,51,2,2,0,0,1,313,3,40,0
1990,27,1,1,0,0,0,0,0,0,0
1990,25,1,1,0,0,0,595,4,40,0
1990,19,1,1,0,0,0,436,3,40,0
1990,18,1,1,0,0,0,436,3,0,0
1990,20,1,1,0,0,0,276,3,0,0
1990,39,1,2,0,0,1,176,5,0,0
1990,38,1,0,0,0,0,844,0,45,0
1990,35,2,0,0,0,0,0,0,0,0
1990,38,1,0,0,0,1,844,0,40,0
1990,37,2,0,0,0,1,156,5,17,0
1990,76,1,0,0,0,0,0,0,0,0
1990,72,2,0,0,0,0,0,0,0,0
1990,42,2,3,0,0,1,313,5,57,0
1990,35,1,0,0,0,1,628,1,12,0
1990,29,2,0,0,0,0,785,1,0,0
1990,40,2,2,0,0,1,389,4,48,0
1990,18,2,1,0,0,0,796,1,20,0
1990,31,1,0,0,0,1,22,3,45,0
1990,28,2,0,0,0,0,379,3,0,0
1990,36,1,0,0,0,1,628,1,45,0
1990,36,2,0,0,0,1,259,3,45,0
1990,41,1,0,0,0,0,77,1,48,0
1990,40,2,0,0,0,0,744,1,40,0
1990,38,1,0,0,0,1,385,2,40,0
1990,34,2,0,0,0,1,0,0,0,0
1990,46,1,0,0,0,1,558,0,10,0
1990,45,2,0,0,0,0,0,0,0,0
1990,19,1,1,0,0,0,883,0,40,0
1990,28,1,0,0,0,1,229,4,50,0
1990,32,2,0,0,0,1,389,6,45,0
1990,35,1,2,0,0,1,22,0,40,0
1990,29,2,2,0,0,1,383,4,40,0
1990,66,2,3,0,0,0,449,4,8,0
1990,26,2,1,0,0,1,628,1,40,0
1990,21,1,1,0,0,0,877,3,25,0
1990,48,1,2,0,0,1,418,6,40,0
1990,25,2,1,0,0,0,337,3,40,0
1990,27,1,1,0,0,0,505,4,30,0
1990,61,2,3,3,3,0,466,5,0,0
1990,22,1,1,3,3,0,889,1,0,0
1990,27,1,1,0,0,1,637,1,40,0
1990,39,1,0,0,0,0,856,3,40,0
1990,38,2,0,3,0,0,0,0,0,0
1990,68,1,0,0,0,0,0,0,0,0
1990,66,2,0,0,0,0,0,0,0,0
1990,42,1,0,0,0,1,263,3,45,0
1990,38,2,0,0,0,1,156,5,17,0
1990,23,1,1,0,0,0,579,0,50,0
1990,19,2,1,0,0,0,276,3,25,0
1990,34,1,0,0,0,0,804,2,40,0
1990,34,2,0,0,0,0,379,5,35,0
1990,23,1,1,0,0,1,364,2,40,0
1990,48,1,0,0,0,0,628,2,42,0
1990,34,2,0,0,0,1,379,4,40,0
1990,31,1,0,0,0,0,215,1,40,0
1990,29,2,0,0,0,0,785,5,40,0
1990,71,1,0,0,0,0,0,0,0,0
1990,64,2,0,0,0,0,0,0,0,0
1990,36,1,2,0,0,0,0,0,0,0
1990,75,2,3,0,0,1,0,0,0,0
1990,45,1,0,0,0,1,779,5,40,0
1990,40,2,0,0,0,0,303,6,40,0
1990,21,2,1,0,0,1,313,4,0,0
1990,40,2,1,0,0,0,449,5,40,0
1990,18,1,1,0,0,0,889,4,40,0
1990,46,1,0,0,0,0,883,2,21,0
1990,41,2,0,0,0,0,243,3,51,0
1990,19,1,1,0,0,0,436,3,54,0
1990,39,2,0,0,0,1,313,3,0,0
1990,40,1,0,0,0,1,22,3,75,1
1990,29,1,1,0,0,0,503,4,55,0
1990,29,1,1,0,0,0,628,1,50,0
1990,39,1,0,0,0,0,567,0,40,0
1990,36,2,0,0,0,0,376,4,40,0
1990,23,1,1,0,0,1,274,5,40,0
1990,21,1,1,0,0,1,17,3,48,0
1990,27,1,0,3,0,1,505,3,40,0
1990,23,2,0,0,0,0,336,4,40,0
1990,42,2,2,0,0,0,579,6,40,0
1990,23,1,2,0,0,0,259,3,40,0
1990,41,1,0,0,0,0,22,2,40,0
1990,39,2,0,0,0,0,259,3,40,0
1990,49,1,2,0,2,0,22,1,40,0
1990,23,1,1,0,0,0,743,1,40,0
1990,44,1,0,0,0,1,616,0,40,0
1990,39,2,0,0,0,0,378,5,40,0
1990,32,1,0,0,0,0,514,4,50,0
1990,28,2,0,0,0,1,458,4,10,0
1990,48,1,0,0,0,1,243,3,43,0
1990,44,2,0,0,2,0,796,3,40,0
1990,20,2,3,0,0,0,433,3,30,0
1990,42,1,0,0,0,1,243,3,0,0
1990,39,2,0,0,0,1,389,1,40,0
1990,47,1,0,0,0,1,259,3,40,0
1990,40,2,0,0,0,1,453,5,40,0
1990,22,1,1,0,0,0,806,3,24,0
1990,35,1,0,3,3,1,637,4,40,0
1990,36,2,0,3,3,1,785,1,0,0
1990,50,1,0,0,0,0,735,1,40,0
1990,47,2,0,0,0,0,747,1,40,0
1990,36,1,0,0,0,1,355,2,40,0
1990,41,2,0,0,0,1,95,5,40,0
1990,48,1,0,0,0,1,128,5,20,0
1990,43,2,0,0,2,0,308,3,30,0
1990,18,2,1,0,0,0,487,0,9,0
1990,31,2,3,0,0,0,274,3,40,0
1990,34,1,0,0,0,1,266,3,45,0
1990,34,2,0,0,0,1,208,6,40,0
1990,60,1,0,2,0,0,0,0,0,0
1990,61,2,0,2,0,0,744,1,40,0
1990,27,1,1,2,0,0,869,0,40,0
1990,42,1,0,0,0,1,23,5,40,0
1990,46,2,0,0,0,0,89,5,40,0
1990,27,1,2,0,0,0,455,4,40,0
1990,23,2,3,2,0,1,379,4,40,0
1990,43,1,0,0,0,1,523,3,48,0
1990,42,2,0,0,0,0,0,0,0,0
1990,18,1,1,0,0,1,869,0,30,0
1990,41,1,1,0,0,0,0,0,0,0
1990,56,1,0,0,0,1,255,4,40,1
1990,51,2,0,0,0,1,21,5,30,0
1990,23,1,1,0,0,1,257,5,40,0
1990,21,2,3,0,0,0,159,5,15,0
1990,61,1,0,0,0,0,889,1,0,0
1990,61,2,0,0,0,0,447,5,0,0
1990,64,1,0,0,0,0,769,1,0,0
1990,59,2,0,0,0,0,25,4,40,0
1990,29,1,2,0,0,0,785,1,42,0
1990,64,1,0,0,0,0,889,2,0,0
1990,67,2,0,0,0,0,0,0,0,0
1990,77,1,3,0,0,0,0,0,0,0
1990,67,1,0,0,0,0,505,1,40,0
1990,65,2,0,0,0,0,0,0,0,0
1990,32,1,0,0,0,1,628,1,50,1
1990,31,2,0,0,0,1,156,5,5,0
1990,44,1,0,0,0,0,804,3,45,0
1990,42,2,0,0,0,0,376,3,40,0
1990,25,1,0,0,0,1,389,4,40,0
1990,23,2,0,0,0,1,156,5,29,0
1990,24,1,0,0,0,1,735,1,25,0
1990,20,2,0,0,0,1,889,1,40,0
1990,23,1,0,0,0,0,507,2,40,0
1990,20,2,0,0,0,0,21,5,42,0
1990,45,1,0,0,0,0,518,1,40,0
1990,45,2,0,0,0,0,0,0,0,0
1990,18,1,1,0,0,0,0,0,0,0
1990,58,1,0,0,0,1,154,5,40,0
1990,58,2,0,0,0,1,156,5,40,0
1990,56,2,3,0,0,0,479,0,12,0
1990,48,1,0,0,0,1,274,3,40,0
1990,46,2,0,0,0,1,313,5,0,0
1990,18,2,1,0,0,1,0,0,0,0
1990,36,1,0,0,0,1,696,0,40,0
1990,33,2,0,0,0,1,0,0,0,0
1990,29,1,0,0,2,1,417,6,66,0
1990,26,2,0,0,0,0,327,3,18,0
1990,51,1,0,0,0,0,453,5,40,0
1990,44,2,0,0,0,0,436,5,30,0
1990,24,1,0,0,0,0,243,3,40,0
1990,24,2,0,2,4,1,157,5,0,0
1990,34,1,0,0,0,0,259,3,65,0
1990,33,2,0,0,0,0,243,3,30,0
1990,71,2,3,0,0,0,0,0,0,0
1990,30,1,0,0,0,1,418,6,50,0
1990,30,2,0,0,0,1,22,5,30,0
1990,23,1,0,0,0,0,869,0,40,0
1990,18,2,0,0,0,0,436,3,0,0
1990,53,2,2,0,0,0,276,5,41,0
1990,27,1,1,0,0,1,17,4,48,0
1990,51,2,2,0,0,1,156,5,37,0
1990,31,1,1,0,0,1,804,2,40,0
1990,21,2,1,0,0,0,155,5,0,0
1990,21,1,3,0,0,0,766,1,40,0
1990,26,1,0,0,0,1,164,5,30,0
1990,25,2,0,0,0,1,205,5,20,0
1990,48,1,0,0,0,1,414,6,0,0
1990,40,2,0,0,0,1,95,5,0,0
1990,59,1,0,0,0,1,22,3,60,0
1990,56,2,0,0,0,1,157,5,40,0
1990,19,2,1,0,0,1,264,3,99,0
1990,29,1,0,0,0,1,447,5,40,0
1990,24,2,0,0,0,1,95,5,0,0
1990,59,2,3,0,0,0,356,1,12,0
1990,49,2,2,0,0,1,313,2,40,0
1990,22,2,1,0,3,1,313,5,40,0
1990,27,1,1,0,0,1,253,4,25,0
1990,26,1,1,0,0,1,159,5,40,0
1990,19,1,1,0,0,1,436,4,30,0
1990,28,1,1,0,0,1,26,5,40,0
1990,54,1,0,0,0,1,259,3,40,1
1990,50,2,0,0,0,1,95,5,40,0
1990,18,1,1,0,1,1,435,3,16,0
1990,29,2,1,3,3,1,0,0,0,0
1990,19,1,1,0,0,0,576,0,45,0
1990,18,2,1,0,0,1,427,5,17,0
1990,25,1,0,0,0,1,229,5,20,0
1990,26,2,0,0,0,1,466,5,40,0
1990,23,1,0,0,0,0,243,3,50,0
1990,20,2,0,0,0,1,445,5,35,0
1990,33,1,0,3,3,1,154,5,15,0
1990,30,2,0,3,3,1,436,3,20,0
1990,25,1,1,0,0,1,385,4,12,0
1990,20,1,1,0,4,1,448,5,25,0
1990,22,1,1,0,0,1,579,5,40,0
1990,21,1,1,0,0,1,166,6,40,0
1990,19,1,1,0,0,0,804,4,19,0
1990,18,1,1,0,0,1,877,3,20,0
1990,27,1,1,0,0,1,257,2,40,0
1990,61,2,3,0,0,0,0,0,0,0
1990,54,2,1,0,0,0,453,4,8,0
1990,26,1,1,0,0,0,567,0,40,0
1990,25,2,1,0,0,1,308,1,40,0
1990,27,1,1,0,0,1,308,1,35,0
1990,28,1,0,0,0,1,22,1,70,0
1990,28,2,0,0,0,1,313,1,40,0
1990,58,2,3,0,1,1,156,5,40,0
1990,25,1,1,0,0,0,243,3,40,0
1990,34,1,0,0,0,1,567,0,40,0
1990,29,2,0,0,0,1,443,5,10,0
1990,31,1,0,0,0,1,163,5,40,0
1990,30,2,0,0,0,0,257,4,0,0
1990,62,2,3,0,0,1,0,0,0,0
1990,27,1,0,0,0,1,243,3,40,0
1990,25,2,0,0,0,1,467,5,14,0
1990,53,2,1,0,0,1,447,5,12,0
1990,29,1,0,0,0,0,889,3,45,0
1990,29,2,0,0,0,0,466,5,40,0
1990,80,1,0,0,0,1,258,3,0,1
1990,60,2,0,0,2,1,0,0,0,0
1990,39,1,3,0,0,0,616,0,40,0
1990,43,1,0,0,0,1,23,5,60,0
1990,39,2,0,3,0,1,313,6,40,0
1990,23,1,0,0,0,0,243,3,40,0
1990,21,2,0,0,0,0,344,1,35,0
1990,69,2,3,0,0,0,468,4,40,0
1990,35,2,3,3,0,1,207,5,80,0
1990,20,1,0,0,0,1,453,5,70,0
1990,20,2,0,0,0,1,277,3,40,0
1990,42,1,0,0,0,1,243,3,40,0
1990,26,2,0,0,0,1,274,3,25,0
1990,79,1,0,0,0,1,0,0,0,0
1990,70,2,0,0,0,1,0,0,0,0
1990,77,2,3,0,0,0,0,0,0,0
1990,55,2,0,0,0,0,0,0,0,0
1990,57,1,0,0,0,0,22,0,40,0
1990,70,1,0,0,0,0,0,0,0,0
1990,67,2,0,0,0,0,0,0,0,0
1990,27,1,0,0,0,0,869,0,60,0
1990,31,2,0,0,0,0,444,3,0,0
1990,40,1,0,0,0,1,585,4,40,0
1990,40,2,0,0,0,0,448,4,40,0
1990,39,1,0,0,0,1,426,6,40,0
1990,34,2,0,0,0,1,159,5,7,0
1990,32,1,1,0,0,1,756,1,44,0
1990,75,2,0,0,0,0,0,0,0,0
1990,47,1,0,0,0,1,523,0,40,0
1990,43,2,0,0,0,1,263,3,20,0
1990,21,1,1,0,0,1,268,3,0,0
1990,63,1,0,0,0,0,855,0,75,0
1990,55,2,0,0,0,0,23,0,40,0
1990,18,2,1,0,0,1,438,3,25,0
1990,21,1,1,0,0,1,804,0,40,0
1990,62,1,0,0,0,0,658,3,40,0
1990,62,2,0,0,0,0,0,0,0,0
1990,71,1,0,0,0,0,473,0,30,0
1990,69,2,0,0,0,0,877,3,0,0
1990,59,1,0,0,0,1,796,1,40,0
1990,57,2,0,0,0,0,444,5,40,0
1990,55,1,0,0,0,0,436,3,40,0
1990,54,2,0,0,0,0,0,0,0,0
1990,38,2,2,0,0,1,757,1,40,0
1990,27,1,0,0,0,1,505,3,45,0
1990,23,2,0,0,0,0,0,0,0,0
1990,53,1,0,0,0,0,0,0,0,0
1990,50,2,0,0,0,0,444,3,35,0
1990,18,1,1,0,0,0,783,4,32,0
1990,62,1,0,3,0,1,453,5,45,0
1990,54,2,0,0,0,0,453,5,0,0
1990,28,1,1,0,0,0,479,0,50,0
1990,24,2,1,0,0,1,796,1,16,0
1990,78,1,0,0,0,0,516,0,0,0
1990,68,2,0,0,0,0,453,5,40,0
1990,43,1,2,0,0,0,453,5,40,0
1990,69,2,3,0,0,0,0,0,0,0
1990,69,1,0,0,0,0,598,0,0,0
1990,68,2,0,0,0,0,0,0,0,0
1990,40,1,0,0,0,1,617,0,40,0
1990,38,2,0,0,0,1,804,2,45,0
1990,19,2,1,0,0,1,276,3,40,0
1990,62,1,0,0,0,0,473,0,56,0
1990,55,2,0,0,0,0,0,0,0,0
1990,47,1,0,0,0,1,804,2,60,0
1990,42,2,0,0,0,1,436,3,40,0
1990,52,1,0,0,0,1,55,1,50,1
1990,41,2,0,0,0,1,156,5,40,0
1990,25,1,0,3,0,1,869,0,45,0
1990,73,1,0,0,0,0,453,1,0,0
1990,69,2,0,0,2,0,0,0,0,0
1990,43,1,0,0,0,1,157,5,50,0
1990,41,2,0,0,0,1,33,5,20,0
1990,18,1,1,0,0,0,599,2,40,0
1990,69,1,0,0,0,0,473,0,30,0
1990,64,2,0,0,0,0,436,5,30,0
1990,18,2,1,0,0,1,453,5,40,0
1990,58,2,1,0,0,0,0,0,0,0
1990,70,1,0,0,0,1,0,0,0,0
1990,67,2,0,0,0,0,0,0,0,0
1990,60,2,3,0,0,1,0,0,0,0
1990,35,1,1,0,0,0,0,0,0,0
1990,30,1,0,0,0,0,554,1,40,0
1990,29,2,0,0,0,1,744,1,10,0
1990,71,2,3,0,0,1,0,0,0,0
1990,28,1,1,0,0,0,869,0,50,0
1990,28,1,0,0,0,0,628,2,55,0
1990,25,2,0,0,0,0,0,0,0,0
1990,62,2,1,3,0,0,447,5,40,0
1990,43,1,1,3,0,0,717,0,40,0
1990,56,2,2,0,0,0,435,4,40,0
1990,73,2,3,0,0,0,0,0,0,0
1990,26,1,0,0,0,1,588,0,50,0
1990,22,2,0,0,0,0,687,3,30,0
1990,34,2,0,0,0,1,22,4,40,0
1990,35,1,0,0,0,1,773,5,15,1
1990,40,1,0,0,0,1,243,3,50,0
1990,37,2,0,0,0,1,203,5,24,0
1990,51,1,0,0,0,0,516,0,40,0
1990,45,2,0,0,0,0,436,5,36,0
1990,20,1,1,0,0,0,889,0,40,0
1990,41,1,0,0,0,1,6,6,50,0
1990,42,2,0,0,0,1,449,4,25,0
1990,19,2,1,0,0,1,406,4,32,0
1990,32,1,0,0,0,0,749,1,60,0
1990,30,2,0,0,0,0,466,5,60,0
1990,53,1,0,0,0,0,616,0,40,0
1990,48,2,0,0,0,0,889,3,20,0
1990,38,1,0,0,0,0,189,4,0,0
1990,47,2,0,0,2,1,284,4,98,0
1990,34,1,0,0,0,0,804,2,40,0
1990,32,2,0,0,0,0,744,1,0,0
1990,74,2,3,0,0,0,0,0,0,0
1990,36,1,0,0,0,1,473,0,84,0
1990,34,2,0,0,0,0,473,0,60,0
1990,38,1,0,0,0,1,17,4,60,0
1990,29,2,0,0,0,1,17,4,60,0
1990,33,1,0,0,0,1,379,3,45,0
1990,27,2,0,0,0,1,313,6,0,0
1990,47,1,0,0,0,0,599,0,40,0
1990,43,2,0,0,0,1,445,5,35,0
1990,66,2,3,0,0,0,469,5,0,0
1990,78,1,0,0,0,0,473,0,30,0
1990,74,2,0,0,0,1,0,0,0,0
1990,61,1,0,3,0,0,0,0,0,0
1990,55,2,0,3,0,0,0,0,0,0
1990,23,2,1,3,0,1,64,1,44,0
1990,61,2,3,0,0,1,0,0,0,0
1990,35,1,0,0,0,1,7,4,50,0
1990,35,2,0,0,0,1,276,3,11,0
1990,24,1,0,0,0,0,804,0,45,0
1990,21,2,0,0,0,0,313,4,0,0
1990,51,1,0,3,0,1,0,0,0,0
1990,61,2,0,0,0,0,0,0,0,0
1990,38,1,0,0,0,1,218,0,45,0
1990,37,2,0,0,0,1,337,1,40,0
1990,32,1,0,3,0,0,22,1,70,0
1990,28,2,0,3,0,0,23,1,40,0
1990,30,1,0,0,0,1,25,4,50,0
1990,27,2,0,0,0,1,387,5,3,0
1990,34,1,0,0,0,1,869,0,40,0
1990,34,2,0,0,0,1,435,3,36,0
1990,62,1,0,0,0,0,516,0,0,0
1990,59,2,0,0,0,0,0,0,0,0
1990,69,2,3,0,0,0,0,0,0,0
1990,33,1,0,0,0,0,804,0,40,0
1990,32,2,0,0,0,1,754,1,0,0
1990,80,1,0,0,0,0,0,0,0,0
1990,76,2,0,0,0,0,0,0,0,0
1990,41,1,0,0,0,0,616,0,50,1
1990,40,2,0,0,0,0,256,4,40,0
1990,72,1,0,0,0,1,0,0,0,0
1990,72,2,0,0,0,0,0,0,0,0
1990,33,1,0,0,0,0,643,0,50,0
1990,29,2,0,0,0,1,444,3,30,0
1990,71,1,0,0,0,0,0,0,0,0
1990,69,2,0,0,0,1,0,0,0,0
1990,33,1,0,3,0,0,174,5,40,0
1990,29,2,0,3,0,1,316,6,0,0
1990,61,1,0,0,0,0,859,0,50,0
1990,61,2,0,0,0,0,453,4,0,0
1990,42,2,2,0,0,0,257,4,40,0
1990,30,1,0,0,0,0,514,4,40,0
1990,31,2,0,0,0,0,748,4,0,0
1990,37,1,0,0,0,1,473,0,75,0
1990,38,2,0,0,0,0,458,4,42,0
1990,31,1,0,0,0,1,505,1,80,0
1990,31,2,0,0,0,1,869,0,20,0
1990,43,1,0,0,0,1,21,5,45,1
1990,40,2,0,0,0,1,808,5,35,0
1990,19,1,1,0,0,1,276,3,10,0
1990,58,2,3,0,0,0,744,1,48,0
1990,38,1,0,0,0,1,628,1,60,0
1990,34,2,0,0,0,1,308,4,45,0
1990,50,2,3,0,0,0,365,3,40,0
1990,18,1,1,0,0,0,0,0,0,0
1990,63,1,3,0,0,0,616,0,0,0
1990,27,1,1,0,0,1,783,1,40,0
1990,26,2,1,0,0,0,628,1,40,0
1990,60,1,0,0,0,0,575,0,35,0
1990,54,2,0,0,0,1,0,0,0,0
1990,40,1,0,0,0,0,0,0,0,0
1990,37,2,0,0,0,0,447,5,32,0
1990,33,1,1,0,0,1,22,0,55,0
1990,34,1,0,0,0,0,844,0,50,0
1990,31,2,0,0,0,0,785,4,40,0
1990,33,1,0,0,0,1,22,5,50,1
1990,29,2,0,0,0,1,156,5,0,0
1990,71,2,3,0,0,0,0,0,0,0
1990,50,1,1,0,0,0,549,4,40,0
1990,32,2,1,0,0,0,436,3,20,0
1990,20,2,1,0,0,0,0,0,0,0
1990,78,2,1,0,0,1,0,0,0,0
1990,54,1,0,0,0,1,243,3,60,0
1990,58,2,0,0,0,0,744,1,40,0
1990,29,2,1,0,0,1,156,5,50,0
1990,35,1,0,0,0,1,796,0,40,0
1990,35,2,0,0,0,1,95,5,40,0
1990,38,1,0,0,0,0,853,0,0,0
1990,33,2,0,0,0,0,0,0,0,0
1990,62,1,0,0,0,0,699,0,40,0
1990,53,2,0,0,0,0,0,0,0,0
1990,25,1,0,0,0,0,616,0,60,0
1990,22,2,0,0,0,0,0,0,0,0
1990,37,1,0,0,0,0,804,2,40,0
1990,33,2,0,0,0,0,453,0,0,0
1990,49,1,0,0,0,0,853,0,40,0
1990,48,2,0,0,0,0,266,3,0,0
1990,32,1,0,0,0,1,22,0,60,0
1990,27,2,0,0,0,1,156,5,40,0
1990,62,2,1,0,0,0,407,4,24,0
1990,46,1,0,0,0,0,359,1,40,0
1990,38,2,0,0,0,0,436,3,36,0
1990,29,1,0,0,0,0,585,0,40,0
1990,26,2,0,0,0,0,0,0,0,0
1990,56,1,0,0,0,0,0,0,0,0
1990,49,2,0,0,0,0,744,1,40,0
1990,22,1,1,0,0,0,589,0,40,0
1990,21,1,1,0,0,0,747,4,40,0
1990,19,1,0,0,0,0,617,0,40,0
1990,25,2,0,0,0,0,0,0,0,0
1990,35,1,0,0,0,0,616,0,40,0
1990,34,2,0,0,0,1,313,5,37,0
1990,62,2,2,0,0,0,0,0,0,0
1990,69,1,3,0,0,0,0,0,0,0
1990,62,1,0,0,0,0,473,0,45,0
1990,60,2,0,0,0,0,0,0,0,0
1990,24,1,1,0,0,1,22,0,50,0
1990,60,2,1,0,0,0,0,0,0,0
1990,62,1,2,0,0,0,453,2,40,0
1990,73,2,3,0,0,0,0,0,0,0
1990,77,1,2,0,0,0,0,0,0,0
1990,20,1,0,0,0,0,779,1,40,0
1990,22,2,0,0,0,1,25,4,40,0
1990,51,1,0,0,0,0,616,0,40,0
1990,47,2,0,0,0,0,744,1,40,0
1990,22,2,1,0,0,0,95,5,44,0
1990,72,2,3,0,0,0,0,0,0,0
1990,60,1,0,0,0,0,0,0,0,0
1990,19,2,1,0,0,1,274,3,37,0
1990,36,1,0,0,0,0,804,2,40,0
1990,46,2,0,0,0,0,744,1,37,0
1990,18,1,1,0,0,0,436,3,25,0
1990,73,1,0,0,0,0,0,0,0,0
1990,68,2,0,0,0,0,666,3,75,0
1990,33,1,0,0,0,0,804,1,40,0
1990,33,2,0,0,0,0,744,1,35,0
1990,61,2,3,0,0,0,0,0,0,0
1990,62,1,2,0,0,0,0,0,0,0
1990,73,1,0,0,0,0,0,0,0,0
1990,74,2,0,0,0,0,0,0,0,0
1990,70,1,0,0,0,0,0,0,0,0
1990,63,2,0,0,0,0,0,0,0,0
1990,41,1,0,0,0,0,22,0,70,1
1990,39,2,0,0,0,0,744,1,40,0
1990,68,1,3,0,0,0,739,1,40,0
1990,36,1,0,0,0,0,804,2,40,0
1990,51,2,0,0,0,0,0,0,0,0
1990,74,1,0,0,0,0,473,0,72,0
1990,66,2,0,0,0,0,159,4,40,0
1990,74,1,0,0,0,0,0,0,0,0
1990,75,2,0,0,0,0,0,0,0,0
1990,50,1,2,0,0,0,263,3,55,0
1990,30,1,0,0,0,0,889,2,50,0
1990,35,2,0,0,0,0,363,1,40,0
1990,32,1,1,0,0,0,22,4,40,0
1990,76,1,0,0,0,0,0,0,0,0
1990,55,2,0,0,0,0,0,0,0,0
1990,62,1,3,0,0,0,0,0,0,0
1990,60,1,0,0,0,0,373,1,40,0
1990,51,2,0,0,0,1,22,0,0,0
1990,19,1,1,0,0,0,436,3,50,0
1990,19,2,1,0,0,0,444,3,40,0
1990,62,1,0,0,0,0,599,3,35,0
1990,57,2,0,0,0,0,0,0,0,0
1990,74,1,0,0,0,0,0,0,0,0
1990,72,2,0,0,0,0,0,0,0,0
1990,56,2,1,0,0,0,0,0,0,0
1990,34,1,0,0,0,1,7,4,42,0
1990,34,2,0,0,0,1,313,5,41,0
1990,22,2,1,0,0,0,163,5,20,0
1990,49,2,3,0,0,0,0,0,0,0
1990,57,1,0,0,0,1,156,5,40,0
1990,59,2,0,0,0,1,156,5,0,0
1990,41,1,3,0,0,1,804,2,60,0
1990,40,2,2,0,0,1,344,3,45,0
1990,59,1,2,0,0,0,0,0,0,0
1990,74,1,0,0,0,0,475,0,40,0
1990,65,2,0,0,0,0,0,0,0,0
1990,33,2,1,0,0,1,744,1,40,0
1990,51,1,1,0,0,0,0,0,0,0
1990,71,1,3,0,0,0,0,0,0,0
1990,53,1,0,0,0,0,529,2,40,0
1990,52,2,0,0,0,0,389,1,40,0
1990,36,1,2,0,0,0,616,0,40,0
1990,65,1,0,0,0,0,0,0,0,0
1990,64,2,0,0,0,0,389,6,40,0
1990,70,1,0,0,0,1,453,4,24,0
1990,70,2,0,0,0,1,0,0,0,0
1990,20,1,1,0,0,0,889,3,0,0
1990,60,1,2,0,0,1,56,1,60,1
1990,39,2,2,0,0,1,0,0,0,0
1990,19,1,0,0,0,0,783,3,42,0
1990,23,2,0,0,0,1,389,4,40,0
1990,45,2,2,0,0,0,17,3,70,0
1990,65,1,0,0,0,0,0,0,0,0
1990,61,2,0,0,0,0,0,0,0,0
1990,77,2,2,0,0,0,0,0,0,0
1990,79,2,3,0,0,0,0,0,0,0
1990,62,1,0,0,0,1,268,3,40,0
1990,64,2,0,0,0,0,0,0,0,0
1990,75,1,0,0,0,0,799,1,41,0
1990,73,2,0,0,0,0,0,0,0,0
1990,34,1,0,0,0,0,8,1,40,0
1990,30,2,0,0,0,0,744,1,40,0
1990,78,2,3,0,0,0,0,0,0,0
1990,62,2,0,0,0,0,709,1,40,0
1990,67,1,0,0,0,0,473,0,25,0
1990,43,1,0,0,0,0,243,3,60,0
1990,49,2,0,0,0,0,313,5,32,0
1990,20,1,1,0,0,1,803,3,40,0
1990,77,2,0,0,0,0,0,0,0,0
1990,71,1,0,0,0,0,0,0,0,0
1990,69,2,0,0,0,0,796,1,0,0
1990,55,1,0,0,0,1,503,4,45,0
1990,51,2,0,0,0,1,313,5,40,0
1990,19,1,1,0,0,1,154,5,40,0
1990,64,1,0,0,0,0,869,0,40,0
1990,69,2,0,0,0,0,453,1,15,0
1990,45,1,0,0,0,0,783,1,36,0
1990,46,2,0,0,0,0,315,5,40,0
1990,53,1,0,1,0,1,364,1,40,0
1990,62,2,0,1,0,1,156,5,35,0
1990,79,2,3,0,0,0,0,0,0,0
1990,40,1,0,0,0,1,27,6,50,0
1990,39,2,0,0,0,1,155,5,20,0
1990,42,1,0,0,0,1,25,1,50,0
1990,42,2,0,0,0,1,313,5,42,0
1990,22,1,1,0,0,1,19,4,35,0
1990,19,1,1,1,0,1,225,5,37,0
1990,19,1,1,3,3,0,749,1,40,0
1990,21,1,1,0,0,1,163,5,30,0
1990,20,2,1,0,3,1,804,3,40,0
1990,19,1,1,0,0,1,356,4,20,0
1990,26,1,1,0,0,0,453,5,43,0
1990,46,1,0,0,0,0,668,4,52,0
1990,49,2,0,0,0,0,447,4,50,0
1990,39,2,1,0,0,1,207,5,40,0
1990,48,1,0,0,2,1,164,5,40,1
1990,43,2,0,0,0,1,175,5,40,0
1990,21,2,1,0,0,1,159,5,40,0
1990,21,2,1,0,0,1,276,3,20,0
1990,21,2,1,0,0,1,194,5,30,0
1990,21,2,1,0,0,1,427,5,0,0
1990,29,1,1,0,0,1,628,3,70,0
1990,26,2,1,0,0,1,208,0,40,0
1990,47,1,0,0,0,1,263,3,45,0
1990,49,2,0,0,0,1,0,0,0,0
1990,72,2,3,0,0,1,0,0,0,0
1990,21,2,1,0,0,1,774,4,40,0
1990,22,2,1,0,0,1,77,5,15,0
1990,22,1,1,0,0,1,443,3,22,0
1990,23,1,1,0,0,1,0,0,0,0
1990,42,1,0,0,0,1,156,5,40,0
1990,43,2,0,0,0,1,0,0,0,0
1990,19,2,1,0,0,1,156,5,40,0
1990,19,2,1,0,0,1,276,3,0,0
1990,19,2,1,0,0,1,406,4,50,0
1990,39,1,0,0,0,1,243,3,45,0
1990,34,2,0,0,0,1,379,3,20,0
1990,51,1,0,0,0,1,259,1,51,0
1990,50,2,0,0,0,0,313,5,40,0
1990,22,1,1,0,0,1,389,1,40,0
1990,27,1,0,0,3,1,55,1,40,0
1990,24,2,0,0,0,1,0,0,0,0
1990,52,1,0,0,0,0,448,5,40,0
1990,48,2,0,0,0,0,17,5,32,0
1990,68,2,1,0,0,0,0,0,0,0
1990,33,2,3,0,0,0,444,3,37,0
1990,64,1,0,0,0,0,176,5,30,0
1990,62,2,0,0,0,0,185,3,0,0
1990,30,2,1,0,0,1,17,3,66,0
1990,22,1,1,0,0,1,525,1,0,0
1990,60,1,0,0,0,0,804,2,56,0
1990,53,2,0,0,0,1,447,5,0,0
1990,35,2,2,0,0,0,0,0,0,0
1990,18,1,1,0,0,0,276,3,15,0
1990,44,1,0,0,0,1,877,3,48,0
1990,44,2,0,0,0,1,303,4,40,0
1990,24,1,1,0,0,1,426,3,35,0
1990,21,2,1,0,0,1,243,3,15,0
1990,57,1,0,0,0,1,179,6,40,1
1990,58,2,0,0,0,1,27,5,50,1
1990,65,1,0,0,0,1,48,1,42,0
1990,63,2,0,0,0,0,0,0,0,0
1990,27,1,0,0,0,1,243,3,40,0
1990,22,2,0,0,0,1,383,4,40,0
1990,56,1,0,0,0,1,555,4,40,0
1990,56,2,0,0,0,0,436,3,20,0
1990,34,2,3,0,0,0,313,3,40,0
1990,59,1,0,0,0,1,823,2,0,0
1990,49,2,0,0,0,0,443,5,40,0
1990,19,1,1,0,0,1,278,3,28,0
1990,28,1,3,0,0,1,259,3,50,0
1990,68,2,3,0,0,0,0,0,0,0
1990,59,1,1,0,0,1,176,5,45,0
1990,19,1,1,0,0,0,444,4,25,0
1990,68,2,3,0,0,0,0,0,0,0
1990,72,1,0,0,0,0,0,0,0,0
1990,66,2,0,0,0,0,744,1,0,0
1990,43,2,2,0,0,1,777,1,40,0
1990,18,1,1,0,0,0,276,3,25,0
1990,32,1,0,0,0,1,14,5,50,0
1990,33,2,0,0,0,1,577,2,40,0
1990,36,1,0,0,0,1,577,2,40,0
1990,30,2,0,0,0,1,379,3,40,0
1990,41,1,0,0,0,1,23,1,50,1
1990,40,2,0,0,0,1,376,4,20,0
1990,24,1,2,0,0,0,779,1,40,0
1990,35,1,0,0,0,1,218,6,0,0
1990,35,2,0,0,0,0,5,6,40,0
1990,59,1,0,0,0,0,17,3,60,0
1990,60,2,0,0,0,0,439,3,48,0
1990,39,1,0,0,0,1,783,4,40,0
1990,32,2,0,0,0,0,363,1,40,0
1990,45,1,0,0,0,1,56,1,50,0
1990,43,2,0,0,0,1,156,5,40,0
1990,18,1,1,0,0,0,449,4,30,0
1990,36,2,3,0,0,1,435,3,40,0
1990,19,2,1,1,0,0,0,0,0,0
1990,76,1,0,0,0,0,0,0,0,0
1990,75,2,0,0,0,0,0,0,0,0
1990,69,1,0,0,0,0,813,5,5,0
1990,67,2,0,0,0,1,337,3,30,0
1990,49,2,0,0,0,0,469,5,40,0
1990,46,1,0,1,0,0,514,4,5,0
1990,80,1,3,0,0,0,0,0,0,0
1990,31,1,3,0,0,0,57,1,40,0
1990,33,1,0,0,0,1,157,5,45,0
1990,31,2,0,0,0,1,157,5,45,0
1990,25,1,1,0,0,0,508,3,40,0
1990,26,2,2,0,0,1,385,4,40,0
1990,57,2,3,0,0,1,174,5,40,0
1990,41,1,0,1,0,0,798,1,40,0
1990,42,2,0,1,0,0,744,1,39,0
1990,21,1,1,1,0,0,877,1,40,0
1990,20,2,1,1,0,1,447,5,40,0
1990,36,2,0,0,0,0,354,2,40,0
1990,33,1,0,0,0,0,418,6,40,0
1990,30,1,3,0,0,0,274,3,28,0
1990,70,2,3,0,0,0,0,0,0,0
1990,43,1,3,0,0,0,0,0,0,0
1990,61,1,0,0,0,0,447,5,40,0
1990,58,2,0,0,0,0,458,4,40,0
1990,19,2,1,0,0,0,383,4,15,0
1990,65,1,0,0,0,1,426,4,30,0
1990,63,2,0,0,0,0,0,0,0,0
1990,45,1,0,0,0,0,558,0,40,0
1990,44,2,0,0,0,0,744,1,40,0
1990,71,1,2,1,0,0,0,0,0,0
1990,27,1,1,1,0,0,889,1,20,0
1990,26,1,1,1,0,0,436,3,48,0
1990,23,1,1,1,0,0,877,3,40,0
1990,22,2,1,1,0,0,276,3,40,0
1990,21,1,1,1,0,0,747,3,0,0
1990,33,2,3,1,0,0,0,0,0,0
1990,36,2,3,1,0,0,777,1,45,0
1990,34,2,2,1,0,0,0,0,0,0
1990,44,1,3,0,0,0,365,1,40,0
1990,26,1,1,0,0,1,217,5,40,0
1990,67,1,0,0,0,1,0,0,0,0
1990,59,2,0,0,0,0,243,3,0,0
1990,35,1,0,0,0,1,883,2,40,0
1990,30,2,0,0,0,0,888,3,40,0
1990,20,1,1,0,0,1,567,0,20,0
1990,32,1,0,0,0,1,167,5,40,0
1990,32,2,0,0,0,1,97,5,40,0
1990,33,2,0,3,3,0,435,3,0,0
1990,27,1,0,3,3,0,436,3,40,0
1990,35,2,2,0,0,1,266,3,38,0
1990,38,2,3,0,2,0,316,5,40,0
1990,67,1,3,0,0,0,426,5,0,0
1990,35,1,1,0,0,0,806,3,50,0
1990,23,1,1,0,0,0,327,3,40,0
1990,20,1,0,0,0,1,889,3,30,0
1990,19,2,0,0,0,0,277,3,40,0
1990,37,1,0,0,0,1,243,3,60,1
1990,36,2,0,0,0,1,0,0,0,0
1990,70,1,0,0,0,0,274,3,40,0
1990,62,2,0,0,0,1,155,5,40,0
1990,24,2,1,1,0,1,243,3,50,0
1990,52,2,0,0,0,1,157,5,55,0
1990,46,1,0,0,0,1,243,3,50,0
1990,57,1,0,0,0,0,363,1,40,0
1990,50,2,0,0,0,0,447,5,21,0
1990,21,2,1,0,0,1,315,5,30,0
1990,39,1,1,0,0,1,877,3,35,0
1990,73,1,3,0,0,0,0,0,0,0
1990,53,1,0,0,0,0,668,1,40,0
1990,54,2,0,0,0,0,777,1,40,0
1990,54,1,0,0,0,1,824,2,60,1
1990,49,2,0,0,0,0,383,4,13,0
1990,33,1,0,0,0,1,274,5,40,1
1990,33,2,0,0,0,1,96,5,20,0
1990,31,1,0,0,0,0,453,4,35,0
1990,29,2,0,0,0,0,466,5,45,0
1990,55,1,0,0,0,1,22,1,40,1
1990,53,2,0,0,0,0,0,0,0,0
1990,66,1,0,0,0,0,21,5,20,0
1990,65,2,0,0,0,0,0,0,0,0
1990,36,1,0,0,0,1,22,0,45,0
1990,34,2,0,0,0,1,375,4,37,0
1990,66,1,0,0,0,1,22,5,45,1
1990,62,2,0,0,0,0,0,0,0,0
1990,78,1,0,0,0,0,453,5,20,0
1990,73,2,0,0,0,0,453,5,0,0
1990,39,1,2,0,0,1,22,1,40,1
1990,26,1,0,0,0,1,59,5,40,0
1990,26,2,0,0,0,1,64,4,40,0
1990,35,2,0,0,0,0,23,4,40,0
1990,39,1,0,0,0,0,505,4,45,0
1990,53,1,0,0,0,1,777,1,40,1
1990,48,2,0,0,0,1,253,4,40,0
1990,23,1,1,0,0,1,575,0,40,0
1990,18,1,1,0,0,1,435,3,15,0
1990,62,1,0,0,0,0,523,4,0,0
1990,57,2,0,0,0,0,337,3,0,0
1990,71,2,3,0,0,0,0,0,0,0
1990,23,1,1,0,0,0,514,4,40,0
1990,75,2,3,0,0,0,0,0,0,0
1990,46,2,0,0,0,0,407,4,10,0
1990,48,1,0,0,0,0,628,1,40,0
1990,20,2,1,0,0,1,435,3,6,0
1990,70,1,0,0,0,0,0,0,0,0
1990,75,2,0,0,0,0,0,0,0,0
1990,34,2,2,0,0,0,436,3,15,0
1990,65,1,0,0,0,0,473,0,60,0
1990,65,2,0,0,0,0,0,0,0,0
1990,37,2,2,0,0,1,254,4,60,0
1990,45,2,3,0,0,0,276,3,48,0
1990,22,1,1,0,0,1,593,0,40,0
1990,20,2,2,0,0,0,447,4,25,0
1990,24,1,0,0,0,0,844,0,40,0
1990,23,2,0,0,0,0,435,3,40,0
1990,39,1,0,0,0,0,889,1,40,0
1990,49,2,0,0,0,0,435,2,40,0
1990,62,2,3,0,0,0,276,3,40,0
1990,77,2,3,1,0,0,0,0,0,0
1990,40,1,1,1,0,0,889,1,32,0
1990,50,1,0,0,0,0,9,6,40,0
1990,47,2,0,0,0,0,29,3,40,0
1990,65,1,0,0,0,0,585,0,0,0
1990,65,2,0,0,0,0,479,0,0,0
1990,66,1,2,0,0,0,0,0,0,0
1990,39,1,0,1,0,1,683,1,50,0
1990,40,2,0,1,0,0,804,2,50,0
1990,48,1,0,0,0,0,435,3,40,0
1990,57,2,0,0,0,0,747,1,50,0
1990,22,1,1,0,0,1,343,4,40,0
1990,18,1,1,0,0,0,883,1,0,0
1990,29,1,0,0,0,0,505,4,45,0
1990,35,2,0,0,0,1,235,6,40,0
1990,36,1,0,0,0,0,599,0,35,1
1990,33,2,0,0,0,1,274,5,40,0
1990,45,2,2,0,0,0,18,4,70,0
1990,77,2,0,0,0,0,0,0,0,0
1990,69,1,0,0,0,1,804,3,20,0
1990,21,2,1,0,0,1,329,5,20,0
1990,36,1,1,0,0,1,55,1,40,0
1990,34,2,2,0,0,1,5,6,40,0
1990,51,1,0,0,0,1,22,0,40,0
1990,49,2,0,0,0,0,313,4,40,0
1990,68,2,0,0,0,1,157,5,4,0
1990,68,1,0,0,0,1,22,1,2,1
1990,52,1,3,0,0,1,253,4,40,0
1990,33,1,0,0,0,1,176,5,50,0
1990,29,2,0,0,0,1,156,5,0,0
1990,39,1,0,1,0,1,823,2,45,0
1990,31,2,0,1,0,0,276,3,50,0
1990,19,1,1,1,0,0,877,3,0,0
1990,20,2,1,1,0,0,687,3,0,0
1990,75,1,0,0,0,0,0,0,0,0
1990,69,2,0,0,0,0,0,0,0,0
1990,63,1,0,0,0,1,379,5,10,0
1990,61,2,0,0,0,1,0,0,0,0
1990,18,2,1,0,0,1,315,6,40,0
1990,20,2,1,3,0,1,313,5,40,0
1990,31,1,1,0,0,0,754,1,50,0
1990,29,1,1,0,0,0,22,1,50,0
1990,53,1,2,0,0,0,157,5,40,1
1990,18,1,1,0,0,0,453,4,30,0
1990,28,2,2,0,0,1,313,4,40,0
1990,23,1,1,0,0,1,254,4,50,0
1990,22,1,1,0,0,1,364,3,40,0
1990,21,1,1,0,0,1,438,3,15,0
1990,22,1,1,0,0,1,434,3,35,0
1990,22,1,1,0,0,1,154,5,10,0
1990,22,1,1,0,0,1,435,3,25,0
1990,65,2,2,0,0,0,887,1,38,0
1990,20,2,1,0,0,1,313,4,7,0
1990,75,2,1,0,0,0,447,5,0,0
1990,38,1,0,0,0,1,84,5,40,0
1990,42,2,0,0,0,1,174,5,40,0
1990,34,1,2,0,0,0,424,6,40,0
1990,29,2,0,1,0,0,878,1,40,0
1990,31,1,0,1,0,0,436,3,48,0
1990,47,1,0,0,0,1,156,5,40,0
1990,46,2,0,0,0,1,0,0,0,0
1990,21,2,1,0,0,1,446,5,30,0
1990,19,2,1,0,0,1,274,3,30,0
1990,77,2,3,0,0,0,447,5,0,0
1990,50,2,2,0,0,0,446,5,40,0
1990,69,1,0,0,0,1,0,0,0,0
1990,64,2,0,0,0,1,177,5,40,0
1990,38,2,1,0,0,0,446,5,40,0
1990,26,2,1,0,0,1,163,5,45,0
1990,39,1,3,0,0,0,474,0,25,0
1990,45,1,0,0,0,0,567,0,50,1
1990,43,2,0,0,0,0,436,5,30,0
1990,24,2,0,0,0,0,877,3,30,0
1990,23,1,0,0,0,0,567,1,40,0
1990,43,1,0,0,0,0,683,1,40,0
1990,52,2,0,0,0,0,0,0,0,0
1990,20,1,1,0,0,0,0,0,0,0
1990,30,1,0,0,0,1,453,1,52,0
1990,26,2,0,0,0,1,243,3,31,0
1990,38,2,3,0,0,1,313,5,40,0
1990,20,1,1,0,0,0,567,0,40,0
1990,19,2,1,0,0,0,435,3,40,0
1990,76,1,2,0,0,0,22,3,60,0
1990,75,2,2,0,0,1,313,3,45,0
1990,32,1,2,0,0,0,713,1,40,0
1990,25,2,2,0,0,0,348,5,40,0
1990,53,1,0,0,0,1,59,6,40,1
1990,58,2,0,0,0,0,315,4,0,0
1990,22,2,1,0,0,1,315,5,10,0
1990,56,2,3,0,0,0,796,1,40,0
1990,45,2,3,0,0,0,435,3,40,0
1990,34,1,0,0,0,0,567,0,40,0
1990,26,2,0,0,0,0,744,1,0,0
1990,55,1,0,0,0,0,585,0,40,0
1990,55,2,0,0,0,0,0,0,0,0
1990,42,1,0,0,0,0,0,0,0,0
1990,38,2,0,0,0,0,777,1,40,0
1990,59,1,0,0,0,0,21,5,60,1
1990,58,2,0,0,0,0,21,5,40,0
1990,33,1,0,0,0,1,56,1,52,0
1990,35,2,0,0,0,1,313,5,30,0
1990,40,1,0,0,0,1,156,5,60,0
1990,39,2,0,0,0,1,313,5,30,0
1990,27,1,0,0,0,0,458,4,40,0
1990,27,2,0,0,0,0,703,1,40,0
1990,23,1,0,0,0,0,549,3,40,0
1990,22,2,0,0,0,0,313,0,40,0
1990,28,1,0,0,0,0,804,0,55,0
1990,21,2,0,0,0,0,385,4,40,0
1990,31,1,0,0,0,0,269,3,40,0
1990,43,2,0,0,0,0,796,1,40,0
1990,48,1,2,0,0,0,475,0,40,0
1990,52,1,0,0,0,0,259,1,50,1
1990,50,2,0,0,0,0,313,5,6,0
1990,23,1,0,0,0,0,479,0,60,0
1990,24,2,0,0,0,0,156,5,8,0
1990,36,1,0,0,0,0,503,3,55,0
1990,32,2,0,0,0,0,203,5,40,0
1990,53,1,0,0,0,0,777,1,63,0
1990,52,2,0,0,0,0,343,3,40,0
1990,24,2,1,0,0,1,203,5,14,0
1990,77,2,3,0,0,1,383,4,37,0
1990,75,1,0,0,0,1,0,0,0,0
1990,65,2,0,0,0,0,785,1,40,0
1990,23,1,0,0,0,0,877,1,40,0
1990,23,2,0,0,0,0,458,4,40,0
1990,35,1,0,0,0,1,856,1,40,0
1990,27,2,0,0,0,1,313,5,12,0
1990,29,1,0,0,0,1,223,1,50,1
1990,35,2,0,0,0,1,223,1,40,0
1990,49,1,0,0,0,0,747,1,45,0
1990,46,2,0,0,0,0,0,0,0,0
1990,23,1,1,0,0,0,889,1,40,0
1990,58,1,3,0,0,0,227,6,0,0
1990,24,2,1,0,0,1,336,5,40,0
1990,29,1,0,0,0,1,6,6,40,0
1990,31,2,0,0,0,1,216,4,40,0
1990,70,1,0,0,0,0,0,0,0,0
1990,67,2,0,0,0,0,0,0,0,0
1990,37,1,2,1,0,0,785,1,0,0
1990,75,1,0,0,0,0,0,0,0,0
1990,67,2,0,0,0,0,0,0,0,0
1990,43,1,0,0,0,0,585,2,40,0
1990,35,2,0,0,0,0,313,3,20,0
1990,22,1,0,0,0,1,479,0,40,0
1990,21,2,0,0,0,0,313,5,42,0
1990,22,1,0,0,0,0,634,1,40,0
1990,21,2,0,0,0,0,319,4,40,0
1990,37,1,0,0,0,1,473,0,80,0
1990,36,2,0,0,0,1,473,0,80,0
1990,36,1,2,0,0,1,566,0,42,0
1990,57,1,0,0,0,0,507,2,0,0
1990,53,2,0,0,0,0,444,5,0,0
1990,38,1,0,0,0,1,22,0,40,0
1990,37,2,0,0,0,0,378,5,40,0
1990,66,2,3,0,0,0,317,4,40,0
1990,46,1,0,0,0,1,558,0,50,1
1990,39,2,0,0,0,1,0,0,0,0
1990,37,2,2,0,0,1,95,5,40,0
1990,30,2,1,0,0,1,276,3,45,0
1990,73,1,0,0,0,0,0,0,0,0
1990,79,2,0,0,0,1,0,0,0,0
1990,51,1,0,0,0,0,696,1,40,0
1990,48,2,0,0,0,0,337,3,0,0
1990,29,1,0,0,0,0,686,3,46,0
1990,31,2,0,0,0,0,719,1,40,0
1990,53,1,0,0,0,1,14,5,60,0
1990,54,2,0,0,0,1,14,5,40,0
1990,42,1,0,0,0,1,558,0,40,1
1990,40,2,0,0,0,1,389,5,32,0
1990,19,1,1,0,0,0,0,0,0,0
1990,27,1,1,0,0,1,423,6,70,0
1990,38,2,2,0,0,1,385,4,40,0
1990,68,2,3,0,0,1,0,0,0,0
1990,79,2,3,0,0,0,0,0,0,0
1990,32,1,2,0,0,1,503,1,50,0
1990,37,2,3,0,0,0,235,6,28,0
1990,19,1,1,0,0,0,267,3,30,0
1990,57,2,3,0,0,1,313,1,40,0
1990,35,1,0,0,0,0,844,0,40,0
1990,33,2,0,0,0,0,243,3,40,0
1990,58,1,0,0,0,0,785,1,40,0
1990,65,2,0,0,0,0,0,0,0,0
1990,63,1,0,0,0,0,0,0,0,0
1990,57,2,0,0,0,0,276,3,40,0
1990,20,1,1,0,0,0,496,3,40,0
1990,19,2,1,0,0,1,276,5,20,0
1990,75,2,3,0,0,1,0,0,0,0
1990,63,2,1,0,0,1,0,0,0,0
1990,20,2,1,0,0,0,435,3,45,0
1990,39,2,1,0,0,1,15,5,40,0
1990,37,1,0,0,0,1,95,5,40,0
1990,26,2,0,0,0,1,95,5,40,0
1990,37,1,0,0,0,1,84,5,70,1
1990,35,2,0,0,0,1,337,5,4,0
1990,61,1,0,0,0,1,156,5,40,0
1990,56,2,0,0,0,1,308,1,40,0
1990,41,1,0,0,0,1,27,6,40,1
1990,43,2,0,0,0,1,174,5,32,0
1990,57,1,2,0,0,0,319,2,40,0
1990,22,1,1,0,0,0,567,0,35,0
1990,71,2,0,0,0,0,0,0,0,0
1990,39,1,0,0,0,1,259,3,70,1
1990,39,2,0,0,0,1,174,5,40,0
1990,73,1,0,0,0,0,459,5,0,0
1990,71,2,0,0,0,0,0,0,0,0
1990,55,1,0,0,0,0,785,1,55,0
1990,56,2,0,0,2,0,17,3,0,0
1990,49,1,2,0,0,1,18,4,50,1
1990,70,1,0,0,0,0,0,0,0,0
1990,68,2,0,0,0,0,0,0,0,0
1990,37,1,0,0,0,1,853,0,45,0
1990,31,2,0,0,0,1,274,3,40,0
1990,46,1,0,0,0,0,253,4,40,0
1990,59,2,0,0,0,0,14,5,12,0
1990,51,1,0,0,0,0,479,0,40,0
1990,43,2,0,0,0,0,728,1,40,0
1990,18,1,1,0,0,0,453,5,40,0
1990,24,1,3,0,0,0,436,3,40,0
1990,22,2,0,0,0,0,439,3,0,0
1990,27,1,0,0,0,0,479,0,50,0
1990,36,1,0,0,0,1,567,0,40,0
1990,35,2,0,0,0,1,308,5,18,0
1990,51,1,0,0,0,1,259,6,40,0
1990,49,2,0,0,0,1,156,5,40,0
1990,18,2,1,0,0,1,264,3,25,0
1990,27,1,0,0,0,0,567,0,40,0
1990,21,2,0,0,0,0,779,1,0,0
1990,31,1,0,0,0,1,22,1,46,0
1990,30,2,0,0,0,1,64,3,0,0
1990,38,1,0,0,0,0,779,1,40,0
1990,32,2,0,0,0,0,779,1,40,0
1990,33,1,1,0,0,0,747,1,48,0
1990,48,1,1,0,0,0,243,3,40,0
1990,34,1,1,0,0,1,268,3,40,0
1990,22,2,0,0,0,1,156,5,30,0
1990,21,1,0,0,0,1,866,0,40,0
1990,57,1,0,0,0,1,36,6,37,0
1990,51,2,0,0,0,0,386,6,37,0
1990,72,2,1,0,0,0,0,0,0,0
1990,66,2,2,0,0,0,0,0,0,0
1990,29,1,0,0,0,0,759,1,50,0
1990,25,2,0,0,0,0,157,5,45,0
1990,35,1,0,0,0,0,575,0,40,0
1990,35,2,0,0,0,1,385,1,0,0
1990,34,1,0,0,0,1,243,3,56,0
1990,32,2,0,0,0,0,243,3,56,0
1990,49,1,2,0,0,1,77,6,40,1
1990,54,1,0,0,0,0,453,5,49,0
1990,53,2,0,0,0,0,444,3,0,0
1990,25,2,1,0,0,0,435,3,0,0
1990,29,1,0,0,0,0,889,1,40,0
1990,28,2,0,0,0,0,777,1,30,0
1990,52,1,0,1,0,0,557,0,40,0
1990,54,2,0,1,0,0,0,0,0,0
1990,64,1,0,0,0,0,585,1,0,0
1990,61,2,0,0,0,0,379,5,0,0
1990,28,1,2,0,0,0,596,0,40,0
1990,43,1,3,0,0,0,534,1,40,0
1990,47,1,0,0,0,0,453,1,40,0
1990,43,2,0,0,0,0,806,3,20,0
1990,37,2,3,0,0,0,27,4,10,0
1990,79,1,0,0,0,1,473,0,28,0
1990,79,2,0,0,0,0,0,0,0,0
1990,54,1,2,0,0,0,0,0,0,0
1990,76,1,2,0,0,0,0,0,0,0
1990,67,1,0,0,0,0,0,0,0,0
1990,64,2,0,0,0,0,0,0,0,0
1990,61,2,3,0,0,0,319,5,0,0
1990,64,2,2,0,0,1,0,0,0,0
1990,41,1,0,0,0,1,806,4,50,0
1990,39,2,0,0,0,0,313,3,45,0
1990,20,1,1,0,0,1,274,3,20,0
1990,58,1,0,0,0,0,575,6,40,0
1990,57,2,0,0,0,1,95,5,16,0
1990,52,2,0,0,0,0,0,0,0,0
1990,56,1,0,0,0,0,0,0,0,0
1990,29,1,1,1,0,0,575,0,40,0
1990,57,2,1,0,0,0,686,1,40,1
1990,48,2,3,0,0,0,243,3,40,0
1990,23,2,1,0,0,0,479,0,20,0
1990,27,2,2,0,0,0,319,5,0,0
1990,71,1,3,0,0,0,0,0,0,0
1990,70,2,2,0,0,0,407,4,0,0
1990,58,1,0,0,0,0,889,1,48,0
1990,57,2,0,0,0,0,0,0,0,0
1990,22,1,0,0,0,1,579,0,60,0
1990,19,2,0,0,0,0,373,3,30,0
1990,48,1,0,0,0,1,558,0,50,0
1990,48,2,0,0,0,1,337,2,60,0
1990,67,2,0,0,0,0,453,5,8,0
1990,70,1,0,0,0,0,0,0,0,0
1990,36,1,0,0,0,0,804,3,50,0
1990,34,2,0,0,0,1,336,4,42,0
1990,39,2,3,1,0,0,547,1,40,0
1990,47,1,0,0,0,0,804,2,55,0
1990,47,2,0,0,0,0,276,3,40,0
1990,42,1,0,0,0,1,23,5,40,0
1990,41,2,0,0,0,1,337,5,40,0
1990,27,1,0,0,0,0,514,4,40,0
1990,26,2,0,0,0,1,95,5,43,0
1990,25,1,0,0,0,0,785,1,20,0
1990,28,2,0,0,0,0,769,1,20,0
1990,66,1,0,0,0,0,0,0,0,0
1990,58,2,0,0,0,0,744,1,0,0
1990,44,1,0,0,0,0,634,1,40,0
1990,43,2,0,0,0,1,95,5,45,0
1990,50,1,0,0,0,1,7,4,40,1
1990,49,2,0,0,0,1,0,0,0,0
1990,29,1,0,0,0,0,785,1,40,0
1990,24,2,0,0,0,1,25,4,40,0
1990,40,1,0,0,0,1,308,5,40,0
1990,45,2,0,0,0,0,313,0,40,0
1990,49,2,1,0,0,1,234,6,40,1
1990,43,1,1,0,0,1,373,4,35,0
1990,24,2,1,3,3,1,0,0,0,0
1990,52,1,0,0,0,1,178,5,40,1
1990,48,2,0,0,2,1,22,5,40,0
1990,22,2,1,0,0,1,164,5,40,0
1990,21,1,1,0,0,1,21,5,40,0
1990,21,1,1,0,0,1,436,3,0,0
1990,72,1,0,0,2,1,779,0,45,0
1990,61,2,0,0,3,1,0,0,0,0
1990,30,1,0,0,0,0,379,6,40,0
1990,35,2,0,3,3,0,406,4,50,0
1990,73,2,1,0,0,1,164,5,0,0
1990,52,2,0,0,0,1,336,6,0,0
1990,53,1,0,0,0,1,59,6,48,1
1990,23,2,3,0,0,1,774,4,40,0
1990,69,2,3,1,0,0,0,0,0,0
1990,36,2,1,1,0,1,229,2,40,0
1990,29,1,1,1,0,1,889,2,40,0
1990,64,1,0,0,0,0,0,0,0,0
1990,61,2,0,0,0,0,444,5,15,0
1990,39,1,2,0,0,0,453,5,40,0
1990,36,1,0,0,0,1,22,6,40,1
1990,36,2,0,0,0,1,64,6,24,0
1990,45,1,0,0,0,1,164,5,40,1
1990,42,2,0,0,0,1,164,5,37,0
1990,39,1,0,0,0,0,254,4,50,0
1990,30,2,0,0,0,1,337,5,30,0
1990,30,2,0,0,0,1,7,4,45,1
1990,31,1,0,0,0,1,259,3,35,1
1990,29,1,1,0,0,1,55,4,47,0
1990,38,1,1,0,0,1,26,5,60,1
1990,77,2,1,0,0,0,744,1,0,0
1990,39,1,0,2,1,0,534,0,40,0
1990,44,2,0,2,1,0,407,4,18,0
1990,24,1,1,2,1,0,453,4,0,0
1990,28,1,0,0,0,1,43,5,45,0
1990,28,2,0,0,0,1,178,5,50,1
1990,49,1,1,0,0,1,154,5,60,0
1990,39,1,1,0,2,1,166,6,36,1
1990,44,2,2,0,1,0,439,3,40,0
1990,18,1,1,0,1,0,443,3,25,0
1990,37,1,1,0,0,1,226,2,30,1
1990,31,2,2,0,0,1,65,6,55,0
1990,52,1,1,0,0,1,22,6,40,1
1990,35,2,1,0,0,1,305,5,45,0
1990,42,1,1,0,0,1,877,3,40,0
1990,34,2,0,2,1,0,449,4,40,0
1990,32,1,0,2,1,0,436,3,48,0
1990,55,1,2,0,0,0,436,3,50,0
1990,75,1,3,0,0,0,278,1,40,0
1990,76,1,2,0,0,0,0,0,0,0
1990,75,1,1,0,0,0,486,4,40,0
1990,60,2,1,0,2,1,65,2,25,0
1990,52,2,3,0,0,0,26,5,40,0
1990,38,1,0,0,0,0,243,3,48,0
1990,32,2,0,0,0,0,17,3,42,0
1990,67,2,3,0,0,0,436,3,10,0
1990,64,2,3,0,0,0,0,0,0,0
1990,33,1,2,0,2,0,269,3,48,0
1990,40,1,1,0,0,0,889,3,25,0
1990,22,1,1,0,0,1,543,1,40,0
1990,74,2,3,0,0,0,0,0,0,0
1990,30,1,1,2,1,0,558,0,40,0
1990,23,1,1,2,1,0,869,0,0,0
1990,39,2,1,2,1,0,453,4,0,0
1990,32,1,2,2,4,1,869,0,40,0
1990,22,1,1,0,2,0,348,2,40,0
1990,43,2,2,0,0,1,23,5,50,0
1990,41,2,3,0,2,1,384,5,46,0
1990,29,2,3,0,0,1,27,5,40,0
1990,43,2,2,1,0,1,5,6,40,0
1990,43,1,0,2,1,1,556,0,48,0
1990,40,2,0,0,0,1,313,4,6,0
1990,29,1,1,2,0,1,326,6,45,0
1990,28,1,1,0,0,1,259,3,75,0
1990,21,1,1,0,0,0,185,6,45,0
1990,27,1,0,1,0,1,364,6,40,0
1990,25,2,0,1,0,1,276,3,26,0
1990,38,2,1,0,0,1,22,6,40,0
1990,42,1,1,0,0,1,5,6,45,0
1990,79,2,2,1,0,1,447,5,16,0
1990,26,2,1,0,0,1,195,1,40,0
1990,68,2,3,0,0,0,337,2,0,0
1990,70,1,0,0,0,1,64,4,0,1
1990,58,2,0,0,0,1,254,4,36,0
1990,28,2,1,1,0,0,467,5,40,0
1990,45,1,0,0,0,0,453,6,40,0
1990,43,2,0,0,0,0,436,5,40,0
1990,19,1,1,0,0,0,479,0,40,0
1990,62,1,0,0,0,0,558,0,40,0
1990,63,2,0,0,0,0,0,0,0,0
1990,25,1,1,0,0,0,869,0,0,0
1990,58,2,3,0,0,0,0,0,0,0
1990,28,2,1,0,0,1,433,3,40,0
1990,29,1,1,0,0,1,64,4,40,0
1990,47,2,0,0,0,0,0,0,0,0
1990,51,1,0,0,0,1,558,0,40,1
1990,26,1,1,0,0,0,376,1,40,0
1990,18,1,1,0,0,1,357,1,30,0
1990,47,1,0,0,0,0,217,5,40,0
1990,41,2,0,0,0,0,799,3,32,0
1990,52,1,0,0,0,0,476,0,30,1
1990,46,2,0,0,0,1,0,0,0,0
1990,19,1,1,0,0,0,256,1,12,0
1990,25,1,0,0,0,1,55,1,40,0
1990,24,2,0,0,0,1,23,1,37,0
1990,31,1,0,0,0,0,518,1,44,0
1990,31,2,0,0,0,0,275,4,32,0
1990,29,1,2,0,0,1,883,2,40,0
1990,35,2,1,0,0,1,444,2,40,0
1990,40,1,0,0,0,1,22,4,55,1
1990,39,2,0,0,0,1,254,4,15,0
1990,79,2,0,0,0,0,0,0,0,0
1990,78,2,3,0,0,1,0,0,0,0
1990,42,1,0,0,0,1,255,4,40,1
1990,41,2,0,0,0,0,389,5,40,0
1990,19,1,1,0,0,0,486,3,40,0
1990,73,1,0,0,0,1,23,5,0,1
1990,67,2,0,0,2,0,0,0,0,0
1990,47,1,0,0,0,0,734,1,64,1
1990,42,2,0,0,0,1,64,6,40,0
1990,21,1,1,0,0,0,505,3,40,0
1990,47,1,0,0,0,0,473,0,50,0
1990,38,2,0,0,0,1,383,4,38,0
1990,55,2,3,0,0,1,17,4,40,0
1990,52,1,0,0,0,1,22,1,40,1
1990,42,2,0,0,3,0,0,0,0,0
1990,18,2,1,0,0,1,435,3,11,0
1990,40,1,0,0,0,1,22,2,55,1
1990,36,2,0,0,0,1,22,4,20,0
1990,37,1,0,0,0,1,503,2,50,0
1990,37,2,0,0,0,1,256,3,0,0
1990,47,1,0,0,0,1,16,2,40,1
1990,47,2,0,0,0,1,208,5,32,0
1990,18,1,1,0,0,0,274,3,20,0
1990,19,2,1,0,0,1,439,5,40,0
1990,43,1,0,0,2,1,503,3,45,1
1990,29,2,0,0,0,0,723,3,45,0
1990,26,2,0,0,0,0,318,4,40,0
1990,27,1,0,0,0,1,25,3,40,0
1990,46,1,0,0,0,1,156,5,40,0
1990,46,2,0,0,0,1,313,5,40,0
1990,30,1,0,0,0,1,55,4,44,0
1990,29,2,0,0,0,1,877,3,0,0
1990,47,1,0,0,0,1,804,3,40,0
1990,46,2,0,3,3,1,17,3,75,0
1990,22,1,1,3,3,1,463,2,32,0
1990,19,2,1,3,3,1,364,2,20,0
1990,18,2,1,3,3,1,17,3,20,0
1990,29,2,1,0,0,0,373,3,48,0
1990,28,2,1,0,0,0,458,4,48,0
1990,44,1,0,0,0,1,253,4,50,0
1990,47,2,0,0,0,1,106,5,40,0
1990,25,1,1,0,0,0,804,4,40,0
1990,45,1,0,0,0,1,22,4,45,1
1990,43,2,0,0,0,1,174,5,40,0
1990,45,1,0,0,0,1,156,5,40,0
1990,45,2,0,0,0,1,156,5,40,0
1990,34,1,1,0,0,0,22,0,30,0
1990,42,1,2,0,0,1,22,0,42,0
1990,35,2,1,0,0,1,435,4,35,0
1990,34,2,1,0,0,1,5,6,40,0
1990,31,1,1,2,0,0,486,2,40,0
1990,31,2,2,0,0,0,307,1,40,0
1990,19,1,3,0,0,0,243,3,60,0
1990,34,1,0,0,0,0,17,3,60,0
1990,34,2,0,0,0,0,276,4,30,0
1990,37,1,0,0,0,1,43,0,40,0
1990,30,2,0,0,0,1,22,5,50,0
1990,48,1,0,0,0,1,779,6,40,0
1990,55,2,0,0,0,0,303,6,40,0
1990,21,2,1,0,0,0,313,5,40,0
1990,18,2,1,0,0,0,313,5,15,0
1990,39,2,0,0,0,1,303,4,40,0
1990,41,1,0,0,0,1,53,5,40,1
1990,36,1,0,0,0,0,869,0,40,0
1990,26,2,0,0,0,0,0,0,0,0
1990,36,1,0,1,0,0,365,6,40,0
1990,37,2,0,3,3,0,877,4,70,0
1990,19,2,1,3,3,0,276,3,16,0
1990,18,1,1,3,3,0,453,3,12,0
1990,40,1,0,0,0,1,156,5,50,0
1990,40,2,0,0,0,1,204,5,15,0
1990,39,1,0,0,0,1,156,5,65,0
1990,37,2,0,0,0,1,159,6,0,0
1990,24,1,0,1,0,0,804,6,40,0
1990,27,2,0,1,0,1,447,5,40,0
1990,47,1,0,1,0,1,22,2,50,1
1990,48,2,0,1,0,1,378,5,32,0
1990,22,2,1,1,0,1,174,5,40,0
1990,18,2,1,1,0,0,0,0,0,0
1990,47,2,2,0,0,0,313,5,40,0
1990,22,2,1,0,0,1,313,4,20,0
1990,59,1,0,0,0,1,777,3,40,1
1990,58,2,0,0,0,0,0,0,0,0
1990,34,1,1,3,3,1,254,4,45,0
1990,30,1,1,3,0,1,5,6,40,0
1990,43,1,0,0,0,1,22,6,50,0
1990,43,2,0,0,0,0,444,3,4,0
1990,19,2,1,0,0,0,0,0,0,0
1990,24,2,1,1,0,1,389,6,25,0
1990,25,1,1,1,0,1,22,2,40,0
1990,33,1,0,0,2,1,22,1,50,1
1990,29,2,0,0,2,0,0,0,0,0
1990,48,1,0,0,0,1,5,6,40,0
1990,38,2,0,0,0,1,229,6,60,0
1990,50,1,0,0,0,0,22,0,50,1
1990,48,2,0,0,0,0,379,2,40,0
1990,26,1,1,0,0,1,275,5,50,0
1990,34,1,1,0,0,1,7,2,40,0
1990,24,1,1,0,0,1,176,5,0,0
1990,28,1,1,0,0,1,558,0,50,0
1990,66,2,0,0,0,0,0,0,0,0
1990,65,1,0,0,0,0,35,6,0,0
1990,66,2,0,0,0,1,37,6,37,0
1990,27,1,0,0,0,0,585,0,40,0
1990,21,2,0,0,0,0,25,6,30,0
1990,24,2,1,0,0,1,27,4,45,0
1990,26,1,2,0,2,1,229,3,47,0
1990,31,1,0,0,0,0,869,0,40,0
1990,33,2,0,0,0,0,0,0,0,0
1990,59,1,2,1,0,0,22,5,0,0
1990,29,1,0,0,0,1,22,2,60,0
1990,31,2,0,0,0,0,0,0,0,0
1990,22,1,1,0,0,1,534,0,50,0
1990,25,2,3,3,0,0,0,0,0,0
1990,50,1,0,0,0,1,215,5,40,0
1990,49,2,0,0,0,0,313,5,37,0
1990,32,1,0,0,1,1,27,6,40,0
1990,30,2,0,0,0,0,164,5,40,0
1990,25,1,0,0,2,1,575,0,40,0
1990,23,2,0,0,0,1,308,3,40,0
1990,40,1,0,1,0,1,777,1,40,0
1990,42,2,0,1,0,1,25,6,40,0
1990,50,2,2,0,0,0,159,5,32,0
1990,30,1,0,0,0,1,23,1,50,0
1990,29,2,0,0,0,1,373,3,0,0
1990,32,1,1,0,0,1,538,4,43,0
1990,35,1,0,0,0,1,59,3,40,0
1990,32,2,0,0,0,0,466,5,70,0
1990,36,1,2,0,0,0,356,2,45,0
1990,27,2,3,0,0,0,804,2,40,0
1990,48,1,3,0,2,1,243,3,45,0
1990,63,1,0,0,0,0,628,2,40,0
1990,62,2,0,0,0,0,443,5,0,0
1990,35,1,1,0,0,0,368,3,48,0
1990,24,1,1,0,0,1,17,3,50,0
1990,20,1,1,0,0,1,435,3,40,0
1990,42,2,2,1,0,1,313,6,40,0
1990,20,2,1,1,0,1,274,3,16,0
1990,20,1,1,1,0,1,469,3,40,0
1990,66,1,0,0,0,0,516,0,0,0
1990,58,2,0,0,0,0,453,4,20,0
1990,41,2,0,0,0,1,167,5,40,0
1990,38,1,0,0,0,1,178,6,40,0
1990,40,1,0,0,0,1,69,6,60,0
1990,39,2,0,0,0,1,14,5,40,0
1990,30,1,0,0,0,1,525,1,40,0
1990,30,2,0,0,0,1,259,1,40,0
1990,31,1,0,1,0,1,22,6,40,0
1990,37,2,0,1,0,1,22,6,40,0
1990,30,1,0,0,0,0,869,0,40,0
1990,27,2,0,0,0,0,313,6,40,0
1990,38,1,0,0,0,0,534,3,40,0
1990,36,2,0,0,0,0,155,5,25,0
1990,20,1,1,0,0,0,774,4,40,0
1990,41,1,0,0,0,1,243,3,55,0
1990,39,2,0,0,0,1,327,2,40,0
1990,31,1,0,0,0,1,904,6,36,0
1990,33,2,0,0,0,1,328,3,0,0
1990,50,1,0,3,3,1,444,3,40,0
1990,50,2,0,3,3,1,444,3,40,0
1990,25,1,1,3,3,1,159,4,25,0
1990,24,2,1,3,3,1,444,3,40,0
1990,21,2,1,3,3,0,444,3,40,0
1990,20,2,1,3,3,0,276,3,50,0
1990,19,1,1,3,3,0,436,3,20,0
1990,26,1,1,0,0,1,505,4,55,0
1990,39,1,1,0,0,1,337,6,40,0
1990,64,2,2,0,0,0,9,2,0,0
1990,59,1,0,0,0,0,214,4,40,1
1990,53,2,0,0,0,0,337,6,37,0
1990,32,1,3,0,0,0,804,2,55,0
1990,24,1,1,0,0,0,804,2,45,0
1990,52,1,0,0,0,0,734,1,55,0
1990,51,2,0,0,0,1,467,5,40,0
1990,41,1,0,0,0,0,589,0,40,0
1990,34,2,0,0,2,0,264,3,0,0
1990,53,1,0,0,1,1,243,3,84,0
1990,58,2,0,0,2,0,379,4,40,0
1990,35,1,2,0,0,0,555,0,25,0
1990,54,1,0,0,0,0,22,4,40,1
1990,49,2,0,0,0,0,208,5,0,0
1990,22,2,1,0,0,1,737,5,40,0
1990,18,1,1,0,0,0,276,3,12,0
1990,78,2,3,0,0,0,0,0,0,0
1990,34,2,0,0,0,1,203,5,40,0
1990,46,1,0,0,0,0,357,5,40,0
1990,30,2,3,0,0,0,203,5,40,0
1990,21,1,0,0,0,0,866,0,30,0
1990,18,2,0,0,0,0,275,4,25,0
1990,25,1,0,0,0,0,866,0,35,0
1990,30,1,1,0,0,0,389,4,40,0
1990,38,1,0,0,0,1,55,4,44,1
1990,38,2,0,0,0,1,379,6,15,0
1990,29,1,0,0,0,0,364,1,40,0
1990,39,2,0,0,0,0,363,1,45,0
1990,25,1,1,0,0,1,5,6,40,0
1990,27,2,1,0,0,1,37,6,42,0
1990,35,1,0,0,0,1,903,6,16,0
1990,32,2,0,0,0,1,376,4,40,0
1990,23,1,1,0,1,0,436,3,30,0
1990,27,2,1,0,1,0,443,3,40,0
1990,26,1,1,0,1,0,804,0,30,0
1990,37,1,1,1,0,0,379,5,35,0
1990,31,2,1,1,0,1,313,5,40,0
1990,49,2,3,0,2,1,243,3,60,0
1990,35,1,0,0,0,1,904,6,43,1
1990,36,2,0,0,0,1,904,6,40,0
1990,28,2,3,0,0,1,406,4,40,0
1990,33,1,3,0,0,1,418,6,40,0
1990,75,2,3,0,0,0,0,0,0,0
1990,69,1,0,0,0,1,426,4,35,0
1990,64,2,0,0,0,1,257,5,6,0
1990,66,2,2,0,0,1,174,5,35,0
1990,30,2,1,0,0,1,319,4,38,0
1990,47,2,2,0,0,1,313,4,40,0
1990,25,1,0,0,0,0,243,3,43,0
1990,21,2,0,0,0,1,313,5,25,0
1990,30,1,0,0,4,1,17,3,70,0
1990,32,2,0,0,0,1,229,4,40,0
1990,27,2,1,0,0,1,313,2,40,0
1990,24,2,1,0,0,1,23,0,37,0
1990,56,1,0,3,3,1,64,4,40,1
1990,55,2,0,3,3,1,26,5,40,0
1990,58,2,2,0,0,1,0,0,0,0
1990,33,1,1,0,0,1,809,2,50,0
1990,51,1,2,0,0,1,254,4,40,1
1990,33,2,1,0,0,1,22,4,40,0
1990,30,2,1,0,0,1,156,5,50,0
1990,72,1,0,0,0,1,59,6,0,0
1990,73,2,0,0,0,1,0,0,0,0
1990,44,2,0,0,0,1,65,5,40,0
1990,54,1,0,0,0,1,5,6,40,1
1990,25,1,1,1,0,0,809,2,40,0
1990,22,2,1,0,0,1,197,5,40,0
1990,22,1,1,0,0,1,23,4,40,0
1990,40,1,0,0,0,1,178,5,50,1
1990,34,2,0,0,2,1,103,5,40,0
1990,36,1,0,0,0,1,18,4,40,0
1990,38,2,0,0,0,1,178,6,40,1
1990,43,2,1,0,0,1,73,5,35,0
1990,34,2,3,1,0,1,379,6,40,0
1990,34,1,0,0,1,0,436,3,40,0
1990,32,2,0,0,1,0,744,1,40,0
1990,20,1,1,0,4,1,436,3,40,0
1990,18,1,1,0,1,0,436,3,0,0
1990,46,1,1,0,1,0,453,4,0,0
1990,40,1,1,0,0,1,5,6,50,1
1990,68,2,3,0,0,0,276,3,0,0
1990,35,1,0,0,3,1,65,4,40,1
1990,30,2,0,0,0,1,64,5,40,0
1990,29,2,1,0,0,1,259,3,40,0
1990,29,2,1,0,0,1,195,1,45,0
1990,44,1,2,0,0,1,154,5,40,1
1990,67,2,2,0,0,0,0,0,0,0
1990,36,2,3,0,0,1,7,5,40,0
1990,24,1,1,0,0,1,183,6,50,0
1990,24,1,1,0,0,1,234,6,50,0
1990,33,2,1,1,0,1,276,6,35,0
1990,57,1,3,0,0,1,195,4,40,1
1990,38,2,2,0,0,1,185,4,40,0
1990,39,2,1,0,0,1,95,5,40,1
1990,39,1,1,0,0,1,13,4,40,1
1990,58,2,2,0,0,1,197,6,50,1
1990,41,1,0,0,0,1,637,1,0,0
1990,50,2,0,0,0,1,16,2,40,0
1990,28,1,3,0,0,1,573,0,40,0
1990,24,2,0,0,0,0,0,0,0,0
1990,31,1,3,0,0,1,573,0,40,0
1990,26,1,0,0,0,1,0,0,0,0
1990,21,1,1,0,0,1,315,6,0,0
1990,64,2,3,0,0,0,436,5,30,0
1990,27,2,1,0,0,0,313,0,0,0
1990,44,2,3,0,0,0,385,5,40,0
1990,25,2,1,1,0,0,0,0,0,0
1990,28,1,1,1,0,1,869,0,0,0
1990,19,1,1,1,0,0,463,2,0,0
1990,23,2,1,0,0,1,23,5,50,0
1990,23,2,1,0,0,1,22,6,45,0
1990,23,2,1,0,0,1,59,5,30,0
1990,56,1,0,0,0,1,22,4,50,1
1990,53,2,0,0,0,0,274,3,20,0
1990,27,2,1,0,0,1,27,2,45,0
1990,42,1,0,0,0,1,69,5,55,1
1990,47,2,0,0,0,1,156,5,30,0
1990,46,1,0,0,0,1,22,4,70,1
1990,41,2,0,0,0,1,178,6,50,1
1990,20,1,1,0,0,1,505,3,30,0
1990,21,2,1,0,0,0,466,5,40,0
1990,34,1,3,0,0,1,243,3,45,0
1990,27,1,1,0,0,1,276,3,45,0
1990,50,1,0,0,0,1,25,0,40,1
1990,40,2,0,0,0,1,0,0,0,0
1990,30,1,0,0,4,1,17,3,65,0
1990,31,2,0,0,2,1,37,5,0,0
1990,55,1,0,0,0,1,79,6,40,1
1990,55,2,0,0,0,0,0,0,0,0
1990,29,1,0,0,0,1,22,1,50,1
1990,30,2,0,0,0,1,163,5,6,0
1990,48,1,0,0,0,1,426,6,40,0
1990,45,2,0,0,1,1,22,4,40,0
1990,19,1,1,0,0,0,348,6,50,0
1990,20,1,1,0,0,0,348,6,50,0
1990,57,1,0,0,0,1,164,6,40,1
1990,57,2,0,0,0,0,447,5,24,0
1990,44,1,3,0,0,1,628,1,55,1
1990,32,2,3,0,0,0,276,3,20,0
1990,29,2,3,0,0,0,355,2,40,0
1990,52,1,0,0,0,1,78,5,50,1
1990,46,2,0,0,0,1,274,3,32,0
1990,48,2,3,1,0,0,463,2,39,0
1990,20,2,1,1,0,0,808,5,25,0
1990,27,1,0,1,0,0,345,4,40,0
1990,25,2,0,1,0,0,276,3,40,0
1990,22,1,1,1,0,1,337,6,40,0
1990,33,1,0,3,3,1,243,4,50,0
1990,33,2,0,3,3,0,747,4,45,0
1990,49,1,0,0,0,1,22,6,55,1
1990,43,2,0,0,0,1,264,3,30,0
1990,18,1,1,0,0,0,276,3,10,0
1990,50,1,0,0,0,1,33,6,40,0
1990,46,2,0,0,0,1,376,6,40,0
1990,40,1,0,0,0,1,22,2,45,1
1990,39,2,0,0,0,1,0,0,0,0
1990,43,1,0,0,0,0,877,3,40,0
1990,35,2,0,0,0,0,389,6,40,0
1990,51,1,0,0,0,1,22,3,50,1
1990,50,2,0,0,0,1,15,5,24,0
1990,42,1,0,0,0,1,567,0,45,0
1990,37,2,0,0,0,0,22,4,0,0
1990,21,2,1,0,0,1,379,2,40,0
1990,24,1,1,1,0,1,259,3,40,0
1990,44,1,0,0,0,1,36,6,60,1
1990,37,2,0,0,0,1,243,3,20,0
1990,44,1,0,0,0,0,22,4,60,1
1990,42,2,0,0,0,0,243,3,40,1
1990,58,2,2,0,0,0,447,4,24,0
1990,47,2,3,0,0,1,254,4,50,1
1990,23,1,1,0,0,1,319,2,40,0
1990,47,1,0,0,0,1,9,5,40,0
1990,47,2,0,0,0,1,27,6,45,1
1990,21,2,1,0,0,1,264,3,60,0
1990,33,1,0,0,0,1,84,5,40,1
1990,34,2,0,0,0,1,154,5,40,0
1990,34,2,1,3,3,1,253,4,40,0
1990,40,1,3,3,3,1,217,5,40,0
1990,72,2,3,3,3,1,0,0,0,0
1990,36,1,0,0,0,1,178,5,50,1
1990,34,2,0,0,0,1,159,5,3,0
1990,27,1,1,0,0,1,22,1,40,0
1990,51,1,0,0,0,1,22,5,45,1
1990,49,2,0,0,0,1,22,5,25,0
1990,66,1,0,3,3,1,159,6,40,1
1990,61,2,0,3,3,0,666,4,40,0
1990,30,1,1,0,0,1,229,2,40,0
1990,28,2,1,0,0,1,184,5,42,0
1990,54,1,2,0,0,0,22,0,40,0
1990,47,2,0,0,0,1,254,4,60,1
1990,36,1,0,0,0,1,243,4,40,1
1990,33,1,2,0,0,1,547,6,60,0
1990,55,1,0,0,0,1,26,5,55,1
1990,51,2,0,0,0,1,21,5,30,0
1990,26,2,1,0,0,1,23,4,40,0
1990,22,2,1,0,0,1,8,5,40,0
1990,67,2,3,0,0,0,0,0,0,0
1990,69,1,0,0,0,1,379,6,0,1
1990,74,2,0,0,0,1,0,0,0,0
1990,73,1,0,0,0,1,0,0,0,1
1990,71,2,0,0,0,0,0,0,0,0
1990,67,1,0,0,0,1,18,4,20,0
1990,70,2,0,0,0,1,163,5,0,0
1990,40,1,0,0,0,1,277,5,50,1
1990,39,2,0,0,0,1,467,3,0,0
1990,32,1,0,0,0,1,22,1,50,1
1990,33,2,0,0,0,1,185,4,40,0
1990,40,2,2,0,0,1,25,6,50,1
1990,26,2,1,2,1,0,407,4,40,0
1990,74,1,3,0,0,0,0,0,0,0
1990,36,1,0,0,0,1,414,6,40,0
1990,33,2,0,0,0,1,327,3,40,0
1990,38,2,2,0,0,1,348,6,50,0
1990,50,1,0,0,0,1,22,6,40,0
1990,50,2,0,0,0,1,687,3,0,0
1990,64,1,0,0,0,1,276,6,48,0
1990,48,2,0,0,0,0,313,5,40,0
1990,21,2,1,0,0,1,243,3,45,0
1990,19,1,1,0,0,0,453,4,45,0
1990,51,1,0,0,0,1,65,6,40,1
1990,48,2,0,0,0,1,313,5,20,0
1990,47,1,0,0,0,1,905,6,50,1
1990,42,2,0,0,0,1,155,5,12,0
1990,43,1,0,0,0,1,22,6,40,1
1990,42,2,0,0,0,1,26,5,25,0
1990,33,1,1,0,0,0,869,0,48,1
1990,38,1,1,0,0,0,779,2,40,0
1990,78,2,3,0,0,0,276,3,40,0
1990,46,1,0,3,3,0,453,4,48,0
1990,38,2,0,3,3,0,453,4,0,0
1990,30,1,1,3,3,0,567,0,60,0
1990,49,2,3,0,0,1,379,3,40,0
1990,52,1,3,0,0,1,22,2,40,1
1990,26,1,0,0,0,0,565,0,36,1
1990,23,2,0,0,0,0,268,3,40,0
1990,63,2,3,0,0,0,356,4,45,0
1990,35,1,1,0,0,0,563,0,40,0
1990,26,2,1,0,0,1,485,0,55,0
1990,32,1,2,0,0,1,5,6,45,0
1990,28,1,2,0,0,1,243,3,40,0
1990,53,2,2,0,0,0,313,6,43,0
1990,24,1,1,0,0,1,23,1,40,0
1990,46,1,0,0,0,1,5,6,48,1
1990,44,2,0,0,0,1,154,5,48,0
1990,47,1,3,0,0,1,65,1,40,1
1990,44,2,2,0,0,0,313,6,44,0
1990,24,1,0,1,0,1,426,4,40,0
1990,29,2,0,1,0,1,235,6,40,0
1990,26,2,1,1,0,0,313,3,40,0
1990,40,1,0,0,1,0,567,0,0,0
1990,40,2,0,0,1,0,436,3,40,0
1990,20,2,1,0,1,0,276,3,40,0
1990,62,1,0,1,0,0,808,5,40,0
1990,71,2,0,1,0,0,466,5,7,0
1990,42,1,0,1,0,1,696,5,40,0
1990,43,2,0,1,0,0,877,3,40,0
1990,63,2,3,1,0,0,407,4,40,0
1990,43,1,0,1,0,0,849,0,40,0
1990,40,2,0,1,0,0,26,6,40,0
1990,24,1,1,0,0,0,243,3,60,0
1990,25,1,0,0,0,1,418,6,60,0
1990,22,2,0,0,0,0,385,4,40,0
1990,22,1,1,0,0,1,234,6,40,0
1990,24,1,1,0,0,1,234,6,45,0
1990,24,1,1,0,0,1,37,5,40,0
1990,23,1,1,0,0,1,277,5,12,0
1990,25,1,1,0,0,1,21,5,50,0
1990,65,2,0,0,0,0,0,0,0,0
1990,38,1,2,0,0,1,418,6,40,0
1990,59,2,3,0,0,0,686,3,0,0
1990,59,1,0,0,0,1,59,6,45,1
1990,60,2,0,0,0,0,0,0,0,0
1990,47,1,0,0,0,1,25,6,50,1
1990,46,2,0,0,0,1,164,5,50,0
1990,42,1,0,0,3,1,243,3,20,0
1990,44,2,0,0,3,1,85,5,40,1
1990,69,2,3,0,3,0,0,0,0,0
1990,41,2,1,0,3,1,445,5,10,0
1990,31,1,0,0,0,1,256,4,60,0
1990,33,2,0,0,0,1,13,4,60,0
1990,43,1,0,3,3,1,418,6,50,0
1990,33,2,0,3,3,0,0,0,0,0
1990,42,1,0,0,0,1,8,6,40,1
1990,39,2,0,0,0,1,254,4,50,0
1990,25,2,1,1,0,1,64,6,40,0
1990,39,1,0,0,0,1,23,6,40,0
1990,40,2,0,0,3,1,156,5,37,0
1990,18,2,1,0,0,0,406,4,30,0
1990,63,1,0,0,2,0,5,6,40,1
1990,51,2,0,0,0,1,5,6,48,0
1990,18,2,1,0,0,1,274,3,16,0
1990,42,1,0,1,0,1,64,4,40,1
1990,43,2,0,1,0,1,157,5,40,0
1990,23,2,1,1,0,1,365,3,40,0
1990,34,1,0,0,0,1,22,4,65,0
1990,30,2,0,0,0,1,95,5,40,0
1990,31,1,0,0,3,1,229,4,40,0
1990,32,2,0,1,0,1,22,1,40,0
1990,49,1,0,0,0,1,188,5,50,1
1990,45,2,0,0,0,0,365,5,0,0
1990,20,2,1,0,0,0,406,4,45,0
1990,22,1,1,0,0,1,376,4,30,0
1990,21,2,1,0,0,1,435,3,40,0
1990,57,1,0,0,0,0,43,0,50,0
1990,51,2,0,0,0,1,254,4,55,0
1990,45,1,0,0,0,1,22,2,45,1
1990,41,2,0,0,0,1,104,5,40,0
1990,46,2,0,0,0,1,343,3,40,0
1990,49,1,0,0,0,1,877,3,45,0
1990,47,2,2,1,0,1,257,2,40,0
1990,47,1,0,3,3,1,13,4,40,0
1990,43,2,0,3,3,1,55,5,40,1
1990,34,1,0,0,0,1,7,1,52,1
1990,34,2,0,0,0,1,0,0,0,0
1990,39,1,0,0,0,1,22,5,45,1
1990,39,2,0,0,0,1,0,0,0,0
1990,54,1,0,0,0,1,166,0,40,0
1990,53,2,0,0,0,1,337,0,40,0
1990,42,1,2,0,0,1,243,3,40,0
1990,38,2,2,0,0,1,458,4,0,0
1990,37,1,0,0,0,1,259,1,40,1
1990,36,2,0,0,0,1,27,6,42,0
1990,38,1,0,0,0,0,558,0,60,1
1990,36,2,0,0,0,1,243,3,40,0
1990,61,1,0,0,0,1,53,0,40,0
1990,58,2,0,0,0,1,0,0,0,0
1990,44,1,0,0,0,1,904,6,40,1
1990,44,2,0,0,0,1,8,6,40,0
1990,26,1,0,0,0,1,23,6,40,0
1990,26,2,0,0,0,1,313,5,40,0
1990,37,1,0,0,0,1,23,6,40,0
1990,38,2,0,0,0,1,95,5,40,1
1990,36,1,0,0,0,1,389,4,42,1
1990,36,2,0,0,0,1,154,5,45,1
1990,47,1,3,0,0,1,5,6,50,1
1990,18,2,1,0,0,0,347,5,20,0
1990,37,2,0,0,0,1,314,6,40,1
1990,43,1,0,0,0,1,5,6,40,0
1990,28,1,0,0,0,1,254,4,50,0
1990,27,2,0,0,0,1,13,4,45,0
1990,68,1,0,0,0,1,523,5,0,0
1990,60,2,0,0,0,1,0,0,0,0
1990,41,1,0,0,0,1,96,3,42,0
1990,43,2,0,0,0,1,155,5,16,0
1990,42,1,0,0,0,1,276,3,40,1
1990,35,2,0,0,0,1,37,1,5,0
1990,69,1,0,0,0,1,183,5,8,1
1990,65,2,0,0,0,1,0,0,0,0
1990,39,1,0,1,0,1,523,3,80,0
1990,39,2,0,1,0,0,65,5,80,0
1990,20,1,1,1,0,1,337,5,40,0
1990,43,1,0,3,3,0,243,3,50,0
1990,40,2,0,3,3,0,276,3,30,0
1990,48,1,0,0,0,1,903,6,60,1
1990,47,2,0,0,0,1,0,0,0,0
1990,47,2,3,1,0,1,95,5,50,0
1990,20,2,1,1,0,1,319,4,35,0
1990,56,1,2,0,0,0,503,2,40,1
1990,40,2,0,1,0,1,22,5,40,0
1990,51,1,0,1,0,1,21,5,40,0
1990,71,1,0,0,0,0,0,0,0,0
1990,64,2,0,0,0,0,0,0,0,0
1990,41,1,0,0,0,1,189,5,68,0
1990,40,2,0,0,0,1,22,3,40,0
1990,69,1,0,0,0,1,156,5,35,1
1990,76,2,0,0,0,1,0,0,0,0
1990,37,2,1,0,0,1,33,6,40,0
1990,34,2,1,0,0,1,22,6,40,0
1990,48,2,1,0,0,1,0,0,0,0
1990,24,1,0,0,0,1,218,0,40,0
1990,25,2,0,0,0,1,337,5,40,0
1990,46,1,0,0,0,1,22,4,40,1
1990,46,2,0,0,0,1,174,1,20,0
1990,54,2,3,3,3,1,744,1,0,1
1990,27,1,1,3,3,1,65,4,45,0
1990,51,1,0,0,0,1,27,6,40,0
1990,52,2,0,0,2,1,0,0,0,0
1990,46,1,0,3,3,1,56,3,40,0
1990,42,2,0,3,3,0,683,1,40,0
1990,63,1,0,0,0,1,26,5,10,1
1990,62,2,0,0,0,1,0,0,0,0
1990,46,2,2,0,0,1,5,6,40,0
1990,44,1,0,3,3,1,166,4,0,0
1990,41,2,0,3,3,1,0,0,0,0
1990,68,1,0,0,0,1,178,6,0,0
1990,68,2,0,0,0,1,386,6,0,0
1990,35,1,2,0,0,0,567,0,40,0
1990,19,1,1,0,0,1,804,1,40,0
1990,24,2,1,0,0,0,585,0,36,0
1990,47,1,0,0,0,1,303,6,0,0
1990,44,2,0,0,0,1,319,5,35,0
1990,55,1,0,0,0,1,13,1,40,1
1990,55,2,0,0,0,0,313,5,40,0
1990,52,1,0,0,0,0,448,2,42,0
1990,49,2,0,0,0,1,266,3,30,0
1990,24,1,1,0,0,1,804,3,40,0
1990,19,1,1,0,0,1,243,3,30,0
1990,56,1,0,1,4,1,166,4,55,1
1990,54,2,0,1,0,1,0,0,0,0
1990,23,2,1,1,4,1,276,3,40,0
1990,21,1,1,1,4,1,364,2,30,0
1990,20,1,1,1,4,1,855,0,40,0
1990,50,2,3,0,0,0,163,5,60,0
1990,33,1,0,0,2,1,22,3,40,0
1990,30,2,0,3,0,1,243,3,40,0
1990,43,1,0,0,0,1,84,5,75,1
1990,39,2,0,0,0,1,84,5,50,1
1990,43,1,3,0,0,1,53,0,53,1
1990,48,2,2,0,0,1,257,4,40,0
1990,35,1,0,0,1,0,389,5,40,0
1990,35,2,0,0,1,1,274,3,16,0
1990,34,1,0,1,0,0,588,0,35,0
1990,40,2,0,0,0,0,5,6,40,0
1990,19,1,1,0,0,1,379,4,15,0
1990,47,1,0,3,3,1,243,3,65,0
1990,45,2,0,3,3,0,274,3,48,0
1990,22,2,1,3,3,1,274,3,8,0
1990,21,1,1,3,3,1,0,0,0,0
1990,19,2,1,3,3,0,276,1,4,0
1990,18,1,1,3,3,0,0,0,0,0
1990,45,1,0,0,0,1,5,6,40,0
1990,44,2,0,0,0,1,337,4,40,0
1990,41,1,0,0,4,1,5,6,40,1
1990,37,2,0,0,0,1,157,5,40,0
1990,24,1,1,0,0,1,375,4,37,0
1990,25,1,1,0,0,1,327,2,40,0
1990,66,1,0,0,0,0,677,1,40,0
1990,64,2,0,0,0,0,0,0,0,0
1990,77,2,3,0,2,0,0,0,0,0
1990,34,1,0,0,0,1,22,5,50,1
1990,34,2,0,0,0,1,156,5,0,0
1990,36,2,1,0,0,1,95,5,35,0
1990,72,2,1,0,0,0,0,0,0,0
1990,67,1,0,0,0,1,0,0,0,0
1990,74,2,0,0,0,1,0,0,0,0
1990,40,2,1,3,3,0,0,0,0,0
1990,23,1,1,2,1,0,533,0,40,0
1990,22,1,1,2,1,0,534,0,40,0
1990,22,2,1,2,1,0,407,4,25,0
1990,24,2,1,2,1,1,449,4,40,0
1990,34,1,1,2,1,0,866,0,40,0
1990,35,1,1,2,1,0,889,2,0,0
1990,60,1,0,0,0,1,22,5,0,0
1990,59,2,0,0,0,1,179,6,16,0
1990,64,1,0,0,0,1,303,6,40,1
1990,47,2,0,0,0,1,37,6,40,0
1990,21,1,1,0,0,1,159,5,16,0
1990,18,1,1,0,0,0,427,5,12,0
1990,73,2,3,0,0,1,0,0,0,0
1990,41,1,0,0,0,1,53,5,50,0
1990,41,2,0,0,0,1,5,6,40,0
1990,37,2,3,0,0,1,313,6,40,0
1990,69,2,3,0,0,1,313,5,44,0
1990,27,1,0,0,0,1,22,0,50,0
1990,26,2,0,0,0,1,313,0,40,0
1990,58,1,0,3,3,1,275,4,50,0
1990,51,2,0,3,3,1,667,4,60,0
1990,39,1,0,1,0,1,178,5,40,0
1990,35,2,0,1,4,1,7,4,40,0
1990,27,1,3,1,0,1,243,3,40,0
1990,29,2,3,2,0,0,23,5,40,0
1990,66,2,1,0,0,1,0,0,0,0
1990,61,2,1,0,0,1,318,2,40,0
1990,45,1,2,0,2,1,5,6,40,0
1990,30,2,3,3,3,0,8,4,40,0
1990,59,2,1,0,0,0,313,4,20,0
1990,29,1,2,0,0,1,22,0,45,0
1990,70,1,0,0,0,0,0,0,0,0
1990,70,2,0,0,2,0,0,0,0,0
1990,63,1,0,0,0,1,254,4,0,0
1990,60,2,0,0,0,1,313,5,0,0
1990,53,1,0,0,0,1,558,0,0,0
1990,54,2,0,0,0,0,313,1,50,0
1990,74,1,0,0,0,1,5,6,40,1
1990,79,2,0,0,0,1,243,3,44,1
1990,39,1,0,0,4,1,5,6,40,0
1990,37,2,0,0,4,1,197,6,40,0
1990,19,2,1,0,4,0,466,5,15,0
1990,47,1,0,0,0,0,22,0,50,1
1990,27,2,0,0,0,1,22,0,40,0
1990,39,2,1,1,0,1,549,6,40,0
1990,24,1,1,1,0,0,418,6,40,0
1990,33,1,2,0,0,1,77,0,46,0
1990,43,2,2,0,0,1,156,5,42,0
1990,43,1,2,0,0,1,486,0,46,1
1990,27,1,1,0,0,0,308,4,40,0
1990,37,1,0,0,2,0,628,3,40,0
1990,37,2,0,0,0,0,155,5,0,0
1990,24,1,1,0,3,1,0,0,0,0
1990,25,2,1,3,3,1,83,1,40,0
1990,24,1,1,0,4,0,869,0,40,0
1990,37,2,2,0,0,1,464,2,40,0
1990,47,1,1,3,3,1,17,3,40,0
1990,34,1,1,3,3,1,17,3,40,0
1990,36,2,2,1,4,0,469,4,0,0
1990,43,1,0,0,2,0,405,4,40,0
1990,31,2,0,0,2,0,0,0,0,0
1990,58,1,0,0,0,1,37,5,30,0
1990,67,2,0,0,0,0,0,0,0,0
1990,42,1,0,0,0,1,53,0,45,1
1990,42,2,0,0,0,1,903,6,45,0
1990,51,1,0,0,2,0,276,6,40,1
1990,47,2,0,0,2,0,0,0,0,0
1990,26,1,1,0,2,1,57,0,40,0
1990,24,1,1,0,0,1,253,4,40,0
1990,25,1,1,0,0,1,229,4,45,0
1990,33,2,0,0,2,1,76,0,40,0
1990,32,1,0,0,0,1,354,2,40,0
1990,51,1,0,0,0,1,22,3,60,1
1990,46,2,0,0,0,1,433,3,60,0
1990,43,2,0,0,0,1,167,5,32,1
1990,51,1,0,0,0,1,257,5,30,1
1990,58,1,0,0,2,1,163,4,50,1
1990,48,2,0,0,0,1,274,3,0,0
1990,67,1,0,0,0,1,166,6,0,0
1990,62,2,0,0,0,0,0,0,0,0
1990,34,1,0,0,2,1,733,0,40,0
1990,33,2,0,0,3,1,404,4,40,0
1990,54,1,1,0,1,1,8,4,50,1
1990,59,2,1,0,0,1,195,6,24,0
1990,26,1,1,0,3,1,229,3,41,0
1990,26,2,2,0,0,1,243,3,45,0
1990,40,2,1,1,0,1,313,4,40,0
1990,28,1,1,0,0,1,185,1,45,0
1990,27,2,1,0,0,1,229,2,50,0
1990,37,2,0,0,0,1,27,5,35,0
1990,39,1,0,0,0,1,64,1,40,0
1990,43,2,2,0,0,1,22,4,40,0
1990,55,1,0,3,3,1,197,4,45,1
1990,55,2,0,3,4,1,0,0,0,0
1990,27,2,1,0,0,1,7,2,40,0
1990,22,2,1,0,0,1,318,2,40,0
1990,24,2,1,0,0,1,318,2,40,0
1990,24,1,1,0,0,1,22,5,55,0
1990,36,1,0,2,1,0,486,0,55,0
1990,32,2,0,2,1,1,0,0,0,0
1990,26,1,1,2,1,0,486,0,45,0
1990,27,1,1,2,1,0,337,0,35,0
1990,26,1,0,0,0,0,364,1,32,0
1990,24,2,0,0,0,0,387,5,0,0
1990,50,1,0,0,0,1,523,6,40,0
1990,47,2,0,0,0,1,426,6,35,0
1990,25,1,1,2,3,0,276,3,40,0
1990,33,1,1,2,3,0,877,4,40,0
1990,63,2,1,0,0,1,14,5,46,1
1990,38,1,0,1,0,1,696,4,50,0
1990,36,2,0,1,0,1,385,1,40,0
1990,77,1,0,0,0,1,426,4,0,0
1990,74,2,0,0,0,1,0,0,0,0
1990,47,1,0,0,0,1,21,5,40,1
1990,39,2,0,0,0,0,21,5,40,0
1990,22,1,3,0,0,0,313,2,40,0
1990,26,1,1,1,0,1,463,2,30,0
1990,26,1,1,1,0,1,22,2,40,0
1990,48,1,0,0,0,1,14,5,45,1
1990,46,2,0,0,0,1,14,5,45,1
1990,39,2,0,0,0,1,529,2,43,0
1990,41,1,0,0,0,1,525,2,42,0
1990,25,1,0,0,0,1,23,4,40,0
1990,25,2,0,0,0,1,27,5,37,0
1990,30,1,2,0,0,1,235,2,40,0
1990,40,2,2,0,0,0,549,4,40,0
1990,69,1,2,0,0,1,164,5,40,1
1990,44,1,0,0,0,1,5,6,40,1
1990,42,2,0,0,0,1,313,4,32,0
1990,18,1,1,0,0,0,276,3,20,0
1990,40,2,2,0,0,1,276,3,45,0
1990,50,2,2,0,0,1,157,5,50,0
1990,73,1,0,0,0,1,0,0,0,0
1990,66,2,0,0,4,0,0,0,0,1
1990,52,1,3,0,0,0,17,3,30,0
1990,46,1,0,0,0,0,5,6,37,0
1990,37,2,0,0,4,0,5,6,37,0
1990,18,1,1,0,4,0,436,3,15,0
1990,38,1,0,0,2,1,314,4,60,0
1990,38,2,0,0,0,1,389,3,65,0
1990,50,2,2,0,0,1,376,4,40,0
1990,29,2,1,0,0,1,7,4,40,0
1990,48,2,1,0,2,1,254,4,70,1
1990,31,2,3,0,1,0,26,6,42,0
1990,64,1,0,0,0,1,23,4,35,1
1990,70,2,0,0,0,1,0,0,0,0
1990,33,1,0,0,0,1,36,6,50,0
1990,33,2,0,1,1,1,83,5,0,0
1990,61,1,0,0,0,0,567,0,0,0
1990,59,2,0,0,0,0,785,1,40,0
1990,71,1,0,0,0,0,563,1,0,0
1990,68,2,0,0,0,0,313,1,0,0
1990,23,2,1,0,0,1,156,5,0,0
1990,27,2,1,0,0,1,259,1,40,0
1990,67,1,0,0,0,0,0,0,0,0
1990,67,2,0,0,0,0,436,5,0,0
1990,34,2,1,0,0,0,0,0,0,0
1990,32,1,3,0,0,1,156,5,42,0
1990,74,1,0,1,0,0,486,0,15,0
1990,72,2,0,1,0,0,696,4,2,0
1990,21,2,1,1,0,0,779,2,19,0
1990,43,1,2,1,0,0,486,0,5,0
1990,23,1,1,0,0,0,17,3,50,0
1990,35,2,3,0,0,0,276,3,40,0
1990,28,1,0,0,0,0,844,0,45,0
1990,28,2,0,0,0,1,0,0,0,0
1990,34,1,0,0,0,0,869,0,40,0
1990,33,2,0,0,0,1,379,2,40,0
1990,46,1,0,0,0,0,567,0,25,0
1990,44,2,0,0,0,0,5,6,37,0
1990,21,1,1,0,0,0,748,4,40,0
1990,28,2,1,0,0,0,0,0,0,0
1990,35,1,2,0,0,0,658,1,40,0
1990,42,1,0,0,0,0,33,5,40,0
1990,36,2,0,0,0,0,744,1,40,0
1990,32,1,0,1,0,0,848,1,50,0
1990,33,2,0,1,0,0,257,1,40,0
1990,42,1,0,0,0,0,585,0,40,0
1990,39,2,0,0,0,0,808,2,20,0
1990,79,2,3,0,0,0,0,0,0,0
1990,57,2,3,0,0,0,808,5,15,0
1990,54,2,3,0,0,0,0,0,0,0
1990,28,1,1,0,0,0,486,6,40,0
1990,23,1,1,0,0,0,486,6,40,0
1990,46,1,0,0,0,0,453,5,0,0
1990,45,2,0,0,0,0,203,5,0,0
1990,49,2,2,0,0,0,785,1,40,0
1990,20,1,1,0,0,0,866,0,0,0
1990,46,1,0,0,0,1,216,2,48,0
1990,43,2,0,0,0,1,447,5,0,0
1990,21,1,1,0,0,1,734,1,37,0
1990,46,1,0,0,0,1,226,2,30,1
1990,46,2,0,0,0,1,156,5,35,0
1990,72,1,0,0,0,0,17,3,90,0
1990,62,2,0,0,0,0,444,3,40,0
1990,40,1,0,0,0,0,585,3,40,0
1990,35,2,0,0,0,1,313,5,35,0
1990,26,1,0,0,0,1,567,0,40,0
1990,23,2,0,0,0,1,383,4,40,0
1990,47,1,0,0,0,0,22,2,55,0
1990,37,2,0,0,0,0,469,5,40,0
1990,20,2,1,0,0,0,779,1,30,0
1990,42,1,0,0,0,1,5,6,40,0
1990,35,2,0,0,0,1,156,5,35,0
1990,43,1,3,0,0,1,303,6,45,1
1990,32,1,0,0,0,1,485,0,50,0
1990,33,2,0,0,0,1,18,4,40,0
1990,21,1,3,0,0,0,523,6,40,0
1990,45,1,0,0,0,1,254,4,40,0
1990,42,2,0,0,0,1,157,5,35,0
1990,45,1,2,1,0,1,563,0,40,0
1990,71,2,3,1,0,0,0,0,0,0
1990,18,2,1,1,0,1,274,3,28,0
1990,33,1,0,1,0,0,21,5,40,0
1990,32,2,0,0,0,0,447,5,50,0
1990,31,1,0,0,2,0,22,0,50,0
1990,29,2,0,0,0,1,466,5,35,0
1990,53,1,2,0,0,0,444,3,40,0
1990,44,1,0,0,0,1,303,6,40,0
1990,36,2,0,0,0,1,159,5,43,0
1990,30,1,0,0,0,0,505,4,43,0
1990,25,2,0,0,0,0,447,5,40,0
1990,35,1,0,0,0,1,5,6,40,0
1990,33,2,0,0,0,1,156,5,40,0
1990,25,2,1,0,0,1,22,5,40,0
1990,22,2,1,0,0,1,276,3,15,0
1990,39,2,0,0,0,1,0,0,0,0
1990,44,1,0,0,0,1,178,5,50,1
1990,34,1,0,3,3,1,235,5,0,0
1990,27,2,0,3,3,1,154,5,0,0
1990,69,1,0,0,0,1,0,0,0,0
1990,70,2,0,0,0,0,0,0,0,0
1990,52,1,0,1,0,0,507,1,40,0
1990,49,2,0,1,0,1,95,5,40,0
1990,25,2,1,1,0,1,363,5,40,0
1990,35,2,0,0,4,1,154,5,55,0
1990,44,1,0,0,0,1,69,5,50,1
1990,26,1,1,0,0,1,308,1,60,0
1990,31,1,0,0,0,1,174,5,40,0
1990,29,2,0,0,0,1,95,5,40,0
1990,44,2,0,2,0,1,458,4,24,0
1990,31,1,0,1,0,0,453,5,40,0
1990,48,2,2,0,0,1,179,6,50,1
1990,36,1,1,0,0,1,448,3,49,0
1990,47,1,1,0,0,1,275,4,40,0
1990,33,1,1,0,0,0,575,0,0,0
1990,28,1,0,0,0,0,874,1,40,0
1990,21,2,0,0,0,0,313,3,40,0
1990,38,2,2,0,0,0,22,4,40,0
1990,19,2,1,0,0,1,207,5,15,0
1990,29,1,0,0,0,1,243,4,40,0
1990,25,2,0,0,0,1,156,5,40,0
1990,48,1,2,0,0,0,22,0,60,0
1990,34,2,2,0,0,0,379,3,40,0
1990,18,1,1,0,0,0,264,3,30,0
1990,73,1,3,0,0,0,0,0,0,0
1990,52,1,0,0,0,1,19,4,45,0
1990,51,2,0,0,0,1,0,0,0,0
1990,20,1,1,0,0,1,885,3,40,0
1990,43,1,2,1,0,0,579,0,40,0
1990,38,1,0,0,0,1,779,5,40,0
1990,30,2,0,0,0,1,25,4,40,0
1990,72,1,0,1,0,0,0,0,0,0
1990,69,2,0,1,0,0,453,5,40,0
1990,28,2,1,1,0,0,744,1,40,0
1990,68,1,3,0,0,0,0,0,0,0
1990,73,1,0,0,0,0,0,0,0,0
1990,64,2,0,0,0,0,0,0,0,0
1990,45,2,2,0,0,0,796,1,40,0
1990,41,1,2,0,0,0,869,0,40,0
1990,20,1,1,0,0,0,505,3,35,0
1990,32,1,0,0,0,1,806,3,40,0
1990,26,2,0,0,0,0,313,2,40,0
1990,54,1,2,0,0,0,365,3,7,0
1990,55,1,0,0,0,0,0,0,0,0
1990,53,2,0,0,0,0,276,3,35,0
1990,25,1,1,0,0,1,877,3,50,0
1990,34,2,1,1,0,0,368,1,40,0
1990,20,2,1,1,0,0,319,5,40,0
1990,52,1,2,0,0,0,529,2,40,0
1990,20,1,1,0,0,1,335,4,10,0
1990,56,1,0,1,0,0,768,1,40,0
1990,46,2,0,1,0,0,449,4,20,0
1990,20,1,1,1,0,0,889,1,28,0
1990,24,2,1,1,0,0,447,5,40,0
1990,56,1,0,0,0,1,0,0,0,1
1990,55,2,0,0,0,0,259,0,40,0
1990,64,1,0,0,0,1,21,5,40,1
1990,62,2,0,0,0,1,0,0,0,0
1990,68,1,0,0,0,0,563,0,30,0
1990,52,2,0,0,0,1,777,1,0,0
1990,20,1,0,0,0,0,883,2,50,0
1990,18,2,0,0,0,0,313,0,44,0
1990,55,1,0,0,0,1,254,4,50,0
1990,58,2,0,0,0,1,97,5,40,0
1990,78,1,2,1,0,1,0,0,0,0
1990,26,2,1,0,0,1,167,5,17,0
1990,23,2,1,0,0,1,447,3,20,0
1990,20,2,1,0,0,1,229,6,40,0
1990,65,1,0,0,0,1,9,3,40,1
1990,64,2,0,0,0,0,0,0,0,0
1990,18,2,1,1,0,1,17,3,8,0
1990,20,1,1,0,0,1,23,4,21,0
1990,63,1,2,1,0,0,453,3,24,0
1990,19,2,1,0,0,1,439,3,30,0
1990,19,2,1,0,0,1,315,4,40,0
1990,19,2,1,0,0,1,436,5,40,0
1990,20,2,1,0,0,1,379,5,20,0
1990,48,1,0,0,0,0,269,3,61,0
1990,47,2,0,0,0,0,748,4,30,0
1990,19,1,1,0,0,1,804,3,32,0
1990,48,2,3,0,0,1,486,0,40,0
1990,34,2,3,0,0,0,466,5,5,0
1990,68,2,3,0,0,0,0,0,0,0
1990,60,1,2,0,0,1,637,1,40,0
1990,27,1,1,0,0,0,453,4,35,0
1990,40,1,0,0,0,0,766,0,40,0
1990,36,2,0,0,0,0,313,5,40,0
1990,36,2,2,1,0,1,356,2,45,0
1990,28,1,1,0,0,1,84,5,50,0
1990,21,2,1,0,0,1,435,3,35,0
1990,65,2,2,0,0,0,36,6,0,0
1990,44,2,3,0,0,1,253,4,0,0
1990,33,1,0,0,0,1,518,1,50,0
1990,33,2,0,0,0,1,0,0,0,0
1990,29,2,2,0,0,1,426,5,32,0
1990,24,1,1,0,0,0,567,4,40,0
1990,56,1,0,0,0,1,56,4,40,0
1990,53,2,0,0,0,1,0,0,0,0
1990,23,2,1,0,0,0,0,0,0,0
1990,19,2,1,0,0,0,0,0,0,0
1990,43,2,2,0,0,1,104,5,55,1
1990,79,2,0,1,0,0,0,0,0,0
1990,45,1,0,0,0,0,59,2,37,0
1990,44,2,0,0,0,0,254,4,35,0
1990,78,2,3,0,0,0,0,0,0,0
1990,39,1,0,0,0,1,516,3,50,0
1990,38,2,0,0,0,0,337,3,38,0
1990,79,1,3,0,0,0,0,0,0,0
1990,45,2,3,1,0,0,313,6,40,0
1990,21,2,1,1,0,0,155,5,40,0
1990,75,1,0,0,0,0,0,0,0,0
1990,71,2,0,0,0,0,0,0,0,0
1990,37,1,0,0,0,0,804,3,40,0
1990,36,2,0,0,0,0,17,3,25,0
1990,46,1,0,0,0,1,804,2,45,0
1990,39,2,0,0,0,1,229,1,40,0
1990,36,2,3,3,0,1,95,5,40,0
1990,25,2,1,0,0,1,155,5,40,0
1990,70,1,0,0,0,0,0,0,0,0
1990,62,2,0,0,0,0,0,0,0,0
1990,39,1,3,0,0,1,413,6,59,0
1990,34,2,3,0,0,1,469,5,20,0
1990,39,1,0,0,0,1,53,0,50,0
1990,27,2,0,0,0,0,276,3,38,0
1990,71,2,0,0,0,0,0,0,0,0
1990,60,1,0,0,0,0,779,4,40,0
1990,43,1,0,0,0,1,274,3,90,1
1990,39,2,0,0,0,1,13,3,50,0
1990,44,1,0,0,0,1,364,6,48,0
1990,51,2,0,0,0,0,796,1,0,0
1990,31,2,1,0,0,1,308,3,40,0
1990,22,1,1,0,0,1,426,4,16,0
1990,49,1,0,0,0,0,274,3,50,0
1990,50,2,0,0,0,0,744,1,40,0
1990,24,1,1,0,0,0,0,0,0,0
1990,36,1,0,0,0,1,518,1,42,0
1990,36,2,0,0,0,0,338,1,40,0
1990,18,1,1,0,0,0,479,0,30,0
1990,72,1,3,0,0,0,0,0,0,0
1990,32,2,0,0,0,1,156,5,40,0
1990,34,1,0,0,0,1,255,4,60,0
1990,62,2,3,0,0,1,0,0,0,0
1990,62,1,0,0,0,0,689,3,45,0
1990,43,2,0,0,0,0,277,3,37,0
1990,44,1,0,0,0,0,689,1,55,0
1990,43,2,0,0,0,0,235,1,47,0
1990,38,1,3,0,0,0,597,0,48,0
1990,37,1,0,0,0,0,855,0,45,0
1990,35,2,0,0,0,0,779,0,40,0
1990,18,1,1,0,0,0,0,0,0,0
1990,50,1,0,0,0,0,497,0,0,0
1990,49,2,0,0,0,0,479,0,36,0
1990,63,2,2,1,0,0,407,4,40,0
1990,71,1,0,1,0,0,496,0,20,0
1990,64,2,0,1,0,0,0,0,0,0
1990,77,1,0,1,0,0,0,0,0,0
1990,77,2,0,1,0,0,0,0,0,0
1990,50,1,0,0,0,0,855,0,40,0
1990,44,2,0,0,0,0,0,0,0,0
1990,23,1,1,0,0,0,443,3,28,0
1990,33,2,2,0,0,1,379,6,40,0
1990,29,1,0,0,0,1,22,5,50,0
1990,30,2,0,0,0,1,0,0,0,0
1990,63,2,3,0,0,0,435,3,40,0
1990,33,1,1,0,0,0,785,1,44,0
1990,26,1,0,1,0,0,727,1,40,0
1990,21,2,0,1,0,0,335,4,38,0
1990,57,1,0,0,0,0,266,3,40,0
1990,57,2,0,0,0,0,796,1,40,0
1990,62,1,0,0,2,1,508,2,0,0
1990,67,2,0,0,2,0,0,0,0,0
1990,75,1,1,0,2,1,0,0,0,0
1990,24,1,0,0,0,1,637,1,48,0
1990,22,2,0,0,0,1,95,4,40,0
1990,22,2,1,3,3,1,315,5,40,0
1990,73,2,3,0,0,0,0,0,0,1
1990,36,1,2,0,0,1,889,1,40,0
1990,75,2,3,0,0,1,0,0,0,1
1990,37,2,1,0,0,1,253,4,7,0
1990,79,2,1,1,0,0,0,0,0,0
1990,76,1,3,0,0,1,585,0,8,0
1990,62,1,0,0,0,0,505,3,0,0
1990,55,2,0,0,0,0,458,4,0,0
1990,61,1,0,0,0,1,157,5,40,0
1990,54,2,0,0,0,0,389,4,30,0
1990,74,2,3,0,0,1,0,0,0,0
1990,22,2,1,0,0,0,185,3,40,0
1990,45,1,1,0,0,0,0,0,0,0
1990,74,2,3,0,0,0,0,0,0,0
1990,23,1,1,0,0,1,356,3,20,0
1990,20,2,1,0,0,1,373,3,40,0
1990,35,2,2,0,0,1,389,1,40,0
1990,60,1,0,1,0,1,364,1,40,0
1990,51,2,0,1,0,0,156,5,30,0
1990,26,1,1,1,0,0,453,4,20,0
1990,25,2,1,1,0,1,156,5,32,0
1990,18,1,1,1,0,0,0,0,0,0
1990,29,1,1,1,0,1,518,1,57,0
1990,64,1,0,0,0,0,365,1,44,0
1990,53,2,0,0,0,1,156,5,50,0
1990,74,2,3,0,0,0,0,0,0,0
1990,43,1,2,0,0,0,56,1,45,0
1990,70,1,3,1,0,0,0,0,0,0
1990,40,2,1,1,0,1,909,6,0,0
1990,74,1,1,1,0,0,0,0,0,0
1990,75,2,3,0,0,0,0,0,0,0
1990,30,1,1,0,0,0,503,0,40,0
1990,61,1,2,0,0,1,0,0,0,0
1990,18,2,1,0,0,0,276,3,10,0
1990,66,1,0,0,0,0,796,1,0,0
1990,59,2,0,0,0,0,466,5,40,0
1990,34,1,1,0,0,1,749,1,0,0
1990,21,2,1,0,0,0,0,0,0,0
1990,56,1,0,1,0,0,473,0,50,0
1990,55,2,0,1,0,0,473,0,40,0
1990,37,1,0,0,0,0,575,1,40,0
1990,34,2,0,0,0,1,386,4,40,0
1990,45,1,2,0,0,1,21,5,45,0
1990,28,2,2,0,0,0,744,1,40,0
1990,67,1,0,0,0,0,447,0,20,0
1990,47,1,0,0,0,0,585,5,50,0
1990,44,2,0,0,0,0,469,5,6,0
1990,18,2,1,0,0,1,276,3,25,0
1990,27,1,0,0,0,1,376,4,45,0
1990,24,2,0,0,0,0,243,3,49,0
1990,67,1,0,0,0,0,686,1,16,0
1990,64,2,0,0,0,0,0,0,0,0
1990,79,1,0,1,0,0,0,0,0,0
1990,73,2,0,1,0,0,0,0,0,0
1990,37,1,3,1,0,1,806,3,40,0
1990,66,1,1,1,0,0,0,0,0,0
1990,67,1,0,0,0,0,653,1,0,0
1990,66,2,0,0,0,0,0,0,0,0
1990,37,2,1,0,0,0,155,5,25,0
1990,47,1,0,0,0,1,0,0,0,0
1990,45,2,0,0,0,0,549,1,40,0
1990,35,1,2,0,0,1,579,5,40,0
1990,49,1,0,0,0,0,364,1,42,0
1990,46,2,0,0,0,1,156,5,40,0
1990,48,2,2,1,0,0,796,1,48,0
1990,76,2,0,0,0,0,0,0,0,0
1990,45,2,2,0,0,1,178,5,50,0
1990,56,1,0,0,0,0,13,4,40,0
1990,57,2,0,0,0,0,313,5,40,0
1990,29,1,2,0,0,0,518,1,40,0
1990,42,2,1,1,0,0,276,3,0,0
1990,75,2,3,1,0,0,0,0,0,0
1990,23,2,1,1,0,0,407,4,0,0
1990,36,2,3,1,0,0,739,1,40,0
1990,24,2,1,1,0,0,436,3,40,0
1990,31,1,1,0,0,1,208,2,40,0
1990,49,1,0,0,0,0,259,3,60,0
1990,42,2,0,0,0,1,337,3,40,0
1990,32,2,3,0,0,1,208,3,40,0
1990,65,2,1,0,0,0,0,0,0,0
1990,62,1,0,0,0,0,0,0,0,0
1990,65,2,0,0,0,0,0,0,0,0
1990,30,1,2,0,0,1,515,2,40,0
1990,49,1,0,0,0,0,804,1,48,0
1990,47,2,0,0,0,0,777,1,40,0
1990,67,1,3,0,0,0,426,3,24,0
1990,57,1,0,0,0,0,0,0,0,0
1990,53,2,0,0,0,0,264,3,19,0
1990,34,2,1,1,0,1,738,1,40,0
1990,71,2,2,0,0,0,0,0,0,0
1990,60,2,3,0,0,1,0,0,0,0
1990,45,2,2,0,0,1,253,4,56,0
1990,21,1,1,0,0,1,365,3,20,0
1990,33,1,0,0,0,1,628,1,50,0
1990,35,2,0,0,0,0,18,4,40,0
1990,39,2,2,0,0,1,22,3,40,0
1990,19,1,0,0,0,0,739,1,40,0
1990,19,2,0,0,0,0,744,1,40,0
1990,65,1,0,0,0,0,657,1,0,0
1990,44,1,0,1,0,0,577,2,40,0
1990,43,2,0,1,0,0,628,1,48,0
1990,20,1,1,1,0,0,883,1,48,0
1990,78,1,0,0,0,0,0,0,0,0
1990,76,2,0,0,0,0,0,0,0,0
1990,58,2,3,1,0,0,449,4,45,0
1990,26,2,0,1,0,1,313,5,40,0
1990,32,1,0,1,0,0,453,4,40,0
1990,26,1,0,0,0,0,727,1,42,0
1990,25,2,0,0,0,0,744,1,40,0
1990,40,2,3,1,0,0,365,1,40,0
1990,45,2,2,0,0,0,796,1,40,0
1990,71,2,2,0,0,0,0,0,0,0
1990,47,2,2,1,0,0,658,1,40,0
1990,21,1,1,1,0,0,364,1,40,0
1990,55,1,0,1,0,0,456,4,50,0
1990,59,2,0,1,0,0,795,1,40,0
1990,21,2,1,1,0,0,276,3,32,0
1990,27,1,3,1,0,0,779,1,45,0
1990,53,1,0,0,2,0,0,0,0,0
1990,46,2,0,0,0,0,628,1,69,0
1990,55,1,0,0,0,1,547,1,40,0
1990,51,2,0,0,0,0,744,1,40,0
1990,22,1,1,0,0,1,385,1,45,0
1990,76,1,0,0,0,0,0,0,0,0
1990,73,2,0,0,0,0,0,0,0,0
1990,53,1,0,0,0,0,777,1,40,0
1990,48,2,0,0,0,0,0,0,0,0
1990,21,2,1,0,0,0,276,3,25,0
1990,79,2,3,0,0,0,0,0,0,0
1990,38,1,0,0,0,1,463,2,60,0
1990,33,2,0,0,0,1,463,2,40,0
1990,54,1,0,0,0,0,485,0,0,0
1990,51,2,0,0,0,0,668,1,0,0
1990,50,2,2,0,0,0,436,3,0,0
1990,37,1,0,0,0,0,804,1,60,0
1990,34,2,0,0,0,1,95,5,20,0
1990,34,1,2,0,0,0,567,0,40,0
1990,51,1,0,0,0,0,796,1,40,0
1990,41,2,0,0,0,0,759,1,40,0
1990,62,2,3,0,0,0,0,0,0,0
1990,42,2,2,0,0,0,303,4,40,0
1990,42,1,1,0,0,0,389,1,30,0
1990,44,2,2,1,0,0,779,1,55,0
1990,55,1,0,0,0,0,243,3,40,0
1990,47,2,0,0,0,1,208,5,40,0
1990,35,1,0,0,0,0,769,1,40,0
1990,34,2,0,0,0,0,769,1,40,0
1990,68,1,1,0,0,0,479,0,0,0
1990,53,1,0,0,0,0,505,4,53,0
1990,54,2,0,0,0,1,337,0,0,0
1990,74,1,0,1,0,0,0,0,0,0
1990,63,2,0,1,0,0,0,0,0,0
1990,32,1,1,1,0,0,667,1,30,0
1990,49,2,2,0,0,1,869,0,40,0
1990,20,2,1,0,0,1,313,4,40,0
1990,43,1,0,0,0,1,418,6,40,0
1990,43,2,0,0,0,1,254,4,35,0
1990,18,2,1,0,0,1,435,3,35,0
1990,32,1,0,0,0,0,558,0,50,0
1990,31,2,0,0,0,1,313,5,40,0
1990,30,2,1,0,0,0,486,0,45,0
1990,29,1,0,0,0,0,855,0,40,0
1990,28,2,0,0,0,0,316,6,0,0
1990,66,1,0,0,0,0,473,0,20,0
1990,61,2,0,0,0,0,0,0,0,0
1990,59,1,0,1,0,0,453,1,0,0
1990,59,2,0,1,0,0,744,1,40,0
1990,25,2,1,1,0,1,458,4,45,0
1990,18,2,1,1,0,0,744,1,40,0
1990,74,1,0,0,0,0,0,0,0,0
1990,70,2,0,0,0,0,0,0,0,0
1990,63,1,0,1,0,0,27,0,60,0
1990,61,2,0,1,0,1,313,5,37,0
1990,55,1,0,1,0,0,804,1,40,0
1990,54,2,0,1,0,0,796,1,40,0
1990,25,1,0,1,0,0,424,6,40,0
1990,24,2,0,1,0,0,387,5,40,0
1990,45,1,2,0,0,0,485,5,40,0
1990,21,2,1,0,0,1,348,0,38,0
1990,79,2,3,0,0,0,0,0,0,0
1990,43,1,0,1,0,0,808,5,40,0
1990,40,2,0,1,0,0,658,1,40,0
1990,18,2,1,1,0,0,0,0,0,0
1990,18,2,1,1,0,0,0,0,0,0
1990,56,1,2,0,0,0,0,0,0,0
1990,20,1,1,0,0,1,276,3,35,0
1990,50,1,0,0,0,0,473,0,45,0
1990,50,2,0,0,0,1,21,5,50,0
1990,80,1,1,0,0,0,0,0,0,0
1990,74,2,3,1,0,0,0,0,0,0
1990,54,2,2,1,0,0,0,0,0,0
1990,55,1,2,1,0,0,883,1,8,0
1990,63,1,1,1,0,0,883,3,8,0
1990,51,1,0,0,0,0,365,6,40,0
1990,50,2,0,0,0,0,383,4,40,0
1990,34,2,3,1,0,0,869,0,40,0
1990,64,1,0,0,0,0,473,0,35,0
1990,62,2,0,0,0,0,458,4,40,0
1990,52,1,0,0,0,1,423,6,35,0
1990,51,2,0,0,2,1,0,0,0,0
1990,30,1,0,0,2,0,567,1,40,0
1990,31,2,0,0,2,0,567,1,40,0
1990,21,1,3,0,0,0,779,1,40,0
1990,38,1,0,1,0,1,769,1,40,0
1990,35,2,0,1,0,1,156,5,40,0
1990,31,1,0,0,0,0,637,3,45,0
1990,29,2,0,0,0,1,303,4,40,0
1990,63,1,0,0,0,0,518,1,40,0
1990,65,2,0,0,0,0,745,1,0,0
1990,47,1,0,0,0,1,154,5,43,1
1990,37,2,0,0,0,1,22,2,40,0
1990,26,1,0,0,0,0,699,0,40,0
1990,21,2,0,0,0,0,317,4,40,0
1990,53,1,0,1,0,1,0,0,0,0
1990,53,2,0,1,0,0,453,3,40,0
1990,22,1,1,1,0,0,424,6,40,0
1990,62,1,0,0,0,0,804,3,46,0
1990,64,2,0,0,0,0,0,0,0,0
1990,38,1,0,0,0,1,748,4,40,0
1990,37,2,0,0,0,1,203,5,43,0
1990,72,1,3,1,0,0,0,0,0,0
1990,33,1,0,0,0,1,29,3,40,0
1990,35,2,0,0,0,1,33,2,35,0
1990,24,1,1,1,0,0,869,0,0,0
1990,69,2,1,0,0,0,0,0,0,0
1990,59,1,0,0,0,0,276,3,80,0
1990,56,2,0,0,0,0,276,3,80,0
1990,69,2,3,1,0,0,453,5,40,0
1990,43,2,1,1,0,1,156,5,48,0
1990,32,2,2,1,0,0,436,3,0,0
1990,41,1,0,1,0,0,749,1,40,0
1990,40,2,0,1,0,0,744,1,40,0
1990,18,1,1,1,0,0,0,0,0,0
1990,20,2,3,1,0,0,0,0,0,0
1990,45,1,0,0,0,0,518,1,50,0
1990,41,2,0,0,0,0,364,3,42,0
1990,19,1,1,0,0,0,364,1,40,0
1990,74,1,0,1,0,0,426,5,32,0
1990,69,2,0,1,0,0,458,4,25,0
1990,35,1,2,1,0,0,444,5,40,0
1990,29,1,1,1,0,1,276,3,40,0
1990,33,1,0,0,0,0,744,1,40,0
1990,31,2,0,0,0,0,744,1,40,0
1990,69,1,0,0,0,0,313,6,4,0
1990,69,2,0,0,0,0,0,0,0,0
1990,76,1,0,0,0,0,0,0,0,0
1990,69,2,0,0,0,0,0,0,0,0
1990,26,1,0,0,0,0,573,0,40,0
1990,26,2,0,0,0,1,308,4,40,0
1990,41,1,2,0,0,1,869,0,35,0
1990,38,2,2,0,0,1,156,5,20,0
1990,30,1,0,0,0,0,558,0,48,0
1990,28,2,0,0,0,0,0,0,0,0
1990,78,1,3,0,0,0,0,0,0,0
1990,43,2,2,1,0,0,785,1,53,0
1990,69,1,0,0,0,0,0,0,0,0
1990,53,2,0,0,0,0,744,1,40,0
1990,54,1,0,0,0,0,628,1,48,0
1990,57,2,0,0,0,0,804,3,6,0
1990,75,1,0,0,0,0,0,0,0,0
1990,70,2,0,0,0,0,744,1,0,0
1990,49,1,0,0,0,0,424,6,40,0
1990,40,2,0,0,0,0,739,1,40,0
1990,50,2,3,1,0,0,749,1,48,0
1990,68,1,3,0,0,0,889,3,50,0
1990,65,2,0,1,0,0,0,0,0,0
1990,67,1,0,1,0,0,447,5,0,0
1990,36,2,1,1,0,0,744,1,30,0
1990,18,2,1,1,0,0,0,0,0,0
1990,34,2,2,1,0,0,365,1,48,0
1990,43,1,0,0,0,1,48,1,48,1
1990,42,2,0,0,0,0,0,0,0,0
1990,42,1,0,0,0,1,22,2,44,0
1990,43,2,0,0,0,1,274,3,0,0
1990,20,1,1,0,0,0,268,3,34,0
1990,30,1,1,0,0,0,379,3,50,0
1990,35,1,0,0,0,0,555,0,45,0
1990,24,2,0,0,0,1,479,0,46,0
1990,71,2,3,0,0,0,0,0,0,0
1990,49,1,0,0,0,0,804,2,48,0
1990,56,2,0,0,0,0,435,3,0,0
1990,38,1,0,0,0,1,55,2,84,1
1990,39,2,0,0,0,1,22,5,40,0
1990,47,1,0,0,0,0,22,1,40,1
1990,31,2,0,0,0,0,628,1,40,0
1990,41,1,0,0,0,1,14,5,60,0
1990,38,2,0,0,0,1,14,5,55,0
1990,33,2,2,0,0,0,157,5,30,0
1990,25,1,3,1,0,0,686,3,60,0
1990,75,1,0,0,0,1,0,0,0,0
1990,76,2,0,0,0,1,0,0,0,0
1990,33,1,0,0,0,1,18,4,40,0
1990,22,2,0,0,0,0,453,4,0,0
1990,52,1,0,0,0,1,176,5,60,1
1990,51,2,0,0,0,1,22,2,40,0
1990,26,1,1,0,0,1,274,3,40,0
1990,29,1,0,0,0,1,235,1,38,0
1990,30,2,0,0,0,1,406,4,50,0
1990,47,1,0,0,0,1,323,3,0,0
1990,47,2,0,0,0,1,156,5,60,0
1990,39,1,0,1,0,1,21,6,45,0
1990,36,2,0,2,0,1,27,6,50,0
1990,48,1,0,0,0,0,758,1,50,0
1990,43,2,0,0,0,0,379,6,37,0
1990,50,1,0,0,0,1,22,1,40,0
1990,49,2,0,0,0,1,257,1,40,0
1990,21,2,1,0,4,1,274,3,18,0
1990,36,1,0,0,0,1,65,6,40,0
1990,41,2,0,0,0,0,229,6,40,0
1990,65,1,0,0,0,1,628,1,40,0
1990,60,2,0,0,0,1,337,4,31,0
1990,53,1,0,0,0,0,22,4,50,1
1990,52,2,0,0,0,0,313,4,40,0
1990,56,1,0,0,0,1,14,5,40,1
1990,52,2,0,0,0,1,99,5,40,0
1990,25,2,1,0,0,1,8,3,40,0
1990,25,2,1,0,0,1,305,3,40,0
1990,27,2,2,0,0,1,447,5,40,0
1990,50,1,2,1,0,1,308,1,40,0
1990,20,2,1,1,0,1,373,3,18,0
1990,42,2,2,1,0,1,27,5,40,0
1990,51,1,0,3,3,1,55,2,40,1
1990,45,2,0,3,3,1,23,4,40,0
1990,52,1,0,3,3,1,8,5,80,1
1990,40,2,0,3,3,1,203,5,40,0
1990,38,1,3,3,3,1,208,5,40,0
1990,38,1,0,0,0,1,529,2,40,0
1990,35,2,0,0,0,1,24,4,40,0
1990,33,1,0,0,0,1,17,3,40,0
1990,58,2,0,0,0,1,313,0,8,0
1990,62,1,0,0,0,1,243,3,70,1
1990,57,2,0,0,0,0,0,0,0,0
1990,31,1,2,0,0,0,549,3,40,0
1990,29,1,1,0,0,1,22,3,50,0
1990,36,2,0,0,0,0,426,4,35,0
1990,52,1,0,0,0,1,274,3,40,0
1990,30,1,0,0,0,1,7,4,40,0
1990,30,2,0,0,0,1,95,5,37,0
1990,74,2,0,0,0,0,0,0,0,0
1990,71,1,0,0,0,1,254,4,20,0
1990,60,1,0,0,0,1,6,6,24,1
1990,53,2,0,0,0,0,264,3,40,0
1990,23,1,1,0,0,1,35,6,40,0
1990,29,1,0,1,0,1,566,3,30,0
1990,25,2,0,1,0,0,0,0,0,0
1990,36,1,0,0,0,1,585,0,40,0
1990,28,2,0,0,0,0,439,3,35,0
1990,26,1,0,0,0,0,22,0,50,0
1990,23,2,0,0,0,1,7,1,50,0
1990,51,2,2,0,0,1,22,5,40,0
1990,30,1,0,0,0,1,22,4,50,0
1990,31,2,0,0,0,1,379,4,40,0
1990,54,1,0,0,0,0,734,1,40,0
1990,51,2,0,0,0,1,336,5,40,0
1990,18,1,1,0,0,0,0,0,0,0
1990,49,2,0,1,0,1,313,5,40,0
1990,36,1,0,1,4,0,883,1,40,0
1990,75,1,0,0,0,0,0,0,0,0
1990,65,2,0,0,0,0,0,0,0,0
1990,20,1,0,0,0,1,218,0,40,0
1990,18,2,0,0,0,0,796,1,30,0
1990,74,1,0,0,0,1,0,0,0,0
1990,50,1,0,0,0,1,9,6,40,0
1990,48,2,0,0,0,0,313,5,40,0
1990,21,2,1,0,0,1,383,4,35,0
1990,30,1,0,0,0,1,225,5,45,0
1990,28,2,0,0,0,1,736,1,40,0
1990,25,1,1,0,0,0,263,3,60,0
1990,29,1,0,0,0,0,259,3,40,0
1990,27,2,0,0,0,1,383,4,40,0
1990,34,2,0,0,0,0,0,0,0,0
1990,43,1,0,0,0,0,526,1,48,1
1990,44,1,0,0,0,1,267,3,50,1
1990,36,2,0,0,0,1,257,1,45,0
1990,33,1,1,0,0,1,274,3,50,0
1990,37,1,0,0,0,1,259,3,65,0
1990,37,2,0,0,0,1,159,5,10,0
1990,40,2,2,0,0,1,95,5,37,0
1990,19,2,1,0,0,0,433,3,40,0
1990,18,2,1,0,0,0,337,3,40,0
1990,50,1,0,0,0,0,259,3,45,1
1990,50,2,0,0,0,0,0,0,0,0
1990,39,2,2,1,0,1,14,5,48,0
1990,25,2,1,1,0,1,376,4,40,0
1990,35,1,0,0,0,1,229,4,45,1
1990,36,2,0,0,0,1,229,0,45,0
1990,52,1,0,0,0,1,56,3,40,1
1990,48,2,0,0,0,1,156,5,40,0
1990,18,2,1,0,0,0,439,4,15,0
1990,35,2,1,0,2,1,243,3,50,0
1990,24,1,3,0,0,0,22,4,50,0
1990,37,1,0,0,0,1,55,3,40,0
1990,37,2,0,0,0,1,155,5,4,0
1990,31,1,0,0,0,1,7,4,40,0
1990,31,2,0,0,0,1,7,4,40,0
1990,31,2,3,0,0,0,657,1,35,0
1990,40,1,0,0,0,1,22,3,60,1
1990,42,2,0,0,0,1,736,1,12,0
1990,35,2,2,0,0,0,313,3,40,0
1990,31,1,2,0,0,0,585,0,40,0
1990,23,1,3,0,0,1,555,0,40,0
1990,19,2,1,0,0,1,385,6,30,0
1990,33,1,2,0,0,0,779,1,37,0
1990,56,1,0,0,0,0,693,1,48,0
1990,53,2,0,0,0,0,0,0,0,0
1990,64,1,2,0,0,1,23,5,10,0
1990,50,1,0,3,3,1,669,4,60,0
1990,48,2,0,3,3,0,319,4,60,0
1990,24,2,3,0,0,0,0,0,0,0
1990,30,1,1,0,0,0,436,3,40,0
1990,63,2,3,2,1,0,0,0,0,0
1990,58,2,1,0,3,0,744,4,40,0
1990,68,1,0,0,0,0,0,0,0,0
1990,64,2,0,0,0,0,308,3,0,0
1990,49,2,2,0,0,1,14,5,50,0
1990,25,1,1,0,0,1,364,3,58,0
1990,20,1,1,0,0,1,188,4,20,0
1990,45,1,2,0,0,1,567,0,5,0
1990,35,2,0,0,0,1,13,4,0,0
1990,35,1,0,0,0,1,25,4,50,1
1990,63,2,3,0,0,1,0,0,0,0
1990,38,2,1,1,0,0,65,2,40,0
1990,23,1,1,0,0,1,259,3,20,0
1990,21,2,1,0,0,1,177,5,40,0
1990,29,2,1,0,0,1,254,4,40,0
1990,25,2,3,2,0,1,229,4,40,0
1990,24,1,0,0,0,1,203,5,40,0
1990,22,2,0,0,0,1,22,4,40,0
1990,31,1,0,0,0,1,373,3,40,0
1990,29,2,0,0,0,1,5,6,40,0
1990,47,1,0,0,0,1,243,4,50,1
1990,44,2,0,0,0,1,164,5,37,0
1990,30,1,0,0,0,1,447,5,40,0
1990,27,2,0,0,0,1,257,4,40,0
1990,33,1,2,0,0,1,259,3,48,0
1990,32,2,1,0,0,1,95,5,40,0
1990,28,1,1,3,3,1,303,4,50,0
1990,19,2,1,0,0,0,243,3,40,0
1990,25,1,1,0,0,0,573,0,35,0
1990,24,1,1,0,0,1,573,0,40,0
1990,68,1,0,0,0,0,43,5,16,0
1990,65,2,0,0,0,1,0,0,0,0
1990,37,1,1,0,0,1,877,3,48,0
1990,67,2,3,0,2,0,264,3,22,0
1990,39,1,1,0,0,0,444,5,20,0
1990,28,1,0,3,3,0,783,3,93,0
1990,19,2,0,3,3,0,436,1,52,0
1990,28,1,1,3,3,0,505,3,40,0
1990,28,1,1,3,3,0,573,0,12,0
1990,28,2,1,3,3,0,435,3,0,0
1990,20,2,1,3,3,0,435,3,40,0
1990,37,1,0,1,0,1,343,4,40,0
1990,28,2,0,1,0,1,365,4,50,0
1990,30,2,1,0,0,1,869,2,0,0
1990,56,1,3,0,0,1,216,2,60,1
1990,68,1,0,0,0,0,0,0,0,0
1990,67,2,0,0,0,0,0,0,0,0
1990,37,1,0,0,0,1,549,4,40,0
1990,31,2,0,0,0,1,466,5,50,0
1990,22,2,1,0,0,0,339,2,50,0
1990,69,2,3,0,0,0,0,0,0,0
1990,47,1,0,3,1,1,23,4,40,0
1990,47,2,0,3,1,1,65,4,40,0
1990,35,1,1,1,0,1,785,5,40,0
1990,70,2,3,0,0,0,0,0,0,0
1990,40,1,1,0,0,0,529,2,40,0
1990,51,1,0,0,0,1,22,2,0,0
1990,51,2,0,0,0,1,313,3,40,0
1990,79,1,3,0,0,1,0,0,0,0
1990,69,2,3,0,0,0,356,6,0,0
1990,40,1,2,0,0,0,364,3,40,0
1990,25,2,2,0,0,1,327,1,40,0
1990,55,1,0,0,0,0,243,3,50,1
1990,55,2,0,0,0,0,0,0,0,0
1990,53,1,0,1,0,0,159,1,37,1
1990,44,2,0,1,0,1,156,5,40,0
1990,21,2,1,1,0,1,313,5,10,0
1990,22,2,1,1,0,1,386,5,20,0
1990,54,2,1,1,0,0,785,1,50,0
1990,23,2,1,1,0,1,315,6,0,0
1990,58,2,3,1,0,0,748,4,40,0
1990,34,1,1,1,0,1,444,3,30,0
1990,70,2,2,0,0,0,0,0,0,0
1990,24,1,0,0,0,1,213,6,40,0
1990,25,2,0,0,0,1,95,5,38,0
1990,40,1,0,1,0,1,436,5,37,0
1990,39,2,0,1,0,1,95,5,40,0
1990,25,2,1,0,2,1,274,3,50,0
1990,37,2,0,1,0,0,274,3,40,0
1990,41,1,0,1,0,1,453,1,40,0
1990,39,1,0,1,0,0,637,2,80,0
1990,37,2,0,1,0,0,337,4,40,0
1990,37,1,0,0,0,0,518,1,40,0
1990,42,2,0,0,0,1,458,4,32,0
1990,28,1,0,0,0,0,684,1,45,0
1990,26,2,0,0,0,0,313,6,40,0
1990,28,2,1,0,0,0,379,2,40,0
1990,28,1,1,0,0,0,785,5,40,0
1990,27,1,0,0,0,0,804,3,40,0
1990,23,2,0,0,0,0,313,4,37,0
1990,38,2,3,0,0,0,208,5,40,0
1990,19,1,1,0,0,0,435,3,40,0
1990,38,2,1,0,0,0,315,6,40,0
1990,62,1,0,0,0,1,16,2,44,0
1990,60,2,0,0,0,0,313,6,40,0
1990,25,1,0,0,0,0,567,0,43,0
1990,24,2,0,0,0,0,337,3,40,0
1990,67,2,1,1,0,0,449,5,0,0
1990,32,2,1,0,0,1,255,4,40,0
1990,62,2,3,0,0,0,0,0,0,0
1990,29,1,1,0,0,1,856,3,44,0
1990,18,2,1,0,0,0,757,5,40,0
1990,31,1,0,0,0,1,13,4,45,0
1990,32,2,0,0,0,1,213,6,40,0
1990,48,1,0,0,0,1,157,5,0,0
1990,45,2,0,0,0,1,156,5,40,0
1990,55,1,0,0,0,0,808,5,20,0
1990,51,2,0,0,0,0,808,5,30,0
1990,19,1,3,0,0,0,505,4,40,0
1990,68,2,3,0,0,0,0,0,0,0
1990,24,1,0,0,0,0,485,6,48,0
1990,22,2,0,3,0,0,308,2,40,0
1990,34,1,1,0,2,0,577,0,40,0
1990,27,1,2,0,0,0,359,2,40,0
1990,29,2,3,0,0,1,439,3,40,0
1990,32,1,0,0,0,1,243,3,45,0
1990,35,2,0,0,0,1,0,0,0,0
1990,48,2,3,1,0,0,436,3,40,0
1990,27,1,1,1,0,0,563,0,30,0
1990,42,1,2,1,0,0,563,0,30,0
1990,33,1,0,0,0,1,687,3,50,0
1990,33,2,0,0,0,1,313,4,30,0
1990,25,1,0,0,0,1,22,3,42,0
1990,26,2,0,0,0,1,373,3,40,0
1990,33,1,0,0,0,1,417,6,40,0
1990,33,2,0,0,0,1,376,4,35,0
1990,26,1,0,0,0,1,22,1,50,0
1990,25,2,0,0,0,1,313,6,40,0
1990,26,1,0,0,0,1,486,0,50,0
1990,29,2,0,0,0,1,313,5,50,0
1990,44,1,0,0,0,1,55,2,40,1
1990,45,2,0,0,0,1,385,3,24,0
1990,18,1,1,0,0,1,467,4,15,0
1990,24,1,3,0,0,0,426,6,40,0
1990,68,2,3,1,0,0,407,4,0,0
1990,46,1,0,0,0,0,579,5,40,0
1990,43,2,0,0,0,0,889,3,40,0
1990,36,1,0,1,0,1,308,1,40,0
1990,35,2,0,1,0,1,27,6,40,0
1990,45,1,0,0,0,1,35,0,60,0
1990,42,2,0,0,0,1,0,0,0,0
1990,58,1,0,0,0,0,0,0,0,0
1990,44,2,0,0,0,0,276,4,35,0
1990,19,2,1,0,0,0,276,3,40,0
1990,36,1,0,0,0,1,413,6,56,1
1990,35,2,0,0,0,1,339,2,20,0
1990,45,1,3,1,0,1,658,4,40,0
1990,40,2,3,1,0,1,5,6,40,0
1990,51,1,0,1,0,0,804,3,35,1
1990,48,2,0,1,0,0,453,4,10,0
1990,29,2,1,1,0,0,0,0,0,0
1990,28,1,3,1,0,1,379,4,40,0
1990,35,2,2,0,0,0,313,6,40,0
1990,24,2,1,0,0,0,457,4,35,0
1990,27,1,2,0,0,0,595,0,32,0
1990,44,1,3,1,0,0,889,1,40,0
1990,43,1,2,0,0,0,556,0,40,0
1990,45,1,0,0,0,1,5,6,40,0
1990,36,2,0,0,0,1,95,5,50,0
1990,26,1,0,0,0,1,35,5,49,0
1990,25,2,0,0,0,1,276,3,40,0
1990,62,1,0,1,0,1,0,0,0,0
1990,62,2,0,1,0,1,156,5,30,0
1990,64,2,2,1,0,0,0,0,0,0
1990,45,1,3,1,0,0,424,6,40,0
1990,31,1,1,1,0,1,869,0,44,0
1990,22,1,1,1,0,0,243,3,50,0
1990,35,1,0,1,0,0,453,5,40,0
1990,38,2,0,1,0,1,27,4,40,0
1990,48,1,3,1,0,1,417,6,60,0
1990,37,2,2,1,0,1,207,5,40,0
1990,40,1,1,1,0,0,435,4,60,0
1990,38,2,1,1,0,1,447,5,40,0
1990,24,2,3,1,0,0,449,4,40,0
1990,34,1,2,2,0,1,887,4,25,0
1990,36,2,1,1,0,0,275,4,40,0
1990,42,2,2,1,0,0,747,4,40,0
1990,19,1,1,1,0,0,436,3,40,0
1990,41,1,1,1,0,0,779,4,40,0
1990,75,2,0,1,0,0,0,0,0,0
1990,54,2,3,1,0,1,0,0,0,0
1990,55,1,3,1,0,0,573,0,0,0
1990,71,2,1,1,0,0,0,0,0,0
1990,52,2,2,1,0,0,156,5,35,0
1990,72,1,3,1,0,0,0,0,0,0
1990,56,1,1,1,0,0,0,0,0,0
1990,73,2,3,1,0,0,0,0,0,0
1990,35,1,0,0,0,1,628,1,40,0
1990,23,2,0,0,0,1,313,5,40,0
1990,60,1,0,0,0,1,277,5,50,0
1990,57,2,0,0,0,1,319,5,40,0
1990,30,1,3,1,0,0,0,0,0,0
1990,18,2,1,0,0,1,468,5,10,0
1990,19,2,1,1,0,1,435,3,25,0
1990,27,1,1,0,0,1,229,6,40,0
1990,35,1,1,0,0,1,329,5,40,0
1990,55,1,2,0,0,1,464,4,0,0
1990,70,2,3,0,0,1,0,0,0,0
1990,40,1,0,0,0,1,22,3,50,1
1990,39,2,0,0,0,1,389,5,40,0
1990,24,2,1,0,0,1,435,3,25,0
1990,53,1,0,1,0,0,486,0,40,0
1990,52,2,0,1,0,0,404,4,80,0
1990,30,2,1,1,0,1,95,5,24,0
1990,76,2,3,1,0,0,0,0,0,0
1990,36,1,1,0,0,1,346,4,40,0
1990,23,2,1,0,0,1,73,5,37,0
1990,25,2,1,0,0,0,436,3,43,0
1990,72,2,3,1,0,0,0,0,0,0
1990,54,1,3,1,0,0,426,4,40,0
1990,63,1,0,0,0,1,25,4,0,1
1990,61,2,0,0,0,0,243,3,16,0
1990,57,1,0,0,0,1,21,5,50,1
1990,56,2,0,0,0,1,0,0,0,0
1990,51,2,1,0,0,1,21,5,42,0
1990,67,2,3,0,0,1,0,0,0,0
1990,26,1,1,0,0,0,529,2,40,0
1990,60,1,2,0,0,1,0,0,0,0
1990,47,2,2,0,0,1,313,4,40,0
1990,21,2,1,0,0,1,467,5,40,0
1990,21,1,1,0,0,1,164,5,40,0
1990,61,2,3,0,0,1,37,3,50,0
1990,50,1,0,0,0,1,84,5,60,1
1990,51,2,0,0,0,1,167,4,25,1
1990,27,2,1,0,0,1,188,5,15,0
1990,54,2,3,1,0,0,0,0,0,0
1990,29,1,0,0,0,1,447,5,50,0
1990,29,2,0,0,0,1,84,5,80,0
1990,57,2,2,1,0,0,447,5,40,0
1990,33,2,1,1,0,0,439,3,8,0
1990,29,2,1,1,0,0,438,3,20,0
1990,59,1,1,0,0,0,0,0,0,0
1990,71,1,0,0,0,1,22,3,0,0
1990,65,2,0,0,0,0,0,0,0,0
1990,74,1,0,0,0,0,0,0,0,0
1990,70,2,0,0,0,0,0,0,0,0
1990,76,2,3,0,0,1,0,0,0,0
1990,45,2,1,0,0,1,453,5,40,0
1990,68,2,3,0,0,1,319,5,40,0
1990,38,1,2,1,0,1,628,1,40,0
1990,45,2,2,1,0,0,878,1,40,0
1990,25,1,1,1,0,1,883,3,32,0
1990,23,1,1,1,0,1,156,5,40,0
1990,59,1,0,0,0,0,848,1,40,0
1990,60,2,0,0,0,0,0,0,0,0
1990,34,2,2,0,0,1,319,0,50,0
1990,32,1,3,0,0,0,529,3,40,0
1990,30,2,0,1,0,0,466,5,50,0
1990,31,1,0,1,0,1,808,5,55,0
1990,29,1,0,0,0,0,567,0,30,0
1990,29,2,0,0,0,0,335,3,40,0
1990,49,1,0,1,0,0,783,2,40,0
1990,26,2,0,3,3,1,436,3,40,0
1990,80,2,3,0,0,0,0,0,0,0
1990,37,2,3,1,0,1,313,6,40,0
1990,59,2,3,1,0,0,448,6,40,0
1990,42,1,2,1,0,1,804,2,50,0
1990,29,2,1,0,3,1,84,5,60,0
1990,79,1,0,0,0,0,0,0,0,0
1990,74,2,0,0,0,0,0,0,0,0
1990,80,2,0,0,0,0,0,0,0,0
1990,78,1,0,0,0,1,327,2,5,0
1990,67,1,0,0,0,0,79,0,0,0
1990,61,2,0,0,0,0,0,0,0,0
1990,48,1,0,0,0,1,507,2,40,0
1990,49,2,0,0,0,1,207,5,50,0
1990,21,2,0,0,0,1,383,4,40,0
1990,25,1,0,0,0,0,804,0,40,0
1990,33,1,0,0,0,0,589,0,40,0
1990,29,2,0,0,0,0,155,5,35,0
1990,41,1,0,0,0,1,22,6,45,1
1990,40,2,0,0,0,1,73,5,40,0
1990,59,2,3,0,0,0,319,5,12,0
1990,42,1,0,0,0,0,804,1,40,0
1990,47,2,0,3,0,0,276,3,80,0
1990,64,1,0,0,0,1,258,1,50,1
1990,64,2,0,0,0,1,0,0,0,0
1990,32,1,0,0,0,1,156,5,50,0
1990,31,2,0,3,3,1,445,5,40,0
1990,51,1,0,0,0,0,0,0,0,0
1990,50,2,0,0,0,0,0,0,0,0
1990,29,1,0,0,0,1,156,5,50,0
1990,29,2,0,0,0,1,254,4,40,0
1990,42,1,0,0,0,0,844,0,40,0
1990,35,2,0,0,0,0,276,3,40,0
1990,73,2,3,0,0,0,0,0,0,0
1990,22,2,1,0,0,1,154,5,17,0
1990,22,2,1,0,0,1,435,3,40,0
1990,22,2,1,0,0,1,234,5,25,0
1990,21,2,1,0,0,1,433,3,10,0
1990,29,1,0,2,0,0,567,0,45,0
1990,28,2,0,2,0,0,436,3,40,0
1990,20,2,1,0,0,1,175,5,42,0
1990,19,1,1,0,0,1,427,5,40,0
1990,42,1,0,0,0,1,687,3,55,1
1990,43,2,0,0,0,1,243,3,55,0
1990,21,2,0,0,0,1,468,5,40,0
1990,23,1,0,0,3,1,55,5,40,0
1990,77,1,0,0,0,0,0,0,0,0
1990,65,2,0,0,0,0,243,3,0,0
1990,37,1,0,0,0,1,157,5,40,0
1990,36,2,0,0,0,1,5,6,40,0
1990,36,1,0,0,0,1,22,2,50,0
1990,34,2,0,0,0,1,156,5,45,0
1990,74,1,0,1,0,0,0,0,0,0
1990,72,2,0,1,0,0,0,0,0,0
1990,64,1,0,0,0,0,22,3,63,0
1990,64,2,0,0,0,0,337,3,45,0
1990,63,1,0,0,0,0,777,1,40,0
1990,62,2,0,0,0,0,0,0,0,0
1990,55,1,0,0,0,0,804,2,0,0
1990,51,2,0,0,0,0,313,5,25,0
1990,60,1,0,1,0,0,734,6,40,0
1990,38,2,0,1,0,0,0,0,0,0
1990,29,1,0,0,0,1,525,4,50,0
1990,30,2,0,0,2,0,363,6,40,0
1990,48,1,0,0,0,1,22,1,60,1
1990,46,2,0,0,0,1,628,1,4,0
1990,36,1,0,1,0,1,355,2,44,0
1990,32,2,0,1,0,1,379,2,42,0
1990,31,1,0,0,0,0,453,2,50,0
1990,37,2,0,0,0,1,385,3,40,0
1990,30,1,0,0,0,0,22,0,40,0
1990,32,2,0,0,0,1,308,5,38,0
1990,38,1,0,0,0,1,903,6,60,0
1990,36,2,0,0,0,1,379,1,40,0
1990,48,1,0,0,0,1,23,6,40,1
1990,45,2,0,0,0,1,337,6,37,0
1990,20,1,1,2,0,0,365,6,80,0
1990,43,1,0,0,0,0,903,6,60,0
1990,43,2,0,0,0,0,383,4,40,0
1990,19,1,1,0,0,0,17,3,40,0
1990,37,1,1,1,0,0,804,0,40,0
1990,35,2,1,1,0,0,337,2,80,0
1990,39,1,0,3,0,1,226,6,40,0
1990,36,2,0,3,0,0,0,0,0,0
1990,28,1,0,0,0,1,534,4,40,0
1990,25,2,0,0,0,0,379,6,30,0
1990,25,2,1,0,0,1,796,5,40,0
1990,24,2,1,0,0,1,447,5,40,0
1990,42,1,0,0,0,0,527,2,50,1
1990,41,2,0,0,0,0,0,0,0,0
1990,42,1,0,0,0,1,376,6,40,1
1990,37,2,0,0,0,1,156,5,20,0
1990,35,2,0,0,0,0,254,4,40,0
1990,36,1,0,0,0,1,567,0,40,0
1990,27,1,0,0,0,1,216,4,40,0
1990,27,2,0,0,0,1,257,4,0,0
1990,61,1,0,0,0,0,585,5,40,0
1990,63,2,0,0,0,0,877,3,28,0
1990,27,1,1,0,0,0,348,6,40,0
1990,35,2,2,0,0,0,313,6,40,0
1990,69,1,0,0,0,0,0,0,0,0
1990,74,2,0,0,0,0,0,0,0,0
1990,63,1,0,0,0,0,558,6,40,0
1990,51,2,0,0,0,0,243,3,30,0
1990,67,1,3,1,0,0,0,0,0,0
1990,71,1,3,1,0,0,0,0,0,0
1990,52,2,2,1,0,1,95,5,54,1
1990,29,1,1,1,0,0,563,0,37,0
1990,32,1,0,1,0,0,497,0,50,0
1990,30,2,0,1,0,0,407,4,18,0
1990,60,2,3,0,0,0,0,0,0,0
1990,69,2,3,0,0,1,337,0,0,0
1990,42,2,2,0,0,1,185,4,52,0
1990,66,1,1,0,0,1,0,0,0,0
1990,39,1,1,0,0,1,18,4,40,1
1990,67,1,0,0,0,1,267,3,0,0
1990,67,2,0,0,0,0,338,3,0,0
1990,28,1,1,0,0,0,505,3,45,0
1990,28,2,2,0,0,1,684,1,40,0
1990,61,2,3,1,0,0,436,5,40,0
1990,39,1,0,1,0,1,22,1,24,0
1990,30,2,0,1,0,0,449,4,15,0
1990,46,1,0,0,0,1,178,1,58,1
1990,46,2,0,0,0,1,21,5,3,0
1990,18,2,1,0,0,0,274,3,32,0
1990,64,1,0,0,0,1,319,4,0,0
1990,62,2,0,0,0,0,458,4,20,0
1990,79,1,3,0,0,1,357,6,0,0
1990,72,2,3,0,0,0,0,0,0,0
1990,59,1,0,0,0,0,243,4,16,0
1990,56,2,0,0,0,0,319,5,15,0
1990,43,1,0,0,0,1,21,5,45,0
1990,42,2,0,0,0,1,5,6,40,0
1990,18,1,1,0,0,0,829,2,40,0
1990,49,1,0,0,0,0,243,3,45,0
1990,53,2,0,0,0,0,243,1,30,0
1990,68,2,3,0,0,0,0,0,0,0
1990,65,2,3,0,0,0,889,3,0,0
1990,65,1,0,0,0,0,579,0,0,0
1990,59,2,0,0,0,0,259,1,40,0
1990,22,1,0,0,0,1,426,6,40,0
1990,22,2,0,0,0,1,14,5,0,0
1990,67,1,0,0,0,0,0,0,0,0
1990,66,2,0,0,0,0,0,0,0,0
1990,77,2,3,0,0,0,438,3,7,0
1990,51,2,2,0,0,0,313,4,35,0
1990,57,2,0,0,0,0,628,1,0,0
1990,67,1,0,0,0,0,804,2,15,0
1990,30,1,0,0,0,0,505,4,60,0
1990,30,2,0,0,0,0,487,0,25,0
1990,40,2,0,0,0,0,379,6,35,0
1990,42,1,0,0,0,0,265,3,35,0
1990,27,1,0,0,0,0,889,0,40,0
1990,26,2,0,0,0,0,303,3,0,0
1990,26,1,0,0,0,0,877,3,55,0
1990,24,2,0,0,0,1,17,3,75,0
1990,74,2,3,0,0,0,0,0,0,0
1990,62,2,3,0,0,0,0,0,0,0
1990,55,2,3,0,0,1,17,4,35,0
1990,70,1,0,0,0,0,0,0,0,0
1990,63,2,0,0,0,0,458,4,40,0
1990,63,1,0,0,0,1,59,5,40,1
1990,59,2,0,0,0,1,254,4,0,0
1990,40,1,0,0,0,0,8,2,60,1
1990,38,2,0,0,0,1,213,5,0,0
1990,19,1,1,0,0,1,339,1,30,0
1990,37,1,0,0,0,1,243,3,40,0
1990,30,2,0,0,0,0,748,4,15,0
1990,27,2,2,0,0,1,95,5,42,0
1990,70,1,2,0,0,0,668,4,60,0
1990,60,1,3,0,0,0,0,0,0,0
1990,79,2,3,0,0,0,0,0,0,0
1990,62,1,0,0,0,1,264,3,40,1
1990,57,2,0,0,0,1,264,3,6,0
1990,55,2,3,0,0,0,276,3,40,0
1990,40,1,0,0,0,0,503,1,55,0
1990,39,2,0,0,0,0,0,0,0,0
1990,19,1,1,0,0,0,856,1,40,0
1990,23,2,1,1,0,0,276,3,30,0
1990,37,1,0,1,0,0,479,0,40,0
1990,35,2,0,1,0,0,436,5,30,0
1990,74,2,3,1,0,0,0,0,0,0
1990,36,1,3,1,0,0,534,0,48,0
1990,43,1,0,0,0,1,355,2,55,0
1990,40,2,0,0,0,1,254,4,40,0
1990,19,2,1,0,0,1,383,4,8,0
1990,26,2,1,1,0,0,738,1,80,0
1990,24,1,1,1,0,0,885,3,40,0
1990,29,2,1,1,0,0,909,6,0,0
1990,33,1,3,0,0,0,779,1,0,0
1990,53,1,0,0,0,1,253,4,50,1
1990,51,2,0,0,0,1,174,6,40,0
1990,21,2,1,0,0,0,466,5,40,0
1990,42,1,0,0,0,1,179,6,40,1
1990,41,2,0,0,1,1,167,5,30,0
1990,65,1,3,1,0,0,869,0,30,0
1990,69,1,1,1,0,0,869,0,12,0
1990,70,2,3,0,0,0,274,3,7,0
1990,74,1,2,0,0,0,0,0,0,0
1990,46,1,0,1,0,0,278,1,0,0
1990,46,2,0,1,0,0,447,5,40,0
1990,25,1,1,1,0,0,869,0,52,0
1990,21,1,3,1,0,1,278,1,40,0
1990,20,1,1,1,0,1,199,5,42,0
1990,22,1,1,1,0,0,869,0,0,0
1990,19,1,1,0,0,0,795,6,40,0
1990,34,1,0,0,0,1,153,6,50,0
1990,32,2,0,0,0,1,0,0,0,0
1990,40,1,0,1,0,0,856,1,40,0
1990,31,2,0,1,0,1,17,3,40,0
1990,57,1,0,0,0,1,65,6,40,0
1990,59,2,0,0,0,1,186,5,2,0
1990,43,2,2,0,0,0,389,4,40,0
1990,18,2,1,0,0,0,276,3,0,0
1990,27,1,0,1,0,0,628,1,40,0
1990,27,2,0,1,0,0,449,4,35,0
1990,24,2,1,1,0,0,449,4,40,0
1990,49,1,0,1,0,0,547,1,40,0
1990,47,2,0,1,0,0,887,1,18,0
1990,26,2,1,1,0,1,264,3,0,0
1990,20,1,1,1,0,0,889,1,40,0
1990,32,1,0,1,0,0,875,2,40,0
1990,30,2,0,0,0,0,308,1,40,0
1990,78,2,3,0,0,0,0,0,0,0
1990,71,1,0,1,0,0,423,6,0,0
1990,73,2,0,1,0,0,0,0,0,0
1990,40,1,0,1,0,0,785,1,40,0
1990,37,2,0,1,0,0,368,1,32,0
1990,32,1,0,1,0,1,243,3,52,0
1990,34,2,0,1,0,1,27,5,40,0
1990,44,1,0,0,0,0,243,3,50,0
1990,42,2,0,0,0,0,337,1,42,0
1990,21,2,1,0,0,1,0,0,0,0
1990,56,1,0,0,0,1,86,6,0,0
1990,52,2,0,0,0,1,37,5,30,0
1990,18,1,1,0,0,0,365,3,10,0
1990,45,2,2,0,0,1,156,5,35,0
1990,22,2,1,0,0,0,0,0,0,0
1990,76,1,0,0,0,0,0,0,0,0
1990,74,2,0,0,0,0,0,0,0,0
1990,31,1,0,0,0,1,628,4,45,0
1990,30,2,0,0,0,1,186,5,5,0
1990,62,1,0,0,0,0,585,0,40,0
1990,57,2,0,0,0,0,0,0,0,0
1990,42,1,0,0,0,1,213,1,45,1
1990,40,2,0,0,0,0,313,3,56,0
1990,20,2,1,0,0,1,154,5,10,0
1990,37,1,0,0,0,0,844,0,48,0
1990,36,2,0,0,0,0,276,3,40,0
1990,58,1,0,1,0,1,379,6,40,0
1990,53,2,0,1,0,1,5,6,32,0
1990,45,2,2,1,0,0,889,1,0,0
1990,73,2,3,0,0,0,0,0,0,0
1990,30,2,1,1,0,1,447,5,40,0
1990,36,2,1,1,0,0,447,5,40,0
1990,64,2,3,1,0,0,0,0,0,0
1990,80,2,3,1,0,0,0,0,0,0
1990,44,2,2,1,0,0,407,4,0,0
1990,52,1,1,1,0,0,0,0,0,0
1990,51,2,2,0,0,1,22,5,10,0
1990,78,2,1,0,0,1,0,0,0,0
1990,24,1,0,0,0,1,22,4,45,0
1990,23,2,0,0,0,0,385,1,40,0
1990,63,1,0,1,0,0,889,2,0,0
1990,66,2,0,1,0,0,387,6,40,0
1990,28,1,0,0,0,0,628,1,44,0
1990,27,2,0,0,0,0,313,5,40,0
1990,46,1,0,1,0,0,779,1,40,0
1990,42,2,0,1,0,0,313,5,40,0
1990,33,1,0,0,0,1,903,6,50,0
1990,32,2,0,0,0,1,234,5,0,0
1990,62,1,0,0,0,0,263,3,0,0
1990,52,2,0,0,0,1,389,2,40,0
1990,28,1,0,0,0,1,417,6,56,0
1990,26,2,0,0,0,0,335,5,0,0
1990,45,1,0,0,0,1,6,6,40,1
1990,48,2,0,0,0,1,156,5,40,0
1990,57,1,0,0,0,1,53,0,40,1
1990,48,2,0,0,0,1,313,2,37,0
1990,53,2,0,0,0,1,379,3,35,0
1990,60,1,0,0,0,0,213,6,45,0
1990,44,1,0,0,0,0,768,0,40,0
1990,43,2,0,0,0,0,274,3,35,0
1990,23,2,1,0,0,1,453,4,40,0
1990,19,1,1,0,0,0,585,1,40,0
1990,34,1,0,0,0,1,7,0,40,0
1990,29,2,0,0,0,0,385,0,24,0
1990,25,1,0,1,0,0,599,3,40,0
1990,24,2,0,1,0,0,175,5,45,0
1990,56,1,0,0,0,0,825,2,40,0
1990,56,2,0,0,0,0,156,5,35,0
1990,58,1,0,1,0,0,804,2,50,0
1990,51,2,0,1,0,0,313,5,32,0
1990,66,2,3,0,0,1,95,5,0,0
1990,29,1,0,0,0,0,22,6,84,0
1990,36,2,0,0,0,0,0,0,0,0
1990,51,1,0,0,0,0,485,5,40,0
1990,46,2,0,0,0,0,379,5,40,0
1990,22,1,1,0,0,1,575,0,40,0
1990,21,1,1,0,0,1,235,3,40,0
1990,56,1,0,1,0,1,158,5,48,1
1990,56,2,0,1,0,1,156,5,42,0
1990,20,1,1,1,0,0,869,0,0,0
1990,24,2,2,0,0,0,436,3,0,0
1990,59,1,2,0,0,1,22,5,45,0
1990,36,1,1,1,0,0,523,0,40,0
1990,33,1,0,2,0,1,14,5,40,0
1990,34,2,0,1,0,1,379,2,40,0
1990,43,1,0,0,0,1,378,4,45,0
1990,34,2,0,0,0,1,436,5,12,0
1990,41,1,0,0,0,1,418,6,50,0
1990,36,2,0,0,0,0,379,3,15,0
1990,45,1,0,0,0,0,259,3,40,0
1990,38,2,0,0,0,0,229,3,40,0
1990,58,1,2,0,0,0,824,2,40,0
1990,18,1,1,0,0,0,436,3,0,0
1990,38,2,2,0,0,0,486,0,20,0
1990,67,1,3,0,0,0,453,5,0,0
1990,33,1,1,1,0,1,575,0,35,0
1990,33,2,3,1,0,0,357,6,40,0
1990,34,1,1,0,0,1,883,3,40,0
1990,44,2,0,1,0,1,303,5,40,0
1990,42,1,0,1,0,0,804,2,40,0
1990,37,2,0,0,3,1,95,5,20,0
1990,41,1,0,0,0,1,903,6,95,0
1990,63,2,3,0,0,0,449,5,0,0
1990,31,1,1,0,0,1,804,3,38,0
1990,39,1,0,0,0,0,556,1,40,0
1990,36,2,0,0,0,0,0,0,0,0
1990,18,1,1,0,0,0,0,0,0,0
1990,57,2,3,0,0,1,95,5,40,0
1990,28,1,2,0,0,1,23,5,40,0
1990,72,2,1,0,0,0,0,0,0,0
1990,31,2,2,1,2,1,243,3,40,0
1990,55,1,3,3,3,1,436,6,40,0
1990,37,2,3,3,3,0,0,0,0,0
1990,28,1,1,3,3,0,719,1,0,0
1990,24,1,1,3,0,0,505,3,60,0
1990,25,1,0,1,0,1,547,1,40,0
1990,24,2,0,1,0,1,467,5,40,0
1990,36,1,0,0,0,0,563,1,50,0
1990,42,2,0,0,0,0,379,2,40,0
1990,76,2,3,0,0,0,0,0,0,0
1990,60,1,1,0,0,1,22,0,0,0
1990,73,1,0,0,0,1,0,0,0,0
1990,72,2,0,0,0,0,0,0,0,0
1990,74,1,0,0,0,1,243,3,30,0
1990,70,2,0,0,0,0,379,5,0,0
1990,56,2,3,0,0,0,0,0,0,0
1990,32,1,1,0,0,0,869,0,0,0
1990,46,1,1,0,0,0,0,0,0,0
1990,46,2,1,0,0,0,0,0,0,0
1990,23,1,1,0,0,1,208,5,80,0
1990,76,2,3,0,0,0,0,0,0,0
1990,36,2,1,1,0,1,357,5,32,0
1990,30,2,0,0,0,0,383,4,40,0
1990,30,1,0,0,0,0,509,1,40,0
1990,20,1,1,0,0,1,447,6,60,0
1990,70,2,3,0,0,0,0,0,0,0
1990,59,1,0,1,0,0,883,3,35,0
1990,52,2,0,1,0,0,447,5,40,0
1990,29,1,1,1,0,1,869,0,40,0
1990,40,1,0,1,0,0,779,1,40,0
1990,39,2,0,1,0,0,747,4,40,0
1990,20,2,1,1,0,0,0,0,0,0
1990,67,1,0,0,0,1,259,3,40,0
1990,62,2,0,0,0,1,337,5,40,0
1990,80,1,0,0,0,1,313,4,42,0
1990,77,2,0,0,0,0,0,0,0,0
1990,32,1,0,0,0,0,536,4,40,0
1990,29,2,0,0,0,0,365,2,40,0
1990,72,2,3,1,0,0,0,0,0,0
1990,46,2,2,1,0,0,453,6,40,0
1990,29,1,3,1,0,0,883,4,40,0
1990,41,1,2,1,0,1,567,0,40,0
1990,38,2,1,1,0,0,447,5,43,0
1990,20,1,1,1,0,0,804,3,40,0
1990,65,1,1,1,0,0,0,0,0,0
1990,65,1,0,1,0,0,0,0,0,0
1990,58,2,0,1,0,0,0,0,0,0
1990,56,2,3,1,0,0,453,5,40,0
1990,37,2,1,1,0,0,436,3,40,0
1990,24,1,1,1,0,1,463,2,20,0
1990,18,2,1,1,0,0,0,0,0,0
1990,58,2,3,0,0,0,276,3,40,0
1990,38,1,3,0,0,0,579,0,40,0
1990,31,2,3,0,0,1,159,5,40,0
1990,27,1,0,0,0,0,445,6,40,0
1990,24,2,0,0,0,0,208,5,50,0
1990,47,2,2,0,1,1,0,0,0,0
1990,39,2,2,1,0,0,436,3,40,0
1990,65,2,3,0,0,1,243,3,40,0
1990,33,1,3,0,0,0,683,1,40,0
1990,33,2,3,1,0,0,276,3,40,0
1990,46,2,2,1,0,1,207,5,40,0
1990,29,1,1,1,0,0,783,1,44,0
1990,41,1,0,1,0,1,426,5,30,0
1990,41,2,0,1,0,1,154,5,40,0
1990,37,1,0,1,0,0,779,1,42,0
1990,31,2,0,1,0,0,315,6,40,0
1990,32,2,3,0,0,1,15,5,40,0
1990,42,2,2,0,0,0,337,5,50,0
1990,21,2,1,0,0,0,319,4,40,0
1990,73,1,0,0,0,0,0,0,0,0
1990,64,2,0,0,0,0,0,0,0,0
1990,43,2,1,0,0,1,313,6,20,0
1990,57,1,0,0,0,0,646,6,40,0
1990,52,2,0,0,0,0,0,0,0,0
1990,34,1,0,0,0,1,303,4,40,0
1990,32,2,0,0,0,1,276,3,24,0
1990,49,2,0,0,0,1,157,5,40,0
1990,41,1,0,3,0,1,59,6,40,0
1990,22,1,0,0,0,0,829,6,60,0
1990,20,2,0,0,0,0,274,3,40,0
1990,76,1,0,0,0,0,0,0,0,0
1990,72,2,0,0,0,1,0,0,0,0
1990,33,1,0,0,0,0,567,0,40,0
1990,28,2,0,0,0,0,463,2,25,0
1990,25,1,0,0,0,0,503,6,40,0
1990,26,2,0,0,0,0,274,3,0,0
1990,37,2,2,0,0,1,156,5,40,0
1990,31,1,1,0,0,1,418,6,72,0
1990,39,1,0,1,4,0,887,4,45,0
1990,36,2,0,0,0,1,22,6,50,0
1990,55,1,1,0,0,0,508,2,40,0
1990,77,2,3,0,0,0,0,0,0,0
1990,25,1,3,0,0,1,523,6,40,0
1990,80,1,0,0,0,0,0,0,0,0
1990,73,2,0,0,0,0,0,0,0,0
1990,40,1,0,0,0,0,213,5,40,0
1990,38,2,0,0,0,1,274,3,25,0
1990,58,1,3,1,0,0,646,1,40,0
1990,50,1,0,0,0,0,303,6,40,0
1990,46,2,0,0,0,1,13,4,40,0
1990,21,1,1,0,0,1,866,0,40,0
1990,18,1,1,0,0,0,427,5,40,0
1990,34,1,0,0,0,1,417,6,53,0
1990,32,2,0,0,0,1,376,1,40,0
1990,20,1,1,1,0,0,365,6,8,0
1990,19,1,1,0,0,0,594,6,40,0
1990,25,1,2,0,0,0,783,6,50,0
1990,25,1,3,2,0,1,905,6,40,0
1990,37,1,2,0,0,0,833,6,40,0
1990,24,1,1,1,0,0,228,6,48,0
1990,20,1,1,3,3,0,575,6,99,0
1990,19,2,3,0,0,0,829,6,56,0
1990,20,1,1,0,0,1,228,6,60,0
1990,18,1,1,1,0,0,833,6,32,0
1990,20,1,1,0,0,0,438,6,0,0
1990,24,1,1,0,0,0,829,6,40,0
1990,22,1,3,0,0,0,365,6,80,0
1990,21,1,3,0,0,0,436,6,12,0
1990,20,1,1,1,0,0,228,6,40,0
1990,21,1,1,0,0,1,228,6,75,0
1990,22,1,1,1,0,1,315,6,86,0
1990,35,1,3,1,0,0,446,6,50,0
1990,19,1,1,0,0,0,637,6,65,0
1990,30,1,0,2,0,0,628,6,40,0
1990,31,2,0,2,0,0,243,3,45,0
1990,27,1,0,2,1,0,829,6,40,0
1990,27,2,0,2,0,0,276,3,0,0
1990,67,1,0,0,0,1,22,3,50,1
1990,65,2,0,0,0,1,0,0,0,0
1990,64,1,0,0,0,1,533,4,22,0
1990,63,2,0,0,0,0,0,0,0,0
1990,40,2,1,0,0,1,22,2,40,0
1990,47,1,0,0,0,1,558,0,35,0
1990,46,2,0,0,0,0,348,5,40,0
1990,33,1,0,2,1,0,379,6,60,0
1990,25,2,3,2,4,1,527,2,40,0
1990,20,2,1,1,0,0,426,4,40,0
1990,77,2,3,0,0,0,274,3,0,0
1990,80,1,0,0,0,1,22,0,30,0
1990,73,2,0,0,0,1,0,0,0,1
1990,55,1,1,0,0,1,377,4,35,0
1990,41,1,1,0,0,1,4,6,40,0
1990,31,2,1,0,0,1,154,5,60,0
1990,40,1,2,1,0,0,563,0,20,0
1990,19,1,1,1,0,0,436,3,40,0
1990,19,1,1,0,0,1,276,3,34,0
1990,66,2,3,1,0,0,0,0,0,0
1990,42,2,1,1,0,0,0,0,0,0
1990,34,2,1,1,0,0,0,0,0,0
1990,28,2,1,1,0,0,274,3,40,0
1990,27,1,1,1,0,0,436,3,30,0
1990,19,2,1,1,0,0,0,0,0,0
1990,26,1,0,0,0,1,549,1,48,0
1990,26,2,0,0,0,1,207,5,40,0
1990,24,2,1,0,0,0,8,3,40,0
1990,51,1,1,1,0,0,485,0,40,0
1990,28,1,1,1,0,0,308,4,40,0
1990,29,1,0,0,0,1,5,6,40,0
1990,29,2,0,0,0,1,376,5,35,0
1990,63,1,0,1,0,0,0,0,0,0
1990,33,2,0,1,0,1,95,5,45,0
1990,37,2,2,1,0,0,436,3,40,0
1990,38,1,3,1,0,0,0,0,0,0
1990,74,2,3,0,0,0,0,0,0,0
1990,43,2,3,1,0,0,447,5,0,0
1990,33,2,1,1,0,1,887,1,40,0
1990,37,1,1,1,0,1,808,2,40,0
1990,78,2,3,0,0,0,0,0,0,0
1990,42,2,1,0,0,0,337,3,35,0
1990,27,2,1,0,0,1,197,4,38,0
1990,28,2,1,0,0,1,157,5,50,0
1990,61,2,1,1,0,0,0,0,0,0
1990,48,2,1,1,0,0,406,4,55,0
1990,23,2,1,1,0,0,0,0,0,0
1990,20,1,3,1,0,0,439,1,40,0
1990,52,2,2,1,0,0,686,3,0,0
1990,26,1,1,1,0,0,486,4,18,0
1990,78,2,3,1,0,1,0,0,0,0
1990,20,2,1,1,0,1,274,3,35,0
1990,69,1,3,1,0,0,0,0,0,0
1990,69,2,2,1,0,0,0,0,0,0
1990,37,1,1,1,0,1,354,2,0,0
1990,62,2,0,1,0,0,444,5,40,0
1990,37,1,0,1,0,0,585,0,40,0
1990,32,1,1,1,0,0,856,2,40,0
1990,30,2,1,1,0,0,436,5,0,0
1990,33,2,2,1,0,0,453,5,0,0
1990,31,2,1,1,0,1,23,6,40,0
1990,34,2,1,1,0,1,447,5,33,0
1990,80,2,3,0,0,1,0,0,0,0
1990,64,2,3,0,0,0,186,5,40,0
1990,34,2,0,0,0,1,825,0,40,0
1990,36,1,0,0,0,1,166,2,40,0
1990,21,1,0,0,0,0,828,1,60,0
1990,19,2,0,0,0,0,435,3,25,0
1990,27,1,0,0,0,0,57,6,40,0
1990,30,2,0,0,0,0,887,3,20,0
1990,69,1,0,1,0,0,0,0,0,0
1990,70,2,0,1,0,1,0,0,0,0
1990,38,1,0,1,0,0,58,1,40,0
1990,36,2,0,1,0,1,389,4,40,0
1990,30,1,0,0,0,0,503,6,50,0
1990,26,2,0,0,0,1,319,0,45,0
1990,55,2,1,1,0,0,447,5,40,0
1990,58,2,0,0,0,0,338,4,40,0
1990,66,1,0,0,0,0,389,4,36,0
1990,32,1,1,0,0,0,779,4,35,0
1990,52,1,0,3,3,1,253,4,15,0
1990,48,2,0,3,3,0,744,1,40,0
1990,24,1,1,3,0,1,364,1,40,0
1990,23,1,1,3,0,1,335,5,10,0
1990,22,1,3,3,0,1,274,3,25,0
1990,62,1,0,0,0,1,0,0,0,0
1990,60,2,0,0,0,0,0,0,0,0
1990,32,1,0,0,0,1,243,4,60,0
1990,24,2,0,0,0,0,453,4,40,0
1990,40,1,0,0,0,0,869,0,58,0
1990,38,2,0,0,0,0,337,0,45,0
1990,18,1,1,0,0,0,756,4,35,0
1990,71,2,3,0,0,0,0,0,0,0
1990,32,2,1,1,0,0,319,1,40,0
1990,31,1,1,1,0,0,869,0,40,0
1990,37,2,2,0,0,0,23,0,45,0
1990,28,2,1,0,0,0,276,3,40,0
1990,42,1,1,0,0,0,413,6,56,0
1990,59,2,3,0,0,1,744,1,40,0
1990,21,1,1,0,0,0,505,2,40,0
1990,31,1,0,0,0,0,849,6,50,0
1990,31,2,0,0,0,0,23,6,40,0
1990,60,2,3,0,0,0,265,3,30,0
1990,66,2,3,0,0,0,0,0,0,0
1990,40,1,1,3,0,0,585,1,40,0
1990,60,1,0,0,0,1,889,4,40,0
1990,55,2,0,0,0,0,313,4,40,0
1990,47,1,0,0,0,1,22,5,50,1
1990,46,2,0,0,0,1,37,4,22,0
1990,23,1,1,0,0,0,567,0,60,0
1990,32,1,1,0,0,1,259,3,40,0
1990,63,1,2,1,0,0,0,0,0,0
1990,65,1,0,0,0,1,213,6,0,0
1990,59,2,0,0,0,0,254,4,0,0
1990,36,2,3,1,0,1,33,6,40,0
1990,21,1,0,0,0,0,523,2,50,0
1990,21,2,0,0,0,1,383,4,38,0
1990,43,1,1,1,0,0,355,2,0,0
1990,33,2,3,1,0,0,436,3,30,0
1990,52,1,0,0,0,0,28,3,40,0
1990,50,2,0,0,0,1,253,4,40,0
1990,26,2,2,0,0,1,208,5,15,0
1990,69,1,3,1,0,0,0,0,0,0
1990,70,1,0,1,0,0,0,0,0,0
1990,68,2,0,1,0,0,0,0,0,0
1990,20,1,0,0,0,1,208,5,42,0
1990,22,2,0,0,0,0,208,5,40,0
1990,45,2,3,0,0,1,329,5,40,0
1990,72,1,0,0,0,1,7,4,40,0
1990,64,2,0,0,0,1,0,0,0,0
1990,41,1,0,0,0,1,486,0,40,0
1990,42,2,0,0,0,1,206,5,20,0
1990,65,2,3,0,0,0,0,0,0,0
1990,76,1,0,0,0,0,0,0,0,0
1990,66,2,0,0,0,1,0,0,0,0
1990,72,1,0,0,0,0,0,0,0,0
1990,61,2,0,0,0,0,777,1,40,0
1990,40,2,2,0,0,0,274,3,40,0
1990,42,1,3,0,0,0,575,0,65,0
1990,33,1,0,0,0,1,22,1,50,0
1990,32,2,0,0,0,1,254,4,30,0
1990,62,1,0,0,0,1,243,3,25,0
1990,64,2,0,0,0,1,337,3,0,0
1990,37,1,2,0,0,1,5,6,54,0
1990,48,2,1,1,0,0,449,5,25,0
1990,30,1,1,1,0,0,448,4,40,0
1990,58,2,3,1,0,0,0,0,0,0
1990,75,1,0,0,0,1,558,0,40,0
1990,66,2,0,0,0,1,95,5,8,0
1990,32,2,3,1,0,0,436,4,40,0
1990,43,1,0,0,0,1,263,3,55,0
1990,41,2,0,0,0,1,156,5,36,0
1990,26,1,0,0,0,1,579,0,20,0
1990,24,2,0,0,0,1,435,3,35,0
1990,45,1,0,1,0,0,503,1,40,0
1990,40,2,0,1,0,0,0,0,0,0
1990,24,1,1,1,0,0,796,1,40,0
1990,23,2,1,1,0,0,686,3,40,0
1990,20,1,1,1,0,0,883,1,35,0
1990,49,1,0,1,0,0,859,2,40,0
1990,46,2,0,1,0,0,889,1,11,0
1990,26,1,1,1,0,1,303,4,40,0
1990,18,1,1,1,0,0,0,0,0,0
1990,76,1,0,1,0,0,0,0,0,0
1990,53,1,0,0,0,1,59,6,40,1
1990,53,2,0,0,0,0,0,0,0,0
1990,74,2,3,0,0,0,447,5,0,0
1990,46,1,0,0,0,0,243,3,60,0
1990,40,2,0,0,0,1,313,3,40,0
1990,19,1,1,0,0,0,269,3,42,0
1990,21,1,1,0,0,1,585,1,40,0
1990,30,1,0,0,2,0,804,1,70,0
1990,29,2,0,0,0,0,436,3,25,0
1990,38,1,0,0,0,0,779,6,40,0
1990,38,2,0,0,0,1,95,5,40,0
1990,55,1,0,0,0,1,426,1,50,1
1990,54,2,0,0,0,1,0,0,0,0
1990,56,2,3,0,0,0,337,5,40,0
1990,31,1,3,0,0,0,567,0,40,0
1990,29,1,0,0,0,1,84,6,50,0
1990,28,2,0,0,0,1,95,5,24,0
1990,26,1,0,0,0,0,515,6,40,0
1990,25,2,0,0,0,0,317,4,20,0
1990,40,1,0,0,0,1,503,2,50,1
1990,39,2,0,0,0,1,14,5,50,0
1990,44,1,0,0,0,1,529,2,40,0
1990,42,2,0,0,0,1,156,5,40,0
1990,31,1,2,0,0,0,523,6,50,0
1990,42,2,3,0,0,0,276,3,20,0
1990,21,1,1,0,0,0,507,6,60,0
1990,20,1,1,0,0,0,523,6,80,0
1990,31,1,0,1,0,1,486,5,40,0
1990,30,2,0,1,0,1,453,5,52,0
1990,35,1,1,1,0,1,354,2,48,0
1990,58,1,2,0,0,0,159,5,50,0
1990,54,2,3,0,0,0,0,0,0,0
1990,43,1,0,0,0,1,64,6,40,0
1990,40,2,0,0,0,1,307,6,40,0
1990,29,1,0,0,0,1,503,6,40,0
1990,25,2,0,0,0,1,313,5,40,0
1990,54,1,0,0,0,0,213,6,40,0
1990,54,2,0,0,0,0,303,4,0,0
1990,34,2,1,0,0,0,256,3,40,0
1990,24,2,1,0,0,0,337,0,40,0
1990,41,1,0,1,0,1,0,0,0,0
1990,37,2,0,1,0,1,796,3,32,0
1990,57,2,1,1,0,0,444,5,37,0
1990,57,1,0,0,0,0,503,1,0,0
1990,61,2,0,0,0,0,207,5,0,0
1990,29,1,0,0,0,1,637,1,40,0
1990,27,2,0,0,0,1,337,0,40,0
1990,62,1,0,0,0,0,22,5,30,0
1990,61,2,0,0,0,0,274,3,20,0
1990,34,1,3,0,0,0,22,4,40,0
1990,29,1,0,0,0,1,253,4,40,0
1990,28,2,0,0,0,0,378,3,40,0
1990,70,2,3,0,0,0,909,6,0,0
1990,75,2,3,0,0,0,0,0,0,0
1990,42,1,0,0,0,1,263,3,70,0
1990,42,2,0,0,0,1,889,3,20,0
1990,20,1,1,0,0,0,316,5,40,0
1990,48,1,0,0,0,1,804,2,40,1
1990,48,2,0,0,0,0,0,0,0,0
1990,24,1,1,0,0,1,22,6,60,0
1990,21,1,1,0,0,1,904,6,60,0
1990,34,1,0,1,0,0,365,6,40,0
1990,31,2,0,2,1,0,0,0,0,0
1990,47,1,0,0,0,1,903,6,60,1
1990,46,2,0,0,0,1,26,5,50,0
1990,18,1,1,0,0,0,435,5,20,0
1990,64,1,0,0,0,0,0,0,0,0
1990,62,2,0,0,0,0,0,0,0,0
1990,72,1,0,0,0,1,0,0,0,0
1990,74,2,0,0,0,0,0,0,0,0
1990,24,1,0,0,0,0,228,6,70,0
1990,22,2,0,0,2,0,0,0,0,0
1990,33,2,1,1,0,1,453,4,40,0
1990,58,1,0,0,0,1,253,4,60,0
1990,64,2,0,0,0,1,0,0,0,0
1990,47,1,0,0,0,0,415,6,40,0
1990,43,2,0,0,2,1,0,0,0,0
1990,20,1,1,0,0,1,486,5,50,0
1990,62,1,0,0,0,0,628,1,40,1
1990,58,2,0,0,0,0,0,0,0,0
1990,37,2,1,0,0,1,13,5,40,1
1990,46,1,0,3,0,1,7,1,60,1
1990,45,2,0,0,1,0,243,3,25,0
1990,23,1,3,0,0,0,218,5,40,0
1990,22,1,1,0,0,1,567,0,45,0
1990,44,1,2,0,0,1,22,5,50,1
1990,73,1,0,0,0,1,0,0,0,1
1990,51,2,0,0,0,1,0,0,0,0
1990,46,1,2,0,0,1,13,3,40,0
1990,59,2,3,0,0,0,259,3,45,0
1990,64,1,1,0,0,1,176,5,84,0
1990,50,1,1,0,0,1,176,5,50,0
1990,45,1,0,1,0,0,876,2,40,0
1990,38,2,0,1,0,0,319,1,40,0
1990,20,2,1,1,0,1,276,3,4,0
1990,29,2,0,0,0,1,203,5,40,0
1990,34,1,0,0,0,1,769,0,50,0
1990,53,2,3,0,0,0,0,0,0,1
1990,24,2,1,0,0,1,456,4,40,0
1990,28,1,2,0,4,1,17,3,40,0
1990,31,1,0,0,0,1,376,3,48,1
1990,32,2,0,0,0,1,166,5,10,0
1990,21,2,0,0,0,0,276,3,30,0
1990,20,1,0,0,0,0,523,6,40,0
1990,33,1,0,1,0,0,509,6,50,0
1990,35,2,0,1,0,1,0,0,0,0
1990,30,1,3,3,0,0,22,0,30,0
1990,27,2,1,0,0,1,23,5,40,0
1990,29,1,0,0,2,0,534,6,60,0
1990,26,2,0,0,0,0,0,0,0,0
1990,29,2,2,0,0,1,154,5,48,0
1990,34,1,1,0,0,0,508,6,40,0
1990,31,1,0,0,0,1,379,6,40,0
1990,32,2,0,0,0,1,406,4,0,0
1990,27,2,1,3,0,0,904,6,40,0
1990,32,1,0,1,0,0,515,6,40,0
1990,33,2,0,1,0,1,0,0,0,0
1990,25,1,1,0,0,1,869,0,40,0
1990,43,2,2,0,2,0,276,3,32,0
1990,23,2,1,0,4,1,329,5,20,0
1990,29,1,2,0,0,1,259,3,40,0
1990,38,2,3,0,0,0,254,4,35,0
1990,25,2,1,0,0,1,254,4,40,0
1990,39,2,2,0,0,0,263,3,80,0
1990,40,1,2,0,0,0,259,3,40,0
1990,63,2,0,0,0,0,0,0,0,0
1990,41,1,0,0,0,0,503,6,50,0
1990,33,2,0,0,0,1,467,5,40,0
1990,37,1,0,0,0,1,418,6,40,0
1990,30,2,0,0,0,1,266,3,45,0
1990,66,1,2,0,0,1,17,3,0,0
1990,49,2,3,0,0,0,348,4,25,0
1990,27,1,0,0,0,1,486,5,20,0
1990,26,2,0,0,0,1,23,4,40,0
1990,51,1,0,3,3,1,355,2,40,0
1990,44,2,0,3,3,1,229,4,40,0
1990,18,1,1,3,0,0,438,3,40,0
1990,56,2,3,0,0,0,317,4,40,0
1990,46,1,3,1,0,0,876,2,50,1
1990,28,1,0,0,0,1,567,0,40,0
1990,36,2,0,0,0,0,456,4,32,0
1990,55,2,2,0,0,1,387,5,35,0
1990,45,1,0,0,0,0,539,1,40,0
1990,36,2,0,0,0,1,95,5,0,0
1990,33,1,0,0,0,1,584,0,30,0
1990,26,2,0,0,0,0,584,0,30,0
1990,31,2,3,0,0,0,193,5,30,0
1990,25,1,1,0,0,1,65,3,40,0
1990,26,2,3,0,0,1,193,3,30,0
1990,72,1,0,0,0,0,327,3,40,0
1990,63,2,0,0,0,0,337,3,40,0
1990,49,1,0,0,0,1,254,4,50,0
1990,45,2,0,0,0,1,154,5,50,0
1990,40,1,0,0,0,1,176,5,60,0
1990,37,2,0,0,0,1,155,5,10,0
1990,42,1,0,0,0,1,503,6,50,0
1990,39,2,0,0,0,1,208,3,40,0
1990,48,1,0,3,3,0,436,5,40,0
1990,44,2,0,3,3,1,264,3,20,0
1990,18,2,1,3,0,0,0,0,0,0
1990,27,1,1,0,0,1,508,6,11,0
1990,32,1,2,0,0,0,637,6,11,0
1990,33,1,0,0,0,1,785,1,50,1
1990,31,2,0,0,0,1,0,0,0,0
1990,23,1,0,0,0,0,585,4,40,0
1990,23,2,0,0,4,0,316,4,40,0
1990,65,2,3,0,1,0,337,5,40,0
1990,43,1,2,1,0,1,157,5,40,0
1990,57,2,2,0,0,0,377,5,40,0
1990,21,1,1,0,0,0,869,0,50,0
1990,37,2,2,0,0,1,164,5,40,0
1990,45,1,0,0,0,0,365,2,40,0
1990,44,2,0,3,3,0,23,1,40,0
1990,25,1,3,0,0,0,549,6,70,0
1990,23,2,1,0,0,1,313,0,40,0
1990,40,2,3,3,3,1,0,0,0,0
1990,28,1,0,0,0,1,159,6,55,0
1990,27,2,0,0,0,1,435,3,15,0
1990,37,1,0,3,3,1,243,6,64,0
1990,32,2,0,3,3,1,335,3,0,0
1990,42,1,0,0,0,1,418,6,40,0
1990,40,2,0,0,0,1,25,6,40,0
1990,62,1,0,0,0,0,389,1,0,0
1990,56,2,0,0,0,0,65,1,0,0
1990,39,1,2,0,0,0,567,0,40,0
1990,46,1,0,0,0,1,417,6,48,0
1990,43,2,0,0,0,0,379,3,45,0
1990,20,1,1,0,0,0,563,0,40,0
1990,31,1,0,0,0,1,337,5,40,0
1990,30,2,0,0,0,1,337,5,40,0
1990,43,1,0,3,3,1,436,3,40,0
1990,43,2,0,3,3,1,254,4,40,0
1990,18,1,0,3,3,0,436,3,30,0
1990,23,2,3,0,0,0,877,3,20,0
1990,31,1,0,0,0,0,889,3,20,0
1990,38,2,0,0,0,0,0,0,0,0
1990,38,1,0,0,0,1,904,6,55,0
1990,35,2,0,0,0,1,376,4,63,0
1990,21,1,1,3,3,0,547,6,50,0
1990,23,2,0,1,0,1,445,5,32,0
1990,25,1,0,1,0,0,417,6,40,0
1990,56,1,0,1,0,1,263,3,0,0
1990,54,2,0,1,0,0,0,0,0,0
1990,31,2,1,1,0,1,29,3,30,0
1990,31,2,0,1,0,1,95,5,40,0
1990,34,1,0,1,0,1,869,0,40,0
1990,78,1,0,0,0,1,33,6,45,0
1990,75,2,0,0,0,1,0,0,0,0
1990,49,1,2,1,0,1,585,1,40,0
1990,65,1,0,0,0,0,585,1,40,0
1990,55,2,0,0,0,0,348,4,20,0
1990,29,1,2,0,0,0,567,0,40,0
1990,41,1,2,0,0,0,783,1,40,0
1990,70,1,0,1,0,0,0,0,0,0
1990,68,2,0,1,0,0,458,4,0,0
1990,26,2,1,1,0,1,159,6,0,0
1990,79,2,3,1,0,0,0,0,0,0
1990,66,2,3,0,0,0,274,3,25,0
1990,34,2,2,1,0,1,313,5,35,0
1990,21,1,3,1,0,1,426,4,48,1
1990,71,1,0,1,0,0,0,0,0,0
1990,71,2,0,1,0,0,0,0,0,0
1990,22,1,1,1,0,0,889,3,0,0
1990,63,1,2,1,0,0,0,0,0,0
1990,28,2,3,0,0,1,407,4,20,0
1990,28,1,2,1,0,0,575,0,40,0
1990,25,1,0,1,0,1,447,5,40,0
1990,25,2,0,1,2,1,95,5,50,0
1990,38,1,0,0,0,0,766,1,51,0
1990,43,2,0,0,0,1,447,5,20,0
1990,41,1,0,1,0,0,243,3,40,0
1990,39,2,0,1,0,0,453,5,40,0
1990,19,1,1,1,0,0,888,3,40,0
1990,27,2,2,0,0,0,783,1,48,0
1990,80,2,3,0,0,0,0,0,0,0
1990,20,1,1,1,0,1,276,3,30,0
1990,20,1,1,1,0,1,276,3,40,0
1990,20,1,1,1,0,1,877,3,40,0
1990,19,2,1,1,0,1,264,3,25,0
1990,21,2,1,1,0,1,0,0,0,0
1990,26,1,0,0,0,1,518,1,40,0
1990,26,2,0,0,0,0,18,4,40,0
1990,22,2,1,1,0,1,448,5,40,0
1990,66,1,3,0,0,0,0,0,0,0
1990,56,2,2,0,0,0,0,0,0,0
1990,38,1,0,0,0,1,53,0,40,0
1990,36,2,0,0,0,0,0,0,0,0
1990,68,1,3,1,0,0,547,1,0,0
1990,26,1,1,1,0,1,313,6,48,0
1990,62,2,3,1,0,0,449,4,0,0
1990,58,1,0,1,0,1,303,2,64,0
1990,56,2,0,1,0,0,365,3,0,0
1990,38,2,2,1,0,0,447,5,40,0
1990,18,2,1,1,0,0,276,3,5,0
1990,50,1,0,1,0,0,637,1,40,0
1990,49,2,0,1,0,1,274,3,40,0
1990,25,2,1,1,0,0,909,6,0,0
1990,40,1,0,1,0,0,599,0,40,0
1990,32,2,0,1,0,0,449,4,40,0
1990,29,1,1,1,0,0,593,0,40,0
1990,34,1,1,1,0,0,734,1,40,0
1990,45,1,3,1,0,0,563,0,26,0
1990,29,2,3,1,0,0,447,5,34,0
1990,30,1,3,1,0,0,448,5,36,0
1990,69,1,3,1,0,1,0,0,0,0
1990,28,2,1,1,0,1,178,4,40,0
1990,61,2,3,0,0,0,0,0,0,0
1990,38,1,1,0,0,0,276,3,99,0
1990,33,2,1,0,0,0,379,6,99,0
1990,28,1,1,0,0,0,487,0,30,0
1990,25,2,3,3,0,0,487,0,40,0
1990,23,1,1,0,0,1,479,0,40,0
1990,27,1,2,0,0,0,565,0,40,0
1990,33,2,1,0,0,0,759,1,40,0
1990,49,2,3,0,0,0,0,0,0,0
1990,34,1,0,3,3,0,355,2,40,0
1990,34,2,0,3,3,0,0,0,0,0
1990,76,2,3,0,0,0,0,0,0,0
1990,69,2,3,0,0,1,337,1,16,0
1990,34,2,1,0,0,1,337,0,40,0
1990,30,2,1,0,0,1,163,5,50,0
1990,44,1,0,0,0,1,253,4,40,0
1990,44,2,0,0,0,1,378,4,40,0
1990,65,1,0,0,0,1,453,4,0,0
1990,62,2,0,0,0,1,0,0,0,0
1990,23,1,1,0,0,1,904,6,36,0
1990,29,1,0,0,0,1,56,1,40,0
1990,30,2,0,0,0,1,23,1,40,0
1990,32,1,0,0,0,1,243,3,65,0
1990,30,2,0,0,0,1,658,4,40,0
1990,57,2,3,0,0,1,313,5,40,0
1990,47,1,0,0,0,1,178,5,45,1
1990,43,2,0,0,0,1,254,4,15,0
1990,19,1,1,0,0,0,274,3,20,0
1990,42,1,0,0,0,1,64,4,40,1
1990,49,2,0,0,0,1,194,5,30,0
1990,20,2,0,1,0,0,276,3,38,0
1990,26,1,0,1,0,0,585,0,50,0
1990,39,1,1,1,0,0,783,3,40,0
1990,40,1,0,0,0,1,33,6,29,0
1990,37,2,0,0,0,1,5,6,52,0
1990,32,1,0,0,0,1,804,1,50,0
1990,33,2,0,0,0,1,337,1,20,0
1990,74,2,3,0,0,0,0,0,0,0
1990,26,1,0,0,0,1,22,3,50,0
1990,24,2,0,0,2,1,383,4,40,0
1990,26,1,1,1,0,1,22,3,42,0
1990,41,2,2,2,0,0,276,3,30,0
1990,21,1,1,2,0,0,0,0,0,0
1990,30,2,2,1,0,0,777,3,35,0
1990,60,2,2,0,0,0,276,3,20,0
1990,27,1,0,0,0,0,646,1,40,0
1990,25,2,0,0,0,0,319,5,42,0
1990,33,1,0,1,0,0,804,2,65,0
1990,32,2,0,1,0,0,0,0,0,0
1990,60,1,0,0,0,1,22,4,35,0
1990,64,2,0,0,0,1,0,0,0,0
1990,55,1,0,0,0,1,338,2,47,1
1990,54,2,0,0,0,0,155,5,20,0
1990,28,1,2,0,0,0,585,0,48,0
1990,32,1,2,1,0,1,145,6,55,0
1990,25,1,0,0,0,0,904,6,72,0
1990,25,2,0,0,0,1,456,5,40,0
1990,32,2,3,1,0,1,379,3,40,0
1990,28,1,0,0,0,1,567,0,40,0
1990,26,2,0,0,0,1,556,0,0,0
1990,30,1,0,0,0,1,58,1,80,0
1990,31,2,0,0,0,1,0,0,0,0
1990,19,1,1,0,0,0,523,6,35,0
1990,54,1,0,0,0,1,503,0,60,0
1990,53,2,0,1,4,1,14,6,40,0
1990,45,1,0,0,0,0,598,0,0,0
1990,36,2,0,0,0,0,0,0,0,0
1990,20,1,1,0,0,1,486,5,30,0
1990,48,1,0,0,0,0,616,0,48,0
1990,46,2,0,0,0,1,0,0,0,0
1990,25,1,2,0,0,0,889,1,30,0
1990,42,1,0,0,0,0,853,0,48,0
1990,41,2,0,0,0,0,0,0,0,0
1990,37,1,0,0,0,0,804,2,40,0
1990,35,2,0,0,0,0,453,4,20,0
1990,63,1,0,0,0,0,479,0,6,0
1990,62,2,0,0,0,0,436,5,0,0
1990,58,1,0,0,0,0,0,0,0,0
1990,55,2,0,0,0,0,808,5,7,0
1990,43,1,0,0,0,0,844,0,40,0
1990,41,2,0,0,0,0,0,0,0,0
1990,19,2,1,0,0,0,744,1,30,0
1990,42,2,0,0,0,0,0,0,0,0
1990,44,1,0,0,0,0,565,0,50,1
1990,21,1,1,0,0,0,869,0,50,0
1990,48,1,0,0,0,0,476,0,50,0
1990,41,2,0,0,0,0,877,3,50,0
1990,41,2,3,0,0,0,744,1,54,0
1990,18,2,1,0,0,0,436,3,20,0
1990,46,1,0,0,0,1,156,5,50,0
1990,44,2,0,0,0,1,7,4,50,1
1990,29,1,2,0,0,0,567,0,40,0
1990,74,1,3,0,0,0,779,1,15,0
1990,36,1,1,0,0,0,804,3,48,0
1990,24,2,2,0,0,0,804,5,24,0
1990,66,1,0,0,0,0,0,0,0,0
1990,63,2,0,0,0,0,0,0,0,0
1990,32,1,1,0,0,1,515,2,40,0
1990,52,2,1,0,0,0,0,0,0,0
1990,73,1,2,0,0,0,0,0,0,0
1990,26,1,3,0,0,0,0,0,0,0
1990,35,2,3,0,0,0,708,1,40,0
1990,33,1,1,0,0,1,699,0,43,0
1990,60,2,3,0,0,0,889,1,0,0
1990,44,1,0,0,0,0,783,0,40,0
1990,42,2,0,0,0,0,458,4,35,0
1990,24,1,1,0,0,0,783,0,40,0
1990,27,2,0,0,0,0,744,1,45,0
1990,30,1,0,0,0,0,364,1,40,0
1990,78,2,3,0,0,0,0,0,0,0
1990,42,2,0,0,0,1,378,2,40,0
1990,44,1,0,0,0,1,189,1,40,0
1990,31,1,0,0,0,0,505,4,0,0
1990,35,2,0,0,0,0,276,3,0,0
1990,36,1,0,0,0,0,0,0,0,0
1990,33,2,0,0,0,0,449,4,40,0
1990,58,1,3,0,0,0,808,2,0,0
1990,67,2,3,0,0,0,0,0,0,0
1990,54,2,1,0,0,0,0,0,0,0
1990,54,1,0,0,0,0,809,2,0,0
1990,45,2,0,0,0,0,453,1,4,0
1990,20,1,1,0,0,0,869,0,40,0
1990,35,1,0,0,0,0,804,2,46,0
1990,35,2,0,0,0,0,439,3,40,0
1990,77,2,3,0,0,0,0,0,0,0
1990,78,2,0,0,0,0,0,0,0,0
1990,54,1,1,0,0,0,473,0,6,0
1990,40,1,0,0,0,0,599,0,44,1
1990,40,2,0,0,0,0,796,1,40,0
1990,18,1,0,0,0,0,844,0,40,0
1990,24,2,3,0,0,0,744,1,0,0
1990,49,1,0,0,0,1,475,0,40,0
1990,46,2,0,0,0,0,785,1,40,0
1990,21,2,1,0,0,1,0,0,0,0
1990,31,1,0,0,0,1,22,2,44,1
1990,34,2,0,0,0,1,337,5,30,0
1990,19,2,1,0,0,1,335,2,40,0
1990,70,2,3,0,0,1,0,0,0,0
1990,74,2,3,0,0,0,453,4,0,0
1990,35,1,0,0,0,0,783,1,40,0
1990,32,2,0,0,0,0,22,0,40,0
1990,43,1,0,0,0,1,628,0,40,0
1990,36,2,0,0,0,0,436,3,20,0
1990,19,1,1,0,0,1,877,3,20,0
1990,30,1,0,0,0,0,667,1,40,0
1990,29,2,0,0,0,0,473,0,50,0
1990,56,1,1,0,0,0,473,0,30,0
1990,43,1,0,0,0,0,766,1,42,0
1990,43,2,0,0,0,0,276,3,24,0
1990,47,1,0,0,0,0,259,3,65,0
1990,48,2,0,0,0,0,0,0,0,0
1990,18,2,1,0,0,0,276,3,20,0
1990,36,1,0,0,0,0,263,4,54,0
1990,38,2,0,0,0,0,458,1,0,0
1990,79,2,3,0,0,0,0,0,0,0
1990,25,2,3,0,0,0,889,4,88,0
1990,32,1,1,0,0,0,573,0,50,0
1990,44,1,0,0,0,1,17,3,65,1
1990,43,2,0,0,0,1,433,3,25,0
1990,62,2,2,1,0,1,447,5,40,0
1990,34,2,3,1,0,0,479,0,40,0
1990,52,1,0,0,0,0,243,3,60,0
1990,52,2,0,0,0,1,156,5,40,0
1990,54,1,0,1,0,0,498,0,40,0
1990,53,2,0,1,0,0,799,1,0,0
1990,30,1,1,1,0,0,869,0,40,0
1990,45,1,0,1,0,0,783,0,45,0
1990,31,2,0,1,0,0,744,1,0,0
1990,33,1,0,0,0,0,585,0,50,0
1990,31,2,0,0,0,1,458,4,36,0
1990,37,2,1,1,0,0,439,3,31,0
1990,39,1,1,1,0,0,29,3,7,0
1990,77,2,1,0,0,0,0,0,0,0
1990,52,1,1,0,0,1,579,0,30,0
1990,69,2,3,0,0,0,0,0,0,0
1990,55,1,0,0,0,0,653,0,40,0
1990,47,2,0,0,0,0,407,4,10,0
1990,25,1,1,0,0,0,883,1,40,0
1990,22,1,1,0,0,0,558,0,40,0
1990,70,1,0,0,0,0,0,0,0,0
1990,70,2,0,0,0,1,0,0,0,0
1990,63,1,0,0,0,0,505,4,30,0
1990,59,2,0,0,0,0,909,6,0,0
1990,30,1,3,0,0,0,588,0,40,0
1990,35,2,3,0,0,1,389,1,40,0
1990,71,2,3,0,0,0,0,0,0,0
1990,26,2,1,0,0,1,447,5,52,0
1990,23,2,1,0,0,1,29,3,40,0
1990,52,1,2,1,0,1,808,5,30,0
1990,34,1,1,1,0,0,769,1,40,0
1990,30,1,1,1,0,0,859,1,40,0
1990,27,2,1,1,0,1,888,1,40,0
1990,41,2,2,0,0,1,243,3,40,0
1990,27,1,0,1,0,0,508,2,40,0
1990,24,2,0,0,2,0,435,3,0,0
1990,38,1,0,0,0,1,308,6,40,0
1990,36,2,0,0,0,0,448,4,20,0
1990,29,1,0,0,0,1,159,6,50,0
1990,31,2,0,0,0,1,313,6,40,0
1990,44,1,0,0,0,1,683,1,60,0
1990,43,2,0,3,3,0,276,3,30,0
1990,64,1,0,0,0,0,303,6,60,0
1990,65,2,0,0,0,0,0,0,0,0
1990,28,1,1,0,0,0,637,1,40,0
1990,45,1,0,0,0,1,27,6,40,0
1990,46,2,0,0,0,1,95,5,64,0
1990,54,1,0,0,0,1,243,3,45,0
1990,56,2,0,0,0,1,337,4,30,0
1990,63,1,0,1,0,0,563,0,0,0
1990,47,2,0,1,0,0,0,0,0,0
1990,25,2,1,1,0,0,364,3,40,0
1990,25,1,1,0,0,1,22,0,60,0
1990,21,2,1,0,0,1,274,3,32,0
1990,22,1,0,0,0,1,208,5,40,0
1990,24,2,0,0,0,1,319,4,20,0
1990,48,1,0,0,0,1,226,2,40,0
1990,44,2,0,0,2,0,449,4,35,0
1990,47,1,0,0,0,1,59,6,44,1
1990,35,2,0,0,0,1,163,5,8,0
1990,29,1,0,0,0,0,523,6,50,0
1990,27,2,0,3,0,1,436,3,25,0
1990,42,1,0,0,0,1,889,3,60,1
1990,34,2,0,3,3,0,436,3,36,0
1990,65,2,3,0,0,0,0,0,0,0
1990,67,1,0,0,0,1,25,4,15,1
1990,65,2,0,0,0,1,254,4,16,0
1990,30,1,0,0,0,1,628,1,40,0
1990,29,2,0,0,0,1,203,5,40,0
1990,36,1,0,0,0,1,213,0,60,0
1990,35,2,0,0,0,0,277,3,20,0
1990,47,1,0,3,0,1,55,2,40,1
1990,42,2,0,0,0,0,315,2,60,1
1990,78,1,0,0,0,0,0,0,0,0
1990,74,2,0,0,0,0,0,0,0,0
1990,19,1,1,0,0,0,585,0,30,0
1990,19,2,1,0,0,1,337,1,40,0
1990,34,2,1,0,0,1,193,5,40,0
1990,32,2,1,0,0,1,21,5,40,0
1990,73,1,0,0,0,0,0,0,0,0
1990,71,2,0,0,0,0,0,0,0,0
1990,61,2,3,1,0,0,0,0,0,0
1990,41,1,2,1,0,1,505,6,40,0
1990,56,1,2,1,0,0,856,1,50,0
1990,18,1,1,0,0,0,314,4,32,0
1990,80,2,1,0,0,1,0,0,0,1
1990,19,1,1,0,3,1,486,0,40,0
1990,28,1,3,0,0,1,486,0,40,0
1990,21,2,1,0,0,1,163,5,10,0
1990,21,1,1,0,0,1,869,0,0,0
1990,58,1,0,0,0,0,453,5,40,0
1990,51,2,0,0,0,0,0,0,0,0
1990,47,1,0,0,0,1,563,5,45,0
1990,41,2,0,0,0,0,156,5,35,0
1990,21,1,1,0,0,0,563,0,40,0
1990,19,1,1,0,0,1,883,2,33,0
1990,19,1,0,0,0,0,436,5,40,0
1990,21,2,0,0,0,0,276,3,40,0
1990,24,1,1,0,0,1,436,3,20,0
1990,21,1,1,0,0,1,436,3,0,0
1990,25,1,0,0,0,0,595,0,45,0
1990,22,2,0,0,0,1,337,3,40,0
1990,19,2,1,0,0,0,164,5,12,0
1990,77,2,1,0,0,1,0,0,0,0
1990,68,1,0,0,0,0,0,0,0,0
1990,60,2,0,0,0,0,0,0,0,0
1990,79,2,3,0,0,0,0,0,0,0
1990,45,1,0,0,0,1,254,4,40,0
1990,38,2,0,0,0,1,156,5,45,0
1990,62,1,0,0,0,1,0,0,0,0
1990,59,2,0,0,0,0,0,0,0,0
1990,31,1,0,0,0,0,855,0,40,0
1990,40,2,0,0,0,0,683,1,40,0
1990,41,2,0,0,0,1,156,5,40,0
1990,46,1,0,0,0,1,5,6,40,0
1990,54,1,0,0,0,0,413,6,56,0
1990,53,2,0,0,0,0,308,3,48,0
1990,36,1,0,0,0,0,534,0,40,0
1990,34,2,0,0,0,1,95,5,40,0
1990,64,1,0,0,0,1,0,0,0,0
1990,60,2,0,0,0,0,0,0,0,0
1990,20,1,1,0,0,1,22,5,45,0
1990,41,1,0,0,0,1,75,5,72,1
1990,31,2,0,0,0,1,95,5,20,0
1990,20,2,1,0,0,0,22,1,40,0
1990,27,1,1,0,0,1,0,0,0,0
1990,27,1,0,0,0,0,653,0,45,0
1990,23,2,0,0,0,0,438,3,40,0
1990,67,2,3,0,0,0,0,0,0,0
1990,65,2,3,0,0,1,0,0,0,0
1990,44,1,0,0,0,0,779,3,40,0
1990,39,2,0,0,0,1,466,5,30,0
1990,33,1,0,0,0,1,59,3,45,0
1990,34,2,0,0,0,1,59,3,25,0
1990,39,1,1,0,0,1,804,2,40,0
1990,45,1,0,0,0,1,22,0,60,0
1990,43,2,0,0,0,1,277,3,42,0
1990,53,1,0,0,0,1,22,5,55,1
1990,55,2,0,0,0,1,0,0,0,0
1990,21,2,1,0,0,1,276,3,12,0
1990,52,1,0,0,0,0,213,1,40,0
1990,51,2,0,0,0,0,449,4,0,0
1990,18,1,1,0,0,0,887,4,22,0
1990,31,2,2,0,0,1,254,5,35,0
1990,38,1,2,0,0,1,486,0,30,0
1990,36,1,0,0,0,0,174,5,40,0
1990,38,2,0,0,0,1,156,5,40,0
1990,30,2,2,0,0,0,467,5,20,0
1990,43,1,0,0,0,1,687,1,40,0
1990,43,2,0,0,0,1,22,1,40,0
1990,55,1,0,0,0,0,274,3,55,0
1990,55,2,0,0,0,0,0,0,0,0
1990,37,1,0,0,0,1,77,6,40,0
1990,34,2,0,0,0,1,95,5,40,0
1990,23,1,0,0,0,0,505,3,40,0
1990,21,2,0,0,0,0,313,4,38,0
1990,26,1,1,0,0,0,804,2,35,0
1990,65,1,0,0,0,1,65,0,0,0
1990,60,2,0,0,0,1,313,5,37,0
1990,59,2,2,0,0,0,727,1,45,0
1990,25,1,0,0,0,0,479,0,55,0
1990,24,2,0,0,0,0,276,3,45,0
1990,80,2,3,0,0,0,0,0,0,0
1990,36,1,0,0,0,1,257,4,40,0
1990,30,2,0,0,0,1,37,4,40,0
1990,33,1,0,0,0,1,235,4,60,0
1990,26,2,0,0,0,1,315,4,36,0
1990,44,1,1,0,0,1,178,5,30,0
1990,31,1,0,0,0,0,473,0,85,0
1990,23,2,0,0,0,1,473,0,65,0
1990,44,1,0,0,0,1,423,6,70,0
1990,41,2,0,0,0,0,418,6,40,0
1990,72,2,3,0,0,0,0,0,0,0
1990,43,2,2,0,0,1,0,0,0,0
1990,44,1,3,0,0,1,203,5,40,0
1990,60,1,0,0,0,1,727,1,56,0
1990,57,2,0,0,0,0,759,1,37,0
1990,38,2,0,0,0,1,154,5,40,0
1990,31,1,0,0,0,1,343,6,40,0
1990,65,1,0,0,0,0,804,2,40,0
1990,63,2,0,0,0,1,0,0,0,0
1990,28,1,0,0,0,0,243,3,42,0
1990,30,2,0,0,0,0,0,0,0,0
1990,46,1,0,0,0,1,256,2,40,0
1990,41,2,0,0,0,1,207,5,40,0
1990,65,2,2,0,0,1,329,5,20,0
1990,62,1,2,0,0,0,567,6,40,0
1990,40,1,3,0,0,1,22,1,50,1
1990,55,2,3,0,0,0,449,4,32,0
1990,42,1,2,0,0,1,255,4,50,1
1990,77,2,2,0,0,1,95,5,0,0
1990,68,2,3,0,3,1,0,0,0,0
1990,31,1,0,0,0,1,505,3,47,0
1990,30,2,0,0,0,0,313,5,25,0
1990,41,1,0,0,0,1,17,3,45,1
1990,35,2,0,0,0,1,277,3,20,0
1990,60,1,0,0,0,1,0,0,0,0
1990,55,2,0,0,2,1,144,5,0,0
1990,41,1,1,0,0,0,809,2,40,0
1990,37,2,2,0,0,1,37,4,40,0
1990,75,2,3,0,0,1,0,0,0,0
1990,28,1,1,0,0,0,558,0,55,0
1990,35,2,1,0,0,1,274,3,55,0
1990,53,1,0,0,0,0,436,4,40,0
1990,49,2,0,0,0,0,744,1,40,0
1990,24,1,3,0,0,0,804,2,50,0
1990,18,1,1,0,0,0,799,4,0,0
1990,58,1,0,0,0,1,379,5,55,0
1990,63,2,0,0,0,0,337,4,40,0
1990,27,2,1,0,0,1,434,3,0,0
1990,31,1,2,0,0,0,496,1,50,0
1990,32,1,0,0,0,0,503,3,45,0
1990,30,2,0,0,0,0,796,1,40,0
1990,23,1,1,0,0,1,444,3,40,0
1990,23,1,1,0,0,1,159,5,40,0
1990,41,2,2,0,0,0,313,6,40,0
1990,20,1,1,0,0,0,577,2,40,0
1990,45,1,0,0,0,0,725,1,40,0
1990,39,2,0,0,0,0,337,5,40,0
1990,31,1,0,0,0,0,567,0,43,0
1990,29,2,0,3,0,0,274,3,64,0
1990,23,1,0,0,0,0,486,3,50,0
1990,22,2,0,0,0,0,436,3,0,0
1990,30,1,1,0,0,0,808,5,41,0
1990,28,2,1,0,0,0,748,4,25,0
1990,37,2,2,0,0,1,207,5,22,0
1990,64,1,0,0,0,0,379,6,45,1
1990,63,2,0,0,0,0,277,3,20,0
1990,63,1,0,0,0,0,804,0,40,0
1990,69,2,0,0,2,0,0,0,0,0
1990,33,1,1,0,0,0,595,0,32,0
1990,31,2,1,0,0,0,744,1,40,0
1990,68,2,3,0,0,1,0,0,0,0
1990,66,1,0,0,0,0,0,0,0,0
1990,65,2,0,0,0,0,449,5,0,0
1990,46,1,0,0,0,1,96,3,50,0
1990,45,2,0,0,0,1,156,5,50,0
1990,22,1,0,0,0,0,758,1,40,0
1990,24,2,0,0,0,0,877,3,0,0
1990,49,1,0,0,0,0,757,1,50,0
1990,47,2,0,0,0,0,315,6,13,0
1990,26,1,1,0,0,0,856,3,40,0
1990,78,2,3,0,0,0,449,0,0,0
1990,41,2,2,0,0,1,0,0,0,0
1990,40,2,2,0,0,1,436,3,40,0
1990,36,1,1,0,0,1,853,0,45,0
1990,35,1,0,0,0,0,844,0,55,0
1990,33,2,0,0,0,0,364,1,40,0
1990,37,1,1,0,0,0,473,0,20,0
1990,38,2,2,0,0,0,754,1,16,0
1990,45,1,0,0,0,0,558,0,40,0
1990,42,2,0,0,0,0,276,3,32,0
1990,22,2,1,0,0,0,435,3,30,0
1990,19,2,1,0,0,0,549,3,45,0
1990,19,2,1,0,0,0,385,6,40,0
1990,42,1,0,0,0,1,22,1,55,0
1990,38,2,0,0,0,1,95,5,32,0
1990,39,2,2,0,0,1,458,4,45,0
1990,38,1,0,0,0,0,714,1,45,0
1990,38,2,0,0,0,0,637,1,20,0
1990,69,1,0,0,0,0,0,0,0,0
1990,61,2,0,0,0,0,784,1,0,0
1990,59,1,0,0,0,0,473,0,60,0
1990,54,2,0,0,0,0,446,2,16,0
1990,52,1,2,0,0,0,689,2,40,0
1990,23,1,0,0,0,0,804,3,40,0
1990,23,2,0,0,0,1,385,6,40,0
1990,47,1,2,0,0,1,889,1,40,0
1990,21,2,1,0,0,1,156,5,45,0
1990,41,1,2,0,0,0,558,0,40,0
1990,38,2,2,0,0,1,507,6,30,0
1990,40,1,0,0,0,1,156,5,40,0
1990,39,2,0,0,0,1,194,6,20,0
1990,46,1,0,0,0,0,769,1,45,0
1990,35,2,0,0,0,0,637,1,70,0
1990,35,1,0,0,0,1,27,6,60,1
1990,32,2,0,0,0,0,313,5,15,0
1990,33,2,0,0,0,0,275,3,40,0
1990,35,1,0,0,0,1,303,6,45,0
1990,78,2,3,0,0,1,0,0,0,0
1990,27,1,0,0,0,0,496,1,56,1
1990,27,2,0,0,0,1,458,4,18,0
1990,51,2,0,0,0,0,276,3,24,0
1990,60,1,0,0,0,1,883,3,24,0
1990,18,2,1,0,0,0,644,1,20,0
1990,30,2,2,0,0,0,243,3,28,0
1990,40,1,0,0,0,1,243,3,60,1
1990,39,2,0,0,0,0,376,4,40,0
1990,41,1,0,0,0,0,567,0,27,0
1990,38,2,0,0,0,0,156,5,24,0
1990,18,2,1,0,0,0,385,4,23,0
1990,64,1,0,0,0,0,479,0,0,0
1990,56,2,0,0,0,0,453,5,20,0
1990,66,2,3,0,0,0,0,0,0,0
1990,47,2,2,0,0,0,449,5,25,0
1990,48,1,0,0,0,0,363,2,40,0
1990,45,2,0,0,0,0,234,5,20,0
1990,34,1,0,0,0,1,23,1,55,1
1990,29,2,0,0,0,1,7,3,0,0
1990,38,2,1,0,0,1,84,5,35,1
1990,63,1,0,0,0,1,256,2,24,0
1990,60,2,0,0,0,0,447,5,40,0
1990,50,1,0,0,0,1,469,5,40,1
1990,47,2,0,0,0,0,164,5,36,0
1990,20,2,1,0,0,1,426,3,30,0
1990,27,1,1,0,0,1,435,3,30,0
1990,22,1,1,0,0,1,435,3,40,0
1990,61,1,3,0,0,0,436,3,32,0
1990,27,2,1,0,0,1,14,5,45,0
1990,26,2,0,0,0,0,337,4,0,0
1990,31,1,0,0,0,0,505,4,60,0
1990,39,2,2,0,0,1,257,4,40,0
1990,43,2,3,0,0,1,473,0,45,0
1990,22,1,1,0,0,0,479,0,50,0
1990,23,1,1,0,0,0,479,0,70,0
1990,58,1,0,0,0,0,473,0,99,1
1990,34,2,0,0,0,1,0,0,0,0
1990,52,1,0,0,0,0,424,6,40,0
1990,53,2,0,0,0,0,174,5,0,0
1990,29,2,0,0,0,1,274,3,50,0
1990,37,1,0,0,0,1,198,2,40,0
1990,49,2,2,0,0,1,17,4,60,0
1990,28,1,0,0,0,0,573,0,20,0
1990,24,2,0,0,0,0,17,4,0,0
1990,22,2,1,0,0,0,444,3,40,0
1990,76,2,3,0,0,0,436,5,0,0
1990,41,1,3,0,0,1,19,4,65,1
1990,27,1,0,0,0,1,585,0,40,0
1990,27,2,0,0,0,0,736,1,55,0
1990,57,2,3,0,0,0,447,5,40,0
1990,40,2,1,0,0,0,7,4,40,0
1990,42,2,0,0,0,1,0,0,0,0
1990,45,1,0,0,0,1,178,5,40,1
1990,23,1,1,0,0,1,567,0,30,0
1990,25,1,3,0,0,0,479,0,78,0
1990,79,2,3,0,0,0,0,0,0,0
1990,23,1,0,0,0,1,734,1,40,0
1990,21,2,0,0,0,1,263,3,40,0
1990,64,1,0,0,0,0,783,1,44,0
1990,67,2,0,0,0,0,274,3,0,0
1990,46,2,0,0,0,1,0,0,0,0
1990,57,1,0,0,0,0,804,3,45,0
1990,37,1,0,0,0,1,243,3,45,0
1990,39,2,0,0,0,1,383,4,45,0
1990,39,1,2,0,0,0,869,4,40,0
1990,40,2,2,0,0,0,683,1,0,0
1990,65,2,0,0,0,0,0,0,0,0
1990,70,1,0,0,0,0,22,0,0,0
1990,53,1,2,0,0,1,14,5,60,1
1990,39,2,2,0,0,1,21,5,0,0
1990,49,1,0,0,0,0,259,3,80,0
1990,44,2,0,0,0,0,337,3,50,0
1990,25,1,1,0,0,0,259,3,50,0
1990,19,2,1,0,0,1,269,3,11,0
1990,33,1,2,0,0,0,734,1,40,0
1990,32,1,0,0,0,1,473,0,98,0
1990,26,2,0,0,0,0,473,0,56,0
1990,63,1,0,0,0,1,274,3,40,0
1990,60,2,0,0,0,0,22,3,35,0
1990,34,1,1,0,0,1,567,4,40,0
1990,21,2,1,0,0,1,276,3,0,0
1990,23,1,2,0,0,0,479,0,50,0
1990,43,1,2,3,0,0,213,4,40,0
1990,34,1,0,0,0,0,549,4,40,0
1990,28,2,0,0,0,0,355,2,9,0
1990,44,2,3,3,3,1,0,0,0,0
1990,37,2,3,0,0,1,154,5,50,0
1990,45,1,2,0,0,1,154,5,25,0
1990,33,2,1,0,0,1,159,6,32,0
1990,43,1,0,0,2,0,22,1,40,1
1990,38,2,0,0,0,1,55,1,20,0
1990,78,2,3,0,0,0,0,0,0,0
1990,34,1,1,0,0,1,337,5,40,0
1990,32,1,0,0,0,1,383,4,0,0
1990,27,2,0,0,0,1,95,5,36,0
1990,23,1,1,0,0,1,195,1,40,0
1990,30,1,1,0,0,1,22,4,40,0
1990,34,1,0,0,0,1,17,3,45,1
1990,33,2,0,0,0,1,337,3,42,0
1990,36,1,1,0,0,0,534,0,40,0
1990,39,2,2,0,0,1,14,5,21,0
1990,40,1,0,0,0,1,303,5,60,1
1990,37,2,0,0,0,1,274,3,20,0
1990,34,1,2,0,0,1,174,5,70,0
1990,60,1,0,0,0,1,453,5,90,0
1990,58,2,0,0,0,0,365,3,60,0
1990,44,1,0,0,0,1,243,3,40,1
1990,40,2,0,0,0,1,156,5,16,0
1990,71,2,3,0,0,0,444,5,30,0
1990,39,1,0,0,0,1,56,2,40,1
1990,36,2,0,0,0,1,0,0,0,0
1990,32,1,1,0,0,0,567,3,55,0
1990,39,1,0,0,0,1,14,5,70,1
1990,36,2,0,0,0,1,0,0,0,0
1990,54,1,0,0,0,0,766,1,48,0
1990,43,2,0,0,0,0,885,3,45,0
1990,42,2,2,0,0,1,276,5,20,0
1990,43,1,0,0,0,0,354,2,40,0
1990,42,2,0,0,0,1,156,5,50,0
1990,46,1,0,0,0,1,553,0,40,0
1990,41,2,0,0,0,1,319,5,20,0
1990,18,2,1,0,0,0,274,3,20,0
1990,47,1,2,0,0,0,567,4,40,0
1990,35,1,0,0,0,0,558,0,60,0
1990,35,2,0,0,0,0,17,4,40,0
1990,27,2,1,0,0,1,313,4,40,0
1990,25,1,1,0,0,0,518,1,50,0
1990,59,1,0,0,0,0,804,0,40,0
1990,58,2,0,0,0,1,888,1,40,0
1990,47,1,0,0,0,0,783,1,40,0
1990,44,2,0,0,0,1,156,5,16,0
1990,54,1,2,0,0,0,585,0,45,0
1990,20,1,1,0,0,0,486,0,0,0
1990,47,1,0,0,0,1,22,0,40,0
1990,47,2,0,0,0,1,0,0,0,0
1990,34,1,1,0,0,0,0,0,0,0
1990,73,1,0,0,0,0,0,0,0,0
1990,57,2,0,0,0,0,444,4,40,0
1990,38,2,1,0,0,1,173,6,40,0
1990,75,2,3,0,0,0,436,3,0,0
1990,53,1,0,0,0,0,549,1,40,0
1990,52,2,0,0,2,1,0,0,0,0
1990,48,1,0,0,0,1,243,3,40,1
1990,48,2,0,0,0,1,243,3,36,0
1990,20,1,1,0,0,1,266,3,20,0
1990,40,1,2,0,0,0,869,0,40,0
1990,35,2,1,0,0,1,316,5,40,0
1990,29,1,1,0,2,1,575,6,50,0
1990,25,1,1,0,0,1,257,2,50,0
1990,25,1,1,0,0,1,523,6,40,0
1990,26,1,1,0,0,1,733,1,60,0
1990,44,2,0,0,0,1,254,4,40,0
1990,42,1,0,0,0,1,257,0,55,0
1990,23,1,0,0,0,0,505,4,40,0
1990,20,2,0,0,0,0,447,5,32,0
1990,24,1,1,0,0,1,276,3,40,0
1990,46,1,0,0,0,0,355,2,39,0
1990,45,2,0,0,0,0,355,2,39,0
1990,36,2,0,0,0,0,774,1,40,0
1990,39,1,0,0,0,1,585,0,38,0
1990,79,2,0,0,0,0,0,0,0,0
1990,43,1,0,0,2,0,558,0,42,0
1990,37,2,0,0,0,0,687,3,20,0
1990,18,1,1,0,0,0,549,4,20,0
1990,25,2,1,0,0,0,567,0,40,0
1990,40,2,1,0,0,1,647,3,40,0
1990,30,1,0,0,0,0,473,0,50,1
1990,29,2,0,0,0,0,383,4,0,0
1990,40,1,0,0,0,0,355,2,40,0
1990,38,2,0,0,0,1,313,5,0,0
1990,61,1,0,0,2,0,473,0,80,0
1990,60,2,0,0,2,0,479,0,20,0
1990,20,2,1,0,0,0,276,3,46,0
1990,31,2,1,0,4,1,155,5,30,0
1990,60,1,0,0,0,0,254,4,40,1
1990,58,2,0,0,0,1,0,0,0,0
1990,54,1,0,0,2,0,565,0,50,0
1990,53,2,0,0,2,0,243,3,60,0
1990,46,1,0,0,0,0,444,3,36,0
1990,42,2,0,0,0,0,0,0,0,0
1990,60,2,2,0,0,0,426,4,50,0
1990,37,1,0,0,0,1,157,5,35,0
1990,29,2,0,0,0,0,313,5,30,0
1990,34,1,0,0,0,1,308,0,48,0
1990,33,2,0,0,0,1,869,0,0,0
1990,67,1,0,0,2,0,473,0,40,0
1990,62,2,0,0,2,0,473,0,50,0
1990,35,2,1,0,0,1,736,1,44,0
1990,47,1,0,3,0,1,266,3,70,0
1990,30,2,0,0,0,1,365,3,40,0
1990,75,1,2,3,0,0,473,0,25,0
1990,32,1,0,3,0,0,567,0,40,0
1990,30,2,0,3,0,0,498,0,48,0
1990,33,1,1,3,0,0,786,1,20,0
1990,43,1,2,0,0,1,43,6,40,0
1990,26,2,1,0,0,1,218,5,40,0
1990,44,1,0,0,0,1,417,6,56,0
1990,43,2,0,0,0,1,207,5,28,0
1990,21,2,1,0,2,1,276,3,40,0
1990,19,1,1,0,0,0,567,0,40,0
1990,27,2,2,0,0,0,734,1,40,0
1990,40,2,0,0,0,0,434,3,24,0
1990,36,1,0,0,0,0,696,0,60,0
1990,18,1,1,0,0,0,0,0,0,0
1990,22,1,1,0,0,0,883,1,45,0
1990,23,2,1,0,0,1,313,5,30,0
1990,18,2,1,0,0,1,479,0,40,0
1990,34,2,1,0,0,1,486,0,40,0
1990,22,1,0,3,0,0,889,1,40,0
1990,18,2,0,0,0,0,785,1,40,0
1990,63,2,3,0,0,0,449,5,40,0
1990,44,1,0,0,0,1,156,5,50,0
1990,42,2,0,0,0,1,22,5,60,0
1990,23,1,1,3,3,1,0,0,0,0
1990,21,1,1,3,0,1,276,3,35,0
1990,34,2,2,0,0,1,154,5,12,0
1990,75,1,0,0,0,0,0,0,0,0
1990,78,2,0,0,0,1,0,0,0,0
1990,42,1,0,0,0,1,29,3,40,0
1990,40,2,0,0,0,1,156,5,40,0
1990,20,1,1,0,0,1,464,4,20,0
1990,20,1,1,0,0,1,785,1,15,0
1990,21,2,1,0,0,1,435,3,35,0
1990,23,1,1,0,0,1,436,3,40,0
1990,69,1,0,0,0,0,0,0,0,0
1990,69,2,0,0,0,0,0,0,0,0
1990,51,1,0,0,0,1,647,3,60,0
1990,43,2,0,0,0,0,647,3,60,0
1990,75,1,0,0,0,1,0,0,0,0
1990,79,2,0,0,0,1,0,0,0,0
1990,77,1,0,0,0,1,0,0,0,1
1990,71,2,0,0,0,1,0,0,0,0
1990,21,1,1,1,0,0,905,6,8,0
1990,31,1,3,0,0,1,523,6,84,0
1990,25,1,0,1,0,0,22,6,55,0
1990,24,2,0,1,0,0,365,4,40,0
1990,43,1,2,0,0,0,363,1,40,0
1990,38,2,1,0,0,1,379,3,40,0
1990,68,2,0,0,0,1,143,5,0,0
1990,73,1,0,0,0,0,0,0,0,0
1990,32,1,0,1,0,1,549,2,40,0
1990,30,2,0,0,0,0,0,0,0,0
1990,79,2,0,0,0,0,0,0,0,0
1990,42,1,0,3,3,1,243,3,40,0
1990,46,2,0,0,0,0,744,4,40,0
1990,49,1,0,0,0,1,21,5,40,1
1990,57,2,0,0,0,1,156,5,40,0
1990,36,1,0,2,0,1,503,6,45,0
1990,34,2,0,2,0,0,0,0,0,0
1990,33,1,0,0,0,1,229,6,40,0
1990,34,2,0,0,3,1,508,6,40,0
1990,49,1,0,0,0,1,305,5,40,0
1990,47,2,0,0,0,0,785,1,36,0
1990,26,2,1,0,0,0,156,5,36,0
1990,20,1,1,0,0,0,453,6,40,0
1990,68,1,0,0,0,1,0,0,0,0
1990,66,2,0,0,0,0,0,0,0,0
1990,80,2,3,0,0,1,0,0,0,0
1990,39,1,0,0,0,0,33,1,40,0
1990,39,2,0,0,0,0,337,3,31,0
1990,79,1,0,0,0,0,0,0,0,0
1990,75,2,0,0,0,0,274,3,40,0
1990,47,1,2,0,0,0,263,3,40,0
1990,36,2,3,0,0,0,379,3,32,0
1990,37,1,2,0,2,1,254,4,40,0
1990,40,2,1,0,0,1,313,0,40,0
1990,78,1,0,0,0,1,0,0,0,0
1990,76,2,0,0,0,0,0,0,0,0
1990,33,1,0,0,0,1,694,2,40,0
1990,31,2,0,0,0,1,0,0,0,0
1990,61,2,0,0,0,1,683,1,40,0
1990,66,1,0,0,0,1,0,0,0,0
1990,27,1,1,0,0,0,829,2,40,0
1990,40,1,0,0,0,1,58,2,40,1
1990,37,2,0,0,0,1,0,0,0,0
1990,71,1,0,0,0,1,0,0,0,0
1990,68,2,0,0,0,1,0,0,0,0
1990,77,1,0,3,0,0,0,0,0,0
1990,75,2,0,0,0,0,0,0,0,0
1990,74,1,0,0,0,1,0,0,0,0
1990,72,2,0,0,0,1,0,0,0,0
1990,68,1,0,0,0,0,779,0,40,0
1990,61,2,0,0,0,0,337,0,40,0
1990,20,2,1,0,0,0,379,5,25,0
1990,66,2,0,0,0,1,313,4,16,0
1990,60,1,0,0,0,1,243,3,40,0
1990,74,1,3,0,0,0,494,1,40,0
1990,38,2,2,0,0,0,467,5,0,0
1990,40,1,2,0,0,1,593,0,40,0
1990,65,2,2,0,0,0,0,0,0,0
1990,76,2,2,0,0,0,0,0,0,0
1990,24,2,2,0,0,0,447,4,0,0
1990,30,1,2,2,0,0,453,3,40,0
1990,79,1,0,0,0,0,0,0,0,0
1990,78,2,0,0,0,0,0,0,0,0
1990,39,1,0,0,0,0,505,3,40,0
1990,36,2,0,0,0,1,9,4,38,0
1990,41,1,0,0,0,1,176,5,55,0
1990,40,2,0,0,0,1,188,5,10,0
1990,24,1,0,0,0,1,496,3,25,1
1990,24,2,0,0,0,1,17,3,0,0
1990,63,1,0,0,0,1,53,0,0,0
1990,60,2,0,0,0,1,176,5,20,0
1990,23,2,3,0,0,0,479,0,52,0
1990,26,1,3,0,0,0,479,0,58,0
1990,77,2,2,0,0,0,0,0,0,0
1990,43,1,0,0,0,1,21,5,40,1
1990,41,2,0,0,0,0,337,5,20,0
1990,18,2,1,0,0,0,264,3,30,0
1990,41,1,0,0,1,1,678,5,40,0
1990,36,2,0,0,0,0,628,1,40,0
1990,43,1,0,3,0,0,496,2,40,0
1990,39,2,0,0,0,0,447,5,38,0
1990,20,2,1,0,0,0,276,3,40,0
1990,72,2,3,0,0,1,37,5,0,0
1990,37,1,0,0,0,0,554,0,40,0
1990,34,2,0,0,0,1,159,5,40,0
1990,37,1,2,3,0,0,877,1,38,0
1990,42,2,3,0,0,0,435,3,40,0
1990,21,1,1,0,0,0,447,5,0,0
1990,63,2,3,0,0,0,0,0,0,0
1990,75,2,3,0,0,0,0,0,0,0
1990,37,1,0,0,0,0,558,0,50,0
1990,34,2,0,0,0,1,203,5,40,0
1990,79,2,3,0,0,0,319,6,14,0
1990,33,1,0,0,0,1,0,0,0,0
1990,22,2,0,0,0,0,208,5,40,0
1990,69,1,2,0,0,0,0,0,0,0
1990,26,2,3,0,0,0,0,0,0,0
1990,78,2,3,0,0,0,0,0,0,0
1990,61,2,3,0,0,1,0,0,0,0
1990,26,1,0,2,1,0,799,3,40,0
1990,23,2,0,2,1,0,488,3,0,0
1990,75,2,2,0,0,0,0,0,0,0
1990,30,2,1,0,0,1,278,1,30,0
1990,51,1,3,0,0,0,278,1,25,0
1990,71,1,0,0,0,1,0,0,0,0
1990,67,2,0,0,0,0,0,0,0,0
1990,48,1,0,3,0,0,804,2,62,1
1990,27,2,0,3,0,1,379,5,40,0
1990,50,2,2,3,0,0,276,4,40,0
1990,18,1,1,3,0,0,453,6,0,0
1990,36,1,3,3,0,0,417,6,50,0
1990,68,1,0,0,0,0,0,0,0,0
1990,64,2,0,0,0,0,0,0,0,0
1990,26,1,3,0,0,1,444,3,0,0
1990,27,2,1,0,0,0,443,3,40,0
1990,74,1,0,0,0,1,0,0,0,0
1990,69,2,0,0,0,0,0,0,0,0
1990,73,1,0,0,0,0,0,0,0,0
1990,69,2,0,0,0,0,0,0,0,0
1990,41,2,1,0,0,1,473,0,45,0
1990,56,2,3,0,0,1,95,5,43,0
1990,28,1,1,0,0,1,22,5,45,0
1990,18,1,1,0,0,0,565,0,25,0
1990,47,1,0,0,0,1,216,0,40,0
1990,45,2,0,0,0,1,243,3,40,0
1990,25,2,0,0,0,1,368,3,40,0
1990,26,1,0,0,0,1,804,3,40,0
1990,47,1,0,0,0,0,558,0,40,0
1990,40,2,0,0,0,0,799,3,18,0
1990,70,1,0,0,0,0,0,0,0,0
1990,70,2,0,0,0,0,888,3,99,0
1990,38,1,0,0,0,1,695,2,40,0
1990,38,2,0,0,0,1,313,4,37,0
1990,27,2,2,0,0,1,26,5,55,0
1990,37,1,0,0,0,0,825,2,50,0
1990,36,2,0,0,0,1,443,3,0,0
1990,40,1,0,0,0,1,84,5,96,1
1990,39,2,0,0,0,1,337,5,25,1
1990,38,1,0,0,0,0,806,3,40,0
1990,35,2,0,0,0,1,466,5,40,0
1990,28,1,1,0,0,0,473,0,60,0
1990,77,2,0,0,0,0,0,0,0,0
1990,69,2,1,0,0,1,23,5,40,0
1990,41,1,0,0,0,1,64,5,45,0
1990,38,2,0,0,0,1,167,5,35,0
1990,19,1,1,0,0,1,379,5,30,0
1990,23,2,1,0,0,1,194,5,12,0
1990,22,1,1,0,0,1,434,3,50,0
1990,25,1,1,0,0,1,35,0,40,0
1990,74,1,0,0,0,1,0,0,0,0
1990,72,2,0,0,0,0,0,0,0,0
1990,20,1,1,1,0,1,274,3,74,0
1990,20,2,1,2,0,1,276,3,28,0
1990,19,2,1,0,0,0,406,4,14,0
1990,77,1,0,0,0,0,0,0,0,0
1990,73,2,0,0,0,0,0,0,0,0
1990,21,1,1,0,0,0,479,0,51,0
1990,45,1,0,0,0,0,844,0,40,1
1990,43,2,0,0,0,1,156,5,40,0
1990,39,1,0,0,0,1,479,0,40,0
1990,39,2,0,0,0,1,453,4,47,0
1990,45,1,0,0,0,0,0,0,0,0
1990,44,2,0,0,0,1,178,5,70,1
1990,18,1,1,0,0,0,486,5,40,0
1990,27,1,0,0,0,0,856,3,55,0
1990,23,2,0,0,0,0,313,4,37,0
1990,34,1,0,0,0,0,787,1,45,0
1990,34,2,0,0,0,1,185,1,0,0
1990,44,1,0,0,0,1,567,0,70,0
1990,44,2,0,0,0,1,268,3,80,1
1990,42,1,2,0,0,1,154,5,50,1
1990,53,1,0,0,0,0,855,2,40,0
1990,50,2,0,0,0,1,95,5,20,0
1990,28,2,0,0,0,1,488,0,40,0
1990,28,1,0,0,0,0,804,2,40,0
1990,42,1,0,0,0,1,259,1,40,0
1990,40,2,0,0,0,0,0,0,0,0
1990,18,1,3,0,0,0,657,3,40,0
1990,27,1,2,0,0,0,804,2,40,0
1990,33,2,1,0,0,0,276,3,40,0
1990,35,1,1,0,0,1,79,0,40,0
1990,49,1,1,0,0,1,187,5,20,0
1990,26,2,1,0,0,1,243,3,40,0
1990,23,2,1,0,0,1,359,5,25,0
1990,77,1,0,0,0,0,254,4,40,0
1990,74,2,0,0,0,0,0,0,0,0
1990,35,1,0,0,0,0,783,0,40,0
1990,31,2,0,0,0,0,447,5,0,0
1990,25,1,0,0,0,0,804,1,30,0
1990,25,2,0,0,0,1,22,0,41,0
1990,48,1,0,0,0,1,22,4,40,1
1990,44,2,0,0,0,1,23,5,40,0
1990,18,1,1,0,0,0,486,3,15,0
1990,56,2,3,0,0,1,0,0,0,0
1990,34,1,0,2,1,0,475,0,40,0
1990,28,2,0,2,1,0,479,0,40,0
1990,65,2,3,0,0,0,0,0,0,0
1990,44,1,1,0,0,0,486,0,0,0
1990,34,1,0,0,0,0,21,5,40,0
1990,39,2,0,0,0,0,488,0,40,0
1990,76,2,3,0,0,0,0,0,0,0
1990,51,1,2,0,0,0,849,1,40,0
1990,51,1,0,0,0,0,243,4,40,0
1990,50,2,0,0,0,0,488,0,60,0
1990,18,2,1,0,0,1,888,1,40,0
1990,73,1,0,0,0,0,0,0,0,0
1990,69,2,0,0,0,0,0,0,0,0
1990,47,1,0,0,0,1,243,3,70,1
1990,45,2,0,0,0,1,337,3,40,1
1990,25,1,0,0,0,1,804,3,40,0
1990,21,2,0,0,0,1,276,3,40,0
1990,38,1,0,0,0,0,779,1,40,0
1990,46,2,0,0,0,0,276,3,30,0
1990,57,1,0,0,0,0,365,3,70,0
1990,55,2,0,0,0,0,22,1,40,0
1990,33,2,2,0,0,1,385,1,40,0
1990,44,1,1,0,0,1,783,3,0,0
1990,41,1,0,0,0,1,13,2,70,1
1990,41,2,0,0,0,0,157,5,33,0
1990,20,2,1,0,0,1,185,3,20,0
1990,70,1,0,0,0,0,473,0,17,0
1990,70,2,0,0,0,0,0,0,0,0
1990,28,1,1,0,0,1,856,5,40,0
1990,35,1,0,0,0,0,796,2,40,0
1990,37,2,0,0,0,0,274,3,40,0
1990,40,1,2,0,0,1,579,3,40,0
1990,20,1,1,0,0,0,495,0,40,0
1990,29,2,2,0,0,0,434,3,0,0
1990,26,1,0,0,0,1,243,3,40,0
1990,23,2,0,0,0,1,575,0,40,0
1990,54,1,0,0,0,0,804,0,50,1
1990,54,2,0,3,0,1,479,0,40,0
1990,40,1,0,0,0,0,804,2,40,0
1990,38,2,0,0,0,1,647,3,0,0
1990,24,1,0,0,0,0,566,0,40,0
1990,20,2,0,0,0,1,447,5,40,0
1990,21,2,3,0,0,0,447,5,24,0
1990,75,1,3,0,0,0,0,0,0,0
1990,42,1,0,0,0,1,859,1,40,0
1990,41,2,0,0,0,1,156,5,30,0
1990,22,1,1,0,0,0,856,1,40,0
1990,31,1,0,0,0,0,496,1,50,0
1990,33,2,0,0,0,0,434,3,13,0
1990,47,1,0,3,0,0,417,6,40,0
1990,46,2,0,3,0,0,449,5,0,0
1990,63,1,0,3,0,1,259,3,55,0
1990,60,2,0,0,0,1,337,5,35,0
1990,27,1,0,2,1,0,889,0,40,0
1990,26,2,0,2,0,0,889,0,40,0
1990,55,1,0,0,0,1,35,6,37,0
1990,49,2,0,0,0,0,389,6,40,0
1990,33,1,0,0,0,1,418,6,40,0
1990,31,2,0,0,0,1,203,5,25,0
1990,68,1,0,0,0,0,0,0,0,0
1990,80,2,0,0,0,0,0,0,0,0
1990,59,1,0,0,0,1,475,0,36,0
1990,57,2,0,0,0,1,0,0,0,0
1990,68,1,3,0,0,0,479,0,8,0
1990,25,1,0,0,0,0,643,4,40,0
1990,33,2,0,0,0,0,447,5,20,0
1990,46,2,2,0,0,0,447,5,40,0
1990,28,1,1,0,0,1,883,1,25,0
1990,80,1,0,0,0,0,0,0,0,0
1990,75,2,0,0,0,0,0,0,0,0
1990,27,1,0,0,0,0,309,1,40,0
1990,32,2,0,3,0,0,389,2,35,0
1990,46,1,1,0,0,0,883,3,40,0
1990,33,2,1,0,0,1,0,0,0,0
1990,77,1,0,0,0,0,0,0,0,0
1990,76,2,0,0,0,1,0,0,0,0
1990,23,2,1,0,0,1,276,3,35,0
1990,18,2,1,0,0,0,438,3,30,0
1990,55,2,1,2,1,0,479,0,9,0
1990,39,1,0,3,0,0,488,0,60,0
1990,39,2,0,0,0,0,804,0,60,0
1990,61,1,0,0,0,0,575,1,48,0
1990,56,2,0,0,0,0,0,0,0,0
1990,26,1,3,0,0,1,198,2,50,0
1990,35,2,0,0,0,1,337,1,40,0
1990,38,1,0,0,0,1,269,3,44,0
1990,65,1,0,0,0,1,0,0,0,0
1990,59,2,0,0,0,0,0,0,0,0
1990,24,1,0,2,1,0,479,0,30,0
1990,24,2,0,0,0,1,479,0,0,0
1990,68,1,0,0,0,0,0,0,0,0
1990,68,2,0,0,0,0,0,0,0,0
1990,30,1,0,2,1,0,804,0,65,0
1990,28,2,0,2,0,0,479,0,30,0
1990,73,1,0,0,0,1,0,0,0,0
1990,73,2,0,0,0,1,0,0,0,0
1990,54,1,0,0,0,1,473,0,40,0
1990,52,2,0,0,0,1,458,4,0,0
1990,68,2,3,0,0,0,0,0,0,0
1990,25,2,1,0,0,0,0,0,0,0
1990,63,1,0,0,0,0,517,0,40,0
1990,62,2,0,0,0,0,0,0,0,0
1990,38,2,2,0,0,1,313,1,40,0
1990,61,1,0,0,0,0,22,0,52,0
1990,60,2,0,0,0,0,488,0,25,0
1990,26,1,0,0,0,1,157,5,40,0
1990,26,2,0,0,0,1,156,5,20,0
1990,32,1,0,0,0,0,628,1,45,0
1990,29,2,0,0,0,1,466,5,36,0
1990,49,1,0,0,0,1,254,4,40,0
1990,47,2,0,0,0,0,406,4,40,0
1990,35,1,0,0,0,1,163,5,40,0
1990,37,2,0,0,0,1,208,5,28,0
1990,75,1,0,0,0,0,0,0,0,0
1990,75,2,0,0,0,0,0,0,0,0
1990,33,2,2,0,0,0,447,5,40,0
1990,28,2,1,0,0,1,379,3,40,0
1990,25,1,0,0,0,0,869,0,50,0
1990,22,2,0,0,0,1,433,3,17,0
1990,69,2,3,0,0,0,0,0,0,0
1990,35,1,0,0,0,1,785,3,40,0
1990,33,2,0,0,0,0,435,3,40,0
1990,54,1,0,0,0,0,585,2,40,0
1990,53,2,0,0,0,1,337,3,0,0
1990,68,1,0,0,0,1,259,3,36,0
1990,69,2,0,0,0,0,0,0,0,0
1990,29,1,0,0,0,1,549,6,20,0
1990,33,2,0,0,2,1,65,6,43,0
1990,45,2,0,0,0,1,338,6,40,0
1990,51,1,0,0,0,0,567,5,40,0
1990,18,1,1,0,0,0,435,3,13,0
1990,58,2,2,0,0,0,434,3,40,0
1990,21,1,1,0,0,1,0,0,0,0
1990,77,2,3,0,0,1,0,0,0,0
1990,51,1,3,0,0,0,686,3,40,0
1990,71,1,3,0,0,0,0,0,0,0
1990,77,2,3,0,0,0,0,0,0,0
1990,49,1,2,0,0,1,243,3,40,0
1990,50,2,2,0,0,0,317,4,40,0
1990,29,1,0,1,0,0,549,6,40,0
1990,35,2,0,0,0,1,447,5,40,0
1990,61,1,0,0,0,0,824,2,48,1
1990,57,2,0,0,0,0,0,0,0,0
1990,19,2,0,0,0,0,234,5,45,0
1990,19,1,0,0,0,0,185,3,50,0
1990,39,1,2,0,0,1,514,4,40,0
1990,77,2,3,0,0,0,0,0,0,0
1990,71,1,0,0,0,0,426,4,20,0
1990,62,2,0,0,0,0,0,0,0,0
1990,42,1,0,0,0,1,696,5,60,0
1990,38,2,0,0,0,0,453,5,40,0
1990,54,2,2,0,0,0,0,0,0,0
1990,71,1,3,0,0,0,0,0,0,0
1990,41,2,2,0,0,1,436,5,40,0
1990,35,2,0,0,0,1,313,5,37,0
1990,37,1,0,0,0,1,269,3,40,0
1990,69,2,3,0,0,0,0,0,0,0
1990,65,1,3,0,0,0,0,0,0,0
1990,28,2,2,3,0,0,276,3,80,0
1990,38,1,0,0,0,0,567,5,50,0
1990,40,2,0,0,0,1,337,6,40,0
1990,54,2,1,0,0,1,243,4,40,0
1990,43,2,2,0,0,1,459,5,20,0
1990,41,1,1,0,0,1,457,4,40,0
1990,22,2,1,0,0,1,446,5,30,0
1990,70,2,1,0,0,0,177,5,9,0
1990,70,1,0,0,0,1,259,1,40,1
1990,62,2,0,0,0,1,29,3,0,0
1990,76,2,3,0,0,1,95,5,0,0
1990,48,1,0,0,0,1,84,5,50,1
1990,49,2,0,0,0,1,159,5,3,0
1990,22,2,1,0,0,1,264,3,30,0
1990,19,1,1,0,0,1,0,0,0,0
1990,30,2,1,0,0,1,445,5,31,0
1990,29,2,1,0,0,1,243,3,40,0
1990,28,1,0,0,0,0,259,3,52,0
1990,27,2,0,0,0,0,188,5,12,0
1990,42,1,2,0,0,1,529,2,40,0
1990,18,1,1,0,0,0,0,0,0,0
1990,43,1,0,0,0,1,157,5,40,0
1990,40,2,0,0,0,1,23,4,40,0
1990,43,1,3,0,0,1,316,4,50,0
1990,40,2,2,0,0,0,274,3,40,0
1990,41,1,0,0,0,1,809,2,30,0
1990,53,2,0,0,0,0,808,5,56,0
1990,44,1,0,0,0,1,567,0,40,0
1990,33,2,0,0,0,0,458,4,40,0
1990,61,1,0,0,0,0,567,0,35,0
1990,62,2,0,0,0,0,337,0,60,0
1990,49,1,2,0,0,1,529,2,40,0
1990,18,1,1,0,0,1,357,4,60,0
1990,44,2,3,0,0,1,439,3,32,0
1990,76,1,0,0,0,0,0,0,0,0
1990,71,2,0,0,0,0,0,0,0,0
1990,55,1,0,0,0,0,417,6,40,0
1990,55,2,0,0,0,0,0,0,0,0
1990,20,1,1,0,0,0,804,1,45,0
1990,31,1,0,0,0,0,496,1,40,0
1990,26,2,0,0,0,0,869,0,40,0
1990,50,1,0,0,0,0,473,0,60,1
1990,46,2,0,0,0,1,888,3,40,0
1990,52,1,0,0,0,0,599,6,40,0
1990,52,2,0,0,0,0,0,0,0,0
1990,20,2,1,0,0,0,0,0,0,0
1990,20,2,1,0,0,0,508,6,64,0
1990,22,1,2,0,0,0,436,3,40,0
1990,57,1,0,0,0,1,473,0,70,0
1990,55,2,0,0,0,0,447,5,32,0
1990,52,1,0,0,0,1,18,4,40,1
1990,46,2,0,0,0,1,0,0,0,0
1990,30,1,0,0,0,1,8,1,0,0
1990,32,2,0,0,0,1,383,4,38,0
1990,40,1,0,0,0,0,509,4,40,0
1990,33,2,0,0,0,0,649,1,30,0
1990,50,1,0,0,0,1,577,2,48,0
1990,47,2,0,0,0,1,378,5,40,0
1990,20,1,1,0,0,1,469,5,20,0
1990,18,1,1,0,0,0,748,4,15,0
1990,35,1,0,0,0,1,268,3,50,1
1990,35,2,0,0,0,0,0,0,0,0
1990,34,1,0,0,0,1,157,5,45,0
1990,37,2,0,0,0,1,823,2,0,0
1990,41,1,0,0,0,1,414,6,40,0
1990,42,2,0,0,0,1,318,2,40,0
1990,45,1,2,0,0,1,156,5,40,0
1990,37,1,0,0,0,1,365,1,40,0
1990,39,2,0,0,0,1,445,5,0,0
1990,46,1,0,0,0,1,327,2,40,0
1990,34,2,0,0,2,1,243,3,40,0
1990,43,1,0,0,0,1,13,0,60,1
1990,41,2,0,0,0,1,7,4,40,0
1990,20,1,1,0,3,1,877,1,40,0
1990,46,1,0,0,0,1,253,4,50,0
1990,49,2,0,0,0,1,313,2,8,0
1990,20,2,1,0,0,1,348,4,32,0
1990,39,2,1,3,0,1,785,1,40,0
1990,26,1,0,0,0,1,226,6,72,0
1990,31,2,0,0,0,1,229,4,0,0
1990,25,1,0,0,0,1,208,5,50,0
1990,24,2,0,0,0,0,276,3,0,0
1990,30,2,1,1,0,1,276,3,0,0
1990,19,1,1,3,3,0,0,0,0,0
1990,24,1,1,0,0,1,57,1,20,0
1990,40,1,1,0,0,1,276,3,40,0
1990,49,1,0,0,0,1,7,5,48,1
1990,41,2,0,0,0,1,343,5,40,0
1990,18,1,1,0,0,0,877,3,20,0
1990,67,1,1,0,0,0,0,0,0,0
1990,41,2,3,0,0,1,235,5,37,0
1990,20,1,1,0,0,1,17,4,16,0
1990,23,2,1,0,0,1,453,4,20,0
1990,74,1,0,0,0,0,0,0,0,0
1990,68,2,0,0,0,0,0,0,0,0
1990,69,1,3,0,0,1,457,4,8,1
1990,33,1,0,0,0,1,53,5,40,0
1990,31,2,0,0,0,1,104,5,40,0
1990,49,1,0,0,0,1,806,1,40,0
1990,48,2,0,0,0,1,95,5,30,0
1990,21,1,1,0,0,0,743,3,40,0
1990,62,1,0,0,0,0,276,3,16,0
1990,51,2,0,0,0,0,313,4,30,0
1990,47,1,0,0,0,1,243,3,48,0
1990,46,2,0,0,0,1,156,5,0,0
1990,23,1,1,0,0,0,567,0,35,0
1990,20,2,2,0,0,0,435,4,0,0
1990,34,1,0,0,0,1,804,2,42,0
1990,33,2,0,3,0,1,156,5,40,0
1990,33,1,0,0,0,1,59,1,45,1
1990,31,2,0,3,3,0,0,0,0,0
1990,71,1,0,0,0,1,0,0,0,0
1990,71,2,0,0,2,1,0,0,0,0
1990,68,1,0,0,0,0,274,3,35,0
1990,64,2,0,0,0,0,888,3,10,0
1990,76,1,1,0,2,1,0,0,0,0
1990,45,1,0,0,0,1,883,2,42,0
1990,45,2,0,0,0,0,0,0,0,0
1990,19,2,1,0,0,0,274,3,20,0
1990,25,2,1,0,0,0,0,0,0,0
1990,25,2,2,0,0,1,22,5,40,0
1990,72,2,2,0,0,0,453,1,0,0
1990,25,1,1,0,0,0,796,1,40,0
1990,64,2,2,0,0,0,0,0,0,0
1990,42,2,0,0,0,0,453,4,0,0
1990,51,1,0,0,0,0,669,3,0,0
1990,50,1,0,0,0,1,22,5,60,0
1990,48,2,0,0,0,0,0,0,0,0
1990,65,1,0,0,0,1,0,0,0,0
1990,62,2,0,0,0,1,25,4,0,0
1990,32,2,2,0,0,1,276,3,40,0
1990,43,2,2,0,0,1,458,4,30,0
1990,37,2,2,0,0,1,313,4,35,0
1990,18,2,1,0,0,0,159,1,30,0
1990,39,1,0,0,0,1,253,4,50,1
1990,33,2,0,0,0,1,254,4,40,1
1990,40,1,0,0,0,1,96,6,65,0
1990,40,2,0,0,0,1,276,3,20,0
1990,19,1,1,0,0,0,453,3,40,0
1990,22,1,0,0,0,0,496,1,50,0
1990,22,2,0,0,0,1,17,3,30,0
1990,25,1,1,0,0,0,567,0,40,0
1990,78,2,3,0,0,0,0,0,0,0
1990,78,2,0,0,0,1,0,0,0,0
1990,78,2,3,0,0,0,0,0,0,0
1990,50,1,2,0,0,1,308,0,50,0
1990,21,1,1,3,3,1,734,1,0,0
1990,19,2,1,0,0,1,259,3,40,0
1990,21,1,1,0,0,1,453,3,40,0
1990,21,1,1,0,0,1,0,0,0,0
1990,20,2,1,0,0,1,889,2,40,0
1990,20,1,1,0,0,1,216,5,40,0
1990,21,2,1,0,0,1,435,3,40,0
1990,19,1,1,0,0,1,198,2,8,0
1990,22,1,1,0,0,1,274,3,15,0
1990,59,2,0,0,0,1,0,0,0,0
1990,60,1,0,0,0,1,178,5,45,1
1990,77,2,3,0,0,1,185,3,40,0
1990,20,1,1,0,0,1,844,0,30,0
1990,21,1,1,0,0,1,885,3,20,0
1990,20,2,1,0,0,1,163,5,35,0
1990,30,2,1,1,4,1,434,3,0,0
1990,20,2,1,0,0,1,283,4,25,0
1990,20,2,1,0,0,1,283,4,20,0
1990,22,1,1,0,0,1,365,3,60,0
1990,74,2,0,0,0,1,0,0,0,0
1990,23,1,1,0,0,0,488,0,13,0
1990,23,2,2,0,0,0,435,3,20,0
1990,69,1,0,0,0,0,0,0,0,0
1990,74,2,0,0,0,0,0,0,0,0
1990,59,1,0,0,0,1,473,0,60,0
1990,53,2,0,0,0,1,337,0,0,0
1990,48,2,2,0,0,0,0,0,0,0
1990,36,1,2,0,0,1,473,0,60,0
1990,50,1,0,0,0,0,856,1,48,0
1990,52,2,0,0,0,1,503,5,30,0
1990,41,1,0,0,0,1,223,5,40,0
1990,41,2,0,0,0,1,73,5,40,0
1990,33,1,0,0,0,1,473,0,40,0
1990,37,2,0,0,0,1,156,5,40,0
1990,69,2,0,0,0,0,323,4,7,0
1990,79,1,0,0,0,0,0,0,0,0
1990,30,1,0,0,0,0,517,0,78,0
1990,22,2,0,0,0,0,0,0,0,0
1990,64,2,3,0,0,0,0,0,0,0
1990,43,1,0,0,0,1,25,5,60,1
1990,37,2,0,0,0,1,185,1,5,0
1990,24,1,0,0,0,0,783,1,40,0
1990,24,2,0,0,0,0,274,3,39,0
1990,18,2,1,0,0,0,453,5,32,0
1990,33,2,1,0,0,1,156,5,40,0
1990,70,2,3,3,0,0,0,0,0,0
1990,19,1,1,0,0,0,588,0,40,0
1990,18,1,1,0,0,0,0,0,0,0
1990,23,2,1,0,0,0,337,3,40,0
1990,32,1,0,0,0,1,185,0,40,0
1990,34,2,0,0,0,1,0,0,0,0
1990,19,1,1,0,0,1,379,5,20,0
1990,28,1,0,0,0,1,424,6,40,0
1990,26,2,0,0,0,0,467,5,40,0
1990,38,1,1,0,0,1,486,0,35,0
1990,71,2,3,0,0,1,0,0,0,0
1990,65,1,0,0,0,0,0,0,0,0
1990,57,2,0,0,0,0,0,0,0,0
1990,29,1,1,0,0,0,479,0,40,0
1990,62,1,0,0,0,0,804,3,24,0
1990,62,2,0,0,0,1,22,4,0,0
1990,59,1,0,0,0,0,235,5,46,0
1990,59,2,0,0,0,0,274,3,10,0
1990,45,1,0,0,0,1,453,3,40,1
1990,36,2,0,0,0,1,95,5,32,0
1990,33,2,0,2,1,1,157,5,40,0
1990,53,1,0,2,0,1,178,5,50,1
1990,56,1,0,0,0,0,628,1,40,0
1990,55,2,0,0,0,0,0,0,0,0
1990,29,1,1,0,0,0,709,1,40,0
1990,75,2,3,0,0,0,0,0,0,0
1990,35,1,0,0,0,1,473,0,60,0
1990,33,2,0,0,0,1,337,0,10,0
1990,50,1,0,0,0,0,477,0,40,0
1990,42,2,0,0,0,0,433,5,33,0
1990,20,1,1,0,0,0,769,1,15,0
1990,18,2,1,0,0,0,813,3,12,0
1990,29,1,0,0,0,0,453,5,40,0
1990,30,2,0,0,0,0,313,1,40,0
1990,34,1,0,0,1,1,449,0,0,0
1990,30,2,0,0,1,0,488,0,0,0
1990,27,2,3,0,1,0,0,0,0,0
1990,65,1,1,0,0,0,748,5,30,0
1990,40,1,0,2,1,0,479,0,60,0
1990,38,2,0,2,1,0,0,0,0,0
1990,19,2,1,2,0,0,315,4,40,0
1990,18,2,1,2,0,0,0,0,0,0
1990,65,1,0,0,0,1,55,2,0,0
1990,60,2,0,0,0,1,0,0,0,0
1990,71,1,0,0,0,1,59,4,30,1
1990,65,2,0,0,4,0,0,0,0,0
1990,65,1,0,0,0,1,84,5,40,1
1990,42,2,0,0,2,1,0,0,0,0
1990,36,1,0,0,0,1,59,5,40,0
1990,33,2,0,0,0,1,155,5,40,0
1990,23,2,1,0,0,1,184,2,43,0
1990,49,1,0,0,0,1,55,2,40,0
1990,47,2,0,0,0,0,313,5,40,0
1990,38,1,2,0,0,1,213,1,40,0
1990,26,1,0,0,0,1,59,5,47,0
1990,26,2,0,0,0,1,0,0,0,0
1990,58,1,0,0,0,1,389,1,40,0
1990,53,2,0,0,0,1,207,4,12,0
1990,26,1,1,0,0,0,877,3,32,0
1990,35,1,2,0,0,1,628,2,40,1
1990,18,1,1,0,0,0,453,6,35,0
1990,61,1,0,0,0,1,337,5,20,0
1990,52,2,0,0,0,1,274,3,25,0
1990,53,1,0,0,0,1,259,3,40,0
1990,46,2,0,0,0,0,0,0,0,0
1990,67,1,0,0,0,0,534,3,14,0
1990,67,2,0,0,0,0,0,0,0,0
1990,32,2,1,0,0,0,259,3,55,0
1990,22,2,0,0,0,0,199,5,0,0
1990,23,1,0,0,0,0,426,6,40,0
1990,35,1,0,0,0,0,436,3,40,0
1990,32,2,0,0,0,0,0,0,0,0
1990,35,1,0,0,0,1,156,5,40,0
1990,37,2,0,0,0,1,156,5,40,0
1990,40,2,2,0,0,1,436,5,0,0
1990,78,1,0,0,0,0,733,1,0,0
1990,74,2,0,0,0,0,0,0,0,0
1990,21,1,0,0,0,1,243,3,40,0
1990,21,2,0,0,0,0,276,3,0,0
1990,79,1,0,0,0,0,748,4,0,0
1990,69,2,0,0,0,0,458,4,24,0
1990,34,1,0,2,1,0,505,3,40,0
1990,30,2,0,2,1,0,0,0,0,0
1990,27,2,1,0,1,0,479,0,40,0
1990,35,1,0,0,0,1,365,1,40,0
1990,30,2,0,2,0,0,883,1,44,0
1990,37,1,0,0,0,1,77,6,40,0
1990,36,2,0,0,0,1,207,5,0,0
1990,18,1,1,3,4,0,883,0,0,0
1990,32,1,0,3,4,0,479,0,35,0
1990,21,1,1,3,4,0,426,6,40,0
1990,31,1,0,3,4,0,365,3,50,0
1990,65,1,0,0,0,0,337,3,0,0
1990,62,2,0,0,0,0,0,0,0,0
1990,19,1,1,0,0,0,887,4,0,0
1990,62,1,0,0,0,1,22,2,40,0
1990,61,2,0,0,0,0,337,2,10,0
1990,19,2,1,0,0,1,337,2,8,0
1990,35,1,0,0,0,1,475,0,55,0
1990,35,2,0,0,0,1,185,3,0,0
1990,61,1,2,0,0,0,844,0,0,0
1990,60,1,0,0,0,0,514,4,25,0
1990,51,2,0,0,0,1,436,5,40,0
1990,30,1,0,0,0,1,259,3,50,0
1990,26,2,0,0,0,1,22,3,0,0
1990,27,2,2,0,0,1,159,5,32,0
1990,33,1,0,0,0,0,566,3,30,0
1990,33,2,0,0,0,0,453,4,8,0
1990,33,1,0,0,0,0,473,0,60,0
1990,31,2,0,0,0,0,473,0,40,0
1990,58,1,0,2,1,0,496,0,0,0
1990,53,2,0,2,1,0,479,0,45,0
1990,30,1,3,2,1,0,479,0,87,0
1990,19,2,1,2,1,0,479,0,10,0
1990,44,1,3,2,1,0,479,0,40,0
1990,48,1,1,2,1,0,0,0,0,0
1990,37,2,2,2,1,0,479,0,40,0
1990,18,2,1,2,1,0,888,0,0,0
1990,75,2,3,0,0,0,0,0,0,0
1990,71,1,0,0,0,0,0,0,0,0
1990,67,2,0,0,0,0,337,2,30,0
1990,29,1,0,2,0,0,479,0,56,0
1990,30,2,0,2,0,0,479,0,40,0
1990,23,1,1,2,1,0,479,0,45,0
1990,26,2,3,2,0,0,275,3,30,0
1990,72,1,0,0,0,0,0,0,0,0
1990,66,2,0,0,0,0,0,0,0,0
1990,23,2,1,0,0,0,276,3,6,0
1990,39,1,0,0,0,1,274,3,50,0
1990,41,2,0,0,0,1,313,3,40,0
1990,26,1,0,2,1,0,479,0,40,0
1990,32,2,0,2,0,1,174,5,40,0
1990,51,1,0,0,0,1,475,0,50,1
1990,45,2,0,0,0,1,0,0,0,0
1990,25,2,1,0,0,0,0,0,0,0
1990,26,1,0,2,1,0,475,0,40,0
1990,28,2,0,2,1,1,736,1,0,0
1990,58,1,0,2,0,0,477,0,0,0
1990,55,2,0,2,0,0,888,1,32,0
1990,24,1,1,2,0,0,243,3,40,0
1990,19,1,3,2,0,0,783,1,40,0
1990,21,1,1,2,1,0,628,1,40,0
1990,24,1,1,0,0,0,869,0,40,0
1990,78,1,0,0,0,0,0,0,0,0
1990,75,2,0,0,0,0,0,0,0,0
1990,40,1,0,0,0,1,804,2,50,1
1990,37,2,0,0,0,1,337,2,0,0
1990,53,1,0,0,0,0,16,2,40,0
1990,49,2,0,0,0,0,0,0,0,0
1990,58,1,0,0,0,0,806,3,40,0
1990,55,2,0,0,0,0,303,1,40,0
1990,32,1,1,0,0,1,434,3,32,0
1990,43,1,0,0,0,1,259,3,45,0
1990,43,2,0,0,0,1,235,5,30,0
1990,32,1,0,0,0,0,869,0,40,0
1990,38,2,0,0,0,0,747,4,37,0
1990,27,2,2,0,0,1,206,5,40,0
1990,24,2,1,0,0,0,909,6,0,0
1990,77,1,0,0,0,0,0,0,0,0
1990,76,2,0,0,0,0,0,0,0,0
1990,77,1,1,0,0,0,0,0,0,0
1990,39,1,0,0,0,0,505,3,44,0
1990,38,2,0,0,0,0,449,4,30,0
1990,19,2,1,0,0,0,435,3,40,0
1990,32,2,2,0,0,1,364,1,40,0
1990,57,1,1,0,0,1,156,5,0,0
1990,31,1,0,0,1,0,686,1,45,0
1990,27,2,0,0,1,0,488,3,25,0
1990,24,1,3,0,1,0,475,0,44,0
1990,33,1,1,0,1,0,479,0,28,0
1990,30,1,0,0,0,1,804,2,90,0
1990,29,2,0,0,0,1,435,3,0,0
1990,36,1,2,0,0,1,526,3,40,0
1990,27,2,2,1,0,1,154,5,8,0
1990,45,1,0,0,0,0,243,3,50,0
1990,44,2,0,0,0,0,319,3,40,0
1990,52,1,0,0,0,0,869,0,40,0
1990,49,2,0,0,0,1,337,3,40,0
1990,21,1,1,0,0,1,777,1,40,0
1990,19,2,1,0,0,0,319,4,20,0
1990,73,2,3,0,0,1,22,1,0,0
1990,38,1,2,0,0,0,856,1,40,0
1990,33,1,0,0,0,1,157,5,60,0
1990,33,2,0,0,0,1,156,5,0,0
1990,27,1,0,0,0,1,366,2,40,0
1990,28,2,0,2,0,0,337,4,8,0
1990,19,2,0,0,1,1,0,0,0,0
1990,33,1,0,0,0,0,579,0,40,0
1990,79,2,3,0,0,1,0,0,0,0
1990,22,2,0,0,0,1,313,5,40,0
1990,33,1,0,0,0,0,804,2,40,0
1990,25,1,1,0,0,0,779,2,40,0
1990,27,1,0,2,1,0,475,0,40,0
1990,24,2,0,0,0,0,0,0,0,0
1990,54,2,1,0,0,0,55,2,40,0
1990,58,2,2,0,0,0,748,4,40,0
1990,71,1,0,0,0,1,208,3,30,0
1990,72,2,0,0,0,1,0,0,0,0
1990,33,2,2,0,0,1,0,0,0,0
1990,27,1,1,0,0,0,804,2,40,0
1990,36,1,0,0,0,1,22,1,55,0
1990,33,2,0,0,0,1,243,3,50,0
1990,69,1,0,0,0,0,453,5,20,0
1990,68,2,0,0,0,0,0,0,0,0
1990,26,1,1,0,0,0,889,1,40,0
1990,33,1,0,0,0,1,22,3,40,0
1990,25,2,0,0,2,1,104,5,40,0
1990,38,2,2,0,0,1,95,5,32,0
1990,44,1,2,0,0,0,363,2,40,0
1990,28,1,0,3,3,1,17,3,99,0
1990,23,2,0,3,3,0,17,3,99,0
1990,63,2,2,0,0,1,0,0,0,0
1990,39,1,2,0,0,1,809,2,48,0
1990,67,1,0,0,0,1,806,3,0,0
1990,72,2,0,0,0,0,0,0,0,0
1990,33,1,0,0,0,1,217,1,56,1
1990,33,2,0,0,0,1,313,5,40,0
1990,73,2,3,0,0,0,0,0,0,0
1990,36,2,1,3,0,1,479,0,48,0
1990,34,1,1,3,0,0,709,1,0,0
1990,21,2,1,0,0,0,207,5,36,0
1990,46,1,0,0,0,1,259,3,50,1
1990,47,2,0,0,0,1,0,0,0,0
1990,23,1,0,0,0,1,508,2,52,0
1990,21,2,0,0,0,0,315,1,40,0
1990,55,1,0,0,0,0,804,2,40,0
1990,49,2,0,0,0,0,888,3,2,0
1990,20,2,1,0,0,0,889,5,0,0
1990,73,1,3,0,0,0,0,0,0,0
1990,55,2,2,0,0,1,264,3,43,0
1990,36,1,2,1,0,1,159,6,40,0
1990,25,1,1,0,0,0,447,5,48,0
1990,31,1,0,0,0,1,804,1,40,0
1990,30,2,0,0,0,1,323,1,40,0
1990,33,1,1,0,0,1,267,3,50,1
1990,48,1,0,0,0,1,274,5,40,1
1990,48,2,0,0,2,0,436,5,40,0
1990,18,1,1,0,0,0,444,5,20,0
1990,29,1,0,0,0,1,216,0,45,0
1990,29,2,0,0,0,1,97,5,50,0
1990,46,1,0,0,0,0,263,4,40,0
1990,44,2,0,0,0,1,313,6,40,0
1990,24,1,0,0,0,0,756,3,40,0
1990,24,2,0,0,0,0,25,4,40,0
1990,33,1,0,0,0,1,22,0,35,0
1990,39,2,0,0,0,1,364,2,0,0
1990,34,1,1,0,0,1,365,1,65,0
1990,63,1,0,0,0,0,799,1,0,0
1990,60,2,0,0,0,0,785,1,44,0
1990,66,1,0,0,0,1,197,5,40,1
1990,64,2,0,0,0,1,435,3,0,0
1990,63,2,3,0,0,1,313,3,45,0
1990,28,2,1,0,0,1,178,5,50,0
1990,68,1,0,0,0,1,22,4,45,1
1990,65,2,0,0,0,1,339,3,12,0
1990,20,1,1,0,3,1,0,0,0,0
1990,19,1,1,0,3,1,0,0,0,0
1990,36,1,2,0,0,1,628,1,40,0
1990,30,1,1,0,0,1,505,3,40,0
1990,30,2,2,0,0,0,453,4,40,0
1990,56,1,0,0,0,1,22,1,50,1
1990,51,2,0,0,0,0,0,0,0,0
1990,52,2,2,0,0,1,22,3,40,0
1990,24,2,1,0,0,1,689,3,60,0
1990,19,1,1,0,0,0,576,0,40,0
1990,18,1,1,0,0,0,0,0,0,0
1990,59,1,0,0,0,0,243,3,55,1
1990,49,2,0,0,0,1,717,3,16,0
1990,20,1,1,0,0,1,274,3,40,0
1990,68,1,0,0,0,0,0,0,0,0
1990,65,2,0,0,2,0,0,0,0,0
1990,37,1,0,0,0,1,22,0,60,1
1990,34,2,0,0,0,1,0,0,0,0
1990,62,2,2,0,0,1,0,0,0,0
1990,37,2,2,0,0,1,729,1,40,0
1990,44,1,0,0,0,0,856,1,40,0
1990,40,2,0,0,0,0,359,2,40,0
1990,35,1,0,0,0,1,58,1,84,0
1990,35,2,0,0,0,0,379,5,40,0
1990,57,1,0,0,0,0,869,0,40,0
1990,47,2,0,0,0,1,889,3,40,0
1990,50,1,0,0,0,1,22,4,15,0
1990,47,2,0,0,0,1,436,5,30,0
1990,18,2,1,0,0,0,379,3,10,0
1990,26,1,1,0,0,1,637,1,45,0
1990,76,1,3,0,0,1,254,4,44,1
1990,80,2,3,0,0,1,0,0,0,0
1990,36,2,0,0,0,1,313,5,4,0
1990,29,1,0,0,0,1,785,1,50,0
1990,34,1,0,0,0,0,669,4,40,0
1990,32,2,0,0,0,0,264,3,20,0
1990,31,1,1,0,0,1,259,1,40,0
1990,30,2,1,0,0,1,56,1,40,0
1990,37,1,2,0,0,0,22,3,65,0
1990,39,2,2,0,0,1,65,1,0,0
1990,46,1,0,0,0,0,628,1,40,0
1990,46,2,0,0,0,0,683,1,60,0
1990,43,1,2,0,0,1,567,0,40,0
1990,55,2,2,0,0,1,253,4,40,0
1990,18,1,1,0,0,0,485,5,20,0
1990,29,2,1,0,0,1,268,3,30,0
1990,68,1,0,0,0,1,22,0,40,0
1990,66,2,0,0,0,1,337,0,26,0
1990,26,2,2,0,0,1,23,5,40,0
1990,30,1,0,0,0,1,505,3,80,0
1990,29,2,0,0,0,1,23,2,45,0
1990,29,1,0,0,0,1,185,4,40,0
1990,26,2,0,0,0,1,159,4,2,0
1990,47,1,0,0,0,1,628,1,0,0
1990,39,2,0,0,0,0,0,0,0,0
1990,62,1,0,0,0,1,453,4,40,0
1990,61,2,0,0,0,1,449,4,40,0
1990,26,1,1,0,0,0,417,6,40,0
1990,64,1,0,0,0,1,174,6,40,0
1990,48,2,0,3,3,1,0,0,0,0
1990,43,1,0,0,0,0,628,1,50,1
1990,38,2,0,0,0,1,206,5,40,0
1990,37,1,0,0,0,1,44,1,45,0
1990,30,2,0,0,0,1,313,5,20,0
1990,62,1,0,0,0,1,156,5,42,0
1990,59,2,0,0,0,0,313,5,30,0
1990,38,1,0,0,0,1,22,1,50,0
1990,39,2,0,0,0,1,177,5,25,0
1990,36,1,0,0,0,0,575,0,40,1
1990,35,2,0,0,0,0,337,0,40,0
1990,19,1,1,0,0,1,576,0,40,0
1990,19,2,1,0,0,1,313,3,4,0
1990,67,2,3,0,0,0,276,3,30,0
1990,33,1,0,0,0,1,59,1,40,0
1990,35,2,0,3,3,0,0,0,0,0
1990,21,1,1,0,0,0,566,3,40,0
1990,36,1,0,0,0,1,628,1,45,0
1990,36,2,0,0,0,0,188,1,40,0
1990,37,2,0,0,0,1,385,4,40,0
1990,39,1,0,0,0,0,567,0,20,0
1990,78,1,3,0,0,0,0,0,0,0
1990,31,1,0,0,0,1,783,1,45,0
1990,30,2,0,3,0,1,378,4,40,0
1990,27,1,3,0,0,0,549,4,0,0
1990,54,1,2,0,0,0,213,1,48,1
1990,65,1,0,0,0,0,804,1,0,0
1990,60,2,0,0,0,0,0,0,0,0
1990,44,1,0,0,0,1,259,3,40,1
1990,42,2,0,0,0,1,475,0,30,0
1990,18,1,1,0,0,0,686,3,40,0
1990,41,1,0,0,0,1,187,5,36,0
1990,33,2,0,0,0,1,156,5,40,0
1990,70,1,0,0,0,0,473,0,60,0
1990,56,2,0,0,1,0,473,0,50,0
1990,46,2,2,0,0,1,17,3,40,0
1990,25,1,0,0,0,1,424,6,40,0
1990,21,2,0,0,0,0,276,3,0,0
1990,47,1,0,0,0,1,243,3,60,1
1990,42,2,0,0,0,1,95,5,60,0
1990,20,2,1,0,0,0,877,3,16,0
1990,65,1,0,0,0,0,785,1,0,0
1990,56,2,0,0,0,1,785,1,0,0
1990,31,1,1,0,0,0,779,1,30,0
1990,33,1,0,0,0,0,696,4,40,0
1990,32,2,0,0,0,1,254,4,10,0
1990,53,2,3,0,0,1,95,5,24,0
1990,34,1,0,0,0,0,779,1,0,0
1990,32,2,0,0,0,0,17,3,40,0
1990,58,1,2,0,0,1,243,3,55,0
1990,75,1,0,0,0,1,84,5,40,0
1990,68,2,0,0,0,1,406,4,26,0
1990,27,1,0,0,0,1,259,1,50,1
1990,27,2,0,0,0,1,156,5,40,0
1990,38,1,0,0,0,1,307,1,40,0
1990,38,2,0,0,0,1,628,1,40,0
1990,36,2,0,0,0,1,319,5,40,0
1990,33,1,0,0,0,0,628,1,54,0
1990,64,2,2,0,0,1,515,1,48,0
1990,42,2,1,0,0,1,283,3,25,0
1990,60,1,0,0,0,1,0,0,0,1
1990,48,2,0,0,0,1,313,3,0,0
1990,80,2,0,0,0,1,0,0,0,0
1990,66,1,0,0,0,1,254,4,8,0
1990,61,2,0,0,0,1,0,0,0,0
1990,39,1,0,0,0,0,364,1,48,0
1990,46,2,0,0,0,1,264,3,40,0
1990,32,1,0,0,0,1,637,1,42,0
1990,31,2,0,0,0,1,22,5,0,0
1990,56,1,0,0,0,1,283,2,45,0
1990,58,2,0,0,0,0,159,5,40,0
1990,29,1,0,0,0,1,364,4,42,0
1990,30,2,0,0,0,1,95,5,32,0
1990,43,1,0,2,0,1,508,1,56,0
1990,39,2,0,2,0,0,379,5,40,0
1990,44,2,2,0,0,1,243,4,40,0
1990,24,2,1,0,0,1,274,5,0,0
1990,75,2,3,0,0,0,0,0,0,0
1990,27,1,0,0,0,0,515,1,48,0
1990,28,2,0,0,0,0,0,0,0,0
1990,50,1,0,0,0,1,89,5,30,1
1990,51,2,0,0,0,1,15,5,30,0
1990,29,2,2,0,0,1,303,5,48,0
1990,35,1,0,0,0,0,628,1,0,0
1990,28,2,0,0,0,0,567,0,0,0
1990,39,2,0,0,0,0,21,5,41,0
1990,41,1,0,3,0,1,864,6,60,0
1990,64,1,0,0,0,1,558,0,0,0
1990,61,2,0,0,0,1,156,5,16,0
1990,20,2,1,0,0,0,439,3,40,0
1990,19,1,1,0,0,0,567,3,20,0
1990,31,1,0,0,0,1,518,1,41,0
1990,42,2,0,0,0,0,365,1,24,0
1990,50,1,0,0,0,1,243,3,65,0
1990,47,2,0,0,0,0,337,1,40,0
1990,25,1,0,0,0,1,507,2,40,0
1990,25,2,0,0,0,1,313,5,32,0
1990,38,1,0,0,0,0,479,0,50,1
1990,35,2,0,0,0,1,436,3,50,0
1990,79,2,3,0,0,0,0,0,0,0
1990,33,1,0,0,0,0,686,3,44,0
1990,30,2,0,0,0,1,276,3,20,0
1990,80,1,3,0,0,0,0,0,0,0
1990,42,1,2,0,0,0,22,2,48,0
1990,42,2,2,0,0,0,385,3,40,0
1990,47,1,0,0,0,1,22,6,40,0
1990,35,2,0,0,0,1,21,5,40,0
1990,32,1,0,0,0,0,785,0,40,0
1990,30,2,0,0,0,0,808,2,30,0
1990,45,1,0,0,0,0,567,0,23,0
1990,30,2,0,0,0,0,439,3,32,0
1990,21,1,1,0,0,0,883,1,40,0
1990,39,1,0,0,0,0,856,1,40,0
1990,39,2,0,0,0,1,387,5,12,0
1990,20,1,1,0,0,1,709,1,45,0
1990,20,2,1,0,0,1,274,3,40,0
1990,46,1,0,0,0,1,579,0,40,0
1990,49,2,0,0,0,0,376,4,0,0
1990,23,2,1,0,0,0,0,0,0,0
1990,79,2,0,0,0,1,0,0,0,0
1990,75,1,0,0,0,0,0,0,0,0
1990,77,2,0,0,0,0,0,0,0,0
1990,38,2,0,0,0,1,315,6,0,0
1990,41,1,0,0,0,1,599,0,40,0
1990,61,1,0,0,0,0,766,1,40,0
1990,49,2,0,0,0,0,365,1,40,0
1990,35,1,2,0,0,0,567,0,45,0
1990,58,1,0,0,0,0,496,1,48,0
1990,62,2,0,0,0,0,185,3,0,0
1990,69,1,0,0,0,0,544,1,0,0
1990,62,2,0,0,0,0,0,0,0,0
1990,47,2,3,0,0,1,0,0,0,0
1990,42,1,0,0,0,1,496,1,50,0
1990,42,2,0,0,0,1,156,5,20,0
1990,55,1,2,0,0,0,0,0,0,0
1990,35,1,0,0,0,0,544,1,40,0
1990,35,2,0,0,0,0,189,3,0,0
1990,65,2,0,0,0,1,0,0,0,0
1990,64,1,0,0,0,1,13,1,0,0
1990,72,1,0,0,0,0,0,0,0,0
1990,68,2,0,0,0,0,0,0,0,0
1990,30,1,1,0,0,0,496,1,40,0
1990,23,2,1,0,0,0,435,3,0,0
1990,43,2,3,0,0,0,0,0,0,0
1990,24,1,1,0,0,0,887,3,40,0
1990,36,1,0,0,0,0,503,1,40,0
1990,34,2,0,0,0,0,0,0,0,0
1990,32,1,0,0,0,0,889,1,40,0
1990,31,2,0,0,0,0,453,3,10,0
1990,57,1,0,0,0,0,859,2,40,1
1990,56,2,0,0,0,1,0,0,0,0
1990,65,1,0,0,0,1,558,0,0,0
1990,61,2,0,0,0,1,0,0,0,0
1990,45,1,0,0,0,1,766,1,44,0
1990,43,2,0,0,0,1,337,6,38,0
1990,19,1,1,0,0,0,263,3,20,0
1990,51,1,0,0,0,1,505,4,40,0
1990,44,2,0,0,0,1,337,4,0,0
1990,18,1,1,0,0,0,505,4,40,0
1990,29,2,1,0,0,1,17,3,40,0
1990,54,1,0,0,0,1,783,1,0,0
1990,53,2,0,0,0,0,274,3,40,0
1990,18,2,1,0,0,0,435,3,69,0
1990,18,2,1,0,0,0,453,1,0,0
1990,18,2,1,0,0,0,435,3,9,0
1990,70,1,0,0,0,1,0,0,0,0
1990,66,2,0,0,0,0,0,0,0,0
1990,40,1,2,0,0,1,156,5,50,0
1990,38,1,1,0,0,0,749,1,55,0
1990,27,1,0,0,0,0,496,0,36,0
1990,31,2,0,0,0,0,909,6,0,0
1990,73,2,3,0,0,0,313,5,8,0
1990,58,1,0,0,0,0,0,0,0,0
1990,52,2,0,0,0,0,218,5,0,0
1990,38,1,0,0,0,0,527,2,40,0
1990,38,2,0,0,0,1,313,5,35,0
1990,60,1,0,0,0,0,644,1,40,0
1990,57,2,0,0,0,0,0,0,0,0
1990,79,1,0,0,0,0,0,0,0,0
1990,73,2,0,0,0,0,0,0,0,0
1990,46,1,0,0,0,1,22,1,45,0
1990,44,2,0,0,0,0,379,1,40,0
1990,23,1,1,0,0,0,804,2,50,0
1990,66,1,0,0,0,1,0,0,0,0
1990,50,2,0,0,0,1,744,5,40,0
1990,23,2,1,3,0,1,275,3,40,0
1990,62,1,0,0,0,0,824,2,60,1
1990,62,2,0,0,0,1,389,6,14,0
1990,42,2,0,0,0,1,27,5,40,0
1990,40,1,0,0,0,1,23,5,40,1
1990,39,2,0,0,0,1,315,6,40,0
1990,39,1,0,0,2,1,379,6,40,0
1990,52,1,0,3,3,0,243,3,40,0
1990,53,2,0,3,3,0,0,0,0,0
1990,26,1,1,3,3,1,276,3,40,0
1990,64,1,0,0,0,0,0,0,0,0
1990,59,2,0,0,0,0,385,6,40,0
1990,51,1,0,0,0,1,14,5,60,0
1990,40,2,0,0,0,0,443,5,30,0
1990,25,2,1,0,0,1,156,5,40,0
1990,19,2,1,0,0,1,274,5,28,0
1990,29,2,1,0,0,1,166,6,50,0
1990,38,2,2,0,0,1,197,6,40,0
1990,44,1,0,0,0,1,5,6,40,0
1990,34,2,0,0,0,1,95,5,50,0
1990,39,1,0,0,0,1,508,2,50,0
1990,28,2,0,3,3,0,276,3,40,0
1990,65,1,0,0,0,0,518,1,40,0
1990,60,2,0,0,0,1,0,0,0,0
1990,77,2,3,0,0,0,0,0,0,0
1990,40,1,0,0,0,0,365,3,40,0
1990,32,2,0,0,0,0,313,4,40,0
1990,25,1,0,0,0,1,375,4,44,0
1990,25,2,0,0,0,1,406,4,0,0
1990,53,1,0,0,0,0,22,0,58,0
1990,51,2,0,0,0,0,257,0,58,0
1990,27,2,2,0,0,0,22,1,40,0
1990,67,1,0,0,0,1,473,0,20,0
1990,63,2,0,0,0,1,473,0,12,0
1990,43,1,1,0,0,1,157,5,65,0
1990,31,2,0,0,0,0,436,3,0,0
1990,34,1,0,0,0,1,567,0,15,0
1990,35,1,2,0,0,1,599,0,40,0
1990,26,1,1,0,0,1,496,1,40,0
1990,28,1,0,0,0,1,855,0,40,0
1990,29,2,0,0,0,1,0,0,0,0
1990,46,1,0,0,0,0,22,6,40,0
1990,44,2,0,0,0,0,275,4,40,0
1990,23,2,1,0,0,0,313,6,40,0
1990,27,1,1,0,0,1,436,3,55,0
1990,41,1,2,0,0,1,27,4,40,0
1990,36,2,3,0,0,1,379,4,40,0
1990,23,1,1,0,0,1,276,5,35,0
1990,22,2,1,0,0,1,337,2,30,0
1990,21,2,1,1,0,1,435,3,18,0
1990,36,2,2,0,0,1,0,0,0,0
1990,38,1,0,0,0,1,64,6,53,0
1990,35,2,0,0,0,0,308,5,40,0
1990,35,1,2,0,0,1,889,2,0,0
1990,21,1,0,2,0,1,444,3,35,0
1990,21,2,0,0,0,1,435,3,30,0
1990,79,1,0,0,0,1,0,0,0,1
1990,74,2,0,0,0,0,0,0,0,0
1990,59,2,3,0,0,1,178,6,40,0
1990,36,1,1,0,0,1,65,6,40,0
1990,32,1,3,0,0,1,313,6,40,0
1990,66,1,0,0,0,1,379,3,35,0
1990,49,2,0,0,0,1,378,6,40,0
1990,26,1,3,0,0,0,547,3,50,0
1990,26,2,1,0,0,1,435,3,30,0
1990,22,1,1,0,0,1,22,5,0,0
1990,63,2,3,0,0,0,0,0,0,0
1990,46,1,0,0,0,1,206,5,40,0
1990,37,2,0,0,0,1,435,5,60,0
1990,51,1,0,0,0,1,22,5,60,0
1990,48,2,0,0,0,1,15,5,60,0
1990,20,1,1,0,0,1,804,3,20,0
1990,30,2,2,0,0,1,458,4,40,0
1990,65,1,0,0,0,0,0,0,0,0
1990,59,2,0,0,0,0,319,6,40,0
1990,21,2,0,0,0,1,796,1,75,0
1990,33,1,0,0,0,1,783,1,40,0
1990,32,1,0,0,0,1,243,2,40,0
1990,35,2,0,0,0,1,259,3,40,0
1990,35,2,2,0,0,0,785,1,40,0
1990,31,1,3,0,0,0,785,1,40,0
1990,39,1,2,0,0,1,17,3,40,0
1990,20,1,1,0,0,0,276,3,30,0
1990,33,2,2,0,0,1,375,4,45,0
1990,29,2,1,0,0,1,229,1,40,1
1990,28,1,1,0,0,1,259,3,60,0
1990,29,1,1,0,0,1,243,3,40,0
1990,38,1,0,0,2,0,235,3,40,0
1990,34,2,0,0,0,1,155,5,20,0
1990,41,1,0,0,0,1,229,6,40,0
1990,37,2,0,3,3,1,687,3,40,0
1990,18,1,1,3,3,0,436,3,30,0
1990,46,1,1,0,0,0,0,0,0,0
1990,80,2,3,0,0,1,0,0,0,0
1990,39,1,1,0,0,1,243,5,40,0
1990,45,2,2,0,0,1,95,5,40,0
1990,37,1,1,0,0,1,218,5,40,0
1990,70,2,2,0,0,0,0,0,0,0
1990,18,2,1,3,3,1,175,5,28,0
1990,70,1,0,0,0,0,0,0,0,0
1990,63,2,0,0,0,0,0,0,0,0
1990,37,2,3,1,1,0,323,4,0,0
1990,34,2,1,0,0,1,156,5,40,0
1990,28,2,1,0,0,0,243,3,60,0
1990,43,1,0,0,0,1,389,4,43,0
1990,41,2,0,0,0,0,274,3,20,0
1990,18,2,1,0,0,0,379,3,20,0
1990,43,1,0,0,0,1,44,1,40,0
1990,38,2,0,0,0,0,243,3,30,0
1990,67,2,3,0,0,0,0,0,0,0
1990,38,1,0,0,0,1,22,5,40,0
1990,36,2,0,0,0,1,0,0,0,0
1990,54,1,1,0,0,1,268,3,40,0
1990,72,2,3,0,0,1,0,0,0,0
1990,40,1,0,0,0,1,13,3,50,0
1990,27,2,0,0,0,0,243,3,50,0
1990,38,2,1,0,0,1,446,5,40,0
1990,32,2,0,1,0,0,366,2,40,0
1990,36,1,0,1,0,1,276,3,32,0
1990,40,1,1,0,0,0,579,0,40,1
1990,71,2,3,0,0,0,0,0,0,0
1990,80,1,3,0,0,0,0,0,0,0
1990,57,1,2,0,0,0,637,1,0,0
1990,42,2,3,1,0,0,407,4,40,0
1990,64,1,2,0,0,1,255,4,10,0
1990,27,2,3,0,0,0,0,0,0,0
1990,31,1,0,0,0,1,549,0,40,0
1990,31,2,0,0,0,1,22,4,40,0
1990,73,2,3,0,0,0,0,0,0,0
1990,27,1,0,0,0,0,829,6,40,0
1990,26,2,0,0,0,0,0,0,0,0
1990,47,1,0,0,0,0,844,0,40,0
1990,43,2,0,0,0,0,467,5,36,0
1990,21,2,1,0,0,1,319,4,33,0
1990,54,2,2,0,0,0,407,4,20,0
1990,48,2,1,3,3,0,0,0,0,0
1990,31,2,1,1,0,0,686,3,40,0
1990,66,1,0,0,0,0,453,6,35,0
1990,73,2,0,0,0,0,0,0,0,0
1990,76,1,1,0,0,1,556,0,0,0
1990,52,2,2,0,0,0,338,6,40,0
1990,20,1,1,0,0,1,889,1,20,0
1990,46,1,0,1,0,0,354,2,38,0
1990,45,2,0,0,2,0,0,0,0,0
1990,18,2,1,1,0,0,0,0,0,0
1990,38,1,0,0,0,0,259,3,40,0
1990,40,2,0,0,0,1,175,5,18,0
1990,66,2,3,0,0,0,0,0,0,0
1990,72,1,3,0,0,0,0,0,0,0
1990,74,1,0,0,0,0,0,0,0,0
1990,70,2,0,0,0,0,0,0,0,0
1990,33,1,0,0,0,0,486,0,10,0
1990,29,2,0,0,0,0,274,4,30,0
1990,55,1,0,0,0,0,889,1,40,0
1990,38,2,0,3,3,0,889,1,50,0
1990,71,1,0,0,0,0,0,0,0,0
1990,75,2,0,0,0,0,0,0,0,0
1990,56,1,0,3,3,1,27,4,40,1
1990,53,2,0,3,3,0,744,1,40,0
1990,76,2,0,0,0,0,0,0,0,0
1990,48,2,2,0,0,0,808,2,40,0
1990,71,1,0,0,0,0,0,0,0,0
1990,66,2,0,0,0,0,254,4,40,0
1990,66,2,0,0,0,0,0,0,0,0
1990,72,1,0,0,0,0,0,0,0,0
1990,40,1,1,0,0,1,357,4,45,0
1990,53,1,0,0,0,0,809,2,50,0
1990,45,2,0,0,0,1,809,2,50,0
1990,32,1,0,0,0,0,628,1,40,0
1990,34,2,0,0,0,1,376,4,40,0
1990,37,1,0,0,0,0,516,3,50,1
1990,34,2,0,0,0,0,319,5,20,0
1990,31,1,0,0,0,1,65,1,40,0
1990,33,2,0,0,0,1,466,5,32,0
1990,23,2,0,0,0,0,436,3,0,0
1990,20,1,0,0,0,0,804,3,20,0
1990,44,1,0,0,0,1,446,5,40,0
1990,41,2,0,0,0,1,23,5,50,0
1990,71,1,0,3,0,0,0,0,0,0
1990,65,2,0,3,0,0,26,5,0,0
1990,41,1,0,0,0,0,783,3,40,0
1990,38,2,0,0,0,0,389,5,45,0
1990,45,1,2,0,0,1,259,3,44,0
1990,20,1,1,0,0,0,754,1,40,0
1990,44,1,0,0,0,0,883,1,40,0
1990,41,2,0,0,0,0,785,1,40,0
1990,39,1,0,0,0,0,658,3,60,0
1990,36,2,0,0,0,0,458,4,30,0
1990,19,2,1,0,0,0,264,3,15,0
1990,53,1,0,0,0,0,227,6,40,0
1990,46,2,0,0,0,0,274,3,40,0
1990,18,1,1,0,0,0,887,3,25,0
1990,35,2,2,0,0,1,259,3,44,0
1990,41,1,2,0,0,0,686,1,40,0
1990,46,1,0,0,0,1,243,3,44,0
1990,38,2,0,0,0,1,808,2,15,0
1990,44,2,2,0,0,0,319,5,40,0
1990,54,1,0,3,0,1,779,2,40,0
1990,43,2,0,0,0,0,337,5,40,0
1990,19,2,1,0,0,0,804,3,0,0
1990,40,1,0,0,0,0,243,3,60,0
1990,41,2,0,0,0,1,22,2,48,1
1990,53,1,0,0,0,0,804,3,40,0
1990,52,2,0,0,0,0,466,5,10,0
1990,22,1,1,0,0,0,585,0,40,0
1990,19,2,1,0,0,0,243,3,40,0
1990,29,1,0,0,0,1,57,1,40,0
1990,29,2,0,0,0,0,466,5,40,0
1990,79,1,0,3,3,0,473,0,30,0
1990,56,2,0,3,3,1,5,6,40,0
1990,20,2,1,3,0,1,276,3,40,0
1990,33,1,2,0,0,1,89,5,24,0
1990,38,2,2,0,0,0,159,5,24,0
1990,32,1,0,0,0,0,856,1,40,0
1990,37,2,0,0,0,1,313,6,40,0
1990,21,2,1,0,0,1,15,5,40,0
1990,22,1,2,0,0,0,595,0,40,0
1990,37,1,0,0,0,1,883,2,30,0
1990,33,2,0,0,0,1,0,0,0,0
1990,53,1,0,0,0,0,364,1,40,0
1990,54,2,0,0,0,0,0,0,0,0
1990,27,1,1,0,0,0,785,1,40,0
1990,22,2,1,0,0,0,747,4,40,0
1990,58,1,0,0,0,0,354,2,40,0
1990,62,2,0,0,0,0,379,3,32,0
1990,65,1,0,0,0,0,653,1,0,0
1990,70,2,0,0,2,0,0,0,0,0
1990,75,1,0,0,0,0,0,0,0,0
1990,69,2,0,0,0,0,0,0,0,0
1990,51,1,0,0,0,1,16,2,40,0
1990,44,2,0,0,0,0,909,6,0,0
1990,19,2,1,0,0,0,435,3,22,0
1990,53,2,2,0,0,0,259,3,40,0
1990,19,1,1,0,0,1,889,4,36,0
1990,22,1,0,0,0,1,547,3,38,0
1990,21,2,0,0,0,1,468,5,10,0
1990,55,2,0,0,0,1,207,5,32,0
1990,47,1,0,0,0,1,98,5,40,0
1990,78,2,3,0,0,0,0,0,0,0
1990,50,2,2,0,0,0,354,2,40,0
1990,37,2,2,0,0,0,313,0,30,0
1990,79,1,0,0,0,0,0,0,0,0
1990,43,1,2,0,0,1,573,0,40,0
1990,36,2,2,0,0,1,573,0,40,0
1990,36,2,2,0,0,1,379,1,40,0
1990,61,1,0,0,0,0,22,0,40,0
1990,60,2,0,0,0,1,0,0,0,0
1990,40,1,0,0,0,0,22,1,74,0
1990,40,2,0,0,0,0,389,5,40,0
1990,57,1,0,0,0,0,889,2,40,0
1990,48,2,0,0,0,1,8,4,48,1
1990,23,1,1,0,0,0,869,0,40,0
1990,39,1,0,0,0,0,364,1,40,0
1990,34,2,0,0,0,0,323,1,20,0
1990,32,1,0,0,0,0,804,2,50,0
1990,36,2,0,0,0,1,426,4,40,0
1990,37,2,2,0,0,0,447,5,40,0
1990,19,2,1,0,0,0,264,3,25,0
1990,21,1,1,0,0,1,575,0,0,0
1990,37,1,0,3,3,0,753,1,40,0
1990,30,2,0,0,0,0,447,6,40,0
1990,32,1,0,0,0,1,163,5,40,0
1990,29,2,0,0,0,0,453,4,0,0
1990,33,1,0,0,0,0,869,0,40,0
1990,33,2,0,0,0,0,355,2,40,0
1990,47,1,0,0,0,0,804,0,40,0
1990,37,2,0,0,0,1,373,1,50,0
1990,33,2,0,0,3,1,686,3,40,0
1990,36,1,0,0,0,1,307,0,40,0
1990,28,2,2,0,2,0,785,1,40,0
1990,51,1,0,3,3,0,444,4,30,0
1990,44,2,0,3,3,0,453,4,30,0
1990,36,2,2,0,0,1,37,6,60,0
1990,61,1,2,0,2,1,0,0,0,0
1990,68,1,0,0,0,0,806,3,50,0
1990,50,2,0,0,0,0,313,5,40,0
1990,25,1,1,0,0,1,386,6,50,0
1990,38,1,2,0,0,0,365,6,40,0
1990,18,1,1,0,0,0,228,6,40,0
1990,23,1,3,2,0,1,505,6,40,0
1990,22,1,1,0,0,0,904,6,50,0
1990,32,1,2,0,0,0,904,6,60,0
1990,22,2,1,0,0,1,169,6,50,0
1990,20,1,1,2,0,0,844,6,48,0
1990,51,1,0,0,0,1,22,6,80,1
1990,51,2,0,0,0,1,904,6,40,0
1990,42,2,1,1,0,1,804,6,50,0
1990,32,1,0,0,0,0,163,6,50,0
1990,34,2,0,0,0,1,0,0,0,0
1990,41,1,0,1,0,1,415,6,60,0
1990,41,2,0,1,0,0,453,4,48,0
1990,27,1,0,0,0,0,533,6,48,0
1990,24,2,0,0,0,0,276,1,0,0
1990,23,1,0,0,0,0,503,6,58,0
1990,22,2,0,0,0,1,276,3,30,0
1990,30,1,2,0,0,1,549,6,40,0
1990,29,1,0,0,0,1,84,5,50,0
1990,27,2,0,0,0,1,156,5,40,0
1990,37,1,0,0,0,1,904,6,66,0
1990,37,2,0,0,0,1,445,5,24,0
1990,34,1,0,0,0,0,628,0,40,0
1990,33,2,0,0,2,1,0,0,0,0
1990,34,1,0,0,0,0,575,0,40,0
1990,35,2,0,0,0,0,0,0,0,0
1990,46,2,0,0,0,1,156,5,50,0
1990,55,1,0,0,0,1,156,5,40,0
1990,21,1,1,0,0,1,217,5,40,0
1990,34,1,0,0,0,1,65,6,60,0
1990,30,2,0,0,0,1,274,3,0,0
1990,50,1,0,0,0,0,0,0,0,0
1990,45,2,0,0,0,0,276,3,40,0
1990,20,1,1,0,0,1,595,0,20,0
1990,18,2,1,0,0,0,804,3,24,0
1990,47,1,0,0,0,0,259,1,40,0
1990,36,2,0,0,0,0,313,4,40,0
1990,60,2,2,0,0,0,0,0,0,0
1990,26,1,0,0,0,0,365,1,40,0
1990,29,2,0,0,0,1,44,1,40,0
1990,36,2,2,0,0,0,877,3,40,0
1990,29,1,1,0,0,0,796,1,40,0
1990,32,1,2,0,0,0,475,0,40,0
1990,31,2,2,0,0,0,0,0,0,0
1990,62,2,3,0,0,0,0,0,0,0
1990,26,1,0,0,0,0,804,2,60,0
1990,24,2,0,0,0,0,447,5,40,0
1990,53,1,0,0,0,0,804,2,40,1
1990,42,2,0,0,0,0,467,5,40,0
1990,26,2,0,0,0,0,266,3,0,0
1990,34,1,0,0,0,1,628,2,40,0
1990,45,1,0,0,0,1,7,4,45,1
1990,43,2,0,0,0,1,95,5,40,0
1990,37,2,2,0,0,1,156,5,50,1
1990,32,1,1,0,0,0,174,5,40,0
1990,28,1,1,0,0,0,379,5,40,0
1990,50,1,0,0,0,0,779,1,40,0
1990,55,2,0,3,0,0,364,1,40,0
1990,36,1,0,0,0,1,17,4,40,0
1990,34,2,0,0,0,0,467,5,30,0
1990,44,1,0,0,0,1,555,2,40,1
1990,41,2,0,0,0,1,95,5,20,0
1990,41,1,0,0,0,1,22,1,60,1
1990,40,2,0,0,0,1,156,5,50,0
1990,42,2,3,0,0,1,0,0,0,0
1990,59,1,2,0,3,1,869,0,40,0
1990,22,1,0,0,0,1,505,6,50,0
1990,20,2,0,0,0,0,373,3,25,0
1990,29,1,2,0,0,0,308,5,40,0
1990,74,1,0,3,0,0,0,0,0,0
1990,69,2,0,0,0,0,0,0,0,0
1990,59,1,0,0,0,1,7,4,48,1
1990,59,2,0,0,0,0,383,4,20,0
1990,40,1,0,0,0,1,84,5,40,1
1990,38,2,0,0,0,1,0,0,0,0
1990,59,1,0,0,0,1,13,4,45,1
1990,59,2,0,0,0,1,0,0,0,0
1990,34,1,0,0,0,1,365,6,50,0
1990,22,2,0,0,0,0,274,3,25,0
1990,55,2,0,0,0,1,27,4,40,0
1990,46,1,0,0,0,1,5,6,40,0
1990,32,1,0,0,0,1,158,5,40,0
1990,30,2,0,0,0,1,156,5,40,0
1990,26,1,0,0,0,1,575,0,40,0
1990,26,2,0,0,0,1,433,3,16,0
1990,53,1,2,0,0,1,533,2,40,0
1990,50,2,3,0,2,0,0,0,0,0
1990,73,2,0,3,3,1,0,0,0,0
1990,41,1,2,3,3,0,186,5,89,0
1990,58,1,0,0,0,0,159,5,45,0
1990,50,2,0,0,0,1,203,5,36,0
1990,24,1,0,0,0,1,23,6,40,0
1990,23,2,0,0,0,1,264,3,24,0
1990,66,2,3,3,0,0,747,4,40,0
1990,20,2,0,0,0,1,406,4,45,0
1990,27,1,0,0,0,1,903,6,65,0
1990,29,1,1,0,2,1,226,6,60,0
1990,26,1,1,0,0,1,22,0,50,0
1990,66,1,0,0,0,0,7,1,30,1
1990,63,2,0,0,0,0,313,1,40,0
1990,44,1,0,0,0,1,23,1,50,1
1990,41,2,0,0,0,1,0,0,0,0
1990,29,2,1,1,2,1,418,6,40,0
1990,69,2,3,0,0,0,0,0,0,0
1990,60,1,0,0,0,1,185,1,45,0
1990,52,2,0,0,0,0,274,3,30,0
1990,42,1,0,0,0,1,243,3,60,1
1990,42,2,0,0,0,0,243,3,40,0
1990,27,1,1,0,0,0,0,0,0,0
1990,45,2,2,0,0,0,7,4,45,0
1990,40,1,0,0,0,0,375,4,40,0
1990,35,2,0,0,0,0,7,4,40,0
1990,53,1,0,0,0,0,516,0,40,0
1990,54,2,0,0,0,0,734,3,30,0
1990,55,1,0,0,0,1,157,5,37,0
1990,51,2,0,0,0,1,156,5,40,0
1990,76,2,3,0,0,0,0,0,0,0
1990,63,1,0,0,0,0,22,3,0,0
1990,63,2,0,0,0,0,0,0,0,0
1990,37,1,2,0,0,0,479,0,40,0
1990,44,2,2,0,0,0,0,0,0,0
1990,27,1,1,0,0,0,869,0,25,0
1990,62,2,3,0,0,0,0,0,0,0
1990,55,1,0,0,0,0,479,0,0,0
1990,48,2,0,0,0,0,0,0,0,0
1990,48,1,0,0,0,0,259,3,24,0
1990,46,2,0,0,0,0,877,3,35,0
1990,20,2,1,0,0,1,447,5,30,0
1990,69,2,3,0,0,0,22,5,8,0
1990,41,1,2,0,0,0,523,2,40,0
1990,58,2,3,0,0,1,254,4,0,0
1990,24,1,1,0,0,0,885,3,25,0
1990,57,1,0,0,0,0,0,0,0,0
1990,52,2,0,0,0,0,0,0,0,0
1990,36,1,0,0,0,1,276,3,40,0
1990,33,2,0,0,0,1,95,5,40,0
1990,47,1,0,0,0,1,276,3,40,0
1990,42,2,0,0,0,0,276,3,30,0
1990,22,1,0,0,0,1,459,5,30,0
1990,22,2,0,0,0,1,95,5,30,0
1990,23,2,1,0,0,0,276,3,28,0
1990,24,1,2,0,0,0,733,1,40,0
1990,32,1,0,0,0,0,476,0,75,0
1990,29,2,0,0,0,1,379,0,0,0
1990,28,2,0,0,0,1,156,5,40,0
1990,28,1,0,0,0,1,21,0,40,0
1990,68,1,0,0,0,0,544,1,40,0
1990,64,2,0,3,0,0,0,0,0,0
1990,69,1,0,0,0,0,0,0,0,0
1990,66,2,0,0,0,0,436,5,0,0
1990,64,1,0,0,0,1,103,5,10,0
1990,63,2,0,0,0,1,22,5,3,0
1990,27,1,0,0,0,0,804,2,48,0
1990,26,2,0,0,0,1,467,5,0,0
1990,54,1,0,0,0,0,804,1,50,0
1990,51,2,0,0,0,0,444,5,25,0
1990,22,1,1,0,0,1,217,1,40,0
1990,42,1,1,0,0,1,203,5,40,0
1990,65,2,3,0,0,1,158,5,30,0
1990,34,1,0,0,0,1,869,0,40,0
1990,37,2,0,0,0,1,447,5,18,0
1990,49,1,0,0,0,1,22,1,50,1
1990,57,2,0,0,0,1,154,5,15,0
1990,43,1,0,0,0,1,453,2,40,0
1990,38,2,0,0,0,0,439,3,25,0
1990,37,1,0,0,0,0,55,1,70,1
1990,32,2,0,0,0,1,274,3,10,0
1990,26,1,1,0,0,1,263,3,70,0
1990,45,1,0,0,0,0,777,1,40,0
1990,40,2,0,0,0,1,315,6,32,0
1990,44,1,0,3,0,1,156,5,40,0
1990,44,2,0,0,0,0,156,5,40,0
1990,22,2,1,3,0,1,433,3,0,0
1990,75,1,0,0,2,0,747,4,8,0
1990,68,2,0,0,0,0,0,0,0,0
1990,71,1,0,0,0,0,0,0,0,0
1990,66,2,0,0,0,1,377,5,25,0
1990,62,1,0,0,0,0,803,2,40,0
1990,41,2,0,0,0,0,0,0,0,0
1990,79,1,0,0,0,0,0,0,0,0
1990,74,2,0,0,0,0,0,0,0,0
1990,78,1,0,0,0,0,0,0,0,0
1990,69,2,0,0,0,0,447,4,12,0
1990,32,1,0,0,0,0,453,6,40,0
1990,28,2,0,0,0,0,243,3,16,0
1990,64,1,1,0,0,0,0,0,0,0
1990,31,2,2,0,0,0,439,3,40,0
1990,68,1,3,0,0,0,869,0,0,0
1990,44,2,1,0,0,0,727,1,16,0
1990,62,1,2,0,0,1,0,0,0,0
1990,70,1,0,0,0,1,156,5,55,0
1990,48,2,0,0,0,1,59,5,0,0
1990,54,1,0,0,0,0,613,0,20,0
1990,52,2,0,0,0,0,434,3,40,0
1990,28,1,1,0,0,0,0,0,0,0
1990,19,2,1,0,0,0,274,3,15,0
1990,38,1,0,0,0,0,848,1,55,1
1990,38,2,0,0,0,1,0,0,0,0
1990,39,1,1,0,0,0,496,1,30,0
1990,55,1,2,0,0,0,514,4,40,0
1990,49,1,0,0,0,1,0,0,0,0
1990,43,2,0,3,0,1,53,0,40,0
1990,54,1,1,0,0,1,176,5,45,0
1990,62,2,3,0,0,1,0,0,0,0
1990,34,1,0,0,0,1,473,0,50,0
1990,30,2,0,0,0,0,0,0,0,0
1990,31,1,0,0,0,0,486,0,40,0
1990,25,2,0,0,0,0,799,1,40,0
1990,34,1,0,0,0,0,558,0,40,0
1990,32,2,0,0,0,0,0,0,0,0
1990,24,1,0,0,0,0,889,4,40,0
1990,25,2,0,0,0,0,337,0,37,0
1990,68,2,3,0,0,1,316,6,16,0
1990,62,2,2,0,0,1,167,6,25,0
1990,59,1,3,0,0,0,505,4,15,0
1990,66,2,3,0,0,1,0,0,0,0
1990,25,1,0,0,0,1,734,1,40,0
1990,19,2,0,0,2,0,285,3,45,0
1990,34,2,3,0,0,0,0,0,0,0
1990,21,1,1,0,0,0,757,6,40,0
1990,48,1,1,0,0,0,447,5,0,0
1990,28,2,2,0,0,1,95,5,32,0
1990,32,1,0,0,0,1,779,6,60,0
1990,28,2,0,0,0,1,235,6,0,0
1990,40,2,1,0,0,1,313,4,40,0
1990,43,1,0,0,0,0,777,1,40,0
1990,40,2,0,0,0,0,433,5,40,0
1990,79,1,0,0,0,1,0,0,0,0
1990,72,2,0,0,0,1,0,0,0,0
1990,29,1,3,0,0,0,505,6,35,0
1990,31,1,2,0,0,0,496,0,36,0
1990,59,1,1,0,0,0,453,5,40,0
1990,66,1,0,0,0,1,558,0,0,0
1990,62,2,0,0,2,1,0,0,0,0
1990,69,1,0,0,0,1,0,0,0,0
1990,65,2,0,0,0,0,0,0,0,0
1990,29,1,0,0,0,1,226,2,25,0
1990,29,2,0,0,0,1,436,3,25,0
1990,37,1,0,0,0,1,33,1,40,1
1990,34,2,0,0,0,1,156,5,0,0
1990,79,1,0,0,0,0,0,0,0,0
1990,77,2,0,0,0,0,0,0,0,0
1990,69,1,0,0,0,0,0,0,0,0
1990,67,2,0,0,0,0,0,0,0,0
1990,66,1,0,0,0,0,0,0,0,0
1990,59,2,0,0,0,0,0,0,0,0
1990,39,1,0,0,0,0,733,1,0,0
1990,40,2,0,0,0,0,276,3,32,0
1990,37,2,2,3,0,0,0,0,0,0
1990,30,1,2,0,0,0,496,1,40,0
1990,53,1,0,0,0,0,869,0,40,0
1990,48,2,0,3,0,0,0,0,0,0
1990,37,1,0,0,0,1,779,1,48,1
1990,34,2,0,0,0,1,453,4,4,0
1990,44,2,2,0,0,1,18,4,10,0
1990,38,1,2,0,0,1,567,1,40,0
1990,80,2,3,0,0,1,0,0,0,0
1990,45,1,2,0,0,1,43,5,40,0
1990,37,2,1,0,0,0,467,5,20,0
1990,56,1,0,0,0,0,453,4,30,1
1990,54,2,0,0,0,1,348,6,40,0
1990,20,1,1,0,0,0,479,0,8,0
1990,67,1,0,0,0,0,266,3,40,0
1990,74,2,0,0,0,0,436,5,0,0
1990,47,1,0,3,0,0,589,0,40,0
1990,33,2,0,0,1,1,156,5,0,0
1990,36,1,0,0,0,1,485,5,0,0
1990,36,2,0,0,0,1,156,5,40,0
1990,37,2,2,0,0,1,434,3,0,0
1990,40,1,0,0,0,0,585,0,40,0
1990,40,2,0,0,0,0,376,4,40,0
1990,69,1,0,0,0,0,0,0,0,0
1990,73,2,0,0,0,0,0,0,0,0
1990,52,2,3,3,0,0,0,0,0,0
1990,42,1,3,0,0,1,178,5,48,1
1990,42,1,3,0,0,1,0,0,0,0
1990,58,2,2,0,2,1,726,1,40,0
1990,46,1,0,0,0,0,567,3,40,0
1990,43,2,0,0,0,0,17,3,0,0
1990,58,2,2,0,0,1,337,3,40,0
1990,37,1,2,0,0,0,5,6,40,0
1990,27,1,1,0,0,0,748,4,0,0
1990,32,2,0,0,0,1,22,5,35,0
1990,35,1,0,0,0,1,689,6,40,0
1990,30,1,0,0,0,1,59,6,40,0
1990,37,2,0,0,0,1,95,5,28,0
1990,29,1,2,0,0,1,549,1,60,0
1990,28,2,1,0,0,1,445,5,32,0
1990,46,2,2,0,0,1,435,3,40,0
1990,52,1,0,0,0,1,44,1,40,0
1990,52,2,0,0,0,1,436,5,0,0
1990,79,2,0,0,0,0,0,0,0,0
1990,31,2,2,0,3,1,653,6,40,0
1990,23,2,0,0,0,1,435,3,30,0
1990,22,1,0,0,0,0,453,5,40,0
1990,60,1,0,0,0,1,185,1,40,0
1990,56,2,0,0,0,1,254,4,30,0
1990,19,1,1,2,0,0,904,6,50,0
1990,33,1,0,1,0,0,889,6,55,0
1990,37,2,0,1,0,0,449,4,0,0
1990,19,1,1,1,0,0,883,3,0,0
1990,72,1,0,0,0,0,276,5,40,0
1990,73,2,0,0,0,0,0,0,0,0
1990,28,1,0,0,0,1,829,2,40,0
1990,30,2,0,2,4,0,447,5,0,0
1990,39,1,0,0,0,1,56,0,60,1
1990,39,2,0,0,0,1,0,0,0,0
1990,33,2,0,0,0,0,877,3,38,0
1990,44,1,0,0,0,1,503,6,60,0
1990,71,2,3,0,0,0,829,6,18,0
1990,40,1,2,0,0,1,567,6,40,0
1990,42,2,3,0,0,1,156,5,24,0
1990,55,2,3,0,0,1,163,5,50,0
1990,80,2,3,0,0,1,0,0,0,0
1990,36,2,2,0,0,0,439,3,30,0
1990,45,1,0,0,0,1,26,1,40,0
1990,41,2,0,0,0,1,156,5,40,0
1990,43,1,0,0,0,1,55,1,40,0
1990,42,2,0,0,0,1,156,5,20,0
1990,31,1,1,0,0,1,56,1,42,0
1990,61,2,2,0,0,0,444,3,0,0
1990,27,2,3,0,0,0,264,3,0,0
1990,23,1,1,3,0,1,263,3,40,0
1990,41,2,2,0,0,0,308,6,40,0
1990,56,1,0,0,0,1,254,4,56,1
1990,45,2,0,0,0,1,18,4,45,0
1990,36,1,0,0,0,0,904,6,40,0
1990,27,2,0,0,0,0,348,3,20,0
1990,43,1,0,3,0,1,176,6,50,0
1990,43,2,0,0,0,1,159,5,0,0
1990,47,2,0,0,0,1,8,5,15,0
1990,32,1,0,0,0,1,418,6,49,0
1990,36,1,1,0,0,1,22,4,47,0
1990,38,2,3,0,0,0,207,5,40,0
1990,19,1,1,0,0,0,444,3,40,0
1990,19,1,1,0,0,0,436,3,25,0
1990,28,1,0,0,0,0,433,6,60,0
1990,38,2,0,0,0,1,449,6,35,0
1990,32,1,0,0,0,0,889,4,60,0
1990,34,2,0,0,0,1,194,5,20,0
1990,19,2,1,0,0,1,443,5,0,0
1990,38,1,0,3,0,0,448,5,40,0
1990,24,2,0,0,0,1,264,3,25,0
1990,37,1,1,0,0,1,229,6,40,0
1990,59,1,2,0,0,1,0,0,0,0
1990,65,1,0,0,0,0,59,1,40,0
1990,58,2,0,0,0,1,159,6,40,0
1990,35,1,2,0,0,1,64,1,40,0
1990,24,2,2,0,0,1,549,1,44,0
1990,54,1,0,0,0,1,796,4,40,0
1990,53,2,0,0,0,0,0,0,0,0
1990,77,1,3,0,0,0,0,0,0,0
1990,37,2,0,0,0,1,243,3,50,0
1990,40,1,0,0,0,0,585,0,50,0
1990,49,1,0,3,0,1,64,1,50,0
1990,38,2,0,0,0,1,319,5,40,0
1990,28,1,1,0,0,1,22,0,0,0
1990,33,2,2,0,0,0,435,3,40,0
1990,60,1,0,0,0,0,303,6,40,0
1990,60,2,0,0,0,0,379,0,0,0
1990,47,1,0,0,0,1,59,1,40,0
1990,45,2,0,0,0,1,376,6,38,0
1990,20,1,1,0,0,1,804,3,20,0
1990,47,1,0,0,0,1,59,6,50,1
1990,46,2,0,0,0,1,389,5,12,0
1990,23,2,1,0,0,1,17,3,48,0
1990,48,2,2,0,0,1,17,3,80,0
1990,76,2,3,0,0,0,0,0,0,0
1990,21,1,1,0,0,0,75,6,60,0
1990,21,1,1,0,0,0,507,6,60,0
1990,25,1,0,0,0,0,595,0,28,0
1990,23,2,0,0,0,0,313,0,0,0
1990,63,2,3,0,0,0,446,5,0,0
1990,29,1,0,3,0,0,243,3,40,0
1990,26,2,0,3,0,0,435,3,0,0
1990,67,2,0,0,0,0,0,0,0,0
1990,72,1,0,0,0,0,159,1,40,0
1990,64,2,3,0,0,1,0,0,0,0
1990,31,2,1,0,0,1,359,2,45,0
1990,52,1,3,0,0,0,243,6,1,0
1990,22,1,1,0,0,1,547,6,0,0
1990,29,1,0,3,3,1,783,6,40,0
1990,34,2,0,0,0,1,167,5,40,0
1990,41,1,0,0,0,1,33,6,40,0
1990,40,2,0,0,0,1,65,5,40,0
1990,29,2,1,0,0,1,628,4,42,0
1990,72,1,0,0,0,1,0,0,0,0
1990,71,2,0,0,0,1,0,0,0,0
1990,32,1,0,0,0,1,243,3,40,0
1990,31,2,0,0,0,0,155,5,40,0
1990,58,1,0,0,0,1,254,4,40,0
1990,57,2,0,0,0,1,156,5,0,0
1990,65,1,0,0,0,1,67,1,0,0
1990,63,2,0,0,0,1,25,4,0,0
1990,27,2,3,0,0,0,308,6,16,0
1990,24,2,1,0,0,1,174,6,40,0
1990,36,2,0,0,0,1,14,5,42,0
1990,40,1,0,0,0,1,22,4,40,0
1990,68,2,3,0,0,1,0,0,0,0
1990,61,2,1,0,0,0,389,4,40,0
1990,37,1,0,3,3,1,678,5,40,0
1990,30,2,0,3,3,1,453,5,40,0
1990,68,2,0,3,3,1,449,5,40,0
1990,67,1,0,3,3,1,909,6,0,0
1990,32,2,2,0,0,1,95,5,40,0
1990,53,1,1,0,0,1,64,1,40,1
1990,43,1,0,3,0,1,25,5,50,1
1990,48,2,0,0,3,1,235,5,35,0
1990,73,2,3,0,0,0,0,0,0,0
1990,24,1,1,0,0,1,53,0,40,0
1990,28,2,1,0,0,1,194,5,40,0
1990,30,2,1,0,0,1,163,5,25,0
1990,33,2,2,3,3,0,243,3,99,0
1990,22,1,0,0,0,1,154,5,20,0
1990,25,2,0,0,0,1,156,5,40,0
1990,33,1,1,0,0,1,453,4,30,0
1990,46,1,2,0,0,1,363,1,40,1
1990,36,1,0,0,0,1,25,4,43,0
1990,34,2,0,0,0,1,174,5,20,0
1990,46,2,0,0,0,1,8,4,45,0
1990,48,1,0,0,0,1,243,3,50,0
1990,59,2,2,0,0,1,343,4,40,0
1990,76,1,0,0,0,0,0,0,0,0
1990,70,2,0,0,0,0,313,5,0,0
1990,35,2,0,0,0,1,96,3,41,0
1990,36,1,0,0,0,1,159,5,30,0
1990,32,2,1,3,0,1,22,1,40,0
1990,26,2,1,0,0,0,779,1,40,0
1990,27,2,1,0,0,1,315,6,15,0
1990,40,1,0,0,0,1,563,0,40,0
1990,38,2,0,0,0,1,156,5,40,0
1990,78,2,1,0,0,1,0,0,0,0
1990,50,2,2,0,0,1,105,5,40,0
1990,35,2,1,1,0,1,696,2,40,0
1990,30,1,0,0,0,1,22,4,48,1
1990,29,2,0,0,0,1,97,5,40,0
1990,57,1,0,0,0,1,68,1,40,1
1990,56,2,0,0,0,0,337,3,24,0
1990,60,1,0,0,0,1,217,2,0,0
1990,60,2,0,0,0,0,0,0,0,0
1990,27,2,1,0,0,1,156,5,25,0
1990,29,1,1,0,0,1,777,1,55,0
1990,32,1,2,0,3,1,486,0,25,0
1990,48,1,0,0,0,1,22,2,40,1
1990,44,2,0,0,0,1,216,5,40,0
1990,18,1,1,0,0,0,444,3,25,0
1990,56,1,1,0,0,0,0,0,0,0
1990,24,2,1,0,0,0,17,3,40,0
1990,23,2,1,0,0,1,7,4,40,0
1990,36,1,0,0,0,1,736,1,30,0
1990,36,2,0,0,0,1,95,5,44,0
1990,31,2,1,0,0,1,389,4,50,1
1990,32,2,1,0,0,1,389,4,50,0
1990,71,1,0,0,0,1,0,0,0,0
1990,71,2,0,0,0,0,0,0,0,0
1990,43,1,0,3,0,1,567,1,40,0
1990,46,2,0,3,0,0,449,4,0,0
1990,76,1,2,0,0,0,0,0,0,0
1990,49,1,3,0,0,1,575,1,40,0
1990,45,2,2,0,0,1,313,6,40,0
1990,47,1,0,0,0,1,217,1,40,0
1990,38,2,0,3,3,1,185,4,40,0
1990,28,1,1,2,0,0,453,4,40,0
1990,36,2,1,2,0,1,25,4,43,0
1990,36,1,2,0,0,1,508,1,40,0
1990,74,2,1,0,0,1,0,0,0,0
1990,69,2,3,2,0,0,0,0,0,0
1990,72,2,3,0,0,1,0,0,0,0
1990,46,1,0,0,0,1,43,5,99,1
1990,46,2,0,0,0,1,156,5,35,0
1990,49,2,2,0,0,1,73,5,40,0
1990,27,2,3,0,0,1,308,5,38,0
1990,31,2,1,3,3,1,357,4,30,0
1990,74,2,3,0,0,1,0,0,0,0
1990,74,1,3,0,0,0,0,0,0,0
1990,32,1,0,3,3,1,0,0,0,0
1990,28,2,0,3,3,1,0,0,0,0
1990,20,1,1,0,0,1,275,4,40,0
1990,20,2,1,3,0,1,317,4,20,0
1990,19,2,1,3,3,1,17,3,20,0
1990,38,2,3,0,0,1,95,5,27,0
1990,38,2,1,0,0,1,59,5,41,0
1990,39,1,1,0,0,1,156,5,45,0
1990,46,2,2,0,0,1,95,5,30,0
1990,42,1,0,0,0,0,213,4,40,0
1990,35,2,0,0,0,0,727,1,43,0
1990,49,1,0,0,0,1,876,2,40,1
1990,45,2,0,0,0,0,22,2,40,0
1990,25,2,1,0,0,0,327,2,40,0
1990,19,1,1,0,0,0,444,3,40,0
1990,20,1,1,0,0,0,869,0,30,0
1990,24,1,1,0,0,1,154,5,0,0
1990,39,2,2,0,0,1,103,5,40,0
1990,19,2,1,3,0,0,467,5,40,0
1990,22,1,1,3,0,1,317,4,40,0
1990,18,2,1,0,0,1,427,5,15,0
1990,35,2,1,3,3,1,177,5,35,0
1990,23,1,1,0,0,1,23,5,40,0
1990,19,2,1,3,0,1,319,4,40,0
1990,18,2,1,0,0,1,313,5,10,0
1990,42,1,1,0,0,1,185,4,50,0
1990,64,2,0,0,0,1,0,0,0,0
1990,66,1,0,0,0,1,257,4,0,0
1990,23,2,1,0,0,1,365,2,33,0
1990,22,1,1,0,0,1,217,1,48,0
1990,35,1,2,0,0,1,498,0,60,0
1990,30,1,0,0,0,1,259,3,40,0
1990,29,2,0,0,0,1,435,3,40,0
1990,71,2,3,0,0,0,0,0,0,0
1990,59,1,0,0,0,0,22,4,55,1
1990,60,2,0,0,0,0,337,4,8,1
1990,20,1,1,0,0,1,259,1,35,0
1990,28,1,1,0,0,1,95,5,35,0
1990,75,2,3,0,0,0,0,0,0,0
1990,45,1,2,0,0,1,567,0,0,0
1990,24,2,0,0,0,0,375,4,43,0
1990,23,1,0,1,0,1,337,3,0,0
1990,71,2,3,0,0,1,0,0,0,0
1990,47,1,1,0,0,0,889,5,40,0
1990,67,1,0,0,0,1,426,5,15,0
1990,73,2,0,0,0,1,375,4,0,0
1990,64,2,3,0,0,1,274,3,40,0
1990,68,1,0,0,0,1,154,5,0,1
1990,65,2,0,0,0,1,0,0,0,0
1990,55,1,1,0,0,1,176,5,48,0
1990,61,1,1,0,0,1,176,5,50,0
1990,66,1,1,0,0,1,176,5,50,0
1990,36,1,3,0,0,1,178,5,25,0
1990,34,1,1,0,0,1,243,3,44,0
1990,29,1,1,0,0,1,337,3,40,0
1990,33,2,0,0,0,1,359,1,40,0
1990,50,1,0,0,0,0,226,6,60,0
1990,32,1,1,0,0,1,37,2,40,0
1990,29,2,1,0,0,0,264,3,45,0
1990,32,2,0,0,0,1,73,5,50,0
1990,36,1,0,0,0,1,808,2,35,0
1990,43,1,0,0,0,1,646,1,40,0
1990,44,2,0,0,0,1,379,1,40,0
1990,23,1,1,0,0,1,308,1,40,0
1990,27,2,1,0,0,1,458,4,30,0
1990,26,1,1,0,0,1,436,3,32,0
1990,62,2,0,0,0,1,0,0,0,0
1990,64,1,0,0,0,1,0,0,0,0
1990,70,2,2,0,0,1,327,5,20,0
1990,50,1,1,0,0,0,436,5,8,0
1990,35,1,0,0,0,1,17,4,40,0
1990,34,2,0,0,0,1,466,5,20,0
1990,50,1,1,1,1,0,0,0,0,0
1990,31,1,3,0,0,1,479,0,0,0
1990,30,1,1,1,1,0,0,0,0,0
1990,79,2,3,0,0,1,187,4,16,0
1990,24,2,1,0,0,1,229,4,20,0
1990,20,2,1,0,0,1,433,3,40,0
1990,28,1,1,0,0,1,434,3,40,0
1990,23,2,1,0,0,1,389,2,35,0
1990,25,1,1,0,0,1,435,3,30,0
1990,70,2,2,3,0,0,313,1,0,0
1990,26,1,0,0,4,1,29,3,40,0
1990,24,2,0,0,4,1,105,5,40,0
1990,52,2,1,1,0,1,359,6,40,0
1990,73,2,2,1,0,0,0,0,0,0
1990,55,2,1,0,0,1,167,5,32,0
1990,53,1,2,0,0,1,84,5,60,1
1990,21,1,1,0,0,0,443,5,40,0
1990,18,2,1,0,0,0,435,5,16,0
1990,30,1,0,0,0,1,567,0,50,0
1990,28,2,0,0,0,1,204,5,40,0
1990,42,1,1,0,0,1,254,4,60,0
1990,27,2,1,0,0,1,313,5,40,0
1990,23,1,1,0,0,1,26,5,50,1
1990,23,1,1,0,0,1,26,5,45,0
1990,24,1,1,0,0,0,889,1,0,0
1990,66,1,2,0,0,0,567,4,20,0
1990,48,2,2,0,0,1,385,4,40,0
1990,26,2,2,0,0,1,447,5,40,0
1990,25,2,2,0,0,1,447,5,45,0
1990,48,1,1,1,0,0,435,3,40,0
1990,27,1,1,0,0,1,554,0,40,0
1990,38,1,1,0,0,1,444,3,41,0
1990,61,1,2,0,0,1,303,6,40,0
1990,72,2,3,1,0,0,469,4,35,0
1990,31,2,3,1,0,0,276,3,30,0
1990,21,2,2,1,0,0,547,1,40,0
1990,40,1,1,1,0,0,0,0,0,0
1990,51,1,1,1,0,0,567,0,0,0
1990,36,2,2,0,0,1,808,2,40,0
1990,32,1,1,0,0,1,463,2,40,0
1990,28,2,1,3,3,1,59,5,40,0
1990,29,1,0,0,0,1,555,0,40,0
1990,32,2,0,0,0,1,466,5,25,0
1990,41,1,1,0,0,1,453,4,40,0
1990,77,2,3,1,0,0,0,0,0,0
1990,58,1,0,3,3,0,436,3,48,0
1990,57,2,0,3,3,0,744,1,40,0
1990,18,1,1,3,3,0,276,3,16,0
1990,36,2,2,1,0,1,95,5,40,0
1990,39,2,3,0,0,1,43,6,45,0
1990,18,1,1,3,0,0,469,5,50,0
1990,36,2,0,0,0,0,355,2,40,0
1990,69,1,0,0,0,0,0,0,0,0
1990,28,2,1,0,2,1,255,4,40,0
1990,42,1,0,0,0,1,22,1,50,1
1990,40,2,0,0,0,1,164,5,42,0
1990,48,1,0,0,0,1,503,1,50,1
1990,42,2,0,0,0,1,0,0,0,0
1990,80,2,0,0,0,1,0,0,0,0
1990,55,1,0,0,2,1,259,1,75,0
1990,55,2,0,0,2,1,313,5,45,0
1990,40,1,0,1,0,1,267,3,50,1
1990,31,2,0,0,0,1,137,5,13,0
1990,69,2,2,0,0,0,0,0,0,0
1990,43,1,0,0,0,1,804,2,45,0
1990,41,2,0,0,0,1,23,5,40,0
1990,18,1,1,0,0,1,453,5,14,0
1990,36,2,1,1,0,1,17,3,80,0
1990,40,1,0,3,3,1,575,1,40,1
1990,31,2,0,3,3,1,243,3,40,0
1990,40,1,0,3,3,0,785,1,40,0
1990,28,2,0,3,3,0,0,0,0,0
1990,65,1,2,0,0,1,23,1,0,0
1990,73,2,3,0,0,0,0,0,0,0
1990,53,1,2,0,0,1,254,4,60,0
1990,70,2,2,3,0,0,379,6,0,0
1990,62,1,0,3,3,1,276,3,45,0
1990,56,2,0,3,3,1,436,3,45,0
1990,31,2,1,3,3,1,216,5,40,0
1990,27,1,1,3,3,1,23,4,40,0
1990,27,1,0,0,0,1,207,5,40,0
1990,34,2,0,0,0,1,445,5,40,0
1990,27,1,3,0,0,0,525,6,16,0
1990,47,1,3,0,0,1,44,1,40,1
1990,58,1,0,0,0,1,373,3,35,0
1990,48,2,0,0,0,1,413,5,0,0
1990,18,1,1,0,0,0,495,0,40,0
1990,60,1,0,0,0,1,724,1,52,0
1990,47,2,0,0,0,0,235,3,40,0
1990,26,2,1,0,0,1,264,3,38,0
1990,23,1,1,0,0,0,804,4,40,0
1990,20,2,1,0,0,0,276,3,30,0
1990,33,2,2,3,0,0,744,3,0,0
1990,32,1,1,3,0,0,364,2,36,0
1990,35,2,2,0,0,1,76,6,42,0
1990,44,2,0,0,0,1,167,5,20,0
1990,42,1,0,0,1,1,157,5,35,0
1990,20,2,1,3,3,1,0,0,0,0
1990,43,1,1,0,0,1,453,4,50,0
1990,42,2,0,3,4,0,447,5,30,0
1990,44,1,0,3,0,0,909,6,0,0
1990,18,2,1,3,0,0,0,0,0,0
1990,69,1,3,1,0,0,0,0,0,0
1990,45,2,1,3,0,0,0,0,0,0
1990,53,1,0,3,3,0,365,5,40,0
1990,57,2,0,3,3,1,7,5,40,0
1990,54,1,2,3,3,1,365,1,40,0
1990,18,1,1,3,0,0,436,3,20,0
1990,40,2,1,1,0,0,316,5,30,0
1990,75,2,2,0,0,1,0,0,0,0
1990,28,2,1,0,0,0,317,4,0,0
1990,49,1,1,0,0,0,634,1,40,0
1990,67,1,0,0,0,0,844,0,40,0
1990,62,2,0,0,0,0,365,3,40,0
1990,71,1,1,0,0,1,257,2,24,0
1990,65,1,0,0,0,0,0,0,0,0
1990,65,2,0,0,0,1,243,3,0,0
1990,33,2,1,3,0,1,217,1,45,0
1990,72,1,0,0,0,0,0,0,0,0
1990,49,2,0,0,0,0,0,0,0,0
1990,37,1,0,3,3,1,436,3,56,0
1990,35,2,0,3,3,0,744,1,40,0
1990,62,2,3,3,3,0,0,0,0,0
1990,53,1,1,0,0,1,0,0,0,0
1990,48,1,1,0,0,0,567,3,30,0
1990,49,1,0,0,0,1,869,0,50,0
1990,43,2,0,0,0,1,313,5,40,0
1990,57,2,3,0,0,1,22,2,40,0
1990,75,1,0,0,0,1,0,0,0,0
1990,69,2,0,0,2,1,174,5,24,0
1990,41,1,0,0,0,1,43,1,40,0
1990,41,2,0,0,0,1,275,3,25,0
1990,46,1,0,0,0,1,796,1,40,0
1990,40,2,0,0,0,0,313,6,32,0
1990,35,1,0,0,0,1,22,3,48,0
1990,31,2,0,0,0,0,315,4,40,0
1990,66,2,2,0,0,1,0,0,0,0
1990,27,1,0,0,0,0,796,1,40,0
1990,25,2,0,0,0,1,276,3,30,0
1990,42,2,3,0,0,1,22,2,0,1
1990,76,1,0,0,0,1,486,1,18,0
1990,74,2,0,0,0,1,0,0,0,0
1990,39,1,2,0,0,1,315,5,60,0
1990,32,2,2,0,0,0,466,5,50,0
1990,37,2,3,0,0,1,508,1,44,0
1990,26,1,0,0,0,0,0,0,0,0
1990,64,2,0,0,0,0,433,5,40,0
1990,38,1,0,0,0,1,579,0,0,0
1990,38,2,0,0,0,1,359,2,40,0
1990,36,2,0,0,0,1,385,3,40,0
1990,37,1,0,3,3,0,364,1,40,0
1990,41,1,2,0,0,1,813,4,20,0
1990,54,2,1,0,0,0,779,5,1,0
1990,77,1,0,0,0,0,0,0,0,0
1990,74,2,0,0,0,0,0,0,0,0
1990,74,1,0,0,0,0,0,0,0,0
1990,72,2,0,0,0,1,666,3,0,0
1990,44,2,1,0,0,0,0,0,0,0
1990,55,1,0,0,0,0,259,3,40,0
1990,51,2,0,0,0,0,313,5,40,0
1990,56,2,2,0,0,1,337,4,40,0
1990,38,2,2,0,0,1,106,5,40,0
1990,51,1,2,0,1,1,315,5,40,1
1990,70,1,0,0,0,1,0,0,0,0
1990,68,2,0,0,0,1,0,0,0,0
1990,38,1,0,0,0,0,804,2,35,0
1990,38,2,0,0,0,1,467,5,0,0
1990,59,1,0,0,0,1,84,5,65,1
1990,53,2,0,0,0,1,156,5,37,0
1990,23,1,1,0,0,1,56,1,40,0
1990,45,1,0,0,0,1,577,2,55,0
1990,39,2,0,3,3,1,337,5,40,0
1990,33,1,0,0,0,1,44,1,50,1
1990,33,2,0,0,0,1,22,4,0,0
1990,51,1,0,0,0,1,869,0,40,0
1990,38,2,0,0,0,1,447,5,40,0
1990,61,1,2,0,0,0,217,1,40,0
1990,69,1,0,0,0,0,0,0,0,0
1990,64,2,0,0,0,0,0,0,0,0
1990,42,2,2,0,2,1,274,3,40,1
1990,32,2,2,0,0,1,22,5,40,0
1990,26,1,1,0,0,1,256,1,40,0
1990,62,1,0,0,0,1,796,1,40,1
1990,58,2,0,0,0,0,0,0,0,0
1990,33,2,1,0,0,0,274,5,40,0
1990,65,2,3,0,2,0,0,0,0,1
1990,21,1,1,0,0,0,567,0,40,0
1990,69,2,3,0,0,0,29,3,25,0
1990,49,1,2,0,0,1,64,3,55,0
1990,33,1,0,0,0,1,22,1,48,1
1990,30,2,0,0,0,1,458,4,8,0
1990,31,1,0,0,0,1,208,5,40,0
1990,25,2,0,0,0,1,359,5,40,0
1990,46,2,2,0,0,1,808,2,45,0
1990,21,2,1,0,0,1,276,3,25,0
1990,18,2,1,0,0,0,276,3,25,0
1990,26,1,1,0,0,0,727,3,40,0
1990,22,2,1,0,0,0,744,1,0,0
1990,39,1,0,0,0,1,23,5,42,0
1990,34,2,0,0,3,1,185,4,0,0
1990,58,1,0,0,0,1,65,1,40,1
1990,53,2,0,0,0,1,17,4,37,0
1990,76,2,3,0,0,0,0,0,0,0
1990,59,1,0,0,0,1,259,1,12,0
1990,56,2,0,0,0,0,337,5,40,0
1990,58,1,2,0,0,1,217,2,45,1
1990,43,1,0,0,0,1,243,3,45,1
1990,44,2,0,0,0,1,785,4,10,0
1990,60,1,0,0,0,1,22,1,50,1
1990,59,2,0,0,0,1,14,5,26,0
1990,29,1,2,0,0,1,274,3,40,0
1990,38,1,0,3,3,0,458,4,72,0
1990,41,2,0,3,3,0,453,5,40,0
1990,35,1,0,0,0,1,55,2,55,0
1990,26,2,0,0,0,1,208,5,40,0
1990,40,1,0,0,0,1,195,3,55,0
1990,38,2,0,0,0,1,183,5,15,0
1990,47,2,2,0,0,0,385,4,40,0
1990,55,1,2,0,0,0,577,2,40,0
1990,43,1,2,0,0,1,505,4,40,0
1990,80,2,3,0,0,1,0,0,0,0
1990,36,2,0,0,0,1,95,5,30,0
1990,35,1,0,0,0,1,22,4,55,0
1990,34,1,0,0,0,1,375,4,40,0
1990,37,2,0,0,0,1,308,4,45,0
1990,44,2,3,1,0,1,719,1,45,0
1990,48,1,1,0,0,0,628,1,40,0
1990,67,2,3,0,0,0,0,0,0,0
1990,70,1,3,0,0,1,44,1,0,0
1990,41,1,2,0,0,1,22,5,45,0
1990,43,1,0,0,2,0,436,4,60,1
1990,33,2,0,0,0,0,0,0,0,0
1990,45,1,1,0,0,1,57,1,40,0
1990,23,1,0,0,0,1,73,5,30,1
1990,23,2,0,0,0,1,319,5,35,0
1990,47,1,0,0,0,1,57,1,40,1
1990,43,2,0,0,0,1,379,0,38,0
1990,36,1,0,3,3,0,888,1,40,0
1990,37,2,0,3,4,0,467,5,40,0
1990,36,2,2,0,0,0,243,3,60,0
1990,46,2,2,0,0,1,435,3,30,0
1990,34,2,1,0,0,1,25,4,40,0
1990,42,1,0,0,0,1,243,3,50,1
1990,43,2,0,0,0,0,319,0,40,0
1990,38,1,0,0,0,0,783,4,50,0
1990,39,2,0,0,0,0,313,4,20,0
1990,77,2,3,0,0,1,0,0,0,0
1990,50,1,0,0,0,1,22,1,55,1
1990,44,2,0,0,0,1,156,5,15,0
1990,39,1,0,0,0,1,64,1,48,1
1990,36,2,0,0,0,1,157,5,0,0
1990,33,1,0,0,0,1,45,1,60,0
1990,32,2,0,0,0,1,85,5,22,0
1990,26,1,0,0,0,1,259,3,50,0
1990,25,2,0,0,0,1,25,4,42,0
1990,64,1,0,0,0,1,243,3,0,1
1990,62,2,0,0,0,1,0,0,0,0
1990,65,1,0,0,0,1,0,0,0,0
1990,62,2,0,0,0,1,188,5,8,0
1990,33,2,2,0,0,1,453,4,0,0
1990,47,1,2,0,0,1,55,4,40,0
1990,18,2,1,0,0,0,647,3,20,0
1990,32,2,1,0,0,1,796,3,40,0
1990,38,1,2,1,0,1,806,3,40,0
1990,38,1,0,0,0,0,889,2,55,0
1990,31,2,0,0,0,1,379,2,25,0
1990,31,1,0,0,0,1,23,5,40,0
1990,28,2,0,0,0,1,185,6,40,0
1990,29,2,1,0,0,1,217,6,30,0
1990,37,1,3,0,0,1,229,0,40,0
1990,29,2,0,0,0,1,274,3,38,0
1990,23,1,0,0,0,1,486,0,40,0
1990,31,1,1,0,0,1,259,3,45,0
1990,79,1,0,0,0,1,27,4,0,0
1990,79,2,0,0,0,1,0,0,0,0
1990,80,1,0,0,0,0,0,0,0,0
1990,80,2,0,0,0,0,18,4,40,0
1990,35,1,0,0,0,1,199,5,50,0
1990,34,2,0,0,0,1,95,5,0,0
1990,52,1,0,0,0,1,18,4,45,1
1990,42,2,0,0,0,1,259,3,40,0
1990,23,1,1,0,0,1,23,4,27,0
1990,53,1,2,0,0,0,259,3,65,1
1990,42,2,2,0,0,0,243,3,50,0
1990,39,1,2,0,0,1,23,4,40,0
1990,43,1,0,0,0,1,254,4,48,0
1990,36,2,0,0,0,1,433,5,42,0
1990,78,2,3,0,2,0,274,3,20,0
1990,29,1,0,0,0,1,558,0,40,1
1990,27,2,0,0,0,1,337,3,0,0
1990,70,1,0,0,0,1,18,4,55,0
1990,68,2,0,0,0,1,0,0,0,0
1990,78,1,0,0,0,0,0,0,0,0
1990,76,2,0,0,0,0,0,0,0,0
1990,63,1,0,0,0,1,22,1,60,1
1990,58,2,0,0,0,1,27,1,40,0
1990,40,1,0,0,0,1,579,0,45,0
1990,36,2,0,0,0,1,13,3,40,0
1990,51,1,3,0,0,1,154,5,40,1
1990,38,1,0,0,0,1,804,2,60,0
1990,42,2,0,0,0,1,0,0,0,0
1990,43,1,0,0,0,1,85,5,40,1
1990,39,2,0,0,0,1,29,3,40,0
1990,30,1,1,0,0,1,505,3,40,0
1990,24,2,3,0,0,1,453,4,40,0
1990,42,1,0,0,0,1,43,0,45,0
1990,36,2,0,0,0,1,0,0,0,0
1990,56,1,0,0,2,1,22,2,40,1
1990,46,2,0,0,0,1,0,0,0,0
1990,24,1,1,0,0,1,37,1,40,0
1990,41,1,0,0,0,1,243,3,50,1
1990,39,2,0,0,0,1,23,5,40,0
1990,28,2,2,0,0,1,156,5,50,0
1990,35,2,1,0,0,1,254,4,40,0
1990,37,1,0,0,0,1,84,5,40,1
1990,37,2,0,0,0,1,0,0,0,0
1990,52,1,2,0,0,1,278,1,0,0
1990,58,1,0,2,0,1,44,1,40,1
1990,59,2,0,0,0,1,274,3,35,0
1990,61,1,0,0,0,1,44,1,40,1
1990,57,2,0,0,0,1,95,5,16,0
1990,25,2,1,0,0,1,313,4,40,0
1990,39,1,2,0,0,0,22,1,40,0
1990,31,1,2,0,0,0,378,2,40,0
1990,25,1,1,0,0,0,628,1,40,0
1990,19,1,1,0,0,0,22,1,40,0
1990,46,1,0,0,0,1,22,3,55,1
1990,50,2,0,0,2,1,13,0,45,1
1990,42,2,0,0,0,1,234,5,50,0
1990,44,1,0,0,0,1,274,3,40,0
1990,52,1,2,0,0,1,259,0,40,0
1990,62,2,2,0,0,1,95,5,40,0
1990,42,2,0,0,0,0,376,1,44,0
1990,39,1,0,0,0,1,22,2,50,1
1990,42,1,0,0,0,1,178,5,60,1
1990,37,2,0,0,0,1,156,5,20,0
1990,39,1,0,0,0,1,216,5,48,1
1990,45,2,0,0,0,1,385,5,10,0
1990,72,1,0,0,0,0,0,0,0,0
1990,71,2,0,0,0,0,0,0,0,0
1990,48,1,0,0,0,1,15,5,45,1
1990,34,2,0,0,0,1,8,1,40,0
1990,47,1,0,0,0,1,0,0,0,0
1990,47,2,0,0,0,1,274,3,32,0
1990,39,1,0,0,0,1,796,1,45,0
1990,34,2,0,0,0,1,18,4,40,0
1990,38,2,1,0,0,1,7,4,40,0
1990,43,2,3,0,0,1,313,5,40,0
1990,60,1,0,0,0,1,229,4,40,1
1990,59,2,0,0,0,0,338,5,40,0
1990,35,2,2,0,0,1,338,4,40,0
1990,48,1,1,0,0,1,229,1,40,0
1990,37,2,0,0,0,1,276,3,32,0
1990,33,1,0,0,0,1,229,4,16,0
1990,58,1,0,0,0,0,523,2,40,0
1990,52,2,0,0,0,0,22,5,40,0
1990,31,2,0,0,0,1,276,3,20,0
1990,32,1,0,0,0,1,44,1,42,0
1990,38,1,0,0,0,1,523,6,40,0
1990,36,2,0,3,3,0,744,1,40,0
1990,56,1,0,0,0,1,259,1,42,0
1990,52,2,0,0,0,1,274,3,15,0
1990,42,2,1,0,2,1,313,3,40,0
1990,69,1,0,0,2,1,796,1,40,0
1990,64,2,0,0,2,0,0,0,0,0
1990,20,2,1,0,0,1,22,3,20,0
1990,29,1,0,0,0,1,533,1,40,0
1990,28,2,0,0,0,0,375,4,40,0
1990,35,1,0,0,0,1,687,3,40,0
1990,31,2,0,0,0,0,9,1,40,0
1990,34,1,2,0,0,1,216,1,50,0
1990,26,2,3,0,0,0,23,3,50,0
1990,28,1,1,0,0,0,515,1,60,0
1990,35,1,1,0,0,1,226,2,16,1
1990,27,1,1,0,0,1,258,1,40,0
1990,69,2,0,0,0,0,0,0,0,0
1990,74,1,0,0,0,0,0,0,0,0
1990,73,1,0,0,0,1,0,0,0,0
1990,71,2,0,0,0,0,0,0,0,0
1990,36,1,0,0,0,1,844,1,40,0
1990,31,2,0,0,0,1,0,0,0,0
1990,54,1,0,0,0,1,308,1,40,0
1990,51,2,0,0,0,1,385,1,40,0
1990,56,1,0,0,0,0,689,1,40,1
1990,43,2,0,3,3,1,444,5,32,0
1990,48,1,2,0,0,0,434,3,40,0
1990,39,2,2,0,0,0,174,6,8,0
1990,67,1,2,0,0,1,57,4,0,0
1990,80,1,1,0,0,0,0,0,0,0
1990,25,1,1,1,0,0,804,3,40,0
1990,58,2,3,0,0,1,22,5,45,0
1990,20,2,1,0,0,1,449,5,32,0
1990,67,1,2,1,0,1,426,4,40,1
1990,34,2,2,3,0,1,25,3,40,0
1990,30,1,2,0,0,1,804,3,70,0
1990,23,2,1,0,0,1,276,0,40,0
1990,43,1,0,0,0,1,804,2,52,0
1990,48,2,0,0,0,1,313,0,48,0
1990,43,1,0,0,0,0,804,2,40,0
1990,39,2,0,0,0,1,785,1,40,0
1990,20,1,1,0,0,0,769,1,40,0
1990,36,1,0,0,0,1,305,2,50,0
1990,36,2,0,0,0,1,0,0,0,0
1990,37,2,0,3,3,1,463,2,22,0
1990,52,1,0,1,0,1,259,3,45,0
1990,56,1,0,0,0,1,229,1,50,0
1990,48,2,0,0,0,1,159,0,72,0
1990,23,1,1,0,0,0,653,1,40,0
1990,42,1,2,0,0,1,229,4,40,0
1990,80,1,0,0,0,0,0,0,0,0
1990,80,2,0,0,0,0,0,0,0,0
1990,52,2,1,3,0,1,18,4,40,0
1990,50,1,0,0,0,0,668,4,40,0
1990,44,2,0,0,0,1,308,1,40,0
1990,27,2,1,0,0,1,22,1,40,0
1990,29,1,1,0,1,1,57,1,40,0
1990,26,2,0,0,0,0,269,3,40,0
1990,21,1,0,0,0,0,505,3,40,0
1990,47,1,0,3,3,0,355,2,40,0
1990,46,2,0,3,3,1,17,3,40,0
1990,18,2,1,3,3,0,0,0,0,0
1990,42,1,0,0,0,1,889,3,40,0
1990,43,2,0,0,0,0,0,0,0,0
1990,65,1,0,0,0,0,766,5,28,0
1990,64,2,0,0,0,0,337,3,40,0
1990,22,1,1,0,0,0,505,3,18,0
1990,22,2,1,0,0,1,64,3,35,0
1990,30,1,1,0,0,1,229,4,40,0
1990,31,2,1,0,0,1,267,3,0,0
1990,36,1,3,0,0,1,57,1,42,0
1990,66,1,0,0,2,1,254,4,50,1
1990,52,2,0,0,2,1,243,3,70,0
1990,19,1,1,0,0,0,444,3,30,0
1990,32,2,1,0,0,1,55,4,50,0
1990,25,1,1,0,0,1,257,4,40,0
1990,32,1,0,0,0,1,447,5,40,0
1990,26,2,0,0,0,1,95,5,40,0
1990,67,1,0,3,0,0,475,0,0,0
1990,56,2,0,3,0,1,479,0,0,0
1990,26,2,0,0,0,0,315,6,35,0
1990,29,1,0,0,0,1,365,3,40,0
1990,23,1,1,0,0,1,447,5,40,0
1990,21,2,1,0,0,1,435,3,20,0
1990,62,1,0,0,0,1,796,6,40,0
1990,61,2,0,0,0,1,313,1,40,0
1990,30,2,2,0,0,1,734,1,40,0
1990,38,2,2,0,0,1,313,5,40,0
1990,42,2,2,0,0,1,337,4,42,0
1990,36,1,0,0,0,1,157,5,50,0
1990,35,2,0,0,0,1,156,5,50,0
1990,45,1,0,0,0,1,243,2,40,0
1990,43,2,0,0,0,1,327,2,40,0
1990,72,2,3,0,0,1,0,0,0,0
1990,28,1,0,0,0,1,689,1,42,0
1990,22,2,0,0,0,0,253,4,0,0
1990,69,2,3,0,0,1,276,3,0,0
1990,68,1,0,0,0,0,365,1,0,0
1990,57,2,0,0,0,0,0,0,0,0
1990,71,1,0,0,0,1,0,0,0,0
1990,67,2,0,0,0,1,0,0,0,0
1990,47,2,2,0,0,1,188,1,40,0
1990,24,2,1,0,0,1,337,3,40,0
1990,23,1,1,0,0,0,373,1,40,0
1990,53,1,0,3,4,1,22,1,40,0
1990,47,2,0,3,4,1,14,5,20,0
1990,18,1,1,3,4,0,495,0,25,0
1990,46,1,0,0,0,0,567,0,0,0
1990,34,2,0,0,0,0,313,4,0,0
1990,68,1,0,0,0,1,479,0,30,0
1990,69,2,0,0,0,1,0,0,0,0
1990,61,1,0,0,0,1,254,4,48,0
1990,61,2,0,0,0,1,0,0,0,0
1990,31,1,1,0,0,0,426,1,40,0
1990,30,1,1,0,0,0,235,1,40,0
1990,28,1,0,0,0,1,243,3,66,0
1990,29,2,0,0,0,1,243,3,25,0
1990,52,1,0,0,0,0,22,2,40,0
1990,51,2,0,0,0,0,25,4,8,0
1990,46,2,2,0,0,0,257,2,50,0
1990,47,1,2,0,0,1,22,1,50,0
1990,43,1,0,0,0,1,7,3,70,0
1990,41,2,0,0,0,0,29,3,30,0
1990,43,2,2,0,0,0,779,2,45,0
1990,31,2,1,0,0,0,434,5,40,0
1990,26,2,1,0,0,0,315,1,40,0
1990,70,2,3,0,0,0,0,0,0,0
1990,53,1,0,0,0,1,808,5,12,0
1990,51,2,0,0,0,1,365,5,24,0
1990,50,1,0,3,3,0,666,4,48,0
1990,50,2,0,3,3,0,744,1,40,0
1990,24,1,1,3,3,0,436,3,48,0
1990,20,2,1,3,3,0,0,0,0,0
1990,50,1,0,0,0,1,5,6,40,1
1990,50,2,0,0,0,1,23,6,40,0
1990,24,2,1,0,0,1,255,4,40,0
1990,51,1,0,0,0,1,22,2,60,1
1990,44,2,0,0,0,1,313,5,0,0
1990,22,1,1,0,0,1,519,2,0,0
1990,38,2,2,1,0,0,808,2,40,0
1990,36,1,2,1,0,0,646,1,40,0
1990,44,2,2,0,0,1,27,6,40,0
1990,33,1,2,0,2,0,709,1,40,0
1990,37,1,0,0,3,1,628,1,40,0
1990,34,2,0,0,0,1,276,3,20,0
1990,28,1,0,0,0,1,185,1,40,0
1990,26,2,0,0,0,1,22,4,40,0
1990,27,1,0,0,0,0,883,1,54,0
1990,27,2,0,0,0,0,254,4,30,0
1990,61,1,0,0,0,0,515,1,40,0
1990,57,2,0,0,0,0,0,0,0,0
1990,50,1,0,0,0,0,804,2,45,0
1990,41,2,0,0,0,0,449,4,30,0
1990,38,1,0,0,0,1,36,6,40,0
1990,36,2,0,0,0,1,55,1,0,0
1990,30,1,0,0,0,1,628,3,45,0
1990,31,2,0,0,0,0,318,3,40,0
1990,31,1,0,0,0,1,259,1,40,0
1990,26,2,0,0,0,1,379,1,40,0
1990,42,1,0,0,0,0,364,3,45,0
1990,37,2,0,0,0,1,387,5,0,0
1990,34,1,0,0,0,1,637,1,45,0
1990,39,2,0,0,0,1,154,5,40,0
1990,71,2,2,0,0,1,0,0,0,0
1990,33,1,0,0,0,1,628,1,50,0
1990,28,2,0,0,0,0,308,4,30,0
1990,53,1,2,0,0,1,365,3,65,0
1990,32,1,0,3,3,1,159,5,0,0
1990,31,2,0,3,3,0,0,0,0,0
1990,37,1,0,0,0,1,253,4,37,1
1990,36,2,0,0,0,1,374,1,43,0
1990,34,1,2,0,0,0,653,1,40,0
1990,28,2,2,0,0,0,389,0,40,0
1990,24,1,0,0,0,1,417,6,40,0
1990,24,2,0,0,0,1,313,5,40,0
1990,35,1,0,3,3,0,436,4,40,0
1990,30,2,0,3,3,0,688,1,40,0
1990,45,2,2,0,0,1,744,1,40,0
1990,24,1,1,0,0,1,498,0,11,0
1990,32,1,1,0,0,1,637,1,40,0
1990,25,2,1,0,0,1,503,1,43,0
1990,22,2,1,0,0,1,328,6,30,0
1990,62,1,3,0,0,0,364,3,40,0
1990,39,1,0,0,0,0,515,1,40,0
1990,26,2,0,0,0,0,877,3,32,0
1990,52,1,0,0,0,0,785,3,50,0
1990,41,2,0,0,0,1,357,3,48,0
1990,36,2,3,0,0,0,315,6,40,0
1990,29,2,3,0,0,0,488,3,40,0
1990,60,2,0,0,0,0,266,3,0,0
1990,64,1,0,0,0,1,44,1,0,0
1990,31,2,1,0,0,1,33,5,40,0
1990,69,2,3,0,0,0,274,3,0,0
1990,32,2,2,0,0,0,256,4,0,0
1990,38,1,1,0,0,1,469,3,20,0
1990,34,1,0,0,0,0,22,2,40,0
1990,27,2,0,0,2,0,379,1,40,0
1990,72,1,0,0,0,1,0,0,0,0
1990,70,2,0,0,0,1,283,4,40,0
1990,35,2,2,0,0,1,379,1,40,0
1990,30,1,0,3,3,0,389,2,40,0
1990,31,2,0,3,3,1,379,2,40,0
1990,30,1,0,0,0,0,653,1,30,0
1990,23,2,0,0,0,0,276,5,0,0
1990,36,1,0,0,3,1,43,5,40,0
1990,34,2,0,0,0,1,155,5,40,0
1990,58,1,2,0,0,1,637,1,40,0
1990,47,1,3,0,0,1,243,3,50,0
1990,37,1,0,0,0,1,243,3,50,0
1990,34,2,0,0,0,1,8,3,40,0
1990,68,1,3,0,0,0,0,0,0,0
1990,41,1,0,1,0,1,785,1,40,0
1990,41,2,0,1,0,1,23,5,40,0
1990,43,1,0,0,0,1,889,2,40,0
1990,34,2,0,0,0,0,436,2,40,0
1990,33,1,0,2,0,0,785,1,40,0
1990,32,2,0,2,0,0,449,4,0,0
1990,31,1,0,0,0,1,806,3,45,0
1990,30,2,0,0,0,1,453,5,12,0
1990,43,1,0,0,0,1,354,2,40,0
1990,51,2,0,0,0,0,0,0,0,0
1990,29,2,1,0,0,1,259,3,50,0
1990,37,1,0,0,0,1,226,2,60,1
1990,34,2,0,0,0,1,259,3,0,0
1990,44,1,0,0,0,1,156,5,45,1
1990,42,2,0,0,0,0,0,0,0,0
1990,50,2,3,0,0,0,447,5,40,0
1990,27,1,2,0,0,0,473,0,40,0
1990,32,1,2,0,0,0,0,0,0,0
1990,60,1,0,0,0,0,0,0,0,0
1990,46,2,0,0,0,0,436,3,0,0
1990,53,1,2,0,0,0,226,2,20,1
1990,51,2,2,0,0,1,156,5,40,0
1990,63,1,0,0,0,0,253,4,20,1
1990,59,2,0,0,0,1,0,0,0,0
1990,57,2,2,0,0,0,735,1,35,0
1990,49,1,2,0,0,1,804,0,24,0
1990,75,1,3,0,0,0,909,6,0,0
1990,65,2,3,0,0,0,804,5,15,0
1990,48,1,0,0,0,1,227,6,40,1
1990,40,2,0,0,0,0,227,6,40,1
1990,19,1,1,0,0,0,875,2,10,0
1990,56,1,0,0,0,0,22,0,40,0
1990,56,2,0,0,0,0,0,0,0,0
1990,28,1,1,0,0,0,567,0,60,0
1990,26,1,0,0,0,0,844,1,40,0
1990,26,2,0,0,0,1,29,3,40,0
1990,40,2,0,0,0,1,99,5,21,0
1990,40,1,0,0,0,1,889,2,40,0
1990,38,1,0,0,0,1,507,2,40,0
1990,32,2,0,0,0,1,64,3,40,0
1990,48,2,2,0,0,1,243,3,60,0
1990,35,1,2,0,0,0,869,0,32,0
1990,54,1,0,0,0,1,22,4,40,0
1990,49,2,0,0,0,1,337,5,20,0
1990,46,1,0,0,2,1,44,1,44,1
1990,44,2,0,0,0,1,274,5,16,0
1990,19,1,1,0,0,0,804,3,30,0
1990,70,2,3,0,0,0,0,0,0,0
1990,48,1,0,0,0,1,8,0,50,1
1990,35,2,0,0,0,1,188,1,16,0
1990,37,1,0,0,0,1,567,0,50,0
1990,32,2,0,0,0,0,434,3,32,0
1990,73,2,3,0,0,1,386,6,35,0
1990,52,1,1,0,0,0,22,2,60,1
1990,33,1,0,0,0,1,558,0,40,0
1990,29,2,0,0,0,0,188,1,40,0
1990,50,1,3,0,0,0,549,2,40,0
1990,37,2,3,0,0,0,0,0,0,0
1990,73,1,3,0,0,0,486,0,32,0
1990,35,1,2,0,0,1,567,0,40,0
1990,21,2,1,0,0,0,359,3,35,0
1990,29,1,0,0,0,1,8,3,55,0
1990,27,2,0,0,0,1,156,5,40,0
1990,60,1,0,0,0,1,516,1,40,0
1990,71,2,0,0,0,1,0,0,0,0
1990,34,1,1,0,0,0,505,4,9,0
1990,24,2,3,0,0,0,434,3,36,0
1990,29,1,0,0,0,0,579,0,40,0
1990,26,2,0,0,0,1,487,0,0,0
1990,44,1,0,0,0,1,164,5,47,0
1990,42,2,0,0,0,1,389,1,0,0
1990,34,1,0,0,0,1,8,1,50,1
1990,30,2,0,0,0,1,27,4,40,0
1990,55,1,0,0,0,1,567,0,20,0
1990,53,2,0,0,0,1,0,0,0,0
1990,33,2,2,0,0,0,319,6,40,0
1990,56,1,0,0,0,1,637,1,40,0
1990,54,2,0,0,0,0,0,0,0,0
1990,43,1,0,0,0,0,343,5,50,0
1990,40,2,0,0,0,1,313,0,0,0
1990,18,2,1,0,0,0,315,3,10,0
1990,68,1,0,0,0,0,0,0,0,0
1990,62,2,0,0,0,1,0,0,0,0
1990,31,1,0,0,0,1,575,1,40,0
1990,30,2,0,0,0,1,276,0,25,0
1990,65,1,0,0,0,1,254,4,0,1
1990,60,2,0,0,0,0,0,0,0,0
1990,40,1,0,0,0,0,507,3,40,0
1990,38,2,0,0,0,0,0,0,0,0
1990,19,2,1,0,0,0,444,3,40,0
1990,77,2,3,0,0,0,0,0,0,0
1990,46,1,0,0,0,1,25,4,40,1
1990,45,2,0,0,0,1,104,5,43,0
1990,63,1,0,0,0,0,653,0,0,0
1990,59,2,0,0,0,0,0,0,0,0
1990,49,1,0,0,0,0,356,1,40,0
1990,46,2,0,0,0,0,174,6,40,0
1990,24,1,1,0,0,0,734,1,40,0
1990,19,2,3,0,0,0,276,3,40,0
1990,21,2,1,0,0,1,379,1,45,0
1990,38,1,0,0,0,0,567,0,40,0
1990,37,2,0,0,0,1,379,1,40,0
1990,53,1,0,0,0,0,777,1,40,0
1990,43,2,0,0,0,0,447,4,12,0
1990,19,1,1,0,0,0,327,3,16,0
1990,19,1,1,0,0,0,276,3,16,0
1990,35,1,0,0,0,1,514,4,40,0
1990,26,2,0,0,0,1,637,1,40,0
1990,33,1,0,0,0,1,235,4,40,0
1990,37,2,0,0,0,1,337,4,40,0
1990,65,1,0,0,0,0,354,2,40,0
1990,62,2,0,0,0,0,453,3,3,0
1990,67,1,0,0,0,1,274,4,20,0
1990,66,2,0,0,0,1,0,0,0,0
1990,53,2,0,0,0,1,583,0,7,0
1990,58,1,0,0,0,1,235,5,30,0
1990,39,1,0,0,0,1,567,0,40,0
1990,40,2,0,0,0,1,27,5,0,0
1990,46,1,0,0,0,0,22,1,50,0
1990,43,2,0,3,0,0,313,5,37,0
1990,23,1,1,0,0,1,426,4,40,0
1990,18,1,1,0,0,0,436,3,35,0
1990,38,1,0,0,0,0,22,3,48,0
1990,35,2,0,0,0,0,877,3,40,0
1990,41,1,0,0,0,1,157,5,40,0
1990,42,2,0,0,0,1,313,5,40,0
1990,20,1,1,0,0,0,887,4,32,0
1990,32,2,1,0,0,0,365,1,35,0
1990,23,1,1,0,0,1,754,1,40,0
1990,47,1,0,1,0,0,628,1,40,0
1990,44,2,0,1,0,1,379,5,28,0
1990,70,1,0,0,0,0,0,0,0,0
1990,66,2,0,0,0,1,0,0,0,0
1990,53,1,0,0,0,1,869,0,40,1
1990,46,2,0,0,0,1,174,5,43,0
1990,79,1,0,0,0,1,274,3,20,0
1990,78,2,0,0,0,1,0,0,0,0
1990,42,1,2,1,0,1,505,6,40,0
1990,61,1,3,0,0,1,0,0,0,0
1990,80,1,0,0,2,1,365,3,20,0
1990,78,2,0,0,0,0,0,0,0,0
1990,40,2,0,0,0,1,0,0,0,0
1990,36,1,0,0,0,1,84,5,38,1
1990,24,1,1,0,0,1,385,4,41,0
1990,19,2,1,0,0,0,877,3,40,0
1990,40,2,2,0,0,1,337,4,50,0
1990,39,1,1,0,0,0,56,1,45,0
1990,66,1,0,0,0,0,549,1,0,0
1990,62,2,0,0,0,0,0,0,0,0
1990,62,1,0,0,0,1,453,3,35,0
1990,60,2,0,0,0,0,275,4,20,0
1990,38,1,1,0,0,1,0,0,0,0
1990,74,2,3,0,3,0,0,0,0,0
1990,38,1,0,0,0,1,803,3,55,0
1990,27,2,0,0,0,0,435,3,39,0
1990,75,1,0,0,0,1,0,0,0,0
1990,75,2,0,0,0,1,0,0,0,0
1990,49,1,0,0,0,0,799,1,40,0
1990,46,2,0,0,0,0,0,0,0,0
1990,42,1,0,0,0,1,849,3,40,0
1990,40,2,0,0,0,0,0,0,0,0
1990,21,1,1,0,0,1,866,4,40,0
1990,39,1,0,0,0,0,684,1,40,0
1990,36,2,0,0,0,0,889,1,40,0
1990,45,1,0,0,0,1,566,0,60,1
1990,37,2,0,0,0,1,95,5,40,0
1990,76,1,2,0,0,0,0,0,0,0
1990,41,1,2,0,0,0,783,0,40,0
1990,53,1,0,1,0,0,243,3,40,0
1990,47,2,0,0,0,1,37,1,40,0
1990,41,1,0,0,0,1,259,1,40,0
1990,37,2,0,0,0,0,0,0,0,0
1990,46,1,0,0,0,1,544,1,60,0
1990,37,2,0,0,0,1,156,5,30,0
1990,48,1,0,0,0,1,22,1,50,1
1990,43,2,0,0,0,1,0,0,0,0
1990,30,1,0,0,0,1,156,5,50,0
1990,40,2,0,0,0,1,186,5,10,0
1990,56,1,2,0,0,0,473,0,84,0
1990,42,2,2,0,0,1,406,4,0,0
1990,38,2,2,0,0,1,0,0,0,0
1990,61,1,0,0,0,1,803,2,40,0
1990,57,2,0,0,0,1,0,0,0,0
1990,35,2,1,0,0,1,0,0,0,0
1990,44,1,0,0,0,0,544,1,46,0
1990,41,2,0,0,0,1,313,1,20,0
1990,20,1,1,0,0,0,567,0,40,0
1990,18,1,1,0,0,0,595,0,40,0
1990,36,2,3,0,0,1,313,6,40,0
1990,18,1,1,0,0,1,889,0,35,0
1990,18,1,1,0,0,0,436,3,50,0
1990,23,1,1,0,2,1,877,3,56,0
1990,43,1,1,0,2,1,804,1,50,0
1990,41,1,1,0,0,1,628,1,50,1
1990,76,1,1,0,0,0,0,0,0,0
1990,71,2,2,0,0,0,0,0,0,0
1990,59,1,2,0,0,1,628,1,45,0
1990,70,2,2,0,0,0,0,0,0,0
1990,41,1,0,0,0,1,167,5,45,0
1990,32,2,0,0,0,1,95,5,40,0
1990,32,1,0,0,0,1,529,2,40,0
1990,32,2,0,0,0,0,458,4,0,0
1990,55,2,2,0,0,1,95,4,24,0
1990,21,2,1,0,0,1,308,2,40,0
1990,30,1,2,0,0,1,22,1,45,0
1990,70,1,0,0,0,1,804,1,0,0
1990,60,2,0,0,0,0,449,4,0,0
1990,69,2,0,0,0,1,0,0,0,0
1990,28,1,1,0,0,1,18,4,40,0
1990,28,1,1,0,0,0,856,1,40,0
1990,32,1,0,0,0,1,22,5,45,0
1990,30,2,0,0,0,1,156,5,0,0
1990,29,1,0,0,0,1,735,1,40,0
1990,27,2,0,0,0,0,466,5,36,0
1990,35,1,0,0,0,0,379,1,40,0
1990,35,2,0,0,0,1,164,5,1,0
1990,53,1,0,0,0,1,628,1,45,0
1990,51,2,0,0,0,1,466,5,40,0
1990,28,1,0,0,0,0,777,1,40,0
1990,27,2,0,0,0,0,453,1,40,0
1990,38,1,0,0,0,1,473,0,80,0
1990,36,2,0,0,0,1,97,5,40,0
1990,40,1,2,0,0,1,8,0,20,0
1990,20,2,1,0,0,1,37,1,0,0
1990,30,1,0,0,0,0,253,4,40,0
1990,26,2,0,0,0,0,159,5,0,0
1990,74,1,0,0,0,0,0,0,0,0
1990,60,2,0,0,0,0,0,0,0,0
1990,31,1,1,0,0,0,479,0,40,0
1990,29,1,1,0,0,0,547,4,40,0
1990,28,1,1,0,0,0,453,1,76,0
1990,26,1,1,0,0,0,486,0,40,0
1990,40,1,2,0,0,0,505,3,55,0
1990,32,2,2,0,0,0,313,3,40,0
1990,76,1,3,0,0,0,0,0,0,0
1990,21,2,1,0,0,1,379,5,40,0
1990,21,2,1,0,0,1,276,3,25,0
1990,21,2,1,0,0,1,243,3,20,0
1990,21,2,1,0,0,1,433,3,25,0
1990,25,2,1,0,0,1,447,5,40,0
1990,71,2,1,0,0,0,0,0,0,0
1990,21,2,1,0,0,1,379,5,20,0
1990,35,1,0,0,2,1,436,5,50,0
1990,29,2,0,3,0,0,0,0,0,0
1990,69,1,0,0,0,0,0,0,0,0
1990,68,2,0,3,0,0,0,0,0,0
1990,59,2,3,0,0,0,435,3,24,0
1990,36,1,1,0,0,0,825,2,40,0
1990,26,2,1,0,0,0,446,5,20,0
1990,32,1,0,0,0,0,889,1,40,0
1990,30,2,0,0,0,0,383,4,20,0
1990,42,1,0,0,0,1,824,2,0,0
1990,32,2,0,0,0,1,174,5,40,0
1990,50,1,2,3,0,1,254,4,40,0
1990,64,1,1,0,0,1,7,4,30,0
1990,28,1,0,0,0,0,728,1,40,0
1990,27,2,0,0,0,0,888,3,31,0
1990,73,2,2,0,0,1,0,0,0,0
1990,67,2,0,0,0,1,368,6,84,0
1990,42,1,1,0,0,1,156,5,40,0
1990,64,2,3,0,0,0,0,0,0,0
1990,43,2,1,0,0,0,747,1,40,0
1990,74,2,3,3,0,0,0,0,0,0
1990,71,2,3,0,0,0,0,0,0,0
1990,63,2,3,0,0,1,223,0,99,0
1990,67,1,0,0,0,0,0,0,0,0
1990,64,2,0,0,0,0,0,0,0,0
1990,42,1,0,0,0,1,243,3,40,0
1990,37,2,0,0,0,0,796,1,40,0
1990,80,1,0,0,0,0,804,1,40,0
1990,80,2,0,0,0,0,264,3,7,0
1990,65,1,0,0,0,0,473,0,14,0
1990,57,2,0,0,0,0,0,0,0,0
1990,39,1,1,0,0,0,479,0,50,0
1990,73,2,3,0,0,0,0,0,0,0
1990,51,2,2,0,0,0,719,1,40,0
1990,79,1,0,0,0,0,0,0,0,0
1990,71,2,0,0,2,1,0,0,0,0
1990,43,1,0,0,0,1,719,1,40,0
1990,40,2,0,0,0,0,453,5,40,0
1990,23,1,0,0,0,1,727,1,40,0
1990,29,2,0,0,0,0,709,1,40,0
1990,43,2,1,0,0,0,0,0,0,0
1990,37,1,0,0,0,1,494,1,45,0
1990,33,2,0,0,0,0,0,0,0,0
1990,80,2,0,0,0,0,0,0,0,0
1990,32,1,0,0,0,0,269,3,45,0
1990,30,2,0,0,0,0,313,4,40,0
1990,75,2,3,0,0,0,0,0,0,0
1990,29,1,3,0,0,0,436,3,36,0
1990,45,1,0,3,0,0,804,2,70,0
1990,41,2,0,0,0,0,768,1,40,0
1990,53,1,0,0,0,1,337,0,45,0
1990,51,2,0,0,0,1,156,5,40,0
1990,22,1,1,0,0,1,469,5,25,0
1990,42,1,0,0,0,0,628,1,55,0
1990,39,2,0,0,0,0,436,3,50,0
1990,19,1,1,0,0,0,496,1,40,0
1990,31,1,2,3,0,1,243,3,45,0
1990,31,2,1,3,0,1,276,3,40,0
1990,58,1,0,0,0,1,549,4,50,0
1990,55,2,0,0,0,1,449,4,8,0
1990,42,1,0,0,0,0,518,1,40,0
1990,40,2,0,0,0,0,447,5,40,0
1990,19,1,1,0,0,0,518,1,46,0
1990,43,1,0,0,0,1,36,6,40,0
1990,42,2,0,0,0,0,313,5,30,0
1990,18,2,1,0,0,0,276,3,20,0
1990,35,1,1,0,0,1,235,3,38,0
1990,53,1,0,0,0,0,269,3,50,0
1990,51,2,0,0,0,0,0,0,0,0
1990,25,2,1,0,0,0,754,2,45,0
1990,75,1,0,0,0,0,0,0,0,0
1990,71,2,0,0,0,1,0,0,0,0
1990,61,1,0,0,0,0,418,6,45,0
1990,55,2,0,0,0,1,95,5,32,0
1990,77,2,3,0,0,0,0,0,0,0
1990,43,1,0,0,0,0,22,1,40,0
1990,40,2,0,0,0,1,433,3,40,0
1990,67,1,0,0,0,0,549,1,40,0
1990,64,2,0,0,0,0,436,3,0,0
1990,47,1,0,0,0,0,558,0,40,0
1990,46,2,0,0,0,0,0,0,0,0
1990,22,2,1,0,0,0,754,2,40,0
1990,20,1,1,0,0,0,33,6,40,0
1990,42,1,0,0,0,0,459,5,12,0
1990,38,2,0,0,0,0,449,4,40,0
1990,18,1,1,0,0,0,436,3,24,0
1990,51,1,0,0,0,0,804,2,45,0
1990,42,2,0,0,0,0,313,4,40,0
1990,35,1,2,0,0,0,825,2,40,0
1990,29,1,3,0,0,1,779,2,40,0
1990,27,1,1,0,0,1,505,3,30,0
1990,56,1,0,0,0,1,824,2,15,0
1990,55,2,0,0,0,1,444,5,9,0
1990,65,1,0,0,0,0,804,2,40,0
1990,66,2,0,0,0,1,0,0,0,0
1990,38,1,0,0,0,0,637,1,40,0
1990,41,2,0,0,0,0,449,4,0,0
1990,76,2,0,0,0,0,0,0,0,0
1990,28,1,0,0,0,0,856,0,40,0
1990,27,2,0,0,0,0,774,4,40,0
1990,61,2,3,0,0,0,198,2,35,0
1990,66,1,0,0,0,0,505,4,0,0
1990,65,2,0,0,2,1,0,0,0,0
1990,35,1,0,0,0,1,727,1,40,0
1990,29,2,0,0,0,1,313,4,40,0
1990,54,1,0,0,0,1,785,1,40,0
1990,50,2,0,0,0,0,877,3,30,0
1990,36,1,0,0,0,1,178,6,40,0
1990,35,2,0,0,0,1,383,4,40,0
1990,45,1,0,0,0,1,473,0,75,0
1990,40,2,0,0,0,0,473,0,75,0
1990,30,1,0,0,0,1,599,2,50,0
1990,32,2,0,0,0,0,733,1,0,0
1990,80,2,3,0,0,0,0,0,0,0
1990,27,1,1,0,0,0,434,3,40,0
1990,19,2,1,0,0,0,436,3,6,0
1990,21,1,1,0,0,0,436,3,40,0
1990,40,1,0,0,0,1,514,4,40,0
1990,39,2,0,0,0,1,316,6,30,0
1990,71,1,0,0,0,1,0,0,0,0
1990,65,2,0,0,0,0,0,0,0,0
1990,76,1,3,0,0,0,0,0,0,0
1990,73,1,3,0,0,0,0,0,0,0
1990,29,1,0,0,0,1,779,1,40,0
1990,25,2,0,0,0,1,208,3,0,0
1990,74,1,0,0,0,0,0,0,0,0
1990,71,2,0,0,0,0,0,0,0,0
1990,37,1,0,2,0,1,575,1,50,0
1990,30,2,0,3,0,1,447,5,40,0
1990,65,2,2,0,0,0,0,0,0,0
1990,70,1,0,0,0,0,0,0,0,0
1990,69,2,0,0,0,0,0,0,0,0
1990,27,1,1,3,0,0,496,1,40,0
1990,29,2,1,0,0,1,447,5,40,0
1990,36,1,0,0,0,1,95,3,35,0
1990,36,2,0,0,0,1,95,3,35,0
1990,75,2,0,0,0,1,0,0,0,0
1990,48,1,0,0,0,0,804,2,65,0
1990,43,2,0,0,0,1,0,0,0,0
1990,79,2,3,0,0,0,0,0,0,0
1990,44,2,0,0,0,1,313,6,40,0
1990,58,1,0,0,0,1,174,6,40,0
1990,58,1,0,0,0,0,359,6,40,0
1990,53,2,0,0,0,0,29,3,20,0
1990,47,1,0,0,0,1,229,4,0,0
1990,45,2,0,0,0,1,95,5,16,0
1990,25,1,0,0,0,0,804,0,43,0
1990,26,2,0,0,0,1,22,1,40,0
1990,61,2,3,0,0,0,447,5,0,0
1990,63,1,0,0,0,1,22,1,0,0
1990,63,2,0,0,0,0,433,5,0,0
1990,51,1,0,0,0,1,386,6,40,1
1990,45,2,0,0,0,1,447,5,32,0
1990,39,1,0,0,0,1,78,6,42,0
1990,32,2,0,0,0,1,103,5,53,0
1990,29,1,1,0,0,0,567,5,40,0
1990,32,1,1,0,0,0,444,3,0,0
1990,55,1,0,0,0,1,254,4,55,0
1990,53,2,0,0,0,0,274,3,22,0
1990,74,1,0,0,0,0,0,0,0,0
1990,67,2,0,0,0,0,0,0,0,0
1990,25,1,1,0,0,1,567,5,40,0
1990,23,2,1,0,0,1,383,4,25,0
1990,39,1,0,0,0,1,243,3,50,0
1990,40,2,0,0,0,1,274,3,40,0
1990,40,1,0,0,0,0,507,4,44,0
1990,44,2,0,0,0,0,243,3,30,0
1990,41,1,0,0,0,1,759,1,48,0
1990,35,2,0,0,0,1,447,5,35,0
1990,53,1,0,0,0,1,337,4,40,0
1990,53,2,0,0,0,1,276,3,40,0
1990,21,1,1,0,0,0,364,3,40,0
1990,38,1,0,0,0,1,687,3,45,0
1990,36,2,0,0,0,1,316,5,40,0
1990,77,1,0,0,0,0,0,0,0,0
1990,78,2,0,0,0,0,0,0,0,0
1990,66,1,0,0,0,0,0,0,0,0
1990,65,2,0,0,0,0,337,5,0,0
1990,46,1,0,0,0,1,255,4,65,0
1990,41,2,0,0,0,0,383,4,50,0
1990,75,1,0,0,0,0,0,0,0,0
1990,74,2,0,0,0,0,0,0,0,0
1990,25,1,1,0,0,1,22,2,45,0
1990,61,1,0,0,0,0,475,0,45,1
1990,56,2,0,0,0,0,488,0,5,0
1990,70,2,1,0,0,0,274,3,0,0
1990,77,2,3,0,0,1,0,0,0,0
1990,44,2,2,0,0,1,439,3,30,0
1990,19,2,1,0,0,1,877,3,20,0
1990,20,1,1,0,0,0,637,1,40,0
1990,58,1,0,0,0,0,0,0,0,0
1990,52,2,0,0,0,0,436,5,36,0
1990,19,1,1,0,0,0,709,1,40,0
1990,63,1,0,0,0,0,0,0,0,0
1990,64,2,0,0,0,0,666,3,42,0
1990,65,1,2,0,0,0,496,6,7,0
1990,33,1,0,0,0,0,475,0,70,0
1990,31,2,0,0,0,0,475,0,7,0
1990,25,1,0,0,0,0,727,1,40,0
1990,24,2,0,0,0,1,313,5,40,0
1990,31,1,0,0,0,1,514,4,12,0
1990,29,2,0,0,0,0,447,5,35,0
1990,24,2,0,0,0,1,435,3,40,0
1990,26,1,0,0,0,0,777,1,40,0
1990,68,1,0,0,0,0,0,0,0,0
1990,60,2,0,0,0,0,23,1,40,0
1990,28,1,0,0,0,0,684,1,40,0
1990,28,2,0,0,0,0,435,3,31,0
1990,61,1,1,0,0,1,176,5,60,0
1990,47,1,0,0,0,0,766,1,56,0
1990,41,2,0,0,0,1,458,4,32,0
1990,37,1,0,0,0,0,575,1,40,0
1990,37,2,0,0,0,0,447,5,22,0
1990,37,1,0,0,0,1,217,0,40,0
1990,35,2,0,0,0,1,206,5,40,0
1990,34,1,0,0,0,0,889,2,40,0
1990,31,2,0,0,0,0,175,5,20,0
1990,65,1,0,0,2,0,519,1,40,0
1990,63,2,0,0,2,0,0,0,0,0
1990,57,1,0,0,0,0,785,1,40,0
1990,56,2,0,0,0,0,0,0,0,0
1990,29,1,0,0,0,0,628,1,45,0
1990,30,2,0,0,0,0,637,1,48,0
1990,61,1,2,0,0,0,757,1,40,0
1990,27,1,1,0,0,1,53,0,40,0
1990,47,1,0,0,0,0,243,3,70,0
1990,47,2,0,0,0,0,337,3,55,0
1990,36,1,0,0,0,0,779,1,44,0
1990,27,2,0,0,0,1,335,1,36,0
1990,75,1,0,0,0,0,453,5,40,0
1990,72,2,0,0,0,0,0,0,0,0
1990,68,2,3,0,0,1,313,5,0,0
1990,45,1,2,0,0,1,255,4,40,1
1990,49,1,0,0,0,0,0,0,0,0
1990,48,2,0,0,0,0,687,3,40,0
1990,18,2,1,0,0,0,0,0,0,0
1990,25,2,1,0,0,0,779,1,40,0
1990,45,1,0,0,0,0,637,1,45,0
1990,44,2,0,0,0,0,385,4,40,0
1990,23,1,1,0,0,1,637,1,45,0
1990,29,1,0,0,0,1,597,0,40,0
1990,29,2,0,0,0,1,343,3,40,0
1990,38,1,0,0,0,1,33,1,38,0
1990,38,2,0,0,0,1,207,5,40,0
1990,51,1,0,0,0,0,804,2,60,0
1990,52,2,0,0,0,0,435,3,40,0
1990,28,1,1,0,0,0,475,0,60,0
1990,53,1,0,0,0,0,22,4,30,0
1990,52,2,0,0,0,0,185,3,20,0
1990,54,2,2,0,0,0,447,5,36,0
1990,19,1,1,0,0,0,436,3,30,0
1990,41,1,0,0,0,0,856,1,40,0
1990,39,2,0,0,0,0,379,3,36,0
1990,19,1,1,0,0,0,683,1,40,0
1990,38,1,0,0,0,1,359,1,40,0
1990,32,2,0,0,0,1,95,5,36,0
1990,28,1,1,1,0,1,889,1,0,0
1990,79,1,1,0,0,0,0,0,0,0
1990,49,1,2,0,0,0,628,1,40,0
1990,25,1,1,0,0,0,636,1,48,0
1990,63,2,3,0,0,0,95,5,12,0
1990,56,1,0,0,0,1,889,1,45,0
1990,49,2,0,0,0,1,156,5,40,0
1990,25,1,1,0,0,0,779,1,40,0
1990,43,1,0,0,0,0,276,3,40,1
1990,49,2,0,0,0,0,0,0,0,0
1990,67,1,0,0,0,0,0,0,0,0
1990,63,2,0,0,0,0,444,3,28,0
1990,28,1,1,0,0,0,243,3,43,0
1990,26,1,1,0,0,1,637,1,50,0
1990,54,1,0,0,0,1,869,0,40,0
1990,48,2,0,0,0,1,259,1,40,0
1990,24,1,1,0,0,1,756,1,40,0
1990,41,1,0,0,0,1,637,1,40,0
1990,39,2,0,0,0,1,207,5,45,0
1990,18,1,1,0,0,0,436,3,4,0
1990,27,1,1,0,0,0,268,3,42,0
1990,43,1,0,0,0,1,558,0,40,0
1990,43,2,0,0,0,1,156,5,25,0
1990,37,1,0,0,0,0,689,1,40,0
1990,34,2,0,0,0,1,156,5,15,0
1990,50,1,0,0,0,1,243,3,46,0
1990,51,2,0,0,0,1,174,5,32,0
1990,62,1,0,0,0,1,558,0,55,0
1990,46,2,0,0,0,0,259,1,40,0
1990,20,1,1,3,0,0,785,1,40,0
1990,21,2,1,0,0,0,795,1,40,0
1990,49,1,0,0,0,0,757,1,40,0
1990,50,2,0,0,0,0,243,3,40,0
1990,70,1,0,0,0,0,0,0,0,0
1990,69,2,0,0,0,0,0,0,0,0
1990,72,2,3,0,0,0,0,0,0,0
1990,45,1,0,0,0,1,22,1,43,1
1990,41,2,0,0,0,1,313,5,8,0
1990,67,2,3,0,0,0,0,0,0,0
1990,45,2,2,0,0,0,276,3,40,0
1990,59,1,0,0,0,0,213,1,40,0
1990,52,2,0,0,0,0,274,3,37,0
1990,27,2,1,0,0,0,338,1,40,0
1990,19,1,1,0,0,0,704,1,40,0
1990,45,1,0,0,0,0,889,1,40,0
1990,44,2,0,0,0,0,0,0,0,0
1990,21,2,1,0,0,1,387,5,30,0
1990,23,1,1,0,0,1,363,5,40,0
1990,43,1,0,0,0,1,95,5,40,0
1990,41,2,0,0,0,1,628,1,40,0
1990,64,1,0,0,0,0,22,3,0,0
1990,63,2,0,0,0,0,0,0,0,0
1990,32,1,2,0,0,0,22,0,40,1
1990,79,2,3,0,0,1,0,0,0,0
1990,57,1,1,0,0,0,479,0,0,0
1990,69,1,3,0,0,0,0,0,0,0
1990,33,1,2,0,0,0,768,1,65,0
1990,26,2,2,0,0,0,438,3,25,0
1990,61,1,0,0,0,0,453,3,40,0
1990,58,2,0,0,0,0,328,4,40,0
1990,33,1,0,0,0,0,804,3,40,0
1990,29,2,0,0,0,0,407,4,6,0
1990,80,2,3,0,0,0,0,0,0,0
1990,40,2,3,0,0,0,0,0,0,0
1990,49,1,0,0,0,0,875,6,40,0
1990,46,2,0,0,0,0,436,5,40,0
1990,49,1,0,0,0,0,856,0,40,0
1990,49,2,0,0,0,0,783,1,40,0
1990,37,1,0,0,0,1,307,1,40,0
1990,33,2,0,0,0,1,385,1,0,0
1990,36,2,2,0,0,0,434,3,50,0
1990,76,1,0,0,0,0,448,3,40,0
1990,68,2,0,0,0,0,274,3,0,0
1990,37,1,0,0,0,0,759,1,40,0
1990,37,2,0,0,0,1,774,3,45,0
1990,52,1,2,0,0,0,418,6,40,0
1990,31,2,1,0,0,1,95,5,40,0
1990,34,1,0,0,0,0,779,1,40,0
1990,34,2,0,0,0,1,649,1,40,0
1990,34,1,0,0,0,1,13,3,40,0
1990,33,2,0,0,0,1,243,4,40,0
1990,51,1,0,0,0,0,448,1,99,0
1990,50,2,0,0,0,0,387,5,40,0
1990,68,1,0,0,0,1,29,3,15,1
1990,68,2,0,0,0,0,379,3,2,0
1990,30,1,1,0,0,0,433,4,50,0
1990,25,1,1,0,0,0,806,3,40,0
1990,46,2,2,0,0,1,154,5,37,0
1990,69,1,0,0,0,0,0,0,0,0
1990,60,2,0,0,0,0,686,3,30,0
1990,27,1,0,0,0,0,889,1,40,0
1990,28,2,0,0,0,0,337,0,40,0
1990,39,1,0,0,0,0,804,2,91,0
1990,38,2,0,0,0,0,473,0,75,1
1990,19,1,1,0,0,0,0,0,0,0
1990,24,1,0,0,0,0,243,3,70,0
1990,20,2,0,0,0,0,764,1,56,0
1990,23,1,1,0,0,0,877,3,40,0
1990,46,1,0,0,0,0,438,3,0,0
1990,47,2,0,0,0,0,259,3,43,0
1990,20,2,1,0,0,1,385,4,0,0
1990,19,1,1,0,0,0,565,3,55,0
1990,38,1,0,0,0,1,22,4,45,1
1990,37,2,0,0,0,0,0,0,0,0
1990,34,1,0,0,0,1,185,4,66,0
1990,60,2,0,0,0,1,95,5,42,0
1990,29,1,0,0,0,0,479,0,89,0
1990,29,2,0,0,0,0,37,4,42,0
1990,48,1,0,0,0,1,103,5,40,0
1990,49,2,0,0,0,1,15,5,0,0
1990,72,1,0,0,0,0,0,0,0,1
1990,73,2,0,0,0,1,0,0,0,0
1990,79,1,0,0,0,0,479,0,40,0
1990,74,2,0,0,0,0,468,0,0,0
1990,28,1,0,0,0,0,507,4,45,0
1990,25,2,0,0,0,0,785,3,12,0
1990,39,1,0,0,0,1,217,3,43,1
1990,34,2,0,0,0,1,337,3,0,0
1990,44,1,0,0,0,1,259,3,45,0
1990,41,2,0,0,0,0,27,3,24,0
1990,35,1,0,0,0,0,877,3,40,0
1990,33,2,0,0,0,0,385,3,40,0
1990,75,2,3,0,0,1,0,0,0,0
1990,37,1,1,0,0,1,566,3,40,0
1990,34,1,1,0,0,0,727,1,40,0
1990,62,1,3,0,0,0,457,4,40,0
1990,57,2,3,0,0,1,164,5,37,0
1990,40,2,1,0,0,0,889,1,40,0
1990,43,2,1,0,0,0,207,5,40,0
1990,47,1,1,0,0,0,804,2,40,0
1990,59,1,0,0,0,0,889,1,40,0
1990,62,2,0,3,0,0,754,1,40,0
1990,37,1,0,0,0,1,14,5,45,0
1990,39,2,0,0,0,1,313,1,28,0
1990,51,2,2,0,0,0,0,0,0,0
1990,25,1,1,0,0,0,869,0,40,0
1990,36,1,0,0,0,1,759,3,40,0
1990,36,2,0,0,0,1,104,5,32,0
1990,30,1,1,0,0,1,308,5,45,0
1990,64,1,0,0,0,0,804,3,0,0
1990,65,2,0,0,0,1,0,0,0,0
1990,24,1,1,0,0,1,385,6,20,0
1990,21,2,1,0,0,1,379,3,40,0
1990,57,1,0,0,0,1,804,2,20,0
1990,49,2,0,0,0,1,447,5,40,0
1990,24,1,1,0,0,0,785,1,40,0
1990,18,2,1,0,0,0,0,0,0,0
1990,50,1,0,0,0,0,804,2,40,0
1990,49,2,0,0,0,0,808,2,40,0
1990,69,2,3,0,0,0,453,5,40,0
1990,57,2,2,0,0,0,453,5,40,0
1990,58,2,2,0,0,0,447,5,40,0
1990,19,1,1,0,0,0,217,5,40,0
1990,19,1,1,0,0,0,436,3,52,0
1990,41,2,1,3,0,0,785,1,40,0
1990,48,1,3,3,0,0,785,1,40,0
1990,62,1,2,0,0,0,0,0,0,0
1990,63,1,0,0,0,1,22,1,50,1
1990,63,2,0,0,0,0,0,0,0,0
1990,39,1,0,0,0,1,259,3,50,1
1990,42,2,0,0,0,1,458,4,48,0
1990,18,2,1,0,0,0,319,5,35,0
1990,19,2,1,0,0,1,426,5,15,0
1990,65,2,2,0,0,0,319,5,20,0
1990,34,2,1,0,0,1,313,1,37,0
1990,78,2,3,0,0,1,0,0,0,0
1990,29,2,0,0,0,0,276,3,38,0
1990,32,1,0,0,0,1,585,0,40,0
1990,36,2,2,0,0,1,327,3,25,0
1990,44,1,0,0,0,0,6,6,40,0
1990,43,2,0,0,0,0,315,1,40,0
1990,22,1,1,0,0,1,217,4,40,0
1990,19,1,1,0,0,1,779,1,40,0
1990,71,2,0,0,0,0,0,0,0,0
1990,76,1,0,0,0,0,0,0,0,0
1990,44,2,2,0,0,0,769,1,40,0
1990,18,2,1,0,0,0,0,0,0,0
1990,46,1,2,0,0,0,0,0,0,0
1990,57,2,2,0,0,1,276,3,70,0
1990,27,1,0,0,0,1,889,1,40,0
1990,26,2,0,0,0,0,323,3,0,0
1990,34,1,0,0,0,0,804,2,70,1
1990,31,2,0,0,0,0,313,3,0,0
1990,25,1,1,0,0,0,804,2,70,0
1990,42,1,0,0,0,1,22,3,40,1
1990,41,2,0,0,0,1,23,3,0,0
1990,57,1,0,0,0,0,883,1,46,0
1990,56,2,0,0,0,0,0,0,0,0
1990,35,1,0,0,0,0,213,1,60,1
1990,25,2,0,0,0,0,313,5,16,0
1990,78,1,0,0,0,0,0,0,0,0
1990,68,2,0,0,0,0,0,0,0,0
1990,23,1,0,0,0,1,25,4,37,0
1990,23,2,0,0,0,0,313,3,40,0
1990,41,1,2,0,0,1,416,6,40,0
1990,42,2,2,0,0,0,487,0,15,0
1990,30,1,2,0,0,0,887,3,80,0
1990,25,2,2,0,0,0,887,4,40,0
1990,41,1,3,0,0,0,567,0,40,0
1990,62,1,0,0,0,0,577,2,40,0
1990,55,2,0,0,0,1,95,1,50,0
1990,53,1,0,0,0,0,518,1,45,0
1990,49,2,0,0,0,0,243,3,0,0
1990,42,1,0,0,0,1,759,1,0,0
1990,34,2,0,0,0,0,337,3,35,0
1990,77,1,1,0,0,1,0,0,0,0
1990,63,1,0,0,0,0,473,0,84,0
1990,61,2,0,0,0,0,0,0,0,0
1990,38,1,0,0,0,0,473,0,99,0
1990,37,2,0,0,0,0,473,0,60,0
1990,54,1,0,0,0,0,505,4,40,0
1990,40,2,0,0,0,0,0,0,0,0
1990,43,2,2,0,0,1,195,1,40,0
1990,36,1,1,0,0,0,786,1,40,0
1990,20,2,1,0,0,0,754,1,32,0
1990,39,1,0,0,0,1,473,0,80,0
1990,28,2,0,0,0,1,308,5,40,0
1990,76,2,0,0,0,0,0,0,0,0
1990,72,1,0,0,0,0,0,0,0,0
1990,73,2,0,0,0,0,0,0,0,0
1990,40,2,0,3,3,0,744,1,40,0
1990,44,1,0,0,0,1,22,1,90,0
1990,77,1,0,0,0,0,0,0,0,0
1990,73,2,0,0,0,0,0,0,0,0
1990,77,1,3,0,0,0,0,0,0,0
1990,64,1,3,0,0,0,0,0,0,0
1990,74,2,1,0,0,1,0,0,0,0
1990,31,2,1,0,0,0,436,3,40,0
1990,38,2,1,0,0,0,889,1,40,0
1990,38,2,2,0,0,1,8,1,40,0
1990,28,1,0,0,0,0,628,1,45,0
1990,26,2,0,0,0,1,207,5,32,0
1990,56,1,0,0,0,0,567,0,40,0
1990,51,2,0,0,0,0,796,1,40,0
1990,39,1,0,0,0,0,253,4,40,0
1990,39,2,0,0,0,1,95,5,40,0
1990,18,1,1,0,0,0,804,1,15,0
1990,76,1,0,0,0,0,0,0,0,0
1990,68,2,0,0,0,1,379,5,0,0
1990,38,1,0,0,0,1,473,0,60,0
1990,31,2,0,0,0,0,479,0,60,0
1990,65,2,0,0,0,1,156,5,0,0
1990,71,1,0,0,0,0,0,0,0,0
1990,65,1,0,0,0,1,498,0,25,0
1990,66,2,0,0,0,0,0,0,0,0
1990,48,1,0,0,0,1,17,4,40,0
1990,47,2,0,0,0,1,17,4,40,0
1990,46,1,0,0,0,1,25,4,40,0
1990,35,2,0,0,0,1,0,0,0,0
1990,76,2,3,0,0,0,0,0,0,0
1990,48,1,0,0,0,0,17,3,48,0
1990,47,2,0,0,0,1,17,3,48,0
1990,63,2,3,0,0,0,709,1,40,0
1990,34,1,0,0,0,1,229,1,40,0
1990,29,2,0,0,0,1,37,4,40,0
1990,26,1,0,0,0,0,889,1,40,0
1990,26,2,0,0,0,1,445,5,40,0
1990,64,1,0,0,0,0,453,5,20,0
1990,61,2,0,0,0,0,878,1,40,0
1990,80,2,0,0,0,0,0,0,0,0
1990,27,1,0,0,0,0,783,1,40,0
1990,28,2,0,0,0,0,385,5,40,0
1990,65,1,3,0,0,0,22,1,20,0
1990,48,1,0,0,0,1,308,1,40,0
1990,40,2,0,0,0,1,779,1,40,0
1990,64,1,0,0,0,1,178,5,50,1
1990,59,2,0,0,0,1,0,0,0,0
1990,28,1,0,0,0,0,373,1,45,0
1990,32,2,0,0,0,0,745,1,0,0
1990,53,1,0,0,2,0,567,0,40,0
1990,50,2,0,0,0,0,379,3,30,0
1990,19,2,1,0,0,0,885,3,15,0
1990,72,2,3,0,0,0,0,0,0,0
1990,35,1,0,0,0,0,259,3,50,0
1990,34,2,0,0,0,0,257,0,20,0
1990,67,2,1,0,0,0,0,0,0,0
1990,74,2,3,0,0,0,0,0,0,0
1990,52,1,0,0,0,0,259,1,0,0
1990,46,2,0,0,0,0,779,4,0,0
1990,23,1,2,0,0,0,589,3,0,0
1990,34,1,0,0,0,1,575,1,42,0
1990,24,2,0,0,0,1,436,5,32,0
1990,76,2,3,0,0,0,0,0,0,0
1990,47,1,0,0,0,0,577,2,40,0
1990,41,2,0,0,0,0,375,4,40,0
1990,19,2,1,0,0,1,785,1,36,0
1990,27,1,2,0,0,0,757,1,40,0
1990,20,2,1,0,0,0,759,1,40,0
1990,64,1,2,0,0,0,869,0,0,0
1990,21,2,1,0,0,1,376,4,30,0
1990,50,2,3,0,0,0,686,1,25,0
1990,66,1,0,0,0,0,804,3,40,0
1990,66,2,0,0,0,0,0,0,0,0
1990,40,1,0,0,0,0,637,1,40,0
1990,40,2,0,0,0,0,155,5,36,0
1990,31,1,0,0,0,0,759,1,45,0
1990,25,2,0,0,0,0,0,0,0,0
1990,43,1,0,0,0,0,213,4,45,0
1990,41,2,0,0,0,0,376,4,35,0
1990,18,2,1,0,0,0,276,3,20,0
1990,35,1,0,0,0,0,785,1,40,0
1990,32,2,0,0,0,0,435,3,50,0
1990,40,2,3,0,0,1,447,5,25,0
1990,36,1,0,0,0,0,777,1,46,0
1990,34,2,0,0,0,0,754,1,35,0
1990,36,1,0,0,0,0,777,1,40,0
1990,35,2,0,0,0,0,769,1,40,0
1990,26,1,1,0,0,1,777,1,50,0
1990,60,1,0,0,0,0,323,5,40,0
1990,57,2,0,0,0,0,174,5,40,0
1990,26,1,0,0,0,0,779,1,40,0
1990,26,2,0,0,0,0,774,4,40,0
1990,45,2,2,0,0,1,243,3,8,0
1990,27,1,2,0,0,0,777,1,40,0
1990,39,1,0,0,0,1,8,4,55,1
1990,39,2,0,0,0,1,156,5,0,0
1990,40,1,0,0,0,0,754,1,40,0
1990,36,2,0,0,0,0,436,5,25,0
1990,34,1,0,0,0,1,22,1,55,1
1990,31,2,0,0,0,1,95,5,20,0
1990,36,1,0,0,0,1,804,3,27,0
1990,28,2,0,0,0,1,21,5,40,0
1990,47,2,2,0,0,1,156,5,5,0
1990,51,1,0,0,0,1,19,4,50,0
1990,51,2,0,0,0,0,313,5,40,0
1990,38,1,0,0,0,1,178,5,50,1
1990,37,2,0,0,0,1,158,5,40,0
1990,50,1,0,0,0,0,777,1,40,0
1990,47,2,0,0,0,0,453,4,0,0
1990,18,2,1,0,0,0,0,0,0,0
1990,49,1,2,0,0,1,156,5,38,0
1990,23,2,1,0,0,0,779,1,40,0
1990,29,1,1,0,0,1,157,5,40,0
1990,26,1,1,0,0,0,453,6,40,0
1990,54,1,0,0,0,1,486,5,40,0
1990,56,2,0,0,1,1,194,4,48,0
1990,25,1,0,0,0,0,696,1,40,0
1990,29,2,0,0,0,0,356,5,38,0
1990,40,1,0,0,0,0,779,1,48,0
1990,50,2,0,0,0,0,0,0,0,0
1990,24,2,1,0,0,1,253,4,40,0
1990,30,2,1,0,0,1,22,2,40,0
1990,48,1,0,0,0,0,579,0,40,0
1990,46,2,0,0,0,0,888,3,24,0
1990,55,1,0,0,0,1,473,0,99,0
1990,47,2,0,0,0,0,274,3,8,0
1990,64,1,0,0,0,0,889,2,40,0
1990,63,2,0,0,0,0,436,3,20,0
1990,56,1,3,0,0,0,243,3,65,0
1990,32,1,0,0,0,1,479,0,60,0
1990,31,2,0,0,0,0,316,4,28,0
1990,33,1,3,0,0,1,455,4,50,0
1990,57,1,0,0,0,1,22,3,60,0
1990,50,2,0,0,0,0,337,3,20,0
1990,20,1,1,0,0,0,804,3,40,0
1990,44,1,0,0,0,0,804,3,49,0
1990,43,2,0,0,0,0,379,3,27,0
1990,46,1,0,0,0,1,255,4,40,0
1990,41,2,0,0,0,1,174,5,65,0
1990,27,1,0,0,0,0,364,1,44,0
1990,32,2,0,0,0,1,229,4,25,0
1990,39,1,0,0,0,1,274,3,50,0
1990,40,2,0,0,0,1,95,5,50,0
1990,52,1,0,0,0,0,544,1,45,0
1990,58,2,0,0,2,0,0,0,0,0
1990,56,1,0,0,0,0,705,1,40,0
1990,48,2,0,0,0,0,785,1,40,0
1990,28,1,1,1,0,0,579,0,40,0
1990,23,2,1,0,0,1,267,3,30,0
1990,20,2,1,0,0,1,453,3,30,0
1990,23,1,1,0,0,1,883,2,30,0
1990,21,2,1,0,0,1,216,5,40,0
1990,30,1,2,0,0,0,628,1,50,0
1990,28,2,1,0,0,0,385,1,40,0
1990,63,1,2,0,0,0,0,0,0,0
1990,65,1,0,0,0,0,813,6,0,0
1990,64,2,0,0,0,0,0,0,0,0
1990,63,2,2,3,0,1,379,3,8,0
1990,36,2,2,0,0,0,889,1,40,0
1990,52,1,0,0,0,0,804,1,60,0
1990,50,2,0,0,0,0,447,5,36,0
1990,20,1,1,0,0,1,199,5,40,0
1990,24,1,1,0,0,1,235,3,48,0
1990,33,1,0,0,0,0,565,0,40,0
1990,32,2,0,0,0,1,174,5,32,0
1990,23,2,1,0,0,1,313,5,40,0
1990,37,1,0,0,0,1,259,3,55,0
1990,31,2,0,0,0,1,348,5,21,0
1990,30,1,1,0,0,0,453,5,40,0
1990,19,2,1,0,0,0,453,3,30,0
1990,42,1,1,0,0,0,274,3,3,0
1990,52,1,2,0,0,0,22,4,45,0
1990,45,2,2,0,0,0,779,1,50,0
1990,41,1,3,0,0,0,777,1,62,0
1990,71,1,0,0,0,0,0,0,0,0
1990,65,2,0,0,0,0,779,1,0,0
1990,57,1,0,0,0,0,567,0,30,0
1990,56,2,0,0,0,0,579,0,40,0
1990,35,1,0,0,0,0,889,3,60,0
1990,34,2,0,0,0,0,436,3,4,0
1990,31,2,3,0,0,0,0,0,0,0
1990,72,2,1,0,0,0,0,0,0,0
1990,77,1,1,0,0,0,453,1,30,0
1990,50,1,1,0,0,1,174,5,40,0
1990,61,1,3,0,0,1,243,3,30,0
1990,19,2,1,0,0,0,435,3,25,0
1990,37,1,0,0,0,1,22,5,40,0
1990,36,2,0,0,0,0,434,5,60,0
1990,67,1,0,0,0,0,426,5,35,0
1990,71,2,0,0,0,0,317,4,0,0
1990,39,1,0,0,0,0,696,1,40,0
1990,51,2,0,0,0,0,337,6,37,0
1990,59,2,3,0,0,0,703,1,40,0
1990,69,2,1,0,0,0,0,0,0,0
1990,26,1,0,0,0,0,856,1,40,0
1990,24,2,0,0,0,0,308,4,40,0
1990,35,1,0,0,0,0,785,1,40,0
1990,35,2,0,0,0,0,447,5,40,0
1990,35,1,0,0,0,1,473,0,80,0
1990,26,2,0,0,0,0,319,5,40,0
1990,36,1,0,0,0,0,754,1,42,0
1990,39,2,0,0,0,1,229,6,37,0
1990,40,2,2,1,0,1,313,5,40,0
1990,57,1,0,0,0,0,534,0,30,0
1990,52,2,0,0,0,0,436,3,35,0
1990,19,1,1,0,0,1,453,5,30,0
1990,18,2,1,0,0,0,444,3,20,0
1990,56,1,0,0,0,0,785,1,40,0
1990,40,2,0,0,0,0,796,1,40,0
1990,26,1,1,0,0,1,634,1,30,0
1990,30,2,1,0,0,1,7,3,50,0
1990,75,2,3,0,0,0,0,0,0,0
1990,41,1,0,0,0,1,418,6,40,0
1990,41,2,0,0,0,0,263,3,40,0
1990,19,2,1,0,0,0,276,5,35,0
1990,31,1,0,0,0,0,869,0,42,0
1990,25,2,0,0,0,0,383,4,40,0
1990,35,1,0,0,0,1,779,1,50,0
1990,32,2,0,0,0,1,355,2,40,0
1990,45,1,0,0,0,0,844,0,40,0
1990,45,2,0,0,0,1,785,1,40,0
1990,30,1,0,0,1,1,777,1,40,0
1990,35,2,0,0,1,0,0,0,0,0
1990,32,1,0,0,0,0,22,0,80,0
1990,33,2,0,0,0,0,473,0,28,0
1990,35,1,0,0,0,0,785,1,70,0
1990,32,2,0,0,0,0,808,2,20,0
1990,56,1,0,0,2,1,258,1,40,0
1990,54,2,0,0,2,1,243,3,35,0
1990,52,1,0,0,0,0,628,2,50,1
1990,50,2,0,0,0,1,95,5,28,0
1990,25,2,1,0,0,1,313,4,40,0
1990,22,2,1,0,0,0,383,4,40,0
1990,20,1,3,0,0,0,566,3,40,0
1990,31,1,0,0,0,0,844,0,48,0
1990,27,2,0,0,0,0,25,1,20,0
1990,42,1,0,0,0,0,243,3,42,0
1990,42,2,0,0,0,0,274,3,45,0
1990,19,1,1,0,0,0,877,3,15,0
1990,65,2,3,0,0,0,468,5,3,0
1990,41,2,2,0,0,0,319,5,40,0
1990,19,1,1,0,0,1,265,3,20,0
1990,36,2,1,0,0,1,424,6,40,0
1990,32,2,2,0,0,1,313,5,37,0
1990,69,1,0,0,0,1,634,1,0,0
1990,69,2,0,0,0,0,0,0,0,0
1990,61,1,0,0,0,1,89,5,30,1
1990,67,2,0,0,0,0,0,0,0,0
1990,58,1,2,0,0,1,376,1,46,1
1990,40,1,0,0,0,0,507,1,40,0
1990,40,2,0,0,0,0,383,4,40,0
1990,18,1,1,0,0,0,567,0,40,0
1990,54,1,0,0,0,1,27,1,40,0
1990,53,2,0,0,0,0,889,1,40,0
1990,35,2,3,0,0,1,0,0,0,0
1990,59,1,0,0,0,0,453,1,40,0
1990,55,2,0,0,0,0,0,0,0,0
1990,66,1,0,0,0,0,0,0,0,0
1990,69,2,0,0,0,0,0,0,0,0
1990,31,1,0,0,0,0,549,1,40,0
1990,29,2,0,0,0,0,779,1,0,0
1990,39,1,0,0,0,1,243,3,40,0
1990,40,2,0,0,0,1,305,6,40,0
1990,80,1,3,0,0,0,243,3,20,0
1990,77,2,1,0,0,1,0,0,0,0
1990,59,2,3,0,0,0,374,2,0,0
1990,71,1,0,0,0,0,0,0,0,0
1990,71,2,0,0,0,1,0,0,0,0
1990,35,1,0,0,0,1,95,5,64,0
1990,42,2,0,0,0,1,447,5,25,0
1990,66,2,3,0,0,0,0,0,0,0
1990,44,1,0,0,0,1,303,5,40,0
1990,43,2,0,0,0,1,15,5,40,0
1990,60,1,0,0,0,0,637,2,40,0
1990,58,2,0,0,0,1,95,5,40,0
1990,35,1,2,0,0,1,435,4,0,0
1990,65,2,3,0,0,1,0,0,0,0
1990,78,1,0,0,2,1,0,0,0,0
1990,76,2,0,0,0,0,0,0,0,0
1990,49,1,3,0,0,0,769,0,40,0
1990,68,1,3,0,0,0,518,1,0,0
1990,27,1,0,0,0,0,558,0,45,0
1990,31,2,0,3,3,0,686,1,45,0
1990,70,1,3,0,0,0,496,1,25,0
1990,37,1,0,0,0,0,783,1,40,0
1990,31,2,0,0,0,0,628,1,48,0
1990,39,1,0,0,0,0,783,1,40,0
1990,37,2,0,0,0,0,256,2,32,0
1990,35,1,0,0,0,0,473,0,95,0
1990,35,2,0,0,0,1,473,0,75,0
1990,62,1,0,0,0,0,804,2,60,0
1990,63,2,0,0,0,0,0,0,0,0
1990,28,2,1,0,0,1,185,1,40,0
1990,49,1,0,0,0,0,649,3,40,0
1990,32,2,0,0,0,1,796,1,48,0
1990,50,1,0,0,0,1,22,1,50,1
1990,44,2,0,0,0,0,254,4,40,0
1990,67,1,0,0,0,0,0,0,0,0
1990,56,2,0,0,0,1,447,5,32,0
1990,72,2,3,0,0,0,208,5,0,0
1990,28,1,0,0,0,1,785,1,40,0
1990,23,2,0,0,0,0,17,3,48,0
1990,32,1,0,0,0,0,259,3,91,0
1990,29,2,0,0,0,0,447,5,40,0
1990,18,1,1,0,0,0,804,3,40,0
1990,38,1,0,0,0,0,856,1,45,0
1990,37,2,0,0,0,0,453,6,38,0
1990,18,2,1,0,0,0,435,3,0,0
1990,60,1,0,0,0,0,475,0,56,1
1990,50,2,0,0,0,0,808,5,30,0
1990,20,1,1,0,0,1,877,3,40,0
1990,19,1,1,0,0,1,365,3,20,0
1990,46,1,0,0,0,0,628,1,40,0
1990,45,2,0,0,0,0,734,1,40,0
1990,68,1,3,0,0,0,0,0,0,0
1990,54,2,2,0,0,0,313,5,25,0
1990,33,1,0,0,0,0,779,1,48,0
1990,29,2,0,0,0,0,779,1,48,0
1990,62,2,3,0,0,0,0,0,0,0
1990,31,2,1,0,0,0,754,1,40,0
1990,31,2,1,0,0,1,365,1,40,0
1990,26,1,1,0,0,0,777,4,60,0
1990,61,2,2,0,0,0,449,5,40,0
1990,38,1,0,0,0,1,263,3,50,0
1990,35,2,0,0,0,1,156,5,30,0
1990,62,1,0,0,0,0,475,0,48,0
1990,64,2,0,0,0,0,0,0,0,0
1990,34,2,2,0,0,1,256,1,40,0
1990,68,1,0,0,0,0,0,0,0,0
1990,62,2,0,0,0,1,0,0,0,0
1990,42,1,0,0,0,0,628,1,40,0
1990,42,2,0,0,0,0,0,0,0,0
1990,30,1,0,0,0,1,585,0,50,0
1990,30,2,0,0,0,0,585,0,0,0
1990,38,1,2,0,0,0,686,3,40,0
1990,62,1,0,0,0,0,503,3,20,0
1990,59,2,0,3,0,0,447,5,0,0
1990,72,2,3,0,0,0,0,0,0,0
1990,70,2,3,0,0,1,0,0,0,0
1990,75,1,0,0,0,0,0,0,0,0
1990,74,2,0,0,0,1,0,0,0,0
1990,52,1,2,3,0,0,436,3,84,0
1990,18,2,1,3,0,0,0,0,0,0
1990,69,1,0,0,0,0,453,5,20,0
1990,70,2,0,0,0,0,0,0,0,0
1990,40,1,2,0,0,0,0,0,0,0
1990,27,1,0,0,0,0,783,0,45,0
1990,25,2,0,0,0,0,276,3,40,0
1990,63,1,0,0,0,0,17,3,70,1
1990,63,2,0,0,0,0,0,0,0,0
1990,38,1,1,0,0,0,686,3,40,0
1990,39,1,0,0,0,0,259,1,42,0
1990,37,2,0,0,0,0,337,3,40,0
1990,18,1,1,0,0,0,517,1,15,0
1990,18,1,1,0,0,0,475,0,30,0
1990,27,1,0,0,0,1,783,1,45,0
1990,26,2,0,0,0,0,435,3,45,0
1990,33,2,0,0,0,0,335,3,40,0
1990,35,1,0,0,0,1,797,4,40,0
1990,55,1,0,3,0,0,496,1,40,0
1990,47,2,0,3,0,0,0,0,0,0
1990,48,1,0,3,0,0,418,6,40,0
1990,45,2,0,3,0,0,468,5,40,0
1990,63,1,2,3,0,0,0,0,0,0
1990,39,1,0,0,0,0,883,1,40,0
1990,31,2,0,0,0,0,877,1,40,0
1990,69,1,0,0,0,0,0,0,0,0
1990,71,2,0,0,0,0,0,0,0,0
1990,29,2,2,0,0,1,235,1,40,0
1990,76,1,3,0,0,0,0,0,0,0
1990,69,1,3,0,2,0,0,0,0,0
1990,64,1,3,0,0,0,243,3,0,0
1990,56,2,3,0,0,0,274,5,0,0
1990,55,1,0,0,0,0,0,0,0,0
1990,48,2,0,0,0,0,276,3,44,0
1990,29,1,1,0,0,1,23,4,40,0
1990,62,1,2,0,0,0,0,0,0,0
1990,24,1,1,0,0,0,869,0,50,0
1990,68,1,0,0,0,0,0,0,0,0
1990,57,2,0,0,0,0,0,0,0,0
1990,37,1,1,0,0,0,0,0,0,0
1990,33,2,1,0,0,0,729,1,40,0
1990,51,1,0,0,0,1,337,6,48,0
1990,51,2,0,3,0,0,0,0,0,0
1990,38,1,0,0,0,0,364,1,45,0
1990,37,2,0,0,0,0,785,3,0,0
1990,67,1,0,0,0,0,457,4,24,0
1990,61,2,0,0,0,0,283,3,14,0
1990,62,1,0,0,0,0,355,2,40,0
1990,54,2,0,0,0,1,156,5,40,0
1990,23,2,1,0,0,1,156,5,40,0
1990,50,1,0,0,0,0,473,0,99,0
1990,47,2,0,0,0,1,473,0,45,0
1990,33,1,0,0,0,0,453,5,40,0
1990,29,2,0,0,0,1,243,3,45,0
1990,31,1,0,0,0,0,783,4,48,0
1990,28,2,0,0,0,0,383,4,40,0
1990,45,1,0,0,0,0,567,0,40,0
1990,42,2,0,0,0,0,449,5,20,0
1990,19,2,1,0,0,1,313,5,30,0
1990,64,1,0,0,0,0,889,1,0,0
1990,55,2,0,0,0,0,889,1,40,0
1990,29,2,1,0,0,0,379,1,40,0
1990,37,1,1,0,0,0,473,0,40,0
1990,75,1,0,0,0,0,0,0,0,0
1990,74,2,0,0,0,0,0,0,0,0
1990,49,1,0,0,0,0,243,3,54,0
1990,41,2,0,0,0,0,243,3,40,0
1990,26,1,1,0,0,0,518,1,54,0
1990,27,2,0,0,0,1,156,5,20,0
1990,29,1,0,0,0,1,628,1,47,0
1990,20,2,1,0,0,1,225,5,15,0
1990,19,1,1,0,0,1,499,6,32,0
1990,80,1,0,0,0,0,473,0,40,0
1990,64,2,0,0,0,0,447,5,40,0
1990,42,1,1,0,0,0,22,5,50,0
1990,63,1,0,0,0,0,689,2,0,0
1990,60,2,0,0,0,0,433,3,40,0
1990,29,1,0,0,0,1,253,4,55,0
1990,20,2,0,0,0,1,389,4,40,0
1990,46,1,0,0,0,1,7,1,45,1
1990,47,2,0,0,0,0,0,0,0,0
1990,60,1,0,0,0,1,27,4,40,0
1990,56,2,0,0,0,1,313,4,37,0
1990,20,1,1,0,0,1,804,3,15,0
1990,26,2,1,0,0,1,185,1,40,0
1990,26,1,1,0,0,1,198,2,8,0
1990,56,1,0,0,0,0,527,2,40,0
1990,54,2,0,0,0,0,0,0,0,0
1990,75,2,3,0,0,1,0,0,0,0
1990,54,1,0,0,0,0,253,4,50,0
1990,50,2,0,0,0,0,313,4,35,0
1990,77,1,2,0,0,1,0,0,0,0
1990,55,2,2,3,3,1,799,1,40,0
1990,47,2,2,0,0,0,785,1,40,0
1990,39,1,0,0,0,1,59,1,47,0
1990,25,2,0,0,0,1,376,1,43,0
1990,33,1,0,0,0,1,575,0,10,0
1990,32,2,0,0,0,1,95,5,25,0
1990,32,1,0,0,0,1,889,1,45,0
1990,29,2,0,0,0,1,389,1,40,0
1990,32,1,0,0,0,1,544,1,40,0
1990,31,2,0,0,0,1,389,5,40,0
1990,42,1,0,0,0,0,447,5,40,0
1990,38,2,0,0,0,0,447,5,15,0
1990,18,2,1,0,0,0,0,0,0,0
1990,67,2,3,0,0,0,0,0,0,0
1990,70,2,3,0,0,0,0,0,0,0
1990,63,2,2,0,0,0,0,0,0,0
1990,59,1,0,0,0,1,15,5,70,1
1990,59,2,0,0,0,1,95,5,16,0
1990,76,1,0,0,0,1,0,0,0,0
1990,75,2,0,0,0,0,0,0,0,0
1990,49,2,0,0,0,0,436,3,40,0
1990,52,1,0,0,0,1,469,3,20,0
1990,66,1,3,0,0,0,595,0,15,0
1990,25,1,1,0,0,0,856,1,40,0
1990,21,1,1,0,0,0,505,3,40,0
1990,29,1,1,0,0,0,777,1,40,0
1990,37,1,0,0,0,0,758,1,48,0
1990,38,2,0,0,0,1,0,0,0,0
1990,78,2,3,0,0,0,0,0,0,0
1990,76,1,0,0,0,0,0,0,0,0
1990,70,2,0,0,0,0,0,0,0,0
1990,69,1,0,0,0,0,0,0,0,0
1990,67,2,0,0,0,0,0,0,0,0
1990,37,2,1,0,0,1,348,2,40,0
1990,31,2,1,0,0,1,458,4,24,0
1990,75,2,3,0,0,0,0,0,0,0
1990,40,1,1,0,0,0,889,1,40,0
1990,42,1,0,0,0,1,777,1,48,0
1990,35,2,0,0,0,0,276,3,0,0
1990,52,2,3,3,3,0,0,0,0,0
1990,22,1,1,3,3,0,785,5,0,0
1990,51,1,0,0,0,1,375,4,45,0
1990,47,2,0,0,0,1,206,5,40,0
1990,18,2,1,0,0,1,435,3,13,0
1990,65,1,0,0,0,0,579,1,0,0
1990,61,2,0,0,0,0,0,0,0,0
1990,67,2,3,0,0,0,0,0,0,0
1990,55,1,0,0,0,0,759,3,40,0
1990,54,2,0,0,0,0,337,5,8,0
1990,23,2,1,0,0,1,315,4,40,0
1990,49,1,0,0,0,0,22,1,50,1
1990,46,2,0,0,0,0,453,4,20,0
1990,21,1,1,0,0,1,637,1,40,0
1990,18,1,1,0,0,0,0,0,0,0
1990,36,1,0,0,0,0,785,1,40,0
1990,29,2,0,0,0,1,217,1,24,0
1990,23,1,1,0,0,1,25,4,45,0
1990,43,1,0,0,0,0,785,1,45,0
1990,42,2,0,0,0,0,339,1,0,0
1990,19,2,1,0,0,1,276,3,16,0
1990,48,1,0,0,0,0,777,1,0,0
1990,48,2,0,0,0,0,0,0,0,0
1990,78,2,3,0,0,0,0,0,0,0
1990,49,1,0,0,0,0,189,1,40,0
1990,44,2,0,0,0,0,785,1,25,0
1990,22,1,1,0,0,0,365,3,40,0
1990,52,1,0,0,0,0,503,0,42,0
1990,49,2,0,0,0,0,453,5,17,0
1990,26,1,2,0,0,0,505,3,45,0
1990,20,1,1,0,0,0,365,3,60,0
1990,35,1,0,0,0,0,783,1,40,0
1990,31,2,0,0,0,1,888,3,30,0
1990,32,1,0,0,0,1,734,1,40,0
1990,30,2,0,0,0,1,104,5,40,0
1990,52,1,3,0,0,0,779,1,40,0
1990,32,1,0,0,0,0,473,0,70,0
1990,32,2,0,0,0,1,253,4,37,0
1990,45,2,1,0,0,1,16,2,40,0
1990,29,1,0,0,0,0,505,4,40,0
1990,29,2,0,0,0,0,446,5,40,0
1990,72,1,0,0,0,0,0,0,0,0
1990,73,2,0,0,0,0,0,0,0,0
1990,74,1,0,0,0,0,0,0,0,0
1990,71,2,0,0,0,0,0,0,0,0
1990,60,1,0,0,0,0,496,1,50,0
1990,52,2,0,0,0,0,473,0,56,0
1990,23,2,1,0,0,1,447,5,20,0
1990,25,1,1,0,0,0,0,0,0,0
1990,22,1,1,0,0,0,494,1,55,0
1990,65,1,0,0,0,0,259,3,0,0
1990,61,2,0,0,0,0,0,0,0,0
1990,75,2,3,0,0,1,426,1,16,0
1990,23,1,1,0,0,0,756,1,80,0
1990,52,1,0,0,0,0,274,3,40,0
1990,47,2,0,0,0,0,447,5,32,0
1990,62,1,0,0,0,1,84,5,50,1
1990,52,2,0,0,0,1,137,5,5,0
1990,34,1,0,0,0,0,473,0,48,0
1990,34,2,0,0,0,1,473,0,40,0
1990,45,1,0,0,0,1,22,1,60,1
1990,40,2,0,0,0,1,156,5,12,0
1990,22,2,1,0,0,0,276,3,40,0
1990,22,1,1,0,0,0,783,1,40,0
1990,77,2,3,0,0,0,436,5,0,0
1990,39,1,0,0,0,0,213,4,40,0
1990,37,2,0,0,0,0,0,0,0,0
1990,73,1,0,0,0,0,0,0,0,0
1990,72,2,0,0,0,0,0,0,0,0
1990,36,1,2,0,0,0,869,0,40,0
1990,35,1,1,0,0,0,473,0,60,0
1990,33,1,1,0,0,0,869,0,36,0
1990,31,1,1,0,0,0,869,0,36,0
1990,28,2,1,0,0,0,888,1,40,0
1990,28,2,1,0,0,0,888,1,45,0
1990,36,1,1,0,0,0,804,3,99,0
1990,51,1,0,0,0,0,22,0,50,0
1990,49,2,0,0,0,1,337,0,40,0
1990,36,1,1,0,0,0,0,0,0,0
1990,51,1,2,0,0,1,575,1,40,0
1990,65,2,1,0,0,1,243,4,0,1
1990,27,2,1,0,0,1,156,5,50,0
1990,23,2,1,0,0,1,159,5,45,0
1990,51,1,0,0,0,0,653,1,40,0
1990,49,2,0,0,0,0,466,5,40,0
1990,20,2,1,0,0,0,379,3,20,0
1990,55,1,0,0,0,0,804,1,55,1
1990,56,2,0,0,0,0,0,0,0,0
1990,27,2,2,0,0,1,435,3,30,0
1990,38,1,0,0,0,1,628,1,52,1
1990,36,2,0,0,0,0,479,0,0,0
1990,45,1,0,0,0,0,473,0,70,0
1990,37,2,0,0,0,0,479,0,75,0
1990,69,1,0,0,0,1,479,0,60,0
1990,70,2,0,0,0,1,479,0,32,0
1990,56,1,0,0,0,1,33,1,40,0
1990,53,2,0,0,0,0,447,5,40,0
1990,22,1,0,0,0,0,496,1,40,0
1990,21,2,0,0,0,1,329,5,48,0
1990,34,1,0,0,0,0,447,5,40,0
1990,27,2,0,0,0,0,276,3,40,0
1990,36,1,0,0,0,1,14,5,45,0
1990,35,2,0,0,0,1,95,5,0,0
1990,42,1,0,0,0,0,453,5,70,0
1990,44,2,0,0,0,1,453,4,70,0
1990,49,2,3,0,0,0,436,4,20,0
1990,18,1,1,0,0,0,877,3,30,0
1990,36,2,0,0,0,1,337,5,75,0
1990,38,1,0,0,0,1,274,3,45,0
1990,61,2,3,0,0,0,0,0,0,0
1990,41,1,0,0,0,0,804,2,60,0
1990,40,2,0,0,0,0,446,5,40,0
1990,18,2,1,0,0,0,276,3,20,0
1990,73,1,0,0,0,0,475,0,0,0
1990,65,2,0,0,0,0,0,0,0,0
1990,25,1,1,0,0,0,785,1,40,0
1990,19,2,1,0,0,0,883,2,20,0
1990,34,1,2,0,0,0,56,1,40,0
1990,80,1,3,0,0,0,0,0,0,0
1990,52,1,0,0,0,0,473,0,80,0
1990,46,2,0,0,0,1,473,0,40,0
1990,40,1,0,0,0,1,567,0,40,0
1990,30,2,0,0,0,1,95,5,35,0
1990,18,2,1,0,0,0,0,0,0,0
1990,75,1,3,0,0,0,0,0,0,0
1990,40,2,0,0,0,0,0,0,0,0
1990,42,1,0,0,0,0,804,2,0,0
1990,62,2,3,0,0,1,329,5,0,0
1990,69,1,2,0,0,0,0,0,0,0
1990,64,1,0,0,1,0,436,2,28,0
1990,62,2,0,0,0,0,0,0,0,0
1990,61,1,0,0,0,0,0,0,0,0
1990,63,2,0,0,0,0,154,5,40,0
1990,59,1,0,0,0,0,824,2,40,0
1990,54,2,0,0,0,1,315,5,0,0
1990,77,1,0,0,0,1,473,0,0,0
1990,78,2,0,0,0,0,185,1,0,0
1990,52,2,3,0,0,0,446,5,40,0
1990,22,1,1,0,0,0,785,1,40,0
1990,31,1,0,0,0,0,725,1,40,0
1990,31,2,0,0,0,1,467,5,60,0
1990,43,1,0,0,0,1,766,5,40,0
1990,37,2,0,0,0,1,0,0,0,0
1990,34,1,2,0,0,0,785,1,40,0
1990,79,2,3,0,0,0,0,0,0,0
1990,64,1,1,0,0,1,85,5,16,0
1990,35,1,0,0,0,1,22,1,40,1
1990,35,2,0,0,0,1,688,0,8,0
1990,67,1,0,0,0,0,263,3,37,0
1990,63,2,0,0,0,0,683,1,40,0
1990,20,1,1,0,0,1,877,3,17,0
1990,68,1,0,0,0,1,365,4,20,0
1990,67,2,0,0,0,1,909,6,0,0
1990,41,2,2,0,0,0,796,1,40,0
1990,19,2,1,0,0,0,337,3,21,0
1990,70,2,3,0,0,1,0,0,0,0
1990,72,1,0,0,0,1,13,0,40,0
1990,73,2,0,0,0,0,0,0,0,0
1990,27,2,2,0,0,0,435,3,15,0
1990,37,1,3,0,0,0,0,0,0,0
1990,18,1,1,0,0,1,479,0,72,0
1990,18,2,3,0,0,1,313,3,30,0
1990,68,2,3,0,0,0,337,1,20,0
1990,31,1,1,0,0,1,17,3,60,0
1990,39,2,1,0,0,1,22,5,40,0
1990,32,1,0,0,0,0,476,0,0,0
1990,43,2,0,0,0,0,748,4,15,0
1990,24,1,1,0,0,0,804,2,40,0
1990,37,1,0,0,0,0,869,0,45,0
1990,35,2,0,0,0,0,889,1,40,0
1990,41,1,0,0,0,0,599,0,40,0
1990,41,2,0,0,0,1,458,4,40,0
1990,19,1,1,0,0,0,0,0,0,0
1990,67,2,3,0,0,0,0,0,0,0
1990,37,1,0,0,0,0,355,2,36,0
1990,37,2,0,0,0,0,354,2,2,0
1990,18,1,1,0,0,0,365,3,10,0
1990,61,1,0,0,0,0,473,0,84,0
1990,58,2,0,0,0,0,473,0,36,0
1990,33,1,1,0,0,0,674,0,4,0
1990,18,1,1,0,0,1,315,3,30,0
1990,75,1,0,0,0,0,0,0,0,0
1990,70,2,0,0,0,0,0,0,0,0
1990,71,2,3,0,0,0,0,0,0,0
1990,41,1,0,0,0,1,95,5,40,0
1990,39,2,0,0,0,1,155,5,40,0
1990,46,1,0,0,0,1,259,3,60,1
1990,45,2,0,0,0,1,337,1,40,0
1990,30,2,1,0,0,1,86,0,50,0
1990,73,1,0,0,0,0,856,0,0,0
1990,71,2,0,0,0,0,0,0,0,0
1990,46,2,1,0,0,0,303,4,50,0
1990,19,1,1,0,0,1,444,3,10,0
1990,23,1,0,0,0,1,274,3,50,0
1990,21,2,0,0,0,1,276,3,30,0
1990,78,2,3,0,0,0,0,0,0,0
1990,59,1,0,0,0,1,17,3,60,1
1990,49,2,0,0,0,0,197,5,0,0
1990,28,1,1,0,0,1,328,1,50,0
1990,30,1,0,0,0,0,719,1,40,0
1990,27,2,0,0,0,1,365,1,40,0
1990,23,1,1,0,0,0,503,1,50,0
1990,27,1,1,0,0,0,547,1,45,0
1990,22,1,1,0,0,1,567,0,40,0
1990,62,1,0,0,2,1,73,1,50,1
1990,54,2,0,0,2,1,769,1,0,0
1990,55,1,0,0,0,0,22,0,40,1
1990,51,2,0,0,0,0,0,0,0,0
1990,22,1,1,0,0,0,444,3,37,0
1990,47,1,0,0,0,0,453,5,40,0
1990,46,2,0,0,0,0,436,5,40,0
1990,20,1,1,0,0,0,709,1,62,0
1990,18,1,1,0,0,0,869,0,40,0
1990,64,1,0,0,0,0,0,0,0,0
1990,61,2,0,0,0,0,0,0,0,0
1990,43,1,0,0,0,0,599,0,40,0
1990,33,2,0,0,0,1,313,5,40,0
1990,43,1,0,0,0,0,856,1,40,1
1990,41,2,0,0,0,1,436,3,20,0
1990,18,2,1,0,0,0,785,1,40,0
1990,37,1,0,0,0,1,176,5,50,0
1990,34,2,0,0,0,1,313,5,25,0
1990,40,1,0,0,0,1,156,5,40,0
1990,38,2,0,0,0,0,264,3,20,0
1990,50,1,0,0,0,0,567,0,40,0
1990,42,2,0,0,0,1,216,5,40,0
1990,26,1,0,0,0,0,243,3,40,0
1990,25,2,0,0,0,0,338,1,40,0
1990,42,1,0,0,0,0,766,1,40,0
1990,37,2,0,0,0,0,277,3,20,0
1990,46,1,0,0,0,1,7,4,40,0
1990,50,2,0,0,0,1,203,5,40,0
1990,60,1,0,0,0,1,475,0,60,0
1990,59,2,0,0,0,1,22,1,16,0
1990,30,2,1,0,0,1,475,0,75,0
1990,22,2,1,0,0,1,379,5,30,0
1990,31,2,2,0,0,0,23,5,40,0
1990,24,1,0,0,0,1,474,0,50,0
1990,23,2,0,0,0,1,157,5,40,0
1990,35,1,0,0,0,0,804,3,60,0
1990,34,2,0,0,0,0,769,1,40,0
1990,57,2,3,0,0,0,436,5,30,0
1990,22,2,1,0,0,1,313,5,40,0
1990,25,1,0,0,0,1,59,1,42,0
1990,29,2,0,0,0,0,383,4,40,0
1990,70,1,0,0,0,0,0,0,0,0
1990,65,2,0,0,0,0,444,3,0,0
1990,34,2,0,0,0,0,888,3,40,0
1990,31,1,0,0,0,0,637,1,47,0
1990,38,1,0,0,0,1,13,0,60,0
1990,36,2,0,0,0,1,779,1,40,0
1990,52,1,0,0,0,0,473,0,72,0
1990,54,2,0,0,0,0,473,0,50,0
1990,18,1,1,0,0,0,889,0,20,0
1990,45,1,0,0,0,1,503,2,50,0
1990,46,2,0,0,0,1,204,5,32,0
1990,53,1,1,0,0,0,0,0,0,0
1990,23,2,1,0,0,1,156,5,35,0
1990,23,2,1,0,0,1,156,5,0,0
1990,69,1,0,0,0,0,783,1,32,0
1990,64,2,0,0,0,0,407,4,18,0
1990,45,1,0,0,0,0,518,1,45,0
1990,46,2,0,0,0,0,339,5,40,0
1990,20,1,1,0,0,0,514,4,0,0
1990,61,1,0,0,0,0,783,1,32,0
1990,55,2,0,0,0,0,0,0,0,0
1990,18,2,1,0,0,1,276,3,28,0
1990,63,1,0,0,0,0,337,0,60,0
1990,63,2,0,0,0,0,0,0,0,0
1990,33,1,1,0,0,1,354,2,65,0
1990,69,1,0,0,0,0,567,0,30,0
1990,58,2,0,0,0,1,469,5,40,0
1990,38,1,0,0,0,1,15,5,40,1
1990,39,2,0,0,0,1,156,5,20,0
1990,50,1,0,1,0,1,218,0,50,0
1990,40,2,0,0,0,0,686,1,40,0
1990,34,1,1,0,0,1,869,0,0,0
1990,59,1,0,0,0,0,434,3,91,0
1990,55,2,0,0,0,0,724,1,40,0
1990,33,1,0,0,0,0,889,1,40,0
1990,33,2,0,0,0,0,383,4,25,0
1990,41,1,0,0,0,0,777,1,40,0
1990,44,2,0,0,0,1,253,4,22,0
1990,72,2,0,0,0,0,0,0,0,0
1990,55,1,0,0,0,0,0,0,0,0
1990,49,2,0,0,0,1,243,3,55,0
1990,46,1,0,0,0,1,157,5,40,0
1990,42,2,0,0,0,0,0,0,0,0
1990,22,1,1,0,0,1,5,6,40,0
1990,75,1,0,0,0,0,0,0,0,0
1990,66,2,0,0,0,1,0,0,0,0
1990,37,1,0,0,0,1,22,2,45,0
1990,36,2,0,0,0,1,885,3,25,0
1990,41,2,2,0,0,1,156,5,40,0
1990,26,2,1,0,0,1,275,5,0,0
1990,35,1,3,0,0,1,754,1,45,0
1990,31,2,2,3,0,1,447,5,30,0
1990,48,1,2,0,0,0,453,1,40,0
1990,50,2,2,0,0,0,686,1,40,0
1990,69,2,3,0,0,1,0,0,0,0
1990,74,2,3,0,0,1,0,0,0,0
1990,40,1,2,0,0,0,779,3,60,0
1990,61,2,2,0,0,0,436,5,40,0
1990,32,2,1,0,0,0,379,1,40,0
1990,62,1,0,0,0,0,0,0,0,0
1990,60,2,0,0,0,0,316,6,40,0
1990,33,2,3,0,0,0,479,0,25,0
1990,32,1,1,0,0,1,869,0,99,0
1990,24,1,1,0,0,0,516,0,40,0
1990,20,2,1,0,0,1,683,1,20,0
1990,73,2,3,0,0,0,276,3,12,0
1990,32,1,0,0,0,1,424,6,40,0
1990,32,2,0,0,0,0,335,6,15,0
1990,37,1,0,0,0,1,689,1,40,0
1990,37,2,0,0,0,1,95,5,20,0
1990,27,2,1,0,0,1,17,3,45,0
1990,43,1,0,0,0,0,0,0,0,0
1990,37,2,0,0,0,0,0,0,0,0
1990,43,1,0,0,0,1,637,1,40,0
1990,41,2,0,0,0,1,95,5,40,0
1990,68,1,0,0,0,0,0,0,0,1
1990,70,2,0,0,0,1,0,0,0,0
1990,51,2,0,0,0,0,446,5,25,0
1990,51,1,0,0,0,0,479,0,99,0
1990,33,1,0,0,0,0,754,1,40,0
1990,32,2,0,0,0,1,15,5,40,0
1990,74,2,3,0,0,0,0,0,0,0
1990,29,2,0,0,0,0,354,2,20,0
1990,30,1,0,0,0,0,628,1,45,0
1990,25,1,0,0,0,1,157,5,40,0
1990,24,2,0,0,0,1,389,5,40,0
1990,42,1,0,0,0,0,733,1,50,0
1990,41,2,0,0,0,0,436,1,15,0
1990,29,1,0,0,0,1,529,2,40,0
1990,28,2,0,0,0,0,337,3,20,0
1990,30,1,0,0,0,1,529,2,40,0
1990,30,2,0,0,0,1,466,5,60,0
1990,30,1,0,0,0,0,507,3,50,0
1990,32,2,0,0,0,0,313,0,29,0
1990,39,1,0,0,0,0,628,1,40,0
1990,35,2,0,0,0,0,175,5,40,0
1990,39,1,0,0,0,1,795,1,0,0
1990,38,2,0,0,0,1,156,5,0,0
1990,46,1,3,0,0,0,709,1,40,0
1990,18,1,1,0,0,0,0,0,0,0
1990,32,1,0,0,0,0,783,1,40,0
1990,35,2,0,0,0,0,337,3,45,0
1990,36,1,0,0,0,0,386,0,40,0
1990,28,2,0,0,0,0,174,5,40,0
1990,60,1,0,0,0,0,0,0,0,0
1990,58,2,0,0,0,1,156,5,0,0
1990,68,1,1,0,0,0,0,0,0,0
1990,56,1,0,0,0,1,355,2,40,1
1990,55,2,0,0,0,0,23,2,40,0
1990,27,1,1,0,0,1,785,0,50,0
1990,62,1,0,0,0,1,179,6,40,1
1990,51,2,0,0,0,0,23,4,40,0
1990,56,1,0,0,0,0,473,0,0,0
1990,51,2,0,0,0,0,0,0,0,0
1990,32,1,1,0,0,0,783,0,60,0
1990,26,2,1,0,0,1,376,1,45,0
1990,44,1,2,0,0,0,844,0,40,0
1990,38,1,0,0,0,0,503,3,50,0
1990,36,2,0,0,0,0,95,5,30,0
1990,79,2,3,0,0,0,0,0,0,0
1990,41,2,0,0,0,1,156,5,40,0
1990,40,1,0,0,0,1,156,5,40,0
1990,65,1,3,0,0,0,0,0,0,0
1990,43,1,0,0,0,1,243,3,45,0
1990,43,2,0,0,0,1,274,5,15,0
1990,80,2,0,0,0,0,0,0,0,0
1990,75,1,3,0,0,0,0,0,0,0
1990,66,1,0,0,0,0,473,0,50,0
1990,63,2,0,0,0,0,473,0,40,0
1990,23,1,1,0,0,0,473,0,40,0
1990,42,1,0,0,0,1,434,3,50,0
1990,33,2,0,0,0,1,156,5,42,0
1990,42,2,2,0,0,1,348,2,40,0
1990,54,1,0,0,0,0,808,5,12,0
1990,54,2,0,0,0,0,0,0,0,0
1990,31,2,1,0,0,0,13,1,40,0
1990,65,1,0,0,0,0,373,2,0,0
1990,63,2,0,0,0,0,0,0,0,0
1990,29,2,1,0,0,0,354,2,40,0
1990,61,1,0,0,0,0,56,1,40,0
1990,58,2,0,0,0,0,785,1,40,0
1990,71,1,1,0,0,0,0,0,0,0
1990,31,2,1,0,0,1,27,6,40,0
1990,36,2,2,3,0,1,343,4,0,0
1990,51,1,0,0,0,0,869,0,40,0
1990,53,2,0,0,0,1,22,2,40,0
1990,44,1,0,0,0,0,473,0,60,0
1990,43,2,0,0,0,0,473,0,80,0
1990,19,1,1,0,0,0,479,0,40,0
1990,32,1,1,0,0,1,363,6,40,0
1990,61,1,0,0,0,0,243,3,10,0
1990,61,2,0,0,0,1,5,6,8,0
1990,54,1,0,0,0,0,554,5,40,1
1990,67,2,0,0,0,1,0,0,0,0
1990,28,1,0,0,0,1,257,2,45,0
1990,28,2,0,0,0,1,156,5,35,0
1990,41,1,2,0,0,0,529,2,40,0
1990,29,1,0,0,0,1,235,6,60,0
1990,23,2,0,0,0,1,785,1,0,0
1990,28,1,0,0,0,0,475,0,80,0
1990,27,2,0,0,0,0,597,0,0,0
1990,32,1,0,0,0,0,473,0,99,0
1990,31,2,0,0,0,1,473,0,99,0
1990,74,2,3,0,0,0,0,0,0,0
1990,34,1,1,0,0,0,243,3,40,0
1990,45,1,2,0,0,1,418,6,40,0
1990,21,2,1,0,0,1,447,5,30,0
1990,64,1,0,0,0,0,473,0,20,0
1990,63,2,0,0,0,0,447,5,30,0
1990,32,1,0,0,0,1,87,5,47,0
1990,32,2,0,0,0,1,95,5,22,0
1990,34,1,0,0,0,0,453,5,40,0
1990,30,2,0,0,0,0,278,1,20,0
1990,73,1,0,0,0,0,473,0,20,0
1990,65,2,0,0,0,0,473,0,30,0
1990,52,1,0,0,0,1,156,5,40,1
1990,51,2,0,0,0,1,8,5,40,0
1990,19,2,1,0,0,1,449,4,36,0
1990,32,1,0,0,0,0,804,0,0,0
1990,24,2,0,0,0,0,688,3,40,0
1990,35,1,0,0,0,1,8,3,50,0
1990,34,2,0,0,0,1,208,5,24,0
1990,43,1,0,0,0,0,804,3,40,0
1990,35,2,0,0,0,1,463,2,20,0
1990,43,1,0,0,0,0,869,0,40,0
1990,44,2,0,0,0,1,319,5,41,0
1990,19,2,1,0,0,1,383,4,27,0
1990,73,1,0,0,0,0,475,0,40,0
1990,68,2,0,0,0,0,0,0,0,0
1990,29,1,0,0,0,0,473,0,60,0
1990,32,2,0,0,0,1,0,0,0,0
1990,27,1,1,0,0,0,804,2,50,0
1990,28,2,1,0,0,0,27,4,40,0
1990,45,1,0,0,0,1,84,5,45,1
1990,42,2,0,3,0,1,95,5,2,0
1990,45,1,0,0,0,0,599,0,45,0
1990,43,2,0,0,0,0,889,3,40,0
1990,46,1,2,0,0,0,877,1,40,0
1990,25,2,1,0,0,1,22,3,40,0
1990,44,1,2,0,0,1,473,0,80,0
1990,76,1,1,0,0,0,0,0,0,0
1990,47,1,0,0,0,0,804,3,45,0
1990,46,2,0,0,0,1,467,5,40,0
1990,66,2,3,0,0,1,0,0,0,0
1990,24,1,1,0,0,0,856,1,40,0
1990,48,1,0,0,0,0,558,0,10,0
1990,43,2,0,0,0,0,783,1,40,0
1990,23,1,1,0,0,0,779,1,40,0
1990,71,1,0,0,0,0,0,0,0,0
1990,66,2,0,0,0,0,435,3,0,0
1990,63,2,3,0,0,0,796,1,40,0
1990,34,2,2,0,0,0,447,5,40,0
1990,32,1,0,0,0,0,18,4,40,0
1990,31,2,0,0,0,1,456,4,13,0
1990,52,1,0,0,0,0,806,3,45,0
1990,52,2,0,0,0,0,266,3,50,0
1990,31,2,1,0,0,1,435,3,30,0
1990,73,1,0,0,0,1,0,0,0,0
1990,71,2,0,0,0,0,0,0,0,0
1990,42,1,0,0,0,0,216,0,40,0
1990,42,2,0,0,0,1,337,3,40,0
1990,37,1,0,0,0,1,22,1,40,0
1990,41,2,0,0,0,1,156,5,24,0
1990,43,1,0,0,0,1,174,6,40,0
1990,43,2,0,0,0,1,156,5,23,0
1990,21,2,1,0,0,1,315,4,40,0
1990,20,1,1,0,0,0,436,3,20,0
1990,62,2,1,0,0,0,207,5,37,0
1990,58,2,2,0,0,1,337,5,30,0
1990,52,2,1,0,0,0,809,5,37,0
1990,59,2,1,0,0,1,319,5,25,0
1990,68,2,0,0,0,0,0,0,0,0
1990,68,1,0,0,0,0,453,5,40,0
1990,34,1,0,0,0,0,473,0,70,0
1990,38,2,0,0,0,0,0,0,0,0
1990,58,1,0,0,0,0,0,0,0,0
1990,52,2,0,0,0,0,0,0,0,0
1990,42,1,1,0,0,0,475,0,60,0
1990,47,1,0,0,0,1,7,4,40,0
1990,45,2,0,0,0,0,313,5,40,0
1990,70,1,1,0,0,0,479,0,60,0
1990,56,2,1,0,0,1,479,0,50,0
1990,45,1,0,0,0,1,85,5,50,1
1990,44,2,0,0,0,1,208,2,30,0
1990,29,1,0,0,0,0,473,0,85,1
1990,28,2,0,0,0,0,0,0,0,0
1990,40,1,0,0,0,0,473,0,90,0
1990,28,2,0,0,0,1,706,1,60,0
1990,53,1,2,0,0,0,475,0,50,0
1990,47,1,0,0,0,0,783,1,40,0
1990,43,2,0,0,0,0,736,1,36,0
1990,61,2,2,0,0,0,446,5,35,0
1990,42,1,0,0,0,1,647,1,30,0
1990,37,2,0,0,0,1,13,4,40,0
1990,41,2,1,0,0,1,734,1,40,0
1990,43,1,1,0,0,0,688,1,40,0
1990,64,2,3,0,0,0,889,1,20,0
1990,78,2,3,0,0,1,0,0,0,0
1990,34,2,2,0,0,1,274,6,35,0
1990,24,2,1,0,0,1,243,3,40,0
1990,28,2,1,0,0,1,447,5,40,0
1990,19,1,0,3,3,1,387,5,4,0
1990,20,2,0,3,3,1,163,5,40,0
1990,20,1,1,0,0,1,877,4,50,0
1990,74,2,2,0,0,0,434,3,15,0
1990,40,1,0,0,0,1,22,4,45,1
1990,39,2,0,0,0,1,0,0,0,0
1990,70,1,0,0,0,1,0,0,0,0
1990,65,2,0,0,0,1,15,5,0,0
1990,29,2,2,0,0,1,95,5,45,0
1990,76,1,3,0,0,0,0,0,0,0
1990,33,1,2,0,0,1,337,4,40,0
1990,60,1,0,0,0,1,389,6,20,0
1990,64,2,0,0,0,0,0,0,0,0
1990,48,1,0,0,0,0,229,1,40,0
1990,46,2,0,0,0,0,315,6,16,0
1990,19,2,1,0,0,1,199,5,30,0
1990,28,1,0,0,0,1,17,3,40,0
1990,29,2,0,0,0,1,157,5,45,0
1990,37,2,0,0,0,1,85,5,45,1
1990,44,1,0,0,0,1,22,1,60,1
1990,18,1,1,0,0,0,453,1,12,0
1990,27,1,0,0,0,0,844,0,60,0
1990,28,2,0,0,0,1,688,3,45,0
1990,35,1,0,0,0,0,475,0,70,0
1990,42,2,0,0,0,1,313,5,30,0
1990,27,1,0,0,0,1,418,6,50,0
1990,27,2,0,0,0,1,157,5,24,0
1990,59,1,0,0,0,1,549,3,50,0
1990,60,2,0,0,0,1,156,5,50,0
1990,39,1,0,0,0,1,176,5,50,0
1990,43,2,0,0,0,1,156,5,24,0
1990,79,1,3,0,0,0,0,0,0,0
1990,57,1,0,0,0,0,853,0,40,0
1990,45,2,0,0,0,0,796,1,40,0
1990,23,1,1,0,0,0,645,1,40,0
1990,18,2,1,0,0,0,785,1,34,0
1990,42,1,0,0,0,0,243,3,40,0
1990,41,2,0,0,0,0,666,3,25,0
1990,80,2,0,0,0,0,0,0,0,0
1990,65,1,3,0,0,1,473,0,48,0
1990,34,1,0,0,0,1,256,1,40,0
1990,33,2,0,0,0,1,256,3,21,1
1990,67,1,0,0,0,0,17,3,50,0
1990,62,2,0,0,0,1,17,3,50,0
1990,53,1,0,0,0,0,637,1,53,0
1990,49,2,0,0,0,0,0,0,0,0
1990,62,2,0,0,0,0,276,3,36,0
1990,69,1,0,0,0,0,0,0,0,0
1990,67,2,3,0,0,0,0,0,0,0
1990,72,1,3,0,0,0,0,0,0,0
1990,56,2,2,0,0,0,264,3,60,0
1990,43,2,2,0,0,0,447,5,24,0
1990,38,1,0,0,0,0,806,3,50,0
1990,30,2,0,0,0,1,458,4,30,0
1990,71,1,0,0,0,0,473,0,64,0
1990,65,2,0,0,0,1,337,0,0,0
1990,39,1,0,0,0,1,628,1,40,0
1990,40,2,0,0,0,0,779,1,40,0
1990,59,1,0,0,0,0,856,1,50,0
1990,48,2,0,0,0,1,207,5,40,0
1990,37,2,0,0,0,0,37,4,40,0
1990,41,1,0,0,0,0,505,4,40,0
1990,74,2,3,0,0,0,473,0,70,0
1990,53,1,1,0,0,1,243,3,65,0
1990,37,1,0,0,0,0,779,0,70,0
1990,30,2,0,0,1,0,666,3,40,0
1990,76,1,3,0,0,0,0,0,0,0
1990,54,2,2,0,0,1,343,3,37,0
1990,29,2,2,0,0,1,22,4,24,0
1990,38,1,2,0,0,1,15,5,40,1
1990,44,1,2,0,0,1,21,5,40,1
1990,30,1,1,0,0,0,505,3,40,0
1990,75,2,0,0,0,0,0,0,0,0
1990,31,1,0,0,0,0,473,0,0,0
1990,30,2,0,0,0,1,473,0,0,0
1990,30,1,0,0,0,0,804,2,50,0
1990,28,2,0,0,0,0,447,5,20,0
1990,67,1,0,0,0,1,85,5,44,0
1990,63,2,0,0,0,1,319,5,0,0
1990,28,1,2,0,0,1,479,0,45,0
1990,24,2,2,0,0,0,785,1,40,0
1990,38,1,0,0,0,0,519,3,50,0
1990,36,2,0,0,0,0,453,5,40,0
1990,32,1,0,0,0,1,473,0,40,0
1990,34,2,0,0,0,1,156,5,60,0
1990,50,1,0,0,0,0,473,0,60,0
1990,47,2,0,0,0,1,458,3,65,0
1990,66,1,0,0,0,0,475,0,40,0
1990,66,2,0,0,0,0,313,0,17,0
1990,68,1,0,0,0,0,7,4,45,1
1990,67,2,0,0,0,0,7,4,44,0
1990,70,1,3,0,0,1,806,1,40,0
1990,31,1,0,0,0,0,804,3,40,0
1990,30,2,0,0,0,0,0,0,0,0
1990,35,1,0,0,0,0,727,1,40,0
1990,39,2,0,0,0,0,435,3,0,0
1990,21,1,1,0,0,0,453,5,8,0
1990,55,1,0,0,0,0,777,1,40,0
1990,51,2,0,0,0,0,808,2,25,0
1990,50,1,0,0,0,0,473,0,65,1
1990,47,2,0,0,0,0,473,0,60,1
1990,69,1,0,0,0,0,804,2,0,0
1990,69,2,0,0,0,0,337,2,0,0
1990,21,1,1,0,0,1,475,0,45,0
1990,19,2,1,0,0,1,748,5,40,0
1990,29,2,1,0,0,1,199,5,50,0
1990,33,1,0,0,0,0,804,3,40,0
1990,30,2,0,0,0,1,319,5,30,0
1990,68,2,3,0,0,0,436,5,40,0
1990,60,1,3,0,0,0,869,0,40,0
1990,29,1,2,0,0,0,637,1,45,1
1990,34,2,1,0,0,0,447,5,20,0
1990,48,1,0,0,0,1,156,5,40,0
1990,45,2,0,0,0,1,33,1,40,0
1990,20,1,1,0,0,1,877,3,20,0
1990,59,1,0,0,0,0,719,1,40,0
1990,46,2,0,0,0,0,0,0,0,0
1990,62,1,0,0,0,0,366,2,15,0
1990,60,2,0,0,0,0,14,5,35,0
1990,80,1,0,0,0,0,473,0,0,0
1990,74,2,0,0,0,0,436,3,13,0
1990,57,1,0,0,0,0,804,0,40,0
1990,51,2,0,0,0,1,205,5,40,0
1990,72,2,3,0,0,0,0,0,0,0
1990,55,1,0,0,0,0,473,0,55,0
1990,45,2,0,0,0,1,877,3,0,0
1990,41,1,0,0,0,1,156,5,40,0
1990,39,2,0,0,0,1,157,5,40,0
1990,74,1,1,0,0,0,0,0,0,0
1990,72,1,3,0,0,0,0,0,0,0
1990,64,1,0,0,0,0,785,1,32,0
1990,65,2,0,0,0,0,0,0,0,0
1990,66,1,0,0,0,0,5,6,40,0
1990,65,2,0,0,0,0,436,5,28,0
1990,54,1,1,0,0,0,475,0,90,0
1990,80,2,3,0,0,1,389,6,24,0
1990,53,1,0,0,0,0,779,1,40,0
1990,41,2,0,0,0,1,235,1,40,0
1990,31,1,0,0,0,1,558,0,65,0
1990,28,2,0,0,0,1,204,5,30,0
1990,64,2,3,0,0,0,453,3,28,0
1990,38,2,2,0,0,0,785,1,40,0
1990,36,2,0,0,0,0,5,6,38,0
1990,37,1,0,0,0,1,509,3,48,0
1990,62,1,0,0,0,0,0,0,0,0
1990,42,2,0,0,0,1,339,5,40,0
1990,35,1,0,0,0,0,628,1,50,0
1990,46,2,0,0,0,0,453,6,40,0
1990,57,1,0,0,0,0,274,3,50,1
1990,59,2,0,0,0,1,0,0,0,0
1990,28,1,0,0,0,0,883,1,40,0
1990,22,2,0,0,0,0,785,1,40,0
1990,76,2,3,0,0,0,337,4,0,0
1990,47,1,0,0,0,0,657,3,60,1
1990,44,2,0,0,0,0,0,0,0,0
1990,48,1,0,0,0,1,156,5,45,0
1990,43,2,0,0,0,1,159,5,25,0
1990,57,1,0,0,0,0,426,1,0,0
1990,49,2,0,0,0,1,447,5,40,0
1990,26,1,1,0,0,0,889,1,45,0
1990,32,1,1,0,0,0,727,1,56,0
1990,23,2,1,0,0,0,436,3,40,0
1990,45,1,0,0,0,1,14,5,50,0
1990,43,2,0,0,0,1,329,5,20,0
1990,72,1,0,0,0,0,0,0,0,0
1990,64,2,0,0,0,0,785,1,0,0
1990,54,1,0,0,0,1,176,5,58,0
1990,50,2,0,0,0,1,195,3,40,0
1990,22,2,1,0,0,1,335,1,5,0
1990,46,1,0,0,0,0,856,1,40,0
1990,42,2,0,0,2,0,796,1,40,0
1990,64,1,2,0,0,0,888,3,40,0
1990,35,1,1,0,0,1,0,0,0,0
1990,34,1,0,0,0,1,59,4,40,0
1990,33,2,0,0,0,1,446,5,13,0
1990,60,2,3,0,0,0,436,3,12,0
1990,30,1,1,0,0,0,505,4,0,0
1990,40,2,1,0,0,1,23,5,45,0
1990,63,2,0,0,0,0,0,0,0,0
1990,80,1,0,0,0,0,0,0,0,0
1990,29,2,1,0,0,1,243,3,35,0
1990,77,2,1,0,0,0,0,0,0,0
1990,42,1,0,0,0,1,22,2,40,1
1990,41,2,0,0,0,0,444,5,6,0
1990,33,1,0,0,0,0,563,0,0,0
1990,32,2,0,0,0,0,779,1,48,0
1990,48,1,2,0,0,1,55,5,50,0
1990,37,1,0,0,0,0,783,1,55,0
1990,36,2,0,0,0,0,777,1,40,0
1990,30,1,0,0,0,1,229,4,42,0
1990,28,2,0,0,0,1,157,5,25,0
1990,31,1,2,0,0,0,505,3,48,0
1990,30,2,1,0,0,0,327,3,44,0
1990,70,1,0,0,1,1,804,0,12,0
1990,69,2,0,0,0,0,0,0,0,0
1990,36,2,2,0,0,1,243,3,50,0
1990,30,1,0,0,0,0,473,0,80,1
1990,32,2,0,0,0,1,313,5,40,0
1990,52,1,0,0,0,1,23,3,50,0
1990,48,2,0,0,0,1,0,0,0,0
1990,69,1,0,0,0,0,785,1,0,0
1990,67,2,0,0,0,0,265,3,0,0
1990,41,1,0,0,0,0,804,2,60,0
1990,40,2,0,0,0,0,446,5,40,0
1990,30,1,0,0,0,0,567,0,40,0
1990,27,2,0,0,0,1,207,5,20,0
1990,49,2,2,0,0,0,628,1,45,0
1990,78,2,0,0,0,0,0,0,0,0
1990,70,2,3,0,0,1,0,0,0,0
1990,31,1,1,0,0,0,424,6,40,0
1990,55,1,0,0,0,0,804,2,50,0
1990,55,2,0,0,0,0,0,0,0,0
1990,21,1,1,0,0,1,567,0,0,0
1990,40,1,0,0,0,0,783,1,40,0
1990,40,2,0,0,0,1,458,4,40,0
1990,37,2,1,0,0,1,389,5,40,0
1990,63,2,3,0,0,1,95,1,0,0
1990,36,1,0,0,0,0,275,4,40,0
1990,34,2,0,0,0,1,406,4,25,0
1990,62,1,3,0,0,0,748,4,40,0
1990,32,1,0,0,0,0,877,3,60,0
1990,27,2,0,0,0,1,343,3,40,0
1990,37,2,2,0,0,1,22,2,50,0
1990,76,1,0,0,0,0,0,0,0,0
1990,73,2,0,0,0,1,0,0,0,0
1990,31,1,1,0,0,0,785,1,40,0
1990,51,1,0,0,0,0,779,1,45,0
1990,51,2,0,0,0,1,14,5,50,0
1990,19,1,1,0,0,1,869,0,35,0
1990,53,2,0,0,0,1,207,5,32,0
1990,58,1,0,0,0,0,785,1,40,0
1990,40,1,1,0,0,0,217,1,40,0
1990,32,1,0,0,0,0,473,0,48,0
1990,32,2,0,0,0,0,0,0,0,0
1990,71,1,0,0,0,0,0,0,0,0
1990,65,2,0,0,0,0,0,0,0,0
1990,28,1,1,0,0,1,479,0,40,0
1990,27,2,2,0,0,0,479,0,40,0
1990,57,1,0,0,0,0,804,1,40,0
1990,55,2,0,0,0,0,0,0,0,0
1990,30,1,1,0,0,0,779,1,40,0
1990,21,1,1,0,0,0,869,0,40,0
1990,31,2,3,0,0,1,315,5,40,0
1990,50,1,0,0,0,0,243,3,99,0
1990,52,2,0,0,0,0,0,0,0,0
1990,23,1,1,0,0,0,505,4,60,0
1990,18,1,1,0,0,0,276,3,24,0
1990,45,1,0,0,0,0,804,2,70,0
1990,46,2,0,0,0,0,885,3,45,0
1990,27,1,2,0,0,0,709,1,50,0
1990,34,2,3,0,0,0,308,1,40,0
1990,65,1,1,0,0,0,708,1,15,0
1990,51,1,0,0,0,0,354,2,45,0
1990,60,2,0,0,2,0,449,4,20,0
1990,28,1,1,0,0,0,785,1,40,0
1990,34,1,0,0,0,1,417,6,48,0
1990,29,2,0,0,0,1,463,2,40,0
1990,26,1,0,0,0,0,566,3,46,1
1990,22,2,0,0,0,0,435,3,30,0
1990,45,1,0,0,0,1,84,5,40,1
1990,45,2,0,0,0,1,0,0,0,0
1990,35,1,0,0,0,1,95,5,45,1
1990,34,2,0,0,0,1,95,5,0,0
1990,53,1,0,0,0,1,154,5,45,1
1990,52,2,0,0,0,1,27,4,30,0
1990,23,1,1,0,0,1,554,0,45,0
1990,23,1,1,0,0,1,686,3,40,0
1990,45,1,0,0,0,1,243,3,42,0
1990,45,2,0,0,0,0,22,5,38,0
1990,43,1,2,0,0,1,22,4,60,0
1990,46,1,0,0,0,1,243,3,41,1
1990,31,2,0,0,0,1,335,3,10,0
1990,60,2,3,0,0,0,0,0,0,1
1990,78,2,3,0,0,0,0,0,0,0
1990,63,1,0,0,0,1,259,1,0,0
1990,61,2,0,0,0,1,328,3,40,0
1990,35,1,2,0,0,0,379,6,40,0
1990,26,1,1,0,0,0,503,2,47,0
1990,44,1,0,0,0,1,185,3,40,1
1990,40,2,0,0,0,1,185,3,20,0
1990,39,2,2,0,0,1,23,5,40,0
1990,26,2,1,0,0,1,313,4,37,0
1990,54,1,2,0,0,0,154,5,40,0
1990,34,1,0,0,0,1,154,5,50,0
1990,41,2,0,0,0,1,386,1,10,0
1990,57,2,2,0,0,1,389,4,15,0
1990,19,2,1,0,0,0,313,0,40,0
1990,19,1,1,0,0,1,779,1,30,0
1990,32,1,0,0,0,1,199,5,70,0
1990,28,2,0,0,0,1,737,4,10,0
1990,48,1,0,0,0,1,434,3,25,0
1990,34,2,0,0,0,0,274,3,40,0
1990,56,2,2,0,0,0,0,0,0,0
1990,32,1,0,0,0,1,77,5,50,0
1990,32,2,0,0,0,1,229,1,40,0
1990,29,1,0,0,0,1,169,4,40,0
1990,31,2,0,0,0,1,86,0,45,0
1990,22,2,1,0,0,0,278,1,40,0
1990,23,2,1,0,0,1,337,4,40,0
1990,20,1,1,0,0,1,579,0,15,0
1990,42,1,0,0,0,1,447,5,40,0
1990,38,2,0,0,0,1,313,5,0,0
1990,21,1,1,0,0,1,154,5,20,0
1990,19,1,1,0,0,0,436,3,25,0
1990,40,1,0,0,0,1,178,6,40,1
1990,36,2,0,0,0,1,22,6,40,0
1990,22,1,2,0,0,0,447,5,40,0
1990,39,2,0,0,0,1,164,5,23,1
1990,38,1,0,0,0,1,243,3,40,1
1990,33,2,1,0,0,1,385,6,20,0
1990,46,1,2,0,0,1,804,2,45,0
1990,34,1,1,0,0,1,17,3,40,0
1990,31,2,0,0,0,1,329,5,38,0
1990,44,1,0,0,0,1,329,5,47,0
1990,38,1,1,0,0,0,0,0,0,0
1990,46,1,0,0,0,1,15,5,40,0
1990,42,2,0,0,0,1,207,5,26,0
1990,38,1,0,0,0,1,417,6,48,0
1990,40,2,0,0,0,1,308,5,20,0
1990,49,1,0,0,0,0,769,1,40,0
1990,43,2,0,0,0,0,197,1,58,0
1990,75,1,0,0,0,1,426,5,50,0
1990,75,2,0,0,0,0,0,0,0,0
1990,59,1,0,0,0,0,456,5,0,0
1990,54,2,0,0,0,0,0,0,0,0
1990,46,1,0,0,0,1,5,6,60,0
1990,43,2,0,0,0,0,23,5,40,0
1990,22,2,1,0,0,1,229,4,37,0
1990,21,2,1,0,0,1,328,5,35,0
1990,61,2,3,0,0,1,95,5,40,0
1990,40,1,0,0,0,1,84,5,50,1
1990,40,2,0,0,0,1,155,5,24,0
1990,78,1,0,0,0,1,23,5,15,0
1990,77,2,0,0,0,1,0,0,0,0
1990,37,1,0,0,0,1,774,4,40,0
1990,36,2,0,0,0,1,343,0,30,0
1990,44,1,0,0,0,0,25,4,65,1
1990,45,2,0,0,0,0,379,2,40,0
1990,20,2,1,0,0,1,378,5,40,0
1990,23,2,1,0,0,1,185,3,45,0
1990,29,1,1,0,0,1,156,5,50,0
1990,52,1,0,0,0,1,26,5,40,0
1990,51,2,0,0,0,1,37,5,40,0
1990,20,1,0,0,0,0,883,1,40,0
1990,20,2,0,0,0,0,447,5,0,0
1990,41,1,0,0,0,1,29,3,50,1
1990,45,2,0,0,0,1,95,5,28,0
1990,34,1,0,0,0,1,156,5,50,0
1990,35,2,0,0,0,1,156,5,50,0
1990,44,2,1,0,0,1,207,5,40,0
1990,36,1,2,0,0,0,683,1,40,0
1990,77,1,0,0,0,0,425,6,15,1
1990,69,2,0,0,0,0,0,0,0,0
1990,29,1,0,0,0,0,243,3,40,0
1990,29,2,0,0,0,1,379,3,20,0
1990,73,1,0,0,0,1,0,0,0,0
1990,70,2,0,0,0,1,0,0,0,0
1990,51,1,0,0,0,0,804,2,30,0
1990,50,2,0,0,0,0,159,5,25,0
1990,54,1,0,0,0,0,36,6,40,0
1990,55,2,0,0,0,0,379,3,40,0
1990,25,1,1,0,0,0,547,5,40,0
1990,55,1,0,0,0,0,549,3,0,0
1990,54,2,0,0,0,0,458,4,27,0
1990,19,2,1,0,0,0,446,5,40,0
1990,68,1,0,0,0,0,379,5,37,0
1990,67,2,0,0,0,1,0,0,0,0
1990,51,2,0,0,0,0,0,0,0,1
1990,62,1,0,0,0,0,473,0,10,1
1990,38,1,0,0,0,0,779,1,40,0
1990,43,2,0,0,0,0,435,3,18,0
1990,52,2,3,0,0,0,387,5,20,0
1990,18,1,1,0,0,0,804,0,50,0
1990,69,1,0,0,0,0,0,0,0,0
1990,67,2,0,0,0,0,0,0,0,0
1990,39,1,0,0,0,1,259,3,42,0
1990,36,2,0,0,0,1,5,6,40,0
1990,32,1,0,0,0,1,473,0,70,0
1990,30,2,0,0,0,1,383,4,20,0
1990,20,2,1,0,0,1,467,5,20,0
1990,40,1,0,0,0,1,13,1,50,1
1990,39,2,0,0,0,1,308,4,40,0
1990,35,1,0,0,0,0,804,2,63,0
1990,33,2,0,0,0,0,337,1,40,0
1990,39,1,0,0,0,1,183,5,60,1
1990,37,2,0,0,0,1,379,5,20,0
1990,37,1,0,0,0,0,628,1,40,0
1990,36,2,0,0,4,1,407,4,40,0
1990,40,2,3,0,0,0,447,5,40,0
1990,22,1,1,0,0,1,0,0,0,0
1990,21,2,1,0,0,0,0,0,0,0
1990,60,1,0,0,0,0,804,0,36,0
1990,61,2,0,0,0,0,453,5,25,0
1990,26,2,1,0,0,0,205,5,40,0
1990,52,1,0,0,0,1,479,0,40,0
1990,51,2,0,0,0,0,379,4,25,0
1990,20,1,1,0,0,0,883,1,40,0
1990,26,1,0,0,0,1,55,1,45,0
1990,25,2,0,0,0,1,458,4,35,0
1990,27,2,2,0,0,1,338,5,40,0
1990,33,1,2,0,0,0,567,0,40,0
1990,40,1,2,0,0,1,64,3,43,0
1990,72,1,0,0,0,1,479,0,50,0
1990,65,2,0,0,0,0,479,0,25,0
1990,48,1,2,0,0,1,628,2,44,0
1990,29,1,1,0,0,0,683,1,34,0
1990,65,1,0,0,0,0,479,0,40,0
1990,61,2,0,0,0,0,436,5,10,0
1990,22,1,1,0,0,0,653,3,40,0
1990,50,1,0,0,0,0,575,1,55,0
1990,46,2,0,0,0,0,277,3,99,0
1990,26,1,1,0,0,0,869,0,53,0
1990,53,1,0,0,0,0,889,5,40,0
1990,52,2,0,0,0,0,466,5,10,0
1990,24,1,1,0,0,1,783,1,40,0
1990,36,1,0,0,0,0,373,3,43,0
1990,32,2,0,0,0,0,379,4,50,0
1990,33,1,1,0,0,1,558,0,70,0
1990,37,1,0,0,0,1,458,4,60,0
1990,32,2,0,0,0,0,25,3,40,0
1990,33,1,2,0,0,1,25,4,50,1
1990,56,1,0,0,0,1,22,1,50,1
1990,50,2,0,0,0,1,243,1,22,0
1990,27,1,1,0,0,1,22,0,55,0
1990,32,1,0,0,0,1,229,5,45,0
1990,36,2,0,0,0,1,22,5,0,0
1990,76,2,3,0,0,0,0,0,0,0
1990,34,1,0,0,0,1,22,4,50,1
1990,32,2,0,0,0,1,204,5,18,0
1990,31,1,0,0,0,0,707,1,48,0
1990,30,2,0,0,0,0,796,4,40,0
1990,60,1,0,0,0,1,22,4,40,0
1990,57,2,0,0,0,0,435,3,8,0
1990,21,1,0,0,0,0,593,0,8,0
1990,20,2,0,0,0,0,436,4,8,0
1990,26,1,0,0,0,0,804,0,45,0
1990,25,2,0,0,0,0,313,0,45,0
1990,52,1,0,0,0,1,354,2,45,0
1990,51,2,0,0,0,1,0,0,0,0
1990,36,1,0,0,0,0,433,3,40,0
1990,31,2,0,0,0,1,276,3,42,0
1990,77,2,3,0,2,0,0,0,0,0
1990,49,1,1,0,0,0,614,0,30,0
1990,37,1,0,0,0,0,804,2,60,1
1990,27,2,0,0,0,0,337,1,40,0
1990,30,1,0,0,0,0,785,1,40,0
1990,29,2,0,0,0,1,95,5,43,0
1990,44,1,0,0,0,1,628,1,40,1
1990,42,2,0,0,0,0,785,1,40,0
1990,34,1,0,0,0,0,473,0,70,0
1990,32,2,0,0,0,1,314,4,70,1
1990,49,1,0,0,0,0,243,3,40,0
1990,47,2,0,0,0,0,319,5,20,0
1990,44,1,0,0,0,1,14,5,50,0
1990,38,2,0,0,0,1,243,4,42,0
1990,45,1,0,0,0,1,355,2,40,0
1990,41,2,0,0,0,1,154,5,2,0
1990,39,1,0,3,0,1,585,0,60,0
1990,33,2,0,0,0,0,785,1,40,0
1990,63,1,0,0,0,0,0,0,0,0
1990,61,2,0,0,0,0,435,3,0,0
1990,48,1,0,0,0,1,637,1,40,0
1990,34,2,0,0,0,0,453,3,24,0
1990,40,1,0,0,0,0,229,1,50,0
1990,40,2,0,0,0,0,445,5,16,0
1990,22,1,1,0,0,1,217,1,40,0
1990,22,1,1,0,0,0,259,3,40,0
1990,44,2,2,0,0,0,22,5,45,0
1990,32,2,1,0,0,1,22,6,40,0
1990,30,1,1,0,0,1,355,2,40,0
1990,50,1,0,0,0,1,213,1,45,0
1990,54,2,0,0,0,0,888,1,20,0
1990,36,1,1,0,0,0,535,4,25,0
1990,34,2,1,1,0,0,779,1,25,0
1990,79,1,0,0,0,0,0,0,0,0
1990,76,2,0,0,0,0,435,3,0,0
1990,77,2,3,0,0,1,0,0,0,1
1990,56,2,2,0,0,1,0,0,0,0
1990,45,2,2,1,0,0,448,4,0,0
1990,34,1,2,3,0,0,637,1,60,0
1990,31,2,1,0,0,1,156,5,40,0
1990,71,1,0,0,0,0,0,0,0,0
1990,70,2,0,0,0,0,0,0,0,0
1990,31,1,1,0,0,1,156,5,44,0
1990,68,1,0,0,0,0,0,0,0,0
1990,68,2,0,0,0,1,0,0,0,0
1990,51,1,0,0,0,0,804,2,40,0
1990,30,2,0,0,0,0,449,4,0,0
1990,47,2,3,0,0,0,315,4,40,0
1990,25,1,0,0,0,0,804,3,40,0
1990,25,2,0,0,0,0,449,5,40,0
1990,70,1,0,0,0,0,779,1,40,0
1990,63,2,0,0,0,0,0,0,0,0
1990,34,1,1,0,0,1,415,1,40,0
1990,21,1,1,0,0,1,267,3,45,0
1990,38,2,0,0,0,1,203,5,40,0
1990,40,1,0,0,0,1,747,1,45,0
1990,37,1,0,0,0,1,13,5,62,1
1990,31,2,0,0,0,0,458,4,35,0
1990,53,2,2,0,0,1,276,3,29,0
1990,38,2,3,3,1,1,154,5,16,0
1990,58,1,0,0,0,0,686,1,40,0
1990,58,2,0,0,0,0,364,1,40,0
1990,51,2,3,0,0,0,785,1,0,0
1990,48,1,0,0,0,0,359,2,40,0
1990,29,2,0,0,0,1,313,4,40,0
1990,25,1,1,0,0,0,869,0,40,0
1990,19,1,1,0,0,0,804,3,30,0
1990,32,1,0,0,0,1,597,0,40,0
1990,31,2,0,0,0,1,22,5,20,0
1990,49,1,0,0,0,0,505,1,45,1
1990,48,2,0,0,0,0,784,1,45,0
1990,19,1,1,0,0,0,453,3,25,0
1990,60,1,0,0,0,0,22,0,45,1
1990,54,2,0,0,0,0,0,0,0,0
1990,70,2,3,0,0,0,0,0,0,0
1990,44,1,3,0,0,0,804,2,65,0
1990,39,2,2,0,0,1,804,2,25,0
1990,44,1,0,0,0,1,355,2,45,0
1990,43,2,0,0,0,0,276,3,0,0
1990,28,1,0,0,0,0,637,1,50,0
1990,27,2,0,0,0,1,155,5,32,0
1990,70,1,0,0,0,1,22,6,0,0
1990,66,2,0,0,0,1,154,5,0,0
1990,26,1,1,0,0,1,547,4,40,0
1990,18,2,1,0,0,1,276,3,30,0
1990,33,1,0,3,3,1,144,5,40,0
1990,32,2,0,3,3,1,0,0,0,0
1990,57,1,3,0,0,0,0,0,0,0
1990,33,1,0,0,1,0,777,1,92,0
1990,27,2,0,0,0,0,785,4,0,0
1990,72,1,0,0,1,0,479,0,70,0
1990,53,2,0,0,1,0,479,0,0,0
1990,21,1,1,0,1,0,0,0,0,0
1990,42,1,0,0,0,1,29,3,60,0
1990,38,2,0,0,0,1,313,3,30,0
1990,79,2,3,0,0,0,0,0,0,0
1990,69,1,0,0,0,0,473,0,25,0
1990,65,2,0,0,0,0,0,0,0,0
1990,62,1,0,0,0,0,558,0,0,0
1990,57,2,0,0,0,0,0,0,0,0
1990,55,1,0,0,0,1,453,5,40,0
1990,53,2,0,0,0,0,379,4,40,0
1990,70,2,3,0,0,0,0,0,0,0
1990,29,1,0,0,0,1,263,3,60,0
1990,29,2,0,0,0,1,17,4,50,0
1990,20,1,1,0,0,1,274,3,20,0
1990,23,1,1,0,0,1,453,5,40,0
1990,22,1,1,0,0,1,486,5,40,0
1990,22,1,1,0,0,1,444,3,21,0
1990,23,1,1,0,0,1,187,2,18,0
1990,55,1,0,0,0,1,156,5,40,0
1990,40,2,0,0,0,1,313,5,40,0
1990,37,1,0,0,0,1,653,1,40,0
1990,36,2,0,0,0,0,889,1,20,0
1990,67,1,0,0,0,0,0,0,0,0
1990,76,2,0,0,0,0,0,0,0,0
1990,25,2,2,0,0,0,785,1,40,0
1990,35,1,1,0,0,1,436,3,99,0
1990,26,1,0,0,0,1,254,4,40,0
1990,30,2,0,0,0,1,435,3,37,0
1990,46,1,0,0,0,0,263,3,55,0
1990,43,2,0,0,0,0,276,3,30,0
1990,21,1,1,0,0,0,856,1,40,0
1990,20,1,1,0,0,0,785,1,40,0
1990,36,1,3,0,0,1,243,3,55,0
1990,35,1,2,0,0,1,657,3,40,0
1990,54,1,0,0,0,1,183,1,44,0
1990,51,2,0,0,0,1,156,5,45,0
1990,50,1,0,0,2,1,436,3,50,1
1990,42,2,0,0,0,1,257,4,45,0
1990,22,1,1,0,0,1,436,4,40,0
1990,68,1,0,0,0,0,704,1,40,0
1990,60,2,0,0,0,0,704,1,29,0
1990,30,1,0,0,0,0,756,1,48,0
1990,28,2,0,0,0,0,744,1,40,0
1990,78,1,3,0,0,0,0,0,0,0
1990,34,1,0,0,0,0,869,0,43,0
1990,29,2,0,0,0,1,276,3,15,0
1990,54,1,0,0,2,1,22,1,75,1
1990,50,2,0,0,2,1,259,0,52,0
1990,30,2,0,0,0,1,157,5,40,0
1990,28,1,0,0,0,0,628,1,48,0
1990,47,1,2,0,0,0,785,1,30,0
1990,25,2,1,0,0,0,0,0,0,0
1990,27,1,1,0,0,0,486,5,35,0
1990,62,1,0,0,2,1,22,1,40,0
1990,60,2,0,0,0,0,0,0,0,0
1990,33,1,0,0,0,0,274,3,50,0
1990,32,2,0,0,0,1,385,3,16,0
1990,68,1,1,0,0,0,0,0,0,0
1990,80,1,0,0,0,0,0,0,0,0
1990,74,2,0,0,0,0,0,0,0,0
1990,50,1,0,0,0,1,156,5,40,0
1990,47,2,0,0,0,1,387,5,30,0
1990,44,1,0,0,0,0,628,1,40,0
1990,44,2,0,0,0,0,779,1,40,0
1990,19,1,1,0,0,0,683,1,20,0
1990,47,1,1,0,0,0,785,1,40,0
1990,64,1,2,0,0,0,0,0,0,0
1990,74,1,2,0,0,0,0,0,0,0
1990,74,2,3,0,0,0,0,0,0,0
1990,27,2,1,1,0,0,449,5,0,0
1990,40,1,2,1,0,0,889,1,40,0
1990,25,1,0,0,0,0,757,1,40,0
1990,25,2,0,0,0,0,277,1,0,0
1990,46,2,2,0,0,1,758,1,40,0
1990,39,2,3,0,0,1,453,1,40,0
1990,26,1,1,0,2,0,575,0,40,0
1990,28,2,1,0,0,1,243,3,40,0
1990,80,2,3,0,0,1,0,0,0,0
1990,50,1,0,2,1,0,779,1,40,0
1990,34,2,0,2,1,0,909,6,0,0
1990,34,1,0,0,0,1,243,3,45,0
1990,32,2,0,0,0,1,376,4,40,0
1990,70,1,0,0,0,0,0,0,0,0
1990,62,2,0,0,0,0,0,0,0,0
1990,35,2,0,3,0,1,316,5,35,0
1990,40,1,0,0,0,1,796,1,54,0
1990,79,2,0,0,0,0,0,0,0,0
1990,23,2,1,0,0,1,235,5,40,0
1990,24,1,0,0,1,1,567,0,16,0
1990,24,2,0,0,0,1,156,5,40,0
1990,34,1,0,0,0,1,22,1,40,0
1990,35,2,0,0,0,1,0,0,0,0
1990,52,1,0,0,0,1,157,5,50,0
1990,50,2,0,0,0,1,453,3,30,0
1990,65,1,0,0,0,0,453,1,40,0
1990,61,2,0,0,0,0,0,0,0,0
1990,25,1,1,0,0,0,426,3,40,0
1990,30,1,0,0,0,1,853,0,60,1
1990,31,2,0,0,0,1,25,4,40,0
1990,49,2,0,0,0,1,156,5,40,0
1990,61,1,0,0,0,0,453,4,4,0
1990,71,1,0,0,0,0,479,0,25,0
1990,71,2,0,0,0,0,0,0,0,0
1990,34,2,2,0,0,0,637,1,40,0
1990,31,1,0,0,0,0,507,2,50,0
1990,31,2,0,0,0,0,0,0,0,0
1990,54,1,1,0,0,0,0,0,0,0
1990,34,1,0,0,0,1,229,2,40,1
1990,32,2,0,0,0,1,22,1,45,1
1990,48,1,0,0,0,0,567,0,40,0
1990,47,2,0,0,0,1,206,5,25,0
1990,19,1,1,0,0,0,268,3,20,0
1990,21,2,1,0,0,0,435,3,20,0
1990,67,1,0,0,0,1,26,2,10,0
1990,66,2,0,0,0,1,26,2,10,0
1990,41,1,0,0,0,1,13,1,40,1
1990,40,2,0,0,0,1,103,5,40,0
1990,19,2,1,0,0,1,276,3,20,0
1990,69,1,0,0,0,0,0,0,0,0
1990,63,2,0,0,0,0,0,0,0,0
1990,35,1,0,0,0,0,804,2,65,0
1990,37,2,0,0,0,0,426,1,56,0
1990,71,1,0,0,0,0,575,0,40,0
1990,75,2,0,0,0,0,0,0,0,0
1990,37,2,1,1,0,0,375,4,38,0
1990,67,1,2,0,0,0,0,0,0,0
1990,29,2,1,1,0,0,447,5,30,0
1990,31,1,2,0,0,1,628,1,40,0
1990,37,1,2,1,0,1,157,5,40,0
1990,52,1,3,3,0,0,856,1,40,0
1990,43,2,3,3,0,0,748,4,0,0
1990,36,1,0,0,0,0,637,1,40,0
1990,38,2,0,0,0,0,709,1,30,0
1990,69,1,0,0,0,1,634,1,0,0
1990,67,2,0,0,0,0,0,0,0,0
1990,23,2,1,0,0,1,56,1,55,0
1990,42,1,0,0,0,1,637,1,48,0
1990,35,2,0,0,0,1,644,1,48,0
1990,65,1,0,0,0,0,597,0,0,0
1990,66,2,0,0,0,0,0,0,0,0
1990,78,2,1,0,0,1,0,0,0,0
1990,57,1,0,0,0,1,363,1,40,0
1990,51,2,0,0,0,0,558,0,40,0
1990,23,2,1,0,0,0,466,5,35,0
1990,22,1,1,0,0,0,628,1,40,0
1990,20,1,1,0,0,0,453,4,40,0
1990,67,2,3,1,0,0,449,5,18,0
1990,76,1,0,0,0,0,0,0,0,0
1990,75,2,0,0,0,0,0,0,0,0
1990,56,1,0,0,0,0,376,3,40,0
1990,53,2,0,0,0,0,0,0,0,0
1990,22,1,1,0,0,0,885,4,45,0
1990,75,2,3,0,0,0,0,0,0,0
1990,66,1,3,0,0,0,859,1,0,0
1990,33,1,1,0,0,0,777,1,40,0
1990,66,1,0,0,0,1,84,5,60,1
1990,65,2,0,0,0,0,337,3,12,0
1990,34,1,1,0,0,0,453,3,30,0
1990,30,1,0,0,0,0,703,1,45,0
1990,20,2,0,0,0,1,446,5,40,0
1990,78,1,0,0,0,1,23,5,50,0
1990,77,2,0,0,0,1,0,0,0,0
1990,74,1,0,0,0,0,0,0,0,0
1990,70,2,0,0,0,0,0,0,0,0
1990,29,2,0,0,0,1,375,4,40,0
1990,32,1,0,0,0,0,869,0,55,0
1990,50,2,2,0,0,0,888,1,8,0
1990,19,2,1,0,0,0,383,4,40,0
1990,19,2,1,0,0,0,383,4,40,0
1990,30,1,0,0,0,0,777,1,40,0
1990,28,2,0,0,0,0,313,1,40,0
1990,31,1,1,1,4,1,84,5,64,0
1990,33,1,0,1,0,1,7,4,0,0
1990,41,2,0,1,0,1,0,0,0,0
1990,64,1,0,0,0,1,263,3,48,0
1990,64,2,0,0,0,1,264,3,25,0
1990,43,1,2,0,0,1,158,5,40,0
1990,25,1,1,0,0,1,453,3,40,0
1990,22,1,1,0,0,0,259,3,42,0
1990,56,1,0,0,0,0,274,3,70,0
1990,53,2,0,0,0,0,799,3,15,0
1990,28,1,1,0,0,1,13,5,40,0
1990,72,1,2,0,0,1,357,1,0,0
1990,26,1,0,0,0,1,253,4,45,0
1990,30,2,0,0,0,1,243,3,40,0
1990,42,2,1,0,0,1,21,5,40,0
1990,33,2,1,0,0,1,157,5,45,0
1990,75,2,3,0,0,0,0,0,0,0
1990,45,2,1,0,0,1,259,1,40,0
1990,24,1,1,0,0,1,208,5,20,0
1990,50,1,3,0,0,0,708,1,40,0
1990,48,2,0,0,0,1,313,3,40,0
1990,58,1,0,0,0,0,65,1,40,0
1990,29,2,1,0,0,1,156,5,40,0
1990,36,1,1,0,0,0,628,1,40,0
1990,37,1,0,0,0,0,888,1,40,0
1990,33,2,0,0,0,1,56,2,43,0
1990,57,1,0,0,0,0,33,5,40,0
1990,51,2,0,0,0,0,315,6,40,0
1990,23,2,1,0,0,1,804,3,35,0
1990,21,1,1,0,0,0,779,5,35,0
1990,64,1,0,0,0,0,53,0,40,1
1990,62,2,0,0,0,0,0,0,0,0
1990,45,1,0,0,0,1,156,5,40,0
1990,41,2,0,0,0,1,156,5,40,0
1990,78,2,3,0,2,0,0,0,0,0
1990,53,2,1,0,0,0,25,4,35,0
1990,33,1,0,0,0,0,579,0,30,0
1990,35,2,0,1,1,1,313,0,20,0
1990,27,1,0,0,0,1,154,5,30,0
1990,28,2,0,0,0,1,156,5,40,0
1990,72,2,3,1,0,0,97,5,16,0
1990,38,1,0,0,0,1,257,0,40,0
1990,33,2,0,0,0,0,308,4,40,0
1990,22,2,1,0,0,1,22,4,30,0
1990,30,1,0,0,0,1,178,5,45,1
1990,37,2,0,0,0,1,0,0,0,0
1990,32,1,1,0,0,1,13,5,50,1
1990,38,1,1,0,0,1,186,5,40,0
1990,45,1,1,0,0,1,804,6,40,0
1990,55,1,2,0,2,0,453,3,40,0
1990,32,1,1,0,0,1,356,2,20,0
1990,27,1,1,0,0,1,364,3,40,0
1990,45,1,1,0,0,1,283,5,40,0
1990,39,1,3,0,0,0,436,3,40,0
1990,20,1,3,0,0,1,274,3,45,0
1990,67,1,0,0,0,0,0,0,0,0
1990,67,2,0,0,0,0,0,0,0,0
1990,58,2,1,0,0,1,156,5,40,0
1990,53,2,2,0,0,1,0,0,0,0
1990,30,2,1,0,0,1,485,0,45,0
1990,32,1,1,1,0,1,785,1,40,0
1990,39,2,2,1,0,0,469,3,0,0
1990,21,1,1,1,0,0,579,0,40,0
1990,19,1,1,1,0,0,0,0,0,0
1990,67,2,3,0,0,0,447,5,40,0
1990,77,2,3,1,0,0,0,0,0,0
1990,50,1,2,0,0,0,869,0,48,0
1990,20,1,1,0,0,1,453,4,20,0
1990,39,1,0,1,0,1,418,6,40,0
1990,36,2,0,1,0,0,379,6,40,0
1990,34,2,2,0,0,0,255,4,40,0
1990,35,1,2,0,0,1,22,4,40,0
1990,37,2,1,1,0,0,253,4,38,0
1990,18,2,1,1,0,0,0,0,0,0
1990,36,1,0,1,0,1,3,6,70,1
1990,35,2,0,0,0,1,185,3,40,0
1990,73,2,0,0,0,0,0,0,0,0
1990,79,1,0,0,0,0,0,0,0,0
1990,69,1,0,1,0,0,243,3,0,0
1990,68,2,0,1,0,1,447,5,20,0
1990,66,2,2,1,0,0,449,4,0,0
1990,28,1,1,1,0,1,453,4,20,0
1990,33,1,1,1,0,0,856,3,40,0
1990,29,2,1,1,0,1,338,1,40,0
1990,21,2,1,1,0,1,447,5,20,0
1990,22,2,1,1,0,0,458,4,40,0
1990,20,1,1,1,0,0,37,1,0,0
1990,33,1,2,3,0,1,684,1,40,0
1990,31,1,2,3,0,1,686,3,40,0
1990,33,2,2,0,0,1,159,4,25,0
1990,28,2,1,0,0,1,33,1,40,0
1990,34,2,1,1,0,0,877,3,8,0
1990,46,1,2,1,0,1,27,5,40,0
1990,31,2,1,0,0,0,447,5,0,0
1990,40,1,3,1,0,0,549,4,40,0
1990,45,2,0,1,0,0,315,5,40,0
1990,52,1,0,1,0,0,0,0,0,0
1990,24,2,1,1,0,1,308,4,40,0
1990,21,2,1,1,0,1,257,4,20,0
1990,74,2,0,0,0,0,0,0,0,0
1990,47,1,2,0,0,1,628,1,40,0
1990,43,1,0,0,0,1,683,1,48,0
1990,38,2,0,0,0,1,156,5,40,0
1990,36,1,1,1,0,0,777,3,40,0
1990,68,2,3,0,0,1,466,5,40,0
1990,34,2,3,0,0,0,0,0,0,0
1990,36,2,3,0,0,0,447,5,7,0
1990,43,1,2,0,0,1,889,5,40,0
1990,51,2,2,0,0,1,313,3,40,0
1990,53,1,1,0,0,0,363,1,40,0
1990,48,1,2,0,0,0,448,4,40,0
1990,26,2,1,0,0,0,449,4,40,0
1990,27,1,1,1,0,0,426,4,40,0
1990,52,2,1,1,0,0,0,0,0,0
1990,27,2,1,1,0,0,0,0,0,0
1990,45,1,0,1,0,0,804,2,40,0
1990,36,2,0,1,0,0,785,1,37,0
1990,54,1,2,0,0,0,35,0,40,0
1990,23,1,1,0,0,1,276,3,30,0
1990,44,2,2,0,0,0,453,0,40,0
1990,30,2,1,1,0,0,449,4,40,0
1990,24,1,1,1,0,0,443,3,0,0
1990,40,2,2,1,0,0,447,5,0,0
1990,26,2,1,1,0,0,0,0,0,0
1990,25,2,1,1,0,0,276,3,4,0
1990,23,1,1,1,0,0,365,3,24,0
1990,34,2,1,0,0,0,449,4,40,0
1990,36,1,1,1,0,0,444,4,30,0
1990,22,1,1,1,0,1,188,4,46,0
1990,47,2,1,1,0,0,447,5,40,0
1990,46,1,1,1,0,0,708,1,40,0
1990,24,2,1,1,0,0,0,0,0,0
1990,36,1,1,1,0,0,0,0,0,0
1990,40,1,1,1,0,0,877,1,0,0
1990,31,2,1,0,0,1,23,4,29,0
1990,37,1,0,0,0,0,0,0,0,0
1990,32,2,0,0,0,0,0,0,0,0
1990,22,2,1,0,0,0,434,3,35,0
1990,19,2,1,2,0,0,438,3,22,0
1990,41,1,0,3,3,1,174,5,0,0
1990,38,2,0,3,3,0,0,0,0,0
1990,26,2,1,0,0,1,445,5,20,0
1990,56,2,2,0,0,0,0,0,0,0
1990,57,1,0,0,0,0,709,1,40,0
1990,53,2,0,0,0,0,444,5,25,0
1990,26,2,1,0,0,0,436,5,35,0
1990,77,1,1,0,0,1,0,0,0,0
1990,46,1,2,0,0,0,448,5,40,0
1990,23,1,0,0,0,0,269,3,40,0
1990,23,2,0,0,2,1,315,5,40,0
1990,76,1,0,0,0,0,0,0,0,0
1990,73,2,0,0,0,0,0,0,0,0
1990,55,1,0,0,0,0,809,2,60,0
1990,55,2,0,0,0,0,0,0,0,0
1990,38,1,1,0,0,0,426,4,40,0
1990,60,1,2,1,0,1,22,3,50,1
1990,40,1,0,0,0,1,575,2,40,0
1990,37,2,0,0,0,1,315,5,40,0
1990,45,2,1,0,0,0,683,1,50,0
1990,27,2,2,2,0,1,315,6,40,0
1990,65,1,1,0,0,1,644,1,58,1
1990,19,2,1,0,0,1,154,5,30,0
1990,37,1,0,0,0,1,573,0,40,0
1990,34,2,0,0,0,1,447,5,32,0
1990,69,1,0,0,0,0,0,0,0,0
1990,75,2,0,0,0,0,0,0,0,0
1990,26,1,0,0,0,1,185,1,40,0
1990,26,2,0,0,0,0,385,3,0,0
1990,73,1,3,0,0,0,0,0,0,0
1990,26,1,3,0,0,1,453,5,40,0
1990,69,1,3,0,0,0,0,0,0,0
1990,39,1,0,0,0,1,156,5,40,0
1990,35,2,0,0,0,1,22,5,40,0
1990,28,1,0,0,0,0,453,1,40,0
1990,25,2,0,0,0,0,444,5,20,0
1990,48,2,2,0,0,0,343,3,40,0
1990,21,2,1,0,0,0,445,5,40,0
1990,76,2,3,0,0,0,259,1,0,0
1990,71,2,0,0,0,0,337,5,0,0
1990,29,2,1,0,0,1,354,2,40,0
1990,39,1,2,0,0,1,21,5,40,0
1990,28,2,2,2,1,1,319,5,37,0
1990,32,1,0,0,0,1,22,1,44,0
1990,28,2,0,0,0,0,313,5,41,0
1990,63,1,0,0,0,1,36,6,40,0
1990,59,2,0,0,0,0,208,5,0,0
1990,32,1,0,0,0,0,575,1,50,0
1990,29,2,0,0,0,0,268,3,30,0
1990,50,1,1,0,0,1,243,3,45,0
1990,42,1,0,0,0,1,174,5,45,0
1990,41,2,0,0,0,0,439,3,40,0
1990,65,2,1,0,0,1,156,5,0,0
1990,23,1,0,0,0,0,804,1,45,0
1990,23,2,0,0,0,0,337,1,35,0
1990,39,1,0,0,0,1,178,5,48,1
1990,36,2,0,0,0,1,0,0,0,0
1990,54,1,0,0,0,1,354,2,40,0
1990,55,2,0,0,0,0,315,5,40,0
1990,37,1,0,0,0,1,21,1,45,0
1990,38,2,0,0,0,1,259,3,45,0
1990,52,2,1,0,0,1,22,5,45,1
1990,36,1,0,0,0,1,186,5,40,1
1990,35,2,0,0,0,1,315,5,8,0
1990,68,2,3,0,2,0,243,3,54,0
1990,70,1,0,0,0,0,0,0,0,0
1990,68,2,0,0,0,0,0,0,0,0
1990,46,1,1,0,0,0,883,3,13,0
1990,55,2,2,0,0,0,337,4,40,0
1990,36,1,0,0,0,1,243,4,50,1
1990,36,2,0,0,0,1,0,0,0,0
1990,28,2,0,0,0,1,57,2,45,0
1990,30,1,0,0,0,1,883,2,45,0
1990,40,1,0,0,0,1,173,5,35,0
1990,39,2,0,0,0,1,203,5,25,0
1990,19,1,1,0,0,0,365,3,30,0
1990,57,1,0,0,0,0,425,6,30,0
1990,49,2,0,0,0,1,95,5,40,0
1990,20,2,1,0,0,0,319,4,40,0
1990,19,1,1,0,0,0,505,4,40,0
1990,77,2,3,0,0,1,0,0,0,0
1990,29,1,0,0,0,0,783,0,45,0
1990,27,2,0,0,0,0,7,4,40,0
1990,62,1,0,0,0,0,22,0,40,0
1990,62,2,0,0,0,0,435,3,20,0
1990,52,1,0,0,0,1,804,4,40,0
1990,43,2,0,0,0,1,313,5,35,0
1990,23,1,1,0,0,0,856,1,40,0
1990,79,1,0,0,2,0,0,0,0,1
1990,74,2,0,0,0,1,0,0,0,0
1990,34,1,1,1,0,0,719,1,40,0
1990,62,1,0,0,4,1,154,5,40,1
1990,50,2,0,0,0,1,0,0,0,0
1990,70,1,0,0,0,0,0,0,0,0
1990,65,2,0,0,0,0,0,0,0,0
1990,43,1,0,0,0,0,706,1,45,0
1990,41,2,0,0,0,0,447,5,0,0
1990,19,1,1,0,0,1,734,1,20,0
1990,62,1,0,0,0,1,188,4,25,0
1990,61,2,0,0,0,0,276,3,0,0
1990,27,1,0,0,0,1,389,3,40,0
1990,26,2,0,0,0,1,259,1,0,0
1990,80,2,3,0,0,1,0,0,0,0
1990,64,1,0,0,0,0,0,0,0,0
1990,66,2,0,0,0,0,0,0,0,0
1990,40,1,0,0,0,0,363,4,40,0
1990,40,2,0,0,0,0,313,5,40,0
1990,52,1,0,0,0,1,243,3,45,0
1990,52,2,0,0,0,0,243,3,40,0
1990,21,2,1,0,0,1,376,1,47,0
1990,23,1,1,3,0,0,804,0,45,0
1990,29,2,1,0,0,1,378,3,40,0
1990,72,2,3,0,0,0,0,0,0,0
1990,41,1,0,0,0,0,413,6,65,0
1990,34,2,0,0,0,1,22,1,50,0
1990,46,1,0,0,0,0,55,1,50,1
1990,42,2,0,0,0,0,458,4,20,0
1990,60,1,0,0,2,0,877,3,40,0
1990,59,2,0,0,2,0,447,4,13,0
1990,66,2,3,0,0,0,0,0,0,0
1990,31,1,1,0,0,1,354,2,40,0
1990,33,1,0,0,0,0,235,1,44,0
1990,29,2,0,0,0,0,435,3,35,0
1990,62,1,0,0,0,0,637,1,45,0
1990,55,2,0,0,0,0,25,1,40,0
1990,29,1,0,0,0,1,56,1,50,0
1990,30,2,0,0,0,0,748,4,40,0
1990,31,1,1,0,2,0,777,3,40,0
1990,51,1,0,0,0,1,628,1,46,1
1990,50,2,0,0,0,0,435,3,22,0
1990,71,2,3,0,0,0,0,0,0,0
1990,42,1,0,0,2,0,573,0,40,0
1990,38,2,0,0,0,0,259,1,40,0
1990,20,2,3,0,0,0,319,4,40,0
1990,55,1,0,0,0,0,653,1,50,0
1990,53,2,0,0,0,0,337,5,40,0
1990,34,1,0,0,0,1,255,4,65,0
1990,35,2,0,0,0,1,95,5,32,0
1990,60,2,3,0,0,0,379,5,35,0
1990,79,1,3,0,0,1,0,0,0,0
1990,57,2,1,0,0,0,337,4,28,0
1990,59,1,0,0,0,1,243,3,40,0
1990,73,2,0,0,0,1,0,0,0,0
1990,33,1,2,0,0,1,226,2,40,1
1990,28,2,1,0,0,0,463,2,57,0
1990,62,2,3,0,0,1,436,4,12,0
1990,45,1,0,0,0,1,637,1,40,0
1990,43,2,0,0,0,0,0,0,0,0
1990,20,1,1,0,0,0,505,4,50,0
1990,53,1,0,0,0,1,243,3,45,0
1990,52,2,0,0,0,0,436,3,42,0
1990,40,1,0,0,0,0,259,3,40,0
1990,42,2,0,0,0,0,637,1,40,0
1990,21,2,1,0,0,0,336,4,40,0
1990,57,1,0,0,0,0,213,1,40,0
1990,56,2,0,0,0,0,436,5,30,0
1990,34,1,1,0,0,1,269,3,40,0
1990,21,2,1,0,0,1,774,1,25,0
1990,31,1,1,0,0,1,226,2,40,0
1990,25,2,3,0,0,1,463,2,40,0
1990,44,1,0,0,2,0,453,1,60,1
1990,42,2,0,0,0,0,276,3,33,0
1990,21,2,1,0,0,1,276,3,39,0
1990,73,1,0,0,0,1,0,0,0,0
1990,64,2,0,0,0,0,0,0,0,0
1990,74,2,1,0,0,0,0,0,0,0
1990,47,1,3,0,0,1,22,4,45,1
1990,39,2,2,0,1,1,313,1,40,0
1990,68,2,3,0,1,0,0,0,0,0
1990,31,2,1,0,1,0,319,5,30,0
1990,56,1,0,0,0,1,373,2,0,0
1990,56,2,0,0,0,0,379,1,40,0
1990,24,1,1,0,0,1,804,3,55,0
1990,43,2,1,0,0,1,783,1,40,0
1990,52,2,0,0,2,0,0,0,0,0
1990,61,1,0,0,0,0,355,2,0,0
1990,52,1,0,0,0,1,159,5,55,0
1990,51,2,0,0,0,1,436,5,18,0
1990,47,1,0,0,0,1,434,3,40,0
1990,43,2,0,0,0,0,276,3,20,0
1990,19,2,1,0,0,0,467,5,20,0
1990,33,1,0,0,0,1,22,1,52,0
1990,32,2,0,0,0,1,188,4,20,0
1990,30,1,0,0,0,1,21,5,65,0
1990,23,2,0,0,0,1,435,3,20,0
1990,45,1,0,0,0,1,849,1,40,0
1990,45,2,0,0,0,1,156,5,40,0
1990,68,1,0,0,0,0,0,0,0,0
1990,70,2,0,0,0,0,0,0,0,0
1990,28,1,0,0,0,1,59,1,40,0
1990,26,2,0,0,0,1,59,1,40,0
1990,25,1,1,0,0,1,376,1,40,0
1990,24,1,1,0,0,1,27,4,40,0
1990,70,1,0,0,0,0,785,1,4,0
1990,65,2,0,0,0,0,785,1,35,0
1990,45,1,2,0,0,1,57,1,45,1
1990,22,1,1,0,0,1,385,4,37,0
1990,50,1,0,0,0,0,699,0,40,0
1990,49,2,0,0,0,0,378,4,40,0
1990,21,2,1,0,0,0,889,1,40,0
1990,39,1,0,0,0,1,22,1,42,1
1990,40,2,0,0,0,1,736,1,0,0
1990,77,1,3,0,0,0,0,0,0,0
1990,28,1,0,0,0,1,188,1,60,0
1990,34,2,0,0,0,1,188,5,10,0
1990,64,1,0,0,0,0,29,3,10,0
1990,52,2,0,0,0,0,0,0,0,0
1990,27,1,0,0,0,1,27,4,50,0
1990,26,2,0,0,0,1,23,4,40,0
1990,71,1,0,0,0,1,0,0,0,0
1990,69,2,0,0,0,1,0,0,0,0
1990,69,1,0,0,0,0,22,1,35,1
1990,63,2,0,0,0,0,0,0,0,0
1990,33,1,0,0,0,0,734,1,48,0
1990,33,2,0,0,2,0,376,4,33,0
1990,35,1,0,0,0,1,22,4,50,1
1990,35,2,0,0,0,0,22,5,40,0
1990,44,1,0,0,0,0,423,6,48,0
1990,38,2,0,0,0,1,157,5,40,0
1990,35,1,0,0,0,0,783,1,40,0
1990,35,2,0,0,0,0,754,2,35,0
1990,39,1,0,0,0,0,734,1,44,0
1990,35,2,0,0,0,0,276,3,14,0
1990,43,1,0,0,0,1,274,5,50,1
1990,39,2,0,3,0,0,468,5,40,0
1990,70,1,0,0,0,0,567,0,40,0
1990,69,2,0,0,0,0,0,0,0,0
1990,32,1,0,0,0,0,453,1,40,0
1990,24,2,0,0,0,1,313,1,40,0
1990,51,1,0,0,0,1,22,2,45,0
1990,49,2,0,0,0,0,447,5,34,0
1990,45,1,0,0,0,1,785,1,48,0
1990,43,2,0,0,0,1,276,3,20,0
1990,18,2,1,0,0,0,276,3,20,0
1990,50,1,3,0,0,1,243,3,43,0
1990,69,1,0,0,0,0,849,3,60,0
1990,64,2,0,0,0,0,436,3,40,0
1990,39,1,0,0,0,1,495,0,45,0
1990,35,2,0,0,0,1,319,5,40,0
1990,46,1,0,0,0,1,22,1,60,1
1990,43,2,0,0,0,0,0,0,0,0
1990,22,2,1,0,0,0,264,3,25,0
1990,20,1,1,0,0,0,436,3,25,0
1990,19,2,1,0,0,0,438,3,20,0
1990,40,1,0,0,0,1,22,4,45,1
1990,41,2,0,0,0,0,277,3,40,0
1990,72,2,3,0,0,1,36,6,15,0
1990,41,1,1,0,0,1,878,1,40,0
1990,39,1,1,0,0,1,156,5,42,0
1990,49,1,0,0,0,0,783,1,40,0
1990,63,2,0,0,0,0,889,1,0,0
1990,54,1,1,0,2,0,579,0,40,0
1990,76,2,2,0,0,0,0,0,0,0
1990,37,1,0,0,0,1,25,3,53,0
1990,39,2,0,0,0,1,0,0,0,0
1990,61,2,3,0,2,0,0,0,0,0
1990,28,1,1,0,0,1,57,1,50,0
1990,42,2,3,0,0,1,0,0,0,0
1990,19,2,1,0,0,0,319,5,25,0
1990,51,1,0,0,0,1,96,3,50,1
1990,51,2,0,0,0,1,208,3,10,0
1990,55,2,3,0,0,1,156,5,38,0
1990,60,1,0,0,0,1,22,1,54,1
1990,56,2,0,0,0,1,154,5,0,0
1990,21,2,1,0,0,1,243,5,25,0
1990,37,2,0,0,0,1,188,5,4,0
1990,37,1,0,0,0,1,84,5,60,1
1990,53,1,0,0,0,0,22,3,40,0
1990,51,2,0,0,0,0,274,3,25,0
1990,23,1,1,0,0,1,199,5,10,0
1990,30,1,0,0,0,1,628,1,40,0
1990,29,2,0,0,0,0,785,1,65,0
1990,44,1,0,0,0,0,628,2,40,0
1990,42,2,0,0,0,0,365,1,40,0
1990,21,1,1,0,0,0,486,0,0,0
1990,31,1,1,0,0,1,435,3,30,0
1990,27,2,1,0,0,0,379,1,40,0
1990,45,2,3,0,2,1,79,0,40,0
1990,35,1,0,0,0,1,637,1,45,0
1990,36,2,0,0,0,0,337,0,30,0
1990,48,1,3,0,0,0,22,3,65,0
1990,20,1,1,0,0,0,567,0,40,0
1990,28,1,0,0,0,0,33,1,40,0
1990,27,2,0,0,0,1,104,5,40,0
1990,32,2,1,0,0,1,304,1,45,0
1990,47,2,2,0,0,0,785,1,40,0
1990,32,1,0,0,0,1,597,0,40,0
1990,30,2,0,0,0,1,313,5,36,0
1990,29,1,0,0,0,1,56,2,50,0
1990,31,2,0,0,0,1,736,1,10,0
1990,33,1,0,0,0,1,628,1,50,0
1990,30,2,0,0,0,0,458,4,16,0
1990,21,2,1,0,0,0,276,3,35,0
1990,42,2,1,0,0,1,259,1,30,0
1990,47,1,0,0,0,1,229,4,38,0
1990,43,2,0,0,0,1,23,5,30,0
1990,34,1,0,0,0,1,95,1,40,0
1990,28,2,0,0,0,0,435,3,8,0
1990,37,2,2,0,0,1,27,5,37,0
1990,28,1,0,0,0,0,473,0,55,0
1990,29,2,0,0,0,0,785,1,35,0
1990,18,1,1,0,0,0,479,0,40,0
1990,25,1,1,0,0,0,479,0,40,0
1990,18,2,1,0,0,0,785,1,0,0
1990,62,1,0,0,0,0,0,0,0,0
1990,58,2,0,0,0,1,7,4,40,0
1990,45,1,0,0,0,1,217,1,55,1
1990,45,2,0,0,0,1,466,5,40,0
1990,19,1,1,0,0,1,217,1,17,0
1990,32,1,1,0,0,0,706,1,48,0
1990,28,1,1,0,0,0,628,1,40,0
1990,21,2,1,0,0,0,276,5,0,0
1990,39,2,2,0,0,1,313,4,40,0
1990,70,1,0,0,0,0,25,6,20,0
1990,67,2,0,0,0,0,425,6,20,0
1990,49,1,0,0,0,0,777,1,40,0
1990,43,2,0,0,0,0,0,0,0,0
1990,65,1,3,0,0,0,779,3,25,0
1990,27,2,1,0,0,1,23,4,40,0
1990,29,2,1,0,0,1,229,3,37,0
1990,43,2,2,0,0,1,156,5,40,0
1990,35,1,0,0,0,0,507,2,40,0
1990,33,2,0,0,0,1,783,1,40,0
1990,48,1,0,0,0,0,22,1,65,1
1990,43,2,0,0,0,0,379,1,15,0
1990,74,2,0,0,0,0,0,0,0,0
1990,47,1,0,0,0,1,453,1,48,0
1990,43,2,0,0,0,0,435,3,25,0
1990,69,2,1,0,0,0,314,6,3,0
1990,26,1,0,0,0,1,734,1,42,0
1990,26,2,0,0,0,1,456,4,30,0
1990,35,1,2,0,0,0,585,0,40,0
1990,26,2,2,0,0,1,337,3,25,0
1990,35,1,0,0,0,0,637,0,40,0
1990,35,2,0,0,0,0,276,3,30,0
1990,70,2,3,0,0,1,0,0,0,0
1990,33,1,0,0,0,0,804,3,45,0
1990,36,2,0,0,0,0,435,3,10,0
1990,61,1,0,0,0,0,715,1,24,0
1990,56,2,0,0,0,0,748,5,35,0
1990,31,1,1,0,0,1,518,1,37,0
1990,31,2,2,0,0,1,216,1,37,0
1990,44,1,0,0,0,1,337,4,45,0
1990,39,2,0,0,0,1,443,5,0,0
1990,40,1,0,0,0,1,485,0,45,0
1990,38,2,0,0,4,1,313,5,20,0
1990,62,1,0,0,0,0,637,1,40,0
1990,64,2,0,0,0,0,338,3,30,0
1990,49,1,0,0,0,1,0,0,0,0
1990,48,2,0,0,0,0,434,3,15,0
1990,47,1,0,0,0,0,804,2,60,0
1990,44,2,0,0,0,0,22,1,40,0
1990,21,2,1,0,0,1,435,3,10,0
1990,19,2,1,0,0,1,276,3,30,0
1990,28,1,0,0,0,0,567,0,45,0
1990,29,2,0,0,0,0,709,1,40,0
1990,39,2,3,0,0,0,22,0,40,0
1990,39,1,0,0,0,1,259,1,40,0
1990,35,2,0,0,0,1,203,5,40,0
1990,40,2,2,0,0,1,95,5,20,0
1990,42,2,2,0,0,1,95,5,32,0
1990,20,2,1,0,0,0,315,4,40,0
1990,38,1,2,0,0,1,575,0,32,0
1990,56,1,0,0,0,1,14,5,40,1
1990,50,2,0,0,0,1,14,5,30,0
1990,59,1,0,0,0,1,259,1,50,1
1990,60,2,0,0,0,0,313,1,0,0
1990,39,1,0,0,0,1,628,1,65,1
1990,38,2,0,0,0,0,319,4,25,1
1990,20,1,1,0,0,1,486,0,20,0
1990,76,2,3,0,0,0,0,0,0,0
1990,47,1,2,0,0,0,449,0,30,0
1990,46,1,0,0,0,0,0,0,0,0
1990,42,2,0,0,0,0,0,0,0,0
1990,28,1,0,0,0,0,567,0,40,0
1990,24,2,0,0,0,1,434,3,18,0
1990,39,1,0,0,0,0,785,1,40,0
1990,35,2,0,0,0,0,744,1,0,0
1990,18,1,1,0,0,0,486,0,40,0
1990,72,2,3,0,0,0,447,5,15,0
1990,20,1,1,0,0,1,579,0,30,0
1990,27,2,0,0,0,0,0,0,0,0
1990,26,1,0,0,0,0,0,0,0,0
1990,53,1,0,0,0,1,424,6,40,0
1990,53,2,0,0,0,1,207,5,24,0
1990,35,1,2,0,0,1,0,0,0,0
1990,63,1,0,0,0,0,0,0,0,0
1990,64,2,0,0,0,0,0,0,0,0
1990,51,1,0,0,0,0,777,4,40,0
1990,49,2,0,0,0,0,0,0,0,0
1990,24,1,2,0,0,0,877,3,0,0
1990,64,1,0,0,0,0,804,0,0,0
1990,61,2,0,0,0,1,313,1,40,0
1990,52,1,0,0,0,0,616,0,40,0
1990,46,2,0,0,0,0,313,0,25,0
1990,21,2,1,0,0,0,779,1,0,0
1990,69,2,3,0,0,0,0,0,0,0
1990,26,2,0,0,0,0,406,4,0,0
1990,31,1,0,0,0,0,804,3,50,0
1990,57,1,0,0,0,0,336,2,40,0
1990,58,2,0,0,0,0,0,0,0,0
1990,42,1,2,0,0,1,14,5,60,0
1990,73,2,3,0,0,1,274,3,33,0
1990,32,1,1,0,0,1,889,1,40,0
1990,27,2,2,0,0,0,435,3,0,0
1990,69,2,3,0,0,1,276,3,17,0
1990,48,1,0,0,0,1,22,1,45,0
1990,45,2,0,0,0,0,0,0,0,0
1990,50,1,0,0,0,1,426,4,40,0
1990,48,2,0,0,0,0,22,3,40,0
1990,22,2,1,0,0,1,379,4,40,0
1990,61,1,0,0,0,1,7,4,20,0
1990,60,2,0,0,0,1,156,5,36,0
1990,20,2,1,0,0,1,274,3,12,0
1990,79,1,3,0,0,0,473,0,12,0
1990,25,1,1,0,0,0,435,3,39,0
1990,44,2,3,0,0,0,0,0,0,0
1990,71,1,0,0,0,0,0,0,0,0
1990,68,2,0,0,0,0,0,0,0,0
1990,19,1,1,0,0,0,486,0,8,0
1990,35,1,0,0,0,1,453,2,40,0
1990,28,2,0,0,0,0,435,3,15,0
1990,66,1,0,0,0,0,0,0,0,0
1990,65,2,0,0,0,0,0,0,0,0
1990,41,1,0,0,0,0,834,0,31,1
1990,40,2,0,0,0,0,0,0,0,0
1990,19,1,1,0,0,1,436,3,35,0
1990,76,1,0,0,0,0,0,0,0,0
1990,76,2,0,0,0,0,0,0,0,0
1990,48,1,0,0,0,1,156,5,50,0
1990,43,2,0,0,0,1,156,5,40,0
1990,18,2,1,0,0,1,0,0,0,0
1990,72,1,0,0,0,0,0,0,0,0
1990,65,2,0,0,0,0,628,5,0,0
1990,55,1,0,0,0,0,804,2,60,0
1990,55,2,0,0,0,0,444,3,40,0
1990,30,1,2,0,0,0,434,3,40,0
1990,51,2,2,0,0,0,453,5,20,0
1990,25,1,1,0,0,0,856,2,60,0
1990,33,1,0,0,0,1,156,5,40,0
1990,31,2,0,0,0,1,313,5,40,0
1990,41,1,0,0,0,0,617,0,48,0
1990,43,2,0,1,0,0,0,0,0,0
1990,74,2,3,0,0,0,0,0,0,0
1990,79,2,0,0,0,0,0,0,0,0
1990,33,2,2,0,0,0,0,0,0,0
1990,31,1,2,0,0,0,486,0,30,0
1990,37,1,2,0,0,1,804,2,65,0
1990,24,2,1,0,0,0,877,3,34,0
1990,77,1,1,0,0,0,0,0,0,0
1990,43,1,2,0,0,1,418,6,40,0
1990,68,1,0,0,0,1,0,0,0,1
1990,68,2,0,0,0,1,0,0,0,0
1990,30,1,1,0,0,0,256,1,42,0
1990,43,1,0,0,0,1,22,1,40,0
1990,42,2,0,0,0,0,0,0,0,0
1990,28,1,0,0,0,0,56,1,40,0
1990,27,2,0,0,0,0,0,0,0,0
1990,41,1,0,0,0,1,869,1,70,1
1990,39,2,0,0,0,1,266,3,40,0
1990,70,2,3,1,0,0,0,0,0,0
1990,26,2,1,1,0,0,785,1,40,0
1990,35,2,1,0,0,1,156,5,50,0
1990,62,1,0,0,0,0,0,0,0,0
1990,65,2,0,0,0,0,0,0,0,0
1990,24,1,0,0,0,0,804,2,40,0
1990,21,2,0,0,0,0,687,3,0,0
1990,50,1,0,0,0,0,0,0,0,0
1990,48,2,0,0,0,0,0,0,0,0
1990,24,1,1,0,0,1,376,5,40,0
1990,77,2,0,0,0,0,0,0,0,0
1990,48,1,0,0,0,0,354,2,40,0
1990,47,2,0,0,0,0,748,5,0,0
1990,18,2,1,0,0,0,319,1,40,0
1990,52,1,0,0,0,0,803,2,70,0
1990,45,2,0,0,0,1,803,2,50,0
1990,67,2,3,0,0,0,0,0,0,0
1990,52,2,2,0,0,0,435,3,36,0
1990,31,2,3,0,0,0,447,5,12,0
1990,80,2,3,0,0,0,779,1,0,0
1990,38,2,2,0,0,1,154,5,40,0
1990,75,1,0,1,0,0,0,0,0,0
1990,72,2,0,1,0,0,0,0,0,0
1990,59,2,3,0,0,1,436,5,40,0
1990,61,1,0,0,0,1,877,3,35,0
1990,58,2,0,0,0,0,436,5,0,0
1990,38,2,2,0,0,1,435,3,8,0
1990,71,1,0,0,0,0,0,0,0,0
1990,70,2,0,0,0,0,0,0,0,0
1990,20,1,1,0,0,1,486,3,20,0
1990,19,1,1,0,0,1,885,3,15,0
1990,19,1,1,0,0,1,869,0,40,0
1990,57,1,0,3,3,1,159,5,45,0
1990,50,2,0,3,3,1,329,5,40,0
1990,24,1,1,0,0,1,203,5,0,0
1990,48,1,2,0,2,1,154,5,40,0
1990,27,1,0,0,0,1,154,5,25,0
1990,26,2,0,0,0,1,154,5,40,0
1990,31,1,0,0,0,1,84,5,60,0
1990,32,2,0,0,0,1,84,5,36,1
1990,27,1,1,0,0,1,17,3,40,0
1990,78,1,3,0,0,0,0,0,0,0
1990,42,1,0,0,0,0,65,2,45,1
1990,42,2,0,0,0,1,313,5,54,0
1990,79,2,0,0,0,0,0,0,0,0
1990,42,1,0,0,0,0,308,1,40,0
1990,44,2,0,0,0,0,436,3,0,0
1990,41,1,0,0,0,0,575,0,40,0
1990,39,2,0,0,0,1,22,5,40,0
1990,39,1,0,0,0,0,774,5,40,0
1990,38,2,0,0,0,1,206,5,40,0
1990,43,1,0,0,0,1,418,6,45,0
1990,40,2,0,0,0,0,339,5,31,0
1990,19,1,1,0,0,0,687,3,20,0
1990,59,1,0,0,0,0,856,1,30,0
1990,50,2,0,0,0,0,0,0,0,0
1990,71,1,0,0,0,0,0,0,0,0
1990,56,2,0,0,0,0,453,4,0,0
1990,33,1,1,0,0,1,365,3,35,0
1990,24,1,1,0,0,1,274,3,20,0
1990,67,2,2,0,0,0,379,4,0,0
1990,36,1,0,0,0,1,354,2,40,0
1990,24,2,0,0,0,0,449,4,16,0
1990,57,2,2,0,0,0,5,6,40,0
1990,28,2,2,0,0,0,327,2,37,0
1990,76,2,3,0,0,0,0,0,0,0
1990,27,1,0,0,0,1,253,4,40,0
1990,28,2,0,0,0,1,303,3,0,0
1990,29,1,0,0,0,1,318,0,44,0
1990,29,2,0,0,0,1,386,0,40,0
1990,46,1,0,0,0,0,25,4,40,1
1990,46,2,0,0,0,0,0,0,0,0
1990,61,2,2,0,0,1,5,6,40,1
1990,53,1,0,0,0,0,844,0,40,0
1990,50,2,0,0,0,0,877,3,0,0
1990,23,2,1,0,0,0,453,5,24,0
1990,20,2,1,0,0,1,0,0,0,0
1990,18,1,1,0,0,0,0,0,0,0
1990,62,1,0,0,0,0,0,0,0,0
1990,61,2,0,0,0,0,0,0,0,0
1990,57,1,0,0,0,0,0,0,0,0
1990,55,2,0,0,0,0,447,5,40,0
1990,72,1,3,0,0,0,0,0,0,0
1990,38,1,3,0,0,1,23,5,40,1
1990,38,2,3,0,0,1,156,5,18,0
1990,59,1,2,0,0,0,354,2,0,0
1990,38,1,2,0,0,1,373,3,40,0
1990,33,2,1,0,0,1,257,2,40,0
1990,32,2,2,0,0,0,435,5,40,0
1990,32,1,0,0,0,0,597,0,80,0
1990,31,2,0,0,0,1,337,4,30,0
1990,50,1,0,0,0,0,243,3,60,1
1990,52,2,0,0,0,0,0,0,0,0
1990,69,1,0,0,0,1,256,5,1,0
1990,66,2,0,0,0,1,436,5,0,0
1990,67,2,3,0,0,0,0,0,0,0
1990,76,1,0,0,0,0,0,0,0,0
1990,64,2,0,0,0,0,0,0,0,0
1990,80,1,0,0,0,0,0,0,0,0
1990,73,2,0,0,0,1,336,5,19,0
1990,51,1,0,0,0,1,176,5,70,0
1990,50,2,0,0,0,1,156,5,48,0
1990,35,1,0,0,0,0,889,0,40,0
1990,30,2,0,0,0,0,207,5,0,0
1990,61,1,0,0,0,0,875,2,30,0
1990,59,2,0,0,0,0,0,0,0,0
1990,48,1,0,0,0,0,804,2,60,0
1990,49,2,0,0,0,0,785,1,0,0
1990,19,1,1,0,0,0,278,1,18,0
1990,32,1,0,0,0,1,567,0,8,0
1990,36,2,0,0,0,1,156,5,40,0
1990,27,2,1,0,0,0,15,5,40,0
1990,33,1,0,0,0,0,616,0,56,0
1990,30,2,0,0,0,1,0,0,0,0
1990,27,1,0,0,0,0,365,1,40,0
1990,27,2,0,0,0,1,445,5,40,0
1990,59,1,0,0,0,0,22,1,50,0
1990,47,2,0,0,0,1,319,3,0,0
1990,18,1,1,0,0,0,0,0,0,0
1990,52,1,0,0,0,0,368,1,50,0
1990,51,2,0,0,0,0,0,0,0,0
1990,68,2,3,0,0,0,22,2,0,0
1990,45,1,0,0,0,0,859,0,48,0
1990,48,2,0,0,0,0,0,0,0,0
1990,19,1,1,0,0,0,558,0,38,0
1990,22,2,1,0,0,0,447,5,40,0
1990,40,1,0,0,0,1,18,5,38,0
1990,35,2,0,0,0,0,363,1,40,0
1990,33,1,0,0,0,0,22,0,60,0
1990,31,2,0,0,0,1,22,4,45,0
1990,73,2,3,0,0,1,0,0,0,0
1990,80,1,0,0,0,1,0,0,0,0
1990,76,2,0,0,0,0,0,0,0,0
1990,75,2,1,0,0,0,0,0,0,0
1990,44,1,0,0,0,0,585,0,40,0
1990,42,2,0,0,0,0,254,4,0,0
1990,24,2,1,0,0,0,458,4,30,0
1990,20,2,1,0,0,1,438,3,20,0
1990,67,1,0,0,0,0,0,0,0,0
1990,66,2,0,0,0,0,0,0,0,0
1990,66,2,3,0,0,0,0,0,0,0
1990,75,2,3,0,0,0,0,0,0,0
1990,35,1,1,0,0,0,544,0,50,0
1990,30,2,1,0,0,0,0,0,0,0
1990,61,1,0,0,0,0,889,2,40,0
1990,59,2,0,0,0,0,0,0,0,0
1990,79,1,3,0,0,1,0,0,0,0
1990,30,1,0,0,0,1,889,2,40,0
1990,31,2,0,0,2,1,308,3,20,0
1990,48,1,0,0,0,1,558,1,20,0
1990,45,2,0,0,0,1,22,5,44,0
1990,41,1,0,0,0,1,375,4,45,0
1990,35,2,0,0,0,0,889,1,45,0
1990,74,2,3,0,0,0,0,0,0,0
1990,32,2,3,0,0,0,0,0,0,0
1990,32,1,0,0,0,0,599,0,40,0
1990,26,2,0,0,0,0,156,5,40,0
1990,54,1,0,0,0,0,518,1,40,0
1990,55,2,0,0,0,1,337,3,35,0
1990,21,2,1,0,0,1,276,3,30,0
1990,51,1,2,0,0,0,558,0,45,0
1990,48,1,0,3,3,1,84,5,72,1
1990,46,2,0,3,3,1,84,5,48,1
1990,22,1,1,3,3,1,426,3,96,0
1990,71,1,1,0,0,0,0,0,0,0
1990,34,2,3,0,0,0,435,5,40,0
1990,70,2,3,0,0,0,436,5,40,0
1990,51,1,0,0,0,1,804,5,40,0
1990,47,2,0,0,0,0,433,5,0,0
1990,23,1,0,0,0,0,507,2,0,0
1990,23,2,0,0,0,0,877,3,30,0
1990,20,2,1,0,0,0,458,3,25,0
1990,59,1,0,0,0,0,0,0,0,0
1990,57,2,0,0,0,0,0,0,0,0
1990,57,1,0,0,0,0,364,1,40,0
1990,51,2,0,0,0,1,21,5,32,0
1990,28,1,1,0,0,1,889,1,40,0
1990,30,1,0,0,0,1,593,0,40,0
1990,30,2,0,0,0,1,445,5,10,0
1990,32,1,2,0,0,0,804,3,55,0
1990,49,2,3,0,0,0,447,5,80,0
1990,22,2,1,0,0,0,447,5,80,0
1990,28,2,2,0,0,0,313,5,40,0
1990,58,2,2,0,0,1,755,1,40,0
1990,45,1,1,0,0,0,0,0,0,0
1990,32,1,0,0,0,0,505,0,40,0
1990,27,2,0,0,0,1,0,0,0,0
1990,33,1,0,0,0,0,883,2,48,0
1990,28,2,0,0,0,0,0,0,0,0
1990,39,1,2,0,0,1,695,2,40,0
1990,30,1,0,0,0,1,218,5,45,0
1990,27,2,0,0,0,0,0,0,0,0
1990,79,2,3,0,0,0,0,0,0,0
1990,47,1,0,0,0,1,878,1,40,0
1990,42,2,0,0,0,0,0,0,0,0
1990,18,1,1,0,0,0,877,3,0,0
1990,79,2,3,0,0,0,0,0,0,0
1990,66,2,1,0,0,1,274,3,60,0
1990,31,1,0,0,0,0,426,5,0,0
1990,31,2,0,0,0,0,0,0,0,0
1990,59,1,0,0,0,1,263,3,50,0
1990,58,2,0,0,0,1,156,5,0,0
1990,27,1,0,0,0,0,22,1,40,0
1990,27,2,0,0,0,0,389,6,30,0
1990,58,1,2,0,0,0,883,1,44,0
1990,29,2,0,0,0,0,0,0,0,0
1990,29,1,0,0,0,0,243,2,70,0
1990,48,1,2,0,0,0,856,1,40,0
1990,21,1,1,0,0,1,436,3,24,0
1990,18,1,1,0,0,0,0,0,0,0
1990,46,1,0,0,0,0,715,1,40,0
1990,40,2,0,0,0,0,0,0,0,0
1990,20,1,1,0,0,0,507,4,40,0
1990,30,1,0,0,0,0,259,3,80,0
1990,27,2,0,0,0,0,439,3,36,0
1990,75,1,0,0,0,0,0,0,0,0
1990,67,2,0,0,0,0,0,0,0,0
1990,75,2,3,0,0,0,0,0,0,0
1990,43,1,0,0,0,0,628,1,40,0
1990,39,2,0,0,0,0,383,4,36,0
1990,18,1,1,0,0,0,877,3,18,0
1990,58,1,0,0,0,1,274,3,91,0
1990,60,2,0,0,0,0,436,3,84,0
1990,29,1,1,0,0,0,0,0,0,0
1990,21,2,1,0,0,0,444,6,32,0
1990,59,1,0,0,0,1,355,2,40,0
1990,57,2,0,0,0,0,0,0,0,0
1990,48,1,0,0,0,1,176,5,40,0
1990,47,2,0,0,0,0,0,0,0,0
1990,44,2,2,0,0,1,458,4,0,0
1990,41,1,1,0,0,0,0,0,0,0
1990,70,1,0,0,0,0,0,0,0,0
1990,69,2,0,0,0,0,0,0,0,0
1990,23,1,0,0,0,0,505,4,40,0
1990,22,2,0,0,2,0,447,5,0,0
1990,45,1,0,0,0,0,213,1,40,0
1990,44,2,0,0,0,0,0,0,0,0
1990,21,1,1,0,0,1,453,5,40,0
1990,38,2,2,0,0,0,744,1,40,0
1990,57,1,1,0,0,1,73,3,40,0
1990,42,2,3,0,0,1,255,4,40,0
1990,40,2,2,0,0,1,313,5,40,0
1990,39,2,2,0,0,0,449,4,30,0
1990,20,1,1,0,0,0,595,0,32,0
1990,41,2,1,0,0,1,373,1,40,0
1990,70,1,0,0,0,1,256,2,0,0
1990,67,2,0,0,0,0,264,3,37,0
1990,66,2,3,0,0,1,379,3,40,0
1990,26,1,3,0,0,0,779,1,40,0
1990,41,2,2,0,0,0,774,4,40,0
1990,52,1,3,0,0,0,804,2,40,1
1990,24,1,1,0,0,0,224,3,0,0
1990,52,1,0,0,0,1,628,1,50,1
1990,51,2,0,0,0,1,156,5,50,0
1990,21,2,1,0,0,1,0,0,0,0
1990,19,2,1,0,0,1,438,3,25,0
1990,77,1,0,0,0,1,253,4,50,0
1990,69,2,0,0,0,0,0,0,0,0
1990,23,2,1,0,0,0,323,3,40,0
1990,21,1,1,0,0,0,0,0,0,0
1990,72,2,3,0,0,0,0,0,0,0
1990,68,1,0,0,0,1,75,0,0,0
1990,64,2,0,0,0,0,0,0,0,0
1990,31,1,0,0,0,1,459,5,50,0
1990,29,2,0,0,0,0,0,0,0,0
1990,46,1,0,0,0,0,516,0,50,0
1990,32,2,0,0,0,0,785,1,40,0
1990,74,2,2,0,0,1,0,0,0,0
1990,41,1,1,0,0,0,316,6,0,0
1990,49,1,0,0,0,1,22,1,48,0
1990,42,2,0,0,0,1,188,1,25,0
1990,60,2,2,0,0,0,203,5,40,0
1990,74,2,3,0,0,0,473,0,0,0
1990,25,2,1,0,0,1,329,5,18,0
1990,76,1,0,0,0,0,0,0,0,0
1990,74,2,0,0,0,0,0,0,0,0
1990,78,2,3,0,0,0,0,0,0,0
1990,33,1,0,0,0,0,596,3,40,0
1990,28,2,0,0,0,0,447,5,37,0
1990,42,2,0,0,0,1,156,5,20,0
1990,41,1,0,0,0,1,567,0,40,0
1990,75,2,3,0,0,0,0,0,0,0
1990,73,2,3,0,0,0,313,3,0,0
1990,41,1,0,0,0,0,0,0,0,0
1990,38,2,0,0,0,0,436,3,46,0
1990,22,1,2,0,0,0,804,2,0,0
1990,59,2,3,0,0,0,156,5,37,0
1990,33,1,0,0,0,1,156,5,50,0
1990,27,2,0,0,0,1,156,5,40,0
1990,39,1,0,0,0,0,844,0,44,0
1990,36,2,0,0,0,0,355,2,40,0
1990,42,1,0,0,0,0,616,0,40,0
1990,38,2,0,0,0,0,744,1,40,0
1990,19,2,1,0,0,1,276,3,40,0
1990,67,1,3,0,0,0,529,2,40,0
1990,26,2,1,0,0,0,0,0,0,0
1990,53,1,0,0,0,1,558,0,60,0
1990,49,2,0,0,0,0,0,0,0,0
1990,29,1,1,0,0,0,869,0,45,0
1990,33,1,0,0,0,0,754,1,40,0
1990,32,2,0,0,0,0,888,1,40,0
1990,52,1,0,0,0,0,727,1,40,0
1990,47,2,0,0,0,0,0,0,0,0
1990,47,1,0,0,0,1,877,3,0,0
1990,42,2,0,0,0,0,449,5,38,0
1990,63,1,0,0,0,0,628,1,40,0
1990,48,2,0,0,0,0,276,3,56,0
1990,29,1,0,0,0,0,617,0,13,0
1990,28,2,0,0,0,0,276,3,0,0
1990,65,1,0,0,0,0,783,1,0,0
1990,53,2,0,0,0,0,436,5,40,0
1990,31,1,2,0,0,0,616,0,40,0
1990,66,1,0,0,0,0,779,2,0,0
1990,67,2,0,0,0,0,0,0,0,0
1990,35,1,2,0,0,0,869,2,40,0
1990,36,2,3,0,0,0,243,3,0,0
1990,63,2,3,0,0,0,0,0,0,0
1990,57,1,0,0,0,0,785,1,0,0
1990,50,2,0,0,0,0,447,6,0,0
1990,47,1,2,0,0,0,889,6,0,0
1990,21,2,1,0,0,1,0,0,0,0
1990,22,1,1,0,0,0,0,0,0,0
1990,73,2,3,0,0,0,444,5,37,0
1990,32,1,2,0,0,0,804,2,40,0
1990,80,2,3,0,0,0,0,0,0,0
1990,37,1,0,0,0,1,235,2,40,0
1990,37,2,0,0,0,1,315,5,37,0
1990,58,1,0,0,0,1,14,5,37,0
1990,54,2,0,0,0,0,313,5,37,0
1990,76,2,3,1,0,0,0,0,0,0
1990,38,1,0,0,0,1,804,1,20,0
1990,27,2,0,0,0,0,436,5,14,0
1990,38,2,0,0,0,0,447,5,40,0
1990,41,1,0,0,0,0,727,1,40,0
1990,18,2,1,0,0,0,444,5,30,0
1990,56,1,0,0,0,0,447,5,40,0
1990,54,2,0,0,0,0,264,3,29,0
1990,22,1,1,0,0,0,0,0,0,0
1990,25,2,3,0,0,0,479,0,0,0
1990,38,1,0,0,0,0,449,5,40,0
1990,36,2,0,0,0,0,207,5,40,0
1990,64,2,2,0,0,0,0,0,0,0
1990,62,1,0,0,0,0,355,2,30,0
1990,59,2,0,0,0,0,0,0,0,0
1990,32,1,0,0,0,1,804,2,40,0
1990,31,2,0,0,0,0,796,1,40,0
1990,40,1,0,0,0,1,806,1,70,0
1990,40,2,0,0,0,1,95,5,40,0
1990,18,2,1,0,0,1,0,0,0,0
1990,37,1,0,0,0,0,22,0,40,1
1990,34,2,0,0,0,0,796,1,0,0
1990,55,2,0,0,0,0,18,4,37,0
1990,52,1,0,0,0,0,0,0,0,0
1990,34,2,2,0,0,0,856,1,40,0
1990,18,1,1,0,0,0,866,0,40,0
1990,27,1,2,0,0,0,804,0,40,0
1990,34,1,0,0,0,0,844,0,40,0
1990,39,2,0,0,0,0,0,0,0,0
1990,64,2,3,0,0,0,447,5,0,0
1990,22,1,1,0,0,0,869,0,0,0
1990,47,1,0,0,0,1,189,4,50,0
1990,43,2,0,0,0,1,383,4,39,0
1990,59,2,0,0,0,0,0,0,0,0
1990,58,1,0,0,0,0,534,3,0,0
1990,44,1,0,0,0,0,514,1,40,0
1990,40,2,0,0,0,0,337,3,40,0
1990,62,1,0,0,0,0,849,6,0,0
1990,59,2,0,0,0,0,313,5,0,0
1990,33,1,0,0,0,0,496,1,54,0
1990,33,2,0,0,0,0,156,5,40,0
1990,24,1,0,0,0,0,869,0,40,0
1990,22,2,0,0,0,0,754,1,40,0
1990,57,1,0,0,0,1,14,5,40,1
1990,54,2,0,0,0,1,95,5,30,0
1990,57,1,0,0,0,0,577,2,40,0
1990,64,2,0,0,0,0,747,1,0,0
1990,37,2,1,0,0,1,95,5,3,0
1990,75,1,0,0,0,0,0,0,0,0
1990,63,2,0,0,0,1,436,5,40,0
1990,29,1,0,0,0,0,766,2,40,0
1990,28,2,0,0,0,1,17,3,40,0
1990,77,1,0,0,0,0,0,0,0,0
1990,65,2,0,0,0,0,754,3,48,0
1990,52,1,2,0,0,0,704,1,40,0
1990,59,1,2,0,0,0,0,0,0,0
1990,23,1,0,0,0,0,509,1,40,0
1990,21,2,0,0,0,0,276,3,0,0
1990,55,1,0,0,0,0,675,1,45,0
1990,54,2,0,0,0,0,0,0,0,0
1990,19,2,1,1,0,1,447,5,36,0
1990,74,1,0,0,0,0,0,0,0,0
1990,70,2,0,0,0,0,0,0,0,0
1990,47,1,0,1,0,0,889,1,40,0
1990,43,2,0,1,0,0,0,0,0,0
1990,24,2,1,1,0,0,579,3,40,0
1990,19,1,1,1,0,0,0,0,0,0
1990,51,1,0,0,0,0,696,4,40,1
1990,46,2,0,0,0,0,877,3,40,0
1990,19,1,0,0,0,0,567,0,40,0
1990,63,2,0,0,0,0,744,1,4,0
1990,73,1,0,0,0,0,0,0,0,0
1990,76,1,0,0,0,0,0,0,0,0
1990,77,2,0,0,0,0,0,0,0,0
1990,68,1,0,0,0,0,359,4,0,0
1990,62,2,0,0,0,0,0,0,0,0
1990,70,1,1,0,0,0,0,0,0,0
1990,19,2,1,0,0,1,156,5,50,0
1990,68,1,0,0,0,1,159,6,15,0
1990,66,2,0,0,0,0,436,5,7,0
1990,36,1,0,0,0,0,804,0,40,0
1990,32,2,0,0,0,0,877,3,25,0
1990,38,1,0,0,0,0,804,0,45,0
1990,36,2,0,0,0,0,243,3,35,0
1990,52,1,0,0,0,0,844,0,48,0
1990,50,2,0,0,0,0,687,3,40,0
1990,23,2,1,0,0,0,487,5,48,0
1990,72,2,3,0,0,0,0,0,0,0
1990,47,1,0,0,0,1,354,2,38,0
1990,43,2,0,0,0,1,243,3,5,0
1990,28,1,0,0,0,1,59,5,40,0
1990,24,2,0,0,2,1,235,3,40,0
1990,51,2,0,0,0,1,23,5,54,1
1990,51,1,0,0,0,1,22,5,75,1
1990,18,2,1,0,0,1,356,5,30,0
1990,67,1,1,0,0,0,0,0,0,0
1990,63,2,3,0,0,0,0,0,0,0
1990,62,2,1,0,0,1,157,5,40,1
1990,60,2,1,0,0,1,156,5,40,0
1990,55,1,1,0,0,0,0,0,0,0
1990,70,1,0,0,0,0,0,0,0,0
1990,67,2,0,0,0,0,0,0,0,0
1990,53,2,3,0,0,0,405,4,60,0
1990,51,1,2,0,0,0,0,0,0,0
1990,36,2,0,0,0,0,337,6,45,0
1990,40,1,0,0,0,0,516,0,40,0
1990,79,1,0,0,0,0,0,0,0,0
1990,73,2,0,0,0,0,274,3,30,0
1990,21,1,1,0,0,0,364,1,40,0
1990,25,1,1,0,0,0,755,1,0,0
1990,18,2,1,0,0,0,376,3,40,0
1990,23,1,0,0,0,0,804,1,40,0
1990,20,2,0,0,0,0,0,0,0,0
1990,68,1,0,0,0,0,0,0,0,0
1990,64,2,0,0,0,0,0,0,0,0
1990,65,1,3,0,0,1,379,0,40,0
1990,38,1,3,0,0,0,444,4,40,0
1990,26,2,1,0,0,0,447,5,40,0
1990,27,1,0,0,0,0,766,1,45,0
1990,24,2,0,0,0,0,436,3,40,0
1990,70,1,0,0,0,1,475,0,8,0
1990,68,2,0,0,0,1,0,0,0,0
1990,30,1,0,0,0,0,783,1,40,0
1990,30,2,0,0,0,0,0,0,0,0
1990,65,2,3,0,0,1,0,0,0,0
1990,41,1,0,0,0,0,0,0,0,0
1990,38,2,0,0,0,0,436,5,32,0
1990,20,2,1,0,0,1,339,3,10,0
1990,22,1,0,0,0,1,243,3,50,0
1990,22,2,0,0,0,1,435,3,40,0
1990,39,1,2,0,0,0,259,1,40,0
1990,69,2,1,1,0,0,0,0,0,0
1990,21,2,1,1,0,0,308,5,20,0
1990,24,1,0,0,0,1,538,3,40,0
1990,25,2,0,0,0,0,319,5,40,0
1990,74,1,3,0,0,1,0,0,0,0
1990,66,2,3,0,0,0,0,0,0,0
1990,27,1,2,0,0,0,844,0,40,0
1990,42,1,0,0,0,0,518,1,55,0
1990,31,2,0,0,0,1,316,6,0,0
1990,61,1,0,0,0,1,0,0,0,0
1990,56,2,0,0,0,1,274,6,28,0
1990,23,1,0,0,0,1,235,5,40,0
1990,23,2,0,0,0,1,5,6,40,0
1990,43,1,0,0,0,0,529,2,40,0
1990,43,2,0,0,0,0,0,0,0,0
1990,19,1,1,0,0,0,0,0,0,0
1990,36,1,0,0,0,1,909,6,0,0
1990,32,2,0,0,0,0,0,0,0,0
1990,23,1,1,0,0,0,877,3,40,0
1990,70,2,3,0,0,0,0,0,0,0
1990,64,1,0,0,0,0,0,0,0,0
1990,66,2,0,0,0,0,0,0,0,0
1990,19,1,1,0,0,0,505,3,55,0
1990,44,1,0,0,0,1,6,6,40,0
1990,45,2,0,0,0,0,447,5,8,0
1990,52,1,0,0,0,0,16,2,40,0
1990,51,2,0,0,0,0,436,5,37,0
1990,18,1,1,0,0,0,877,3,25,0
1990,61,1,0,0,0,0,426,4,40,0
1990,60,2,0,0,0,0,447,5,0,0
1990,45,1,0,0,0,1,21,5,40,0
1990,33,2,0,0,0,0,447,5,37,0
1990,66,2,3,0,0,0,0,0,0,0
1990,76,2,3,0,0,0,0,0,0,0
1990,56,1,0,0,0,1,79,0,50,0
1990,55,2,0,0,0,1,156,5,37,0
1990,46,1,0,0,0,0,22,2,40,0
1990,44,2,0,0,0,1,5,6,40,0
1990,38,1,0,0,0,0,243,3,55,0
1990,48,2,0,0,0,0,313,5,40,0
1990,28,1,1,0,0,1,343,3,38,0
1990,41,1,0,0,0,0,766,4,0,0
1990,34,2,0,0,0,0,444,3,0,0
1990,69,1,0,0,0,0,0,0,0,0
1990,62,2,0,0,0,1,159,5,40,0
1990,57,1,0,0,0,0,0,0,0,0
1990,41,2,0,0,0,0,0,0,0,0
1990,41,2,2,0,0,0,0,0,0,0
1990,54,1,0,0,0,0,368,1,45,0
1990,40,2,0,0,0,0,0,0,0,0
1990,19,1,1,0,0,0,479,0,40,0
1990,49,2,2,0,0,0,753,1,40,0
1990,68,1,0,0,0,0,0,0,0,0
1990,51,2,0,0,0,0,0,0,0,0
1990,21,2,1,0,0,0,0,0,0,0
1990,31,1,0,0,0,0,783,4,50,0
1990,27,2,0,0,0,1,174,6,40,0
1990,30,2,1,0,0,0,0,0,0,0
1990,52,2,2,0,0,0,379,5,40,0
1990,23,2,1,0,0,0,435,3,0,0
1990,66,1,0,0,0,0,0,0,0,0
1990,63,2,0,0,0,0,0,0,0,0
1990,41,1,1,0,0,0,36,0,40,0
1990,33,1,1,0,0,0,453,3,25,0
1990,40,1,0,0,0,0,783,5,40,0
1990,38,2,0,0,0,0,0,0,0,0
1990,67,1,0,0,0,1,23,6,32,0
1990,64,2,0,0,0,1,164,5,0,0
1990,71,2,3,0,0,1,0,0,0,1
1990,69,1,0,0,0,1,59,3,40,1
1990,65,2,0,0,0,1,0,0,0,0
1990,26,1,0,0,0,1,53,2,50,0
1990,25,2,0,0,0,1,23,2,42,0
1990,54,1,2,3,0,1,558,0,40,0
1990,55,2,2,0,0,0,385,5,25,0
1990,33,2,2,1,0,1,337,4,40,0
1990,37,1,0,0,0,0,243,3,48,0
1990,37,2,0,0,0,0,276,3,0,0
1990,72,1,0,0,0,0,0,0,0,0
1990,65,2,0,0,0,0,0,0,0,0
1990,45,1,2,0,0,1,26,5,50,1
1990,29,1,0,0,0,1,757,1,40,0
1990,25,2,0,0,0,0,313,3,40,0
1990,41,1,0,0,0,1,254,4,60,0
1990,45,2,0,0,0,1,386,3,50,0
1990,30,2,2,0,0,1,277,4,30,0
1990,37,1,0,0,0,1,22,1,45,1
1990,36,2,0,0,0,1,0,0,0,0
1990,56,2,3,0,0,1,319,6,30,0
1990,32,1,1,0,0,1,804,3,40,0
1990,61,1,0,0,0,1,0,0,0,0
1990,52,2,0,0,0,0,348,2,36,0
1990,70,2,3,0,0,0,0,0,0,0
1990,56,1,0,0,0,0,29,3,40,0
1990,40,2,0,0,0,0,276,3,15,0
1990,68,1,0,0,0,0,243,3,0,0
1990,69,2,0,0,0,0,22,3,0,0
1990,68,2,3,0,0,0,0,0,0,0
1990,40,1,0,0,0,1,577,2,92,0
1990,42,2,0,0,0,0,874,1,29,0
1990,18,1,1,0,0,0,0,0,0,0
1990,66,1,2,0,0,0,748,5,40,0
1990,40,1,3,0,0,0,0,0,0,0
1990,59,1,2,0,0,0,0,0,0,0
1990,26,1,0,0,0,1,235,1,50,0
1990,23,2,0,0,0,1,313,6,40,0
1990,66,1,0,0,0,1,0,0,0,0
1990,61,2,0,0,0,0,436,5,40,0
1990,53,1,0,0,0,1,628,1,42,1
1990,47,2,0,0,0,0,0,0,0,0
1990,25,1,1,0,0,0,877,3,25,0
1990,41,2,1,0,0,0,0,0,0,0
1990,50,1,0,0,0,0,616,0,0,0
1990,49,2,0,0,0,0,436,5,0,0
1990,50,1,0,0,0,0,243,3,40,0
1990,50,2,0,0,0,0,313,4,0,0
1990,20,1,1,0,0,1,889,1,40,0
1990,21,1,1,0,0,1,274,3,32,0
1990,19,2,1,0,0,1,0,0,0,0
1990,45,1,0,0,0,1,157,5,50,0
1990,29,2,0,0,0,0,313,4,40,0
1990,19,1,1,0,0,0,904,6,30,0
1990,36,2,2,0,0,0,439,3,40,0
1990,19,1,1,0,0,1,426,5,30,0
1990,67,2,1,0,0,0,0,0,0,0
1990,69,1,0,1,0,0,0,0,0,0
1990,62,2,0,1,0,0,0,0,0,0
1990,55,1,0,0,0,0,777,1,40,0
1990,51,2,0,0,0,0,0,0,0,0
1990,21,2,1,0,0,0,379,3,35,0
1990,47,1,0,0,0,1,25,6,40,0
1990,46,2,0,0,0,0,335,6,40,0
1990,23,1,1,0,0,1,689,1,40,0
1990,20,2,1,0,0,1,276,3,25,0
1990,67,2,1,0,0,1,157,5,0,0
1990,49,1,0,0,0,0,575,0,50,0
1990,47,2,0,0,0,1,337,4,35,0
1990,41,2,2,0,0,0,757,1,40,0
1990,51,1,2,0,0,0,579,4,40,0
1990,63,1,0,0,0,1,757,1,41,0
1990,61,2,0,0,0,0,0,0,0,0
1990,70,1,0,0,0,0,0,0,0,0
1990,67,2,0,0,0,0,0,0,0,0
1990,69,1,0,0,0,0,0,0,0,0
1990,61,2,0,0,0,0,446,5,40,0
1990,63,1,0,0,0,1,23,1,0,0
1990,63,2,0,0,0,1,156,5,40,0
1990,39,1,0,0,0,1,65,2,40,0
1990,38,2,0,0,0,1,156,5,7,0
1990,66,1,0,0,0,0,0,0,0,0
1990,70,2,0,0,0,0,0,0,0,0
1990,55,1,0,0,0,0,646,1,0,0
1990,51,2,0,0,0,0,0,0,0,0
1990,20,2,3,0,0,0,365,3,0,0
1990,49,1,0,0,0,0,866,0,40,0
1990,46,2,0,0,0,0,0,0,0,0
1990,21,1,1,0,0,0,883,1,40,0
1990,78,1,0,0,0,0,0,0,0,0
1990,63,2,0,0,0,0,0,0,0,0
1990,47,1,3,0,0,0,0,0,0,0
1990,36,2,2,0,0,0,0,0,0,0
1990,43,1,0,0,0,1,426,6,40,1
1990,44,2,0,0,0,1,159,5,20,0
1990,21,2,1,0,0,1,27,0,0,0
1990,25,1,0,0,0,1,567,0,40,0
1990,30,2,0,0,0,0,473,0,40,0
1990,46,1,0,0,0,0,503,1,40,0
1990,42,2,0,0,0,0,0,0,0,0
1990,21,2,1,0,0,0,344,4,40,0
1990,34,1,0,0,0,1,224,1,40,0
1990,30,2,0,0,0,0,9,5,0,0
1990,48,1,0,0,0,0,453,1,44,0
1990,44,2,0,0,0,0,337,1,0,0
1990,79,1,0,0,0,0,0,0,0,0
1990,70,2,0,0,0,0,0,0,0,0
1990,34,1,0,0,0,1,22,0,50,0
1990,30,2,0,0,0,0,274,3,32,0
1990,68,2,3,0,0,0,0,0,0,0
1990,73,1,0,0,0,0,869,0,40,1
1990,70,2,0,0,0,0,0,0,0,0
1990,43,1,0,0,0,0,616,0,48,0
1990,36,2,0,0,0,0,435,3,0,0
1990,60,1,0,0,0,0,616,0,0,0
1990,50,2,0,0,0,0,447,5,40,0
1990,65,1,0,0,0,0,0,0,0,0
1990,62,2,0,0,0,0,0,0,0,0
1990,66,1,0,0,0,0,0,0,0,0
1990,62,2,0,0,0,0,0,0,0,0
1990,36,1,0,0,0,1,616,0,40,0
1990,35,2,0,0,0,1,313,3,40,0
1990,27,2,2,0,0,0,0,0,0,0
1990,69,1,0,0,0,0,878,1,0,0
1990,70,2,0,0,0,0,0,0,0,0
1990,32,1,1,0,0,0,0,0,0,0
1990,51,2,3,0,0,0,0,0,0,0
1990,37,1,0,0,0,1,22,0,8,0
1990,37,2,0,0,0,1,313,5,40,0
1990,62,1,0,0,0,0,523,3,40,0
1990,55,2,0,0,0,0,0,0,0,0
1990,33,1,1,0,0,0,567,0,0,0
1990,69,2,3,0,0,0,0,0,0,0
1990,47,2,2,0,0,1,185,1,60,0
1990,36,1,0,0,0,1,256,2,40,1
1990,33,2,0,0,0,1,156,5,25,0
1990,45,1,0,0,0,1,159,5,34,0
1990,40,2,0,0,0,1,156,5,40,0
1990,37,2,2,0,0,1,433,3,60,0
1990,25,2,1,0,0,0,26,3,0,0
1990,68,1,0,0,0,1,0,0,0,0
1990,67,2,0,0,0,1,0,0,0,0
1990,32,1,0,0,0,1,243,3,49,0
1990,31,2,0,0,0,1,434,4,30,0
1990,77,1,0,0,0,0,0,0,0,0
1990,73,2,0,0,0,0,0,0,0,0
1990,53,1,0,3,3,1,84,5,60,1
1990,43,2,0,0,0,1,22,5,30,0
1990,19,1,1,3,3,1,453,5,4,0
1990,54,1,0,0,0,0,779,3,40,0
1990,54,2,0,0,0,0,277,3,25,0
1990,26,2,0,0,0,1,335,6,18,0
1990,22,1,0,0,0,0,804,3,0,0
1990,44,1,0,0,0,1,176,5,60,0
1990,44,2,0,0,0,1,156,5,20,0
1990,79,1,1,0,0,0,0,0,0,0
1990,58,2,2,0,0,0,0,0,0,0
1990,36,2,1,0,0,0,0,0,0,0
1990,56,1,1,0,0,0,804,0,40,0
1990,49,1,1,0,0,1,269,3,42,0
1990,52,2,1,0,0,0,0,0,0,0
1990,36,1,0,0,0,0,808,5,40,0
1990,36,2,0,0,0,1,628,5,37,0
1990,56,1,0,0,0,0,768,1,40,0
1990,54,2,0,0,0,0,0,0,0,0
1990,41,1,0,0,0,1,14,5,40,0
1990,40,2,0,0,0,0,313,5,45,0
1990,18,2,1,0,0,0,337,4,45,0
1990,47,1,0,0,0,0,53,2,40,1
1990,40,2,0,0,0,1,95,5,8,0
1990,52,2,2,0,0,1,376,2,40,0
1990,54,1,0,0,0,0,243,3,80,0
1990,49,2,0,0,0,0,243,3,8,0
1990,24,1,0,0,0,0,407,4,40,0
1990,25,2,0,0,0,0,435,3,21,0
1990,58,1,0,0,0,0,218,2,40,0
1990,58,2,0,0,0,1,313,5,40,0
1990,37,1,0,0,0,0,756,1,44,0
1990,32,2,0,0,0,0,0,0,0,0
1990,25,1,0,0,0,0,479,0,35,0
1990,19,2,0,0,0,0,0,0,0,0
1990,28,1,2,0,0,0,479,0,35,0
1990,43,2,2,0,0,1,157,5,40,0
1990,34,1,0,0,0,1,779,1,40,0
1990,34,2,0,0,0,0,0,0,0,0
1990,18,1,1,0,0,0,276,3,35,0
1990,50,1,0,0,0,0,593,1,56,0
1990,36,2,0,0,0,0,0,0,0,0
1990,26,1,0,0,0,0,657,1,40,0
1990,21,2,0,0,0,1,426,2,40,0
1990,66,1,0,0,0,1,243,3,45,1
1990,62,2,0,0,0,1,156,5,40,0
1990,58,1,0,0,0,0,457,4,43,0
1990,55,2,0,0,0,0,0,0,0,0
1990,21,1,1,0,0,1,275,5,20,0
1990,19,2,1,0,0,1,0,0,0,0
1990,60,1,0,0,0,0,0,0,0,0
1990,54,2,0,0,0,0,276,3,0,0
1990,29,1,2,0,0,0,459,5,60,0
1990,27,1,1,0,0,0,0,0,0,0
1990,52,1,0,0,0,0,243,3,60,1
1990,52,2,0,0,0,0,337,4,40,0
1990,73,2,3,0,0,0,0,0,0,0
1990,32,1,0,0,0,1,503,3,60,0
1990,32,2,0,0,0,0,466,5,55,0
1990,50,1,0,0,0,1,206,5,43,0
1990,53,2,0,0,0,0,0,0,0,0
1990,57,1,0,0,0,0,0,0,0,0
1990,42,2,0,0,0,0,0,0,0,0
1990,45,2,0,0,0,0,0,0,0,0
1990,40,2,2,0,0,0,0,0,0,0
1990,21,1,1,0,0,0,535,1,0,0
1990,72,2,3,0,0,0,0,0,0,0
1990,67,2,3,0,0,0,0,0,0,0
1990,75,2,0,0,0,1,0,0,0,0
1990,62,2,3,0,0,0,0,0,0,0
1990,25,2,2,0,0,1,379,2,40,0
1990,70,1,0,0,0,0,0,0,0,0
1990,64,2,0,0,0,0,0,0,0,0
1990,23,1,0,0,0,0,567,0,35,0
1990,19,2,0,0,0,0,744,1,0,0
1990,43,1,0,0,0,0,366,2,40,0
1990,42,2,0,0,0,0,436,3,40,0
1990,18,2,1,0,0,0,274,3,36,0
1990,29,2,0,0,0,0,313,3,40,0
1990,34,1,0,0,0,0,616,0,40,0
1990,48,2,3,0,0,0,0,0,0,0
1990,38,1,0,0,0,0,516,0,40,0
1990,33,2,0,0,0,0,234,6,40,0
1990,43,1,0,0,0,1,909,6,0,0
1990,41,2,0,0,0,0,0,0,0,0
1990,56,1,0,0,0,0,616,0,0,0
1990,51,2,0,0,0,0,0,0,0,0
1990,31,1,2,0,0,0,909,6,0,0
1990,72,1,0,0,0,0,0,0,0,0
1990,68,2,0,0,0,0,0,0,0,0
1990,35,1,0,1,4,1,96,3,50,0
1990,30,2,0,1,4,1,666,4,0,0
1990,66,1,0,0,0,0,575,1,0,0
1990,61,2,0,0,0,1,156,5,40,0
1990,23,1,1,0,0,0,877,3,40,0
1990,29,2,1,0,0,0,466,5,15,0
1990,34,1,0,0,0,0,804,0,40,0
1990,33,2,0,0,0,0,276,3,40,0
1990,72,1,3,0,0,1,22,4,40,1
1990,35,1,1,3,3,1,103,5,40,0
1990,42,2,3,0,0,0,0,0,0,0
1990,65,1,3,0,0,0,804,0,0,0
1990,32,1,0,0,0,0,889,3,40,0
1990,36,2,0,0,0,0,0,0,0,0
1990,76,1,3,0,0,0,0,0,0,0
1990,67,1,3,0,0,0,0,0,0,0
1990,24,1,1,0,0,0,869,0,40,0
1990,23,2,1,0,0,0,436,3,0,0
1990,25,1,1,0,0,0,599,4,0,0
1990,20,1,1,0,0,0,505,4,0,0
1990,38,2,1,0,0,0,0,0,0,0
1990,45,2,2,0,0,0,869,0,0,0
1990,36,2,0,0,0,1,0,0,0,0
1990,36,1,0,0,0,0,243,4,0,0
1990,27,1,0,0,0,0,558,0,50,0
1990,38,2,0,0,0,1,313,5,40,0
1990,27,2,1,0,0,1,376,5,40,0
1990,76,2,3,0,0,0,0,0,0,0
1990,27,2,1,0,0,1,453,5,0,0
1990,73,1,0,0,0,0,254,4,15,0
1990,66,2,0,0,0,0,0,0,0,0
1990,43,2,0,0,0,0,529,0,48,1
1990,38,1,0,0,0,0,313,3,60,0
1990,25,1,0,0,0,0,275,3,30,0
1990,27,2,0,0,0,0,439,3,0,0
1990,55,1,0,0,0,0,855,0,40,0
1990,60,2,0,0,0,0,0,0,0,0
1990,73,2,3,0,0,0,274,3,0,0
1990,39,1,1,0,0,0,368,2,40,0
1990,25,2,1,0,0,1,15,5,40,0
1990,25,1,1,0,0,1,637,1,40,0
1990,26,1,1,0,0,1,216,5,20,0
1990,73,2,0,0,0,0,0,0,0,0
1990,18,2,3,0,0,1,877,3,20,0
1990,19,2,1,0,0,1,276,3,0,0
1990,19,2,1,0,0,0,276,3,0,0
1990,18,2,1,0,0,1,276,3,0,0
1990,62,2,3,0,0,0,335,3,0,0
1990,80,2,3,0,0,1,0,0,0,0
1990,38,1,0,0,0,0,213,5,40,0
1990,30,2,0,0,0,0,0,0,0,0
1990,80,2,3,0,0,0,0,0,0,0
1990,63,2,2,0,0,0,315,5,0,0
1990,62,1,0,0,2,1,22,0,60,1
1990,61,2,0,0,2,0,0,0,0,0
1990,71,2,3,1,0,0,0,0,0,0
1990,38,2,2,1,0,1,444,5,20,0
1990,27,1,1,1,0,0,453,5,32,0
1990,21,2,1,1,0,0,444,5,32,0
1990,32,1,1,1,0,0,444,3,50,0
1990,43,1,0,0,0,0,696,1,40,0
1990,41,2,0,0,0,0,467,5,24,0
1990,21,2,1,0,0,1,276,3,10,0
1990,59,1,0,0,0,0,768,1,40,0
1990,54,2,0,0,0,0,447,5,0,0
1990,25,1,0,0,0,1,637,1,40,0
1990,21,2,0,0,0,1,206,5,30,0
1990,24,1,1,0,0,1,276,3,40,0
1990,67,2,2,0,0,0,243,3,19,0
1990,51,1,2,0,0,1,0,0,0,0
1990,32,2,1,0,0,0,475,0,33,0
1990,65,1,0,0,0,0,0,0,0,0
1990,62,2,0,0,0,0,0,0,0,0
1990,19,1,1,0,0,0,0,0,0,0
1990,32,1,0,0,0,1,178,5,50,0
1990,32,2,0,0,0,1,156,5,40,0
1990,33,1,0,0,0,0,567,2,40,0
1990,35,2,0,0,0,1,276,3,20,0
1990,67,2,3,1,0,1,0,0,0,0
1990,46,2,2,1,0,1,315,5,40,0
1990,28,1,1,1,0,0,808,5,40,0
1990,23,2,1,1,0,0,444,5,6,0
1990,69,2,3,0,0,0,0,0,0,0
1990,40,2,2,0,0,1,243,3,40,0
1990,52,1,3,0,0,0,0,0,0,0
1990,61,1,0,0,0,1,613,0,54,1
1990,60,2,0,0,0,1,15,5,45,0
1990,71,1,0,0,0,0,0,0,0,0
1990,65,2,0,0,0,0,265,3,32,0
1990,37,1,0,0,0,0,22,0,45,0
1990,36,2,0,0,0,1,259,3,40,0
1990,71,1,0,0,0,0,0,0,0,0
1990,72,2,0,0,0,0,0,0,0,0
1990,50,2,2,0,0,1,877,3,40,0
1990,46,1,0,0,0,0,616,0,0,0
1990,44,2,0,0,0,1,156,5,40,0
1990,33,2,2,0,0,0,276,3,20,0
1990,65,1,0,0,0,0,0,0,0,0
1990,67,2,0,0,0,0,0,0,0,0
1990,59,1,0,0,0,0,575,0,40,0
1990,55,2,0,0,0,0,0,0,0,0
1990,66,2,3,0,0,0,0,0,0,0
1990,48,1,0,0,0,0,613,0,98,0
1990,42,2,0,0,0,0,203,5,40,0
1990,65,1,0,0,0,1,226,2,0,0
1990,64,2,0,0,0,1,0,0,0,0
1990,49,1,0,0,0,0,909,6,0,0
1990,44,2,0,0,0,0,869,0,40,0
1990,30,1,3,0,0,1,217,1,40,0
1990,63,1,0,0,0,0,0,0,0,0
1990,54,2,0,0,0,1,0,0,0,0
1990,62,1,0,0,0,0,318,2,0,0
1990,55,2,0,0,0,0,547,2,0,0
1990,48,1,0,0,0,0,755,1,55,0
1990,41,2,0,0,0,0,0,0,0,0
1990,35,2,2,0,0,0,436,5,40,0
1990,34,1,0,0,0,1,229,6,20,0
1990,21,2,0,0,0,1,339,5,40,0
1990,35,1,0,0,0,0,637,1,50,0
1990,36,2,0,0,0,0,447,2,36,0
1990,18,1,1,0,0,0,0,0,0,0
1990,25,1,3,0,0,1,806,3,82,0
1990,38,1,0,0,0,0,616,0,80,0
1990,35,2,0,0,0,1,259,1,40,0
1990,24,1,0,0,0,0,804,1,45,0
1990,22,2,0,0,0,0,313,5,35,0
1990,39,1,0,0,0,0,243,4,48,0
1990,30,2,0,0,0,0,889,2,40,0
1990,60,2,2,0,0,0,0,0,0,0
1990,67,2,1,0,0,0,0,0,0,0
1990,50,1,3,0,0,0,0,0,0,0
1990,70,2,3,0,0,0,0,0,0,0
1990,58,2,3,0,0,0,0,0,0,0
1990,78,2,3,0,0,0,0,0,0,0
1990,46,1,1,0,0,0,804,0,0,0
1990,64,1,0,0,0,0,0,0,0,0
1990,70,2,0,0,0,0,0,0,0,0
1990,36,1,0,0,0,0,22,0,60,0
1990,39,2,0,0,0,1,243,3,50,0
1990,30,2,1,0,0,0,0,0,0,0
1990,75,2,3,0,0,0,0,0,0,0
1990,64,1,2,0,0,0,859,0,0,0
1990,57,1,0,0,0,0,804,2,60,0
1990,53,2,0,0,0,0,443,3,40,0
1990,24,1,1,0,0,1,379,5,40,0
1990,78,1,0,0,0,0,0,0,0,0
1990,68,2,0,0,0,0,0,0,0,0
1990,44,1,2,0,0,0,889,0,40,0
1990,75,2,3,0,0,0,0,0,0,0
1990,44,1,2,0,0,0,0,0,0,0
1990,53,2,3,0,0,0,0,0,0,0
1990,30,1,2,0,0,0,683,1,25,0
1990,56,1,0,0,0,1,473,0,60,0
1990,54,2,0,0,0,0,383,4,40,0
1990,67,1,0,1,0,0,0,0,0,0
1990,61,2,0,1,0,0,0,0,0,0
1990,64,1,0,0,0,0,259,3,8,0
1990,62,2,0,0,0,0,22,5,0,0
1990,27,1,0,0,0,0,727,1,40,0
1990,26,2,0,0,0,0,0,0,0,0
1990,43,2,0,0,0,0,365,0,40,0
1990,39,1,0,0,0,0,616,0,40,0
1990,39,1,2,0,0,0,785,1,0,0
1990,29,2,2,0,0,0,436,3,0,0
1990,41,1,0,0,0,0,0,0,0,0
1990,39,2,0,0,0,0,0,0,0,0
1990,26,1,1,0,0,0,0,0,0,0
1990,39,1,1,1,0,0,889,2,0,0
1990,62,2,3,1,0,0,435,3,40,0
1990,69,2,3,0,0,0,0,0,0,0
1990,30,1,0,0,0,0,453,5,40,0
1990,27,2,0,0,0,0,435,3,0,0
1990,70,2,3,0,0,0,0,0,0,0
1990,46,1,0,0,0,0,22,4,50,1
1990,43,2,0,0,0,0,337,4,20,0
1990,75,1,0,0,0,1,187,2,0,0
1990,65,2,0,0,0,0,16,2,40,0
1990,26,1,0,0,0,0,749,1,40,0
1990,23,2,0,0,2,0,276,3,40,0
1990,31,1,0,0,0,0,869,0,40,0
1990,26,2,0,0,0,0,888,1,40,0
1990,56,1,0,0,0,1,217,1,40,0
1990,50,2,0,0,0,0,436,5,40,0
1990,46,2,2,0,0,1,95,6,40,0
1990,72,2,3,0,0,0,0,0,0,0
1990,77,1,0,0,0,0,0,0,0,0
1990,72,2,0,0,0,0,0,0,0,0
1990,31,1,0,0,0,1,458,4,50,0
1990,30,2,0,0,0,0,458,4,50,0
1990,41,1,0,0,0,0,217,1,40,0
1990,43,2,0,0,0,0,257,4,15,0
1990,52,1,0,0,0,0,36,6,50,0
1990,45,2,0,0,0,1,274,3,22,0
1990,19,1,1,0,0,0,804,2,40,0
1990,40,1,0,2,0,1,597,0,40,0
1990,41,2,0,0,0,0,276,3,18,0
1990,19,2,1,0,0,0,276,3,0,0
1990,22,1,2,0,0,1,17,3,50,0
1990,35,1,0,0,0,1,414,6,45,0
1990,31,2,0,0,0,1,254,4,40,0
1990,32,1,1,0,3,0,567,0,40,0
1990,34,1,0,2,1,0,856,2,40,0
1990,29,2,0,2,0,0,368,4,40,0
1990,18,1,1,0,0,0,453,4,40,0
1990,19,1,1,0,0,0,506,2,40,0
1990,19,1,1,0,0,0,243,3,40,0
1990,79,2,3,0,0,1,195,1,18,0
1990,32,1,0,0,0,1,156,5,55,1
1990,28,2,0,0,0,1,439,3,15,0
1990,30,1,1,0,2,1,154,5,18,0
1990,24,1,1,0,0,1,379,5,5,0
1990,19,2,1,0,0,1,439,3,38,0
1990,18,1,1,0,0,1,276,5,64,0
1990,22,1,1,0,0,1,453,4,64,0
1990,21,1,1,0,0,1,436,3,30,0
1990,44,1,1,0,0,1,875,2,30,0
1990,54,1,1,0,0,0,269,3,32,1
1990,71,2,3,0,0,0,0,0,0,0
1990,41,1,0,0,0,1,53,0,45,0
1990,44,2,0,0,0,0,267,3,20,0
1990,77,1,0,0,0,0,473,0,40,0
1990,74,2,0,0,0,1,0,0,0,0
1990,56,2,2,0,0,0,466,5,50,0
1990,62,1,0,0,0,1,235,4,10,0
1990,59,2,0,0,0,1,338,4,30,0
1990,27,1,0,0,0,1,737,4,48,0
1990,26,2,0,0,0,1,22,4,50,0
1990,54,1,1,0,0,1,59,0,40,0
1990,24,1,0,1,0,0,436,6,72,0
1990,22,2,0,1,0,1,276,3,30,0
1990,55,1,0,0,0,0,323,2,40,0
1990,47,2,0,0,0,0,313,5,50,0
1990,36,1,2,0,0,1,454,1,40,0
1990,20,1,1,0,0,0,804,2,30,0
1990,19,1,1,0,1,0,883,2,30,0
1990,27,2,2,0,0,0,23,6,40,0
1990,46,1,0,0,0,0,503,2,40,0
1990,47,2,0,0,0,0,23,4,40,0
1990,19,1,1,0,0,0,529,2,40,0
1990,59,2,0,0,0,1,0,0,0,0
1990,52,1,0,0,0,0,473,0,40,0
1990,49,2,0,0,0,1,435,2,8,0
1990,25,1,1,0,0,0,507,0,40,0
1990,51,1,0,0,0,0,567,6,40,0
1990,51,2,0,0,0,0,14,5,30,0
1990,45,1,3,0,0,0,475,0,40,0
1990,56,1,0,0,0,0,885,3,40,0
1990,51,2,0,0,0,0,0,0,0,0
1990,42,1,0,0,0,1,567,2,50,0
1990,36,2,0,0,0,0,447,6,0,0
1990,43,2,3,0,0,0,877,3,35,0
1990,29,1,0,0,0,0,804,0,58,0
1990,31,2,0,0,0,0,436,3,0,0
1990,42,1,0,0,0,1,363,2,60,1
1990,40,2,0,0,0,1,0,0,0,0
1990,19,1,1,0,2,0,725,1,40,0
1990,60,1,0,0,0,0,17,3,99,1
1990,53,2,0,0,0,0,313,5,40,0
1990,28,1,0,0,0,1,496,1,40,0
1990,25,2,0,0,0,1,339,6,40,0
1990,73,2,3,0,0,0,0,0,0,0
1990,65,1,0,0,0,0,22,1,0,0
1990,57,2,0,0,0,1,22,6,40,0
1990,55,1,0,0,0,0,885,3,42,0
1990,50,2,0,0,0,1,337,3,35,0
1990,29,1,1,0,0,1,22,3,40,0
1990,73,1,0,0,0,0,804,5,8,0
1990,66,2,0,0,0,0,0,0,0,0
1990,50,1,3,0,0,1,475,0,45,0
1990,67,2,3,0,0,0,379,5,40,0
1990,24,1,0,0,0,1,486,0,45,0
1990,22,2,0,0,0,1,335,4,40,0
1990,37,1,0,0,0,1,363,3,40,0
1990,36,2,0,2,1,1,379,6,60,0
1990,21,2,2,0,0,0,748,5,35,0
1990,33,1,2,0,0,0,593,0,48,0
1990,68,2,3,0,0,1,95,5,12,0
1990,38,1,2,0,0,1,453,5,3,0
1990,28,2,2,0,0,1,376,6,40,0
1990,50,1,0,0,0,0,804,2,40,0
1990,49,2,0,0,0,1,0,0,0,0
1990,33,1,1,0,0,0,889,3,0,0
1990,37,1,0,0,0,0,869,0,40,0
1990,44,2,0,0,0,0,337,0,40,0
1990,50,1,0,0,0,1,575,0,55,0
1990,38,2,0,0,0,0,434,3,40,0
1990,18,2,1,0,0,0,385,5,20,0
1990,31,1,0,0,0,1,217,0,40,0
1990,37,2,0,0,0,1,355,2,40,0
1990,34,1,0,0,0,1,475,0,60,0
1990,34,2,0,0,0,1,156,5,40,0
1990,56,1,0,0,0,1,218,5,40,0
1990,61,2,0,0,0,1,444,5,25,0
1990,67,2,2,0,0,0,453,5,0,0
1990,34,1,0,0,0,0,889,3,50,0
1990,27,2,0,0,0,0,453,5,35,0
1990,64,1,3,0,1,0,0,0,0,0
1990,44,2,2,0,2,1,313,5,35,0
1990,35,1,0,0,0,1,804,0,50,0
1990,35,2,0,0,0,1,365,3,25,0
1990,53,1,0,3,0,1,696,0,50,0
1990,44,2,0,3,0,1,14,5,16,0
1990,25,1,3,0,0,0,558,0,40,0
1990,36,1,1,0,0,0,853,1,40,0
1990,46,1,0,0,0,0,516,0,40,0
1990,36,2,0,0,0,0,276,3,30,0
1990,58,1,0,0,0,1,176,5,48,0
1990,51,2,0,0,0,1,18,5,40,0
1990,61,2,3,0,0,0,319,5,29,0
1990,32,1,0,0,0,0,804,2,60,0
1990,31,2,0,0,0,0,17,3,35,0
1990,51,1,0,0,0,1,783,0,40,0
1990,44,2,0,0,0,1,155,5,35,0
1990,76,2,3,0,0,0,0,0,0,0
1990,60,1,1,0,0,0,29,3,47,1
1990,59,1,1,0,0,1,575,1,40,0
1990,53,1,0,0,0,1,35,5,40,0
1990,52,2,0,0,0,1,243,3,50,0
1990,57,1,3,0,0,0,453,6,0,0
1990,39,1,0,0,0,1,473,0,97,0
1990,46,2,0,0,0,1,447,5,28,0
1990,51,1,0,0,0,1,599,6,84,0
1990,44,2,0,0,0,1,457,4,42,0
1990,21,2,1,0,0,1,317,4,30,0
1990,69,2,2,0,0,1,453,5,0,0
1990,62,2,3,0,0,0,0,0,0,0
1990,23,2,1,0,0,0,444,3,0,0
1990,58,1,0,0,0,1,156,5,60,0
1990,49,2,0,0,0,1,156,5,0,0
1990,22,2,1,0,0,0,387,5,20,0
1990,18,1,1,0,0,0,407,4,9,0
1990,36,1,0,0,0,1,595,0,40,0
1990,29,2,0,0,0,1,435,3,15,0
1990,45,1,0,0,0,0,804,2,40,0
1990,44,2,0,0,0,0,277,3,20,0
1990,25,2,1,0,0,0,313,4,50,0
1990,79,1,0,0,0,0,0,0,0,0
1990,68,2,0,0,0,0,453,2,10,0
1990,49,2,0,0,0,1,479,0,80,0
1990,68,1,0,0,0,0,558,0,8,0
1990,26,1,1,0,0,0,479,0,0,0
1990,40,1,0,0,0,0,575,0,40,0
1990,38,2,0,0,0,0,313,5,40,0
1990,39,1,0,0,0,1,507,4,40,0
1990,40,2,0,0,0,1,156,5,35,0
1990,49,1,0,0,0,1,354,2,60,1
1990,58,2,0,0,0,0,318,2,40,0
1990,65,1,0,0,0,0,266,3,25,0
1990,65,2,0,0,0,1,266,3,25,0
1990,41,1,1,0,0,0,426,4,40,0
1990,26,1,1,0,0,0,757,1,40,0
1990,43,1,0,0,0,1,156,5,50,0
1990,39,2,0,0,0,1,436,3,0,0
1990,32,1,0,0,0,1,699,2,40,0
1990,22,2,0,0,0,0,253,4,40,0
1990,40,1,0,0,0,1,46,0,50,1
1990,35,2,0,0,0,0,339,2,2,0
1990,26,1,0,0,0,0,614,0,90,0
1990,22,2,0,0,0,0,449,4,0,0
1990,37,1,0,0,0,1,22,0,60,1
1990,34,2,0,2,1,1,435,3,0,0
1990,51,1,0,0,0,1,243,3,40,1
1990,46,2,0,0,0,1,243,3,20,0
1990,36,1,0,0,0,1,503,3,40,0
1990,29,2,0,0,0,1,13,3,40,0
1990,27,1,0,0,0,0,566,1,50,0
1990,25,2,0,0,0,0,243,3,40,0
1990,30,1,0,0,0,0,616,0,50,0
1990,29,2,0,0,0,1,308,5,40,0
1990,38,2,1,0,0,1,206,5,50,0
1990,36,1,1,0,0,1,95,5,40,0
1990,42,1,1,0,0,1,96,3,40,0
1990,30,2,1,0,0,1,583,0,35,0
1990,27,2,1,0,0,1,426,4,40,0
1990,42,1,0,0,0,1,53,5,40,0
1990,33,2,0,0,0,1,0,0,0,0
1990,35,1,0,0,0,1,418,6,45,0
1990,31,2,0,0,0,1,355,2,20,0
1990,43,1,0,0,0,1,523,4,60,0
1990,44,2,0,0,0,1,363,0,41,0
1990,21,1,1,0,0,1,453,3,30,0
1990,60,2,3,0,0,1,95,5,40,0
1990,53,1,0,0,0,1,853,0,40,0
1990,45,2,0,0,0,1,156,5,50,0
1990,35,1,0,0,0,0,563,0,60,0
1990,33,2,0,0,0,0,427,6,40,0
1990,31,1,0,0,0,0,269,3,45,0
1990,29,2,0,0,0,1,313,0,40,0
1990,30,1,0,0,0,0,616,0,40,0
1990,31,2,0,0,0,0,27,5,32,0
1990,27,2,1,0,0,1,174,6,40,0
1990,47,1,0,0,0,0,797,0,40,0
1990,46,2,0,0,0,1,22,4,40,1
1990,21,1,1,0,0,1,509,3,30,0
1990,72,1,0,0,0,0,0,0,0,0
1990,70,2,0,0,0,0,0,0,0,0
1990,71,1,0,0,0,0,727,1,10,0
1990,67,2,0,0,0,0,453,5,15,0
1990,26,1,0,0,0,0,507,0,55,0
1990,26,2,0,0,0,0,364,2,25,0
1990,35,1,0,0,0,1,804,2,45,0
1990,32,2,0,0,0,1,318,2,30,0
1990,29,1,0,0,0,0,783,4,45,0
1990,34,2,0,0,0,0,276,3,30,0
1990,41,1,0,0,0,1,46,0,40,0
1990,42,2,0,0,4,0,0,0,0,0
1990,28,1,0,0,0,1,156,5,40,0
1990,24,2,0,0,0,1,433,3,35,0
1990,34,1,0,0,0,1,727,1,40,0
1990,34,2,0,0,0,1,154,5,40,0
1990,43,1,0,0,0,0,855,0,50,0
1990,43,2,0,0,0,0,0,0,0,0
1990,19,1,1,0,0,1,473,0,40,0
1990,38,1,0,0,0,1,243,3,40,1
1990,39,2,0,0,0,1,207,5,0,0
1990,67,1,0,0,0,1,0,0,0,1
1990,61,2,0,0,0,0,0,0,0,0
1990,72,1,0,0,0,0,486,6,30,0
1990,74,2,0,0,0,1,0,0,0,0
1990,66,1,0,0,0,0,479,0,60,0
1990,64,2,0,0,0,0,313,5,40,0
1990,27,2,1,0,0,0,887,4,25,0
1990,66,1,0,0,0,0,505,4,40,0
1990,62,2,0,0,0,0,0,0,0,0
1990,63,1,1,0,0,1,0,0,0,0
1990,32,1,2,0,0,0,379,6,40,0
1990,68,2,3,2,0,0,444,3,15,0
1990,44,1,0,0,0,1,423,6,48,0
1990,26,2,0,0,0,0,423,6,4,0
1990,79,2,0,0,0,0,0,0,0,0
1990,73,1,0,0,0,0,473,0,84,0
1990,72,2,0,0,0,0,473,0,24,0
1990,66,2,3,0,0,0,0,0,0,0
1990,32,1,0,0,0,1,156,5,40,0
1990,29,2,0,0,0,1,337,3,40,0
1990,38,1,0,0,0,0,224,3,40,0
1990,34,2,0,0,0,0,453,5,20,0
1990,50,1,0,0,0,1,549,2,40,0
1990,42,2,0,0,0,0,0,0,0,0
1990,63,1,3,0,0,1,26,1,0,0
1990,50,1,0,0,0,1,5,6,60,0
1990,48,2,0,0,0,1,313,5,42,0
1990,71,2,3,0,0,0,0,0,0,0
1990,29,2,0,0,0,1,848,0,40,0
1990,26,1,0,0,0,1,276,3,0,0
1990,28,2,1,0,0,1,156,5,40,0
1990,53,2,2,0,0,1,687,3,43,0
1990,22,2,1,0,0,1,243,3,40,0
1990,37,1,0,0,0,0,8,3,50,0
1990,34,2,0,0,0,1,159,5,10,0
